Dynamical matrix file
Electron-phonon coefficients for Ca1H6                                     
  2    7   0   5.5613398   0.0000000   0.0000000   0.0000000   0.0000000   0.0000000
Basis vectors
     -0.577350269    0.577350269    0.577350269
      0.577350269   -0.577350269    0.577350269
      0.577350269    0.577350269   -0.577350269
           1  'Ca  '    36528.8623753087     
           2  'H   '    918.681110398939     
    1    1      0.0000000000      0.0000000000      0.0000000000
    2    2      0.2886751346      0.0000000000      0.5773502692
    3    2      0.2886751346      0.5773502692      0.0000000000
    4    2      0.5773502692      0.2886751346      0.0000000000
    5    2      0.0000000000      0.2886751346      0.5773502692
    6    2      0.0000000000      0.5773502692      0.2886751346
    7    2      0.5773502692      0.0000000000      0.2886751346

     Dynamical  Matrix in cartesian axes

     q = (    0.433012700   0.433012700   0.216506400 ) 

    1    1
  0.68995898   0.00000000     0.10673886   0.00000000    -0.00000000   0.00000000
  0.10673886   0.00000000     0.68995898   0.00000000    -0.00000000   0.00000000
 -0.00000000   0.00000000    -0.00000000   0.00000000     0.70438976   0.00000000
    1    2
  0.00599960  -0.00599960     0.06791543  -0.06791546    -0.05130779  -0.05130778
  0.04878162  -0.04878164     0.00351349  -0.00351349    -0.00134947  -0.00134947
 -0.03284019  -0.03284018    -0.00166316  -0.00166316    -0.05112597   0.05112599
    1    3
 -0.00848471  -0.00000000    -0.09604694  -0.00000000     0.00000000  -0.07256017
 -0.06898764  -0.00000000    -0.00496882  -0.00000000     0.00000000  -0.00190844
  0.00000000  -0.04644304     0.00000000  -0.00235206     0.07230305   0.00000000
    1    4
 -0.00496882  -0.00000000    -0.06898764  -0.00000000     0.00000000  -0.00190844
 -0.09604694  -0.00000000    -0.00848471  -0.00000000     0.00000000  -0.07256017
  0.00000000  -0.00235206     0.00000000  -0.04644304     0.07230305   0.00000000
    1    5
  0.00351349  -0.00351349     0.04878162  -0.04878164    -0.00134947  -0.00134947
  0.06791543  -0.06791546     0.00599960  -0.00599960    -0.05130779  -0.05130778
 -0.00166316  -0.00166316    -0.03284019  -0.03284018    -0.05112597   0.05112599
    1    6
  0.00000000   0.00000000     0.00000000   0.00000000     0.03234353  -0.05310250
  0.00000000   0.00000000     0.00000000   0.00000000    -0.06041946  -0.01467880
  0.03273353  -0.07217527    -0.07418173  -0.02788951     0.00000000   0.00000000
    1    7
  0.00000000   0.00000000     0.00000000   0.00000000    -0.06041946  -0.01467880
  0.00000000   0.00000000    -0.00000000   0.00000000     0.03234353  -0.05310250
 -0.07418173  -0.02788951     0.03273353  -0.07217527     0.00000000   0.00000000
    2    1
  0.00599960   0.00599960     0.04878162   0.04878164    -0.03284019   0.03284018
  0.06791543   0.06791546     0.00351349   0.00351349    -0.00166316   0.00166316
 -0.05130779   0.05130778    -0.00134947   0.00134947    -0.05112597  -0.05112599
    2    2
  0.16033016  -0.00000000    -0.00324231   0.00000000     0.00000000   0.00216277
 -0.00324231  -0.00000000     0.13534469   0.00000000    -0.00000000  -0.00088407
 -0.00000000  -0.00216277    -0.00000000   0.00088407     0.14692291  -0.00000000
    2    3
  0.00125588   0.00125588    -0.00305390  -0.00305390    -0.00069759   0.00069759
 -0.00305390  -0.00305390    -0.00120361  -0.00120361     0.00391528  -0.00391528
 -0.00069759   0.00069759     0.00391528  -0.00391528     0.00438487   0.00438487
    2    4
 -0.01047561  -0.01047562    -0.01451912  -0.01451913     0.00374518  -0.00374518
 -0.01344644  -0.01344644    -0.01047561  -0.01047562     0.00788195  -0.00788195
  0.00788195  -0.00788195     0.00374518  -0.00374518    -0.01440971  -0.01440972
    2    5
  0.00507297   0.00000000     0.00609220  -0.00000000     0.00000000  -0.01182214
 -0.01659305   0.00000000     0.00507297  -0.00000000     0.00000000   0.00357602
  0.00000000  -0.00357602     0.00000000   0.01182214    -0.00876205   0.00000000
    2    6
  0.00776361   0.00574327     0.01835271   0.00009881     0.00227450  -0.00283611
  0.01094690  -0.00041393     0.00026264   0.00549965     0.01708482   0.00137816
  0.00907054   0.00855789     0.00932518  -0.00211619     0.01021903   0.00284777
    2    7
  0.00955081   0.00142860     0.01304719   0.01290746     0.00039712  -0.00361375
  0.00744794   0.00803332     0.00407456  -0.00370312    -0.01305529  -0.01110629
 -0.01246518  -0.00036250    -0.00509752  -0.00809027     0.00923963   0.00521227
    3    1
 -0.00848471   0.00000000    -0.06898764   0.00000000     0.00000000   0.04644304
 -0.09604694   0.00000000    -0.00496882   0.00000000     0.00000000   0.00235206
  0.00000000   0.07256017     0.00000000   0.00190844     0.07230305  -0.00000000
    3    2
  0.00125588  -0.00125588    -0.00305390   0.00305390    -0.00069759  -0.00069759
 -0.00305390   0.00305390    -0.00120361   0.00120361     0.00391528   0.00391528
 -0.00069759  -0.00069759     0.00391528   0.00391528     0.00438487  -0.00438487
    3    3
  0.16033016   0.00000000    -0.00324231  -0.00000000    -0.00000000  -0.00216277
 -0.00324231   0.00000000     0.13534469  -0.00000000    -0.00000000   0.00088407
 -0.00000000   0.00216277    -0.00000000  -0.00088407     0.14692291   0.00000000
    3    4
  0.00507297  -0.00000000     0.00609220  -0.00000000     0.00000000   0.01182214
 -0.01659305   0.00000000     0.00507297  -0.00000000    -0.00000000  -0.00357602
  0.00000000   0.00357602    -0.00000000  -0.01182214    -0.00876205   0.00000000
    3    5
 -0.01047561   0.01047562    -0.01451912   0.01451913     0.00374518   0.00374518
 -0.01344644   0.01344644    -0.01047561   0.01047562     0.00788195   0.00788195
  0.00788195   0.00788195     0.00374518   0.00374518    -0.01440971   0.01440972
    3    6
  0.00955081  -0.00142860     0.01304719  -0.01290746     0.00039712   0.00361375
  0.00744794  -0.00803332     0.00407456   0.00370312    -0.01305529   0.01110629
 -0.01246518   0.00036250    -0.00509752   0.00809027     0.00923963  -0.00521227
    3    7
  0.00776361  -0.00574327     0.01835271  -0.00009881     0.00227450   0.00283611
  0.01094690   0.00041393     0.00026264  -0.00549965     0.01708482  -0.00137816
  0.00907054  -0.00855789     0.00932518   0.00211619     0.01021903  -0.00284777
    4    1
 -0.00496882   0.00000000    -0.09604694   0.00000000     0.00000000   0.00235206
 -0.06898764   0.00000000    -0.00848471   0.00000000     0.00000000   0.04644304
  0.00000000   0.00190844     0.00000000   0.07256017     0.07230305  -0.00000000
    4    2
 -0.01047561   0.01047562    -0.01344644   0.01344644     0.00788195   0.00788195
 -0.01451912   0.01451913    -0.01047561   0.01047562     0.00374518   0.00374518
  0.00374518   0.00374518     0.00788195   0.00788195    -0.01440971   0.01440972
    4    3
  0.00507297   0.00000000    -0.01659305  -0.00000000     0.00000000  -0.00357602
  0.00609220   0.00000000     0.00507297  -0.00000000    -0.00000000   0.01182214
  0.00000000  -0.01182214     0.00000000   0.00357602    -0.00876205  -0.00000000
    4    4
  0.13534469   0.00000000    -0.00324231   0.00000000    -0.00000000   0.00088407
 -0.00324231  -0.00000000     0.16033016  -0.00000000    -0.00000000  -0.00216277
 -0.00000000  -0.00088407    -0.00000000   0.00216277     0.14692291  -0.00000000
    4    5
 -0.00120361   0.00120361    -0.00305390   0.00305390     0.00391528   0.00391528
 -0.00305390   0.00305390     0.00125588  -0.00125588    -0.00069759  -0.00069759
  0.00391528   0.00391528    -0.00069759  -0.00069759     0.00438487  -0.00438487
    4    6
  0.00026264  -0.00549965     0.01094690   0.00041393     0.01708482  -0.00137816
  0.01835271  -0.00009881     0.00776361  -0.00574327     0.00227450   0.00283611
  0.00932518   0.00211619     0.00907054  -0.00855789     0.01021903  -0.00284777
    4    7
  0.00407456   0.00370312     0.00744794  -0.00803332    -0.01305529   0.01110629
  0.01304719  -0.01290746     0.00955081  -0.00142860     0.00039712   0.00361375
 -0.00509752   0.00809027    -0.01246518   0.00036250     0.00923963  -0.00521227
    5    1
  0.00351349   0.00351349     0.06791543   0.06791546    -0.00166316   0.00166316
  0.04878162   0.04878164     0.00599960   0.00599960    -0.03284019   0.03284018
 -0.00134947   0.00134947    -0.05130779   0.05130778    -0.05112597  -0.05112599
    5    2
  0.00507297  -0.00000000    -0.01659305   0.00000000     0.00000000   0.00357602
  0.00609220  -0.00000000     0.00507297   0.00000000     0.00000000  -0.01182214
  0.00000000   0.01182214     0.00000000  -0.00357602    -0.00876205   0.00000000
    5    3
 -0.01047561  -0.01047562    -0.01344644  -0.01344644     0.00788195  -0.00788195
 -0.01451912  -0.01451913    -0.01047561  -0.01047562     0.00374518  -0.00374518
  0.00374518  -0.00374518     0.00788195  -0.00788195    -0.01440971  -0.01440972
    5    4
 -0.00120361  -0.00120361    -0.00305390  -0.00305390     0.00391528  -0.00391528
 -0.00305390  -0.00305390     0.00125588   0.00125588    -0.00069759   0.00069759
  0.00391528  -0.00391528    -0.00069759   0.00069759     0.00438487   0.00438487
    5    5
  0.13534469  -0.00000000    -0.00324231  -0.00000000     0.00000000  -0.00088407
 -0.00324231  -0.00000000     0.16033016  -0.00000000    -0.00000000   0.00216277
 -0.00000000   0.00088407    -0.00000000  -0.00216277     0.14692291   0.00000000
    5    6
  0.00407456  -0.00370312     0.00744794   0.00803332    -0.01305529  -0.01110629
  0.01304719   0.01290746     0.00955081   0.00142860     0.00039712  -0.00361375
 -0.00509752  -0.00809027    -0.01246518  -0.00036250     0.00923963   0.00521227
    5    7
  0.00026264   0.00549965     0.01094690  -0.00041393     0.01708482   0.00137816
  0.01835271   0.00009881     0.00776361   0.00574327     0.00227450  -0.00283611
  0.00932518  -0.00211619     0.00907054   0.00855789     0.01021903   0.00284777
    6    1
  0.00000000  -0.00000000     0.00000000  -0.00000000     0.03273353   0.07217527
  0.00000000  -0.00000000     0.00000000  -0.00000000    -0.07418173   0.02788951
  0.03234353   0.05310250    -0.06041946   0.01467880     0.00000000   0.00000000
    6    2
  0.00776361  -0.00574327     0.01094690   0.00041393     0.00907054  -0.00855789
  0.01835271  -0.00009881     0.00026264  -0.00549965     0.00932518   0.00211619
  0.00227450   0.00283611     0.01708482  -0.00137816     0.01021903  -0.00284777
    6    3
  0.00955081   0.00142860     0.00744794   0.00803332    -0.01246518  -0.00036250
  0.01304719   0.01290746     0.00407456  -0.00370312    -0.00509752  -0.00809027
  0.00039712  -0.00361375    -0.01305529  -0.01110629     0.00923963   0.00521227
    6    4
  0.00026264   0.00549965     0.01835271   0.00009881     0.00932518  -0.00211619
  0.01094690  -0.00041393     0.00776361   0.00574327     0.00907054   0.00855789
  0.01708482   0.00137816     0.00227450  -0.00283611     0.01021903   0.00284777
    6    5
  0.00407456   0.00370312     0.01304719  -0.01290746    -0.00509752   0.00809027
  0.00744794  -0.00803332     0.00955081  -0.00142860    -0.01246518   0.00036250
 -0.01305529   0.01110629     0.00039712   0.00361375     0.00923963  -0.00521227
    6    6
  0.14190571   0.00000000     0.00188663   0.00019760    -0.00000000   0.00000000
  0.00188663  -0.00019760     0.14190571   0.00000000    -0.00000000   0.00000000
 -0.00000000   0.00000000    -0.00000000   0.00000000     0.17266952   0.00000000
    6    7
  0.00985772  -0.00058842     0.00431432  -0.00000000     0.00000000   0.00000000
  0.00431432   0.00000000     0.00985772   0.00058842     0.00000000   0.00000000
  0.00000000   0.00000000     0.00000000   0.00000000    -0.06187154   0.00000000
    7    1
  0.00000000   0.00000000     0.00000000  -0.00000000    -0.07418173   0.02788951
  0.00000000   0.00000000    -0.00000000  -0.00000000     0.03273353   0.07217527
 -0.06041946   0.01467880     0.03234353   0.05310250     0.00000000   0.00000000
    7    2
  0.00955081  -0.00142860     0.00744794  -0.00803332    -0.01246518   0.00036250
  0.01304719  -0.01290746     0.00407456   0.00370312    -0.00509752   0.00809027
  0.00039712   0.00361375    -0.01305529   0.01110629     0.00923963  -0.00521227
    7    3
  0.00776361   0.00574327     0.01094690  -0.00041393     0.00907054   0.00855789
  0.01835271   0.00009881     0.00026264   0.00549965     0.00932518  -0.00211619
  0.00227450  -0.00283611     0.01708482   0.00137816     0.01021903   0.00284777
    7    4
  0.00407456  -0.00370312     0.01304719   0.01290746    -0.00509752  -0.00809027
  0.00744794   0.00803332     0.00955081   0.00142860    -0.01246518  -0.00036250
 -0.01305529  -0.01110629     0.00039712  -0.00361375     0.00923963   0.00521227
    7    5
  0.00026264  -0.00549965     0.01835271  -0.00009881     0.00932518   0.00211619
  0.01094690   0.00041393     0.00776361  -0.00574327     0.00907054  -0.00855789
  0.01708482  -0.00137816     0.00227450   0.00283611     0.01021903  -0.00284777
    7    6
  0.00985772   0.00058842     0.00431432   0.00000000     0.00000000   0.00000000
  0.00431432  -0.00000000     0.00985772  -0.00058842     0.00000000   0.00000000
  0.00000000  -0.00000000     0.00000000  -0.00000000    -0.06187154   0.00000000
    7    7
  0.14190571   0.00000000     0.00188663  -0.00019760    -0.00000000   0.00000000
  0.00188663   0.00019760     0.14190571  -0.00000000    -0.00000000   0.00000000
 -0.00000000   0.00000000    -0.00000000   0.00000000     0.17266952   0.00000000

     Dynamical  Matrix in cartesian axes

     q = (    0.433012700   0.433012700  -0.216506400 ) 

    1    1
  0.68995898   0.00000000     0.10673886   0.00000000    -0.00000000   0.00000000
  0.10673886   0.00000000     0.68995898   0.00000000    -0.00000000   0.00000000
 -0.00000000   0.00000000    -0.00000000   0.00000000     0.70438976   0.00000000
    1    2
  0.00599960   0.00599960     0.06791543   0.06791546    -0.05130779   0.05130778
  0.04878162   0.04878164     0.00351349   0.00351349    -0.00134947   0.00134947
 -0.03284019   0.03284018    -0.00166316   0.00166316    -0.05112597  -0.05112599
    1    3
 -0.00848471  -0.00000000    -0.09604694  -0.00000000    -0.00000000   0.07256017
 -0.06898764  -0.00000000    -0.00496882  -0.00000000    -0.00000000   0.00190844
 -0.00000000   0.04644304    -0.00000000   0.00235206     0.07230305   0.00000000
    1    4
 -0.00496882  -0.00000000    -0.06898764  -0.00000000    -0.00000000   0.00190844
 -0.09604694  -0.00000000    -0.00848471  -0.00000000    -0.00000000   0.07256017
 -0.00000000   0.00235206    -0.00000000   0.04644304     0.07230305   0.00000000
    1    5
  0.00351349   0.00351349     0.04878162   0.04878164    -0.00134947   0.00134947
  0.06791543   0.06791546     0.00599960   0.00599960    -0.05130779   0.05130778
 -0.00166316   0.00166316    -0.03284019   0.03284018    -0.05112597  -0.05112599
    1    6
 -0.00000000  -0.00000000     0.00000000  -0.00000000     0.03234353   0.05310250
  0.00000000  -0.00000000     0.00000000   0.00000000    -0.06041946   0.01467880
  0.03273353   0.07217528    -0.07418173   0.02788951     0.00000000   0.00000000
    1    7
  0.00000000  -0.00000000     0.00000000  -0.00000000    -0.06041946   0.01467880
  0.00000000  -0.00000000     0.00000000  -0.00000000     0.03234353   0.05310250
 -0.07418173   0.02788951     0.03273353   0.07217528     0.00000000   0.00000000
    2    1
  0.00599960  -0.00599960     0.04878162  -0.04878164    -0.03284019  -0.03284018
  0.06791543  -0.06791546     0.00351349  -0.00351349    -0.00166316  -0.00166316
 -0.05130779  -0.05130778    -0.00134947  -0.00134947    -0.05112597   0.05112599
    2    2
  0.16033016   0.00000000    -0.00324231  -0.00000000    -0.00000000  -0.00216277
 -0.00324231   0.00000000     0.13534469  -0.00000000    -0.00000000   0.00088407
 -0.00000000   0.00216277    -0.00000000  -0.00088407     0.14692291   0.00000000
    2    3
  0.00125588  -0.00125588    -0.00305390   0.00305390    -0.00069759  -0.00069759
 -0.00305390   0.00305390    -0.00120361   0.00120361     0.00391528   0.00391528
 -0.00069759  -0.00069759     0.00391528   0.00391528     0.00438487  -0.00438487
    2    4
 -0.01047561   0.01047562    -0.01451912   0.01451913     0.00374518   0.00374518
 -0.01344644   0.01344644    -0.01047561   0.01047562     0.00788195   0.00788195
  0.00788195   0.00788195     0.00374518   0.00374518    -0.01440971   0.01440972
    2    5
  0.00507297  -0.00000000     0.00609220  -0.00000000     0.00000000   0.01182214
 -0.01659305  -0.00000000     0.00507297   0.00000000     0.00000000  -0.00357602
  0.00000000   0.00357602     0.00000000  -0.01182214    -0.00876205   0.00000000
    2    6
  0.00776361  -0.00574327     0.01835271  -0.00009881     0.00227450   0.00283611
  0.01094690   0.00041393     0.00026264  -0.00549965     0.01708482  -0.00137816
  0.00907054  -0.00855789     0.00932518   0.00211619     0.01021903  -0.00284777
    2    7
  0.00955081  -0.00142860     0.01304719  -0.01290746     0.00039712   0.00361375
  0.00744794  -0.00803332     0.00407456   0.00370312    -0.01305529   0.01110629
 -0.01246518   0.00036250    -0.00509752   0.00809027     0.00923963  -0.00521227
    3    1
 -0.00848471   0.00000000    -0.06898764   0.00000000    -0.00000000  -0.04644304
 -0.09604694   0.00000000    -0.00496882   0.00000000    -0.00000000  -0.00235206
 -0.00000000  -0.07256017    -0.00000000  -0.00190844     0.07230305  -0.00000000
    3    2
  0.00125588   0.00125588    -0.00305390  -0.00305390    -0.00069759   0.00069759
 -0.00305390  -0.00305390    -0.00120361  -0.00120361     0.00391528  -0.00391528
 -0.00069759   0.00069759     0.00391528  -0.00391528     0.00438487   0.00438487
    3    3
  0.16033016  -0.00000000    -0.00324231   0.00000000    -0.00000000   0.00216277
 -0.00324231  -0.00000000     0.13534469   0.00000000    -0.00000000  -0.00088407
 -0.00000000  -0.00216277    -0.00000000   0.00088407     0.14692291  -0.00000000
    3    4
  0.00507297   0.00000000     0.00609220  -0.00000000     0.00000000  -0.01182214
 -0.01659305  -0.00000000     0.00507297   0.00000000     0.00000000   0.00357602
  0.00000000  -0.00357602     0.00000000   0.01182214    -0.00876205   0.00000000
    3    5
 -0.01047561  -0.01047562    -0.01451912  -0.01451913     0.00374518  -0.00374518
 -0.01344644  -0.01344644    -0.01047561  -0.01047562     0.00788195  -0.00788195
  0.00788195  -0.00788195     0.00374518  -0.00374518    -0.01440971  -0.01440972
    3    6
  0.00955081   0.00142860     0.01304719   0.01290746     0.00039712  -0.00361375
  0.00744794   0.00803332     0.00407456  -0.00370312    -0.01305529  -0.01110629
 -0.01246518  -0.00036250    -0.00509752  -0.00809027     0.00923963   0.00521227
    3    7
  0.00776361   0.00574327     0.01835271   0.00009881     0.00227450  -0.00283611
  0.01094690  -0.00041393     0.00026264   0.00549965     0.01708482   0.00137816
  0.00907054   0.00855789     0.00932518  -0.00211619     0.01021903   0.00284777
    4    1
 -0.00496882   0.00000000    -0.09604694   0.00000000    -0.00000000  -0.00235206
 -0.06898764   0.00000000    -0.00848471   0.00000000    -0.00000000  -0.04644304
 -0.00000000  -0.00190844    -0.00000000  -0.07256017     0.07230305  -0.00000000
    4    2
 -0.01047561  -0.01047562    -0.01344644  -0.01344644     0.00788195  -0.00788195
 -0.01451912  -0.01451913    -0.01047561  -0.01047562     0.00374518  -0.00374518
  0.00374518  -0.00374518     0.00788195  -0.00788195    -0.01440971  -0.01440972
    4    3
  0.00507297  -0.00000000    -0.01659305   0.00000000     0.00000000   0.00357602
  0.00609220  -0.00000000     0.00507297   0.00000000     0.00000000  -0.01182214
  0.00000000   0.01182214     0.00000000  -0.00357602    -0.00876205  -0.00000000
    4    4
  0.13534469   0.00000000    -0.00324231  -0.00000000    -0.00000000  -0.00088407
 -0.00324231   0.00000000     0.16033016   0.00000000    -0.00000000   0.00216277
 -0.00000000   0.00088407    -0.00000000  -0.00216277     0.14692291   0.00000000
    4    5
 -0.00120361  -0.00120361    -0.00305390  -0.00305390     0.00391528  -0.00391528
 -0.00305390  -0.00305390     0.00125588   0.00125588    -0.00069759   0.00069759
  0.00391528  -0.00391528    -0.00069759   0.00069759     0.00438487   0.00438487
    4    6
  0.00026264   0.00549965     0.01094690  -0.00041393     0.01708482   0.00137816
  0.01835271   0.00009881     0.00776361   0.00574327     0.00227450  -0.00283611
  0.00932518  -0.00211619     0.00907054   0.00855789     0.01021903   0.00284777
    4    7
  0.00407456  -0.00370312     0.00744794   0.00803332    -0.01305529  -0.01110629
  0.01304719   0.01290746     0.00955081   0.00142860     0.00039712  -0.00361375
 -0.00509752  -0.00809027    -0.01246518  -0.00036250     0.00923963   0.00521227
    5    1
  0.00351349  -0.00351349     0.06791543  -0.06791546    -0.00166316  -0.00166316
  0.04878162  -0.04878164     0.00599960  -0.00599960    -0.03284019  -0.03284018
 -0.00134947  -0.00134947    -0.05130779  -0.05130778    -0.05112597   0.05112599
    5    2
  0.00507297   0.00000000    -0.01659305  -0.00000000     0.00000000  -0.00357602
  0.00609220  -0.00000000     0.00507297  -0.00000000     0.00000000   0.01182214
  0.00000000  -0.01182214     0.00000000   0.00357602    -0.00876205   0.00000000
    5    3
 -0.01047561   0.01047562    -0.01344644   0.01344644     0.00788195   0.00788195
 -0.01451912   0.01451913    -0.01047561   0.01047562     0.00374518   0.00374518
  0.00374518   0.00374518     0.00788195   0.00788195    -0.01440971   0.01440972
    5    4
 -0.00120361   0.00120361    -0.00305390   0.00305390     0.00391528   0.00391528
 -0.00305390   0.00305390     0.00125588  -0.00125588    -0.00069759  -0.00069759
  0.00391528   0.00391528    -0.00069759  -0.00069759     0.00438487  -0.00438487
    5    5
  0.13534469  -0.00000000    -0.00324231   0.00000000    -0.00000000   0.00088407
 -0.00324231   0.00000000     0.16033016   0.00000000    -0.00000000  -0.00216277
 -0.00000000  -0.00088407    -0.00000000   0.00216277     0.14692291  -0.00000000
    5    6
  0.00407456   0.00370312     0.00744794  -0.00803332    -0.01305529   0.01110629
  0.01304719  -0.01290746     0.00955081  -0.00142860     0.00039712   0.00361375
 -0.00509752   0.00809027    -0.01246518   0.00036250     0.00923963  -0.00521227
    5    7
  0.00026264  -0.00549965     0.01094690   0.00041393     0.01708482  -0.00137816
  0.01835271  -0.00009881     0.00776361  -0.00574327     0.00227450   0.00283611
  0.00932518   0.00211619     0.00907054  -0.00855789     0.01021903  -0.00284777
    6    1
  0.00000000   0.00000000     0.00000000   0.00000000     0.03273353  -0.07217528
  0.00000000   0.00000000     0.00000000   0.00000000    -0.07418173  -0.02788951
  0.03234353  -0.05310250    -0.06041946  -0.01467880     0.00000000   0.00000000
    6    2
  0.00776361   0.00574327     0.01094690  -0.00041393     0.00907054   0.00855789
  0.01835271   0.00009881     0.00026264   0.00549965     0.00932518  -0.00211619
  0.00227450  -0.00283611     0.01708482   0.00137816     0.01021903   0.00284777
    6    3
  0.00955081  -0.00142860     0.00744794  -0.00803332    -0.01246518   0.00036250
  0.01304719  -0.01290746     0.00407456   0.00370312    -0.00509752   0.00809027
  0.00039712   0.00361375    -0.01305529   0.01110629     0.00923963  -0.00521227
    6    4
  0.00026264  -0.00549965     0.01835271  -0.00009881     0.00932518   0.00211619
  0.01094690   0.00041393     0.00776361  -0.00574327     0.00907054  -0.00855789
  0.01708482  -0.00137816     0.00227450   0.00283611     0.01021903  -0.00284777
    6    5
  0.00407456  -0.00370312     0.01304719   0.01290746    -0.00509752  -0.00809027
  0.00744794   0.00803332     0.00955081   0.00142860    -0.01246518  -0.00036250
 -0.01305529  -0.01110629     0.00039712  -0.00361375     0.00923963   0.00521227
    6    6
  0.14190571   0.00000000     0.00188663  -0.00019760    -0.00000000   0.00000000
  0.00188663   0.00019760     0.14190571  -0.00000000    -0.00000000   0.00000000
 -0.00000000   0.00000000    -0.00000000   0.00000000     0.17266952   0.00000000
    6    7
  0.00985772   0.00058842     0.00431432   0.00000000     0.00000000   0.00000000
  0.00431432  -0.00000000     0.00985772  -0.00058842     0.00000000   0.00000000
  0.00000000   0.00000000     0.00000000   0.00000000    -0.06187154   0.00000000
    7    1
  0.00000000  -0.00000000     0.00000000   0.00000000    -0.07418173  -0.02788951
  0.00000000   0.00000000     0.00000000   0.00000000     0.03273353  -0.07217528
 -0.06041946  -0.01467880     0.03234353  -0.05310250    -0.00000000   0.00000000
    7    2
  0.00955081   0.00142860     0.00744794   0.00803332    -0.01246518  -0.00036250
  0.01304719   0.01290746     0.00407456  -0.00370312    -0.00509752  -0.00809027
  0.00039712  -0.00361375    -0.01305529  -0.01110629     0.00923963   0.00521227
    7    3
  0.00776361  -0.00574327     0.01094690   0.00041393     0.00907054  -0.00855789
  0.01835271  -0.00009881     0.00026264  -0.00549965     0.00932518   0.00211619
  0.00227450   0.00283611     0.01708482  -0.00137816     0.01021903  -0.00284777
    7    4
  0.00407456   0.00370312     0.01304719  -0.01290746    -0.00509752   0.00809027
  0.00744794  -0.00803332     0.00955081  -0.00142860    -0.01246518   0.00036250
 -0.01305529   0.01110629     0.00039712   0.00361375     0.00923963  -0.00521227
    7    5
  0.00026264   0.00549965     0.01835271   0.00009881     0.00932518  -0.00211619
  0.01094690  -0.00041393     0.00776361   0.00574327     0.00907054   0.00855789
  0.01708482   0.00137816     0.00227450  -0.00283611     0.01021903   0.00284777
    7    6
  0.00985772  -0.00058842     0.00431432  -0.00000000     0.00000000  -0.00000000
  0.00431432   0.00000000     0.00985772   0.00058842     0.00000000  -0.00000000
  0.00000000   0.00000000     0.00000000   0.00000000    -0.06187154   0.00000000
    7    7
  0.14190571   0.00000000     0.00188663   0.00019760    -0.00000000   0.00000000
  0.00188663  -0.00019760     0.14190571   0.00000000    -0.00000000   0.00000000
 -0.00000000   0.00000000    -0.00000000   0.00000000     0.17266952   0.00000000

     Dynamical  Matrix in cartesian axes

     q = (    0.433012700  -0.433012700   0.216506400 ) 

    1    1
  0.68995898   0.00000000    -0.10673886   0.00000000    -0.00000000   0.00000000
 -0.10673886   0.00000000     0.68995898   0.00000000    -0.00000000   0.00000000
 -0.00000000   0.00000000    -0.00000000   0.00000000     0.70438976   0.00000000
    1    2
  0.00599960  -0.00599960    -0.06791543   0.06791546    -0.05130779  -0.05130778
 -0.04878162   0.04878164     0.00351349  -0.00351349     0.00134947   0.00134947
 -0.03284019  -0.03284018     0.00166316   0.00166316    -0.05112597   0.05112599
    1    3
  0.00848471  -0.00000000    -0.09604694   0.00000000     0.00000000   0.07256017
 -0.06898764   0.00000000     0.00496882  -0.00000000    -0.00000000  -0.00190844
  0.00000000   0.04644304    -0.00000000  -0.00235206    -0.07230305   0.00000000
    1    4
  0.00496882   0.00000000    -0.06898764  -0.00000000     0.00000000  -0.00190844
 -0.09604694  -0.00000000     0.00848471   0.00000000    -0.00000000   0.07256017
  0.00000000  -0.00235206    -0.00000000   0.04644304    -0.07230305  -0.00000000
    1    5
  0.00351349  -0.00351349    -0.04878162   0.04878164     0.00134947   0.00134947
 -0.06791543   0.06791546     0.00599960  -0.00599960    -0.05130779  -0.05130778
  0.00166316   0.00166316    -0.03284019  -0.03284018    -0.05112597   0.05112599
    1    6
  0.00000000  -0.00000000     0.00000000   0.00000000    -0.03234353   0.05310250
  0.00000000  -0.00000000     0.00000000   0.00000000    -0.06041946  -0.01467880
 -0.03273353   0.07217528    -0.07418173  -0.02788951     0.00000000   0.00000000
    1    7
  0.00000000   0.00000000     0.00000000  -0.00000000    -0.06041946  -0.01467880
  0.00000000   0.00000000     0.00000000  -0.00000000    -0.03234353   0.05310250
 -0.07418173  -0.02788951    -0.03273353   0.07217527     0.00000000   0.00000000
    2    1
  0.00599960   0.00599960    -0.04878162  -0.04878164    -0.03284019   0.03284018
 -0.06791543  -0.06791546     0.00351349   0.00351349     0.00166316  -0.00166316
 -0.05130779   0.05130778     0.00134947  -0.00134947    -0.05112597  -0.05112599
    2    2
  0.16033016   0.00000000     0.00324231   0.00000000    -0.00000000   0.00216277
  0.00324231   0.00000000     0.13534469   0.00000000    -0.00000000   0.00088407
 -0.00000000  -0.00216277    -0.00000000  -0.00088407     0.14692291  -0.00000000
    2    3
 -0.00125588  -0.00125588    -0.00305390  -0.00305390     0.00069759  -0.00069759
 -0.00305390  -0.00305390     0.00120361   0.00120361     0.00391528  -0.00391528
  0.00069759  -0.00069759     0.00391528  -0.00391528    -0.00438487  -0.00438487
    2    4
  0.00358713   0.00358714    -0.00430784  -0.00430784     0.00835952  -0.00835952
  0.01173306   0.01173306     0.00358713   0.00358714     0.00252863  -0.00252863
  0.00252863  -0.00252863     0.00835952  -0.00835952    -0.00619571  -0.00619571
    2    5
  0.01481476  -0.00000000    -0.02053315   0.00000000     0.00000000   0.00529649
 -0.01901614   0.00000000     0.01481476  -0.00000000    -0.00000000  -0.01114676
  0.00000000   0.01114676    -0.00000000  -0.00529649     0.02037841  -0.00000000
    2    6
 -0.00776361  -0.00574327     0.01835271   0.00009881    -0.00227450   0.00283611
  0.01094690  -0.00041393    -0.00026264  -0.00549965     0.01708482   0.00137816
 -0.00907054  -0.00855789     0.00932518  -0.00211619    -0.01021903  -0.00284777
    2    7
  0.00955081   0.00142860    -0.01304719  -0.01290746     0.00039712  -0.00361375
 -0.00744794  -0.00803332     0.00407456  -0.00370312     0.01305529   0.01110629
 -0.01246518  -0.00036250     0.00509752   0.00809027     0.00923963   0.00521227
    3    1
  0.00848471   0.00000000    -0.06898764  -0.00000000     0.00000000  -0.04644304
 -0.09604694  -0.00000000     0.00496882   0.00000000    -0.00000000   0.00235206
  0.00000000  -0.07256017    -0.00000000   0.00190844    -0.07230305  -0.00000000
    3    2
 -0.00125588   0.00125588    -0.00305390   0.00305390     0.00069759   0.00069759
 -0.00305390   0.00305390     0.00120361  -0.00120361     0.00391528   0.00391528
  0.00069759   0.00069759     0.00391528   0.00391528    -0.00438487   0.00438487
    3    3
  0.16033016  -0.00000000     0.00324231  -0.00000000    -0.00000000  -0.00216277
  0.00324231  -0.00000000     0.13534469  -0.00000000    -0.00000000  -0.00088407
 -0.00000000   0.00216277    -0.00000000   0.00088407     0.14692291   0.00000000
    3    4
  0.01481476   0.00000000    -0.02053315  -0.00000000     0.00000000  -0.00529649
 -0.01901614  -0.00000000     0.01481476   0.00000000    -0.00000000   0.01114676
  0.00000000  -0.01114676    -0.00000000   0.00529649     0.02037841   0.00000000
    3    5
  0.00358713  -0.00358714    -0.00430784   0.00430784     0.00835952   0.00835952
  0.01173306  -0.01173306     0.00358713  -0.00358714     0.00252863   0.00252863
  0.00252863   0.00252863     0.00835952   0.00835952    -0.00619571   0.00619571
    3    6
  0.00955081  -0.00142860    -0.01304719   0.01290746     0.00039712   0.00361375
 -0.00744794   0.00803332     0.00407456   0.00370312     0.01305529  -0.01110629
 -0.01246518   0.00036250     0.00509752  -0.00809027     0.00923963  -0.00521227
    3    7
 -0.00776361   0.00574327     0.01835271  -0.00009881    -0.00227450  -0.00283611
  0.01094690   0.00041393    -0.00026264   0.00549965     0.01708482  -0.00137816
 -0.00907054   0.00855789     0.00932518   0.00211619    -0.01021903   0.00284777
    4    1
  0.00496882  -0.00000000    -0.09604694   0.00000000     0.00000000   0.00235206
 -0.06898764   0.00000000     0.00848471  -0.00000000    -0.00000000  -0.04644304
  0.00000000   0.00190844    -0.00000000  -0.07256017    -0.07230305   0.00000000
    4    2
  0.00358713  -0.00358714     0.01173306  -0.01173306     0.00252863   0.00252863
 -0.00430784   0.00430784     0.00358713  -0.00358714     0.00835952   0.00835952
  0.00835952   0.00835952     0.00252863   0.00252863    -0.00619571   0.00619571
    4    3
  0.01481476  -0.00000000    -0.01901614   0.00000000     0.00000000   0.01114676
 -0.02053315   0.00000000     0.01481476  -0.00000000    -0.00000000  -0.00529649
  0.00000000   0.00529649    -0.00000000  -0.01114676     0.02037841  -0.00000000
    4    4
  0.13534469  -0.00000000     0.00324231   0.00000000    -0.00000000  -0.00088407
  0.00324231   0.00000000     0.16033016   0.00000000    -0.00000000  -0.00216277
 -0.00000000   0.00088407    -0.00000000   0.00216277     0.14692291   0.00000000
    4    5
  0.00120361  -0.00120361    -0.00305390   0.00305390     0.00391528   0.00391528
 -0.00305390   0.00305390    -0.00125588   0.00125588     0.00069759   0.00069759
  0.00391528   0.00391528     0.00069759   0.00069759    -0.00438487   0.00438487
    4    6
 -0.00026264   0.00549965     0.01094690   0.00041393     0.01708482  -0.00137816
  0.01835271  -0.00009881    -0.00776361   0.00574327    -0.00227450  -0.00283611
  0.00932518   0.00211619    -0.00907054   0.00855789    -0.01021903   0.00284777
    4    7
  0.00407456   0.00370312    -0.00744794   0.00803332     0.01305529  -0.01110629
 -0.01304719   0.01290746     0.00955081  -0.00142860     0.00039712   0.00361375
  0.00509752  -0.00809027    -0.01246518   0.00036250     0.00923963  -0.00521227
    5    1
  0.00351349   0.00351349    -0.06791543  -0.06791546     0.00166316  -0.00166316
 -0.04878162  -0.04878164     0.00599960   0.00599960    -0.03284019   0.03284018
  0.00134947  -0.00134947    -0.05130779   0.05130778    -0.05112597  -0.05112599
    5    2
  0.01481476   0.00000000    -0.01901614  -0.00000000     0.00000000  -0.01114676
 -0.02053315  -0.00000000     0.01481476   0.00000000    -0.00000000   0.00529649
  0.00000000  -0.00529649    -0.00000000   0.01114676     0.02037841   0.00000000
    5    3
  0.00358713   0.00358714     0.01173306   0.01173306     0.00252863  -0.00252863
 -0.00430784  -0.00430784     0.00358713   0.00358714     0.00835952  -0.00835952
  0.00835952  -0.00835952     0.00252863  -0.00252863    -0.00619571  -0.00619571
    5    4
  0.00120361   0.00120361    -0.00305390  -0.00305390     0.00391528  -0.00391528
 -0.00305390  -0.00305390    -0.00125588  -0.00125588     0.00069759  -0.00069759
  0.00391528  -0.00391528     0.00069759  -0.00069759    -0.00438487  -0.00438487
    5    5
  0.13534469   0.00000000     0.00324231   0.00000000    -0.00000000   0.00088407
  0.00324231  -0.00000000     0.16033016  -0.00000000    -0.00000000   0.00216277
 -0.00000000  -0.00088407    -0.00000000  -0.00216277     0.14692291  -0.00000000
    5    6
  0.00407456  -0.00370312    -0.00744794  -0.00803332     0.01305529   0.01110629
 -0.01304719  -0.01290746     0.00955081   0.00142860     0.00039712  -0.00361375
  0.00509752   0.00809027    -0.01246518  -0.00036250     0.00923963   0.00521227
    5    7
 -0.00026264  -0.00549965     0.01094690  -0.00041393     0.01708482   0.00137816
  0.01835271   0.00009881    -0.00776361  -0.00574327    -0.00227450   0.00283611
  0.00932518  -0.00211619    -0.00907054  -0.00855789    -0.01021903  -0.00284777
    6    1
  0.00000000   0.00000000     0.00000000   0.00000000    -0.03273353  -0.07217528
  0.00000000   0.00000000     0.00000000   0.00000000    -0.07418173   0.02788951
 -0.03234353  -0.05310250    -0.06041946   0.01467880     0.00000000   0.00000000
    6    2
 -0.00776361   0.00574327     0.01094690   0.00041393    -0.00907054   0.00855789
  0.01835271  -0.00009881    -0.00026264   0.00549965     0.00932518   0.00211619
 -0.00227450  -0.00283611     0.01708482  -0.00137816    -0.01021903   0.00284777
    6    3
  0.00955081   0.00142860    -0.00744794  -0.00803332    -0.01246518  -0.00036250
 -0.01304719  -0.01290746     0.00407456  -0.00370312     0.00509752   0.00809027
  0.00039712  -0.00361375     0.01305529   0.01110629     0.00923963   0.00521227
    6    4
 -0.00026264  -0.00549965     0.01835271   0.00009881     0.00932518  -0.00211619
  0.01094690  -0.00041393    -0.00776361  -0.00574327    -0.00907054  -0.00855789
  0.01708482   0.00137816    -0.00227450   0.00283611    -0.01021903  -0.00284777
    6    5
  0.00407456   0.00370312    -0.01304719   0.01290746     0.00509752  -0.00809027
 -0.00744794   0.00803332     0.00955081  -0.00142860    -0.01246518   0.00036250
  0.01305529  -0.01110629     0.00039712   0.00361375     0.00923963  -0.00521227
    6    6
  0.14190571   0.00000000    -0.00188663  -0.00019760    -0.00000000   0.00000000
 -0.00188663   0.00019760     0.14190571  -0.00000000    -0.00000000   0.00000000
 -0.00000000   0.00000000    -0.00000000   0.00000000     0.17266952   0.00000000
    6    7
 -0.00985772   0.00058842     0.00431432   0.00000000    -0.00000000   0.00000000
  0.00431432   0.00000000    -0.00985772  -0.00058842    -0.00000000   0.00000000
 -0.00000000   0.00000000    -0.00000000   0.00000000     0.06187154   0.00000000
    7    1
  0.00000000  -0.00000000     0.00000000   0.00000000    -0.07418173   0.02788951
  0.00000000   0.00000000    -0.00000000   0.00000000    -0.03273353  -0.07217527
 -0.06041946   0.01467880    -0.03234353  -0.05310250     0.00000000   0.00000000
    7    2
  0.00955081  -0.00142860    -0.00744794   0.00803332    -0.01246518   0.00036250
 -0.01304719   0.01290746     0.00407456   0.00370312     0.00509752  -0.00809027
  0.00039712   0.00361375     0.01305529  -0.01110629     0.00923963  -0.00521227
    7    3
 -0.00776361  -0.00574327     0.01094690  -0.00041393    -0.00907054  -0.00855789
  0.01835271   0.00009881    -0.00026264  -0.00549965     0.00932518  -0.00211619
 -0.00227450   0.00283611     0.01708482   0.00137816    -0.01021903  -0.00284777
    7    4
  0.00407456  -0.00370312    -0.01304719  -0.01290746     0.00509752   0.00809027
 -0.00744794  -0.00803332     0.00955081   0.00142860    -0.01246518  -0.00036250
  0.01305529   0.01110629     0.00039712  -0.00361375     0.00923963   0.00521227
    7    5
 -0.00026264   0.00549965     0.01835271  -0.00009881     0.00932518   0.00211619
  0.01094690   0.00041393    -0.00776361   0.00574327    -0.00907054   0.00855789
  0.01708482  -0.00137816    -0.00227450  -0.00283611    -0.01021903   0.00284777
    7    6
 -0.00985772  -0.00058842     0.00431432  -0.00000000    -0.00000000   0.00000000
  0.00431432  -0.00000000    -0.00985772   0.00058842    -0.00000000   0.00000000
 -0.00000000   0.00000000    -0.00000000   0.00000000     0.06187154  -0.00000000
    7    7
  0.14190571   0.00000000    -0.00188663   0.00019760    -0.00000000   0.00000000
 -0.00188663  -0.00019760     0.14190571   0.00000000    -0.00000000   0.00000000
 -0.00000000   0.00000000    -0.00000000   0.00000000     0.17266952   0.00000000

     Dynamical  Matrix in cartesian axes

     q = (    0.216506400  -0.433012700   0.433012700 ) 

    1    1
  0.70438976   0.00000000     0.00000000   0.00000000    -0.00000000   0.00000000
  0.00000000   0.00000000     0.68995898   0.00000000    -0.10673886   0.00000000
 -0.00000000   0.00000000    -0.10673886   0.00000000     0.68995898   0.00000000
    1    2
  0.00000000   0.00000000    -0.03273353   0.07217527    -0.07418173  -0.02788951
 -0.03234353   0.05310250     0.00000000   0.00000000    -0.00000000   0.00000000
 -0.06041946  -0.01467880    -0.00000000  -0.00000000    -0.00000000   0.00000000
    1    3
  0.00000000  -0.00000000    -0.07418173  -0.02788951    -0.03273353   0.07217528
 -0.06041946  -0.01467880     0.00000000   0.00000000    -0.00000000  -0.00000000
 -0.03234353   0.05310250    -0.00000000   0.00000000    -0.00000000   0.00000000
    1    4
 -0.05112597   0.05112599    -0.03284019  -0.03284018     0.00166316   0.00166316
