Dynamical matrix file
Electron-phonon coefficients for Ca1H6                                     
  2    7   0   5.5613398   0.0000000   0.0000000   0.0000000   0.0000000   0.0000000
Basis vectors
     -0.577350269    0.577350269    0.577350269
      0.577350269   -0.577350269    0.577350269
      0.577350269    0.577350269   -0.577350269
           1  'Ca  '    36528.8623753087     
           2  'H   '    918.681110398939     
    1    1      0.0000000000      0.0000000000      0.0000000000
    2    2      0.2886751346      0.0000000000      0.5773502692
    3    2      0.2886751346      0.5773502692      0.0000000000
    4    2      0.5773502692      0.2886751346      0.0000000000
    5    2      0.0000000000      0.2886751346      0.5773502692
    6    2      0.0000000000      0.5773502692      0.2886751346
    7    2      0.5773502692      0.0000000000      0.2886751346

     Dynamical  Matrix in cartesian axes

     q = (    0.433012700   0.433012700   0.433012700 ) 

    1    1
  0.71582244   0.00000000    -0.00000000   0.00000000    -0.00000000   0.00000000
 -0.00000000   0.00000000     0.71582244   0.00000000    -0.00000000   0.00000000
 -0.00000000   0.00000000    -0.00000000   0.00000000     0.71582244   0.00000000
    1    2
  0.00000000  -0.00000000     0.00000000  -0.10147551    -0.10147551  -0.00000000
  0.00000000  -0.07736569     0.00000000   0.00000000    -0.00000000   0.00000000
 -0.07736569  -0.00000000     0.00000000   0.00000000     0.00000000   0.00000000
    1    3
  0.00000000   0.00000000    -0.10147551  -0.00000000     0.00000000  -0.10147551
 -0.07736569  -0.00000000     0.00000000   0.00000000     0.00000000   0.00000000
  0.00000000  -0.07736569    -0.00000000   0.00000000    -0.00000000   0.00000000
    1    4
  0.00000000   0.00000000    -0.07736569  -0.00000000    -0.00000000   0.00000000
 -0.10147551  -0.00000000     0.00000000   0.00000000     0.00000000  -0.10147551
 -0.00000000  -0.00000000     0.00000000  -0.07736569    -0.00000000  -0.00000000
    1    5
  0.00000000   0.00000000     0.00000000  -0.07736569    -0.00000000  -0.00000000
  0.00000000  -0.10147551     0.00000000   0.00000000    -0.10147551  -0.00000000
  0.00000000   0.00000000    -0.07736569  -0.00000000     0.00000000   0.00000000
    1    6
  0.00000000   0.00000000     0.00000000   0.00000000     0.00000000  -0.07736569
  0.00000000   0.00000000     0.00000000  -0.00000000    -0.07736569  -0.00000000
  0.00000000  -0.10147551    -0.10147551  -0.00000000    -0.00000000  -0.00000000
    1    7
  0.00000000   0.00000000     0.00000000   0.00000000    -0.07736569  -0.00000000
  0.00000000   0.00000000    -0.00000000   0.00000000     0.00000000  -0.07736569
 -0.10147551  -0.00000000     0.00000000  -0.10147551     0.00000000   0.00000000
    2    1
  0.00000000   0.00000000     0.00000000   0.07736569    -0.07736569   0.00000000
  0.00000000   0.10147551     0.00000000   0.00000000     0.00000000  -0.00000000
 -0.10147551   0.00000000    -0.00000000   0.00000000    -0.00000000   0.00000000
    2    2
  0.15757282   0.00000000     0.00000000  -0.00000000     0.00000000   0.00000000
  0.00000000   0.00000000     0.13914508   0.00000000    -0.00000000  -0.00355237
  0.00000000  -0.00000000    -0.00000000   0.00355237     0.13914508  -0.00000000
    2    3
 -0.00000000   0.00000000    -0.00000000   0.00000000     0.00000000  -0.00000000
 -0.00000000   0.00000000    -0.00000000  -0.00495417     0.00594248  -0.00000000
  0.00000000  -0.00000000     0.00594248  -0.00000000     0.00000000   0.00495417
    2    4
 -0.00000000  -0.00813365    -0.00000000  -0.00907073     0.01829595  -0.00000000
 -0.00000000  -0.01744980    -0.00000000  -0.00813365     0.01079715  -0.00000000
  0.01079715  -0.00000000     0.01829595  -0.00000000    -0.00000000  -0.00950728
    2    5
  0.00813365   0.00000000    -0.00907073   0.00000000    -0.00000000  -0.01829595
 -0.01744980   0.00000000     0.00813365  -0.00000000    -0.00000000   0.01079715
 -0.00000000  -0.01079715    -0.00000000   0.01829595     0.00950728  -0.00000000
    2    6
  0.00000000   0.00813365     0.01829595  -0.00000000     0.00000000   0.00907073
  0.01079715  -0.00000000    -0.00000000   0.00950728     0.01829595  -0.00000000
  0.00000000   0.01744980     0.01079715  -0.00000000     0.00000000   0.00813365
    2    7
  0.00813365   0.00000000    -0.00000000   0.01829595    -0.00907073   0.00000000
  0.00000000   0.01079715     0.00950728   0.00000000    -0.00000000  -0.01829595
 -0.01744980   0.00000000    -0.00000000  -0.01079715     0.00813365   0.00000000
    3    1
  0.00000000  -0.00000000    -0.07736569   0.00000000     0.00000000   0.07736569
 -0.10147551   0.00000000     0.00000000  -0.00000000    -0.00000000  -0.00000000
  0.00000000   0.10147551    -0.00000000  -0.00000000    -0.00000000  -0.00000000
    3    2
 -0.00000000  -0.00000000    -0.00000000  -0.00000000     0.00000000   0.00000000
 -0.00000000  -0.00000000    -0.00000000   0.00495417     0.00594248   0.00000000
  0.00000000   0.00000000     0.00594248   0.00000000     0.00000000  -0.00495417
    3    3
  0.15757282  -0.00000000     0.00000000   0.00000000     0.00000000   0.00000000
  0.00000000  -0.00000000     0.13914508  -0.00000000    -0.00000000   0.00355237
  0.00000000   0.00000000    -0.00000000  -0.00355237     0.13914508   0.00000000
    3    4
  0.00813365  -0.00000000    -0.00907073   0.00000000     0.00000000   0.01829595
 -0.01744980   0.00000000     0.00813365  -0.00000000    -0.00000000  -0.01079715
 -0.00000000   0.01079715    -0.00000000  -0.01829595     0.00950728  -0.00000000
    3    5
  0.00000000   0.00813365    -0.00000000   0.00907073     0.01829595  -0.00000000
  0.00000000   0.01744980    -0.00000000   0.00813365     0.01079715  -0.00000000
  0.01079715  -0.00000000     0.01829595  -0.00000000     0.00000000   0.00950728
    3    6
  0.00813365  -0.00000000    -0.00000000  -0.01829595    -0.00907073  -0.00000000
 -0.00000000  -0.01079715     0.00950728  -0.00000000    -0.00000000   0.01829595
 -0.01744980   0.00000000    -0.00000000   0.01079715     0.00813365   0.00000000
    3    7
  0.00000000  -0.00813365     0.01829595   0.00000000     0.00000000  -0.00907073
  0.01079715   0.00000000    -0.00000000  -0.00950728     0.01829595   0.00000000
  0.00000000  -0.01744980     0.01079715   0.00000000     0.00000000  -0.00813365
    4    1
  0.00000000  -0.00000000    -0.10147551   0.00000000    -0.00000000   0.00000000
 -0.07736569   0.00000000     0.00000000  -0.00000000     0.00000000   0.07736569
 -0.00000000   0.00000000     0.00000000   0.10147551    -0.00000000   0.00000000
    4    2
 -0.00000000   0.00813365    -0.00000000   0.01744980     0.01079715   0.00000000
 -0.00000000   0.00907073    -0.00000000   0.00813365     0.01829595   0.00000000
  0.01829595   0.00000000     0.01079715   0.00000000    -0.00000000   0.00950728
    4    3
  0.00813365   0.00000000    -0.01744980  -0.00000000     0.00000000  -0.01079715
 -0.00907073  -0.00000000     0.00813365  -0.00000000    -0.00000000   0.01829595
  0.00000000  -0.01829595    -0.00000000   0.01079715     0.00950728   0.00000000
    4    4
  0.13914508   0.00000000     0.00000000  -0.00000000     0.00000000   0.00355237
  0.00000000   0.00000000     0.15757282   0.00000000     0.00000000   0.00000000
 -0.00000000  -0.00355237     0.00000000   0.00000000     0.13914508  -0.00000000
    4    5
 -0.00000000   0.00495417    -0.00000000  -0.00000000     0.00594248   0.00000000
 -0.00000000  -0.00000000    -0.00000000  -0.00000000    -0.00000000   0.00000000
  0.00594248   0.00000000     0.00000000   0.00000000     0.00000000  -0.00495417
    4    6
 -0.00000000  -0.00950728     0.01079715   0.00000000     0.01829595   0.00000000
  0.01829595   0.00000000     0.00000000  -0.00813365     0.00000000  -0.00907073
  0.01079715   0.00000000     0.00000000  -0.01744980     0.00000000  -0.00813365
    4    7
  0.00950728  -0.00000000     0.00000000  -0.01079715    -0.00000000   0.01829595
  0.00000000  -0.01829595     0.00813365   0.00000000    -0.00907073   0.00000000
 -0.00000000   0.01079715    -0.01744980  -0.00000000     0.00813365   0.00000000
    5    1
  0.00000000  -0.00000000     0.00000000   0.10147551     0.00000000  -0.00000000
  0.00000000   0.07736569     0.00000000   0.00000000    -0.07736569   0.00000000
  0.00000000  -0.00000000    -0.10147551   0.00000000     0.00000000   0.00000000
    5    2
  0.00813365  -0.00000000    -0.01744980  -0.00000000    -0.00000000   0.01079715
 -0.00907073  -0.00000000     0.00813365   0.00000000     0.00000000  -0.01829595
 -0.00000000   0.01829595     0.00000000  -0.01079715     0.00950728   0.00000000
    5    3
 -0.00000000  -0.00813365    -0.00000000  -0.01744980     0.01079715  -0.00000000
 -0.00000000  -0.00907073     0.00000000  -0.00813365     0.01829595   0.00000000
  0.01829595   0.00000000     0.01079715   0.00000000    -0.00000000  -0.00950728
    5    4
 -0.00000000  -0.00495417    -0.00000000   0.00000000     0.00594248  -0.00000000
 -0.00000000   0.00000000    -0.00000000   0.00000000    -0.00000000  -0.00000000
  0.00594248  -0.00000000     0.00000000  -0.00000000     0.00000000   0.00495417
    5    5
  0.13914508   0.00000000     0.00000000   0.00000000     0.00000000  -0.00355237
  0.00000000  -0.00000000     0.15757282   0.00000000     0.00000000   0.00000000
 -0.00000000   0.00355237     0.00000000   0.00000000     0.13914508   0.00000000
    5    6
  0.00950728   0.00000000     0.00000000   0.01079715    -0.00000000  -0.01829595
  0.00000000   0.01829595     0.00813365  -0.00000000    -0.00907073  -0.00000000
 -0.00000000  -0.01079715    -0.01744980   0.00000000     0.00813365  -0.00000000
    5    7
 -0.00000000   0.00950728     0.01079715  -0.00000000     0.01829595   0.00000000
  0.01829595  -0.00000000     0.00000000   0.00813365    -0.00000000   0.00907073
  0.01079715  -0.00000000     0.00000000   0.01744980    -0.00000000   0.00813365
    6    1
  0.00000000  -0.00000000     0.00000000  -0.00000000     0.00000000   0.10147551
  0.00000000  -0.00000000     0.00000000   0.00000000    -0.10147551   0.00000000
  0.00000000   0.07736569    -0.07736569   0.00000000     0.00000000   0.00000000
    6    2
 -0.00000000  -0.00813365     0.01079715   0.00000000     0.00000000  -0.01744980
  0.01829595   0.00000000    -0.00000000  -0.00950728     0.01079715   0.00000000
  0.00000000  -0.00907073     0.01829595   0.00000000     0.00000000  -0.00813365
    6    3
  0.00813365   0.00000000     0.00000000   0.01079715    -0.01744980   0.00000000
  0.00000000   0.01829595     0.00950728   0.00000000    -0.00000000  -0.01079715
 -0.00907073  -0.00000000    -0.00000000  -0.01829595     0.00813365  -0.00000000
    6    4
 -0.00000000   0.00950728     0.01829595  -0.00000000     0.01079715  -0.00000000
  0.01079715  -0.00000000     0.00000000   0.00813365     0.00000000   0.01744980
  0.01829595  -0.00000000     0.00000000   0.00907073     0.00000000   0.00813365
    6    5
  0.00950728  -0.00000000     0.00000000  -0.01829595    -0.00000000   0.01079715
  0.00000000  -0.01079715     0.00813365  -0.00000000    -0.01744980  -0.00000000
 -0.00000000   0.01829595    -0.00907073  -0.00000000     0.00813365  -0.00000000
    6    6
  0.13914508  -0.00000000     0.00000000  -0.00355237    -0.00000000   0.00000000
  0.00000000   0.00355237     0.13914508  -0.00000000     0.00000000   0.00000000
 -0.00000000   0.00000000     0.00000000   0.00000000     0.15757282   0.00000000
    6    7
  0.00000000  -0.00495417     0.00594248   0.00000000     0.00000000  -0.00000000
  0.00594248   0.00000000    -0.00000000   0.00495417     0.00000000  -0.00000000
  0.00000000   0.00000000     0.00000000  -0.00000000     0.00000000  -0.00000000
    7    1
  0.00000000  -0.00000000     0.00000000  -0.00000000    -0.10147551   0.00000000
  0.00000000  -0.00000000     0.00000000  -0.00000000     0.00000000   0.10147551
 -0.07736569   0.00000000     0.00000000   0.07736569     0.00000000   0.00000000
    7    2
  0.00813365  -0.00000000     0.00000000  -0.01079715    -0.01744980   0.00000000
  0.00000000  -0.01829595     0.00950728  -0.00000000    -0.00000000   0.01079715
 -0.00907073   0.00000000    -0.00000000   0.01829595     0.00813365   0.00000000
    7    3
 -0.00000000   0.00813365     0.01079715  -0.00000000     0.00000000   0.01744980
  0.01829595  -0.00000000    -0.00000000   0.00950728     0.01079715  -0.00000000
  0.00000000   0.00907073     0.01829595  -0.00000000     0.00000000   0.00813365
    7    4
  0.00950728  -0.00000000     0.00000000   0.01829595    -0.00000000  -0.01079715
  0.00000000   0.01079715     0.00813365   0.00000000    -0.01744980   0.00000000
 -0.00000000  -0.01829595    -0.00907073   0.00000000     0.00813365  -0.00000000
    7    5
 -0.00000000  -0.00950728     0.01829595  -0.00000000     0.01079715   0.00000000
  0.01079715   0.00000000    -0.00000000  -0.00813365    -0.00000000  -0.01744980
  0.01829595  -0.00000000    -0.00000000  -0.00907073     0.00000000  -0.00813365
    7    6
  0.00000000   0.00495417     0.00594248  -0.00000000     0.00000000   0.00000000
  0.00594248  -0.00000000    -0.00000000  -0.00495417     0.00000000   0.00000000
  0.00000000   0.00000000     0.00000000   0.00000000     0.00000000   0.00000000
    7    7
  0.13914508   0.00000000     0.00000000   0.00355237    -0.00000000   0.00000000
  0.00000000  -0.00355237     0.13914508   0.00000000     0.00000000   0.00000000
 -0.00000000   0.00000000     0.00000000   0.00000000     0.15757282  -0.00000000

     Dynamical  Matrix in cartesian axes

     q = (   -0.433012700  -0.433012700  -0.433012700 ) 

    1    1
  0.71582244   0.00000000    -0.00000000   0.00000000    -0.00000000   0.00000000
 -0.00000000   0.00000000     0.71582244   0.00000000    -0.00000000   0.00000000
 -0.00000000   0.00000000    -0.00000000   0.00000000     0.71582244   0.00000000
    1    2
  0.00000000   0.00000000     0.00000000   0.10147551    -0.10147551   0.00000000
  0.00000000   0.07736569     0.00000000   0.00000000     0.00000000   0.00000000
 -0.07736569   0.00000000     0.00000000   0.00000000     0.00000000   0.00000000
    1    3
  0.00000000  -0.00000000    -0.10147551   0.00000000     0.00000000   0.10147551
 -0.07736569   0.00000000     0.00000000  -0.00000000    -0.00000000   0.00000000
  0.00000000   0.07736569     0.00000000   0.00000000    -0.00000000   0.00000000
    1    4
  0.00000000  -0.00000000    -0.07736569  -0.00000000    -0.00000000   0.00000000
 -0.10147551  -0.00000000     0.00000000  -0.00000000    -0.00000000   0.10147551
 -0.00000000   0.00000000    -0.00000000   0.07736569    -0.00000000   0.00000000
    1    5
  0.00000000  -0.00000000     0.00000000   0.07736569     0.00000000  -0.00000000
  0.00000000   0.10147551     0.00000000  -0.00000000    -0.10147551   0.00000000
  0.00000000  -0.00000000    -0.07736569   0.00000000     0.00000000   0.00000000
    1    6
  0.00000000  -0.00000000     0.00000000  -0.00000000     0.00000000   0.07736569
  0.00000000  -0.00000000     0.00000000  -0.00000000    -0.07736569  -0.00000000
  0.00000000   0.10147551    -0.10147551   0.00000000    -0.00000000   0.00000000
    1    7
  0.00000000  -0.00000000     0.00000000  -0.00000000    -0.07736569   0.00000000
  0.00000000  -0.00000000     0.00000000  -0.00000000     0.00000000   0.07736569
 -0.10147551   0.00000000     0.00000000   0.10147551     0.00000000   0.00000000
    2    1
  0.00000000   0.00000000     0.00000000  -0.07736569    -0.07736569  -0.00000000
  0.00000000  -0.10147551     0.00000000  -0.00000000     0.00000000  -0.00000000
 -0.10147551  -0.00000000     0.00000000  -0.00000000     0.00000000   0.00000000
    2    2
  0.15757282   0.00000000     0.00000000   0.00000000     0.00000000   0.00000000
  0.00000000  -0.00000000     0.13914508   0.00000000     0.00000000   0.00355237
  0.00000000   0.00000000     0.00000000  -0.00355237     0.13914508   0.00000000
    2    3
 -0.00000000  -0.00000000    -0.00000000  -0.00000000     0.00000000   0.00000000
 -0.00000000  -0.00000000    -0.00000000   0.00495417     0.00594248   0.00000000
 -0.00000000   0.00000000     0.00594248   0.00000000     0.00000000  -0.00495417
    2    4
 -0.00000000   0.00813365    -0.00000000   0.00907073     0.01829595   0.00000000
 -0.00000000   0.01744980    -0.00000000   0.00813365     0.01079715   0.00000000
  0.01079715   0.00000000     0.01829595   0.00000000    -0.00000000   0.00950728
    2    5
  0.00813365  -0.00000000    -0.00907073   0.00000000    -0.00000000   0.01829595
 -0.01744980  -0.00000000     0.00813365   0.00000000     0.00000000  -0.01079715
 -0.00000000   0.01079715     0.00000000  -0.01829595     0.00950728  -0.00000000
    2    6
  0.00000000  -0.00813365     0.01829595   0.00000000     0.00000000  -0.00907073
  0.01079715   0.00000000    -0.00000000  -0.00950728     0.01829595   0.00000000
  0.00000000  -0.01744980     0.01079715   0.00000000     0.00000000  -0.00813365
    2    7
  0.00813365   0.00000000     0.00000000  -0.01829595    -0.00907073   0.00000000
  0.00000000  -0.01079715     0.00950728  -0.00000000    -0.00000000   0.01829595
 -0.01744980   0.00000000    -0.00000000   0.01079715     0.00813365  -0.00000000
    3    1
  0.00000000   0.00000000    -0.07736569   0.00000000     0.00000000  -0.07736569
 -0.10147551   0.00000000     0.00000000   0.00000000     0.00000000  -0.00000000
  0.00000000  -0.10147551     0.00000000  -0.00000000     0.00000000  -0.00000000
    3    2
 -0.00000000   0.00000000    -0.00000000   0.00000000     0.00000000  -0.00000000
 -0.00000000   0.00000000    -0.00000000  -0.00495417     0.00594248  -0.00000000
 -0.00000000  -0.00000000     0.00594248  -0.00000000     0.00000000   0.00495417
    3    3
  0.15757282   0.00000000     0.00000000  -0.00000000     0.00000000   0.00000000
  0.00000000   0.00000000     0.13914508   0.00000000     0.00000000  -0.00355237
  0.00000000  -0.00000000     0.00000000   0.00355237     0.13914508  -0.00000000
    3    4
  0.00813365   0.00000000    -0.00907073  -0.00000000    -0.00000000  -0.01829595
 -0.01744980  -0.00000000     0.00813365  -0.00000000    -0.00000000   0.01079715
 -0.00000000  -0.01079715    -0.00000000   0.01829595     0.00950728   0.00000000
    3    5
  0.00000000  -0.00813365    -0.00000000  -0.00907073     0.01829595   0.00000000
  0.00000000  -0.01744980     0.00000000  -0.00813365     0.01079715   0.00000000
  0.01079715   0.00000000     0.01829595   0.00000000    -0.00000000  -0.00950728
    3    6
  0.00813365  -0.00000000     0.00000000   0.01829595    -0.00907073  -0.00000000
  0.00000000   0.01079715     0.00950728   0.00000000     0.00000000  -0.01829595
 -0.01744980  -0.00000000    -0.00000000  -0.01079715     0.00813365  -0.00000000
    3    7
  0.00000000   0.00813365     0.01829595  -0.00000000     0.00000000   0.00907073
  0.01079715  -0.00000000    -0.00000000   0.00950728     0.01829595  -0.00000000
  0.00000000   0.01744980     0.01079715  -0.00000000     0.00000000   0.00813365
    4    1
  0.00000000   0.00000000    -0.10147551   0.00000000    -0.00000000   0.00000000
 -0.07736569   0.00000000     0.00000000   0.00000000     0.00000000  -0.07736569
 -0.00000000   0.00000000    -0.00000000  -0.10147551    -0.00000000   0.00000000
    4    2
 -0.00000000  -0.00813365    -0.00000000  -0.01744980     0.01079715  -0.00000000
 -0.00000000  -0.00907073    -0.00000000  -0.00813365     0.01829595  -0.00000000
  0.01829595  -0.00000000     0.01079715  -0.00000000    -0.00000000  -0.00950728
    4    3
  0.00813365  -0.00000000    -0.01744980   0.00000000    -0.00000000   0.01079715
 -0.00907073  -0.00000000     0.00813365  -0.00000000    -0.00000000  -0.01829595
  0.00000000   0.01829595    -0.00000000  -0.01079715     0.00950728  -0.00000000
    4    4
  0.13914508  -0.00000000     0.00000000   0.00000000    -0.00000000  -0.00355237
  0.00000000  -0.00000000     0.15757282  -0.00000000     0.00000000   0.00000000
 -0.00000000   0.00355237     0.00000000   0.00000000     0.13914508   0.00000000
    4    5
 -0.00000000  -0.00495417    -0.00000000   0.00000000     0.00594248  -0.00000000
 -0.00000000   0.00000000    -0.00000000   0.00000000     0.00000000  -0.00000000
  0.00594248  -0.00000000     0.00000000  -0.00000000     0.00000000   0.00495417
    4    6
 -0.00000000   0.00950728     0.01079715  -0.00000000     0.01829595  -0.00000000
  0.01829595  -0.00000000    -0.00000000   0.00813365     0.00000000   0.00907073
  0.01079715  -0.00000000     0.00000000   0.01744980     0.00000000   0.00813365
    4    7
  0.00950728   0.00000000     0.00000000   0.01079715    -0.00000000  -0.01829595
  0.00000000   0.01829595     0.00813365  -0.00000000    -0.00907073  -0.00000000
 -0.00000000  -0.01079715    -0.01744980   0.00000000     0.00813365  -0.00000000
    5    1
  0.00000000   0.00000000     0.00000000  -0.10147551     0.00000000  -0.00000000
  0.00000000  -0.07736569     0.00000000   0.00000000    -0.07736569  -0.00000000
  0.00000000  -0.00000000    -0.10147551  -0.00000000    -0.00000000  -0.00000000
    5    2
  0.00813365   0.00000000    -0.01744980   0.00000000    -0.00000000  -0.01079715
 -0.00907073   0.00000000     0.00813365  -0.00000000     0.00000000   0.01829595
 -0.00000000  -0.01829595    -0.00000000   0.01079715     0.00950728  -0.00000000
    5    3
 -0.00000000   0.00813365     0.00000000   0.01744980     0.01079715  -0.00000000
 -0.00000000   0.00907073    -0.00000000   0.00813365     0.01829595  -0.00000000
  0.01829595  -0.00000000     0.01079715  -0.00000000     0.00000000   0.00950728
    5    4
 -0.00000000   0.00495417    -0.00000000  -0.00000000     0.00594248   0.00000000
 -0.00000000  -0.00000000    -0.00000000  -0.00000000     0.00000000   0.00000000
  0.00594248   0.00000000     0.00000000   0.00000000     0.00000000  -0.00495417
    5    5
  0.13914508   0.00000000     0.00000000  -0.00000000    -0.00000000   0.00355237
  0.00000000   0.00000000     0.15757282   0.00000000     0.00000000   0.00000000
 -0.00000000  -0.00355237     0.00000000   0.00000000     0.13914508  -0.00000000
    5    6
  0.00950728   0.00000000     0.00000000  -0.01079715    -0.00000000   0.01829595
  0.00000000  -0.01829595     0.00813365   0.00000000    -0.00907073   0.00000000
 -0.00000000   0.01079715    -0.01744980  -0.00000000     0.00813365   0.00000000
    5    7
 -0.00000000  -0.00950728     0.01079715   0.00000000     0.01829595   0.00000000
  0.01829595  -0.00000000    -0.00000000  -0.00813365    -0.00000000  -0.00907073
  0.01079715   0.00000000     0.00000000  -0.01744980    -0.00000000  -0.00813365
    6    1
  0.00000000   0.00000000     0.00000000   0.00000000     0.00000000  -0.10147551
  0.00000000   0.00000000     0.00000000   0.00000000    -0.10147551  -0.00000000
  0.00000000  -0.07736569    -0.07736569   0.00000000    -0.00000000   0.00000000
    6    2
 -0.00000000   0.00813365     0.01079715  -0.00000000     0.00000000   0.01744980
  0.01829595  -0.00000000    -0.00000000   0.00950728     0.01079715  -0.00000000
  0.00000000   0.00907073     0.01829595  -0.00000000     0.00000000   0.00813365
    6    3
  0.00813365   0.00000000     0.00000000  -0.01079715    -0.01744980  -0.00000000
 -0.00000000  -0.01829595     0.00950728  -0.00000000    -0.00000000   0.01079715
 -0.00907073  -0.00000000    -0.00000000   0.01829595     0.00813365  -0.00000000
    6    4
 -0.00000000  -0.00950728     0.01829595   0.00000000     0.01079715   0.00000000
  0.01079715   0.00000000     0.00000000  -0.00813365     0.00000000  -0.01744980
  0.01829595   0.00000000     0.00000000  -0.00907073     0.00000000  -0.00813365
    6    5
  0.00950728   0.00000000     0.00000000   0.01829595    -0.00000000  -0.01079715
  0.00000000   0.01079715     0.00813365   0.00000000    -0.01744980   0.00000000
 -0.00000000  -0.01829595    -0.00907073   0.00000000     0.00813365   0.00000000
    6    6
  0.13914508  -0.00000000     0.00000000   0.00355237     0.00000000   0.00000000
  0.00000000  -0.00355237     0.13914508   0.00000000    -0.00000000   0.00000000
 -0.00000000   0.00000000    -0.00000000   0.00000000     0.15757282   0.00000000
    6    7
  0.00000000   0.00495417     0.00594248  -0.00000000     0.00000000   0.00000000
  0.00594248  -0.00000000    -0.00000000  -0.00495417     0.00000000   0.00000000
  0.00000000   0.00000000     0.00000000   0.00000000     0.00000000   0.00000000
    7    1
  0.00000000   0.00000000     0.00000000  -0.00000000    -0.10147551  -0.00000000
  0.00000000   0.00000000     0.00000000   0.00000000     0.00000000  -0.10147551
 -0.07736569  -0.00000000     0.00000000  -0.07736569     0.00000000   0.00000000
    7    2
  0.00813365   0.00000000     0.00000000   0.01079715    -0.01744980   0.00000000
  0.00000000   0.01829595     0.00950728   0.00000000    -0.00000000  -0.01079715
 -0.00907073   0.00000000    -0.00000000  -0.01829595     0.00813365   0.00000000
    7    3
  0.00000000  -0.00813365     0.01079715   0.00000000     0.00000000  -0.01744980
  0.01829595   0.00000000    -0.00000000  -0.00950728     0.01079715   0.00000000
  0.00000000  -0.00907073     0.01829595   0.00000000     0.00000000  -0.00813365
    7    4
  0.00950728   0.00000000     0.00000000  -0.01829595    -0.00000000   0.01079715
  0.00000000  -0.01079715     0.00813365   0.00000000    -0.01744980  -0.00000000
 -0.00000000   0.01829595    -0.00907073  -0.00000000     0.00813365   0.00000000
    7    5
 -0.00000000   0.00950728     0.01829595  -0.00000000     0.01079715  -0.00000000
  0.01079715  -0.00000000    -0.00000000   0.00813365    -0.00000000   0.01744980
  0.01829595   0.00000000    -0.00000000   0.00907073     0.00000000   0.00813365
    7    6
  0.00000000  -0.00495417     0.00594248   0.00000000     0.00000000   0.00000000
  0.00594248   0.00000000    -0.00000000   0.00495417     0.00000000   0.00000000
  0.00000000   0.00000000     0.00000000   0.00000000     0.00000000  -0.00000000
    7    7
  0.13914508   0.00000000     0.00000000  -0.00355237     0.00000000   0.00000000
  0.00000000   0.00355237     0.13914508  -0.00000000    -0.00000000   0.00000000
 -0.00000000   0.00000000    -0.00000000   0.00000000     0.15757282  -0.00000000

     Diagonalizing the dynamical matrix

     q = (    0.433012700   0.433012700   0.433012700 ) 

 **************************************************************************
     freq (    1) =      10.497623 [THz] =     350.163017 [cm-1]
 ( -0.212496 -0.246343 -0.246343 -0.285579 -0.212079 -0.245858 ) 
 ( -0.180614  0.000176 -0.140543  0.121233 -0.121233 -0.140543 ) 
 ( -0.178633 -0.026675 -0.121233 -0.140543 -0.140543  0.121233 ) 
 ( -0.140543 -0.162928 -0.166349 -0.012435 -0.162928  0.140543 ) 
 ( -0.162928  0.140543 -0.166374 -0.012108 -0.140543 -0.162928 ) 
 ( -0.140267  0.120994 -0.120994 -0.140267 -0.178809 -0.026524 ) 
 ( -0.120994 -0.140266 -0.140267  0.120994 -0.180765  0.000000 ) 
     freq (    2) =      10.497623 [THz] =     350.163018 [cm-1]
 (  0.418687  0.002250  0.002250  0.000017 -0.422125 -0.002274 ) 
 ( -0.153195 -0.001642  0.001284 -0.238868  0.238868  0.001284 ) 
 ( -0.000009  0.153207  0.238868  0.001284  0.001284 -0.238868 ) 
 (  0.001284  0.000010  0.151128  0.154017  0.000010 -0.001284 ) 
 (  0.000010 -0.001284 -0.152384 -0.152778  0.001284  0.000010 ) 
 ( -0.001297  0.240830 -0.240830 -0.001297  0.001633 -0.151947 ) 
 ( -0.240830 -0.001297 -0.001297  0.240830  0.151959  0.000000 ) 
     freq (    3) =      10.497623 [THz] =     350.163018 [cm-1]
 (  0.135871 -0.232163 -0.232163  0.396685  0.133534 -0.228153 ) 
 (  0.192431  0.001455 -0.132453 -0.077517  0.077517 -0.132453 ) 
 ( -0.167061  0.095504  0.077517 -0.132453 -0.132453 -0.077517 ) 
 ( -0.132453  0.226315 -0.033492 -0.132721  0.226315  0.132453 ) 
 (  0.226315  0.132453 -0.035795 -0.132114 -0.132453  0.226315 ) 
 ( -0.130165 -0.076184  0.076184 -0.130165 -0.168516  0.094656 ) 
 (  0.076184 -0.130165 -0.130165 -0.076184  0.193279  0.000000 ) 
     freq (    4) =      27.624823 [THz] =     921.464922 [cm-1]
 ( -0.000000  0.000000  0.000000 -0.000000  0.000000 -0.000000 ) 
 ( -0.000000  0.000000 -0.294767  0.109414  0.019107  0.186939 ) 
 ( -0.000000  0.000000  0.109414  0.294767 -0.186939  0.019107 ) 
 (  0.091156  0.203809  0.000000  0.000000  0.369686 -0.092624 ) 
 ( -0.203809  0.091156 -0.000000 -0.000000 -0.092624 -0.369686 ) 
 ( -0.074919 -0.016790 -0.110263 -0.390747 -0.000000 -0.000000 ) 
 ( -0.016790  0.074919  0.390747 -0.110263  0.000000  0.000000 ) 
     freq (    5) =      27.624823 [THz] =     921.464922 [cm-1]
 ( -0.000000 -0.000000  0.000000  0.000000  0.000000 -0.000000 ) 
 (  0.000000  0.000000 -0.028111 -0.258878  0.361985  0.017946 ) 
 ( -0.000000  0.000000 -0.258878  0.028111 -0.017946  0.361985 ) 
 ( -0.341237  0.019400 -0.000000 -0.000000  0.035361 -0.142020 ) 
 ( -0.019400 -0.341237 -0.000000 -0.000000 -0.142020 -0.035361 ) 
 ( -0.007250  0.400898 -0.020748 -0.037346 -0.000000  0.000000 ) 
 (  0.400898  0.007250  0.037346 -0.020748  0.000000  0.000000 ) 
     freq (    6) =      33.147308 [THz] =    1105.675172 [cm-1]
 ( -0.003519  0.001661  0.001661 -0.000784  0.001871 -0.000883 ) 
 (  0.086570 -0.202465 -0.113017 -0.239500  0.239500 -0.113017 ) 
 (  0.061892 -0.211307  0.239500 -0.113017 -0.113017 -0.239500 ) 
 ( -0.113017  0.053327 -0.350395 -0.016760  0.053327  0.113017 ) 
 (  0.053327  0.113017  0.281117  0.209822 -0.113017  0.053327 ) 
 (  0.060097  0.127346 -0.127346  0.060097  0.264358  0.217740 ) 
 ( -0.127346  0.060097  0.060097  0.127346 -0.342477  0.000000 ) 
     freq (    7) =      33.147308 [THz] =    1105.675172 [cm-1]
 ( -0.000005  0.000134  0.000134 -0.003439 -0.000129  0.003304 ) 
 ( -0.283968  0.252312 -0.009112 -0.000359  0.000359 -0.009112 ) 
 (  0.273625 -0.263503  0.000359 -0.009112 -0.009112 -0.000359 ) 
 ( -0.009112  0.234052  0.262549  0.020889  0.234052  0.009112 ) 
 (  0.234052  0.009112  0.000424  0.263389 -0.009112  0.234052 ) 
 ( -0.224845 -0.008749  0.008749 -0.224845  0.021313 -0.273316 ) 
 (  0.008749 -0.224845 -0.224845 -0.008749 -0.274156  0.000000 ) 
     freq (    8) =      33.147308 [THz] =    1105.675173 [cm-1]
 (  0.001957  0.001950  0.001950  0.001943  0.001951  0.001943 ) 
 (  0.309912 -0.000537 -0.132721  0.133218 -0.133218 -0.132721 ) 
 (  0.309912 -0.000621 -0.133218 -0.132721 -0.132721  0.133218 ) 
 ( -0.132721 -0.132226  0.310493 -0.000042 -0.132226  0.132721 ) 
 ( -0.132226  0.132721  0.310491 -0.001119 -0.132721 -0.132226 ) 
 ( -0.132262  0.132757 -0.132757 -0.132262  0.310449 -0.001160 ) 
 ( -0.132757 -0.132262 -0.132262  0.132757  0.310452  0.000000 ) 
     freq (    9) =      38.566740 [THz] =    1286.447965 [cm-1]
 (  0.000000 -0.000000 -0.000000  0.000000 -0.000000  0.000000 ) 
 (  0.157594 -0.007805 -0.182262 -0.182262 -0.182262  0.182262 ) 
 ( -0.157594 -0.007805  0.182262 -0.182262  0.182262  0.182262 ) 
 ( -0.182262  0.182262  0.157594  0.007805 -0.182262 -0.182262 ) 
 (  0.182262  0.182262 -0.157594  0.007805  0.182262 -0.182262 ) 
 ( -0.201255 -0.201255 -0.201255  0.201255  0.149789 -0.000000 ) 
 (  0.201255 -0.201255  0.201255  0.201255 -0.149789  0.000000 ) 
     freq (   10) =      38.566740 [THz] =    1286.447966 [cm-1]
 (  0.000000  0.000000 -0.000000 -0.000000  0.000000  0.000000 ) 
 ( -0.095019  0.095020 -0.231238  0.231240  0.231240  0.231238 ) 
 ( -0.095020 -0.095020 -0.231240 -0.231238  0.231238 -0.231240 ) 
 ( -0.231238 -0.231238 -0.095020 -0.095019  0.231238 -0.231238 ) 
 ( -0.231238  0.231238 -0.095020  0.095020  0.231238  0.231238 ) 
 ( -0.000000 -0.000002 -0.000002  0.000000  0.190039 -0.000001 ) 
 (  0.000002 -0.000000  0.000000  0.000002  0.190040  0.000000 ) 
     freq (   11) =      38.566740 [THz] =    1286.447966 [cm-1]
 (  0.000000 -0.000000  0.000000 -0.000000 -0.000000  0.000000 ) 
 (  0.047439 -0.164395  0.142310  0.142307  0.142307 -0.142310 ) 
 ( -0.047440 -0.164394 -0.142307  0.142310 -0.142310 -0.142307 ) 
 (  0.142310 -0.142310  0.047441  0.164394  0.142310  0.142310 ) 
 ( -0.142310 -0.142310 -0.047439  0.164394 -0.142310  0.142310 ) 
 ( -0.257759 -0.257756 -0.257756  0.257759 -0.116955  0.000001 ) 
 (  0.257756 -0.257759  0.257759  0.257756  0.116954  0.000000 ) 
     freq (   12) =      43.472858 [THz] =    1450.098467 [cm-1]
 ( -0.000000  0.000000  0.000000 -0.000000 -0.000000  0.000000 ) 
 (  0.000000 -0.000000 -0.046209  0.127439 -0.324455 -0.122191 ) 
 ( -0.000000  0.000000  0.127439  0.046209  0.122191 -0.324455 ) 
 ( -0.012989 -0.003308 -0.000000  0.000000  0.140341 -0.375927 ) 
 (  0.003308 -0.012989  0.000000 -0.000000 -0.375927 -0.140341 ) 
 ( -0.094132  0.248488  0.337444  0.125499 -0.000000  0.000000 ) 
 (  0.248488  0.094132 -0.125499  0.337444  0.000000  0.000000 ) 
     freq (   13) =      43.472858 [THz] =    1450.098467 [cm-1]
 ( -0.000000  0.000000  0.000000 -0.000000  0.000000 -0.000000 ) 
 (  0.000000  0.000000 -0.288125  0.255490  0.141885  0.162276 ) 
 ( -0.000000  0.000000  0.255490  0.288125 -0.162276  0.141885 ) 
 ( -0.270364 -0.305598  0.000000  0.000000  0.055346 -0.050860 ) 
 (  0.305598 -0.270364 -0.000000 -0.000000 -0.050860 -0.055346 ) 
 (  0.232779 -0.204629  0.128479  0.143322 -0.000000 -0.000000 ) 
 ( -0.204629 -0.232779 -0.143322  0.128479  0.000000  0.000000 ) 
     freq (   14) =      43.940168 [THz] =    1465.686254 [cm-1]
 (  0.000000  0.000000  0.000000  0.000000  0.000000  0.000000 ) 
 ( -0.000000  0.000000 -0.273298 -0.092960 -0.092960  0.273298 ) 
 ( -0.000000  0.000000 -0.092960  0.273298 -0.273298 -0.092960 ) 
 ( -0.092960  0.273298 -0.000000  0.000000 -0.273298 -0.092960 ) 
 ( -0.273298 -0.092960 -0.000000  0.000000 -0.092960  0.273298 ) 
 ( -0.273298 -0.092960 -0.092960  0.273298 -0.000000  0.000000 ) 
 ( -0.092960  0.273298 -0.273298 -0.092960 -0.000000  0.000000 ) 
     freq (   15) =      46.567125 [THz] =    1553.312091 [cm-1]
 (  0.000000 -0.000000 -0.000000  0.000000 -0.000000  0.000000 ) 
 ( -0.370233 -0.020629 -0.080306 -0.080306 -0.080306  0.080306 ) 
 (  0.370233 -0.020629  0.080306 -0.080306  0.080306  0.080306 ) 
 ( -0.080306  0.080306 -0.370233  0.020629 -0.080306 -0.080306 ) 
 (  0.080306  0.080306  0.370233  0.020629  0.080306 -0.080306 ) 
 ( -0.071829 -0.071829 -0.071829  0.071829 -0.390863 -0.000000 ) 
 (  0.071829 -0.071829  0.071829  0.071829  0.390863  0.000000 ) 
     freq (   16) =      46.567125 [THz] =    1553.312092 [cm-1]
 (  0.000000 -0.000000 -0.000000  0.000000 -0.000000  0.000000 ) 
 (  0.152779 -0.399984 -0.050791 -0.050791 -0.050791  0.050791 ) 
 ( -0.152777 -0.399985  0.050791 -0.050791  0.050791  0.050791 ) 
 ( -0.050791  0.050791  0.152777  0.399986 -0.050791 -0.050791 ) 
 (  0.050791  0.050791 -0.152779  0.399985  0.050791 -0.050791 ) 
 (  0.113570  0.113570  0.113570 -0.113570 -0.247207 -0.000001 ) 
 ( -0.113570  0.113570 -0.113570 -0.113570  0.247207  0.000000 ) 
     freq (   17) =      46.567125 [THz] =    1553.312092 [cm-1]
 (  0.000000  0.000000  0.000000  0.000000 -0.000000 -0.000000 ) 
 (  0.231239 -0.231238 -0.095020  0.095020  0.095020  0.095020 ) 
 (  0.231239  0.231238 -0.095020 -0.095020  0.095020 -0.095020 ) 
 ( -0.095020 -0.095020  0.231238  0.231239  0.095020 -0.095020 ) 
 ( -0.095020  0.095020  0.231238 -0.231238  0.095020  0.095020 ) 
 ( -0.000000  0.000000  0.000000  0.000000 -0.462477 -0.000001 ) 
 ( -0.000000 -0.000000  0.000000 -0.000000 -0.462477  0.000000 ) 
     freq (   18) =      47.420544 [THz] =    1581.779087 [cm-1]
 ( -0.000000  0.000000  0.000000 -0.000000 -0.000000  0.000000 ) 
 (  0.000000  0.000000 -0.210668  0.197364 -0.197364 -0.210668 ) 
 ( -0.000000 -0.000000  0.197364  0.210668  0.210668 -0.197364 ) 
 ( -0.197364 -0.210668  0.000000 -0.000000 -0.210668  0.197364 ) 
 (  0.210668 -0.197364 -0.000000 -0.000000  0.197364  0.210668 ) 
 ( -0.210668  0.197364 -0.197364 -0.210668  0.000000  0.000000 ) 
 (  0.197364  0.210668  0.210668 -0.197364 -0.000000  0.000000 ) 
     freq (   19) =      49.551015 [THz] =    1652.843958 [cm-1]
 ( -0.013820 -0.013717 -0.013717 -0.013614 -0.013798 -0.013695 ) 
 (  0.266725 -0.000214  0.154093 -0.155255  0.155255  0.154093 ) 
 (  0.266719 -0.001791  0.155255  0.154093  0.154093 -0.155255 ) 
 (  0.154093  0.152939  0.267726 -0.000791  0.152939 -0.154093 ) 
 (  0.152939 -0.154093  0.267724 -0.001221  0.154093  0.152939 ) 
 (  0.153846 -0.155006  0.155006  0.153846  0.266933 -0.002006 ) 
 (  0.155006  0.153846  0.153846 -0.155006  0.266940  0.000000 ) 
     freq (   20) =      49.551015 [THz] =    1652.843960 [cm-1]
 ( -0.004200  0.010319  0.010319 -0.025347 -0.006051  0.014862 ) 
 (  0.305509 -0.044210 -0.115920 -0.047184  0.047184 -0.115920 ) 
 ( -0.245017  0.187754  0.047184 -0.115920 -0.115920 -0.047184 ) 
 ( -0.115920  0.284746 -0.103745 -0.159281  0.284746  0.115920 ) 
 (  0.284746  0.115920 -0.041525 -0.185482 -0.115920  0.284746 ) 
 ( -0.166962 -0.067977  0.067977 -0.166962 -0.200806  0.205763 ) 
 (  0.067977 -0.166962 -0.166962 -0.067977  0.287499  0.000000 ) 
     freq (   21) =      49.551015 [THz] =    1652.843960 [cm-1]
 (  0.024885 -0.002833 -0.002833  0.000323 -0.022109  0.002516 ) 
 (  0.211979 -0.052052  0.031827  0.279560 -0.279560  0.031827 ) 
 (  0.003082 -0.218267 -0.279560  0.031827  0.031827  0.279560 ) 
 (  0.031827 -0.003630 -0.266624 -0.187556 -0.003630 -0.031827 ) 
 ( -0.003630 -0.031827  0.242690  0.217653  0.031827 -0.003630 ) 
 ( -0.028269 -0.248369  0.248369 -0.028269  0.055134  0.238994 ) 
 (  0.248369 -0.028269 -0.028269 -0.248369 -0.245283  0.000000 ) 
 **************************************************************************
