Dynamical matrix file
Electron-phonon coefficients for Ca1H6                                     
  2    7   0   5.5613398   0.0000000   0.0000000   0.0000000   0.0000000   0.0000000
Basis vectors
     -0.577350269    0.577350269    0.577350269
      0.577350269   -0.577350269    0.577350269
      0.577350269    0.577350269   -0.577350269
           1  'Ca  '    36528.8623753087     
           2  'H   '    918.681110398939     
    1    1      0.0000000000      0.0000000000      0.0000000000
    2    2      0.2886751346      0.0000000000      0.5773502692
    3    2      0.2886751346      0.5773502692      0.0000000000
    4    2      0.5773502692      0.2886751346      0.0000000000
    5    2      0.0000000000      0.2886751346      0.5773502692
    6    2      0.0000000000      0.5773502692      0.2886751346
    7    2      0.5773502692      0.0000000000      0.2886751346

     Dynamical  Matrix in cartesian axes

     q = (    0.000000000   0.000000000   0.649519100 ) 

    1    1
  0.81907930   0.00000000     0.00000000   0.00000000    -0.00000000   0.00000000
  0.00000000   0.00000000     0.81907930   0.00000000    -0.00000000   0.00000000
 -0.00000000   0.00000000    -0.00000000   0.00000000     0.79531630   0.00000000
    1    2
  0.00745560   0.00745560    -0.00000000  -0.00000000    -0.02964516   0.02964517
 -0.00000000  -0.00000000     0.10468986   0.10468982     0.00000000   0.00000000
 -0.01977625   0.01977626     0.00000000  -0.00000000    -0.07220121  -0.07220118
    1    3
 -0.01054381  -0.00000000     0.00000000  -0.00000000     0.00000000   0.04192459
  0.00000000  -0.00000000    -0.14805379   0.00000000    -0.00000000  -0.00000000
  0.00000000   0.02796785    -0.00000000   0.00000000     0.10210791  -0.00000000
    1    4
 -0.14805379   0.00000000     0.00000000   0.00000000    -0.00000000   0.00000000
  0.00000000  -0.00000000    -0.01054381   0.00000000     0.00000000   0.04192459
 -0.00000000   0.00000000     0.00000000   0.02796785     0.10210791  -0.00000000
    1    5
  0.10468986   0.10468982    -0.00000000  -0.00000000     0.00000000   0.00000000
  0.00000000  -0.00000000     0.00745560   0.00745560    -0.02964516   0.02964517
  0.00000000   0.00000000    -0.01977625   0.01977626    -0.07220121  -0.07220118
    1    6
  0.11019308   0.07863999    -0.00000000   0.00000000     0.00000000   0.00000000
 -0.00000000  -0.00000000    -0.13352515  -0.02231138     0.00000000   0.00000000
 -0.00000000   0.00000000     0.00000000   0.00000000     0.00997223  -0.02407510
    1    7
 -0.13352515  -0.02231138     0.00000000  -0.00000000     0.00000000   0.00000000
 -0.00000000  -0.00000000     0.11019308   0.07863999     0.00000000   0.00000000
  0.00000000   0.00000000     0.00000000   0.00000000     0.00997223  -0.02407510
    2    1
  0.00745560  -0.00745560     0.00000000   0.00000000    -0.01977625  -0.01977626
 -0.00000000   0.00000000     0.10468986  -0.10468982     0.00000000  -0.00000000
 -0.02964516  -0.02964517     0.00000000  -0.00000000    -0.07220121   0.07220118
    2    2
  0.18325094   0.00000000    -0.00000000  -0.00000000    -0.00000000   0.00183881
 -0.00000000   0.00000000     0.13409735  -0.00000000    -0.00000000   0.00000000
 -0.00000000  -0.00183881    -0.00000000   0.00000000     0.13399084  -0.00000000
    2    3
  0.07019463  -0.07019461    -0.00000000   0.00000000    -0.00108246  -0.00108246
 -0.00000000   0.00000000    -0.01059118   0.01059118     0.00000000  -0.00000000
 -0.00108246  -0.00108246     0.00000000   0.00000000    -0.00733808   0.00733808
    2    4
 -0.00546047   0.00546047     0.00521554  -0.00521554     0.00809930   0.00809931
 -0.01725721   0.01725720    -0.00546047   0.00546047     0.00478862   0.00478862
  0.00478862   0.00478862     0.00809930   0.00809931    -0.00506615   0.00506615
    2    5
  0.00772227   0.00000000     0.00737589  -0.00000000    -0.00000000  -0.01145415
 -0.02440537   0.00000000     0.00772227  -0.00000000    -0.00000000   0.00677213
 -0.00000000  -0.00677213    -0.00000000   0.01145415     0.00716462   0.00000000
    2    6
 -0.01225848   0.00638421     0.00000000  -0.00000000    -0.00209415  -0.00242671
  0.00000000  -0.00000000    -0.01075059  -0.00246484     0.00000000  -0.00000000
 -0.01587643   0.01047289     0.00000000  -0.00000000    -0.01296827   0.00692115
    2    7
  0.01318237  -0.00415374     0.00000000   0.00000000     0.00023516   0.00319673
 -0.00000000   0.00000000     0.00585891  -0.00934472    -0.00000000   0.00000000
 -0.01863178   0.00382088    -0.00000000   0.00000000     0.01406394  -0.00427596
    3    1
 -0.01054381   0.00000000     0.00000000   0.00000000     0.00000000  -0.02796785
  0.00000000   0.00000000    -0.14805379  -0.00000000    -0.00000000   0.00000000
  0.00000000  -0.04192459    -0.00000000  -0.00000000     0.10210791   0.00000000
    3    2
  0.07019463   0.07019461    -0.00000000  -0.00000000    -0.00108246   0.00108246
 -0.00000000  -0.00000000    -0.01059118  -0.01059118     0.00000000   0.00000000
 -0.00108246   0.00108246     0.00000000   0.00000000    -0.00733808  -0.00733808
    3    3
  0.18325094  -0.00000000    -0.00000000   0.00000000    -0.00000000  -0.00183881
 -0.00000000  -0.00000000     0.13409735   0.00000000    -0.00000000   0.00000000
 -0.00000000   0.00183881    -0.00000000   0.00000000     0.13399084   0.00000000
    3    4
  0.00772227  -0.00000000     0.00737589  -0.00000000     0.00000000   0.01145415
 -0.02440537   0.00000000     0.00772227  -0.00000000    -0.00000000  -0.00677213
  0.00000000   0.00677213    -0.00000000  -0.01145415     0.00716462  -0.00000000
    3    5
 -0.00546047  -0.00546047     0.00521554   0.00521554     0.00809930  -0.00809931
 -0.01725721  -0.01725720    -0.00546047  -0.00546047     0.00478862  -0.00478862
  0.00478862  -0.00478862     0.00809930  -0.00809931    -0.00506615  -0.00506615
    3    6
  0.01318237   0.00415374     0.00000000   0.00000000     0.00023516  -0.00319673
 -0.00000000  -0.00000000     0.00585891   0.00934472    -0.00000000  -0.00000000
 -0.01863178  -0.00382088    -0.00000000  -0.00000000     0.01406394   0.00427596
    3    7
 -0.01225848  -0.00638421     0.00000000   0.00000000    -0.00209415   0.00242671
  0.00000000   0.00000000    -0.01075059   0.00246484     0.00000000   0.00000000
 -0.01587643  -0.01047289     0.00000000   0.00000000    -0.01296827  -0.00692115
    4    1
 -0.14805379  -0.00000000     0.00000000   0.00000000    -0.00000000   0.00000000
  0.00000000   0.00000000    -0.01054381  -0.00000000     0.00000000  -0.02796785
  0.00000000   0.00000000     0.00000000  -0.04192459     0.10210791   0.00000000
    4    2
 -0.00546047  -0.00546047    -0.01725721  -0.01725720     0.00478862  -0.00478862
  0.00521554   0.00521554    -0.00546047  -0.00546047     0.00809930  -0.00809931
  0.00809930  -0.00809931     0.00478862  -0.00478862    -0.00506615  -0.00506615
    4    3
  0.00772227   0.00000000    -0.02440537  -0.00000000     0.00000000  -0.00677213
  0.00737589   0.00000000     0.00772227   0.00000000    -0.00000000   0.01145415
  0.00000000  -0.01145415    -0.00000000   0.00677213     0.00716462   0.00000000
    4    4
  0.13409735   0.00000000    -0.00000000  -0.00000000    -0.00000000   0.00000000
 -0.00000000   0.00000000     0.18325094  -0.00000000    -0.00000000  -0.00183881
 -0.00000000  -0.00000000    -0.00000000   0.00183881     0.13399084  -0.00000000
    4    5
 -0.01059118  -0.01059118    -0.00000000  -0.00000000     0.00000000   0.00000000
 -0.00000000  -0.00000000     0.07019463   0.07019461    -0.00108246   0.00108246
  0.00000000   0.00000000    -0.00108246   0.00108246    -0.00733808  -0.00733808
    4    6
 -0.01075059   0.00246484     0.00000000   0.00000000     0.00000000  -0.00000000
  0.00000000   0.00000000    -0.01225848  -0.00638421    -0.00209415   0.00242671
  0.00000000   0.00000000    -0.01587643  -0.01047289    -0.01296827  -0.00692115
    4    7
  0.00585891   0.00934472     0.00000000  -0.00000000    -0.00000000  -0.00000000
  0.00000000  -0.00000000     0.01318237   0.00415374     0.00023516  -0.00319673
 -0.00000000  -0.00000000    -0.01863178  -0.00382088     0.01406394   0.00427596
    5    1
  0.10468986  -0.10468982    -0.00000000   0.00000000     0.00000000  -0.00000000
 -0.00000000   0.00000000     0.00745560  -0.00745560    -0.01977625  -0.01977626
  0.00000000   0.00000000    -0.02964516  -0.02964517    -0.07220121   0.07220118
    5    2
  0.00772227  -0.00000000    -0.02440537   0.00000000    -0.00000000   0.00677213
  0.00737589  -0.00000000     0.00772227  -0.00000000    -0.00000000  -0.01145415
 -0.00000000   0.01145415     0.00000000  -0.00677213     0.00716462   0.00000000
    5    3
 -0.00546047   0.00546047    -0.01725721   0.01725720     0.00478862   0.00478862
  0.00521554  -0.00521554    -0.00546047   0.00546047     0.00809930   0.00809931
  0.00809930   0.00809931     0.00478862   0.00478862    -0.00506615   0.00506615
    5    4
 -0.01059118   0.01059118    -0.00000000   0.00000000     0.00000000  -0.00000000
 -0.00000000   0.00000000     0.07019463  -0.07019461    -0.00108246  -0.00108246
  0.00000000  -0.00000000    -0.00108246  -0.00108246    -0.00733808   0.00733808
    5    5
  0.13409735  -0.00000000    -0.00000000   0.00000000    -0.00000000  -0.00000000
 -0.00000000  -0.00000000     0.18325094   0.00000000    -0.00000000   0.00183881
 -0.00000000   0.00000000    -0.00000000  -0.00183881     0.13399084   0.00000000
    5    6
  0.00585891  -0.00934472     0.00000000   0.00000000    -0.00000000   0.00000000
  0.00000000   0.00000000     0.01318237  -0.00415374     0.00023516   0.00319673
 -0.00000000   0.00000000    -0.01863178   0.00382088     0.01406394  -0.00427596
    5    7
 -0.01075059  -0.00246484     0.00000000  -0.00000000     0.00000000  -0.00000000
  0.00000000   0.00000000    -0.01225848   0.00638421    -0.00209415  -0.00242671
  0.00000000  -0.00000000    -0.01587643   0.01047289    -0.01296827   0.00692115
    6    1
  0.11019308  -0.07863999     0.00000000   0.00000000     0.00000000  -0.00000000
  0.00000000   0.00000000    -0.13352515   0.02231138     0.00000000   0.00000000
  0.00000000   0.00000000     0.00000000   0.00000000     0.00997223   0.02407510
    6    2
 -0.01225848  -0.00638421     0.00000000   0.00000000    -0.01587643  -0.01047289
  0.00000000  -0.00000000    -0.01075059   0.00246484     0.00000000   0.00000000
 -0.00209415   0.00242671     0.00000000   0.00000000    -0.01296827  -0.00692115
    6    3
  0.01318237  -0.00415374     0.00000000   0.00000000    -0.01863178   0.00382088
  0.00000000   0.00000000     0.00585891  -0.00934472    -0.00000000   0.00000000
  0.00023516   0.00319673    -0.00000000   0.00000000     0.01406394  -0.00427596
    6    4
 -0.01075059  -0.00246484     0.00000000   0.00000000     0.00000000   0.00000000
  0.00000000  -0.00000000    -0.01225848   0.00638421    -0.01587643   0.01047289
  0.00000000  -0.00000000    -0.00209415  -0.00242671    -0.01296827   0.00692115
    6    5
  0.00585891   0.00934472     0.00000000   0.00000000     0.00000000  -0.00000000
  0.00000000   0.00000000     0.01318237   0.00415374    -0.01863178  -0.00382088
 -0.00000000  -0.00000000     0.00023516  -0.00319673     0.01406394   0.00427596
    6    6
  0.13608795  -0.00000000     0.00000000   0.00000000    -0.00000000   0.00000000
  0.00000000   0.00000000     0.13608795   0.00000000    -0.00000000   0.00000000
 -0.00000000   0.00000000    -0.00000000   0.00000000     0.17400901   0.00000000
    6    7
 -0.00416123  -0.01016676     0.00000000  -0.00000000    -0.00000000  -0.00000000
  0.00000000  -0.00000000    -0.00416123   0.01016676    -0.00000000  -0.00000000
 -0.00000000   0.00000000    -0.00000000   0.00000000     0.08072592  -0.00000000
    7    1
 -0.13352515   0.02231138     0.00000000   0.00000000     0.00000000  -0.00000000
 -0.00000000   0.00000000     0.11019308  -0.07863999     0.00000000  -0.00000000
  0.00000000  -0.00000000     0.00000000  -0.00000000     0.00997223   0.02407510
    7    2
  0.01318237   0.00415374     0.00000000  -0.00000000    -0.01863178  -0.00382088
  0.00000000   0.00000000     0.00585891   0.00934472     0.00000000  -0.00000000
  0.00023516  -0.00319673     0.00000000  -0.00000000     0.01406394   0.00427596
    7    3
 -0.01225848   0.00638421     0.00000000  -0.00000000    -0.01587643   0.01047289
  0.00000000   0.00000000    -0.01075059  -0.00246484     0.00000000  -0.00000000
 -0.00209415  -0.00242671     0.00000000  -0.00000000    -0.01296827   0.00692115
    7    4
  0.00585891  -0.00934472     0.00000000   0.00000000    -0.00000000   0.00000000
  0.00000000   0.00000000     0.01318237  -0.00415374    -0.01863178   0.00382088
 -0.00000000   0.00000000     0.00023516   0.00319673     0.01406394  -0.00427596
    7    5
 -0.01075059   0.00246484     0.00000000   0.00000000     0.00000000   0.00000000
  0.00000000   0.00000000    -0.01225848  -0.00638421    -0.01587643  -0.01047289
  0.00000000   0.00000000    -0.00209415   0.00242671    -0.01296827  -0.00692115
    7    6
 -0.00416123   0.01016676     0.00000000   0.00000000    -0.00000000   0.00000000
  0.00000000   0.00000000    -0.00416123  -0.01016676    -0.00000000   0.00000000
 -0.00000000  -0.00000000    -0.00000000  -0.00000000     0.08072592   0.00000000
    7    7
  0.13608795   0.00000000     0.00000000  -0.00000000    -0.00000000  -0.00000000
  0.00000000  -0.00000000     0.13608795  -0.00000000    -0.00000000  -0.00000000
 -0.00000000  -0.00000000    -0.00000000  -0.00000000     0.17400901  -0.00000000

     Dynamical  Matrix in cartesian axes

     q = (    0.649519100  -0.000000000   0.000000000 ) 

    1    1
  0.79531630   0.00000000     0.00000000   0.00000000    -0.00000000   0.00000000
  0.00000000   0.00000000     0.81907930   0.00000000    -0.00000000   0.00000000
 -0.00000000   0.00000000    -0.00000000   0.00000000     0.81907930   0.00000000
    1    2
  0.00997223  -0.02407510    -0.00000000   0.00000000     0.00000000   0.00000000
 -0.00000000  -0.00000000     0.11019308   0.07863999     0.00000000   0.00000000
  0.00000000   0.00000000     0.00000000   0.00000000    -0.13352515  -0.02231138
    1    3
  0.00997223  -0.02407510     0.00000000   0.00000000    -0.00000000  -0.00000000
 -0.00000000   0.00000000    -0.13352515  -0.02231138    -0.00000000  -0.00000000
 -0.00000000  -0.00000000    -0.00000000  -0.00000000     0.11019308   0.07863999
    1    4
 -0.07220121  -0.07220118    -0.01977625   0.01977626    -0.00000000  -0.00000000
 -0.02964516   0.02964517     0.00745560   0.00745560    -0.00000000  -0.00000000
 -0.00000000  -0.00000000    -0.00000000  -0.00000000     0.10468986   0.10468982
    1    5
  0.10210791  -0.00000000     0.00000000   0.02796785     0.00000000   0.00000000
 -0.00000000   0.04192459    -0.01054381   0.00000000     0.00000000  -0.00000000
  0.00000000  -0.00000000     0.00000000   0.00000000    -0.14805379   0.00000000
    1    6
  0.10210791  -0.00000000     0.00000000  -0.00000000     0.00000000   0.02796785
  0.00000000  -0.00000000    -0.14805379   0.00000000     0.00000000   0.00000000
  0.00000000   0.04192459     0.00000000   0.00000000    -0.01054381   0.00000000
    1    7
 -0.07220121  -0.07220118     0.00000000  -0.00000000    -0.01977625   0.01977626
  0.00000000   0.00000000     0.10468986   0.10468982     0.00000000   0.00000000
 -0.02964516   0.02964517     0.00000000  -0.00000000     0.00745560   0.00745560
    2    1
  0.00997223   0.02407510    -0.00000000  -0.00000000     0.00000000  -0.00000000
 -0.00000000   0.00000000     0.11019308  -0.07863999     0.00000000   0.00000000
  0.00000000   0.00000000     0.00000000   0.00000000    -0.13352515   0.02231138
    2    2
  0.17400901  -0.00000000    -0.00000000  -0.00000000    -0.00000000  -0.00000000
 -0.00000000  -0.00000000     0.13608795  -0.00000000     0.00000000  -0.00000000
 -0.00000000  -0.00000000    -0.00000000  -0.00000000     0.13608795   0.00000000
    2    3
  0.08072592   0.00000000     0.00000000   0.00000000     0.00000000  -0.00000000
 -0.00000000   0.00000000    -0.00416123  -0.01016676     0.00000000  -0.00000000
  0.00000000  -0.00000000     0.00000000  -0.00000000    -0.00416123   0.01016676
    2    4
 -0.01296827  -0.00692115    -0.00209415   0.00242671     0.00000000  -0.00000000
 -0.01587643  -0.01047289    -0.01225848  -0.00638421     0.00000000  -0.00000000
  0.00000000   0.00000000     0.00000000  -0.00000000    -0.01075059   0.00246484
    2    5
  0.01406394  -0.00427596     0.00023516   0.00319673    -0.00000000   0.00000000
 -0.01863178   0.00382088     0.01318237  -0.00415374    -0.00000000   0.00000000
 -0.00000000   0.00000000    -0.00000000   0.00000000     0.00585891  -0.00934472
    2    6
 -0.01296827   0.00692115     0.00000000  -0.00000000    -0.00209415  -0.00242671
  0.00000000  -0.00000000    -0.01075059  -0.00246484     0.00000000   0.00000000
 -0.01587643   0.01047289    -0.00000000  -0.00000000    -0.01225848   0.00638421
    2    7
  0.01406394   0.00427596     0.00000000  -0.00000000     0.00023516  -0.00319673
 -0.00000000  -0.00000000     0.00585891   0.00934472    -0.00000000  -0.00000000
 -0.01863178  -0.00382088    -0.00000000  -0.00000000     0.01318237   0.00415374
    3    1
  0.00997223   0.02407510     0.00000000   0.00000000    -0.00000000   0.00000000
 -0.00000000   0.00000000    -0.13352515   0.02231138    -0.00000000   0.00000000
 -0.00000000   0.00000000    -0.00000000   0.00000000     0.11019308  -0.07863999
    3    2
  0.08072592  -0.00000000     0.00000000  -0.00000000     0.00000000   0.00000000
 -0.00000000  -0.00000000    -0.00416123   0.01016676     0.00000000   0.00000000
  0.00000000   0.00000000     0.00000000   0.00000000    -0.00416123  -0.01016676
    3    3
  0.17400901   0.00000000    -0.00000000   0.00000000    -0.00000000   0.00000000
 -0.00000000   0.00000000     0.13608795   0.00000000     0.00000000   0.00000000
 -0.00000000   0.00000000    -0.00000000   0.00000000     0.13608795  -0.00000000
    3    4
  0.01406394   0.00427596     0.00023516  -0.00319673    -0.00000000  -0.00000000
 -0.01863178  -0.00382088     0.01318237   0.00415374     0.00000000  -0.00000000
 -0.00000000  -0.00000000    -0.00000000  -0.00000000     0.00585891   0.00934472
    3    5
 -0.01296827   0.00692115    -0.00209415  -0.00242671     0.00000000  -0.00000000
 -0.01587643   0.01047289    -0.01225848   0.00638421     0.00000000  -0.00000000
  0.00000000  -0.00000000     0.00000000   0.00000000    -0.01075059  -0.00246484
    3    6
  0.01406394  -0.00427596     0.00000000   0.00000000     0.00023516   0.00319673
  0.00000000   0.00000000     0.00585891  -0.00934472    -0.00000000  -0.00000000
 -0.01863178   0.00382088    -0.00000000   0.00000000     0.01318237  -0.00415374
    3    7
 -0.01296827  -0.00692115     0.00000000  -0.00000000    -0.00209415   0.00242671
  0.00000000   0.00000000    -0.01075059   0.00246484     0.00000000  -0.00000000
 -0.01587643  -0.01047289     0.00000000   0.00000000    -0.01225848  -0.00638421
    4    1
 -0.07220121   0.07220118    -0.02964516  -0.02964517    -0.00000000   0.00000000
 -0.01977625  -0.01977626     0.00745560  -0.00745560    -0.00000000   0.00000000
 -0.00000000   0.00000000    -0.00000000   0.00000000     0.10468986  -0.10468982
    4    2
 -0.01296827   0.00692115    -0.01587643   0.01047289     0.00000000   0.00000000
 -0.00209415  -0.00242671    -0.01225848   0.00638421     0.00000000   0.00000000
  0.00000000   0.00000000     0.00000000   0.00000000    -0.01075059  -0.00246484
    4    3
  0.01406394  -0.00427596    -0.01863178   0.00382088    -0.00000000   0.00000000
  0.00023516   0.00319673     0.01318237  -0.00415374    -0.00000000   0.00000000
 -0.00000000   0.00000000     0.00000000   0.00000000     0.00585891  -0.00934472
    4    4
  0.13399084  -0.00000000    -0.00000000  -0.00183881    -0.00000000   0.00000000
 -0.00000000   0.00183881     0.18325094  -0.00000000    -0.00000000   0.00000000
 -0.00000000   0.00000000    -0.00000000   0.00000000     0.13409735  -0.00000000
    4    5
 -0.00733808   0.00733808    -0.00108246  -0.00108246     0.00000000  -0.00000000
 -0.00108246  -0.00108246     0.07019463  -0.07019461     0.00000000  -0.00000000
  0.00000000   0.00000000     0.00000000   0.00000000    -0.01059118   0.01059118
    4    6
 -0.00506615   0.00506615     0.00478862   0.00478862     0.00809930   0.00809931
  0.00809930   0.00809931    -0.00546047   0.00546047     0.00521554  -0.00521554
  0.00478862   0.00478862    -0.01725721   0.01725720    -0.00546047   0.00546047
    4    7
  0.00716462  -0.00000000    -0.00000000  -0.00677213     0.00000000   0.01145415
 -0.00000000  -0.01145415     0.00772227  -0.00000000     0.00737589  -0.00000000
  0.00000000   0.00677213    -0.02440537   0.00000000     0.00772227  -0.00000000
    5    1
  0.10210791   0.00000000     0.00000000  -0.04192459     0.00000000   0.00000000
  0.00000000  -0.02796785    -0.01054381   0.00000000     0.00000000   0.00000000
  0.00000000   0.00000000     0.00000000   0.00000000    -0.14805379  -0.00000000
    5    2
  0.01406394   0.00427596    -0.01863178  -0.00382088     0.00000000  -0.00000000
  0.00023516  -0.00319673     0.01318237   0.00415374    -0.00000000  -0.00000000
 -0.00000000   0.00000000    -0.00000000   0.00000000     0.00585891   0.00934472
    5    3
 -0.01296827  -0.00692115    -0.01587643  -0.01047289     0.00000000  -0.00000000
 -0.00209415   0.00242671    -0.01225848  -0.00638421     0.00000000   0.00000000
  0.00000000  -0.00000000     0.00000000  -0.00000000    -0.01075059   0.00246484
    5    4
 -0.00733808  -0.00733808    -0.00108246   0.00108246     0.00000000   0.00000000
 -0.00108246   0.00108246     0.07019463   0.07019461     0.00000000   0.00000000
  0.00000000   0.00000000     0.00000000   0.00000000    -0.01059118  -0.01059118
    5    5
  0.13399084   0.00000000    -0.00000000   0.00183881    -0.00000000   0.00000000
 -0.00000000  -0.00183881     0.18325094   0.00000000    -0.00000000   0.00000000
 -0.00000000   0.00000000    -0.00000000   0.00000000     0.13409735   0.00000000
    5    6
  0.00716462   0.00000000     0.00000000   0.00677213     0.00000000  -0.01145415
 -0.00000000   0.01145415     0.00772227   0.00000000     0.00737589   0.00000000
  0.00000000  -0.00677213    -0.02440537  -0.00000000     0.00772227   0.00000000
    5    7
 -0.00506615  -0.00506615     0.00478862  -0.00478862     0.00809930  -0.00809931
  0.00809930  -0.00809931    -0.00546047  -0.00546047     0.00521554   0.00521554
  0.00478862  -0.00478862    -0.01725721  -0.01725720    -0.00546047  -0.00546047
    6    1
  0.10210791   0.00000000    -0.00000000   0.00000000     0.00000000  -0.04192459
  0.00000000   0.00000000    -0.14805379  -0.00000000     0.00000000  -0.00000000
  0.00000000  -0.02796785     0.00000000  -0.00000000    -0.01054381   0.00000000
    6    2
 -0.01296827  -0.00692115     0.00000000   0.00000000    -0.01587643  -0.01047289
  0.00000000   0.00000000    -0.01075059   0.00246484     0.00000000   0.00000000
 -0.00209415   0.00242671     0.00000000   0.00000000    -0.01225848  -0.00638421
    6    3
  0.01406394   0.00427596     0.00000000  -0.00000000    -0.01863178  -0.00382088
 -0.00000000   0.00000000     0.00585891   0.00934472    -0.00000000  -0.00000000
  0.00023516  -0.00319673    -0.00000000  -0.00000000     0.01318237   0.00415374
    6    4
 -0.00506615  -0.00506615     0.00809930  -0.00809931     0.00478862  -0.00478862
  0.00478862  -0.00478862    -0.00546047  -0.00546047    -0.01725721  -0.01725720
  0.00809930  -0.00809931     0.00521554   0.00521554    -0.00546047  -0.00546047
    6    5
  0.00716462  -0.00000000    -0.00000000  -0.01145415     0.00000000   0.00677213
 -0.00000000  -0.00677213     0.00772227  -0.00000000    -0.02440537   0.00000000
  0.00000000   0.01145415     0.00737589  -0.00000000     0.00772227  -0.00000000
    6    6
  0.13399084  -0.00000000    -0.00000000  -0.00000000    -0.00000000   0.00183881
 -0.00000000   0.00000000     0.13409735   0.00000000    -0.00000000   0.00000000
 -0.00000000  -0.00183881    -0.00000000   0.00000000     0.18325094   0.00000000
    6    7
 -0.00733808  -0.00733808     0.00000000   0.00000000    -0.00108246   0.00108246
  0.00000000   0.00000000    -0.01059118  -0.01059118    -0.00000000  -0.00000000
 -0.00108246   0.00108246    -0.00000000  -0.00000000     0.07019463   0.07019461
    7    1
 -0.07220121   0.07220118     0.00000000   0.00000000    -0.02964516  -0.02964517
  0.00000000   0.00000000     0.10468986  -0.10468982     0.00000000   0.00000000
 -0.01977625  -0.01977626     0.00000000   0.00000000     0.00745560  -0.00745560
    7    2
  0.01406394  -0.00427596     0.00000000  -0.00000000    -0.01863178   0.00382088
  0.00000000  -0.00000000     0.00585891  -0.00934472    -0.00000000   0.00000000
  0.00023516   0.00319673    -0.00000000  -0.00000000     0.01318237  -0.00415374
    7    3
 -0.01296827   0.00692115     0.00000000  -0.00000000    -0.01587643   0.01047289
  0.00000000  -0.00000000    -0.01075059  -0.00246484     0.00000000  -0.00000000
 -0.00209415  -0.00242671     0.00000000  -0.00000000    -0.01225848   0.00638421
    7    4
  0.00716462   0.00000000    -0.00000000   0.01145415     0.00000000  -0.00677213
 -0.00000000   0.00677213     0.00772227   0.00000000    -0.02440537  -0.00000000
  0.00000000  -0.01145415     0.00737589   0.00000000     0.00772227   0.00000000
    7    5
 -0.00506615   0.00506615     0.00809930   0.00809931     0.00478862   0.00478862
  0.00478862   0.00478862    -0.00546047   0.00546047    -0.01725721   0.01725720
  0.00809930   0.00809931     0.00521554  -0.00521554    -0.00546047   0.00546047
    7    6
 -0.00733808   0.00733808     0.00000000  -0.00000000    -0.00108246  -0.00108246
  0.00000000  -0.00000000    -0.01059118   0.01059118    -0.00000000   0.00000000
 -0.00108246  -0.00108246    -0.00000000   0.00000000     0.07019463  -0.07019461
    7    7
  0.13399084   0.00000000    -0.00000000   0.00000000    -0.00000000  -0.00183881
 -0.00000000  -0.00000000     0.13409735  -0.00000000    -0.00000000   0.00000000
 -0.00000000   0.00183881    -0.00000000  -0.00000000     0.18325094  -0.00000000

     Dynamical  Matrix in cartesian axes

     q = (   -0.649519100  -0.000000000  -0.000000000 ) 

    1    1
  0.79531630   0.00000000     0.00000000   0.00000000    -0.00000000   0.00000000
  0.00000000   0.00000000     0.81907930   0.00000000    -0.00000000   0.00000000
 -0.00000000   0.00000000    -0.00000000   0.00000000     0.81907930   0.00000000
    1    2
  0.00997223   0.02407510    -0.00000000   0.00000000     0.00000000  -0.00000000
 -0.00000000  -0.00000000     0.11019308  -0.07863999     0.00000000  -0.00000000
  0.00000000  -0.00000000     0.00000000  -0.00000000    -0.13352515   0.02231138
    1    3
  0.00997223   0.02407510     0.00000000  -0.00000000    -0.00000000   0.00000000
  0.00000000  -0.00000000    -0.13352515   0.02231138    -0.00000000   0.00000000
 -0.00000000   0.00000000    -0.00000000   0.00000000     0.11019308  -0.07863999
    1    4
 -0.07220121   0.07220118    -0.01977625  -0.01977626    -0.00000000   0.00000000
 -0.02964516  -0.02964517     0.00745560  -0.00745560    -0.00000000   0.00000000
 -0.00000000   0.00000000    -0.00000000   0.00000000     0.10468986  -0.10468982
    1    5
  0.10210791   0.00000000     0.00000000  -0.02796785     0.00000000  -0.00000000
  0.00000000  -0.04192459    -0.01054381  -0.00000000     0.00000000  -0.00000000
  0.00000000  -0.00000000     0.00000000  -0.00000000    -0.14805379  -0.00000000
    1    6
  0.10210791   0.00000000     0.00000000   0.00000000     0.00000000  -0.02796785
 -0.00000000   0.00000000    -0.14805379  -0.00000000     0.00000000  -0.00000000
  0.00000000  -0.04192459     0.00000000  -0.00000000    -0.01054381  -0.00000000
    1    7
 -0.07220121   0.07220118     0.00000000  -0.00000000    -0.01977625  -0.01977626
  0.00000000   0.00000000     0.10468986  -0.10468982     0.00000000   0.00000000
 -0.02964516  -0.02964517     0.00000000   0.00000000     0.00745560  -0.00745560
    2    1
  0.00997223  -0.02407510    -0.00000000   0.00000000     0.00000000   0.00000000
 -0.00000000   0.00000000     0.11019308   0.07863999     0.00000000   0.00000000
  0.00000000   0.00000000     0.00000000   0.00000000    -0.13352515  -0.02231138
    2    2
  0.17400901   0.00000000    -0.00000000   0.00000000    -0.00000000   0.00000000
 -0.00000000   0.00000000     0.13608795   0.00000000     0.00000000   0.00000000
 -0.00000000   0.00000000    -0.00000000   0.00000000     0.13608795  -0.00000000
    2    3
  0.08072592   0.00000000     0.00000000  -0.00000000     0.00000000   0.00000000
 -0.00000000  -0.00000000    -0.00416123   0.01016676     0.00000000   0.00000000
 -0.00000000   0.00000000     0.00000000   0.00000000    -0.00416123  -0.01016676
    2    4
 -0.01296827   0.00692115    -0.00209415  -0.00242671     0.00000000   0.00000000
 -0.01587643   0.01047289    -0.01225848   0.00638421     0.00000000   0.00000000
  0.00000000   0.00000000     0.00000000   0.00000000    -0.01075059  -0.00246484
    2    5
  0.01406394   0.00427596     0.00023516  -0.00319673     0.00000000  -0.00000000
 -0.01863178  -0.00382088     0.01318237   0.00415374     0.00000000  -0.00000000
 -0.00000000  -0.00000000    -0.00000000  -0.00000000     0.00585891   0.00934472
    2    6
 -0.01296827  -0.00692115     0.00000000   0.00000000    -0.00209415   0.00242671
  0.00000000   0.00000000    -0.01075059   0.00246484     0.00000000   0.00000000
 -0.01587643  -0.01047289     0.00000000   0.00000000    -0.01225848  -0.00638421
    2    7
  0.01406394  -0.00427596     0.00000000   0.00000000     0.00023516   0.00319673
  0.00000000   0.00000000     0.00585891  -0.00934472    -0.00000000  -0.00000000
 -0.01863178   0.00382088     0.00000000   0.00000000     0.01318237  -0.00415374
    3    1
  0.00997223  -0.02407510    -0.00000000   0.00000000    -0.00000000  -0.00000000
  0.00000000   0.00000000    -0.13352515  -0.02231138    -0.00000000  -0.00000000
 -0.00000000  -0.00000000    -0.00000000  -0.00000000     0.11019308   0.07863999
    3    2
  0.08072592  -0.00000000     0.00000000   0.00000000     0.00000000  -0.00000000
 -0.00000000   0.00000000    -0.00416123  -0.01016676     0.00000000  -0.00000000
 -0.00000000  -0.00000000     0.00000000  -0.00000000    -0.00416123   0.01016676
    3    3
  0.17400901  -0.00000000    -0.00000000  -0.00000000    -0.00000000  -0.00000000
 -0.00000000  -0.00000000     0.13608795  -0.00000000     0.00000000  -0.00000000
 -0.00000000  -0.00000000    -0.00000000  -0.00000000     0.13608795   0.00000000
    3    4
  0.01406394  -0.00427596     0.00023516   0.00319673     0.00000000   0.00000000
 -0.01863178   0.00382088     0.01318237  -0.00415374     0.00000000   0.00000000
  0.00000000   0.00000000     0.00000000   0.00000000     0.00585891  -0.00934472
    3    5
 -0.01296827  -0.00692115    -0.00209415   0.00242671     0.00000000  -0.00000000
 -0.01587643  -0.01047289    -0.01225848  -0.00638421     0.00000000   0.00000000
  0.00000000  -0.00000000     0.00000000  -0.00000000    -0.01075059   0.00246484
    3    6
  0.01406394   0.00427596     0.00000000  -0.00000000     0.00023516  -0.00319673
  0.00000000  -0.00000000     0.00585891   0.00934472    -0.00000000  -0.00000000
 -0.01863178  -0.00382088    -0.00000000  -0.00000000     0.01318237   0.00415374
    3    7
 -0.01296827   0.00692115     0.00000000  -0.00000000    -0.00209415  -0.00242671
  0.00000000  -0.00000000    -0.01075059  -0.00246484     0.00000000  -0.00000000
 -0.01587643   0.01047289     0.00000000  -0.00000000    -0.01225848   0.00638421
    4    1
 -0.07220121  -0.07220118    -0.02964516   0.02964517    -0.00000000  -0.00000000
 -0.01977625   0.01977626     0.00745560   0.00745560    -0.00000000  -0.00000000
 -0.00000000  -0.00000000    -0.00000000  -0.00000000     0.10468986   0.10468982
    4    2
 -0.01296827  -0.00692115    -0.01587643  -0.01047289     0.00000000   0.00000000
 -0.00209415   0.00242671    -0.01225848  -0.00638421     0.00000000   0.00000000
  0.00000000   0.00000000     0.00000000   0.00000000    -0.01075059   0.00246484
    4    3
  0.01406394   0.00427596    -0.01863178  -0.00382088     0.00000000   0.00000000
  0.00023516  -0.00319673     0.01318237   0.00415374    -0.00000000   0.00000000
  0.00000000  -0.00000000    -0.00000000  -0.00000000     0.00585891   0.00934472
    4    4
  0.13399084   0.00000000    -0.00000000   0.00183881    -0.00000000   0.00000000
 -0.00000000  -0.00183881     0.18325094   0.00000000     0.00000000   0.00000000
 -0.00000000   0.00000000    -0.00000000   0.00000000     0.13409735   0.00000000
    4    5
 -0.00733808  -0.00733808    -0.00108246   0.00108246     0.00000000   0.00000000
 -0.00108246   0.00108246     0.07019463   0.07019461     0.00000000   0.00000000
 -0.00000000   0.00000000     0.00000000   0.00000000    -0.01059118  -0.01059118
    4    6
 -0.00506615  -0.00506615     0.00478862  -0.00478862     0.00809930  -0.00809931
  0.00809930  -0.00809931    -0.00546047  -0.00546047     0.00521554   0.00521554
  0.00478862  -0.00478862    -0.01725721  -0.01725720    -0.00546047  -0.00546047
    4    7
  0.00716462   0.00000000     0.00000000   0.00677213    -0.00000000  -0.01145415
  0.00000000   0.01145415     0.00772227   0.00000000     0.00737589  -0.00000000
 -0.00000000  -0.00677213    -0.02440537   0.00000000     0.00772227   0.00000000
    5    1
  0.10210791  -0.00000000     0.00000000   0.04192459     0.00000000   0.00000000
  0.00000000   0.02796785    -0.01054381   0.00000000     0.00000000   0.00000000
  0.00000000   0.00000000     0.00000000  -0.00000000    -0.14805379   0.00000000
    5    2
  0.01406394  -0.00427596    -0.01863178   0.00382088     0.00000000   0.00000000
  0.00023516   0.00319673     0.01318237  -0.00415374    -0.00000000   0.00000000
  0.00000000   0.00000000     0.00000000   0.00000000     0.00585891  -0.00934472
    5    3
 -0.01296827   0.00692115    -0.01587643   0.01047289     0.00000000  -0.00000000
 -0.00209415  -0.00242671    -0.01225848   0.00638421     0.00000000  -0.00000000
  0.00000000   0.00000000     0.00000000   0.00000000    -0.01075059  -0.00246484
    5    4
 -0.00733808   0.00733808    -0.00108246  -0.00108246     0.00000000   0.00000000
 -0.00108246  -0.00108246     0.07019463  -0.07019461     0.00000000  -0.00000000
 -0.00000000  -0.00000000     0.00000000   0.00000000    -0.01059118   0.01059118
    5    5
  0.13399084  -0.00000000    -0.00000000  -0.00183881    -0.00000000   0.00000000
 -0.00000000   0.00183881     0.18325094  -0.00000000     0.00000000   0.00000000
 -0.00000000   0.00000000    -0.00000000   0.00000000     0.13409735  -0.00000000
    5    6
  0.00716462  -0.00000000     0.00000000  -0.00677213    -0.00000000   0.01145415
  0.00000000  -0.01145415     0.00772227   0.00000000     0.00737589   0.00000000
 -0.00000000   0.00677213    -0.02440537  -0.00000000     0.00772227   0.00000000
    5    7
 -0.00506615   0.00506615     0.00478862   0.00478862     0.00809930   0.00809931
  0.00809930   0.00809931    -0.00546047   0.00546047     0.00521554  -0.00521554
  0.00478862   0.00478862    -0.01725721   0.01725720    -0.00546047   0.00546047
    6    1
  0.10210791  -0.00000000    -0.00000000   0.00000000     0.00000000   0.04192459
 -0.00000000  -0.00000000    -0.14805379   0.00000000     0.00000000  -0.00000000
  0.00000000   0.02796785    -0.00000000  -0.00000000    -0.01054381   0.00000000
    6    2
 -0.01296827   0.00692115     0.00000000  -0.00000000    -0.01587643   0.01047289
  0.00000000  -0.00000000    -0.01075059  -0.00246484     0.00000000  -0.00000000
 -0.00209415  -0.00242671     0.00000000  -0.00000000    -0.01225848   0.00638421
    6    3
  0.01406394  -0.00427596     0.00000000  -0.00000000    -0.01863178   0.00382088
  0.00000000  -0.00000000     0.00585891  -0.00934472    -0.00000000   0.00000000
  0.00023516   0.00319673    -0.00000000   0.00000000     0.01318237  -0.00415374
    6    4
 -0.00506615   0.00506615     0.00809930   0.00809931     0.00478862   0.00478862
  0.00478862   0.00478862    -0.00546047   0.00546047    -0.01725721   0.01725720
  0.00809930   0.00809931     0.00521554  -0.00521554    -0.00546047   0.00546047
    6    5
  0.00716462   0.00000000    -0.00000000   0.01145415    -0.00000000  -0.00677213
  0.00000000   0.00677213     0.00772227   0.00000000    -0.02440537   0.00000000
 -0.00000000  -0.01145415     0.00737589  -0.00000000     0.00772227   0.00000000
    6    6
  0.13399084   0.00000000     0.00000000   0.00000000    -0.00000000  -0.00183881
  0.00000000  -0.00000000     0.13409735  -0.00000000    -0.00000000   0.00000000
 -0.00000000   0.00183881    -0.00000000  -0.00000000     0.18325094  -0.00000000
    6    7
 -0.00733808   0.00733808     0.00000000   0.00000000    -0.00108246  -0.00108246
  0.00000000   0.00000000    -0.01059118   0.01059118    -0.00000000   0.00000000
 -0.00108246  -0.00108246    -0.00000000   0.00000000     0.07019463  -0.07019461
    7    1
 -0.07220121  -0.07220118     0.00000000  -0.00000000    -0.02964516   0.02964517
  0.00000000  -0.00000000     0.10468986   0.10468982     0.00000000  -0.00000000
 -0.01977625   0.01977626    -0.00000000  -0.00000000     0.00745560   0.00745560
    7    2
  0.01406394   0.00427596     0.00000000   0.00000000    -0.01863178  -0.00382088
 -0.00000000   0.00000000     0.00585891   0.00934472    -0.00000000  -0.00000000
  0.00023516  -0.00319673    -0.00000000  -0.00000000     0.01318237   0.00415374
    7    3
 -0.01296827  -0.00692115     0.00000000   0.00000000    -0.01587643  -0.01047289
  0.00000000   0.00000000    -0.01075059   0.00246484     0.00000000   0.00000000
 -0.00209415   0.00242671     0.00000000   0.00000000    -0.01225848  -0.00638421
    7    4
  0.00716462   0.00000000     0.00000000  -0.01145415    -0.00000000   0.00677213
  0.00000000  -0.00677213     0.00772227   0.00000000    -0.02440537  -0.00000000
 -0.00000000   0.01145415     0.00737589   0.00000000     0.00772227   0.00000000
    7    5
 -0.00506615  -0.00506615     0.00809930  -0.00809931     0.00478862  -0.00478862
  0.00478862  -0.00478862    -0.00546047  -0.00546047    -0.01725721  -0.01725720
  0.00809930  -0.00809931     0.00521554   0.00521554    -0.00546047  -0.00546047
    7    6
 -0.00733808  -0.00733808     0.00000000  -0.00000000    -0.00108246   0.00108246
  0.00000000  -0.00000000    -0.01059118  -0.01059118    -0.00000000  -0.00000000
 -0.00108246   0.00108246    -0.00000000  -0.00000000     0.07019463   0.07019461
    7    7
  0.13399084  -0.00000000     0.00000000  -0.00000000    -0.00000000   0.00183881
  0.00000000   0.00000000     0.13409735   0.00000000    -0.00000000   0.00000000
 -0.00000000  -0.00183881    -0.00000000   0.00000000     0.18325094   0.00000000

     Dynamical  Matrix in cartesian axes

     q = (   -0.000000000   0.649519100   0.000000000 ) 

    1    1
  0.81907930   0.00000000     0.00000000   0.00000000    -0.00000000   0.00000000
  0.00000000   0.00000000     0.79531630   0.00000000    -0.00000000   0.00000000
 -0.00000000   0.00000000    -0.00000000   0.00000000     0.81907930   0.00000000
    1    2
 -0.01054381   0.00000000    -0.00000000   0.04192459     0.00000000   0.00000000
  0.00000000   0.02796785     0.10210791  -0.00000000     0.00000000   0.00000000
  0.00000000   0.00000000     0.00000000   0.00000000    -0.14805379   0.00000000
    1    3
  0.00745560   0.00745560    -0.02964516   0.02964517    -0.00000000  -0.00000000
 -0.01977625   0.01977626    -0.07220121  -0.07220118    -0.00000000  -0.00000000
 -0.00000000  -0.00000000    -0.00000000  -0.00000000     0.10468986   0.10468982
    1    4
 -0.13352515  -0.02231138     0.00000000   0.00000000    -0.00000000  -0.00000000
