Dynamical matrix file
Electron-phonon coefficients for Ca1H6                                     
  2    7   0   5.5613398   0.0000000   0.0000000   0.0000000   0.0000000   0.0000000
Basis vectors
     -0.577350269    0.577350269    0.577350269
      0.577350269   -0.577350269    0.577350269
      0.577350269    0.577350269   -0.577350269
           1  'Ca  '    36528.8623753087     
           2  'H   '    918.681110398939     
    1    1      0.0000000000      0.0000000000      0.0000000000
    2    2      0.2886751346      0.0000000000      0.5773502692
    3    2      0.2886751346      0.5773502692      0.0000000000
    4    2      0.5773502692      0.2886751346      0.0000000000
    5    2      0.0000000000      0.2886751346      0.5773502692
    6    2      0.0000000000      0.5773502692      0.2886751346
    7    2      0.5773502692      0.0000000000      0.2886751346

     Dynamical  Matrix in cartesian axes

     q = (   -0.866025400  -0.324759500  -0.324759500 ) 

    1    1
  0.73735159   0.00000000    -0.00000000   0.00000000    -0.00000000   0.00000000
 -0.00000000   0.00000000     0.69193430   0.00000000    -0.13664957   0.00000000
 -0.00000000   0.00000000    -0.13664957   0.00000000     0.69193430   0.00000000
    1    2
  0.00000000  -0.00000000    -0.04613470   0.01910963    -0.04613470   0.01910963
 -0.03977679   0.01647609     0.01864893   0.04502249     0.00114270   0.00275872
 -0.03977679   0.01647609    -0.00114270  -0.00275872    -0.01864893  -0.04502249
    1    3
  0.00000000  -0.00000000    -0.04613470   0.01910963    -0.04613470   0.01910963
 -0.03977679   0.01647609    -0.01864893  -0.04502249    -0.00114270  -0.00275872
 -0.03977679   0.01647609     0.00114270   0.00275872     0.01864893   0.04502249
    1    4
 -0.11582784  -0.01561313     0.00000000   0.00000000     0.00000000  -0.00000000
  0.00000000  -0.00000000     0.00394502  -0.02113766    -0.08476011   0.02679996
  0.00000000  -0.00000000    -0.05175423   0.00809421     0.02564905   0.04593188
    1    5
 -0.07086249   0.09294282     0.00000000  -0.00000000     0.00000000   0.00000000
  0.00000000  -0.00000000     0.01773613   0.01215703    -0.07888487   0.04098403
  0.00000000   0.00000000    -0.04231923   0.03087231    -0.01434214  -0.05061535
    1    6
 -0.07086249   0.09294282     0.00000000  -0.00000000    -0.00000000  -0.00000000
  0.00000000  -0.00000000    -0.01434214  -0.05061535    -0.04231923   0.03087231
  0.00000000  -0.00000000    -0.07888487   0.04098403     0.01773613   0.01215703
    1    7
 -0.11582784  -0.01561313     0.00000000  -0.00000000    -0.00000000   0.00000000
  0.00000000  -0.00000000     0.02564905   0.04593188    -0.05175423   0.00809421
  0.00000000   0.00000000    -0.08476011   0.02679996     0.00394502  -0.02113766
    2    1
  0.00000000   0.00000000    -0.03977679  -0.01647609    -0.03977679  -0.01647609
 -0.04613470  -0.01910963     0.01864893  -0.04502249    -0.00114270   0.00275872
 -0.04613470  -0.01910963     0.00114270  -0.00275872    -0.01864893   0.04502249
    2    2
  0.18431277   0.00000000    -0.00000000  -0.00013612    -0.00000000   0.00013612
  0.00000000   0.00013612     0.13669908   0.00000000     0.00059747  -0.00000000
 -0.00000000  -0.00013612     0.00059747   0.00000000     0.13669908   0.00000000
    2    3
  0.08785561   0.00000000     0.00000000   0.00082125     0.00000000  -0.00082125
  0.00000000   0.00082125    -0.01001200  -0.00000000     0.00587034   0.00000000
  0.00000000  -0.00082125     0.00587034   0.00000000    -0.01001200  -0.00000000
    2    4
 -0.01023653   0.00229343     0.00527510   0.00142976     0.01479361   0.00342311
 -0.01469194   0.00198374    -0.01317402   0.00718742     0.00792587   0.00590693
  0.00857997   0.00290437     0.01184300   0.00694894    -0.00383317   0.00644981
    2    5
  0.01023653   0.00229343     0.00527510  -0.00142976     0.01479361  -0.00342311
 -0.01469194  -0.00198374     0.01317402   0.00718742    -0.00792587   0.00590693
  0.00857997  -0.00290437    -0.01184300   0.00694894     0.00383317   0.00644981
    2    6
 -0.01023653  -0.00229343     0.01479361  -0.00342311     0.00527510  -0.00142976
  0.00857997  -0.00290437    -0.00383317  -0.00644981     0.01184300  -0.00694894
 -0.01469194  -0.00198374     0.00792587  -0.00590693    -0.01317402  -0.00718742
    2    7
  0.01023653  -0.00229343     0.01479361   0.00342311     0.00527510   0.00142976
  0.00857997   0.00290437     0.00383317  -0.00644981    -0.01184300  -0.00694894
 -0.01469194   0.00198374    -0.00792587  -0.00590693     0.01317402  -0.00718742
    3    1
  0.00000000   0.00000000    -0.03977679  -0.01647609    -0.03977679  -0.01647609
 -0.04613470  -0.01910963    -0.01864893   0.04502249     0.00114270  -0.00275872
 -0.04613470  -0.01910963    -0.00114270   0.00275872     0.01864893  -0.04502249
    3    2
  0.08785561  -0.00000000    -0.00000000  -0.00082125     0.00000000   0.00082125
 -0.00000000  -0.00082125    -0.01001200   0.00000000     0.00587034  -0.00000000
  0.00000000   0.00082125     0.00587034  -0.00000000    -0.01001200   0.00000000
    3    3
  0.18431277   0.00000000    -0.00000000   0.00013612    -0.00000000  -0.00013612
 -0.00000000  -0.00013612     0.13669908  -0.00000000     0.00059747  -0.00000000
 -0.00000000   0.00013612     0.00059747   0.00000000     0.13669908   0.00000000
    3    4
  0.01023653  -0.00229343     0.00527510   0.00142976     0.01479361   0.00342311
 -0.01469194   0.00198374     0.01317402  -0.00718742    -0.00792587  -0.00590693
  0.00857997   0.00290437    -0.01184300  -0.00694894     0.00383317  -0.00644981
    3    5
 -0.01023653  -0.00229343     0.00527510  -0.00142976     0.01479361  -0.00342311
 -0.01469194  -0.00198374    -0.01317402  -0.00718742     0.00792587  -0.00590693
  0.00857997  -0.00290437     0.01184300  -0.00694894    -0.00383317  -0.00644981
    3    6
  0.01023653   0.00229343     0.01479361  -0.00342311     0.00527510  -0.00142976
  0.00857997  -0.00290437     0.00383317   0.00644981    -0.01184300   0.00694894
 -0.01469194  -0.00198374    -0.00792587   0.00590693     0.01317402   0.00718742
    3    7
 -0.01023653   0.00229343     0.01479361   0.00342311     0.00527510   0.00142976
  0.00857997   0.00290437    -0.00383317   0.00644981     0.01184300   0.00694894
 -0.01469194   0.00198374     0.00792587   0.00590693    -0.01317402   0.00718742
    4    1
 -0.11582784   0.01561313     0.00000000   0.00000000     0.00000000   0.00000000
  0.00000000   0.00000000     0.00394502   0.02113766    -0.05175423  -0.00809421
  0.00000000   0.00000000    -0.08476011  -0.02679996     0.02564905  -0.04593188
    4    2
 -0.01023653  -0.00229343    -0.01469194  -0.00198374     0.00857997  -0.00290437
  0.00527510  -0.00142976    -0.01317402  -0.00718742     0.01184300  -0.00694894
  0.01479361  -0.00342311     0.00792587  -0.00590693    -0.00383317  -0.00644981
    4    3
  0.01023653   0.00229343    -0.01469194  -0.00198374     0.00857997  -0.00290437
  0.00527510  -0.00142976     0.01317402   0.00718742    -0.01184300   0.00694894
  0.01479361  -0.00342311    -0.00792587   0.00590693     0.00383317   0.00644981
    4    4
  0.14488592   0.00000000     0.00000000  -0.00000000    -0.00000000  -0.00000000
 -0.00000000  -0.00000000     0.16391331  -0.00000000     0.00467834   0.00040762
 -0.00000000   0.00000000     0.00467834  -0.00040762     0.13829415  -0.00000000
    4    5
 -0.01531198   0.00246458     0.00000000  -0.00000000    -0.00000000   0.00000000
  0.00000000  -0.00000000     0.00894456   0.04354928    -0.00571155   0.00627675
  0.00000000   0.00000000    -0.00571155   0.00627675    -0.00268069  -0.00404198
    4    6
 -0.01471404   0.00318823     0.00000000   0.00000000     0.00000000   0.00000000
  0.00000000   0.00000000    -0.00060404  -0.00737566    -0.01115079  -0.00424696
  0.00000000   0.00000000     0.00705501  -0.01289078    -0.00060404  -0.00737566
    4    7
  0.02436328  -0.00000000    -0.00000000   0.00000000    -0.00000000  -0.00000000
 -0.00000000   0.00000000     0.02072069  -0.00229149    -0.00596139   0.00000000
 -0.00000000  -0.00000000    -0.01421610   0.00000000     0.02072069   0.00229149
    5    1
 -0.07086249  -0.09294282     0.00000000   0.00000000     0.00000000   0.00000000
  0.00000000   0.00000000     0.01773613  -0.01215703    -0.04231923  -0.03087231
 -0.00000000  -0.00000000    -0.07888487  -0.04098403    -0.01434214   0.05061535
    5    2
  0.01023653  -0.00229343    -0.01469194   0.00198374     0.00857997   0.00290437
  0.00527510   0.00142976     0.01317402  -0.00718742    -0.01184300  -0.00694894
  0.01479361   0.00342311    -0.00792587  -0.00590693     0.00383317  -0.00644981
    5    3
 -0.01023653   0.00229343    -0.01469194   0.00198374     0.00857997   0.00290437
  0.00527510   0.00142976    -0.01317402   0.00718742     0.01184300   0.00694894
  0.01479361   0.00342311     0.00792587   0.00590693    -0.00383317   0.00644981
    5    4
 -0.01531198  -0.00246458     0.00000000   0.00000000     0.00000000  -0.00000000
  0.00000000   0.00000000     0.00894456  -0.04354928    -0.00571155  -0.00627675
 -0.00000000  -0.00000000    -0.00571155  -0.00627675    -0.00268069   0.00404198
    5    5
  0.14488592  -0.00000000     0.00000000   0.00000000    -0.00000000   0.00000000
 -0.00000000   0.00000000     0.16391331   0.00000000     0.00467834  -0.00040762
 -0.00000000  -0.00000000     0.00467834   0.00040762     0.13829415   0.00000000
    5    6
  0.02436328   0.00000000     0.00000000  -0.00000000    -0.00000000   0.00000000
  0.00000000  -0.00000000     0.02072069   0.00229149    -0.00596139   0.00000000
 -0.00000000   0.00000000    -0.01421610  -0.00000000     0.02072069  -0.00229149
    5    7
 -0.01471404  -0.00318823    -0.00000000  -0.00000000    -0.00000000  -0.00000000
 -0.00000000  -0.00000000    -0.00060404   0.00737566    -0.01115079   0.00424696
 -0.00000000  -0.00000000     0.00705501   0.01289078    -0.00060404   0.00737566
    6    1
 -0.07086249  -0.09294282     0.00000000   0.00000000     0.00000000   0.00000000
  0.00000000   0.00000000    -0.01434214   0.05061535    -0.07888487  -0.04098403
 -0.00000000   0.00000000    -0.04231923  -0.03087231     0.01773613  -0.01215703
    6    2
 -0.01023653   0.00229343     0.00857997   0.00290437    -0.01469194   0.00198374
  0.01479361   0.00342311    -0.00383317   0.00644981     0.00792587   0.00590693
  0.00527510   0.00142976     0.01184300   0.00694894    -0.01317402   0.00718742
    6    3
  0.01023653  -0.00229343     0.00857997   0.00290437    -0.01469194   0.00198374
  0.01479361   0.00342311     0.00383317  -0.00644981    -0.00792587  -0.00590693
  0.00527510   0.00142976    -0.01184300  -0.00694894     0.01317402  -0.00718742
    6    4
 -0.01471404  -0.00318823     0.00000000  -0.00000000     0.00000000  -0.00000000
 -0.00000000  -0.00000000    -0.00060404   0.00737566     0.00705501   0.01289078
 -0.00000000  -0.00000000    -0.01115079   0.00424696    -0.00060404   0.00737566
    6    5
  0.02436328   0.00000000    -0.00000000   0.00000000    -0.00000000  -0.00000000
  0.00000000   0.00000000     0.02072069  -0.00229149    -0.01421610  -0.00000000
 -0.00000000  -0.00000000    -0.00596139  -0.00000000     0.02072069   0.00229149
    6    6
  0.14488592  -0.00000000     0.00000000   0.00000000    -0.00000000   0.00000000
  0.00000000  -0.00000000     0.13829415   0.00000000     0.00467834   0.00040762
 -0.00000000   0.00000000     0.00467834  -0.00040762     0.16391331   0.00000000
    6    7
 -0.01531198  -0.00246458     0.00000000   0.00000000    -0.00000000   0.00000000
  0.00000000  -0.00000000    -0.00268069   0.00404198    -0.00571155  -0.00627675
  0.00000000   0.00000000    -0.00571155  -0.00627675     0.00894456  -0.04354928
    7    1
 -0.11582784   0.01561313     0.00000000   0.00000000     0.00000000  -0.00000000
  0.00000000   0.00000000     0.02564905  -0.04593188    -0.08476011  -0.02679996
 -0.00000000  -0.00000000    -0.05175423  -0.00809421     0.00394502   0.02113766
    7    2
  0.01023653   0.00229343     0.00857997  -0.00290437    -0.01469194  -0.00198374
  0.01479361  -0.00342311     0.00383317   0.00644981    -0.00792587   0.00590693
  0.00527510  -0.00142976    -0.01184300   0.00694894     0.01317402   0.00718742
    7    3
 -0.01023653  -0.00229343     0.00857997  -0.00290437    -0.01469194  -0.00198374
  0.01479361  -0.00342311    -0.00383317  -0.00644981     0.00792587  -0.00590693
  0.00527510  -0.00142976     0.01184300  -0.00694894    -0.01317402  -0.00718742
    7    4
  0.02436328   0.00000000    -0.00000000  -0.00000000    -0.00000000   0.00000000
 -0.00000000  -0.00000000     0.02072069   0.00229149    -0.01421610  -0.00000000
 -0.00000000   0.00000000    -0.00596139  -0.00000000     0.02072069  -0.00229149
    7    5
 -0.01471404   0.00318823     0.00000000   0.00000000    -0.00000000   0.00000000
 -0.00000000   0.00000000    -0.00060404  -0.00737566     0.00705501  -0.01289078
 -0.00000000   0.00000000    -0.01115079  -0.00424696    -0.00060404  -0.00737566
    7    6
 -0.01531198   0.00246458     0.00000000   0.00000000    -0.00000000  -0.00000000
  0.00000000   0.00000000    -0.00268069  -0.00404198    -0.00571155   0.00627675
  0.00000000  -0.00000000    -0.00571155   0.00627675     0.00894456   0.04354928
    7    7
  0.14488592   0.00000000     0.00000000  -0.00000000    -0.00000000  -0.00000000
  0.00000000   0.00000000     0.13829415  -0.00000000     0.00467834  -0.00040762
 -0.00000000  -0.00000000     0.00467834   0.00040762     0.16391331  -0.00000000

     Dynamical  Matrix in cartesian axes

     q = (   -0.324759500  -0.866025400   0.324759500 ) 

    1    1
  0.69193430   0.00000000    -0.00000000   0.00000000     0.13664957   0.00000000
 -0.00000000   0.00000000     0.73735159   0.00000000    -0.00000000   0.00000000
  0.13664957   0.00000000    -0.00000000   0.00000000     0.69193430   0.00000000
    1    2
 -0.00394502  -0.02113766     0.00000000   0.00000000    -0.08476011  -0.02679996
  0.00000000   0.00000000     0.11582784  -0.01561313     0.00000000  -0.00000000
 -0.05175423  -0.00809421     0.00000000   0.00000000    -0.02564905   0.04593188
    1    3
  0.00394502  -0.02113766    -0.00000000   0.00000000     0.08476011  -0.02679996
  0.00000000   0.00000000    -0.11582784  -0.01561313     0.00000000  -0.00000000
  0.05175423  -0.00809421     0.00000000  -0.00000000     0.02564905   0.04593188
    1    4
 -0.01864893  -0.04502249    -0.03977679   0.01647609     0.00114270   0.00275872
 -0.04613470   0.01910963    -0.00000000   0.00000000     0.04613470  -0.01910963
 -0.00114270  -0.00275872     0.03977679  -0.01647609     0.01864893   0.04502249
    1    5
  0.01864893  -0.04502249     0.03977679   0.01647609    -0.00114270   0.00275872
  0.04613470   0.01910962     0.00000000   0.00000000    -0.04613470  -0.01910962
  0.00114270  -0.00275872    -0.03977679  -0.01647609    -0.01864893   0.04502249
    1    6
  0.02564905  -0.04593188    -0.00000000  -0.00000000     0.05175423   0.00809421
 -0.00000000   0.00000000    -0.11582784   0.01561313     0.00000000  -0.00000000
  0.08476011   0.02679996     0.00000000  -0.00000000     0.00394502   0.02113766
    1    7
 -0.02564905  -0.04593188     0.00000000  -0.00000000    -0.05175423   0.00809421
  0.00000000   0.00000000     0.11582784   0.01561313     0.00000000  -0.00000000
 -0.08476011   0.02679996    -0.00000000   0.00000000    -0.00394502   0.02113766
    2    1
 -0.00394502   0.02113766     0.00000000  -0.00000000    -0.05175423   0.00809421
  0.00000000  -0.00000000     0.11582784   0.01561313     0.00000000   0.00000000
 -0.08476011   0.02679996     0.00000000   0.00000000    -0.02564905  -0.04593188
    2    2
  0.16391331   0.00000000    -0.00000000   0.00000000    -0.00467834   0.00040762
 -0.00000000   0.00000000     0.14488592  -0.00000000     0.00000000   0.00000000
 -0.00467834  -0.00040762    -0.00000000   0.00000000     0.13829415   0.00000000
    2    3
  0.02446924   0.03711875     0.00000000   0.00000000    -0.00847700  -0.00039966
  0.00000000   0.00000000     0.01256992  -0.00908449     0.00000000  -0.00000000
 -0.00847700  -0.00039966    -0.00000000   0.00000000    -0.00096258  -0.00475364
    2    4
  0.00423316  -0.01439771    -0.00474106   0.00271907     0.01328790  -0.00346062
  0.00898605  -0.01179149     0.00561662  -0.00886002     0.00812065  -0.00401326
  0.00978126  -0.00142761     0.01288117  -0.00804016    -0.00185025  -0.00727117
    2    5
  0.01317402  -0.00718742     0.00527510   0.00142976     0.01184300   0.00694894
 -0.01469194   0.00198374     0.01023653  -0.00229343    -0.00857997  -0.00290437
  0.00792587   0.00590693    -0.01479361  -0.00342311     0.00383317  -0.00644981
    2    6
 -0.02072069  -0.00229149     0.00000000   0.00000000    -0.00596139   0.00000000
  0.00000000   0.00000000    -0.02436328   0.00000000     0.00000000  -0.00000000
 -0.01421610   0.00000000     0.00000000  -0.00000000    -0.02072069   0.00229149
    2    7
  0.00478826   0.00564250     0.00000000   0.00000000     0.00488174  -0.01088786
  0.00000000  -0.00000000    -0.01265882   0.00814998    -0.00000000  -0.00000000
 -0.01410381  -0.00412651    -0.00000000  -0.00000000     0.00478826   0.00564250
    3    1
  0.00394502   0.02113766     0.00000000  -0.00000000     0.05175423   0.00809421
 -0.00000000  -0.00000000    -0.11582784   0.01561313     0.00000000   0.00000000
  0.08476011   0.02679996     0.00000000   0.00000000     0.02564905  -0.04593188
    3    2
  0.02446924  -0.03711875    -0.00000000   0.00000000    -0.00847700   0.00039966
  0.00000000  -0.00000000     0.01256992   0.00908449    -0.00000000   0.00000000
 -0.00847700   0.00039966    -0.00000000   0.00000000    -0.00096258   0.00475364
    3    3
  0.16391331  -0.00000000    -0.00000000   0.00000000    -0.00467834  -0.00040762
 -0.00000000  -0.00000000     0.14488592   0.00000000    -0.00000000   0.00000000
 -0.00467834   0.00040762    -0.00000000   0.00000000     0.13829415  -0.00000000
    3    4
  0.01317402   0.00718742     0.00527510  -0.00142976     0.01184300  -0.00694894
 -0.01469194  -0.00198374     0.01023653   0.00229343    -0.00857997   0.00290437
  0.00792587  -0.00590693    -0.01479361   0.00342311     0.00383317   0.00644981
    3    5
  0.00423316   0.01439771    -0.00474106  -0.00271907     0.01328790   0.00346062
  0.00898605   0.01179149     0.00561662   0.00886002     0.00812065   0.00401326
  0.00978126   0.00142761     0.01288117   0.00804016    -0.00185025   0.00727117
    3    6
  0.00478826  -0.00564250     0.00000000  -0.00000000     0.00488174   0.01088786
  0.00000000  -0.00000000    -0.01265882  -0.00814998     0.00000000   0.00000000
 -0.01410381   0.00412651     0.00000000   0.00000000     0.00478826  -0.00564250
    3    7
 -0.02072069   0.00229149     0.00000000  -0.00000000    -0.00596139  -0.00000000
  0.00000000  -0.00000000    -0.02436328  -0.00000000     0.00000000   0.00000000
 -0.01421610  -0.00000000     0.00000000   0.00000000    -0.02072069  -0.00229149
    4    1
 -0.01864893   0.04502249    -0.04613470  -0.01910963    -0.00114270   0.00275872
 -0.03977679  -0.01647609    -0.00000000   0.00000000     0.03977679   0.01647609
  0.00114270  -0.00275872     0.04613470   0.01910963     0.01864893  -0.04502249
    4    2
  0.00423316   0.01439771     0.00898605   0.01179149     0.00978126   0.00142761
 -0.00474106  -0.00271907     0.00561662   0.00886002     0.01288117   0.00804016
  0.01328790   0.00346062     0.00812065   0.00401326    -0.00185025   0.00727117
    4    3
  0.01317402  -0.00718742    -0.01469194   0.00198374     0.00792587   0.00590693
  0.00527510   0.00142976     0.01023653  -0.00229343    -0.01479361  -0.00342311
  0.01184300   0.00694894    -0.00857997  -0.00290437     0.00383317  -0.00644981
    4    4
  0.13669908   0.00000000    -0.00000000  -0.00013612    -0.00059747   0.00000000
  0.00000000   0.00013612     0.18431277   0.00000000    -0.00000000   0.00013612
 -0.00059747  -0.00000000    -0.00000000  -0.00013612     0.13669908   0.00000000
    4    5
  0.00707955   0.00707956    -0.00058071   0.00058071     0.00415096   0.00415096
 -0.00058071   0.00058071    -0.06212329  -0.06212331    -0.00058071   0.00058071
  0.00415096   0.00415096    -0.00058071   0.00058071     0.00707955   0.00707956
    4    6
 -0.00185025   0.00727117     0.00812065   0.00401326     0.01328790   0.00346062
  0.01288117   0.00804016     0.00561662   0.00886002    -0.00474106  -0.00271907
  0.00978126   0.00142761     0.00898605   0.01179149     0.00423316   0.01439771
    4    7
  0.00383317  -0.00644981    -0.00857997  -0.00290437     0.01184300   0.00694894
 -0.01479361  -0.00342311     0.01023653  -0.00229343     0.00527510   0.00142976
  0.00792587   0.00590693    -0.01469194   0.00198374     0.01317402  -0.00718741
    5    1
  0.01864893   0.04502249     0.04613470  -0.01910962     0.00114270   0.00275872
  0.03977679  -0.01647609     0.00000000   0.00000000    -0.03977679   0.01647609
 -0.00114270  -0.00275872    -0.04613470   0.01910962    -0.01864893  -0.04502249
    5    2
  0.01317402   0.00718742    -0.01469194  -0.00198374     0.00792587  -0.00590693
  0.00527510  -0.00142976     0.01023653   0.00229343    -0.01479361   0.00342311
  0.01184300  -0.00694894    -0.00857997   0.00290437     0.00383317   0.00644981
    5    3
  0.00423316  -0.01439771     0.00898605  -0.01179149     0.00978126  -0.00142761
 -0.00474106   0.00271907     0.00561662  -0.00886002     0.01288117  -0.00804016
  0.01328790  -0.00346062     0.00812065  -0.00401326    -0.00185025  -0.00727117
    5    4
  0.00707955  -0.00707956    -0.00058071  -0.00058071     0.00415096  -0.00415096
 -0.00058071  -0.00058071    -0.06212329   0.06212331    -0.00058071  -0.00058071
  0.00415096  -0.00415096    -0.00058071  -0.00058071     0.00707955  -0.00707956
    5    5
  0.13669908   0.00000000     0.00000000   0.00013612    -0.00059747   0.00000000
  0.00000000  -0.00013612     0.18431277   0.00000000     0.00000000  -0.00013612
 -0.00059747  -0.00000000    -0.00000000   0.00013612     0.13669908   0.00000000
    5    6
  0.00383317   0.00644981    -0.00857997   0.00290437     0.01184300  -0.00694894
 -0.01479361   0.00342311     0.01023653   0.00229343     0.00527510  -0.00142976
  0.00792587  -0.00590693    -0.01469194  -0.00198374     0.01317402   0.00718741
    5    7
 -0.00185025  -0.00727117     0.00812065  -0.00401326     0.01328790  -0.00346062
  0.01288117  -0.00804016     0.00561662  -0.00886002    -0.00474106   0.00271907
  0.00978126  -0.00142761     0.00898605  -0.01179149     0.00423316  -0.01439771
    6    1
  0.02564905   0.04593188    -0.00000000  -0.00000000     0.08476011  -0.02679996
 -0.00000000   0.00000000    -0.11582784  -0.01561313    -0.00000000   0.00000000
  0.05175423  -0.00809421     0.00000000  -0.00000000     0.00394502  -0.02113766
    6    2
 -0.02072069   0.00229149     0.00000000  -0.00000000    -0.01421610  -0.00000000
  0.00000000  -0.00000000    -0.02436328  -0.00000000     0.00000000   0.00000000
 -0.00596139  -0.00000000     0.00000000   0.00000000    -0.02072069  -0.00229149
    6    3
  0.00478826   0.00564250     0.00000000   0.00000000    -0.01410381  -0.00412651
  0.00000000   0.00000000    -0.01265882   0.00814998     0.00000000  -0.00000000
  0.00488174  -0.01088786    -0.00000000  -0.00000000     0.00478826   0.00564250
    6    4
 -0.00185025  -0.00727117     0.01288117  -0.00804016     0.00978126  -0.00142761
  0.00812065  -0.00401326     0.00561662  -0.00886002     0.00898605  -0.01179149
  0.01328790  -0.00346062    -0.00474106   0.00271907     0.00423316  -0.01439771
    6    5
  0.00383317  -0.00644981    -0.01479361  -0.00342311     0.00792587   0.00590693
 -0.00857997  -0.00290437     0.01023653  -0.00229343    -0.01469194   0.00198374
  0.01184300   0.00694894     0.00527510   0.00142976     0.01317402  -0.00718741
    6    6
  0.13829415   0.00000000     0.00000000   0.00000000    -0.00467834  -0.00040762
  0.00000000  -0.00000000     0.14488592  -0.00000000    -0.00000000   0.00000000
 -0.00467834   0.00040762    -0.00000000   0.00000000     0.16391331   0.00000000
    6    7
 -0.00096258  -0.00475364     0.00000000  -0.00000000    -0.00847700  -0.00039966
  0.00000000   0.00000000     0.01256992  -0.00908448     0.00000000  -0.00000000
 -0.00847700  -0.00039966     0.00000000  -0.00000000     0.02446924   0.03711875
    7    1
 -0.02564905   0.04593188     0.00000000  -0.00000000    -0.08476011  -0.02679996
  0.00000000   0.00000000     0.11582784  -0.01561313    -0.00000000   0.00000000
 -0.05175423  -0.00809421     0.00000000  -0.00000000    -0.00394502  -0.02113766
    7    2
  0.00478826  -0.00564250     0.00000000  -0.00000000    -0.01410381   0.00412651
  0.00000000  -0.00000000    -0.01265882  -0.00814998     0.00000000   0.00000000
  0.00488174   0.01088786     0.00000000   0.00000000     0.00478826  -0.00564250
    7    3
 -0.02072069  -0.00229149     0.00000000   0.00000000    -0.01421610   0.00000000
  0.00000000  -0.00000000    -0.02436328   0.00000000     0.00000000  -0.00000000
 -0.00596139   0.00000000     0.00000000  -0.00000000    -0.02072069   0.00229149
    7    4
  0.00383317   0.00644981    -0.01479361   0.00342311     0.00792587  -0.00590693
 -0.00857997   0.00290437     0.01023653   0.00229343    -0.01469194  -0.00198374
  0.01184300  -0.00694894     0.00527510  -0.00142976     0.01317402   0.00718741
    7    5
 -0.00185025   0.00727117     0.01288117   0.00804016     0.00978126   0.00142761
  0.00812065   0.00401326     0.00561662   0.00886002     0.00898605   0.01179149
  0.01328790   0.00346062    -0.00474106  -0.00271907     0.00423316   0.01439771
    7    6
 -0.00096258   0.00475364     0.00000000  -0.00000000    -0.00847700   0.00039966
  0.00000000  -0.00000000     0.01256992   0.00908448     0.00000000   0.00000000
 -0.00847700   0.00039966     0.00000000   0.00000000     0.02446924  -0.03711875
    7    7
  0.13829415  -0.00000000     0.00000000  -0.00000000    -0.00467834   0.00040762
  0.00000000   0.00000000     0.14488592   0.00000000    -0.00000000   0.00000000
 -0.00467834  -0.00040762    -0.00000000  -0.00000000     0.16391331  -0.00000000

     Dynamical  Matrix in cartesian axes

     q = (    0.324759500   0.866025400   0.324759500 ) 

    1    1
  0.69193430   0.00000000    -0.00000000   0.00000000    -0.13664957   0.00000000
  0.00000000   0.00000000     0.73735159   0.00000000    -0.00000000   0.00000000
 -0.13664957   0.00000000    -0.00000000   0.00000000     0.69193430   0.00000000
    1    2
  0.01773613  -0.01215703     0.00000000   0.00000000    -0.07888487  -0.04098403
  0.00000000   0.00000000    -0.07086249  -0.09294281     0.00000000   0.00000000
 -0.04231923  -0.03087231     0.00000000   0.00000000    -0.01434214   0.05061535
    1    3
  0.00394502   0.02113766     0.00000000   0.00000000    -0.08476011  -0.02679996
  0.00000000  -0.00000000    -0.11582784   0.01561313    -0.00000000   0.00000000
 -0.05175423  -0.00809421     0.00000000   0.00000000     0.02564905  -0.04593188
    1    4
 -0.01864893   0.04502249    -0.03977679  -0.01647609    -0.00114270   0.00275872
 -0.04613470  -0.01910963     0.00000000   0.00000000    -0.04613470  -0.01910963
  0.00114270  -0.00275872    -0.03977679  -0.01647609     0.01864893  -0.04502249
    1    5
  0.01864893  -0.04502249    -0.03977679  -0.01647609     0.00114270  -0.00275872
 -0.04613470  -0.01910963     0.00000000   0.00000000    -0.04613470  -0.01910963
 -0.00114270   0.00275872    -0.03977679  -0.01647609    -0.01864893   0.04502249
    1    6
  0.02564905  -0.04593188     0.00000000   0.00000000    -0.05175423  -0.00809421
  0.00000000   0.00000000    -0.11582784   0.01561313     0.00000000  -0.00000000
 -0.08476011  -0.02679996     0.00000000  -0.00000000     0.00394502   0.02113766
    1    7
 -0.01434214   0.05061535     0.00000000   0.00000000    -0.04231923  -0.03087231
  0.00000000   0.00000000    -0.07086249  -0.09294281     0.00000000   0.00000000
 -0.07888487  -0.04098403    -0.00000000   0.00000000     0.01773613  -0.01215703
    2    1
  0.01773613   0.01215703     0.00000000  -0.00000000    -0.04231923   0.03087231
  0.00000000  -0.00000000    -0.07086249   0.09294281     0.00000000   0.00000000
 -0.07888487   0.04098403    -0.00000000  -0.00000000    -0.01434214  -0.05061535
    2    2
  0.16391331  -0.00000000    -0.00000000  -0.00000000     0.00467834   0.00040762
 -0.00000000  -0.00000000     0.14488592   0.00000000    -0.00000000  -0.00000000
  0.00467834  -0.00040762    -0.00000000   0.00000000     0.13829415  -0.00000000
    2    3
  0.00894456   0.04354928     0.00000000   0.00000000    -0.00571155   0.00627675
  0.00000000  -0.00000000    -0.01531198   0.00246458     0.00000000   0.00000000
 -0.00571155   0.00627675     0.00000000   0.00000000    -0.00268069  -0.00404198
    2    4
 -0.01317402  -0.00718742     0.00527510  -0.00142976     0.01184300  -0.00694894
 -0.01469194  -0.00198374    -0.01023653  -0.00229343     0.00857997  -0.00290437
  0.00792587  -0.00590693     0.01479361  -0.00342311    -0.00383317  -0.00644981
    2    5
  0.01317402   0.00718742     0.00527510  -0.00142976    -0.01184300   0.00694894
 -0.01469194  -0.00198374     0.01023653   0.00229343     0.00857997  -0.00290437
 -0.00792587   0.00590693     0.01479361  -0.00342311     0.00383317   0.00644981
    2    6
 -0.00060404  -0.00737566     0.00000000   0.00000000    -0.01115079  -0.00424696
  0.00000000   0.00000000    -0.01471404   0.00318823    -0.00000000   0.00000000
  0.00705501  -0.01289078    -0.00000000   0.00000000    -0.00060404  -0.00737566
    2    7
  0.02072069  -0.00229149    -0.00000000  -0.00000000    -0.00596139   0.00000000
 -0.00000000   0.00000000     0.02436328  -0.00000000    -0.00000000  -0.00000000
 -0.01421610   0.00000000    -0.00000000  -0.00000000     0.02072069   0.00229149
    3    1
  0.00394502  -0.02113766     0.00000000  -0.00000000    -0.05175423   0.00809421
  0.00000000  -0.00000000    -0.11582784  -0.01561313    -0.00000000  -0.00000000
 -0.08476011   0.02679996     0.00000000  -0.00000000     0.02564905   0.04593188
    3    2
  0.00894456  -0.04354928    -0.00000000   0.00000000    -0.00571155  -0.00627675
  0.00000000   0.00000000    -0.01531198  -0.00246458     0.00000000  -0.00000000
 -0.00571155  -0.00627675     0.00000000  -0.00000000    -0.00268069   0.00404198
    3    3
  0.16391331   0.00000000    -0.00000000   0.00000000     0.00467834  -0.00040762
 -0.00000000   0.00000000     0.14488592  -0.00000000    -0.00000000   0.00000000
  0.00467834   0.00040762    -0.00000000   0.00000000     0.13829415   0.00000000
    3    4
  0.01317402  -0.00718742     0.00527510   0.00142976    -0.01184300  -0.00694894
 -0.01469194   0.00198374     0.01023653  -0.00229343     0.00857997   0.00290437
 -0.00792587  -0.00590693     0.01479361   0.00342311     0.00383317  -0.00644981
    3    5
 -0.01317402   0.00718742     0.00527510   0.00142976     0.01184300   0.00694894
 -0.01469194   0.00198374    -0.01023653   0.00229343     0.00857997   0.00290437
  0.00792587   0.00590693     0.01479361   0.00342311    -0.00383317   0.00644981
    3    6
  0.02072069   0.00229149    -0.00000000  -0.00000000    -0.00596139   0.00000000
 -0.00000000  -0.00000000     0.02436328  -0.00000000    -0.00000000   0.00000000
 -0.01421610   0.00000000    -0.00000000   0.00000000     0.02072069  -0.00229149
    3    7
 -0.00060404   0.00737566     0.00000000  -0.00000000    -0.01115079   0.00424696
 -0.00000000  -0.00000000    -0.01471404  -0.00318823    -0.00000000  -0.00000000
  0.00705501   0.01289078    -0.00000000  -0.00000000    -0.00060404   0.00737566
    4    1
 -0.01864893  -0.04502249    -0.04613470   0.01910963     0.00114270   0.00275872
 -0.03977679   0.01647609     0.00000000  -0.00000000    -0.03977679   0.01647609
 -0.00114270  -0.00275872    -0.04613470   0.01910963     0.01864893   0.04502249
    4    2
 -0.01317402   0.00718742    -0.01469194   0.00198374     0.00792587   0.00590693
  0.00527510   0.00142976    -0.01023653   0.00229343     0.01479361   0.00342311
  0.01184300   0.00694894     0.00857997   0.00290437    -0.00383317   0.00644981
    4    3
  0.01317402   0.00718742    -0.01469194  -0.00198374    -0.00792587   0.00590693
  0.00527510  -0.00142976     0.01023653   0.00229343     0.01479361  -0.00342311
 -0.01184300   0.00694894     0.00857997  -0.00290437     0.00383317   0.00644981
    4    4
  0.13669908   0.00000000    -0.00000000   0.00013612     0.00059747  -0.00000000
 -0.00000000  -0.00013612     0.18431277   0.00000000    -0.00000000   0.00013612
  0.00059747   0.00000000    -0.00000000  -0.00013612     0.13669908   0.00000000
    4    5
 -0.01001200  -0.00000000    -0.00000000   0.00082125     0.00587034   0.00000000
  0.00000000   0.00082125     0.08785561   0.00000000     0.00000000  -0.00082125
  0.00587034   0.00000000     0.00000000  -0.00082125    -0.01001200  -0.00000000
    4    6
 -0.00383317  -0.00644981     0.00857997  -0.00290437     0.01184300  -0.00694894
  0.01479361  -0.00342311    -0.01023653  -0.00229343     0.00527510  -0.00142976
  0.00792587  -0.00590693    -0.01469194  -0.00198374    -0.01317402  -0.00718742
    4    7
  0.00383317  -0.00644981     0.00857997   0.00290437    -0.01184300  -0.00694894
  0.01479361   0.00342311     0.01023653  -0.00229343     0.00527510   0.00142976
 -0.00792587  -0.00590693    -0.01469194   0.00198374     0.01317402  -0.00718742
    5    1
  0.01864893   0.04502249    -0.04613470   0.01910963    -0.00114270  -0.00275872
 -0.03977679   0.01647609     0.00000000  -0.00000000    -0.03977679   0.01647609
  0.00114270   0.00275872    -0.04613470   0.01910963    -0.01864893  -0.04502249
    5    2
  0.01317402  -0.00718742    -0.01469194   0.00198374    -0.00792587  -0.00590693
  0.00527510   0.00142976     0.01023653  -0.00229343     0.01479361   0.00342311
 -0.01184300  -0.00694894     0.00857997   0.00290437     0.00383317  -0.00644981
    5    3
 -0.01317402  -0.00718742    -0.01469194  -0.00198374     0.00792587  -0.00590693
  0.00527510  -0.00142976    -0.01023653  -0.00229343     0.01479361  -0.00342311
  0.01184300  -0.00694894     0.00857997  -0.00290437    -0.00383317  -0.00644981
    5    4
 -0.01001200   0.00000000    -0.00000000  -0.00082125     0.00587034  -0.00000000
 -0.00000000  -0.00082125     0.08785561  -0.00000000     0.00000000   0.00082125
  0.00587034  -0.00000000     0.00000000   0.00082125    -0.01001200   0.00000000
    5    5
  0.13669908   0.00000000    -0.00000000  -0.00013612     0.00059747  -0.00000000
 -0.00000000   0.00013612     0.18431277  -0.00000000    -0.00000000  -0.00013612
  0.00059747   0.00000000    -0.00000000   0.00013612     0.13669908   0.00000000
    5    6
  0.00383317   0.00644981     0.00857997  -0.00290437    -0.01184300   0.00694894
  0.01479361  -0.00342311     0.01023653   0.00229343     0.00527510  -0.00142976
 -0.00792587   0.00590693    -0.01469194  -0.00198374     0.01317402   0.00718742
    5    7
 -0.00383317   0.00644981     0.00857997   0.00290437     0.01184300   0.00694894
  0.01479361   0.00342311    -0.01023653   0.00229343     0.00527510   0.00142976
  0.00792587   0.00590693    -0.01469194   0.00198374    -0.01317402   0.00718742
    6    1
  0.02564905   0.04593188     0.00000000  -0.00000000    -0.08476011   0.02679996
  0.00000000  -0.00000000    -0.11582784  -0.01561313     0.00000000   0.00000000
 -0.05175423   0.00809421     0.00000000   0.00000000     0.00394502  -0.02113766
    6    2
 -0.00060404   0.00737566     0.00000000  -0.00000000     0.00705501   0.01289078
  0.00000000  -0.00000000    -0.01471404  -0.00318823     0.00000000  -0.00000000
 -0.01115079   0.00424696    -0.00000000  -0.00000000    -0.00060404   0.00737566
    6    3
  0.02072069  -0.00229149     0.00000000   0.00000000    -0.01421610  -0.00000000
 -0.00000000  -0.00000000     0.02436328   0.00000000    -0.00000000  -0.00000000
 -0.00596139  -0.00000000    -0.00000000  -0.00000000     0.02072069   0.00229149
    6    4
 -0.00383317   0.00644981     0.01479361   0.00342311     0.00792587   0.00590693
  0.00857997   0.00290437    -0.01023653   0.00229343    -0.01469194   0.00198374
  0.01184300   0.00694894     0.00527510   0.00142976    -0.01317402   0.00718742
    6    5
  0.00383317  -0.00644981     0.01479361   0.00342311    -0.00792587  -0.00590693
  0.00857997   0.00290437     0.01023653  -0.00229343    -0.01469194   0.00198374
 -0.01184300  -0.00694894     0.00527510   0.00142976     0.01317402  -0.00718742
    6    6
  0.13829415   0.00000000     0.00000000  -0.00000000     0.00467834   0.00040762
  0.00000000   0.00000000     0.14488592  -0.00000000    -0.00000000   0.00000000
  0.00467834  -0.00040762    -0.00000000   0.00000000     0.16391331   0.00000000
    6    7
 -0.00268069   0.00404198    -0.00000000  -0.00000000    -0.00571155  -0.00627675
  0.00000000   0.00000000    -0.01531198  -0.00246458    -0.00000000   0.00000000
 -0.00571155  -0.00627675    -0.00000000   0.00000000     0.00894456  -0.04354928
    7    1
 -0.01434214  -0.05061535     0.00000000  -0.00000000    -0.07888487   0.04098403
  0.00000000   0.00000000    -0.07086249   0.09294281    -0.00000000  -0.00000000
 -0.04231923   0.03087231    -0.00000000   0.00000000     0.01773613   0.01215703
    7    2
  0.02072069   0.00229149    -0.00000000  -0.00000000    -0.01421610  -0.00000000
 -0.00000000  -0.00000000     0.02436328   0.00000000    -0.00000000   0.00000000
 -0.00596139  -0.00000000    -0.00000000   0.00000000     0.02072069  -0.00229149
    7    3
 -0.00060404  -0.00737566    -0.00000000   0.00000000     0.00705501  -0.01289078
  0.00000000   0.00000000    -0.01471404   0.00318823     0.00000000   0.00000000
 -0.01115079  -0.00424696    -0.00000000   0.00000000    -0.00060404  -0.00737566
    7    4
  0.00383317   0.00644981     0.01479361  -0.00342311    -0.00792587   0.00590693
  0.00857997  -0.00290437     0.01023653   0.00229343    -0.01469194  -0.00198374
 -0.01184300   0.00694894     0.00527510  -0.00142976     0.01317402   0.00718742
    7    5
 -0.00383317  -0.00644981     0.01479361  -0.00342311     0.00792587  -0.00590693
  0.00857997  -0.00290437    -0.01023653  -0.00229343    -0.01469194  -0.00198374
  0.01184300  -0.00694894     0.00527510  -0.00142976    -0.01317402  -0.00718742
    7    6
 -0.00268069  -0.00404198    -0.00000000   0.00000000    -0.00571155   0.00627675
  0.00000000  -0.00000000    -0.01531198   0.00246458    -0.00000000  -0.00000000
 -0.00571155   0.00627675    -0.00000000  -0.00000000     0.00894456   0.04354928
    7    7
  0.13829415  -0.00000000     0.00000000   0.00000000     0.00467834  -0.00040762
  0.00000000  -0.00000000     0.14488592   0.00000000    -0.00000000  -0.00000000
  0.00467834   0.00040762    -0.00000000   0.00000000     0.16391331  -0.00000000

     Dynamical  Matrix in cartesian axes

     q = (   -0.324759500   0.866025400  -0.324759500 ) 

    1    1
  0.69193430   0.00000000    -0.00000000   0.00000000    -0.13664957   0.00000000
  0.00000000   0.00000000     0.73735159   0.00000000    -0.00000000   0.00000000
 -0.13664957   0.00000000    -0.00000000   0.00000000     0.69193430   0.00000000
    1    2
  0.01773613   0.01215703     0.00000000  -0.00000000    -0.07888487   0.04098403
  0.00000000  -0.00000000    -0.07086249   0.09294282     0.00000000   0.00000000
 -0.04231923   0.03087231     0.00000000   0.00000000    -0.01434214  -0.05061535
    1    3
  0.00394502  -0.02113766     0.00000000  -0.00000000    -0.08476011   0.02679996
  0.00000000   0.00000000    -0.11582784  -0.01561313    -0.00000000  -0.00000000
 -0.05175423   0.00809421    -0.00000000  -0.00000000     0.02564905   0.04593188
    1    4
 -0.01864893  -0.04502249    -0.03977679   0.01647609    -0.00114270  -0.00275872
