Dynamical matrix file
Electron-phonon coefficients for Ca1H6                                     
  2    7   0   5.5613398   0.0000000   0.0000000   0.0000000   0.0000000   0.0000000
Basis vectors
     -0.577350269    0.577350269    0.577350269
      0.577350269   -0.577350269    0.577350269
      0.577350269    0.577350269   -0.577350269
           1  'Ca  '    36528.8623753087     
           2  'H   '    918.681110398939     
    1    1      0.0000000000      0.0000000000      0.0000000000
    2    2      0.2886751346      0.0000000000      0.5773502692
    3    2      0.2886751346      0.5773502692      0.0000000000
    4    2      0.5773502692      0.2886751346      0.0000000000
    5    2      0.0000000000      0.2886751346      0.5773502692
    6    2      0.0000000000      0.5773502692      0.2886751346
    7    2      0.5773502692      0.0000000000      0.2886751346

     Dynamical  Matrix in cartesian axes

     q = (   -0.000000000   0.000000000   0.216506400 ) 

    1    1
  0.63482160   0.00000000    -0.00000000   0.00000000    -0.00000000   0.00000000
  0.00000000   0.00000000     0.63482160   0.00000000    -0.00000000   0.00000000
 -0.00000000   0.00000000    -0.00000000   0.00000000     0.66778288   0.00000000
    1    2
 -0.03742750   0.03742751     0.00000000   0.00000000    -0.02822010  -0.02822009
  0.00000000  -0.00000000    -0.08900178   0.08900181     0.00000000  -0.00000000
 -0.03179574  -0.03179573     0.00000000  -0.00000000    -0.05434464   0.05434466
    1    3
 -0.05293048   0.00000000     0.00000000  -0.00000000     0.00000000   0.03990924
  0.00000000  -0.00000000    -0.12586755   0.00000000     0.00000000  -0.00000000
  0.00000000   0.04496595     0.00000000  -0.00000000    -0.07685495   0.00000000
    1    4
 -0.12586755   0.00000000     0.00000000   0.00000000     0.00000000   0.00000000
  0.00000000  -0.00000000    -0.05293048   0.00000000     0.00000000   0.03990924
  0.00000000   0.00000000     0.00000000   0.04496595    -0.07685495   0.00000000
    1    5
 -0.08900178   0.08900181     0.00000000   0.00000000     0.00000000  -0.00000000
  0.00000000   0.00000000    -0.03742750   0.03742751    -0.02822010  -0.02822009
  0.00000000  -0.00000000    -0.03179574  -0.03179573    -0.05434464   0.05434466
    1    6
 -0.08147738   0.07983817     0.00000000   0.00000000     0.00000000   0.00000000
  0.00000000   0.00000000    -0.11406732   0.00115911     0.00000000   0.00000000
  0.00000000   0.00000000     0.00000000   0.00000000    -0.04684558   0.01940408
    1    7
 -0.11406732   0.00115911     0.00000000   0.00000000     0.00000000  -0.00000000
  0.00000000  -0.00000000    -0.08147738   0.07983817     0.00000000  -0.00000000
  0.00000000  -0.00000000     0.00000000  -0.00000000    -0.04684558   0.01940408
    2    1
 -0.03742750  -0.03742751     0.00000000  -0.00000000    -0.03179574   0.03179573
  0.00000000  -0.00000000    -0.08900178  -0.08900181     0.00000000   0.00000000
 -0.02822010   0.02822009     0.00000000   0.00000000    -0.05434464  -0.05434466
    2    2
  0.18544944   0.00000000    -0.00000000   0.00000000    -0.00000000   0.00286175
 -0.00000000   0.00000000     0.15063946  -0.00000000    -0.00000000   0.00000000
 -0.00000000  -0.00286175    -0.00000000   0.00000000     0.15174237   0.00000000
    2    3
 -0.07000136  -0.07000138     0.00000000   0.00000000    -0.00259438   0.00259438
  0.00000000   0.00000000     0.01384227   0.01384228    -0.00000000  -0.00000000
 -0.00259438   0.00259438     0.00000000  -0.00000000     0.01271373   0.01271373
    2    4
 -0.00195077  -0.00195077    -0.01843477  -0.01843478     0.00636623  -0.00636623
  0.01265013   0.01265014    -0.00195077  -0.00195077     0.00273539  -0.00273539
  0.00273539  -0.00273539     0.00636623  -0.00636623    -0.01435223  -0.01435224
    2    5
 -0.00275881   0.00000000     0.02607071   0.00000000     0.00000000  -0.00900321
 -0.01788999  -0.00000000    -0.00275881  -0.00000000     0.00000000   0.00386842
  0.00000000  -0.00386842     0.00000000   0.00900321    -0.02029712   0.00000000
    2    6
 -0.00219381   0.00599782     0.00000000  -0.00000000    -0.02134973  -0.00493412
 -0.00000000  -0.00000000    -0.02048460  -0.00057410    -0.00000000   0.00000000
  0.01019857   0.00723375     0.00000000  -0.00000000    -0.00036844   0.00000271
    2    7
  0.00268984  -0.00579236    -0.00000000   0.00000000     0.01858548   0.01160760
  0.00000000   0.00000000    -0.01489075  -0.01407886     0.00000000   0.00000000
 -0.01232651  -0.00209645    -0.00000000   0.00000000    -0.00025861  -0.00026244
    3    1
 -0.05293048   0.00000000     0.00000000   0.00000000     0.00000000  -0.04496595
  0.00000000   0.00000000    -0.12586755  -0.00000000     0.00000000  -0.00000000
  0.00000000  -0.03990924     0.00000000  -0.00000000    -0.07685495  -0.00000000
    3    2
 -0.07000136   0.07000138     0.00000000  -0.00000000    -0.00259438  -0.00259438
  0.00000000  -0.00000000     0.01384227  -0.01384228    -0.00000000   0.00000000
 -0.00259438  -0.00259438     0.00000000   0.00000000     0.01271373  -0.01271373
    3    3
  0.18544944  -0.00000000    -0.00000000  -0.00000000    -0.00000000  -0.00286175
 -0.00000000  -0.00000000     0.15063946   0.00000000    -0.00000000   0.00000000
 -0.00000000   0.00286175    -0.00000000  -0.00000000     0.15174237  -0.00000000
    3    4
 -0.00275881  -0.00000000     0.02607071  -0.00000000     0.00000000   0.00900321
 -0.01788999   0.00000000    -0.00275881   0.00000000     0.00000000  -0.00386842
  0.00000000   0.00386842     0.00000000  -0.00900321    -0.02029712   0.00000000
    3    5
 -0.00195077   0.00195077    -0.01843477   0.01843478     0.00636623   0.00636623
  0.01265013  -0.01265014    -0.00195077   0.00195077     0.00273539   0.00273539
  0.00273539   0.00273539     0.00636623   0.00636623    -0.01435223   0.01435224
    3    6
  0.00268984   0.00579236    -0.00000000   0.00000000     0.01858548  -0.01160760
  0.00000000  -0.00000000    -0.01489075   0.01407886     0.00000000   0.00000000
 -0.01232651   0.00209645    -0.00000000   0.00000000    -0.00025861   0.00026244
    3    7
 -0.00219381  -0.00599782     0.00000000   0.00000000    -0.02134973   0.00493412
 -0.00000000   0.00000000    -0.02048460   0.00057410    -0.00000000   0.00000000
  0.01019857  -0.00723375     0.00000000   0.00000000    -0.00036844  -0.00000271
    4    1
 -0.12586755  -0.00000000     0.00000000   0.00000000     0.00000000  -0.00000000
  0.00000000   0.00000000    -0.05293048  -0.00000000     0.00000000  -0.04496595
  0.00000000  -0.00000000     0.00000000  -0.03990924    -0.07685495  -0.00000000
    4    2
 -0.00195077   0.00195077     0.01265013  -0.01265014     0.00273539   0.00273539
 -0.01843477   0.01843478    -0.00195077   0.00195077     0.00636623   0.00636623
  0.00636623   0.00636623     0.00273539   0.00273539    -0.01435223   0.01435224
    4    3
 -0.00275881   0.00000000    -0.01788999  -0.00000000     0.00000000  -0.00386842
  0.02607071   0.00000000    -0.00275881  -0.00000000     0.00000000   0.00900321
  0.00000000  -0.00900321     0.00000000   0.00386842    -0.02029712  -0.00000000
    4    4
  0.15063946   0.00000000    -0.00000000  -0.00000000    -0.00000000  -0.00000000
  0.00000000   0.00000000     0.18544944  -0.00000000     0.00000000  -0.00286175
 -0.00000000  -0.00000000    -0.00000000   0.00286175     0.15174237   0.00000000
    4    5
  0.01384227  -0.01384228     0.00000000   0.00000000    -0.00000000   0.00000000
  0.00000000   0.00000000    -0.07000136   0.07000138    -0.00259438  -0.00259438
  0.00000000  -0.00000000    -0.00259438  -0.00259438     0.01271373  -0.01271373
    4    6
 -0.02048460   0.00057410    -0.00000000   0.00000000    -0.00000000  -0.00000000
  0.00000000   0.00000000    -0.00219381  -0.00599782    -0.02134973   0.00493412
 -0.00000000   0.00000000     0.01019857  -0.00723375    -0.00036844  -0.00000271
    4    7
 -0.01489075   0.01407886     0.00000000  -0.00000000    -0.00000000  -0.00000000
 -0.00000000   0.00000000     0.00268984   0.00579236     0.01858548  -0.01160760
  0.00000000  -0.00000000    -0.01232651   0.00209645    -0.00025861   0.00026244
    5    1
 -0.08900178  -0.08900181     0.00000000   0.00000000     0.00000000   0.00000000
  0.00000000   0.00000000    -0.03742750  -0.03742751    -0.03179574   0.03179573
  0.00000000  -0.00000000    -0.02822010   0.02822009    -0.05434464  -0.05434466
    5    2
 -0.00275881  -0.00000000    -0.01788999  -0.00000000     0.00000000   0.00386842
  0.02607071   0.00000000    -0.00275881   0.00000000     0.00000000  -0.00900321
  0.00000000   0.00900321     0.00000000  -0.00386842    -0.02029712   0.00000000
    5    3
 -0.00195077  -0.00195077     0.01265013   0.01265014     0.00273539  -0.00273539
 -0.01843477  -0.01843478    -0.00195077  -0.00195077     0.00636623  -0.00636623
  0.00636623  -0.00636623     0.00273539  -0.00273539    -0.01435223  -0.01435224
    5    4
  0.01384227   0.01384228     0.00000000   0.00000000    -0.00000000  -0.00000000
  0.00000000   0.00000000    -0.07000136  -0.07000138    -0.00259438   0.00259438
  0.00000000   0.00000000    -0.00259438   0.00259438     0.01271373   0.01271373
    5    5
  0.15063946  -0.00000000    -0.00000000   0.00000000    -0.00000000   0.00000000
  0.00000000  -0.00000000     0.18544944   0.00000000     0.00000000   0.00286175
 -0.00000000   0.00000000    -0.00000000  -0.00286175     0.15174237  -0.00000000
    5    6
 -0.01489075  -0.01407886     0.00000000   0.00000000    -0.00000000   0.00000000
 -0.00000000   0.00000000     0.00268984  -0.00579236     0.01858548   0.01160760
 -0.00000000   0.00000000    -0.01232651  -0.00209645    -0.00025861  -0.00026244
    5    7
 -0.02048460  -0.00057410    -0.00000000  -0.00000000    -0.00000000  -0.00000000
  0.00000000  -0.00000000    -0.00219381   0.00599782    -0.02134973  -0.00493412
 -0.00000000   0.00000000     0.01019857   0.00723375    -0.00036844   0.00000271
    6    1
 -0.08147738  -0.07983817     0.00000000  -0.00000000     0.00000000  -0.00000000
  0.00000000  -0.00000000    -0.11406732  -0.00115911     0.00000000   0.00000000
  0.00000000   0.00000000     0.00000000  -0.00000000    -0.04684558  -0.01940408
    6    2
 -0.00219381  -0.00599782    -0.00000000   0.00000000     0.01019857  -0.00723375
  0.00000000   0.00000000    -0.02048460   0.00057410     0.00000000   0.00000000
 -0.02134973   0.00493412    -0.00000000   0.00000000    -0.00036844  -0.00000271
    6    3
  0.00268984  -0.00579236     0.00000000   0.00000000    -0.01232651  -0.00209645
 -0.00000000  -0.00000000    -0.01489075  -0.01407886     0.00000000   0.00000000
  0.01858548   0.01160760     0.00000000   0.00000000    -0.00025861  -0.00026244
    6    4
 -0.02048460  -0.00057410     0.00000000  -0.00000000     0.00000000  -0.00000000
  0.00000000  -0.00000000    -0.00219381   0.00599782     0.01019857   0.00723375
 -0.00000000  -0.00000000    -0.02134973  -0.00493412    -0.00036844   0.00000271
    6    5
 -0.01489075   0.01407886    -0.00000000   0.00000000     0.00000000   0.00000000
  0.00000000  -0.00000000     0.00268984   0.00579236    -0.01232651   0.00209645
  0.00000000  -0.00000000     0.01858548  -0.01160760    -0.00025861   0.00026244
    6    6
  0.15471619   0.00000000    -0.00000000   0.00000000    -0.00000000   0.00000000
  0.00000000   0.00000000     0.15471619   0.00000000    -0.00000000   0.00000000
 -0.00000000   0.00000000    -0.00000000   0.00000000     0.17944815   0.00000000
    6    7
  0.01422465  -0.00696658    -0.00000000  -0.00000000     0.00000000  -0.00000000
 -0.00000000  -0.00000000     0.01422465   0.00696658     0.00000000  -0.00000000
  0.00000000  -0.00000000     0.00000000  -0.00000000    -0.07617205  -0.00000000
    7    1
 -0.11406732  -0.00115911     0.00000000   0.00000000     0.00000000   0.00000000
  0.00000000   0.00000000    -0.08147738  -0.07983817     0.00000000   0.00000000
  0.00000000   0.00000000     0.00000000  -0.00000000    -0.04684558  -0.01940408
    7    2
  0.00268984   0.00579236     0.00000000  -0.00000000    -0.01232651   0.00209645
 -0.00000000  -0.00000000    -0.01489075   0.01407886     0.00000000  -0.00000000
  0.01858548  -0.01160760     0.00000000   0.00000000    -0.00025861   0.00026244
    7    3
 -0.00219381   0.00599782    -0.00000000  -0.00000000     0.01019857   0.00723375
  0.00000000  -0.00000000    -0.02048460  -0.00057410     0.00000000  -0.00000000
 -0.02134973  -0.00493412    -0.00000000   0.00000000    -0.00036844   0.00000271
    7    4
 -0.01489075  -0.01407886    -0.00000000   0.00000000     0.00000000   0.00000000
  0.00000000   0.00000000     0.00268984  -0.00579236    -0.01232651  -0.00209645
  0.00000000   0.00000000     0.01858548   0.01160760    -0.00025861  -0.00026244
    7    5
 -0.02048460   0.00057410     0.00000000   0.00000000     0.00000000   0.00000000
  0.00000000   0.00000000    -0.00219381  -0.00599782     0.01019857  -0.00723375
 -0.00000000   0.00000000    -0.02134973   0.00493412    -0.00036844  -0.00000271
    7    6
  0.01422465   0.00696658    -0.00000000   0.00000000     0.00000000   0.00000000
 -0.00000000   0.00000000     0.01422465  -0.00696658     0.00000000   0.00000000
  0.00000000   0.00000000     0.00000000   0.00000000    -0.07617205   0.00000000
    7    7
  0.15471619   0.00000000    -0.00000000   0.00000000    -0.00000000   0.00000000
  0.00000000   0.00000000     0.15471619   0.00000000    -0.00000000   0.00000000
 -0.00000000   0.00000000    -0.00000000   0.00000000     0.17944815   0.00000000

     Dynamical  Matrix in cartesian axes

     q = (    0.216506400  -0.000000000   0.000000000 ) 

    1    1
  0.66778288   0.00000000    -0.00000000   0.00000000    -0.00000000   0.00000000
  0.00000000   0.00000000     0.63482160   0.00000000    -0.00000000   0.00000000
 -0.00000000   0.00000000    -0.00000000   0.00000000     0.63482160   0.00000000
    1    2
 -0.04684558   0.01940408     0.00000000  -0.00000000     0.00000000  -0.00000000
  0.00000000   0.00000000    -0.08147738   0.07983817     0.00000000   0.00000000
  0.00000000   0.00000000     0.00000000  -0.00000000    -0.11406732   0.00115911
    1    3
 -0.04684558   0.01940408     0.00000000   0.00000000     0.00000000  -0.00000000
  0.00000000   0.00000000    -0.11406732   0.00115911     0.00000000  -0.00000000
  0.00000000  -0.00000000     0.00000000  -0.00000000    -0.08147738   0.07983817
    1    4
 -0.05434464   0.05434466    -0.03179574  -0.03179573     0.00000000  -0.00000000
 -0.02822010  -0.02822009    -0.03742750   0.03742751     0.00000000  -0.00000000
  0.00000000  -0.00000000     0.00000000  -0.00000000    -0.08900178   0.08900181
    1    5
 -0.07685495   0.00000000     0.00000000   0.04496595     0.00000000   0.00000000
  0.00000000   0.03990924    -0.05293048   0.00000000     0.00000000   0.00000000
  0.00000000   0.00000000     0.00000000   0.00000000    -0.12586755   0.00000000
    1    6
 -0.07685495   0.00000000     0.00000000  -0.00000000     0.00000000   0.04496595
  0.00000000  -0.00000000    -0.12586755   0.00000000     0.00000000  -0.00000000
  0.00000000   0.03990924     0.00000000  -0.00000000    -0.05293048   0.00000000
    1    7
 -0.05434464   0.05434466     0.00000000  -0.00000000    -0.03179574  -0.03179573
 -0.00000000  -0.00000000    -0.08900178   0.08900181    -0.00000000  -0.00000000
 -0.02822010  -0.02822009     0.00000000   0.00000000    -0.03742750   0.03742751
    2    1
 -0.04684558  -0.01940408     0.00000000  -0.00000000     0.00000000  -0.00000000
  0.00000000   0.00000000    -0.08147738  -0.07983817     0.00000000  -0.00000000
  0.00000000  -0.00000000     0.00000000  -0.00000000    -0.11406732  -0.00115911
    2    2
  0.17944815   0.00000000    -0.00000000   0.00000000    -0.00000000   0.00000000
  0.00000000   0.00000000     0.15471619   0.00000000     0.00000000   0.00000000
 -0.00000000   0.00000000    -0.00000000   0.00000000     0.15471619   0.00000000
    2    3
 -0.07617205  -0.00000000     0.00000000   0.00000000     0.00000000   0.00000000
  0.00000000   0.00000000     0.01422465  -0.00696658     0.00000000   0.00000000
  0.00000000   0.00000000     0.00000000   0.00000000     0.01422465   0.00696658
    2    4
 -0.00036844  -0.00000271    -0.02134973   0.00493412     0.00000000   0.00000000
  0.01019857  -0.00723375    -0.00219381  -0.00599782     0.00000000   0.00000000
  0.00000000   0.00000000     0.00000000   0.00000000    -0.02048460   0.00057410
    2    5
 -0.00025861  -0.00026244     0.01858548   0.01160760     0.00000000   0.00000000
 -0.01232651  -0.00209645     0.00268984  -0.00579236     0.00000000   0.00000000
  0.00000000   0.00000000     0.00000000   0.00000000    -0.01489075  -0.01407886
    2    6
 -0.00036844   0.00000271     0.00000000   0.00000000    -0.02134973  -0.00493412
  0.00000000  -0.00000000    -0.02048460  -0.00057410     0.00000000   0.00000000
  0.01019857   0.00723375     0.00000000  -0.00000000    -0.00219381   0.00599782
    2    7
 -0.00025861   0.00026244    -0.00000000   0.00000000     0.01858548  -0.01160760
  0.00000000  -0.00000000    -0.01489075   0.01407886    -0.00000000   0.00000000
 -0.01232651   0.00209645     0.00000000  -0.00000000     0.00268984   0.00579236
    3    1
 -0.04684558  -0.01940408    -0.00000000  -0.00000000     0.00000000   0.00000000
 -0.00000000  -0.00000000    -0.11406732  -0.00115911     0.00000000   0.00000000
  0.00000000   0.00000000     0.00000000   0.00000000    -0.08147738  -0.07983817
    3    2
 -0.07617205   0.00000000     0.00000000  -0.00000000     0.00000000  -0.00000000
  0.00000000  -0.00000000     0.01422465   0.00696658     0.00000000  -0.00000000
  0.00000000  -0.00000000     0.00000000  -0.00000000     0.01422465  -0.00696658
    3    3
  0.17944815   0.00000000    -0.00000000   0.00000000    -0.00000000   0.00000000
  0.00000000   0.00000000     0.15471619   0.00000000     0.00000000   0.00000000
 -0.00000000   0.00000000    -0.00000000   0.00000000     0.15471619   0.00000000
    3    4
 -0.00025861   0.00026244     0.01858548  -0.01160760     0.00000000  -0.00000000
 -0.01232651   0.00209645     0.00268984   0.00579236     0.00000000  -0.00000000
  0.00000000  -0.00000000     0.00000000  -0.00000000    -0.01489075   0.01407886
    3    5
 -0.00036844   0.00000271    -0.02134973  -0.00493412     0.00000000  -0.00000000
  0.01019857   0.00723375    -0.00219381   0.00599782    -0.00000000  -0.00000000
  0.00000000   0.00000000     0.00000000   0.00000000    -0.02048460  -0.00057410
    3    6
 -0.00025861  -0.00026244     0.00000000   0.00000000     0.01858548   0.01160760
  0.00000000   0.00000000    -0.01489075  -0.01407886    -0.00000000   0.00000000
 -0.01232651  -0.00209645     0.00000000   0.00000000     0.00268984  -0.00579236
    3    7
 -0.00036844  -0.00000271     0.00000000  -0.00000000    -0.02134973   0.00493412
  0.00000000   0.00000000    -0.02048460   0.00057410     0.00000000   0.00000000
  0.01019857  -0.00723375    -0.00000000   0.00000000    -0.00219381  -0.00599782
    4    1
 -0.05434464  -0.05434466    -0.02822010   0.02822009     0.00000000   0.00000000
 -0.03179574   0.03179573    -0.03742750  -0.03742751     0.00000000   0.00000000
  0.00000000   0.00000000     0.00000000   0.00000000    -0.08900178  -0.08900181
    4    2
 -0.00036844   0.00000271     0.01019857   0.00723375     0.00000000   0.00000000
 -0.02134973  -0.00493412    -0.00219381   0.00599782     0.00000000   0.00000000
  0.00000000   0.00000000     0.00000000   0.00000000    -0.02048460  -0.00057410
    4    3
 -0.00025861  -0.00026244    -0.01232651  -0.00209645     0.00000000   0.00000000
  0.01858548   0.01160760     0.00268984  -0.00579236     0.00000000   0.00000000
  0.00000000   0.00000000     0.00000000   0.00000000    -0.01489075  -0.01407886
    4    4
  0.15174237  -0.00000000    -0.00000000  -0.00286175    -0.00000000  -0.00000000
 -0.00000000   0.00286175     0.18544944  -0.00000000     0.00000000  -0.00000000
 -0.00000000  -0.00000000    -0.00000000  -0.00000000     0.15063946  -0.00000000
    4    5
  0.01271373   0.01271373    -0.00259438   0.00259438    -0.00000000   0.00000000
 -0.00259438   0.00259438    -0.07000136  -0.07000138    -0.00000000   0.00000000
 -0.00000000  -0.00000000    -0.00000000  -0.00000000     0.01384227   0.01384228
    4    6
 -0.01435223  -0.01435224     0.00273539  -0.00273539     0.00636623  -0.00636623
  0.00636623  -0.00636623    -0.00195077  -0.00195077    -0.01843477  -0.01843478
  0.00273539  -0.00273539     0.01265013   0.01265014    -0.00195077  -0.00195077
    4    7
 -0.02029712   0.00000000     0.00000000  -0.00386842     0.00000000   0.00900321
 -0.00000000  -0.00900321    -0.00275881   0.00000000     0.02607071  -0.00000000
 -0.00000000   0.00386842    -0.01788999   0.00000000    -0.00275881   0.00000000
    5    1
 -0.07685495  -0.00000000     0.00000000  -0.03990924     0.00000000   0.00000000
  0.00000000  -0.04496595    -0.05293048   0.00000000     0.00000000  -0.00000000
  0.00000000  -0.00000000     0.00000000   0.00000000    -0.12586755  -0.00000000
    5    2
 -0.00025861   0.00026244    -0.01232651   0.00209645     0.00000000  -0.00000000
  0.01858548  -0.01160760     0.00268984   0.00579236     0.00000000  -0.00000000
  0.00000000  -0.00000000     0.00000000  -0.00000000    -0.01489075   0.01407886
    5    3
 -0.00036844  -0.00000271     0.01019857  -0.00723375     0.00000000  -0.00000000
 -0.02134973   0.00493412    -0.00219381  -0.00599782     0.00000000  -0.00000000
  0.00000000  -0.00000000     0.00000000  -0.00000000    -0.02048460   0.00057410
    5    4
  0.01271373  -0.01271373    -0.00259438  -0.00259438    -0.00000000  -0.00000000
 -0.00259438  -0.00259438    -0.07000136   0.07000138    -0.00000000   0.00000000
 -0.00000000   0.00000000    -0.00000000   0.00000000     0.01384227  -0.01384228
    5    5
  0.15174237   0.00000000    -0.00000000   0.00286175    -0.00000000   0.00000000
 -0.00000000  -0.00286175     0.18544944   0.00000000     0.00000000   0.00000000
 -0.00000000   0.00000000    -0.00000000   0.00000000     0.15063946   0.00000000
    5    6
 -0.02029712  -0.00000000     0.00000000   0.00386842     0.00000000  -0.00900321
 -0.00000000   0.00900321    -0.00275881   0.00000000     0.02607071   0.00000000
 -0.00000000  -0.00386842    -0.01788999  -0.00000000    -0.00275881   0.00000000
    5    7
 -0.01435223   0.01435224     0.00273539   0.00273539     0.00636623   0.00636623
  0.00636623   0.00636623    -0.00195077   0.00195077    -0.01843477   0.01843478
  0.00273539   0.00273539     0.01265013  -0.01265014    -0.00195077   0.00195077
    6    1
 -0.07685495   0.00000000     0.00000000   0.00000000     0.00000000  -0.03990924
  0.00000000   0.00000000    -0.12586755  -0.00000000     0.00000000  -0.00000000
  0.00000000  -0.04496595     0.00000000  -0.00000000    -0.05293048   0.00000000
    6    2
 -0.00036844  -0.00000271     0.00000000  -0.00000000     0.01019857  -0.00723375
  0.00000000  -0.00000000    -0.02048460   0.00057410     0.00000000   0.00000000
 -0.02134973   0.00493412    -0.00000000   0.00000000    -0.00219381  -0.00599782
    6    3
 -0.00025861   0.00026244     0.00000000  -0.00000000    -0.01232651   0.00209645
 -0.00000000   0.00000000    -0.01489075   0.01407886     0.00000000  -0.00000000
  0.01858548  -0.01160760    -0.00000000  -0.00000000     0.00268984   0.00579236
    6    4
 -0.01435223   0.01435224     0.00636623   0.00636623     0.00273539   0.00273539
  0.00273539   0.00273539    -0.00195077   0.00195077     0.01265013  -0.01265014
  0.00636623   0.00636623    -0.01843477   0.01843478    -0.00195077   0.00195077
    6    5
 -0.02029712   0.00000000    -0.00000000  -0.00900321    -0.00000000   0.00386842
  0.00000000  -0.00386842    -0.00275881   0.00000000    -0.01788999   0.00000000
  0.00000000   0.00900321     0.02607071  -0.00000000    -0.00275881   0.00000000
    6    6
  0.15174237   0.00000000    -0.00000000  -0.00000000    -0.00000000   0.00286175
  0.00000000   0.00000000     0.15063946   0.00000000    -0.00000000   0.00000000
 -0.00000000  -0.00286175    -0.00000000   0.00000000     0.18544944  -0.00000000
    6    7
  0.01271373  -0.01271373     0.00000000   0.00000000    -0.00259438  -0.00259438
  0.00000000  -0.00000000     0.01384227  -0.01384228     0.00000000  -0.00000000
 -0.00259438  -0.00259438     0.00000000  -0.00000000    -0.07000136   0.07000138
    7    1
 -0.05434464  -0.05434466     0.00000000  -0.00000000    -0.02822010   0.02822009
  0.00000000   0.00000000    -0.08900178  -0.08900181     0.00000000   0.00000000
 -0.03179574   0.03179573     0.00000000   0.00000000    -0.03742750  -0.03742751
    7    2
 -0.00025861  -0.00026244     0.00000000   0.00000000    -0.01232651  -0.00209645
 -0.00000000  -0.00000000    -0.01489075  -0.01407886     0.00000000   0.00000000
  0.01858548   0.01160760     0.00000000   0.00000000     0.00268984  -0.00579236
    7    3
 -0.00036844   0.00000271     0.00000000  -0.00000000     0.01019857   0.00723375
  0.00000000  -0.00000000    -0.02048460  -0.00057410     0.00000000  -0.00000000
 -0.02134973  -0.00493412    -0.00000000   0.00000000    -0.00219381   0.00599782
    7    4
 -0.02029712  -0.00000000    -0.00000000   0.00900321     0.00000000  -0.00386842
  0.00000000   0.00386842    -0.00275881  -0.00000000    -0.01788999  -0.00000000
  0.00000000  -0.00900321     0.02607071   0.00000000    -0.00275881  -0.00000000
    7    5
 -0.01435223  -0.01435224     0.00636623  -0.00636623     0.00273539  -0.00273539
  0.00273539  -0.00273539    -0.00195077  -0.00195077     0.01265013   0.01265014
  0.00636623  -0.00636623    -0.01843477  -0.01843478    -0.00195077  -0.00195077
    7    6
  0.01271373   0.01271373     0.00000000  -0.00000000    -0.00259438   0.00259438
  0.00000000   0.00000000     0.01384227   0.01384228     0.00000000   0.00000000
 -0.00259438   0.00259438     0.00000000   0.00000000    -0.07000136  -0.07000138
    7    7
  0.15174237  -0.00000000    -0.00000000   0.00000000    -0.00000000  -0.00286175
  0.00000000  -0.00000000     0.15063946  -0.00000000    -0.00000000   0.00000000
 -0.00000000   0.00286175    -0.00000000   0.00000000     0.18544944   0.00000000

     Dynamical  Matrix in cartesian axes

     q = (   -0.216506400  -0.000000000  -0.000000000 ) 

    1    1
  0.66778288   0.00000000    -0.00000000   0.00000000    -0.00000000   0.00000000
 -0.00000000   0.00000000     0.63482160   0.00000000    -0.00000000   0.00000000
 -0.00000000   0.00000000    -0.00000000   0.00000000     0.63482160   0.00000000
    1    2
 -0.04684558  -0.01940408    -0.00000000  -0.00000000     0.00000000  -0.00000000
 -0.00000000  -0.00000000    -0.08147738  -0.07983817     0.00000000  -0.00000000
  0.00000000  -0.00000000     0.00000000  -0.00000000    -0.11406732  -0.00115911
    1    3
 -0.04684558  -0.01940408    -0.00000000  -0.00000000     0.00000000   0.00000000
  0.00000000   0.00000000    -0.11406732  -0.00115911     0.00000000   0.00000000
  0.00000000   0.00000000     0.00000000   0.00000000    -0.08147738  -0.07983817
    1    4
 -0.05434464  -0.05434466    -0.03179574   0.03179573     0.00000000   0.00000000
 -0.02822010   0.02822009    -0.03742750  -0.03742751     0.00000000   0.00000000
  0.00000000   0.00000000     0.00000000   0.00000000    -0.08900178  -0.08900181
    1    5
 -0.07685495   0.00000000     0.00000000  -0.04496595     0.00000000  -0.00000000
  0.00000000  -0.03990924    -0.05293048   0.00000000     0.00000000  -0.00000000
  0.00000000  -0.00000000     0.00000000  -0.00000000    -0.12586755  -0.00000000
    1    6
 -0.07685495   0.00000000     0.00000000   0.00000000     0.00000000  -0.04496595
  0.00000000   0.00000000    -0.12586755  -0.00000000     0.00000000   0.00000000
  0.00000000  -0.03990924     0.00000000   0.00000000    -0.05293048  -0.00000000
    1    7
 -0.05434464  -0.05434466     0.00000000   0.00000000    -0.03179574   0.03179573
  0.00000000   0.00000000    -0.08900178  -0.08900181     0.00000000   0.00000000
 -0.02822010   0.02822009     0.00000000   0.00000000    -0.03742750  -0.03742751
    2    1
 -0.04684558   0.01940408    -0.00000000   0.00000000     0.00000000  -0.00000000
 -0.00000000   0.00000000    -0.08147738   0.07983817     0.00000000   0.00000000
  0.00000000   0.00000000     0.00000000   0.00000000    -0.11406732   0.00115911
    2    2
  0.17944815   0.00000000    -0.00000000   0.00000000    -0.00000000   0.00000000
  0.00000000   0.00000000     0.15471619   0.00000000    -0.00000000   0.00000000
 -0.00000000   0.00000000    -0.00000000   0.00000000     0.15471619   0.00000000
    2    3
 -0.07617205  -0.00000000     0.00000000   0.00000000     0.00000000   0.00000000
  0.00000000   0.00000000     0.01422465   0.00696658     0.00000000   0.00000000
  0.00000000   0.00000000     0.00000000   0.00000000     0.01422465  -0.00696658
    2    4
 -0.00036844   0.00000271    -0.02134973  -0.00493412     0.00000000  -0.00000000
  0.01019857   0.00723375    -0.00219381   0.00599782     0.00000000  -0.00000000
  0.00000000   0.00000000     0.00000000   0.00000000    -0.02048460  -0.00057410
    2    5
 -0.00025861   0.00026244     0.01858548  -0.01160760     0.00000000  -0.00000000
 -0.01232651   0.00209645     0.00268984   0.00579236     0.00000000  -0.00000000
  0.00000000  -0.00000000     0.00000000  -0.00000000    -0.01489075   0.01407886
    2    6
 -0.00036844  -0.00000271     0.00000000  -0.00000000    -0.02134973   0.00493412
 -0.00000000   0.00000000    -0.02048460   0.00057410     0.00000000   0.00000000
  0.01019857  -0.00723375    -0.00000000   0.00000000    -0.00219381  -0.00599782
    2    7
 -0.00025861  -0.00026244     0.00000000   0.00000000     0.01858548   0.01160760
  0.00000000   0.00000000    -0.01489075  -0.01407886     0.00000000   0.00000000
 -0.01232651  -0.00209645     0.00000000   0.00000000     0.00268984  -0.00579236
    3    1
 -0.04684558   0.01940408    -0.00000000   0.00000000     0.00000000  -0.00000000
 -0.00000000   0.00000000    -0.11406732   0.00115911     0.00000000  -0.00000000
  0.00000000  -0.00000000     0.00000000  -0.00000000    -0.08147738   0.07983817
    3    2
 -0.07617205   0.00000000     0.00000000  -0.00000000     0.00000000  -0.00000000
  0.00000000  -0.00000000     0.01422465  -0.00696658     0.00000000  -0.00000000
  0.00000000  -0.00000000     0.00000000  -0.00000000     0.01422465   0.00696658
    3    3
  0.17944815   0.00000000    -0.00000000   0.00000000    -0.00000000   0.00000000
  0.00000000   0.00000000     0.15471619   0.00000000    -0.00000000   0.00000000
 -0.00000000   0.00000000    -0.00000000   0.00000000     0.15471619   0.00000000
    3    4
 -0.00025861  -0.00026244     0.01858548   0.01160760     0.00000000   0.00000000
 -0.01232651  -0.00209645     0.00268984  -0.00579236     0.00000000   0.00000000
  0.00000000   0.00000000     0.00000000   0.00000000    -0.01489075  -0.01407886
    3    5
 -0.00036844  -0.00000271    -0.02134973   0.00493412     0.00000000   0.00000000
  0.01019857  -0.00723375    -0.00219381  -0.00599782     0.00000000   0.00000000
  0.00000000   0.00000000     0.00000000   0.00000000    -0.02048460   0.00057410
    3    6
 -0.00025861   0.00026244     0.00000000   0.00000000     0.01858548  -0.01160760
  0.00000000  -0.00000000    -0.01489075   0.01407886    -0.00000000   0.00000000
 -0.01232651   0.00209645     0.00000000  -0.00000000     0.00268984   0.00579236
    3    7
 -0.00036844   0.00000271     0.00000000   0.00000000    -0.02134973  -0.00493412
 -0.00000000  -0.00000000    -0.02048460  -0.00057410     0.00000000   0.00000000
  0.01019857   0.00723375    -0.00000000  -0.00000000    -0.00219381   0.00599782
    4    1
 -0.05434464   0.05434466    -0.02822010  -0.02822009     0.00000000  -0.00000000
 -0.03179574  -0.03179573    -0.03742750   0.03742751     0.00000000  -0.00000000
  0.00000000  -0.00000000     0.00000000  -0.00000000    -0.08900178   0.08900181
    4    2
 -0.00036844  -0.00000271     0.01019857  -0.00723375     0.00000000  -0.00000000
 -0.02134973   0.00493412    -0.00219381  -0.00599782     0.00000000  -0.00000000
  0.00000000   0.00000000     0.00000000   0.00000000    -0.02048460   0.00057410
    4    3
 -0.00025861   0.00026244    -0.01232651   0.00209645     0.00000000  -0.00000000
  0.01858548  -0.01160760     0.00268984   0.00579236     0.00000000   0.00000000
  0.00000000  -0.00000000     0.00000000  -0.00000000    -0.01489075   0.01407886
    4    4
  0.15174237   0.00000000     0.00000000   0.00286175    -0.00000000   0.00000000
  0.00000000  -0.00286175     0.18544944  -0.00000000    -0.00000000   0.00000000
 -0.00000000   0.00000000    -0.00000000   0.00000000     0.15063946   0.00000000
    4    5
  0.01271373  -0.01271373    -0.00259438  -0.00259438    -0.00000000   0.00000000
 -0.00259438  -0.00259438    -0.07000136   0.07000138    -0.00000000   0.00000000
 -0.00000000   0.00000000    -0.00000000   0.00000000     0.01384227  -0.01384228
    4    6
 -0.01435223   0.01435224     0.00273539   0.00273539     0.00636623   0.00636623
  0.00636623   0.00636623    -0.00195077   0.00195077    -0.01843477   0.01843478
  0.00273539   0.00273539     0.01265013  -0.01265014    -0.00195077   0.00195077
    4    7
 -0.02029712   0.00000000     0.00000000   0.00386842     0.00000000  -0.00900321
 -0.00000000   0.00900321    -0.00275881   0.00000000     0.02607071  -0.00000000
  0.00000000  -0.00386842    -0.01788999   0.00000000    -0.00275881   0.00000000
    5    1
 -0.07685495  -0.00000000     0.00000000   0.03990924     0.00000000  -0.00000000
 -0.00000000   0.04496595    -0.05293048   0.00000000     0.00000000   0.00000000
  0.00000000  -0.00000000     0.00000000   0.00000000    -0.12586755   0.00000000
    5    2
 -0.00025861  -0.00026244    -0.01232651  -0.00209645     0.00000000   0.00000000
  0.01858548   0.01160760     0.00268984  -0.00579236     0.00000000   0.00000000
  0.00000000   0.00000000     0.00000000   0.00000000    -0.01489075  -0.01407886
    5    3
 -0.00036844   0.00000271     0.01019857   0.00723375     0.00000000   0.00000000
 -0.02134973  -0.00493412    -0.00219381   0.00599782     0.00000000   0.00000000
  0.00000000  -0.00000000    -0.00000000  -0.00000000    -0.02048460  -0.00057410
    5    4
  0.01271373   0.01271373    -0.00259438   0.00259438    -0.00000000  -0.00000000
 -0.00259438   0.00259438    -0.07000136  -0.07000138    -0.00000000  -0.00000000
 -0.00000000   0.00000000    -0.00000000   0.00000000     0.01384227   0.01384228
    5    5
  0.15174237  -0.00000000     0.00000000  -0.00286175    -0.00000000   0.00000000
  0.00000000   0.00286175     0.18544944   0.00000000    -0.00000000   0.00000000
 -0.00000000   0.00000000    -0.00000000   0.00000000     0.15063946  -0.00000000
    5    6
 -0.02029712  -0.00000000     0.00000000  -0.00386842     0.00000000   0.00900321
 -0.00000000  -0.00900321    -0.00275881   0.00000000     0.02607071   0.00000000
 -0.00000000   0.00386842    -0.01788999  -0.00000000    -0.00275881  -0.00000000
    5    7
 -0.01435223  -0.01435224     0.00273539  -0.00273539     0.00636623  -0.00636623
  0.00636623  -0.00636623    -0.00195077  -0.00195077    -0.01843477  -0.01843478
  0.00273539  -0.00273539     0.01265013   0.01265014    -0.00195077  -0.00195077
    6    1
 -0.07685495   0.00000000     0.00000000  -0.00000000     0.00000000   0.03990924
  0.00000000  -0.00000000    -0.12586755   0.00000000     0.00000000  -0.00000000
  0.00000000   0.04496595     0.00000000   0.00000000    -0.05293048   0.00000000
    6    2
 -0.00036844   0.00000271     0.00000000  -0.00000000     0.01019857   0.00723375
 -0.00000000  -0.00000000    -0.02048460  -0.00057410    -0.00000000  -0.00000000
 -0.02134973  -0.00493412    -0.00000000  -0.00000000    -0.00219381   0.00599782
    6    3
 -0.00025861  -0.00026244    -0.00000000   0.00000000    -0.01232651  -0.00209645
 -0.00000000  -0.00000000    -0.01489075  -0.01407886    -0.00000000   0.00000000
  0.01858548   0.01160760    -0.00000000   0.00000000     0.00268984  -0.00579236
    6    4
 -0.01435223  -0.01435224     0.00636623  -0.00636623     0.00273539  -0.00273539
  0.00273539  -0.00273539    -0.00195077  -0.00195077     0.01265013   0.01265014
  0.00636623  -0.00636623    -0.01843477  -0.01843478    -0.00195077  -0.00195077
    6    5
 -0.02029712   0.00000000    -0.00000000   0.00900321    -0.00000000  -0.00386842
  0.00000000   0.00386842    -0.00275881   0.00000000    -0.01788999   0.00000000
  0.00000000  -0.00900321     0.02607071  -0.00000000    -0.00275881  -0.00000000
    6    6
  0.15174237   0.00000000    -0.00000000   0.00000000    -0.00000000  -0.00286175
  0.00000000  -0.00000000     0.15063946  -0.00000000    -0.00000000   0.00000000
 -0.00000000   0.00286175    -0.00000000   0.00000000     0.18544944   0.00000000
    6    7
  0.01271373   0.01271373     0.00000000  -0.00000000    -0.00259438   0.00259438
 -0.00000000   0.00000000     0.01384227   0.01384228     0.00000000   0.00000000
 -0.00259438   0.00259438     0.00000000   0.00000000    -0.07000136  -0.07000138
    7    1
 -0.05434464   0.05434466     0.00000000  -0.00000000    -0.02822010  -0.02822009
  0.00000000  -0.00000000    -0.08900178   0.08900181     0.00000000  -0.00000000
 -0.03179574  -0.03179573     0.00000000  -0.00000000    -0.03742750   0.03742751
    7    2
 -0.00025861   0.00026244     0.00000000   0.00000000    -0.01232651   0.00209645
 -0.00000000   0.00000000    -0.01489075   0.01407886     0.00000000  -0.00000000
  0.01858548  -0.01160760     0.00000000   0.00000000     0.00268984   0.00579236
    7    3
 -0.00036844  -0.00000271     0.00000000   0.00000000     0.01019857  -0.00723375
 -0.00000000  -0.00000000    -0.02048460   0.00057410    -0.00000000   0.00000000
 -0.02134973   0.00493412     0.00000000   0.00000000    -0.00219381  -0.00599782
    7    4
 -0.02029712  -0.00000000    -0.00000000  -0.00900321    -0.00000000   0.00386842
  0.00000000  -0.00386842    -0.00275881  -0.00000000    -0.01788999  -0.00000000
  0.00000000   0.00900321     0.02607071   0.00000000    -0.00275881   0.00000000
    7    5
 -0.01435223   0.01435224     0.00636623   0.00636623     0.00273539   0.00273539
  0.00273539   0.00273539    -0.00195077   0.00195077     0.01265013  -0.01265014
  0.00636623   0.00636623    -0.01843477   0.01843478    -0.00195077   0.00195077
    7    6
  0.01271373  -0.01271373     0.00000000   0.00000000    -0.00259438  -0.00259438
 -0.00000000  -0.00000000     0.01384227  -0.01384228     0.00000000  -0.00000000
 -0.00259438  -0.00259438     0.00000000  -0.00000000    -0.07000136   0.07000138
    7    7
  0.15174237  -0.00000000    -0.00000000  -0.00000000    -0.00000000   0.00286175
  0.00000000   0.00000000     0.15063946   0.00000000    -0.00000000   0.00000000
 -0.00000000  -0.00286175    -0.00000000  -0.00000000     0.18544944  -0.00000000

     Dynamical  Matrix in cartesian axes

     q = (   -0.000000000   0.216506400   0.000000000 ) 

    1    1
  0.63482160   0.00000000     0.00000000   0.00000000    -0.00000000   0.00000000
  0.00000000   0.00000000     0.66778288   0.00000000    -0.00000000   0.00000000
 -0.00000000   0.00000000    -0.00000000   0.00000000     0.63482160   0.00000000
    1    2
 -0.05293048   0.00000000     0.00000000   0.03990924     0.00000000   0.00000000
  0.00000000   0.04496595    -0.07685495   0.00000000     0.00000000   0.00000000
  0.00000000   0.00000000     0.00000000   0.00000000    -0.12586755   0.00000000
    1    3
 -0.03742750   0.03742751    -0.02822010  -0.02822009     0.00000000  -0.00000000
 -0.03179574  -0.03179573    -0.05434464   0.05434466     0.00000000  -0.00000000
  0.00000000  -0.00000000     0.00000000  -0.00000000    -0.08900178   0.08900181
    1    4
 -0.11406732   0.00115911     0.00000000   0.00000000     0.00000000  -0.00000000
