Dynamical matrix file
Electron-phonon coefficients for Ca1H6                                     
  2    7   0   5.5613398   0.0000000   0.0000000   0.0000000   0.0000000   0.0000000
Basis vectors
     -0.577350269    0.577350269    0.577350269
      0.577350269   -0.577350269    0.577350269
      0.577350269    0.577350269   -0.577350269
           1  'Ca  '    36528.8623753087     
           2  'H   '    918.681110398939     
    1    1      0.0000000000      0.0000000000      0.0000000000
    2    2      0.2886751346      0.0000000000      0.5773502692
    3    2      0.2886751346      0.5773502692      0.0000000000
    4    2      0.5773502692      0.2886751346      0.0000000000
    5    2      0.0000000000      0.2886751346      0.5773502692
    6    2      0.0000000000      0.5773502692      0.2886751346
    7    2      0.5773502692      0.0000000000      0.2886751346

     Dynamical  Matrix in cartesian axes

     q = (    0.216506351   0.216506351   0.000000000 ) 

    1    1
  0.65694172  -0.00000000     0.08156177  -0.00000000    -0.00000000  -0.00000000
  0.08156177  -0.00000000     0.65694172  -0.00000000    -0.00000000  -0.00000000
 -0.00000000  -0.00000000    -0.00000000  -0.00000000     0.66098100   0.00000000
    1    2
 -0.03541808   0.01976672     0.05185922   0.03067394     0.00000000   0.00000000
  0.02302163   0.02940020    -0.04987858   0.05345653     0.00000000   0.00000000
  0.00000000  -0.00000000     0.00000000  -0.00000000    -0.11576074   0.00591643
    1    3
 -0.01976672   0.03541808    -0.03067394  -0.05185922     0.00000000  -0.00000000
 -0.02940020  -0.02302163    -0.05345653   0.04987858     0.00000000  -0.00000000
  0.00000000  -0.00000000     0.00000000  -0.00000000    -0.00591643   0.11576074
    1    4
 -0.05345653   0.04987858    -0.02940020  -0.02302163     0.00000000  -0.00000000
 -0.03067394  -0.05185922    -0.01976672   0.03541808     0.00000000  -0.00000000
  0.00000000  -0.00000000     0.00000000  -0.00000000    -0.00591643   0.11576074
    1    5
 -0.04987858   0.05345653     0.02302163   0.02940020     0.00000000   0.00000000
  0.05185922   0.03067394    -0.03541808   0.01976672     0.00000000   0.00000000
  0.00000000  -0.00000000     0.00000000  -0.00000000    -0.11576074   0.00591643
    1    6
 -0.05730910   0.05730910    -0.00252187   0.00252187     0.02418899   0.02418899
 -0.00252187   0.00252187    -0.05730910   0.05730910    -0.02418899  -0.02418899
  0.02660808   0.02660808    -0.02660808  -0.02660808    -0.03199085   0.03199085
    1    7
 -0.05730910   0.05730910    -0.00252187   0.00252187    -0.02418899  -0.02418899
 -0.00252187   0.00252187    -0.05730910   0.05730910     0.02418899   0.02418899
 -0.02660808  -0.02660808     0.02660808   0.02660808    -0.03199085   0.03199085
    2    1
 -0.03541808  -0.01976672     0.02302163  -0.02940020     0.00000000   0.00000000
  0.05185922  -0.03067394    -0.04987858  -0.05345653     0.00000000   0.00000000
  0.00000000   0.00000000     0.00000000  -0.00000000    -0.11576074  -0.00591643
    2    2
  0.18089455  -0.00000000    -0.00208389  -0.00258420    -0.00000000   0.00000000
 -0.00208389   0.00258420     0.15129950   0.00000000    -0.00000000   0.00000000
 -0.00000000   0.00000000    -0.00000000   0.00000000     0.15193856  -0.00000000
    2    3
 -0.04759816   0.05879893    -0.00372789   0.00107567    -0.00000000   0.00000000
 -0.00372789   0.00107567     0.01069824  -0.01128653    -0.00000000   0.00000000
 -0.00000000   0.00000000    -0.00000000  -0.00000000     0.01648021  -0.00321126
    2    4
 -0.00477140  -0.00372069    -0.01230810   0.00217484     0.00000000   0.00000000
  0.00499014  -0.01463667    -0.00477140  -0.00372069     0.00000000  -0.00000000
  0.00000000  -0.00000000     0.00000000   0.00000000    -0.02285193   0.00037478
    2    5
  0.00221605   0.00600694     0.02971881   0.00000000     0.00000000   0.00000000
 -0.00571040  -0.00000000     0.00221605  -0.00600694     0.00000000   0.00000000
  0.00000000   0.00000000     0.00000000   0.00000000    -0.01927279   0.00000000
    2    6
  0.00194907  -0.00170715     0.00392794   0.00751320    -0.01632635   0.01144534
  0.00529550   0.00249323    -0.01376129   0.01284004     0.00745430   0.00658150
  0.01474912  -0.00178872     0.00555221   0.00226134     0.00337844   0.00481881
    2    7
  0.00194907  -0.00170715     0.00392794   0.00751320     0.01632635  -0.01144534
  0.00529550   0.00249323    -0.01376129   0.01284004    -0.00745430  -0.00658150
 -0.01474912   0.00178872    -0.00555221  -0.00226134     0.00337844   0.00481881
    3    1
 -0.01976672  -0.03541808    -0.02940020   0.02302163     0.00000000   0.00000000
 -0.03067394   0.05185922    -0.05345653  -0.04987858    -0.00000000   0.00000000
  0.00000000   0.00000000     0.00000000   0.00000000    -0.00591643  -0.11576074
    3    2
 -0.04759816  -0.05879893    -0.00372789  -0.00107567    -0.00000000   0.00000000
 -0.00372789  -0.00107567     0.01069824   0.01128653    -0.00000000   0.00000000
 -0.00000000   0.00000000    -0.00000000   0.00000000     0.01648021   0.00321126
    3    3
  0.18089455  -0.00000000    -0.00208389   0.00258420    -0.00000000   0.00000000
 -0.00208389  -0.00258420     0.15129950   0.00000000    -0.00000000   0.00000000
 -0.00000000  -0.00000000    -0.00000000  -0.00000000     0.15193856   0.00000000
    3    4
  0.00221605  -0.00600694     0.02971881  -0.00000000     0.00000000   0.00000000
 -0.00571040  -0.00000000     0.00221605   0.00600694     0.00000000   0.00000000
  0.00000000   0.00000000     0.00000000   0.00000000    -0.01927279   0.00000000
    3    5
 -0.00477140   0.00372069    -0.01230810  -0.00217484     0.00000000   0.00000000
  0.00499014   0.01463667    -0.00477140   0.00372069     0.00000000   0.00000000
  0.00000000   0.00000000     0.00000000   0.00000000    -0.02285193  -0.00037478
    3    6
  0.00194907   0.00170715     0.00392794  -0.00751320     0.01632635   0.01144534
  0.00529550  -0.00249323    -0.01376129  -0.01284004    -0.00745430   0.00658150
 -0.01474912  -0.00178872    -0.00555221   0.00226134     0.00337844  -0.00481881
    3    7
  0.00194907   0.00170715     0.00392794  -0.00751320    -0.01632635  -0.01144534
  0.00529550  -0.00249323    -0.01376129  -0.01284004     0.00745430  -0.00658150
  0.01474912   0.00178872     0.00555221  -0.00226134     0.00337844  -0.00481881
    4    1
 -0.05345653  -0.04987858    -0.03067394   0.05185922    -0.00000000   0.00000000
 -0.02940020   0.02302163    -0.01976672  -0.03541808    -0.00000000   0.00000000
 -0.00000000   0.00000000    -0.00000000   0.00000000    -0.00591643  -0.11576074
    4    2
 -0.00477140   0.00372069     0.00499014   0.01463667     0.00000000   0.00000000
 -0.01230810  -0.00217484    -0.00477140   0.00372069     0.00000000   0.00000000
  0.00000000   0.00000000     0.00000000   0.00000000    -0.02285193  -0.00037478
    4    3
  0.00221605   0.00600694    -0.00571040  -0.00000000     0.00000000   0.00000000
  0.02971881  -0.00000000     0.00221605  -0.00600694     0.00000000   0.00000000
  0.00000000   0.00000000     0.00000000   0.00000000    -0.01927279   0.00000000
    4    4
  0.15129950   0.00000000    -0.00208389  -0.00258420    -0.00000000   0.00000000
 -0.00208389   0.00258420     0.18089455   0.00000000    -0.00000000   0.00000000
 -0.00000000  -0.00000000    -0.00000000  -0.00000000     0.15193856   0.00000000
    4    5
  0.01069824   0.01128653    -0.00372789  -0.00107567    -0.00000000   0.00000000
 -0.00372789  -0.00107567    -0.04759816  -0.05879893    -0.00000000   0.00000000
 -0.00000000   0.00000000    -0.00000000   0.00000000     0.01648021   0.00321126
    4    6
 -0.01376129  -0.01284004     0.00529550  -0.00249323     0.00745430  -0.00658150
  0.00392794  -0.00751320     0.00194907   0.00170715    -0.01632635  -0.01144534
  0.00555221  -0.00226134     0.01474912   0.00178872     0.00337844  -0.00481881
    4    7
 -0.01376129  -0.01284004     0.00529550  -0.00249323    -0.00745430   0.00658150
  0.00392794  -0.00751320     0.00194907   0.00170715     0.01632635   0.01144534
 -0.00555221   0.00226134    -0.01474912  -0.00178872     0.00337844  -0.00481881
    5    1
 -0.04987858  -0.05345653     0.05185922  -0.03067394     0.00000000   0.00000000
  0.02302163  -0.02940020    -0.03541808  -0.01976672     0.00000000   0.00000000
  0.00000000   0.00000000     0.00000000   0.00000000    -0.11576074  -0.00591643
    5    2
  0.00221605  -0.00600694    -0.00571040  -0.00000000     0.00000000   0.00000000
  0.02971881  -0.00000000     0.00221605   0.00600694     0.00000000   0.00000000
  0.00000000   0.00000000     0.00000000   0.00000000    -0.01927279   0.00000000
    5    3
 -0.00477140  -0.00372069     0.00499014  -0.01463667     0.00000000   0.00000000
 -0.01230810   0.00217484    -0.00477140  -0.00372069     0.00000000  -0.00000000
  0.00000000   0.00000000     0.00000000   0.00000000    -0.02285193   0.00037478
    5    4
  0.01069824  -0.01128653    -0.00372789   0.00107567    -0.00000000   0.00000000
 -0.00372789   0.00107567    -0.04759816   0.05879893    -0.00000000   0.00000000
 -0.00000000  -0.00000000    -0.00000000   0.00000000     0.01648021  -0.00321126
    5    5
  0.15129950  -0.00000000    -0.00208389   0.00258420    -0.00000000   0.00000000
 -0.00208389  -0.00258420     0.18089455  -0.00000000    -0.00000000   0.00000000
 -0.00000000  -0.00000000    -0.00000000  -0.00000000     0.15193856  -0.00000000
    5    6
 -0.01376129   0.01284004     0.00529550   0.00249323    -0.00745430  -0.00658150
  0.00392794   0.00751320     0.00194907  -0.00170715     0.01632635  -0.01144534
 -0.00555221  -0.00226134    -0.01474912   0.00178872     0.00337844   0.00481881
    5    7
 -0.01376129   0.01284004     0.00529550   0.00249323     0.00745430   0.00658150
  0.00392794   0.00751320     0.00194907  -0.00170715    -0.01632635   0.01144534
  0.00555221   0.00226134     0.01474912  -0.00178872     0.00337844   0.00481881
    6    1
 -0.05730910  -0.05730910    -0.00252187  -0.00252187     0.02660808  -0.02660808
 -0.00252187  -0.00252187    -0.05730910  -0.05730910    -0.02660808   0.02660808
  0.02418899  -0.02418899    -0.02418899   0.02418899    -0.03199085  -0.03199085
    6    2
  0.00194907   0.00170715     0.00529550  -0.00249323     0.01474912   0.00178872
  0.00392794  -0.00751320    -0.01376129  -0.01284004     0.00555221  -0.00226134
 -0.01632635  -0.01144534     0.00745430  -0.00658150     0.00337844  -0.00481881
    6    3
  0.00194907  -0.00170715     0.00529550   0.00249323    -0.01474912   0.00178872
  0.00392794   0.00751320    -0.01376129   0.01284004    -0.00555221  -0.00226134
  0.01632635  -0.01144534    -0.00745430  -0.00658150     0.00337844   0.00481881
    6    4
 -0.01376129   0.01284004     0.00392794   0.00751320     0.00555221   0.00226134
  0.00529550   0.00249323     0.00194907  -0.00170715     0.01474912  -0.00178872
  0.00745430   0.00658150    -0.01632635   0.01144534     0.00337844   0.00481881
    6    5
 -0.01376129  -0.01284004     0.00392794  -0.00751320    -0.00555221   0.00226134
  0.00529550  -0.00249323     0.00194907   0.00170715    -0.01474912  -0.00178872
 -0.00745430   0.00658150     0.01632635   0.01144534     0.00337844  -0.00481881
    6    6
  0.14743573   0.00000000    -0.00220329  -0.00000000    -0.00000000   0.00160883
 -0.00220329   0.00000000     0.14743573   0.00000000    -0.00000000  -0.00160883
 -0.00000000  -0.00160883    -0.00000000   0.00160883     0.18608134   0.00000000
    6    7
  0.01857830   0.00000000     0.00533928  -0.00000000     0.00000000  -0.00307967
  0.00533928   0.00000000     0.01857830  -0.00000000     0.00000000   0.00307967
  0.00000000  -0.00307967     0.00000000   0.00307967    -0.09138365   0.00000000
    7    1
 -0.05730910  -0.05730910    -0.00252187  -0.00252187    -0.02660808   0.02660808
 -0.00252187  -0.00252187    -0.05730910  -0.05730910     0.02660808  -0.02660808
 -0.02418899   0.02418899     0.02418899  -0.02418899    -0.03199085  -0.03199085
    7    2
  0.00194907   0.00170715     0.00529550  -0.00249323    -0.01474912  -0.00178872
  0.00392794  -0.00751320    -0.01376129  -0.01284004    -0.00555221   0.00226134
  0.01632635   0.01144534    -0.00745430   0.00658150     0.00337844  -0.00481881
    7    3
  0.00194907  -0.00170715     0.00529550   0.00249323     0.01474912  -0.00178872
  0.00392794   0.00751320    -0.01376129   0.01284004     0.00555221   0.00226134
 -0.01632635   0.01144534     0.00745430   0.00658150     0.00337844   0.00481881
    7    4
 -0.01376129   0.01284004     0.00392794   0.00751320    -0.00555221  -0.00226134
  0.00529550   0.00249323     0.00194907  -0.00170715    -0.01474912   0.00178872
 -0.00745430  -0.00658150     0.01632635  -0.01144534     0.00337844   0.00481881
    7    5
 -0.01376129  -0.01284004     0.00392794  -0.00751320     0.00555221  -0.00226134
  0.00529550  -0.00249323     0.00194907   0.00170715     0.01474912   0.00178872
  0.00745430  -0.00658150    -0.01632635  -0.01144534     0.00337844  -0.00481881
    7    6
  0.01857830  -0.00000000     0.00533928   0.00000000     0.00000000   0.00307967
  0.00533928   0.00000000     0.01857830   0.00000000     0.00000000  -0.00307967
  0.00000000   0.00307967     0.00000000  -0.00307967    -0.09138365   0.00000000
    7    7
  0.14743573   0.00000000    -0.00220329   0.00000000    -0.00000000  -0.00160883
 -0.00220329  -0.00000000     0.14743573   0.00000000    -0.00000000   0.00160883
 -0.00000000   0.00160883    -0.00000000  -0.00160883     0.18608134  -0.00000000

     Dynamical  Matrix in cartesian axes

     q = (    0.216506351  -0.216506351   0.000000000 ) 

    1    1
  0.65694172   0.00000000    -0.08156177   0.00000000    -0.00000000   0.00000000
 -0.08156177   0.00000000     0.65694172   0.00000000    -0.00000000   0.00000000
 -0.00000000   0.00000000    -0.00000000   0.00000000     0.66098100   0.00000000
    1    2
 -0.03541808   0.01976672    -0.05185922  -0.03067394     0.00000000  -0.00000000
 -0.02302163  -0.02940020    -0.04987858   0.05345653     0.00000000   0.00000000
  0.00000000  -0.00000000     0.00000000   0.00000000    -0.11576074   0.00591643
    1    3
 -0.03541808  -0.01976672    -0.05185922   0.03067394     0.00000000  -0.00000000
 -0.02302163   0.02940020    -0.04987858  -0.05345653     0.00000000  -0.00000000
  0.00000000  -0.00000000     0.00000000  -0.00000000    -0.11576074  -0.00591643
    1    4
 -0.04987858   0.05345653    -0.02302163  -0.02940020     0.00000000   0.00000000
 -0.05185922  -0.03067394    -0.03541808   0.01976672     0.00000000   0.00000000
  0.00000000   0.00000000     0.00000000   0.00000000    -0.11576074   0.00591643
    1    5
 -0.04987858  -0.05345653    -0.02302163   0.02940020     0.00000000  -0.00000000
 -0.05185922   0.03067394    -0.03541808  -0.01976672     0.00000000  -0.00000000
  0.00000000  -0.00000000     0.00000000  -0.00000000    -0.11576074  -0.00591643
    1    6
 -0.05730910  -0.05730910     0.00252187   0.00252187    -0.02418899   0.02418899
  0.00252187   0.00252187    -0.05730910  -0.05730910    -0.02418899   0.02418899
 -0.02660808   0.02660808    -0.02660808   0.02660808    -0.03199085  -0.03199085
    1    7
 -0.05730910   0.05730910     0.00252187  -0.00252187    -0.02418899  -0.02418899
  0.00252187  -0.00252187    -0.05730910   0.05730910    -0.02418899  -0.02418899
 -0.02660808  -0.02660808    -0.02660808  -0.02660808    -0.03199085   0.03199085
    2    1
 -0.03541808  -0.01976672    -0.02302163   0.02940020     0.00000000  -0.00000000
 -0.05185922   0.03067394    -0.04987858  -0.05345653     0.00000000  -0.00000000
  0.00000000  -0.00000000     0.00000000  -0.00000000    -0.11576074  -0.00591643
    2    2
  0.18089455  -0.00000000     0.00208389   0.00258420    -0.00000000   0.00000000
  0.00208389  -0.00258420     0.15129950  -0.00000000     0.00000000   0.00000000
 -0.00000000  -0.00000000    -0.00000000  -0.00000000     0.15193856  -0.00000000
    2    3
 -0.05879893  -0.04759816     0.00107567   0.00372789     0.00000000  -0.00000000
  0.00107567   0.00372789     0.01128653   0.01069824     0.00000000  -0.00000000
 -0.00000000  -0.00000000     0.00000000  -0.00000000     0.00321126   0.01648021
    2    4
  0.00221605   0.00600694    -0.02971881  -0.00000000     0.00000000   0.00000000
  0.00571040   0.00000000     0.00221605  -0.00600694     0.00000000   0.00000000
  0.00000000   0.00000000     0.00000000   0.00000000    -0.01927279  -0.00000000
    2    5
  0.00372069  -0.00477140     0.00217484   0.01230810    -0.00000000   0.00000000
 -0.01463667  -0.00499014     0.00372069  -0.00477140    -0.00000000   0.00000000
  0.00000000   0.00000000     0.00000000   0.00000000    -0.00037478  -0.02285193
    2    6
  0.00170715   0.00194907     0.00751320  -0.00392794    -0.01144534  -0.01632635
  0.00249323  -0.00529550    -0.01284004  -0.01376129     0.00658150  -0.00745430
  0.00178872   0.01474912     0.00226134  -0.00555221    -0.00481881   0.00337844
    2    7
  0.00194907  -0.00170715    -0.00392794  -0.00751320     0.01632635  -0.01144534
 -0.00529550  -0.00249323    -0.01376129   0.01284004     0.00745430   0.00658150
 -0.01474912   0.00178872     0.00555221   0.00226134     0.00337844   0.00481881
    3    1
 -0.03541808   0.01976672    -0.02302163  -0.02940020     0.00000000   0.00000000
 -0.05185922  -0.03067394    -0.04987858   0.05345653     0.00000000   0.00000000
  0.00000000   0.00000000     0.00000000   0.00000000    -0.11576074   0.00591643
    3    2
 -0.05879893   0.04759816     0.00107567  -0.00372789     0.00000000   0.00000000
  0.00107567  -0.00372789     0.01128653  -0.01069824     0.00000000   0.00000000
 -0.00000000   0.00000000    -0.00000000   0.00000000     0.00321126  -0.01648021
    3    3
  0.18089455  -0.00000000     0.00208389  -0.00258420    -0.00000000  -0.00000000
  0.00208389   0.00258420     0.15129950   0.00000000    -0.00000000  -0.00000000
 -0.00000000   0.00000000    -0.00000000   0.00000000     0.15193856   0.00000000
    3    4
  0.00372069   0.00477140     0.00217484  -0.01230810    -0.00000000  -0.00000000
 -0.01463667   0.00499014     0.00372069   0.00477140    -0.00000000  -0.00000000
 -0.00000000  -0.00000000     0.00000000  -0.00000000    -0.00037478   0.02285193
    3    5
  0.00221605  -0.00600694    -0.02971881  -0.00000000     0.00000000   0.00000000
  0.00571040   0.00000000     0.00221605   0.00600694     0.00000000   0.00000000
  0.00000000   0.00000000     0.00000000   0.00000000    -0.01927279  -0.00000000
    3    6
  0.00194907   0.00170715    -0.00392794   0.00751320     0.01632635   0.01144534
 -0.00529550   0.00249323    -0.01376129  -0.01284004     0.00745430  -0.00658150
 -0.01474912  -0.00178872     0.00555221  -0.00226134     0.00337844  -0.00481881
    3    7
  0.00170715  -0.00194907     0.00751320   0.00392794    -0.01144534   0.01632635
  0.00249323   0.00529550    -0.01284004   0.01376129     0.00658150   0.00745430
  0.00178872  -0.01474912     0.00226134   0.00555221    -0.00481881  -0.00337844
    4    1
 -0.04987858  -0.05345653    -0.05185922   0.03067394     0.00000000  -0.00000000
 -0.02302163   0.02940020    -0.03541808  -0.01976672     0.00000000  -0.00000000
  0.00000000  -0.00000000     0.00000000  -0.00000000    -0.11576074  -0.00591643
    4    2
  0.00221605  -0.00600694     0.00571040  -0.00000000     0.00000000   0.00000000
 -0.02971881   0.00000000     0.00221605   0.00600694     0.00000000   0.00000000
  0.00000000   0.00000000     0.00000000   0.00000000    -0.01927279   0.00000000
    4    3
  0.00372069  -0.00477140    -0.01463667  -0.00499014    -0.00000000   0.00000000
  0.00217484   0.01230810     0.00372069  -0.00477140    -0.00000000   0.00000000
 -0.00000000   0.00000000    -0.00000000   0.00000000    -0.00037478  -0.02285193
    4    4
  0.15129950   0.00000000     0.00208389  -0.00258420    -0.00000000   0.00000000
  0.00208389   0.00258420     0.18089455  -0.00000000     0.00000000   0.00000000
  0.00000000   0.00000000     0.00000000   0.00000000     0.15193856  -0.00000000
    4    5
  0.01128653   0.01069824     0.00107567   0.00372789     0.00000000  -0.00000000
  0.00107567   0.00372789    -0.05879893  -0.04759816     0.00000000  -0.00000000
  0.00000000  -0.00000000     0.00000000  -0.00000000     0.00321126   0.01648021
    4    6
 -0.01284004  -0.01376129     0.00249323  -0.00529550     0.00658150  -0.00745430
  0.00751320  -0.00392794     0.00170715   0.00194907    -0.01144534  -0.01632635
  0.00226134  -0.00555221     0.00178872   0.01474912    -0.00481881   0.00337844
    4    7
 -0.01376129   0.01284004    -0.00529550  -0.00249323     0.00745430   0.00658150
 -0.00392794  -0.00751320     0.00194907  -0.00170715     0.01632635  -0.01144534
  0.00555221   0.00226134    -0.01474912   0.00178872     0.00337844   0.00481881
    5    1
 -0.04987858   0.05345653    -0.05185922  -0.03067394     0.00000000   0.00000000
 -0.02302163  -0.02940020    -0.03541808   0.01976672     0.00000000   0.00000000
  0.00000000   0.00000000     0.00000000   0.00000000    -0.11576074   0.00591643
    5    2
  0.00372069   0.00477140    -0.01463667   0.00499014     0.00000000  -0.00000000
  0.00217484  -0.01230810     0.00372069   0.00477140     0.00000000  -0.00000000
  0.00000000  -0.00000000     0.00000000  -0.00000000    -0.00037478   0.02285193
    5    3
  0.00221605   0.00600694     0.00571040  -0.00000000     0.00000000   0.00000000
 -0.02971881   0.00000000     0.00221605  -0.00600694     0.00000000   0.00000000
  0.00000000   0.00000000     0.00000000   0.00000000    -0.01927279   0.00000000
    5    4
  0.01128653  -0.01069824     0.00107567  -0.00372789     0.00000000   0.00000000
  0.00107567  -0.00372789    -0.05879893   0.04759816     0.00000000   0.00000000
  0.00000000   0.00000000     0.00000000   0.00000000     0.00321126  -0.01648021
    5    5
  0.15129950  -0.00000000     0.00208389   0.00258420    -0.00000000   0.00000000
  0.00208389  -0.00258420     0.18089455  -0.00000000    -0.00000000   0.00000000
 -0.00000000   0.00000000    -0.00000000   0.00000000     0.15193856   0.00000000
    5    6
 -0.01376129  -0.01284004    -0.00529550   0.00249323     0.00745430  -0.00658150
 -0.00392794   0.00751320     0.00194907   0.00170715     0.01632635   0.01144534
  0.00555221  -0.00226134    -0.01474912  -0.00178872     0.00337844  -0.00481881
    5    7
 -0.01284004   0.01376129     0.00249323   0.00529550     0.00658150   0.00745430
  0.00751320   0.00392794     0.00170715  -0.00194907    -0.01144534   0.01632635
  0.00226134   0.00555221     0.00178872  -0.01474912    -0.00481881  -0.00337844
    6    1
 -0.05730910   0.05730910     0.00252187  -0.00252187    -0.02660808  -0.02660808
  0.00252187  -0.00252187    -0.05730910   0.05730910    -0.02660808  -0.02660808
 -0.02418899  -0.02418899    -0.02418899  -0.02418899    -0.03199085   0.03199085
    6    2
  0.00170715  -0.00194907     0.00249323   0.00529550     0.00178872  -0.01474912
  0.00751320   0.00392794    -0.01284004   0.01376129     0.00226134   0.00555221
 -0.01144534   0.01632635     0.00658150   0.00745430    -0.00481881  -0.00337844
    6    3
  0.00194907  -0.00170715    -0.00529550  -0.00249323    -0.01474912   0.00178872
 -0.00392794  -0.00751320    -0.01376129   0.01284004     0.00555221   0.00226134
  0.01632635  -0.01144534     0.00745430   0.00658150     0.00337844   0.00481881
    6    4
 -0.01284004   0.01376129     0.00751320   0.00392794     0.00226134   0.00555221
  0.00249323   0.00529550     0.00170715  -0.00194907     0.00178872  -0.01474912
  0.00658150   0.00745430    -0.01144534   0.01632635    -0.00481881  -0.00337844
    6    5
 -0.01376129   0.01284004    -0.00392794  -0.00751320     0.00555221   0.00226134
 -0.00529550  -0.00249323     0.00194907  -0.00170715    -0.01474912   0.00178872
  0.00745430   0.00658150     0.01632635  -0.01144534     0.00337844   0.00481881
    6    6
  0.14743573   0.00000000     0.00220329  -0.00000000    -0.00000000   0.00160883
  0.00220329  -0.00000000     0.14743573   0.00000000    -0.00000000   0.00160883
 -0.00000000  -0.00160883    -0.00000000  -0.00160883     0.18608134   0.00000000
    6    7
  0.00000000  -0.01857830     0.00000000   0.00533928    -0.00307967  -0.00000000
  0.00000000   0.00533928     0.00000000  -0.01857830    -0.00307967  -0.00000000
 -0.00307967  -0.00000000    -0.00307967  -0.00000000    -0.00000000   0.09138365
    7    1
 -0.05730910  -0.05730910     0.00252187   0.00252187    -0.02660808   0.02660808
  0.00252187   0.00252187    -0.05730910  -0.05730910    -0.02660808   0.02660808
 -0.02418899   0.02418899    -0.02418899   0.02418899    -0.03199085  -0.03199085
    7    2
  0.00194907   0.00170715    -0.00529550   0.00249323    -0.01474912  -0.00178872
 -0.00392794   0.00751320    -0.01376129  -0.01284004     0.00555221  -0.00226134
  0.01632635   0.01144534     0.00745430  -0.00658150     0.00337844  -0.00481881
    7    3
  0.00170715   0.00194907     0.00249323  -0.00529550     0.00178872   0.01474912
  0.00751320  -0.00392794    -0.01284004  -0.01376129     0.00226134  -0.00555221
 -0.01144534  -0.01632635     0.00658150  -0.00745430    -0.00481881   0.00337844
    7    4
 -0.01376129  -0.01284004    -0.00392794   0.00751320     0.00555221  -0.00226134
 -0.00529550   0.00249323     0.00194907   0.00170715    -0.01474912  -0.00178872
  0.00745430  -0.00658150     0.01632635   0.01144534     0.00337844  -0.00481881
    7    5
 -0.01284004  -0.01376129     0.00751320  -0.00392794     0.00226134  -0.00555221
  0.00249323  -0.00529550     0.00170715   0.00194907     0.00178872   0.01474912
  0.00658150  -0.00745430    -0.01144534  -0.01632635    -0.00481881   0.00337844
    7    6
  0.00000000   0.01857830     0.00000000  -0.00533928    -0.00307967   0.00000000
  0.00000000  -0.00533928     0.00000000   0.01857830    -0.00307967   0.00000000
 -0.00307967   0.00000000    -0.00307967   0.00000000    -0.00000000  -0.09138365
    7    7
  0.14743573   0.00000000     0.00220329  -0.00000000    -0.00000000  -0.00160883
  0.00220329  -0.00000000     0.14743573   0.00000000    -0.00000000  -0.00160883
 -0.00000000   0.00160883    -0.00000000   0.00160883     0.18608134   0.00000000

     Dynamical  Matrix in cartesian axes

     q = (   -0.216506351  -0.216506351   0.000000000 ) 

    1    1
  0.65694172   0.00000000     0.08156177   0.00000000    -0.00000000   0.00000000
  0.08156177   0.00000000     0.65694172   0.00000000    -0.00000000   0.00000000
 -0.00000000   0.00000000    -0.00000000   0.00000000     0.66098100   0.00000000
    1    2
 -0.03541808  -0.01976672     0.05185922  -0.03067394     0.00000000   0.00000000
  0.02302163  -0.02940020    -0.04987858  -0.05345653     0.00000000   0.00000000
  0.00000000   0.00000000     0.00000000   0.00000000    -0.11576074  -0.00591643
    1    3
 -0.01976672  -0.03541808    -0.03067394   0.05185922     0.00000000   0.00000000
 -0.02940020   0.02302163    -0.05345653  -0.04987858     0.00000000   0.00000000
  0.00000000   0.00000000     0.00000000   0.00000000    -0.00591643  -0.11576074
    1    4
 -0.05345653  -0.04987858    -0.02940020   0.02302163     0.00000000   0.00000000
 -0.03067394   0.05185922    -0.01976672  -0.03541808     0.00000000   0.00000000
  0.00000000   0.00000000     0.00000000   0.00000000    -0.00591643  -0.11576074
    1    5
 -0.04987858  -0.05345653     0.02302163  -0.02940020     0.00000000  -0.00000000
  0.05185922  -0.03067394    -0.03541808  -0.01976672     0.00000000  -0.00000000
  0.00000000   0.00000000     0.00000000   0.00000000    -0.11576074  -0.00591643
    1    6
 -0.05730910  -0.05730910    -0.00252187  -0.00252187     0.02418899  -0.02418899
 -0.00252187  -0.00252187    -0.05730910  -0.05730910    -0.02418899   0.02418899
  0.02660808  -0.02660808    -0.02660808   0.02660808    -0.03199085  -0.03199085
    1    7
 -0.05730910  -0.05730910    -0.00252187  -0.00252187    -0.02418899   0.02418899
 -0.00252187  -0.00252187    -0.05730910  -0.05730910     0.02418899  -0.02418899
 -0.02660808   0.02660808     0.02660808  -0.02660808    -0.03199085  -0.03199085
    2    1
 -0.03541808   0.01976672     0.02302163   0.02940020     0.00000000   0.00000000
  0.05185922   0.03067394    -0.04987858   0.05345653     0.00000000   0.00000000
  0.00000000   0.00000000     0.00000000   0.00000000    -0.11576074   0.00591643
    2    2
  0.18089455   0.00000000    -0.00208389   0.00258420    -0.00000000  -0.00000000
 -0.00208389  -0.00258420     0.15129950   0.00000000    -0.00000000  -0.00000000
 -0.00000000   0.00000000    -0.00000000   0.00000000     0.15193856   0.00000000
    2    3
 -0.04759816  -0.05879893    -0.00372789  -0.00107567    -0.00000000  -0.00000000
 -0.00372789  -0.00107567     0.01069824   0.01128653    -0.00000000  -0.00000000
 -0.00000000   0.00000000    -0.00000000   0.00000000     0.01648021   0.00321126
    2    4
 -0.00477140   0.00372069    -0.01230810  -0.00217484     0.00000000   0.00000000
  0.00499014   0.01463667    -0.00477140   0.00372069     0.00000000   0.00000000
  0.00000000   0.00000000     0.00000000   0.00000000    -0.02285193  -0.00037478
    2    5
  0.00221605  -0.00600694     0.02971881  -0.00000000     0.00000000   0.00000000
 -0.00571040  -0.00000000     0.00221605   0.00600694     0.00000000   0.00000000
  0.00000000   0.00000000     0.00000000   0.00000000    -0.01927279   0.00000000
    2    6
  0.00194907   0.00170715     0.00392794  -0.00751320    -0.01632635  -0.01144534
  0.00529550  -0.00249323    -0.01376129  -0.01284004     0.00745430  -0.00658150
  0.01474912   0.00178872     0.00555221  -0.00226134     0.00337844  -0.00481881
    2    7
  0.00194907   0.00170715     0.00392794  -0.00751320     0.01632635   0.01144534
  0.00529550  -0.00249323    -0.01376129  -0.01284004    -0.00745430   0.00658150
 -0.01474912  -0.00178872    -0.00555221   0.00226134     0.00337844  -0.00481881
    3    1
 -0.01976672   0.03541808    -0.02940020  -0.02302163     0.00000000  -0.00000000
 -0.03067394  -0.05185922    -0.05345653   0.04987858     0.00000000  -0.00000000
  0.00000000  -0.00000000     0.00000000  -0.00000000    -0.00591643   0.11576074
    3    2
 -0.04759816   0.05879893    -0.00372789   0.00107567    -0.00000000  -0.00000000
 -0.00372789   0.00107567     0.01069824  -0.01128653    -0.00000000   0.00000000
 -0.00000000  -0.00000000     0.00000000   0.00000000     0.01648021  -0.00321126
    3    3
  0.18089455  -0.00000000    -0.00208389  -0.00258420    -0.00000000  -0.00000000
 -0.00208389   0.00258420     0.15129950  -0.00000000    -0.00000000  -0.00000000
 -0.00000000   0.00000000    -0.00000000   0.00000000     0.15193856  -0.00000000
    3    4
  0.00221605   0.00600694     0.02971881   0.00000000     0.00000000   0.00000000
 -0.00571040  -0.00000000     0.00221605  -0.00600694     0.00000000   0.00000000
  0.00000000   0.00000000     0.00000000   0.00000000    -0.01927279   0.00000000
    3    5
 -0.00477140  -0.00372069    -0.01230810   0.00217484     0.00000000   0.00000000
  0.00499014  -0.01463667    -0.00477140  -0.00372069     0.00000000  -0.00000000
  0.00000000  -0.00000000     0.00000000   0.00000000    -0.02285193   0.00037478
    3    6
  0.00194907  -0.00170715     0.00392794   0.00751320     0.01632635  -0.01144534
  0.00529550   0.00249323    -0.01376129   0.01284004    -0.00745430  -0.00658150
 -0.01474912   0.00178872    -0.00555221  -0.00226134     0.00337844   0.00481881
    3    7
  0.00194907  -0.00170715     0.00392794   0.00751320    -0.01632635   0.01144534
  0.00529550   0.00249323    -0.01376129   0.01284004     0.00745430   0.00658150
  0.01474912  -0.00178872     0.00555221   0.00226134     0.00337844   0.00481881
    4    1
 -0.05345653   0.04987858    -0.03067394  -0.05185922     0.00000000  -0.00000000
 -0.02940020  -0.02302163    -0.01976672   0.03541808     0.00000000  -0.00000000
  0.00000000  -0.00000000     0.00000000  -0.00000000    -0.00591643   0.11576074
    4    2
 -0.00477140  -0.00372069     0.00499014  -0.01463667     0.00000000   0.00000000
 -0.01230810   0.00217484    -0.00477140  -0.00372069     0.00000000  -0.00000000
  0.00000000  -0.00000000     0.00000000   0.00000000    -0.02285193   0.00037478
    4    3
  0.00221605  -0.00600694    -0.00571040  -0.00000000     0.00000000   0.00000000
  0.02971881  -0.00000000     0.00221605   0.00600694     0.00000000   0.00000000
  0.00000000   0.00000000     0.00000000   0.00000000    -0.01927279   0.00000000
    4    4
  0.15129950  -0.00000000    -0.00208389   0.00258420    -0.00000000   0.00000000
 -0.00208389  -0.00258420     0.18089455  -0.00000000    -0.00000000   0.00000000
 -0.00000000   0.00000000    -0.00000000   0.00000000     0.15193856  -0.00000000
    4    5
  0.01069824  -0.01128653    -0.00372789   0.00107567    -0.00000000   0.00000000
 -0.00372789   0.00107567    -0.04759816   0.05879893    -0.00000000   0.00000000
 -0.00000000   0.00000000    -0.00000000  -0.00000000     0.01648021  -0.00321126
    4    6
 -0.01376129   0.01284004     0.00529550   0.00249323     0.00745430   0.00658150
  0.00392794   0.00751320     0.00194907  -0.00170715    -0.01632635   0.01144534
  0.00555221   0.00226134     0.01474912  -0.00178872     0.00337844   0.00481881
    4    7
 -0.01376129   0.01284004     0.00529550   0.00249323    -0.00745430  -0.00658150
  0.00392794   0.00751320     0.00194907  -0.00170715     0.01632635  -0.01144534
 -0.00555221  -0.00226134    -0.01474912   0.00178872     0.00337844   0.00481881
    5    1
 -0.04987858   0.05345653     0.05185922   0.03067394     0.00000000  -0.00000000
  0.02302163   0.02940020    -0.03541808   0.01976672     0.00000000   0.00000000
  0.00000000  -0.00000000     0.00000000   0.00000000    -0.11576074   0.00591643
    5    2
  0.00221605   0.00600694    -0.00571040  -0.00000000     0.00000000   0.00000000
  0.02971881  -0.00000000     0.00221605  -0.00600694     0.00000000   0.00000000
  0.00000000   0.00000000     0.00000000   0.00000000    -0.01927279   0.00000000
    5    3
 -0.00477140   0.00372069     0.00499014   0.01463667     0.00000000   0.00000000
 -0.01230810  -0.00217484    -0.00477140   0.00372069     0.00000000   0.00000000
  0.00000000   0.00000000     0.00000000   0.00000000    -0.02285193  -0.00037478
    5    4
  0.01069824   0.01128653    -0.00372789  -0.00107567     0.00000000   0.00000000
 -0.00372789  -0.00107567    -0.04759816  -0.05879893    -0.00000000   0.00000000
 -0.00000000   0.00000000    -0.00000000   0.00000000     0.01648021   0.00321126
    5    5
  0.15129950   0.00000000    -0.00208389  -0.00258420    -0.00000000   0.00000000
 -0.00208389   0.00258420     0.18089455   0.00000000    -0.00000000   0.00000000
 -0.00000000   0.00000000    -0.00000000   0.00000000     0.15193856   0.00000000
    5    6
 -0.01376129  -0.01284004     0.00529550  -0.00249323    -0.00745430   0.00658150
  0.00392794  -0.00751320     0.00194907   0.00170715     0.01632635   0.01144534
 -0.00555221   0.00226134    -0.01474912  -0.00178872     0.00337844  -0.00481881
    5    7
 -0.01376129  -0.01284004     0.00529550  -0.00249323     0.00745430  -0.00658150
  0.00392794  -0.00751320     0.00194907   0.00170715    -0.01632635  -0.01144534
  0.00555221  -0.00226134     0.01474912   0.00178872     0.00337844  -0.00481881
    6    1
 -0.05730910   0.05730910    -0.00252187   0.00252187     0.02660808   0.02660808
 -0.00252187   0.00252187    -0.05730910   0.05730910    -0.02660808  -0.02660808
  0.02418899   0.02418899    -0.02418899  -0.02418899    -0.03199085   0.03199085
    6    2
  0.00194907  -0.00170715     0.00529550   0.00249323     0.01474912  -0.00178872
  0.00392794   0.00751320    -0.01376129   0.01284004     0.00555221   0.00226134
 -0.01632635   0.01144534     0.00745430   0.00658150     0.00337844   0.00481881
    6    3
  0.00194907   0.00170715     0.00529550  -0.00249323    -0.01474912  -0.00178872
  0.00392794  -0.00751320    -0.01376129  -0.01284004    -0.00555221   0.00226134
  0.01632635   0.01144534    -0.00745430   0.00658150     0.00337844  -0.00481881
    6    4
 -0.01376129  -0.01284004     0.00392794  -0.00751320     0.00555221  -0.00226134
  0.00529550  -0.00249323     0.00194907   0.00170715     0.01474912   0.00178872
  0.00745430  -0.00658150    -0.01632635  -0.01144534     0.00337844  -0.00481881
    6    5
 -0.01376129   0.01284004     0.00392794   0.00751320    -0.00555221  -0.00226134
  0.00529550   0.00249323     0.00194907  -0.00170715    -0.01474912   0.00178872
 -0.00745430  -0.00658150     0.01632635  -0.01144534     0.00337844   0.00481881
    6    6
  0.14743573   0.00000000    -0.00220329   0.00000000    -0.00000000  -0.00160883
 -0.00220329  -0.00000000     0.14743573   0.00000000    -0.00000000   0.00160883
 -0.00000000   0.00160883    -0.00000000  -0.00160883     0.18608134  -0.00000000
    6    7
  0.01857830  -0.00000000     0.00533928   0.00000000     0.00000000   0.00307967
  0.00533928   0.00000000     0.01857830   0.00000000     0.00000000  -0.00307967
  0.00000000   0.00307967     0.00000000  -0.00307967    -0.09138365   0.00000000
    7    1
 -0.05730910   0.05730910    -0.00252187   0.00252187    -0.02660808  -0.02660808
 -0.00252187   0.00252187    -0.05730910   0.05730910     0.02660808   0.02660808
 -0.02418899  -0.02418899     0.02418899   0.02418899    -0.03199085   0.03199085
    7    2
  0.00194907  -0.00170715     0.00529550   0.00249323    -0.01474912   0.00178872
  0.00392794   0.00751320    -0.01376129   0.01284004    -0.00555221  -0.00226134
  0.01632635  -0.01144534    -0.00745430  -0.00658150     0.00337844   0.00481881
    7    3
  0.00194907   0.00170715     0.00529550  -0.00249323     0.01474912   0.00178872
  0.00392794  -0.00751320    -0.01376129  -0.01284004     0.00555221  -0.00226134
 -0.01632635  -0.01144534     0.00745430  -0.00658150     0.00337844  -0.00481881
    7    4
 -0.01376129  -0.01284004     0.00392794  -0.00751320    -0.00555221   0.00226134
  0.00529550  -0.00249323     0.00194907   0.00170715    -0.01474912  -0.00178872
 -0.00745430   0.00658150     0.01632635   0.01144534     0.00337844  -0.00481881
    7    5
 -0.01376129   0.01284004     0.00392794   0.00751320     0.00555221   0.00226134
  0.00529550   0.00249323     0.00194907  -0.00170715     0.01474912  -0.00178872
  0.00745430   0.00658150    -0.01632635   0.01144534     0.00337844   0.00481881
    7    6
  0.01857830   0.00000000     0.00533928  -0.00000000     0.00000000  -0.00307967
  0.00533928   0.00000000     0.01857830  -0.00000000     0.00000000   0.00307967
  0.00000000  -0.00307967     0.00000000   0.00307967    -0.09138365   0.00000000
    7    7
  0.14743573   0.00000000    -0.00220329  -0.00000000    -0.00000000   0.00160883
 -0.00220329   0.00000000     0.14743573   0.00000000    -0.00000000  -0.00160883
 -0.00000000  -0.00160883    -0.00000000   0.00160883     0.18608134   0.00000000

     Dynamical  Matrix in cartesian axes

     q = (   -0.216506351   0.216506351   0.000000000 ) 

    1    1
  0.65694172   0.00000000    -0.08156177  -0.00000000    -0.00000000   0.00000000
 -0.08156177   0.00000000     0.65694172  -0.00000000    -0.00000000   0.00000000
 -0.00000000   0.00000000    -0.00000000   0.00000000     0.66098100   0.00000000
    1    2
 -0.03541808  -0.01976672    -0.05185922   0.03067394     0.00000000  -0.00000000
 -0.02302163   0.02940020    -0.04987858  -0.05345653     0.00000000  -0.00000000
  0.00000000  -0.00000000     0.00000000  -0.00000000    -0.11576074  -0.00591643
    1    3
 -0.03541808   0.01976672    -0.05185922  -0.03067394     0.00000000   0.00000000
 -0.02302163  -0.02940020    -0.04987858   0.05345653     0.00000000   0.00000000
  0.00000000   0.00000000     0.00000000   0.00000000    -0.11576074   0.00591643
    1    4
 -0.04987858  -0.05345653    -0.02302163   0.02940020     0.00000000  -0.00000000
