Dynamical matrix file
Electron-phonon coefficients for Ca1H6                                     
  2    7   0   5.5613398   0.0000000   0.0000000   0.0000000   0.0000000   0.0000000
Basis vectors
     -0.577350269    0.577350269    0.577350269
      0.577350269   -0.577350269    0.577350269
      0.577350269    0.577350269   -0.577350269
           1  'Ca  '    36528.8623753087     
           2  'H   '    918.681110398939     
    1    1      0.0000000000      0.0000000000      0.0000000000
    2    2      0.2886751346      0.0000000000      0.5773502692
    3    2      0.2886751346      0.5773502692      0.0000000000
    4    2      0.5773502692      0.2886751346      0.0000000000
    5    2      0.0000000000      0.2886751346      0.5773502692
    6    2      0.0000000000      0.5773502692      0.2886751346
    7    2      0.5773502692      0.0000000000      0.2886751346

     Dynamical  Matrix in cartesian axes

     q = (    0.000000000   0.000000000   0.433012700 ) 

    1    1
  0.71793483   0.00000000     0.00000000   0.00000000    -0.00000000   0.00000000
  0.00000000   0.00000000     0.71793483   0.00000000    -0.00000000   0.00000000
 -0.00000000   0.00000000    -0.00000000   0.00000000     0.71429648   0.00000000
    1    2
 -0.00000000   0.03360440     0.00000000   0.00000000    -0.05820568  -0.00000000
  0.00000000   0.00000000    -0.00000000   0.13895646    -0.00000000   0.00000000
 -0.05455724  -0.00000000     0.00000000   0.00000000     0.00000000  -0.00712614
    1    3
 -0.03360440   0.00000000     0.00000000  -0.00000000     0.00000000   0.05820568
  0.00000000  -0.00000000    -0.13895646   0.00000000     0.00000000   0.00000000
  0.00000000   0.05455724     0.00000000   0.00000000     0.00712614   0.00000000
    1    4
 -0.13895646   0.00000000     0.00000000  -0.00000000     0.00000000  -0.00000000
  0.00000000  -0.00000000    -0.03360440   0.00000000     0.00000000   0.05820568
 -0.00000000  -0.00000000     0.00000000   0.05455724     0.00712614  -0.00000000
    1    5
 -0.00000000   0.13895646     0.00000000  -0.00000000     0.00000000   0.00000000
  0.00000000   0.00000000    -0.00000000   0.03360440    -0.05820568  -0.00000000
  0.00000000   0.00000000    -0.05455724  -0.00000000     0.00000000  -0.00712614
    1    6
  0.01515719   0.11415285     0.00000000  -0.00000000     0.00000000   0.00000000
 -0.00000000  -0.00000000    -0.11415285  -0.01515719     0.00000000   0.00000000
 -0.00000000   0.00000000    -0.00000000   0.00000000     0.00585702  -0.00585702
    1    7
 -0.11415285  -0.01515719    -0.00000000  -0.00000000     0.00000000  -0.00000000
  0.00000000  -0.00000000     0.01515719   0.11415285     0.00000000   0.00000000
 -0.00000000  -0.00000000     0.00000000  -0.00000000     0.00585702  -0.00585702
    2    1
 -0.00000000  -0.03360440     0.00000000   0.00000000    -0.05455724   0.00000000
  0.00000000   0.00000000    -0.00000000  -0.13895646     0.00000000  -0.00000000
 -0.05820568   0.00000000     0.00000000  -0.00000000     0.00000000   0.00712614
    2    2
  0.18166728  -0.00000000     0.00000000  -0.00000000    -0.00000000   0.00329126
  0.00000000   0.00000000     0.13802476   0.00000000     0.00000000   0.00000000
  0.00000000  -0.00329126     0.00000000  -0.00000000     0.13666185  -0.00000000
    2    3
 -0.00000000  -0.09622169     0.00000000   0.00000000    -0.00139415   0.00000000
  0.00000000   0.00000000     0.00000000   0.02407178    -0.00000000   0.00000000
 -0.00139415   0.00000000     0.00000000   0.00000000     0.00000000   0.00716682
    2    4
  0.00000000   0.00240540    -0.00000000  -0.01875823     0.01776768  -0.00000000
  0.00000000   0.02625021     0.00000000   0.00240540     0.00701341  -0.00000000
  0.00701341  -0.00000000     0.01776768  -0.00000000    -0.00000000  -0.00567225
    2    5
  0.00240540   0.00000000     0.01875823   0.00000000     0.00000000  -0.01776768
 -0.02625021  -0.00000000     0.00240540  -0.00000000     0.00000000   0.00701341
  0.00000000  -0.00701341     0.00000000   0.01776768    -0.00567225   0.00000000
    2    6
 -0.00914965   0.01338194     0.00000000   0.00000000    -0.01081844  -0.00191694
  0.00000000   0.00000000    -0.01759987  -0.00192292    -0.00000000  -0.00000000
 -0.00187651   0.01007311     0.00000000  -0.00000000    -0.00483987   0.01655413
    2    7
  0.01338194  -0.00914965     0.00000000  -0.00000000     0.00191694   0.01081844
  0.00000000   0.00000000    -0.00192292  -0.01759987     0.00000000   0.00000000
 -0.01007311   0.00187651    -0.00000000   0.00000000     0.01655413  -0.00483987
    3    1
 -0.03360440  -0.00000000     0.00000000   0.00000000     0.00000000  -0.05455724
  0.00000000   0.00000000    -0.13895646  -0.00000000     0.00000000  -0.00000000
  0.00000000  -0.05820568    -0.00000000  -0.00000000     0.00712614   0.00000000
    3    2
 -0.00000000   0.09622169     0.00000000   0.00000000    -0.00139415  -0.00000000
  0.00000000   0.00000000     0.00000000  -0.02407178    -0.00000000   0.00000000
 -0.00139415  -0.00000000     0.00000000  -0.00000000     0.00000000  -0.00716682
    3    3
  0.18166728   0.00000000     0.00000000   0.00000000    -0.00000000  -0.00329126
  0.00000000  -0.00000000     0.13802476  -0.00000000     0.00000000  -0.00000000
  0.00000000   0.00329126     0.00000000   0.00000000     0.13666185   0.00000000
    3    4
  0.00240540  -0.00000000     0.01875823  -0.00000000     0.00000000   0.01776768
 -0.02625021   0.00000000     0.00240540   0.00000000    -0.00000000  -0.00701341
  0.00000000   0.00701341    -0.00000000  -0.01776768    -0.00567225   0.00000000
    3    5
  0.00000000  -0.00240540    -0.00000000   0.01875823     0.01776768   0.00000000
  0.00000000  -0.02625021     0.00000000  -0.00240540     0.00701341   0.00000000
  0.00701341   0.00000000     0.01776768   0.00000000    -0.00000000   0.00567225
    3    6
  0.01338194   0.00914965     0.00000000   0.00000000     0.00191694  -0.01081844
  0.00000000   0.00000000    -0.00192292   0.01759987    -0.00000000   0.00000000
 -0.01007311  -0.00187651    -0.00000000  -0.00000000     0.01655413   0.00483987
    3    7
 -0.00914965  -0.01338194     0.00000000  -0.00000000    -0.01081844   0.00191694
  0.00000000   0.00000000    -0.01759987   0.00192292     0.00000000   0.00000000
 -0.00187651  -0.01007311     0.00000000   0.00000000    -0.00483987  -0.01655413
    4    1
 -0.13895646  -0.00000000     0.00000000   0.00000000     0.00000000  -0.00000000
  0.00000000   0.00000000    -0.03360440  -0.00000000     0.00000000  -0.05455724
  0.00000000  -0.00000000     0.00000000  -0.05820568     0.00712614   0.00000000
    4    2
  0.00000000  -0.00240540     0.00000000  -0.02625021     0.00701341   0.00000000
 -0.00000000   0.01875823     0.00000000  -0.00240540     0.01776768   0.00000000
  0.01776768   0.00000000     0.00701341   0.00000000    -0.00000000   0.00567225
    4    3
  0.00240540   0.00000000    -0.02625021  -0.00000000     0.00000000  -0.00701341
  0.01875823   0.00000000     0.00240540  -0.00000000    -0.00000000   0.01776768
  0.00000000  -0.01776768    -0.00000000   0.00701341    -0.00567225  -0.00000000
    4    4
  0.13802476  -0.00000000     0.00000000  -0.00000000    -0.00000000  -0.00000000
 -0.00000000   0.00000000     0.18166728   0.00000000     0.00000000  -0.00329126
 -0.00000000   0.00000000    -0.00000000   0.00329126     0.13666185  -0.00000000
    4    5
  0.00000000  -0.02407178     0.00000000  -0.00000000     0.00000000   0.00000000
  0.00000000  -0.00000000    -0.00000000   0.09622169    -0.00139415  -0.00000000
  0.00000000  -0.00000000    -0.00139415  -0.00000000     0.00000000  -0.00716682
    4    6
 -0.01759987   0.00192292     0.00000000   0.00000000     0.00000000   0.00000000
  0.00000000  -0.00000000    -0.00914965  -0.01338194    -0.01081844   0.00191694
  0.00000000   0.00000000    -0.00187651  -0.01007311    -0.00483987  -0.01655413
    4    7
 -0.00192292   0.01759987     0.00000000   0.00000000    -0.00000000  -0.00000000
  0.00000000   0.00000000     0.01338194   0.00914965     0.00191694  -0.01081844
 -0.00000000  -0.00000000    -0.01007311  -0.00187651     0.01655413   0.00483987
    5    1
 -0.00000000  -0.13895646     0.00000000   0.00000000     0.00000000   0.00000000
  0.00000000   0.00000000    -0.00000000  -0.03360440    -0.05455724   0.00000000
  0.00000000  -0.00000000    -0.05820568   0.00000000     0.00000000   0.00712614
    5    2
  0.00240540  -0.00000000    -0.02625021   0.00000000     0.00000000   0.00701341
  0.01875823  -0.00000000     0.00240540   0.00000000     0.00000000  -0.01776768
  0.00000000   0.01776768     0.00000000  -0.00701341    -0.00567225   0.00000000
    5    3
  0.00000000   0.00240540     0.00000000   0.02625021     0.00701341  -0.00000000
 -0.00000000  -0.01875823     0.00000000   0.00240540     0.01776768  -0.00000000
  0.01776768  -0.00000000     0.00701341  -0.00000000    -0.00000000  -0.00567225
    5    4
  0.00000000   0.02407178     0.00000000   0.00000000     0.00000000   0.00000000
  0.00000000   0.00000000    -0.00000000  -0.09622169    -0.00139415   0.00000000
  0.00000000   0.00000000    -0.00139415   0.00000000     0.00000000   0.00716682
    5    5
  0.13802476   0.00000000     0.00000000   0.00000000    -0.00000000   0.00000000
 -0.00000000  -0.00000000     0.18166728  -0.00000000     0.00000000   0.00329126
 -0.00000000  -0.00000000    -0.00000000  -0.00329126     0.13666185   0.00000000
    5    6
 -0.00192292  -0.01759987     0.00000000   0.00000000    -0.00000000   0.00000000
  0.00000000  -0.00000000     0.01338194  -0.00914965     0.00191694   0.01081844
 -0.00000000   0.00000000    -0.01007311   0.00187651     0.01655413  -0.00483987
    5    7
 -0.01759987  -0.00192292     0.00000000   0.00000000     0.00000000   0.00000000
  0.00000000   0.00000000    -0.00914965   0.01338194    -0.01081844  -0.00191694
 -0.00000000  -0.00000000    -0.00187651   0.01007311    -0.00483987   0.01655413
    6    1
  0.01515719  -0.11415285     0.00000000   0.00000000    -0.00000000   0.00000000
  0.00000000   0.00000000    -0.11415285   0.01515719    -0.00000000  -0.00000000
  0.00000000  -0.00000000    -0.00000000  -0.00000000     0.00585702   0.00585702
    6    2
 -0.00914965  -0.01338194     0.00000000   0.00000000    -0.00187651  -0.01007311
  0.00000000   0.00000000    -0.01759987   0.00192292     0.00000000   0.00000000
 -0.01081844   0.00191694    -0.00000000   0.00000000    -0.00483987  -0.01655413
    6    3
  0.01338194  -0.00914965     0.00000000   0.00000000    -0.01007311   0.00187651
 -0.00000000   0.00000000    -0.00192292  -0.01759987    -0.00000000   0.00000000
  0.00191694   0.01081844    -0.00000000  -0.00000000     0.01655413  -0.00483987
    6    4
 -0.01759987  -0.00192292     0.00000000   0.00000000     0.00000000  -0.00000000
 -0.00000000  -0.00000000    -0.00914965   0.01338194    -0.00187651   0.01007311
  0.00000000  -0.00000000    -0.01081844  -0.00191694    -0.00483987   0.01655413
    6    5
 -0.00192292   0.01759987    -0.00000000   0.00000000    -0.00000000  -0.00000000
  0.00000000   0.00000000     0.01338194   0.00914965    -0.01007311  -0.00187651
 -0.00000000  -0.00000000     0.00191694  -0.01081844     0.01655413   0.00483987
    6    6
  0.14641178  -0.00000000    -0.00000000  -0.00000000     0.00000000  -0.00000000
 -0.00000000  -0.00000000     0.14641178   0.00000000    -0.00000000  -0.00000000
 -0.00000000  -0.00000000    -0.00000000  -0.00000000     0.15035084  -0.00000000
    6    7
  0.00820330  -0.01117490    -0.00000000   0.00000000    -0.00000000   0.00000000
  0.00000000   0.00000000     0.00820330   0.01117490    -0.00000000   0.00000000
  0.00000000  -0.00000000     0.00000000  -0.00000000     0.00366707   0.00000000
    7    1
 -0.11415285   0.01515719     0.00000000   0.00000000    -0.00000000  -0.00000000
  0.00000000   0.00000000     0.01515719  -0.11415285    -0.00000000   0.00000000
 -0.00000000  -0.00000000    -0.00000000   0.00000000     0.00585702   0.00585702
    7    2
  0.01338194   0.00914965     0.00000000   0.00000000    -0.01007311  -0.00187651
 -0.00000000   0.00000000    -0.00192292   0.01759987     0.00000000   0.00000000
  0.00191694  -0.01081844    -0.00000000   0.00000000     0.01655413   0.00483987
    7    3
 -0.00914965   0.01338194     0.00000000  -0.00000000    -0.00187651   0.01007311
  0.00000000  -0.00000000    -0.01759987  -0.00192292     0.00000000  -0.00000000
 -0.01081844  -0.00191694     0.00000000  -0.00000000    -0.00483987   0.01655413
    7    4
 -0.00192292  -0.01759987    -0.00000000   0.00000000    -0.00000000   0.00000000
  0.00000000   0.00000000     0.01338194  -0.00914965    -0.01007311   0.00187651
 -0.00000000   0.00000000     0.00191694   0.01081844     0.01655413  -0.00483987
    7    5
 -0.01759987   0.00192292     0.00000000   0.00000000    -0.00000000   0.00000000
 -0.00000000   0.00000000    -0.00914965  -0.01338194    -0.00187651  -0.01007311
  0.00000000   0.00000000    -0.01081844   0.00191694    -0.00483987  -0.01655413
    7    6
  0.00820330   0.01117490    -0.00000000  -0.00000000    -0.00000000  -0.00000000
  0.00000000  -0.00000000     0.00820330  -0.01117490    -0.00000000  -0.00000000
  0.00000000   0.00000000     0.00000000   0.00000000     0.00366707  -0.00000000
    7    7
  0.14641178   0.00000000    -0.00000000   0.00000000     0.00000000   0.00000000
 -0.00000000   0.00000000     0.14641178  -0.00000000    -0.00000000   0.00000000
 -0.00000000   0.00000000    -0.00000000   0.00000000     0.15035084   0.00000000

     Dynamical  Matrix in cartesian axes

     q = (    0.433012700  -0.000000000   0.000000000 ) 

    1    1
  0.71429648   0.00000000     0.00000000   0.00000000    -0.00000000   0.00000000
  0.00000000   0.00000000     0.71793483   0.00000000    -0.00000000   0.00000000
 -0.00000000   0.00000000    -0.00000000   0.00000000     0.71793483   0.00000000
    1    2
  0.00585702  -0.00585702     0.00000000   0.00000000     0.00000000   0.00000000
 -0.00000000  -0.00000000     0.01515719   0.11415285     0.00000000   0.00000000
  0.00000000  -0.00000000     0.00000000  -0.00000000    -0.11415285  -0.01515719
    1    3
  0.00585702  -0.00585702     0.00000000   0.00000000    -0.00000000  -0.00000000
  0.00000000   0.00000000    -0.11415285  -0.01515719    -0.00000000  -0.00000000
  0.00000000  -0.00000000     0.00000000  -0.00000000     0.01515719   0.11415285
    1    4
  0.00000000  -0.00712614    -0.05455724  -0.00000000    -0.00000000  -0.00000000
 -0.05820568  -0.00000000    -0.00000000   0.03360440     0.00000000  -0.00000000
  0.00000000  -0.00000000    -0.00000000  -0.00000000    -0.00000000   0.13895646
    1    5
  0.00712614  -0.00000000     0.00000000   0.05455724     0.00000000   0.00000000
  0.00000000   0.05820568    -0.03360440   0.00000000     0.00000000   0.00000000
  0.00000000   0.00000000     0.00000000   0.00000000    -0.13895646   0.00000000
    1    6
  0.00712614  -0.00000000     0.00000000  -0.00000000     0.00000000   0.05455724
  0.00000000  -0.00000000    -0.13895646   0.00000000     0.00000000  -0.00000000
  0.00000000   0.05820568     0.00000000  -0.00000000    -0.03360440   0.00000000
    1    7
  0.00000000  -0.00712614     0.00000000  -0.00000000    -0.05455724  -0.00000000
  0.00000000  -0.00000000    -0.00000000   0.13895646    -0.00000000  -0.00000000
 -0.05820568  -0.00000000    -0.00000000   0.00000000    -0.00000000   0.03360440
    2    1
  0.00585702   0.00585702     0.00000000   0.00000000     0.00000000   0.00000000
  0.00000000   0.00000000     0.01515719  -0.11415285     0.00000000  -0.00000000
  0.00000000   0.00000000     0.00000000   0.00000000    -0.11415285   0.01515719
    2    2
  0.15035084  -0.00000000    -0.00000000   0.00000000    -0.00000000   0.00000000
  0.00000000  -0.00000000     0.14641178  -0.00000000    -0.00000000   0.00000000
 -0.00000000   0.00000000    -0.00000000  -0.00000000     0.14641178   0.00000000
    2    3
  0.00366707   0.00000000     0.00000000   0.00000000    -0.00000000  -0.00000000
  0.00000000   0.00000000     0.00820330  -0.01117490    -0.00000000  -0.00000000
 -0.00000000  -0.00000000    -0.00000000  -0.00000000     0.00820330   0.01117490
    2    4
 -0.00483987  -0.01655413    -0.01081844   0.00191694     0.00000000   0.00000000
 -0.00187651  -0.01007311    -0.00914965  -0.01338194     0.00000000   0.00000000
  0.00000000   0.00000000     0.00000000   0.00000000    -0.01759987   0.00192292
    2    5
  0.01655413  -0.00483987     0.00191694   0.01081844    -0.00000000   0.00000000
 -0.01007311   0.00187651     0.01338194  -0.00914965    -0.00000000   0.00000000
  0.00000000   0.00000000    -0.00000000   0.00000000    -0.00192292  -0.01759987
    2    6
 -0.00483987   0.01655413     0.00000000   0.00000000    -0.01081844  -0.00191694
  0.00000000  -0.00000000    -0.01759987  -0.00192292     0.00000000  -0.00000000
 -0.00187651   0.01007311     0.00000000  -0.00000000    -0.00914965   0.01338194
    2    7
  0.01655413   0.00483987     0.00000000   0.00000000     0.00191694  -0.01081844
  0.00000000  -0.00000000    -0.00192292   0.01759987    -0.00000000   0.00000000
 -0.01007311  -0.00187651    -0.00000000  -0.00000000     0.01338194   0.00914965
    3    1
  0.00585702   0.00585702     0.00000000   0.00000000    -0.00000000   0.00000000
  0.00000000   0.00000000    -0.11415285   0.01515719    -0.00000000   0.00000000
  0.00000000   0.00000000     0.00000000   0.00000000     0.01515719  -0.11415285
    3    2
  0.00366707  -0.00000000     0.00000000  -0.00000000    -0.00000000   0.00000000
  0.00000000  -0.00000000     0.00820330   0.01117490    -0.00000000   0.00000000
 -0.00000000   0.00000000    -0.00000000   0.00000000     0.00820330  -0.01117490
    3    3
  0.15035084   0.00000000    -0.00000000  -0.00000000    -0.00000000  -0.00000000
  0.00000000   0.00000000     0.14641178   0.00000000    -0.00000000  -0.00000000
 -0.00000000  -0.00000000    -0.00000000   0.00000000     0.14641178  -0.00000000
    3    4
  0.01655413   0.00483987     0.00191694  -0.01081844    -0.00000000  -0.00000000
 -0.01007311  -0.00187651     0.01338194   0.00914965     0.00000000  -0.00000000
  0.00000000  -0.00000000    -0.00000000  -0.00000000    -0.00192292   0.01759987
    3    5
 -0.00483987   0.01655413    -0.01081844  -0.00191694     0.00000000   0.00000000
 -0.00187651   0.01007311    -0.00914965   0.01338194     0.00000000  -0.00000000
  0.00000000   0.00000000     0.00000000  -0.00000000    -0.01759987  -0.00192292
    3    6
  0.01655413  -0.00483987     0.00000000   0.00000000     0.00191694   0.01081844
  0.00000000   0.00000000    -0.00192292  -0.01759987    -0.00000000   0.00000000
 -0.01007311   0.00187651    -0.00000000   0.00000000     0.01338194  -0.00914965
    3    7
 -0.00483987  -0.01655413     0.00000000   0.00000000    -0.01081844   0.00191694
  0.00000000   0.00000000    -0.01759987   0.00192292     0.00000000   0.00000000
 -0.00187651  -0.01007311     0.00000000   0.00000000    -0.00914965  -0.01338194
    4    1
  0.00000000   0.00712614    -0.05820568   0.00000000    -0.00000000   0.00000000
 -0.05455724   0.00000000    -0.00000000  -0.03360440     0.00000000   0.00000000
 -0.00000000   0.00000000    -0.00000000   0.00000000    -0.00000000  -0.13895646
    4    2
 -0.00483987   0.01655413    -0.00187651   0.01007311     0.00000000   0.00000000
 -0.01081844  -0.00191694    -0.00914965   0.01338194     0.00000000   0.00000000
  0.00000000   0.00000000     0.00000000   0.00000000    -0.01759987  -0.00192292
    4    3
  0.01655413  -0.00483987    -0.01007311   0.00187651    -0.00000000   0.00000000
  0.00191694   0.01081844     0.01338194  -0.00914965     0.00000000   0.00000000
  0.00000000   0.00000000    -0.00000000   0.00000000    -0.00192292  -0.01759987
    4    4
  0.13666185  -0.00000000     0.00000000  -0.00329126     0.00000000   0.00000000
  0.00000000   0.00329126     0.18166728  -0.00000000     0.00000000   0.00000000
  0.00000000   0.00000000     0.00000000   0.00000000     0.13802476   0.00000000
    4    5
  0.00000000   0.00716682    -0.00139415   0.00000000     0.00000000  -0.00000000
 -0.00139415   0.00000000    -0.00000000  -0.09622169    -0.00000000   0.00000000
 -0.00000000   0.00000000     0.00000000   0.00000000     0.00000000   0.02407178
    4    6
 -0.00000000  -0.00567225     0.00701341  -0.00000000     0.01776768  -0.00000000
  0.01776768  -0.00000000     0.00000000   0.00240540    -0.00000000  -0.01875823
  0.00701341  -0.00000000     0.00000000   0.02625021     0.00000000   0.00240540
    4    7
 -0.00567225   0.00000000    -0.00000000  -0.00701341     0.00000000   0.01776768
 -0.00000000  -0.01776768     0.00240540   0.00000000     0.01875823  -0.00000000
  0.00000000   0.00701341    -0.02625021   0.00000000     0.00240540  -0.00000000
    5    1
  0.00712614   0.00000000     0.00000000  -0.05820568     0.00000000  -0.00000000
  0.00000000  -0.05455724    -0.03360440  -0.00000000     0.00000000  -0.00000000
  0.00000000  -0.00000000     0.00000000  -0.00000000    -0.13895646  -0.00000000
    5    2
  0.01655413   0.00483987    -0.01007311  -0.00187651    -0.00000000  -0.00000000
  0.00191694  -0.01081844     0.01338194   0.00914965    -0.00000000  -0.00000000
 -0.00000000  -0.00000000     0.00000000  -0.00000000    -0.00192292   0.01759987
    5    3
 -0.00483987  -0.01655413    -0.00187651  -0.01007311     0.00000000  -0.00000000
 -0.01081844   0.00191694    -0.00914965  -0.01338194     0.00000000  -0.00000000
  0.00000000  -0.00000000     0.00000000   0.00000000    -0.01759987   0.00192292
    5    4
  0.00000000  -0.00716682    -0.00139415  -0.00000000     0.00000000   0.00000000
 -0.00139415  -0.00000000    -0.00000000   0.09622169    -0.00000000   0.00000000
 -0.00000000  -0.00000000     0.00000000   0.00000000     0.00000000  -0.02407178
    5    5
  0.13666185   0.00000000     0.00000000   0.00329126     0.00000000   0.00000000
  0.00000000  -0.00329126     0.18166728   0.00000000     0.00000000   0.00000000
  0.00000000   0.00000000     0.00000000   0.00000000     0.13802476  -0.00000000
    5    6
 -0.00567225   0.00000000     0.00000000   0.00701341     0.00000000  -0.01776768
 -0.00000000   0.01776768     0.00240540  -0.00000000     0.01875823   0.00000000
  0.00000000  -0.00701341    -0.02625021  -0.00000000     0.00240540   0.00000000
    5    7
 -0.00000000   0.00567225     0.00701341   0.00000000     0.01776768   0.00000000
  0.01776768   0.00000000     0.00000000  -0.00240540    -0.00000000   0.01875823
  0.00701341   0.00000000     0.00000000  -0.02625021     0.00000000  -0.00240540
    6    1
  0.00712614   0.00000000     0.00000000   0.00000000     0.00000000  -0.05820568
  0.00000000   0.00000000    -0.13895646  -0.00000000     0.00000000  -0.00000000
  0.00000000  -0.05455724     0.00000000   0.00000000    -0.03360440  -0.00000000
    6    2
 -0.00483987  -0.01655413     0.00000000   0.00000000    -0.00187651  -0.01007311
  0.00000000  -0.00000000    -0.01759987   0.00192292     0.00000000   0.00000000
 -0.01081844   0.00191694     0.00000000   0.00000000    -0.00914965  -0.01338194
    6    3
  0.01655413   0.00483987     0.00000000   0.00000000    -0.01007311  -0.00187651
  0.00000000   0.00000000    -0.00192292   0.01759987    -0.00000000  -0.00000000
  0.00191694  -0.01081844     0.00000000   0.00000000     0.01338194   0.00914965
    6    4
 -0.00000000   0.00567225     0.01776768   0.00000000     0.00701341   0.00000000
  0.00701341   0.00000000     0.00000000  -0.00240540     0.00000000  -0.02625021
  0.01776768   0.00000000    -0.00000000   0.01875823     0.00000000  -0.00240540
    6    5
 -0.00567225  -0.00000000    -0.00000000  -0.01776768     0.00000000   0.00701341
 -0.00000000  -0.00701341     0.00240540   0.00000000    -0.02625021   0.00000000
  0.00000000   0.01776768     0.01875823  -0.00000000     0.00240540  -0.00000000
    6    6
  0.13666185  -0.00000000     0.00000000  -0.00000000    -0.00000000   0.00329126
  0.00000000  -0.00000000     0.13802476  -0.00000000    -0.00000000  -0.00000000
 -0.00000000  -0.00329126    -0.00000000  -0.00000000     0.18166728  -0.00000000
    6    7
  0.00000000  -0.00716682     0.00000000   0.00000000    -0.00139415  -0.00000000
  0.00000000   0.00000000     0.00000000  -0.02407178    -0.00000000  -0.00000000
 -0.00139415  -0.00000000    -0.00000000  -0.00000000    -0.00000000   0.09622169
    7    1
  0.00000000   0.00712614     0.00000000   0.00000000    -0.05820568   0.00000000
  0.00000000   0.00000000    -0.00000000  -0.13895646    -0.00000000   0.00000000
 -0.05455724   0.00000000    -0.00000000   0.00000000    -0.00000000  -0.03360440
    7    2
  0.01655413  -0.00483987     0.00000000  -0.00000000    -0.01007311   0.00187651
  0.00000000  -0.00000000    -0.00192292  -0.01759987    -0.00000000   0.00000000
  0.00191694   0.01081844    -0.00000000   0.00000000     0.01338194  -0.00914965
    7    3
 -0.00483987   0.01655413     0.00000000  -0.00000000    -0.00187651   0.01007311
  0.00000000  -0.00000000    -0.01759987  -0.00192292     0.00000000  -0.00000000
 -0.01081844  -0.00191694     0.00000000  -0.00000000    -0.00914965   0.01338194
    7    4
 -0.00567225  -0.00000000    -0.00000000   0.01776768     0.00000000  -0.00701341
 -0.00000000   0.00701341     0.00240540  -0.00000000    -0.02625021  -0.00000000
  0.00000000  -0.01776768     0.01875823   0.00000000     0.00240540   0.00000000
    7    5
 -0.00000000  -0.00567225     0.01776768  -0.00000000     0.00701341  -0.00000000
  0.00701341  -0.00000000     0.00000000   0.00240540     0.00000000   0.02625021
  0.01776768  -0.00000000    -0.00000000  -0.01875823     0.00000000   0.00240540
    7    6
  0.00000000   0.00716682     0.00000000  -0.00000000    -0.00139415   0.00000000
  0.00000000  -0.00000000     0.00000000   0.02407178    -0.00000000   0.00000000
 -0.00139415   0.00000000    -0.00000000   0.00000000    -0.00000000  -0.09622169
    7    7
  0.13666185   0.00000000     0.00000000   0.00000000    -0.00000000  -0.00329126
  0.00000000   0.00000000     0.13802476   0.00000000    -0.00000000   0.00000000
 -0.00000000   0.00329126    -0.00000000   0.00000000     0.18166728   0.00000000

     Dynamical  Matrix in cartesian axes

     q = (   -0.433012700  -0.000000000  -0.000000000 ) 

    1    1
  0.71429648   0.00000000     0.00000000   0.00000000    -0.00000000   0.00000000
  0.00000000   0.00000000     0.71793483   0.00000000    -0.00000000   0.00000000
 -0.00000000   0.00000000    -0.00000000   0.00000000     0.71793483   0.00000000
    1    2
  0.00585702   0.00585702     0.00000000   0.00000000     0.00000000  -0.00000000
  0.00000000   0.00000000     0.01515719  -0.11415285     0.00000000  -0.00000000
  0.00000000  -0.00000000     0.00000000   0.00000000    -0.11415285   0.01515719
    1    3
  0.00585702   0.00585702     0.00000000   0.00000000     0.00000000   0.00000000
  0.00000000  -0.00000000    -0.11415285   0.01515719    -0.00000000   0.00000000
  0.00000000   0.00000000     0.00000000   0.00000000     0.01515719  -0.11415285
    1    4
  0.00000000   0.00712614    -0.05455724   0.00000000     0.00000000   0.00000000
 -0.05820568   0.00000000    -0.00000000  -0.03360440    -0.00000000   0.00000000
  0.00000000   0.00000000    -0.00000000   0.00000000    -0.00000000  -0.13895646
    1    5
  0.00712614   0.00000000     0.00000000  -0.05455724     0.00000000  -0.00000000
  0.00000000  -0.05820568    -0.03360440  -0.00000000     0.00000000  -0.00000000
  0.00000000  -0.00000000     0.00000000  -0.00000000    -0.13895646  -0.00000000
    1    6
  0.00712614   0.00000000     0.00000000   0.00000000     0.00000000  -0.05455724
  0.00000000   0.00000000    -0.13895646  -0.00000000     0.00000000   0.00000000
  0.00000000  -0.05820568    -0.00000000   0.00000000    -0.03360440  -0.00000000
    1    7
  0.00000000   0.00712614     0.00000000   0.00000000    -0.05455724   0.00000000
  0.00000000   0.00000000    -0.00000000  -0.13895646     0.00000000   0.00000000
 -0.05820568   0.00000000     0.00000000   0.00000000    -0.00000000  -0.03360440
    2    1
  0.00585702  -0.00585702     0.00000000  -0.00000000     0.00000000   0.00000000
 -0.00000000  -0.00000000     0.01515719   0.11415285     0.00000000   0.00000000
  0.00000000   0.00000000     0.00000000   0.00000000    -0.11415285  -0.01515719
    2    2
  0.15035084  -0.00000000     0.00000000  -0.00000000     0.00000000  -0.00000000
  0.00000000   0.00000000     0.14641178   0.00000000    -0.00000000  -0.00000000
 -0.00000000   0.00000000    -0.00000000  -0.00000000     0.14641178  -0.00000000
    2    3
  0.00366707   0.00000000     0.00000000  -0.00000000    -0.00000000   0.00000000
  0.00000000  -0.00000000     0.00820330   0.01117490    -0.00000000   0.00000000
 -0.00000000   0.00000000    -0.00000000   0.00000000     0.00820330  -0.01117490
    2    4
 -0.00483987   0.01655413    -0.01081844  -0.00191694     0.00000000  -0.00000000
 -0.00187651   0.01007311    -0.00914965   0.01338194     0.00000000  -0.00000000
  0.00000000  -0.00000000     0.00000000  -0.00000000    -0.01759987  -0.00192292
    2    5
  0.01655413   0.00483987     0.00191694  -0.01081844    -0.00000000  -0.00000000
 -0.01007311  -0.00187651     0.01338194   0.00914965    -0.00000000  -0.00000000
 -0.00000000  -0.00000000    -0.00000000  -0.00000000    -0.00192292   0.01759987
    2    6
 -0.00483987  -0.01655413     0.00000000   0.00000000    -0.01081844   0.00191694
  0.00000000   0.00000000    -0.01759987   0.00192292     0.00000000   0.00000000
 -0.00187651  -0.01007311     0.00000000   0.00000000    -0.00914965  -0.01338194
    2    7
  0.01655413  -0.00483987    -0.00000000  -0.00000000     0.00191694   0.01081844
 -0.00000000  -0.00000000    -0.00192292  -0.01759987    -0.00000000  -0.00000000
 -0.01007311   0.00187651    -0.00000000   0.00000000     0.01338194  -0.00914965
    3    1
  0.00585702  -0.00585702     0.00000000   0.00000000     0.00000000  -0.00000000
  0.00000000  -0.00000000    -0.11415285  -0.01515719     0.00000000  -0.00000000
  0.00000000  -0.00000000     0.00000000  -0.00000000     0.01515719   0.11415285
    3    2
  0.00366707  -0.00000000     0.00000000   0.00000000    -0.00000000  -0.00000000
  0.00000000   0.00000000     0.00820330  -0.01117490    -0.00000000  -0.00000000
 -0.00000000  -0.00000000    -0.00000000  -0.00000000     0.00820330   0.01117490
    3    3
  0.15035084   0.00000000     0.00000000   0.00000000     0.00000000   0.00000000
  0.00000000  -0.00000000     0.14641178  -0.00000000    -0.00000000   0.00000000
 -0.00000000  -0.00000000    -0.00000000   0.00000000     0.14641178   0.00000000
    3    4
  0.01655413  -0.00483987     0.00191694   0.01081844    -0.00000000   0.00000000
 -0.01007311   0.00187651     0.01338194  -0.00914965    -0.00000000   0.00000000
 -0.00000000   0.00000000    -0.00000000   0.00000000    -0.00192292  -0.01759987
    3    5
 -0.00483987  -0.01655413    -0.01081844   0.00191694     0.00000000   0.00000000
 -0.00187651  -0.01007311    -0.00914965  -0.01338194     0.00000000   0.00000000
  0.00000000   0.00000000     0.00000000   0.00000000    -0.01759987   0.00192292
    3    6
  0.01655413   0.00483987     0.00000000   0.00000000     0.00191694  -0.01081844
  0.00000000   0.00000000    -0.00192292   0.01759987    -0.00000000   0.00000000
 -0.01007311  -0.00187651    -0.00000000  -0.00000000     0.01338194   0.00914965
    3    7
 -0.00483987   0.01655413     0.00000000   0.00000000    -0.01081844  -0.00191694
  0.00000000  -0.00000000    -0.01759987  -0.00192292     0.00000000  -0.00000000
 -0.00187651   0.01007311     0.00000000  -0.00000000    -0.00914965   0.01338194
    4    1
  0.00000000  -0.00712614    -0.05820568  -0.00000000     0.00000000  -0.00000000
 -0.05455724  -0.00000000    -0.00000000   0.03360440    -0.00000000  -0.00000000
  0.00000000  -0.00000000    -0.00000000  -0.00000000    -0.00000000   0.13895646
    4    2
 -0.00483987  -0.01655413    -0.00187651  -0.01007311     0.00000000  -0.00000000
 -0.01081844   0.00191694    -0.00914965  -0.01338194     0.00000000  -0.00000000
  0.00000000  -0.00000000     0.00000000  -0.00000000    -0.01759987   0.00192292
    4    3
  0.01655413   0.00483987    -0.01007311  -0.00187651     0.00000000  -0.00000000
  0.00191694  -0.01081844     0.01338194   0.00914965     0.00000000  -0.00000000
 -0.00000000  -0.00000000     0.00000000  -0.00000000    -0.00192292   0.01759987
    4    4
  0.13666185   0.00000000    -0.00000000   0.00329126    -0.00000000   0.00000000
  0.00000000  -0.00329126     0.18166728  -0.00000000     0.00000000   0.00000000
 -0.00000000  -0.00000000    -0.00000000  -0.00000000     0.13802476  -0.00000000
    4    5
  0.00000000  -0.00716682    -0.00139415  -0.00000000     0.00000000   0.00000000
 -0.00139415  -0.00000000    -0.00000000   0.09622169     0.00000000   0.00000000
  0.00000000   0.00000000    -0.00000000  -0.00000000     0.00000000  -0.02407178
    4    6
 -0.00000000   0.00567225     0.00701341   0.00000000     0.01776768   0.00000000
  0.01776768   0.00000000     0.00000000  -0.00240540    -0.00000000   0.01875823
  0.00701341   0.00000000     0.00000000  -0.02625021     0.00000000  -0.00240540
    4    7
 -0.00567225   0.00000000     0.00000000   0.00701341    -0.00000000  -0.01776768
 -0.00000000   0.01776768     0.00240540  -0.00000000     0.01875823  -0.00000000
 -0.00000000  -0.00701341    -0.02625021   0.00000000     0.00240540   0.00000000
    5    1
  0.00712614  -0.00000000     0.00000000   0.05820568     0.00000000   0.00000000
  0.00000000   0.05455724    -0.03360440  -0.00000000     0.00000000   0.00000000
  0.00000000  -0.00000000     0.00000000   0.00000000    -0.13895646   0.00000000
    5    2
  0.01655413  -0.00483987    -0.01007311   0.00187651     0.00000000   0.00000000
  0.00191694   0.01081844     0.01338194  -0.00914965     0.00000000   0.00000000
 -0.00000000   0.00000000     0.00000000   0.00000000    -0.00192292  -0.01759987
    5    3
 -0.00483987   0.01655413    -0.00187651   0.01007311     0.00000000   0.00000000
 -0.01081844  -0.00191694    -0.00914965   0.01338194     0.00000000   0.00000000
  0.00000000   0.00000000     0.00000000   0.00000000    -0.01759987  -0.00192292
    5    4
  0.00000000   0.00716682    -0.00139415   0.00000000     0.00000000   0.00000000
 -0.00139415   0.00000000    -0.00000000  -0.09622169     0.00000000  -0.00000000
  0.00000000  -0.00000000    -0.00000000   0.00000000     0.00000000   0.02407178
    5    5
  0.13666185  -0.00000000    -0.00000000  -0.00329126    -0.00000000   0.00000000
  0.00000000   0.00329126     0.18166728   0.00000000     0.00000000   0.00000000
 -0.00000000   0.00000000    -0.00000000   0.00000000     0.13802476   0.00000000
    5    6
 -0.00567225  -0.00000000     0.00000000  -0.00701341    -0.00000000   0.01776768
 -0.00000000  -0.01776768     0.00240540   0.00000000     0.01875823   0.00000000
 -0.00000000   0.00701341    -0.02625021  -0.00000000     0.00240540  -0.00000000
    5    7
 -0.00000000  -0.00567225     0.00701341  -0.00000000     0.01776768  -0.00000000
  0.01776768  -0.00000000     0.00000000   0.00240540    -0.00000000  -0.01875823
  0.00701341  -0.00000000     0.00000000   0.02625021     0.00000000   0.00240540
    6    1
  0.00712614  -0.00000000     0.00000000  -0.00000000     0.00000000   0.05820568
  0.00000000  -0.00000000    -0.13895646   0.00000000     0.00000000  -0.00000000
  0.00000000   0.05455724     0.00000000  -0.00000000    -0.03360440   0.00000000
    6    2
 -0.00483987   0.01655413     0.00000000  -0.00000000    -0.00187651   0.01007311
 -0.00000000   0.00000000    -0.01759987  -0.00192292     0.00000000  -0.00000000
 -0.01081844  -0.00191694     0.00000000  -0.00000000    -0.00914965   0.01338194
    6    3
  0.01655413  -0.00483987     0.00000000   0.00000000    -0.01007311   0.00187651
  0.00000000  -0.00000000    -0.00192292  -0.01759987    -0.00000000   0.00000000
  0.00191694   0.01081844    -0.00000000   0.00000000     0.01338194  -0.00914965
    6    4
 -0.00000000  -0.00567225     0.01776768  -0.00000000     0.00701341  -0.00000000
  0.00701341  -0.00000000     0.00000000   0.00240540     0.00000000   0.02625021
  0.01776768  -0.00000000    -0.00000000  -0.01875823     0.00000000   0.00240540
    6    5
 -0.00567225   0.00000000    -0.00000000   0.01776768    -0.00000000  -0.00701341
  0.00000000   0.00701341     0.00240540  -0.00000000    -0.02625021   0.00000000
 -0.00000000  -0.01776768     0.01875823  -0.00000000     0.00240540   0.00000000
    6    6
  0.13666185   0.00000000     0.00000000  -0.00000000    -0.00000000  -0.00329126
  0.00000000  -0.00000000     0.13802476   0.00000000    -0.00000000  -0.00000000
 -0.00000000   0.00329126    -0.00000000  -0.00000000     0.18166728  -0.00000000
    6    7
  0.00000000   0.00716682     0.00000000  -0.00000000    -0.00139415   0.00000000
  0.00000000  -0.00000000     0.00000000   0.02407178     0.00000000   0.00000000
 -0.00139415   0.00000000     0.00000000   0.00000000    -0.00000000  -0.09622169
    7    1
  0.00000000  -0.00712614     0.00000000  -0.00000000    -0.05820568  -0.00000000
  0.00000000  -0.00000000    -0.00000000   0.13895646    -0.00000000  -0.00000000
 -0.05455724  -0.00000000     0.00000000  -0.00000000    -0.00000000   0.03360440
    7    2
  0.01655413   0.00483987     0.00000000   0.00000000    -0.01007311  -0.00187651
  0.00000000   0.00000000    -0.00192292   0.01759987    -0.00000000   0.00000000
  0.00191694  -0.01081844    -0.00000000   0.00000000     0.01338194   0.00914965
    7    3
 -0.00483987  -0.01655413     0.00000000  -0.00000000    -0.00187651  -0.01007311
  0.00000000   0.00000000    -0.01759987   0.00192292     0.00000000   0.00000000
 -0.01081844   0.00191694    -0.00000000   0.00000000    -0.00914965  -0.01338194
    7    4
 -0.00567225  -0.00000000    -0.00000000  -0.01776768    -0.00000000   0.00701341
  0.00000000  -0.00701341     0.00240540   0.00000000    -0.02625021  -0.00000000
 -0.00000000   0.01776768     0.01875823   0.00000000     0.00240540  -0.00000000
    7    5
 -0.00000000   0.00567225     0.01776768   0.00000000     0.00701341   0.00000000
  0.00701341   0.00000000     0.00000000  -0.00240540     0.00000000  -0.02625021
  0.01776768   0.00000000    -0.00000000   0.01875823     0.00000000  -0.00240540
    7    6
  0.00000000  -0.00716682     0.00000000   0.00000000    -0.00139415  -0.00000000
  0.00000000   0.00000000     0.00000000  -0.02407178     0.00000000  -0.00000000
 -0.00139415  -0.00000000     0.00000000  -0.00000000    -0.00000000   0.09622169
    7    7
  0.13666185  -0.00000000     0.00000000   0.00000000    -0.00000000   0.00329126
  0.00000000   0.00000000     0.13802476  -0.00000000    -0.00000000   0.00000000
 -0.00000000  -0.00329126    -0.00000000   0.00000000     0.18166728   0.00000000

     Dynamical  Matrix in cartesian axes

     q = (   -0.000000000   0.433012700   0.000000000 ) 

    1    1
  0.71793483   0.00000000     0.00000000   0.00000000    -0.00000000   0.00000000
  0.00000000   0.00000000     0.71429648   0.00000000    -0.00000000   0.00000000
 -0.00000000   0.00000000    -0.00000000   0.00000000     0.71793483   0.00000000
    1    2
 -0.03360440   0.00000000     0.00000000   0.05820568     0.00000000   0.00000000
  0.00000000   0.05455724     0.00712614  -0.00000000     0.00000000   0.00000000
  0.00000000   0.00000000     0.00000000   0.00000000    -0.13895646   0.00000000
    1    3
 -0.00000000   0.03360440    -0.05820568  -0.00000000     0.00000000  -0.00000000
 -0.05455724  -0.00000000     0.00000000  -0.00712614     0.00000000  -0.00000000
  0.00000000  -0.00000000     0.00000000  -0.00000000    -0.00000000   0.13895646
    1    4
 -0.11415285  -0.01515719     0.00000000  -0.00000000    -0.00000000  -0.00000000
