Dynamical matrix file
Electron-phonon coefficients for Ca1H6                                     
  2    7   0   5.5613398   0.0000000   0.0000000   0.0000000   0.0000000   0.0000000
Basis vectors
     -0.577350269    0.577350269    0.577350269
      0.577350269   -0.577350269    0.577350269
      0.577350269    0.577350269   -0.577350269
           1  'Ca  '    36528.8623753087     
           2  'H   '    918.681110398939     
    1    1      0.0000000000      0.0000000000      0.0000000000
    2    2      0.2886751346      0.0000000000      0.5773502692
    3    2      0.2886751346      0.5773502692      0.0000000000
    4    2      0.5773502692      0.2886751346      0.0000000000
    5    2      0.0000000000      0.2886751346      0.5773502692
    6    2      0.0000000000      0.5773502692      0.2886751346
    7    2      0.5773502692      0.0000000000      0.2886751346

     Dynamical  Matrix in cartesian axes

     q = (   -0.866025400  -0.108253200  -0.108253200 ) 

    1    1
  0.84314217   0.00000000     0.00000000   0.00000000    -0.00000000   0.00000000
  0.00000000   0.00000000     0.83562404   0.00000000    -0.02919836   0.00000000
 -0.00000000   0.00000000    -0.02919836   0.00000000     0.83562404   0.00000000
    1    2
  0.00000000  -0.00000000    -0.00832342   0.02009451    -0.00832342   0.02009451
 -0.00503307   0.01215091     0.12550368   0.05198534     0.00114627   0.00047480
 -0.00503307   0.01215091    -0.00114627  -0.00047480    -0.12550368  -0.05198534
    1    3
  0.00000000  -0.00000000    -0.00832342   0.02009451    -0.00832342   0.02009451
 -0.00503307   0.01215091    -0.12550368  -0.05198534    -0.00114627  -0.00047480
 -0.00503307   0.01215091     0.00114627   0.00047480     0.12550368   0.05198534
    1    4
 -0.14418667  -0.01517140    -0.00000000   0.00000000    -0.00000000  -0.00000000
  0.00000000  -0.00000000    -0.00007604  -0.01431506    -0.01569634   0.02203215
 -0.00000000  -0.00000000    -0.00929059   0.01109236     0.12714356   0.03987597
    1    5
  0.11268316   0.09122759    -0.00000000  -0.00000000     0.00000000   0.00000000
 -0.00000000  -0.00000000     0.01017605  -0.01006850    -0.00448010   0.02667806
  0.00000000   0.00000000    -0.00127404   0.01441292    -0.11810063  -0.06170752
    1    6
  0.11268316   0.09122759    -0.00000000  -0.00000000    -0.00000000   0.00000000
 -0.00000000  -0.00000000    -0.11810063  -0.06170752    -0.00127404   0.01441292
  0.00000000   0.00000000    -0.00448010   0.02667806     0.01017605  -0.01006850
    1    7
 -0.14418667  -0.01517140    -0.00000000  -0.00000000     0.00000000   0.00000000
 -0.00000000  -0.00000000     0.12714356   0.03987597    -0.00929059   0.01109236
 -0.00000000   0.00000000    -0.01569634   0.02203215    -0.00007604  -0.01431506
    2    1
  0.00000000   0.00000000    -0.00503307  -0.01215091    -0.00503307  -0.01215091
 -0.00832342  -0.02009451     0.12550368  -0.05198534    -0.00114627   0.00047480
 -0.00832342  -0.02009451     0.00114627  -0.00047480    -0.12550368   0.05198534
    2    2
  0.18116101   0.00000000    -0.00000000  -0.00021048    -0.00000000   0.00021048
  0.00000000   0.00021048     0.13082766   0.00000000    -0.00058931   0.00000000
 -0.00000000  -0.00021048    -0.00058931   0.00000000     0.13082766   0.00000000
    2    3
  0.09906160  -0.00000000    -0.00000000  -0.00024408    -0.00000000   0.00024408
  0.00000000  -0.00024408    -0.01270909   0.00000000     0.00100660  -0.00000000
  0.00000000   0.00024408     0.00100660  -0.00000000    -0.01270909   0.00000000
    2    4
 -0.01066584   0.00148776     0.00227095   0.00166061     0.00348708   0.00490064
 -0.02390090   0.00292685    -0.01126679   0.00164954     0.00067358   0.00417361
  0.00115692   0.00388437     0.00050883   0.00588696    -0.00686037   0.00377177
    2    5
  0.01066584   0.00148776     0.00227095  -0.00166061     0.00348708  -0.00490064
 -0.02390090  -0.00292685     0.01126679   0.00164954    -0.00067358   0.00417361
  0.00115692  -0.00388437    -0.00050883   0.00588696     0.00686037   0.00377177
    2    6
 -0.01066584  -0.00148776     0.00348708  -0.00490064     0.00227095  -0.00166061
  0.00115692  -0.00388437    -0.00686037  -0.00377177     0.00050883  -0.00588696
 -0.02390090  -0.00292685     0.00067358  -0.00417361    -0.01126679  -0.00164954
    2    7
  0.01066584  -0.00148776     0.00348708   0.00490064     0.00227095   0.00166061
  0.00115692   0.00388437     0.00686037  -0.00377177    -0.00050883  -0.00588696
 -0.02390090   0.00292685    -0.00067358  -0.00417361     0.01126679  -0.00164954
    3    1
  0.00000000   0.00000000    -0.00503307  -0.01215091    -0.00503307  -0.01215091
 -0.00832342  -0.02009451    -0.12550368   0.05198534     0.00114627  -0.00047480
 -0.00832342  -0.02009451    -0.00114627   0.00047480     0.12550368  -0.05198534
    3    2
  0.09906160   0.00000000    -0.00000000   0.00024408    -0.00000000  -0.00024408
  0.00000000   0.00024408    -0.01270909  -0.00000000     0.00100660   0.00000000
  0.00000000  -0.00024408     0.00100660   0.00000000    -0.01270909  -0.00000000
    3    3
  0.18116101   0.00000000    -0.00000000   0.00021048    -0.00000000  -0.00021048
  0.00000000  -0.00021048     0.13082766  -0.00000000    -0.00058931   0.00000000
 -0.00000000   0.00021048    -0.00058931   0.00000000     0.13082766   0.00000000
    3    4
  0.01066584  -0.00148776     0.00227095   0.00166061     0.00348708   0.00490064
 -0.02390090   0.00292685     0.01126679  -0.00164954    -0.00067358  -0.00417361
  0.00115692   0.00388437    -0.00050883  -0.00588696     0.00686037  -0.00377177
    3    5
 -0.01066584  -0.00148776     0.00227095  -0.00166061     0.00348708  -0.00490064
 -0.02390090  -0.00292685    -0.01126679  -0.00164954     0.00067358  -0.00417361
  0.00115692  -0.00388437     0.00050883  -0.00588696    -0.00686037  -0.00377177
    3    6
  0.01066584   0.00148776     0.00348708  -0.00490064     0.00227095  -0.00166061
  0.00115692  -0.00388437     0.00686037   0.00377177    -0.00050883   0.00588696
 -0.02390090  -0.00292685    -0.00067358   0.00417361     0.01126679   0.00164954
    3    7
 -0.01066584   0.00148776     0.00348708   0.00490064     0.00227095   0.00166061
  0.00115692   0.00388437    -0.00686037   0.00377177     0.00050883   0.00588696
 -0.02390090   0.00292685     0.00067358   0.00417361    -0.01126679   0.00164954
    4    1
 -0.14418667   0.01517140     0.00000000   0.00000000    -0.00000000   0.00000000
  0.00000000  -0.00000000    -0.00007604   0.01431506    -0.00929059  -0.01109236
  0.00000000   0.00000000    -0.01569634  -0.02203215     0.12714356  -0.03987597
    4    2
 -0.01066584  -0.00148776    -0.02390090  -0.00292685     0.00115692  -0.00388437
  0.00227095  -0.00166061    -0.01126679  -0.00164954     0.00050883  -0.00588696
  0.00348708  -0.00490064     0.00067358  -0.00417361    -0.00686037  -0.00377177
    4    3
  0.01066584   0.00148776    -0.02390090  -0.00292685     0.00115692  -0.00388437
  0.00227095  -0.00166061     0.01126679   0.00164954    -0.00050883   0.00588696
  0.00348708  -0.00490064    -0.00067358   0.00417361     0.00686037   0.00377177
    4    4
  0.13176905   0.00000000     0.00000000  -0.00000000    -0.00000000  -0.00000000
  0.00000000   0.00000000     0.17875599   0.00000000     0.00078628  -0.00078691
 -0.00000000  -0.00000000     0.00078628   0.00078691     0.13160267   0.00000000
    4    5
 -0.01293650   0.00138980    -0.00000000  -0.00000000     0.00000000   0.00000000
 -0.00000000  -0.00000000     0.08822319   0.03717617     0.00221806   0.00176501
  0.00000000   0.00000000     0.00221806   0.00176501    -0.00736239  -0.00786924
    4    6
 -0.00821097   0.00249647     0.00000000   0.00000000     0.00000000   0.00000000
  0.00000000   0.00000000    -0.01012103  -0.00532376    -0.00450691   0.00093763
  0.00000000   0.00000000    -0.02092657  -0.01165958    -0.01012103  -0.00532376
    4    7
  0.00908497  -0.00000000     0.00000000  -0.00000000    -0.00000000   0.00000000
  0.00000000   0.00000000     0.01429983   0.00014652     0.00247528  -0.00000000
 -0.00000000   0.00000000    -0.02099397   0.00000000     0.01429983  -0.00014652
    5    1
  0.11268316  -0.09122759     0.00000000   0.00000000     0.00000000  -0.00000000
 -0.00000000   0.00000000     0.01017605   0.01006850    -0.00127404  -0.01441292
  0.00000000  -0.00000000    -0.00448010  -0.02667806    -0.11810063   0.06170752
    5    2
  0.01066584  -0.00148776    -0.02390090   0.00292685     0.00115692   0.00388437
  0.00227095   0.00166061     0.01126679  -0.00164954    -0.00050883  -0.00588696
  0.00348708   0.00490064    -0.00067358  -0.00417361     0.00686037  -0.00377177
    5    3
 -0.01066584   0.00148776    -0.02390090   0.00292685     0.00115692   0.00388437
  0.00227095   0.00166061    -0.01126679   0.00164954     0.00050883   0.00588696
  0.00348708   0.00490064     0.00067358   0.00417361    -0.00686037   0.00377177
    5    4
 -0.01293650  -0.00138980    -0.00000000   0.00000000    -0.00000000  -0.00000000
 -0.00000000   0.00000000     0.08822319  -0.03717617     0.00221806  -0.00176501
  0.00000000  -0.00000000     0.00221806  -0.00176501    -0.00736239   0.00786924
    5    5
  0.13176905  -0.00000000     0.00000000   0.00000000    -0.00000000   0.00000000
  0.00000000  -0.00000000     0.17875599  -0.00000000     0.00078628   0.00078691
 -0.00000000   0.00000000     0.00078628  -0.00078691     0.13160267  -0.00000000
    5    6
  0.00908497   0.00000000     0.00000000  -0.00000000    -0.00000000  -0.00000000
  0.00000000   0.00000000     0.01429983  -0.00014652     0.00247528   0.00000000
 -0.00000000  -0.00000000    -0.02099397  -0.00000000     0.01429983   0.00014652
    5    7
 -0.00821097  -0.00249647     0.00000000  -0.00000000     0.00000000  -0.00000000
  0.00000000  -0.00000000    -0.01012103   0.00532376    -0.00450691  -0.00093763
  0.00000000  -0.00000000    -0.02092657   0.01165958    -0.01012103   0.00532376
    6    1
  0.11268316  -0.09122759    -0.00000000   0.00000000     0.00000000   0.00000000
  0.00000000   0.00000000    -0.11810063   0.06170752    -0.00448010  -0.02667806
  0.00000000   0.00000000    -0.00127404  -0.01441292     0.01017605   0.01006850
    6    2
 -0.01066584   0.00148776     0.00115692   0.00388437    -0.02390090   0.00292685
  0.00348708   0.00490064    -0.00686037   0.00377177     0.00067358   0.00417361
  0.00227095   0.00166061     0.00050883   0.00588696    -0.01126679   0.00164954
    6    3
  0.01066584  -0.00148776     0.00115692   0.00388437    -0.02390090   0.00292685
  0.00348708   0.00490064     0.00686037  -0.00377177    -0.00067358  -0.00417361
  0.00227095   0.00166061    -0.00050883  -0.00588696     0.01126679  -0.00164954
    6    4
 -0.00821097  -0.00249647     0.00000000   0.00000000     0.00000000  -0.00000000
  0.00000000  -0.00000000    -0.01012103   0.00532376    -0.02092657   0.01165958
  0.00000000  -0.00000000    -0.00450691  -0.00093763    -0.01012103   0.00532376
    6    5
  0.00908497  -0.00000000     0.00000000  -0.00000000    -0.00000000   0.00000000
  0.00000000  -0.00000000     0.01429983   0.00014652    -0.02099397   0.00000000
 -0.00000000   0.00000000     0.00247528  -0.00000000     0.01429983  -0.00014652
    6    6
  0.13176905  -0.00000000     0.00000000  -0.00000000    -0.00000000   0.00000000
  0.00000000   0.00000000     0.13160267  -0.00000000     0.00078628  -0.00078691
 -0.00000000  -0.00000000     0.00078628   0.00078691     0.17875599  -0.00000000
    6    7
 -0.01293650  -0.00138980     0.00000000   0.00000000    -0.00000000   0.00000000
  0.00000000   0.00000000    -0.00736239   0.00786924     0.00221806  -0.00176501
 -0.00000000   0.00000000     0.00221806  -0.00176501     0.08822319  -0.03717617
    7    1
 -0.14418667   0.01517140    -0.00000000   0.00000000     0.00000000  -0.00000000
  0.00000000   0.00000000     0.12714356  -0.03987597    -0.01569634  -0.02203215
  0.00000000  -0.00000000    -0.00929059  -0.01109236    -0.00007604   0.01431506
    7    2
  0.01066584   0.00148776     0.00115692  -0.00388437    -0.02390090  -0.00292685
  0.00348708  -0.00490064     0.00686037   0.00377177    -0.00067358   0.00417361
  0.00227095  -0.00166061    -0.00050883   0.00588696     0.01126679   0.00164954
    7    3
 -0.01066584  -0.00148776     0.00115692  -0.00388437    -0.02390090  -0.00292685
  0.00348708  -0.00490064    -0.00686037  -0.00377177     0.00067358  -0.00417361
  0.00227095  -0.00166061     0.00050883  -0.00588696    -0.01126679  -0.00164954
    7    4
  0.00908497   0.00000000     0.00000000   0.00000000    -0.00000000  -0.00000000
  0.00000000   0.00000000     0.01429983  -0.00014652    -0.02099397  -0.00000000
 -0.00000000  -0.00000000     0.00247528   0.00000000     0.01429983   0.00014652
    7    5
 -0.00821097   0.00249647     0.00000000  -0.00000000     0.00000000   0.00000000
  0.00000000   0.00000000    -0.01012103  -0.00532376    -0.02092657  -0.01165958
  0.00000000   0.00000000    -0.00450691   0.00093763    -0.01012103  -0.00532376
    7    6
 -0.01293650   0.00138980    -0.00000000  -0.00000000    -0.00000000  -0.00000000
  0.00000000   0.00000000    -0.00736239  -0.00786924     0.00221806   0.00176501
 -0.00000000  -0.00000000     0.00221806   0.00176501     0.08822319   0.03717617
    7    7
  0.13176905   0.00000000     0.00000000   0.00000000    -0.00000000  -0.00000000
  0.00000000  -0.00000000     0.13160267   0.00000000     0.00078628   0.00078691
 -0.00000000   0.00000000     0.00078628  -0.00078691     0.17875599   0.00000000

     Dynamical  Matrix in cartesian axes

     q = (   -0.108253200  -0.866025400   0.108253200 ) 

    1    1
  0.83562404   0.00000000    -0.00000000   0.00000000     0.02919836   0.00000000
  0.00000000   0.00000000     0.84314217   0.00000000    -0.00000000   0.00000000
  0.02919836   0.00000000    -0.00000000   0.00000000     0.83562404   0.00000000
    1    2
  0.00007604  -0.01431506    -0.00000000   0.00000000    -0.01569634  -0.02203215
  0.00000000  -0.00000000     0.14418667  -0.01517141     0.00000000  -0.00000000
 -0.00929059  -0.01109236     0.00000000  -0.00000000    -0.12714356   0.03987597
    1    3
 -0.00007604  -0.01431506    -0.00000000   0.00000000     0.01569634  -0.02203215
  0.00000000   0.00000000    -0.14418667  -0.01517140    -0.00000000  -0.00000000
  0.00929059  -0.01109236    -0.00000000  -0.00000000     0.12714356   0.03987597
    1    4
 -0.12550368  -0.05198534    -0.00503307   0.01215091     0.00114627   0.00047480
 -0.00832342   0.02009451    -0.00000000   0.00000000     0.00832342  -0.02009451
 -0.00114627  -0.00047480     0.00503307  -0.01215091     0.12550368   0.05198534
    1    5
  0.12550368  -0.05198534     0.00503307   0.01215091    -0.00114627   0.00047480
  0.00832342   0.02009451     0.00000000   0.00000000    -0.00832342  -0.02009451
  0.00114627  -0.00047480    -0.00503307  -0.01215091    -0.12550368   0.05198534
    1    6
  0.12714356  -0.03987598    -0.00000000   0.00000000     0.00929059   0.01109236
  0.00000000   0.00000000    -0.14418667   0.01517141     0.00000000   0.00000000
  0.01569634   0.02203215     0.00000000  -0.00000000    -0.00007604   0.01431506
    1    7
 -0.12714356  -0.03987597    -0.00000000  -0.00000000    -0.00929059   0.01109236
  0.00000000  -0.00000000     0.14418667   0.01517141     0.00000000  -0.00000000
 -0.01569634   0.02203215     0.00000000  -0.00000000     0.00007604   0.01431506
    2    1
  0.00007604   0.01431506    -0.00000000   0.00000000    -0.00929059   0.01109236
 -0.00000000  -0.00000000     0.14418667   0.01517141     0.00000000   0.00000000
 -0.01569634   0.02203215     0.00000000   0.00000000    -0.12714356  -0.03987597
    2    2
  0.17875599  -0.00000000    -0.00000000   0.00000000    -0.00078628  -0.00078691
  0.00000000  -0.00000000     0.13176905   0.00000000     0.00000000   0.00000000
 -0.00078628   0.00078691     0.00000000   0.00000000     0.13160267  -0.00000000
    2    3
  0.08867074   0.03609571     0.00000000  -0.00000000    -0.00281646  -0.00032036
  0.00000000  -0.00000000    -0.00816475  -0.01013023     0.00000000   0.00000000
 -0.00281646  -0.00032036     0.00000000  -0.00000000    -0.01077039   0.00035839
    2    4
 -0.00913323  -0.00680042     0.00043158   0.00278003     0.00380291  -0.00452251
 -0.01897008  -0.01483090    -0.00859389  -0.00648989     0.00192860  -0.00356473
  0.00247490  -0.00342748     0.00099954  -0.00593101    -0.00751805  -0.00218397
    2    5
  0.01126679  -0.00164954     0.00227095   0.00166061     0.00050883   0.00588696
 -0.02390090   0.00292685     0.01066584  -0.00148776    -0.00115692  -0.00388437
  0.00067358   0.00417361    -0.00348708  -0.00490064     0.00686037  -0.00377177
    2    6
 -0.01429983   0.00014652    -0.00000000  -0.00000000     0.00247528  -0.00000000
  0.00000000  -0.00000000    -0.00908497   0.00000000     0.00000000   0.00000000
 -0.02099397   0.00000000     0.00000000   0.00000000    -0.01429983  -0.00014652
    2    7
  0.01092112   0.00339219     0.00000000  -0.00000000    -0.00252386  -0.00384988
  0.00000000   0.00000000     0.00404076   0.00757130    -0.00000000   0.00000000
 -0.02304189  -0.00655275    -0.00000000   0.00000000     0.01092112   0.00339219
    3    1
 -0.00007604   0.01431506     0.00000000  -0.00000000     0.00929059   0.01109236
  0.00000000  -0.00000000    -0.14418667   0.01517140    -0.00000000   0.00000000
  0.01569634   0.02203215    -0.00000000   0.00000000     0.12714356  -0.03987597
    3    2
  0.08867074  -0.03609571     0.00000000   0.00000000    -0.00281646   0.00032036
  0.00000000   0.00000000    -0.00816475   0.01013023     0.00000000   0.00000000
 -0.00281646   0.00032036     0.00000000   0.00000000    -0.01077039  -0.00035839
    3    3
  0.17875599   0.00000000    -0.00000000  -0.00000000    -0.00078628   0.00078691
  0.00000000   0.00000000     0.13176905   0.00000000     0.00000000   0.00000000
 -0.00078628  -0.00078691    -0.00000000   0.00000000     0.13160267   0.00000000
    3    4
  0.01126679   0.00164954     0.00227095  -0.00166061     0.00050883  -0.00588696
 -0.02390090  -0.00292685     0.01066584   0.00148776    -0.00115692   0.00388437
  0.00067358  -0.00417361    -0.00348708   0.00490064     0.00686037   0.00377177
    3    5
 -0.00913323   0.00680042     0.00043158  -0.00278003     0.00380291   0.00452251
 -0.01897008   0.01483090    -0.00859389   0.00648989     0.00192860   0.00356473
  0.00247490   0.00342748     0.00099954   0.00593101    -0.00751805   0.00218397
    3    6
  0.01092112  -0.00339219     0.00000000   0.00000000    -0.00252386   0.00384988
  0.00000000   0.00000000     0.00404076  -0.00757130    -0.00000000   0.00000000
 -0.02304189   0.00655275     0.00000000  -0.00000000     0.01092112  -0.00339219
    3    7
 -0.01429983  -0.00014652    -0.00000000   0.00000000     0.00247528   0.00000000
  0.00000000   0.00000000    -0.00908497  -0.00000000    -0.00000000  -0.00000000
 -0.02099397  -0.00000000     0.00000000  -0.00000000    -0.01429983   0.00014652
    4    1
 -0.12550368   0.05198534    -0.00832342  -0.02009451    -0.00114627   0.00047480
 -0.00503307  -0.01215091    -0.00000000  -0.00000000     0.00503307   0.01215091
  0.00114627  -0.00047480     0.00832342   0.02009451     0.12550368  -0.05198534
    4    2
 -0.00913323   0.00680042    -0.01897008   0.01483090     0.00247490   0.00342748
  0.00043158  -0.00278003    -0.00859389   0.00648989     0.00099954   0.00593101
  0.00380291   0.00452251     0.00192860   0.00356473    -0.00751805   0.00218397
    4    3
  0.01126679  -0.00164954    -0.02390090   0.00292685     0.00067358   0.00417361
  0.00227095   0.00166061     0.01066584  -0.00148776    -0.00348708  -0.00490064
  0.00050883   0.00588696    -0.00115692  -0.00388437     0.00686037  -0.00377177
    4    4
  0.13082766  -0.00000000    -0.00000000  -0.00021048     0.00058931   0.00000000
 -0.00000000   0.00021048     0.18116101  -0.00000000    -0.00000000   0.00021048
  0.00058931   0.00000000    -0.00000000  -0.00021048     0.13082766   0.00000000
    4    5
 -0.00898669   0.00898669     0.00017259   0.00017259    -0.00071177   0.00071177
  0.00017259   0.00017259     0.07004711  -0.07004714     0.00017259   0.00017259
 -0.00071177   0.00071177     0.00017259   0.00017259    -0.00898669   0.00898669
    4    6
 -0.00751805   0.00218397     0.00192860   0.00356473     0.00380291   0.00452251
  0.00099954   0.00593101    -0.00859389   0.00648989     0.00043158  -0.00278003
  0.00247490   0.00342748    -0.01897008   0.01483090    -0.00913323   0.00680042
    4    7
  0.00686037  -0.00377177    -0.00115692  -0.00388437     0.00050883   0.00588696
 -0.00348708  -0.00490064     0.01066584  -0.00148776     0.00227095   0.00166061
  0.00067358   0.00417361    -0.02390090   0.00292685     0.01126679  -0.00164954
    5    1
  0.12550368   0.05198534     0.00832342  -0.02009451     0.00114627   0.00047480
  0.00503307  -0.01215091     0.00000000  -0.00000000    -0.00503307   0.01215091
 -0.00114627  -0.00047480    -0.00832342   0.02009451    -0.12550368  -0.05198534
    5    2
  0.01126679   0.00164954    -0.02390090  -0.00292685     0.00067358  -0.00417361
  0.00227095  -0.00166061     0.01066584   0.00148776    -0.00348708   0.00490064
  0.00050883  -0.00588696    -0.00115692   0.00388437     0.00686037   0.00377177
    5    3
 -0.00913323  -0.00680042    -0.01897008  -0.01483090     0.00247490  -0.00342748
  0.00043158   0.00278003    -0.00859389  -0.00648989     0.00099954  -0.00593101
  0.00380291  -0.00452251     0.00192860  -0.00356473    -0.00751805  -0.00218397
    5    4
 -0.00898669  -0.00898669     0.00017259  -0.00017259    -0.00071177  -0.00071177
  0.00017259  -0.00017259     0.07004711   0.07004714     0.00017259  -0.00017259
 -0.00071177  -0.00071177     0.00017259  -0.00017259    -0.00898669  -0.00898669
    5    5
  0.13082766  -0.00000000    -0.00000000   0.00021048     0.00058931   0.00000000
 -0.00000000  -0.00021048     0.18116101  -0.00000000     0.00000000  -0.00021048
  0.00058931   0.00000000    -0.00000000   0.00021048     0.13082766   0.00000000
    5    6
  0.00686037   0.00377177    -0.00115692   0.00388437     0.00050883  -0.00588696
 -0.00348708   0.00490064     0.01066584   0.00148776     0.00227095  -0.00166061
  0.00067358  -0.00417361    -0.02390090  -0.00292685     0.01126679   0.00164954
    5    7
 -0.00751805  -0.00218397     0.00192860  -0.00356473     0.00380291  -0.00452251
  0.00099954  -0.00593101    -0.00859389  -0.00648989     0.00043158   0.00278003
  0.00247490  -0.00342748    -0.01897008  -0.01483090    -0.00913323  -0.00680042
    6    1
  0.12714356   0.03987598     0.00000000   0.00000000     0.01569634  -0.02203215
 -0.00000000   0.00000000    -0.14418667  -0.01517141     0.00000000   0.00000000
  0.00929059  -0.01109236     0.00000000  -0.00000000    -0.00007604  -0.01431506
    6    2
 -0.01429983  -0.00014652     0.00000000   0.00000000    -0.02099397  -0.00000000
 -0.00000000   0.00000000    -0.00908497  -0.00000000     0.00000000  -0.00000000
  0.00247528   0.00000000     0.00000000  -0.00000000    -0.01429983   0.00014652
    6    3
  0.01092112   0.00339219     0.00000000  -0.00000000    -0.02304189  -0.00655275
  0.00000000   0.00000000     0.00404076   0.00757130    -0.00000000  -0.00000000
 -0.00252386  -0.00384988    -0.00000000  -0.00000000     0.01092112   0.00339219
    6    4
 -0.00751805  -0.00218397     0.00099954  -0.00593101     0.00247490  -0.00342748
  0.00192860  -0.00356473    -0.00859389  -0.00648989    -0.01897008  -0.01483090
  0.00380291  -0.00452251     0.00043158   0.00278003    -0.00913323  -0.00680042
    6    5
  0.00686037  -0.00377177    -0.00348708  -0.00490064     0.00067358   0.00417361
 -0.00115692  -0.00388437     0.01066584  -0.00148776    -0.02390090   0.00292685
  0.00050883   0.00588696     0.00227095   0.00166061     0.01126679  -0.00164954
    6    6
  0.13160267  -0.00000000     0.00000000  -0.00000000    -0.00078628   0.00078691
  0.00000000   0.00000000     0.13176905   0.00000000    -0.00000000   0.00000000
 -0.00078628  -0.00078691    -0.00000000   0.00000000     0.17875599  -0.00000000
    6    7
 -0.01077039   0.00035839     0.00000000   0.00000000    -0.00281646  -0.00032036
  0.00000000   0.00000000    -0.00816475  -0.01013023    -0.00000000  -0.00000000
 -0.00281646  -0.00032036    -0.00000000  -0.00000000     0.08867074   0.03609571
    7    1
 -0.12714356   0.03987597    -0.00000000   0.00000000    -0.01569634  -0.02203215
  0.00000000   0.00000000     0.14418667  -0.01517141     0.00000000   0.00000000
 -0.00929059  -0.01109236    -0.00000000   0.00000000     0.00007604  -0.01431506
    7    2
  0.01092112  -0.00339219     0.00000000   0.00000000    -0.02304189   0.00655275
  0.00000000   0.00000000     0.00404076  -0.00757130    -0.00000000  -0.00000000
 -0.00252386   0.00384988    -0.00000000  -0.00000000     0.01092112  -0.00339219
    7    3
 -0.01429983   0.00014652     0.00000000  -0.00000000    -0.02099397   0.00000000
 -0.00000000  -0.00000000    -0.00908497   0.00000000     0.00000000   0.00000000
  0.00247528  -0.00000000     0.00000000   0.00000000    -0.01429983  -0.00014652
    7    4
  0.00686037   0.00377177    -0.00348708   0.00490064     0.00067358  -0.00417361
 -0.00115692   0.00388437     0.01066584   0.00148776    -0.02390090  -0.00292685
  0.00050883  -0.00588696     0.00227095  -0.00166061     0.01126679   0.00164954
    7    5
 -0.00751805   0.00218397     0.00099954   0.00593101     0.00247490   0.00342748
  0.00192860   0.00356473    -0.00859389   0.00648989    -0.01897008   0.01483090
  0.00380291   0.00452251     0.00043158  -0.00278003    -0.00913323   0.00680042
    7    6
 -0.01077039  -0.00035839     0.00000000  -0.00000000    -0.00281646   0.00032036
  0.00000000  -0.00000000    -0.00816475   0.01013023    -0.00000000   0.00000000
 -0.00281646   0.00032036    -0.00000000   0.00000000     0.08867074  -0.03609571
    7    7
  0.13160267   0.00000000     0.00000000   0.00000000    -0.00078628  -0.00078691
  0.00000000  -0.00000000     0.13176905   0.00000000    -0.00000000   0.00000000
 -0.00078628   0.00078691    -0.00000000   0.00000000     0.17875599   0.00000000

     Dynamical  Matrix in cartesian axes

     q = (    0.108253200   0.866025400   0.108253200 ) 

    1    1
  0.83562404   0.00000000     0.00000000   0.00000000    -0.02919836   0.00000000
  0.00000000   0.00000000     0.84314217   0.00000000    -0.00000000   0.00000000
 -0.02919836   0.00000000    -0.00000000   0.00000000     0.83562404   0.00000000
    1    2
  0.01017605   0.01006850    -0.00000000   0.00000000    -0.00448010  -0.02667806
 -0.00000000   0.00000000     0.11268316  -0.09122759     0.00000000   0.00000000
 -0.00127404  -0.01441292     0.00000000  -0.00000000    -0.11810063   0.06170752
    1    3
 -0.00007604   0.01431506     0.00000000   0.00000000    -0.01569634  -0.02203215
  0.00000000   0.00000000    -0.14418667   0.01517141    -0.00000000   0.00000000
 -0.00929059  -0.01109236    -0.00000000   0.00000000     0.12714356  -0.03987597
    1    4
 -0.12550368   0.05198534    -0.00503307  -0.01215091    -0.00114627   0.00047480
 -0.00832342  -0.02009451     0.00000000   0.00000000    -0.00832342  -0.02009451
  0.00114627  -0.00047480    -0.00503307  -0.01215091     0.12550368  -0.05198534
    1    5
  0.12550368  -0.05198534    -0.00503307  -0.01215091     0.00114627  -0.00047480
 -0.00832342  -0.02009451     0.00000000   0.00000000    -0.00832342  -0.02009451
 -0.00114627   0.00047480    -0.00503307  -0.01215091    -0.12550368   0.05198534
    1    6
  0.12714356  -0.03987597    -0.00000000   0.00000000    -0.00929059  -0.01109236
 -0.00000000   0.00000000    -0.14418667   0.01517141    -0.00000000  -0.00000000
 -0.01569634  -0.02203215     0.00000000   0.00000000    -0.00007604   0.01431506
    1    7
 -0.11810063   0.06170752    -0.00000000  -0.00000000    -0.00127404  -0.01441292
  0.00000000   0.00000000     0.11268316  -0.09122759     0.00000000  -0.00000000
 -0.00448010  -0.02667806     0.00000000   0.00000000     0.01017605   0.01006850
    2    1
  0.01017605  -0.01006850    -0.00000000  -0.00000000    -0.00127404   0.01441292
 -0.00000000  -0.00000000     0.11268316   0.09122759     0.00000000   0.00000000
 -0.00448010   0.02667806     0.00000000  -0.00000000    -0.11810063  -0.06170752
    2    2
  0.17875599   0.00000000     0.00000000   0.00000000     0.00078628  -0.00078691
  0.00000000  -0.00000000     0.13176905   0.00000000    -0.00000000   0.00000000
  0.00078628   0.00078691    -0.00000000   0.00000000     0.13160267   0.00000000
    2    3
  0.08822319   0.03717617     0.00000000  -0.00000000     0.00221806   0.00176501
 -0.00000000  -0.00000000    -0.01293650   0.00138980    -0.00000000   0.00000000
  0.00221806   0.00176501     0.00000000   0.00000000    -0.00736239  -0.00786924
    2    4
 -0.01126679  -0.00164954     0.00227095  -0.00166061     0.00050883  -0.00588696
 -0.02390090  -0.00292685    -0.01066584  -0.00148776     0.00115692  -0.00388437
  0.00067358  -0.00417361     0.00348708  -0.00490064    -0.00686037  -0.00377177
    2    5
  0.01126679   0.00164954     0.00227095  -0.00166061    -0.00050883   0.00588696
 -0.02390090  -0.00292685     0.01066584   0.00148776     0.00115692  -0.00388437
 -0.00067358   0.00417361     0.00348708  -0.00490064     0.00686037   0.00377177
    2    6
 -0.01012103  -0.00532376     0.00000000  -0.00000000    -0.00450691   0.00093763
  0.00000000   0.00000000    -0.00821097   0.00249647     0.00000000   0.00000000
 -0.02092657  -0.01165958     0.00000000   0.00000000    -0.01012103  -0.00532376
    2    7
  0.01429983   0.00014652     0.00000000   0.00000000     0.00247528  -0.00000000
  0.00000000  -0.00000000     0.00908497  -0.00000000    -0.00000000   0.00000000
 -0.02099397   0.00000000     0.00000000   0.00000000     0.01429983  -0.00014652
    3    1
 -0.00007604  -0.01431506     0.00000000   0.00000000    -0.00929059   0.01109236
  0.00000000  -0.00000000    -0.14418667  -0.01517141    -0.00000000  -0.00000000
 -0.01569634   0.02203215    -0.00000000  -0.00000000     0.12714356   0.03987597
    3    2
  0.08822319  -0.03717617    -0.00000000   0.00000000     0.00221806  -0.00176501
  0.00000000   0.00000000    -0.01293650  -0.00138980    -0.00000000  -0.00000000
  0.00221806  -0.00176501     0.00000000  -0.00000000    -0.00736239   0.00786924
    3    3
  0.17875599  -0.00000000     0.00000000  -0.00000000     0.00078628   0.00078691
  0.00000000   0.00000000     0.13176905  -0.00000000    -0.00000000   0.00000000
  0.00078628  -0.00078691    -0.00000000   0.00000000     0.13160267  -0.00000000
    3    4
  0.01126679  -0.00164954     0.00227095   0.00166061    -0.00050883  -0.00588696
 -0.02390090   0.00292685     0.01066584  -0.00148776     0.00115692   0.00388437
 -0.00067358  -0.00417361     0.00348708   0.00490064     0.00686037  -0.00377177
    3    5
 -0.01126679   0.00164954     0.00227095   0.00166061     0.00050883   0.00588696
 -0.02390090   0.00292685    -0.01066584   0.00148776     0.00115692   0.00388437
  0.00067358   0.00417361     0.00348708   0.00490064    -0.00686037   0.00377177
    3    6
  0.01429983  -0.00014652     0.00000000   0.00000000     0.00247528  -0.00000000
  0.00000000  -0.00000000     0.00908497  -0.00000000    -0.00000000  -0.00000000
 -0.02099397   0.00000000     0.00000000  -0.00000000     0.01429983   0.00014652
    3    7
 -0.01012103   0.00532376     0.00000000  -0.00000000    -0.00450691  -0.00093763
  0.00000000  -0.00000000    -0.00821097  -0.00249647     0.00000000  -0.00000000
 -0.02092657   0.01165958     0.00000000  -0.00000000    -0.01012103   0.00532376
    4    1
 -0.12550368  -0.05198534    -0.00832342   0.02009451     0.00114627   0.00047480
 -0.00503307   0.01215091     0.00000000  -0.00000000    -0.00503307   0.01215091
 -0.00114627  -0.00047480    -0.00832342   0.02009451     0.12550368   0.05198534
    4    2
 -0.01126679   0.00164954    -0.02390090   0.00292685     0.00067358   0.00417361
  0.00227095   0.00166061    -0.01066584   0.00148776     0.00348708   0.00490064
  0.00050883   0.00588696     0.00115692   0.00388437    -0.00686037   0.00377177
    4    3
  0.01126679   0.00164954    -0.02390090  -0.00292685    -0.00067358   0.00417361
  0.00227095  -0.00166061     0.01066584   0.00148776     0.00348708  -0.00490064
 -0.00050883   0.00588696     0.00115692  -0.00388437     0.00686037   0.00377177
    4    4
  0.13082766   0.00000000     0.00000000   0.00021048    -0.00058931   0.00000000
  0.00000000  -0.00021048     0.18116101  -0.00000000    -0.00000000   0.00021048
 -0.00058931   0.00000000    -0.00000000  -0.00021048     0.13082766  -0.00000000
    4    5
 -0.01270909   0.00000000    -0.00000000  -0.00024408     0.00100660  -0.00000000
 -0.00000000  -0.00024408     0.09906160  -0.00000000    -0.00000000   0.00024408
  0.00100660  -0.00000000    -0.00000000   0.00024408    -0.01270909   0.00000000
    4    6
 -0.00686037  -0.00377177     0.00115692  -0.00388437     0.00050883  -0.00588696
  0.00348708  -0.00490064    -0.01066584  -0.00148776     0.00227095  -0.00166061
  0.00067358  -0.00417361    -0.02390090  -0.00292685    -0.01126679  -0.00164954
    4    7
  0.00686037  -0.00377177     0.00115692   0.00388437    -0.00050883  -0.00588696
  0.00348708   0.00490064     0.01066584  -0.00148776     0.00227095   0.00166061
 -0.00067358  -0.00417361    -0.02390090   0.00292685     0.01126679  -0.00164954
    5    1
  0.12550368   0.05198534    -0.00832342   0.02009451    -0.00114627  -0.00047480
 -0.00503307   0.01215091     0.00000000  -0.00000000    -0.00503307   0.01215091
  0.00114627   0.00047480    -0.00832342   0.02009451    -0.12550368  -0.05198534
    5    2
  0.01126679  -0.00164954    -0.02390090   0.00292685    -0.00067358  -0.00417361
  0.00227095   0.00166061     0.01066584  -0.00148776     0.00348708   0.00490064
 -0.00050883  -0.00588696     0.00115692   0.00388437     0.00686037  -0.00377177
    5    3
 -0.01126679  -0.00164954    -0.02390090  -0.00292685     0.00067358  -0.00417361
  0.00227095  -0.00166061    -0.01066584  -0.00148776     0.00348708  -0.00490064
  0.00050883  -0.00588696     0.00115692  -0.00388437    -0.00686037  -0.00377177
    5    4
 -0.01270909  -0.00000000    -0.00000000   0.00024408     0.00100660   0.00000000
 -0.00000000   0.00024408     0.09906160   0.00000000    -0.00000000  -0.00024408
  0.00100660   0.00000000    -0.00000000  -0.00024408    -0.01270909  -0.00000000
    5    5
  0.13082766   0.00000000     0.00000000  -0.00021048    -0.00058931   0.00000000
  0.00000000   0.00021048     0.18116101   0.00000000    -0.00000000  -0.00021048
 -0.00058931   0.00000000    -0.00000000   0.00021048     0.13082766  -0.00000000
    5    6
  0.00686037   0.00377177     0.00115692  -0.00388437    -0.00050883   0.00588696
  0.00348708  -0.00490064     0.01066584   0.00148776     0.00227095  -0.00166061
 -0.00067358   0.00417361    -0.02390090  -0.00292685     0.01126679   0.00164954
    5    7
 -0.00686037   0.00377177     0.00115692   0.00388437     0.00050883   0.00588696
  0.00348708   0.00490064    -0.01066584   0.00148776     0.00227095   0.00166061
  0.00067358   0.00417361    -0.02390090   0.00292685    -0.01126679   0.00164954
    6    1
  0.12714356   0.03987597    -0.00000000  -0.00000000    -0.01569634   0.02203215
  0.00000000  -0.00000000    -0.14418667  -0.01517141     0.00000000  -0.00000000
 -0.00929059   0.01109236     0.00000000   0.00000000    -0.00007604  -0.01431506
    6    2
 -0.01012103   0.00532376     0.00000000  -0.00000000    -0.02092657   0.01165958
  0.00000000  -0.00000000    -0.00821097  -0.00249647     0.00000000  -0.00000000
 -0.00450691  -0.00093763     0.00000000  -0.00000000    -0.01012103   0.00532376
    6    3
  0.01429983   0.00014652     0.00000000  -0.00000000    -0.02099397  -0.00000000
  0.00000000  -0.00000000     0.00908497   0.00000000    -0.00000000   0.00000000
  0.00247528   0.00000000    -0.00000000   0.00000000     0.01429983  -0.00014652
    6    4
 -0.00686037   0.00377177     0.00348708   0.00490064     0.00067358   0.00417361
  0.00115692   0.00388437    -0.01066584   0.00148776    -0.02390090   0.00292685
  0.00050883   0.00588696     0.00227095   0.00166061    -0.01126679   0.00164954
    6    5
  0.00686037  -0.00377177     0.00348708   0.00490064    -0.00067358  -0.00417361
  0.00115692   0.00388437     0.01066584  -0.00148776    -0.02390090   0.00292685
 -0.00050883  -0.00588696     0.00227095   0.00166061     0.01126679  -0.00164954
    6    6
  0.13160267  -0.00000000     0.00000000   0.00000000     0.00078628  -0.00078691
  0.00000000  -0.00000000     0.13176905  -0.00000000    -0.00000000   0.00000000
  0.00078628   0.00078691    -0.00000000   0.00000000     0.17875599  -0.00000000
    6    7
 -0.00736239   0.00786924     0.00000000  -0.00000000     0.00221806  -0.00176501
  0.00000000  -0.00000000    -0.01293650  -0.00138980    -0.00000000   0.00000000
  0.00221806  -0.00176501    -0.00000000   0.00000000     0.08822319  -0.03717617
    7    1
 -0.11810063  -0.06170752     0.00000000  -0.00000000    -0.00448010   0.02667806
 -0.00000000   0.00000000     0.11268316   0.09122759    -0.00000000  -0.00000000
 -0.00127404   0.01441292     0.00000000   0.00000000     0.01017605  -0.01006850
    7    2
  0.01429983  -0.00014652     0.00000000   0.00000000    -0.02099397  -0.00000000
  0.00000000   0.00000000     0.00908497   0.00000000    -0.00000000  -0.00000000
  0.00247528   0.00000000    -0.00000000  -0.00000000     0.01429983   0.00014652
    7    3
 -0.01012103  -0.00532376     0.00000000   0.00000000    -0.02092657  -0.01165958
  0.00000000   0.00000000    -0.00821097   0.00249647     0.00000000   0.00000000
 -0.00450691   0.00093763     0.00000000   0.00000000    -0.01012103  -0.00532376
    7    4
  0.00686037   0.00377177     0.00348708  -0.00490064    -0.00067358   0.00417361
  0.00115692  -0.00388437     0.01066584   0.00148776    -0.02390090  -0.00292685
 -0.00050883   0.00588696     0.00227095  -0.00166061     0.01126679   0.00164954
    7    5
 -0.00686037  -0.00377177     0.00348708  -0.00490064     0.00067358  -0.00417361
  0.00115692  -0.00388437    -0.01066584  -0.00148776    -0.02390090  -0.00292685
  0.00050883  -0.00588696     0.00227095  -0.00166061    -0.01126679  -0.00164954
    7    6
 -0.00736239  -0.00786924     0.00000000   0.00000000     0.00221806   0.00176501
  0.00000000   0.00000000    -0.01293650   0.00138980    -0.00000000  -0.00000000
  0.00221806   0.00176501    -0.00000000  -0.00000000     0.08822319   0.03717617
    7    7
  0.13160267   0.00000000     0.00000000  -0.00000000     0.00078628   0.00078691
  0.00000000   0.00000000     0.13176905   0.00000000    -0.00000000   0.00000000
  0.00078628  -0.00078691    -0.00000000   0.00000000     0.17875599   0.00000000

     Dynamical  Matrix in cartesian axes

     q = (   -0.108253200   0.866025400  -0.108253200 ) 

    1    1
  0.83562404   0.00000000    -0.00000000   0.00000000    -0.02919836   0.00000000
  0.00000000   0.00000000     0.84314217   0.00000000    -0.00000000   0.00000000
 -0.02919836   0.00000000    -0.00000000   0.00000000     0.83562404   0.00000000
    1    2
  0.01017605  -0.01006850    -0.00000000  -0.00000000    -0.00448010   0.02667806
 -0.00000000  -0.00000000     0.11268316   0.09122759     0.00000000   0.00000000
 -0.00127404   0.01441292     0.00000000   0.00000000    -0.11810063  -0.06170752
    1    3
 -0.00007604  -0.01431506     0.00000000  -0.00000000    -0.01569634   0.02203215
  0.00000000   0.00000000    -0.14418667  -0.01517141    -0.00000000  -0.00000000
 -0.00929059   0.01109236    -0.00000000  -0.00000000     0.12714356   0.03987597
    1    4
 -0.12550368  -0.05198534    -0.00503307   0.01215091    -0.00114627  -0.00047480
