Dynamical matrix file
Electron-phonon coefficients for Ca1H6                                     
  2    7   0   5.5613398   0.0000000   0.0000000   0.0000000   0.0000000   0.0000000
Basis vectors
     -0.577350269    0.577350269    0.577350269
      0.577350269   -0.577350269    0.577350269
      0.577350269    0.577350269   -0.577350269
           1  'Ca  '    36528.8623753087     
           2  'H   '    918.681110398939     
    1    1      0.0000000000      0.0000000000      0.0000000000
    2    2      0.2886751346      0.0000000000      0.5773502692
    3    2      0.2886751346      0.5773502692      0.0000000000
    4    2      0.5773502692      0.2886751346      0.0000000000
    5    2      0.0000000000      0.2886751346      0.5773502692
    6    2      0.0000000000      0.5773502692      0.2886751346
    7    2      0.5773502692      0.0000000000      0.2886751346

     Dynamical  Matrix in cartesian axes

     q = (    0.324759500   0.324759500   0.000000000 ) 

    1    1
  0.67187503   0.00000000     0.13430719   0.00000000    -0.00000000   0.00000000
  0.13430719   0.00000000     0.67187503   0.00000000    -0.00000000   0.00000000
 -0.00000000   0.00000000    -0.00000000   0.00000000     0.69642584   0.00000000
    1    2
 -0.00895337   0.01915517     0.08602957   0.01989420     0.00000000  -0.00000000
  0.04477054   0.02444161    -0.00723168   0.03424063     0.00000000  -0.00000000
  0.00000000  -0.00000000     0.00000000  -0.00000000    -0.11161193   0.00466986
    1    3
 -0.00721376   0.01987574    -0.07489941  -0.04676478    -0.00000000  -0.00000000
 -0.04894038  -0.01437473    -0.01909822   0.02932535    -0.00000000  -0.00000000
 -0.00000000  -0.00000000    -0.00000000  -0.00000000     0.07561945   0.08222366
    1    4
 -0.01909822   0.02932535    -0.04894038  -0.01437473    -0.00000000  -0.00000000
 -0.07489941  -0.04676478    -0.00721376   0.01987574    -0.00000000  -0.00000000
 -0.00000000  -0.00000000    -0.00000000  -0.00000000     0.07561945   0.08222366
    1    5
 -0.00723168   0.03424063     0.04477054   0.02444161     0.00000000  -0.00000000
  0.08602957   0.01989420    -0.00895337   0.01915517     0.00000000  -0.00000000
  0.00000000  -0.00000000     0.00000000  -0.00000000    -0.11161193   0.00466986
    1    6
 -0.01539624   0.03716979    -0.00130769   0.00315704     0.04004718   0.01658809
 -0.00130769   0.00315704    -0.01539624   0.03716979    -0.04004718  -0.01658809
  0.04509991   0.01868100    -0.04509991  -0.01868100    -0.00970406   0.02342766
    1    7
 -0.01539624   0.03716979    -0.00130769   0.00315704    -0.04004718  -0.01658809
 -0.00130769   0.00315704    -0.01539624   0.03716979     0.04004718   0.01658809
 -0.04509991  -0.01868100     0.04509991   0.01868100    -0.00970406   0.02342766
    2    1
 -0.00895337  -0.01915517     0.04477054  -0.02444161     0.00000000   0.00000000
  0.08602957  -0.01989420    -0.00723168  -0.03424063     0.00000000   0.00000000
  0.00000000   0.00000000     0.00000000   0.00000000    -0.11161193  -0.00466986
    2    2
  0.17238737  -0.00000000    -0.00384057  -0.00232958    -0.00000000   0.00000000
 -0.00384057   0.00232958     0.14560472   0.00000000    -0.00000000   0.00000000
 -0.00000000   0.00000000    -0.00000000   0.00000000     0.14883267   0.00000000
    2    3
 -0.00619613   0.04577126    -0.00410199   0.00220331    -0.00000000   0.00000000
 -0.00410199   0.00220331     0.00772709  -0.00884095    -0.00000000   0.00000000
 -0.00000000   0.00000000    -0.00000000   0.00000000     0.01602530  -0.00258821
    2    4
 -0.01014413  -0.00472237    -0.01081869  -0.00110076     0.00000000  -0.00000000
 -0.00722170  -0.01409755    -0.01014413  -0.00472237     0.00000000  -0.00000000
  0.00000000   0.00000000     0.00000000  -0.00000000    -0.02512085   0.00061325
    2    5
  0.00434072   0.00478045     0.02284687  -0.00000000     0.00000000   0.00000000
 -0.00564790  -0.00000000     0.00434072  -0.00478045     0.00000000   0.00000000
  0.00000000   0.00000000     0.00000000   0.00000000    -0.01730491   0.00000000
    2    6
  0.00804572  -0.00362513     0.01133755   0.00705561    -0.00771642   0.00864795
  0.00899315   0.00131250    -0.00514507   0.01141718     0.01310894   0.00515997
  0.01446910  -0.00150925     0.00939036   0.00136392     0.00824768   0.00302624
    2    7
  0.00804572  -0.00362513     0.01133755   0.00705561     0.00771642  -0.00864795
  0.00899315   0.00131250    -0.00514507   0.01141718    -0.01310894  -0.00515997
 -0.01446910   0.00150925    -0.00939036  -0.00136392     0.00824768   0.00302624
    3    1
 -0.00721376  -0.01987574    -0.04894038   0.01437473    -0.00000000   0.00000000
 -0.07489941   0.04676478    -0.01909822  -0.02932535    -0.00000000   0.00000000
 -0.00000000   0.00000000    -0.00000000   0.00000000     0.07561945  -0.08222366
    3    2
 -0.00619613  -0.04577126    -0.00410199  -0.00220331    -0.00000000  -0.00000000
 -0.00410199  -0.00220331     0.00772709   0.00884095    -0.00000000  -0.00000000
 -0.00000000   0.00000000    -0.00000000   0.00000000     0.01602530   0.00258821
    3    3
  0.17238737   0.00000000    -0.00384057   0.00232958    -0.00000000   0.00000000
 -0.00384057  -0.00232958     0.14560472  -0.00000000    -0.00000000   0.00000000
 -0.00000000   0.00000000    -0.00000000   0.00000000     0.14883267   0.00000000
    3    4
  0.00434072  -0.00478045     0.02284687   0.00000000     0.00000000   0.00000000
 -0.00564790   0.00000000     0.00434072   0.00478045     0.00000000   0.00000000
  0.00000000   0.00000000     0.00000000   0.00000000    -0.01730491   0.00000000
    3    5
 -0.01014413   0.00472237    -0.01081869   0.00110076     0.00000000   0.00000000
 -0.00722170   0.01409755    -0.01014413   0.00472237     0.00000000   0.00000000
  0.00000000   0.00000000     0.00000000   0.00000000    -0.02512085  -0.00061325
    3    6
  0.00804572   0.00362513     0.01133755  -0.00705561     0.00771642   0.00864795
  0.00899315  -0.00131250    -0.00514507  -0.01141718    -0.01310894   0.00515997
 -0.01446910  -0.00150925    -0.00939036   0.00136392     0.00824768  -0.00302624
    3    7
  0.00804572   0.00362513     0.01133755  -0.00705561    -0.00771642  -0.00864795
  0.00899315  -0.00131250    -0.00514507  -0.01141718     0.01310894  -0.00515997
  0.01446910   0.00150925     0.00939036  -0.00136392     0.00824768  -0.00302624
    4    1
 -0.01909822  -0.02932535    -0.07489941   0.04676478    -0.00000000   0.00000000
 -0.04894038   0.01437473    -0.00721376  -0.01987574    -0.00000000   0.00000000
 -0.00000000   0.00000000    -0.00000000   0.00000000     0.07561945  -0.08222366
    4    2
 -0.01014413   0.00472237    -0.00722170   0.01409755     0.00000000   0.00000000
 -0.01081869   0.00110076    -0.01014413   0.00472237     0.00000000   0.00000000
  0.00000000   0.00000000     0.00000000   0.00000000    -0.02512085  -0.00061325
    4    3
  0.00434072   0.00478045    -0.00564790   0.00000000     0.00000000   0.00000000
  0.02284687   0.00000000     0.00434072  -0.00478045     0.00000000   0.00000000
  0.00000000   0.00000000     0.00000000   0.00000000    -0.01730491   0.00000000
    4    4
  0.14560472   0.00000000    -0.00384057  -0.00232958    -0.00000000   0.00000000
 -0.00384057   0.00232958     0.17238737   0.00000000    -0.00000000   0.00000000
 -0.00000000   0.00000000    -0.00000000   0.00000000     0.14883267   0.00000000
    4    5
  0.00772709   0.00884095    -0.00410199  -0.00220331    -0.00000000  -0.00000000
 -0.00410199  -0.00220331    -0.00619613  -0.04577126    -0.00000000  -0.00000000
 -0.00000000  -0.00000000    -0.00000000  -0.00000000     0.01602530   0.00258821
    4    6
 -0.00514507  -0.01141718     0.00899315  -0.00131250     0.01310894  -0.00515997
  0.01133755  -0.00705561     0.00804572   0.00362513    -0.00771642  -0.00864795
  0.00939036  -0.00136392     0.01446910   0.00150925     0.00824768  -0.00302624
    4    7
 -0.00514507  -0.01141718     0.00899315  -0.00131250    -0.01310894   0.00515997
  0.01133755  -0.00705561     0.00804572   0.00362513     0.00771642   0.00864795
 -0.00939036   0.00136392    -0.01446910  -0.00150925     0.00824768  -0.00302624
    5    1
 -0.00723168  -0.03424063     0.08602957  -0.01989420     0.00000000   0.00000000
  0.04477054  -0.02444161    -0.00895337  -0.01915517     0.00000000   0.00000000
  0.00000000   0.00000000     0.00000000   0.00000000    -0.11161193  -0.00466986
    5    2
  0.00434072  -0.00478045    -0.00564790  -0.00000000     0.00000000   0.00000000
  0.02284687  -0.00000000     0.00434072   0.00478045     0.00000000   0.00000000
  0.00000000   0.00000000     0.00000000   0.00000000    -0.01730491   0.00000000
    5    3
 -0.01014413  -0.00472237    -0.00722170  -0.01409755     0.00000000   0.00000000
 -0.01081869  -0.00110076    -0.01014413  -0.00472237     0.00000000   0.00000000
  0.00000000   0.00000000     0.00000000   0.00000000    -0.02512085   0.00061325
    5    4
  0.00772709  -0.00884095    -0.00410199   0.00220331    -0.00000000   0.00000000
 -0.00410199   0.00220331    -0.00619613   0.04577126    -0.00000000   0.00000000
 -0.00000000   0.00000000    -0.00000000   0.00000000     0.01602530  -0.00258821
    5    5
  0.14560472  -0.00000000    -0.00384057   0.00232958    -0.00000000   0.00000000
 -0.00384057  -0.00232958     0.17238737  -0.00000000    -0.00000000   0.00000000
 -0.00000000   0.00000000    -0.00000000   0.00000000     0.14883267   0.00000000
    5    6
 -0.00514507   0.01141718     0.00899315   0.00131250    -0.01310894  -0.00515997
  0.01133755   0.00705561     0.00804572  -0.00362513     0.00771642  -0.00864795
 -0.00939036  -0.00136392    -0.01446910   0.00150925     0.00824768   0.00302624
    5    7
 -0.00514507   0.01141718     0.00899315   0.00131250     0.01310894   0.00515997
  0.01133755   0.00705561     0.00804572  -0.00362513    -0.00771642   0.00864795
  0.00939036   0.00136392     0.01446910  -0.00150925     0.00824768   0.00302624
    6    1
 -0.01539624  -0.03716979    -0.00130769  -0.00315704     0.04509991  -0.01868100
 -0.00130769  -0.00315704    -0.01539624  -0.03716979    -0.04509991   0.01868100
  0.04004718  -0.01658809    -0.04004718   0.01658809    -0.00970406  -0.02342766
    6    2
  0.00804572   0.00362513     0.00899315  -0.00131250     0.01446910   0.00150925
  0.01133755  -0.00705561    -0.00514507  -0.01141718     0.00939036  -0.00136392
 -0.00771642  -0.00864795     0.01310894  -0.00515997     0.00824768  -0.00302624
    6    3
  0.00804572  -0.00362513     0.00899315   0.00131250    -0.01446910   0.00150925
  0.01133755   0.00705561    -0.00514507   0.01141718    -0.00939036  -0.00136392
  0.00771642  -0.00864795    -0.01310894  -0.00515997     0.00824768   0.00302624
    6    4
 -0.00514507   0.01141718     0.01133755   0.00705561     0.00939036   0.00136392
  0.00899315   0.00131250     0.00804572  -0.00362513     0.01446910  -0.00150925
  0.01310894   0.00515997    -0.00771642   0.00864795     0.00824768   0.00302624
    6    5
 -0.00514507  -0.01141718     0.01133755  -0.00705561    -0.00939036   0.00136392
  0.00899315  -0.00131250     0.00804572   0.00362513    -0.01446910  -0.00150925
 -0.01310894   0.00515997     0.00771642   0.00864795     0.00824768  -0.00302624
    6    6
  0.14066136   0.00000000    -0.00319646  -0.00000000    -0.00000000   0.00109998
 -0.00319646   0.00000000     0.14066136   0.00000000    -0.00000000  -0.00109998
 -0.00000000  -0.00109998    -0.00000000   0.00109998     0.18430200   0.00000000
    6    7
  0.01579616   0.00000000     0.00767891   0.00000000     0.00000000  -0.00037580
  0.00767891  -0.00000000     0.01579616  -0.00000000     0.00000000   0.00037580
  0.00000000  -0.00037580     0.00000000   0.00037580    -0.08526269   0.00000000
    7    1
 -0.01539624  -0.03716979    -0.00130769  -0.00315704    -0.04509991   0.01868100
 -0.00130769  -0.00315704    -0.01539624  -0.03716979     0.04509991  -0.01868100
 -0.04004718   0.01658809     0.04004718  -0.01658809    -0.00970406  -0.02342766
    7    2
  0.00804572   0.00362513     0.00899315  -0.00131250    -0.01446910  -0.00150925
  0.01133755  -0.00705561    -0.00514507  -0.01141718    -0.00939036   0.00136392
  0.00771642   0.00864795    -0.01310894   0.00515997     0.00824768  -0.00302624
    7    3
  0.00804572  -0.00362513     0.00899315   0.00131250     0.01446910  -0.00150925
  0.01133755   0.00705561    -0.00514507   0.01141718     0.00939036   0.00136392
 -0.00771642   0.00864795     0.01310894   0.00515997     0.00824768   0.00302624
    7    4
 -0.00514507   0.01141718     0.01133755   0.00705561    -0.00939036  -0.00136392
  0.00899315   0.00131250     0.00804572  -0.00362513    -0.01446910   0.00150925
 -0.01310894  -0.00515997     0.00771642  -0.00864795     0.00824768   0.00302624
    7    5
 -0.00514507  -0.01141718     0.01133755  -0.00705561     0.00939036  -0.00136392
  0.00899315  -0.00131250     0.00804572   0.00362513     0.01446910   0.00150925
  0.01310894  -0.00515997    -0.00771642  -0.00864795     0.00824768  -0.00302624
    7    6
  0.01579616  -0.00000000     0.00767891  -0.00000000     0.00000000   0.00037580
  0.00767891   0.00000000     0.01579616   0.00000000     0.00000000  -0.00037580
  0.00000000   0.00037580     0.00000000  -0.00037580    -0.08526269   0.00000000
    7    7
  0.14066136   0.00000000    -0.00319646   0.00000000    -0.00000000  -0.00109998
 -0.00319646  -0.00000000     0.14066136  -0.00000000    -0.00000000   0.00109998
 -0.00000000   0.00109998    -0.00000000  -0.00109998     0.18430200   0.00000000

     Dynamical  Matrix in cartesian axes

     q = (   -0.324759500  -0.324759500   0.000000000 ) 

    1    1
  0.67187503   0.00000000     0.13430719   0.00000000    -0.00000000   0.00000000
  0.13430719   0.00000000     0.67187503   0.00000000    -0.00000000   0.00000000
 -0.00000000   0.00000000    -0.00000000   0.00000000     0.69642584   0.00000000
    1    2
 -0.00895337  -0.01915517     0.08602957  -0.01989420     0.00000000  -0.00000000
  0.04477054  -0.02444161    -0.00723168  -0.03424063     0.00000000  -0.00000000
  0.00000000  -0.00000000     0.00000000  -0.00000000    -0.11161193  -0.00466986
    1    3
 -0.00721376  -0.01987574    -0.07489941   0.04676478    -0.00000000   0.00000000
 -0.04894038   0.01437473    -0.01909822  -0.02932535    -0.00000000   0.00000000
 -0.00000000   0.00000000    -0.00000000   0.00000000     0.07561945  -0.08222366
    1    4
 -0.01909822  -0.02932535    -0.04894038   0.01437473    -0.00000000   0.00000000
 -0.07489941   0.04676478    -0.00721376  -0.01987574    -0.00000000   0.00000000
 -0.00000000   0.00000000    -0.00000000   0.00000000     0.07561945  -0.08222366
    1    5
 -0.00723168  -0.03424063     0.04477054  -0.02444161     0.00000000  -0.00000000
  0.08602957  -0.01989420    -0.00895337  -0.01915517     0.00000000  -0.00000000
  0.00000000  -0.00000000     0.00000000  -0.00000000    -0.11161193  -0.00466986
    1    6
 -0.01539624  -0.03716979    -0.00130769  -0.00315704     0.04004718  -0.01658809
 -0.00130769  -0.00315704    -0.01539624  -0.03716979    -0.04004718   0.01658809
  0.04509991  -0.01868100    -0.04509991   0.01868100    -0.00970406  -0.02342766
    1    7
 -0.01539624  -0.03716979    -0.00130769  -0.00315704    -0.04004718   0.01658809
 -0.00130769  -0.00315704    -0.01539624  -0.03716979     0.04004718  -0.01658809
 -0.04509991   0.01868100     0.04509991  -0.01868100    -0.00970406  -0.02342766
    2    1
 -0.00895337   0.01915517     0.04477054   0.02444161     0.00000000  -0.00000000
  0.08602957   0.01989420    -0.00723168   0.03424063     0.00000000  -0.00000000
  0.00000000  -0.00000000     0.00000000  -0.00000000    -0.11161193   0.00466986
    2    2
  0.17238737   0.00000000    -0.00384057   0.00232958    -0.00000000   0.00000000
 -0.00384057  -0.00232958     0.14560472  -0.00000000    -0.00000000   0.00000000
 -0.00000000   0.00000000    -0.00000000   0.00000000     0.14883267   0.00000000
    2    3
 -0.00619613  -0.04577126    -0.00410199  -0.00220331    -0.00000000  -0.00000000
 -0.00410199  -0.00220331     0.00772709   0.00884095    -0.00000000  -0.00000000
 -0.00000000  -0.00000000    -0.00000000   0.00000000     0.01602530   0.00258821
    2    4
 -0.01014413   0.00472237    -0.01081869   0.00110076     0.00000000   0.00000000
 -0.00722170   0.01409755    -0.01014413   0.00472237     0.00000000   0.00000000
  0.00000000   0.00000000     0.00000000   0.00000000    -0.02512085  -0.00061325
    2    5
  0.00434072  -0.00478045     0.02284687   0.00000000     0.00000000   0.00000000
 -0.00564790   0.00000000     0.00434072   0.00478045     0.00000000   0.00000000
  0.00000000   0.00000000     0.00000000   0.00000000    -0.01730491   0.00000000
    2    6
  0.00804572   0.00362513     0.01133755  -0.00705561    -0.00771642  -0.00864795
  0.00899315  -0.00131250    -0.00514507  -0.01141718     0.01310894  -0.00515997
  0.01446910   0.00150925     0.00939036  -0.00136392     0.00824768  -0.00302624
    2    7
  0.00804572   0.00362513     0.01133755  -0.00705561     0.00771642   0.00864795
  0.00899315  -0.00131250    -0.00514507  -0.01141718    -0.01310894   0.00515997
 -0.01446910  -0.00150925    -0.00939036   0.00136392     0.00824768  -0.00302624
    3    1
 -0.00721376   0.01987574    -0.04894038  -0.01437473    -0.00000000  -0.00000000
 -0.07489941  -0.04676478    -0.01909822   0.02932535    -0.00000000  -0.00000000
 -0.00000000  -0.00000000    -0.00000000  -0.00000000     0.07561945   0.08222366
    3    2
 -0.00619613   0.04577126    -0.00410199   0.00220331    -0.00000000   0.00000000
 -0.00410199   0.00220331     0.00772709  -0.00884095    -0.00000000   0.00000000
 -0.00000000  -0.00000000    -0.00000000   0.00000000     0.01602530  -0.00258821
    3    3
  0.17238737  -0.00000000    -0.00384057  -0.00232958    -0.00000000   0.00000000
 -0.00384057   0.00232958     0.14560472   0.00000000    -0.00000000   0.00000000
 -0.00000000   0.00000000    -0.00000000   0.00000000     0.14883267   0.00000000
    3    4
  0.00434072   0.00478045     0.02284687  -0.00000000     0.00000000   0.00000000
 -0.00564790  -0.00000000     0.00434072  -0.00478045     0.00000000   0.00000000
  0.00000000   0.00000000     0.00000000   0.00000000    -0.01730491   0.00000000
    3    5
 -0.01014413  -0.00472237    -0.01081869  -0.00110076     0.00000000  -0.00000000
 -0.00722170  -0.01409755    -0.01014413  -0.00472237     0.00000000  -0.00000000
  0.00000000   0.00000000     0.00000000  -0.00000000    -0.02512085   0.00061325
    3    6
  0.00804572  -0.00362513     0.01133755   0.00705561     0.00771642  -0.00864795
  0.00899315   0.00131250    -0.00514507   0.01141718    -0.01310894  -0.00515997
 -0.01446910   0.00150925    -0.00939036  -0.00136392     0.00824768   0.00302624
    3    7
  0.00804572  -0.00362513     0.01133755   0.00705561    -0.00771642   0.00864795
  0.00899315   0.00131250    -0.00514507   0.01141718     0.01310894   0.00515997
  0.01446910  -0.00150925     0.00939036   0.00136392     0.00824768   0.00302624
    4    1
 -0.01909822   0.02932535    -0.07489941  -0.04676478    -0.00000000  -0.00000000
 -0.04894038  -0.01437473    -0.00721376   0.01987574    -0.00000000  -0.00000000
 -0.00000000  -0.00000000    -0.00000000  -0.00000000     0.07561945   0.08222366
    4    2
 -0.01014413  -0.00472237    -0.00722170  -0.01409755     0.00000000   0.00000000
 -0.01081869  -0.00110076    -0.01014413  -0.00472237     0.00000000   0.00000000
  0.00000000   0.00000000     0.00000000   0.00000000    -0.02512085   0.00061325
    4    3
  0.00434072  -0.00478045    -0.00564790  -0.00000000     0.00000000   0.00000000
  0.02284687  -0.00000000     0.00434072   0.00478045     0.00000000   0.00000000
  0.00000000   0.00000000     0.00000000   0.00000000    -0.01730491   0.00000000
    4    4
  0.14560472  -0.00000000    -0.00384057   0.00232958    -0.00000000   0.00000000
 -0.00384057  -0.00232958     0.17238737  -0.00000000    -0.00000000   0.00000000
 -0.00000000   0.00000000    -0.00000000   0.00000000     0.14883267   0.00000000
    4    5
  0.00772709  -0.00884095    -0.00410199   0.00220331    -0.00000000   0.00000000
 -0.00410199   0.00220331    -0.00619613   0.04577126    -0.00000000   0.00000000
 -0.00000000   0.00000000    -0.00000000   0.00000000     0.01602530  -0.00258821
    4    6
 -0.00514507   0.01141718     0.00899315   0.00131250     0.01310894   0.00515997
  0.01133755   0.00705561     0.00804572  -0.00362513    -0.00771642   0.00864795
  0.00939036   0.00136392     0.01446910  -0.00150925     0.00824768   0.00302624
    4    7
 -0.00514507   0.01141718     0.00899315   0.00131250    -0.01310894  -0.00515997
  0.01133755   0.00705561     0.00804572  -0.00362513     0.00771642  -0.00864795
 -0.00939036  -0.00136392    -0.01446910   0.00150925     0.00824768   0.00302624
    5    1
 -0.00723168   0.03424063     0.08602957   0.01989420     0.00000000  -0.00000000
  0.04477054   0.02444161    -0.00895337   0.01915517     0.00000000  -0.00000000
  0.00000000  -0.00000000     0.00000000  -0.00000000    -0.11161193   0.00466986
    5    2
  0.00434072   0.00478045    -0.00564790   0.00000000     0.00000000   0.00000000
  0.02284687   0.00000000     0.00434072  -0.00478045     0.00000000   0.00000000
  0.00000000   0.00000000     0.00000000   0.00000000    -0.01730491   0.00000000
    5    3
 -0.01014413   0.00472237    -0.00722170   0.01409755     0.00000000   0.00000000
 -0.01081869   0.00110076    -0.01014413   0.00472237     0.00000000   0.00000000
  0.00000000   0.00000000     0.00000000   0.00000000    -0.02512085  -0.00061325
    5    4
  0.00772709   0.00884095    -0.00410199  -0.00220331    -0.00000000  -0.00000000
 -0.00410199  -0.00220331    -0.00619613  -0.04577126    -0.00000000  -0.00000000
 -0.00000000   0.00000000    -0.00000000   0.00000000     0.01602530   0.00258821
    5    5
  0.14560472   0.00000000    -0.00384057  -0.00232958    -0.00000000   0.00000000
 -0.00384057   0.00232958     0.17238737   0.00000000    -0.00000000   0.00000000
 -0.00000000   0.00000000    -0.00000000   0.00000000     0.14883267   0.00000000
    5    6
 -0.00514507  -0.01141718     0.00899315  -0.00131250    -0.01310894   0.00515997
  0.01133755  -0.00705561     0.00804572   0.00362513     0.00771642   0.00864795
 -0.00939036   0.00136392    -0.01446910  -0.00150925     0.00824768  -0.00302624
    5    7
 -0.00514507  -0.01141718     0.00899315  -0.00131250     0.01310894  -0.00515997
  0.01133755  -0.00705561     0.00804572   0.00362513    -0.00771642  -0.00864795
  0.00939036  -0.00136392     0.01446910   0.00150925     0.00824768  -0.00302624
    6    1
 -0.01539624   0.03716979    -0.00130769   0.00315704     0.04509991   0.01868100
 -0.00130769   0.00315704    -0.01539624   0.03716979    -0.04509991  -0.01868100
  0.04004718   0.01658809    -0.04004718  -0.01658809    -0.00970406   0.02342766
    6    2
  0.00804572  -0.00362513     0.00899315   0.00131250     0.01446910  -0.00150925
  0.01133755   0.00705561    -0.00514507   0.01141718     0.00939036   0.00136392
 -0.00771642   0.00864795     0.01310894   0.00515997     0.00824768   0.00302624
    6    3
  0.00804572   0.00362513     0.00899315  -0.00131250    -0.01446910  -0.00150925
  0.01133755  -0.00705561    -0.00514507  -0.01141718    -0.00939036   0.00136392
  0.00771642   0.00864795    -0.01310894   0.00515997     0.00824768  -0.00302624
    6    4
 -0.00514507  -0.01141718     0.01133755  -0.00705561     0.00939036  -0.00136392
  0.00899315  -0.00131250     0.00804572   0.00362513     0.01446910   0.00150925
  0.01310894  -0.00515997    -0.00771642  -0.00864795     0.00824768  -0.00302624
    6    5
 -0.00514507   0.01141718     0.01133755   0.00705561    -0.00939036  -0.00136392
  0.00899315   0.00131250     0.00804572  -0.00362513    -0.01446910   0.00150925
 -0.01310894  -0.00515997     0.00771642  -0.00864795     0.00824768   0.00302624
    6    6
  0.14066136   0.00000000    -0.00319646   0.00000000    -0.00000000  -0.00109998
 -0.00319646  -0.00000000     0.14066136  -0.00000000    -0.00000000   0.00109998
 -0.00000000   0.00109998    -0.00000000  -0.00109998     0.18430200   0.00000000
    6    7
  0.01579616  -0.00000000     0.00767891  -0.00000000     0.00000000   0.00037580
  0.00767891   0.00000000     0.01579616   0.00000000     0.00000000  -0.00037580
  0.00000000   0.00037580     0.00000000  -0.00037580    -0.08526269   0.00000000
    7    1
 -0.01539624   0.03716979    -0.00130769   0.00315704    -0.04509991  -0.01868100
 -0.00130769   0.00315704    -0.01539624   0.03716979     0.04509991   0.01868100
 -0.04004718  -0.01658809     0.04004718   0.01658809    -0.00970406   0.02342766
    7    2
  0.00804572  -0.00362513     0.00899315   0.00131250    -0.01446910   0.00150925
  0.01133755   0.00705561    -0.00514507   0.01141718    -0.00939036  -0.00136392
  0.00771642  -0.00864795    -0.01310894  -0.00515997     0.00824768   0.00302624
    7    3
  0.00804572   0.00362513     0.00899315  -0.00131250     0.01446910   0.00150925
  0.01133755  -0.00705561    -0.00514507  -0.01141718     0.00939036  -0.00136392
 -0.00771642  -0.00864795     0.01310894  -0.00515997     0.00824768  -0.00302624
    7    4
 -0.00514507  -0.01141718     0.01133755  -0.00705561    -0.00939036   0.00136392
  0.00899315  -0.00131250     0.00804572   0.00362513    -0.01446910  -0.00150925
 -0.01310894   0.00515997     0.00771642   0.00864795     0.00824768  -0.00302624
    7    5
 -0.00514507   0.01141718     0.01133755   0.00705561     0.00939036   0.00136392
  0.00899315   0.00131250     0.00804572  -0.00362513     0.01446910  -0.00150925
  0.01310894   0.00515997    -0.00771642   0.00864795     0.00824768   0.00302624
    7    6
  0.01579616   0.00000000     0.00767891   0.00000000     0.00000000  -0.00037580
  0.00767891  -0.00000000     0.01579616  -0.00000000     0.00000000   0.00037580
  0.00000000  -0.00037580     0.00000000   0.00037580    -0.08526269   0.00000000
    7    7
  0.14066136   0.00000000    -0.00319646  -0.00000000    -0.00000000   0.00109998
 -0.00319646   0.00000000     0.14066136   0.00000000    -0.00000000  -0.00109998
 -0.00000000  -0.00109998    -0.00000000   0.00109998     0.18430200   0.00000000

     Dynamical  Matrix in cartesian axes

     q = (    0.324759500  -0.324759500   0.000000000 ) 

    1    1
  0.67187503   0.00000000    -0.13430719   0.00000000    -0.00000000   0.00000000
 -0.13430719   0.00000000     0.67187503   0.00000000    -0.00000000   0.00000000
 -0.00000000   0.00000000    -0.00000000   0.00000000     0.69642584   0.00000000
    1    2
 -0.00895337   0.01915517    -0.08602957  -0.01989420     0.00000000   0.00000000
 -0.04477054  -0.02444161    -0.00723168   0.03424063     0.00000000  -0.00000000
  0.00000000   0.00000000     0.00000000  -0.00000000    -0.11161193   0.00466986
    1    3
 -0.00895337  -0.01915517    -0.08602957   0.01989420     0.00000000   0.00000000
 -0.04477054   0.02444161    -0.00723168  -0.03424063     0.00000000   0.00000000
  0.00000000  -0.00000000     0.00000000  -0.00000000    -0.11161193  -0.00466986
    1    4
 -0.00723168   0.03424063    -0.04477054  -0.02444161     0.00000000   0.00000000
 -0.08602957  -0.01989420    -0.00895337   0.01915517     0.00000000  -0.00000000
  0.00000000   0.00000000     0.00000000  -0.00000000    -0.11161193   0.00466986
    1    5
 -0.00723168  -0.03424063    -0.04477054   0.02444161     0.00000000  -0.00000000
 -0.08602957   0.01989420    -0.00895337  -0.01915517     0.00000000  -0.00000000
  0.00000000  -0.00000000     0.00000000  -0.00000000    -0.11161193  -0.00466986
    1    6
 -0.01539624  -0.03716979     0.00130769   0.00315704    -0.04004718   0.01658809
  0.00130769   0.00315704    -0.01539624  -0.03716979    -0.04004718   0.01658809
 -0.04509991   0.01868100    -0.04509991   0.01868100    -0.00970406  -0.02342766
    1    7
 -0.01539624   0.03716979     0.00130769  -0.00315704    -0.04004718  -0.01658809
  0.00130769  -0.00315704    -0.01539624   0.03716979    -0.04004718  -0.01658809
 -0.04509991  -0.01868100    -0.04509991  -0.01868100    -0.00970406   0.02342766
    2    1
 -0.00895337  -0.01915517    -0.04477054   0.02444161     0.00000000   0.00000000
 -0.08602957   0.01989420    -0.00723168  -0.03424063     0.00000000  -0.00000000
  0.00000000   0.00000000     0.00000000  -0.00000000    -0.11161193  -0.00466986
    2    2
  0.17238737  -0.00000000     0.00384057   0.00232958    -0.00000000   0.00000000
  0.00384057  -0.00232958     0.14560472  -0.00000000    -0.00000000   0.00000000
 -0.00000000   0.00000000    -0.00000000   0.00000000     0.14883267   0.00000000
    2    3
 -0.02798385  -0.03674649    -0.00134257   0.00445852     0.00000000  -0.00000000
 -0.00134257   0.00445852     0.00078762   0.01171537    -0.00000000  -0.00000000
  0.00000000   0.00000000     0.00000000   0.00000000    -0.00950146   0.01316174
    2    4
  0.00434072   0.00478045    -0.02284687  -0.00000000     0.00000000  -0.00000000
  0.00564790   0.00000000     0.00434072  -0.00478045     0.00000000  -0.00000000
  0.00000000   0.00000000     0.00000000   0.00000000    -0.01730491  -0.00000000
    2    5
  0.01051220  -0.00383377    -0.00842832   0.00687161    -0.00000000   0.00000000
 -0.01507499  -0.00486195     0.01051220  -0.00383377    -0.00000000   0.00000000
 -0.00000000   0.00000000    -0.00000000   0.00000000     0.01732949  -0.01819676
    2    6
 -0.00312582   0.00825254     0.01300593  -0.00302779    -0.00065869  -0.01157136
  0.00728719  -0.00543104    -0.00443505  -0.01171128     0.01291806  -0.00562077
 -0.00916400   0.01129840     0.00760442  -0.00567555    -0.00797186   0.00369212
    2    7
  0.00804572  -0.00362513    -0.01133755  -0.00705561     0.00771642  -0.00864795
 -0.00899315  -0.00131250    -0.00514507   0.01141718     0.01310894   0.00515997
 -0.01446910   0.00150925     0.00939036   0.00136392     0.00824768   0.00302624
    3    1
 -0.00895337   0.01915517    -0.04477054  -0.02444161     0.00000000   0.00000000
 -0.08602957  -0.01989420    -0.00723168   0.03424063     0.00000000   0.00000000
  0.00000000  -0.00000000     0.00000000  -0.00000000    -0.11161193   0.00466986
    3    2
 -0.02798385   0.03674649    -0.00134257  -0.00445852     0.00000000   0.00000000
 -0.00134257  -0.00445852     0.00078762  -0.01171537     0.00000000   0.00000000
  0.00000000   0.00000000     0.00000000   0.00000000    -0.00950146  -0.01316174
    3    3
  0.17238737   0.00000000     0.00384057  -0.00232958    -0.00000000   0.00000000
  0.00384057   0.00232958     0.14560472   0.00000000    -0.00000000   0.00000000
 -0.00000000   0.00000000    -0.00000000   0.00000000     0.14883267   0.00000000
    3    4
  0.01051220   0.00383377    -0.00842832  -0.00687161    -0.00000000  -0.00000000
 -0.01507499   0.00486195     0.01051220   0.00383377     0.00000000  -0.00000000
 -0.00000000  -0.00000000    -0.00000000  -0.00000000     0.01732949   0.01819676
    3    5
  0.00434072  -0.00478045    -0.02284687  -0.00000000     0.00000000   0.00000000
  0.00564790   0.00000000     0.00434072   0.00478045     0.00000000   0.00000000
  0.00000000   0.00000000     0.00000000   0.00000000    -0.01730491  -0.00000000
    3    6
  0.00804572   0.00362513    -0.01133755   0.00705561     0.00771642   0.00864795
 -0.00899315   0.00131250    -0.00514507  -0.01141718     0.01310894  -0.00515997
 -0.01446910  -0.00150925     0.00939036  -0.00136392     0.00824768  -0.00302624
    3    7
 -0.00312582  -0.00825254     0.01300593   0.00302779    -0.00065869   0.01157136
  0.00728719   0.00543104    -0.00443505   0.01171128     0.01291806   0.00562077
 -0.00916400  -0.01129840     0.00760442   0.00567555    -0.00797186  -0.00369212
    4    1
 -0.00723168  -0.03424063    -0.08602957   0.01989420     0.00000000   0.00000000
 -0.04477054   0.02444161    -0.00895337  -0.01915517     0.00000000  -0.00000000
  0.00000000   0.00000000     0.00000000  -0.00000000    -0.11161193  -0.00466986
    4    2
  0.00434072  -0.00478045     0.00564790  -0.00000000     0.00000000   0.00000000
 -0.02284687   0.00000000     0.00434072   0.00478045     0.00000000   0.00000000
  0.00000000   0.00000000     0.00000000   0.00000000    -0.01730491   0.00000000
    4    3
  0.01051220  -0.00383377    -0.01507499  -0.00486195    -0.00000000   0.00000000
 -0.00842832   0.00687161     0.01051220  -0.00383377    -0.00000000   0.00000000
 -0.00000000   0.00000000    -0.00000000   0.00000000     0.01732949  -0.01819676
    4    4
  0.14560472  -0.00000000     0.00384057  -0.00232958    -0.00000000   0.00000000
  0.00384057   0.00232958     0.17238737   0.00000000    -0.00000000   0.00000000
 -0.00000000   0.00000000    -0.00000000   0.00000000     0.14883267   0.00000000
    4    5
  0.00078762   0.01171537    -0.00134257   0.00445852     0.00000000   0.00000000
 -0.00134257   0.00445852    -0.02798385  -0.03674649     0.00000000   0.00000000
  0.00000000   0.00000000     0.00000000   0.00000000    -0.00950146   0.01316174
    4    6
 -0.00443505  -0.01171128     0.00728719  -0.00543104     0.01291806  -0.00562077
  0.01300593  -0.00302779    -0.00312582   0.00825254    -0.00065869  -0.01157136
  0.00760442  -0.00567555    -0.00916400   0.01129840    -0.00797186   0.00369212
    4    7
 -0.00514507   0.01141718    -0.00899315  -0.00131250     0.01310894   0.00515997
 -0.01133755  -0.00705561     0.00804572  -0.00362513     0.00771642  -0.00864795
  0.00939036   0.00136392    -0.01446910   0.00150925     0.00824768   0.00302624
    5    1
 -0.00723168   0.03424063    -0.08602957  -0.01989420     0.00000000   0.00000000
 -0.04477054  -0.02444161    -0.00895337   0.01915517     0.00000000   0.00000000
  0.00000000   0.00000000     0.00000000   0.00000000    -0.11161193   0.00466986
    5    2
  0.01051220   0.00383377    -0.01507499   0.00486195    -0.00000000  -0.00000000
 -0.00842832  -0.00687161     0.01051220   0.00383377     0.00000000  -0.00000000
 -0.00000000  -0.00000000     0.00000000  -0.00000000     0.01732949   0.01819676
    5    3
  0.00434072   0.00478045     0.00564790  -0.00000000     0.00000000   0.00000000
 -0.02284687   0.00000000     0.00434072  -0.00478045     0.00000000   0.00000000
  0.00000000  -0.00000000     0.00000000  -0.00000000    -0.01730491   0.00000000
    5    4
  0.00078762  -0.01171537    -0.00134257  -0.00445852     0.00000000   0.00000000
 -0.00134257  -0.00445852    -0.02798385   0.03674649     0.00000000   0.00000000
  0.00000000   0.00000000     0.00000000   0.00000000    -0.00950146  -0.01316174
    5    5
  0.14560472   0.00000000     0.00384057   0.00232958    -0.00000000   0.00000000
  0.00384057  -0.00232958     0.17238737  -0.00000000    -0.00000000   0.00000000
 -0.00000000   0.00000000    -0.00000000   0.00000000     0.14883267   0.00000000
    5    6
 -0.00514507  -0.01141718    -0.00899315   0.00131250     0.01310894  -0.00515997
 -0.01133755   0.00705561     0.00804572   0.00362513     0.00771642   0.00864795
  0.00939036  -0.00136392    -0.01446910  -0.00150925     0.00824768  -0.00302624
    5    7
 -0.00443505   0.01171128     0.00728719   0.00543104     0.01291806   0.00562077
  0.01300593   0.00302779    -0.00312582  -0.00825254    -0.00065869   0.01157136
  0.00760442   0.00567555    -0.00916400  -0.01129840    -0.00797186  -0.00369212
    6    1
 -0.01539624   0.03716979     0.00130769  -0.00315704    -0.04509991  -0.01868100
  0.00130769  -0.00315704    -0.01539624   0.03716979    -0.04509991  -0.01868100
 -0.04004718  -0.01658809    -0.04004718  -0.01658809    -0.00970406   0.02342766
    6    2
 -0.00312582  -0.00825254     0.00728719   0.00543104    -0.00916400  -0.01129840
  0.01300593   0.00302779    -0.00443505   0.01171128     0.00760442   0.00567555
 -0.00065869   0.01157136     0.01291806   0.00562077    -0.00797186  -0.00369212
    6    3
  0.00804572  -0.00362513    -0.00899315  -0.00131250    -0.01446910   0.00150925
 -0.01133755  -0.00705561    -0.00514507   0.01141718     0.00939036   0.00136392
  0.00771642  -0.00864795     0.01310894   0.00515997     0.00824768   0.00302624
    6    4
 -0.00443505   0.01171128     0.01300593   0.00302779     0.00760442   0.00567555
  0.00728719   0.00543104    -0.00312582  -0.00825254    -0.00916400  -0.01129840
  0.01291806   0.00562077    -0.00065869   0.01157136    -0.00797186  -0.00369212
    6    5
 -0.00514507   0.01141718    -0.01133755  -0.00705561     0.00939036   0.00136392
 -0.00899315  -0.00131250     0.00804572  -0.00362513    -0.01446910   0.00150925
  0.01310894   0.00515997     0.00771642  -0.00864795     0.00824768   0.00302624
    6    6
  0.14066136   0.00000000     0.00319646   0.00000000    -0.00000000   0.00109998
  0.00319646   0.00000000     0.14066136   0.00000000    -0.00000000   0.00109998
 -0.00000000  -0.00109998    -0.00000000  -0.00109998     0.18430200   0.00000000
    6    7
 -0.01116957  -0.01116957     0.00542981   0.00542981    -0.00026573   0.00026573
  0.00542981   0.00542981    -0.01116957  -0.01116957    -0.00026573   0.00026573
 -0.00026573   0.00026573    -0.00026573   0.00026573     0.06028982   0.06028984
    7    1
 -0.01539624  -0.03716979     0.00130769   0.00315704    -0.04509991   0.01868100
  0.00130769   0.00315704    -0.01539624  -0.03716979    -0.04509991   0.01868100
 -0.04004718   0.01658809    -0.04004718   0.01658809    -0.00970406  -0.02342766
    7    2
  0.00804572   0.00362513    -0.00899315   0.00131250    -0.01446910  -0.00150925
 -0.01133755   0.00705561    -0.00514507  -0.01141718     0.00939036  -0.00136392
  0.00771642   0.00864795     0.01310894  -0.00515997     0.00824768  -0.00302624
    7    3
 -0.00312582   0.00825254     0.00728719  -0.00543104    -0.00916400   0.01129840
  0.01300593  -0.00302779    -0.00443505  -0.01171128     0.00760442  -0.00567555
 -0.00065869  -0.01157136     0.01291806  -0.00562077    -0.00797186   0.00369212
    7    4
 -0.00514507  -0.01141718    -0.01133755   0.00705561     0.00939036  -0.00136392
 -0.00899315   0.00131250     0.00804572   0.00362513    -0.01446910  -0.00150925
  0.01310894  -0.00515997     0.00771642   0.00864795     0.00824768  -0.00302624
    7    5
 -0.00443505  -0.01171128     0.01300593  -0.00302779     0.00760442  -0.00567555
  0.00728719  -0.00543104    -0.00312582   0.00825254    -0.00916400   0.01129840
  0.01291806  -0.00562077    -0.00065869  -0.01157136    -0.00797186   0.00369212
    7    6
 -0.01116957   0.01116957     0.00542981  -0.00542981    -0.00026573  -0.00026573
  0.00542981  -0.00542981    -0.01116957   0.01116957    -0.00026573  -0.00026573
 -0.00026573  -0.00026573    -0.00026573  -0.00026573     0.06028982  -0.06028984
    7    7
  0.14066136   0.00000000     0.00319646  -0.00000000    -0.00000000  -0.00109998
  0.00319646   0.00000000     0.14066136  -0.00000000    -0.00000000  -0.00109998
 -0.00000000   0.00109998    -0.00000000   0.00109998     0.18430200   0.00000000

     Dynamical  Matrix in cartesian axes

     q = (   -0.324759500   0.324759500   0.000000000 ) 

    1    1
  0.67187503   0.00000000    -0.13430719   0.00000000    -0.00000000   0.00000000
 -0.13430719   0.00000000     0.67187503   0.00000000    -0.00000000   0.00000000
 -0.00000000   0.00000000    -0.00000000   0.00000000     0.69642584   0.00000000
    1    2
 -0.00895337  -0.01915517    -0.08602957   0.01989420     0.00000000  -0.00000000
 -0.04477054   0.02444161    -0.00723168  -0.03424063     0.00000000  -0.00000000
  0.00000000  -0.00000000     0.00000000  -0.00000000    -0.11161193  -0.00466986
    1    3
 -0.00895337   0.01915517    -0.08602957  -0.01989420     0.00000000   0.00000000
 -0.04477054  -0.02444161    -0.00723168   0.03424063     0.00000000   0.00000000
  0.00000000   0.00000000     0.00000000   0.00000000    -0.11161193   0.00466986
    1    4
 -0.00723168  -0.03424063    -0.04477054   0.02444161     0.00000000  -0.00000000
