Dynamical matrix file
Electron-phonon coefficients for Ca1H6                                     
  2    7   0   5.5613398   0.0000000   0.0000000   0.0000000   0.0000000   0.0000000
Basis vectors
     -0.577350269    0.577350269    0.577350269
      0.577350269   -0.577350269    0.577350269
      0.577350269    0.577350269   -0.577350269
           1  'Ca  '    36528.8623753087     
           2  'H   '    918.681110398939     
    1    1      0.0000000000      0.0000000000      0.0000000000
    2    2      0.2886751346      0.0000000000      0.5773502692
    3    2      0.2886751346      0.5773502692      0.0000000000
    4    2      0.5773502692      0.2886751346      0.0000000000
    5    2      0.0000000000      0.2886751346      0.5773502692
    6    2      0.0000000000      0.5773502692      0.2886751346
    7    2      0.5773502692      0.0000000000      0.2886751346

     Dynamical  Matrix in cartesian axes

     q = (   -0.649519100  -0.216506400  -0.216506400 ) 

    1    1
  0.75121025   0.00000000     0.06541373   0.00000000     0.06541373   0.00000000
  0.06541373   0.00000000     0.75121025   0.00000000    -0.06541373   0.00000000
  0.06541373   0.00000000    -0.06541373   0.00000000     0.75121025   0.00000000
    1    2
 -0.00735840   0.01776473     0.01472259   0.05976073    -0.05266768   0.03184674
  0.01318183   0.03654398     0.09099444   0.01204667     0.00355531   0.00170299
 -0.03516147   0.01651952    -0.00371818  -0.00130979    -0.07286103  -0.05582455
    1    3
 -0.00735840   0.01776473    -0.05266768   0.03184674     0.01472259   0.05976073
 -0.03516147   0.01651952    -0.07286103  -0.05582455    -0.00371818  -0.00130979
  0.01318183   0.03654398     0.00355531   0.00170299     0.09099444   0.01204667
    1    4
 -0.07286106   0.05582450    -0.03516146  -0.01651954     0.00371818  -0.00130979
 -0.05266766  -0.03184677    -0.00735839  -0.01776474    -0.01472262   0.05976072
 -0.00355531   0.00170299    -0.01318185   0.03654397     0.09099444  -0.01204662
    1    5
  0.01204661   0.09099444     0.03654397   0.01318185    -0.00170299  -0.00355531
  0.05976072   0.01472263     0.01776474  -0.00735839    -0.03184678   0.05266766
  0.00130979   0.00371818    -0.01651954   0.03516146    -0.05582450  -0.07286107
    1    6
  0.01204661   0.09099444    -0.00170299  -0.00355531     0.03654397   0.01318185
  0.00130979   0.00371818    -0.05582450  -0.07286107    -0.01651954   0.03516146
  0.05976072   0.01472263    -0.03184678   0.05266766     0.01776474  -0.00735839
    1    7
 -0.07286106   0.05582450     0.00371818  -0.00130979    -0.03516146  -0.01651954
 -0.00355531   0.00170299     0.09099444  -0.01204662    -0.01318185   0.03654397
 -0.05266766  -0.03184677    -0.01472262   0.05976072    -0.00735839  -0.01776474
    2    1
 -0.00735840  -0.01776473     0.01318183  -0.03654398    -0.03516147  -0.01651952
  0.01472259  -0.05976073     0.09099444  -0.01204667    -0.00371818   0.00130979
 -0.05266768  -0.03184674     0.00355531  -0.00170299    -0.07286103   0.05582455
    2    2
  0.17114026   0.00000000     0.00029174  -0.00020988     0.00029174   0.00020988
  0.00029174   0.00020988     0.13852315   0.00000000    -0.00118872   0.00089578
  0.00029174  -0.00020988    -0.00118872  -0.00089578     0.13852315  -0.00000000
    2    3
  0.07324234  -0.00000000    -0.00584600   0.00135395    -0.00584600  -0.00135395
 -0.00584600   0.00135395    -0.00716678   0.00343502     0.00254447   0.00000000
 -0.00584600  -0.00135395     0.00254447   0.00000000    -0.00716678  -0.00343502
    2    4
 -0.01447244   0.01041712     0.00481244  -0.00481244     0.01128084   0.00261062
 -0.00908088   0.00908088    -0.01041713   0.01447244     0.00451534   0.00708577
  0.00708577   0.00451534     0.00261062   0.01128084    -0.00987579   0.00987579
    2    5
  0.00948500   0.00666818    -0.00089257  -0.01118749     0.01057571  -0.00123450
 -0.01675229  -0.00879748     0.00948500   0.00666818    -0.00444223   0.00257314
  0.00444223  -0.00257314    -0.01057571   0.00123450    -0.00037940   0.00977825
    2    6
 -0.01447244  -0.01041712     0.01128084  -0.00261062     0.00481244   0.00481244
  0.00708577  -0.00451534    -0.00987579  -0.00987579     0.00261062  -0.01128084
 -0.00908088  -0.00908088     0.00451534  -0.00708577    -0.01041713  -0.01447244
    2    7
  0.00948500  -0.00666818     0.01057571   0.00123450    -0.00089257   0.01118749
  0.00444223   0.00257314    -0.00037940  -0.00977825    -0.01057571  -0.00123450
 -0.01675229   0.00879748    -0.00444223  -0.00257314     0.00948500  -0.00666818
    3    1
 -0.00735840  -0.01776473    -0.03516147  -0.01651952     0.01318183  -0.03654398
 -0.05266768  -0.03184674    -0.07286103   0.05582455     0.00355531  -0.00170299
  0.01472259  -0.05976073    -0.00371818   0.00130979     0.09099444  -0.01204667
    3    2
  0.07324234   0.00000000    -0.00584600  -0.00135395    -0.00584600   0.00135395
 -0.00584600  -0.00135395    -0.00716678  -0.00343502     0.00254447  -0.00000000
 -0.00584600   0.00135395     0.00254447  -0.00000000    -0.00716678   0.00343502
    3    3
  0.17114026  -0.00000000     0.00029174   0.00020988     0.00029174  -0.00020988
  0.00029174  -0.00020988     0.13852315  -0.00000000    -0.00118872  -0.00089578
  0.00029174   0.00020988    -0.00118872   0.00089578     0.13852315  -0.00000000
    3    4
  0.00948500  -0.00666818    -0.00089257   0.01118749     0.01057571   0.00123450
 -0.01675229   0.00879748     0.00948500  -0.00666818    -0.00444223  -0.00257314
  0.00444223   0.00257314    -0.01057571  -0.00123450    -0.00037940  -0.00977825
    3    5
 -0.01447244  -0.01041712     0.00481244   0.00481244     0.01128084  -0.00261062
 -0.00908088  -0.00908088    -0.01041713  -0.01447244     0.00451534  -0.00708577
  0.00708577  -0.00451534     0.00261062  -0.01128084    -0.00987579  -0.00987579
    3    6
  0.00948500   0.00666818     0.01057571  -0.00123450    -0.00089257  -0.01118749
  0.00444223  -0.00257314    -0.00037940   0.00977825    -0.01057571   0.00123450
 -0.01675229  -0.00879748    -0.00444223   0.00257314     0.00948500   0.00666818
    3    7
 -0.01447244   0.01041712     0.01128084   0.00261062     0.00481244  -0.00481244
  0.00708577   0.00451534    -0.00987579   0.00987579     0.00261062   0.01128084
 -0.00908088   0.00908088     0.00451534   0.00708577    -0.01041713   0.01447244
    4    1
 -0.07286106  -0.05582450    -0.05266766   0.03184677    -0.00355531  -0.00170299
 -0.03516146   0.01651954    -0.00735839   0.01776474    -0.01318185  -0.03654397
  0.00371818   0.00130979    -0.01472262  -0.05976072     0.09099444   0.01204662
    4    2
 -0.01447244  -0.01041713    -0.00908088  -0.00908089     0.00708577  -0.00451534
  0.00481244   0.00481244    -0.01041712  -0.01447244     0.00261062  -0.01128084
  0.01128084  -0.00261062     0.00451534  -0.00708577    -0.00987579  -0.00987579
    4    3
  0.00948500   0.00666818    -0.01675229  -0.00879748     0.00444223  -0.00257314
 -0.00089257  -0.01118749     0.00948500   0.00666818    -0.01057571   0.00123450
  0.01057571  -0.00123450    -0.00444223   0.00257314    -0.00037940   0.00977825
    4    4
  0.13852315   0.00000000     0.00029174   0.00020988     0.00118872  -0.00089578
  0.00029174  -0.00020988     0.17114026   0.00000000    -0.00029174  -0.00020988
  0.00118872   0.00089578    -0.00029174   0.00020988     0.13852315   0.00000000
    4    5
 -0.00343502  -0.00716678    -0.00135395  -0.00584600     0.00000000  -0.00254447
 -0.00135395  -0.00584600    -0.00000001   0.07324234    -0.00135395   0.00584600
  0.00000000  -0.00254447    -0.00135395   0.00584600     0.00343502  -0.00716678
    4    6
 -0.00718254  -0.00664599     0.00496062  -0.00132164     0.00835108  -0.00660523
  0.00835108  -0.00660523     0.00199180  -0.01142202    -0.00727960  -0.00854189
  0.00496062  -0.00132164     0.00562490  -0.01806641     0.00199180  -0.01142202
    4    7
  0.01396647   0.00000000    -0.00181757   0.00820322    -0.00613077  -0.00982275
 -0.00613077   0.00982275     0.01759958  -0.00286754     0.00680581   0.00000000
 -0.00181757  -0.00820322    -0.01284231   0.00000000     0.01759958   0.00286754
    5    1
  0.01204661  -0.09099444     0.05976072  -0.01472263     0.00130979  -0.00371818
  0.03654397  -0.01318185     0.01776474   0.00735839    -0.01651954  -0.03516146
 -0.00170299   0.00355531    -0.03184678  -0.05266766    -0.05582450   0.07286107
    5    2
  0.00948500  -0.00666818    -0.01675229   0.00879748     0.00444223   0.00257314
 -0.00089257   0.01118749     0.00948500  -0.00666818    -0.01057571  -0.00123450
  0.01057571   0.00123450    -0.00444223  -0.00257314    -0.00037940  -0.00977825
    5    3
 -0.01447244   0.01041713    -0.00908088   0.00908089     0.00708577   0.00451534
  0.00481244  -0.00481244    -0.01041712   0.01447244     0.00261062   0.01128084
  0.01128084   0.00261062     0.00451534   0.00708577    -0.00987579   0.00987579
    5    4
 -0.00343502   0.00716678    -0.00135395   0.00584600     0.00000000   0.00254447
 -0.00135395   0.00584600    -0.00000001  -0.07324234    -0.00135395  -0.00584600
  0.00000000   0.00254447    -0.00135395  -0.00584600     0.00343502   0.00716678
    5    5
  0.13852315   0.00000000     0.00029174  -0.00020988     0.00118872   0.00089578
  0.00029174   0.00020988     0.17114026   0.00000000    -0.00029174   0.00020988
  0.00118872  -0.00089578    -0.00029174  -0.00020988     0.13852315   0.00000000
    5    6
  0.01396647  -0.00000000    -0.00181757  -0.00820322    -0.00613077   0.00982275
 -0.00613077  -0.00982275     0.01759958   0.00286754     0.00680581  -0.00000000
 -0.00181757   0.00820322    -0.01284231  -0.00000000     0.01759958  -0.00286754
    5    7
 -0.00718254   0.00664599     0.00496062   0.00132164     0.00835108   0.00660523
  0.00835108   0.00660523     0.00199180   0.01142202    -0.00727960   0.00854189
  0.00496062   0.00132164     0.00562490   0.01806641     0.00199180   0.01142202
    6    1
  0.01204661  -0.09099444     0.00130979  -0.00371818     0.05976072  -0.01472263
 -0.00170299   0.00355531    -0.05582450   0.07286107    -0.03184678  -0.05266766
  0.03654397  -0.01318185    -0.01651954  -0.03516146     0.01776474   0.00735839
    6    2
 -0.01447244   0.01041713     0.00708577   0.00451534    -0.00908088   0.00908089
  0.01128084   0.00261062    -0.00987579   0.00987579     0.00451534   0.00708577
  0.00481244  -0.00481244     0.00261062   0.01128084    -0.01041712   0.01447244
    6    3
  0.00948500  -0.00666818     0.00444223   0.00257314    -0.01675229   0.00879748
  0.01057571   0.00123450    -0.00037940  -0.00977825    -0.00444223  -0.00257314
 -0.00089257   0.01118749    -0.01057571  -0.00123450     0.00948500  -0.00666818
    6    4
 -0.00718254   0.00664599     0.00835108   0.00660523     0.00496062   0.00132164
  0.00496062   0.00132164     0.00199180   0.01142202     0.00562490   0.01806641
  0.00835108   0.00660523    -0.00727960   0.00854189     0.00199180   0.01142202
    6    5
  0.01396647  -0.00000000    -0.00613077   0.00982275    -0.00181757  -0.00820322
 -0.00181757   0.00820322     0.01759958  -0.00286754    -0.01284231  -0.00000000
 -0.00613077  -0.00982275     0.00680581  -0.00000000     0.01759958   0.00286754
    6    6
  0.13852315  -0.00000000     0.00118872   0.00089578     0.00029174  -0.00020988
  0.00118872  -0.00089578     0.13852315  -0.00000000    -0.00029174  -0.00020988
  0.00029174   0.00020988    -0.00029174   0.00020988     0.17114026   0.00000000
    6    7
 -0.00343502   0.00716678     0.00000000   0.00254447    -0.00135395   0.00584600
  0.00000000   0.00254447     0.00343502   0.00716678    -0.00135395  -0.00584600
 -0.00135395   0.00584600    -0.00135395  -0.00584600    -0.00000001  -0.07324234
    7    1
 -0.07286106  -0.05582450    -0.00355531  -0.00170299    -0.05266766   0.03184677
  0.00371818   0.00130979     0.09099444   0.01204662    -0.01472262  -0.05976072
 -0.03516146   0.01651954    -0.01318185  -0.03654397    -0.00735839   0.01776474
    7    2
  0.00948500   0.00666818     0.00444223  -0.00257314    -0.01675229  -0.00879748
  0.01057571  -0.00123450    -0.00037940   0.00977825    -0.00444223   0.00257314
 -0.00089257  -0.01118749    -0.01057571   0.00123450     0.00948500   0.00666818
    7    3
 -0.01447244  -0.01041713     0.00708577  -0.00451534    -0.00908088  -0.00908089
  0.01128084  -0.00261062    -0.00987579  -0.00987579     0.00451534  -0.00708577
  0.00481244   0.00481244     0.00261062  -0.01128084    -0.01041712  -0.01447244
    7    4
  0.01396647   0.00000000    -0.00613077  -0.00982275    -0.00181757   0.00820322
 -0.00181757  -0.00820322     0.01759958   0.00286754    -0.01284231   0.00000000
 -0.00613077   0.00982275     0.00680581   0.00000000     0.01759958  -0.00286754
    7    5
 -0.00718254  -0.00664599     0.00835108  -0.00660523     0.00496062  -0.00132164
  0.00496062  -0.00132164     0.00199180  -0.01142202     0.00562490  -0.01806641
  0.00835108  -0.00660523    -0.00727960  -0.00854189     0.00199180  -0.01142202
    7    6
 -0.00343502  -0.00716678     0.00000000  -0.00254447    -0.00135395  -0.00584600
  0.00000000  -0.00254447     0.00343502  -0.00716678    -0.00135395   0.00584600
 -0.00135395  -0.00584600    -0.00135395   0.00584600    -0.00000001   0.07324234
    7    7
  0.13852315  -0.00000000     0.00118872  -0.00089578     0.00029174   0.00020988
  0.00118872   0.00089578     0.13852315   0.00000000    -0.00029174   0.00020988
  0.00029174  -0.00020988    -0.00029174  -0.00020988     0.17114026   0.00000000

     Dynamical  Matrix in cartesian axes

     q = (   -0.216506400   0.649519100  -0.216506400 ) 

    1    1
  0.75121025   0.00000000    -0.06541373   0.00000000    -0.06541373   0.00000000
 -0.06541373   0.00000000     0.75121025   0.00000000    -0.06541373   0.00000000
 -0.06541373   0.00000000    -0.06541373   0.00000000     0.75121025   0.00000000
    1    2
  0.01776474  -0.00735839    -0.05976072  -0.01472263    -0.03184678   0.05266766
 -0.03654397  -0.01318185     0.01204661   0.09099444     0.00170299   0.00355531
 -0.01651954   0.03516146    -0.00130979  -0.00371818    -0.05582450  -0.07286107
    1    3
  0.01776473  -0.00735840    -0.03184675   0.05266767    -0.05976073  -0.01472260
 -0.01651953   0.03516146    -0.05582453  -0.07286104    -0.00130979  -0.00371818
 -0.03654398  -0.01318183     0.00170299   0.00355531     0.01204665   0.09099444
    1    4
 -0.05582451  -0.07286105    -0.01651953   0.03516146    -0.00130979  -0.00371818
 -0.03184677   0.05266766     0.01776474  -0.00735839    -0.05976072  -0.01472262
  0.00170299   0.00355531    -0.03654398  -0.01318184     0.01204663   0.09099444
    1    5
  0.01204663   0.09099444    -0.03654398  -0.01318184     0.00170299   0.00355531
 -0.05976072  -0.01472262     0.01776474  -0.00735839    -0.03184677   0.05266766
 -0.00130979  -0.00371818    -0.01651953   0.03516146    -0.05582451  -0.07286105
    1    6
  0.01204665   0.09099444     0.00170299   0.00355531    -0.03654398  -0.01318183
 -0.00130979  -0.00371818    -0.05582453  -0.07286104    -0.01651953   0.03516146
 -0.05976073  -0.01472260    -0.03184675   0.05266767     0.01776473  -0.00735840
    1    7
 -0.05582450  -0.07286107    -0.00130979  -0.00371818    -0.01651954   0.03516146
  0.00170299   0.00355531     0.01204661   0.09099444    -0.03654397  -0.01318185
 -0.03184678   0.05266766    -0.05976072  -0.01472263     0.01776474  -0.00735839
    2    1
  0.01776474   0.00735839    -0.03654397   0.01318185    -0.01651954  -0.03516146
 -0.05976072   0.01472263     0.01204661  -0.09099444    -0.00130979   0.00371818
 -0.03184678  -0.05266766     0.00170299  -0.00355531    -0.05582450   0.07286107
    2    2
  0.17114026  -0.00000000    -0.00029174  -0.00020988    -0.00029174   0.00020988
 -0.00029174   0.00020988     0.13852315   0.00000000    -0.00118872  -0.00089578
 -0.00029174  -0.00020988    -0.00118872   0.00089578     0.13852315  -0.00000000
    2    3
  0.07324234  -0.00000003     0.00584600   0.00135395     0.00584600  -0.00135396
  0.00584600   0.00135395    -0.00716678  -0.00343502     0.00254447  -0.00000000
  0.00584600  -0.00135396     0.00254447  -0.00000000    -0.00716678   0.00343502
    2    4
 -0.01142203  -0.00199179    -0.00854189   0.00727961     0.00660523   0.00835108
 -0.01806641  -0.00562490    -0.01142203  -0.00199179     0.00132164   0.00496062
  0.00132164   0.00496062     0.00660523   0.00835108    -0.00664599   0.00718254
    2    5
  0.01759958  -0.00286755     0.00680581   0.00000000     0.00613076  -0.00982275
 -0.01284231   0.00000001     0.01759958   0.00286754     0.00181757   0.00820322
  0.00181757  -0.00820322     0.00613077   0.00982274     0.01396647  -0.00000000
    2    6
 -0.01142202   0.00199180     0.00660522  -0.00835108    -0.00854190  -0.00727960
  0.00132164  -0.00496062    -0.00664600  -0.00718254     0.00660522  -0.00835108
 -0.01806641   0.00562491     0.00132164  -0.00496062    -0.01142202   0.00199180
    2    7
  0.01759958   0.00286754     0.00613077   0.00982275     0.00680581  -0.00000000
  0.00181757   0.00820322     0.01396647  -0.00000000     0.00613077  -0.00982275
 -0.01284231  -0.00000000     0.00181757  -0.00820322     0.01759958  -0.00286754
    3    1
  0.01776473   0.00735840    -0.01651953  -0.03516146    -0.03654398   0.01318183
 -0.03184675  -0.05266767    -0.05582453   0.07286104     0.00170299  -0.00355531
 -0.05976073   0.01472260    -0.00130979   0.00371818     0.01204665  -0.09099444
    3    2
  0.07324234   0.00000003     0.00584600  -0.00135395     0.00584600   0.00135396
  0.00584600  -0.00135395    -0.00716678   0.00343502     0.00254447   0.00000000
  0.00584600   0.00135396     0.00254447   0.00000000    -0.00716678  -0.00343502
    3    3
  0.17114026   0.00000000    -0.00029174   0.00020988    -0.00029174  -0.00020988
 -0.00029174  -0.00020988     0.13852315   0.00000000    -0.00118872   0.00089578
 -0.00029174   0.00020988    -0.00118872  -0.00089578     0.13852315  -0.00000000
    3    4
  0.01759958   0.00286755     0.00680581  -0.00000000     0.00613076   0.00982275
 -0.01284231  -0.00000001     0.01759958  -0.00286754     0.00181757  -0.00820322
  0.00181757   0.00820322     0.00613077  -0.00982274     0.01396647   0.00000000
    3    5
 -0.01142203   0.00199179    -0.00854189  -0.00727961     0.00660523  -0.00835108
 -0.01806641   0.00562490    -0.01142203   0.00199179     0.00132164  -0.00496062
  0.00132164  -0.00496062     0.00660523  -0.00835108    -0.00664599  -0.00718254
    3    6
  0.01759958  -0.00286754     0.00613077  -0.00982275     0.00680581   0.00000000
  0.00181757  -0.00820322     0.01396647   0.00000000     0.00613077   0.00982275
 -0.01284231   0.00000000     0.00181757   0.00820322     0.01759958   0.00286754
    3    7
 -0.01142202  -0.00199180     0.00660522   0.00835108    -0.00854190   0.00727960
  0.00132164   0.00496062    -0.00664600   0.00718254     0.00660522   0.00835108
 -0.01806641  -0.00562491     0.00132164   0.00496062    -0.01142202  -0.00199180
    4    1
 -0.05582451   0.07286105    -0.03184677  -0.05266766     0.00170299  -0.00355531
 -0.01651953  -0.03516146     0.01776474   0.00735839    -0.03654398   0.01318184
 -0.00130979   0.00371818    -0.05976072   0.01472262     0.01204663  -0.09099444
    4    2
 -0.01142203   0.00199179    -0.01806641   0.00562490     0.00132164  -0.00496062
 -0.00854189  -0.00727961    -0.01142203   0.00199179     0.00660523  -0.00835108
  0.00660523  -0.00835108     0.00132164  -0.00496062    -0.00664599  -0.00718254
    4    3
  0.01759958  -0.00286754    -0.01284231   0.00000000     0.00181757  -0.00820322
  0.00680581  -0.00000000     0.01759958   0.00286754     0.00613077   0.00982275
  0.00613077  -0.00982275     0.00181757   0.00820322     0.01396647  -0.00000000
    4    4
  0.13852315  -0.00000000    -0.00029174  -0.00020988    -0.00118872   0.00089578
 -0.00029174   0.00020988     0.17114026   0.00000000    -0.00029174  -0.00020988
 -0.00118872  -0.00089578    -0.00029174   0.00020988     0.13852315   0.00000000
    4    5
 -0.00716678   0.00343502     0.00584600  -0.00135395     0.00254447   0.00000000
  0.00584600  -0.00135395     0.07324234  -0.00000000     0.00584600   0.00135395
  0.00254447   0.00000000     0.00584600   0.00135395    -0.00716678  -0.00343502
    4    6
 -0.00664599   0.00718254     0.00132164   0.00496062     0.00660523   0.00835108
  0.00660523   0.00835108    -0.01142203  -0.00199179    -0.00854189   0.00727961
  0.00132164   0.00496062    -0.01806641  -0.00562490    -0.01142203  -0.00199179
    4    7
  0.01396647   0.00000000     0.00181757  -0.00820322     0.00613077   0.00982275
  0.00613077  -0.00982275     0.01759958  -0.00286754     0.00680581   0.00000000
  0.00181757   0.00820322    -0.01284231  -0.00000000     0.01759958   0.00286754
    5    1
  0.01204663  -0.09099444    -0.05976072   0.01472262    -0.00130979   0.00371818
 -0.03654398   0.01318184     0.01776474   0.00735839    -0.01651953  -0.03516146
  0.00170299  -0.00355531    -0.03184677  -0.05266766    -0.05582451   0.07286105
    5    2
  0.01759958   0.00286754    -0.01284231  -0.00000000     0.00181757   0.00820322
  0.00680581   0.00000000     0.01759958  -0.00286754     0.00613077  -0.00982275
  0.00613077   0.00982275     0.00181757  -0.00820322     0.01396647   0.00000000
    5    3
 -0.01142203  -0.00199179    -0.01806641  -0.00562490     0.00132164   0.00496062
 -0.00854189   0.00727961    -0.01142203  -0.00199179     0.00660523   0.00835108
  0.00660523   0.00835108     0.00132164   0.00496062    -0.00664599   0.00718254
    5    4
 -0.00716678  -0.00343502     0.00584600   0.00135395     0.00254447   0.00000000
  0.00584600   0.00135395     0.07324234   0.00000000     0.00584600  -0.00135395
  0.00254447   0.00000000     0.00584600  -0.00135395    -0.00716678   0.00343502
    5    5
  0.13852315  -0.00000000    -0.00029174   0.00020988    -0.00118872  -0.00089578
 -0.00029174  -0.00020988     0.17114026  -0.00000000    -0.00029174   0.00020988
 -0.00118872   0.00089578    -0.00029174  -0.00020988     0.13852315  -0.00000000
    5    6
  0.01396647  -0.00000000     0.00181757   0.00820322     0.00613077  -0.00982275
  0.00613077   0.00982275     0.01759958   0.00286754     0.00680581  -0.00000000
  0.00181757  -0.00820322    -0.01284231   0.00000000     0.01759958  -0.00286754
    5    7
 -0.00664599  -0.00718254     0.00132164  -0.00496062     0.00660523  -0.00835108
  0.00660523  -0.00835108    -0.01142203   0.00199179    -0.00854189  -0.00727961
  0.00132164  -0.00496062    -0.01806641   0.00562490    -0.01142203   0.00199179
    6    1
  0.01204665  -0.09099444    -0.00130979   0.00371818    -0.05976073   0.01472260
  0.00170299  -0.00355531    -0.05582453   0.07286104    -0.03184675  -0.05266767
 -0.03654398   0.01318183    -0.01651953  -0.03516146     0.01776473   0.00735840
    6    2
 -0.01142202  -0.00199180     0.00132164   0.00496062    -0.01806641  -0.00562491
  0.00660522   0.00835108    -0.00664600   0.00718254     0.00132164   0.00496062
 -0.00854190   0.00727960     0.00660522   0.00835108    -0.01142202  -0.00199180
    6    3
  0.01759958   0.00286754     0.00181757   0.00820322    -0.01284231   0.00000000
  0.00613077   0.00982275     0.01396647   0.00000000     0.00181757  -0.00820322
  0.00680581   0.00000000     0.00613077  -0.00982275     0.01759958  -0.00286754
    6    4
 -0.00664599  -0.00718254     0.00660523  -0.00835108     0.00132164  -0.00496062
  0.00132164  -0.00496062    -0.01142203   0.00199179    -0.01806641   0.00562490
  0.00660523  -0.00835108    -0.00854189  -0.00727961    -0.01142203   0.00199179
    6    5
  0.01396647   0.00000000     0.00613077  -0.00982274     0.00181757   0.00820322
  0.00181757  -0.00820322     0.01759958  -0.00286754    -0.01284231  -0.00000001
  0.00613076   0.00982275     0.00680581  -0.00000000     0.01759958   0.00286755
    6    6
  0.13852315   0.00000000    -0.00118872  -0.00089578    -0.00029174   0.00020988
 -0.00118872   0.00089578     0.13852315  -0.00000000    -0.00029174  -0.00020988
 -0.00029174  -0.00020988    -0.00029174   0.00020988     0.17114026   0.00000000
    6    7
 -0.00716678  -0.00343502     0.00254447   0.00000000     0.00584600   0.00135396
  0.00254447   0.00000000    -0.00716678   0.00343502     0.00584600  -0.00135395
  0.00584600   0.00135396     0.00584600  -0.00135395     0.07324234   0.00000003
    7    1
 -0.05582450   0.07286107     0.00170299  -0.00355531    -0.03184678  -0.05266766
 -0.00130979   0.00371818     0.01204661  -0.09099444    -0.05976072   0.01472263
 -0.01651954  -0.03516146    -0.03654397   0.01318185     0.01776474   0.00735839
    7    2
  0.01759958  -0.00286754     0.00181757  -0.00820322    -0.01284231  -0.00000000
  0.00613077  -0.00982275     0.01396647  -0.00000000     0.00181757   0.00820322
  0.00680581  -0.00000000     0.00613077   0.00982275     0.01759958   0.00286754
    7    3
 -0.01142202   0.00199180     0.00132164  -0.00496062    -0.01806641   0.00562491
  0.00660522  -0.00835108    -0.00664600  -0.00718254     0.00132164  -0.00496062
 -0.00854190  -0.00727960     0.00660522  -0.00835108    -0.01142202   0.00199180
    7    4
  0.01396647  -0.00000000     0.00613077   0.00982274     0.00181757  -0.00820322
  0.00181757   0.00820322     0.01759958   0.00286754    -0.01284231   0.00000001
  0.00613076  -0.00982275     0.00680581   0.00000000     0.01759958  -0.00286755
    7    5
 -0.00664599   0.00718254     0.00660523   0.00835108     0.00132164   0.00496062
  0.00132164   0.00496062    -0.01142203  -0.00199179    -0.01806641  -0.00562490
  0.00660523   0.00835108    -0.00854189   0.00727961    -0.01142203  -0.00199179
    7    6
 -0.00716678   0.00343502     0.00254447  -0.00000000     0.00584600  -0.00135396
  0.00254447  -0.00000000    -0.00716678  -0.00343502     0.00584600   0.00135395
  0.00584600  -0.00135396     0.00584600   0.00135395     0.07324234  -0.00000003
    7    7
  0.13852315   0.00000000    -0.00118872   0.00089578    -0.00029174  -0.00020988
 -0.00118872  -0.00089578     0.13852315  -0.00000000    -0.00029174   0.00020988
 -0.00029174   0.00020988    -0.00029174  -0.00020988     0.17114026   0.00000000

     Dynamical  Matrix in cartesian axes

     q = (    0.216506400  -0.649519100  -0.216506400 ) 

    1    1
  0.75121025   0.00000000    -0.06541373   0.00000000     0.06541373   0.00000000
 -0.06541373   0.00000000     0.75121025   0.00000000     0.06541373   0.00000000
  0.06541373   0.00000000     0.06541373   0.00000000     0.75121025   0.00000000
    1    2
 -0.00735840   0.01776473    -0.01472260  -0.05976073    -0.05266767   0.03184675
 -0.01318183  -0.03654398     0.09099444   0.01204665    -0.00355531  -0.00170299
 -0.03516146   0.01651953     0.00371818   0.00130979    -0.07286104  -0.05582453
    1    3
  0.01776473   0.00735840    -0.03184675  -0.05266767     0.05976073  -0.01472259
 -0.01651952  -0.03516146    -0.05582454   0.07286104     0.00130979  -0.00371818
  0.03654398  -0.01318183    -0.00170299   0.00355531     0.01204666  -0.09099444
    1    4
 -0.05582452   0.07286105    -0.01651953  -0.03516146     0.00130979  -0.00371818
 -0.03184676  -0.05266767     0.01776473   0.00735839     0.05976072  -0.01472261
 -0.00170299   0.00355531     0.03654398  -0.01318184     0.01204664  -0.09099444
    1    5
  0.09099444   0.01204667    -0.01318183  -0.03654398    -0.00355531  -0.00170299
 -0.01472259  -0.05976073    -0.00735840   0.01776473    -0.05266768   0.03184674
  0.00371818   0.00130979    -0.03516147   0.01651952    -0.07286103  -0.05582455
    1    6
  0.09099444  -0.01204662     0.00355531  -0.00170299     0.01318185  -0.03654397
 -0.00371818   0.00130979    -0.07286106   0.05582450    -0.03516146  -0.01651954
  0.01472262  -0.05976072    -0.05266766  -0.03184677    -0.00735839  -0.01776474
    1    7
 -0.07286105   0.05582452    -0.00371818   0.00130979    -0.03516146  -0.01651953
  0.00355531  -0.00170299     0.09099444  -0.01204664     0.01318184  -0.03654398
 -0.05266767  -0.03184676     0.01472261  -0.05976072    -0.00735839  -0.01776473
    2    1
 -0.00735840  -0.01776473    -0.01318183   0.03654398    -0.03516146  -0.01651953
 -0.01472260   0.05976073     0.09099444  -0.01204665     0.00371818  -0.00130979
 -0.05266767  -0.03184675    -0.00355531   0.00170299    -0.07286104   0.05582453
    2    2
  0.17114026   0.00000000    -0.00029174   0.00020988     0.00029174   0.00020988
 -0.00029174  -0.00020988     0.13852315  -0.00000000     0.00118872  -0.00089578
  0.00029174  -0.00020988     0.00118872   0.00089578     0.13852315   0.00000000
    2    3
  0.00000001  -0.07324234    -0.00135395  -0.00584600    -0.00135395   0.00584600
 -0.00135395  -0.00584600     0.00343502   0.00716678    -0.00000000   0.00254447
 -0.00135395   0.00584600    -0.00000000   0.00254447    -0.00343502   0.00716678
    2    4
  0.00199180   0.01142202    -0.00727960   0.00854189     0.00835108   0.00660523
  0.00562490   0.01806641     0.00199180   0.01142202     0.00496062   0.00132164
  0.00496062   0.00132164     0.00835108   0.00660523    -0.00718254   0.00664599
    2    5
  0.01759958   0.00286755     0.00680581  -0.00000000    -0.00613076  -0.00982275
 -0.01284231  -0.00000001     0.01759958  -0.00286754    -0.00181757   0.00820322
 -0.00181757  -0.00820322    -0.00613077   0.00982274     0.01396647   0.00000000
    2    6
 -0.01041713   0.01447244     0.00261062   0.01128084     0.00481244  -0.00481243
  0.00451534   0.00708577    -0.00987579   0.00987579     0.01128084   0.00261062
 -0.00908088   0.00908088     0.00708577   0.00451534    -0.01447244   0.01041712
    2    7
  0.00948500  -0.00666818    -0.01057571  -0.00123450    -0.00089257   0.01118749
 -0.00444223  -0.00257314    -0.00037940  -0.00977825     0.01057571   0.00123450
 -0.01675229   0.00879748     0.00444223   0.00257314     0.00948500  -0.00666818
    3    1
  0.01776473  -0.00735840    -0.01651952   0.03516146     0.03654398   0.01318183
 -0.03184675   0.05266767    -0.05582454  -0.07286104    -0.00170299  -0.00355531
  0.05976073   0.01472259     0.00130979   0.00371818     0.01204666   0.09099444
    3    2
  0.00000001   0.07324234    -0.00135395   0.00584600    -0.00135395  -0.00584600
 -0.00135395   0.00584600     0.00343502  -0.00716678    -0.00000000  -0.00254447
 -0.00135395  -0.00584600    -0.00000000  -0.00254447    -0.00343502  -0.00716678
    3    3
  0.17114026   0.00000000    -0.00029174  -0.00020988     0.00029174  -0.00020988
 -0.00029174   0.00020988     0.13852315   0.00000000     0.00118872   0.00089578
  0.00029174   0.00020988     0.00118872  -0.00089578     0.13852315  -0.00000000
    3    4
  0.01759958  -0.00286755     0.00680581   0.00000000    -0.00613076   0.00982275
 -0.01284231   0.00000001     0.01759958   0.00286754    -0.00181757  -0.00820322
 -0.00181757   0.00820322    -0.00613077  -0.00982274     0.01396647  -0.00000000
    3    5
  0.00199180  -0.01142202    -0.00727960  -0.00854189     0.00835108  -0.00660523
  0.00562490  -0.01806641     0.00199180  -0.01142202     0.00496062  -0.00132164
  0.00496062  -0.00132164     0.00835108  -0.00660523    -0.00718254  -0.00664599
    3    6
  0.00948500   0.00666818    -0.01057571   0.00123450    -0.00089257  -0.01118749
 -0.00444223   0.00257314    -0.00037940   0.00977825     0.01057571  -0.00123450
 -0.01675229  -0.00879748     0.00444223  -0.00257314     0.00948500   0.00666818
    3    7
 -0.01041713  -0.01447244     0.00261062  -0.01128084     0.00481244   0.00481243
  0.00451534  -0.00708577    -0.00987579  -0.00987579     0.01128084  -0.00261062
 -0.00908088  -0.00908088     0.00708577  -0.00451534    -0.01447244  -0.01041712
    4    1
 -0.05582452  -0.07286105    -0.03184676   0.05266767    -0.00170299  -0.00355531
 -0.01651953   0.03516146     0.01776473  -0.00735839     0.03654398   0.01318184
  0.00130979   0.00371818     0.05976072   0.01472261     0.01204664   0.09099444
    4    2
  0.00199180  -0.01142202     0.00562490  -0.01806641     0.00496062  -0.00132164
 -0.00727960  -0.00854189     0.00199180  -0.01142202     0.00835108  -0.00660523
  0.00835108  -0.00660523     0.00496062  -0.00132164    -0.00718254  -0.00664599
    4    3
  0.01759958   0.00286754    -0.01284231  -0.00000000    -0.00181757  -0.00820322
  0.00680581   0.00000000     0.01759958  -0.00286754    -0.00613077   0.00982275
 -0.00613077  -0.00982275    -0.00181757   0.00820322     0.01396647   0.00000000
    4    4
  0.13852315   0.00000000    -0.00029174   0.00020988     0.00118872   0.00089578
 -0.00029174  -0.00020988     0.17114026   0.00000000     0.00029174  -0.00020988
  0.00118872  -0.00089578     0.00029174   0.00020988     0.13852315  -0.00000000
    4    5
  0.00343502  -0.00716678    -0.00135396   0.00584600     0.00000000  -0.00254447
 -0.00135396   0.00584600    -0.00000003   0.07324234    -0.00135395  -0.00584600
  0.00000000  -0.00254447    -0.00135395  -0.00584600    -0.00343502  -0.00716678
    4    6
 -0.00987579  -0.00987579     0.00451534  -0.00708577     0.01128084  -0.00261062
  0.00261063  -0.01128084    -0.01041712  -0.01447245     0.00481244   0.00481244
  0.00708577  -0.00451534    -0.00908088  -0.00908089    -0.01447244  -0.01041713
    4    7
 -0.00037940   0.00977825    -0.00444223   0.00257314     0.01057571  -0.00123450
 -0.01057571   0.00123450     0.00948500   0.00666818    -0.00089257  -0.01118749
  0.00444223  -0.00257314    -0.01675229  -0.00879748     0.00948500   0.00666818
    5    1
  0.09099444  -0.01204667    -0.01472259   0.05976073     0.00371818  -0.00130979
 -0.01318183   0.03654398    -0.00735840  -0.01776473    -0.03516147  -0.01651952
 -0.00355531   0.00170299    -0.05266768  -0.03184674    -0.07286103   0.05582455
    5    2
  0.01759958  -0.00286754    -0.01284231   0.00000000    -0.00181757   0.00820322
  0.00680581  -0.00000000     0.01759958   0.00286754    -0.00613077  -0.00982275
 -0.00613077   0.00982275    -0.00181757  -0.00820322     0.01396647  -0.00000000
    5    3
  0.00199180   0.01142202     0.00562490   0.01806641     0.00496062   0.00132164
 -0.00727960   0.00854189     0.00199180   0.01142202     0.00835108   0.00660523
  0.00835108   0.00660523     0.00496062   0.00132164    -0.00718254   0.00664599
    5    4
  0.00343502   0.00716678    -0.00135396  -0.00584600     0.00000000   0.00254447
 -0.00135396  -0.00584600    -0.00000003  -0.07324234    -0.00135395   0.00584600
  0.00000000   0.00254447    -0.00135395   0.00584600    -0.00343502   0.00716678
    5    5
  0.13852315   0.00000000    -0.00029174  -0.00020988     0.00118872  -0.00089578
 -0.00029174   0.00020988     0.17114026   0.00000000     0.00029174   0.00020988
  0.00118872   0.00089578     0.00029174  -0.00020988     0.13852315   0.00000000
    5    6
 -0.00037940  -0.00977825    -0.00444223  -0.00257314     0.01057571   0.00123450
 -0.01057571  -0.00123450     0.00948500  -0.00666818    -0.00089257   0.01118749
  0.00444223   0.00257314    -0.01675229   0.00879748     0.00948500  -0.00666818
    5    7
 -0.00987579   0.00987579     0.00451534   0.00708577     0.01128084   0.00261062
  0.00261063   0.01128084    -0.01041712   0.01447245     0.00481244  -0.00481244
  0.00708577   0.00451534    -0.00908088   0.00908089    -0.01447244   0.01041713
    6    1
  0.09099444   0.01204662    -0.00371818  -0.00130979     0.01472262   0.05976072
  0.00355531   0.00170299    -0.07286106  -0.05582450    -0.05266766   0.03184677
  0.01318185   0.03654397    -0.03516146   0.01651954    -0.00735839   0.01776474
    6    2
 -0.01041713  -0.01447244     0.00451534  -0.00708577    -0.00908089  -0.00908088
  0.00261062  -0.01128084    -0.00987579  -0.00987579     0.00708577  -0.00451534
  0.00481244   0.00481244     0.01128084  -0.00261063    -0.01447244  -0.01041712
    6    3
  0.00948500  -0.00666818    -0.00444223  -0.00257314    -0.01675229   0.00879748
 -0.01057571  -0.00123450    -0.00037940  -0.00977825     0.00444223   0.00257314
 -0.00089257   0.01118749     0.01057571   0.00123450     0.00948500  -0.00666818
    6    4
 -0.00987579   0.00987579     0.00261063   0.01128084     0.00708577   0.00451533
  0.00451534   0.00708577    -0.01041712   0.01447244    -0.00908088   0.00908088
  0.01128084   0.00261062     0.00481243  -0.00481244    -0.01447244   0.01041713
    6    5
 -0.00037940   0.00977825    -0.01057571   0.00123450     0.00444223  -0.00257314
 -0.00444223   0.00257314     0.00948500   0.00666818    -0.01675229  -0.00879748
  0.01057571  -0.00123450    -0.00089257  -0.01118749     0.00948500   0.00666818
    6    6
  0.13852315   0.00000000    -0.00118872  -0.00089578     0.00029174  -0.00020988
 -0.00118872   0.00089578     0.13852315  -0.00000000     0.00029174   0.00020988
  0.00029174   0.00020988     0.00029174  -0.00020988     0.17114026   0.00000000
    6    7
 -0.00716678  -0.00343502     0.00254447  -0.00000000    -0.00584600  -0.00135395
  0.00254447  -0.00000000    -0.00716678   0.00343502    -0.00584600   0.00135396
 -0.00584600  -0.00135395    -0.00584600   0.00135396     0.07324234  -0.00000002
    7    1
 -0.07286105  -0.05582452     0.00355531   0.00170299    -0.05266767   0.03184676
 -0.00371818  -0.00130979     0.09099444   0.01204664     0.01472261   0.05976072
 -0.03516146   0.01651953     0.01318184   0.03654398    -0.00735839   0.01776473
    7    2
  0.00948500   0.00666818    -0.00444223   0.00257314    -0.01675229  -0.00879748
 -0.01057571   0.00123450    -0.00037940   0.00977825     0.00444223  -0.00257314
 -0.00089257  -0.01118749     0.01057571  -0.00123450     0.00948500   0.00666818
    7    3
 -0.01041713   0.01447244     0.00451534   0.00708577    -0.00908089   0.00908088
  0.00261062   0.01128084    -0.00987579   0.00987579     0.00708577   0.00451534
  0.00481244  -0.00481244     0.01128084   0.00261063    -0.01447244   0.01041712
    7    4
 -0.00037940  -0.00977825    -0.01057571  -0.00123450     0.00444223   0.00257314
 -0.00444223  -0.00257314     0.00948500  -0.00666818    -0.01675229   0.00879748
  0.01057571   0.00123450    -0.00089257   0.01118749     0.00948500  -0.00666818
    7    5
 -0.00987579  -0.00987579     0.00261063  -0.01128084     0.00708577  -0.00451533
  0.00451534  -0.00708577    -0.01041712  -0.01447244    -0.00908088  -0.00908088
  0.01128084  -0.00261062     0.00481243   0.00481244    -0.01447244  -0.01041713
    7    6
 -0.00716678   0.00343502     0.00254447   0.00000000    -0.00584600   0.00135395
  0.00254447   0.00000000    -0.00716678  -0.00343502    -0.00584600  -0.00135396
 -0.00584600   0.00135395    -0.00584600  -0.00135396     0.07324234   0.00000002
    7    7
  0.13852315   0.00000000    -0.00118872   0.00089578     0.00029174   0.00020988
 -0.00118872  -0.00089578     0.13852315   0.00000000     0.00029174  -0.00020988
  0.00029174  -0.00020988     0.00029174   0.00020988     0.17114026   0.00000000

     Dynamical  Matrix in cartesian axes

     q = (   -0.216506400   0.216506400  -0.649519100 ) 

    1    1
  0.75121025   0.00000000     0.06541373   0.00000000     0.06541373   0.00000000
  0.06541373   0.00000000     0.75121025   0.00000000    -0.06541373   0.00000000
  0.06541373   0.00000000    -0.06541373   0.00000000     0.75121025   0.00000000
    1    2
 -0.00735839  -0.01776474     0.01472262  -0.05976072    -0.05266766  -0.03184677
  0.01318185  -0.03654397     0.09099444  -0.01204662     0.00355531  -0.00170299
 -0.03516146  -0.01651954    -0.00371818   0.00130979    -0.07286106   0.05582450
    1    3
 -0.00735839  -0.01776473    -0.05266767  -0.03184676     0.01472261  -0.05976072
 -0.03516146  -0.01651953    -0.07286105   0.05582452    -0.00371818   0.00130979
  0.01318184  -0.03654398     0.00355531  -0.00170299     0.09099444  -0.01204664
    1    4
 -0.07286104  -0.05582453    -0.03516146   0.01651953     0.00371818   0.00130979
