Dynamical matrix file
Electron-phonon coefficients for Ca1H6                                     
  2    7   0   5.5613398   0.0000000   0.0000000   0.0000000   0.0000000   0.0000000
Basis vectors
     -0.577350269    0.577350269    0.577350269
      0.577350269   -0.577350269    0.577350269
      0.577350269    0.577350269   -0.577350269
           1  'Ca  '    36528.8623753087     
           2  'H   '    918.681110398939     
    1    1      0.0000000000      0.0000000000      0.0000000000
    2    2      0.2886751346      0.0000000000      0.5773502692
    3    2      0.2886751346      0.5773502692      0.0000000000
    4    2      0.5773502692      0.2886751346      0.0000000000
    5    2      0.0000000000      0.2886751346      0.5773502692
    6    2      0.0000000000      0.5773502692      0.2886751346
    7    2      0.5773502692      0.0000000000      0.2886751346

     Dynamical  Matrix in cartesian axes

     q = (    0.216506400   0.216506400   0.216506400 ) 

    1    1
  0.67039599   0.00000000     0.05895527   0.00000000     0.05895527   0.00000000
  0.05895527   0.00000000     0.67039599   0.00000000     0.05895527   0.00000000
  0.05895527   0.00000000     0.05895527   0.00000000     0.67039599   0.00000000
    1    2
 -0.01222719   0.02951907     0.05636527  -0.01487138    -0.02934064  -0.05037190
  0.03824411  -0.00326068    -0.00038897   0.07620295     0.00291540   0.00100551
 -0.02473704  -0.02934830    -0.00277250  -0.00135050    -0.05360855   0.05415869
    1    3
 -0.01222719   0.02951907    -0.02934064  -0.05037190     0.05636527  -0.01487138
 -0.02473704  -0.02934830    -0.05360855   0.05415869    -0.00277250  -0.00135050
  0.03824411  -0.00326068     0.00291540   0.00100551    -0.00038897   0.07620295
    1    4
 -0.05360855   0.05415869    -0.02473704  -0.02934830    -0.00277250  -0.00135050
 -0.02934064  -0.05037190    -0.01222719   0.02951907     0.05636527  -0.01487138
  0.00291540   0.00100551     0.03824411  -0.00326068    -0.00038897   0.07620295
    1    5
 -0.00038897   0.07620295     0.03824411  -0.00326068     0.00291540   0.00100551
  0.05636527  -0.01487138    -0.01222719   0.02951907    -0.02934064  -0.05037190
 -0.00277250  -0.00135050    -0.02473704  -0.02934830    -0.05360855   0.05415869
    1    6
 -0.00038897   0.07620295     0.00291540   0.00100551     0.03824411  -0.00326068
 -0.00277250  -0.00135050    -0.05360855   0.05415869    -0.02473704  -0.02934830
  0.05636527  -0.01487138    -0.02934064  -0.05037190    -0.01222719   0.02951907
    1    7
 -0.05360855   0.05415869    -0.00277250  -0.00135050    -0.02473704  -0.02934830
  0.00291540   0.00100551    -0.00038897   0.07620295     0.03824411  -0.00326068
 -0.02934064  -0.05037190     0.05636527  -0.01487138    -0.01222719   0.02951907
    2    1
 -0.01222719  -0.02951907     0.03824411   0.00326068    -0.02473704   0.02934830
  0.05636527   0.01487138    -0.00038897  -0.07620295    -0.00277250   0.00135050
 -0.02934064   0.05037190     0.00291540  -0.00100551    -0.05360855  -0.05415869
    2    2
  0.17409548   0.00000000    -0.00167303  -0.00103866    -0.00167303   0.00103866
 -0.00167303   0.00103866     0.14742452   0.00000000    -0.00078909  -0.00081983
 -0.00167303  -0.00103866    -0.00078909   0.00081983     0.14742452  -0.00000000
    2    3
 -0.07547205  -0.00000000    -0.00472043   0.00007831    -0.00472043  -0.00007831
 -0.00472043   0.00007831     0.01603769  -0.00099105     0.00324669   0.00000000
 -0.00472043  -0.00007831     0.00324669   0.00000000     0.01603769   0.00099105
    2    4
  0.00306574  -0.00508651    -0.00444103  -0.00964052     0.00408017  -0.00775047
  0.01691789  -0.00758184     0.00306574  -0.00508651     0.00776759  -0.00397585
  0.00776759  -0.00397585     0.00408017  -0.00775047    -0.01649754  -0.01434419
    2    5
  0.00651597   0.00800636     0.02717181   0.00000000    -0.00370213  -0.01007996
 -0.00832649  -0.00000000     0.00651597  -0.00800636     0.00026280   0.00399936
  0.00026280  -0.00399936    -0.00370213   0.01007996    -0.01491772  -0.00000000
    2    6
  0.00306574   0.00508651     0.00408017   0.00775047    -0.00444103   0.00964052
  0.00776759   0.00397585    -0.01649754   0.01434419     0.00408017   0.00775047
  0.01691789   0.00758184     0.00776759   0.00397585     0.00306574   0.00508651
    2    7
  0.00651597  -0.00800636    -0.00370213   0.01007996     0.02717181   0.00000000
  0.00026280   0.00399936    -0.01491772  -0.00000000    -0.00370213  -0.01007996
 -0.00832649  -0.00000000     0.00026280  -0.00399936     0.00651597   0.00800636
    3    1
 -0.01222719  -0.02951907    -0.02473704   0.02934830     0.03824411   0.00326068
 -0.02934064   0.05037190    -0.05360855  -0.05415869     0.00291540  -0.00100551
  0.05636527   0.01487138    -0.00277250   0.00135050    -0.00038897  -0.07620295
    3    2
 -0.07547205   0.00000000    -0.00472043  -0.00007831    -0.00472043   0.00007831
 -0.00472043  -0.00007831     0.01603769   0.00099105     0.00324669  -0.00000000
 -0.00472043   0.00007831     0.00324669  -0.00000000     0.01603769  -0.00099105
    3    3
  0.17409548  -0.00000000    -0.00167303   0.00103866    -0.00167303  -0.00103866
 -0.00167303  -0.00103866     0.14742452  -0.00000000    -0.00078909   0.00081983
 -0.00167303   0.00103866    -0.00078909  -0.00081983     0.14742452   0.00000000
    3    4
  0.00651597  -0.00800636     0.02717181  -0.00000000    -0.00370213   0.01007996
 -0.00832649   0.00000000     0.00651597   0.00800636     0.00026280  -0.00399936
  0.00026280   0.00399936    -0.00370213  -0.01007996    -0.01491772   0.00000000
    3    5
  0.00306574   0.00508651    -0.00444103   0.00964052     0.00408017   0.00775047
  0.01691789   0.00758184     0.00306574   0.00508651     0.00776759   0.00397585
  0.00776759   0.00397585     0.00408017   0.00775047    -0.01649754   0.01434419
    3    6
  0.00651597   0.00800636    -0.00370213  -0.01007996     0.02717181   0.00000000
  0.00026280  -0.00399936    -0.01491772  -0.00000000    -0.00370213   0.01007996
 -0.00832649   0.00000000     0.00026280   0.00399936     0.00651597  -0.00800636
    3    7
  0.00306574  -0.00508651     0.00408017  -0.00775047    -0.00444103  -0.00964052
  0.00776759  -0.00397585    -0.01649754  -0.01434419     0.00408017  -0.00775047
  0.01691789  -0.00758184     0.00776759  -0.00397585     0.00306574  -0.00508651
    4    1
 -0.05360855  -0.05415869    -0.02934064   0.05037190     0.00291540  -0.00100551
 -0.02473704   0.02934830    -0.01222719  -0.02951907     0.03824411   0.00326068
 -0.00277250   0.00135050     0.05636527   0.01487138    -0.00038897  -0.07620295
    4    2
  0.00306574   0.00508651     0.01691789   0.00758184     0.00776759   0.00397585
 -0.00444103   0.00964052     0.00306574   0.00508651     0.00408017   0.00775047
  0.00408017   0.00775047     0.00776759   0.00397585    -0.01649754   0.01434419
    4    3
  0.00651597   0.00800636    -0.00832649   0.00000000     0.00026280  -0.00399936
  0.02717181   0.00000000     0.00651597  -0.00800636    -0.00370213   0.01007996
 -0.00370213  -0.01007996     0.00026280   0.00399936    -0.01491772  -0.00000000
    4    4
  0.14742452  -0.00000000    -0.00167303  -0.00103866    -0.00078909   0.00081983
 -0.00167303   0.00103866     0.17409548   0.00000000    -0.00167303  -0.00103866
 -0.00078909  -0.00081983    -0.00167303   0.00103866     0.14742452   0.00000000
    4    5
  0.01603769   0.00099105    -0.00472043  -0.00007831     0.00324669   0.00000000
 -0.00472043  -0.00007831    -0.07547205   0.00000000    -0.00472043   0.00007831
  0.00324669  -0.00000000    -0.00472043   0.00007831     0.01603769  -0.00099105
    4    6
 -0.01649754  -0.01434419     0.00776759  -0.00397585     0.00408017  -0.00775047
  0.00408017  -0.00775047     0.00306574  -0.00508651    -0.00444103  -0.00964052
  0.00776759  -0.00397585     0.01691789  -0.00758184     0.00306574  -0.00508651
    4    7
 -0.01491772  -0.00000000     0.00026280  -0.00399936    -0.00370213   0.01007996
 -0.00370213  -0.01007996     0.00651597   0.00800636     0.02717181   0.00000000
  0.00026280   0.00399936    -0.00832649   0.00000000     0.00651597  -0.00800636
    5    1
 -0.00038897  -0.07620295     0.05636527   0.01487138    -0.00277250   0.00135050
  0.03824411   0.00326068    -0.01222719  -0.02951907    -0.02473704   0.02934830
  0.00291540  -0.00100551    -0.02934064   0.05037190    -0.05360855  -0.05415869
    5    2
  0.00651597  -0.00800636    -0.00832649  -0.00000000     0.00026280   0.00399936
  0.02717181  -0.00000000     0.00651597   0.00800636    -0.00370213  -0.01007996
 -0.00370213   0.01007996     0.00026280  -0.00399936    -0.01491772   0.00000000
    5    3
  0.00306574  -0.00508651     0.01691789  -0.00758184     0.00776759  -0.00397585
 -0.00444103  -0.00964052     0.00306574  -0.00508651     0.00408017  -0.00775047
  0.00408017  -0.00775047     0.00776759  -0.00397585    -0.01649754  -0.01434419
    5    4
  0.01603769  -0.00099105    -0.00472043   0.00007831     0.00324669   0.00000000
 -0.00472043   0.00007831    -0.07547205  -0.00000000    -0.00472043  -0.00007831
  0.00324669   0.00000000    -0.00472043  -0.00007831     0.01603769   0.00099105
    5    5
  0.14742452   0.00000000    -0.00167303   0.00103866    -0.00078909  -0.00081983
 -0.00167303  -0.00103866     0.17409548  -0.00000000    -0.00167303   0.00103866
 -0.00078909   0.00081983    -0.00167303  -0.00103866     0.14742452   0.00000000
    5    6
 -0.01491772  -0.00000000     0.00026280   0.00399936    -0.00370213  -0.01007996
 -0.00370213   0.01007996     0.00651597  -0.00800636     0.02717181   0.00000000
  0.00026280  -0.00399936    -0.00832649  -0.00000000     0.00651597   0.00800636
    5    7
 -0.01649754   0.01434419     0.00776759   0.00397585     0.00408017   0.00775047
  0.00408017   0.00775047     0.00306574   0.00508651    -0.00444103   0.00964052
  0.00776759   0.00397585     0.01691789   0.00758184     0.00306574   0.00508651
    6    1
 -0.00038897  -0.07620295    -0.00277250   0.00135050     0.05636527   0.01487138
  0.00291540  -0.00100551    -0.05360855  -0.05415869    -0.02934064   0.05037190
  0.03824411   0.00326068    -0.02473704   0.02934830    -0.01222719  -0.02951907
    6    2
  0.00306574  -0.00508651     0.00776759  -0.00397585     0.01691789  -0.00758184
  0.00408017  -0.00775047    -0.01649754  -0.01434419     0.00776759  -0.00397585
 -0.00444103  -0.00964052     0.00408017  -0.00775047     0.00306574  -0.00508651
    6    3
  0.00651597  -0.00800636     0.00026280   0.00399936    -0.00832649  -0.00000000
 -0.00370213   0.01007996    -0.01491772   0.00000000     0.00026280  -0.00399936
  0.02717181   0.00000000    -0.00370213  -0.01007996     0.00651597   0.00800636
    6    4
 -0.01649754   0.01434419     0.00408017   0.00775047     0.00776759   0.00397585
  0.00776759   0.00397585     0.00306574   0.00508651     0.01691789   0.00758184
  0.00408017   0.00775047    -0.00444103   0.00964052     0.00306574   0.00508651
    6    5
 -0.01491772  -0.00000000    -0.00370213  -0.01007996     0.00026280   0.00399936
  0.00026280  -0.00399936     0.00651597   0.00800636    -0.00832649   0.00000000
 -0.00370213   0.01007996     0.02717181  -0.00000000     0.00651597  -0.00800636
    6    6
  0.14742452   0.00000000    -0.00078909  -0.00081983    -0.00167303   0.00103866
 -0.00078909   0.00081983     0.14742452  -0.00000000    -0.00167303  -0.00103866
 -0.00167303  -0.00103866    -0.00167303   0.00103866     0.17409548   0.00000000
    6    7
  0.01603769  -0.00099105     0.00324669  -0.00000000    -0.00472043   0.00007831
  0.00324669  -0.00000000     0.01603769   0.00099105    -0.00472043  -0.00007831
 -0.00472043   0.00007831    -0.00472043  -0.00007831    -0.07547205   0.00000000
    7    1
 -0.05360855  -0.05415869     0.00291540  -0.00100551    -0.02934064   0.05037190
 -0.00277250   0.00135050    -0.00038897  -0.07620295     0.05636527   0.01487138
 -0.02473704   0.02934830     0.03824411   0.00326068    -0.01222719  -0.02951907
    7    2
  0.00651597   0.00800636     0.00026280  -0.00399936    -0.00832649   0.00000000
 -0.00370213  -0.01007996    -0.01491772   0.00000000     0.00026280   0.00399936
  0.02717181  -0.00000000    -0.00370213   0.01007996     0.00651597  -0.00800636
    7    3
  0.00306574   0.00508651     0.00776759   0.00397585     0.01691789   0.00758184
  0.00408017   0.00775047    -0.01649754   0.01434419     0.00776759   0.00397585
 -0.00444103   0.00964052     0.00408017   0.00775047     0.00306574   0.00508651
    7    4
 -0.01491772   0.00000000    -0.00370213   0.01007996     0.00026280  -0.00399936
  0.00026280   0.00399936     0.00651597  -0.00800636    -0.00832649  -0.00000000
 -0.00370213  -0.01007996     0.02717181  -0.00000000     0.00651597   0.00800636
    7    5
 -0.01649754  -0.01434419     0.00408017  -0.00775047     0.00776759  -0.00397585
  0.00776759  -0.00397585     0.00306574  -0.00508651     0.01691789  -0.00758184
  0.00408017  -0.00775047    -0.00444103  -0.00964052     0.00306574  -0.00508651
    7    6
  0.01603769   0.00099105     0.00324669   0.00000000    -0.00472043  -0.00007831
  0.00324669  -0.00000000     0.01603769  -0.00099105    -0.00472043   0.00007831
 -0.00472043  -0.00007831    -0.00472043   0.00007831    -0.07547205   0.00000000
    7    7
  0.14742452   0.00000000    -0.00078909   0.00081983    -0.00167303  -0.00103866
 -0.00078909  -0.00081983     0.14742452   0.00000000    -0.00167303   0.00103866
 -0.00167303   0.00103866    -0.00167303  -0.00103866     0.17409548  -0.00000000

     Dynamical  Matrix in cartesian axes

     q = (    0.216506400  -0.216506400   0.216506400 ) 

    1    1
  0.67039599   0.00000000    -0.05895527   0.00000000     0.05895527   0.00000000
 -0.05895527   0.00000000     0.67039599   0.00000000    -0.05895527   0.00000000
  0.05895527   0.00000000    -0.05895527   0.00000000     0.67039599   0.00000000
    1    2
 -0.01222719   0.02951907    -0.05636527   0.01487138    -0.02934064  -0.05037190
 -0.03824411   0.00326068    -0.00038897   0.07620295    -0.00291540  -0.00100551
 -0.02473704  -0.02934830     0.00277250   0.00135050    -0.05360855   0.05415869
    1    3
 -0.02951907  -0.01222720    -0.05037191   0.02934062     0.01487136   0.05636528
 -0.02934831   0.02473703    -0.05415867  -0.05360857    -0.00135050   0.00277250
  0.00326066   0.03824411     0.00100551  -0.00291540    -0.07620294  -0.00038900
    1    4
 -0.05415867   0.05360857    -0.02934831  -0.02473703     0.00135050   0.00277250
 -0.05037191  -0.02934062    -0.02951907   0.01222720    -0.01487136   0.05636528
 -0.00100551  -0.00291540    -0.00326066   0.03824411    -0.07620294   0.00038900
    1    5
 -0.07620294   0.00038900    -0.00326066   0.03824411    -0.00100551  -0.00291540
 -0.01487136   0.05636528    -0.02951907   0.01222720    -0.05037191  -0.02934062
  0.00135050   0.00277250    -0.02934831  -0.02473703    -0.05415867   0.05360857
    1    6
 -0.07620294  -0.00038900     0.00100551  -0.00291540     0.00326066   0.03824411
 -0.00135050   0.00277250    -0.05415867  -0.05360857    -0.02934831   0.02473703
  0.01487136   0.05636528    -0.05037191   0.02934062    -0.02951907  -0.01222720
    1    7
 -0.05360855   0.05415869     0.00277250   0.00135050    -0.02473704  -0.02934830
 -0.00291540  -0.00100551    -0.00038897   0.07620295    -0.03824411   0.00326068
 -0.02934064  -0.05037190    -0.05636527   0.01487138    -0.01222719   0.02951907
    2    1
 -0.01222719  -0.02951907    -0.03824411  -0.00326068    -0.02473704   0.02934830
 -0.05636527  -0.01487138    -0.00038897  -0.07620295     0.00277250  -0.00135050
 -0.02934064   0.05037190    -0.00291540   0.00100551    -0.05360855  -0.05415869
    2    2
  0.17409548   0.00000000     0.00167303   0.00103866    -0.00167303   0.00103866
  0.00167303  -0.00103866     0.14742452   0.00000000     0.00078909   0.00081983
 -0.00167303  -0.00103866     0.00078909  -0.00081983     0.14742452   0.00000000
    2    3
  0.00000003  -0.07547205     0.00007831   0.00472043     0.00007831  -0.00472043
  0.00007831   0.00472043     0.00099104   0.01603769     0.00000000  -0.00324669
  0.00007831  -0.00472043     0.00000000  -0.00324669    -0.00099105   0.01603769
    2    4
 -0.00105387   0.01026884    -0.01921337  -0.01921338     0.00450981  -0.00974541
  0.00588771   0.00588772     0.01026884  -0.00105386     0.00264214  -0.00301380
  0.00301380  -0.00264214     0.00974541  -0.00450980    -0.01054842  -0.01054842
    2    5
  0.00576451  -0.00142890    -0.00367660   0.00995716     0.00836553  -0.00259529
 -0.01732392  -0.00660159     0.00576451  -0.00142890    -0.00830386  -0.00268117
  0.00830386   0.00268117    -0.00836553   0.00259529    -0.00152264  -0.02180840
    2    6
 -0.00508651   0.00306574     0.00775047  -0.00408017    -0.00964052  -0.00444104
  0.00397585  -0.00776759    -0.01434419  -0.01649754     0.00775047  -0.00408017
 -0.00758184   0.01691788     0.00397585  -0.00776759    -0.00508651   0.00306574
    2    7
  0.00651597  -0.00800636     0.00370213  -0.01007996     0.02717181   0.00000000
 -0.00026280  -0.00399936    -0.01491772  -0.00000000     0.00370213   0.01007996
 -0.00832649  -0.00000000    -0.00026280   0.00399936     0.00651597   0.00800636
    3    1
 -0.02951907   0.01222720    -0.02934831  -0.02473703     0.00326066  -0.03824411
 -0.05037191  -0.02934062    -0.05415867   0.05360857     0.00100551   0.00291540
  0.01487136  -0.05636528    -0.00135050  -0.00277250    -0.07620294   0.00038900
    3    2
  0.00000003   0.07547205     0.00007831  -0.00472043     0.00007831   0.00472043
  0.00007831  -0.00472043     0.00099104  -0.01603769     0.00000000   0.00324669
  0.00007831   0.00472043     0.00000000   0.00324669    -0.00099105  -0.01603769
    3    3
  0.17409548   0.00000000     0.00167303  -0.00103866    -0.00167303  -0.00103866
  0.00167303   0.00103866     0.14742452  -0.00000000     0.00078909  -0.00081983
 -0.00167303   0.00103866     0.00078909   0.00081983     0.14742452  -0.00000000
    3    4
  0.00576451   0.00142890    -0.00367660  -0.00995716     0.00836553   0.00259529
 -0.01732392   0.00660159     0.00576451   0.00142890    -0.00830386   0.00268117
  0.00830386  -0.00268117    -0.00836553  -0.00259529    -0.00152264   0.02180840
    3    5
 -0.00105387  -0.01026884    -0.01921337   0.01921338     0.00450981   0.00974541
  0.00588771  -0.00588772     0.01026884   0.00105386     0.00264214   0.00301380
  0.00301380   0.00264214     0.00974541   0.00450980    -0.01054842   0.01054842
    3    6
  0.00651597   0.00800636     0.00370213   0.01007996     0.02717181  -0.00000000
 -0.00026280   0.00399936    -0.01491772   0.00000000     0.00370213  -0.01007996
 -0.00832649   0.00000000    -0.00026280  -0.00399936     0.00651597  -0.00800636
    3    7
 -0.00508651  -0.00306574     0.00775047   0.00408017    -0.00964052   0.00444104
  0.00397585   0.00776759    -0.01434419   0.01649754     0.00775047   0.00408017
 -0.00758184  -0.01691788     0.00397585   0.00776759    -0.00508651  -0.00306574
    4    1
 -0.05415867  -0.05360857    -0.05037191   0.02934062    -0.00100551   0.00291540
 -0.02934831   0.02473703    -0.02951907  -0.01222720    -0.00326066  -0.03824411
  0.00135050  -0.00277250    -0.01487136  -0.05636528    -0.07620294  -0.00038900
    4    2
 -0.00105387  -0.01026884     0.00588771  -0.00588772     0.00301380   0.00264214
 -0.01921337   0.01921338     0.01026884   0.00105386     0.00974541   0.00450980
  0.00450981   0.00974541     0.00264214   0.00301380    -0.01054842   0.01054842
    4    3
  0.00576451  -0.00142890    -0.01732392  -0.00660159     0.00830386   0.00268117
 -0.00367660   0.00995716     0.00576451  -0.00142890    -0.00836553   0.00259529
  0.00836553  -0.00259529    -0.00830386  -0.00268117    -0.00152264  -0.02180840
    4    4
  0.14742452   0.00000000     0.00167303  -0.00103866    -0.00078909  -0.00081983
  0.00167303   0.00103866     0.17409548  -0.00000000     0.00167303  -0.00103866
 -0.00078909   0.00081983     0.00167303   0.00103866     0.14742452   0.00000000
    4    5
  0.01603769  -0.00099105     0.00472043  -0.00007831     0.00324669   0.00000000
  0.00472043  -0.00007831    -0.07547205  -0.00000000     0.00472043   0.00007831
  0.00324669   0.00000000     0.00472043   0.00007831     0.01603769   0.00099105
    4    6
 -0.01054842  -0.01054842     0.00264214  -0.00301380     0.00450981  -0.00974541
  0.00974541  -0.00450980     0.01026884  -0.00105386    -0.01921337  -0.01921338
  0.00301380  -0.00264214     0.00588771   0.00588772    -0.00105387   0.01026884
    4    7
 -0.00152264   0.02180840    -0.00830386   0.00268117     0.00836553   0.00259529
 -0.00836553  -0.00259529     0.00576451   0.00142890    -0.00367660  -0.00995716
  0.00830386  -0.00268117    -0.01732392   0.00660159     0.00576451   0.00142890
    5    1
 -0.07620294  -0.00038900    -0.01487136  -0.05636528     0.00135050  -0.00277250
 -0.00326066  -0.03824411    -0.02951907  -0.01222720    -0.02934831   0.02473703
 -0.00100551   0.00291540    -0.05037191   0.02934062    -0.05415867  -0.05360857
    5    2
  0.00576451   0.00142890    -0.01732392   0.00660159     0.00830386  -0.00268117
 -0.00367660  -0.00995716     0.00576451   0.00142890    -0.00836553  -0.00259529
  0.00836553   0.00259529    -0.00830386   0.00268117    -0.00152264   0.02180840
    5    3
 -0.00105387   0.01026884     0.00588771   0.00588772     0.00301380  -0.00264214
 -0.01921337  -0.01921338     0.01026884  -0.00105386     0.00974541  -0.00450980
  0.00450981  -0.00974541     0.00264214  -0.00301380    -0.01054842  -0.01054842
    5    4
  0.01603769   0.00099105     0.00472043   0.00007831     0.00324669  -0.00000000
  0.00472043   0.00007831    -0.07547205   0.00000000     0.00472043  -0.00007831
  0.00324669  -0.00000000     0.00472043  -0.00007831     0.01603769  -0.00099105
    5    5
  0.14742452   0.00000000     0.00167303   0.00103866    -0.00078909   0.00081983
  0.00167303  -0.00103866     0.17409548   0.00000000     0.00167303   0.00103866
 -0.00078909  -0.00081983     0.00167303  -0.00103866     0.14742452  -0.00000000
    5    6
 -0.00152264  -0.02180840    -0.00830386  -0.00268117     0.00836553  -0.00259529
 -0.00836553   0.00259529     0.00576451  -0.00142890    -0.00367660   0.00995716
  0.00830386   0.00268117    -0.01732392  -0.00660159     0.00576451  -0.00142890
    5    7
 -0.01054842   0.01054842     0.00264214   0.00301380     0.00450981   0.00974541
  0.00974541   0.00450980     0.01026884   0.00105386    -0.01921337   0.01921338
  0.00301380   0.00264214     0.00588771  -0.00588772    -0.00105387  -0.01026884
    6    1
 -0.07620294   0.00038900    -0.00135050  -0.00277250     0.01487136  -0.05636528
  0.00100551   0.00291540    -0.05415867   0.05360857    -0.05037191  -0.02934062
  0.00326066  -0.03824411    -0.02934831  -0.02473703    -0.02951907   0.01222720
    6    2
 -0.00508651  -0.00306574     0.00397585   0.00776759    -0.00758184  -0.01691788
  0.00775047   0.00408017    -0.01434419   0.01649754     0.00397585   0.00776759
 -0.00964052   0.00444104     0.00775047   0.00408017    -0.00508651  -0.00306574
    6    3
  0.00651597  -0.00800636    -0.00026280  -0.00399936    -0.00832649  -0.00000000
  0.00370213  -0.01007996    -0.01491772  -0.00000000    -0.00026280   0.00399936
  0.02717181   0.00000000     0.00370213   0.01007996     0.00651597   0.00800636
    6    4
 -0.01054842   0.01054842     0.00974541   0.00450980     0.00301380   0.00264214
  0.00264214   0.00301380     0.01026884   0.00105386     0.00588771  -0.00588772
  0.00450981   0.00974541    -0.01921337   0.01921338    -0.00105387  -0.01026884
    6    5
 -0.00152264   0.02180840    -0.00836553  -0.00259529     0.00830386  -0.00268117
 -0.00830386   0.00268117     0.00576451   0.00142890    -0.01732392   0.00660159
  0.00836553   0.00259529    -0.00367660  -0.00995716     0.00576451   0.00142890
    6    6
  0.14742452  -0.00000000     0.00078909   0.00081983    -0.00167303   0.00103866
  0.00078909  -0.00081983     0.14742452  -0.00000000     0.00167303   0.00103866
 -0.00167303  -0.00103866     0.00167303  -0.00103866     0.17409548   0.00000000
    6    7
 -0.00099105  -0.01603769     0.00000000   0.00324669     0.00007831   0.00472043
  0.00000000   0.00324669     0.00099104  -0.01603769     0.00007831  -0.00472043
  0.00007831   0.00472043     0.00007831  -0.00472043     0.00000003   0.07547205
    7    1
 -0.05360855  -0.05415869    -0.00291540   0.00100551    -0.02934064   0.05037190
  0.00277250  -0.00135050    -0.00038897  -0.07620295    -0.05636527  -0.01487138
 -0.02473704   0.02934830    -0.03824411  -0.00326068    -0.01222719  -0.02951907
    7    2
  0.00651597   0.00800636    -0.00026280   0.00399936    -0.00832649   0.00000000
  0.00370213   0.01007996    -0.01491772   0.00000000    -0.00026280  -0.00399936
  0.02717181  -0.00000000     0.00370213  -0.01007996     0.00651597  -0.00800636
    7    3
 -0.00508651   0.00306574     0.00397585  -0.00776759    -0.00758184   0.01691788
  0.00775047  -0.00408017    -0.01434419  -0.01649754     0.00397585  -0.00776759
 -0.00964052  -0.00444104     0.00775047  -0.00408017    -0.00508651   0.00306574
    7    4
 -0.00152264  -0.02180840    -0.00836553   0.00259529     0.00830386   0.00268117
 -0.00830386  -0.00268117     0.00576451  -0.00142890    -0.01732392  -0.00660159
  0.00836553  -0.00259529    -0.00367660   0.00995716     0.00576451  -0.00142890
    7    5
 -0.01054842  -0.01054842     0.00974541  -0.00450980     0.00301380  -0.00264214
  0.00264214  -0.00301380     0.01026884  -0.00105386     0.00588771   0.00588772
  0.00450981  -0.00974541    -0.01921337  -0.01921338    -0.00105387   0.01026884
    7    6
 -0.00099105   0.01603769     0.00000000  -0.00324669     0.00007831  -0.00472043
  0.00000000  -0.00324669     0.00099104   0.01603769     0.00007831   0.00472043
  0.00007831  -0.00472043     0.00007831   0.00472043     0.00000003  -0.07547205
    7    7
  0.14742452   0.00000000     0.00078909  -0.00081983    -0.00167303  -0.00103866
  0.00078909   0.00081983     0.14742452   0.00000000     0.00167303  -0.00103866
 -0.00167303   0.00103866     0.00167303   0.00103866     0.17409548   0.00000000

     Dynamical  Matrix in cartesian axes

     q = (   -0.216506400   0.216506400   0.216506400 ) 

    1    1
  0.67039599   0.00000000    -0.05895527   0.00000000    -0.05895527   0.00000000
 -0.05895527   0.00000000     0.67039599   0.00000000     0.05895527   0.00000000
 -0.05895527   0.00000000     0.05895527   0.00000000     0.67039599   0.00000000
    1    2
 -0.02951907   0.01222720    -0.01487136   0.05636528    -0.05037191  -0.02934062
 -0.00326066   0.03824411    -0.07620294   0.00038900    -0.00100551  -0.00291540
 -0.02934831  -0.02473703     0.00135050   0.00277250    -0.05415867   0.05360857
    1    3
 -0.02951907   0.01222720    -0.05037191  -0.02934062    -0.01487136   0.05636528
 -0.02934831  -0.02473703    -0.05415867   0.05360857     0.00135050   0.00277250
 -0.00326066   0.03824411    -0.00100551  -0.00291540    -0.07620294   0.00038900
    1    4
 -0.05415867  -0.05360857    -0.02934831   0.02473703    -0.00135050   0.00277250
 -0.05037191   0.02934062    -0.02951907  -0.01222720     0.01487136   0.05636528
  0.00100551  -0.00291540     0.00326066   0.03824411    -0.07620294  -0.00038900
    1    5
 -0.00038897   0.07620295    -0.03824411   0.00326068    -0.00291540  -0.00100551
 -0.05636527   0.01487138    -0.01222719   0.02951907    -0.02934064  -0.05037190
  0.00277250   0.00135050    -0.02473704  -0.02934830    -0.05360855   0.05415869
    1    6
 -0.00038897   0.07620295    -0.00291540  -0.00100551    -0.03824411   0.00326068
  0.00277250   0.00135050    -0.05360855   0.05415869    -0.02473704  -0.02934830
 -0.05636527   0.01487138    -0.02934064  -0.05037190    -0.01222719   0.02951907
    1    7
 -0.05415867  -0.05360857    -0.00135050   0.00277250    -0.02934831   0.02473703
  0.00100551  -0.00291540    -0.07620294  -0.00038900     0.00326066   0.03824411
 -0.05037191   0.02934062     0.01487136   0.05636528    -0.02951907  -0.01222720
    2    1
 -0.02951907  -0.01222720    -0.00326066  -0.03824411    -0.02934831   0.02473703
 -0.01487136  -0.05636528    -0.07620294  -0.00038900     0.00135050  -0.00277250
 -0.05037191   0.02934062    -0.00100551   0.00291540    -0.05415867  -0.05360857
    2    2
  0.17409548   0.00000000     0.00167303  -0.00103866     0.00167303   0.00103866
  0.00167303   0.00103866     0.14742452   0.00000000    -0.00078909   0.00081983
  0.00167303  -0.00103866    -0.00078909  -0.00081983     0.14742452  -0.00000000
    2    3
 -0.07547205   0.00000000     0.00472043   0.00007831     0.00472043  -0.00007831
  0.00472043   0.00007831     0.01603769   0.00099105     0.00324669  -0.00000000
  0.00472043  -0.00007831     0.00324669  -0.00000000     0.01603769  -0.00099105
    2    4
  0.01026884  -0.00105386    -0.01921337  -0.01921338     0.00974541  -0.00450980
  0.00588771   0.00588772    -0.00105387   0.01026884     0.00301380  -0.00264214
  0.00264214  -0.00301380     0.00450981  -0.00974541    -0.01054842  -0.01054842
    2    5
  0.00576451   0.00142890    -0.00367660  -0.00995716    -0.00836553  -0.00259529
 -0.01732392   0.00660159     0.00576451   0.00142890     0.00830386  -0.00268117
 -0.00830386   0.00268117     0.00836553   0.00259529    -0.00152264   0.02180840
    2    6
  0.01026884   0.00105386     0.00974541   0.00450980    -0.01921337   0.01921338
  0.00264214   0.00301380    -0.01054842   0.01054842     0.00450981   0.00974541
  0.00588771  -0.00588772     0.00301380   0.00264214    -0.00105387  -0.01026884
    2    7
  0.00576451  -0.00142890    -0.00836553   0.00259529    -0.00367660   0.00995716
 -0.00830386  -0.00268117    -0.00152264  -0.02180840     0.00836553  -0.00259529
 -0.01732392  -0.00660159     0.00830386   0.00268117     0.00576451  -0.00142890
    3    1
 -0.02951907  -0.01222720    -0.02934831   0.02473703    -0.00326066  -0.03824411
 -0.05037191   0.02934062    -0.05415867  -0.05360857    -0.00100551   0.00291540
 -0.01487136  -0.05636528     0.00135050  -0.00277250    -0.07620294  -0.00038900
    3    2
 -0.07547205  -0.00000000     0.00472043  -0.00007831     0.00472043   0.00007831
  0.00472043  -0.00007831     0.01603769  -0.00099105     0.00324669   0.00000000
  0.00472043   0.00007831     0.00324669   0.00000000     0.01603769   0.00099105
    3    3
  0.17409548  -0.00000000     0.00167303   0.00103866     0.00167303  -0.00103866
  0.00167303  -0.00103866     0.14742452  -0.00000000    -0.00078909  -0.00081983
  0.00167303   0.00103866    -0.00078909   0.00081983     0.14742452   0.00000000
    3    4
  0.00576451  -0.00142890    -0.00367660   0.00995716    -0.00836553   0.00259529
 -0.01732392  -0.00660159     0.00576451  -0.00142890     0.00830386   0.00268117
 -0.00830386  -0.00268117     0.00836553  -0.00259529    -0.00152264  -0.02180840
    3    5
  0.01026884   0.00105386    -0.01921337   0.01921338     0.00974541   0.00450980
  0.00588771  -0.00588772    -0.00105387  -0.01026884     0.00301380   0.00264214
  0.00264214   0.00301380     0.00450981   0.00974541    -0.01054842   0.01054842
    3    6
  0.00576451   0.00142890    -0.00836553  -0.00259529    -0.00367660  -0.00995716
 -0.00830386   0.00268117    -0.00152264   0.02180840     0.00836553   0.00259529
 -0.01732392   0.00660159     0.00830386  -0.00268117     0.00576451   0.00142890
    3    7
  0.01026884  -0.00105386     0.00974541  -0.00450980    -0.01921337  -0.01921338
  0.00264214  -0.00301380    -0.01054842  -0.01054842     0.00450981  -0.00974541
  0.00588771   0.00588772     0.00301380  -0.00264214    -0.00105387   0.01026884
    4    1
 -0.05415867   0.05360857    -0.05037191  -0.02934062     0.00100551   0.00291540
 -0.02934831  -0.02473703    -0.02951907   0.01222720     0.00326066  -0.03824411
 -0.00135050  -0.00277250     0.01487136  -0.05636528    -0.07620294   0.00038900
    4    2
  0.01026884   0.00105386     0.00588771  -0.00588772     0.00264214   0.00301380
 -0.01921337   0.01921338    -0.00105387  -0.01026884     0.00450981   0.00974541
  0.00974541   0.00450980     0.00301380   0.00264214    -0.01054842   0.01054842
    4    3
  0.00576451   0.00142890    -0.01732392   0.00660159    -0.00830386   0.00268117
 -0.00367660  -0.00995716     0.00576451   0.00142890     0.00836553   0.00259529
 -0.00836553  -0.00259529     0.00830386  -0.00268117    -0.00152264   0.02180840
    4    4
  0.14742452   0.00000000     0.00167303   0.00103866     0.00078909  -0.00081983
  0.00167303  -0.00103866     0.17409548   0.00000000    -0.00167303  -0.00103866
  0.00078909   0.00081983    -0.00167303   0.00103866     0.14742452  -0.00000000
    4    5
  0.00099104  -0.01603769     0.00007831  -0.00472043     0.00000000   0.00324669
  0.00007831  -0.00472043     0.00000003   0.07547205     0.00007831   0.00472043
  0.00000000   0.00324669     0.00007831   0.00472043    -0.00099105  -0.01603769
    4    6
 -0.01434419   0.01649754     0.00397585   0.00776759     0.00775047   0.00408017
  0.00775047   0.00408017    -0.00508651  -0.00306574    -0.00964052   0.00444104
  0.00397585   0.00776759    -0.00758184  -0.01691788    -0.00508651  -0.00306574
    4    7
 -0.01491772   0.00000000    -0.00026280   0.00399936     0.00370213  -0.01007996
  0.00370213   0.01007996     0.00651597   0.00800636     0.02717181  -0.00000000
 -0.00026280  -0.00399936    -0.00832649   0.00000000     0.00651597  -0.00800636
    5    1
 -0.00038897  -0.07620295    -0.05636527  -0.01487138     0.00277250  -0.00135050
 -0.03824411  -0.00326068    -0.01222719  -0.02951907    -0.02473704   0.02934830
 -0.00291540   0.00100551    -0.02934064   0.05037190    -0.05360855  -0.05415869
    5    2
  0.00576451  -0.00142890    -0.01732392  -0.00660159    -0.00830386  -0.00268117
 -0.00367660   0.00995716     0.00576451  -0.00142890     0.00836553  -0.00259529
 -0.00836553   0.00259529     0.00830386   0.00268117    -0.00152264  -0.02180840
    5    3
  0.01026884  -0.00105386     0.00588771   0.00588772     0.00264214  -0.00301380
 -0.01921337  -0.01921338    -0.00105387   0.01026884     0.00450981  -0.00974541
  0.00974541  -0.00450980     0.00301380  -0.00264214    -0.01054842  -0.01054842
    5    4
  0.00099104   0.01603769     0.00007831   0.00472043     0.00000000  -0.00324669
  0.00007831   0.00472043     0.00000003  -0.07547205     0.00007831  -0.00472043
  0.00000000  -0.00324669     0.00007831  -0.00472043    -0.00099105   0.01603769
    5    5
  0.14742452   0.00000000     0.00167303  -0.00103866     0.00078909   0.00081983
  0.00167303   0.00103866     0.17409548   0.00000000    -0.00167303   0.00103866
  0.00078909  -0.00081983    -0.00167303  -0.00103866     0.14742452   0.00000000
    5    6
 -0.01491772  -0.00000000    -0.00026280  -0.00399936     0.00370213   0.01007996
  0.00370213  -0.01007996     0.00651597  -0.00800636     0.02717181   0.00000000
 -0.00026280   0.00399936    -0.00832649  -0.00000000     0.00651597   0.00800636
    5    7
 -0.01434419  -0.01649754     0.00397585  -0.00776759     0.00775047  -0.00408017
  0.00775047  -0.00408017    -0.00508651   0.00306574    -0.00964052  -0.00444104
  0.00397585  -0.00776759    -0.00758184   0.01691788    -0.00508651   0.00306574
    6    1
 -0.00038897  -0.07620295     0.00277250  -0.00135050    -0.05636527  -0.01487138
 -0.00291540   0.00100551    -0.05360855  -0.05415869    -0.02934064   0.05037190
 -0.03824411  -0.00326068    -0.02473704   0.02934830    -0.01222719  -0.02951907
    6    2
  0.01026884  -0.00105386     0.00264214  -0.00301380     0.00588771   0.00588772
  0.00974541  -0.00450980    -0.01054842  -0.01054842     0.00301380  -0.00264214
 -0.01921337  -0.01921338     0.00450981  -0.00974541    -0.00105387   0.01026884
    6    3
  0.00576451  -0.00142890    -0.00830386  -0.00268117    -0.01732392  -0.00660159
 -0.00836553   0.00259529    -0.00152264  -0.02180840     0.00830386   0.00268117
 -0.00367660   0.00995716     0.00836553  -0.00259529     0.00576451  -0.00142890
    6    4
 -0.01434419  -0.01649754     0.00775047  -0.00408017     0.00397585  -0.00776759
  0.00397585  -0.00776759    -0.00508651   0.00306574    -0.00758184   0.01691788
  0.00775047  -0.00408017    -0.00964052  -0.00444104    -0.00508651   0.00306574
    6    5
 -0.01491772   0.00000000     0.00370213   0.01007996    -0.00026280  -0.00399936
 -0.00026280   0.00399936     0.00651597   0.00800636    -0.00832649   0.00000000
  0.00370213  -0.01007996     0.02717181  -0.00000000     0.00651597  -0.00800636
    6    6
  0.14742452   0.00000000     0.00078909   0.00081983     0.00167303  -0.00103866
  0.00078909  -0.00081983     0.14742452   0.00000000    -0.00167303  -0.00103866
  0.00167303   0.00103866    -0.00167303   0.00103866     0.17409548   0.00000000
    6    7
  0.00099104   0.01603769     0.00000000  -0.00324669     0.00007831   0.00472043
  0.00000000  -0.00324669    -0.00099105   0.01603769     0.00007831  -0.00472043
  0.00007831   0.00472043     0.00007831  -0.00472043     0.00000003  -0.07547205
    7    1
 -0.05415867   0.05360857     0.00100551   0.00291540    -0.05037191  -0.02934062
 -0.00135050  -0.00277250    -0.07620294   0.00038900     0.01487136  -0.05636528
 -0.02934831  -0.02473703     0.00326066  -0.03824411    -0.02951907   0.01222720
    7    2
  0.00576451   0.00142890    -0.00830386   0.00268117    -0.01732392   0.00660159
 -0.00836553  -0.00259529    -0.00152264   0.02180840     0.00830386  -0.00268117
 -0.00367660  -0.00995716     0.00836553   0.00259529     0.00576451   0.00142890
    7    3
  0.01026884   0.00105386     0.00264214   0.00301380     0.00588771  -0.00588772
  0.00974541   0.00450980    -0.01054842   0.01054842     0.00301380   0.00264214
 -0.01921337   0.01921338     0.00450981   0.00974541    -0.00105387  -0.01026884
    7    4
 -0.01491772  -0.00000000     0.00370213  -0.01007996    -0.00026280   0.00399936
 -0.00026280  -0.00399936     0.00651597  -0.00800636    -0.00832649  -0.00000000
  0.00370213   0.01007996     0.02717181   0.00000000     0.00651597   0.00800636
    7    5
 -0.01434419   0.01649754     0.00775047   0.00408017     0.00397585   0.00776759
  0.00397585   0.00776759    -0.00508651  -0.00306574    -0.00758184  -0.01691788
  0.00775047   0.00408017    -0.00964052   0.00444104    -0.00508651  -0.00306574
    7    6
  0.00099104  -0.01603769     0.00000000   0.00324669     0.00007831  -0.00472043
  0.00000000   0.00324669    -0.00099105  -0.01603769     0.00007831   0.00472043
  0.00007831  -0.00472043     0.00007831   0.00472043     0.00000003   0.07547205
    7    7
  0.14742452  -0.00000000     0.00078909  -0.00081983     0.00167303   0.00103866
  0.00078909   0.00081983     0.14742452  -0.00000000    -0.00167303   0.00103866
  0.00167303  -0.00103866    -0.00167303  -0.00103866     0.17409548   0.00000000

     Dynamical  Matrix in cartesian axes

     q = (   -0.216506400  -0.216506400  -0.216506400 ) 

    1    1
  0.67039599   0.00000000     0.05895527   0.00000000     0.05895527   0.00000000
  0.05895527   0.00000000     0.67039599   0.00000000     0.05895527   0.00000000
  0.05895527   0.00000000     0.05895527   0.00000000     0.67039599   0.00000000
    1    2
 -0.01222719  -0.02951907     0.05636527   0.01487138    -0.02934064   0.05037190
  0.03824411   0.00326068    -0.00038897  -0.07620295     0.00291540  -0.00100551
 -0.02473704   0.02934830    -0.00277250   0.00135050    -0.05360855  -0.05415869
    1    3
 -0.01222719  -0.02951907    -0.02934064   0.05037190     0.05636527   0.01487138
 -0.02473704   0.02934830    -0.05360855  -0.05415869    -0.00277250   0.00135050
  0.03824411   0.00326068     0.00291540  -0.00100551    -0.00038897  -0.07620295
    1    4
 -0.05360855  -0.05415869    -0.02473704   0.02934830    -0.00277250   0.00135050
