Dynamical matrix file
Electron-phonon coefficients for Ca1H6                                     
  2    7   0   5.5613398   0.0000000   0.0000000   0.0000000   0.0000000   0.0000000
Basis vectors
     -0.577350269    0.577350269    0.577350269
      0.577350269   -0.577350269    0.577350269
      0.577350269    0.577350269   -0.577350269
           1  'Ca  '    36528.8623753087     
           2  'H   '    918.681110398939     
    1    1      0.0000000000      0.0000000000      0.0000000000
    2    2      0.2886751346      0.0000000000      0.5773502692
    3    2      0.2886751346      0.5773502692      0.0000000000
    4    2      0.5773502692      0.2886751346      0.0000000000
    5    2      0.0000000000      0.2886751346      0.5773502692
    6    2      0.0000000000      0.5773502692      0.2886751346
    7    2      0.5773502692      0.0000000000      0.2886751346

     Dynamical  Matrix in cartesian axes

     q = (   -0.433012700  -0.433012700   0.000000000 ) 

    1    1
  0.66759575   0.00000000     0.14629570   0.00000000    -0.00000000   0.00000000
  0.14629570   0.00000000     0.66759575   0.00000000    -0.00000000   0.00000000
 -0.00000000   0.00000000    -0.00000000   0.00000000     0.71047895   0.00000000
    1    2
  0.01054852  -0.00000000     0.09329421  -0.00000000     0.00000000  -0.00000000
  0.06228645  -0.00000000     0.00521469  -0.00000000     0.00000000  -0.00000000
  0.00000000  -0.00000000     0.00000000  -0.00000000    -0.10922870   0.00000000
    1    3
 -0.01054852   0.00000000    -0.09329421   0.00000000    -0.00000000   0.00000000
 -0.06228645   0.00000000    -0.00521469   0.00000000    -0.00000000   0.00000000
 -0.00000000   0.00000000    -0.00000000   0.00000000     0.10922870  -0.00000000
    1    4
 -0.00521469   0.00000000    -0.06228645   0.00000000    -0.00000000   0.00000000
 -0.09329421   0.00000000    -0.01054852   0.00000000    -0.00000000   0.00000000
 -0.00000000   0.00000000    -0.00000000   0.00000000     0.10922870  -0.00000000
    1    5
  0.00521469  -0.00000000     0.06228645  -0.00000000     0.00000000  -0.00000000
  0.09329421  -0.00000000     0.01054852  -0.00000000     0.00000000  -0.00000000
  0.00000000  -0.00000000     0.00000000  -0.00000000    -0.10922870   0.00000000
    1    6
 -0.00000000   0.00000000     0.00000000  -0.00000000     0.04733773  -0.00000000
  0.00000000  -0.00000000     0.00000000  -0.00000000    -0.04733773   0.00000000
  0.05137300  -0.00000000    -0.05137300   0.00000000     0.00000000   0.00000000
    1    7
  0.00000000  -0.00000000     0.00000000   0.00000000    -0.04733773   0.00000000
  0.00000000  -0.00000000    -0.00000000   0.00000000     0.04733773  -0.00000000
 -0.05137300   0.00000000     0.05137300  -0.00000000     0.00000000   0.00000000
    2    1
  0.01054852   0.00000000     0.06228645   0.00000000     0.00000000   0.00000000
  0.09329421   0.00000000     0.00521469   0.00000000     0.00000000   0.00000000
  0.00000000   0.00000000     0.00000000   0.00000000    -0.10922870  -0.00000000
    2    2
  0.16056902   0.00000000    -0.00497971   0.00000000    -0.00000000   0.00000000
 -0.00497971   0.00000000     0.13293596   0.00000000    -0.00000000   0.00000000
 -0.00000000   0.00000000    -0.00000000   0.00000000     0.14747874   0.00000000
    2    3
  0.00823348   0.00000000    -0.00827545   0.00000000    -0.00000000   0.00000000
 -0.00827545   0.00000000     0.00000386   0.00000000    -0.00000000   0.00000000
 -0.00000000   0.00000000    -0.00000000   0.00000000     0.01518866   0.00000000
    2    4
 -0.01850275   0.00000000    -0.01684977   0.00000000     0.00000000   0.00000000
 -0.02031983   0.00000000    -0.01850275   0.00000000     0.00000000   0.00000000
  0.00000000   0.00000000     0.00000000   0.00000000    -0.02522137   0.00000000
    2    5
  0.00381211   0.00000000     0.00892107   0.00000000     0.00000000   0.00000000
 -0.01593072   0.00000000     0.00381211   0.00000000     0.00000000   0.00000000
  0.00000000   0.00000000     0.00000000   0.00000000    -0.01774652   0.00000000
    2    6
  0.01283491   0.00000000     0.01962816   0.00000000    -0.00334178   0.00000000
  0.01051985   0.00000000     0.00052521   0.00000000     0.01608471   0.00000000
  0.01309745   0.00000000     0.00876011   0.00000000     0.01060519   0.00000000
    2    7
  0.01283491   0.00000000     0.01962816   0.00000000     0.00334178   0.00000000
  0.01051985   0.00000000     0.00052521   0.00000000    -0.01608471   0.00000000
 -0.01309745   0.00000000    -0.00876011   0.00000000     0.01060519   0.00000000
    3    1
 -0.01054852  -0.00000000    -0.06228645  -0.00000000    -0.00000000  -0.00000000
 -0.09329421  -0.00000000    -0.00521469  -0.00000000    -0.00000000  -0.00000000
 -0.00000000  -0.00000000    -0.00000000  -0.00000000     0.10922870   0.00000000
    3    2
  0.00823348   0.00000000    -0.00827545   0.00000000    -0.00000000   0.00000000
 -0.00827545   0.00000000     0.00000386   0.00000000    -0.00000000   0.00000000
 -0.00000000   0.00000000    -0.00000000   0.00000000     0.01518866   0.00000000
    3    3
  0.16056902   0.00000000    -0.00497971   0.00000000    -0.00000000   0.00000000
 -0.00497971   0.00000000     0.13293596   0.00000000    -0.00000000   0.00000000
 -0.00000000   0.00000000    -0.00000000   0.00000000     0.14747874   0.00000000
    3    4
  0.00381211   0.00000000     0.00892107   0.00000000     0.00000000   0.00000000
 -0.01593072   0.00000000     0.00381211   0.00000000     0.00000000   0.00000000
  0.00000000   0.00000000     0.00000000   0.00000000    -0.01774652   0.00000000
    3    5
 -0.01850275   0.00000000    -0.01684977   0.00000000     0.00000000   0.00000000
 -0.02031983   0.00000000    -0.01850275   0.00000000     0.00000000   0.00000000
  0.00000000   0.00000000     0.00000000   0.00000000    -0.02522137   0.00000000
    3    6
  0.01283491   0.00000000     0.01962816   0.00000000     0.00334178   0.00000000
  0.01051985   0.00000000     0.00052521   0.00000000    -0.01608471   0.00000000
 -0.01309745   0.00000000    -0.00876011   0.00000000     0.01060519   0.00000000
    3    7
  0.01283491   0.00000000     0.01962816   0.00000000    -0.00334178   0.00000000
  0.01051985   0.00000000     0.00052521   0.00000000     0.01608471   0.00000000
  0.01309745   0.00000000     0.00876011   0.00000000     0.01060519   0.00000000
    4    1
 -0.00521469  -0.00000000    -0.09329421  -0.00000000    -0.00000000  -0.00000000
 -0.06228645  -0.00000000    -0.01054852  -0.00000000    -0.00000000  -0.00000000
 -0.00000000  -0.00000000    -0.00000000  -0.00000000     0.10922870   0.00000000
    4    2
 -0.01850275   0.00000000    -0.02031983   0.00000000     0.00000000   0.00000000
 -0.01684977   0.00000000    -0.01850275   0.00000000     0.00000000   0.00000000
  0.00000000   0.00000000     0.00000000   0.00000000    -0.02522137   0.00000000
    4    3
  0.00381211   0.00000000    -0.01593072   0.00000000     0.00000000   0.00000000
  0.00892107   0.00000000     0.00381211   0.00000000     0.00000000   0.00000000
  0.00000000   0.00000000     0.00000000   0.00000000    -0.01774652   0.00000000
    4    4
  0.13293596   0.00000000    -0.00497971   0.00000000    -0.00000000   0.00000000
 -0.00497971   0.00000000     0.16056902   0.00000000    -0.00000000   0.00000000
 -0.00000000   0.00000000    -0.00000000   0.00000000     0.14747874   0.00000000
    4    5
  0.00000386   0.00000000    -0.00827545   0.00000000    -0.00000000   0.00000000
 -0.00827545   0.00000000     0.00823348   0.00000000    -0.00000000   0.00000000
 -0.00000000   0.00000000    -0.00000000   0.00000000     0.01518866   0.00000000
    4    6
  0.00052521   0.00000000     0.01051985   0.00000000     0.01608471   0.00000000
  0.01962816   0.00000000     0.01283491   0.00000000    -0.00334178   0.00000000
  0.00876011   0.00000000     0.01309745   0.00000000     0.01060519   0.00000000
    4    7
  0.00052521   0.00000000     0.01051985   0.00000000    -0.01608471   0.00000000
  0.01962816   0.00000000     0.01283491   0.00000000     0.00334178   0.00000000
 -0.00876011   0.00000000    -0.01309745   0.00000000     0.01060519   0.00000000
    5    1
  0.00521469   0.00000000     0.09329421   0.00000000     0.00000000   0.00000000
  0.06228645   0.00000000     0.01054852   0.00000000     0.00000000   0.00000000
  0.00000000   0.00000000     0.00000000   0.00000000    -0.10922870  -0.00000000
    5    2
  0.00381211   0.00000000    -0.01593072   0.00000000     0.00000000   0.00000000
  0.00892107   0.00000000     0.00381211   0.00000000     0.00000000   0.00000000
  0.00000000   0.00000000     0.00000000   0.00000000    -0.01774652   0.00000000
    5    3
 -0.01850275   0.00000000    -0.02031983   0.00000000     0.00000000   0.00000000
 -0.01684977   0.00000000    -0.01850275   0.00000000     0.00000000   0.00000000
  0.00000000   0.00000000     0.00000000   0.00000000    -0.02522137   0.00000000
    5    4
  0.00000386   0.00000000    -0.00827545   0.00000000    -0.00000000   0.00000000
 -0.00827545   0.00000000     0.00823348   0.00000000    -0.00000000   0.00000000
 -0.00000000   0.00000000    -0.00000000   0.00000000     0.01518866   0.00000000
    5    5
  0.13293596   0.00000000    -0.00497971   0.00000000    -0.00000000   0.00000000
 -0.00497971   0.00000000     0.16056902   0.00000000    -0.00000000   0.00000000
 -0.00000000   0.00000000    -0.00000000   0.00000000     0.14747874   0.00000000
    5    6
  0.00052521   0.00000000     0.01051985   0.00000000    -0.01608471   0.00000000
  0.01962816   0.00000000     0.01283491   0.00000000     0.00334178   0.00000000
 -0.00876011   0.00000000    -0.01309745   0.00000000     0.01060519   0.00000000
    5    7
  0.00052521   0.00000000     0.01051985   0.00000000     0.01608471   0.00000000
  0.01962816   0.00000000     0.01283491   0.00000000    -0.00334178   0.00000000
  0.00876011   0.00000000     0.01309745   0.00000000     0.01060519   0.00000000
    6    1
 -0.00000000  -0.00000000    -0.00000000   0.00000000     0.05137300   0.00000000
  0.00000000   0.00000000     0.00000000   0.00000000    -0.05137300  -0.00000000
  0.04733773   0.00000000    -0.04733773  -0.00000000     0.00000000   0.00000000
    6    2
  0.01283491   0.00000000     0.01051985   0.00000000     0.01309745   0.00000000
  0.01962816   0.00000000     0.00052521   0.00000000     0.00876011   0.00000000
 -0.00334178   0.00000000     0.01608471   0.00000000     0.01060519   0.00000000
    6    3
  0.01283491   0.00000000     0.01051985   0.00000000    -0.01309745   0.00000000
  0.01962816   0.00000000     0.00052521   0.00000000    -0.00876011   0.00000000
  0.00334178   0.00000000    -0.01608471   0.00000000     0.01060519   0.00000000
    6    4
  0.00052521   0.00000000     0.01962816   0.00000000     0.00876011   0.00000000
  0.01051985   0.00000000     0.01283491   0.00000000     0.01309745   0.00000000
  0.01608471   0.00000000    -0.00334178   0.00000000     0.01060519   0.00000000
    6    5
  0.00052521   0.00000000     0.01962816   0.00000000    -0.00876011   0.00000000
  0.01051985   0.00000000     0.01283491   0.00000000    -0.01309745   0.00000000
 -0.01608471   0.00000000     0.00334178   0.00000000     0.01060519   0.00000000
    6    6
  0.13801905   0.00000000    -0.00234528   0.00000000    -0.00000000   0.00000000
 -0.00234528   0.00000000     0.13801905   0.00000000    -0.00000000   0.00000000
 -0.00000000   0.00000000    -0.00000000   0.00000000     0.18217741   0.00000000
    6    7
  0.01176781   0.00000000     0.00252209   0.00000000     0.00000000   0.00000000
  0.00252209   0.00000000     0.01176781   0.00000000     0.00000000   0.00000000
  0.00000000   0.00000000     0.00000000   0.00000000    -0.08326124   0.00000000
    7    1
  0.00000000   0.00000000    -0.00000000   0.00000000    -0.05137300  -0.00000000
 -0.00000000  -0.00000000    -0.00000000  -0.00000000     0.05137300   0.00000000
 -0.04733773  -0.00000000     0.04733773   0.00000000     0.00000000   0.00000000
    7    2
  0.01283491   0.00000000     0.01051985   0.00000000    -0.01309745   0.00000000
  0.01962816   0.00000000     0.00052521   0.00000000    -0.00876011   0.00000000
  0.00334178   0.00000000    -0.01608471   0.00000000     0.01060519   0.00000000
    7    3
  0.01283491   0.00000000     0.01051985   0.00000000     0.01309745   0.00000000
  0.01962816   0.00000000     0.00052521   0.00000000     0.00876011   0.00000000
 -0.00334178   0.00000000     0.01608471   0.00000000     0.01060519   0.00000000
    7    4
  0.00052521   0.00000000     0.01962816   0.00000000    -0.00876011   0.00000000
  0.01051985   0.00000000     0.01283491   0.00000000    -0.01309745   0.00000000
 -0.01608471   0.00000000     0.00334178   0.00000000     0.01060519   0.00000000
    7    5
  0.00052521   0.00000000     0.01962816   0.00000000     0.00876011   0.00000000
  0.01051985   0.00000000     0.01283491   0.00000000     0.01309745   0.00000000
  0.01608471   0.00000000    -0.00334178   0.00000000     0.01060519   0.00000000
    7    6
  0.01176781   0.00000000     0.00252209   0.00000000     0.00000000   0.00000000
  0.00252209   0.00000000     0.01176781   0.00000000     0.00000000   0.00000000
  0.00000000   0.00000000     0.00000000   0.00000000    -0.08326124   0.00000000
    7    7
  0.13801905   0.00000000    -0.00234528   0.00000000    -0.00000000   0.00000000
 -0.00234528   0.00000000     0.13801905   0.00000000    -0.00000000   0.00000000
 -0.00000000   0.00000000    -0.00000000   0.00000000     0.18217741   0.00000000

     Dynamical  Matrix in cartesian axes

     q = (    0.000000000   0.433012700  -0.433012700 ) 

    1    1
  0.71047895   0.00000000     0.00000000   0.00000000    -0.00000000   0.00000000
  0.00000000   0.00000000     0.66759575   0.00000000    -0.14629570   0.00000000
  0.00000000   0.00000000    -0.14629570   0.00000000     0.66759575   0.00000000
    1    2
  0.00000000  -0.00000000    -0.05137300   0.00000000    -0.05137300   0.00000000
 -0.04733773   0.00000000     0.00000000  -0.00000000    -0.00000000   0.00000000
 -0.04733773   0.00000000    -0.00000000   0.00000000    -0.00000000   0.00000000
    1    3
  0.00000000   0.00000000    -0.05137300  -0.00000000    -0.05137300  -0.00000000
 -0.04733773  -0.00000000     0.00000000  -0.00000000    -0.00000000  -0.00000000
 -0.04733773  -0.00000000    -0.00000000  -0.00000000     0.00000000  -0.00000000
    1    4
 -0.10922870  -0.00000000     0.00000000   0.00000000     0.00000000   0.00000000
  0.00000000   0.00000000     0.01054852   0.00000000    -0.09329421  -0.00000000
  0.00000000   0.00000000    -0.06228645  -0.00000000     0.00521469   0.00000000
    1    5
 -0.10922870   0.00000000     0.00000000  -0.00000000     0.00000000  -0.00000000
  0.00000000  -0.00000000     0.01054852  -0.00000000    -0.09329421   0.00000000
  0.00000000   0.00000000    -0.06228645   0.00000000     0.00521469  -0.00000000
    1    6
 -0.10922870  -0.00000000     0.00000000   0.00000000    -0.00000000   0.00000000
  0.00000000   0.00000000     0.00521469   0.00000000    -0.06228645  -0.00000000
 -0.00000000   0.00000000    -0.09329421  -0.00000000     0.01054852   0.00000000
    1    7
 -0.10922870   0.00000000     0.00000000  -0.00000000     0.00000000   0.00000000
  0.00000000  -0.00000000     0.00521469  -0.00000000    -0.06228645   0.00000000
  0.00000000   0.00000000    -0.09329421   0.00000000     0.01054852  -0.00000000
    2    1
  0.00000000   0.00000000    -0.04733773  -0.00000000    -0.04733773  -0.00000000
 -0.05137300  -0.00000000     0.00000000   0.00000000    -0.00000000  -0.00000000
 -0.05137300  -0.00000000     0.00000000  -0.00000000    -0.00000000  -0.00000000
    2    2
  0.18217741   0.00000000    -0.00000000   0.00000000    -0.00000000   0.00000000
  0.00000000   0.00000000     0.13801905   0.00000000     0.00234528   0.00000000
 -0.00000000   0.00000000     0.00234528   0.00000000     0.13801905   0.00000000
    2    3
  0.08326124   0.00000000    -0.00000000  -0.00000000    -0.00000000   0.00000000
 -0.00000000  -0.00000000    -0.01176781  -0.00000000     0.00252209   0.00000000
 -0.00000000  -0.00000000     0.00252209   0.00000000    -0.01176781  -0.00000000
    2    4
 -0.01060519  -0.00000000     0.00334178   0.00000000     0.01608471   0.00000000
 -0.01309745  -0.00000000    -0.01283491  -0.00000000     0.01051985   0.00000000
  0.00876011   0.00000000     0.01962816   0.00000000    -0.00052521  -0.00000000
    2    5
  0.01060519  -0.00000000     0.00334178  -0.00000000     0.01608471  -0.00000000
 -0.01309745   0.00000000     0.01283491  -0.00000000    -0.01051985   0.00000000
  0.00876011  -0.00000000    -0.01962816   0.00000000     0.00052521  -0.00000000
    2    6
 -0.01060519  -0.00000000     0.01608471   0.00000000     0.00334178   0.00000000
  0.00876011   0.00000000    -0.00052521  -0.00000000     0.01962816   0.00000000
 -0.01309745  -0.00000000     0.01051985   0.00000000    -0.01283491  -0.00000000
    2    7
  0.01060519  -0.00000000     0.01608471  -0.00000000     0.00334178  -0.00000000
  0.00876011  -0.00000000     0.00052521  -0.00000000    -0.01962816   0.00000000
 -0.01309745   0.00000000    -0.01051985   0.00000000     0.01283491  -0.00000000
    3    1
  0.00000000  -0.00000000    -0.04733773   0.00000000    -0.04733773   0.00000000
 -0.05137300   0.00000000     0.00000000   0.00000000     0.00000000   0.00000000
 -0.05137300   0.00000000     0.00000000   0.00000000    -0.00000000   0.00000000
    3    2
  0.08326124  -0.00000000    -0.00000000   0.00000000    -0.00000000   0.00000000
 -0.00000000   0.00000000    -0.01176781   0.00000000     0.00252209  -0.00000000
 -0.00000000   0.00000000     0.00252209  -0.00000000    -0.01176781   0.00000000
    3    3
  0.18217741   0.00000000    -0.00000000   0.00000000    -0.00000000   0.00000000
  0.00000000   0.00000000     0.13801905   0.00000000     0.00234528   0.00000000
 -0.00000000   0.00000000     0.00234528   0.00000000     0.13801905   0.00000000
    3    4
  0.01060519  -0.00000000     0.00334178  -0.00000000     0.01608471  -0.00000000
 -0.01309745   0.00000000     0.01283491  -0.00000000    -0.01051985   0.00000000
  0.00876011  -0.00000000    -0.01962816   0.00000000     0.00052521  -0.00000000
    3    5
 -0.01060519   0.00000000     0.00334178  -0.00000000     0.01608471  -0.00000000
 -0.01309745   0.00000000    -0.01283491   0.00000000     0.01051985  -0.00000000
  0.00876011  -0.00000000     0.01962816  -0.00000000    -0.00052521   0.00000000
    3    6
  0.01060519  -0.00000000     0.01608471  -0.00000000     0.00334178  -0.00000000
  0.00876011  -0.00000000     0.00052521  -0.00000000    -0.01962816   0.00000000
 -0.01309745   0.00000000    -0.01051985   0.00000000     0.01283491  -0.00000000
    3    7
 -0.01060519   0.00000000     0.01608471  -0.00000000     0.00334178  -0.00000000
  0.00876011  -0.00000000    -0.00052521   0.00000000     0.01962816  -0.00000000
 -0.01309745   0.00000000     0.01051985  -0.00000000    -0.01283491   0.00000000
    4    1
 -0.10922870   0.00000000     0.00000000  -0.00000000     0.00000000  -0.00000000
  0.00000000  -0.00000000     0.01054852  -0.00000000    -0.06228645   0.00000000
 -0.00000000  -0.00000000    -0.09329421   0.00000000     0.00521469  -0.00000000
    4    2
 -0.01060519   0.00000000    -0.01309745   0.00000000     0.00876011  -0.00000000
  0.00334178  -0.00000000    -0.01283491   0.00000000     0.01962816  -0.00000000
  0.01608471  -0.00000000     0.01051985  -0.00000000    -0.00052521   0.00000000
    4    3
  0.01060519   0.00000000    -0.01309745  -0.00000000     0.00876011   0.00000000
  0.00334178   0.00000000     0.01283491   0.00000000    -0.01962816  -0.00000000
  0.01608471   0.00000000    -0.01051985  -0.00000000     0.00052521   0.00000000
    4    4
  0.14747874   0.00000000    -0.00000000   0.00000000    -0.00000000   0.00000000
 -0.00000000   0.00000000     0.16056902   0.00000000     0.00497971   0.00000000
 -0.00000000   0.00000000     0.00497971   0.00000000     0.13293596   0.00000000
    4    5
 -0.01518866   0.00000000     0.00000000  -0.00000000     0.00000000   0.00000000
  0.00000000  -0.00000000    -0.00823348   0.00000000    -0.00827545   0.00000000
  0.00000000   0.00000000    -0.00827545   0.00000000    -0.00000386   0.00000000
    4    6
 -0.01774652  -0.00000000     0.00000000  -0.00000000     0.00000000   0.00000000
  0.00000000   0.00000000     0.00381211   0.00000000    -0.00892107  -0.00000000
  0.00000000  -0.00000000     0.01593072   0.00000000     0.00381211   0.00000000
    4    7
  0.02522137  -0.00000000     0.00000000  -0.00000000    -0.00000000   0.00000000
  0.00000000  -0.00000000     0.01850275  -0.00000000    -0.01684977   0.00000000
  0.00000000   0.00000000    -0.02031983   0.00000000     0.01850275  -0.00000000
    5    1
 -0.10922870  -0.00000000     0.00000000   0.00000000     0.00000000   0.00000000
  0.00000000   0.00000000     0.01054852   0.00000000    -0.06228645  -0.00000000
  0.00000000   0.00000000    -0.09329421  -0.00000000     0.00521469   0.00000000
    5    2
  0.01060519   0.00000000    -0.01309745  -0.00000000     0.00876011   0.00000000
  0.00334178   0.00000000     0.01283491   0.00000000    -0.01962816  -0.00000000
  0.01608471   0.00000000    -0.01051985  -0.00000000     0.00052521   0.00000000
    5    3
 -0.01060519  -0.00000000    -0.01309745  -0.00000000     0.00876011   0.00000000
  0.00334178   0.00000000    -0.01283491  -0.00000000     0.01962816   0.00000000
  0.01608471   0.00000000     0.01051985   0.00000000    -0.00052521  -0.00000000
    5    4
 -0.01518866  -0.00000000     0.00000000   0.00000000     0.00000000   0.00000000
  0.00000000   0.00000000    -0.00823348  -0.00000000    -0.00827545  -0.00000000
  0.00000000  -0.00000000    -0.00827545  -0.00000000    -0.00000386  -0.00000000
    5    5
  0.14747874   0.00000000    -0.00000000   0.00000000    -0.00000000   0.00000000
 -0.00000000   0.00000000     0.16056902   0.00000000     0.00497971   0.00000000
 -0.00000000   0.00000000     0.00497971   0.00000000     0.13293596   0.00000000
    5    6
  0.02522137   0.00000000     0.00000000   0.00000000    -0.00000000   0.00000000
  0.00000000   0.00000000     0.01850275   0.00000000    -0.01684977  -0.00000000
 -0.00000000   0.00000000    -0.02031983  -0.00000000     0.01850275   0.00000000
    5    7
 -0.01774652   0.00000000     0.00000000   0.00000000     0.00000000  -0.00000000
  0.00000000  -0.00000000     0.00381211  -0.00000000    -0.00892107   0.00000000
  0.00000000   0.00000000     0.01593072  -0.00000000     0.00381211  -0.00000000
    6    1
 -0.10922870   0.00000000     0.00000000  -0.00000000    -0.00000000   0.00000000
  0.00000000  -0.00000000     0.00521469  -0.00000000    -0.09329421   0.00000000
 -0.00000000   0.00000000    -0.06228645   0.00000000     0.01054852  -0.00000000
    6    2
 -0.01060519   0.00000000     0.00876011  -0.00000000    -0.01309745   0.00000000
  0.01608471  -0.00000000    -0.00052521   0.00000000     0.01051985  -0.00000000
  0.00334178  -0.00000000     0.01962816  -0.00000000    -0.01283491   0.00000000
    6    3
  0.01060519   0.00000000     0.00876011   0.00000000    -0.01309745  -0.00000000
  0.01608471   0.00000000     0.00052521   0.00000000    -0.01051985  -0.00000000
  0.00334178   0.00000000    -0.01962816  -0.00000000     0.01283491   0.00000000
    6    4
 -0.01774652   0.00000000     0.00000000  -0.00000000     0.00000000   0.00000000
  0.00000000   0.00000000     0.00381211  -0.00000000     0.01593072  -0.00000000
  0.00000000  -0.00000000    -0.00892107   0.00000000     0.00381211  -0.00000000
    6    5
  0.02522137  -0.00000000     0.00000000  -0.00000000    -0.00000000  -0.00000000
  0.00000000  -0.00000000     0.01850275  -0.00000000    -0.02031983   0.00000000
  0.00000000   0.00000000    -0.01684977   0.00000000     0.01850275  -0.00000000
    6    6
  0.14747874   0.00000000    -0.00000000   0.00000000    -0.00000000   0.00000000
 -0.00000000   0.00000000     0.13293596   0.00000000     0.00497971   0.00000000
 -0.00000000   0.00000000     0.00497971   0.00000000     0.16056902   0.00000000
    6    7
 -0.01518866   0.00000000     0.00000000  -0.00000000     0.00000000  -0.00000000
  0.00000000  -0.00000000    -0.00000386   0.00000000    -0.00827545   0.00000000
  0.00000000  -0.00000000    -0.00827545   0.00000000    -0.00823348   0.00000000
    7    1
 -0.10922870  -0.00000000     0.00000000   0.00000000     0.00000000   0.00000000
  0.00000000   0.00000000     0.00521469   0.00000000    -0.09329421  -0.00000000
  0.00000000   0.00000000    -0.06228645  -0.00000000     0.01054852   0.00000000
    7    2
  0.01060519   0.00000000     0.00876011   0.00000000    -0.01309745  -0.00000000
  0.01608471   0.00000000     0.00052521   0.00000000    -0.01051985  -0.00000000
  0.00334178   0.00000000    -0.01962816  -0.00000000     0.01283491   0.00000000
    7    3
 -0.01060519  -0.00000000     0.00876011   0.00000000    -0.01309745  -0.00000000
  0.01608471   0.00000000    -0.00052521  -0.00000000     0.01051985   0.00000000
  0.00334178   0.00000000     0.01962816   0.00000000    -0.01283491  -0.00000000
    7    4
  0.02522137   0.00000000     0.00000000   0.00000000     0.00000000   0.00000000
  0.00000000   0.00000000     0.01850275   0.00000000    -0.02031983  -0.00000000
  0.00000000   0.00000000    -0.01684977  -0.00000000     0.01850275   0.00000000
    7    5
 -0.01774652  -0.00000000     0.00000000   0.00000000     0.00000000  -0.00000000
 -0.00000000  -0.00000000     0.00381211   0.00000000     0.01593072   0.00000000
  0.00000000   0.00000000    -0.00892107  -0.00000000     0.00381211   0.00000000
    7    6
 -0.01518866  -0.00000000     0.00000000   0.00000000     0.00000000   0.00000000
  0.00000000   0.00000000    -0.00000386  -0.00000000    -0.00827545  -0.00000000
  0.00000000   0.00000000    -0.00827545  -0.00000000    -0.00823348  -0.00000000
    7    7
  0.14747874   0.00000000    -0.00000000   0.00000000    -0.00000000   0.00000000
  0.00000000   0.00000000     0.13293596   0.00000000     0.00497971   0.00000000
 -0.00000000   0.00000000     0.00497971   0.00000000     0.16056902   0.00000000

     Dynamical  Matrix in cartesian axes

     q = (   -0.000000000   0.433012700   0.433012700 ) 

    1    1
  0.71047895   0.00000000    -0.00000000   0.00000000    -0.00000000   0.00000000
 -0.00000000   0.00000000     0.66759575   0.00000000     0.14629570   0.00000000
 -0.00000000   0.00000000     0.14629570   0.00000000     0.66759575   0.00000000
    1    2
  0.00000000   0.00000000     0.05137300   0.00000000    -0.05137300  -0.00000000
  0.04733773   0.00000000     0.00000000   0.00000000     0.00000000  -0.00000000
 -0.04733773  -0.00000000     0.00000000  -0.00000000     0.00000000  -0.00000000
    1    3
 -0.00000000  -0.00000000    -0.05137300  -0.00000000     0.05137300   0.00000000
 -0.04733773  -0.00000000     0.00000000   0.00000000    -0.00000000  -0.00000000
  0.04733773   0.00000000    -0.00000000  -0.00000000    -0.00000000  -0.00000000
    1    4
 -0.10922870  -0.00000000     0.00000000  -0.00000000    -0.00000000  -0.00000000
 -0.00000000  -0.00000000     0.01054852   0.00000000     0.09329421   0.00000000
 -0.00000000  -0.00000000     0.06228645   0.00000000     0.00521469   0.00000000
    1    5
  0.10922870   0.00000000     0.00000000   0.00000000     0.00000000  -0.00000000
  0.00000000   0.00000000    -0.01054852  -0.00000000    -0.09329421  -0.00000000
  0.00000000  -0.00000000    -0.06228645  -0.00000000    -0.00521469  -0.00000000
    1    6
  0.10922870   0.00000000     0.00000000   0.00000000     0.00000000  -0.00000000
  0.00000000   0.00000000    -0.00521469  -0.00000000    -0.06228645  -0.00000000
  0.00000000  -0.00000000    -0.09329421  -0.00000000    -0.01054852  -0.00000000
    1    7
 -0.10922870  -0.00000000    -0.00000000  -0.00000000    -0.00000000  -0.00000000
 -0.00000000  -0.00000000     0.00521469   0.00000000     0.06228645   0.00000000
 -0.00000000  -0.00000000     0.09329421   0.00000000     0.01054852   0.00000000
    2    1
  0.00000000  -0.00000000     0.04733773  -0.00000000    -0.04733773   0.00000000
  0.05137300  -0.00000000     0.00000000  -0.00000000    -0.00000000  -0.00000000
 -0.05137300   0.00000000     0.00000000  -0.00000000     0.00000000   0.00000000
    2    2
  0.18217741   0.00000000    -0.00000000   0.00000000    -0.00000000   0.00000000
  0.00000000   0.00000000     0.13801905   0.00000000    -0.00234528   0.00000000
 -0.00000000   0.00000000    -0.00234528   0.00000000     0.13801905   0.00000000
    2    3
 -0.08326124  -0.00000000     0.00000000   0.00000000     0.00000000   0.00000000
  0.00000000  -0.00000000     0.01176781   0.00000000     0.00252209   0.00000000
 -0.00000000   0.00000000     0.00252209   0.00000000     0.01176781   0.00000000
    2    4
  0.01060519  -0.00000000    -0.00334178   0.00000000     0.01608471  -0.00000000
  0.01309745  -0.00000000     0.01283491  -0.00000000     0.01051985  -0.00000000
  0.00876011  -0.00000000     0.01962816  -0.00000000     0.00052521  -0.00000000
    2    5
  0.01060519   0.00000000     0.00334178   0.00000000    -0.01608471  -0.00000000
 -0.01309745  -0.00000000     0.01283491   0.00000000     0.01051985   0.00000000
 -0.00876011  -0.00000000     0.01962816   0.00000000     0.00052521   0.00000000
    2    6
  0.01060519   0.00000000     0.01608471   0.00000000    -0.00334178  -0.00000000
  0.00876011   0.00000000     0.00052521   0.00000000     0.01962816   0.00000000
  0.01309745   0.00000000     0.01051985   0.00000000     0.01283491   0.00000000
    2    7
  0.01060519   0.00000000    -0.01608471  -0.00000000     0.00334178   0.00000000
 -0.00876011  -0.00000000     0.00052521   0.00000000     0.01962816   0.00000000
 -0.01309745  -0.00000000     0.01051985   0.00000000     0.01283491   0.00000000
    3    1
 -0.00000000   0.00000000    -0.04733773   0.00000000     0.04733773  -0.00000000
 -0.05137300   0.00000000     0.00000000   0.00000000     0.00000000   0.00000000
  0.05137300  -0.00000000    -0.00000000   0.00000000     0.00000000   0.00000000
    3    2
 -0.08326124   0.00000000     0.00000000  -0.00000000     0.00000000   0.00000000
  0.00000000   0.00000000     0.01176781  -0.00000000     0.00252209  -0.00000000
 -0.00000000  -0.00000000     0.00252209  -0.00000000     0.01176781  -0.00000000
    3    3
  0.18217741   0.00000000    -0.00000000   0.00000000    -0.00000000   0.00000000
  0.00000000   0.00000000     0.13801905   0.00000000    -0.00234528   0.00000000
 -0.00000000   0.00000000    -0.00234528   0.00000000     0.13801905   0.00000000
    3    4
  0.01060519  -0.00000000     0.00334178  -0.00000000    -0.01608471   0.00000000
 -0.01309745   0.00000000     0.01283491  -0.00000000     0.01051985  -0.00000000
 -0.00876011   0.00000000     0.01962816  -0.00000000     0.00052521  -0.00000000
    3    5
  0.01060519  -0.00000000    -0.00334178   0.00000000     0.01608471  -0.00000000
  0.01309745  -0.00000000     0.01283491  -0.00000000     0.01051985  -0.00000000
  0.00876011  -0.00000000     0.01962816  -0.00000000     0.00052521  -0.00000000
    3    6
  0.01060519  -0.00000000    -0.01608471   0.00000000     0.00334178  -0.00000000
 -0.00876011   0.00000000     0.00052521  -0.00000000     0.01962816  -0.00000000
 -0.01309745   0.00000000     0.01051985  -0.00000000     0.01283491  -0.00000000
    3    7
  0.01060519  -0.00000000     0.01608471  -0.00000000    -0.00334178   0.00000000
  0.00876011  -0.00000000     0.00052521  -0.00000000     0.01962816  -0.00000000
  0.01309745  -0.00000000     0.01051985  -0.00000000     0.01283491  -0.00000000
    4    1
 -0.10922870   0.00000000    -0.00000000   0.00000000    -0.00000000   0.00000000
 -0.00000000   0.00000000     0.01054852  -0.00000000     0.06228645  -0.00000000
 -0.00000000   0.00000000     0.09329421  -0.00000000     0.00521469  -0.00000000
    4    2
  0.01060519   0.00000000     0.01309745   0.00000000     0.00876011   0.00000000
 -0.00334178  -0.00000000     0.01283491   0.00000000     0.01962816   0.00000000
  0.01608471   0.00000000     0.01051985   0.00000000     0.00052521   0.00000000
    4    3
  0.01060519   0.00000000    -0.01309745  -0.00000000    -0.00876011  -0.00000000
  0.00334178   0.00000000     0.01283491   0.00000000     0.01962816   0.00000000
 -0.01608471  -0.00000000     0.01051985   0.00000000     0.00052521   0.00000000
    4    4
  0.14747874   0.00000000     0.00000000   0.00000000    -0.00000000   0.00000000
  0.00000000   0.00000000     0.16056902   0.00000000    -0.00497971   0.00000000
 -0.00000000   0.00000000    -0.00497971   0.00000000     0.13293596   0.00000000
    4    5
  0.01518866  -0.00000000     0.00000000  -0.00000000     0.00000000  -0.00000000
  0.00000000  -0.00000000     0.00823348  -0.00000000    -0.00827545   0.00000000
  0.00000000  -0.00000000    -0.00827545   0.00000000     0.00000386  -0.00000000
    4    6
 -0.02522137  -0.00000000     0.00000000   0.00000000     0.00000000   0.00000000
  0.00000000   0.00000000    -0.01850275  -0.00000000    -0.01684977  -0.00000000
  0.00000000   0.00000000    -0.02031983  -0.00000000    -0.01850275  -0.00000000
    4    7
 -0.01774652  -0.00000000     0.00000000   0.00000000     0.00000000  -0.00000000
  0.00000000   0.00000000     0.00381211   0.00000000     0.00892107   0.00000000
  0.00000000   0.00000000    -0.01593072  -0.00000000     0.00381211   0.00000000
    5    1
  0.10922870  -0.00000000     0.00000000   0.00000000     0.00000000   0.00000000
  0.00000000   0.00000000    -0.01054852   0.00000000    -0.06228645   0.00000000
  0.00000000  -0.00000000    -0.09329421   0.00000000    -0.00521469   0.00000000
    5    2
  0.01060519  -0.00000000    -0.01309745   0.00000000    -0.00876011   0.00000000
  0.00334178  -0.00000000     0.01283491  -0.00000000     0.01962816  -0.00000000
 -0.01608471   0.00000000     0.01051985  -0.00000000     0.00052521  -0.00000000
    5    3
  0.01060519   0.00000000     0.01309745   0.00000000     0.00876011   0.00000000
 -0.00334178  -0.00000000     0.01283491   0.00000000     0.01962816   0.00000000
  0.01608471   0.00000000     0.01051985   0.00000000     0.00052521   0.00000000
    5    4
  0.01518866   0.00000000     0.00000000   0.00000000    -0.00000000   0.00000000
  0.00000000   0.00000000     0.00823348   0.00000000    -0.00827545  -0.00000000
 -0.00000000   0.00000000    -0.00827545  -0.00000000     0.00000386   0.00000000
    5    5
  0.14747874   0.00000000    -0.00000000   0.00000000    -0.00000000   0.00000000
 -0.00000000   0.00000000     0.16056902   0.00000000    -0.00497971   0.00000000
 -0.00000000   0.00000000    -0.00497971   0.00000000     0.13293596   0.00000000
    5    6
 -0.01774652  -0.00000000     0.00000000   0.00000000     0.00000000  -0.00000000
  0.00000000  -0.00000000     0.00381211   0.00000000     0.00892107   0.00000000
  0.00000000  -0.00000000    -0.01593072  -0.00000000     0.00381211   0.00000000
    5    7
 -0.02522137  -0.00000000     0.00000000   0.00000000     0.00000000   0.00000000
  0.00000000   0.00000000    -0.01850275  -0.00000000    -0.01684977  -0.00000000
  0.00000000   0.00000000    -0.02031983  -0.00000000    -0.01850275  -0.00000000
    6    1
  0.10922870  -0.00000000     0.00000000   0.00000000     0.00000000   0.00000000
  0.00000000   0.00000000    -0.00521469   0.00000000    -0.09329421   0.00000000
  0.00000000   0.00000000    -0.06228645   0.00000000    -0.01054852   0.00000000
    6    2
  0.01060519  -0.00000000     0.00876011  -0.00000000     0.01309745  -0.00000000
  0.01608471  -0.00000000     0.00052521  -0.00000000     0.01051985  -0.00000000
 -0.00334178   0.00000000     0.01962816  -0.00000000     0.01283491  -0.00000000
    6    3
  0.01060519   0.00000000    -0.00876011  -0.00000000    -0.01309745  -0.00000000
 -0.01608471  -0.00000000     0.00052521   0.00000000     0.01051985   0.00000000
  0.00334178   0.00000000     0.01962816   0.00000000     0.01283491   0.00000000
    6    4
 -0.02522137   0.00000000     0.00000000  -0.00000000     0.00000000  -0.00000000
  0.00000000  -0.00000000    -0.01850275   0.00000000    -0.02031983   0.00000000
  0.00000000  -0.00000000    -0.01684977   0.00000000    -0.01850275   0.00000000
    6    5
 -0.01774652   0.00000000     0.00000000   0.00000000     0.00000000  -0.00000000
  0.00000000   0.00000000     0.00381211  -0.00000000    -0.01593072   0.00000000
  0.00000000   0.00000000     0.00892107  -0.00000000     0.00381211  -0.00000000
    6    6
  0.14747874   0.00000000    -0.00000000   0.00000000    -0.00000000   0.00000000
  0.00000000   0.00000000     0.13293596   0.00000000    -0.00497971   0.00000000
 -0.00000000   0.00000000    -0.00497971   0.00000000     0.16056902   0.00000000
    6    7
  0.01518866  -0.00000000     0.00000000   0.00000000    -0.00000000   0.00000000
  0.00000000  -0.00000000     0.00000386  -0.00000000    -0.00827545   0.00000000
 -0.00000000   0.00000000    -0.00827545   0.00000000     0.00823348  -0.00000000
    7    1
 -0.10922870   0.00000000    -0.00000000   0.00000000    -0.00000000   0.00000000
 -0.00000000   0.00000000     0.00521469  -0.00000000     0.09329421  -0.00000000
 -0.00000000   0.00000000     0.06228645  -0.00000000     0.01054852  -0.00000000
    7    2
  0.01060519  -0.00000000    -0.00876011   0.00000000    -0.01309745   0.00000000
 -0.01608471   0.00000000     0.00052521  -0.00000000     0.01051985  -0.00000000
  0.00334178  -0.00000000     0.01962816  -0.00000000     0.01283491  -0.00000000
    7    3
  0.01060519   0.00000000     0.00876011   0.00000000     0.01309745   0.00000000
  0.01608471   0.00000000     0.00052521   0.00000000     0.01051985   0.00000000
 -0.00334178  -0.00000000     0.01962816   0.00000000     0.01283491   0.00000000
    7    4
 -0.01774652   0.00000000     0.00000000   0.00000000     0.00000000  -0.00000000
  0.00000000  -0.00000000     0.00381211  -0.00000000    -0.01593072   0.00000000
  0.00000000   0.00000000     0.00892107  -0.00000000     0.00381211  -0.00000000
    7    5
 -0.02522137   0.00000000     0.00000000  -0.00000000     0.00000000  -0.00000000
  0.00000000  -0.00000000    -0.01850275   0.00000000    -0.02031983   0.00000000
  0.00000000  -0.00000000    -0.01684977   0.00000000    -0.01850275   0.00000000
    7    6
  0.01518866   0.00000000    -0.00000000   0.00000000    -0.00000000  -0.00000000
 -0.00000000   0.00000000     0.00000386   0.00000000    -0.00827545  -0.00000000
 -0.00000000  -0.00000000    -0.00827545  -0.00000000     0.00823348   0.00000000
    7    7
  0.14747874   0.00000000    -0.00000000   0.00000000    -0.00000000   0.00000000
  0.00000000   0.00000000     0.13293596   0.00000000    -0.00497971   0.00000000
 -0.00000000   0.00000000    -0.00497971   0.00000000     0.16056902   0.00000000

     Dynamical  Matrix in cartesian axes

     q = (    0.433012700   0.000000000  -0.433012700 ) 

    1    1
  0.66759575   0.00000000     0.00000000   0.00000000    -0.14629570   0.00000000
  0.00000000   0.00000000     0.71047895   0.00000000     0.00000000   0.00000000
 -0.14629570   0.00000000    -0.00000000   0.00000000     0.66759575   0.00000000
    1    2
  0.01054852  -0.00000000     0.00000000  -0.00000000    -0.09329421   0.00000000
  0.00000000  -0.00000000    -0.10922870   0.00000000    -0.00000000  -0.00000000
 -0.06228645   0.00000000    -0.00000000   0.00000000     0.00521469  -0.00000000
    1    3
  0.01054852   0.00000000     0.00000000   0.00000000    -0.09329421  -0.00000000
  0.00000000   0.00000000    -0.10922870  -0.00000000     0.00000000   0.00000000
 -0.06228645  -0.00000000     0.00000000   0.00000000     0.00521469   0.00000000
    1    4
 -0.00000000  -0.00000000    -0.04733773  -0.00000000    -0.00000000  -0.00000000
