Dynamical matrix file
Electron-phonon coefficients for Ca1H6                                     
  2    7   0   5.5613398   0.0000000   0.0000000   0.0000000   0.0000000   0.0000000
Basis vectors
     -0.577350269    0.577350269    0.577350269
      0.577350269   -0.577350269    0.577350269
      0.577350269    0.577350269   -0.577350269
           1  'Ca  '    36528.8623753087     
           2  'H   '    918.681110398939     
    1    1      0.0000000000      0.0000000000      0.0000000000
    2    2      0.2886751346      0.0000000000      0.5773502692
    3    2      0.2886751346      0.5773502692      0.0000000000
    4    2      0.5773502692      0.2886751346      0.0000000000
    5    2      0.0000000000      0.2886751346      0.5773502692
    6    2      0.0000000000      0.5773502692      0.2886751346
    7    2      0.5773502692      0.0000000000      0.2886751346

     Dynamical  Matrix in cartesian axes

     q = (    0.216506400   0.108253200   0.108253200 ) 

    1    1
  0.65327854   0.00000000     0.04219013   0.00000000     0.04219013   0.00000000
  0.04219013   0.00000000     0.64650779   0.00000000     0.01692289   0.00000000
  0.04219013   0.00000000     0.01692289   0.00000000     0.64650779   0.00000000
    1    2
 -0.03153002   0.03153003     0.03273392   0.00513262    -0.00513263  -0.03273391
  0.01746895   0.00936464    -0.04062662   0.09451359     0.00082007   0.00002926
 -0.00936464  -0.01746895    -0.00002926  -0.00082007    -0.09451357   0.04062665
    1    3
 -0.03153002   0.03153003    -0.00513263  -0.03273391     0.03273392   0.00513262
 -0.00936464  -0.01746895    -0.09451357   0.04062665    -0.00002926  -0.00082007
  0.01746895   0.00936464     0.00082007   0.00002926    -0.04062662   0.09451359
    1    4
 -0.05447103   0.05378928    -0.02870544  -0.02632724    -0.00127489   0.00074433
 -0.02351511  -0.03801596    -0.02834123   0.03827926     0.02331405   0.00370864
 -0.00020591   0.00177567     0.01754237   0.00535181    -0.04679661   0.10117254
    1    5
 -0.05378926   0.05447104     0.02632725   0.02870544    -0.00074433   0.00127489
  0.03801596   0.02351510    -0.03827925   0.02834124    -0.00370865  -0.02331405
 -0.00177567   0.00020591    -0.00535182  -0.01754237    -0.10117252   0.04679665
    1    6
 -0.05378926   0.05447104    -0.00074433   0.00127489     0.02632725   0.02870544
 -0.00177567   0.00020591    -0.10117252   0.04679665    -0.00535182  -0.01754237
  0.03801596   0.02351510    -0.00370865  -0.02331405    -0.03827925   0.02834124
    1    7
 -0.05447103   0.05378928    -0.00127489   0.00074433    -0.02870544  -0.02632724
 -0.00020591   0.00177567    -0.04679661   0.10117254     0.01754237   0.00535181
 -0.02351511  -0.03801596     0.02331405   0.00370864    -0.02834123   0.03827926
    2    1
 -0.03153002  -0.03153003     0.01746895  -0.00936464    -0.00936464   0.01746895
  0.03273392  -0.00513262    -0.04062662  -0.09451359    -0.00002926   0.00082007
 -0.00513263   0.03273391     0.00082007  -0.00002926    -0.09451357  -0.04062665
    2    2
  0.17859129   0.00000000    -0.00092733  -0.00155812    -0.00092733   0.00155812
 -0.00092733   0.00155812     0.15163699  -0.00000000    -0.00006598  -0.00035743
 -0.00092733  -0.00155812    -0.00006598   0.00035743     0.15163699  -0.00000000
    2    3
 -0.07728642  -0.00000000    -0.00238829  -0.00007644    -0.00238829   0.00007644
 -0.00238829  -0.00007644     0.01572275  -0.00662929     0.00085076  -0.00000000
 -0.00238829   0.00007644     0.00085076  -0.00000000     0.01572275   0.00662929
    2    4
 -0.00063176  -0.00250333    -0.01466598  -0.00305088    -0.00059575  -0.00357662
  0.01484830  -0.00856538    -0.00103083  -0.00530041     0.00274236  -0.00247231
  0.00307385  -0.00282294     0.00062366  -0.00436421    -0.02012223  -0.00766558
    2    5
  0.00136503   0.00348671     0.02634004   0.00806760    -0.00020722  -0.00468562
 -0.01091121  -0.00010827     0.00316089  -0.00658138    -0.00158225   0.00185631
  0.00170057  -0.00166450    -0.00411601   0.00462618    -0.01812206  -0.00689220
    2    6
 -0.00063176   0.00250333    -0.00059575   0.00357662    -0.01466598   0.00305088
  0.00307385   0.00282294    -0.02012223   0.00766558     0.00062366   0.00436421
  0.01484830   0.00856538     0.00274236   0.00247231    -0.00103083   0.00530041
    2    7
  0.00136503  -0.00348671    -0.00020722   0.00468562     0.02634004  -0.00806760
  0.00170057   0.00166450    -0.01812206   0.00689220    -0.00411601  -0.00462618
 -0.01091121   0.00010827    -0.00158225  -0.00185631     0.00316089   0.00658138
    3    1
 -0.03153002  -0.03153003    -0.00936464   0.01746895     0.01746895  -0.00936464
 -0.00513263   0.03273391    -0.09451357  -0.04062665     0.00082007  -0.00002926
  0.03273392  -0.00513262    -0.00002926   0.00082007    -0.04062662  -0.09451359
    3    2
 -0.07728642   0.00000000    -0.00238829   0.00007644    -0.00238829  -0.00007644
 -0.00238829   0.00007644     0.01572275   0.00662929     0.00085076   0.00000000
 -0.00238829  -0.00007644     0.00085076   0.00000000     0.01572275  -0.00662929
    3    3
  0.17859129  -0.00000000    -0.00092733   0.00155812    -0.00092733  -0.00155812
 -0.00092733  -0.00155812     0.15163699   0.00000000    -0.00006598   0.00035743
 -0.00092733   0.00155812    -0.00006598  -0.00035743     0.15163699   0.00000000
    3    4
  0.00136503  -0.00348671     0.02634004  -0.00806760    -0.00020722   0.00468562
 -0.01091121   0.00010827     0.00316089   0.00658138    -0.00158225  -0.00185631
  0.00170057   0.00166450    -0.00411601  -0.00462618    -0.01812206   0.00689220
    3    5
 -0.00063176   0.00250333    -0.01466598   0.00305088    -0.00059575   0.00357662
  0.01484830   0.00856538    -0.00103083   0.00530041     0.00274236   0.00247231
  0.00307385   0.00282294     0.00062366   0.00436421    -0.02012223   0.00766558
    3    6
  0.00136503   0.00348671    -0.00020722  -0.00468562     0.02634004   0.00806760
  0.00170057  -0.00166450    -0.01812206  -0.00689220    -0.00411601   0.00462618
 -0.01091121  -0.00010827    -0.00158225   0.00185631     0.00316089  -0.00658138
    3    7
 -0.00063176  -0.00250333    -0.00059575  -0.00357662    -0.01466598  -0.00305088
  0.00307385  -0.00282294    -0.02012223  -0.00766558     0.00062366  -0.00436421
  0.01484830  -0.00856538     0.00274236  -0.00247231    -0.00103083  -0.00530041
    4    1
 -0.05447103  -0.05378928    -0.02351511   0.03801596    -0.00020591  -0.00177567
 -0.02870544   0.02632724    -0.02834123  -0.03827926     0.01754237  -0.00535181
 -0.00127489  -0.00074433     0.02331405  -0.00370864    -0.04679661  -0.10117254
    4    2
 -0.00063176   0.00250333     0.01484830   0.00856538     0.00307385   0.00282294
 -0.01466598   0.00305088    -0.00103083   0.00530041     0.00062366   0.00436421
 -0.00059575   0.00357662     0.00274236   0.00247231    -0.02012223   0.00766558
    4    3
  0.00136503   0.00348671    -0.01091121  -0.00010827     0.00170057  -0.00166450
  0.02634004   0.00806760     0.00316089  -0.00658138    -0.00411601   0.00462618
 -0.00020722  -0.00468562    -0.00158225   0.00185631    -0.01812206  -0.00689220
    4    4
  0.14901148   0.00000000    -0.00036444  -0.00248041    -0.00073013  -0.00001965
 -0.00036444   0.00248041     0.18333796  -0.00000000     0.00069598  -0.00087820
 -0.00073013   0.00001965     0.00069598   0.00087820     0.14888770  -0.00000000
    4    5
  0.01731639   0.00756155    -0.00334602   0.00169785     0.00196737   0.00088460
 -0.00334602   0.00169785    -0.08330936  -0.03914281    -0.00099327  -0.00180700
  0.00196737   0.00088460    -0.00099327  -0.00180700     0.01960754   0.00350373
    4    6
 -0.01517162  -0.01431273     0.00490170  -0.00223103     0.00516016  -0.00665269
  0.00516016  -0.00665269    -0.00010929  -0.00146847    -0.01450458  -0.01168900
  0.00490170  -0.00223103     0.01909472   0.00370489    -0.00010929  -0.00146847
    4    7
 -0.01836337  -0.00000000    -0.00020141  -0.00395443    -0.00208424   0.00959844
 -0.00208424  -0.00959844     0.00062678   0.00424630     0.02768969   0.00000000
 -0.00020141   0.00395443    -0.01610270  -0.00000000     0.00062678  -0.00424630
    5    1
 -0.05378926  -0.05447104     0.03801596  -0.02351510    -0.00177567  -0.00020591
  0.02632725  -0.02870544    -0.03827925  -0.02834124    -0.00535182   0.01754237
 -0.00074433  -0.00127489    -0.00370865   0.02331405    -0.10117252  -0.04679665
    5    2
  0.00136503  -0.00348671    -0.01091121   0.00010827     0.00170057   0.00166450
  0.02634004  -0.00806760     0.00316089   0.00658138    -0.00411601  -0.00462618
 -0.00020722   0.00468562    -0.00158225  -0.00185631    -0.01812206   0.00689220
    5    3
 -0.00063176  -0.00250333     0.01484830  -0.00856538     0.00307385  -0.00282294
 -0.01466598  -0.00305088    -0.00103083  -0.00530041     0.00062366  -0.00436421
 -0.00059575  -0.00357662     0.00274236  -0.00247231    -0.02012223  -0.00766558
    5    4
  0.01731639  -0.00756155    -0.00334602  -0.00169785     0.00196737  -0.00088460
 -0.00334602  -0.00169785    -0.08330936   0.03914281    -0.00099327   0.00180700
  0.00196737  -0.00088460    -0.00099327   0.00180700     0.01960754  -0.00350373
    5    5
  0.14901148  -0.00000000    -0.00036444   0.00248041    -0.00073013   0.00001965
 -0.00036444  -0.00248041     0.18333796   0.00000000     0.00069598   0.00087820
 -0.00073013  -0.00001965     0.00069598  -0.00087820     0.14888770   0.00000000
    5    6
 -0.01836337   0.00000000    -0.00020141   0.00395443    -0.00208424  -0.00959844
 -0.00208424   0.00959844     0.00062678  -0.00424630     0.02768969  -0.00000000
 -0.00020141  -0.00395443    -0.01610270  -0.00000000     0.00062678   0.00424630
    5    7
 -0.01517162   0.01431273     0.00490170   0.00223103     0.00516016   0.00665269
  0.00516016   0.00665269    -0.00010929   0.00146847    -0.01450458   0.01168900
  0.00490170   0.00223103     0.01909472  -0.00370489    -0.00010929   0.00146847
    6    1
 -0.05378926  -0.05447104    -0.00177567  -0.00020591     0.03801596  -0.02351510
 -0.00074433  -0.00127489    -0.10117252  -0.04679665    -0.00370865   0.02331405
  0.02632725  -0.02870544    -0.00535182   0.01754237    -0.03827925  -0.02834124
    6    2
 -0.00063176  -0.00250333     0.00307385  -0.00282294     0.01484830  -0.00856538
 -0.00059575  -0.00357662    -0.02012223  -0.00766558     0.00274236  -0.00247231
 -0.01466598  -0.00305088     0.00062366  -0.00436421    -0.00103083  -0.00530041
    6    3
  0.00136503  -0.00348671     0.00170057   0.00166450    -0.01091121   0.00010827
 -0.00020722   0.00468562    -0.01812206   0.00689220    -0.00158225  -0.00185631
  0.02634004  -0.00806760    -0.00411601  -0.00462618     0.00316089   0.00658138
    6    4
 -0.01517162   0.01431273     0.00516016   0.00665269     0.00490170   0.00223103
  0.00490170   0.00223103    -0.00010929   0.00146847     0.01909472  -0.00370489
  0.00516016   0.00665269    -0.01450458   0.01168900    -0.00010929   0.00146847
    6    5
 -0.01836337   0.00000000    -0.00208424  -0.00959844    -0.00020141   0.00395443
 -0.00020141  -0.00395443     0.00062678   0.00424630    -0.01610270   0.00000000
 -0.00208424   0.00959844     0.02768969   0.00000000     0.00062678  -0.00424630
    6    6
  0.14901148  -0.00000000    -0.00073013   0.00001965    -0.00036444   0.00248041
 -0.00073013  -0.00001965     0.14888770   0.00000000     0.00069598  -0.00087820
 -0.00036444  -0.00248041     0.00069598   0.00087820     0.18333796   0.00000000
    6    7
  0.01731639  -0.00756155     0.00196737  -0.00088460    -0.00334602  -0.00169785
  0.00196737  -0.00088460     0.01960754  -0.00350373    -0.00099327   0.00180700
 -0.00334602  -0.00169785    -0.00099327   0.00180700    -0.08330936   0.03914281
    7    1
 -0.05447103  -0.05378928    -0.00020591  -0.00177567    -0.02351511   0.03801596
 -0.00127489  -0.00074433    -0.04679661  -0.10117254     0.02331405  -0.00370864
 -0.02870544   0.02632724     0.01754237  -0.00535181    -0.02834123  -0.03827926
    7    2
  0.00136503   0.00348671     0.00170057  -0.00166450    -0.01091121  -0.00010827
 -0.00020722  -0.00468562    -0.01812206  -0.00689220    -0.00158225   0.00185631
  0.02634004   0.00806760    -0.00411601   0.00462618     0.00316089  -0.00658138
    7    3
 -0.00063176   0.00250333     0.00307385   0.00282294     0.01484830   0.00856538
 -0.00059575   0.00357662    -0.02012223   0.00766558     0.00274236   0.00247231
 -0.01466598   0.00305088     0.00062366   0.00436421    -0.00103083   0.00530041
    7    4
 -0.01836337   0.00000000    -0.00208424   0.00959844    -0.00020141  -0.00395443
 -0.00020141   0.00395443     0.00062678  -0.00424630    -0.01610270  -0.00000000
 -0.00208424  -0.00959844     0.02768969  -0.00000000     0.00062678   0.00424630
    7    5
 -0.01517162  -0.01431273     0.00516016  -0.00665269     0.00490170  -0.00223103
  0.00490170  -0.00223103    -0.00010929  -0.00146847     0.01909472   0.00370489
  0.00516016  -0.00665269    -0.01450458  -0.01168900    -0.00010929  -0.00146847
    7    6
  0.01731639   0.00756155     0.00196737   0.00088460    -0.00334602   0.00169785
  0.00196737   0.00088460     0.01960754   0.00350373    -0.00099327  -0.00180700
 -0.00334602   0.00169785    -0.00099327  -0.00180700    -0.08330936  -0.03914281
    7    7
  0.14901148   0.00000000    -0.00073013  -0.00001965    -0.00036444  -0.00248041
 -0.00073013   0.00001965     0.14888770  -0.00000000     0.00069598   0.00087820
 -0.00036444   0.00248041     0.00069598  -0.00087820     0.18333796  -0.00000000

     Dynamical  Matrix in cartesian axes

     q = (   -0.216506400   0.108253200  -0.108253200 ) 

    1    1
  0.65327854   0.00000000    -0.04219013   0.00000000     0.04219013   0.00000000
 -0.04219013   0.00000000     0.64650779   0.00000000    -0.01692289   0.00000000
  0.04219013   0.00000000    -0.01692289   0.00000000     0.64650779   0.00000000
    1    2
 -0.03153002  -0.03153003    -0.03273392   0.00513262    -0.00513263   0.03273391
 -0.01746895   0.00936464    -0.04062662  -0.09451359    -0.00082007   0.00002926
 -0.00936464   0.01746895     0.00002926  -0.00082007    -0.09451357  -0.04062665
    1    3
 -0.04459019   0.00000000    -0.01951706  -0.02677568     0.01951706  -0.02677568
 -0.00573061  -0.01897421    -0.09555856   0.03810382    -0.00055918  -0.00060056
  0.00573061  -0.01897421    -0.00055918   0.00060056    -0.09555856  -0.03810382
    1    4
 -0.05378926  -0.05447104    -0.02632725   0.02870544    -0.00074433  -0.00127489
 -0.03801596   0.02351510    -0.03827925  -0.02834124     0.00370865  -0.02331405
 -0.00177567  -0.00020591     0.00535182  -0.01754237    -0.10117252  -0.04679665
    1    5
 -0.07655160   0.00048208     0.00168164  -0.03891399    -0.00142781   0.00037516
 -0.01025366  -0.04350903    -0.04710780  -0.00702724    -0.01386312   0.01910793
 -0.00140119  -0.00110998    -0.00862002   0.01618864    -0.10463000  -0.03844956
    1    6
 -0.07655160  -0.00048208     0.00142781   0.00037516    -0.00168164  -0.03891399
  0.00140119  -0.00110998    -0.10463000   0.03844956    -0.00862002  -0.01618864
  0.01025366  -0.04350903    -0.01386312  -0.01910793    -0.04710780   0.00702724
    1    7
 -0.05447103  -0.05378928     0.00127489   0.00074433    -0.02870544   0.02632724
  0.00020591   0.00177567    -0.04679661  -0.10117254    -0.01754237   0.00535181
 -0.02351511   0.03801596    -0.02331405   0.00370864    -0.02834123  -0.03827926
    2    1
 -0.03153002   0.03153003    -0.01746895  -0.00936464    -0.00936464  -0.01746895
 -0.03273392  -0.00513262    -0.04062662   0.09451359     0.00002926   0.00082007
 -0.00513263  -0.03273391    -0.00082007  -0.00002926    -0.09451357   0.04062665
    2    2
  0.17859129  -0.00000000     0.00092733  -0.00155812    -0.00092733  -0.00155812
  0.00092733   0.00155812     0.15163699   0.00000000     0.00006598  -0.00035743
 -0.00092733   0.00155812     0.00006598   0.00035743     0.15163699   0.00000000
    2    3
 -0.05464974   0.05464976     0.00163473  -0.00174283    -0.00174283   0.00163473
  0.00163473  -0.00174283     0.01580528  -0.00643005    -0.00060158   0.00060158
 -0.00174283   0.00163473    -0.00060158   0.00060158     0.00643004  -0.01580528
    2    4
  0.00136503  -0.00348671    -0.02634004   0.00806760    -0.00020722   0.00468562
  0.01091121  -0.00010827     0.00316089   0.00658138     0.00158225   0.00185631
  0.00170057   0.00166450     0.00411601   0.00462618    -0.01812206   0.00689220
    2    5
  0.00132340   0.00221684     0.00821312  -0.01252771     0.00210779   0.00295031
 -0.01655597   0.00444270     0.00301905   0.00447686    -0.00368733   0.00019096
  0.00416966  -0.00017742    -0.00352695  -0.00264497    -0.00880818   0.01964895
    2    6
 -0.00221684  -0.00132340     0.00295031   0.00210779    -0.01252771   0.00821312
 -0.00017742   0.00416966    -0.01964895   0.00880819     0.00264497   0.00352695
  0.00444269  -0.01655598    -0.00019096   0.00368733    -0.00447686  -0.00301904
    2    7
  0.00136503   0.00348671     0.00020722   0.00468562     0.02634004   0.00806760
 -0.00170057   0.00166450    -0.01812206  -0.00689220     0.00411601  -0.00462618
 -0.01091121  -0.00010827     0.00158225  -0.00185631     0.00316089  -0.00658138
    3    1
 -0.04459019  -0.00000000    -0.00573061   0.01897421     0.00573061   0.01897421
 -0.01951706   0.02677568    -0.09555856  -0.03810382    -0.00055918  -0.00060056
  0.01951706   0.02677568    -0.00055918   0.00060056    -0.09555856   0.03810382
    3    2
 -0.05464974  -0.05464976     0.00163473   0.00174283    -0.00174283  -0.00163473
  0.00163473   0.00174283     0.01580528   0.00643005    -0.00060158  -0.00060158
 -0.00174283  -0.00163473    -0.00060158  -0.00060158     0.00643004   0.01580528
    3    3
  0.17859129  -0.00000000     0.00092733   0.00155812    -0.00092733   0.00155812
  0.00092733  -0.00155812     0.15163699   0.00000000     0.00006598   0.00035743
 -0.00092733  -0.00155812     0.00006598  -0.00035743     0.15163699  -0.00000000
    3    4
  0.00132340  -0.00221684     0.00821312   0.01252771     0.00210779  -0.00295031
 -0.01655597  -0.00444270     0.00301905  -0.00447686    -0.00368733  -0.00019096
  0.00416966   0.00017742    -0.00352695   0.00264497    -0.00880818  -0.01964895
    3    5
  0.00136503   0.00348671    -0.02634004  -0.00806760    -0.00020722  -0.00468562
  0.01091121   0.00010827     0.00316089  -0.00658138     0.00158225  -0.00185631
  0.00170057  -0.00166450     0.00411601  -0.00462618    -0.01812206  -0.00689220
    3    6
  0.00136503  -0.00348671     0.00020722  -0.00468562     0.02634004  -0.00806760
 -0.00170057  -0.00166450    -0.01812206   0.00689220     0.00411601   0.00462618
 -0.01091121   0.00010827     0.00158225   0.00185631     0.00316089   0.00658138
    3    7
 -0.00221684   0.00132340     0.00295031  -0.00210779    -0.01252771  -0.00821312
 -0.00017742  -0.00416966    -0.01964895  -0.00880819     0.00264497  -0.00352695
  0.00444269   0.01655598    -0.00019096  -0.00368733    -0.00447686   0.00301904
    4    1
 -0.05378926   0.05447104    -0.03801596  -0.02351510    -0.00177567   0.00020591
 -0.02632725  -0.02870544    -0.03827925   0.02834124     0.00535182   0.01754237
 -0.00074433   0.00127489     0.00370865   0.02331405    -0.10117252   0.04679665
    4    2
  0.00136503   0.00348671     0.01091121   0.00010827     0.00170057  -0.00166450
 -0.02634004  -0.00806760     0.00316089  -0.00658138     0.00411601  -0.00462618
 -0.00020722  -0.00468562     0.00158225  -0.00185631    -0.01812206  -0.00689220
    4    3
  0.00132340   0.00221684    -0.01655597   0.00444270     0.00416966  -0.00017742
  0.00821312  -0.01252771     0.00301905   0.00447686    -0.00352695  -0.00264497
  0.00210779   0.00295031    -0.00368733   0.00019096    -0.00880818   0.01964895
    4    4
  0.14901148   0.00000000     0.00036444   0.00248041    -0.00073013  -0.00001965
  0.00036444  -0.00248041     0.18333796  -0.00000000    -0.00069598   0.00087820
 -0.00073013   0.00001965    -0.00069598  -0.00087820     0.14888770  -0.00000000
    4    5
  0.01759136  -0.00689771     0.00116543  -0.00356655     0.00201664  -0.00076563
  0.00116543  -0.00356655    -0.08658676   0.03123048     0.00198009   0.00057540
  0.00201664  -0.00076563     0.00198009   0.00057540     0.01634213  -0.01138712
    4    6
 -0.01298486   0.01298486     0.00293862   0.00265379     0.00531335   0.00826090
  0.00826090   0.00531334     0.00344579   0.00255939    -0.01957956   0.01957957
  0.00265379   0.00293862     0.01138633  -0.01138633    -0.00255939  -0.00344579
    4    7
 -0.01517162  -0.01431273    -0.00490170   0.00223103     0.00516016  -0.00665269
 -0.00516016   0.00665269    -0.00010929  -0.00146847     0.01450458   0.01168900
  0.00490170  -0.00223103    -0.01909472  -0.00370489    -0.00010929  -0.00146847
    5    1
 -0.07655160  -0.00048208    -0.01025366   0.04350903    -0.00140119   0.00110998
  0.00168164   0.03891399    -0.04710780   0.00702724    -0.00862002  -0.01618864
 -0.00142781  -0.00037516    -0.01386312  -0.01910793    -0.10463000   0.03844956
    5    2
  0.00132340  -0.00221684    -0.01655597  -0.00444270     0.00416966   0.00017742
  0.00821312   0.01252771     0.00301905  -0.00447686    -0.00352695   0.00264497
  0.00210779  -0.00295031    -0.00368733  -0.00019096    -0.00880818  -0.01964895
    5    3
  0.00136503  -0.00348671     0.01091121  -0.00010827     0.00170057   0.00166450
 -0.02634004   0.00806760     0.00316089   0.00658138     0.00411601   0.00462618
 -0.00020722   0.00468562     0.00158225   0.00185631    -0.01812206   0.00689220
    5    4
  0.01759136   0.00689771     0.00116543   0.00356655     0.00201664   0.00076563
  0.00116543   0.00356655    -0.08658676  -0.03123048     0.00198009  -0.00057540
  0.00201664   0.00076563     0.00198009  -0.00057540     0.01634213   0.01138712
    5    5
  0.14901148  -0.00000000     0.00036444  -0.00248041    -0.00073013   0.00001965
  0.00036444   0.00248041     0.18333796   0.00000000    -0.00069598  -0.00087820
 -0.00073013  -0.00001965    -0.00069598   0.00087820     0.14888770  -0.00000000
    5    6
 -0.01517162   0.01431273    -0.00490170  -0.00223103     0.00516016   0.00665269
 -0.00516016  -0.00665269    -0.00010929   0.00146847     0.01450458  -0.01168900
  0.00490170   0.00223103    -0.01909472   0.00370489    -0.00010929   0.00146847
    5    7
 -0.01298486  -0.01298486     0.00293862  -0.00265379     0.00531335  -0.00826090
  0.00826090  -0.00531334     0.00344579  -0.00255939    -0.01957956  -0.01957957
  0.00265379  -0.00293862     0.01138633   0.01138633    -0.00255939   0.00344579
    6    1
 -0.07655160   0.00048208     0.00140119   0.00110998     0.01025366   0.04350903
  0.00142781  -0.00037516    -0.10463000  -0.03844956    -0.01386312   0.01910793
 -0.00168164   0.03891399    -0.00862002   0.01618864    -0.04710780  -0.00702724
    6    2
 -0.00221684   0.00132340    -0.00017742  -0.00416966     0.00444269   0.01655598
  0.00295031  -0.00210779    -0.01964895  -0.00880819    -0.00019096  -0.00368733
 -0.01252771  -0.00821312     0.00264497  -0.00352695    -0.00447686   0.00301904
    6    3
  0.00136503   0.00348671    -0.00170057   0.00166450    -0.01091121  -0.00010827
  0.00020722   0.00468562    -0.01812206  -0.00689220     0.00158225  -0.00185631
  0.02634004   0.00806760     0.00411601  -0.00462618     0.00316089  -0.00658138
    6    4
 -0.01298486  -0.01298486     0.00826090  -0.00531334     0.00265379  -0.00293862
  0.00293862  -0.00265379     0.00344579  -0.00255939     0.01138633   0.01138633
  0.00531335  -0.00826090    -0.01957956  -0.01957957    -0.00255939   0.00344579
    6    5
 -0.01517162  -0.01431273    -0.00516016   0.00665269     0.00490170  -0.00223103
 -0.00490170   0.00223103    -0.00010929  -0.00146847    -0.01909472  -0.00370489
  0.00516016  -0.00665269     0.01450458   0.01168900    -0.00010929  -0.00146847
    6    6
  0.14901148  -0.00000000     0.00073013   0.00001965    -0.00036444  -0.00248041
  0.00073013  -0.00001965     0.14888770  -0.00000000    -0.00069598  -0.00087820
 -0.00036444   0.00248041    -0.00069598   0.00087820     0.18333796   0.00000000
    6    7
  0.00689771   0.01759136    -0.00076563  -0.00201664    -0.00356655  -0.00116543
 -0.00076563  -0.00201664     0.01138711   0.01634213    -0.00057540   0.00198009
 -0.00356655  -0.00116543    -0.00057540   0.00198009    -0.03123045  -0.08658677
    7    1
 -0.05447103   0.05378928     0.00020591  -0.00177567    -0.02351511  -0.03801596
  0.00127489  -0.00074433    -0.04679661   0.10117254    -0.02331405  -0.00370864
 -0.02870544  -0.02632724    -0.01754237  -0.00535181    -0.02834123   0.03827926
    7    2
  0.00136503  -0.00348671    -0.00170057  -0.00166450    -0.01091121   0.00010827
  0.00020722  -0.00468562    -0.01812206   0.00689220     0.00158225   0.00185631
  0.02634004  -0.00806760     0.00411601   0.00462618     0.00316089   0.00658138
    7    3
 -0.00221684  -0.00132340    -0.00017742   0.00416966     0.00444269  -0.01655598
  0.00295031   0.00210779    -0.01964895   0.00880819    -0.00019096   0.00368733
 -0.01252771   0.00821312     0.00264497   0.00352695    -0.00447686  -0.00301904
    7    4
 -0.01517162   0.01431273    -0.00516016  -0.00665269     0.00490170   0.00223103
 -0.00490170  -0.00223103    -0.00010929   0.00146847    -0.01909472   0.00370489
  0.00516016   0.00665269     0.01450458  -0.01168900    -0.00010929   0.00146847
    7    5
 -0.01298486   0.01298486     0.00826090   0.00531334     0.00265379   0.00293862
  0.00293862   0.00265379     0.00344579   0.00255939     0.01138633  -0.01138633
  0.00531335   0.00826090    -0.01957956   0.01957957    -0.00255939  -0.00344579
    7    6
  0.00689771  -0.01759136    -0.00076563   0.00201664    -0.00356655   0.00116543
 -0.00076563   0.00201664     0.01138711  -0.01634213    -0.00057540  -0.00198009
 -0.00356655   0.00116543    -0.00057540  -0.00198009    -0.03123045   0.08658677
    7    7
  0.14901148  -0.00000000     0.00073013  -0.00001965    -0.00036444   0.00248041
  0.00073013   0.00001965     0.14888770   0.00000000    -0.00069598   0.00087820
 -0.00036444  -0.00248041    -0.00069598  -0.00087820     0.18333796  -0.00000000

     Dynamical  Matrix in cartesian axes

     q = (    0.216506400  -0.108253200  -0.108253200 ) 

    1    1
  0.65327854   0.00000000    -0.04219013   0.00000000    -0.04219013   0.00000000
 -0.04219013   0.00000000     0.64650779   0.00000000     0.01692289   0.00000000
 -0.04219013   0.00000000     0.01692289   0.00000000     0.64650779   0.00000000
    1    2
 -0.04459019   0.00000000    -0.01951706  -0.02677568    -0.01951706   0.02677568
 -0.00573061  -0.01897421    -0.09555856   0.03810382     0.00055918   0.00060056
 -0.00573061   0.01897421     0.00055918  -0.00060056    -0.09555856  -0.03810382
    1    3
 -0.04459019   0.00000000    -0.01951706   0.02677568    -0.01951706  -0.02677568
 -0.00573061   0.01897421    -0.09555856  -0.03810382     0.00055918  -0.00060056
 -0.00573061  -0.01897421     0.00055918   0.00060056    -0.09555856   0.03810382
    1    4
 -0.05378926   0.05447104    -0.02632725  -0.02870544     0.00074433  -0.00127489
 -0.03801596  -0.02351510    -0.03827925   0.02834124    -0.00370865  -0.02331405
  0.00177567  -0.00020591    -0.00535182  -0.01754237    -0.10117252   0.04679665
    1    5
 -0.05378926  -0.05447104    -0.02632725   0.02870544     0.00074433   0.00127489
 -0.03801596   0.02351510    -0.03827925  -0.02834124    -0.00370865   0.02331405
  0.00177567   0.00020591    -0.00535182   0.01754237    -0.10117252  -0.04679665
    1    6
 -0.05378926  -0.05447104     0.00074433   0.00127489    -0.02632725   0.02870544
  0.00177567   0.00020591    -0.10117252  -0.04679665    -0.00535182   0.01754237
 -0.03801596   0.02351510    -0.00370865   0.02331405    -0.03827925  -0.02834124
    1    7
 -0.05378926   0.05447104     0.00074433  -0.00127489    -0.02632725  -0.02870544
  0.00177567  -0.00020591    -0.10117252   0.04679665    -0.00535182  -0.01754237
 -0.03801596  -0.02351510    -0.00370865  -0.02331405    -0.03827925   0.02834124
    2    1
 -0.04459019  -0.00000000    -0.00573061   0.01897421    -0.00573061  -0.01897421
 -0.01951706   0.02677568    -0.09555856  -0.03810382     0.00055918   0.00060056
 -0.01951706  -0.02677568     0.00055918  -0.00060056    -0.09555856   0.03810382
    2    2
  0.17859129   0.00000000     0.00092733   0.00155812     0.00092733  -0.00155812
  0.00092733  -0.00155812     0.15163699   0.00000000    -0.00006598  -0.00035743
  0.00092733   0.00155812    -0.00006598   0.00035743     0.15163699   0.00000000
    2    3
 -0.07728642  -0.00000000     0.00238829   0.00007644     0.00238829  -0.00007644
  0.00238829   0.00007644     0.01572275  -0.00662929     0.00085076  -0.00000000
  0.00238829  -0.00007644     0.00085076  -0.00000000     0.01572275   0.00662929
    2    4
  0.00343070   0.00150025    -0.02432987   0.01292058     0.00345976   0.00316671
  0.00779195  -0.00763883    -0.00241865  -0.00688882     0.00019379   0.00243143
 -0.00002550   0.00237947     0.00036075   0.00618167    -0.01768775   0.00794071
    2    5
  0.00132340  -0.00221684     0.00821312   0.01252771    -0.00210779   0.00295031
 -0.01655597  -0.00444270     0.00301905  -0.00447686     0.00368733   0.00019096
 -0.00416966  -0.00017742     0.00352695  -0.00264497    -0.00880818  -0.01964895
    2    6
  0.00343070  -0.00150025     0.00345976  -0.00316671    -0.02432987  -0.01292058
 -0.00002550  -0.00237947    -0.01768775  -0.00794071     0.00036075  -0.00618167
  0.00779195   0.00763883     0.00019379  -0.00243143    -0.00241865   0.00688882
    2    7
  0.00132340   0.00221684    -0.00210779  -0.00295031     0.00821312  -0.01252771
 -0.00416966   0.00017742    -0.00880818   0.01964895     0.00352695   0.00264497
 -0.01655597   0.00444270     0.00368733  -0.00019096     0.00301905   0.00447686
    3    1
 -0.04459019  -0.00000000    -0.00573061  -0.01897421    -0.00573061   0.01897421
 -0.01951706  -0.02677568    -0.09555856   0.03810382     0.00055918  -0.00060056
 -0.01951706   0.02677568     0.00055918   0.00060056    -0.09555856  -0.03810382
    3    2
 -0.07728642   0.00000000     0.00238829  -0.00007644     0.00238829   0.00007644
  0.00238829  -0.00007644     0.01572275   0.00662929     0.00085076   0.00000000
  0.00238829   0.00007644     0.00085076   0.00000000     0.01572275  -0.00662929
    3    3
  0.17859129  -0.00000000     0.00092733  -0.00155812     0.00092733   0.00155812
  0.00092733   0.00155812     0.15163699  -0.00000000    -0.00006598   0.00035743
  0.00092733  -0.00155812    -0.00006598  -0.00035743     0.15163699   0.00000000
    3    4
  0.00132340   0.00221684     0.00821312  -0.01252771    -0.00210779  -0.00295031
 -0.01655597   0.00444270     0.00301905   0.00447686     0.00368733  -0.00019096
 -0.00416966   0.00017742     0.00352695   0.00264497    -0.00880818   0.01964895
    3    5
  0.00343070  -0.00150025    -0.02432987  -0.01292058     0.00345976  -0.00316671
  0.00779195   0.00763883    -0.00241865   0.00688882     0.00019379  -0.00243143
 -0.00002550  -0.00237947     0.00036075  -0.00618167    -0.01768775  -0.00794071
    3    6
  0.00132340  -0.00221684    -0.00210779   0.00295031     0.00821312   0.01252771
 -0.00416966  -0.00017742    -0.00880818  -0.01964895     0.00352695  -0.00264497
 -0.01655597  -0.00444270     0.00368733   0.00019096     0.00301905  -0.00447686
    3    7
  0.00343070   0.00150025     0.00345976   0.00316671    -0.02432987   0.01292058
 -0.00002550   0.00237947    -0.01768775   0.00794071     0.00036075   0.00618167
  0.00779195  -0.00763883     0.00019379   0.00243143    -0.00241865  -0.00688882
    4    1
 -0.05378926  -0.05447104    -0.03801596   0.02351510     0.00177567   0.00020591
 -0.02632725   0.02870544    -0.03827925  -0.02834124    -0.00535182   0.01754237
  0.00074433   0.00127489    -0.00370865   0.02331405    -0.10117252  -0.04679665
    4    2
  0.00343070  -0.00150025     0.00779195   0.00763883    -0.00002550  -0.00237947
 -0.02432987  -0.01292058    -0.00241865   0.00688882     0.00036075  -0.00618167
  0.00345976  -0.00316671     0.00019379  -0.00243143    -0.01768775  -0.00794071
    4    3
  0.00132340  -0.00221684    -0.01655597  -0.00444270    -0.00416966  -0.00017742
  0.00821312   0.01252771     0.00301905  -0.00447686     0.00352695  -0.00264497
 -0.00210779   0.00295031     0.00368733   0.00019096    -0.00880818  -0.01964895
    4    4
  0.14901148  -0.00000000     0.00036444  -0.00248041     0.00073013  -0.00001965
  0.00036444   0.00248041     0.18333796  -0.00000000     0.00069598   0.00087820
  0.00073013   0.00001965     0.00069598  -0.00087820     0.14888770  -0.00000000
    4    5
  0.00756155   0.01731639    -0.00169785   0.00334601    -0.00088460  -0.00196737
 -0.00169785   0.00334601    -0.03914279  -0.08330937    -0.00180700  -0.00099327
 -0.00088460  -0.00196737    -0.00180700  -0.00099327     0.00350372   0.01960754
    4    6
 -0.01431273  -0.01517163     0.00223103  -0.00490170     0.00665269  -0.00516016
  0.00665269  -0.00516016    -0.00146847  -0.00010929    -0.01168900  -0.01450459
  0.00223103  -0.00490170     0.00370489   0.01909472    -0.00146847  -0.00010929
    4    7
 -0.01836337   0.00000000     0.00020141  -0.00395443     0.00208424   0.00959844
  0.00208424  -0.00959844     0.00062678  -0.00424630     0.02768969  -0.00000000
  0.00020141   0.00395443    -0.01610270   0.00000000     0.00062678   0.00424630
    5    1
 -0.05378926   0.05447104    -0.03801596  -0.02351510     0.00177567  -0.00020591
 -0.02632725  -0.02870544    -0.03827925   0.02834124    -0.00535182  -0.01754237
  0.00074433  -0.00127489    -0.00370865  -0.02331405    -0.10117252   0.04679665
    5    2
  0.00132340   0.00221684    -0.01655597   0.00444270    -0.00416966   0.00017742
  0.00821312  -0.01252771     0.00301905   0.00447686     0.00352695   0.00264497
 -0.00210779  -0.00295031     0.00368733  -0.00019096    -0.00880818   0.01964895
    5    3
  0.00343070   0.00150025     0.00779195  -0.00763883    -0.00002550   0.00237947
 -0.02432987   0.01292058    -0.00241865  -0.00688882     0.00036075   0.00618167
  0.00345976   0.00316671     0.00019379   0.00243143    -0.01768775   0.00794071
    5    4
  0.00756155  -0.01731639    -0.00169785  -0.00334601    -0.00088460   0.00196737
 -0.00169785  -0.00334601    -0.03914279   0.08330937    -0.00180700   0.00099327
 -0.00088460   0.00196737    -0.00180700   0.00099327     0.00350372  -0.01960754
    5    5
  0.14901148   0.00000000     0.00036444   0.00248041     0.00073013   0.00001965
  0.00036444  -0.00248041     0.18333796   0.00000000     0.00069598  -0.00087820
  0.00073013  -0.00001965     0.00069598   0.00087820     0.14888770  -0.00000000
    5    6
 -0.01836337   0.00000000     0.00020141   0.00395443     0.00208424  -0.00959844
  0.00208424   0.00959844     0.00062678   0.00424630     0.02768969  -0.00000000
  0.00020141  -0.00395443    -0.01610270   0.00000000     0.00062678  -0.00424630
    5    7
 -0.01431273   0.01517163     0.00223103   0.00490170     0.00665269   0.00516016
  0.00665269   0.00516016    -0.00146847   0.00010929    -0.01168900   0.01450459
  0.00223103   0.00490170     0.00370489  -0.01909472    -0.00146847   0.00010929
    6    1
 -0.05378926   0.05447104     0.00177567  -0.00020591    -0.03801596  -0.02351510
  0.00074433  -0.00127489    -0.10117252   0.04679665    -0.00370865  -0.02331405
 -0.02632725  -0.02870544    -0.00535182  -0.01754237    -0.03827925   0.02834124
    6    2
  0.00343070   0.00150025    -0.00002550   0.00237947     0.00779195  -0.00763883
  0.00345976   0.00316671    -0.01768775   0.00794071     0.00019379   0.00243143
 -0.02432987   0.01292058     0.00036075   0.00618167    -0.00241865  -0.00688882
    6    3
  0.00132340   0.00221684    -0.00416966   0.00017742    -0.01655597   0.00444270
 -0.00210779  -0.00295031    -0.00880818   0.01964895     0.00368733  -0.00019096
  0.00821312  -0.01252771     0.00352695   0.00264497     0.00301905   0.00447686
    6    4
 -0.01431273   0.01517163     0.00665269   0.00516016     0.00223103   0.00490170
  0.00223103   0.00490170    -0.00146847   0.00010929     0.00370489  -0.01909472
  0.00665269   0.00516016    -0.01168900   0.01450459    -0.00146847   0.00010929
    6    5
 -0.01836337  -0.00000000     0.00208424  -0.00959844     0.00020141   0.00395443
  0.00020141  -0.00395443     0.00062678  -0.00424630    -0.01610270  -0.00000000
  0.00208424   0.00959844     0.02768969   0.00000000     0.00062678   0.00424630
    6    6
  0.14901148   0.00000000     0.00073013   0.00001965     0.00036444   0.00248041
  0.00073013  -0.00001965     0.14888770  -0.00000000     0.00069598   0.00087820
  0.00036444  -0.00248041     0.00069598  -0.00087820     0.18333796   0.00000000
    6    7
  0.00756155  -0.01731639    -0.00088460   0.00196737    -0.00169785  -0.00334601
 -0.00088460   0.00196737     0.00350372  -0.01960754    -0.00180700   0.00099327
 -0.00169785  -0.00334601    -0.00180700   0.00099327    -0.03914279   0.08330937
    7    1
 -0.05378926  -0.05447104     0.00177567   0.00020591    -0.03801596   0.02351510
  0.00074433   0.00127489    -0.10117252  -0.04679665    -0.00370865   0.02331405
 -0.02632725   0.02870544    -0.00535182   0.01754237    -0.03827925  -0.02834124
    7    2
  0.00132340  -0.00221684    -0.00416966  -0.00017742    -0.01655597  -0.00444270
 -0.00210779   0.00295031    -0.00880818  -0.01964895     0.00368733   0.00019096
  0.00821312   0.01252771     0.00352695  -0.00264497     0.00301905  -0.00447686
    7    3
  0.00343070  -0.00150025    -0.00002550  -0.00237947     0.00779195   0.00763883
  0.00345976  -0.00316671    -0.01768775  -0.00794071     0.00019379  -0.00243143
 -0.02432987  -0.01292058     0.00036075  -0.00618167    -0.00241865   0.00688882
    7    4
 -0.01836337  -0.00000000     0.00208424   0.00959844     0.00020141  -0.00395443
  0.00020141   0.00395443     0.00062678   0.00424630    -0.01610270  -0.00000000
  0.00208424  -0.00959844     0.02768969   0.00000000     0.00062678  -0.00424630
    7    5
 -0.01431273  -0.01517163     0.00665269  -0.00516016     0.00223103  -0.00490170
  0.00223103  -0.00490170    -0.00146847  -0.00010929     0.00370489   0.01909472
  0.00665269  -0.00516016    -0.01168900  -0.01450459    -0.00146847  -0.00010929
    7    6
  0.00756155   0.01731639    -0.00088460  -0.00196737    -0.00169785   0.00334601
 -0.00088460  -0.00196737     0.00350372   0.01960754    -0.00180700  -0.00099327
 -0.00169785   0.00334601    -0.00180700  -0.00099327    -0.03914279  -0.08330937
    7    7
  0.14901148  -0.00000000     0.00073013  -0.00001965     0.00036444  -0.00248041
  0.00073013   0.00001965     0.14888770  -0.00000000     0.00069598  -0.00087820
  0.00036444   0.00248041     0.00069598   0.00087820     0.18333796  -0.00000000

     Dynamical  Matrix in cartesian axes

     q = (    0.108253200   0.216506400  -0.108253200 ) 

    1    1
  0.64650779   0.00000000     0.04219013   0.00000000    -0.01692289   0.00000000
  0.04219013   0.00000000     0.65327854   0.00000000    -0.04219013   0.00000000
 -0.01692289   0.00000000    -0.04219013   0.00000000     0.64650779   0.00000000
    1    2
 -0.04710780  -0.00702724     0.01025366   0.04350903    -0.01386312   0.01910793
 -0.00168164   0.03891399    -0.07655160   0.00048208     0.00142781  -0.00037516
 -0.00862002   0.01618864     0.00140119   0.00110998    -0.10463000  -0.03844956
    1    3
 -0.02834123   0.03827926    -0.02351511  -0.03801596    -0.02331405  -0.00370864
 -0.02870544  -0.02632724    -0.05447103   0.05378928     0.00127489  -0.00074433
 -0.01754237  -0.00535181     0.00020591  -0.00177567    -0.04679661   0.10117254
    1    4
 -0.09451357   0.04062665    -0.00936464  -0.01746895     0.00002926   0.00082007
