Dynamical matrix file
Electron-phonon coefficients for Ca1H6                                     
  2    7   0   5.5613398   0.0000000   0.0000000   0.0000000   0.0000000   0.0000000
Basis vectors
     -0.577350269    0.577350269    0.577350269
      0.577350269   -0.577350269    0.577350269
      0.577350269    0.577350269   -0.577350269
           1  'Ca  '    36528.8623753087     
           2  'H   '    918.681110398939     
    1    1      0.0000000000      0.0000000000      0.0000000000
    2    2      0.2886751346      0.0000000000      0.5773502692
    3    2      0.2886751346      0.5773502692      0.0000000000
    4    2      0.5773502692      0.2886751346      0.0000000000
    5    2      0.0000000000      0.2886751346      0.5773502692
    6    2      0.0000000000      0.5773502692      0.2886751346
    7    2      0.5773502692      0.0000000000      0.2886751346

     Dynamical  Matrix in cartesian axes

     q = (    0.433012700   0.324759500   0.324759500 ) 

    1    1
  0.70318401   0.00000000     0.05875693   0.00000000     0.05875693   0.00000000
  0.05875693   0.00000000     0.70412958   0.00000000    -0.00977525   0.00000000
  0.05875693   0.00000000    -0.00977525   0.00000000     0.70412958   0.00000000
    1    2
 -0.00124747  -0.00301165     0.03575396  -0.08539286    -0.08566373  -0.03510002
  0.03171292  -0.06018039     0.03822810   0.01321705    -0.00134849  -0.00416134
 -0.06497838  -0.02012955    -0.00198898  -0.00389604    -0.01768549   0.03637721
    1    3
 -0.00124747  -0.00301165    -0.08566373  -0.03510002     0.03575396  -0.08539286
 -0.06497838  -0.02012955    -0.01768549   0.03637721    -0.00198898  -0.00389604
  0.03171292  -0.06018039    -0.00134849  -0.00416134     0.03822810   0.01321705
    1    4
 -0.00374333  -0.00147476    -0.07097991  -0.00657984    -0.00004201  -0.00321442
 -0.09241483  -0.01501277    -0.00712493   0.00927402     0.01684127  -0.08754390
  0.00204306  -0.00294185     0.01410995  -0.06371978     0.03387260   0.01768725
    1    5
  0.00160412  -0.00368975     0.04553773  -0.05484302    -0.00224324  -0.00230265
  0.05473154  -0.07596277     0.01159581   0.00151964    -0.07381145  -0.04999433
 -0.00352487  -0.00063554    -0.05503392  -0.03507945    -0.01144478   0.03645831
    1    6
  0.00160412  -0.00368975    -0.00224324  -0.00230265     0.04553773  -0.05484302
 -0.00352487  -0.00063554    -0.01144478   0.03645831    -0.05503392  -0.03507945
  0.05473154  -0.07596277    -0.07381145  -0.04999433     0.01159581   0.00151964
    1    7
 -0.00374333  -0.00147476    -0.00004201  -0.00321442    -0.07097991  -0.00657984
  0.00204306  -0.00294185     0.03387260   0.01768725     0.01410995  -0.06371978
 -0.09241483  -0.01501277     0.01684127  -0.08754390    -0.00712493   0.00927402
    2    1
 -0.00124747   0.00301165     0.03171292   0.06018039    -0.06497838   0.02012955
  0.03575396   0.08539286     0.03822810  -0.01321705    -0.00198898   0.00389604
 -0.08566373   0.03510002    -0.00134849   0.00416134    -0.01768549  -0.03637721
    2    2
  0.15893243  -0.00000000    -0.00209676  -0.00398494    -0.00209676   0.00398494
 -0.00209676   0.00398494     0.14200984   0.00000000    -0.00096368  -0.00053667
 -0.00209676  -0.00398494    -0.00096368   0.00053667     0.14200984   0.00000000
    2    3
 -0.00131491  -0.00000000    -0.00193825  -0.00114599    -0.00193825   0.00114599
 -0.00193825  -0.00114599     0.00140562  -0.00222062     0.00536053   0.00000000
 -0.00193825   0.00114599     0.00536053   0.00000000     0.00140562   0.00222062
    2    4
  0.00001440  -0.01205008     0.00011865  -0.01612032     0.01173537  -0.00467496
 -0.00012765  -0.01501733    -0.00101625  -0.01093219     0.01183148  -0.00256176
  0.01309420  -0.00477003     0.01299808  -0.00712448    -0.00640799  -0.01090630
    2    5
  0.00679215  -0.00244730     0.00467762   0.00491606     0.00516900  -0.01834621
 -0.01349560   0.00010778     0.00669421  -0.00173058    -0.00245015   0.00690725
  0.00308984  -0.00617851    -0.00783439   0.01650960     0.00211415   0.00004327
    2    6
  0.00001440   0.01205008     0.01173537   0.00467496     0.00011865   0.01612032
  0.01309420   0.00477003    -0.00640799   0.01090630     0.01299808   0.00712448
 -0.00012765   0.01501733     0.01183148   0.00256176    -0.00101625   0.01093219
    2    7
  0.00679215   0.00244730     0.00516900   0.01834621     0.00467762  -0.00491606
  0.00308984   0.00617851     0.00211415  -0.00004327    -0.00783439  -0.01650960
 -0.01349560  -0.00010778    -0.00245015  -0.00690725     0.00669421   0.00173058
    3    1
 -0.00124747   0.00301165    -0.06497838   0.02012955     0.03171292   0.06018039
 -0.08566373   0.03510002    -0.01768549  -0.03637721    -0.00134849   0.00416134
  0.03575396   0.08539286    -0.00198898   0.00389604     0.03822810  -0.01321705
    3    2
 -0.00131491   0.00000000    -0.00193825   0.00114599    -0.00193825  -0.00114599
 -0.00193825   0.00114599     0.00140562   0.00222062     0.00536053  -0.00000000
 -0.00193825  -0.00114599     0.00536053  -0.00000000     0.00140562  -0.00222062
    3    3
  0.15893243   0.00000000    -0.00209676   0.00398494    -0.00209676  -0.00398494
 -0.00209676  -0.00398494     0.14200984  -0.00000000    -0.00096368   0.00053667
 -0.00209676   0.00398494    -0.00096368  -0.00053667     0.14200984  -0.00000000
    3    4
  0.00679215   0.00244730     0.00467762  -0.00491606     0.00516900   0.01834621
 -0.01349560  -0.00010778     0.00669421   0.00173058    -0.00245015  -0.00690725
  0.00308984   0.00617851    -0.00783439  -0.01650960     0.00211415  -0.00004327
    3    5
  0.00001440   0.01205008     0.00011865   0.01612032     0.01173537   0.00467496
 -0.00012765   0.01501733    -0.00101625   0.01093219     0.01183148   0.00256176
  0.01309420   0.00477003     0.01299808   0.00712448    -0.00640799   0.01090630
    3    6
  0.00679215  -0.00244730     0.00516900  -0.01834621     0.00467762   0.00491606
  0.00308984  -0.00617851     0.00211415   0.00004327    -0.00783439   0.01650960
 -0.01349560   0.00010778    -0.00245015   0.00690725     0.00669421  -0.00173058
    3    7
  0.00001440  -0.01205008     0.01173537  -0.00467496     0.00011865  -0.01612032
  0.01309420  -0.00477003    -0.00640799  -0.01090630     0.01299808  -0.00712448
 -0.00012765  -0.01501733     0.01183148  -0.00256176    -0.00101625  -0.01093219
    4    1
 -0.00374333   0.00147476    -0.09241483   0.01501277     0.00204306   0.00294185
 -0.07097991   0.00657984    -0.00712493  -0.00927402     0.01410995   0.06371978
 -0.00004201   0.00321442     0.01684127   0.08754390     0.03387260  -0.01768725
    4    2
  0.00001440   0.01205008    -0.00012765   0.01501733     0.01309420   0.00477003
  0.00011865   0.01612032    -0.00101625   0.01093219     0.01299808   0.00712448
  0.01173537   0.00467496     0.01183148   0.00256176    -0.00640799   0.01090630
    4    3
  0.00679215  -0.00244730    -0.01349560   0.00010778     0.00308984  -0.00617851
  0.00467762   0.00491606     0.00669421  -0.00173058    -0.00783439   0.01650960
  0.00516900  -0.01834621    -0.00245015   0.00690725     0.00211415   0.00004327
    4    4
  0.14066793  -0.00000000    -0.00246836  -0.00089336     0.00126857   0.00049984
 -0.00246836   0.00089336     0.16395570  -0.00000000    -0.00009488  -0.00033260
  0.00126857  -0.00049984    -0.00009488   0.00033260     0.14294627  -0.00000000
    4    5
  0.00367342   0.00291510    -0.00104673   0.00062627     0.00535157   0.00262377
 -0.00104673   0.00062627    -0.02852086  -0.01310001    -0.00324634   0.00071863
  0.00535157   0.00262377    -0.00324634   0.00071863     0.00781071   0.00126818
    4    6
  0.00075651  -0.00834130     0.01041519   0.00239243     0.01912541  -0.00110347
  0.01912541  -0.00110347     0.00573580  -0.00330235     0.00811128  -0.00329070
  0.01041519   0.00239243     0.01331568  -0.00807383     0.00573580  -0.00330235
    4    7
  0.00680828  -0.00000000     0.00091647  -0.01139482    -0.00118875   0.01741564
 -0.00118875  -0.01741564     0.01014572   0.00217231     0.00023152   0.00000000
  0.00091647   0.01139482    -0.01191373  -0.00000000     0.01014572  -0.00217231
    5    1
  0.00160412   0.00368975     0.05473154   0.07596277    -0.00352487   0.00063554
  0.04553773   0.05484302     0.01159581  -0.00151964    -0.05503392   0.03507945
 -0.00224324   0.00230265    -0.07381145   0.04999433    -0.01144478  -0.03645831
    5    2
  0.00679215   0.00244730    -0.01349560  -0.00010778     0.00308984   0.00617851
  0.00467762  -0.00491606     0.00669421   0.00173058    -0.00783439  -0.01650960
  0.00516900   0.01834621    -0.00245015  -0.00690725     0.00211415  -0.00004327
    5    3
  0.00001440  -0.01205008    -0.00012765  -0.01501733     0.01309420  -0.00477003
  0.00011865  -0.01612032    -0.00101625  -0.01093219     0.01299808  -0.00712448
  0.01173537  -0.00467496     0.01183148  -0.00256176    -0.00640799  -0.01090630
    5    4
  0.00367342  -0.00291510    -0.00104673  -0.00062627     0.00535157  -0.00262377
 -0.00104673  -0.00062627    -0.02852086   0.01310001    -0.00324634  -0.00071863
  0.00535157  -0.00262377    -0.00324634  -0.00071863     0.00781071  -0.00126818
    5    5
  0.14066793   0.00000000    -0.00246836   0.00089336     0.00126857  -0.00049984
 -0.00246836  -0.00089336     0.16395570   0.00000000    -0.00009488   0.00033260
  0.00126857   0.00049984    -0.00009488  -0.00033260     0.14294627   0.00000000
    5    6
  0.00680828   0.00000000     0.00091647   0.01139482    -0.00118875  -0.01741564
 -0.00118875   0.01741564     0.01014572  -0.00217231     0.00023152  -0.00000000
  0.00091647  -0.01139482    -0.01191373   0.00000000     0.01014572   0.00217231
    5    7
  0.00075651   0.00834130     0.01041519  -0.00239243     0.01912541   0.00110347
  0.01912541   0.00110347     0.00573580   0.00330235     0.00811128   0.00329070
  0.01041519  -0.00239243     0.01331568   0.00807383     0.00573580   0.00330235
    6    1
  0.00160412   0.00368975    -0.00352487   0.00063554     0.05473154   0.07596277
 -0.00224324   0.00230265    -0.01144478  -0.03645831    -0.07381145   0.04999433
  0.04553773   0.05484302    -0.05503392   0.03507945     0.01159581  -0.00151964
    6    2
  0.00001440  -0.01205008     0.01309420  -0.00477003    -0.00012765  -0.01501733
  0.01173537  -0.00467496    -0.00640799  -0.01090630     0.01183148  -0.00256176
  0.00011865  -0.01612032     0.01299808  -0.00712448    -0.00101625  -0.01093219
    6    3
  0.00679215   0.00244730     0.00308984   0.00617851    -0.01349560  -0.00010778
  0.00516900   0.01834621     0.00211415  -0.00004327    -0.00245015  -0.00690725
  0.00467762  -0.00491606    -0.00783439  -0.01650960     0.00669421   0.00173058
    6    4
  0.00075651   0.00834130     0.01912541   0.00110347     0.01041519  -0.00239243
  0.01041519  -0.00239243     0.00573580   0.00330235     0.01331568   0.00807383
  0.01912541   0.00110347     0.00811128   0.00329070     0.00573580   0.00330235
    6    5
  0.00680828  -0.00000000    -0.00118875  -0.01741564     0.00091647   0.01139482
  0.00091647  -0.01139482     0.01014572   0.00217231    -0.01191373   0.00000000
 -0.00118875   0.01741564     0.00023152   0.00000000     0.01014572  -0.00217231
    6    6
  0.14066793   0.00000000     0.00126857  -0.00049984    -0.00246836   0.00089336
  0.00126857   0.00049984     0.14294627   0.00000000    -0.00009488  -0.00033260
 -0.00246836  -0.00089336    -0.00009488   0.00033260     0.16395570   0.00000000
    6    7
  0.00367342  -0.00291510     0.00535157  -0.00262377    -0.00104673  -0.00062627
  0.00535157  -0.00262377     0.00781071  -0.00126818    -0.00324634  -0.00071863
 -0.00104673  -0.00062627    -0.00324634  -0.00071863    -0.02852086   0.01310001
    7    1
 -0.00374333   0.00147476     0.00204306   0.00294185    -0.09241483   0.01501277
 -0.00004201   0.00321442     0.03387260  -0.01768725     0.01684127   0.08754390
 -0.07097991   0.00657984     0.01410995   0.06371978    -0.00712493  -0.00927402
    7    2
  0.00679215  -0.00244730     0.00308984  -0.00617851    -0.01349560   0.00010778
  0.00516900  -0.01834621     0.00211415   0.00004327    -0.00245015   0.00690725
  0.00467762   0.00491606    -0.00783439   0.01650960     0.00669421  -0.00173058
    7    3
  0.00001440   0.01205008     0.01309420   0.00477003    -0.00012765   0.01501733
  0.01173537   0.00467496    -0.00640799   0.01090630     0.01183148   0.00256176
  0.00011865   0.01612032     0.01299808   0.00712448    -0.00101625   0.01093219
    7    4
  0.00680828   0.00000000    -0.00118875   0.01741564     0.00091647  -0.01139482
  0.00091647   0.01139482     0.01014572  -0.00217231    -0.01191373  -0.00000000
 -0.00118875  -0.01741564     0.00023152  -0.00000000     0.01014572   0.00217231
    7    5
  0.00075651  -0.00834130     0.01912541  -0.00110347     0.01041519   0.00239243
  0.01041519   0.00239243     0.00573580  -0.00330235     0.01331568  -0.00807383
  0.01912541  -0.00110347     0.00811128  -0.00329070     0.00573580  -0.00330235
    7    6
  0.00367342   0.00291510     0.00535157   0.00262377    -0.00104673   0.00062627
  0.00535157   0.00262377     0.00781071   0.00126818    -0.00324634   0.00071863
 -0.00104673   0.00062627    -0.00324634   0.00071863    -0.02852086  -0.01310001
    7    7
  0.14066793  -0.00000000     0.00126857   0.00049984    -0.00246836  -0.00089336
  0.00126857  -0.00049984     0.14294627  -0.00000000    -0.00009488   0.00033260
 -0.00246836   0.00089336    -0.00009488  -0.00033260     0.16395570  -0.00000000

     Dynamical  Matrix in cartesian axes

     q = (   -0.433012700   0.324759500  -0.324759500 ) 

    1    1
  0.70318401   0.00000000    -0.05875693   0.00000000     0.05875693   0.00000000
 -0.05875693   0.00000000     0.70412958   0.00000000     0.00977525   0.00000000
  0.05875693   0.00000000     0.00977525   0.00000000     0.70412958   0.00000000
    1    2
 -0.00124747   0.00301165    -0.03575396  -0.08539286    -0.08566373   0.03510002
 -0.03171292  -0.06018039     0.03822810  -0.01321705     0.00134849  -0.00416134
 -0.06497838   0.02012955     0.00198898  -0.00389604    -0.01768549  -0.03637721
    1    3
  0.00301165  -0.00124747    -0.08539286  -0.03575396     0.03510002  -0.08566373
 -0.06018039  -0.03171292    -0.01321705   0.03822810    -0.00416134   0.00134849
  0.02012955  -0.06497838    -0.00389604   0.00198898    -0.03637721  -0.01768549
    1    4
  0.00374333   0.00147476    -0.07097991  -0.00657984     0.00004201   0.00321442
 -0.09241483  -0.01501277     0.00712493  -0.00927402     0.01684127  -0.08754390
 -0.00204306   0.00294185     0.01410995  -0.06371978    -0.03387260  -0.01768725
    1    5
  0.00147476   0.00374333    -0.00657984  -0.07097991     0.00321442   0.00004201
 -0.01501277  -0.09241483    -0.00927402   0.00712493    -0.08754390   0.01684127
  0.00294185  -0.00204306    -0.06371978   0.01410995    -0.01768725  -0.03387260
    1    6
  0.00147476  -0.00374333    -0.00321442   0.00004201     0.00657984  -0.07097991
 -0.00294185  -0.00204306    -0.01768725   0.03387260    -0.06371978  -0.01410995
  0.01501277  -0.09241483    -0.08754390  -0.01684127    -0.00927402  -0.00712493
    1    7
 -0.00374333   0.00147476     0.00004201  -0.00321442    -0.07097991   0.00657984
 -0.00204306  -0.00294185     0.03387260  -0.01768725    -0.01410995  -0.06371978
 -0.09241483   0.01501277    -0.01684127  -0.08754390    -0.00712493  -0.00927402
    2    1
 -0.00124747  -0.00301165    -0.03171292   0.06018039    -0.06497838  -0.02012955
 -0.03575396   0.08539286     0.03822810   0.01321705     0.00198898   0.00389604
 -0.08566373  -0.03510002     0.00134849   0.00416134    -0.01768549   0.03637721
    2    2
  0.15893243   0.00000000     0.00209676  -0.00398494    -0.00209676  -0.00398494
  0.00209676   0.00398494     0.14200984   0.00000000     0.00096368  -0.00053667
 -0.00209676   0.00398494     0.00096368   0.00053667     0.14200984  -0.00000000
    2    3
  0.00092978   0.00092978    -0.00218088  -0.00056021     0.00056021   0.00218088
 -0.00218088  -0.00056021     0.00057629  -0.00256414     0.00379046   0.00379047
  0.00056021   0.00218088     0.00379046   0.00379047    -0.00256414   0.00057629
    2    4
  0.00653328  -0.00307227     0.00016861   0.00678376     0.01662776   0.00931770
  0.00961904  -0.00946661     0.00595722  -0.00350981     0.00661668   0.00315165
  0.00655371   0.00218402     0.01721379   0.00613430     0.00146434  -0.00152552
    2    5
  0.01205008  -0.00001440    -0.01612032   0.00011865     0.00467496  -0.01173537
 -0.01501733  -0.00012765     0.01093219   0.00101625    -0.00256176   0.01183148
  0.00477003  -0.01309420    -0.00712448   0.01299808     0.01090630   0.00640799
    2    6
 -0.00853088   0.00851051     0.01160385   0.00499246    -0.01148268   0.01131489
  0.01263192   0.00588608    -0.00318078   0.01224305     0.01422880   0.00415326
 -0.01052859   0.01070912     0.01017756   0.00655468    -0.00701163   0.00844882
    2    7
  0.00679215  -0.00244730    -0.00516900   0.01834621     0.00467762   0.00491606
 -0.00308984   0.00617851     0.00211415   0.00004327     0.00783439  -0.01650960
 -0.01349560   0.00010778     0.00245015  -0.00690725     0.00669421  -0.00173058
    3    1
  0.00301165   0.00124747    -0.06018039   0.03171292     0.02012955   0.06497838
 -0.08539286   0.03575396    -0.01321705  -0.03822810    -0.00389604  -0.00198898
  0.03510002   0.08566373    -0.00416134  -0.00134849    -0.03637721   0.01768549
    3    2
  0.00092978  -0.00092978    -0.00218088   0.00056021     0.00056021  -0.00218088
 -0.00218088   0.00056021     0.00057629   0.00256414     0.00379046  -0.00379047
  0.00056021  -0.00218088     0.00379046  -0.00379047    -0.00256414  -0.00057629
    3    3
  0.15893243   0.00000000     0.00209676   0.00398494    -0.00209676   0.00398494
  0.00209676  -0.00398494     0.14200984  -0.00000000     0.00096368   0.00053667
 -0.00209676  -0.00398494     0.00096368  -0.00053667     0.14200984   0.00000000
    3    4
  0.01205008   0.00001440    -0.01612032  -0.00011865     0.00467496   0.01173537
 -0.01501733   0.00012765     0.01093219  -0.00101625    -0.00256176  -0.01183148
  0.00477003   0.01309420    -0.00712448  -0.01299808     0.01090630  -0.00640799
    3    5
  0.00653328   0.00307227     0.00016861  -0.00678376     0.01662776  -0.00931770
  0.00961904   0.00946661     0.00595722   0.00350981     0.00661668  -0.00315165
  0.00655371  -0.00218402     0.01721379  -0.00613430     0.00146434   0.00152552
    3    6
  0.00679215   0.00244730    -0.00516900  -0.01834621     0.00467762  -0.00491606
 -0.00308984  -0.00617851     0.00211415  -0.00004327     0.00783439   0.01650960
 -0.01349560  -0.00010778     0.00245015   0.00690725     0.00669421   0.00173058
    3    7
 -0.00853088  -0.00851051     0.01160385  -0.00499246    -0.01148268  -0.01131489
  0.01263192  -0.00588608    -0.00318078  -0.01224305     0.01422880  -0.00415326
 -0.01052859  -0.01070912     0.01017756  -0.00655468    -0.00701163  -0.00844882
    4    1
  0.00374333  -0.00147476    -0.09241483   0.01501277    -0.00204306  -0.00294185
 -0.07097991   0.00657984     0.00712493   0.00927402     0.01410995   0.06371978
  0.00004201  -0.00321442     0.01684127   0.08754390    -0.03387260   0.01768725
    4    2
  0.00653328   0.00307227     0.00961904   0.00946661     0.00655371  -0.00218402
  0.00016861  -0.00678376     0.00595722   0.00350981     0.01721379  -0.00613430
  0.01662776  -0.00931770     0.00661668  -0.00315165     0.00146434   0.00152552
    4    3
  0.01205008  -0.00001440    -0.01501733  -0.00012765     0.00477003  -0.01309420
 -0.01612032   0.00011865     0.01093219   0.00101625    -0.00712448   0.01299808
  0.00467496  -0.01173537    -0.00256176   0.01183148     0.01090630   0.00640799
    4    4
  0.14066793  -0.00000000     0.00246836   0.00089336     0.00126857   0.00049984
  0.00246836  -0.00089336     0.16395570   0.00000000     0.00009488   0.00033260
  0.00126857  -0.00049984     0.00009488  -0.00033260     0.14294627  -0.00000000
    4    5
  0.00465879  -0.00053621     0.00029731  -0.00118299     0.00563942  -0.00192885
  0.00029731  -0.00118299    -0.02943040   0.01090419     0.00178736  -0.00280365
  0.00563942  -0.00192885     0.00178736  -0.00280365     0.00641975  -0.00462627
    4    6
  0.00000000  -0.00680828     0.01139482   0.00091647     0.01741564   0.00118875
  0.01741564  -0.00118875     0.00217231  -0.01014572    -0.00000000   0.00023152
  0.01139482  -0.00091647     0.00000000  -0.01191373    -0.00217231  -0.01014572
    4    7
  0.00643312  -0.00536325    -0.00567295  -0.00905636     0.01430398   0.01274343
 -0.01430398  -0.01274343     0.00639093   0.00172070    -0.00806241  -0.00340866
  0.00567295   0.00905636    -0.01512467  -0.00370654     0.00639093   0.00172070
    5    1
  0.00147476  -0.00374333    -0.01501277   0.09241483     0.00294185   0.00204306
 -0.00657984   0.07097991    -0.00927402  -0.00712493    -0.06371978  -0.01410995
  0.00321442  -0.00004201    -0.08754390  -0.01684127    -0.01768725   0.03387260
    5    2
  0.01205008   0.00001440    -0.01501733   0.00012765     0.00477003   0.01309420
 -0.01612032  -0.00011865     0.01093219  -0.00101625    -0.00712448  -0.01299808
  0.00467496   0.01173537    -0.00256176  -0.01183148     0.01090630  -0.00640799
    5    3
  0.00653328  -0.00307227     0.00961904  -0.00946661     0.00655371   0.00218402
  0.00016861   0.00678376     0.00595722  -0.00350981     0.01721379   0.00613430
  0.01662776   0.00931770     0.00661668   0.00315165     0.00146434  -0.00152552
    5    4
  0.00465879   0.00053621     0.00029731   0.00118299     0.00563942   0.00192885
  0.00029731   0.00118299    -0.02943040  -0.01090419     0.00178736   0.00280365
  0.00563942   0.00192885     0.00178736   0.00280365     0.00641975   0.00462627
    5    5
  0.14066793   0.00000000     0.00246836  -0.00089336     0.00126857  -0.00049984
  0.00246836   0.00089336     0.16395570  -0.00000000     0.00009488  -0.00033260
  0.00126857   0.00049984     0.00009488   0.00033260     0.14294627   0.00000000
    5    6
  0.00643312   0.00536325    -0.00567295   0.00905636     0.01430398  -0.01274343
 -0.01430398   0.01274343     0.00639093  -0.00172070    -0.00806241   0.00340866
  0.00567295  -0.00905636    -0.01512467   0.00370654     0.00639093  -0.00172070
    5    7
  0.00000000   0.00680828     0.01139482  -0.00091647     0.01741564  -0.00118875
  0.01741564   0.00118875     0.00217231   0.01014572    -0.00000000  -0.00023152
  0.01139482   0.00091647     0.00000000   0.01191373    -0.00217231   0.01014572
    6    1
  0.00147476   0.00374333    -0.00294185   0.00204306     0.01501277   0.09241483
 -0.00321442  -0.00004201    -0.01768725  -0.03387260    -0.08754390   0.01684127
  0.00657984   0.07097991    -0.06371978   0.01410995    -0.00927402   0.00712493
    6    2
 -0.00853088  -0.00851051     0.01263192  -0.00588608    -0.01052859  -0.01070912
  0.01160385  -0.00499246    -0.00318078  -0.01224305     0.01017756  -0.00655468
 -0.01148268  -0.01131489     0.01422880  -0.00415326    -0.00701163  -0.00844882
    6    3
  0.00679215  -0.00244730    -0.00308984   0.00617851    -0.01349560   0.00010778
 -0.00516900   0.01834621     0.00211415   0.00004327     0.00245015  -0.00690725
  0.00467762   0.00491606     0.00783439  -0.01650960     0.00669421  -0.00173058
    6    4
  0.00000000   0.00680828     0.01741564   0.00118875     0.01139482   0.00091647
  0.01139482  -0.00091647     0.00217231   0.01014572     0.00000000   0.01191373
  0.01741564  -0.00118875    -0.00000000  -0.00023152    -0.00217231   0.01014572
    6    5
  0.00643312  -0.00536325    -0.01430398  -0.01274343     0.00567295   0.00905636
 -0.00567295  -0.00905636     0.00639093   0.00172070    -0.01512467  -0.00370654
  0.01430398   0.01274343    -0.00806241  -0.00340866     0.00639093   0.00172070
    6    6
  0.14066793   0.00000000    -0.00126857  -0.00049984    -0.00246836  -0.00089336
 -0.00126857   0.00049984     0.14294627  -0.00000000     0.00009488  -0.00033260
 -0.00246836   0.00089336     0.00009488   0.00033260     0.16395570  -0.00000000
    6    7
 -0.00465879   0.00053621     0.00563942  -0.00192885     0.00029731  -0.00118299
  0.00563942  -0.00192885    -0.00641975   0.00462627    -0.00178736   0.00280365
  0.00029731  -0.00118299    -0.00178736   0.00280365     0.02943040  -0.01090419
    7    1
 -0.00374333  -0.00147476    -0.00204306   0.00294185    -0.09241483  -0.01501277
  0.00004201   0.00321442     0.03387260   0.01768725    -0.01684127   0.08754390
 -0.07097991  -0.00657984    -0.01410995   0.06371978    -0.00712493   0.00927402
    7    2
  0.00679215   0.00244730    -0.00308984  -0.00617851    -0.01349560  -0.00010778
 -0.00516900  -0.01834621     0.00211415  -0.00004327     0.00245015   0.00690725
  0.00467762  -0.00491606     0.00783439   0.01650960     0.00669421   0.00173058
    7    3
 -0.00853088   0.00851051     0.01263192   0.00588608    -0.01052859   0.01070912
  0.01160385   0.00499246    -0.00318078   0.01224305     0.01017756   0.00655468
 -0.01148268   0.01131489     0.01422880   0.00415326    -0.00701163   0.00844882
    7    4
  0.00643312   0.00536325    -0.01430398   0.01274343     0.00567295  -0.00905636
 -0.00567295   0.00905636     0.00639093  -0.00172070    -0.01512467   0.00370654
  0.01430398  -0.01274343    -0.00806241   0.00340866     0.00639093  -0.00172070
    7    5
  0.00000000  -0.00680828     0.01741564  -0.00118875     0.01139482  -0.00091647
  0.01139482   0.00091647     0.00217231  -0.01014572     0.00000000  -0.01191373
  0.01741564   0.00118875    -0.00000000   0.00023152    -0.00217231  -0.01014572
    7    6
 -0.00465879  -0.00053621     0.00563942   0.00192885     0.00029731   0.00118299
  0.00563942   0.00192885    -0.00641975  -0.00462627    -0.00178736  -0.00280365
  0.00029731   0.00118299    -0.00178736  -0.00280365     0.02943040   0.01090419
    7    7
  0.14066793   0.00000000    -0.00126857   0.00049984    -0.00246836   0.00089336
 -0.00126857  -0.00049984     0.14294627   0.00000000     0.00009488   0.00033260
 -0.00246836  -0.00089336     0.00009488  -0.00033260     0.16395570   0.00000000

     Dynamical  Matrix in cartesian axes

     q = (    0.433012700  -0.324759500  -0.324759500 ) 

    1    1
  0.70318401   0.00000000    -0.05875693   0.00000000    -0.05875693   0.00000000
 -0.05875693   0.00000000     0.70412958   0.00000000    -0.00977525   0.00000000
 -0.05875693   0.00000000    -0.00977525   0.00000000     0.70412958   0.00000000
    1    2
  0.00301165   0.00124747    -0.03510002  -0.08566373    -0.08539286   0.03575396
 -0.02012955  -0.06497838    -0.03637721   0.01768549     0.00389604   0.00198898
 -0.06018039   0.03171292     0.00416134   0.00134849    -0.01321705  -0.03822810
    1    3
  0.00301165   0.00124747    -0.08539286   0.03575396    -0.03510002  -0.08566373
 -0.06018039   0.03171292    -0.01321705  -0.03822810     0.00416134   0.00134849
 -0.02012955  -0.06497838     0.00389604   0.00198898    -0.03637721   0.01768549
    1    4
  0.00374333  -0.00147476    -0.07097991   0.00657984    -0.00004201   0.00321442
 -0.09241483   0.01501277     0.00712493   0.00927402    -0.01684127  -0.08754390
  0.00204306   0.00294185    -0.01410995  -0.06371978    -0.03387260   0.01768725
    1    5
  0.00160412   0.00368975    -0.04553773  -0.05484302     0.00224324  -0.00230265
 -0.05473154  -0.07596277     0.01159581  -0.00151964    -0.07381145   0.04999433
  0.00352487  -0.00063554    -0.05503392   0.03507945    -0.01144478  -0.03645831
    1    6
  0.00160412   0.00368975     0.00224324  -0.00230265    -0.04553773  -0.05484302
  0.00352487  -0.00063554    -0.01144478  -0.03645831    -0.05503392   0.03507945
 -0.05473154  -0.07596277    -0.07381145   0.04999433     0.01159581  -0.00151964
    1    7
  0.00374333  -0.00147476    -0.00004201   0.00321442    -0.07097991   0.00657984
  0.00204306   0.00294185    -0.03387260   0.01768725    -0.01410995  -0.06371978
 -0.09241483   0.01501277    -0.01684127  -0.08754390     0.00712493   0.00927402
    2    1
  0.00301165  -0.00124747    -0.02012955   0.06497838    -0.06018039  -0.03171292
 -0.03510002   0.08566373    -0.03637721  -0.01768549     0.00416134  -0.00134849
 -0.08539286  -0.03575396     0.00389604  -0.00198898    -0.01321705   0.03822810
    2    2
  0.15893243   0.00000000     0.00209676   0.00398494     0.00209676  -0.00398494
  0.00209676  -0.00398494     0.14200984  -0.00000000    -0.00096368  -0.00053667
  0.00209676   0.00398494    -0.00096368   0.00053667     0.14200984   0.00000000
    2    3
 -0.00131491  -0.00000000     0.00193825   0.00114599     0.00193825  -0.00114599
  0.00193825   0.00114599     0.00140562  -0.00222062     0.00536053   0.00000000
  0.00193825  -0.00114599     0.00536053   0.00000000     0.00140562   0.00222062
    2    4
 -0.00244730  -0.00679215    -0.00491606   0.00467762     0.01834621   0.00516900
 -0.00010778  -0.01349560    -0.00173058  -0.00669421     0.00690725   0.00245015
  0.00617851   0.00308984     0.01650960   0.00783439     0.00004327  -0.00211415
    2    5
  0.01205008   0.00001440    -0.01612032  -0.00011865    -0.00467496  -0.01173537
 -0.01501733   0.00012765     0.01093219  -0.00101625     0.00256176   0.01183148
 -0.00477003  -0.01309420     0.00712448   0.01299808     0.01090630  -0.00640799
    2    6
 -0.00244730   0.00679215     0.01834621  -0.00516900    -0.00491606  -0.00467762
  0.00617851  -0.00308984     0.00004327   0.00211415     0.01650960  -0.00783439
 -0.00010778   0.01349560     0.00690725  -0.00245015    -0.00173058   0.00669421
    2    7
  0.01205008  -0.00001440    -0.00467496   0.01173537    -0.01612032   0.00011865
 -0.00477003   0.01309420     0.01090630   0.00640799     0.00712448  -0.01299808
 -0.01501733  -0.00012765     0.00256176  -0.01183148     0.01093219   0.00101625
    3    1
  0.00301165  -0.00124747    -0.06018039  -0.03171292    -0.02012955   0.06497838
 -0.08539286  -0.03575396    -0.01321705   0.03822810     0.00389604  -0.00198898
 -0.03510002   0.08566373     0.00416134  -0.00134849    -0.03637721  -0.01768549
    3    2
 -0.00131491   0.00000000     0.00193825  -0.00114599     0.00193825   0.00114599
  0.00193825  -0.00114599     0.00140562   0.00222062     0.00536053  -0.00000000
  0.00193825   0.00114599     0.00536053  -0.00000000     0.00140562  -0.00222062
    3    3
  0.15893243  -0.00000000     0.00209676  -0.00398494     0.00209676   0.00398494
  0.00209676   0.00398494     0.14200984   0.00000000    -0.00096368   0.00053667
  0.00209676  -0.00398494    -0.00096368  -0.00053667     0.14200984  -0.00000000
    3    4
  0.01205008  -0.00001440    -0.01612032   0.00011865    -0.00467496   0.01173537
 -0.01501733  -0.00012765     0.01093219   0.00101625     0.00256176  -0.01183148
 -0.00477003   0.01309420     0.00712448  -0.01299808     0.01090630   0.00640799
    3    5
 -0.00244730   0.00679215    -0.00491606  -0.00467762     0.01834621  -0.00516900
 -0.00010778   0.01349560    -0.00173058   0.00669421     0.00690725  -0.00245015
  0.00617851  -0.00308984     0.01650960  -0.00783439     0.00004327   0.00211415
    3    6
  0.01205008   0.00001440    -0.00467496  -0.01173537    -0.01612032  -0.00011865
 -0.00477003  -0.01309420     0.01090630  -0.00640799     0.00712448   0.01299808
 -0.01501733   0.00012765     0.00256176   0.01183148     0.01093219  -0.00101625
    3    7
 -0.00244730  -0.00679215     0.01834621   0.00516900    -0.00491606   0.00467762
  0.00617851   0.00308984     0.00004327  -0.00211415     0.01650960   0.00783439
 -0.00010778  -0.01349560     0.00690725   0.00245015    -0.00173058  -0.00669421
    4    1
  0.00374333   0.00147476    -0.09241483  -0.01501277     0.00204306  -0.00294185
 -0.07097991  -0.00657984     0.00712493  -0.00927402    -0.01410995   0.06371978
 -0.00004201  -0.00321442    -0.01684127   0.08754390    -0.03387260  -0.01768725
    4    2
 -0.00244730   0.00679215    -0.00010778   0.01349560     0.00617851  -0.00308984
 -0.00491606  -0.00467762    -0.00173058   0.00669421     0.01650960  -0.00783439
  0.01834621  -0.00516900     0.00690725  -0.00245015     0.00004327   0.00211415
    4    3
  0.01205008   0.00001440    -0.01501733   0.00012765    -0.00477003  -0.01309420
 -0.01612032  -0.00011865     0.01093219  -0.00101625     0.00712448   0.01299808
 -0.00467496  -0.01173537     0.00256176   0.01183148     0.01090630  -0.00640799
    4    4
  0.14066793   0.00000000     0.00246836  -0.00089336    -0.00126857   0.00049984
  0.00246836   0.00089336     0.16395570   0.00000000    -0.00009488   0.00033260
 -0.00126857  -0.00049984    -0.00009488  -0.00033260     0.14294627   0.00000000
    4    5
 -0.00367342   0.00291510    -0.00104673  -0.00062627     0.00535157  -0.00262377
 -0.00104673  -0.00062627     0.02852086  -0.01310001     0.00324634   0.00071863
  0.00535157  -0.00262377     0.00324634   0.00071863    -0.00781071   0.00126818
    4    6
 -0.00075651  -0.00834130     0.01041519  -0.00239243     0.01912541   0.00110347
  0.01912541   0.00110347    -0.00573580  -0.00330235    -0.00811128  -0.00329070
  0.01041519  -0.00239243    -0.01331568  -0.00807383    -0.00573580  -0.00330235
    4    7
  0.00680828  -0.00000000    -0.00091647  -0.01139482     0.00118875   0.01741564
  0.00118875  -0.01741564     0.01014572  -0.00217231     0.00023152  -0.00000000
 -0.00091647   0.01139482    -0.01191373   0.00000000     0.01014572   0.00217231
    5    1
  0.00160412  -0.00368975    -0.05473154   0.07596277     0.00352487   0.00063554
 -0.04553773   0.05484302     0.01159581   0.00151964    -0.05503392  -0.03507945
  0.00224324   0.00230265    -0.07381145  -0.04999433    -0.01144478   0.03645831
    5    2
  0.01205008  -0.00001440    -0.01501733  -0.00012765    -0.00477003   0.01309420
 -0.01612032   0.00011865     0.01093219   0.00101625     0.00712448  -0.01299808
 -0.00467496   0.01173537     0.00256176  -0.01183148     0.01090630   0.00640799
    5    3
 -0.00244730  -0.00679215    -0.00010778  -0.01349560     0.00617851   0.00308984
 -0.00491606   0.00467762    -0.00173058  -0.00669421     0.01650960   0.00783439
  0.01834621   0.00516900     0.00690725   0.00245015     0.00004327  -0.00211415
    5    4
 -0.00367342  -0.00291510    -0.00104673   0.00062627     0.00535157   0.00262377
 -0.00104673   0.00062627     0.02852086   0.01310001     0.00324634  -0.00071863
  0.00535157   0.00262377     0.00324634  -0.00071863    -0.00781071  -0.00126818
    5    5
  0.14066793  -0.00000000     0.00246836   0.00089336    -0.00126857  -0.00049984
  0.00246836  -0.00089336     0.16395570  -0.00000000    -0.00009488  -0.00033260
 -0.00126857   0.00049984    -0.00009488   0.00033260     0.14294627  -0.00000000
    5    6
  0.00680828  -0.00000000    -0.00091647   0.01139482     0.00118875  -0.01741564
  0.00118875   0.01741564     0.01014572   0.00217231     0.00023152   0.00000000
 -0.00091647  -0.01139482    -0.01191373   0.00000000     0.01014572  -0.00217231
    5    7
 -0.00075651   0.00834130     0.01041519   0.00239243     0.01912541  -0.00110347
  0.01912541  -0.00110347    -0.00573580   0.00330235    -0.00811128   0.00329070
  0.01041519   0.00239243    -0.01331568   0.00807383    -0.00573580   0.00330235
    6    1
  0.00160412  -0.00368975     0.00352487   0.00063554    -0.05473154   0.07596277
  0.00224324   0.00230265    -0.01144478   0.03645831    -0.07381145  -0.04999433
 -0.04553773   0.05484302    -0.05503392  -0.03507945     0.01159581   0.00151964
    6    2
 -0.00244730  -0.00679215     0.00617851   0.00308984    -0.00010778  -0.01349560
  0.01834621   0.00516900     0.00004327  -0.00211415     0.00690725   0.00245015
 -0.00491606   0.00467762     0.01650960   0.00783439    -0.00173058  -0.00669421
    6    3
  0.01205008  -0.00001440    -0.00477003   0.01309420    -0.01501733  -0.00012765
 -0.00467496   0.01173537     0.01090630   0.00640799     0.00256176  -0.01183148
 -0.01612032   0.00011865     0.00712448  -0.01299808     0.01093219   0.00101625
    6    4
 -0.00075651   0.00834130     0.01912541  -0.00110347     0.01041519   0.00239243
  0.01041519   0.00239243    -0.00573580   0.00330235    -0.01331568   0.00807383
  0.01912541  -0.00110347    -0.00811128   0.00329070    -0.00573580   0.00330235
    6    5
  0.00680828   0.00000000     0.00118875  -0.01741564    -0.00091647   0.01139482
 -0.00091647  -0.01139482     0.01014572  -0.00217231    -0.01191373  -0.00000000
  0.00118875   0.01741564     0.00023152   0.00000000     0.01014572   0.00217231
    6    6
  0.14066793  -0.00000000    -0.00126857  -0.00049984     0.00246836   0.00089336
 -0.00126857   0.00049984     0.14294627  -0.00000000    -0.00009488   0.00033260
  0.00246836  -0.00089336    -0.00009488  -0.00033260     0.16395570   0.00000000
    6    7
 -0.00367342  -0.00291510     0.00535157   0.00262377    -0.00104673   0.00062627
  0.00535157   0.00262377    -0.00781071  -0.00126818     0.00324634  -0.00071863
 -0.00104673   0.00062627     0.00324634  -0.00071863     0.02852086   0.01310001
    7    1
  0.00374333   0.00147476     0.00204306  -0.00294185    -0.09241483  -0.01501277
 -0.00004201  -0.00321442    -0.03387260  -0.01768725    -0.01684127   0.08754390
 -0.07097991  -0.00657984    -0.01410995   0.06371978     0.00712493  -0.00927402
    7    2
  0.01205008   0.00001440    -0.00477003  -0.01309420    -0.01501733   0.00012765
 -0.00467496  -0.01173537     0.01090630  -0.00640799     0.00256176   0.01183148
 -0.01612032  -0.00011865     0.00712448   0.01299808     0.01093219  -0.00101625
    7    3
 -0.00244730   0.00679215     0.00617851  -0.00308984    -0.00010778   0.01349560
  0.01834621  -0.00516900     0.00004327   0.00211415     0.00690725  -0.00245015
 -0.00491606  -0.00467762     0.01650960  -0.00783439    -0.00173058   0.00669421
    7    4
  0.00680828   0.00000000     0.00118875   0.01741564    -0.00091647  -0.01139482
 -0.00091647   0.01139482     0.01014572   0.00217231    -0.01191373  -0.00000000
  0.00118875  -0.01741564     0.00023152  -0.00000000     0.01014572  -0.00217231
    7    5
 -0.00075651  -0.00834130     0.01912541   0.00110347     0.01041519  -0.00239243
  0.01041519  -0.00239243    -0.00573580  -0.00330235    -0.01331568  -0.00807383
  0.01912541   0.00110347    -0.00811128  -0.00329070    -0.00573580  -0.00330235
    7    6
 -0.00367342   0.00291510     0.00535157  -0.00262377    -0.00104673  -0.00062627
  0.00535157  -0.00262377    -0.00781071   0.00126818     0.00324634   0.00071863
 -0.00104673  -0.00062627     0.00324634   0.00071863     0.02852086  -0.01310001
    7    7
  0.14066793   0.00000000    -0.00126857   0.00049984     0.00246836  -0.00089336
 -0.00126857  -0.00049984     0.14294627   0.00000000    -0.00009488  -0.00033260
  0.00246836   0.00089336    -0.00009488   0.00033260     0.16395570   0.00000000

     Dynamical  Matrix in cartesian axes

     q = (    0.324759500   0.433012700  -0.324759500 ) 

    1    1
  0.70412958   0.00000000     0.05875693   0.00000000     0.00977525   0.00000000
  0.05875693   0.00000000     0.70318401   0.00000000    -0.05875693   0.00000000
  0.00977525   0.00000000    -0.05875693   0.00000000     0.70412958   0.00000000
    1    2
 -0.00927402   0.00712493     0.01501277   0.09241483    -0.08754390   0.01684127
  0.00657984   0.07097991     0.00147476   0.00374333    -0.00321442  -0.00004201
 -0.06371978   0.01410995    -0.00294185   0.00204306    -0.01768725  -0.03387260
    1    3
 -0.00712493   0.00927402    -0.09241483  -0.01501277    -0.01684127   0.08754390
 -0.07097991  -0.00657984    -0.00374333  -0.00147476     0.00004201   0.00321442
 -0.01410995   0.06371978    -0.00204306   0.00294185     0.03387260   0.01768725
    1    4
 -0.01768549   0.03637721    -0.06497838  -0.02012955     0.00198898   0.00389604
