Dynamical matrix file
Electron-phonon coefficients for Ca1H6                                     
  2    7   0   5.5613398   0.0000000   0.0000000   0.0000000   0.0000000   0.0000000
Basis vectors
     -0.577350269    0.577350269    0.577350269
      0.577350269   -0.577350269    0.577350269
      0.577350269    0.577350269   -0.577350269
           1  'Ca  '    36528.8623753087     
           2  'H   '    918.681110398939     
    1    1      0.0000000000      0.0000000000      0.0000000000
    2    2      0.2886751346      0.0000000000      0.5773502692
    3    2      0.2886751346      0.5773502692      0.0000000000
    4    2      0.5773502692      0.2886751346      0.0000000000
    5    2      0.0000000000      0.2886751346      0.5773502692
    6    2      0.0000000000      0.5773502692      0.2886751346
    7    2      0.5773502692      0.0000000000      0.2886751346

     Dynamical  Matrix in cartesian axes

     q = (    0.324759526   0.324759526   0.216506351 ) 

    1    1
  0.68774963   0.00000000     0.09699918   0.00000000     0.03631047   0.00000000
  0.09699918   0.00000000     0.68774963   0.00000000     0.03631047   0.00000000
  0.03631047   0.00000000     0.03631047   0.00000000     0.69891354   0.00000000
    1    2
  0.00596568   0.01422038     0.07344700  -0.04761433    -0.03869575  -0.05576221
  0.05454029  -0.02098505     0.01707194   0.03120489     0.00236782  -0.00119985
 -0.02832796  -0.03534323    -0.00253010  -0.00125177    -0.05206532   0.05481226
    1    3
 -0.00596568   0.01422038    -0.07344700  -0.04761433     0.03869575  -0.05576221
 -0.05454029  -0.02098505    -0.01707194   0.03120489    -0.00236782  -0.00119985
  0.02832796  -0.03534323     0.00253010  -0.00125177     0.05206532   0.05481226
    1    4
 -0.01707194   0.03120489    -0.05454029  -0.02098505    -0.00236782  -0.00119985
 -0.07344700  -0.04761433    -0.00596568   0.01422038     0.03869575  -0.05576221
  0.00253010  -0.00125177     0.02832796  -0.03534323     0.05206532   0.05481226
    1    5
  0.01707194   0.03120489     0.05454029  -0.02098505     0.00236782  -0.00119985
  0.07344700  -0.04761433     0.00596568   0.01422038    -0.03869575  -0.05576221
 -0.00253010  -0.00125177    -0.02832796  -0.03534323    -0.05206532   0.05481226
    1    6
  0.01391162   0.03577152     0.00207548   0.00013653     0.04538173  -0.03235884
 -0.00207548   0.00013653    -0.01391162   0.03577152    -0.04538173  -0.03235884
  0.05752802  -0.04742412    -0.05752802  -0.04742412     0.00000000   0.01517509
    1    7
 -0.01391162   0.03577152    -0.00207548   0.00013653    -0.04538173  -0.03235884
  0.00207548   0.00013653     0.01391162   0.03577152     0.04538173  -0.03235884
 -0.05752802  -0.04742412     0.05752802  -0.04742412     0.00000000   0.01517509
    2    1
  0.00596568  -0.01422038     0.05454029   0.02098505    -0.02832796   0.03534323
  0.07344700   0.04761433     0.01707194  -0.03120489    -0.00253010   0.00125177
 -0.03869575   0.05576221     0.00236782   0.00119985    -0.05206532  -0.05481226
    2    2
  0.16503187  -0.00000000    -0.00208098  -0.00161009    -0.00264310  -0.00061814
 -0.00208098   0.00161009     0.14225937  -0.00000000    -0.00112235  -0.00098745
 -0.00264310   0.00061814    -0.00112235   0.00098745     0.14516491   0.00000000
    2    3
 -0.03734258   0.01995327    -0.00339899   0.00213815    -0.00446605  -0.00097568
 -0.00339899   0.00213815     0.01112013  -0.00261865     0.00438214  -0.00199104
 -0.00446605  -0.00097568     0.00438214  -0.00199104     0.01235224  -0.00040728
    2    4
 -0.00198690  -0.00973456    -0.00556885  -0.01556598     0.00188332  -0.00749580
  0.00502493  -0.01718231    -0.00198690  -0.00973456     0.00858156  -0.00615924
  0.00858156  -0.00615924     0.00188332  -0.00749580    -0.01767436  -0.01473366
    2    5
  0.00869997   0.00469577     0.01666416  -0.00000000    -0.00369683  -0.01178495
 -0.00853431   0.00000000     0.00869997  -0.00469577    -0.00006315   0.00455742
 -0.00006315  -0.00455742    -0.00369683   0.01178495    -0.00904271   0.00000000
    2    6
  0.00569082   0.00478510     0.01281871   0.00646247     0.00463533   0.00968389
  0.01195043   0.00139753    -0.01000507   0.01350962     0.01267218   0.00680476
  0.01647771   0.00794515     0.01195216   0.00217480     0.00816447   0.00543220
    2    7
  0.01046632  -0.00497299     0.00264403   0.01579083     0.01669699  -0.00492304
  0.00208169   0.00698378    -0.00366541   0.00164034    -0.00848706  -0.01448447
 -0.01023589   0.00015700    -0.00407390  -0.00726335     0.00929312   0.00856723
    3    1
 -0.00596568  -0.01422038    -0.05454029   0.02098505     0.02832796   0.03534323
 -0.07344700   0.04761433    -0.01707194  -0.03120489     0.00253010   0.00125177
  0.03869575   0.05576221    -0.00236782   0.00119985     0.05206532  -0.05481226
    3    2
 -0.03734258  -0.01995327    -0.00339899  -0.00213815    -0.00446605   0.00097568
 -0.00339899  -0.00213815     0.01112013   0.00261865     0.00438214   0.00199104
 -0.00446605   0.00097568     0.00438214   0.00199104     0.01235224   0.00040728
    3    3
  0.16503187   0.00000000    -0.00208098   0.00161009    -0.00264310   0.00061814
 -0.00208098  -0.00161009     0.14225937   0.00000000    -0.00112235   0.00098745
 -0.00264310  -0.00061814    -0.00112235  -0.00098745     0.14516491  -0.00000000
    3    4
  0.00869997  -0.00469577     0.01666416  -0.00000000    -0.00369683   0.01178495
 -0.00853431   0.00000000     0.00869997   0.00469577    -0.00006315  -0.00455742
 -0.00006315   0.00455742    -0.00369683  -0.01178495    -0.00904271   0.00000000
    3    5
 -0.00198690   0.00973456    -0.00556885   0.01556598     0.00188332   0.00749580
  0.00502493   0.01718231    -0.00198690   0.00973456     0.00858156   0.00615924
  0.00858156   0.00615924     0.00188332   0.00749580    -0.01767436   0.01473366
    3    6
  0.01046632   0.00497299     0.00264403  -0.01579083     0.01669699   0.00492304
  0.00208169  -0.00698378    -0.00366541  -0.00164034    -0.00848706   0.01448447
 -0.01023589  -0.00015700    -0.00407390   0.00726335     0.00929312  -0.00856723
    3    7
  0.00569082  -0.00478510     0.01281871  -0.00646247     0.00463533  -0.00968389
  0.01195043  -0.00139753    -0.01000507  -0.01350962     0.01267218  -0.00680476
  0.01647771  -0.00794515     0.01195216  -0.00217480     0.00816447  -0.00543220
    4    1
 -0.01707194  -0.03120489    -0.07344700   0.04761433     0.00253010   0.00125177
 -0.05454029   0.02098505    -0.00596568  -0.01422038     0.02832796   0.03534323
 -0.00236782   0.00119985     0.03869575   0.05576221     0.05206532  -0.05481226
    4    2
 -0.00198690   0.00973456     0.00502493   0.01718231     0.00858156   0.00615924
 -0.00556885   0.01556598    -0.00198690   0.00973456     0.00188332   0.00749580
  0.00188332   0.00749580     0.00858156   0.00615924    -0.01767436   0.01473366
    4    3
  0.00869997   0.00469577    -0.00853431  -0.00000000    -0.00006315  -0.00455742
  0.01666416   0.00000000     0.00869997  -0.00469577    -0.00369683   0.01178495
 -0.00369683  -0.01178495    -0.00006315   0.00455742    -0.00904271  -0.00000000
    4    4
  0.14225937   0.00000000    -0.00208098  -0.00161009    -0.00112235   0.00098745
 -0.00208098   0.00161009     0.16503187   0.00000000    -0.00264310   0.00061814
 -0.00112235  -0.00098745    -0.00264310  -0.00061814     0.14516491  -0.00000000
    4    5
  0.01112013   0.00261865    -0.00339899  -0.00213815     0.00438214   0.00199104
 -0.00339899  -0.00213815    -0.03734258  -0.01995327    -0.00446605   0.00097568
  0.00438214   0.00199104    -0.00446605   0.00097568     0.01235224   0.00040728
    4    6
 -0.01000507  -0.01350962     0.01195043  -0.00139753     0.01267218  -0.00680476
  0.01281871  -0.00646247     0.00569082  -0.00478510     0.00463533  -0.00968389
  0.01195216  -0.00217480     0.01647771  -0.00794515     0.00816447  -0.00543220
    4    7
 -0.00366541  -0.00164034     0.00208169  -0.00698378    -0.00848706   0.01448447
  0.00264403  -0.01579083     0.01046632   0.00497299     0.01669699   0.00492304
 -0.00407390   0.00726335    -0.01023589  -0.00015700     0.00929312  -0.00856723
    5    1
  0.01707194  -0.03120489     0.07344700   0.04761433    -0.00253010   0.00125177
  0.05454029   0.02098505     0.00596568  -0.01422038    -0.02832796   0.03534323
  0.00236782   0.00119985    -0.03869575   0.05576221    -0.05206532  -0.05481226
    5    2
  0.00869997  -0.00469577    -0.00853431   0.00000000    -0.00006315   0.00455742
  0.01666416  -0.00000000     0.00869997   0.00469577    -0.00369683  -0.01178495
 -0.00369683   0.01178495    -0.00006315  -0.00455742    -0.00904271   0.00000000
    5    3
 -0.00198690  -0.00973456     0.00502493  -0.01718231     0.00858156  -0.00615924
 -0.00556885  -0.01556598    -0.00198690  -0.00973456     0.00188332  -0.00749580
  0.00188332  -0.00749580     0.00858156  -0.00615924    -0.01767436  -0.01473366
    5    4
  0.01112013  -0.00261865    -0.00339899   0.00213815     0.00438214  -0.00199104
 -0.00339899   0.00213815    -0.03734258   0.01995327    -0.00446605  -0.00097568
  0.00438214  -0.00199104    -0.00446605  -0.00097568     0.01235224  -0.00040728
    5    5
  0.14225937  -0.00000000    -0.00208098   0.00161009    -0.00112235  -0.00098745
 -0.00208098  -0.00161009     0.16503187  -0.00000000    -0.00264310  -0.00061814
 -0.00112235   0.00098745    -0.00264310   0.00061814     0.14516491   0.00000000
    5    6
 -0.00366541   0.00164034     0.00208169   0.00698378    -0.00848706  -0.01448447
  0.00264403   0.01579083     0.01046632  -0.00497299     0.01669699  -0.00492304
 -0.00407390  -0.00726335    -0.01023589   0.00015700     0.00929312   0.00856723
    5    7
 -0.01000507   0.01350962     0.01195043   0.00139753     0.01267218   0.00680476
  0.01281871   0.00646247     0.00569082   0.00478510     0.00463533   0.00968389
  0.01195216   0.00217480     0.01647771   0.00794515     0.00816447   0.00543220
    6    1
  0.01391162  -0.03577152    -0.00207548  -0.00013653     0.05752802   0.04742412
  0.00207548  -0.00013653    -0.01391162  -0.03577152    -0.05752802   0.04742412
  0.04538173   0.03235884    -0.04538173   0.03235884     0.00000000  -0.01517509
    6    2
  0.00569082  -0.00478510     0.01195043  -0.00139753     0.01647771  -0.00794515
  0.01281871  -0.00646247    -0.01000507  -0.01350962     0.01195216  -0.00217480
  0.00463533  -0.00968389     0.01267218  -0.00680476     0.00816447  -0.00543220
    6    3
  0.01046632  -0.00497299     0.00208169   0.00698378    -0.01023589   0.00015700
  0.00264403   0.01579083    -0.00366541   0.00164034    -0.00407390  -0.00726335
  0.01669699  -0.00492304    -0.00848706  -0.01448447     0.00929312   0.00856723
    6    4
 -0.01000507   0.01350962     0.01281871   0.00646247     0.01195216   0.00217480
  0.01195043   0.00139753     0.00569082   0.00478510     0.01647771   0.00794515
  0.01267218   0.00680476     0.00463533   0.00968389     0.00816447   0.00543220
    6    5
 -0.00366541  -0.00164034     0.00264403  -0.01579083    -0.00407390   0.00726335
  0.00208169  -0.00698378     0.01046632   0.00497299    -0.01023589  -0.00015700
 -0.00848706   0.01448447     0.01669699   0.00492304     0.00929312  -0.00856723
    6    6
  0.14096836   0.00000000    -0.00130838  -0.00045372    -0.00210945   0.00015259
 -0.00130838   0.00045372     0.14096836   0.00000000    -0.00210945  -0.00015259
 -0.00210945  -0.00015259    -0.00210945   0.00015259     0.17112549   0.00000000
    6    7
  0.01447015   0.00126669     0.00642982  -0.00000000    -0.00392570   0.00070526
  0.00642982   0.00000000     0.01447015  -0.00126669    -0.00392570  -0.00070526
 -0.00392570   0.00070526    -0.00392570  -0.00070526    -0.06753196   0.00000000
    7    1
 -0.01391162  -0.03577152     0.00207548  -0.00013653    -0.05752802   0.04742412
 -0.00207548  -0.00013653     0.01391162  -0.03577152     0.05752802   0.04742412
 -0.04538173   0.03235884     0.04538173   0.03235884     0.00000000  -0.01517509
    7    2
  0.01046632   0.00497299     0.00208169  -0.00698378    -0.01023589  -0.00015700
  0.00264403  -0.01579083    -0.00366541  -0.00164034    -0.00407390   0.00726335
  0.01669699   0.00492304    -0.00848706   0.01448447     0.00929312  -0.00856723
    7    3
  0.00569082   0.00478510     0.01195043   0.00139753     0.01647771   0.00794515
  0.01281871   0.00646247    -0.01000507   0.01350962     0.01195216   0.00217480
  0.00463533   0.00968389     0.01267218   0.00680476     0.00816447   0.00543220
    7    4
 -0.00366541   0.00164034     0.00264403   0.01579083    -0.00407390  -0.00726335
  0.00208169   0.00698378     0.01046632  -0.00497299    -0.01023589   0.00015700
 -0.00848706  -0.01448447     0.01669699  -0.00492304     0.00929312   0.00856723
    7    5
 -0.01000507  -0.01350962     0.01281871  -0.00646247     0.01195216  -0.00217480
  0.01195043  -0.00139753     0.00569082  -0.00478510     0.01647771  -0.00794515
  0.01267218  -0.00680476     0.00463533  -0.00968389     0.00816447  -0.00543220
    7    6
  0.01447015  -0.00126669     0.00642982   0.00000000    -0.00392570  -0.00070526
  0.00642982  -0.00000000     0.01447015   0.00126669    -0.00392570   0.00070526
 -0.00392570  -0.00070526    -0.00392570   0.00070526    -0.06753196   0.00000000
    7    7
  0.14096836   0.00000000    -0.00130838   0.00045372    -0.00210945  -0.00015259
 -0.00130838  -0.00045372     0.14096836  -0.00000000    -0.00210945   0.00015259
 -0.00210945   0.00015259    -0.00210945  -0.00015259     0.17112549  -0.00000000

     Dynamical  Matrix in cartesian axes

     q = (   -0.324759526   0.216506351   0.324759526 ) 

    1    1
  0.68774963   0.00000000    -0.03631047   0.00000000    -0.09699918   0.00000000
 -0.03631047   0.00000000     0.69891354   0.00000000     0.03631047   0.00000000
 -0.09699918   0.00000000     0.03631047   0.00000000     0.68774963   0.00000000
    1    2
 -0.00583695   0.01427370    -0.01206781   0.06679187    -0.08560329  -0.01826646
 -0.00496055   0.04502233    -0.07557386   0.00194238    -0.00090391  -0.00267418
 -0.05340448  -0.02372714     0.00252273   0.00082588    -0.00999350   0.03413687
    1    3
 -0.01422038  -0.00596568    -0.05576221  -0.03869575    -0.04761433   0.07344700
 -0.03534323  -0.02832796    -0.05481226   0.05206532     0.00125177   0.00253010
 -0.02098505   0.05454029     0.00119985  -0.00236782    -0.03120489  -0.01707194
    1    4
 -0.01545728  -0.03513128    -0.05497088   0.00920857    -0.00137105   0.00156413
 -0.07421237   0.00714454    -0.01073041  -0.01073041    -0.00714454   0.07421237
  0.00156413  -0.00137105    -0.00920857   0.05497088    -0.03513128  -0.01545728
    1    5
  0.01391162   0.03577152    -0.04538173   0.03235884    -0.00207548  -0.00013653
 -0.05752802   0.04742412     0.00000000   0.01517509    -0.05752802  -0.04742412
  0.00207548  -0.00013653    -0.04538173  -0.03235884    -0.01391162   0.03577152
    1    6
  0.01707194   0.03120489    -0.00236782   0.00119985    -0.05454029   0.02098505
  0.00253010   0.00125177    -0.05206532   0.05481226    -0.02832796  -0.03534323
 -0.07344700   0.04761433    -0.03869575  -0.05576221     0.00596568   0.01422038
    1    7
 -0.00999350  -0.03413687    -0.00252273   0.00082588    -0.05340448   0.02372714
  0.00090391  -0.00267418    -0.07557386  -0.00194238     0.00496055   0.04502233
 -0.08560329   0.01826646     0.01206781   0.06679187    -0.00583695  -0.01427370
    2    1
 -0.00583695  -0.01427370    -0.00496055  -0.04502233    -0.05340448   0.02372714
 -0.01206781  -0.06679187    -0.07557386  -0.00194238     0.00252273  -0.00082588
 -0.08560329   0.01826646    -0.00090391   0.00267418    -0.00999350  -0.03413687
    2    2
  0.16503187   0.00000000     0.00264310   0.00061814     0.00208098   0.00161009
  0.00264310  -0.00061814     0.14516491   0.00000000    -0.00112235   0.00098745
  0.00208098  -0.00161009    -0.00112235  -0.00098745     0.14225937  -0.00000000
    2    3
 -0.04051428  -0.01229610     0.00246806   0.00384788     0.00391535   0.00089155
  0.00246806   0.00384788     0.00902235   0.00844636     0.00450652   0.00169076
  0.00391535   0.00089155     0.00450652   0.00169076     0.00971478   0.00601145
    2    4
  0.00497299   0.01046632    -0.00492304  -0.01669699     0.01579083  -0.00264403
  0.00015700   0.01023589    -0.00856723   0.00929312     0.00726335  -0.00407390
  0.00698378  -0.00208169     0.01448447  -0.00848706    -0.00164034  -0.00366541
    2    5
  0.00740759  -0.00064044    -0.01012522  -0.00356988    -0.01363385   0.00449454
 -0.01726957   0.00603343     0.00961430  -0.00193201     0.00998926  -0.00691364
 -0.00943843   0.00746203     0.01377228  -0.00414890     0.00247809   0.01662740
    2    6
  0.00947222  -0.00283140     0.01094728   0.00571916    -0.01178334   0.01178334
  0.00326723   0.00317793    -0.00639416   0.00639416     0.00571916   0.01094728
  0.00603467  -0.00603467     0.00317793   0.00326723     0.00283140  -0.00947222
    2    7
  0.00973456  -0.00198690    -0.00749580  -0.00188332    -0.01556598   0.00556885
 -0.00615924  -0.00858156     0.01473366  -0.01767436     0.00749580   0.00188332
 -0.01718231  -0.00502493     0.00615924   0.00858156     0.00973456  -0.00198690
    3    1
 -0.01422038   0.00596568    -0.03534323   0.02832796    -0.02098505  -0.05454029
 -0.05576221   0.03869575    -0.05481226  -0.05206532     0.00119985   0.00236782
 -0.04761433  -0.07344700     0.00125177  -0.00253010    -0.03120489   0.01707194
    3    2
 -0.04051428   0.01229610     0.00246806  -0.00384788     0.00391535  -0.00089155
  0.00246806  -0.00384788     0.00902235  -0.00844636     0.00450652  -0.00169076
  0.00391535  -0.00089155     0.00450652  -0.00169076     0.00971478  -0.00601145
    3    3
  0.16503187  -0.00000000     0.00264310  -0.00061814     0.00208098  -0.00161009
  0.00264310   0.00061814     0.14516491  -0.00000000    -0.00112235  -0.00098745
  0.00208098   0.00161009    -0.00112235   0.00098745     0.14225937   0.00000000
    3    4
  0.00740759   0.00064044    -0.01012522   0.00356988    -0.01363385  -0.00449454
 -0.01726957  -0.00603343     0.00961430   0.00193201     0.00998926   0.00691364
 -0.00943843  -0.00746203     0.01377228   0.00414890     0.00247809  -0.01662740
    3    5
  0.00497299  -0.01046632    -0.00492304   0.01669699     0.01579083   0.00264403
  0.00015700  -0.01023589    -0.00856723  -0.00929312     0.00726335   0.00407390
  0.00698378   0.00208169     0.01448447   0.00848706    -0.00164034   0.00366541
    3    6
  0.00973456   0.00198690    -0.00749580   0.00188332    -0.01556598  -0.00556885
 -0.00615924   0.00858156     0.01473366   0.01767436     0.00749580  -0.00188332
 -0.01718231   0.00502493     0.00615924  -0.00858156     0.00973456   0.00198690
    3    7
  0.00947222   0.00283140     0.01094728  -0.00571916    -0.01178334  -0.01178334
  0.00326723  -0.00317793    -0.00639416  -0.00639416     0.00571916  -0.01094728
  0.00603467   0.00603467     0.00317793  -0.00326723     0.00283140   0.00947222
    4    1
 -0.01545728   0.03513128    -0.07421237  -0.00714454     0.00156413   0.00137105
 -0.05497088  -0.00920857    -0.01073041   0.01073041    -0.00920857  -0.05497088
 -0.00137105  -0.00156413    -0.00714454  -0.07421237    -0.03513128   0.01545728
    4    2
  0.00497299  -0.01046632     0.00015700  -0.01023589     0.00698378   0.00208169
 -0.00492304   0.01669699    -0.00856723  -0.00929312     0.01448447   0.00848706
  0.01579083   0.00264403     0.00726335   0.00407390    -0.00164034   0.00366541
    4    3
  0.00740759  -0.00064044    -0.01726957   0.00603343    -0.00943843   0.00746203
 -0.01012522  -0.00356988     0.00961430  -0.00193201     0.01377228  -0.00414890
 -0.01363385   0.00449454     0.00998926  -0.00691364     0.00247809   0.01662740
    4    4
  0.14096836   0.00000000     0.00210945   0.00015259     0.00130838  -0.00045372
  0.00210945  -0.00015259     0.17112549   0.00000000    -0.00210945  -0.00015259
  0.00130838   0.00045372    -0.00210945   0.00015259     0.14096836  -0.00000000
    4    5
 -0.01112763  -0.00933626    -0.00227719  -0.00327458     0.00454657   0.00454657
 -0.00227719  -0.00327458     0.04775231   0.04775231     0.00327458   0.00227719
  0.00454657   0.00454657     0.00327458   0.00227719    -0.00933626  -0.01112763
    4    6
 -0.00247809   0.01662740     0.00998926   0.00691364     0.01363385   0.00449454
  0.01377228   0.00414890    -0.00961430  -0.00193201    -0.01012522   0.00356988
  0.00943843   0.00746203    -0.01726957  -0.00603343    -0.00740759  -0.00064044
    4    7
 -0.00366541   0.00164034     0.00407390   0.00726335    -0.00264403  -0.01579083
  0.00848706   0.01448447     0.00929312   0.00856723     0.01669699  -0.00492304
 -0.00208169  -0.00698378    -0.01023589   0.00015700     0.01046632  -0.00497299
    5    1
  0.01391162  -0.03577152    -0.05752802  -0.04742412     0.00207548   0.00013653
 -0.04538173  -0.03235884     0.00000000  -0.01517509    -0.04538173   0.03235884
 -0.00207548   0.00013653    -0.05752802   0.04742412    -0.01391162  -0.03577152
    5    2
  0.00740759   0.00064044    -0.01726957  -0.00603343    -0.00943843  -0.00746203
 -0.01012522   0.00356988     0.00961430   0.00193201     0.01377228   0.00414890
 -0.01363385  -0.00449454     0.00998926   0.00691364     0.00247809  -0.01662740
    5    3
  0.00497299   0.01046632     0.00015700   0.01023589     0.00698378  -0.00208169
 -0.00492304  -0.01669699    -0.00856723   0.00929312     0.01448447  -0.00848706
  0.01579083  -0.00264403     0.00726335  -0.00407390    -0.00164034  -0.00366541
    5    4
 -0.01112763   0.00933626    -0.00227719   0.00327458     0.00454657  -0.00454657
 -0.00227719   0.00327458     0.04775231  -0.04775231     0.00327458  -0.00227719
  0.00454657  -0.00454657     0.00327458  -0.00227719    -0.00933626   0.01112763
    5    5
  0.14096836   0.00000000     0.00210945  -0.00015259     0.00130838   0.00045372
  0.00210945   0.00015259     0.17112549   0.00000000    -0.00210945   0.00015259
  0.00130838  -0.00045372    -0.00210945  -0.00015259     0.14096836   0.00000000
    5    6
 -0.00366541  -0.00164034     0.00407390  -0.00726335    -0.00264403   0.01579083
  0.00848706  -0.01448447     0.00929312  -0.00856723     0.01669699   0.00492304
 -0.00208169   0.00698378    -0.01023589  -0.00015700     0.01046632   0.00497299
    5    7
 -0.00247809  -0.01662740     0.00998926  -0.00691364     0.01363385  -0.00449454
  0.01377228  -0.00414890    -0.00961430   0.00193201    -0.01012522  -0.00356988
  0.00943843  -0.00746203    -0.01726957   0.00603343    -0.00740759   0.00064044
    6    1
  0.01707194  -0.03120489     0.00253010  -0.00125177    -0.07344700  -0.04761433
 -0.00236782  -0.00119985    -0.05206532  -0.05481226    -0.03869575   0.05576221
 -0.05454029  -0.02098505    -0.02832796   0.03534323     0.00596568  -0.01422038
    6    2
  0.00947222   0.00283140     0.00326723  -0.00317793     0.00603467   0.00603467
  0.01094728  -0.00571916    -0.00639416  -0.00639416     0.00317793  -0.00326723
 -0.01178334  -0.01178334     0.00571916  -0.01094728     0.00283140   0.00947222
    6    3
  0.00973456  -0.00198690    -0.00615924  -0.00858156    -0.01718231  -0.00502493
 -0.00749580  -0.00188332     0.01473366  -0.01767436     0.00615924   0.00858156
 -0.01556598   0.00556885     0.00749580   0.00188332     0.00973456  -0.00198690
    6    4
 -0.00247809  -0.01662740     0.01377228  -0.00414890     0.00943843  -0.00746203
  0.00998926  -0.00691364    -0.00961430   0.00193201    -0.01726957   0.00603343
  0.01363385  -0.00449454    -0.01012522  -0.00356988    -0.00740759   0.00064044
    6    5
 -0.00366541   0.00164034     0.00848706   0.01448447    -0.00208169  -0.00698378
  0.00407390   0.00726335     0.00929312   0.00856723    -0.01023589   0.00015700
 -0.00264403  -0.01579083     0.01669699  -0.00492304     0.01046632  -0.00497299
    6    6
  0.14225937  -0.00000000     0.00112235   0.00098745     0.00208098  -0.00161009
  0.00112235  -0.00098745     0.14516491   0.00000000    -0.00264310   0.00061814
  0.00208098   0.00161009    -0.00264310  -0.00061814     0.16503187  -0.00000000
    6    7
 -0.00601145   0.00971478     0.00169076  -0.00450652    -0.00089155   0.00391535
  0.00169076  -0.00450652    -0.00844636   0.00902235     0.00384788  -0.00246806
 -0.00089155   0.00391535     0.00384788  -0.00246806     0.01229610  -0.04051428
    7    1
 -0.00999350   0.03413687     0.00090391   0.00267418    -0.08560329  -0.01826646
 -0.00252273  -0.00082588    -0.07557386   0.00194238     0.01206781  -0.06679187
 -0.05340448  -0.02372714     0.00496055  -0.04502233    -0.00583695   0.01427370
    7    2
  0.00973456   0.00198690    -0.00615924   0.00858156    -0.01718231   0.00502493
 -0.00749580   0.00188332     0.01473366   0.01767436     0.00615924  -0.00858156
 -0.01556598  -0.00556885     0.00749580  -0.00188332     0.00973456   0.00198690
    7    3
  0.00947222  -0.00283140     0.00326723   0.00317793     0.00603467  -0.00603467
  0.01094728   0.00571916    -0.00639416   0.00639416     0.00317793   0.00326723
 -0.01178334   0.01178334     0.00571916   0.01094728     0.00283140  -0.00947222
    7    4
 -0.00366541  -0.00164034     0.00848706  -0.01448447    -0.00208169   0.00698378
  0.00407390  -0.00726335     0.00929312  -0.00856723    -0.01023589  -0.00015700
 -0.00264403   0.01579083     0.01669699   0.00492304     0.01046632   0.00497299
    7    5
 -0.00247809   0.01662740     0.01377228   0.00414890     0.00943843   0.00746203
  0.00998926   0.00691364    -0.00961430  -0.00193201    -0.01726957  -0.00603343
  0.01363385   0.00449454    -0.01012522   0.00356988    -0.00740759  -0.00064044
    7    6
 -0.00601145  -0.00971478     0.00169076   0.00450652    -0.00089155  -0.00391535
  0.00169076   0.00450652    -0.00844636  -0.00902235     0.00384788   0.00246806
 -0.00089155  -0.00391535     0.00384788   0.00246806     0.01229610   0.04051428
    7    7
  0.14225937   0.00000000     0.00112235  -0.00098745     0.00208098   0.00161009
  0.00112235   0.00098745     0.14516491  -0.00000000    -0.00264310  -0.00061814
  0.00208098  -0.00161009    -0.00264310   0.00061814     0.16503187   0.00000000

     Dynamical  Matrix in cartesian axes

     q = (    0.324759526   0.216506351   0.324759526 ) 

    1    1
  0.68774963   0.00000000     0.03631047   0.00000000     0.09699918   0.00000000
  0.03631047   0.00000000     0.69891354   0.00000000     0.03631047   0.00000000
  0.09699918   0.00000000     0.03631047   0.00000000     0.68774963   0.00000000
    1    2
 -0.00596568   0.01422038     0.03869575  -0.05576221    -0.07344700  -0.04761433
  0.02832796  -0.03534323     0.05206532   0.05481226     0.00253010  -0.00125177
 -0.05454029  -0.02098505    -0.00236782  -0.00119985    -0.01707194   0.03120489
    1    3
  0.00596568   0.01422038    -0.03869575  -0.05576221     0.07344700  -0.04761433
 -0.02832796  -0.03534323    -0.05206532   0.05481226    -0.00253010  -0.00125177
  0.05454029  -0.02098505     0.00236782  -0.00119985     0.01707194   0.03120489
    1    4
 -0.01391162   0.03577152    -0.04538173  -0.03235884    -0.00207548   0.00013653
 -0.05752802  -0.04742412    -0.00000000   0.01517509     0.05752802  -0.04742412
  0.00207548   0.00013653     0.04538173  -0.03235884     0.01391162   0.03577152
    1    5
  0.01391162   0.03577152     0.04538173  -0.03235884     0.00207548   0.00013653
  0.05752802  -0.04742412     0.00000000   0.01517509    -0.05752802  -0.04742412
 -0.00207548   0.00013653    -0.04538173  -0.03235884    -0.01391162   0.03577152
    1    6
  0.01707194   0.03120489     0.00236782  -0.00119985     0.05454029  -0.02098505
 -0.00253010  -0.00125177    -0.05206532   0.05481226    -0.02832796  -0.03534323
  0.07344700  -0.04761433    -0.03869575  -0.05576221     0.00596568   0.01422038
    1    7
 -0.01707194   0.03120489    -0.00236782  -0.00119985    -0.05454029  -0.02098505
  0.00253010  -0.00125177     0.05206532   0.05481226     0.02832796  -0.03534323
 -0.07344700  -0.04761433     0.03869575  -0.05576221    -0.00596568   0.01422038
    2    1
 -0.00596568  -0.01422038     0.02832796   0.03534323    -0.05454029   0.02098505
  0.03869575   0.05576221     0.05206532  -0.05481226    -0.00236782   0.00119985
 -0.07344700   0.04761433     0.00253010   0.00125177    -0.01707194  -0.03120489
    2    2
  0.16503187  -0.00000000    -0.00264310   0.00061814    -0.00208098   0.00161009
 -0.00264310  -0.00061814     0.14516491  -0.00000000    -0.00112235  -0.00098745
 -0.00208098  -0.00161009    -0.00112235   0.00098745     0.14225937   0.00000000
    2    3
 -0.03734258  -0.01995327    -0.00446605   0.00097568    -0.00339899  -0.00213815
 -0.00446605   0.00097568     0.01235224   0.00040728     0.00438214   0.00199104
 -0.00339899  -0.00213815     0.00438214   0.00199104     0.01112013   0.00261865
    2    4
  0.00569082  -0.00478510     0.00463533  -0.00968389     0.01281871  -0.00646247
  0.01647771  -0.00794515     0.00816447  -0.00543220     0.01195216  -0.00217480
  0.01195043  -0.00139753     0.01267218  -0.00680476    -0.01000507  -0.01350962
    2    5
  0.01046632   0.00497299     0.01669699   0.00492304     0.00264403  -0.01579083
 -0.01023589  -0.00015700     0.00929312  -0.00856723    -0.00407390   0.00726335
  0.00208169  -0.00698378    -0.00848706   0.01448447    -0.00366541  -0.00164034
    2    6
 -0.00198690   0.00973456     0.00188332   0.00749580    -0.00556885   0.01556598
  0.00858156   0.00615924    -0.01767436   0.01473366     0.00188332   0.00749580
  0.00502493   0.01718231     0.00858156   0.00615924    -0.00198690   0.00973456
    2    7
  0.00869997  -0.00469577    -0.00369683   0.01178495     0.01666416   0.00000000
 -0.00006315   0.00455742    -0.00904271   0.00000000    -0.00369683  -0.01178495
 -0.00853431  -0.00000000    -0.00006315  -0.00455742     0.00869997   0.00469577
    3    1
  0.00596568  -0.01422038    -0.02832796   0.03534323     0.05454029   0.02098505
 -0.03869575   0.05576221    -0.05206532  -0.05481226     0.00236782   0.00119985
  0.07344700   0.04761433    -0.00253010   0.00125177     0.01707194  -0.03120489
    3    2
 -0.03734258   0.01995327    -0.00446605  -0.00097568    -0.00339899   0.00213815
 -0.00446605  -0.00097568     0.01235224  -0.00040728     0.00438214  -0.00199104
 -0.00339899   0.00213815     0.00438214  -0.00199104     0.01112013  -0.00261865
    3    3
  0.16503187   0.00000000    -0.00264310  -0.00061814    -0.00208098  -0.00161009
 -0.00264310   0.00061814     0.14516491   0.00000000    -0.00112235   0.00098745
 -0.00208098   0.00161009    -0.00112235  -0.00098745     0.14225937  -0.00000000
    3    4
  0.01046632  -0.00497299     0.01669699  -0.00492304     0.00264403   0.01579083
 -0.01023589   0.00015700     0.00929312   0.00856723    -0.00407390  -0.00726335
  0.00208169   0.00698378    -0.00848706  -0.01448447    -0.00366541   0.00164034
    3    5
  0.00569082   0.00478510     0.00463533   0.00968389     0.01281871   0.00646247
  0.01647771   0.00794515     0.00816447   0.00543220     0.01195216   0.00217480
  0.01195043   0.00139753     0.01267218   0.00680476    -0.01000507   0.01350962
    3    6
  0.00869997   0.00469577    -0.00369683  -0.01178495     0.01666416  -0.00000000
 -0.00006315  -0.00455742    -0.00904271  -0.00000000    -0.00369683   0.01178495
 -0.00853431   0.00000000    -0.00006315   0.00455742     0.00869997  -0.00469577
    3    7
 -0.00198690  -0.00973456     0.00188332  -0.00749580    -0.00556885  -0.01556598
  0.00858156  -0.00615924    -0.01767436  -0.01473366     0.00188332  -0.00749580
  0.00502493  -0.01718231     0.00858156  -0.00615924    -0.00198690  -0.00973456
    4    1
 -0.01391162  -0.03577152    -0.05752802   0.04742412     0.00207548  -0.00013653
 -0.04538173   0.03235884    -0.00000000  -0.01517509     0.04538173   0.03235884
 -0.00207548  -0.00013653     0.05752802   0.04742412     0.01391162  -0.03577152
    4    2
  0.00569082   0.00478510     0.01647771   0.00794515     0.01195043   0.00139753
  0.00463533   0.00968389     0.00816447   0.00543220     0.01267218   0.00680476
  0.01281871   0.00646247     0.01195216   0.00217480    -0.01000507   0.01350962
    4    3
  0.01046632   0.00497299    -0.01023589  -0.00015700     0.00208169  -0.00698378
  0.01669699   0.00492304     0.00929312  -0.00856723    -0.00848706   0.01448447
  0.00264403  -0.01579083    -0.00407390   0.00726335    -0.00366541  -0.00164034
    4    4
  0.14096836  -0.00000000    -0.00210945  -0.00015259    -0.00130838   0.00045372
 -0.00210945   0.00015259     0.17112549   0.00000000    -0.00210945  -0.00015259
 -0.00130838  -0.00045372    -0.00210945   0.00015259     0.14096836   0.00000000
    4    5
  0.01447015  -0.00126669    -0.00392570  -0.00070526     0.00642982  -0.00000000
 -0.00392570  -0.00070526    -0.06753196   0.00000000    -0.00392570   0.00070526
  0.00642982  -0.00000000    -0.00392570   0.00070526     0.01447015   0.00126669
    4    6
 -0.01000507  -0.01350962     0.01195216  -0.00217480     0.01281871  -0.00646247
  0.01267218  -0.00680476     0.00816447  -0.00543220     0.00463533  -0.00968389
  0.01195043  -0.00139753     0.01647771  -0.00794515     0.00569082  -0.00478510
    4    7
 -0.00366541   0.00164034    -0.00407390  -0.00726335     0.00264403   0.01579083
 -0.00848706  -0.01448447     0.00929312   0.00856723     0.01669699  -0.00492304
  0.00208169   0.00698378    -0.01023589   0.00015700     0.01046632  -0.00497299
    5    1
  0.01391162  -0.03577152     0.05752802   0.04742412    -0.00207548  -0.00013653
  0.04538173   0.03235884     0.00000000  -0.01517509    -0.04538173   0.03235884
  0.00207548  -0.00013653    -0.05752802   0.04742412    -0.01391162  -0.03577152
    5    2
  0.01046632  -0.00497299    -0.01023589   0.00015700     0.00208169   0.00698378
  0.01669699  -0.00492304     0.00929312   0.00856723    -0.00848706  -0.01448447
  0.00264403   0.01579083    -0.00407390  -0.00726335    -0.00366541   0.00164034
    5    3
  0.00569082  -0.00478510     0.01647771  -0.00794515     0.01195043  -0.00139753
  0.00463533  -0.00968389     0.00816447  -0.00543220     0.01267218  -0.00680476
  0.01281871  -0.00646247     0.01195216  -0.00217480    -0.01000507  -0.01350962
    5    4
  0.01447015   0.00126669    -0.00392570   0.00070526     0.00642982   0.00000000
 -0.00392570   0.00070526    -0.06753196  -0.00000000    -0.00392570  -0.00070526
  0.00642982   0.00000000    -0.00392570  -0.00070526     0.01447015  -0.00126669
    5    5
  0.14096836   0.00000000    -0.00210945   0.00015259    -0.00130838  -0.00045372
 -0.00210945  -0.00015259     0.17112549  -0.00000000    -0.00210945   0.00015259
 -0.00130838   0.00045372    -0.00210945  -0.00015259     0.14096836   0.00000000
    5    6
 -0.00366541  -0.00164034    -0.00407390   0.00726335     0.00264403  -0.01579083
 -0.00848706   0.01448447     0.00929312  -0.00856723     0.01669699   0.00492304
  0.00208169  -0.00698378    -0.01023589  -0.00015700     0.01046632   0.00497299
    5    7
 -0.01000507   0.01350962     0.01195216   0.00217480     0.01281871   0.00646247
  0.01267218   0.00680476     0.00816447   0.00543220     0.00463533   0.00968389
  0.01195043   0.00139753     0.01647771   0.00794515     0.00569082   0.00478510
    6    1
  0.01707194  -0.03120489    -0.00253010   0.00125177     0.07344700   0.04761433
  0.00236782   0.00119985    -0.05206532  -0.05481226    -0.03869575   0.05576221
  0.05454029   0.02098505    -0.02832796   0.03534323     0.00596568  -0.01422038
    6    2
 -0.00198690  -0.00973456     0.00858156  -0.00615924     0.00502493  -0.01718231
  0.00188332  -0.00749580    -0.01767436  -0.01473366     0.00858156  -0.00615924
 -0.00556885  -0.01556598     0.00188332  -0.00749580    -0.00198690  -0.00973456
    6    3
  0.00869997  -0.00469577    -0.00006315   0.00455742    -0.00853431  -0.00000000
 -0.00369683   0.01178495    -0.00904271   0.00000000    -0.00006315  -0.00455742
  0.01666416   0.00000000    -0.00369683  -0.01178495     0.00869997   0.00469577
    6    4
 -0.01000507   0.01350962     0.01267218   0.00680476     0.01195043   0.00139753
  0.01195216   0.00217480     0.00816447   0.00543220     0.01647771   0.00794515
  0.01281871   0.00646247     0.00463533   0.00968389     0.00569082   0.00478510
    6    5
 -0.00366541   0.00164034    -0.00848706  -0.01448447     0.00208169   0.00698378
 -0.00407390  -0.00726335     0.00929312   0.00856723    -0.01023589   0.00015700
  0.00264403   0.01579083     0.01669699  -0.00492304     0.01046632  -0.00497299
    6    6
  0.14225937  -0.00000000    -0.00112235  -0.00098745    -0.00208098   0.00161009
 -0.00112235   0.00098745     0.14516491   0.00000000    -0.00264310   0.00061814
 -0.00208098  -0.00161009    -0.00264310  -0.00061814     0.16503187   0.00000000
    6    7
  0.01112013  -0.00261865     0.00438214  -0.00199104    -0.00339899   0.00213815
  0.00438214  -0.00199104     0.01235224  -0.00040728    -0.00446605  -0.00097568
 -0.00339899   0.00213815    -0.00446605  -0.00097568    -0.03734258   0.01995327
    7    1
 -0.01707194  -0.03120489     0.00253010   0.00125177    -0.07344700   0.04761433
 -0.00236782   0.00119985     0.05206532  -0.05481226     0.03869575   0.05576221
 -0.05454029   0.02098505     0.02832796   0.03534323    -0.00596568  -0.01422038
    7    2
  0.00869997   0.00469577    -0.00006315  -0.00455742    -0.00853431   0.00000000
 -0.00369683  -0.01178495    -0.00904271   0.00000000    -0.00006315   0.00455742
  0.01666416  -0.00000000    -0.00369683   0.01178495     0.00869997  -0.00469577
    7    3
 -0.00198690   0.00973456     0.00858156   0.00615924     0.00502493   0.01718231
  0.00188332   0.00749580    -0.01767436   0.01473366     0.00858156   0.00615924
 -0.00556885   0.01556598     0.00188332   0.00749580    -0.00198690   0.00973456
    7    4
 -0.00366541  -0.00164034    -0.00848706   0.01448447     0.00208169  -0.00698378
 -0.00407390   0.00726335     0.00929312  -0.00856723    -0.01023589  -0.00015700
  0.00264403  -0.01579083     0.01669699   0.00492304     0.01046632   0.00497299
    7    5
 -0.01000507  -0.01350962     0.01267218  -0.00680476     0.01195043  -0.00139753
  0.01195216  -0.00217480     0.00816447  -0.00543220     0.01647771  -0.00794515
  0.01281871  -0.00646247     0.00463533  -0.00968389     0.00569082  -0.00478510
    7    6
  0.01112013   0.00261865     0.00438214   0.00199104    -0.00339899  -0.00213815
  0.00438214   0.00199104     0.01235224   0.00040728    -0.00446605   0.00097568
 -0.00339899  -0.00213815    -0.00446605   0.00097568    -0.03734258  -0.01995327
    7    7
  0.14225937   0.00000000    -0.00112235   0.00098745    -0.00208098  -0.00161009
 -0.00112235  -0.00098745     0.14516491  -0.00000000    -0.00264310  -0.00061814
 -0.00208098   0.00161009    -0.00264310   0.00061814     0.16503187  -0.00000000

     Dynamical  Matrix in cartesian axes

     q = (    0.324759526  -0.324759526   0.216506351 ) 

    1    1
  0.68774963   0.00000000    -0.09699918   0.00000000     0.03631047   0.00000000
 -0.09699918   0.00000000     0.68774963   0.00000000    -0.03631047   0.00000000
  0.03631047   0.00000000    -0.03631047   0.00000000     0.69891354   0.00000000
    1    2
  0.00596568   0.01422038    -0.07344700   0.04761433    -0.03869575  -0.05576221
 -0.05454029   0.02098505     0.01707194   0.03120489    -0.00236782   0.00119985
 -0.02832796  -0.03534323     0.00253010   0.00125177    -0.05206532   0.05481226
    1    3
 -0.00583695  -0.01427370    -0.08560329   0.01826646     0.01206781   0.06679187
 -0.05340448   0.02372714    -0.00999350  -0.03413687    -0.00252273   0.00082588
  0.00496055   0.04502233     0.00090391  -0.00267418    -0.07557386  -0.00194238
    1    4
 -0.00999350   0.03413687    -0.05340448  -0.02372714     0.00252273   0.00082588
