Dynamical matrix file
Electron-phonon coefficients for Ca1H6                                     
  2    7   0   5.5613398   0.0000000   0.0000000   0.0000000   0.0000000   0.0000000
Basis vectors
     -0.577350269    0.577350269    0.577350269
      0.577350269   -0.577350269    0.577350269
      0.577350269    0.577350269   -0.577350269
           1  'Ca  '    36528.8623753087     
           2  'H   '    918.681110398939     
    1    1      0.0000000000      0.0000000000      0.0000000000
    2    2      0.2886751346      0.0000000000      0.5773502692
    3    2      0.2886751346      0.5773502692      0.0000000000
    4    2      0.5773502692      0.2886751346      0.0000000000
    5    2      0.0000000000      0.2886751346      0.5773502692
    6    2      0.0000000000      0.5773502692      0.2886751346
    7    2      0.5773502692      0.0000000000      0.2886751346

     Dynamical  Matrix in cartesian axes

     q = (    0.433012702   0.216506351   0.216506351 ) 

    1    1
  0.69430940   0.00000000     0.08353593   0.00000000     0.08353593   0.00000000
  0.08353593   0.00000000     0.70602134   0.00000000    -0.00908983   0.00000000
  0.08353593   0.00000000    -0.00908983   0.00000000     0.70602134   0.00000000
    1    2
  0.00000000  -0.00682810     0.05080996  -0.05430674    -0.05080996  -0.05430674
  0.03430369  -0.02694793     0.06149407   0.04811571     0.00284931  -0.00101291
 -0.03430369  -0.02694793    -0.00284931  -0.00101291    -0.06149407   0.04811571
    1    3
 -0.00000000  -0.00682810    -0.05080996  -0.05430674     0.05080996  -0.05430674
 -0.03430369  -0.02694793    -0.06149407   0.04811571    -0.00284931  -0.00101291
  0.03430369  -0.02694793     0.00284931  -0.00101291     0.06149407   0.04811571
    1    4
 -0.00187569  -0.00683106    -0.05705280  -0.00592448    -0.00104808   0.00008812
 -0.07827297  -0.02129488    -0.00323074   0.01947552     0.02666188  -0.04956379
  0.00328132  -0.00012653     0.01883182  -0.03930867     0.05078575   0.06528087
    1    5
  0.00187569  -0.00683106     0.05705280  -0.00592448     0.00104808   0.00008812
  0.07827297  -0.02129488     0.00323074   0.01947552    -0.02666188  -0.04956379
 -0.00328132  -0.00012653    -0.01883182  -0.03930867    -0.05078575   0.06528087
    1    6
  0.00187569  -0.00683106     0.00104808   0.00008812     0.05705280  -0.00592448
 -0.00328132  -0.00012653    -0.05078575   0.06528087    -0.01883182  -0.03930867
  0.07827297  -0.02129488    -0.02666188  -0.04956379     0.00323074   0.01947552
    1    7
 -0.00187569  -0.00683106    -0.00104808   0.00008812    -0.05705280  -0.00592448
  0.00328132  -0.00012653     0.05078575   0.06528087     0.01883182  -0.03930867
 -0.07827297  -0.02129488     0.02666188  -0.04956379    -0.00323074   0.01947552
    2    1
  0.00000000   0.00682810     0.03430369   0.02694793    -0.03430369   0.02694793
  0.05080996   0.05430674     0.06149407  -0.04811571    -0.00284931   0.00101291
 -0.05080996   0.05430674     0.00284931   0.00101291    -0.06149407  -0.04811571
    2    2
  0.16236743   0.00000000    -0.00240636  -0.00211747    -0.00240636   0.00211747
 -0.00240636   0.00211747     0.14783048   0.00000000    -0.00042186  -0.00243723
 -0.00240636  -0.00211747    -0.00042186   0.00243723     0.14783048   0.00000000
    2    3
 -0.00425252  -0.00000000    -0.00137631  -0.00070715    -0.00137631   0.00070715
 -0.00137631  -0.00070715     0.00598918  -0.00373945     0.00146055  -0.00000000
 -0.00137631   0.00070715     0.00146055   0.00000000     0.00598918   0.00373945
    2    4
 -0.00211217  -0.01335807    -0.00436807  -0.00692265     0.00376560  -0.00242163
  0.00185913  -0.01229332    -0.00151772  -0.01351051     0.00811269  -0.00741781
  0.00708455  -0.00501932     0.00394707  -0.00996626    -0.01495099  -0.01309296
    2    5
  0.00852449  -0.00134703     0.01076439   0.01003997     0.00546249  -0.00882521
 -0.00852982   0.00055114     0.00744889  -0.00844596    -0.00437229   0.00288716
  0.00409158  -0.00083597    -0.01017296   0.00648426    -0.00715963  -0.00715268
    2    6
 -0.00211217   0.01335807     0.00376560   0.00242163    -0.00436807   0.00692265
  0.00708455   0.00501932    -0.01495099   0.01309296     0.00394707   0.00996626
  0.00185913   0.01229332     0.00811269   0.00741781    -0.00151772   0.01351051
    2    7
  0.00852449   0.00134703     0.00546249   0.00882521     0.01076439  -0.01003997
  0.00409158   0.00083597    -0.00715963   0.00715268    -0.01017296  -0.00648426
 -0.00852982  -0.00055114    -0.00437229  -0.00288716     0.00744889   0.00844596
    3    1
 -0.00000000   0.00682810    -0.03430369   0.02694793     0.03430369   0.02694793
 -0.05080996   0.05430674    -0.06149407  -0.04811571     0.00284931   0.00101291
  0.05080996   0.05430674    -0.00284931   0.00101291     0.06149407  -0.04811571
    3    2
 -0.00425252   0.00000000    -0.00137631   0.00070715    -0.00137631  -0.00070715
 -0.00137631   0.00070715     0.00598918   0.00373945     0.00146055   0.00000000
 -0.00137631  -0.00070715     0.00146055  -0.00000000     0.00598918  -0.00373945
    3    3
  0.16236743   0.00000000    -0.00240636   0.00211747    -0.00240636  -0.00211747
 -0.00240636  -0.00211747     0.14783048  -0.00000000    -0.00042186   0.00243723
 -0.00240636   0.00211747    -0.00042186  -0.00243723     0.14783048   0.00000000
    3    4
  0.00852449   0.00134703     0.01076439  -0.01003997     0.00546249   0.00882521
 -0.00852982  -0.00055114     0.00744889   0.00844596    -0.00437229  -0.00288716
  0.00409158   0.00083597    -0.01017296  -0.00648426    -0.00715963   0.00715268
    3    5
 -0.00211217   0.01335807    -0.00436807   0.00692265     0.00376560   0.00242163
  0.00185913   0.01229332    -0.00151772   0.01351051     0.00811269   0.00741781
  0.00708455   0.00501932     0.00394707   0.00996626    -0.01495099   0.01309296
    3    6
  0.00852449  -0.00134703     0.00546249  -0.00882521     0.01076439   0.01003997
  0.00409158  -0.00083597    -0.00715963  -0.00715268    -0.01017296   0.00648426
 -0.00852982   0.00055114    -0.00437229   0.00288716     0.00744889  -0.00844596
    3    7
 -0.00211217  -0.01335807     0.00376560  -0.00242163    -0.00436807  -0.00692265
  0.00708455  -0.00501932    -0.01495099  -0.01309296     0.00394707  -0.00996626
  0.00185913  -0.01229332     0.00811269  -0.00741781    -0.00151772  -0.01351051
    4    1
 -0.00187569   0.00683106    -0.07827297   0.02129488     0.00328132   0.00012653
 -0.05705280   0.00592448    -0.00323074  -0.01947552     0.01883182   0.03930867
 -0.00104808  -0.00008812     0.02666188   0.04956379     0.05078575  -0.06528087
    4    2
 -0.00211217   0.01335807     0.00185913   0.01229332     0.00708455   0.00501932
 -0.00436807   0.00692265    -0.00151772   0.01351051     0.00394707   0.00996626
  0.00376560   0.00242163     0.00811269   0.00741781    -0.01495099   0.01309296
    4    3
  0.00852449  -0.00134703    -0.00852982   0.00055114     0.00409158  -0.00083597
  0.01076439   0.01003997     0.00744889  -0.00844596    -0.01017296   0.00648426
  0.00546249  -0.00882521    -0.00437229   0.00288716    -0.00715963  -0.00715268
    4    4
  0.14204560  -0.00000000    -0.00264049  -0.00013067    -0.00069976   0.00017573
 -0.00264049   0.00013067     0.17523574  -0.00000000    -0.00139847   0.00067552
 -0.00069976  -0.00017573    -0.00139847  -0.00067552     0.14047624  -0.00000000
    4    5
  0.00890237   0.00311204    -0.00256545   0.00084617     0.00289983   0.00571316
 -0.00256545   0.00084617    -0.04411739  -0.05261824    -0.00451312  -0.00323728
  0.00289983   0.00571316    -0.00451312  -0.00323728     0.01291514   0.00647540
    4    6
 -0.00151643  -0.00690802     0.00883473   0.00240481     0.01816418  -0.00047265
  0.01816418  -0.00047265     0.00597917   0.00470347     0.00067378  -0.00017159
  0.00883473   0.00240481     0.02047743   0.00781031     0.00597917   0.00470347
    4    7
 -0.00146367  -0.00000000    -0.00031496  -0.01063914    -0.00113288   0.01649599
 -0.00113288  -0.01649599     0.01057471   0.00722401     0.01643024   0.00000000
 -0.00031496   0.01063914    -0.01380197  -0.00000000     0.01057471  -0.00722401
    5    1
  0.00187569   0.00683106     0.07827297   0.02129488    -0.00328132   0.00012653
  0.05705280   0.00592448     0.00323074  -0.01947552    -0.01883182   0.03930867
  0.00104808  -0.00008812    -0.02666188   0.04956379    -0.05078575  -0.06528087
    5    2
  0.00852449   0.00134703    -0.00852982  -0.00055114     0.00409158   0.00083597
  0.01076439  -0.01003997     0.00744889   0.00844596    -0.01017296  -0.00648426
  0.00546249   0.00882521    -0.00437229  -0.00288716    -0.00715963   0.00715268
    5    3
 -0.00211217  -0.01335807     0.00185913  -0.01229332     0.00708455  -0.00501932
 -0.00436807  -0.00692265    -0.00151772  -0.01351051     0.00394707  -0.00996626
  0.00376560  -0.00242163     0.00811269  -0.00741781    -0.01495099  -0.01309296
    5    4
  0.00890237  -0.00311204    -0.00256545  -0.00084617     0.00289983  -0.00571316
 -0.00256545  -0.00084617    -0.04411739   0.05261824    -0.00451312   0.00323728
  0.00289983  -0.00571316    -0.00451312   0.00323728     0.01291514  -0.00647540
    5    5
  0.14204560   0.00000000    -0.00264049   0.00013067    -0.00069976  -0.00017573
 -0.00264049  -0.00013067     0.17523574   0.00000000    -0.00139847  -0.00067552
 -0.00069976   0.00017573    -0.00139847   0.00067552     0.14047624   0.00000000
    5    6
 -0.00146367   0.00000000    -0.00031496   0.01063914    -0.00113288  -0.01649599
 -0.00113288   0.01649599     0.01057471  -0.00722401     0.01643024  -0.00000000
 -0.00031496  -0.01063914    -0.01380197  -0.00000000     0.01057471   0.00722401
    5    7
 -0.00151643   0.00690802     0.00883473  -0.00240481     0.01816418   0.00047265
  0.01816418   0.00047265     0.00597917  -0.00470347     0.00067378   0.00017159
  0.00883473  -0.00240481     0.02047743  -0.00781031     0.00597917  -0.00470347
    6    1
  0.00187569   0.00683106    -0.00328132   0.00012653     0.07827297   0.02129488
  0.00104808  -0.00008812    -0.05078575  -0.06528087    -0.02666188   0.04956379
  0.05705280   0.00592448    -0.01883182   0.03930867     0.00323074  -0.01947552
    6    2
 -0.00211217  -0.01335807     0.00708455  -0.00501932     0.00185913  -0.01229332
  0.00376560  -0.00242163    -0.01495099  -0.01309296     0.00811269  -0.00741781
 -0.00436807  -0.00692265     0.00394707  -0.00996626    -0.00151772  -0.01351051
    6    3
  0.00852449   0.00134703     0.00409158   0.00083597    -0.00852982  -0.00055114
  0.00546249   0.00882521    -0.00715963   0.00715268    -0.00437229  -0.00288716
  0.01076439  -0.01003997    -0.01017296  -0.00648426     0.00744889   0.00844596
    6    4
 -0.00151643   0.00690802     0.01816418   0.00047265     0.00883473  -0.00240481
  0.00883473  -0.00240481     0.00597917  -0.00470347     0.02047743  -0.00781031
  0.01816418   0.00047265     0.00067378   0.00017159     0.00597917  -0.00470347
    6    5
 -0.00146367   0.00000000    -0.00113288  -0.01649599    -0.00031496   0.01063914
 -0.00031496  -0.01063914     0.01057471   0.00722401    -0.01380197   0.00000000
 -0.00113288   0.01649599     0.01643024   0.00000000     0.01057471  -0.00722401
    6    6
  0.14204560   0.00000000    -0.00069976  -0.00017573    -0.00264049   0.00013067
 -0.00069976   0.00017573     0.14047624  -0.00000000    -0.00139847   0.00067552
 -0.00264049  -0.00013067    -0.00139847  -0.00067552     0.17523574   0.00000000
    6    7
  0.00890237  -0.00311204     0.00289983  -0.00571316    -0.00256545  -0.00084617
  0.00289983  -0.00571316     0.01291514  -0.00647540    -0.00451312   0.00323728
 -0.00256545  -0.00084617    -0.00451312   0.00323728    -0.04411739   0.05261824
    7    1
 -0.00187569   0.00683106     0.00328132   0.00012653    -0.07827297   0.02129488
 -0.00104808  -0.00008812     0.05078575  -0.06528087     0.02666188   0.04956379
 -0.05705280   0.00592448     0.01883182   0.03930867    -0.00323074  -0.01947552
    7    2
  0.00852449  -0.00134703     0.00409158  -0.00083597    -0.00852982   0.00055114
  0.00546249  -0.00882521    -0.00715963  -0.00715268    -0.00437229   0.00288716
  0.01076439   0.01003997    -0.01017296   0.00648426     0.00744889  -0.00844596
    7    3
 -0.00211217   0.01335807     0.00708455   0.00501932     0.00185913   0.01229332
  0.00376560   0.00242163    -0.01495099   0.01309296     0.00811269   0.00741781
 -0.00436807   0.00692265     0.00394707   0.00996626    -0.00151772   0.01351051
    7    4
 -0.00146367   0.00000000    -0.00113288   0.01649599    -0.00031496  -0.01063914
 -0.00031496   0.01063914     0.01057471  -0.00722401    -0.01380197  -0.00000000
 -0.00113288  -0.01649599     0.01643024  -0.00000000     0.01057471   0.00722401
    7    5
 -0.00151643  -0.00690802     0.01816418  -0.00047265     0.00883473   0.00240481
  0.00883473   0.00240481     0.00597917   0.00470347     0.02047743   0.00781031
  0.01816418  -0.00047265     0.00067378  -0.00017159     0.00597917   0.00470347
    7    6
  0.00890237   0.00311204     0.00289983   0.00571316    -0.00256545   0.00084617
  0.00289983   0.00571316     0.01291514   0.00647540    -0.00451312  -0.00323728
 -0.00256545   0.00084617    -0.00451312  -0.00323728    -0.04411739  -0.05261824
    7    7
  0.14204560  -0.00000000    -0.00069976   0.00017573    -0.00264049  -0.00013067
 -0.00069976  -0.00017573     0.14047624   0.00000000    -0.00139847  -0.00067552
 -0.00264049   0.00013067    -0.00139847   0.00067552     0.17523574  -0.00000000

     Dynamical  Matrix in cartesian axes

     q = (   -0.433012702   0.216506351   0.216506351 ) 

    1    1
  0.69430940   0.00000000    -0.08353593   0.00000000    -0.08353593   0.00000000
 -0.08353593   0.00000000     0.70602134   0.00000000    -0.00908983   0.00000000
 -0.08353593   0.00000000    -0.00908983   0.00000000     0.70602134   0.00000000
    1    2
  0.00682810   0.00000000    -0.05430674   0.05080996    -0.05430674  -0.05080996
 -0.02694793   0.03430369    -0.04811571  -0.06149407     0.00101291  -0.00284931
 -0.02694793  -0.03430369     0.00101291   0.00284931    -0.04811571   0.06149407
    1    3
  0.00682810  -0.00000000    -0.05430674  -0.05080996    -0.05430674   0.05080996
 -0.02694793  -0.03430369    -0.04811571   0.06149407     0.00101291   0.00284931
 -0.02694793   0.03430369     0.00101291  -0.00284931    -0.04811571  -0.06149407
    1    4
  0.00187569   0.00683106    -0.05705280  -0.00592448    -0.00104808   0.00008812
 -0.07827297  -0.02129488     0.00323074  -0.01947552    -0.02666188   0.04956379
  0.00328132  -0.00012653    -0.01883182   0.03930867    -0.05078575  -0.06528087
    1    5
  0.00187569  -0.00683106    -0.05705280   0.00592448    -0.00104808  -0.00008812
 -0.07827297   0.02129488     0.00323074   0.01947552    -0.02666188  -0.04956379
  0.00328132   0.00012653    -0.01883182  -0.03930867    -0.05078575   0.06528087
    1    6
  0.00187569  -0.00683106    -0.00104808  -0.00008812    -0.05705280   0.00592448
  0.00328132   0.00012653    -0.05078575   0.06528087    -0.01883182  -0.03930867
 -0.07827297   0.02129488    -0.02666188  -0.04956379     0.00323074   0.01947552
    1    7
  0.00187569   0.00683106    -0.00104808   0.00008812    -0.05705280  -0.00592448
  0.00328132  -0.00012653    -0.05078575  -0.06528087    -0.01883182   0.03930867
 -0.07827297  -0.02129488    -0.02666188   0.04956379     0.00323074  -0.01947552
    2    1
  0.00682810   0.00000000    -0.02694793  -0.03430369    -0.02694793   0.03430369
 -0.05430674  -0.05080996    -0.04811571   0.06149407     0.00101291  -0.00284931
 -0.05430674   0.05080996     0.00101291   0.00284931    -0.04811571  -0.06149407
    2    2
  0.16236743   0.00000000     0.00240636  -0.00211747     0.00240636   0.00211747
  0.00240636   0.00211747     0.14783048  -0.00000000    -0.00042186   0.00243723
  0.00240636  -0.00211747    -0.00042186  -0.00243723     0.14783048   0.00000000
    2    3
 -0.00425252  -0.00000000     0.00137631  -0.00070715     0.00137631   0.00070715
  0.00137631  -0.00070715     0.00598918   0.00373945     0.00146055   0.00000000
  0.00137631   0.00070715     0.00146055   0.00000000     0.00598918  -0.00373945
    2    4
 -0.00134703   0.00852449    -0.01003997  -0.01076439     0.00882521  -0.00546249
 -0.00055114   0.00852982    -0.00844596   0.00744889     0.00288716  -0.00437229
  0.00083597  -0.00409158     0.00648426  -0.01017296    -0.00715268  -0.00715963
    2    5
  0.01335807   0.00211217    -0.00692265  -0.00436807    -0.00242163   0.00376560
 -0.01229332   0.00185913     0.01351051   0.00151772     0.00741781  -0.00811269
 -0.00501932   0.00708455     0.00996626  -0.00394707     0.01309296   0.01495099
    2    6
 -0.00134703  -0.00852449     0.00882521   0.00546249    -0.01003997   0.01076439
  0.00083597   0.00409158    -0.00715268   0.00715963     0.00648426   0.01017296
 -0.00055114  -0.00852982     0.00288716   0.00437229    -0.00844596  -0.00744889
    2    7
  0.01335807  -0.00211217    -0.00242163  -0.00376560    -0.00692265   0.00436807
 -0.00501932  -0.00708455     0.01309296  -0.01495099     0.00996626   0.00394707
 -0.01229332  -0.00185913     0.00741781   0.00811269     0.01351051  -0.00151772
    3    1
  0.00682810   0.00000000    -0.02694793   0.03430369    -0.02694793  -0.03430369
 -0.05430674   0.05080996    -0.04811571  -0.06149407     0.00101291   0.00284931
 -0.05430674  -0.05080996     0.00101291  -0.00284931    -0.04811571   0.06149407
    3    2
 -0.00425252   0.00000000     0.00137631   0.00070715     0.00137631  -0.00070715
  0.00137631   0.00070715     0.00598918  -0.00373945     0.00146055  -0.00000000
  0.00137631  -0.00070715     0.00146055  -0.00000000     0.00598918   0.00373945
    3    3
  0.16236743   0.00000000     0.00240636   0.00211747     0.00240636  -0.00211747
  0.00240636  -0.00211747     0.14783048  -0.00000000    -0.00042186  -0.00243723
  0.00240636   0.00211747    -0.00042186   0.00243723     0.14783048   0.00000000
    3    4
  0.01335807  -0.00211217    -0.00692265   0.00436807    -0.00242163  -0.00376560
 -0.01229332  -0.00185913     0.01351051  -0.00151772     0.00741781   0.00811269
 -0.00501932  -0.00708455     0.00996626   0.00394707     0.01309296  -0.01495099
    3    5
 -0.00134703  -0.00852449    -0.01003997   0.01076439     0.00882521   0.00546249
 -0.00055114  -0.00852982    -0.00844596  -0.00744889     0.00288716   0.00437229
  0.00083597   0.00409158     0.00648426   0.01017296    -0.00715268   0.00715963
    3    6
  0.01335807   0.00211217    -0.00242163   0.00376560    -0.00692265  -0.00436807
 -0.00501932   0.00708455     0.01309296   0.01495099     0.00996626  -0.00394707
 -0.01229332   0.00185913     0.00741781  -0.00811269     0.01351051   0.00151772
    3    7
 -0.00134703   0.00852449     0.00882521  -0.00546249    -0.01003997  -0.01076439
  0.00083597  -0.00409158    -0.00715268  -0.00715963     0.00648426  -0.01017296
 -0.00055114   0.00852982     0.00288716  -0.00437229    -0.00844596   0.00744889
    4    1
  0.00187569  -0.00683106    -0.07827297   0.02129488     0.00328132   0.00012653
 -0.05705280   0.00592448     0.00323074   0.01947552    -0.01883182  -0.03930867
 -0.00104808  -0.00008812    -0.02666188  -0.04956379    -0.05078575   0.06528087
    4    2
 -0.00134703  -0.00852449    -0.00055114  -0.00852982     0.00083597   0.00409158
 -0.01003997   0.01076439    -0.00844596  -0.00744889     0.00648426   0.01017296
  0.00882521   0.00546249     0.00288716   0.00437229    -0.00715268   0.00715963
    4    3
  0.01335807   0.00211217    -0.01229332   0.00185913    -0.00501932   0.00708455
 -0.00692265  -0.00436807     0.01351051   0.00151772     0.00996626  -0.00394707
 -0.00242163   0.00376560     0.00741781  -0.00811269     0.01309296   0.01495099
    4    4
  0.14204560  -0.00000000     0.00264049   0.00013067     0.00069976  -0.00017573
  0.00264049  -0.00013067     0.17523574  -0.00000000    -0.00139847   0.00067552
  0.00069976   0.00017573    -0.00139847  -0.00067552     0.14047624   0.00000000
    4    5
 -0.00890237  -0.00311204    -0.00256545   0.00084617     0.00289983   0.00571316
 -0.00256545   0.00084617     0.04411739   0.05261824     0.00451312   0.00323728
  0.00289983   0.00571316     0.00451312   0.00323728    -0.01291514  -0.00647540
    4    6
  0.00151643   0.00690802     0.00883473   0.00240481     0.01816418  -0.00047265
  0.01816418  -0.00047265    -0.00597917  -0.00470347    -0.00067378   0.00017159
  0.00883473   0.00240481    -0.02047743  -0.00781031    -0.00597917  -0.00470347
    4    7
 -0.00146367   0.00000000     0.00031496   0.01063914     0.00113288  -0.01649599
  0.00113288   0.01649599     0.01057471   0.00722401     0.01643024  -0.00000000
  0.00031496  -0.01063914    -0.01380197   0.00000000     0.01057471  -0.00722401
    5    1
  0.00187569   0.00683106    -0.07827297  -0.02129488     0.00328132  -0.00012653
 -0.05705280  -0.00592448     0.00323074  -0.01947552    -0.01883182   0.03930867
 -0.00104808   0.00008812    -0.02666188   0.04956379    -0.05078575  -0.06528087
    5    2
  0.01335807  -0.00211217    -0.01229332  -0.00185913    -0.00501932  -0.00708455
 -0.00692265   0.00436807     0.01351051  -0.00151772     0.00996626   0.00394707
 -0.00242163  -0.00376560     0.00741781   0.00811269     0.01309296  -0.01495099
    5    3
 -0.00134703   0.00852449    -0.00055114   0.00852982     0.00083597  -0.00409158
 -0.01003997  -0.01076439    -0.00844596   0.00744889     0.00648426  -0.01017296
  0.00882521  -0.00546249     0.00288716  -0.00437229    -0.00715268  -0.00715963
    5    4
 -0.00890237   0.00311204    -0.00256545  -0.00084617     0.00289983  -0.00571316
 -0.00256545  -0.00084617     0.04411739  -0.05261824     0.00451312  -0.00323728
  0.00289983  -0.00571316     0.00451312  -0.00323728    -0.01291514   0.00647540
    5    5
  0.14204560   0.00000000     0.00264049  -0.00013067     0.00069976   0.00017573
  0.00264049   0.00013067     0.17523574   0.00000000    -0.00139847  -0.00067552
  0.00069976  -0.00017573    -0.00139847   0.00067552     0.14047624   0.00000000
    5    6
 -0.00146367   0.00000000     0.00031496  -0.01063914     0.00113288   0.01649599
  0.00113288  -0.01649599     0.01057471  -0.00722401     0.01643024   0.00000000
  0.00031496   0.01063914    -0.01380197  -0.00000000     0.01057471   0.00722401
    5    7
  0.00151643  -0.00690802     0.00883473  -0.00240481     0.01816418   0.00047265
  0.01816418   0.00047265    -0.00597917   0.00470347    -0.00067378  -0.00017159
  0.00883473  -0.00240481    -0.02047743   0.00781031    -0.00597917   0.00470347
    6    1
  0.00187569   0.00683106     0.00328132  -0.00012653    -0.07827297  -0.02129488
 -0.00104808   0.00008812    -0.05078575  -0.06528087    -0.02666188   0.04956379
 -0.05705280  -0.00592448    -0.01883182   0.03930867     0.00323074  -0.01947552
    6    2
 -0.00134703   0.00852449     0.00083597  -0.00409158    -0.00055114   0.00852982
  0.00882521  -0.00546249    -0.00715268  -0.00715963     0.00288716  -0.00437229
 -0.01003997  -0.01076439     0.00648426  -0.01017296    -0.00844596   0.00744889
    6    3
  0.01335807  -0.00211217    -0.00501932  -0.00708455    -0.01229332  -0.00185913
 -0.00242163  -0.00376560     0.01309296  -0.01495099     0.00741781   0.00811269
 -0.00692265   0.00436807     0.00996626   0.00394707     0.01351051  -0.00151772
    6    4
  0.00151643  -0.00690802     0.01816418   0.00047265     0.00883473  -0.00240481
  0.00883473  -0.00240481    -0.00597917   0.00470347    -0.02047743   0.00781031
  0.01816418   0.00047265    -0.00067378  -0.00017159    -0.00597917   0.00470347
    6    5
 -0.00146367   0.00000000     0.00113288   0.01649599     0.00031496  -0.01063914
  0.00031496   0.01063914     0.01057471   0.00722401    -0.01380197   0.00000000
  0.00113288  -0.01649599     0.01643024  -0.00000000     0.01057471  -0.00722401
    6    6
  0.14204560   0.00000000     0.00069976   0.00017573     0.00264049  -0.00013067
  0.00069976  -0.00017573     0.14047624   0.00000000    -0.00139847   0.00067552
  0.00264049   0.00013067    -0.00139847  -0.00067552     0.17523574   0.00000000
    6    7
 -0.00890237   0.00311204     0.00289983  -0.00571316    -0.00256545  -0.00084617
  0.00289983  -0.00571316    -0.01291514   0.00647540     0.00451312  -0.00323728
 -0.00256545  -0.00084617     0.00451312  -0.00323728     0.04411739  -0.05261824
    7    1
  0.00187569  -0.00683106     0.00328132   0.00012653    -0.07827297   0.02129488
 -0.00104808  -0.00008812    -0.05078575   0.06528087    -0.02666188  -0.04956379
 -0.05705280   0.00592448    -0.01883182  -0.03930867     0.00323074   0.01947552
    7    2
  0.01335807   0.00211217    -0.00501932   0.00708455    -0.01229332   0.00185913
 -0.00242163   0.00376560     0.01309296   0.01495099     0.00741781  -0.00811269
 -0.00692265  -0.00436807     0.00996626  -0.00394707     0.01351051   0.00151772
    7    3
 -0.00134703  -0.00852449     0.00083597   0.00409158    -0.00055114  -0.00852982
  0.00882521   0.00546249    -0.00715268   0.00715963     0.00288716   0.00437229
 -0.01003997   0.01076439     0.00648426   0.01017296    -0.00844596  -0.00744889
    7    4
 -0.00146367  -0.00000000     0.00113288  -0.01649599     0.00031496   0.01063914
  0.00031496  -0.01063914     0.01057471  -0.00722401    -0.01380197  -0.00000000
  0.00113288   0.01649599     0.01643024   0.00000000     0.01057471   0.00722401
    7    5
  0.00151643   0.00690802     0.01816418  -0.00047265     0.00883473   0.00240481
  0.00883473   0.00240481    -0.00597917  -0.00470347    -0.02047743  -0.00781031
  0.01816418  -0.00047265    -0.00067378   0.00017159    -0.00597917  -0.00470347
    7    6
 -0.00890237  -0.00311204     0.00289983   0.00571316    -0.00256545   0.00084617
  0.00289983   0.00571316    -0.01291514  -0.00647540     0.00451312   0.00323728
 -0.00256545   0.00084617     0.00451312   0.00323728     0.04411739   0.05261824
    7    7
  0.14204560   0.00000000     0.00069976  -0.00017573     0.00264049   0.00013067
  0.00069976   0.00017573     0.14047624  -0.00000000    -0.00139847  -0.00067552
  0.00264049  -0.00013067    -0.00139847   0.00067552     0.17523574  -0.00000000

     Dynamical  Matrix in cartesian axes

     q = (    0.216506351  -0.433012702   0.216506351 ) 

    1    1
  0.70602134   0.00000000    -0.08353593   0.00000000    -0.00908983   0.00000000
 -0.08353593   0.00000000     0.69430940   0.00000000    -0.08353593   0.00000000
 -0.00908983   0.00000000    -0.08353593   0.00000000     0.70602134   0.00000000
    1    2
  0.00323074   0.01947552    -0.07827297   0.02129488    -0.02666188  -0.04956379
 -0.05705280   0.00592448     0.00187569  -0.00683106    -0.00104808  -0.00008812
 -0.01883182  -0.03930867     0.00328132   0.00012653    -0.05078575   0.06528087
    1    3
  0.00323074  -0.01947552    -0.07827297  -0.02129488    -0.02666188   0.04956379
 -0.05705280  -0.00592448     0.00187569   0.00683106    -0.00104808   0.00008812
 -0.01883182   0.03930867     0.00328132  -0.00012653    -0.05078575  -0.06528087
    1    4
 -0.04811571   0.06149407    -0.02694793  -0.03430369     0.00101291   0.00284931
 -0.05430674  -0.05080996     0.00682810   0.00000000    -0.05430674   0.05080996
  0.00101291  -0.00284931    -0.02694793   0.03430369    -0.04811571  -0.06149407
    1    5
 -0.04811571  -0.06149407    -0.02694793   0.03430369     0.00101291  -0.00284931
 -0.05430674   0.05080996     0.00682810   0.00000000    -0.05430674  -0.05080996
  0.00101291   0.00284931    -0.02694793  -0.03430369    -0.04811571   0.06149407
    1    6
 -0.05078575  -0.06528087     0.00328132  -0.00012653    -0.01883182   0.03930867
 -0.00104808   0.00008812     0.00187569   0.00683106    -0.05705280  -0.00592448
 -0.02666188   0.04956379    -0.07827297  -0.02129488     0.00323074  -0.01947552
    1    7
 -0.05078575   0.06528087     0.00328132   0.00012653    -0.01883182  -0.03930867
 -0.00104808  -0.00008812     0.00187569  -0.00683106    -0.05705280   0.00592448
 -0.02666188  -0.04956379    -0.07827297   0.02129488     0.00323074   0.01947552
    2    1
  0.00323074  -0.01947552    -0.05705280  -0.00592448    -0.01883182   0.03930867
 -0.07827297  -0.02129488     0.00187569   0.00683106     0.00328132  -0.00012653
 -0.02666188   0.04956379    -0.00104808   0.00008812    -0.05078575  -0.06528087
    2    2
  0.17523574   0.00000000     0.00264049   0.00013067    -0.00139847  -0.00067552
  0.00264049  -0.00013067     0.14204560   0.00000000     0.00069976   0.00017573
 -0.00139847   0.00067552     0.00069976  -0.00017573     0.14047624   0.00000000
    2    3
  0.04411739  -0.05261824    -0.00256545  -0.00084617     0.00451312  -0.00323728
 -0.00256545  -0.00084617    -0.00890237   0.00311204     0.00289983  -0.00571316
  0.00451312  -0.00323728     0.00289983  -0.00571316    -0.01291514   0.00647540
    2    4
 -0.00844596   0.00744889    -0.01003997  -0.01076439     0.00648426  -0.01017296
 -0.00055114   0.00852982    -0.00134703   0.00852449     0.00083597  -0.00409158
  0.00288716  -0.00437229     0.00882521  -0.00546249    -0.00715268  -0.00715963
    2    5
  0.01351051  -0.00151772    -0.00692265   0.00436807     0.00996626   0.00394707
 -0.01229332  -0.00185913     0.01335807  -0.00211217    -0.00501932  -0.00708455
  0.00741781   0.00811269    -0.00242163  -0.00376560     0.01309296  -0.01495099
    2    6
 -0.00597917   0.00470347     0.01816418   0.00047265    -0.00067378  -0.00017159
  0.00883473  -0.00240481     0.00151643  -0.00690802     0.01816418   0.00047265
 -0.02047743   0.00781031     0.00883473  -0.00240481    -0.00597917   0.00470347
    2    7
  0.01057471  -0.00722401     0.00113288  -0.01649599     0.01643024   0.00000000
  0.00031496  -0.01063914    -0.00146367   0.00000000     0.00113288   0.01649599
 -0.01380197  -0.00000000     0.00031496   0.01063914     0.01057471   0.00722401
    3    1
  0.00323074   0.01947552    -0.05705280   0.00592448    -0.01883182  -0.03930867
 -0.07827297   0.02129488     0.00187569  -0.00683106     0.00328132   0.00012653
 -0.02666188  -0.04956379    -0.00104808  -0.00008812    -0.05078575   0.06528087
    3    2
  0.04411739   0.05261824    -0.00256545   0.00084617     0.00451312   0.00323728
 -0.00256545   0.00084617    -0.00890237  -0.00311204     0.00289983   0.00571316
  0.00451312   0.00323728     0.00289983   0.00571316    -0.01291514  -0.00647540
    3    3
  0.17523574  -0.00000000     0.00264049  -0.00013067    -0.00139847   0.00067552
  0.00264049   0.00013067     0.14204560  -0.00000000     0.00069976  -0.00017573
 -0.00139847  -0.00067552     0.00069976   0.00017573     0.14047624  -0.00000000
    3    4
  0.01351051   0.00151772    -0.00692265  -0.00436807     0.00996626  -0.00394707
 -0.01229332   0.00185913     0.01335807   0.00211217    -0.00501932   0.00708455
  0.00741781  -0.00811269    -0.00242163   0.00376560     0.01309296   0.01495099
    3    5
 -0.00844596  -0.00744889    -0.01003997   0.01076439     0.00648426   0.01017296
 -0.00055114  -0.00852982    -0.00134703  -0.00852449     0.00083597   0.00409158
  0.00288716   0.00437229     0.00882521   0.00546249    -0.00715268   0.00715963
    3    6
  0.01057471   0.00722401     0.00113288   0.01649599     0.01643024   0.00000000
  0.00031496   0.01063914    -0.00146367   0.00000000     0.00113288  -0.01649599
 -0.01380197  -0.00000000     0.00031496  -0.01063914     0.01057471  -0.00722401
    3    7
 -0.00597917  -0.00470347     0.01816418  -0.00047265    -0.00067378   0.00017159
  0.00883473   0.00240481     0.00151643   0.00690802     0.01816418  -0.00047265
 -0.02047743  -0.00781031     0.00883473   0.00240481    -0.00597917  -0.00470347
    4    1
 -0.04811571  -0.06149407    -0.05430674   0.05080996     0.00101291   0.00284931
 -0.02694793   0.03430369     0.00682810   0.00000000    -0.02694793  -0.03430369
  0.00101291  -0.00284931    -0.05430674  -0.05080996    -0.04811571   0.06149407
    4    2
 -0.00844596  -0.00744889    -0.00055114  -0.00852982     0.00288716   0.00437229
 -0.01003997   0.01076439    -0.00134703  -0.00852449     0.00882521   0.00546249
  0.00648426   0.01017296     0.00083597   0.00409158    -0.00715268   0.00715963
    4    3
  0.01351051  -0.00151772    -0.01229332  -0.00185913     0.00741781   0.00811269
 -0.00692265   0.00436807     0.01335807  -0.00211217    -0.00242163  -0.00376560
  0.00996626   0.00394707    -0.00501932  -0.00708455     0.01309296  -0.01495099
    4    4
  0.14783048  -0.00000000     0.00240636  -0.00211747    -0.00042186  -0.00243723
  0.00240636   0.00211747     0.16236743   0.00000000     0.00240636  -0.00211747
 -0.00042186   0.00243723     0.00240636   0.00211747     0.14783048   0.00000000
    4    5
  0.00598918  -0.00373945     0.00137631   0.00070715     0.00146055   0.00000000
  0.00137631   0.00070715    -0.00425252  -0.00000000     0.00137631  -0.00070715
  0.00146055   0.00000000     0.00137631  -0.00070715     0.00598918   0.00373945
    4    6
 -0.00715268  -0.00715963     0.00083597  -0.00409158     0.00648426  -0.01017296
  0.00882521  -0.00546249    -0.00134703   0.00852449    -0.01003997  -0.01076439
  0.00288716  -0.00437229    -0.00055114   0.00852982    -0.00844596   0.00744889
    4    7
  0.01309296   0.01495099    -0.00501932   0.00708455     0.00996626  -0.00394707
 -0.00242163   0.00376560     0.01335807   0.00211217    -0.00692265  -0.00436807
  0.00741781  -0.00811269    -0.01229332   0.00185913     0.01351051   0.00151772
    5    1
 -0.04811571   0.06149407    -0.05430674  -0.05080996     0.00101291  -0.00284931
 -0.02694793  -0.03430369     0.00682810  -0.00000000    -0.02694793   0.03430369
  0.00101291   0.00284931    -0.05430674   0.05080996    -0.04811571  -0.06149407
    5    2
  0.01351051   0.00151772    -0.01229332   0.00185913     0.00741781  -0.00811269
 -0.00692265  -0.00436807     0.01335807   0.00211217    -0.00242163   0.00376560
  0.00996626  -0.00394707    -0.00501932   0.00708455     0.01309296   0.01495099
    5    3
 -0.00844596   0.00744889    -0.00055114   0.00852982     0.00288716  -0.00437229
 -0.01003997  -0.01076439    -0.00134703   0.00852449     0.00882521  -0.00546249
  0.00648426  -0.01017296     0.00083597  -0.00409158    -0.00715268  -0.00715963
    5    4
  0.00598918   0.00373945     0.00137631  -0.00070715     0.00146055   0.00000000
  0.00137631  -0.00070715    -0.00425252   0.00000000     0.00137631   0.00070715
  0.00146055  -0.00000000     0.00137631   0.00070715     0.00598918  -0.00373945
    5    5
  0.14783048   0.00000000     0.00240636   0.00211747    -0.00042186   0.00243723
  0.00240636  -0.00211747     0.16236743  -0.00000000     0.00240636   0.00211747
 -0.00042186  -0.00243723     0.00240636  -0.00211747     0.14783048   0.00000000
    5    6
  0.01309296  -0.01495099    -0.00501932  -0.00708455     0.00996626   0.00394707
 -0.00242163  -0.00376560     0.01335807  -0.00211217    -0.00692265   0.00436807
  0.00741781   0.00811269    -0.01229332  -0.00185913     0.01351051  -0.00151772
    5    7
 -0.00715268   0.00715963     0.00083597   0.00409158     0.00648426   0.01017296
  0.00882521   0.00546249    -0.00134703  -0.00852449    -0.01003997   0.01076439
  0.00288716   0.00437229    -0.00055114  -0.00852982    -0.00844596  -0.00744889
    6    1
 -0.05078575   0.06528087    -0.00104808  -0.00008812    -0.02666188  -0.04956379
  0.00328132   0.00012653     0.00187569  -0.00683106    -0.07827297   0.02129488
 -0.01883182  -0.03930867    -0.05705280   0.00592448     0.00323074   0.01947552
    6    2
 -0.00597917  -0.00470347     0.00883473   0.00240481    -0.02047743  -0.00781031
  0.01816418  -0.00047265     0.00151643   0.00690802     0.00883473   0.00240481
 -0.00067378   0.00017159     0.01816418  -0.00047265    -0.00597917  -0.00470347
    6    3
  0.01057471  -0.00722401     0.00031496  -0.01063914    -0.01380197   0.00000000
  0.00113288  -0.01649599    -0.00146367  -0.00000000     0.00031496   0.01063914
  0.01643024  -0.00000000     0.00113288   0.01649599     0.01057471   0.00722401
    6    4
 -0.00715268   0.00715963     0.00882521   0.00546249     0.00288716   0.00437229
  0.00083597   0.00409158    -0.00134703  -0.00852449    -0.00055114  -0.00852982
  0.00648426   0.01017296    -0.01003997   0.01076439    -0.00844596  -0.00744889
    6    5
  0.01309296   0.01495099    -0.00242163   0.00376560     0.00741781  -0.00811269
 -0.00501932   0.00708455     0.01335807   0.00211217    -0.01229332   0.00185913
  0.00996626  -0.00394707    -0.00692265  -0.00436807     0.01351051   0.00151772
    6    6
  0.14047624   0.00000000     0.00069976   0.00017573    -0.00139847  -0.00067552
  0.00069976  -0.00017573     0.14204560  -0.00000000     0.00264049   0.00013067
 -0.00139847   0.00067552     0.00264049  -0.00013067     0.17523574  -0.00000000
    6    7
 -0.01291514  -0.00647540     0.00289983   0.00571316     0.00451312   0.00323728
  0.00289983   0.00571316    -0.00890237  -0.00311204    -0.00256545   0.00084617
  0.00451312   0.00323728    -0.00256545   0.00084617     0.04411739   0.05261824
    7    1
 -0.05078575  -0.06528087    -0.00104808   0.00008812    -0.02666188   0.04956379
  0.00328132  -0.00012653     0.00187569   0.00683106    -0.07827297  -0.02129488
 -0.01883182   0.03930867    -0.05705280  -0.00592448     0.00323074  -0.01947552
    7    2
  0.01057471   0.00722401     0.00031496   0.01063914    -0.01380197   0.00000000
  0.00113288   0.01649599    -0.00146367   0.00000000     0.00031496  -0.01063914
  0.01643024  -0.00000000     0.00113288  -0.01649599     0.01057471  -0.00722401
    7    3
 -0.00597917   0.00470347     0.00883473  -0.00240481    -0.02047743   0.00781031
  0.01816418   0.00047265     0.00151643  -0.00690802     0.00883473  -0.00240481
 -0.00067378  -0.00017159     0.01816418   0.00047265    -0.00597917   0.00470347
    7    4
  0.01309296  -0.01495099    -0.00242163  -0.00376560     0.00741781   0.00811269
 -0.00501932  -0.00708455     0.01335807  -0.00211217    -0.01229332  -0.00185913
  0.00996626   0.00394707    -0.00692265   0.00436807     0.01351051  -0.00151772
    7    5
 -0.00715268  -0.00715963     0.00882521  -0.00546249     0.00288716  -0.00437229
  0.00083597  -0.00409158    -0.00134703   0.00852449    -0.00055114   0.00852982
  0.00648426  -0.01017296    -0.01003997  -0.01076439    -0.00844596   0.00744889
    7    6
 -0.01291514   0.00647540     0.00289983  -0.00571316     0.00451312  -0.00323728
  0.00289983  -0.00571316    -0.00890237   0.00311204    -0.00256545  -0.00084617
  0.00451312  -0.00323728    -0.00256545  -0.00084617     0.04411739  -0.05261824
    7    7
  0.14047624   0.00000000     0.00069976  -0.00017573    -0.00139847   0.00067552
  0.00069976   0.00017573     0.14204560   0.00000000     0.00264049  -0.00013067
 -0.00139847  -0.00067552     0.00264049   0.00013067     0.17523574   0.00000000

     Dynamical  Matrix in cartesian axes

     q = (   -0.216506351  -0.433012702   0.216506351 ) 

    1    1
  0.70602134   0.00000000     0.08353593   0.00000000     0.00908983   0.00000000
  0.08353593   0.00000000     0.69430940   0.00000000    -0.08353593   0.00000000
  0.00908983   0.00000000    -0.08353593   0.00000000     0.70602134   0.00000000
    1    2
 -0.01947552  -0.00323074     0.02129488  -0.07827297    -0.04956379  -0.02666188
  0.00592448  -0.05705280     0.00683106  -0.00187569     0.00008812   0.00104808
 -0.03930867  -0.01883182    -0.00012653  -0.00328132    -0.06528087   0.05078575
    1    3
 -0.00323074  -0.01947552    -0.07827297   0.02129488    -0.02666188  -0.04956379
 -0.05705280   0.00592448    -0.00187569   0.00683106     0.00104808   0.00008812
 -0.01883182  -0.03930867    -0.00328132  -0.00012653     0.05078575  -0.06528087
    1    4
 -0.06149407  -0.04811571    -0.03430369   0.02694793     0.00284931  -0.00101291
