Dynamical matrix file
Electron-phonon coefficients for Ca1H6                                     
  2    7   0   5.5613398   0.0000000   0.0000000   0.0000000   0.0000000   0.0000000
Basis vectors
     -0.577350269    0.577350269    0.577350269
      0.577350269   -0.577350269    0.577350269
      0.577350269    0.577350269   -0.577350269
           1  'Ca  '    36528.8623753087     
           2  'H   '    918.681110398939     
    1    1      0.0000000000      0.0000000000      0.0000000000
    2    2      0.2886751346      0.0000000000      0.5773502692
    3    2      0.2886751346      0.5773502692      0.0000000000
    4    2      0.5773502692      0.2886751346      0.0000000000
    5    2      0.0000000000      0.2886751346      0.5773502692
    6    2      0.0000000000      0.5773502692      0.2886751346
    7    2      0.5773502692      0.0000000000      0.2886751346

     Dynamical  Matrix in cartesian axes

     q = (    0.108253200   0.108253200   0.000000000 ) 

    1    1
  0.62526649   0.00000000     0.03023794   0.00000000    -0.00000000   0.00000000
  0.03023794   0.00000000     0.62526649   0.00000000    -0.00000000   0.00000000
 -0.00000000   0.00000000    -0.00000000   0.00000000     0.61798610   0.00000000
    1    2
 -0.05544797   0.01306384     0.01399145   0.02099630     0.00000000   0.00000000
  0.00408702   0.02070061    -0.09894341   0.04004359     0.00000000   0.00000000
  0.00000000   0.00000000     0.00000000  -0.00000000    -0.11924121   0.00429051
    1    3
 -0.04844516   0.02997012    -0.00495318  -0.02474007     0.00000000  -0.00000000
 -0.01174758  -0.01752750    -0.09827865   0.04164848     0.00000000  -0.00000000
  0.00000000  -0.00000000     0.00000000  -0.00000000    -0.08735010   0.08128243
    1    4
 -0.09827865   0.04164848    -0.01174758  -0.01752750     0.00000000  -0.00000000
 -0.00495318  -0.02474007    -0.04844516   0.02997012     0.00000000  -0.00000000
  0.00000000  -0.00000000     0.00000000  -0.00000000    -0.08735010   0.08128243
    1    5
 -0.09894341   0.04004359     0.00408702   0.02070061     0.00000000   0.00000000
  0.01399145   0.02099630    -0.05544797   0.01306384     0.00000000   0.00000000
  0.00000000  -0.00000000     0.00000000   0.00000000    -0.11924121   0.00429051
    1    6
 -0.10155193   0.04206420    -0.00096350   0.00039910     0.00740100   0.01786760
 -0.00096350   0.00039910    -0.10155193   0.04206420    -0.00740100  -0.01786760
  0.00758767   0.01831824    -0.00758767  -0.01831824    -0.05204632   0.02155830
    1    7
 -0.10155193   0.04206420    -0.00096350   0.00039910    -0.00740100  -0.01786760
 -0.00096350   0.00039910    -0.10155193   0.04206420     0.00740100   0.01786760
 -0.00758767  -0.01831824     0.00758767   0.01831824    -0.05204632   0.02155830
    2    1
 -0.05544797  -0.01306384     0.00408702  -0.02070061     0.00000000   0.00000000
  0.01399145  -0.02099630    -0.09894341  -0.04004359     0.00000000   0.00000000
  0.00000000   0.00000000     0.00000000   0.00000000    -0.11924121  -0.00429051
    2    2
  0.18392781  -0.00000000     0.00035327  -0.00201740    -0.00000000   0.00000000
  0.00035327   0.00201740     0.15480182  -0.00000000    -0.00000000   0.00000000
 -0.00000000   0.00000000    -0.00000000   0.00000000     0.15162129   0.00000000
    2    3
 -0.08745558   0.03927982    -0.00179660  -0.00096277    -0.00000000   0.00000000
 -0.00179660  -0.00096277     0.01405362  -0.00834237    -0.00000000   0.00000000
 -0.00000000   0.00000000     0.00000000   0.00000000     0.01953364  -0.00245234
    2    4
 -0.00345102  -0.00028436    -0.01912874   0.00364208     0.00000000  -0.00000000
  0.01276678  -0.00773735    -0.00345102  -0.00028436     0.00000000  -0.00000000
  0.00000000   0.00000000     0.00000000   0.00000000    -0.02106635   0.00041415
    2    5
 -0.00170486   0.00294018     0.03032466   0.00000000     0.00000000   0.00000000
 -0.01060990  -0.00000000    -0.00170486  -0.00294018     0.00000000   0.00000000
  0.00000000   0.00000000     0.00000000   0.00000000    -0.02085112   0.00000000
    2    6
 -0.00290921   0.00002819     0.00041594   0.00430911    -0.02447895   0.00782959
  0.00131560   0.00175014    -0.01931479   0.00763522     0.00188741   0.00409038
  0.01712653  -0.00144239     0.00120595   0.00165926    -0.00206897   0.00342552
    2    7
 -0.00290921   0.00002819     0.00041594   0.00430911     0.02447895  -0.00782959
  0.00131560   0.00175014    -0.01931479   0.00763522    -0.00188741  -0.00409038
 -0.01712653   0.00144239    -0.00120595  -0.00165926    -0.00206897   0.00342552
    3    1
 -0.04844516  -0.02997012    -0.01174758   0.01752750     0.00000000   0.00000000
 -0.00495318   0.02474007    -0.09827865  -0.04164848     0.00000000   0.00000000
  0.00000000   0.00000000     0.00000000   0.00000000    -0.08735010  -0.08128243
    3    2
 -0.08745558  -0.03927982    -0.00179660   0.00096277    -0.00000000  -0.00000000
 -0.00179660   0.00096277     0.01405362   0.00834237    -0.00000000   0.00000000
 -0.00000000   0.00000000    -0.00000000  -0.00000000     0.01953364   0.00245234
    3    3
  0.18392781   0.00000000     0.00035327   0.00201740    -0.00000000   0.00000000
  0.00035327  -0.00201740     0.15480182   0.00000000    -0.00000000   0.00000000
 -0.00000000   0.00000000    -0.00000000   0.00000000     0.15162129   0.00000000
    3    4
 -0.00170486  -0.00294018     0.03032466  -0.00000000     0.00000000   0.00000000
 -0.01060990   0.00000000    -0.00170486   0.00294018     0.00000000   0.00000000
  0.00000000   0.00000000     0.00000000   0.00000000    -0.02085112   0.00000000
    3    5
 -0.00345102   0.00028436    -0.01912874  -0.00364208     0.00000000  -0.00000000
  0.01276678   0.00773735    -0.00345102   0.00028436     0.00000000  -0.00000000
  0.00000000   0.00000000     0.00000000   0.00000000    -0.02106635  -0.00041415
    3    6
 -0.00290921  -0.00002819     0.00041594  -0.00430911     0.02447895   0.00782959
  0.00131560  -0.00175014    -0.01931479  -0.00763522    -0.00188741   0.00409038
 -0.01712653  -0.00144239    -0.00120595   0.00165926    -0.00206897  -0.00342552
    3    7
 -0.00290921  -0.00002819     0.00041594  -0.00430911    -0.02447895  -0.00782959
  0.00131560  -0.00175014    -0.01931479  -0.00763522     0.00188741  -0.00409038
  0.01712653   0.00144239     0.00120595  -0.00165926    -0.00206897  -0.00342552
    4    1
 -0.09827865  -0.04164848    -0.00495318   0.02474007     0.00000000   0.00000000
 -0.01174758   0.01752750    -0.04844516  -0.02997012     0.00000000   0.00000000
  0.00000000   0.00000000     0.00000000   0.00000000    -0.08735010  -0.08128243
    4    2
 -0.00345102   0.00028436     0.01276678   0.00773735     0.00000000   0.00000000
 -0.01912874  -0.00364208    -0.00345102   0.00028436     0.00000000   0.00000000
  0.00000000   0.00000000     0.00000000   0.00000000    -0.02106635  -0.00041415
    4    3
 -0.00170486   0.00294018    -0.01060990   0.00000000     0.00000000   0.00000000
  0.03032466  -0.00000000    -0.00170486  -0.00294018     0.00000000   0.00000000
  0.00000000   0.00000000     0.00000000   0.00000000    -0.02085112   0.00000000
    4    4
  0.15480182   0.00000000     0.00035327  -0.00201740    -0.00000000   0.00000000
  0.00035327   0.00201740     0.18392781   0.00000000    -0.00000000   0.00000000
 -0.00000000   0.00000000    -0.00000000   0.00000000     0.15162129   0.00000000
    4    5
  0.01405362   0.00834237    -0.00179660   0.00096277    -0.00000000  -0.00000000
 -0.00179660   0.00096277    -0.08745558  -0.03927982    -0.00000000   0.00000000
  0.00000000  -0.00000000     0.00000000  -0.00000000     0.01953364   0.00245234
    4    6
 -0.01931479  -0.00763522     0.00131560  -0.00175014     0.00188741  -0.00409038
  0.00041594  -0.00430911    -0.00290921  -0.00002819    -0.02447895  -0.00782959
  0.00120595  -0.00165926     0.01712653   0.00144239    -0.00206897  -0.00342552
    4    7
 -0.01931479  -0.00763522     0.00131560  -0.00175014    -0.00188741   0.00409038
  0.00041594  -0.00430911    -0.00290921  -0.00002819     0.02447895   0.00782959
 -0.00120595   0.00165926    -0.01712653  -0.00144239    -0.00206897  -0.00342552
    5    1
 -0.09894341  -0.04004359     0.01399145  -0.02099630     0.00000000   0.00000000
  0.00408702  -0.02070061    -0.05544797  -0.01306384     0.00000000   0.00000000
  0.00000000   0.00000000     0.00000000   0.00000000    -0.11924121  -0.00429051
    5    2
 -0.00170486  -0.00294018    -0.01060990  -0.00000000     0.00000000   0.00000000
  0.03032466   0.00000000    -0.00170486   0.00294018     0.00000000   0.00000000
  0.00000000   0.00000000     0.00000000   0.00000000    -0.02085112   0.00000000
    5    3
 -0.00345102  -0.00028436     0.01276678  -0.00773735     0.00000000  -0.00000000
 -0.01912874   0.00364208    -0.00345102  -0.00028436     0.00000000  -0.00000000
  0.00000000   0.00000000     0.00000000   0.00000000    -0.02106635   0.00041415
    5    4
  0.01405362  -0.00834237    -0.00179660  -0.00096277    -0.00000000   0.00000000
 -0.00179660  -0.00096277    -0.08745558   0.03927982    -0.00000000   0.00000000
 -0.00000000   0.00000000    -0.00000000   0.00000000     0.01953364  -0.00245234
    5    5
  0.15480182  -0.00000000     0.00035327   0.00201740    -0.00000000   0.00000000
  0.00035327  -0.00201740     0.18392781  -0.00000000    -0.00000000   0.00000000
 -0.00000000   0.00000000    -0.00000000   0.00000000     0.15162129   0.00000000
    5    6
 -0.01931479   0.00763522     0.00131560   0.00175014    -0.00188741  -0.00409038
  0.00041594   0.00430911    -0.00290921   0.00002819     0.02447895  -0.00782959
 -0.00120595  -0.00165926    -0.01712653   0.00144239    -0.00206897   0.00342552
    5    7
 -0.01931479   0.00763522     0.00131560   0.00175014     0.00188741   0.00409038
  0.00041594   0.00430911    -0.00290921   0.00002819    -0.02447895   0.00782959
  0.00120595   0.00165926     0.01712653  -0.00144239    -0.00206897   0.00342552
    6    1
 -0.10155193  -0.04206420    -0.00096350  -0.00039910     0.00758767  -0.01831824
 -0.00096350  -0.00039910    -0.10155193  -0.04206420    -0.00758767   0.01831824
  0.00740100  -0.01786760    -0.00740100   0.01786760    -0.05204632  -0.02155830
    6    2
 -0.00290921  -0.00002819     0.00131560  -0.00175014     0.01712653   0.00144239
  0.00041594  -0.00430911    -0.01931479  -0.00763522     0.00120595  -0.00165926
 -0.02447895  -0.00782959     0.00188741  -0.00409038    -0.00206897  -0.00342552
    6    3
 -0.00290921   0.00002819     0.00131560   0.00175014    -0.01712653   0.00144239
  0.00041594   0.00430911    -0.01931479   0.00763522    -0.00120595  -0.00165926
  0.02447895  -0.00782959    -0.00188741  -0.00409038    -0.00206897   0.00342552
    6    4
 -0.01931479   0.00763522     0.00041594   0.00430911     0.00120595   0.00165926
  0.00131560   0.00175014    -0.00290921   0.00002819     0.01712653  -0.00144239
  0.00188741   0.00409038    -0.02447895   0.00782959    -0.00206897   0.00342552
    6    5
 -0.01931479  -0.00763522     0.00041594  -0.00430911    -0.00120595   0.00165926
  0.00131560  -0.00175014    -0.00290921  -0.00002819    -0.01712653  -0.00144239
 -0.00188741   0.00409038     0.02447895   0.00782959    -0.00206897  -0.00342552
    6    6
  0.15046114  -0.00000000    -0.00020228  -0.00000000    -0.00000000   0.00124317
 -0.00020228   0.00000000     0.15046114  -0.00000000    -0.00000000  -0.00124317
 -0.00000000  -0.00124317    -0.00000000   0.00124317     0.18540274   0.00000000
    6    7
  0.02045047   0.00000000     0.00099731   0.00000000     0.00000000  -0.00305317
  0.00099731   0.00000000     0.02045047  -0.00000000     0.00000000   0.00305317
  0.00000000  -0.00305317     0.00000000   0.00305317    -0.10047056   0.00000000
    7    1
 -0.10155193  -0.04206420    -0.00096350  -0.00039910    -0.00758767   0.01831824
 -0.00096350  -0.00039910    -0.10155193  -0.04206420     0.00758767  -0.01831824
 -0.00740100   0.01786760     0.00740100  -0.01786760    -0.05204632  -0.02155830
    7    2
 -0.00290921  -0.00002819     0.00131560  -0.00175014    -0.01712653  -0.00144239
  0.00041594  -0.00430911    -0.01931479  -0.00763522    -0.00120595   0.00165926
  0.02447895   0.00782959    -0.00188741   0.00409038    -0.00206897  -0.00342552
    7    3
 -0.00290921   0.00002819     0.00131560   0.00175014     0.01712653  -0.00144239
  0.00041594   0.00430911    -0.01931479   0.00763522     0.00120595   0.00165926
 -0.02447895   0.00782959     0.00188741   0.00409038    -0.00206897   0.00342552
    7    4
 -0.01931479   0.00763522     0.00041594   0.00430911    -0.00120595  -0.00165926
  0.00131560   0.00175014    -0.00290921   0.00002819    -0.01712653   0.00144239
 -0.00188741  -0.00409038     0.02447895  -0.00782959    -0.00206897   0.00342552
    7    5
 -0.01931479  -0.00763522     0.00041594  -0.00430911     0.00120595  -0.00165926
  0.00131560  -0.00175014    -0.00290921  -0.00002819     0.01712653   0.00144239
  0.00188741  -0.00409038    -0.02447895  -0.00782959    -0.00206897  -0.00342552
    7    6
  0.02045047  -0.00000000     0.00099731   0.00000000     0.00000000   0.00305317
  0.00099731   0.00000000     0.02045047   0.00000000     0.00000000  -0.00305317
  0.00000000   0.00305317     0.00000000  -0.00305317    -0.10047056   0.00000000
    7    7
  0.15046114  -0.00000000    -0.00020228   0.00000000    -0.00000000  -0.00124317
 -0.00020228  -0.00000000     0.15046114  -0.00000000    -0.00000000   0.00124317
 -0.00000000   0.00124317    -0.00000000  -0.00124317     0.18540274   0.00000000

     Dynamical  Matrix in cartesian axes

     q = (   -0.108253200  -0.108253200   0.000000000 ) 

    1    1
  0.62526649   0.00000000     0.03023794   0.00000000    -0.00000000   0.00000000
  0.03023794   0.00000000     0.62526649   0.00000000    -0.00000000   0.00000000
 -0.00000000   0.00000000    -0.00000000   0.00000000     0.61798610   0.00000000
    1    2
 -0.05544797  -0.01306384     0.01399145  -0.02099630     0.00000000  -0.00000000
  0.00408702  -0.02070061    -0.09894341  -0.04004359     0.00000000  -0.00000000
  0.00000000   0.00000000     0.00000000   0.00000000    -0.11924121  -0.00429051
    1    3
 -0.04844516  -0.02997012    -0.00495318   0.02474007     0.00000000  -0.00000000
 -0.01174758   0.01752750    -0.09827865  -0.04164848     0.00000000   0.00000000
  0.00000000   0.00000000     0.00000000   0.00000000    -0.08735010  -0.08128243
    1    4
 -0.09827865  -0.04164848    -0.01174758   0.01752750     0.00000000   0.00000000
 -0.00495318   0.02474007    -0.04844516  -0.02997012     0.00000000   0.00000000
  0.00000000   0.00000000     0.00000000   0.00000000    -0.08735010  -0.08128243
    1    5
 -0.09894341  -0.04004359     0.00408702  -0.02070061     0.00000000  -0.00000000
  0.01399145  -0.02099630    -0.05544797  -0.01306384     0.00000000  -0.00000000
  0.00000000   0.00000000     0.00000000   0.00000000    -0.11924121  -0.00429051
    1    6
 -0.10155193  -0.04206420    -0.00096350  -0.00039910     0.00740100  -0.01786760
 -0.00096350  -0.00039910    -0.10155193  -0.04206420    -0.00740100   0.01786760
  0.00758767  -0.01831824    -0.00758767   0.01831824    -0.05204632  -0.02155830
    1    7
 -0.10155193  -0.04206420    -0.00096350  -0.00039910    -0.00740100   0.01786760
 -0.00096350  -0.00039910    -0.10155193  -0.04206420     0.00740100  -0.01786760
 -0.00758767   0.01831824     0.00758767  -0.01831824    -0.05204632  -0.02155830
    2    1
 -0.05544797   0.01306384     0.00408702   0.02070061     0.00000000   0.00000000
  0.01399145   0.02099630    -0.09894341   0.04004359     0.00000000   0.00000000
  0.00000000  -0.00000000     0.00000000  -0.00000000    -0.11924121   0.00429051
    2    2
  0.18392781   0.00000000     0.00035327   0.00201740    -0.00000000   0.00000000
  0.00035327  -0.00201740     0.15480182   0.00000000    -0.00000000   0.00000000
 -0.00000000   0.00000000    -0.00000000   0.00000000     0.15162129   0.00000000
    2    3
 -0.08745558  -0.03927982    -0.00179660   0.00096277    -0.00000000   0.00000000
 -0.00179660   0.00096277     0.01405362   0.00834237    -0.00000000  -0.00000000
 -0.00000000  -0.00000000     0.00000000  -0.00000000     0.01953364   0.00245234
    2    4
 -0.00345102   0.00028436    -0.01912874  -0.00364208     0.00000000   0.00000000
  0.01276678   0.00773735    -0.00345102   0.00028436     0.00000000   0.00000000
  0.00000000   0.00000000     0.00000000  -0.00000000    -0.02106635  -0.00041415
    2    5
 -0.00170486  -0.00294018     0.03032466  -0.00000000     0.00000000   0.00000000
 -0.01060990   0.00000000    -0.00170486   0.00294018     0.00000000   0.00000000
  0.00000000   0.00000000     0.00000000   0.00000000    -0.02085112   0.00000000
    2    6
 -0.00290921  -0.00002819     0.00041594  -0.00430911    -0.02447895  -0.00782959
  0.00131560  -0.00175014    -0.01931479  -0.00763522     0.00188741  -0.00409038
  0.01712653   0.00144239     0.00120595  -0.00165926    -0.00206897  -0.00342552
    2    7
 -0.00290921  -0.00002819     0.00041594  -0.00430911     0.02447895   0.00782959
  0.00131560  -0.00175014    -0.01931479  -0.00763522    -0.00188741   0.00409038
 -0.01712653  -0.00144239    -0.00120595   0.00165926    -0.00206897  -0.00342552
    3    1
 -0.04844516   0.02997012    -0.01174758  -0.01752750     0.00000000  -0.00000000
 -0.00495318  -0.02474007    -0.09827865   0.04164848     0.00000000   0.00000000
  0.00000000  -0.00000000     0.00000000  -0.00000000    -0.08735010   0.08128243
    3    2
 -0.08745558   0.03927982    -0.00179660  -0.00096277    -0.00000000   0.00000000
 -0.00179660  -0.00096277     0.01405362  -0.00834237    -0.00000000   0.00000000
 -0.00000000   0.00000000    -0.00000000   0.00000000     0.01953364  -0.00245234
    3    3
  0.18392781  -0.00000000     0.00035327  -0.00201740    -0.00000000   0.00000000
  0.00035327   0.00201740     0.15480182  -0.00000000    -0.00000000   0.00000000
 -0.00000000   0.00000000    -0.00000000   0.00000000     0.15162129   0.00000000
    3    4
 -0.00170486   0.00294018     0.03032466   0.00000000     0.00000000   0.00000000
 -0.01060990  -0.00000000    -0.00170486  -0.00294018     0.00000000   0.00000000
  0.00000000   0.00000000     0.00000000   0.00000000    -0.02085112   0.00000000
    3    5
 -0.00345102  -0.00028436    -0.01912874   0.00364208     0.00000000   0.00000000
  0.01276678  -0.00773735    -0.00345102  -0.00028436     0.00000000   0.00000000
  0.00000000   0.00000000     0.00000000   0.00000000    -0.02106635   0.00041415
    3    6
 -0.00290921   0.00002819     0.00041594   0.00430911     0.02447895  -0.00782959
  0.00131560   0.00175014    -0.01931479   0.00763522    -0.00188741  -0.00409038
 -0.01712653   0.00144239    -0.00120595  -0.00165926    -0.00206897   0.00342552
    3    7
 -0.00290921   0.00002819     0.00041594   0.00430911    -0.02447895   0.00782959
  0.00131560   0.00175014    -0.01931479   0.00763522     0.00188741   0.00409038
  0.01712653  -0.00144239     0.00120595   0.00165926    -0.00206897   0.00342552
    4    1
 -0.09827865   0.04164848    -0.00495318  -0.02474007     0.00000000  -0.00000000
 -0.01174758  -0.01752750    -0.04844516   0.02997012     0.00000000  -0.00000000
  0.00000000  -0.00000000     0.00000000  -0.00000000    -0.08735010   0.08128243
    4    2
 -0.00345102  -0.00028436     0.01276678  -0.00773735     0.00000000   0.00000000
 -0.01912874   0.00364208    -0.00345102  -0.00028436     0.00000000   0.00000000
  0.00000000   0.00000000     0.00000000   0.00000000    -0.02106635   0.00041415
    4    3
 -0.00170486  -0.00294018    -0.01060990  -0.00000000     0.00000000   0.00000000
  0.03032466   0.00000000    -0.00170486   0.00294018     0.00000000   0.00000000
  0.00000000   0.00000000     0.00000000   0.00000000    -0.02085112   0.00000000
    4    4
  0.15480182  -0.00000000     0.00035327   0.00201740    -0.00000000   0.00000000
  0.00035327  -0.00201740     0.18392781  -0.00000000    -0.00000000   0.00000000
 -0.00000000   0.00000000    -0.00000000   0.00000000     0.15162129   0.00000000
    4    5
  0.01405362  -0.00834237    -0.00179660  -0.00096277    -0.00000000   0.00000000
 -0.00179660  -0.00096277    -0.08745558   0.03927982    -0.00000000   0.00000000
  0.00000000   0.00000000     0.00000000   0.00000000     0.01953364  -0.00245234
    4    6
 -0.01931479   0.00763522     0.00131560   0.00175014     0.00188741   0.00409038
  0.00041594   0.00430911    -0.00290921   0.00002819    -0.02447895   0.00782959
  0.00120595   0.00165926     0.01712653  -0.00144239    -0.00206897   0.00342552
    4    7
 -0.01931479   0.00763522     0.00131560   0.00175014    -0.00188741  -0.00409038
  0.00041594   0.00430911    -0.00290921   0.00002819     0.02447895  -0.00782959
 -0.00120595  -0.00165926    -0.01712653   0.00144239    -0.00206897   0.00342552
    5    1
 -0.09894341   0.04004359     0.01399145   0.02099630     0.00000000   0.00000000
  0.00408702   0.02070061    -0.05544797   0.01306384     0.00000000   0.00000000
  0.00000000  -0.00000000     0.00000000  -0.00000000    -0.11924121   0.00429051
    5    2
 -0.00170486   0.00294018    -0.01060990   0.00000000     0.00000000   0.00000000
  0.03032466  -0.00000000    -0.00170486  -0.00294018     0.00000000   0.00000000
  0.00000000   0.00000000     0.00000000   0.00000000    -0.02085112   0.00000000
    5    3
 -0.00345102   0.00028436     0.01276678   0.00773735     0.00000000  -0.00000000
 -0.01912874  -0.00364208    -0.00345102   0.00028436     0.00000000  -0.00000000
  0.00000000   0.00000000     0.00000000   0.00000000    -0.02106635  -0.00041415
    5    4
  0.01405362   0.00834237    -0.00179660   0.00096277    -0.00000000   0.00000000
 -0.00179660   0.00096277    -0.08745558  -0.03927982    -0.00000000  -0.00000000
 -0.00000000  -0.00000000    -0.00000000  -0.00000000     0.01953364   0.00245234
    5    5
  0.15480182   0.00000000     0.00035327  -0.00201740    -0.00000000   0.00000000
  0.00035327   0.00201740     0.18392781   0.00000000    -0.00000000   0.00000000
 -0.00000000   0.00000000    -0.00000000   0.00000000     0.15162129   0.00000000
    5    6
 -0.01931479  -0.00763522     0.00131560  -0.00175014    -0.00188741   0.00409038
  0.00041594  -0.00430911    -0.00290921  -0.00002819     0.02447895   0.00782959
 -0.00120595   0.00165926    -0.01712653  -0.00144239    -0.00206897  -0.00342552
    5    7
 -0.01931479  -0.00763522     0.00131560  -0.00175014     0.00188741  -0.00409038
  0.00041594  -0.00430911    -0.00290921  -0.00002819    -0.02447895  -0.00782959
  0.00120595  -0.00165926     0.01712653   0.00144239    -0.00206897  -0.00342552
    6    1
 -0.10155193   0.04206420    -0.00096350   0.00039910     0.00758767   0.01831824
 -0.00096350   0.00039910    -0.10155193   0.04206420    -0.00758767  -0.01831824
  0.00740100   0.01786760    -0.00740100  -0.01786760    -0.05204632   0.02155830
    6    2
 -0.00290921   0.00002819     0.00131560   0.00175014     0.01712653  -0.00144239
  0.00041594   0.00430911    -0.01931479   0.00763522     0.00120595   0.00165926
 -0.02447895   0.00782959     0.00188741   0.00409038    -0.00206897   0.00342552
    6    3
 -0.00290921  -0.00002819     0.00131560  -0.00175014    -0.01712653  -0.00144239
  0.00041594  -0.00430911    -0.01931479  -0.00763522    -0.00120595   0.00165926
  0.02447895   0.00782959    -0.00188741   0.00409038    -0.00206897  -0.00342552
    6    4
 -0.01931479  -0.00763522     0.00041594  -0.00430911     0.00120595  -0.00165926
  0.00131560  -0.00175014    -0.00290921  -0.00002819     0.01712653   0.00144239
  0.00188741  -0.00409038    -0.02447895  -0.00782959    -0.00206897  -0.00342552
    6    5
 -0.01931479   0.00763522     0.00041594   0.00430911    -0.00120595  -0.00165926
  0.00131560   0.00175014    -0.00290921   0.00002819    -0.01712653   0.00144239
 -0.00188741  -0.00409038     0.02447895  -0.00782959    -0.00206897   0.00342552
    6    6
  0.15046114  -0.00000000    -0.00020228   0.00000000    -0.00000000  -0.00124317
 -0.00020228  -0.00000000     0.15046114  -0.00000000    -0.00000000   0.00124317
 -0.00000000   0.00124317    -0.00000000  -0.00124317     0.18540274   0.00000000
    6    7
  0.02045047  -0.00000000     0.00099731   0.00000000     0.00000000   0.00305317
  0.00099731   0.00000000     0.02045047   0.00000000     0.00000000  -0.00305317
  0.00000000   0.00305317     0.00000000  -0.00305317    -0.10047056   0.00000000
    7    1
 -0.10155193   0.04206420    -0.00096350   0.00039910    -0.00758767  -0.01831824
 -0.00096350   0.00039910    -0.10155193   0.04206420     0.00758767   0.01831824
 -0.00740100  -0.01786760     0.00740100   0.01786760    -0.05204632   0.02155830
    7    2
 -0.00290921   0.00002819     0.00131560   0.00175014    -0.01712653   0.00144239
  0.00041594   0.00430911    -0.01931479   0.00763522    -0.00120595  -0.00165926
  0.02447895  -0.00782959    -0.00188741  -0.00409038    -0.00206897   0.00342552
    7    3
 -0.00290921  -0.00002819     0.00131560  -0.00175014     0.01712653   0.00144239
  0.00041594  -0.00430911    -0.01931479  -0.00763522     0.00120595  -0.00165926
 -0.02447895  -0.00782959     0.00188741  -0.00409038    -0.00206897  -0.00342552
    7    4
 -0.01931479  -0.00763522     0.00041594  -0.00430911    -0.00120595   0.00165926
  0.00131560  -0.00175014    -0.00290921  -0.00002819    -0.01712653  -0.00144239
 -0.00188741   0.00409038     0.02447895   0.00782959    -0.00206897  -0.00342552
    7    5
 -0.01931479   0.00763522     0.00041594   0.00430911     0.00120595   0.00165926
  0.00131560   0.00175014    -0.00290921   0.00002819     0.01712653  -0.00144239
  0.00188741   0.00409038    -0.02447895   0.00782959    -0.00206897   0.00342552
    7    6
  0.02045047   0.00000000     0.00099731   0.00000000     0.00000000  -0.00305317
  0.00099731   0.00000000     0.02045047  -0.00000000     0.00000000   0.00305317
  0.00000000  -0.00305317     0.00000000   0.00305317    -0.10047056   0.00000000
    7    7
  0.15046114  -0.00000000    -0.00020228  -0.00000000    -0.00000000   0.00124317
 -0.00020228   0.00000000     0.15046114  -0.00000000    -0.00000000  -0.00124317
 -0.00000000  -0.00124317    -0.00000000   0.00124317     0.18540274   0.00000000

     Dynamical  Matrix in cartesian axes

     q = (    0.108253200  -0.108253200   0.000000000 ) 

    1    1
  0.62526649   0.00000000    -0.03023794   0.00000000    -0.00000000   0.00000000
 -0.03023794   0.00000000     0.62526649   0.00000000    -0.00000000   0.00000000
 -0.00000000   0.00000000    -0.00000000   0.00000000     0.61798610   0.00000000
    1    2
 -0.05544797   0.01306384    -0.01399145  -0.02099630     0.00000000   0.00000000
 -0.00408702  -0.02070061    -0.09894341   0.04004359     0.00000000   0.00000000
  0.00000000  -0.00000000     0.00000000   0.00000000    -0.11924121   0.00429051
    1    3
 -0.05544797  -0.01306384    -0.01399145   0.02099630     0.00000000   0.00000000
 -0.00408702   0.02070061    -0.09894341  -0.04004359     0.00000000   0.00000000
  0.00000000   0.00000000     0.00000000   0.00000000    -0.11924121  -0.00429051
    1    4
 -0.09894341   0.04004359    -0.00408702  -0.02070061     0.00000000  -0.00000000
 -0.01399145  -0.02099630    -0.05544797   0.01306384     0.00000000  -0.00000000
  0.00000000  -0.00000000     0.00000000  -0.00000000    -0.11924121   0.00429051
    1    5
 -0.09894341  -0.04004359    -0.00408702   0.02070061     0.00000000   0.00000000
 -0.01399145   0.02099630    -0.05544797  -0.01306384     0.00000000   0.00000000
  0.00000000   0.00000000     0.00000000   0.00000000    -0.11924121  -0.00429051
    1    6
 -0.10155193  -0.04206420     0.00096350   0.00039910    -0.00740100   0.01786760
  0.00096350   0.00039910    -0.10155193  -0.04206420    -0.00740100   0.01786760
 -0.00758767   0.01831824    -0.00758767   0.01831824    -0.05204632  -0.02155830
    1    7
 -0.10155193   0.04206420     0.00096350  -0.00039910    -0.00740100  -0.01786760
  0.00096350  -0.00039910    -0.10155193   0.04206420    -0.00740100  -0.01786760
 -0.00758767  -0.01831824    -0.00758767  -0.01831824    -0.05204632   0.02155830
    2    1
 -0.05544797  -0.01306384    -0.00408702   0.02070061     0.00000000   0.00000000
 -0.01399145   0.02099630    -0.09894341  -0.04004359     0.00000000  -0.00000000
  0.00000000  -0.00000000     0.00000000   0.00000000    -0.11924121  -0.00429051
    2    2
  0.18392781  -0.00000000    -0.00035327   0.00201740    -0.00000000   0.00000000
 -0.00035327  -0.00201740     0.15480182  -0.00000000    -0.00000000   0.00000000
 -0.00000000   0.00000000    -0.00000000   0.00000000     0.15162129   0.00000000
    2    3
 -0.08961546  -0.03406542     0.00058960   0.00195117    -0.00000000  -0.00000000
  0.00058960   0.00195117     0.01583636   0.00403847    -0.00000000  -0.00000000
 -0.00000000  -0.00000000    -0.00000000  -0.00000000     0.01554643   0.01207831
    2    4
 -0.00170486   0.00294018    -0.03032466  -0.00000000     0.00000000   0.00000000
  0.01060990   0.00000000    -0.00170486  -0.00294018     0.00000000   0.00000000
  0.00000000   0.00000000     0.00000000   0.00000000    -0.02085112  -0.00000000
    2    5
 -0.00223917  -0.00264132     0.01610140   0.01095072     0.00000000   0.00000000
 -0.01449861  -0.00355635    -0.00223917  -0.00264132     0.00000000   0.00000000
  0.00000000  -0.00000000     0.00000000  -0.00000000    -0.01518901  -0.01460331
    2    6
 -0.00207706  -0.00203719     0.00275289  -0.00334111    -0.02284558  -0.01177288
  0.00030727  -0.00216781    -0.01905654  -0.00825871     0.00155774  -0.00422693
  0.01313021   0.01109036     0.00032054  -0.00202601    -0.00388519   0.00095922
    2    7
 -0.00290921   0.00002819    -0.00041594  -0.00430911     0.02447895  -0.00782959
 -0.00131560  -0.00175014    -0.01931479   0.00763522     0.00188741   0.00409038
 -0.01712653   0.00144239     0.00120595   0.00165926    -0.00206897   0.00342552
    3    1
 -0.05544797   0.01306384    -0.00408702  -0.02070061     0.00000000  -0.00000000
 -0.01399145  -0.02099630    -0.09894341   0.04004359     0.00000000  -0.00000000
  0.00000000  -0.00000000     0.00000000  -0.00000000    -0.11924121   0.00429051
    3    2
 -0.08961546   0.03406542     0.00058960  -0.00195117     0.00000000   0.00000000
  0.00058960  -0.00195117     0.01583636  -0.00403847     0.00000000   0.00000000
 -0.00000000   0.00000000    -0.00000000   0.00000000     0.01554643  -0.01207831
    3    3
  0.18392781   0.00000000    -0.00035327  -0.00201740    -0.00000000   0.00000000
 -0.00035327   0.00201740     0.15480182   0.00000000    -0.00000000   0.00000000
 -0.00000000   0.00000000    -0.00000000   0.00000000     0.15162129   0.00000000
    3    4
 -0.00223917   0.00264132     0.01610140  -0.01095072     0.00000000  -0.00000000
 -0.01449861   0.00355635    -0.00223917   0.00264132     0.00000000  -0.00000000
  0.00000000  -0.00000000     0.00000000  -0.00000000    -0.01518901   0.01460331
    3    5
 -0.00170486  -0.00294018    -0.03032466  -0.00000000     0.00000000   0.00000000
  0.01060990   0.00000000    -0.00170486   0.00294018     0.00000000   0.00000000
  0.00000000   0.00000000     0.00000000   0.00000000    -0.02085112  -0.00000000
    3    6
 -0.00290921  -0.00002819    -0.00041594   0.00430911     0.02447895   0.00782959
 -0.00131560   0.00175014    -0.01931479  -0.00763522     0.00188741  -0.00409038
 -0.01712653  -0.00144239     0.00120595  -0.00165926    -0.00206897  -0.00342552
    3    7
 -0.00207706   0.00203719     0.00275289   0.00334111    -0.02284558   0.01177288
  0.00030727   0.00216781    -0.01905654   0.00825871     0.00155774   0.00422693
  0.01313021  -0.01109036     0.00032054   0.00202601    -0.00388519  -0.00095922
    4    1
 -0.09894341  -0.04004359    -0.01399145   0.02099630     0.00000000   0.00000000
 -0.00408702   0.02070061    -0.05544797  -0.01306384     0.00000000  -0.00000000
  0.00000000  -0.00000000     0.00000000   0.00000000    -0.11924121  -0.00429051
    4    2
 -0.00170486  -0.00294018     0.01060990  -0.00000000     0.00000000   0.00000000
 -0.03032466   0.00000000    -0.00170486   0.00294018     0.00000000   0.00000000
  0.00000000   0.00000000     0.00000000   0.00000000    -0.02085112   0.00000000
    4    3
 -0.00223917  -0.00264132    -0.01449861  -0.00355635     0.00000000   0.00000000
  0.01610140   0.01095072    -0.00223917  -0.00264132     0.00000000   0.00000000
  0.00000000   0.00000000     0.00000000   0.00000000    -0.01518901  -0.01460331
    4    4
  0.15480182  -0.00000000    -0.00035327  -0.00201740    -0.00000000   0.00000000
 -0.00035327   0.00201740     0.18392781  -0.00000000    -0.00000000   0.00000000
 -0.00000000   0.00000000    -0.00000000   0.00000000     0.15162129   0.00000000
    4    5
  0.01583636   0.00403847     0.00058960   0.00195117    -0.00000000  -0.00000000
  0.00058960   0.00195117    -0.08961546  -0.03406542    -0.00000000  -0.00000000
 -0.00000000  -0.00000000    -0.00000000  -0.00000000     0.01554643   0.01207831
    4    6
 -0.01905654  -0.00825871     0.00030727  -0.00216781     0.00155774  -0.00422693
  0.00275289  -0.00334111    -0.00207706  -0.00203719    -0.02284558  -0.01177288
  0.00032054  -0.00202601     0.01313021   0.01109036    -0.00388519   0.00095922
    4    7
 -0.01931479   0.00763522    -0.00131560  -0.00175014     0.00188741   0.00409038
 -0.00041594  -0.00430911    -0.00290921   0.00002819     0.02447895  -0.00782959
  0.00120595   0.00165926    -0.01712653   0.00144239    -0.00206897   0.00342552
    5    1
 -0.09894341   0.04004359    -0.01399145  -0.02099630     0.00000000  -0.00000000
 -0.00408702  -0.02070061    -0.05544797   0.01306384     0.00000000  -0.00000000
  0.00000000  -0.00000000     0.00000000  -0.00000000    -0.11924121   0.00429051
    5    2
 -0.00223917   0.00264132    -0.01449861   0.00355635     0.00000000  -0.00000000
  0.01610140  -0.01095072    -0.00223917   0.00264132     0.00000000  -0.00000000
  0.00000000  -0.00000000     0.00000000  -0.00000000    -0.01518901   0.01460331
    5    3
 -0.00170486   0.00294018     0.01060990  -0.00000000     0.00000000   0.00000000
 -0.03032466   0.00000000    -0.00170486  -0.00294018     0.00000000   0.00000000
  0.00000000   0.00000000     0.00000000   0.00000000    -0.02085112   0.00000000
    5    4
  0.01583636  -0.00403847     0.00058960  -0.00195117     0.00000000   0.00000000
  0.00058960  -0.00195117    -0.08961546   0.03406542     0.00000000   0.00000000
 -0.00000000   0.00000000    -0.00000000   0.00000000     0.01554643  -0.01207831
    5    5
  0.15480182   0.00000000    -0.00035327   0.00201740    -0.00000000   0.00000000
 -0.00035327  -0.00201740     0.18392781   0.00000000    -0.00000000   0.00000000
 -0.00000000   0.00000000    -0.00000000   0.00000000     0.15162129   0.00000000
    5    6
 -0.01931479  -0.00763522    -0.00131560   0.00175014     0.00188741  -0.00409038
 -0.00041594   0.00430911    -0.00290921  -0.00002819     0.02447895   0.00782959
  0.00120595  -0.00165926    -0.01712653  -0.00144239    -0.00206897  -0.00342552
    5    7
 -0.01905654   0.00825871     0.00030727   0.00216781     0.00155774   0.00422693
  0.00275289   0.00334111    -0.00207706   0.00203719    -0.02284558   0.01177288
  0.00032054   0.00202601     0.01313021  -0.01109036    -0.00388519  -0.00095922
    6    1
 -0.10155193   0.04206420     0.00096350  -0.00039910    -0.00758767  -0.01831824
  0.00096350  -0.00039910    -0.10155193   0.04206420    -0.00758767  -0.01831824
 -0.00740100  -0.01786760    -0.00740100  -0.01786760    -0.05204632   0.02155830
    6    2
 -0.00207706   0.00203719     0.00030727   0.00216781     0.01313021  -0.01109036
  0.00275289   0.00334111    -0.01905654   0.00825871     0.00032054   0.00202601
 -0.02284558   0.01177288     0.00155774   0.00422693    -0.00388519  -0.00095922
    6    3
 -0.00290921   0.00002819    -0.00131560  -0.00175014    -0.01712653   0.00144239
 -0.00041594  -0.00430911    -0.01931479   0.00763522     0.00120595   0.00165926
  0.02447895  -0.00782959     0.00188741   0.00409038    -0.00206897   0.00342552
    6    4
 -0.01905654   0.00825871     0.00275289   0.00334111     0.00032054   0.00202601
  0.00030727   0.00216781    -0.00207706   0.00203719     0.01313021  -0.01109036
  0.00155774   0.00422693    -0.02284558   0.01177288    -0.00388519  -0.00095922
    6    5
 -0.01931479   0.00763522    -0.00041594  -0.00430911     0.00120595   0.00165926
 -0.00131560  -0.00175014    -0.00290921   0.00002819    -0.01712653   0.00144239
  0.00188741   0.00409038     0.02447895  -0.00782959    -0.00206897   0.00342552
    6    6
  0.15046114   0.00000000     0.00020228   0.00000000    -0.00000000   0.00124317
  0.00020228   0.00000000     0.15046114   0.00000000    -0.00000000   0.00124317
 -0.00000000  -0.00124317    -0.00000000  -0.00124317     0.18540274   0.00000000
    6    7
  0.01446066  -0.01446067    -0.00070520   0.00070520    -0.00215892  -0.00215892
 -0.00070520   0.00070520     0.01446066  -0.01446067    -0.00215892  -0.00215892
 -0.00215892  -0.00215892    -0.00215892  -0.00215892    -0.07104340   0.07104343
    7    1
 -0.10155193  -0.04206420     0.00096350   0.00039910    -0.00758767   0.01831824
  0.00096350   0.00039910    -0.10155193  -0.04206420    -0.00758767   0.01831824
 -0.00740100   0.01786760    -0.00740100   0.01786760    -0.05204632  -0.02155830
    7    2
 -0.00290921  -0.00002819    -0.00131560   0.00175014    -0.01712653  -0.00144239
 -0.00041594   0.00430911    -0.01931479  -0.00763522     0.00120595  -0.00165926
  0.02447895   0.00782959     0.00188741  -0.00409038    -0.00206897  -0.00342552
    7    3
 -0.00207706  -0.00203719     0.00030727  -0.00216781     0.01313021   0.01109036
  0.00275289  -0.00334111    -0.01905654  -0.00825871     0.00032054  -0.00202601
 -0.02284558  -0.01177288     0.00155774  -0.00422693    -0.00388519   0.00095922
    7    4
 -0.01931479  -0.00763522    -0.00041594   0.00430911     0.00120595  -0.00165926
 -0.00131560   0.00175014    -0.00290921  -0.00002819    -0.01712653  -0.00144239
  0.00188741  -0.00409038     0.02447895   0.00782959    -0.00206897  -0.00342552
    7    5
 -0.01905654  -0.00825871     0.00275289  -0.00334111     0.00032054  -0.00202601
  0.00030727  -0.00216781    -0.00207706  -0.00203719     0.01313021   0.01109036
  0.00155774  -0.00422693    -0.02284558  -0.01177288    -0.00388519   0.00095922
    7    6
  0.01446066   0.01446067    -0.00070520  -0.00070520    -0.00215892   0.00215892
 -0.00070520  -0.00070520     0.01446066   0.01446067    -0.00215892   0.00215892
 -0.00215892   0.00215892    -0.00215892   0.00215892    -0.07104340  -0.07104343
    7    7
  0.15046114   0.00000000     0.00020228  -0.00000000    -0.00000000  -0.00124317
  0.00020228   0.00000000     0.15046114  -0.00000000    -0.00000000  -0.00124317
 -0.00000000   0.00124317    -0.00000000   0.00124317     0.18540274   0.00000000

     Dynamical  Matrix in cartesian axes

     q = (   -0.108253200   0.108253200   0.000000000 ) 

    1    1
  0.62526649   0.00000000    -0.03023794   0.00000000    -0.00000000   0.00000000
 -0.03023794   0.00000000     0.62526649   0.00000000    -0.00000000   0.00000000
 -0.00000000   0.00000000    -0.00000000   0.00000000     0.61798610   0.00000000
    1    2
 -0.05544797  -0.01306384    -0.01399145   0.02099630     0.00000000   0.00000000
 -0.00408702   0.02070061    -0.09894341  -0.04004359     0.00000000   0.00000000
  0.00000000   0.00000000     0.00000000   0.00000000    -0.11924121  -0.00429051
    1    3
 -0.05544797   0.01306384    -0.01399145  -0.02099630     0.00000000  -0.00000000
 -0.00408702  -0.02070061    -0.09894341   0.04004359     0.00000000  -0.00000000
  0.00000000   0.00000000     0.00000000  -0.00000000    -0.11924121   0.00429051
    1    4
 -0.09894341  -0.04004359    -0.00408702   0.02070061     0.00000000   0.00000000
