Dynamical matrix file
Electron-phonon coefficients for Ca1H6                                     
  2    7   0   5.5613398   0.0000000   0.0000000   0.0000000   0.0000000   0.0000000
Basis vectors
     -0.577350269    0.577350269    0.577350269
      0.577350269   -0.577350269    0.577350269
      0.577350269    0.577350269   -0.577350269
           1  'Ca  '    36528.8623753087     
           2  'H   '    918.681110398939     
    1    1      0.0000000000      0.0000000000      0.0000000000
    2    2      0.2886751346      0.0000000000      0.5773502692
    3    2      0.2886751346      0.5773502692      0.0000000000
    4    2      0.5773502692      0.2886751346      0.0000000000
    5    2      0.0000000000      0.2886751346      0.5773502692
    6    2      0.0000000000      0.5773502692      0.2886751346
    7    2      0.5773502692      0.0000000000      0.2886751346

     Dynamical  Matrix in cartesian axes

     q = (   -0.866025404  -0.216506351  -0.216506351 ) 

    1    1
  0.79041346   0.00000000     0.00000000   0.00000000    -0.00000000   0.00000000
  0.00000000   0.00000000     0.76508010   0.00000000    -0.09479672   0.00000000
 -0.00000000   0.00000000    -0.09479672   0.00000000     0.76508010   0.00000000
    1    2
  0.00000000  -0.00000000    -0.02790017   0.02790017    -0.02790017   0.02790017
 -0.02113505   0.02113505     0.07020325   0.07020325     0.00280643   0.00280643
 -0.02113505   0.02113505    -0.00280643  -0.00280643    -0.07020325  -0.07020325
    1    3
  0.00000000  -0.00000000    -0.02790017   0.02790017    -0.02790017   0.02790017
 -0.02113505   0.02113505    -0.07020325  -0.07020325    -0.00280643  -0.00280643
 -0.02113505   0.02113505     0.00280643   0.00280643     0.07020325   0.07020325
    1    4
 -0.13056133  -0.02257433     0.00000000  -0.00000000    -0.00000000  -0.00000000
  0.00000000  -0.00000000    -0.00068840  -0.02442709    -0.05343740   0.03476539
 -0.00000000  -0.00000000    -0.03179752   0.01429617     0.07665689   0.06088241
    1    5
  0.02257433   0.13056133     0.00000000  -0.00000000     0.00000000   0.00000000
 -0.00000000  -0.00000000     0.02442709   0.00068840    -0.03476539   0.05343740
  0.00000000   0.00000000    -0.01429617   0.03179752    -0.06088241  -0.07665689
    1    6
  0.02257433   0.13056133     0.00000000  -0.00000000    -0.00000000   0.00000000
  0.00000000  -0.00000000    -0.06088241  -0.07665689    -0.01429617   0.03179752
 -0.00000000   0.00000000    -0.03476539   0.05343740     0.02442709   0.00068840
    1    7
 -0.13056133  -0.02257433     0.00000000  -0.00000000     0.00000000   0.00000000
  0.00000000  -0.00000000     0.07665689   0.06088241    -0.03179752   0.01429617
  0.00000000   0.00000000    -0.05343740   0.03476539    -0.00068840  -0.02442709
    2    1
  0.00000000   0.00000000    -0.02113505  -0.02113505    -0.02113505  -0.02113505
 -0.02790017  -0.02790017     0.07020325  -0.07020325    -0.00280643   0.00280643
 -0.02790017  -0.02790017     0.00280643  -0.00280643    -0.07020325   0.07020325
    2    2
  0.18465815  -0.00000000    -0.00000000  -0.00028281    -0.00000000   0.00028281
 -0.00000000   0.00028281     0.13491896  -0.00000000    -0.00103987   0.00000000
 -0.00000000  -0.00028281    -0.00103987  -0.00000000     0.13491896  -0.00000000
    2    3
  0.09432291  -0.00000000    -0.00000000   0.00037910     0.00000000  -0.00037910
 -0.00000000   0.00037910    -0.01179189   0.00000000     0.00498373  -0.00000000
  0.00000000  -0.00037910     0.00498373  -0.00000000    -0.01179189   0.00000000
    2    4
 -0.01037377   0.00254615     0.00478423   0.00230217     0.01031809   0.00601859
 -0.01884754   0.00338370    -0.01302817   0.00526296     0.00177112   0.00695539
  0.00488765   0.00484213     0.00277119   0.00997775    -0.00712795   0.00726634
    2    5
  0.01037377   0.00254615     0.00478423  -0.00230217     0.01031809  -0.00601859
 -0.01884754  -0.00338370     0.01302817   0.00526296    -0.00177112   0.00695539
  0.00488765  -0.00484213    -0.00277119   0.00997775     0.00712795   0.00726634
    2    6
 -0.01037377  -0.00254615     0.01031809  -0.00601859     0.00478423  -0.00230217
  0.00488765  -0.00484213    -0.00712795  -0.00726634     0.00277119  -0.00997775
 -0.01884754  -0.00338370     0.00177112  -0.00695539    -0.01302817  -0.00526296
    2    7
  0.01037377  -0.00254615     0.01031809   0.00601859     0.00478423   0.00230217
  0.00488765   0.00484213     0.00712795  -0.00726634    -0.00277119  -0.00997775
 -0.01884754   0.00338370    -0.00177112  -0.00695539     0.01302817  -0.00526296
    3    1
  0.00000000   0.00000000    -0.02113505  -0.02113505    -0.02113505  -0.02113505
 -0.02790017  -0.02790017    -0.07020325   0.07020325     0.00280643  -0.00280643
 -0.02790017  -0.02790017    -0.00280643   0.00280643     0.07020325  -0.07020325
    3    2
  0.09432291   0.00000000    -0.00000000  -0.00037910     0.00000000   0.00037910
 -0.00000000  -0.00037910    -0.01179189  -0.00000000     0.00498373   0.00000000
  0.00000000   0.00037910     0.00498373   0.00000000    -0.01179189  -0.00000000
    3    3
  0.18465815   0.00000000    -0.00000000   0.00028281    -0.00000000  -0.00028281
 -0.00000000  -0.00028281     0.13491896  -0.00000000    -0.00103987   0.00000000
 -0.00000000   0.00028281    -0.00103987   0.00000000     0.13491896   0.00000000
    3    4
  0.01037377  -0.00254615     0.00478423   0.00230217     0.01031809   0.00601859
 -0.01884754   0.00338370     0.01302817  -0.00526296    -0.00177112  -0.00695539
  0.00488765   0.00484213    -0.00277119  -0.00997775     0.00712795  -0.00726634
    3    5
 -0.01037377  -0.00254615     0.00478423  -0.00230217     0.01031809  -0.00601859
 -0.01884754  -0.00338370    -0.01302817  -0.00526296     0.00177112  -0.00695539
  0.00488765  -0.00484213     0.00277119  -0.00997775    -0.00712795  -0.00726634
    3    6
  0.01037377   0.00254615     0.01031809  -0.00601859     0.00478423  -0.00230217
  0.00488765  -0.00484213     0.00712795   0.00726634    -0.00277119   0.00997775
 -0.01884754  -0.00338370    -0.00177112   0.00695539     0.01302817   0.00526296
    3    7
 -0.01037377   0.00254615     0.01031809   0.00601859     0.00478423   0.00230217
  0.00488765   0.00484213    -0.00712795   0.00726634     0.00277119   0.00997775
 -0.01884754   0.00338370     0.00177112   0.00695539    -0.01302817   0.00526296
    4    1
 -0.13056133   0.02257433     0.00000000   0.00000000    -0.00000000   0.00000000
  0.00000000  -0.00000000    -0.00068840   0.02442709    -0.03179752  -0.01429617
 -0.00000000   0.00000000    -0.05343740  -0.03476539     0.07665689  -0.06088241
    4    2
 -0.01037377  -0.00254615    -0.01884754  -0.00338370     0.00488765  -0.00484213
  0.00478423  -0.00230217    -0.01302817  -0.00526296     0.00277119  -0.00997775
  0.01031809  -0.00601859     0.00177112  -0.00695539    -0.00712795  -0.00726634
    4    3
  0.01037377   0.00254615    -0.01884754  -0.00338370     0.00488765  -0.00484213
  0.00478423  -0.00230217     0.01302817   0.00526296    -0.00277119   0.00997775
  0.01031809  -0.00601859    -0.00177112   0.00695539     0.00712795   0.00726634
    4    4
  0.13940639   0.00000000     0.00000000  -0.00000000    -0.00000000   0.00000000
  0.00000000   0.00000000     0.17005166   0.00000000     0.00008449  -0.00201716
 -0.00000000   0.00000000     0.00008449   0.00201716     0.13643173   0.00000000
    4    5
 -0.01351408   0.00283442    -0.00000000  -0.00000000     0.00000000   0.00000000
 -0.00000000  -0.00000000     0.05215500   0.05806241     0.00246217   0.00825166
  0.00000000   0.00000000     0.00246217   0.00825166    -0.00182094  -0.00647045
    4    6
 -0.01192455   0.00416092     0.00000000   0.00000000     0.00000000   0.00000000
  0.00000000   0.00000000    -0.00765085  -0.00983487    -0.01144348  -0.00616999
  0.00000000   0.00000000    -0.00962402  -0.01775819    -0.00765085  -0.00983487
    4    7
  0.01668503  -0.00000000     0.00000000   0.00000000    -0.00000000  -0.00000000
  0.00000000   0.00000000     0.02086035  -0.00101334     0.00566379  -0.00000000
 -0.00000000  -0.00000000    -0.01281455   0.00000000     0.02086035   0.00101334
    5    1
  0.02257433  -0.13056133    -0.00000000   0.00000000     0.00000000  -0.00000000
 -0.00000000   0.00000000     0.02442709  -0.00068840    -0.01429617  -0.03179752
  0.00000000  -0.00000000    -0.03476539  -0.05343740    -0.06088241   0.07665689
    5    2
  0.01037377  -0.00254615    -0.01884754   0.00338370     0.00488765   0.00484213
  0.00478423   0.00230217     0.01302817  -0.00526296    -0.00277119  -0.00997775
  0.01031809   0.00601859    -0.00177112  -0.00695539     0.00712795  -0.00726634
    5    3
 -0.01037377   0.00254615    -0.01884754   0.00338370     0.00488765   0.00484213
  0.00478423   0.00230217    -0.01302817   0.00526296     0.00277119   0.00997775
  0.01031809   0.00601859     0.00177112   0.00695539    -0.00712795   0.00726634
    5    4
 -0.01351408  -0.00283442    -0.00000000   0.00000000     0.00000000   0.00000000
 -0.00000000   0.00000000     0.05215500  -0.05806241     0.00246217  -0.00825166
  0.00000000  -0.00000000     0.00246217  -0.00825166    -0.00182094   0.00647045
    5    5
  0.13940639   0.00000000     0.00000000   0.00000000    -0.00000000  -0.00000000
  0.00000000  -0.00000000     0.17005166   0.00000000     0.00008449   0.00201716
 -0.00000000  -0.00000000     0.00008449  -0.00201716     0.13643173   0.00000000
    5    6
  0.01668503   0.00000000     0.00000000  -0.00000000    -0.00000000   0.00000000
 -0.00000000  -0.00000000     0.02086035   0.00101334     0.00566379   0.00000000
 -0.00000000   0.00000000    -0.01281455  -0.00000000     0.02086035  -0.00101334
    5    7
 -0.01192455  -0.00416092     0.00000000  -0.00000000     0.00000000  -0.00000000
  0.00000000  -0.00000000    -0.00765085   0.00983487    -0.01144348   0.00616999
  0.00000000  -0.00000000    -0.00962402   0.01775819    -0.00765085   0.00983487
    6    1
  0.02257433  -0.13056133     0.00000000   0.00000000    -0.00000000   0.00000000
  0.00000000   0.00000000    -0.06088241   0.07665689    -0.03476539  -0.05343740
 -0.00000000   0.00000000    -0.01429617  -0.03179752     0.02442709  -0.00068840
    6    2
 -0.01037377   0.00254615     0.00488765   0.00484213    -0.01884754   0.00338370
  0.01031809   0.00601859    -0.00712795   0.00726634     0.00177112   0.00695539
  0.00478423   0.00230217     0.00277119   0.00997775    -0.01302817   0.00526296
    6    3
  0.01037377  -0.00254615     0.00488765   0.00484213    -0.01884754   0.00338370
  0.01031809   0.00601859     0.00712795  -0.00726634    -0.00177112  -0.00695539
  0.00478423   0.00230217    -0.00277119  -0.00997775     0.01302817  -0.00526296
    6    4
 -0.01192455  -0.00416092     0.00000000  -0.00000000     0.00000000  -0.00000000
  0.00000000  -0.00000000    -0.00765085   0.00983487    -0.00962402   0.01775819
  0.00000000  -0.00000000    -0.01144348   0.00616999    -0.00765085   0.00983487
    6    5
  0.01668503   0.00000000     0.00000000   0.00000000    -0.00000000  -0.00000000
  0.00000000   0.00000000     0.02086035  -0.00101334    -0.01281455   0.00000000
 -0.00000000  -0.00000000     0.00566379   0.00000000     0.02086035   0.00101334
    6    6
  0.13940639   0.00000000     0.00000000  -0.00000000    -0.00000000   0.00000000
  0.00000000   0.00000000     0.13643173  -0.00000000     0.00008449  -0.00201716
 -0.00000000   0.00000000     0.00008449   0.00201716     0.17005166   0.00000000
    6    7
 -0.01351408  -0.00283442     0.00000000  -0.00000000    -0.00000000   0.00000000
  0.00000000  -0.00000000    -0.00182094   0.00647045     0.00246217  -0.00825166
 -0.00000000   0.00000000     0.00246217  -0.00825166     0.05215500  -0.05806241
    7    1
 -0.13056133   0.02257433     0.00000000   0.00000000     0.00000000  -0.00000000
  0.00000000   0.00000000     0.07665689  -0.06088241    -0.05343740  -0.03476539
 -0.00000000  -0.00000000    -0.03179752  -0.01429617    -0.00068840   0.02442709
    7    2
  0.01037377   0.00254615     0.00488765  -0.00484213    -0.01884754  -0.00338370
  0.01031809  -0.00601859     0.00712795   0.00726634    -0.00177112   0.00695539
  0.00478423  -0.00230217    -0.00277119   0.00997775     0.01302817   0.00526296
    7    3
 -0.01037377  -0.00254615     0.00488765  -0.00484213    -0.01884754  -0.00338370
  0.01031809  -0.00601859    -0.00712795  -0.00726634     0.00177112  -0.00695539
  0.00478423  -0.00230217     0.00277119  -0.00997775    -0.01302817  -0.00526296
    7    4
  0.01668503   0.00000000    -0.00000000  -0.00000000    -0.00000000   0.00000000
  0.00000000  -0.00000000     0.02086035   0.00101334    -0.01281455  -0.00000000
 -0.00000000   0.00000000     0.00566379   0.00000000     0.02086035  -0.00101334
    7    5
 -0.01192455   0.00416092     0.00000000   0.00000000     0.00000000   0.00000000
  0.00000000   0.00000000    -0.00765085  -0.00983487    -0.00962402  -0.01775819
  0.00000000   0.00000000    -0.01144348  -0.00616999    -0.00765085  -0.00983487
    7    6
 -0.01351408   0.00283442     0.00000000   0.00000000    -0.00000000  -0.00000000
  0.00000000   0.00000000    -0.00182094  -0.00647045     0.00246217   0.00825166
 -0.00000000  -0.00000000     0.00246217   0.00825166     0.05215500   0.05806241
    7    7
  0.13940639   0.00000000     0.00000000   0.00000000    -0.00000000   0.00000000
  0.00000000  -0.00000000     0.13643173   0.00000000     0.00008449   0.00201716
 -0.00000000  -0.00000000     0.00008449  -0.00201716     0.17005166   0.00000000

     Dynamical  Matrix in cartesian axes

     q = (   -0.216506351   0.866025404  -0.216506351 ) 

    1    1
  0.76508010   0.00000000     0.00000000   0.00000000    -0.09479672   0.00000000
  0.00000000   0.00000000     0.79041346   0.00000000    -0.00000000   0.00000000
 -0.09479672   0.00000000    -0.00000000   0.00000000     0.76508010   0.00000000
    1    2
  0.02442709   0.00068840     0.00000000  -0.00000000    -0.03476539   0.05343740
  0.00000000  -0.00000000     0.02257433   0.13056133     0.00000000   0.00000000
 -0.01429617   0.03179752     0.00000000   0.00000000    -0.06088241  -0.07665689
    1    3
 -0.00068840  -0.02442709     0.00000000   0.00000000    -0.05343740   0.03476539
  0.00000000  -0.00000000    -0.13056133  -0.02257433    -0.00000000  -0.00000000
 -0.03179752   0.01429617    -0.00000000  -0.00000000     0.07665689   0.06088241
    1    4
 -0.07020325  -0.07020325    -0.02113505   0.02113505    -0.00280643  -0.00280643
 -0.02790017   0.02790017     0.00000000  -0.00000000    -0.02790017   0.02790017
  0.00280643   0.00280643    -0.02113505   0.02113505     0.07020325   0.07020325
    1    5
  0.07020325   0.07020325    -0.02113505   0.02113505     0.00280643   0.00280643
 -0.02790017   0.02790017     0.00000000  -0.00000000    -0.02790017   0.02790017
 -0.00280643  -0.00280643    -0.02113505   0.02113505    -0.07020325  -0.07020325
    1    6
  0.07665689   0.06088241     0.00000000  -0.00000000    -0.03179752   0.01429617
 -0.00000000  -0.00000000    -0.13056133  -0.02257433     0.00000000   0.00000000
 -0.05343740   0.03476539     0.00000000   0.00000000    -0.00068840  -0.02442709
    1    7
 -0.06088241  -0.07665689     0.00000000   0.00000000    -0.01429617   0.03179752
  0.00000000  -0.00000000     0.02257433   0.13056133     0.00000000   0.00000000
 -0.03476539   0.05343740    -0.00000000   0.00000000     0.02442709   0.00068840
    2    1
  0.02442709  -0.00068840    -0.00000000   0.00000000    -0.01429617  -0.03179752
  0.00000000   0.00000000     0.02257433  -0.13056133     0.00000000  -0.00000000
 -0.03476539  -0.05343740     0.00000000  -0.00000000    -0.06088241   0.07665689
    2    2
  0.17005166   0.00000000    -0.00000000  -0.00000000     0.00008449   0.00201716
  0.00000000   0.00000000     0.13940639   0.00000000    -0.00000000  -0.00000000
  0.00008449  -0.00201716    -0.00000000   0.00000000     0.13643173   0.00000000
    2    3
  0.05215500  -0.05806241    -0.00000000   0.00000000     0.00246217  -0.00825166
 -0.00000000   0.00000000    -0.01351408  -0.00283442     0.00000000  -0.00000000
  0.00246217  -0.00825166     0.00000000   0.00000000    -0.00182094   0.00647045
    2    4
 -0.01302817   0.00526296     0.00478423   0.00230217     0.00277119   0.00997775
 -0.01884754   0.00338370    -0.01037377   0.00254615     0.00488765   0.00484213
  0.00177112   0.00695539     0.01031809   0.00601859    -0.00712795   0.00726634
    2    5
  0.01302817  -0.00526296     0.00478423   0.00230217    -0.00277119  -0.00997775
 -0.01884754   0.00338370     0.01037377  -0.00254615     0.00488765   0.00484213
 -0.00177112  -0.00695539     0.01031809   0.00601859     0.00712795  -0.00726634
    2    6
 -0.00765085   0.00983487     0.00000000  -0.00000000    -0.01144348   0.00616999
  0.00000000  -0.00000000    -0.01192455  -0.00416092     0.00000000  -0.00000000
 -0.00962402   0.01775819     0.00000000  -0.00000000    -0.00765085   0.00983487
    2    7
  0.02086035   0.00101334     0.00000000  -0.00000000     0.00566379  -0.00000000
 -0.00000000  -0.00000000     0.01668503  -0.00000000    -0.00000000   0.00000000
 -0.01281455   0.00000000    -0.00000000   0.00000000     0.02086035  -0.00101334
    3    1
 -0.00068840   0.02442709     0.00000000   0.00000000    -0.03179752  -0.01429617
  0.00000000   0.00000000    -0.13056133   0.02257433    -0.00000000   0.00000000
 -0.05343740  -0.03476539    -0.00000000   0.00000000     0.07665689  -0.06088241
    3    2
  0.05215500   0.05806241     0.00000000  -0.00000000     0.00246217   0.00825166
 -0.00000000  -0.00000000    -0.01351408   0.00283442     0.00000000   0.00000000
  0.00246217   0.00825166     0.00000000   0.00000000    -0.00182094  -0.00647045
    3    3
  0.17005166   0.00000000    -0.00000000   0.00000000     0.00008449  -0.00201716
  0.00000000  -0.00000000     0.13940639   0.00000000    -0.00000000   0.00000000
  0.00008449   0.00201716    -0.00000000   0.00000000     0.13643173   0.00000000
    3    4
  0.01302817   0.00526296     0.00478423  -0.00230217    -0.00277119   0.00997775
 -0.01884754  -0.00338370     0.01037377   0.00254615     0.00488765  -0.00484213
 -0.00177112   0.00695539     0.01031809  -0.00601859     0.00712795   0.00726634
    3    5
 -0.01302817  -0.00526296     0.00478423  -0.00230217     0.00277119  -0.00997775
 -0.01884754  -0.00338370    -0.01037377  -0.00254615     0.00488765  -0.00484213
  0.00177112  -0.00695539     0.01031809  -0.00601859    -0.00712795  -0.00726634
    3    6
  0.02086035  -0.00101334     0.00000000   0.00000000     0.00566379  -0.00000000
 -0.00000000   0.00000000     0.01668503  -0.00000000    -0.00000000   0.00000000
 -0.01281455   0.00000000    -0.00000000  -0.00000000     0.02086035   0.00101334
    3    7
 -0.00765085  -0.00983487     0.00000000   0.00000000    -0.01144348  -0.00616999
  0.00000000   0.00000000    -0.01192455   0.00416092     0.00000000   0.00000000
 -0.00962402  -0.01775819     0.00000000   0.00000000    -0.00765085  -0.00983487
    4    1
 -0.07020325   0.07020325    -0.02790017  -0.02790017     0.00280643  -0.00280643
 -0.02113505  -0.02113505     0.00000000   0.00000000    -0.02113505  -0.02113505
 -0.00280643   0.00280643    -0.02790017  -0.02790017     0.07020325  -0.07020325
    4    2
 -0.01302817  -0.00526296    -0.01884754  -0.00338370     0.00177112  -0.00695539
  0.00478423  -0.00230217    -0.01037377  -0.00254615     0.01031809  -0.00601859
  0.00277119  -0.00997775     0.00488765  -0.00484213    -0.00712795  -0.00726634
    4    3
  0.01302817  -0.00526296    -0.01884754   0.00338370    -0.00177112  -0.00695539
  0.00478423   0.00230217     0.01037377  -0.00254615     0.01031809   0.00601859
 -0.00277119  -0.00997775     0.00488765   0.00484213     0.00712795  -0.00726634
    4    4
  0.13491896  -0.00000000     0.00000000  -0.00028281    -0.00103987  -0.00000000
 -0.00000000   0.00028281     0.18465815  -0.00000000    -0.00000000  -0.00028281
 -0.00103987   0.00000000    -0.00000000   0.00028281     0.13491896   0.00000000
    4    5
 -0.01179189   0.00000000    -0.00000000  -0.00037910     0.00498373  -0.00000000
 -0.00000000  -0.00037910     0.09432291  -0.00000000     0.00000000   0.00037910
  0.00498373  -0.00000000     0.00000000   0.00037910    -0.01179189   0.00000000
    4    6
 -0.00712795   0.00726634     0.00488765   0.00484213     0.00277119   0.00997775
  0.01031809   0.00601859    -0.01037377   0.00254615     0.00478423   0.00230217
  0.00177112   0.00695539    -0.01884754   0.00338370    -0.01302817   0.00526296
    4    7
  0.00712795   0.00726634     0.00488765  -0.00484213    -0.00277119   0.00997775
  0.01031809  -0.00601859     0.01037377   0.00254615     0.00478423  -0.00230217
 -0.00177112   0.00695539    -0.01884754  -0.00338370     0.01302817   0.00526296
    5    1
  0.07020325  -0.07020325    -0.02790017  -0.02790017    -0.00280643   0.00280643
 -0.02113505  -0.02113505     0.00000000   0.00000000    -0.02113505  -0.02113505
  0.00280643  -0.00280643    -0.02790017  -0.02790017    -0.07020325   0.07020325
    5    2
  0.01302817   0.00526296    -0.01884754  -0.00338370    -0.00177112   0.00695539
  0.00478423  -0.00230217     0.01037377   0.00254615     0.01031809  -0.00601859
 -0.00277119   0.00997775     0.00488765  -0.00484213     0.00712795   0.00726634
    5    3
 -0.01302817   0.00526296    -0.01884754   0.00338370     0.00177112   0.00695539
  0.00478423   0.00230217    -0.01037377   0.00254615     0.01031809   0.00601859
  0.00277119   0.00997775     0.00488765   0.00484213    -0.00712795   0.00726634
    5    4
 -0.01179189  -0.00000000    -0.00000000   0.00037910     0.00498373   0.00000000
 -0.00000000   0.00037910     0.09432291   0.00000000     0.00000000  -0.00037910
  0.00498373   0.00000000     0.00000000  -0.00037910    -0.01179189  -0.00000000
    5    5
  0.13491896  -0.00000000     0.00000000   0.00028281    -0.00103987   0.00000000
 -0.00000000  -0.00028281     0.18465815   0.00000000    -0.00000000   0.00028281
 -0.00103987  -0.00000000    -0.00000000  -0.00028281     0.13491896   0.00000000
    5    6
  0.00712795  -0.00726634     0.00488765   0.00484213    -0.00277119  -0.00997775
  0.01031809   0.00601859     0.01037377  -0.00254615     0.00478423   0.00230217
 -0.00177112  -0.00695539    -0.01884754   0.00338370     0.01302817  -0.00526296
    5    7
 -0.00712795  -0.00726634     0.00488765  -0.00484213     0.00277119  -0.00997775
  0.01031809  -0.00601859    -0.01037377  -0.00254615     0.00478423  -0.00230217
  0.00177112  -0.00695539    -0.01884754  -0.00338370    -0.01302817  -0.00526296
    6    1
  0.07665689  -0.06088241     0.00000000   0.00000000    -0.05343740  -0.03476539
  0.00000000   0.00000000    -0.13056133   0.02257433     0.00000000  -0.00000000
 -0.03179752  -0.01429617     0.00000000  -0.00000000    -0.00068840   0.02442709
    6    2
 -0.00765085  -0.00983487     0.00000000   0.00000000    -0.00962402  -0.01775819
  0.00000000   0.00000000    -0.01192455   0.00416092     0.00000000   0.00000000
 -0.01144348  -0.00616999     0.00000000   0.00000000    -0.00765085  -0.00983487
    6    3
  0.02086035   0.00101334     0.00000000  -0.00000000    -0.01281455  -0.00000000
  0.00000000  -0.00000000     0.01668503   0.00000000    -0.00000000   0.00000000
  0.00566379   0.00000000    -0.00000000   0.00000000     0.02086035  -0.00101334
    6    4
 -0.00712795  -0.00726634     0.01031809  -0.00601859     0.00177112  -0.00695539
  0.00488765  -0.00484213    -0.01037377  -0.00254615    -0.01884754  -0.00338370
  0.00277119  -0.00997775     0.00478423  -0.00230217    -0.01302817  -0.00526296
    6    5
  0.00712795   0.00726634     0.01031809  -0.00601859    -0.00177112   0.00695539
  0.00488765  -0.00484213     0.01037377   0.00254615    -0.01884754  -0.00338370
 -0.00277119   0.00997775     0.00478423  -0.00230217     0.01302817   0.00526296
    6    6
  0.13643173   0.00000000     0.00000000  -0.00000000     0.00008449   0.00201716
  0.00000000   0.00000000     0.13940639   0.00000000    -0.00000000   0.00000000
  0.00008449  -0.00201716    -0.00000000   0.00000000     0.17005166   0.00000000
    6    7
 -0.00182094  -0.00647045    -0.00000000   0.00000000     0.00246217   0.00825166
  0.00000000  -0.00000000    -0.01351408   0.00283442    -0.00000000  -0.00000000
  0.00246217   0.00825166    -0.00000000  -0.00000000     0.05215500   0.05806241
    7    1
 -0.06088241   0.07665689     0.00000000   0.00000000    -0.03476539  -0.05343740
  0.00000000   0.00000000     0.02257433  -0.13056133    -0.00000000   0.00000000
 -0.01429617  -0.03179752    -0.00000000  -0.00000000     0.02442709  -0.00068840
    7    2
  0.02086035  -0.00101334     0.00000000   0.00000000    -0.01281455  -0.00000000
 -0.00000000   0.00000000     0.01668503   0.00000000    -0.00000000  -0.00000000
  0.00566379   0.00000000    -0.00000000  -0.00000000     0.02086035   0.00101334
    7    3
 -0.00765085   0.00983487     0.00000000  -0.00000000    -0.00962402   0.01775819
  0.00000000  -0.00000000    -0.01192455  -0.00416092     0.00000000  -0.00000000
 -0.01144348   0.00616999     0.00000000  -0.00000000    -0.00765085   0.00983487
    7    4
  0.00712795  -0.00726634     0.01031809   0.00601859    -0.00177112  -0.00695539
  0.00488765   0.00484213     0.01037377  -0.00254615    -0.01884754   0.00338370
 -0.00277119  -0.00997775     0.00478423   0.00230217     0.01302817  -0.00526296
    7    5
 -0.00712795   0.00726634     0.01031809   0.00601859     0.00177112   0.00695539
  0.00488765   0.00484213    -0.01037377   0.00254615    -0.01884754   0.00338370
  0.00277119   0.00997775     0.00478423   0.00230217    -0.01302817   0.00526296
    7    6
 -0.00182094   0.00647045     0.00000000   0.00000000     0.00246217  -0.00825166
  0.00000000   0.00000000    -0.01351408  -0.00283442    -0.00000000   0.00000000
  0.00246217  -0.00825166    -0.00000000   0.00000000     0.05215500  -0.05806241
    7    7
  0.13643173  -0.00000000     0.00000000   0.00000000     0.00008449  -0.00201716
  0.00000000  -0.00000000     0.13940639   0.00000000    -0.00000000   0.00000000
  0.00008449   0.00201716    -0.00000000   0.00000000     0.17005166   0.00000000

     Dynamical  Matrix in cartesian axes

     q = (    0.216506351   0.866025404  -0.216506351 ) 

    1    1
  0.76508010   0.00000000    -0.00000000   0.00000000     0.09479672   0.00000000
 -0.00000000   0.00000000     0.79041346   0.00000000    -0.00000000   0.00000000
  0.09479672   0.00000000    -0.00000000   0.00000000     0.76508010   0.00000000
    1    2
  0.00068840   0.02442709    -0.00000000  -0.00000000    -0.05343740   0.03476539
 -0.00000000  -0.00000000     0.13056133   0.02257433     0.00000000   0.00000000
 -0.03179752   0.01429617     0.00000000   0.00000000    -0.07665689  -0.06088241
    1    3
 -0.00068840   0.02442709     0.00000000  -0.00000000     0.05343740   0.03476539
  0.00000000   0.00000000    -0.13056133   0.02257433    -0.00000000   0.00000000
  0.03179752   0.01429617    -0.00000000   0.00000000     0.07665689  -0.06088241
    1    4
 -0.07020325   0.07020325    -0.02113505  -0.02113505     0.00280643  -0.00280643
 -0.02790017  -0.02790017    -0.00000000  -0.00000000     0.02790017   0.02790017
 -0.00280643   0.00280643     0.02113505   0.02113505     0.07020325  -0.07020325
    1    5
  0.07020325   0.07020325     0.02113505  -0.02113505    -0.00280643  -0.00280643
  0.02790017  -0.02790017     0.00000000  -0.00000000    -0.02790017   0.02790017
  0.00280643   0.00280643    -0.02113505   0.02113505    -0.07020325  -0.07020325
    1    6
  0.07665689   0.06088241     0.00000000  -0.00000000     0.03179752  -0.01429617
  0.00000000  -0.00000000    -0.13056133  -0.02257433     0.00000000   0.00000000
  0.05343740  -0.03476539     0.00000000  -0.00000000    -0.00068840  -0.02442709
    1    7
 -0.07665689   0.06088241     0.00000000  -0.00000000    -0.03179752  -0.01429617
 -0.00000000  -0.00000000     0.13056133  -0.02257433    -0.00000000   0.00000000
 -0.05343740  -0.03476539    -0.00000000   0.00000000     0.00068840  -0.02442709
    2    1
  0.00068840  -0.02442709    -0.00000000   0.00000000    -0.03179752  -0.01429617
 -0.00000000   0.00000000     0.13056133  -0.02257433     0.00000000  -0.00000000
 -0.05343740  -0.03476539     0.00000000  -0.00000000    -0.07665689   0.06088241
    2    2
  0.17005166   0.00000000     0.00000000  -0.00000000    -0.00008449   0.00201716
  0.00000000   0.00000000     0.13940639   0.00000000    -0.00000000   0.00000000
 -0.00008449  -0.00201716    -0.00000000   0.00000000     0.13643173   0.00000000
    2    3
  0.05806241  -0.05215500     0.00000000   0.00000000    -0.00825166   0.00246217
 -0.00000000  -0.00000000     0.00283442   0.01351408     0.00000000   0.00000000
 -0.00825166   0.00246217     0.00000000  -0.00000000    -0.00647045   0.00182094
    2    4
 -0.00526296   0.01302817    -0.00230217  -0.00478423     0.00997775   0.00277119
 -0.00338370   0.01884754    -0.00254615   0.01037377     0.00484213   0.00488765
  0.00695539   0.00177112     0.00601859   0.01031809    -0.00726634   0.00712795
    2    5
  0.01302817   0.00526296     0.00478423  -0.00230217     0.00277119  -0.00997775
 -0.01884754  -0.00338370     0.01037377   0.00254615    -0.00488765   0.00484213
  0.00177112  -0.00695539    -0.01031809   0.00601859     0.00712795   0.00726634
    2    6
 -0.02086035   0.00101334     0.00000000  -0.00000000     0.00566379  -0.00000000
  0.00000000  -0.00000000    -0.01668503   0.00000000     0.00000000   0.00000000
 -0.01281455   0.00000000     0.00000000   0.00000000    -0.02086035  -0.00101334
    2    7
  0.00983487  -0.00765085     0.00000000   0.00000000    -0.00616999   0.01144348
  0.00000000   0.00000000    -0.00416092  -0.01192455    -0.00000000   0.00000000
 -0.01775819   0.00962402    -0.00000000   0.00000000     0.00983487  -0.00765085
    3    1
 -0.00068840  -0.02442709     0.00000000   0.00000000     0.03179752  -0.01429617
 -0.00000000   0.00000000    -0.13056133  -0.02257433    -0.00000000  -0.00000000
  0.05343740  -0.03476539    -0.00000000  -0.00000000     0.07665689   0.06088241
    3    2
  0.05806241   0.05215500     0.00000000   0.00000000    -0.00825166  -0.00246217
 -0.00000000   0.00000000     0.00283442  -0.01351408     0.00000000   0.00000000
 -0.00825166  -0.00246217     0.00000000   0.00000000    -0.00647045  -0.00182094
    3    3
  0.17005166   0.00000000    -0.00000000   0.00000000    -0.00008449  -0.00201716
 -0.00000000  -0.00000000     0.13940639   0.00000000    -0.00000000   0.00000000
 -0.00008449   0.00201716    -0.00000000  -0.00000000     0.13643173   0.00000000
    3    4
  0.01302817  -0.00526296     0.00478423   0.00230217     0.00277119   0.00997775
 -0.01884754   0.00338370     0.01037377  -0.00254615    -0.00488765  -0.00484213
  0.00177112   0.00695539    -0.01031809  -0.00601859     0.00712795  -0.00726634
    3    5
 -0.00526296  -0.01302817    -0.00230217   0.00478423     0.00997775  -0.00277119
 -0.00338370  -0.01884754    -0.00254615  -0.01037377     0.00484213  -0.00488765
  0.00695539  -0.00177112     0.00601859  -0.01031809    -0.00726634  -0.00712795
    3    6
  0.00983487   0.00765085     0.00000000   0.00000000    -0.00616999  -0.01144348
  0.00000000   0.00000000    -0.00416092   0.01192455     0.00000000  -0.00000000
 -0.01775819  -0.00962402     0.00000000  -0.00000000     0.00983487   0.00765085
    3    7
 -0.02086035  -0.00101334     0.00000000   0.00000000     0.00566379   0.00000000
  0.00000000   0.00000000    -0.01668503   0.00000000     0.00000000  -0.00000000
 -0.01281455   0.00000000     0.00000000  -0.00000000    -0.02086035   0.00101334
    4    1
 -0.07020325  -0.07020325    -0.02790017   0.02790017    -0.00280643  -0.00280643
 -0.02113505   0.02113505    -0.00000000   0.00000000     0.02113505  -0.02113505
  0.00280643   0.00280643     0.02790017  -0.02790017     0.07020325   0.07020325
    4    2
 -0.00526296  -0.01302817    -0.00338370  -0.01884754     0.00695539  -0.00177112
 -0.00230217   0.00478423    -0.00254615  -0.01037377     0.00601859  -0.01031809
  0.00997775  -0.00277119     0.00484213  -0.00488765    -0.00726634  -0.00712795
    4    3
  0.01302817   0.00526296    -0.01884754  -0.00338370     0.00177112  -0.00695539
  0.00478423  -0.00230217     0.01037377   0.00254615    -0.01031809   0.00601859
  0.00277119  -0.00997775    -0.00488765   0.00484213     0.00712795   0.00726634
    4    4
  0.13491896  -0.00000000    -0.00000000   0.00028281     0.00103987   0.00000000
 -0.00000000  -0.00028281     0.18465815  -0.00000000    -0.00000000  -0.00028281
  0.00103987  -0.00000000    -0.00000000   0.00028281     0.13491896  -0.00000000
    4    5
 -0.00000000  -0.01179189    -0.00037910  -0.00000000    -0.00000000  -0.00498373
 -0.00037910  -0.00000000     0.00000000   0.09432291    -0.00037910  -0.00000000
 -0.00000000  -0.00498373    -0.00037910   0.00000000    -0.00000000  -0.01179189
    4    6
 -0.00726634  -0.00712795     0.00484213  -0.00488765     0.00997775  -0.00277119
  0.00601859  -0.01031809    -0.00254615  -0.01037377    -0.00230217   0.00478423
  0.00695539  -0.00177112    -0.00338370  -0.01884754    -0.00526296  -0.01302817
    4    7
  0.00712795   0.00726634    -0.00488765   0.00484213     0.00277119  -0.00997775
 -0.01031809   0.00601859     0.01037377   0.00254615     0.00478423  -0.00230217
  0.00177112  -0.00695539    -0.01884754  -0.00338370     0.01302817   0.00526296
    5    1
  0.07020325  -0.07020325     0.02790017   0.02790017     0.00280643  -0.00280643
  0.02113505   0.02113505     0.00000000   0.00000000    -0.02113505  -0.02113505
 -0.00280643   0.00280643    -0.02790017  -0.02790017    -0.07020325   0.07020325
    5    2
  0.01302817  -0.00526296    -0.01884754   0.00338370     0.00177112   0.00695539
  0.00478423   0.00230217     0.01037377  -0.00254615    -0.01031809  -0.00601859
  0.00277119   0.00997775    -0.00488765  -0.00484213     0.00712795  -0.00726634
    5    3
 -0.00526296   0.01302817    -0.00338370   0.01884754     0.00695539   0.00177112
 -0.00230217  -0.00478423    -0.00254615   0.01037377     0.00601859   0.01031809
  0.00997775   0.00277119     0.00484213   0.00488765    -0.00726634   0.00712795
    5    4
 -0.00000000   0.01179189    -0.00037910   0.00000000    -0.00000000   0.00498373
 -0.00037910   0.00000000     0.00000000  -0.09432291    -0.00037910   0.00000000
 -0.00000000   0.00498373    -0.00037910   0.00000000    -0.00000000   0.01179189
    5    5
  0.13491896  -0.00000000    -0.00000000  -0.00028281     0.00103987   0.00000000
 -0.00000000   0.00028281     0.18465815  -0.00000000    -0.00000000   0.00028281
  0.00103987   0.00000000    -0.00000000  -0.00028281     0.13491896  -0.00000000
    5    6
  0.00712795  -0.00726634    -0.00488765  -0.00484213     0.00277119   0.00997775
 -0.01031809  -0.00601859     0.01037377  -0.00254615     0.00478423   0.00230217
  0.00177112   0.00695539    -0.01884754   0.00338370     0.01302817  -0.00526296
    5    7
 -0.00726634   0.00712795     0.00484213   0.00488765     0.00997775   0.00277119
  0.00601859   0.01031809    -0.00254615   0.01037377    -0.00230217  -0.00478423
  0.00695539   0.00177112    -0.00338370   0.01884754    -0.00526296   0.01302817
    6    1
  0.07665689  -0.06088241    -0.00000000   0.00000000     0.05343740   0.03476539
 -0.00000000   0.00000000    -0.13056133   0.02257433     0.00000000  -0.00000000
  0.03179752   0.01429617     0.00000000   0.00000000    -0.00068840   0.02442709
    6    2
 -0.02086035  -0.00101334     0.00000000   0.00000000    -0.01281455  -0.00000000
  0.00000000   0.00000000    -0.01668503  -0.00000000     0.00000000  -0.00000000
  0.00566379   0.00000000     0.00000000   0.00000000    -0.02086035   0.00101334
    6    3
  0.00983487  -0.00765085     0.00000000  -0.00000000    -0.01775819   0.00962402
  0.00000000  -0.00000000    -0.00416092  -0.01192455    -0.00000000  -0.00000000
 -0.00616999   0.01144348     0.00000000   0.00000000     0.00983487  -0.00765085
    6    4
 -0.00726634   0.00712795     0.00601859   0.01031809     0.00695539   0.00177112
  0.00484213   0.00488765    -0.00254615   0.01037377    -0.00338370   0.01884754
  0.00997775   0.00277119    -0.00230217  -0.00478423    -0.00526296   0.01302817
    6    5
  0.00712795   0.00726634    -0.01031809   0.00601859     0.00177112  -0.00695539
 -0.00488765   0.00484213     0.01037377   0.00254615    -0.01884754  -0.00338370
  0.00277119  -0.00997775     0.00478423  -0.00230217     0.01302817   0.00526296
    6    6
  0.13643173   0.00000000     0.00000000   0.00000000    -0.00008449  -0.00201716
  0.00000000  -0.00000000     0.13940639   0.00000000    -0.00000000   0.00000000
 -0.00008449   0.00201716    -0.00000000   0.00000000     0.17005166   0.00000000
    6    7
 -0.00647045   0.00182094     0.00000000  -0.00000000    -0.00825166   0.00246217
  0.00000000   0.00000000     0.00283442   0.01351408     0.00000000   0.00000000
 -0.00825166   0.00246217    -0.00000000   0.00000000     0.05806241  -0.05215500
    7    1
 -0.07665689  -0.06088241     0.00000000  -0.00000000    -0.05343740   0.03476539
  0.00000000  -0.00000000     0.13056133   0.02257433     0.00000000  -0.00000000
 -0.03179752   0.01429617     0.00000000  -0.00000000     0.00068840   0.02442709
    7    2
  0.00983487   0.00765085     0.00000000   0.00000000    -0.01775819  -0.00962402
  0.00000000   0.00000000    -0.00416092   0.01192455    -0.00000000  -0.00000000
 -0.00616999  -0.01144348     0.00000000  -0.00000000     0.00983487   0.00765085
    7    3
 -0.02086035   0.00101334     0.00000000  -0.00000000    -0.01281455  -0.00000000
  0.00000000  -0.00000000    -0.01668503  -0.00000000     0.00000000  -0.00000000
  0.00566379   0.00000000     0.00000000   0.00000000    -0.02086035  -0.00101334
    7    4
  0.00712795  -0.00726634    -0.01031809  -0.00601859     0.00177112   0.00695539
 -0.00488765  -0.00484213     0.01037377  -0.00254615    -0.01884754   0.00338370
  0.00277119   0.00997775     0.00478423   0.00230217     0.01302817  -0.00526296
    7    5
 -0.00726634  -0.00712795     0.00601859  -0.01031809     0.00695539  -0.00177112
  0.00484213  -0.00488765    -0.00254615  -0.01037377    -0.00338370  -0.01884754
  0.00997775  -0.00277119    -0.00230217   0.00478423    -0.00526296  -0.01302817
    7    6
 -0.00647045  -0.00182094     0.00000000   0.00000000    -0.00825166  -0.00246217
  0.00000000  -0.00000000     0.00283442  -0.01351408    -0.00000000  -0.00000000
 -0.00825166  -0.00246217    -0.00000000  -0.00000000     0.05806241   0.05215500
    7    7
  0.13643173  -0.00000000     0.00000000  -0.00000000    -0.00008449   0.00201716
  0.00000000   0.00000000     0.13940639   0.00000000    -0.00000000   0.00000000
 -0.00008449  -0.00201716    -0.00000000   0.00000000     0.17005166   0.00000000

     Dynamical  Matrix in cartesian axes

     q = (    0.866025404   0.216506351  -0.216506351 ) 

    1    1
  0.79041346   0.00000000    -0.00000000   0.00000000    -0.00000000   0.00000000
 -0.00000000   0.00000000     0.76508010   0.00000000     0.09479672   0.00000000
 -0.00000000   0.00000000     0.09479672   0.00000000     0.76508010   0.00000000
    1    2
  0.00000000  -0.00000000     0.02790017  -0.02790017    -0.02790017   0.02790017
  0.02113505  -0.02113505     0.07020325   0.07020325    -0.00280643  -0.00280643
 -0.02113505   0.02113505     0.00280643   0.00280643    -0.07020325  -0.07020325
    1    3
 -0.00000000  -0.00000000    -0.02790017  -0.02790017     0.02790017   0.02790017
 -0.02113505  -0.02113505    -0.07020325   0.07020325     0.00280643  -0.00280643
  0.02113505   0.02113505    -0.00280643   0.00280643     0.07020325  -0.07020325
    1    4
 -0.13056133   0.02257433     0.00000000  -0.00000000    -0.00000000   0.00000000
