  5.000000000000000E-002   1.25977579764806        2.43615232611498     
           2

     Dynamical  Matrix in cartesian axes

     q = (    0.433012700   0.433012700   0.433012700 ) 

    1    1
  0.06654315   0.00000000     0.00000000   0.00000000    -0.00000000   0.00000000
  0.00000000   0.00000000     0.06654315   0.00000000    -0.00000000   0.00000000
 -0.00000000   0.00000000    -0.00000000   0.00000000     0.06654315   0.00000000
    1    2
  0.00000000  -0.00000000     0.00000000  -0.00897423    -0.00897423  -0.00000000
 -0.00000000   0.00790461     0.00000000   0.00000000     0.00000000  -0.00000000
  0.00790461   0.00000000     0.00000000   0.00000000     0.00000000   0.00000000
    1    3
 -0.00000000  -0.00000000    -0.00897423  -0.00000000     0.00000000  -0.00897423
  0.00790461   0.00000000     0.00000000   0.00000000     0.00000000   0.00000000
 -0.00000000   0.00790461     0.00000000   0.00000000     0.00000000   0.00000000
    1    4
  0.00000000   0.00000000     0.00790461   0.00000000     0.00000000   0.00000000
 -0.00897423  -0.00000000     0.00000000  -0.00000000     0.00000000  -0.00897423
  0.00000000  -0.00000000    -0.00000000   0.00790461     0.00000000   0.00000000
    1    5
  0.00000000   0.00000000    -0.00000000   0.00790461     0.00000000   0.00000000
  0.00000000  -0.00897423     0.00000000  -0.00000000    -0.00897423  -0.00000000
  0.00000000   0.00000000     0.00790461   0.00000000    -0.00000000   0.00000000
    1    6
  0.00000000   0.00000000     0.00000000   0.00000000    -0.00000000   0.00790461
  0.00000000   0.00000000     0.00000000   0.00000000     0.00790461   0.00000000
  0.00000000  -0.00897423    -0.00897423  -0.00000000     0.00000000  -0.00000000
    1    7
  0.00000000   0.00000000     0.00000000   0.00000000     0.00790461   0.00000000
  0.00000000  -0.00000000     0.00000000   0.00000000    -0.00000000   0.00790461
 -0.00897423  -0.00000000     0.00000000  -0.00897423    -0.00000000  -0.00000000
    2    1
  0.00000000   0.00000000    -0.00000000  -0.00790461     0.00790461  -0.00000000
  0.00000000   0.00897423    -0.00000000  -0.00000000     0.00000000   0.00000000
 -0.00897423   0.00000000     0.00000000   0.00000000    -0.00000000  -0.00000000
    2    2
  0.06559353  -0.00000000    -0.00000000   0.00000000    -0.00000000   0.00000000
 -0.00000000  -0.00000000     0.05878095   0.00000000    -0.00000000   0.00180868
 -0.00000000   0.00000000    -0.00000000  -0.00180868     0.05878095   0.00000000
    2    3
 -0.00000000   0.00000000     0.00000000   0.00000000     0.00000000  -0.00000000
  0.00000000   0.00000000     0.00000000   0.02625129    -0.00756586   0.00000000
  0.00000000  -0.00000000    -0.00756586   0.00000000    -0.00000000  -0.02625129
    2    4
  0.00000000   0.01582847     0.00000000   0.02861935    -0.00777685  -0.00000000
 -0.00000000   0.04078594     0.00000000   0.01582847    -0.00943301   0.00000000
 -0.00943301   0.00000000    -0.00777685  -0.00000000    -0.00000000   0.01431484
    2    5
 -0.01582847  -0.00000000     0.02861935   0.00000000    -0.00000000   0.00777685
  0.04078594  -0.00000000    -0.01582847   0.00000000    -0.00000000  -0.00943301
 -0.00000000   0.00943301    -0.00000000  -0.00777685    -0.01431484  -0.00000000
    2    6
  0.00000000  -0.01582847    -0.00777685   0.00000000     0.00000000  -0.02861935
 -0.00943301  -0.00000000    -0.00000000  -0.01431484    -0.00777685   0.00000000
 -0.00000000  -0.04078594    -0.00943301  -0.00000000     0.00000000  -0.01582847
    2    7
 -0.01582847   0.00000000    -0.00000000  -0.00777685     0.02861935   0.00000000
 -0.00000000  -0.00943301    -0.01431484   0.00000000    -0.00000000   0.00777685
  0.04078594   0.00000000     0.00000000   0.00943301    -0.01582847  -0.00000000
    3    1
 -0.00000000   0.00000000     0.00790461  -0.00000000    -0.00000000  -0.00790461
 -0.00897423   0.00000000     0.00000000  -0.00000000     0.00000000  -0.00000000
  0.00000000   0.00897423     0.00000000  -0.00000000    -0.00000000  -0.00000000
    3    2
 -0.00000000  -0.00000000     0.00000000  -0.00000000     0.00000000   0.00000000
  0.00000000  -0.00000000     0.00000000  -0.02625129    -0.00756586  -0.00000000
  0.00000000   0.00000000    -0.00756586  -0.00000000    -0.00000000   0.02625129
    3    3
  0.06559353   0.00000000    -0.00000000  -0.00000000    -0.00000000  -0.00000000
 -0.00000000   0.00000000     0.05878095  -0.00000000    -0.00000000  -0.00180868
 -0.00000000  -0.00000000    -0.00000000   0.00180868     0.05878095  -0.00000000
    3    4
 -0.01582847   0.00000000     0.02861935  -0.00000000    -0.00000000  -0.00777685
  0.04078594  -0.00000000    -0.01582847   0.00000000     0.00000000   0.00943301
 -0.00000000  -0.00943301     0.00000000   0.00777685    -0.01431484   0.00000000
    3    5
  0.00000000  -0.01582847     0.00000000  -0.02861935    -0.00777685   0.00000000
 -0.00000000  -0.04078594     0.00000000  -0.01582847    -0.00943301  -0.00000000
 -0.00943301  -0.00000000    -0.00777685   0.00000000    -0.00000000  -0.01431484
    3    6
 -0.01582847  -0.00000000    -0.00000000   0.00777685     0.02861935   0.00000000
 -0.00000000   0.00943301    -0.01431484   0.00000000    -0.00000000  -0.00777685
  0.04078594   0.00000000     0.00000000  -0.00943301    -0.01582847  -0.00000000
    3    7
  0.00000000   0.01582847    -0.00777685  -0.00000000     0.00000000   0.02861935
 -0.00943301   0.00000000    -0.00000000   0.01431484    -0.00777685  -0.00000000
 -0.00000000   0.04078594    -0.00943301   0.00000000     0.00000000   0.01582847
    4    1
  0.00000000  -0.00000000    -0.00897423   0.00000000     0.00000000   0.00000000
  0.00790461  -0.00000000    -0.00000000   0.00000000    -0.00000000  -0.00790461
  0.00000000  -0.00000000     0.00000000   0.00897423     0.00000000  -0.00000000
    4    2
  0.00000000  -0.01582847    -0.00000000  -0.04078594    -0.00943301  -0.00000000
  0.00000000  -0.02861935     0.00000000  -0.01582847    -0.00777685   0.00000000
 -0.00777685   0.00000000    -0.00943301  -0.00000000    -0.00000000  -0.01431484
    4    3
 -0.01582847  -0.00000000     0.04078594   0.00000000    -0.00000000   0.00943301
  0.02861935   0.00000000    -0.01582847  -0.00000000     0.00000000  -0.00777685
 -0.00000000   0.00777685     0.00000000  -0.00943301    -0.01431484  -0.00000000
    4    4
  0.05878095  -0.00000000     0.00000000   0.00000000     0.00000000  -0.00180868
  0.00000000   0.00000000     0.06559353  -0.00000000     0.00000000   0.00000000
  0.00000000   0.00180868     0.00000000   0.00000000     0.05878095   0.00000000
    4    5
  0.00000000  -0.02625129     0.00000000  -0.00000000    -0.00756586  -0.00000000
  0.00000000  -0.00000000    -0.00000000   0.00000000     0.00000000   0.00000000
 -0.00756586  -0.00000000     0.00000000   0.00000000    -0.00000000   0.02625129
    4    6
 -0.00000000   0.01431484    -0.00943301   0.00000000    -0.00777685  -0.00000000
 -0.00777685  -0.00000000     0.00000000   0.01582847     0.00000000   0.02861935
 -0.00943301   0.00000000    -0.00000000   0.04078594     0.00000000   0.01582847
    4    7
 -0.01431484  -0.00000000    -0.00000000   0.00943301     0.00000000  -0.00777685
 -0.00000000   0.00777685    -0.01582847  -0.00000000     0.02861935   0.00000000
  0.00000000  -0.00943301     0.04078594   0.00000000    -0.01582847  -0.00000000
    5    1
  0.00000000  -0.00000000     0.00000000   0.00897423     0.00000000   0.00000000
 -0.00000000  -0.00790461    -0.00000000   0.00000000     0.00790461  -0.00000000
  0.00000000   0.00000000    -0.00897423   0.00000000    -0.00000000  -0.00000000
    5    2
 -0.01582847   0.00000000     0.04078594   0.00000000    -0.00000000  -0.00943301
  0.02861935  -0.00000000    -0.01582847  -0.00000000    -0.00000000   0.00777685
 -0.00000000  -0.00777685    -0.00000000   0.00943301    -0.01431484   0.00000000
    5    3
  0.00000000   0.01582847    -0.00000000   0.04078594    -0.00943301   0.00000000
  0.00000000   0.02861935     0.00000000   0.01582847    -0.00777685  -0.00000000
 -0.00777685  -0.00000000    -0.00943301   0.00000000    -0.00000000   0.01431484
    5    4
  0.00000000   0.02625129     0.00000000   0.00000000    -0.00756586   0.00000000
  0.00000000   0.00000000    -0.00000000  -0.00000000     0.00000000  -0.00000000
 -0.00756586   0.00000000     0.00000000  -0.00000000    -0.00000000  -0.02625129
    5    5
  0.05878095   0.00000000     0.00000000  -0.00000000     0.00000000   0.00180868
  0.00000000  -0.00000000     0.06559353   0.00000000     0.00000000  -0.00000000
  0.00000000  -0.00180868     0.00000000   0.00000000     0.05878095  -0.00000000
    5    6
 -0.01431484   0.00000000    -0.00000000  -0.00943301     0.00000000   0.00777685
 -0.00000000  -0.00777685    -0.01582847  -0.00000000     0.02861935  -0.00000000
  0.00000000   0.00943301     0.04078594  -0.00000000    -0.01582847   0.00000000
    5    7
 -0.00000000  -0.01431484    -0.00943301  -0.00000000    -0.00777685   0.00000000
 -0.00777685   0.00000000     0.00000000  -0.01582847     0.00000000  -0.02861935
 -0.00943301  -0.00000000    -0.00000000  -0.04078594     0.00000000  -0.01582847
    6    1
 -0.00000000  -0.00000000     0.00000000  -0.00000000     0.00000000   0.00897423
  0.00000000   0.00000000    -0.00000000  -0.00000000    -0.00897423   0.00000000
 -0.00000000  -0.00790461     0.00790461  -0.00000000     0.00000000   0.00000000
    6    2
  0.00000000   0.01582847    -0.00943301   0.00000000    -0.00000000   0.04078594
 -0.00777685  -0.00000000    -0.00000000   0.01431484    -0.00943301   0.00000000
  0.00000000   0.02861935    -0.00777685  -0.00000000     0.00000000   0.01582847
    6    3
 -0.01582847   0.00000000    -0.00000000  -0.00943301     0.04078594  -0.00000000
 -0.00000000  -0.00777685    -0.01431484   0.00000000    -0.00000000   0.00943301
  0.02861935  -0.00000000    -0.00000000   0.00777685    -0.01582847   0.00000000
    6    4
 -0.00000000  -0.01431484    -0.00777685   0.00000000    -0.00943301  -0.00000000
 -0.00943301  -0.00000000     0.00000000  -0.01582847    -0.00000000  -0.04078594
 -0.00777685   0.00000000     0.00000000  -0.02861935     0.00000000  -0.01582847
    6    5
 -0.01431484   0.00000000    -0.00000000   0.00777685    -0.00000000  -0.00943301
 -0.00000000   0.00943301    -0.01582847   0.00000000     0.04078594   0.00000000
 -0.00000000  -0.00777685     0.02861935   0.00000000    -0.01582847   0.00000000
    6    6
  0.05878095  -0.00000000    -0.00000000   0.00180868    -0.00000000  -0.00000000
 -0.00000000  -0.00180868     0.05878095   0.00000000    -0.00000000  -0.00000000
 -0.00000000   0.00000000    -0.00000000   0.00000000     0.06559353  -0.00000000
    6    7
  0.00000000   0.02625129    -0.00756586   0.00000000     0.00000000   0.00000000
 -0.00756586   0.00000000    -0.00000000  -0.02625129     0.00000000  -0.00000000
  0.00000000   0.00000000     0.00000000  -0.00000000    -0.00000000  -0.00000000
    7    1
 -0.00000000  -0.00000000     0.00000000  -0.00000000    -0.00897423   0.00000000
  0.00000000  -0.00000000    -0.00000000  -0.00000000     0.00000000   0.00897423
  0.00790461  -0.00000000    -0.00000000  -0.00790461    -0.00000000   0.00000000
    7    2
 -0.01582847   0.00000000    -0.00000000   0.00943301     0.04078594   0.00000000
 -0.00000000   0.00777685    -0.01431484   0.00000000    -0.00000000  -0.00943301
  0.02861935   0.00000000     0.00000000  -0.00777685    -0.01582847   0.00000000
    7    3
  0.00000000  -0.01582847    -0.00943301  -0.00000000    -0.00000000  -0.04078594
 -0.00777685   0.00000000    -0.00000000  -0.01431484    -0.00943301  -0.00000000
  0.00000000  -0.02861935    -0.00777685   0.00000000     0.00000000  -0.01582847
    7    4
 -0.01431484   0.00000000    -0.00000000  -0.00777685    -0.00000000   0.00943301
 -0.00000000  -0.00943301    -0.01582847   0.00000000     0.04078594  -0.00000000
  0.00000000   0.00777685     0.02861935  -0.00000000    -0.01582847   0.00000000
    7    5
 -0.00000000   0.01431484    -0.00777685  -0.00000000    -0.00943301   0.00000000
 -0.00943301   0.00000000     0.00000000   0.01582847    -0.00000000   0.04078594
 -0.00777685  -0.00000000     0.00000000   0.02861935     0.00000000   0.01582847
    7    6
  0.00000000  -0.02625129    -0.00756586  -0.00000000     0.00000000  -0.00000000
 -0.00756586  -0.00000000    -0.00000000   0.02625129     0.00000000   0.00000000
  0.00000000  -0.00000000     0.00000000   0.00000000    -0.00000000   0.00000000
    7    7
  0.05878095   0.00000000    -0.00000000  -0.00180868    -0.00000000   0.00000000
 -0.00000000   0.00180868     0.05878095  -0.00000000    -0.00000000   0.00000000
 -0.00000000   0.00000000    -0.00000000   0.00000000     0.06559353   0.00000000

     Dynamical  Matrix in cartesian axes

     q = (   -0.433012700  -0.433012700  -0.433012700 ) 

    1    1
  0.06654315   0.00000000    -0.00000000   0.00000000     0.00000000   0.00000000
 -0.00000000   0.00000000     0.06654315   0.00000000    -0.00000000   0.00000000
 -0.00000000   0.00000000    -0.00000000   0.00000000     0.06654315   0.00000000
    1    2
 -0.00000000   0.00000000     0.00000000   0.00897423    -0.00897423   0.00000000
 -0.00000000  -0.00790461     0.00000000  -0.00000000    -0.00000000  -0.00000000
  0.00790461  -0.00000000    -0.00000000  -0.00000000     0.00000000  -0.00000000
    1    3
 -0.00000000  -0.00000000    -0.00897423  -0.00000000     0.00000000   0.00897423
  0.00790461  -0.00000000     0.00000000  -0.00000000     0.00000000  -0.00000000
 -0.00000000  -0.00790461    -0.00000000  -0.00000000     0.00000000  -0.00000000
    1    4
  0.00000000   0.00000000     0.00790461   0.00000000     0.00000000  -0.00000000
 -0.00897423  -0.00000000    -0.00000000  -0.00000000     0.00000000   0.00897423
 -0.00000000  -0.00000000     0.00000000  -0.00790461     0.00000000   0.00000000
    1    5
  0.00000000  -0.00000000    -0.00000000  -0.00790461    -0.00000000  -0.00000000
  0.00000000   0.00897423    -0.00000000  -0.00000000    -0.00897423   0.00000000
 -0.00000000  -0.00000000     0.00790461  -0.00000000     0.00000000   0.00000000
    1    6
  0.00000000  -0.00000000    -0.00000000  -0.00000000    -0.00000000  -0.00790461
 -0.00000000  -0.00000000     0.00000000  -0.00000000     0.00790461  -0.00000000
  0.00000000   0.00897423    -0.00897423   0.00000000    -0.00000000  -0.00000000
    1    7
  0.00000000  -0.00000000     0.00000000  -0.00000000     0.00790461  -0.00000000
 -0.00000000  -0.00000000     0.00000000   0.00000000    -0.00000000  -0.00790461
 -0.00897423   0.00000000     0.00000000   0.00897423    -0.00000000  -0.00000000
    2    1
 -0.00000000  -0.00000000    -0.00000000   0.00790461     0.00790461   0.00000000
  0.00000000  -0.00897423     0.00000000   0.00000000    -0.00000000   0.00000000
 -0.00897423  -0.00000000     0.00000000   0.00000000     0.00000000  -0.00000000
    2    2
  0.06559353   0.00000000     0.00000000  -0.00000000    -0.00000000  -0.00000000
 -0.00000000   0.00000000     0.05878095  -0.00000000    -0.00000000  -0.00180868
 -0.00000000  -0.00000000    -0.00000000   0.00180868     0.05878095  -0.00000000
    2    3
 -0.00000000  -0.00000000     0.00000000  -0.00000000     0.00000000   0.00000000
  0.00000000  -0.00000000     0.00000000  -0.02625129    -0.00756586  -0.00000000
  0.00000000   0.00000000    -0.00756586  -0.00000000    -0.00000000   0.02625129
    2    4
  0.00000000  -0.01582847     0.00000000  -0.02861935    -0.00777685   0.00000000
 -0.00000000  -0.04078594     0.00000000  -0.01582847    -0.00943301  -0.00000000
 -0.00943301  -0.00000000    -0.00777685   0.00000000    -0.00000000  -0.01431484
    2    5
 -0.01582847   0.00000000     0.02861935   0.00000000    -0.00000000  -0.00777685
  0.04078594   0.00000000    -0.01582847  -0.00000000     0.00000000   0.00943301
  0.00000000  -0.00943301    -0.00000000   0.00777685    -0.01431484   0.00000000
    2    6
  0.00000000   0.01582847    -0.00777685  -0.00000000     0.00000000   0.02861935
 -0.00943301   0.00000000    -0.00000000   0.01431484    -0.00777685  -0.00000000
 -0.00000000   0.04078594    -0.00943301   0.00000000     0.00000000   0.01582847
    2    7
 -0.01582847  -0.00000000    -0.00000000   0.00777685     0.02861935   0.00000000
 -0.00000000   0.00943301    -0.01431484  -0.00000000     0.00000000  -0.00777685
  0.04078594   0.00000000     0.00000000  -0.00943301    -0.01582847  -0.00000000
    3    1
 -0.00000000   0.00000000     0.00790461   0.00000000    -0.00000000   0.00790461
 -0.00897423   0.00000000     0.00000000  -0.00000000     0.00000000   0.00000000
  0.00000000  -0.00897423     0.00000000   0.00000000     0.00000000   0.00000000
    3    2
 -0.00000000   0.00000000     0.00000000   0.00000000     0.00000000  -0.00000000
  0.00000000   0.00000000     0.00000000   0.02625129    -0.00756586   0.00000000
  0.00000000  -0.00000000    -0.00756586   0.00000000    -0.00000000  -0.02625129
    3    3
  0.06559353  -0.00000000     0.00000000   0.00000000    -0.00000000   0.00000000
 -0.00000000  -0.00000000     0.05878095   0.00000000    -0.00000000   0.00180868
 -0.00000000   0.00000000    -0.00000000  -0.00180868     0.05878095   0.00000000
    3    4
 -0.01582847  -0.00000000     0.02861935   0.00000000    -0.00000000   0.00777685
  0.04078594   0.00000000    -0.01582847  -0.00000000     0.00000000  -0.00943301
  0.00000000   0.00943301    -0.00000000  -0.00777685    -0.01431484  -0.00000000
    3    5
  0.00000000   0.01582847     0.00000000   0.02861935    -0.00777685  -0.00000000
 -0.00000000   0.04078594     0.00000000   0.01582847    -0.00943301   0.00000000
 -0.00943301   0.00000000    -0.00777685  -0.00000000    -0.00000000   0.01431484
    3    6
 -0.01582847   0.00000000    -0.00000000  -0.00777685     0.02861935  -0.00000000
 -0.00000000  -0.00943301    -0.01431484   0.00000000    -0.00000000   0.00777685
  0.04078594  -0.00000000    -0.00000000   0.00943301    -0.01582847   0.00000000
    3    7
  0.00000000  -0.01582847    -0.00777685   0.00000000     0.00000000  -0.02861935
 -0.00943301  -0.00000000    -0.00000000  -0.01431484    -0.00777685   0.00000000
 -0.00000000  -0.04078594    -0.00943301  -0.00000000     0.00000000  -0.01582847
    4    1
  0.00000000  -0.00000000    -0.00897423   0.00000000     0.00000000   0.00000000
  0.00790461  -0.00000000    -0.00000000  -0.00000000     0.00000000   0.00790461
  0.00000000   0.00000000    -0.00000000  -0.00897423     0.00000000   0.00000000
    4    2
  0.00000000   0.01582847    -0.00000000   0.04078594    -0.00943301   0.00000000
  0.00000000   0.02861935     0.00000000   0.01582847    -0.00777685  -0.00000000
 -0.00777685  -0.00000000    -0.00943301   0.00000000    -0.00000000   0.01431484
    4    3
 -0.01582847   0.00000000     0.04078594  -0.00000000     0.00000000  -0.00943301
  0.02861935  -0.00000000    -0.01582847   0.00000000    -0.00000000   0.00777685
 -0.00000000  -0.00777685     0.00000000   0.00943301    -0.01431484   0.00000000
    4    4
  0.05878095   0.00000000     0.00000000  -0.00000000    -0.00000000   0.00180868
  0.00000000   0.00000000     0.06559353   0.00000000    -0.00000000   0.00000000
 -0.00000000  -0.00180868    -0.00000000  -0.00000000     0.05878095  -0.00000000
    4    5
  0.00000000   0.02625129     0.00000000   0.00000000    -0.00756586   0.00000000
  0.00000000   0.00000000    -0.00000000   0.00000000     0.00000000  -0.00000000
 -0.00756586   0.00000000     0.00000000  -0.00000000    -0.00000000  -0.02625129
    4    6
 -0.00000000  -0.01431484    -0.00943301  -0.00000000    -0.00777685   0.00000000
 -0.00777685   0.00000000     0.00000000  -0.01582847     0.00000000  -0.02861935
 -0.00943301  -0.00000000    -0.00000000  -0.04078594     0.00000000  -0.01582847
    4    7
 -0.01431484   0.00000000     0.00000000  -0.00943301     0.00000000   0.00777685
 -0.00000000  -0.00777685    -0.01582847   0.00000000     0.02861935  -0.00000000
  0.00000000   0.00943301     0.04078594  -0.00000000    -0.01582847   0.00000000
    5    1
  0.00000000   0.00000000     0.00000000  -0.00897423    -0.00000000   0.00000000
 -0.00000000   0.00790461    -0.00000000  -0.00000000     0.00790461   0.00000000
 -0.00000000   0.00000000    -0.00897423  -0.00000000     0.00000000   0.00000000
    5    2
 -0.01582847  -0.00000000     0.04078594  -0.00000000     0.00000000   0.00943301
  0.02861935   0.00000000    -0.01582847   0.00000000     0.00000000  -0.00777685
 -0.00000000   0.00777685     0.00000000  -0.00943301    -0.01431484   0.00000000
    5    3
  0.00000000  -0.01582847    -0.00000000  -0.04078594    -0.00943301  -0.00000000
  0.00000000  -0.02861935     0.00000000  -0.01582847    -0.00777685   0.00000000
 -0.00777685   0.00000000    -0.00943301  -0.00000000    -0.00000000  -0.01431484
    5    4
  0.00000000  -0.02625129     0.00000000  -0.00000000    -0.00756586  -0.00000000
  0.00000000  -0.00000000    -0.00000000  -0.00000000     0.00000000   0.00000000
 -0.00756586  -0.00000000     0.00000000   0.00000000    -0.00000000   0.02625129
    5    5
  0.05878095  -0.00000000     0.00000000   0.00000000    -0.00000000  -0.00180868
  0.00000000  -0.00000000     0.06559353  -0.00000000    -0.00000000  -0.00000000
 -0.00000000   0.00180868    -0.00000000   0.00000000     0.05878095   0.00000000
    5    6
 -0.01431484  -0.00000000    -0.00000000   0.00943301     0.00000000  -0.00777685
 -0.00000000   0.00777685    -0.01582847  -0.00000000     0.02861935   0.00000000
  0.00000000  -0.00943301     0.04078594   0.00000000    -0.01582847   0.00000000
    5    7
 -0.00000000   0.01431484    -0.00943301   0.00000000    -0.00777685  -0.00000000
 -0.00777685  -0.00000000     0.00000000   0.01582847     0.00000000   0.02861935
 -0.00943301   0.00000000    -0.00000000   0.04078594     0.00000000   0.01582847
    6    1
  0.00000000  -0.00000000    -0.00000000   0.00000000     0.00000000  -0.00897423
  0.00000000   0.00000000     0.00000000   0.00000000    -0.00897423  -0.00000000
 -0.00000000   0.00790461     0.00790461   0.00000000    -0.00000000  -0.00000000
    6    2
  0.00000000  -0.01582847    -0.00943301  -0.00000000    -0.00000000  -0.04078594
 -0.00777685   0.00000000    -0.00000000  -0.01431484    -0.00943301  -0.00000000
  0.00000000  -0.02861935    -0.00777685   0.00000000     0.00000000  -0.01582847
    6    3
 -0.01582847  -0.00000000    -0.00000000   0.00943301     0.04078594   0.00000000
 -0.00000000   0.00777685    -0.01431484   0.00000000    -0.00000000  -0.00943301
  0.02861935   0.00000000    -0.00000000  -0.00777685    -0.01582847  -0.00000000
    6    4
 -0.00000000   0.01431484    -0.00777685  -0.00000000    -0.00943301   0.00000000
 -0.00943301   0.00000000     0.00000000   0.01582847    -0.00000000   0.04078594
 -0.00777685  -0.00000000     0.00000000   0.02861935     0.00000000   0.01582847
    6    5
 -0.01431484   0.00000000    -0.00000000  -0.00777685     0.00000000   0.00943301
  0.00000000  -0.00943301    -0.01582847   0.00000000     0.04078594  -0.00000000
  0.00000000   0.00777685     0.02861935  -0.00000000    -0.01582847   0.00000000
    6    6
  0.05878095   0.00000000     0.00000000  -0.00180868    -0.00000000   0.00000000
  0.00000000   0.00180868     0.05878095  -0.00000000    -0.00000000   0.00000000
 -0.00000000  -0.00000000    -0.00000000  -0.00000000     0.06559353  -0.00000000
    6    7
  0.00000000  -0.02625129    -0.00756586   0.00000000     0.00000000  -0.00000000
 -0.00756586  -0.00000000    -0.00000000   0.02625129     0.00000000   0.00000000
  0.00000000  -0.00000000     0.00000000   0.00000000    -0.00000000   0.00000000
    7    1
  0.00000000   0.00000000     0.00000000   0.00000000    -0.00897423  -0.00000000
 -0.00000000   0.00000000     0.00000000   0.00000000     0.00000000  -0.00897423
  0.00790461   0.00000000    -0.00000000   0.00790461    -0.00000000   0.00000000
    7    2
 -0.01582847   0.00000000    -0.00000000  -0.00943301     0.04078594  -0.00000000
 -0.00000000  -0.00777685    -0.01431484   0.00000000    -0.00000000   0.00943301
  0.02861935  -0.00000000    -0.00000000   0.00777685    -0.01582847   0.00000000
    7    3
  0.00000000   0.01582847    -0.00943301   0.00000000    -0.00000000   0.04078594
 -0.00777685  -0.00000000    -0.00000000   0.01431484    -0.00943301   0.00000000
  0.00000000   0.02861935    -0.00777685  -0.00000000     0.00000000   0.01582847
    7    4
 -0.01431484  -0.00000000    -0.00000000   0.00777685     0.00000000  -0.00943301
  0.00000000   0.00943301    -0.01582847  -0.00000000     0.04078594   0.00000000
  0.00000000  -0.00777685     0.02861935   0.00000000    -0.01582847  -0.00000000
    7    5
 -0.00000000  -0.01431484    -0.00777685   0.00000000    -0.00943301  -0.00000000
 -0.00943301  -0.00000000     0.00000000  -0.01582847    -0.00000000  -0.04078594
 -0.00777685   0.00000000     0.00000000  -0.02861935     0.00000000  -0.01582847
    7    6
  0.00000000   0.02625129    -0.00756586  -0.00000000     0.00000000   0.00000000
 -0.00756586   0.00000000    -0.00000000  -0.02625129     0.00000000  -0.00000000
  0.00000000   0.00000000     0.00000000  -0.00000000    -0.00000000  -0.00000000
    7    7
  0.05878095  -0.00000000     0.00000000   0.00180868    -0.00000000  -0.00000000
  0.00000000  -0.00180868     0.05878095   0.00000000    -0.00000000  -0.00000000
 -0.00000000   0.00000000    -0.00000000   0.00000000     0.06559353   0.00000000
