  1.000000000000000E-002   1.26045764302382        2.13065582614097     
          12

     Dynamical  Matrix in cartesian axes

     q = (    0.324759526   0.324759526   0.000000000 ) 

    1    1
  0.07295853   0.00000000     0.04276438   0.00000000    -0.00000000   0.00000000
  0.04276438   0.00000000     0.07295853   0.00000000    -0.00000000   0.00000000
 -0.00000000   0.00000000    -0.00000000   0.00000000     0.03436024   0.00000000
    1    2
  0.00122809  -0.00478052     0.00767489   0.01343105     0.00000000   0.00000000
  0.00168070   0.00147936     0.00626319   0.01987202     0.00000000  -0.00000000
  0.00000000   0.00000000     0.00000000   0.00000000    -0.01314260  -0.00889977
    1    3
  0.00251195  -0.00424873    -0.01492415   0.00407022    -0.00000000  -0.00000000
 -0.00223450  -0.00014237    -0.01848039   0.00962289    -0.00000000   0.00000000
 -0.00000000  -0.00000000    -0.00000000   0.00000000     0.01558631   0.00300013
    1    4
 -0.01848039   0.00962289    -0.00223450  -0.00014237    -0.00000000  -0.00000000
 -0.01492415   0.00407022     0.00251195  -0.00424873    -0.00000000  -0.00000000
 -0.00000000  -0.00000000    -0.00000000  -0.00000000     0.01558631   0.00300013
    1    5
  0.00626319   0.01987202     0.00168070   0.00147936     0.00000000   0.00000000
  0.00767489   0.01343105     0.00122809  -0.00478052     0.00000000   0.00000000
  0.00000000   0.00000000     0.00000000   0.00000000    -0.01314260  -0.00889977
    1    6
  0.00037631  -0.00090849     0.00322056  -0.00777512     0.00428495   0.00177488
  0.00322056  -0.00777512     0.00037631  -0.00090849    -0.00428495  -0.00177488
  0.01607060   0.00665666    -0.01607060  -0.00665666     0.00136313  -0.00329090
    1    7
  0.00037631  -0.00090849     0.00322056  -0.00777512    -0.00428495  -0.00177488
  0.00322056  -0.00777512     0.00037631  -0.00090849     0.00428495   0.00177488
 -0.01607060  -0.00665666     0.01607060   0.00665666     0.00136313  -0.00329090
    2    1
  0.00122809   0.00478052     0.00168070  -0.00147936     0.00000000  -0.00000000
  0.00767489  -0.01343105     0.00626319  -0.01987202     0.00000000  -0.00000000
  0.00000000  -0.00000000     0.00000000  -0.00000000    -0.01314260   0.00889977
    2    2
  0.03637023   0.00000000     0.00824800  -0.00443335    -0.00000000   0.00000000
  0.00824800   0.00443335     0.06116604  -0.00000000    -0.00000000   0.00000000
 -0.00000000   0.00000000     0.00000000   0.00000000     0.03567853  -0.00000000
    2    3
  0.00365274  -0.02276475     0.00796567  -0.00504380     0.00000000   0.00000000
  0.00796567  -0.00504380     0.01055254   0.04186854     0.00000000   0.00000000
  0.00000000   0.00000000     0.00000000   0.00000000    -0.02872573   0.00910816
    2    4
  0.01637472   0.00969589     0.00672976   0.00839240    -0.00000000   0.00000000
  0.01748371   0.04794484     0.01637472   0.00969589    -0.00000000   0.00000000
 -0.00000000   0.00000000    -0.00000000   0.00000000     0.01320723   0.00003222
    2    5
 -0.01053324  -0.01085434    -0.00001982   0.00000000     0.00000000   0.00000000
  0.04831967   0.00000000    -0.01053324   0.01085434     0.00000000   0.00000000
 -0.00000000   0.00000000     0.00000000   0.00000000    -0.01390612  -0.00000000
    2    6
 -0.01109603   0.00861668     0.00093719  -0.00063823    -0.00267834  -0.00149769
 -0.00470841  -0.00292080    -0.00046271  -0.00916770    -0.00159643   0.00064454
 -0.03316404   0.00503985    -0.01443780   0.00040032    -0.00146593  -0.00019669
    2    7
 -0.01109603   0.00861668     0.00093719  -0.00063823     0.00267834   0.00149769
 -0.00470841  -0.00292080    -0.00046271  -0.00916770     0.00159643  -0.00064454
  0.03316404  -0.00503985     0.01443780  -0.00040032    -0.00146593  -0.00019669
    3    1
  0.00251195   0.00424873    -0.00223450   0.00014237    -0.00000000   0.00000000
 -0.01492415  -0.00407022    -0.01848039  -0.00962289    -0.00000000   0.00000000
 -0.00000000   0.00000000    -0.00000000   0.00000000     0.01558631  -0.00300013
    3    2
  0.00365274   0.02276475     0.00796567   0.00504380     0.00000000  -0.00000000
  0.00796567   0.00504380     0.01055254  -0.04186854     0.00000000  -0.00000000
  0.00000000   0.00000000     0.00000000   0.00000000    -0.02872573  -0.00910816
    3    3
  0.03637023  -0.00000000     0.00824800   0.00443335    -0.00000000   0.00000000
  0.00824800  -0.00443335     0.06116604   0.00000000     0.00000000   0.00000000
 -0.00000000   0.00000000    -0.00000000   0.00000000     0.03567853   0.00000000
    3    4
 -0.01053324   0.01085434    -0.00001982   0.00000000     0.00000000   0.00000000
  0.04831967  -0.00000000    -0.01053324  -0.01085434     0.00000000   0.00000000
  0.00000000   0.00000000     0.00000000   0.00000000    -0.01390612   0.00000000
    3    5
  0.01637472  -0.00969589     0.00672976  -0.00839240    -0.00000000  -0.00000000
  0.01748371  -0.04794484     0.01637472  -0.00969589    -0.00000000  -0.00000000
 -0.00000000  -0.00000000    -0.00000000  -0.00000000     0.01320723  -0.00003222
    3    6
 -0.01109603  -0.00861668     0.00093719   0.00063823     0.00267834  -0.00149769
 -0.00470841   0.00292080    -0.00046271   0.00916770     0.00159643   0.00064454
  0.03316404   0.00503985     0.01443780   0.00040032    -0.00146593   0.00019669
    3    7
 -0.01109603  -0.00861668     0.00093719   0.00063823    -0.00267834   0.00149769
 -0.00470841   0.00292080    -0.00046271   0.00916770    -0.00159643  -0.00064454
 -0.03316404  -0.00503985    -0.01443780  -0.00040032    -0.00146593   0.00019669
    4    1
 -0.01848039  -0.00962289    -0.01492415  -0.00407022    -0.00000000   0.00000000
 -0.00223450   0.00014237     0.00251195   0.00424873    -0.00000000   0.00000000
 -0.00000000   0.00000000    -0.00000000   0.00000000     0.01558631  -0.00300013
    4    2
  0.01637472  -0.00969589     0.01748371  -0.04794484    -0.00000000   0.00000000
  0.00672976  -0.00839240     0.01637472  -0.00969589    -0.00000000   0.00000000
 -0.00000000   0.00000000    -0.00000000   0.00000000     0.01320723  -0.00003222
    4    3
 -0.01053324  -0.01085434     0.04831967   0.00000000     0.00000000  -0.00000000
 -0.00001982   0.00000000    -0.01053324   0.01085434     0.00000000  -0.00000000
  0.00000000   0.00000000     0.00000000   0.00000000    -0.01390612   0.00000000
    4    4
  0.06116604   0.00000000     0.00824800  -0.00443335    -0.00000000   0.00000000
  0.00824800   0.00443335     0.03637023  -0.00000000    -0.00000000   0.00000000
 -0.00000000   0.00000000    -0.00000000   0.00000000     0.03567853   0.00000000
    4    5
  0.01055254  -0.04186854     0.00796567   0.00504380     0.00000000   0.00000000
  0.00796567   0.00504380     0.00365274   0.02276475     0.00000000   0.00000000
  0.00000000   0.00000000     0.00000000   0.00000000    -0.02872573  -0.00910816
    4    6
 -0.00046271   0.00916770    -0.00470841   0.00292080    -0.00159643  -0.00064454
  0.00093719   0.00063823    -0.01109603  -0.00861668    -0.00267834   0.00149769
 -0.01443780  -0.00040032    -0.03316404  -0.00503985    -0.00146593   0.00019669
    4    7
 -0.00046271   0.00916770    -0.00470841   0.00292080     0.00159643   0.00064454
  0.00093719   0.00063823    -0.01109603  -0.00861668     0.00267834  -0.00149769
  0.01443780   0.00040032     0.03316404   0.00503985    -0.00146593   0.00019669
    5    1
  0.00626319  -0.01987202     0.00767489  -0.01343105     0.00000000  -0.00000000
  0.00168070  -0.00147936     0.00122809   0.00478052     0.00000000  -0.00000000
  0.00000000  -0.00000000     0.00000000   0.00000000    -0.01314260   0.00889977
    5    2
 -0.01053324   0.01085434     0.04831967  -0.00000000    -0.00000000  -0.00000000
 -0.00001982  -0.00000000    -0.01053324  -0.01085434     0.00000000  -0.00000000
 -0.00000000   0.00000000     0.00000000   0.00000000    -0.01390612  -0.00000000
    5    3
  0.01637472   0.00969589     0.01748371   0.04794484    -0.00000000   0.00000000
  0.00672976   0.00839240     0.01637472   0.00969589    -0.00000000   0.00000000
 -0.00000000   0.00000000    -0.00000000   0.00000000     0.01320723   0.00003222
    5    4
  0.01055254   0.04186854     0.00796567  -0.00504380     0.00000000   0.00000000
  0.00796567  -0.00504380     0.00365274  -0.02276475     0.00000000  -0.00000000
  0.00000000  -0.00000000     0.00000000  -0.00000000    -0.02872573   0.00910816
    5    5
  0.06116604  -0.00000000     0.00824800   0.00443335    -0.00000000   0.00000000
  0.00824800  -0.00443335     0.03637023  -0.00000000    -0.00000000   0.00000000
 -0.00000000  -0.00000000    -0.00000000  -0.00000000     0.03567853  -0.00000000
    5    6
 -0.00046271  -0.00916770    -0.00470841  -0.00292080     0.00159643  -0.00064454
  0.00093719  -0.00063823    -0.01109603   0.00861668     0.00267834   0.00149769
  0.01443780  -0.00040032     0.03316404  -0.00503985    -0.00146593  -0.00019669
    5    7
 -0.00046271  -0.00916770    -0.00470841  -0.00292080    -0.00159643   0.00064454
  0.00093719  -0.00063823    -0.01109603   0.00861668    -0.00267834  -0.00149769
 -0.01443780   0.00040032    -0.03316404   0.00503985    -0.00146593  -0.00019669
    6    1
  0.00037631   0.00090849     0.00322056   0.00777512     0.01607060  -0.00665666
  0.00322056   0.00777512     0.00037631   0.00090849    -0.01607060   0.00665666
  0.00428495  -0.00177488    -0.00428495   0.00177488     0.00136313   0.00329090
    6    2
 -0.01109603  -0.00861668    -0.00470841   0.00292080    -0.03316404  -0.00503985
  0.00093719   0.00063823    -0.00046271   0.00916770    -0.01443780  -0.00040032
 -0.00267834   0.00149769    -0.00159643  -0.00064454    -0.00146593   0.00019669
    6    3
 -0.01109603   0.00861668    -0.00470841  -0.00292080     0.03316404  -0.00503985
  0.00093719  -0.00063823    -0.00046271  -0.00916770     0.01443780  -0.00040032
  0.00267834   0.00149769     0.00159643  -0.00064454    -0.00146593  -0.00019669
    6    4
 -0.00046271  -0.00916770     0.00093719  -0.00063823    -0.01443780   0.00040032
 -0.00470841  -0.00292080    -0.01109603   0.00861668    -0.03316404   0.00503985
 -0.00159643   0.00064454    -0.00267834  -0.00149769    -0.00146593  -0.00019669
    6    5
 -0.00046271   0.00916770     0.00093719   0.00063823     0.01443780   0.00040032
 -0.00470841   0.00292080    -0.01109603  -0.00861668     0.03316404   0.00503985
  0.00159643   0.00064454     0.00267834  -0.00149769    -0.00146593   0.00019669
    6    6
  0.04863894   0.00000000     0.01795156  -0.00000000     0.00000000  -0.00027018
  0.01795156  -0.00000000     0.04863894  -0.00000000    -0.00000000   0.00027018
 -0.00000000   0.00027018    -0.00000000  -0.00027018     0.00777665  -0.00000000
    6    7
 -0.02490977   0.00000000    -0.01508662   0.00000000    -0.00000000  -0.00149119
 -0.01508662   0.00000000    -0.02490977  -0.00000000    -0.00000000   0.00149119
 -0.00000000  -0.00149119    -0.00000000   0.00149119     0.00116185   0.00000000
    7    1
  0.00037631   0.00090849     0.00322056   0.00777512    -0.01607060   0.00665666
  0.00322056   0.00777512     0.00037631   0.00090849     0.01607060  -0.00665666
 -0.00428495   0.00177488     0.00428495  -0.00177488     0.00136313   0.00329090
    7    2
 -0.01109603  -0.00861668    -0.00470841   0.00292080     0.03316404   0.00503985
  0.00093719   0.00063823    -0.00046271   0.00916770     0.01443780   0.00040032
  0.00267834  -0.00149769     0.00159643   0.00064454    -0.00146593   0.00019669
    7    3
 -0.01109603   0.00861668    -0.00470841  -0.00292080    -0.03316404   0.00503985
  0.00093719  -0.00063823    -0.00046271  -0.00916770    -0.01443780   0.00040032
 -0.00267834  -0.00149769    -0.00159643   0.00064454    -0.00146593  -0.00019669
    7    4
 -0.00046271  -0.00916770     0.00093719  -0.00063823     0.01443780  -0.00040032
 -0.00470841  -0.00292080    -0.01109603   0.00861668     0.03316404  -0.00503985
  0.00159643  -0.00064454     0.00267834   0.00149769    -0.00146593  -0.00019669
    7    5
 -0.00046271   0.00916770     0.00093719   0.00063823    -0.01443780  -0.00040032
 -0.00470841   0.00292080    -0.01109603  -0.00861668    -0.03316404  -0.00503985
 -0.00159643  -0.00064454    -0.00267834   0.00149769    -0.00146593   0.00019669
    7    6
 -0.02490977  -0.00000000    -0.01508662   0.00000000    -0.00000000   0.00149119
 -0.01508662   0.00000000    -0.02490977   0.00000000    -0.00000000  -0.00149119
 -0.00000000   0.00149119    -0.00000000  -0.00149119     0.00116185   0.00000000
    7    7
  0.04863894  -0.00000000     0.01795156   0.00000000     0.00000000   0.00027018
  0.01795156   0.00000000     0.04863894   0.00000000    -0.00000000  -0.00027018
 -0.00000000  -0.00027018    -0.00000000   0.00027018     0.00777665   0.00000000

     Dynamical  Matrix in cartesian axes

     q = (    0.324759526  -0.324759526   0.000000000 ) 

    1    1
  0.07295853   0.00000000    -0.04276438   0.00000000     0.00000000   0.00000000
 -0.04276438   0.00000000     0.07295853   0.00000000    -0.00000000   0.00000000
 -0.00000000   0.00000000     0.00000000   0.00000000     0.03436024   0.00000000
    1    2
  0.00122809  -0.00478052    -0.00767489  -0.01343105     0.00000000   0.00000000
 -0.00168070  -0.00147936     0.00626319   0.01987202     0.00000000   0.00000000
  0.00000000   0.00000000     0.00000000   0.00000000    -0.01314260  -0.00889977
    1    3
  0.00122809   0.00478052    -0.00767489   0.01343105     0.00000000  -0.00000000
 -0.00168070   0.00147936     0.00626319  -0.01987202     0.00000000  -0.00000000
  0.00000000  -0.00000000     0.00000000  -0.00000000    -0.01314260   0.00889977
    1    4
  0.00626319   0.01987202    -0.00168070  -0.00147936     0.00000000   0.00000000
 -0.00767489  -0.01343105     0.00122809  -0.00478052     0.00000000   0.00000000
  0.00000000   0.00000000     0.00000000   0.00000000    -0.01314260  -0.00889977
    1    5
  0.00626319  -0.01987202    -0.00168070   0.00147936     0.00000000   0.00000000
 -0.00767489   0.01343105     0.00122809   0.00478052     0.00000000  -0.00000000
  0.00000000   0.00000000     0.00000000   0.00000000    -0.01314260   0.00889977
    1    6
  0.00037631   0.00090849    -0.00322056  -0.00777512    -0.00428495   0.00177488
 -0.00322056  -0.00777512     0.00037631   0.00090849    -0.00428495   0.00177488
 -0.01607060   0.00665666    -0.01607060   0.00665666     0.00136313   0.00329090
    1    7
  0.00037631  -0.00090849    -0.00322056   0.00777512    -0.00428495  -0.00177488
 -0.00322056   0.00777512     0.00037631  -0.00090849    -0.00428495  -0.00177488
 -0.01607060  -0.00665666    -0.01607060  -0.00665666     0.00136313  -0.00329090
    2    1
  0.00122809   0.00478052    -0.00168070   0.00147936     0.00000000  -0.00000000
 -0.00767489   0.01343105     0.00626319  -0.01987202     0.00000000  -0.00000000
  0.00000000  -0.00000000     0.00000000  -0.00000000    -0.01314260   0.00889977
    2    2
  0.03637023   0.00000000    -0.00824800   0.00443335    -0.00000000   0.00000000
 -0.00824800  -0.00443335     0.06116604   0.00000000     0.00000000   0.00000000
 -0.00000000   0.00000000    -0.00000000   0.00000000     0.03567853  -0.00000000
    2    3
  0.01351423   0.01867998     0.00206608  -0.00919909    -0.00000000   0.00000000
  0.00206608  -0.00919909    -0.03706730  -0.02214375    -0.00000000   0.00000000
 -0.00000000   0.00000000    -0.00000000   0.00000000     0.01387172  -0.02675260
    2    4
 -0.01053324  -0.01085434     0.00001982   0.00000000     0.00000000   0.00000000
 -0.04831967  -0.00000000    -0.01053324   0.01085434     0.00000000   0.00000000
  0.00000000   0.00000000     0.00000000   0.00000000    -0.01390612  -0.00000000
    2    5
 -0.01843471   0.00472265     0.01069298   0.00117566    -0.00000000  -0.00000000
  0.04626497   0.02153928    -0.01843471   0.00472265     0.00000000  -0.00000000
 -0.00000000  -0.00000000     0.00000000  -0.00000000    -0.00936170   0.00931614
    2    6
  0.00175317  -0.01393900     0.00021140  -0.00111399     0.00295290  -0.00083484
 -0.00539467   0.00126403     0.00680973   0.00615536    -0.00067309   0.00158460
  0.01988680  -0.02701423    -0.00992600   0.01049213     0.00117565  -0.00089749
    2    7
 -0.01109603   0.00861668    -0.00093719   0.00063823     0.00267834   0.00149769
  0.00470841   0.00292080    -0.00046271  -0.00916770    -0.00159643   0.00064454
  0.03316404  -0.00503985    -0.01443780   0.00040032    -0.00146593  -0.00019669
    3    1
  0.00122809  -0.00478052    -0.00168070  -0.00147936     0.00000000   0.00000000
 -0.00767489  -0.01343105     0.00626319   0.01987202     0.00000000   0.00000000
  0.00000000   0.00000000     0.00000000   0.00000000    -0.01314260  -0.00889977
    3    2
  0.01351423  -0.01867998     0.00206608   0.00919909    -0.00000000  -0.00000000
  0.00206608   0.00919909    -0.03706730   0.02214375    -0.00000000  -0.00000000
 -0.00000000  -0.00000000    -0.00000000  -0.00000000     0.01387172   0.02675260
    3    3
  0.03637023  -0.00000000    -0.00824800  -0.00443335    -0.00000000   0.00000000
 -0.00824800   0.00443335     0.06116604   0.00000000    -0.00000000   0.00000000
 -0.00000000   0.00000000    -0.00000000   0.00000000     0.03567853   0.00000000
    3    4
 -0.01843471  -0.00472265     0.01069298  -0.00117566     0.00000000   0.00000000
  0.04626497  -0.02153928    -0.01843471  -0.00472265     0.00000000   0.00000000
 -0.00000000   0.00000000     0.00000000   0.00000000    -0.00936170  -0.00931614
    3    5
 -0.01053324   0.01085434     0.00001982   0.00000000     0.00000000   0.00000000
 -0.04831967  -0.00000000    -0.01053324  -0.01085434     0.00000000   0.00000000
  0.00000000   0.00000000     0.00000000   0.00000000    -0.01390612  -0.00000000
    3    6
 -0.01109603  -0.00861668    -0.00093719  -0.00063823     0.00267834  -0.00149769
  0.00470841  -0.00292080    -0.00046271   0.00916770    -0.00159643  -0.00064454
  0.03316404   0.00503985    -0.01443780  -0.00040032    -0.00146593   0.00019669
    3    7
  0.00175317   0.01393900     0.00021140   0.00111399     0.00295290   0.00083484
 -0.00539467  -0.00126403     0.00680973  -0.00615536    -0.00067309  -0.00158460
  0.01988680   0.02701423    -0.00992600  -0.01049213     0.00117565   0.00089749
    4    1
  0.00626319  -0.01987202    -0.00767489   0.01343105     0.00000000   0.00000000
 -0.00168070   0.00147936     0.00122809   0.00478052     0.00000000   0.00000000
  0.00000000   0.00000000     0.00000000  -0.00000000    -0.01314260   0.00889977
    4    2
 -0.01053324   0.01085434    -0.04831967   0.00000000     0.00000000  -0.00000000
  0.00001982   0.00000000    -0.01053324  -0.01085434     0.00000000  -0.00000000
  0.00000000   0.00000000     0.00000000   0.00000000    -0.01390612   0.00000000
    4    3
 -0.01843471   0.00472265     0.04626497   0.02153928     0.00000000   0.00000000
  0.01069298   0.00117566    -0.01843471   0.00472265     0.00000000  -0.00000000
  0.00000000  -0.00000000     0.00000000   0.00000000    -0.00936170   0.00931614
    4    4
  0.06116604   0.00000000    -0.00824800  -0.00443335     0.00000000   0.00000000
 -0.00824800   0.00443335     0.03637023   0.00000000     0.00000000   0.00000000
 -0.00000000   0.00000000    -0.00000000   0.00000000     0.03567853  -0.00000000
    4    5
 -0.03706730  -0.02214375     0.00206608  -0.00919909    -0.00000000   0.00000000
  0.00206608  -0.00919909     0.01351423   0.01867998    -0.00000000   0.00000000
  0.00000000   0.00000000    -0.00000000   0.00000000     0.01387172  -0.02675260
    4    6
  0.00680973   0.00615536    -0.00539467   0.00126403    -0.00067309   0.00158460
  0.00021140  -0.00111399     0.00175317  -0.01393900     0.00295290  -0.00083484
 -0.00992600   0.01049213     0.01988680  -0.02701423     0.00117565  -0.00089749
    4    7
 -0.00046271  -0.00916770     0.00470841   0.00292080    -0.00159643   0.00064454
 -0.00093719   0.00063823    -0.01109603   0.00861668     0.00267834   0.00149769
 -0.01443780   0.00040032     0.03316404  -0.00503985    -0.00146593  -0.00019669
    5    1
  0.00626319   0.01987202    -0.00767489  -0.01343105     0.00000000   0.00000000
 -0.00168070  -0.00147936     0.00122809  -0.00478052     0.00000000   0.00000000
  0.00000000   0.00000000     0.00000000   0.00000000    -0.01314260  -0.00889977
    5    2
 -0.01843471  -0.00472265     0.04626497  -0.02153928    -0.00000000   0.00000000
  0.01069298  -0.00117566    -0.01843471  -0.00472265     0.00000000   0.00000000
 -0.00000000   0.00000000    -0.00000000   0.00000000    -0.00936170  -0.00931614
    5    3
 -0.01053324  -0.01085434    -0.04831967   0.00000000     0.00000000   0.00000000
  0.00001982  -0.00000000    -0.01053324   0.01085434     0.00000000   0.00000000
  0.00000000   0.00000000     0.00000000   0.00000000    -0.01390612   0.00000000
    5    4
 -0.03706730   0.02214375     0.00206608   0.00919909    -0.00000000  -0.00000000
  0.00206608   0.00919909     0.01351423  -0.01867998    -0.00000000  -0.00000000
 -0.00000000  -0.00000000    -0.00000000  -0.00000000     0.01387172   0.02675260
    5    5
  0.06116604   0.00000000    -0.00824800   0.00443335    -0.00000000  -0.00000000
 -0.00824800  -0.00443335     0.03637023  -0.00000000    -0.00000000  -0.00000000
 -0.00000000   0.00000000    -0.00000000   0.00000000     0.03567853   0.00000000
    5    6
 -0.00046271   0.00916770     0.00470841  -0.00292080    -0.00159643  -0.00064454
 -0.00093719  -0.00063823    -0.01109603  -0.00861668     0.00267834  -0.00149769
 -0.01443780  -0.00040032     0.03316404   0.00503985    -0.00146593   0.00019669
    5    7
  0.00680973  -0.00615536    -0.00539467  -0.00126403    -0.00067309  -0.00158460
  0.00021140   0.00111399     0.00175317   0.01393900     0.00295290   0.00083484
 -0.00992600  -0.01049213     0.01988680   0.02701423     0.00117565   0.00089749
    6    1
  0.00037631  -0.00090849    -0.00322056   0.00777512    -0.01607060  -0.00665666
 -0.00322056   0.00777512     0.00037631  -0.00090849    -0.01607060  -0.00665666
 -0.00428495  -0.00177488    -0.00428495  -0.00177488     0.00136313  -0.00329090
    6    2
  0.00175317   0.01393900    -0.00539467  -0.00126403     0.01988680   0.02701423
  0.00021140   0.00111399     0.00680973  -0.00615536    -0.00992600  -0.01049213
  0.00295290   0.00083484    -0.00067309  -0.00158460     0.00117565   0.00089749
    6    3
 -0.01109603   0.00861668     0.00470841   0.00292080     0.03316404  -0.00503985
 -0.00093719   0.00063823    -0.00046271  -0.00916770    -0.01443780   0.00040032
  0.00267834   0.00149769    -0.00159643   0.00064454    -0.00146593  -0.00019669
    6    4
  0.00680973  -0.00615536     0.00021140   0.00111399    -0.00992600  -0.01049213
 -0.00539467  -0.00126403     0.00175317   0.01393900     0.01988680   0.02701423
 -0.00067309  -0.00158460     0.00295290   0.00083484     0.00117565   0.00089749
    6    5
 -0.00046271  -0.00916770    -0.00093719   0.00063823    -0.01443780   0.00040032
  0.00470841   0.00292080    -0.01109603   0.00861668     0.03316404  -0.00503985
 -0.00159643   0.00064454     0.00267834   0.00149769    -0.00146593  -0.00019669
    6    6
  0.04863894  -0.00000000    -0.01795156  -0.00000000    -0.00000000  -0.00027018
 -0.01795156  -0.00000000     0.04863894  -0.00000000    -0.00000000  -0.00027018
 -0.00000000   0.00027018    -0.00000000   0.00027018     0.00777665   0.00000000
    6    7
  0.01761387   0.01761387    -0.01066785  -0.01066785    -0.00105443   0.00105443
 -0.01066785  -0.01066785     0.01761387   0.01761387    -0.00105443   0.00105443
 -0.00105443   0.00105443    -0.00105443   0.00105443    -0.00082155  -0.00082155
    7    1
  0.00037631   0.00090849    -0.00322056  -0.00777512    -0.01607060   0.00665666
 -0.00322056  -0.00777512     0.00037631   0.00090849    -0.01607060   0.00665666
 -0.00428495   0.00177488    -0.00428495   0.00177488     0.00136313   0.00329090
    7    2
 -0.01109603  -0.00861668     0.00470841  -0.00292080     0.03316404   0.00503985
 -0.00093719  -0.00063823    -0.00046271   0.00916770    -0.01443780  -0.00040032
  0.00267834  -0.00149769    -0.00159643  -0.00064454    -0.00146593   0.00019669
    7    3
  0.00175317  -0.01393900    -0.00539467   0.00126403     0.01988680  -0.02701423
  0.00021140  -0.00111399     0.00680973   0.00615536    -0.00992600   0.01049213
  0.00295290  -0.00083484    -0.00067309   0.00158460     0.00117565  -0.00089749
    7    4
 -0.00046271   0.00916770    -0.00093719  -0.00063823    -0.01443780  -0.00040032
  0.00470841  -0.00292080    -0.01109603  -0.00861668     0.03316404   0.00503985
 -0.00159643  -0.00064454     0.00267834  -0.00149769    -0.00146593   0.00019669
    7    5
  0.00680973   0.00615536     0.00021140  -0.00111399    -0.00992600   0.01049213
 -0.00539467   0.00126403     0.00175317  -0.01393900     0.01988680  -0.02701423
 -0.00067309   0.00158460     0.00295290  -0.00083484     0.00117565  -0.00089749
    7    6
  0.01761387  -0.01761387    -0.01066785   0.01066785    -0.00105443  -0.00105443
 -0.01066785   0.01066785     0.01761387  -0.01761387    -0.00105443  -0.00105443
 -0.00105443  -0.00105443    -0.00105443  -0.00105443    -0.00082155   0.00082155
    7    7
  0.04863894   0.00000000    -0.01795156  -0.00000000    -0.00000000   0.00027018
 -0.01795156   0.00000000     0.04863894  -0.00000000    -0.00000000   0.00027018
 -0.00000000  -0.00027018    -0.00000000  -0.00027018     0.00777665   0.00000000

     Dynamical  Matrix in cartesian axes

     q = (   -0.324759526  -0.324759526   0.000000000 ) 

    1    1
  0.07295853   0.00000000     0.04276438   0.00000000    -0.00000000   0.00000000
  0.04276438   0.00000000     0.07295853   0.00000000    -0.00000000   0.00000000
 -0.00000000   0.00000000    -0.00000000   0.00000000     0.03436024   0.00000000
    1    2
  0.00122809   0.00478052     0.00767489  -0.01343105     0.00000000  -0.00000000
  0.00168070  -0.00147936     0.00626319  -0.01987202     0.00000000   0.00000000
  0.00000000  -0.00000000     0.00000000  -0.00000000    -0.01314260   0.00889977
    1    3
  0.00251195   0.00424873    -0.01492415  -0.00407022    -0.00000000   0.00000000
 -0.00223450   0.00014237    -0.01848039  -0.00962289    -0.00000000   0.00000000
 -0.00000000   0.00000000    -0.00000000   0.00000000     0.01558631  -0.00300013
    1    4
 -0.01848039  -0.00962289    -0.00223450   0.00014237    -0.00000000   0.00000000
 -0.01492415  -0.00407022     0.00251195   0.00424873    -0.00000000   0.00000000
 -0.00000000   0.00000000    -0.00000000   0.00000000     0.01558631  -0.00300013
    1    5
  0.00626319  -0.01987202     0.00168070  -0.00147936     0.00000000  -0.00000000
  0.00767489  -0.01343105     0.00122809   0.00478052     0.00000000   0.00000000
  0.00000000  -0.00000000     0.00000000  -0.00000000    -0.01314260   0.00889977
    1    6
  0.00037631   0.00090849     0.00322056   0.00777512     0.00428495  -0.00177488
  0.00322056   0.00777512     0.00037631   0.00090849    -0.00428495   0.00177488
  0.01607060  -0.00665666    -0.01607060   0.00665666     0.00136313   0.00329090
    1    7
  0.00037631   0.00090849     0.00322056   0.00777512    -0.00428495   0.00177488
  0.00322056   0.00777512     0.00037631   0.00090849     0.00428495  -0.00177488
 -0.01607060   0.00665666     0.01607060  -0.00665666     0.00136313   0.00329090
    2    1
  0.00122809  -0.00478052     0.00168070   0.00147936     0.00000000   0.00000000
  0.00767489   0.01343105     0.00626319   0.01987202     0.00000000   0.00000000
  0.00000000   0.00000000     0.00000000   0.00000000    -0.01314260  -0.00889977
    2    2
  0.03637023  -0.00000000     0.00824800   0.00443335    -0.00000000   0.00000000
  0.00824800  -0.00443335     0.06116604   0.00000000     0.00000000   0.00000000
 -0.00000000  -0.00000000    -0.00000000  -0.00000000     0.03567853   0.00000000
    2    3
  0.00365274   0.02276475     0.00796567   0.00504380     0.00000000   0.00000000
  0.00796567   0.00504380     0.01055254  -0.04186854     0.00000000   0.00000000
  0.00000000   0.00000000     0.00000000  -0.00000000    -0.02872573  -0.00910816
    2    4
  0.01637472  -0.00969589     0.00672976  -0.00839240    -0.00000000  -0.00000000
  0.01748371  -0.04794484     0.01637472  -0.00969589    -0.00000000  -0.00000000
 -0.00000000   0.00000000    -0.00000000   0.00000000     0.01320723  -0.00003222
    2    5
 -0.01053324   0.01085434    -0.00001982   0.00000000     0.00000000   0.00000000
  0.04831967   0.00000000    -0.01053324  -0.01085434    -0.00000000   0.00000000
  0.00000000   0.00000000     0.00000000   0.00000000    -0.01390612   0.00000000
    2    6
 -0.01109603  -0.00861668     0.00093719   0.00063823    -0.00267834   0.00149769
 -0.00470841   0.00292080    -0.00046271   0.00916770    -0.00159643  -0.00064454
 -0.03316404  -0.00503985    -0.01443780  -0.00040032    -0.00146593   0.00019669
    2    7
 -0.01109603  -0.00861668     0.00093719   0.00063823     0.00267834  -0.00149769
 -0.00470841   0.00292080    -0.00046271   0.00916770     0.00159643   0.00064454
  0.03316404   0.00503985     0.01443780   0.00040032    -0.00146593   0.00019669
    3    1
  0.00251195  -0.00424873    -0.00223450  -0.00014237    -0.00000000   0.00000000
 -0.01492415   0.00407022    -0.01848039   0.00962289    -0.00000000   0.00000000
 -0.00000000  -0.00000000    -0.00000000   0.00000000     0.01558631   0.00300013
    3    2
  0.00365274  -0.02276475     0.00796567  -0.00504380     0.00000000   0.00000000
  0.00796567  -0.00504380     0.01055254   0.04186854     0.00000000   0.00000000
  0.00000000  -0.00000000     0.00000000   0.00000000    -0.02872573   0.00910816
    3    3
  0.03637023   0.00000000     0.00824800  -0.00443335    -0.00000000   0.00000000
  0.00824800   0.00443335     0.06116604  -0.00000000    -0.00000000   0.00000000
 -0.00000000   0.00000000     0.00000000   0.00000000     0.03567853  -0.00000000
    3    4
 -0.01053324  -0.01085434    -0.00001982  -0.00000000     0.00000000   0.00000000
  0.04831967  -0.00000000    -0.01053324   0.01085434     0.00000000   0.00000000
  0.00000000   0.00000000    -0.00000000   0.00000000    -0.01390612  -0.00000000
    3    5
  0.01637472   0.00969589     0.00672976   0.00839240    -0.00000000  -0.00000000
  0.01748371   0.04794484     0.01637472   0.00969589    -0.00000000  -0.00000000
 -0.00000000   0.00000000    -0.00000000   0.00000000     0.01320723   0.00003222
    3    6
 -0.01109603   0.00861668     0.00093719  -0.00063823     0.00267834   0.00149769
 -0.00470841  -0.00292080    -0.00046271  -0.00916770     0.00159643  -0.00064454
  0.03316404  -0.00503985     0.01443780  -0.00040032    -0.00146593  -0.00019669
    3    7
 -0.01109603   0.00861668     0.00093719  -0.00063823    -0.00267834  -0.00149769
 -0.00470841  -0.00292080    -0.00046271  -0.00916770    -0.00159643   0.00064454
 -0.03316404   0.00503985    -0.01443780   0.00040032    -0.00146593  -0.00019669
    4    1
 -0.01848039   0.00962289    -0.01492415   0.00407022    -0.00000000   0.00000000
 -0.00223450  -0.00014237     0.00251195  -0.00424873    -0.00000000   0.00000000
 -0.00000000  -0.00000000    -0.00000000   0.00000000     0.01558631   0.00300013
    4    2
  0.01637472   0.00969589     0.01748371   0.04794484    -0.00000000   0.00000000
  0.00672976   0.00839240     0.01637472   0.00969589    -0.00000000   0.00000000
 -0.00000000   0.00000000    -0.00000000   0.00000000     0.01320723   0.00003222
    4    3
 -0.01053324   0.01085434     0.04831967  -0.00000000     0.00000000   0.00000000
 -0.00001982  -0.00000000    -0.01053324  -0.01085434     0.00000000   0.00000000
  0.00000000  -0.00000000    -0.00000000  -0.00000000    -0.01390612  -0.00000000
    4    4
  0.06116604  -0.00000000     0.00824800   0.00443335    -0.00000000   0.00000000
  0.00824800  -0.00443335     0.03637023   0.00000000    -0.00000000   0.00000000
 -0.00000000   0.00000000    -0.00000000   0.00000000     0.03567853  -0.00000000
    4    5
  0.01055254   0.04186854     0.00796567  -0.00504380     0.00000000   0.00000000
  0.00796567  -0.00504380     0.00365274  -0.02276475     0.00000000   0.00000000
  0.00000000  -0.00000000     0.00000000  -0.00000000    -0.02872573   0.00910816
    4    6
 -0.00046271  -0.00916770    -0.00470841  -0.00292080    -0.00159643   0.00064454
  0.00093719  -0.00063823    -0.01109603   0.00861668    -0.00267834  -0.00149769
 -0.01443780   0.00040032    -0.03316404   0.00503985    -0.00146593  -0.00019669
    4    7
 -0.00046271  -0.00916770    -0.00470841  -0.00292080     0.00159643  -0.00064454
  0.00093719  -0.00063823    -0.01109603   0.00861668     0.00267834   0.00149769
  0.01443780  -0.00040032     0.03316404  -0.00503985    -0.00146593  -0.00019669
    5    1
  0.00626319   0.01987202     0.00767489   0.01343105     0.00000000   0.00000000
  0.00168070   0.00147936     0.00122809  -0.00478052     0.00000000   0.00000000
  0.00000000   0.00000000     0.00000000   0.00000000    -0.01314260  -0.00889977
    5    2
 -0.01053324  -0.01085434     0.04831967   0.00000000     0.00000000   0.00000000
 -0.00001982   0.00000000    -0.01053324   0.01085434     0.00000000   0.00000000
  0.00000000   0.00000000     0.00000000   0.00000000    -0.01390612   0.00000000
    5    3
  0.01637472  -0.00969589     0.01748371  -0.04794484    -0.00000000  -0.00000000
  0.00672976  -0.00839240     0.01637472  -0.00969589    -0.00000000  -0.00000000
 -0.00000000   0.00000000    -0.00000000   0.00000000     0.01320723  -0.00003222
    5    4
  0.01055254  -0.04186854     0.00796567   0.00504380     0.00000000   0.00000000
  0.00796567   0.00504380     0.00365274   0.02276475     0.00000000   0.00000000
  0.00000000  -0.00000000     0.00000000  -0.00000000    -0.02872573  -0.00910816
    5    5
  0.06116604   0.00000000     0.00824800  -0.00443335    -0.00000000   0.00000000
  0.00824800   0.00443335     0.03637023  -0.00000000    -0.00000000   0.00000000
 -0.00000000   0.00000000    -0.00000000   0.00000000     0.03567853   0.00000000
    5    6
 -0.00046271   0.00916770    -0.00470841   0.00292080     0.00159643   0.00064454
  0.00093719   0.00063823    -0.01109603  -0.00861668     0.00267834  -0.00149769
  0.01443780   0.00040032     0.03316404   0.00503985    -0.00146593   0.00019669
    5    7
 -0.00046271   0.00916770    -0.00470841   0.00292080    -0.00159643  -0.00064454
  0.00093719   0.00063823    -0.01109603  -0.00861668    -0.00267834   0.00149769
 -0.01443780  -0.00040032    -0.03316404  -0.00503985    -0.00146593   0.00019669
    6    1
  0.00037631  -0.00090849     0.00322056  -0.00777512     0.01607060   0.00665666
  0.00322056  -0.00777512     0.00037631  -0.00090849    -0.01607060  -0.00665666
  0.00428495   0.00177488    -0.00428495  -0.00177488     0.00136313  -0.00329090
    6    2
 -0.01109603   0.00861668    -0.00470841  -0.00292080    -0.03316404   0.00503985
  0.00093719  -0.00063823    -0.00046271  -0.00916770    -0.01443780   0.00040032
 -0.00267834  -0.00149769    -0.00159643   0.00064454    -0.00146593  -0.00019669
    6    3
 -0.01109603  -0.00861668    -0.00470841   0.00292080     0.03316404   0.00503985
  0.00093719   0.00063823    -0.00046271   0.00916770     0.01443780   0.00040032
  0.00267834  -0.00149769     0.00159643   0.00064454    -0.00146593   0.00019669
    6    4
 -0.00046271   0.00916770     0.00093719   0.00063823    -0.01443780  -0.00040032
 -0.00470841   0.00292080    -0.01109603  -0.00861668    -0.03316404  -0.00503985
 -0.00159643  -0.00064454    -0.00267834   0.00149769    -0.00146593   0.00019669
    6    5
 -0.00046271  -0.00916770     0.00093719  -0.00063823     0.01443780  -0.00040032
 -0.00470841  -0.00292080    -0.01109603   0.00861668     0.03316404  -0.00503985
  0.00159643  -0.00064454     0.00267834   0.00149769    -0.00146593  -0.00019669
    6    6
  0.04863894   0.00000000     0.01795156   0.00000000    -0.00000000   0.00027018
  0.01795156   0.00000000     0.04863894   0.00000000    -0.00000000  -0.00027018
 -0.00000000  -0.00027018     0.00000000   0.00027018     0.00777665   0.00000000
    6    7
 -0.02490977  -0.00000000    -0.01508662   0.00000000    -0.00000000   0.00149119
 -0.01508662   0.00000000    -0.02490977   0.00000000    -0.00000000  -0.00149119
 -0.00000000   0.00149119    -0.00000000  -0.00149119     0.00116185   0.00000000
    7    1
  0.00037631  -0.00090849     0.00322056  -0.00777512    -0.01607060  -0.00665666
  0.00322056  -0.00777512     0.00037631  -0.00090849     0.01607060   0.00665666
 -0.00428495  -0.00177488     0.00428495   0.00177488     0.00136313  -0.00329090
    7    2
 -0.01109603   0.00861668    -0.00470841  -0.00292080     0.03316404  -0.00503985
  0.00093719  -0.00063823    -0.00046271  -0.00916770     0.01443780  -0.00040032
  0.00267834   0.00149769     0.00159643  -0.00064454    -0.00146593  -0.00019669
    7    3
 -0.01109603  -0.00861668    -0.00470841   0.00292080    -0.03316404  -0.00503985
  0.00093719   0.00063823    -0.00046271   0.00916770    -0.01443780  -0.00040032
 -0.00267834   0.00149769    -0.00159643  -0.00064454    -0.00146593   0.00019669
    7    4
 -0.00046271   0.00916770     0.00093719   0.00063823     0.01443780   0.00040032
 -0.00470841   0.00292080    -0.01109603  -0.00861668     0.03316404   0.00503985
  0.00159643   0.00064454     0.00267834  -0.00149769    -0.00146593   0.00019669
    7    5
 -0.00046271  -0.00916770     0.00093719  -0.00063823    -0.01443780   0.00040032
 -0.00470841  -0.00292080    -0.01109603   0.00861668    -0.03316404   0.00503985
 -0.00159643   0.00064454    -0.00267834  -0.00149769    -0.00146593  -0.00019669
    7    6
 -0.02490977   0.00000000    -0.01508662   0.00000000    -0.00000000  -0.00149119
 -0.01508662   0.00000000    -0.02490977  -0.00000000    -0.00000000   0.00149119
 -0.00000000  -0.00149119    -0.00000000   0.00149119     0.00116185   0.00000000
    7    7
  0.04863894  -0.00000000     0.01795156  -0.00000000    -0.00000000  -0.00027018
  0.01795156  -0.00000000     0.04863894  -0.00000000    -0.00000000   0.00027018
 -0.00000000   0.00027018     0.00000000  -0.00027018     0.00777665  -0.00000000

     Dynamical  Matrix in cartesian axes

     q = (   -0.324759526   0.324759526   0.000000000 ) 

    1    1
  0.07295853   0.00000000    -0.04276438   0.00000000     0.00000000   0.00000000
 -0.04276438   0.00000000     0.07295853   0.00000000    -0.00000000   0.00000000
 -0.00000000   0.00000000     0.00000000   0.00000000     0.03436024   0.00000000
    1    2
  0.00122809   0.00478052    -0.00767489   0.01343105     0.00000000  -0.00000000
 -0.00168070   0.00147936     0.00626319  -0.01987202     0.00000000  -0.00000000
  0.00000000   0.00000000     0.00000000  -0.00000000    -0.01314260   0.00889977
    1    3
  0.00122809  -0.00478052    -0.00767489  -0.01343105     0.00000000   0.00000000
 -0.00168070  -0.00147936     0.00626319   0.01987202     0.00000000   0.00000000
  0.00000000   0.00000000     0.00000000   0.00000000    -0.01314260  -0.00889977
    1    4
  0.00626319  -0.01987202    -0.00168070   0.00147936     0.00000000   0.00000000
 -0.00767489   0.01343105     0.00122809   0.00478052     0.00000000  -0.00000000
  0.00000000   0.00000000     0.00000000   0.00000000    -0.01314260   0.00889977
    1    5
  0.00626319   0.01987202    -0.00168070  -0.00147936     0.00000000   0.00000000
 -0.00767489  -0.01343105     0.00122809  -0.00478052     0.00000000   0.00000000
  0.00000000  -0.00000000     0.00000000   0.00000000    -0.01314260  -0.00889977
    1    6
  0.00037631  -0.00090849    -0.00322056   0.00777512    -0.00428495  -0.00177488
 -0.00322056   0.00777512     0.00037631  -0.00090849    -0.00428495  -0.00177488
 -0.01607060  -0.00665666    -0.01607060  -0.00665666     0.00136313  -0.00329090
    1    7
  0.00037631   0.00090849    -0.00322056  -0.00777512    -0.00428495   0.00177488
 -0.00322056  -0.00777512     0.00037631   0.00090849    -0.00428495   0.00177488
