  5.000000000000000E-003   1.26088367795901        1.90067469670089     
          12

     Dynamical  Matrix in cartesian axes

     q = (    0.108253200   0.108253200   0.000000000 ) 

    1    1
  0.01864222  -0.00000000     0.00672720  -0.00000000     0.00000000  -0.00000000
  0.00672720  -0.00000000     0.01864222   0.00000000    -0.00000000  -0.00000000
  0.00000000  -0.00000000    -0.00000000  -0.00000000     0.00306078   0.00000000
    1    2
  0.00081200   0.00283288     0.00153593  -0.00221726     0.00000000   0.00000000
 -0.00520262   0.00311865     0.00048528  -0.00448033     0.00000000   0.00000000
  0.00000000   0.00000000     0.00000000   0.00000000    -0.00139884  -0.00508262
    1    3
 -0.00142898  -0.00257732     0.00265391   0.00048178    -0.00000000  -0.00000000
 -0.00588403   0.00147359     0.00351122   0.00282493    -0.00000000  -0.00000000
 -0.00000000  -0.00000000    -0.00000000  -0.00000000     0.00260483   0.00458309
    1    4
  0.00351122   0.00282493    -0.00588403   0.00147359    -0.00000000  -0.00000000
  0.00265391   0.00048178    -0.00142898  -0.00257732    -0.00000000  -0.00000000
 -0.00000000  -0.00000000    -0.00000000  -0.00000000     0.00260483   0.00458309
    1    5
  0.00048528  -0.00448033    -0.00520262   0.00311865     0.00000000   0.00000000
  0.00153593  -0.00221726     0.00081200   0.00283288     0.00000000   0.00000000
  0.00000000   0.00000000    -0.00000000   0.00000000    -0.00139884  -0.00508262
    1    6
  0.00274767  -0.00113812     0.00341822  -0.00141587     0.00058284   0.00140710
  0.00341822  -0.00141587     0.00274767  -0.00113812    -0.00058284  -0.00140710
  0.00200601   0.00484294    -0.00200601  -0.00484294    -0.00083741   0.00034687
    1    7
  0.00274767  -0.00113812     0.00341822  -0.00141587    -0.00058284  -0.00140710
  0.00341822  -0.00141587     0.00274767  -0.00113812     0.00058284   0.00140710
 -0.00200601  -0.00484294     0.00200601   0.00484294    -0.00083741   0.00034687
    2    1
  0.00081200  -0.00283288    -0.00520262  -0.00311865     0.00000000  -0.00000000
  0.00153593   0.00221726     0.00048528   0.00448033     0.00000000  -0.00000000
  0.00000000  -0.00000000     0.00000000  -0.00000000    -0.00139884   0.00508262
    2    2
  0.02715618   0.00000000     0.00117870  -0.00392372    -0.00000000   0.00000000
  0.00117870   0.00392372     0.07927963  -0.00000000    -0.00000000   0.00000000
 -0.00000000   0.00000000    -0.00000000   0.00000000     0.05479465   0.00000000
    2    3
 -0.01032707  -0.00116117     0.00142192   0.01142336     0.00000000   0.00000000
  0.00142192   0.01142336    -0.06030303   0.04417150     0.00000000  -0.00000000
  0.00000000   0.00000000     0.00000000   0.00000000    -0.05161037   0.00588479
    2    4
  0.00109083   0.01225379    -0.01600311  -0.00187552    -0.00000000   0.00000000
 -0.06021970   0.04405243     0.00109083   0.01225379    -0.00000000   0.00000000
  0.00000000   0.00000000    -0.00000000  -0.00000000     0.03310219  -0.00061305
    2    5
 -0.00009538  -0.00542510     0.01942523  -0.00000000     0.00000000   0.00000000
  0.07792459   0.00000000    -0.00009538   0.00542510     0.00000000   0.00000000
  0.00000000  -0.00000000     0.00000000  -0.00000000    -0.03432200   0.00000000
    2    6
 -0.00405357   0.00274252    -0.00197542   0.00329237    -0.00057755   0.00296659
  0.00131849  -0.00119075     0.00157582  -0.00127903     0.00035286   0.00051298
 -0.05118812   0.00330737    -0.03158768   0.00034285    -0.00077050  -0.00165857
    2    7
 -0.00405357   0.00274252    -0.00197542   0.00329237     0.00057755  -0.00296659
  0.00131849  -0.00119075     0.00157582  -0.00127903    -0.00035286  -0.00051298
  0.05118812  -0.00330737     0.03158768  -0.00034285    -0.00077050  -0.00165857
    3    1
 -0.00142898   0.00257732    -0.00588403  -0.00147359    -0.00000000   0.00000000
  0.00265391  -0.00048178     0.00351122  -0.00282493    -0.00000000   0.00000000
 -0.00000000   0.00000000    -0.00000000   0.00000000     0.00260483  -0.00458309
    3    2
 -0.01032707   0.00116117     0.00142192  -0.01142336     0.00000000   0.00000000
  0.00142192  -0.01142336    -0.06030303  -0.04417150     0.00000000  -0.00000000
  0.00000000   0.00000000     0.00000000   0.00000000    -0.05161037  -0.00588479
    3    3
  0.02715618  -0.00000000     0.00117870   0.00392372    -0.00000000  -0.00000000
  0.00117870  -0.00392372     0.07927963   0.00000000     0.00000000  -0.00000000
 -0.00000000   0.00000000    -0.00000000   0.00000000     0.05479465  -0.00000000
    3    4
 -0.00009538   0.00542510     0.01942523   0.00000000     0.00000000   0.00000000
  0.07792459  -0.00000000    -0.00009538  -0.00542510     0.00000000   0.00000000
  0.00000000   0.00000000     0.00000000   0.00000000    -0.03432200  -0.00000000
    3    5
  0.00109083  -0.01225379    -0.01600311   0.00187552    -0.00000000   0.00000000
 -0.06021970  -0.04405243     0.00109083  -0.01225379     0.00000000   0.00000000
 -0.00000000  -0.00000000     0.00000000   0.00000000     0.03310219   0.00061305
    3    6
 -0.00405357  -0.00274252    -0.00197542  -0.00329237     0.00057755   0.00296659
  0.00131849   0.00119075     0.00157582   0.00127903    -0.00035286   0.00051298
  0.05118812   0.00330737     0.03158768   0.00034285    -0.00077050   0.00165857
    3    7
 -0.00405357  -0.00274252    -0.00197542  -0.00329237    -0.00057755  -0.00296659
  0.00131849   0.00119075     0.00157582   0.00127903     0.00035286  -0.00051298
 -0.05118812  -0.00330737    -0.03158768  -0.00034285    -0.00077050   0.00165857
    4    1
  0.00351122  -0.00282493     0.00265391  -0.00048178    -0.00000000   0.00000000
 -0.00588403  -0.00147359    -0.00142898   0.00257732    -0.00000000   0.00000000
 -0.00000000   0.00000000    -0.00000000   0.00000000     0.00260483  -0.00458309
    4    2
  0.00109083  -0.01225379    -0.06021970  -0.04405243    -0.00000000   0.00000000
 -0.01600311   0.00187552     0.00109083  -0.01225379    -0.00000000   0.00000000
 -0.00000000   0.00000000     0.00000000   0.00000000     0.03310219   0.00061305
    4    3
 -0.00009538  -0.00542510     0.07792459  -0.00000000     0.00000000   0.00000000
  0.01942523   0.00000000    -0.00009538   0.00542510     0.00000000   0.00000000
  0.00000000   0.00000000     0.00000000   0.00000000    -0.03432200  -0.00000000
    4    4
  0.07927963   0.00000000     0.00117870  -0.00392372    -0.00000000   0.00000000
  0.00117870   0.00392372     0.02715618   0.00000000    -0.00000000   0.00000000
 -0.00000000   0.00000000    -0.00000000   0.00000000     0.05479465  -0.00000000
    4    5
 -0.06030303  -0.04417150     0.00142192  -0.01142336     0.00000000   0.00000000
  0.00142192  -0.01142336    -0.01032707   0.00116117     0.00000000   0.00000000
  0.00000000   0.00000000     0.00000000   0.00000000    -0.05161037  -0.00588479
    4    6
  0.00157582   0.00127903     0.00131849   0.00119075     0.00035286  -0.00051298
 -0.00197542  -0.00329237    -0.00405357  -0.00274252    -0.00057755  -0.00296659
 -0.03158768  -0.00034285    -0.05118812  -0.00330737    -0.00077050   0.00165857
    4    7
  0.00157582   0.00127903     0.00131849   0.00119075    -0.00035286   0.00051298
 -0.00197542  -0.00329237    -0.00405357  -0.00274252     0.00057755   0.00296659
  0.03158768   0.00034285     0.05118812   0.00330737    -0.00077050   0.00165857
    5    1
  0.00048528   0.00448033     0.00153593   0.00221726    -0.00000000  -0.00000000
 -0.00520262  -0.00311865     0.00081200  -0.00283288    -0.00000000  -0.00000000
  0.00000000  -0.00000000     0.00000000  -0.00000000    -0.00139884   0.00508262
    5    2
 -0.00009538   0.00542510     0.07792459   0.00000000     0.00000000   0.00000000
  0.01942523  -0.00000000    -0.00009538  -0.00542510     0.00000000   0.00000000
  0.00000000  -0.00000000     0.00000000  -0.00000000    -0.03432200   0.00000000
    5    3
  0.00109083   0.01225379    -0.06021970   0.04405243    -0.00000000  -0.00000000
 -0.01600311  -0.00187552     0.00109083   0.01225379    -0.00000000  -0.00000000
 -0.00000000   0.00000000    -0.00000000   0.00000000     0.03310219  -0.00061305
    5    4
 -0.06030303   0.04417150     0.00142192   0.01142336     0.00000000  -0.00000000
  0.00142192   0.01142336    -0.01032707  -0.00116117     0.00000000  -0.00000000
  0.00000000  -0.00000000     0.00000000  -0.00000000    -0.05161037   0.00588479
    5    5
  0.07927963   0.00000000     0.00117870   0.00392372    -0.00000000   0.00000000
  0.00117870  -0.00392372     0.02715618   0.00000000    -0.00000000   0.00000000
 -0.00000000   0.00000000    -0.00000000   0.00000000     0.05479465   0.00000000
    5    6
  0.00157582  -0.00127903     0.00131849  -0.00119075    -0.00035286  -0.00051298
 -0.00197542   0.00329237    -0.00405357   0.00274252     0.00057755  -0.00296659
  0.03158768  -0.00034285     0.05118812  -0.00330737    -0.00077050  -0.00165857
    5    7
  0.00157582  -0.00127903     0.00131849  -0.00119075     0.00035286   0.00051298
 -0.00197542   0.00329237    -0.00405357   0.00274252    -0.00057755   0.00296659
 -0.03158768   0.00034285    -0.05118812   0.00330737    -0.00077050  -0.00165857
    6    1
  0.00274767   0.00113812     0.00341822   0.00141587     0.00200601  -0.00484294
  0.00341822   0.00141587     0.00274767   0.00113812    -0.00200601   0.00484294
  0.00058284  -0.00140710    -0.00058284   0.00140710    -0.00083741  -0.00034687
    6    2
 -0.00405357  -0.00274252     0.00131849   0.00119075    -0.05118812  -0.00330737
 -0.00197542  -0.00329237     0.00157582   0.00127903    -0.03158768  -0.00034285
 -0.00057755  -0.00296659     0.00035286  -0.00051298    -0.00077050   0.00165857
    6    3
 -0.00405357   0.00274252     0.00131849  -0.00119075     0.05118812  -0.00330737
 -0.00197542   0.00329237     0.00157582  -0.00127903     0.03158768  -0.00034285
  0.00057755  -0.00296659    -0.00035286  -0.00051298    -0.00077050  -0.00165857
    6    4
  0.00157582  -0.00127903    -0.00197542   0.00329237    -0.03158768   0.00034285
  0.00131849  -0.00119075    -0.00405357   0.00274252    -0.05118812   0.00330737
  0.00035286   0.00051298    -0.00057755   0.00296659    -0.00077050  -0.00165857
    6    5
  0.00157582   0.00127903    -0.00197542  -0.00329237     0.03158768   0.00034285
  0.00131849   0.00119075    -0.00405357  -0.00274252     0.05118812   0.00330737
 -0.00035286   0.00051298     0.00057755   0.00296659    -0.00077050   0.00165857
    6    6
  0.05356258  -0.00000000     0.03238326  -0.00000000     0.00000000   0.00078776
  0.03238326   0.00000000     0.05356258   0.00000000     0.00000000  -0.00078776
  0.00000000  -0.00078776     0.00000000   0.00078776     0.00492627   0.00000000
    6    7
 -0.04668264  -0.00000000    -0.02778605   0.00000000     0.00000000   0.00301971
 -0.02778605   0.00000000    -0.04668264   0.00000000     0.00000000  -0.00301971
  0.00000000   0.00301971     0.00000000  -0.00301971    -0.00154952   0.00000000
    7    1
  0.00274767   0.00113812     0.00341822   0.00141587    -0.00200601   0.00484294
  0.00341822   0.00141587     0.00274767   0.00113812     0.00200601  -0.00484294
 -0.00058284   0.00140710     0.00058284  -0.00140710    -0.00083741  -0.00034687
    7    2
 -0.00405357  -0.00274252     0.00131849   0.00119075     0.05118812   0.00330737
 -0.00197542  -0.00329237     0.00157582   0.00127903     0.03158768   0.00034285
  0.00057755   0.00296659    -0.00035286   0.00051298    -0.00077050   0.00165857
    7    3
 -0.00405357   0.00274252     0.00131849  -0.00119075    -0.05118812   0.00330737
 -0.00197542   0.00329237     0.00157582  -0.00127903    -0.03158768   0.00034285
 -0.00057755   0.00296659     0.00035286   0.00051298    -0.00077050  -0.00165857
    7    4
  0.00157582  -0.00127903    -0.00197542   0.00329237     0.03158768  -0.00034285
  0.00131849  -0.00119075    -0.00405357   0.00274252     0.05118812  -0.00330737
 -0.00035286  -0.00051298     0.00057755  -0.00296659    -0.00077050  -0.00165857
    7    5
  0.00157582   0.00127903    -0.00197542  -0.00329237    -0.03158768  -0.00034285
  0.00131849   0.00119075    -0.00405357  -0.00274252    -0.05118812  -0.00330737
  0.00035286  -0.00051298    -0.00057755  -0.00296659    -0.00077050   0.00165857
    7    6
 -0.04668264   0.00000000    -0.02778605  -0.00000000     0.00000000  -0.00301971
 -0.02778605   0.00000000    -0.04668264  -0.00000000     0.00000000   0.00301971
  0.00000000  -0.00301971     0.00000000   0.00301971    -0.00154952   0.00000000
    7    7
  0.05356258   0.00000000     0.03238326   0.00000000    -0.00000000  -0.00078776
  0.03238326  -0.00000000     0.05356258  -0.00000000    -0.00000000   0.00078776
 -0.00000000   0.00078776    -0.00000000  -0.00078776     0.00492627   0.00000000

     Dynamical  Matrix in cartesian axes

     q = (   -0.108253200  -0.108253200   0.000000000 ) 

    1    1
  0.01864222   0.00000000     0.00672720   0.00000000     0.00000000   0.00000000
  0.00672720   0.00000000     0.01864222   0.00000000    -0.00000000   0.00000000
  0.00000000   0.00000000    -0.00000000   0.00000000     0.00306078   0.00000000
    1    2
  0.00081200  -0.00283288     0.00153593   0.00221726     0.00000000  -0.00000000
 -0.00520262  -0.00311865     0.00048528   0.00448033     0.00000000  -0.00000000
  0.00000000  -0.00000000     0.00000000  -0.00000000    -0.00139884   0.00508262
    1    3
 -0.00142898   0.00257732     0.00265391  -0.00048178    -0.00000000   0.00000000
 -0.00588403  -0.00147359     0.00351122  -0.00282493    -0.00000000   0.00000000
 -0.00000000   0.00000000    -0.00000000   0.00000000     0.00260483  -0.00458309
    1    4
  0.00351122  -0.00282493    -0.00588403  -0.00147359    -0.00000000   0.00000000
  0.00265391  -0.00048178    -0.00142898   0.00257732    -0.00000000   0.00000000
 -0.00000000   0.00000000    -0.00000000   0.00000000     0.00260483  -0.00458309
    1    5
  0.00048528   0.00448033    -0.00520262  -0.00311865     0.00000000  -0.00000000
  0.00153593   0.00221726     0.00081200  -0.00283288     0.00000000  -0.00000000
  0.00000000  -0.00000000     0.00000000  -0.00000000    -0.00139884   0.00508262
    1    6
  0.00274767   0.00113812     0.00341822   0.00141587     0.00058284  -0.00140710
  0.00341822   0.00141587     0.00274767   0.00113812    -0.00058284   0.00140710
  0.00200601  -0.00484294    -0.00200601   0.00484294    -0.00083741  -0.00034687
    1    7
  0.00274767   0.00113812     0.00341822   0.00141587    -0.00058284   0.00140710
  0.00341822   0.00141587     0.00274767   0.00113812     0.00058284  -0.00140710
 -0.00200601   0.00484294     0.00200601  -0.00484294    -0.00083741  -0.00034687
    2    1
  0.00081200   0.00283288    -0.00520262   0.00311865     0.00000000   0.00000000
  0.00153593  -0.00221726     0.00048528  -0.00448033     0.00000000   0.00000000
 -0.00000000   0.00000000    -0.00000000   0.00000000    -0.00139884  -0.00508262
    2    2
  0.02715618  -0.00000000     0.00117870   0.00392372     0.00000000   0.00000000
  0.00117870  -0.00392372     0.07927963   0.00000000    -0.00000000   0.00000000
  0.00000000   0.00000000    -0.00000000   0.00000000     0.05479465  -0.00000000
    2    3
 -0.01032707   0.00116117     0.00142192  -0.01142336     0.00000000   0.00000000
  0.00142192  -0.01142336    -0.06030303  -0.04417150     0.00000000   0.00000000
  0.00000000   0.00000000     0.00000000   0.00000000    -0.05161037  -0.00588479
    2    4
  0.00109083  -0.01225379    -0.01600311   0.00187552    -0.00000000   0.00000000
 -0.06021970  -0.04405243     0.00109083  -0.01225379    -0.00000000   0.00000000
 -0.00000000  -0.00000000    -0.00000000   0.00000000     0.03310219   0.00061305
    2    5
 -0.00009538   0.00542510     0.01942523   0.00000000     0.00000000   0.00000000
  0.07792459  -0.00000000    -0.00009538  -0.00542510     0.00000000   0.00000000
  0.00000000   0.00000000     0.00000000   0.00000000    -0.03432200  -0.00000000
    2    6
 -0.00405357  -0.00274252    -0.00197542  -0.00329237    -0.00057755  -0.00296659
  0.00131849   0.00119075     0.00157582   0.00127903     0.00035286  -0.00051298
 -0.05118812  -0.00330737    -0.03158768  -0.00034285    -0.00077050   0.00165857
    2    7
 -0.00405357  -0.00274252    -0.00197542  -0.00329237     0.00057755   0.00296659
  0.00131849   0.00119075     0.00157582   0.00127903    -0.00035286   0.00051298
  0.05118812   0.00330737     0.03158768   0.00034285    -0.00077050   0.00165857
    3    1
 -0.00142898  -0.00257732    -0.00588403   0.00147359    -0.00000000  -0.00000000
  0.00265391   0.00048178     0.00351122   0.00282493    -0.00000000  -0.00000000
 -0.00000000  -0.00000000    -0.00000000  -0.00000000     0.00260483   0.00458309
    3    2
 -0.01032707  -0.00116117     0.00142192   0.01142336     0.00000000   0.00000000
  0.00142192   0.01142336    -0.06030303   0.04417150     0.00000000   0.00000000
  0.00000000  -0.00000000     0.00000000   0.00000000    -0.05161037   0.00588479
    3    3
  0.02715618   0.00000000     0.00117870  -0.00392372    -0.00000000   0.00000000
  0.00117870   0.00392372     0.07927963  -0.00000000    -0.00000000   0.00000000
 -0.00000000   0.00000000    -0.00000000   0.00000000     0.05479465   0.00000000
    3    4
 -0.00009538  -0.00542510     0.01942523   0.00000000     0.00000000   0.00000000
  0.07792459   0.00000000    -0.00009538   0.00542510     0.00000000   0.00000000
  0.00000000   0.00000000     0.00000000   0.00000000    -0.03432200   0.00000000
    3    5
  0.00109083   0.01225379    -0.01600311  -0.00187552    -0.00000000  -0.00000000
 -0.06021970   0.04405243     0.00109083   0.01225379     0.00000000  -0.00000000
 -0.00000000   0.00000000    -0.00000000  -0.00000000     0.03310219  -0.00061305
    3    6
 -0.00405357   0.00274252    -0.00197542   0.00329237     0.00057755  -0.00296659
  0.00131849  -0.00119075     0.00157582  -0.00127903    -0.00035286  -0.00051298
  0.05118812  -0.00330737     0.03158768  -0.00034285    -0.00077050  -0.00165857
    3    7
 -0.00405357   0.00274252    -0.00197542   0.00329237    -0.00057755   0.00296659
  0.00131849  -0.00119075     0.00157582  -0.00127903     0.00035286   0.00051298
 -0.05118812   0.00330737    -0.03158768   0.00034285    -0.00077050  -0.00165857
    4    1
  0.00351122   0.00282493     0.00265391   0.00048178    -0.00000000  -0.00000000
 -0.00588403   0.00147359    -0.00142898  -0.00257732     0.00000000  -0.00000000
 -0.00000000  -0.00000000    -0.00000000  -0.00000000     0.00260483   0.00458309
    4    2
  0.00109083   0.01225379    -0.06021970   0.04405243    -0.00000000  -0.00000000
 -0.01600311  -0.00187552     0.00109083   0.01225379    -0.00000000  -0.00000000
 -0.00000000   0.00000000     0.00000000   0.00000000     0.03310219  -0.00061305
    4    3
 -0.00009538   0.00542510     0.07792459   0.00000000     0.00000000   0.00000000
  0.01942523  -0.00000000    -0.00009538  -0.00542510     0.00000000   0.00000000
  0.00000000  -0.00000000     0.00000000  -0.00000000    -0.03432200   0.00000000
    4    4
  0.07927963  -0.00000000     0.00117870   0.00392372    -0.00000000   0.00000000
  0.00117870  -0.00392372     0.02715618   0.00000000    -0.00000000   0.00000000
 -0.00000000   0.00000000    -0.00000000   0.00000000     0.05479465   0.00000000
    4    5
 -0.06030303   0.04417150     0.00142192   0.01142336     0.00000000   0.00000000
  0.00142192   0.01142336    -0.01032707  -0.00116117     0.00000000   0.00000000
  0.00000000  -0.00000000     0.00000000  -0.00000000    -0.05161037   0.00588479
    4    6
  0.00157582  -0.00127903     0.00131849  -0.00119075     0.00035286   0.00051298
 -0.00197542   0.00329237    -0.00405357   0.00274252    -0.00057755   0.00296659
 -0.03158768   0.00034285    -0.05118812   0.00330737    -0.00077050  -0.00165857
    4    7
  0.00157582  -0.00127903     0.00131849  -0.00119075    -0.00035286  -0.00051298
 -0.00197542   0.00329237    -0.00405357   0.00274252     0.00057755  -0.00296659
  0.03158768  -0.00034285     0.05118812  -0.00330737    -0.00077050  -0.00165857
    5    1
  0.00048528  -0.00448033     0.00153593  -0.00221726    -0.00000000   0.00000000
 -0.00520262   0.00311865     0.00081200   0.00283288    -0.00000000   0.00000000
 -0.00000000  -0.00000000     0.00000000   0.00000000    -0.00139884  -0.00508262
    5    2
 -0.00009538  -0.00542510     0.07792459  -0.00000000     0.00000000   0.00000000
  0.01942523   0.00000000    -0.00009538   0.00542510     0.00000000   0.00000000
  0.00000000   0.00000000     0.00000000   0.00000000    -0.03432200  -0.00000000
    5    3
  0.00109083  -0.01225379    -0.06021970  -0.04405243    -0.00000000   0.00000000
 -0.01600311   0.00187552     0.00109083  -0.01225379    -0.00000000   0.00000000
  0.00000000   0.00000000    -0.00000000   0.00000000     0.03310219   0.00061305
    5    4
 -0.06030303  -0.04417150     0.00142192  -0.01142336     0.00000000   0.00000000
  0.00142192  -0.01142336    -0.01032707   0.00116117     0.00000000   0.00000000
  0.00000000   0.00000000     0.00000000   0.00000000    -0.05161037  -0.00588479
    5    5
  0.07927963  -0.00000000     0.00117870  -0.00392372    -0.00000000  -0.00000000
  0.00117870   0.00392372     0.02715618   0.00000000    -0.00000000  -0.00000000
 -0.00000000   0.00000000    -0.00000000   0.00000000     0.05479465  -0.00000000
    5    6
  0.00157582   0.00127903     0.00131849   0.00119075    -0.00035286   0.00051298
 -0.00197542  -0.00329237    -0.00405357  -0.00274252     0.00057755   0.00296659
  0.03158768   0.00034285     0.05118812   0.00330737    -0.00077050   0.00165857
    5    7
  0.00157582   0.00127903     0.00131849   0.00119075     0.00035286  -0.00051298
 -0.00197542  -0.00329237    -0.00405357  -0.00274252    -0.00057755  -0.00296659
 -0.03158768  -0.00034285    -0.05118812  -0.00330737    -0.00077050   0.00165857
    6    1
  0.00274767  -0.00113812     0.00341822  -0.00141587     0.00200601   0.00484294
  0.00341822  -0.00141587     0.00274767  -0.00113812    -0.00200601  -0.00484294
  0.00058284   0.00140710    -0.00058284  -0.00140710    -0.00083741   0.00034687
    6    2
 -0.00405357   0.00274252     0.00131849  -0.00119075    -0.05118812   0.00330737
 -0.00197542   0.00329237     0.00157582  -0.00127903    -0.03158768   0.00034285
 -0.00057755   0.00296659     0.00035286   0.00051298    -0.00077050  -0.00165857
    6    3
 -0.00405357  -0.00274252     0.00131849   0.00119075     0.05118812   0.00330737
 -0.00197542  -0.00329237     0.00157582   0.00127903     0.03158768   0.00034285
  0.00057755   0.00296659    -0.00035286   0.00051298    -0.00077050   0.00165857
    6    4
  0.00157582   0.00127903    -0.00197542  -0.00329237    -0.03158768  -0.00034285
  0.00131849   0.00119075    -0.00405357  -0.00274252    -0.05118812  -0.00330737
  0.00035286  -0.00051298    -0.00057755  -0.00296659    -0.00077050   0.00165857
    6    5
  0.00157582  -0.00127903    -0.00197542   0.00329237     0.03158768  -0.00034285
  0.00131849  -0.00119075    -0.00405357   0.00274252     0.05118812  -0.00330737
 -0.00035286  -0.00051298     0.00057755  -0.00296659    -0.00077050  -0.00165857
    6    6
  0.05356258   0.00000000     0.03238326   0.00000000     0.00000000  -0.00078776
  0.03238326  -0.00000000     0.05356258  -0.00000000     0.00000000   0.00078776
  0.00000000   0.00078776     0.00000000  -0.00078776     0.00492627   0.00000000
    6    7
 -0.04668264   0.00000000    -0.02778605   0.00000000     0.00000000  -0.00301971
 -0.02778605  -0.00000000    -0.04668264  -0.00000000     0.00000000   0.00301971
  0.00000000  -0.00301971     0.00000000   0.00301971    -0.00154952   0.00000000
    7    1
  0.00274767  -0.00113812     0.00341822  -0.00141587    -0.00200601  -0.00484294
  0.00341822  -0.00141587     0.00274767  -0.00113812     0.00200601   0.00484294
 -0.00058284  -0.00140710     0.00058284   0.00140710    -0.00083741   0.00034687
    7    2
 -0.00405357   0.00274252     0.00131849  -0.00119075     0.05118812  -0.00330737
 -0.00197542   0.00329237     0.00157582  -0.00127903     0.03158768  -0.00034285
  0.00057755  -0.00296659    -0.00035286  -0.00051298    -0.00077050  -0.00165857
    7    3
 -0.00405357  -0.00274252     0.00131849   0.00119075    -0.05118812  -0.00330737
 -0.00197542  -0.00329237     0.00157582   0.00127903    -0.03158768  -0.00034285
 -0.00057755  -0.00296659     0.00035286  -0.00051298    -0.00077050   0.00165857
    7    4
  0.00157582   0.00127903    -0.00197542  -0.00329237     0.03158768   0.00034285
  0.00131849   0.00119075    -0.00405357  -0.00274252     0.05118812   0.00330737
 -0.00035286   0.00051298     0.00057755   0.00296659    -0.00077050   0.00165857
    7    5
  0.00157582  -0.00127903    -0.00197542   0.00329237    -0.03158768   0.00034285
  0.00131849  -0.00119075    -0.00405357   0.00274252    -0.05118812   0.00330737
  0.00035286   0.00051298    -0.00057755   0.00296659    -0.00077050  -0.00165857
    7    6
 -0.04668264  -0.00000000    -0.02778605   0.00000000     0.00000000   0.00301971
 -0.02778605  -0.00000000    -0.04668264   0.00000000     0.00000000  -0.00301971
  0.00000000   0.00301971     0.00000000  -0.00301971    -0.00154952   0.00000000
    7    7
  0.05356258  -0.00000000     0.03238326  -0.00000000    -0.00000000   0.00078776
  0.03238326   0.00000000     0.05356258   0.00000000    -0.00000000  -0.00078776
 -0.00000000  -0.00078776    -0.00000000   0.00078776     0.00492627   0.00000000

     Dynamical  Matrix in cartesian axes

     q = (    0.108253200  -0.108253200   0.000000000 ) 

    1    1
  0.01864222  -0.00000000    -0.00672720  -0.00000000     0.00000000  -0.00000000
 -0.00672720  -0.00000000     0.01864222   0.00000000    -0.00000000  -0.00000000
  0.00000000  -0.00000000    -0.00000000  -0.00000000     0.00306078   0.00000000
    1    2
  0.00081200   0.00283288    -0.00153593   0.00221726     0.00000000   0.00000000
  0.00520262  -0.00311865     0.00048528  -0.00448033     0.00000000   0.00000000
  0.00000000   0.00000000     0.00000000   0.00000000    -0.00139884  -0.00508262
    1    3
  0.00081200  -0.00283288    -0.00153593  -0.00221726     0.00000000  -0.00000000
  0.00520262   0.00311865     0.00048528   0.00448033     0.00000000  -0.00000000
  0.00000000  -0.00000000     0.00000000  -0.00000000    -0.00139884   0.00508262
    1    4
  0.00048528  -0.00448033     0.00520262  -0.00311865     0.00000000   0.00000000
 -0.00153593   0.00221726     0.00081200   0.00283288     0.00000000   0.00000000
  0.00000000   0.00000000     0.00000000   0.00000000    -0.00139884  -0.00508262
    1    5
  0.00048528   0.00448033     0.00520262   0.00311865     0.00000000  -0.00000000
 -0.00153593  -0.00221726     0.00081200  -0.00283288     0.00000000  -0.00000000
  0.00000000  -0.00000000     0.00000000  -0.00000000    -0.00139884   0.00508262
    1    6
  0.00274767   0.00113812    -0.00341822  -0.00141587    -0.00058284   0.00140710
 -0.00341822  -0.00141587     0.00274767   0.00113812    -0.00058284   0.00140710
 -0.00200601   0.00484294    -0.00200601   0.00484294    -0.00083741  -0.00034687
    1    7
  0.00274767  -0.00113812    -0.00341822   0.00141587    -0.00058284  -0.00140710
 -0.00341822   0.00141587     0.00274767  -0.00113812    -0.00058284  -0.00140710
 -0.00200601  -0.00484294    -0.00200601  -0.00484294    -0.00083741   0.00034687
    2    1
  0.00081200  -0.00283288     0.00520262   0.00311865     0.00000000  -0.00000000
 -0.00153593  -0.00221726     0.00048528   0.00448033     0.00000000  -0.00000000
  0.00000000  -0.00000000     0.00000000  -0.00000000    -0.00139884   0.00508262
    2    2
  0.02715618  -0.00000000    -0.00117870   0.00392372    -0.00000000   0.00000000
 -0.00117870  -0.00392372     0.07927963   0.00000000    -0.00000000   0.00000000
 -0.00000000   0.00000000    -0.00000000   0.00000000     0.05479465  -0.00000000
    2    3
 -0.00648127  -0.00812341     0.00707209  -0.00908298     0.00000000   0.00000000
  0.00707209  -0.00908298    -0.07387465  -0.01140673     0.00000000   0.00000000
  0.00000000   0.00000000     0.00000000   0.00000000    -0.04065521  -0.03233288
    2    4
 -0.00009538  -0.00542510    -0.01942523  -0.00000000    -0.00000000  -0.00000000
 -0.07792459  -0.00000000    -0.00009538   0.00542510     0.00000000  -0.00000000
  0.00000000  -0.00000000     0.00000000  -0.00000000    -0.03432200  -0.00000000
    2    5
 -0.00789341   0.00943607     0.00998971   0.01264210    -0.00000000  -0.00000000
  0.07373153   0.01143200    -0.00789341   0.00943607    -0.00000000  -0.00000000
 -0.00000000  -0.00000000    -0.00000000  -0.00000000     0.02384027   0.02297329
    2    6
 -0.00480556  -0.00092706     0.00372489  -0.00093122    -0.00250609   0.00168930
 -0.00177430  -0.00009032     0.00201869   0.00020986     0.00011323  -0.00061224
 -0.03853413  -0.03385681     0.02257829   0.02209343     0.00062796  -0.00171761
    2    7
 -0.00405357   0.00274252     0.00197542  -0.00329237     0.00057755  -0.00296659
 -0.00131849   0.00119075     0.00157582  -0.00127903     0.00035286   0.00051298
  0.05118812  -0.00330737    -0.03158768   0.00034285    -0.00077050  -0.00165857
    3    1
  0.00081200   0.00283288     0.00520262  -0.00311865    -0.00000000   0.00000000
 -0.00153593   0.00221726     0.00048528  -0.00448033     0.00000000   0.00000000
 -0.00000000   0.00000000    -0.00000000   0.00000000    -0.00139884  -0.00508262
    3    2
 -0.00648127   0.00812341     0.00707209   0.00908298     0.00000000  -0.00000000
  0.00707209   0.00908298    -0.07387465   0.01140673     0.00000000  -0.00000000
  0.00000000  -0.00000000     0.00000000  -0.00000000    -0.04065521   0.03233288
    3    3
  0.02715618  -0.00000000    -0.00117870  -0.00392372    -0.00000000   0.00000000
 -0.00117870   0.00392372     0.07927963   0.00000000    -0.00000000   0.00000000
 -0.00000000  -0.00000000    -0.00000000  -0.00000000     0.05479465   0.00000000
    3    4
 -0.00789341  -0.00943607     0.00998971  -0.01264210    -0.00000000   0.00000000
  0.07373153  -0.01143200    -0.00789341  -0.00943607    -0.00000000   0.00000000
 -0.00000000   0.00000000    -0.00000000   0.00000000     0.02384027  -0.02297329
    3    5
 -0.00009538   0.00542510    -0.01942523  -0.00000000     0.00000000   0.00000000
 -0.07792459  -0.00000000    -0.00009538  -0.00542510     0.00000000   0.00000000
  0.00000000  -0.00000000     0.00000000  -0.00000000    -0.03432200  -0.00000000
    3    6
 -0.00405357  -0.00274252     0.00197542   0.00329237     0.00057755   0.00296659
 -0.00131849  -0.00119075     0.00157582   0.00127903     0.00035286  -0.00051298
  0.05118812   0.00330737    -0.03158768  -0.00034285    -0.00077050   0.00165857
    3    7
 -0.00480556   0.00092706     0.00372489   0.00093122    -0.00250609  -0.00168930
 -0.00177430   0.00009032     0.00201869  -0.00020986     0.00011323   0.00061224
 -0.03853413   0.03385681     0.02257829  -0.02209343     0.00062796   0.00171761
    4    1
  0.00048528   0.00448033    -0.00153593  -0.00221726     0.00000000  -0.00000000
  0.00520262   0.00311865     0.00081200  -0.00283288     0.00000000  -0.00000000
 -0.00000000  -0.00000000    -0.00000000  -0.00000000    -0.00139884   0.00508262
    4    2
 -0.00009538   0.00542510    -0.07792459   0.00000000     0.00000000  -0.00000000
 -0.01942523   0.00000000    -0.00009538  -0.00542510     0.00000000  -0.00000000
  0.00000000  -0.00000000     0.00000000  -0.00000000    -0.03432200   0.00000000
    4    3
 -0.00789341   0.00943607     0.07373153   0.01143200    -0.00000000  -0.00000000
  0.00998971   0.01264210    -0.00789341   0.00943607    -0.00000000  -0.00000000
 -0.00000000  -0.00000000     0.00000000  -0.00000000     0.02384027   0.02297329
    4    4
  0.07927963   0.00000000    -0.00117870  -0.00392372    -0.00000000   0.00000000
 -0.00117870   0.00392372     0.02715618   0.00000000    -0.00000000   0.00000000
 -0.00000000   0.00000000    -0.00000000   0.00000000     0.05479465  -0.00000000
    4    5
 -0.07387465  -0.01140673     0.00707209  -0.00908298     0.00000000   0.00000000
  0.00707209  -0.00908298    -0.00648127  -0.00812341     0.00000000   0.00000000
  0.00000000   0.00000000     0.00000000   0.00000000    -0.04065521  -0.03233288
    4    6
  0.00201869   0.00020986    -0.00177430  -0.00009032     0.00011323  -0.00061224
  0.00372489  -0.00093122    -0.00480556  -0.00092706    -0.00250609   0.00168930
  0.02257829   0.02209343    -0.03853413  -0.03385681     0.00062796  -0.00171761
    4    7
  0.00157582  -0.00127903    -0.00131849   0.00119075     0.00035286   0.00051298
  0.00197542  -0.00329237    -0.00405357   0.00274252     0.00057755  -0.00296659
 -0.03158768   0.00034285     0.05118812  -0.00330737    -0.00077050  -0.00165857
    5    1
  0.00048528  -0.00448033    -0.00153593   0.00221726    -0.00000000   0.00000000
  0.00520262  -0.00311865     0.00081200   0.00283288    -0.00000000   0.00000000
  0.00000000   0.00000000     0.00000000   0.00000000    -0.00139884  -0.00508262
    5    2
 -0.00789341  -0.00943607     0.07373153  -0.01143200    -0.00000000   0.00000000
  0.00998971  -0.01264210    -0.00789341  -0.00943607    -0.00000000   0.00000000
 -0.00000000   0.00000000    -0.00000000   0.00000000     0.02384027  -0.02297329
    5    3
 -0.00009538  -0.00542510    -0.07792459   0.00000000     0.00000000   0.00000000
 -0.01942523   0.00000000    -0.00009538   0.00542510     0.00000000   0.00000000
  0.00000000   0.00000000     0.00000000   0.00000000    -0.03432200   0.00000000
    5    4
 -0.07387465   0.01140673     0.00707209   0.00908298     0.00000000  -0.00000000
  0.00707209   0.00908298    -0.00648127   0.00812341     0.00000000  -0.00000000
  0.00000000  -0.00000000     0.00000000  -0.00000000    -0.04065521   0.03233288
    5    5
  0.07927963   0.00000000    -0.00117870   0.00392372    -0.00000000   0.00000000
 -0.00117870  -0.00392372     0.02715618  -0.00000000    -0.00000000   0.00000000
 -0.00000000   0.00000000    -0.00000000   0.00000000     0.05479465   0.00000000
    5    6
  0.00157582   0.00127903    -0.00131849  -0.00119075     0.00035286  -0.00051298
  0.00197542   0.00329237    -0.00405357  -0.00274252     0.00057755   0.00296659
 -0.03158768  -0.00034285     0.05118812   0.00330737    -0.00077050   0.00165857
    5    7
  0.00201869  -0.00020986    -0.00177430   0.00009032     0.00011323   0.00061224
  0.00372489   0.00093122    -0.00480556   0.00092706    -0.00250609  -0.00168930
  0.02257829  -0.02209343    -0.03853413   0.03385681     0.00062796   0.00171761
    6    1
  0.00274767  -0.00113812    -0.00341822   0.00141587    -0.00200601  -0.00484294
 -0.00341822   0.00141587     0.00274767  -0.00113812    -0.00200601  -0.00484294
 -0.00058284  -0.00140710    -0.00058284  -0.00140710    -0.00083741   0.00034687
    6    2
 -0.00480556   0.00092706    -0.00177430   0.00009032    -0.03853413   0.03385681
  0.00372489   0.00093122     0.00201869  -0.00020986     0.02257829  -0.02209343
 -0.00250609  -0.00168930     0.00011323   0.00061224     0.00062796   0.00171761
    6    3
 -0.00405357   0.00274252    -0.00131849   0.00119075     0.05118812  -0.00330737
  0.00197542  -0.00329237     0.00157582  -0.00127903    -0.03158768   0.00034285
  0.00057755  -0.00296659     0.00035286   0.00051298    -0.00077050  -0.00165857
    6    4
  0.00201869  -0.00020986     0.00372489   0.00093122     0.02257829  -0.02209343
 -0.00177430   0.00009032    -0.00480556   0.00092706    -0.03853413   0.03385681
  0.00011323   0.00061224    -0.00250609  -0.00168930     0.00062796   0.00171761
    6    5
  0.00157582  -0.00127903     0.00197542  -0.00329237    -0.03158768   0.00034285
 -0.00131849   0.00119075    -0.00405357   0.00274252     0.05118812  -0.00330737
  0.00035286   0.00051298     0.00057755  -0.00296659    -0.00077050  -0.00165857
    6    6
  0.05356258   0.00000000    -0.03238326   0.00000000     0.00000000   0.00078776
 -0.03238326   0.00000000     0.05356258   0.00000000     0.00000000   0.00078776
  0.00000000  -0.00078776     0.00000000  -0.00078776     0.00492627   0.00000000
    6    7
 -0.03300960   0.03300962     0.01964770  -0.01964770     0.00213526   0.00213526
  0.01964770  -0.01964770    -0.03300960   0.03300962     0.00213526   0.00213526
  0.00213526   0.00213526     0.00213526   0.00213526    -0.00109567   0.00109567
    7    1
  0.00274767   0.00113812    -0.00341822  -0.00141587    -0.00200601   0.00484294
 -0.00341822  -0.00141587     0.00274767   0.00113812    -0.00200601   0.00484294
 -0.00058284   0.00140710    -0.00058284   0.00140710    -0.00083741  -0.00034687
    7    2
 -0.00405357  -0.00274252    -0.00131849  -0.00119075     0.05118812   0.00330737
  0.00197542   0.00329237     0.00157582   0.00127903    -0.03158768  -0.00034285
  0.00057755   0.00296659     0.00035286  -0.00051298    -0.00077050   0.00165857
    7    3
 -0.00480556  -0.00092706    -0.00177430  -0.00009032    -0.03853413  -0.03385681
  0.00372489  -0.00093122     0.00201869   0.00020986     0.02257829   0.02209343
 -0.00250609   0.00168930     0.00011323  -0.00061224     0.00062796  -0.00171761
    7    4
  0.00157582   0.00127903     0.00197542   0.00329237    -0.03158768  -0.00034285
 -0.00131849  -0.00119075    -0.00405357  -0.00274252     0.05118812   0.00330737
  0.00035286  -0.00051298     0.00057755   0.00296659    -0.00077050   0.00165857
    7    5
  0.00201869   0.00020986     0.00372489  -0.00093122     0.02257829   0.02209343
 -0.00177430  -0.00009032    -0.00480556  -0.00092706    -0.03853413  -0.03385681
  0.00011323  -0.00061224    -0.00250609   0.00168930     0.00062796  -0.00171761
    7    6
 -0.03300960  -0.03300962     0.01964770   0.01964770     0.00213526  -0.00213526
  0.01964770   0.01964770    -0.03300960  -0.03300962     0.00213526  -0.00213526
  0.00213526  -0.00213526     0.00213526  -0.00213526    -0.00109567  -0.00109567
    7    7
  0.05356258  -0.00000000    -0.03238326  -0.00000000     0.00000000  -0.00078776
 -0.03238326  -0.00000000     0.05356258  -0.00000000     0.00000000  -0.00078776
  0.00000000   0.00078776     0.00000000   0.00078776     0.00492627   0.00000000

     Dynamical  Matrix in cartesian axes

     q = (   -0.108253200   0.108253200   0.000000000 ) 

    1    1
  0.01864222   0.00000000    -0.00672720   0.00000000     0.00000000   0.00000000
 -0.00672720   0.00000000     0.01864222   0.00000000    -0.00000000   0.00000000
  0.00000000   0.00000000    -0.00000000   0.00000000     0.00306078   0.00000000
    1    2
  0.00081200  -0.00283288    -0.00153593  -0.00221726     0.00000000  -0.00000000
  0.00520262   0.00311865     0.00048528   0.00448033     0.00000000   0.00000000
  0.00000000  -0.00000000     0.00000000  -0.00000000    -0.00139884   0.00508262
    1    3
  0.00081200   0.00283288    -0.00153593   0.00221726     0.00000000   0.00000000
  0.00520262  -0.00311865     0.00048528  -0.00448033     0.00000000   0.00000000
  0.00000000   0.00000000     0.00000000   0.00000000    -0.00139884  -0.00508262
    1    4
  0.00048528   0.00448033     0.00520262   0.00311865     0.00000000  -0.00000000
 -0.00153593  -0.00221726     0.00081200  -0.00283288     0.00000000  -0.00000000
  0.00000000  -0.00000000     0.00000000  -0.00000000    -0.00139884   0.00508262
    1    5
  0.00048528  -0.00448033     0.00520262  -0.00311865     0.00000000   0.00000000
 -0.00153593   0.00221726     0.00081200   0.00283288     0.00000000   0.00000000
  0.00000000   0.00000000     0.00000000   0.00000000    -0.00139884  -0.00508262
    1    6
  0.00274767  -0.00113812    -0.00341822   0.00141587    -0.00058284  -0.00140710
 -0.00341822   0.00141587     0.00274767  -0.00113812    -0.00058284  -0.00140710
 -0.00200601  -0.00484294    -0.00200601  -0.00484294    -0.00083741   0.00034687
    1    7
  0.00274767   0.00113812    -0.00341822  -0.00141587    -0.00058284   0.00140710
 -0.00341822  -0.00141587     0.00274767   0.00113812    -0.00058284   0.00140710
