  3.500000000000000E-002   1.26001304832687        2.38111420361614     
          12

     Dynamical  Matrix in cartesian axes

     q = (   -0.866025400  -0.324759500  -0.324759500 ) 

    1    1
  0.02120946   0.00000000     0.00000000   0.00000000    -0.00000000   0.00000000
  0.00000000  -0.00000000     0.15633767  -0.00000000    -0.01842358  -0.00000000
 -0.00000000  -0.00000000    -0.01842358  -0.00000000     0.15633767  -0.00000000
    1    2
  0.00000000   0.00000000    -0.00760856   0.00315157    -0.00760856   0.00315157
 -0.01384567   0.00573507     0.00598671   0.01445320    -0.00562552  -0.01358120
 -0.01384567   0.00573507     0.00562552   0.01358120    -0.00598671  -0.01445320
    1    3
  0.00000000   0.00000000    -0.00760856   0.00315157    -0.00760856   0.00315157
 -0.01384567   0.00573507    -0.00598671  -0.01445320     0.00562552   0.01358120
 -0.01384567   0.00573507    -0.00562552  -0.01358120     0.00598671   0.01445320
    1    4
 -0.00562732   0.00329314    -0.00000000   0.00000000     0.00000000  -0.00000000
 -0.00000000  -0.00000000    -0.02164881   0.02611461    -0.02084299  -0.02476790
  0.00000000  -0.00000000     0.01460620   0.04092025     0.02351194  -0.01818840
    1    5
 -0.00630772   0.00165052     0.00000000   0.00000000    -0.00000000   0.00000000
  0.00000000   0.00000000    -0.03377384  -0.00315779     0.00277534   0.03225177
 -0.00000000   0.00000000    -0.01860685  -0.03926313     0.02948659  -0.00376432
    1    6
 -0.00630772   0.00165052    -0.00000000  -0.00000000     0.00000000   0.00000000
 -0.00000000   0.00000000     0.02948659  -0.00376432    -0.01860685  -0.03926313
  0.00000000   0.00000000     0.00277534   0.03225177    -0.03377384  -0.00315779
    1    7
 -0.00562732   0.00329314     0.00000000  -0.00000000    -0.00000000   0.00000000
  0.00000000  -0.00000000     0.02351194  -0.01818840     0.01460620   0.04092025
 -0.00000000  -0.00000000    -0.02084299  -0.02476790    -0.02164881   0.02611461
    2    1
  0.00000000  -0.00000000    -0.01384567  -0.00573507    -0.01384567  -0.00573507
 -0.00760856  -0.00315157     0.00598671  -0.01445320     0.00562552  -0.01358120
 -0.00760856  -0.00315157    -0.00562552   0.01358120    -0.00598671   0.01445320
    2    2
  0.01294321   0.00000000     0.00000000  -0.00295291    -0.00000000   0.00295291
  0.00000000   0.00295291     0.04151069  -0.00000000    -0.01042947   0.00000000
 -0.00000000  -0.00295291    -0.01042947   0.00000000     0.04151069  -0.00000000
    2    3
 -0.00274460   0.00000000     0.00000000   0.00295796     0.00000000  -0.00295796
  0.00000000   0.00295796     0.00456921  -0.00000000    -0.01125622   0.00000000
 -0.00000000  -0.00295796    -0.01125622   0.00000000     0.00456921  -0.00000000
    2    4
  0.00181547  -0.00136115     0.00618987  -0.00637658    -0.00350700   0.00264356
  0.02323875   0.00024001     0.02011541  -0.00458369    -0.00641271  -0.00440292
 -0.01306462   0.00081185    -0.00315161  -0.00441694     0.00758112  -0.00227667
    2    5
 -0.00181547  -0.00136115     0.00618987   0.00637658    -0.00350700  -0.00264356
  0.02323875  -0.00024001    -0.02011541  -0.00458369     0.00641271  -0.00440292
 -0.01306462  -0.00081185     0.00315161  -0.00441694    -0.00758112  -0.00227667
    2    6
  0.00181547   0.00136115    -0.00350700  -0.00264356     0.00618987   0.00637658
 -0.01306462  -0.00081185     0.00758112   0.00227667    -0.00315161   0.00441694
  0.02323875  -0.00024001    -0.00641271   0.00440292     0.02011541   0.00458369
    2    7
 -0.00181547   0.00136115    -0.00350700   0.00264356     0.00618987  -0.00637658
 -0.01306462   0.00081185    -0.00758112   0.00227667     0.00315161   0.00441694
  0.02323875   0.00024001     0.00641271   0.00440292    -0.02011541   0.00458369
    3    1
  0.00000000  -0.00000000    -0.01384567  -0.00573507    -0.01384567  -0.00573507
 -0.00760856  -0.00315157    -0.00598671   0.01445320    -0.00562552   0.01358120
 -0.00760856  -0.00315157     0.00562552  -0.01358120     0.00598671  -0.01445320
    3    2
 -0.00274460  -0.00000000     0.00000000  -0.00295796     0.00000000   0.00295796
  0.00000000  -0.00295796     0.00456921   0.00000000    -0.01125622  -0.00000000
 -0.00000000   0.00295796    -0.01125622  -0.00000000     0.00456921   0.00000000
    3    3
  0.01294321  -0.00000000     0.00000000   0.00295291    -0.00000000  -0.00295291
  0.00000000  -0.00295291     0.04151069   0.00000000    -0.01042947   0.00000000
 -0.00000000   0.00295291    -0.01042947   0.00000000     0.04151069   0.00000000
    3    4
 -0.00181547   0.00136115     0.00618987  -0.00637658    -0.00350700   0.00264356
  0.02323875   0.00024001    -0.02011541   0.00458369     0.00641271   0.00440292
 -0.01306462   0.00081185     0.00315161   0.00441694    -0.00758112   0.00227667
    3    5
  0.00181547   0.00136115     0.00618987   0.00637658    -0.00350700  -0.00264356
  0.02323875  -0.00024001     0.02011541   0.00458369    -0.00641271   0.00440292
 -0.01306462  -0.00081185    -0.00315161   0.00441694     0.00758112   0.00227667
    3    6
 -0.00181547  -0.00136115    -0.00350700  -0.00264356     0.00618987   0.00637658
 -0.01306462  -0.00081185    -0.00758112  -0.00227667     0.00315161  -0.00441694
  0.02323875  -0.00024001     0.00641271  -0.00440292    -0.02011541  -0.00458369
    3    7
  0.00181547  -0.00136115    -0.00350700   0.00264356     0.00618987  -0.00637658
 -0.01306462   0.00081185     0.00758112  -0.00227667    -0.00315161  -0.00441694
  0.02323875   0.00024001    -0.00641271  -0.00440292     0.02011541  -0.00458369
    4    1
 -0.00562732  -0.00329314    -0.00000000   0.00000000     0.00000000   0.00000000
 -0.00000000  -0.00000000    -0.02164881  -0.02611461     0.01460620  -0.04092025
  0.00000000   0.00000000    -0.02084299   0.02476790     0.02351194   0.01818840
    4    2
  0.00181547   0.00136115     0.02323875  -0.00024001    -0.01306462  -0.00081185
  0.00618987   0.00637658     0.02011541   0.00458369    -0.00315161   0.00441694
 -0.00350700  -0.00264356    -0.00641271   0.00440292     0.00758112   0.00227667
    4    3
 -0.00181547  -0.00136115     0.02323875  -0.00024001    -0.01306462  -0.00081185
  0.00618987   0.00637658    -0.02011541  -0.00458369     0.00315161  -0.00441694
 -0.00350700  -0.00264356     0.00641271  -0.00440292    -0.00758112  -0.00227667
    4    4
  0.03064449  -0.00000000     0.00000000   0.00000000    -0.00000000   0.00000000
  0.00000000   0.00000000     0.05815775   0.00000000    -0.00995924  -0.00767700
 -0.00000000  -0.00000000    -0.00995924   0.00767700     0.06206692  -0.00000000
    4    5
  0.02523578  -0.00000007     0.00000000  -0.00000000     0.00000000  -0.00000000
  0.00000000  -0.00000000    -0.01329806  -0.00689489     0.01555513  -0.01652687
  0.00000000  -0.00000000     0.01555513  -0.01652687    -0.01672477   0.01480193
    4    6
 -0.01677947  -0.00259391    -0.00000000   0.00000000    -0.00000000   0.00000000
 -0.00000000   0.00000000     0.00120243   0.00607544    -0.01269360   0.02346959
 -0.00000000   0.00000000    -0.03569504   0.03403211     0.00120243   0.00607544
    4    7
 -0.01712223   0.00000000    -0.00000000  -0.00000000     0.00000000   0.00000000
  0.00000000  -0.00000000    -0.03571280   0.00031373     0.01605216  -0.00000000
  0.00000000   0.00000000     0.03106749  -0.00000000    -0.03571280  -0.00031373
    5    1
 -0.00630772  -0.00165052     0.00000000   0.00000000    -0.00000000   0.00000000
  0.00000000  -0.00000000    -0.03377384   0.00315779    -0.01860685   0.03926313
 -0.00000000  -0.00000000     0.00277534  -0.03225177     0.02948659   0.00376432
    5    2
 -0.00181547   0.00136115     0.02323875   0.00024001    -0.01306462   0.00081185
  0.00618987  -0.00637658    -0.02011541   0.00458369     0.00315161   0.00441694
 -0.00350700   0.00264356     0.00641271   0.00440292    -0.00758112   0.00227667
    5    3
  0.00181547  -0.00136115     0.02323875   0.00024001    -0.01306462   0.00081185
  0.00618987  -0.00637658     0.02011541  -0.00458369    -0.00315161  -0.00441694
 -0.00350700   0.00264356    -0.00641271  -0.00440292     0.00758112  -0.00227667
    5    4
  0.02523578   0.00000007     0.00000000   0.00000000     0.00000000   0.00000000
  0.00000000   0.00000000    -0.01329806   0.00689489     0.01555513   0.01652687
  0.00000000   0.00000000     0.01555513   0.01652687    -0.01672477  -0.01480193
    5    5
  0.03064449   0.00000000     0.00000000   0.00000000    -0.00000000   0.00000000
  0.00000000  -0.00000000     0.05815775   0.00000000    -0.00995924   0.00767700
 -0.00000000   0.00000000    -0.00995924  -0.00767700     0.06206692   0.00000000
    5    6
 -0.01712223  -0.00000000    -0.00000000   0.00000000     0.00000000  -0.00000000
  0.00000000   0.00000000    -0.03571280  -0.00031373     0.01605216   0.00000000
  0.00000000  -0.00000000     0.03106749  -0.00000000    -0.03571280   0.00031373
    5    7
 -0.01677947   0.00259391    -0.00000000  -0.00000000    -0.00000000  -0.00000000
 -0.00000000  -0.00000000     0.00120243  -0.00607544    -0.01269360  -0.02346959
 -0.00000000  -0.00000000    -0.03569504  -0.03403211     0.00120243  -0.00607544
    6    1
 -0.00630772  -0.00165052    -0.00000000  -0.00000000     0.00000000   0.00000000
  0.00000000   0.00000000     0.02948659   0.00376432     0.00277534  -0.03225177
  0.00000000  -0.00000000    -0.01860685   0.03926313    -0.03377384   0.00315779
    6    2
  0.00181547  -0.00136115    -0.01306462   0.00081185     0.02323875   0.00024001
 -0.00350700   0.00264356     0.00758112  -0.00227667    -0.00641271  -0.00440292
  0.00618987  -0.00637658    -0.00315161  -0.00441694     0.02011541  -0.00458369
    6    3
 -0.00181547   0.00136115    -0.01306462   0.00081185     0.02323875   0.00024001
 -0.00350700   0.00264356    -0.00758112   0.00227667     0.00641271   0.00440292
  0.00618987  -0.00637658     0.00315161   0.00441694    -0.02011541   0.00458369
    6    4
 -0.01677947   0.00259391    -0.00000000  -0.00000000    -0.00000000  -0.00000000
 -0.00000000  -0.00000000     0.00120243  -0.00607544    -0.03569504  -0.03403211
 -0.00000000  -0.00000000    -0.01269360  -0.02346959     0.00120243  -0.00607544
    6    5
 -0.01712223  -0.00000000     0.00000000  -0.00000000     0.00000000   0.00000000
  0.00000000  -0.00000000    -0.03571280   0.00031373     0.03106749  -0.00000000
  0.00000000   0.00000000     0.01605216   0.00000000    -0.03571280  -0.00031373
    6    6
  0.03064449   0.00000000     0.00000000  -0.00000000    -0.00000000  -0.00000000
  0.00000000   0.00000000     0.06206692   0.00000000    -0.00995924  -0.00767700
 -0.00000000  -0.00000000    -0.00995924   0.00767700     0.05815775  -0.00000000
    6    7
  0.02523578   0.00000007     0.00000000   0.00000000     0.00000000   0.00000000
  0.00000000   0.00000000    -0.01672477  -0.01480193     0.01555513   0.01652687
  0.00000000   0.00000000     0.01555513   0.01652687    -0.01329806   0.00689489
    7    1
 -0.00562732  -0.00329314     0.00000000   0.00000000    -0.00000000   0.00000000
  0.00000000   0.00000000     0.02351194   0.01818840    -0.02084299   0.02476790
 -0.00000000  -0.00000000     0.01460620  -0.04092025    -0.02164881  -0.02611461
    7    2
 -0.00181547  -0.00136115    -0.01306462  -0.00081185     0.02323875  -0.00024001
 -0.00350700  -0.00264356    -0.00758112  -0.00227667     0.00641271  -0.00440292
  0.00618987   0.00637658     0.00315161  -0.00441694    -0.02011541  -0.00458369
    7    3
  0.00181547   0.00136115    -0.01306462  -0.00081185     0.02323875  -0.00024001
 -0.00350700  -0.00264356     0.00758112   0.00227667    -0.00641271   0.00440292
  0.00618987   0.00637658    -0.00315161   0.00441694     0.02011541   0.00458369
    7    4
 -0.01712223  -0.00000000     0.00000000   0.00000000     0.00000000  -0.00000000
  0.00000000   0.00000000    -0.03571280  -0.00031373     0.03106749   0.00000000
  0.00000000   0.00000000     0.01605216   0.00000000    -0.03571280   0.00031373
    7    5
 -0.01677947  -0.00259391    -0.00000000   0.00000000    -0.00000000   0.00000000
 -0.00000000   0.00000000     0.00120243   0.00607544    -0.03569504   0.03403211
 -0.00000000   0.00000000    -0.01269360   0.02346959     0.00120243   0.00607544
    7    6
  0.02523578  -0.00000007     0.00000000  -0.00000000     0.00000000  -0.00000000
  0.00000000  -0.00000000    -0.01672477   0.01480193     0.01555513  -0.01652687
  0.00000000  -0.00000000     0.01555513  -0.01652687    -0.01329806  -0.00689489
    7    7
  0.03064449  -0.00000000     0.00000000   0.00000000    -0.00000000  -0.00000000
  0.00000000  -0.00000000     0.06206692  -0.00000000    -0.00995924   0.00767700
 -0.00000000   0.00000000    -0.00995924  -0.00767700     0.05815775  -0.00000000

     Dynamical  Matrix in cartesian axes

     q = (   -0.324759500  -0.866025400   0.324759500 ) 

    1    1
  0.15633767  -0.00000000     0.00000000   0.00000000     0.01842358  -0.00000000
  0.00000000  -0.00000000     0.02120946  -0.00000000    -0.00000000  -0.00000000
  0.01842358   0.00000000    -0.00000000   0.00000000     0.15633767  -0.00000000
    1    2
  0.02164881   0.02611461     0.00000000  -0.00000000    -0.02084299   0.02476790
 -0.00000000  -0.00000000     0.00562732   0.00329314     0.00000000   0.00000000
  0.01460620  -0.04092025     0.00000000   0.00000000    -0.02351194  -0.01818840
    1    3
 -0.02164881   0.02611461    -0.00000000  -0.00000000     0.02084299   0.02476790
 -0.00000000   0.00000000    -0.00562732   0.00329314    -0.00000000   0.00000000
 -0.01460620  -0.04092025    -0.00000000   0.00000000     0.02351194  -0.01818840
    1    4
 -0.00598671  -0.01445320    -0.01384567   0.00573507    -0.00562552  -0.01358120
 -0.00760856   0.00315157     0.00000000   0.00000000     0.00760856  -0.00315157
  0.00562552   0.01358120     0.01384567  -0.00573507     0.00598671   0.01445320
    1    5
  0.00598671  -0.01445320     0.01384567   0.00573507     0.00562552  -0.01358120
  0.00760856   0.00315157     0.00000000  -0.00000000    -0.00760856  -0.00315157
 -0.00562552   0.01358120    -0.01384567  -0.00573507    -0.00598671   0.01445320
    1    6
  0.02351194   0.01818840    -0.00000000  -0.00000000    -0.01460620   0.04092026
 -0.00000000   0.00000000    -0.00562732  -0.00329314     0.00000000   0.00000000
  0.02084299  -0.02476791     0.00000000   0.00000000    -0.02164881  -0.02611461
    1    7
 -0.02351194   0.01818840    -0.00000000   0.00000000     0.01460620   0.04092025
 -0.00000000   0.00000000     0.00562732  -0.00329314    -0.00000000   0.00000000
 -0.02084299  -0.02476790    -0.00000000  -0.00000000     0.02164881  -0.02611461
    2    1
  0.02164881  -0.02611461    -0.00000000   0.00000000     0.01460620   0.04092025
 -0.00000000   0.00000000     0.00562732  -0.00329314     0.00000000  -0.00000000
 -0.02084299  -0.02476790     0.00000000   0.00000000    -0.02351194   0.01818840
    2    2
  0.05815775  -0.00000000    -0.00000000   0.00000000     0.00995924  -0.00767700
 -0.00000000  -0.00000000     0.03064449   0.00000000    -0.00000000   0.00000000
  0.00995924   0.00767700    -0.00000000  -0.00000000     0.06206692   0.00000000
    2    3
  0.00452772  -0.01427857    -0.00000000   0.00000000     0.02268540   0.00068712
 -0.00000000   0.00000000    -0.01784444   0.01784434     0.00000000   0.00000000
  0.02268540   0.00068712     0.00000000   0.00000000     0.02229274  -0.00135966
    2    4
 -0.01098258   0.01746490     0.00013203   0.00888582    -0.00535177  -0.00089472
 -0.01660198   0.01626257    -0.00032125   0.00224621    -0.00866402   0.00981215
 -0.00764781   0.00142114    -0.00061054   0.00434910    -0.00375081   0.00697051
    2    5
 -0.02011541   0.00458369     0.00618987  -0.00637658    -0.00315161  -0.00441694
  0.02323875   0.00024001    -0.00181547   0.00136115     0.01306462  -0.00081185
 -0.00641271  -0.00440292     0.00350700  -0.00264356    -0.00758112   0.00227667
    2    6
  0.03571280   0.00031373    -0.00000000   0.00000000     0.01605216  -0.00000000
 -0.00000000  -0.00000000     0.01712223  -0.00000000    -0.00000000   0.00000000
  0.03106749  -0.00000000    -0.00000000   0.00000000     0.03571280  -0.00031373
    2    7
 -0.00344574  -0.00514623    -0.00000000  -0.00000000     0.02557124   0.00761977
 -0.00000000   0.00000000    -0.01003071   0.01369905     0.00000000   0.00000000
  0.04930454  -0.00117588     0.00000000  -0.00000000    -0.00344574  -0.00514623
    3    1
 -0.02164881  -0.02611461    -0.00000000  -0.00000000    -0.01460620   0.04092025
 -0.00000000   0.00000000    -0.00562732  -0.00329314    -0.00000000  -0.00000000
  0.02084299  -0.02476790    -0.00000000  -0.00000000     0.02351194   0.01818840
    3    2
  0.00452772   0.01427857    -0.00000000  -0.00000000     0.02268540  -0.00068712
 -0.00000000  -0.00000000    -0.01784444  -0.01784434     0.00000000  -0.00000000
  0.02268540  -0.00068712     0.00000000  -0.00000000     0.02229274   0.00135966
    3    3
  0.05815775  -0.00000000     0.00000000  -0.00000000     0.00995924   0.00767700
  0.00000000   0.00000000     0.03064449  -0.00000000    -0.00000000   0.00000000
  0.00995924  -0.00767700    -0.00000000   0.00000000     0.06206692  -0.00000000
    3    4
 -0.02011541  -0.00458369     0.00618987   0.00637658    -0.00315161   0.00441694
  0.02323875  -0.00024001    -0.00181547  -0.00136115     0.01306462   0.00081185
 -0.00641271   0.00440292     0.00350700   0.00264356    -0.00758112  -0.00227667
    3    5
 -0.01098258  -0.01746490     0.00013203  -0.00888582    -0.00535177   0.00089472
 -0.01660198  -0.01626257    -0.00032125  -0.00224621    -0.00866402  -0.00981215
 -0.00764781  -0.00142114    -0.00061054  -0.00434910    -0.00375081  -0.00697051
    3    6
 -0.00344574   0.00514623    -0.00000000   0.00000000     0.02557124  -0.00761977
 -0.00000000  -0.00000000    -0.01003071  -0.01369905     0.00000000  -0.00000000
  0.04930454   0.00117588     0.00000000   0.00000000    -0.00344574   0.00514623
    3    7
  0.03571280  -0.00031373    -0.00000000  -0.00000000     0.01605216   0.00000000
 -0.00000000   0.00000000     0.01712223   0.00000000    -0.00000000   0.00000000
  0.03106749   0.00000000    -0.00000000  -0.00000000     0.03571280   0.00031373
    4    1
 -0.00598671   0.01445320    -0.00760856  -0.00315157     0.00562552  -0.01358120
 -0.01384567  -0.00573507     0.00000000  -0.00000000     0.01384567   0.00573507
 -0.00562552   0.01358120     0.00760856   0.00315157     0.00598671  -0.01445320
    4    2
 -0.01098258  -0.01746490    -0.01660198  -0.01626257    -0.00764781  -0.00142114
  0.00013203  -0.00888582    -0.00032125  -0.00224621    -0.00061054  -0.00434910
 -0.00535177   0.00089472    -0.00866402  -0.00981215    -0.00375081  -0.00697051
    4    3
 -0.02011541   0.00458369     0.02323875   0.00024001    -0.00641271  -0.00440292
  0.00618987  -0.00637658    -0.00181547   0.00136115     0.00350700  -0.00264356
 -0.00315161  -0.00441694     0.01306462  -0.00081185    -0.00758112   0.00227667
    4    4
  0.04151069   0.00000000    -0.00000000  -0.00295291     0.01042947   0.00000000
 -0.00000000   0.00295291     0.01294321   0.00000000    -0.00000000   0.00295291
  0.01042947   0.00000000    -0.00000000  -0.00295291     0.04151069   0.00000000
    4    5
 -0.00323092  -0.00323092    -0.00209160   0.00209160    -0.00795935  -0.00795935
 -0.00209160   0.00209160     0.00194072   0.00194072    -0.00209160   0.00209160
 -0.00795935  -0.00795935    -0.00209160   0.00209160    -0.00323092  -0.00323092
    4    6
 -0.00375081  -0.00697051    -0.00866402  -0.00981215    -0.00535177   0.00089472
 -0.00061054  -0.00434910    -0.00032125  -0.00224621     0.00013203  -0.00888582
 -0.00764781  -0.00142114    -0.01660199  -0.01626257    -0.01098258  -0.01746490
    4    7
 -0.00758112   0.00227667     0.01306462  -0.00081185    -0.00315161  -0.00441694
  0.00350700  -0.00264356    -0.00181547   0.00136115     0.00618987  -0.00637658
 -0.00641271  -0.00440292     0.02323875   0.00024001    -0.02011541   0.00458369
    5    1
  0.00598671   0.01445320     0.00760856  -0.00315157    -0.00562552  -0.01358120
  0.01384567  -0.00573507     0.00000000   0.00000000    -0.01384567   0.00573507
  0.00562552   0.01358120    -0.00760856   0.00315157    -0.00598671  -0.01445320
    5    2
 -0.02011541  -0.00458369     0.02323875  -0.00024001    -0.00641271   0.00440292
  0.00618987   0.00637658    -0.00181547  -0.00136115     0.00350700   0.00264356
 -0.00315161   0.00441694     0.01306462   0.00081185    -0.00758112  -0.00227667
    5    3
 -0.01098258   0.01746490    -0.01660198   0.01626257    -0.00764781   0.00142114
  0.00013203   0.00888582    -0.00032125   0.00224621    -0.00061054   0.00434910
 -0.00535177  -0.00089472    -0.00866402   0.00981215    -0.00375081   0.00697051
    5    4
 -0.00323092   0.00323092    -0.00209160  -0.00209160    -0.00795935   0.00795935
 -0.00209160  -0.00209160     0.00194072  -0.00194072    -0.00209160  -0.00209160
 -0.00795935   0.00795935    -0.00209160  -0.00209160    -0.00323092   0.00323092
    5    5
  0.04151069   0.00000000    -0.00000000   0.00295291     0.01042947   0.00000000
 -0.00000000  -0.00295291     0.01294321   0.00000000    -0.00000000  -0.00295291
  0.01042947   0.00000000    -0.00000000   0.00295291     0.04151069  -0.00000000
    5    6
 -0.00758112  -0.00227667     0.01306462   0.00081185    -0.00315161   0.00441694
  0.00350700   0.00264356    -0.00181547  -0.00136115     0.00618987   0.00637658
 -0.00641271   0.00440292     0.02323875  -0.00024001    -0.02011541  -0.00458369
    5    7
 -0.00375081   0.00697051    -0.00866402   0.00981215    -0.00535177  -0.00089472
 -0.00061054   0.00434910    -0.00032125   0.00224621     0.00013203   0.00888582
 -0.00764781   0.00142114    -0.01660199   0.01626257    -0.01098258   0.01746490
    6    1
  0.02351194  -0.01818840    -0.00000000   0.00000000     0.02084299   0.02476791
  0.00000000   0.00000000    -0.00562732   0.00329314     0.00000000  -0.00000000
 -0.01460620  -0.04092026     0.00000000  -0.00000000    -0.02164881   0.02611461
    6    2
  0.03571280  -0.00031373    -0.00000000   0.00000000     0.03106749   0.00000000
 -0.00000000   0.00000000     0.01712223   0.00000000    -0.00000000  -0.00000000
  0.01605216   0.00000000    -0.00000000   0.00000000     0.03571280   0.00031373
    6    3
 -0.00344574  -0.00514623    -0.00000000   0.00000000     0.04930454  -0.00117588
 -0.00000000  -0.00000000    -0.01003071   0.01369905     0.00000000  -0.00000000
  0.02557124   0.00761977     0.00000000   0.00000000    -0.00344574  -0.00514623
    6    4
 -0.00375081   0.00697051    -0.00061054   0.00434910    -0.00764781   0.00142114
 -0.00866402   0.00981215    -0.00032125   0.00224621    -0.01660199   0.01626257
 -0.00535177  -0.00089472     0.00013203   0.00888582    -0.01098258   0.01746490
    6    5
 -0.00758112   0.00227667     0.00350700  -0.00264356    -0.00641271  -0.00440292
  0.01306462  -0.00081185    -0.00181547   0.00136115     0.02323875   0.00024001
 -0.00315161  -0.00441694     0.00618987  -0.00637658    -0.02011541   0.00458369
    6    6
  0.06206692   0.00000000     0.00000000  -0.00000000     0.00995924   0.00767700
  0.00000000   0.00000000     0.03064449   0.00000000    -0.00000000   0.00000000
  0.00995924  -0.00767700    -0.00000000  -0.00000000     0.05815775  -0.00000000
    6    7
  0.02229274  -0.00135966    -0.00000000  -0.00000000     0.02268540   0.00068712
 -0.00000000  -0.00000000    -0.01784444   0.01784434     0.00000000  -0.00000000
  0.02268540   0.00068712     0.00000000  -0.00000000     0.00452773  -0.01427857
    7    1
 -0.02351194  -0.01818840    -0.00000000  -0.00000000    -0.02084299   0.02476790
 -0.00000000  -0.00000000     0.00562732   0.00329314    -0.00000000   0.00000000
  0.01460620  -0.04092025    -0.00000000  -0.00000000     0.02164881   0.02611461
    7    2
 -0.00344574   0.00514623    -0.00000000  -0.00000000     0.04930454   0.00117588
 -0.00000000   0.00000000    -0.01003071  -0.01369905     0.00000000   0.00000000
  0.02557124  -0.00761977     0.00000000  -0.00000000    -0.00344574   0.00514623
    7    3
  0.03571280   0.00031373    -0.00000000  -0.00000000     0.03106749  -0.00000000
 -0.00000000   0.00000000     0.01712223  -0.00000000    -0.00000000   0.00000000
  0.01605216  -0.00000000    -0.00000000   0.00000000     0.03571280  -0.00031373
    7    4
 -0.00758112  -0.00227667     0.00350700   0.00264356    -0.00641271   0.00440292
  0.01306462   0.00081185    -0.00181547  -0.00136115     0.02323875  -0.00024001
 -0.00315161   0.00441694     0.00618987   0.00637658    -0.02011541  -0.00458369
    7    5
 -0.00375081  -0.00697051    -0.00061054  -0.00434910    -0.00764781  -0.00142114
 -0.00866402  -0.00981215    -0.00032125  -0.00224621    -0.01660199  -0.01626257
 -0.00535177   0.00089472     0.00013203  -0.00888582    -0.01098258  -0.01746490
    7    6
  0.02229274   0.00135966    -0.00000000   0.00000000     0.02268540  -0.00068712
 -0.00000000   0.00000000    -0.01784444  -0.01784434     0.00000000   0.00000000
  0.02268540  -0.00068712     0.00000000   0.00000000     0.00452773   0.01427857
    7    7
  0.06206692  -0.00000000     0.00000000   0.00000000     0.00995924  -0.00767700
  0.00000000  -0.00000000     0.03064449  -0.00000000    -0.00000000   0.00000000
  0.00995924   0.00767700    -0.00000000  -0.00000000     0.05815775  -0.00000000

     Dynamical  Matrix in cartesian axes

     q = (    0.324759500   0.866025400   0.324759500 ) 

    1    1
  0.15633767  -0.00000000     0.00000000  -0.00000000    -0.01842358  -0.00000000
  0.00000000   0.00000000     0.02120946   0.00000000    -0.00000000   0.00000000
 -0.01842358  -0.00000000    -0.00000000  -0.00000000     0.15633767  -0.00000000
    1    2
 -0.03377384   0.00315779    -0.00000000  -0.00000000     0.00277534  -0.03225177
 -0.00000000   0.00000000    -0.00630772  -0.00165052     0.00000000  -0.00000000
 -0.01860685   0.03926313     0.00000000  -0.00000000     0.02948659   0.00376432
    1    3
 -0.02164881  -0.02611461     0.00000000  -0.00000000    -0.02084299   0.02476790
 -0.00000000   0.00000000    -0.00562732  -0.00329314    -0.00000000  -0.00000000
  0.01460620  -0.04092025    -0.00000000  -0.00000000     0.02351194   0.01818840
    1    4
 -0.00598671   0.01445320    -0.01384567  -0.00573507     0.00562552  -0.01358120
 -0.00760856  -0.00315157    -0.00000000   0.00000000    -0.00760856  -0.00315157
 -0.00562552   0.01358120    -0.01384567  -0.00573507     0.00598671  -0.01445320
    1    5
  0.00598671  -0.01445320    -0.01384567  -0.00573507    -0.00562552   0.01358120
 -0.00760856  -0.00315157    -0.00000000   0.00000000    -0.00760856  -0.00315157
  0.00562552  -0.01358120    -0.01384567  -0.00573507    -0.00598671   0.01445320
    1    6
  0.02351194   0.01818840    -0.00000000   0.00000000     0.01460620  -0.04092025
  0.00000000  -0.00000000    -0.00562732  -0.00329314     0.00000000   0.00000000
 -0.02084299   0.02476790     0.00000000   0.00000000    -0.02164881  -0.02611461
    1    7
  0.02948659   0.00376432     0.00000000  -0.00000000    -0.01860685   0.03926313
  0.00000000  -0.00000000    -0.00630772  -0.00165052    -0.00000000   0.00000000
  0.00277534  -0.03225177    -0.00000000  -0.00000000    -0.03377384   0.00315779
    2    1
 -0.03377384  -0.00315779    -0.00000000  -0.00000000    -0.01860685  -0.03926313
 -0.00000000   0.00000000    -0.00630772   0.00165052     0.00000000   0.00000000
  0.00277534   0.03225177     0.00000000   0.00000000     0.02948659  -0.00376432
    2    2
  0.05815775   0.00000000     0.00000000   0.00000000    -0.00995924  -0.00767700
  0.00000000   0.00000000     0.03064449  -0.00000000    -0.00000000   0.00000000
 -0.00995924   0.00767700    -0.00000000  -0.00000000     0.06206692  -0.00000000
    2    3
 -0.01329806  -0.00689489     0.00000000  -0.00000000     0.01555513  -0.01652687
  0.00000000  -0.00000000     0.02523578  -0.00000007     0.00000000  -0.00000000
  0.01555513  -0.01652687     0.00000000  -0.00000000    -0.01672477   0.01480193
    2    4
  0.02011541   0.00458369     0.00618987   0.00637658    -0.00315161   0.00441694
  0.02323875  -0.00024001     0.00181547   0.00136115    -0.01306462  -0.00081185
 -0.00641271   0.00440292    -0.00350700  -0.00264356     0.00758112   0.00227667
    2    5
 -0.02011541  -0.00458369     0.00618987   0.00637658     0.00315161  -0.00441694
  0.02323875  -0.00024001    -0.00181547  -0.00136115    -0.01306462  -0.00081185
  0.00641271  -0.00440292    -0.00350700  -0.00264356    -0.00758112  -0.00227667
    2    6
  0.00120243   0.00607544    -0.00000000   0.00000000    -0.01269360   0.02346959
 -0.00000000   0.00000000    -0.01677947  -0.00259391    -0.00000000   0.00000000
 -0.03569504   0.03403211    -0.00000000   0.00000000     0.00120243   0.00607544
    2    7
 -0.03571280   0.00031373     0.00000000  -0.00000000     0.01605216  -0.00000000
 -0.00000000  -0.00000000    -0.01712223   0.00000000     0.00000000   0.00000000
  0.03106749  -0.00000000     0.00000000   0.00000000    -0.03571280  -0.00031373
    3    1
 -0.02164881   0.02611461     0.00000000  -0.00000000     0.01460620   0.04092025
  0.00000000   0.00000000    -0.00562732   0.00329314    -0.00000000   0.00000000
 -0.02084299  -0.02476790    -0.00000000   0.00000000     0.02351194  -0.01818840
    3    2
 -0.01329806   0.00689489     0.00000000   0.00000000     0.01555513   0.01652687
  0.00000000   0.00000000     0.02523578   0.00000007     0.00000000   0.00000000
  0.01555513   0.01652687     0.00000000   0.00000000    -0.01672477  -0.01480193
    3    3
  0.05815775   0.00000000     0.00000000  -0.00000000    -0.00995924   0.00767700
  0.00000000   0.00000000     0.03064449   0.00000000    -0.00000000   0.00000000
 -0.00995924  -0.00767700    -0.00000000   0.00000000     0.06206692   0.00000000
    3    4
 -0.02011541   0.00458369     0.00618987  -0.00637658     0.00315161   0.00441694
  0.02323875   0.00024001    -0.00181547   0.00136115    -0.01306462   0.00081185
  0.00641271   0.00440292    -0.00350700   0.00264356    -0.00758112   0.00227667
    3    5
  0.02011541  -0.00458369     0.00618987  -0.00637658    -0.00315161  -0.00441694
  0.02323875   0.00024001     0.00181547  -0.00136115    -0.01306462   0.00081185
 -0.00641271  -0.00440292    -0.00350700   0.00264356     0.00758112  -0.00227667
    3    6
 -0.03571280  -0.00031373     0.00000000   0.00000000     0.01605216  -0.00000000
 -0.00000000   0.00000000    -0.01712223   0.00000000     0.00000000  -0.00000000
  0.03106749  -0.00000000     0.00000000  -0.00000000    -0.03571280   0.00031373
    3    7
  0.00120243  -0.00607544    -0.00000000  -0.00000000    -0.01269360  -0.02346959
 -0.00000000  -0.00000000    -0.01677947   0.00259391    -0.00000000  -0.00000000
 -0.03569504  -0.03403211    -0.00000000  -0.00000000     0.00120243  -0.00607544
    4    1
 -0.00598671  -0.01445320    -0.00760856   0.00315157    -0.00562552  -0.01358120
 -0.01384567   0.00573507    -0.00000000  -0.00000000    -0.01384567   0.00573507
  0.00562552   0.01358120    -0.00760856   0.00315157     0.00598671   0.01445320
    4    2
  0.02011541  -0.00458369     0.02323875   0.00024001    -0.00641271  -0.00440292
  0.00618987  -0.00637658     0.00181547  -0.00136115    -0.00350700   0.00264356
 -0.00315161  -0.00441694    -0.01306462   0.00081185     0.00758112  -0.00227667
    4    3
 -0.02011541  -0.00458369     0.02323875  -0.00024001     0.00641271  -0.00440292
  0.00618987   0.00637658    -0.00181547  -0.00136115    -0.00350700  -0.00264356
  0.00315161  -0.00441694    -0.01306462  -0.00081185    -0.00758112  -0.00227667
    4    4
  0.04151069   0.00000000     0.00000000   0.00295291    -0.01042947   0.00000000
  0.00000000  -0.00295291     0.01294321  -0.00000000    -0.00000000   0.00295291
 -0.01042947   0.00000000    -0.00000000  -0.00295291     0.04151069   0.00000000
    4    5
  0.00456921   0.00000000    -0.00000000   0.00295796    -0.01125622  -0.00000000
 -0.00000000   0.00295796    -0.00274460  -0.00000000     0.00000000  -0.00295796
 -0.01125622  -0.00000000     0.00000000  -0.00295796     0.00456921   0.00000000
    4    6
  0.00758112   0.00227667    -0.01306462  -0.00081185    -0.00315161   0.00441694
 -0.00350700  -0.00264356     0.00181547   0.00136115     0.00618987   0.00637658
 -0.00641271   0.00440292     0.02323875  -0.00024001     0.02011541   0.00458369
    4    7
 -0.00758112   0.00227667    -0.01306462   0.00081185     0.00315161   0.00441694
 -0.00350700   0.00264356    -0.00181547   0.00136115     0.00618987  -0.00637658
  0.00641271   0.00440292     0.02323875   0.00024001    -0.02011541   0.00458369
    5    1
  0.00598671   0.01445320    -0.00760856   0.00315157     0.00562552   0.01358120
 -0.01384567   0.00573507    -0.00000000  -0.00000000    -0.01384567   0.00573507
 -0.00562552  -0.01358120    -0.00760856   0.00315157    -0.00598671  -0.01445320
    5    2
 -0.02011541   0.00458369     0.02323875   0.00024001     0.00641271   0.00440292
  0.00618987  -0.00637658    -0.00181547   0.00136115    -0.00350700   0.00264356
  0.00315161   0.00441694    -0.01306462   0.00081185    -0.00758112   0.00227667
    5    3
  0.02011541   0.00458369     0.02323875  -0.00024001    -0.00641271   0.00440292
  0.00618987   0.00637658     0.00181547   0.00136115    -0.00350700  -0.00264356
 -0.00315161   0.00441694    -0.01306462  -0.00081185     0.00758112   0.00227667
    5    4
  0.00456921  -0.00000000    -0.00000000  -0.00295796    -0.01125622   0.00000000
 -0.00000000  -0.00295796    -0.00274460   0.00000000     0.00000000   0.00295796
 -0.01125622   0.00000000     0.00000000   0.00295796     0.00456921  -0.00000000
    5    5
  0.04151069   0.00000000    -0.00000000  -0.00295291    -0.01042947   0.00000000
  0.00000000   0.00295291     0.01294321   0.00000000    -0.00000000  -0.00295291
 -0.01042947   0.00000000    -0.00000000   0.00295291     0.04151069   0.00000000
    5    6
 -0.00758112  -0.00227667    -0.01306462  -0.00081185     0.00315161  -0.00441694
 -0.00350700  -0.00264356    -0.00181547  -0.00136115     0.00618987   0.00637658
  0.00641271  -0.00440292     0.02323875  -0.00024001    -0.02011541  -0.00458369
    5    7
  0.00758112  -0.00227667    -0.01306462   0.00081185    -0.00315161  -0.00441694
 -0.00350700   0.00264356     0.00181547  -0.00136115     0.00618987  -0.00637658
 -0.00641271  -0.00440292     0.02323875   0.00024001     0.02011541  -0.00458369
    6    1
  0.02351194  -0.01818840     0.00000000   0.00000000    -0.02084299  -0.02476790
 -0.00000000  -0.00000000    -0.00562732   0.00329314     0.00000000  -0.00000000
  0.01460620   0.04092025     0.00000000  -0.00000000    -0.02164881   0.02611461
    6    2
  0.00120243  -0.00607544    -0.00000000  -0.00000000    -0.03569504  -0.03403211
 -0.00000000  -0.00000000    -0.01677947   0.00259391    -0.00000000  -0.00000000
 -0.01269360  -0.02346959    -0.00000000  -0.00000000     0.00120243  -0.00607544
    6    3
 -0.03571280   0.00031373     0.00000000  -0.00000000     0.03106749   0.00000000
  0.00000000   0.00000000    -0.01712223  -0.00000000     0.00000000   0.00000000
  0.01605216   0.00000000     0.00000000   0.00000000    -0.03571280  -0.00031373
    6    4
  0.00758112  -0.00227667    -0.00350700   0.00264356    -0.00641271  -0.00440292
 -0.01306462   0.00081185     0.00181547  -0.00136115     0.02323875   0.00024001
 -0.00315161  -0.00441694     0.00618987  -0.00637658     0.02011541  -0.00458369
    6    5
 -0.00758112   0.00227667    -0.00350700   0.00264356     0.00641271   0.00440292
 -0.01306462   0.00081185    -0.00181547   0.00136115     0.02323875   0.00024001
  0.00315161   0.00441694     0.00618987  -0.00637658    -0.02011541   0.00458369
    6    6
  0.06206692   0.00000000     0.00000000   0.00000000    -0.00995924  -0.00767700
  0.00000000  -0.00000000     0.03064449   0.00000000    -0.00000000  -0.00000000
 -0.00995924   0.00767700    -0.00000000   0.00000000     0.05815775   0.00000000
    6    7
 -0.01672477  -0.01480193     0.00000000   0.00000000     0.01555513   0.01652687
  0.00000000   0.00000000     0.02523578   0.00000007     0.00000000   0.00000000
  0.01555513   0.01652687     0.00000000   0.00000000    -0.01329806   0.00689489
    7    1
  0.02948659  -0.00376432     0.00000000   0.00000000     0.00277534   0.03225177
  0.00000000   0.00000000    -0.00630772   0.00165052    -0.00000000   0.00000000
 -0.01860685  -0.03926313    -0.00000000  -0.00000000    -0.03377384  -0.00315779
    7    2
 -0.03571280  -0.00031373     0.00000000   0.00000000     0.03106749   0.00000000
  0.00000000   0.00000000    -0.01712223  -0.00000000     0.00000000  -0.00000000
  0.01605216   0.00000000     0.00000000  -0.00000000    -0.03571280   0.00031373
    7    3
  0.00120243   0.00607544    -0.00000000   0.00000000    -0.03569504   0.03403211
 -0.00000000   0.00000000    -0.01677947  -0.00259391    -0.00000000   0.00000000
 -0.01269360   0.02346959    -0.00000000   0.00000000     0.00120243   0.00607544
    7    4
 -0.00758112  -0.00227667    -0.00350700  -0.00264356     0.00641271  -0.00440292
 -0.01306462  -0.00081185    -0.00181547  -0.00136115     0.02323875  -0.00024001
  0.00315161  -0.00441694     0.00618987   0.00637658    -0.02011541  -0.00458369
    7    5
  0.00758112   0.00227667    -0.00350700  -0.00264356    -0.00641271   0.00440292
 -0.01306462  -0.00081185     0.00181547   0.00136115     0.02323875  -0.00024001
 -0.00315161   0.00441694     0.00618987   0.00637658     0.02011541   0.00458369
    7    6
 -0.01672477   0.01480193     0.00000000  -0.00000000     0.01555513  -0.01652687
  0.00000000  -0.00000000     0.02523578  -0.00000007     0.00000000  -0.00000000
  0.01555513  -0.01652687     0.00000000  -0.00000000    -0.01329806  -0.00689489
    7    7
  0.06206692  -0.00000000     0.00000000  -0.00000000    -0.00995924   0.00767700
  0.00000000   0.00000000     0.03064449  -0.00000000    -0.00000000  -0.00000000
 -0.00995924  -0.00767700    -0.00000000   0.00000000     0.05815775  -0.00000000

     Dynamical  Matrix in cartesian axes

     q = (   -0.324759500   0.866025400  -0.324759500 ) 

    1    1
  0.15633767  -0.00000000     0.00000000  -0.00000000    -0.01842358   0.00000000
  0.00000000   0.00000000     0.02120946   0.00000000    -0.00000000   0.00000000
 -0.01842358  -0.00000000    -0.00000000  -0.00000000     0.15633767  -0.00000000
    1    2
 -0.03377384  -0.00315779     0.00000000  -0.00000000     0.00277534   0.03225177
  0.00000000   0.00000000    -0.00630772   0.00165052    -0.00000000   0.00000000
 -0.01860685  -0.03926313     0.00000000   0.00000000     0.02948659  -0.00376432
    1    3
 -0.02164881   0.02611461     0.00000000   0.00000000    -0.02084299  -0.02476790
  0.00000000  -0.00000000    -0.00562732   0.00329314    -0.00000000   0.00000000
  0.01460620   0.04092025    -0.00000000   0.00000000     0.02351194  -0.01818840
    1    4
 -0.00598671  -0.01445320    -0.01384567   0.00573507     0.00562552   0.01358120
 -0.00760856   0.00315157    -0.00000000  -0.00000000    -0.00760856   0.00315157
 -0.00562552  -0.01358120    -0.01384567   0.00573507     0.00598671   0.01445320
    1    5
  0.00598671   0.01445320    -0.01384567   0.00573507    -0.00562552  -0.01358120
 -0.00760856   0.00315157    -0.00000000  -0.00000000    -0.00760856   0.00315157
  0.00562552   0.01358120    -0.01384567   0.00573507    -0.00598671  -0.01445320
    1    6
  0.02351194  -0.01818840    -0.00000000   0.00000000     0.01460620   0.04092025
 -0.00000000   0.00000000    -0.00562732   0.00329314     0.00000000  -0.00000000
 -0.02084299  -0.02476790     0.00000000   0.00000000    -0.02164881   0.02611461
    1    7
  0.02948659  -0.00376432    -0.00000000   0.00000000    -0.01860685  -0.03926313
 -0.00000000  -0.00000000    -0.00630772   0.00165052     0.00000000   0.00000000
