  1.500000000000000E-002   1.26023585003145        2.23508645248256     
          12

     Dynamical  Matrix in cartesian axes

     q = (   -0.866025400  -0.108253200  -0.108253200 ) 

    1    1
  0.01219184  -0.00000000     0.00000000   0.00000000    -0.00000000   0.00000000
  0.00000000   0.00000000     0.03795257   0.00000000    -0.00695474   0.00000000
 -0.00000000   0.00000000    -0.00695474   0.00000000     0.03795257  -0.00000000
    1    2
 -0.00000000  -0.00000000    -0.00270586   0.00653251    -0.00270586   0.00653251
 -0.00406018   0.00980214     0.00587322   0.00243277    -0.00288411  -0.00119464
 -0.00406018   0.00980214     0.00288411   0.00119464    -0.00587322  -0.00243277
    1    3
 -0.00000000  -0.00000000    -0.00270586   0.00653251    -0.00270586   0.00653251
 -0.00406018   0.00980214    -0.00587322  -0.00243277     0.00288411   0.00119464
 -0.00406018   0.00980214    -0.00288411  -0.00119464     0.00587322   0.00243277
    1    4
 -0.00284274   0.00580844    -0.00000000   0.00000000    -0.00000000  -0.00000000
 -0.00000000  -0.00000000     0.00092257  -0.00536532    -0.00384015   0.00048165
 -0.00000000  -0.00000000     0.00076612   0.02030025     0.00884639  -0.00044414
    1    5
 -0.00209707   0.00611731     0.00000000  -0.00000000     0.00000000   0.00000000
  0.00000000  -0.00000000     0.00314150  -0.00444621     0.00237482   0.00305598
  0.00000000   0.00000000    -0.01489618   0.01381271    -0.00594129  -0.00656940
    1    6
 -0.00209707   0.00611731     0.00000000   0.00000000    -0.00000000   0.00000000
  0.00000000  -0.00000000    -0.00594129  -0.00656940    -0.01489618   0.01381271
 -0.00000000   0.00000000     0.00237482   0.00305598     0.00314150  -0.00444621
    1    7
 -0.00284274   0.00580844    -0.00000000  -0.00000000    -0.00000000   0.00000000
 -0.00000000  -0.00000000     0.00884639  -0.00044414     0.00076612   0.02030025
 -0.00000000  -0.00000000    -0.00384015   0.00048165     0.00092257  -0.00536532
    2    1
 -0.00000000   0.00000000    -0.00406018  -0.00980214    -0.00406018  -0.00980214
 -0.00270586  -0.00653251     0.00587322  -0.00243277     0.00288411  -0.00119464
 -0.00270586  -0.00653251    -0.00288411   0.00119464    -0.00587322   0.00243277
    2    2
  0.01425190  -0.00000000     0.00000000  -0.00010270    -0.00000000   0.00010270
  0.00000000   0.00010270     0.02915573   0.00000000    -0.00152111   0.00000000
 -0.00000000  -0.00010270    -0.00152111   0.00000000     0.02915573   0.00000000
    2    3
  0.00517486   0.00000000    -0.00000000   0.00693272    -0.00000000  -0.00693272
 -0.00000000   0.00693272     0.02163768  -0.00000000     0.00038585   0.00000000
 -0.00000000  -0.00693272     0.00038585   0.00000000     0.02163768  -0.00000000
    2    4
  0.00141766   0.00257154     0.00574731  -0.00373739    -0.00066293  -0.00097005
  0.02322203   0.00009812     0.00214414   0.00192082     0.00016847  -0.00021670
 -0.00011422   0.00128869    -0.00111030  -0.00179758    -0.00198317   0.00111060
    2    5
 -0.00141766   0.00257154     0.00574731   0.00373739    -0.00066293   0.00097005
  0.02322203  -0.00009812    -0.00214414   0.00192082    -0.00016847  -0.00021670
 -0.00011422  -0.00128869     0.00111030  -0.00179758     0.00198317   0.00111060
    2    6
  0.00141766  -0.00257154    -0.00066293   0.00097005     0.00574731   0.00373739
 -0.00011422  -0.00128869    -0.00198317  -0.00111060    -0.00111030   0.00179758
  0.02322203  -0.00009812     0.00016847   0.00021670     0.00214414  -0.00192082
    2    7
 -0.00141766  -0.00257154    -0.00066293  -0.00097005     0.00574731  -0.00373739
 -0.00011422   0.00128869     0.00198317  -0.00111060     0.00111030   0.00179758
  0.02322203   0.00009812    -0.00016847   0.00021670    -0.00214414  -0.00192082
    3    1
 -0.00000000   0.00000000    -0.00406018  -0.00980214    -0.00406018  -0.00980214
 -0.00270586  -0.00653251    -0.00587322   0.00243277    -0.00288411   0.00119464
 -0.00270586  -0.00653251     0.00288411  -0.00119464     0.00587322  -0.00243277
    3    2
  0.00517486  -0.00000000    -0.00000000  -0.00693272    -0.00000000   0.00693272
 -0.00000000  -0.00693272     0.02163768   0.00000000     0.00038585  -0.00000000
 -0.00000000   0.00693272     0.00038585   0.00000000     0.02163768   0.00000000
    3    3
  0.01425190   0.00000000     0.00000000   0.00010270    -0.00000000  -0.00010270
 -0.00000000  -0.00010270     0.02915573  -0.00000000    -0.00152111   0.00000000
 -0.00000000   0.00010270    -0.00152111   0.00000000     0.02915573   0.00000000
    3    4
 -0.00141766  -0.00257154     0.00574731  -0.00373739    -0.00066293  -0.00097005
  0.02322203   0.00009812    -0.00214414  -0.00192082    -0.00016847   0.00021670
 -0.00011422   0.00128869     0.00111030   0.00179758     0.00198317  -0.00111060
    3    5
  0.00141766  -0.00257154     0.00574731   0.00373739    -0.00066293   0.00097005
  0.02322203  -0.00009812     0.00214414  -0.00192082     0.00016847   0.00021670
 -0.00011422  -0.00128869    -0.00111030   0.00179758    -0.00198317  -0.00111060
    3    6
 -0.00141766   0.00257154    -0.00066293   0.00097005     0.00574731   0.00373739
 -0.00011422  -0.00128869     0.00198317   0.00111060     0.00111030  -0.00179758
  0.02322203  -0.00009812    -0.00016847  -0.00021670    -0.00214414   0.00192082
    3    7
  0.00141766   0.00257154    -0.00066293  -0.00097005     0.00574731  -0.00373739
 -0.00011422   0.00128869    -0.00198317   0.00111060    -0.00111030  -0.00179758
  0.02322203   0.00009812     0.00016847  -0.00021670     0.00214414   0.00192082
    4    1
 -0.00284274  -0.00580844    -0.00000000   0.00000000    -0.00000000   0.00000000
 -0.00000000  -0.00000000     0.00092257   0.00536532     0.00076612  -0.02030025
 -0.00000000   0.00000000    -0.00384015  -0.00048165     0.00884639   0.00044414
    4    2
  0.00141766  -0.00257154     0.02322203  -0.00009812    -0.00011422  -0.00128869
  0.00574731   0.00373739     0.00214414  -0.00192082    -0.00111030   0.00179758
 -0.00066293   0.00097005     0.00016847   0.00021670    -0.00198317  -0.00111060
    4    3
 -0.00141766   0.00257154     0.02322203  -0.00009812    -0.00011422  -0.00128869
  0.00574731   0.00373739    -0.00214414   0.00192082     0.00111030  -0.00179758
 -0.00066293   0.00097005    -0.00016847  -0.00021670     0.00198317   0.00111060
    4    4
  0.02480638   0.00000000    -0.00000000  -0.00000000     0.00000000   0.00000000
  0.00000000  -0.00000000     0.02411333  -0.00000000    -0.00331228  -0.00413756
  0.00000000  -0.00000000    -0.00331228   0.00413756     0.02557718  -0.00000000
    4    5
  0.02026530  -0.00045502    -0.00000000  -0.00000000    -0.00000000  -0.00000000
 -0.00000000  -0.00000000     0.00942035   0.00692499    -0.00648148   0.00160421
 -0.00000000  -0.00000000    -0.00648148   0.00160421     0.00743747   0.00947431
    4    6
 -0.00102476  -0.00234558     0.00000000  -0.00000000    -0.00000000  -0.00000000
 -0.00000000  -0.00000000     0.00160136  -0.00151800    -0.00170541  -0.00328882
  0.00000000  -0.00000000     0.01267365   0.01464667     0.00160136  -0.00151800
    4    7
  0.00088614  -0.00000000    -0.00000000  -0.00000000     0.00000000   0.00000000
  0.00000000  -0.00000000    -0.00637172   0.00107178    -0.00255913   0.00000000
  0.00000000   0.00000000     0.01571000  -0.00000000    -0.00637172  -0.00107178
    5    1
 -0.00209707  -0.00611731     0.00000000   0.00000000     0.00000000   0.00000000
  0.00000000   0.00000000     0.00314150   0.00444621    -0.01489618  -0.01381271
  0.00000000  -0.00000000     0.00237482  -0.00305598    -0.00594129   0.00656940
    5    2
 -0.00141766  -0.00257154     0.02322203   0.00009812    -0.00011422   0.00128869
  0.00574731  -0.00373739    -0.00214414  -0.00192082     0.00111030   0.00179758
 -0.00066293  -0.00097005    -0.00016847   0.00021670     0.00198317  -0.00111060
    5    3
  0.00141766   0.00257154     0.02322203   0.00009812    -0.00011422   0.00128869
  0.00574731  -0.00373739     0.00214414   0.00192082    -0.00111030  -0.00179758
 -0.00066293  -0.00097005     0.00016847  -0.00021670    -0.00198317   0.00111060
    5    4
  0.02026530   0.00045502    -0.00000000   0.00000000    -0.00000000   0.00000000
 -0.00000000   0.00000000     0.00942035  -0.00692499    -0.00648148  -0.00160421
 -0.00000000   0.00000000    -0.00648148  -0.00160421     0.00743747  -0.00947431
    5    5
  0.02480638  -0.00000000    -0.00000000   0.00000000     0.00000000  -0.00000000
  0.00000000  -0.00000000     0.02411333   0.00000000    -0.00331228   0.00413756
  0.00000000   0.00000000    -0.00331228  -0.00413756     0.02557718   0.00000000
    5    6
  0.00088614   0.00000000    -0.00000000   0.00000000     0.00000000  -0.00000000
 -0.00000000   0.00000000    -0.00637172  -0.00107178    -0.00255913  -0.00000000
  0.00000000  -0.00000000     0.01571000   0.00000000    -0.00637172   0.00107178
    5    7
 -0.00102476   0.00234558     0.00000000   0.00000000    -0.00000000   0.00000000
 -0.00000000   0.00000000     0.00160136   0.00151800    -0.00170541   0.00328882
  0.00000000   0.00000000     0.01267365  -0.01464667     0.00160136   0.00151800
    6    1
 -0.00209707  -0.00611731     0.00000000   0.00000000    -0.00000000  -0.00000000
  0.00000000  -0.00000000    -0.00594129   0.00656940     0.00237482  -0.00305598
 -0.00000000   0.00000000    -0.01489618  -0.01381271     0.00314150   0.00444621
    6    2
  0.00141766   0.00257154    -0.00011422   0.00128869     0.02322203   0.00009812
 -0.00066293  -0.00097005    -0.00198317   0.00111060     0.00016847  -0.00021670
  0.00574731  -0.00373739    -0.00111030  -0.00179758     0.00214414   0.00192082
    6    3
 -0.00141766  -0.00257154    -0.00011422   0.00128869     0.02322203   0.00009812
 -0.00066293  -0.00097005     0.00198317  -0.00111060    -0.00016847   0.00021670
  0.00574731  -0.00373739     0.00111030   0.00179758    -0.00214414  -0.00192082
    6    4
 -0.00102476   0.00234558    -0.00000000   0.00000000     0.00000000   0.00000000
  0.00000000   0.00000000     0.00160136   0.00151800     0.01267365  -0.01464667
 -0.00000000   0.00000000    -0.00170541   0.00328882     0.00160136   0.00151800
    6    5
  0.00088614  -0.00000000     0.00000000  -0.00000000     0.00000000   0.00000000
 -0.00000000  -0.00000000    -0.00637172   0.00107178     0.01571000  -0.00000000
  0.00000000   0.00000000    -0.00255913   0.00000000    -0.00637172  -0.00107178
    6    6
  0.02480638  -0.00000000    -0.00000000  -0.00000000    -0.00000000  -0.00000000
  0.00000000   0.00000000     0.02557718   0.00000000    -0.00331228  -0.00413756
  0.00000000   0.00000000    -0.00331228   0.00413756     0.02411333   0.00000000
    6    7
  0.02026530   0.00045502    -0.00000000   0.00000000    -0.00000000   0.00000000
 -0.00000000   0.00000000     0.00743747  -0.00947431    -0.00648148  -0.00160421
 -0.00000000   0.00000000    -0.00648148  -0.00160421     0.00942035  -0.00692499
    7    1
 -0.00284274  -0.00580844    -0.00000000   0.00000000    -0.00000000   0.00000000
 -0.00000000   0.00000000     0.00884639   0.00044414    -0.00384015  -0.00048165
 -0.00000000  -0.00000000     0.00076612  -0.02030025     0.00092257   0.00536532
    7    2
 -0.00141766   0.00257154    -0.00011422  -0.00128869     0.02322203  -0.00009812
 -0.00066293   0.00097005     0.00198317   0.00111060    -0.00016847  -0.00021670
  0.00574731   0.00373739     0.00111030  -0.00179758    -0.00214414   0.00192082
    7    3
  0.00141766  -0.00257154    -0.00011422  -0.00128869     0.02322203  -0.00009812
 -0.00066293   0.00097005    -0.00198317  -0.00111060     0.00016847   0.00021670
  0.00574731   0.00373739    -0.00111030   0.00179758     0.00214414  -0.00192082
    7    4
  0.00088614   0.00000000    -0.00000000  -0.00000000     0.00000000  -0.00000000
 -0.00000000   0.00000000    -0.00637172  -0.00107178     0.01571000   0.00000000
  0.00000000  -0.00000000    -0.00255913  -0.00000000    -0.00637172   0.00107178
    7    5
 -0.00102476  -0.00234558    -0.00000000  -0.00000000     0.00000000  -0.00000000
  0.00000000  -0.00000000     0.00160136  -0.00151800     0.01267365   0.01464667
 -0.00000000  -0.00000000    -0.00170541  -0.00328882     0.00160136  -0.00151800
    7    6
  0.02026530  -0.00045502    -0.00000000  -0.00000000    -0.00000000  -0.00000000
 -0.00000000  -0.00000000     0.00743747   0.00947431    -0.00648148   0.00160421
 -0.00000000  -0.00000000    -0.00648148   0.00160421     0.00942035   0.00692499
    7    7
  0.02480638   0.00000000    -0.00000000   0.00000000    -0.00000000  -0.00000000
  0.00000000  -0.00000000     0.02557718  -0.00000000    -0.00331228   0.00413756
  0.00000000   0.00000000    -0.00331228  -0.00413756     0.02411333  -0.00000000

     Dynamical  Matrix in cartesian axes

     q = (   -0.108253200  -0.866025400   0.108253200 ) 

    1    1
  0.03795257   0.00000000    -0.00000000  -0.00000000     0.00695474   0.00000000
 -0.00000000  -0.00000000     0.01219184  -0.00000000    -0.00000000  -0.00000000
  0.00695474   0.00000000    -0.00000000  -0.00000000     0.03795257  -0.00000000
    1    2
 -0.00092257  -0.00536532    -0.00000000   0.00000000    -0.00384015  -0.00048165
 -0.00000000   0.00000000     0.00284274   0.00580844     0.00000000   0.00000000
  0.00076612  -0.02030025     0.00000000   0.00000000    -0.00884639  -0.00044414
    1    3
  0.00092257  -0.00536532    -0.00000000  -0.00000000     0.00384015  -0.00048165
 -0.00000000   0.00000000    -0.00284274   0.00580844     0.00000000   0.00000000
 -0.00076612  -0.02030025     0.00000000   0.00000000     0.00884639  -0.00044414
    1    4
 -0.00587322  -0.00243277    -0.00406018   0.00980214    -0.00288411  -0.00119464
 -0.00270586   0.00653251    -0.00000000  -0.00000000     0.00270586  -0.00653251
  0.00288411   0.00119464     0.00406018  -0.00980214     0.00587322   0.00243277
    1    5
  0.00587322  -0.00243277     0.00406018   0.00980214     0.00288411  -0.00119464
  0.00270586   0.00653251    -0.00000000   0.00000000    -0.00270586  -0.00653251
 -0.00288411   0.00119464    -0.00406018  -0.00980214    -0.00587322   0.00243277
    1    6
  0.00884639   0.00044414    -0.00000000  -0.00000000    -0.00076612   0.02030025
 -0.00000000   0.00000000    -0.00284274  -0.00580844    -0.00000000   0.00000000
  0.00384015   0.00048165    -0.00000000   0.00000000     0.00092257   0.00536532
    1    7
 -0.00884639   0.00044414     0.00000000   0.00000000     0.00076612   0.02030025
  0.00000000   0.00000000     0.00284274  -0.00580844    -0.00000000   0.00000000
 -0.00384015   0.00048165    -0.00000000  -0.00000000    -0.00092257   0.00536532
    2    1
 -0.00092257   0.00536532    -0.00000000  -0.00000000     0.00076612   0.02030025
 -0.00000000   0.00000000     0.00284274  -0.00580844     0.00000000   0.00000000
 -0.00384015   0.00048165     0.00000000  -0.00000000    -0.00884639   0.00044414
    2    2
  0.02411333  -0.00000000     0.00000000   0.00000000     0.00331228  -0.00413756
  0.00000000  -0.00000000     0.02480638  -0.00000000    -0.00000000   0.00000000
  0.00331228   0.00413756    -0.00000000  -0.00000000     0.02557718   0.00000000
    2    3
  0.01155790   0.00176449    -0.00000000  -0.00000000     0.00344875   0.00571745
 -0.00000000  -0.00000000     0.01400798   0.01465148     0.00000000  -0.00000000
  0.00344875   0.00571745     0.00000000  -0.00000000     0.01195844  -0.00144026
    2    4
  0.00015791   0.00287436     0.00670670   0.00142123    -0.00048598   0.00205618
  0.01635107   0.01648984    -0.00081592   0.00282079     0.00099201  -0.00083047
 -0.00027236   0.00003411    -0.00021716   0.00115469    -0.00218763  -0.00061700
    2    5
 -0.00214414  -0.00192082     0.00574731  -0.00373739    -0.00111030  -0.00179758
  0.02322203   0.00009812    -0.00141766  -0.00257154     0.00011422  -0.00128869
  0.00016847  -0.00021670     0.00066293   0.00097005     0.00198317  -0.00111060
    2    6
  0.00637172   0.00107178     0.00000000  -0.00000000    -0.00255913   0.00000000
 -0.00000000  -0.00000000    -0.00088614   0.00000000    -0.00000000   0.00000000
  0.01571000  -0.00000000    -0.00000000   0.00000000     0.00637172  -0.00107178
    2    7
 -0.00005894  -0.00220572     0.00000000  -0.00000000    -0.00353145   0.00111964
 -0.00000000  -0.00000000     0.00238319  -0.00093396    -0.00000000   0.00000000
  0.01931838  -0.00139513     0.00000000   0.00000000    -0.00005894  -0.00220572
    3    1
  0.00092257   0.00536532    -0.00000000  -0.00000000    -0.00076612   0.02030025
 -0.00000000   0.00000000    -0.00284274  -0.00580844     0.00000000  -0.00000000
  0.00384015   0.00048165     0.00000000  -0.00000000     0.00884639   0.00044414
    3    2
  0.01155790  -0.00176449    -0.00000000   0.00000000     0.00344875  -0.00571745
 -0.00000000   0.00000000     0.01400798  -0.01465148     0.00000000   0.00000000
  0.00344875  -0.00571745     0.00000000   0.00000000     0.01195844   0.00144026
    3    3
  0.02411333   0.00000000    -0.00000000  -0.00000000     0.00331228   0.00413756
 -0.00000000   0.00000000     0.02480638   0.00000000    -0.00000000  -0.00000000
  0.00331228  -0.00413756    -0.00000000   0.00000000     0.02557718  -0.00000000
    3    4
 -0.00214414   0.00192082     0.00574731   0.00373739    -0.00111030   0.00179758
  0.02322203  -0.00009812    -0.00141766   0.00257154     0.00011422   0.00128869
  0.00016847   0.00021670     0.00066293  -0.00097005     0.00198317   0.00111060
    3    5
  0.00015791  -0.00287436     0.00670670  -0.00142123    -0.00048598  -0.00205618
  0.01635107  -0.01648984    -0.00081592  -0.00282079     0.00099201   0.00083047
 -0.00027236  -0.00003411    -0.00021716  -0.00115469    -0.00218763   0.00061700
    3    6
 -0.00005894   0.00220572     0.00000000   0.00000000    -0.00353145  -0.00111964
 -0.00000000   0.00000000     0.00238319   0.00093396    -0.00000000  -0.00000000
  0.01931838   0.00139513     0.00000000  -0.00000000    -0.00005894   0.00220572
    3    7
  0.00637172  -0.00107178    -0.00000000   0.00000000    -0.00255913  -0.00000000
 -0.00000000   0.00000000    -0.00088614  -0.00000000    -0.00000000  -0.00000000
  0.01571000   0.00000000    -0.00000000  -0.00000000     0.00637172   0.00107178
    4    1
 -0.00587322   0.00243277    -0.00270586  -0.00653251     0.00288411  -0.00119464
 -0.00406018  -0.00980214    -0.00000000   0.00000000     0.00406018   0.00980214
 -0.00288411   0.00119464     0.00270586   0.00653251     0.00587322  -0.00243277
    4    2
  0.00015791  -0.00287436     0.01635107  -0.01648984    -0.00027236  -0.00003411
  0.00670670  -0.00142123    -0.00081592  -0.00282079    -0.00021716  -0.00115469
 -0.00048598  -0.00205618     0.00099201   0.00083047    -0.00218763   0.00061700
    4    3
 -0.00214414  -0.00192082     0.02322203   0.00009812     0.00016847  -0.00021670
  0.00574731  -0.00373739    -0.00141766  -0.00257154     0.00066293   0.00097005
 -0.00111030  -0.00179758     0.00011422  -0.00128869     0.00198317  -0.00111060
    4    4
  0.02915573   0.00000000     0.00000000  -0.00010270     0.00152111   0.00000000
  0.00000000   0.00010270     0.01425190   0.00000000    -0.00000000   0.00010270
  0.00152111  -0.00000000    -0.00000000  -0.00010270     0.02915573   0.00000000
    4    5
  0.01530015  -0.01530015    -0.00490218  -0.00490217    -0.00027283   0.00027283
 -0.00490218  -0.00490217     0.00365918  -0.00365918    -0.00490218  -0.00490217
 -0.00027283   0.00027283    -0.00490218  -0.00490217     0.01530015  -0.01530015
    4    6
 -0.00218763   0.00061700     0.00099201   0.00083047    -0.00048598  -0.00205618
 -0.00021716  -0.00115469    -0.00081592  -0.00282079     0.00670670  -0.00142123
 -0.00027236  -0.00003411     0.01635107  -0.01648984     0.00015791  -0.00287436
    4    7
  0.00198317  -0.00111060     0.00011422  -0.00128869    -0.00111030  -0.00179758
  0.00066293   0.00097005    -0.00141766  -0.00257154     0.00574731  -0.00373739
  0.00016847  -0.00021670     0.02322203   0.00009812    -0.00214414  -0.00192082
    5    1
  0.00587322   0.00243277     0.00270586  -0.00653251    -0.00288411  -0.00119464
  0.00406018  -0.00980214    -0.00000000  -0.00000000    -0.00406018   0.00980214
  0.00288411   0.00119464    -0.00270586   0.00653251    -0.00587322  -0.00243277
    5    2
 -0.00214414   0.00192082     0.02322203  -0.00009812     0.00016847   0.00021670
  0.00574731   0.00373739    -0.00141766   0.00257154     0.00066293  -0.00097005
 -0.00111030   0.00179758     0.00011422   0.00128869     0.00198317   0.00111060
    5    3
  0.00015791   0.00287436     0.01635107   0.01648984    -0.00027236   0.00003411
  0.00670670   0.00142123    -0.00081592   0.00282079    -0.00021716   0.00115469
 -0.00048598   0.00205618     0.00099201  -0.00083047    -0.00218763  -0.00061700
    5    4
  0.01530015   0.01530015    -0.00490218   0.00490217    -0.00027283  -0.00027283
 -0.00490218   0.00490217     0.00365918   0.00365918    -0.00490218   0.00490217
 -0.00027283  -0.00027283    -0.00490218   0.00490217     0.01530015   0.01530015
    5    5
  0.02915573   0.00000000     0.00000000   0.00010270     0.00152111   0.00000000
 -0.00000000  -0.00010270     0.01425190   0.00000000    -0.00000000  -0.00010270
  0.00152111   0.00000000    -0.00000000   0.00010270     0.02915573   0.00000000
    5    6
  0.00198317   0.00111060     0.00011422   0.00128869    -0.00111030   0.00179758
  0.00066293  -0.00097005    -0.00141766   0.00257154     0.00574731   0.00373739
  0.00016847   0.00021670     0.02322203  -0.00009812    -0.00214414   0.00192082
    5    7
 -0.00218763  -0.00061700     0.00099201  -0.00083047    -0.00048598   0.00205618
 -0.00021716   0.00115469    -0.00081592   0.00282079     0.00670670   0.00142123
 -0.00027236   0.00003411     0.01635107   0.01648984     0.00015791   0.00287436
    6    1
  0.00884639  -0.00044414     0.00000000   0.00000000     0.00384015  -0.00048165
  0.00000000   0.00000000    -0.00284274   0.00580844     0.00000000   0.00000000
 -0.00076612  -0.02030025     0.00000000   0.00000000     0.00092257  -0.00536532
    6    2
  0.00637172  -0.00107178    -0.00000000   0.00000000     0.01571000   0.00000000
 -0.00000000   0.00000000    -0.00088614  -0.00000000    -0.00000000  -0.00000000
 -0.00255913  -0.00000000    -0.00000000  -0.00000000     0.00637172   0.00107178
    6    3
 -0.00005894  -0.00220572    -0.00000000  -0.00000000     0.01931838  -0.00139513
  0.00000000  -0.00000000     0.00238319  -0.00093396     0.00000000   0.00000000
 -0.00353145   0.00111964    -0.00000000   0.00000000    -0.00005894  -0.00220572
    6    4
 -0.00218763  -0.00061700    -0.00021716   0.00115469    -0.00027236   0.00003411
  0.00099201  -0.00083047    -0.00081592   0.00282079     0.01635107   0.01648984
 -0.00048598   0.00205618     0.00670670   0.00142123     0.00015791   0.00287436
    6    5
  0.00198317  -0.00111060     0.00066293   0.00097005     0.00016847  -0.00021670
  0.00011422  -0.00128869    -0.00141766  -0.00257154     0.02322203   0.00009812
 -0.00111030  -0.00179758     0.00574731  -0.00373739    -0.00214414  -0.00192082
    6    6
  0.02557718   0.00000000    -0.00000000  -0.00000000     0.00331228   0.00413756
 -0.00000000   0.00000000     0.02480638  -0.00000000    -0.00000000   0.00000000
  0.00331228  -0.00413756    -0.00000000   0.00000000     0.02411333   0.00000000
    6    7
  0.01195844  -0.00144026    -0.00000000   0.00000000     0.00344875   0.00571745
 -0.00000000   0.00000000     0.01400798   0.01465148     0.00000000   0.00000000
  0.00344875   0.00571745     0.00000000   0.00000000     0.01155790   0.00176449
    7    1
 -0.00884639  -0.00044414     0.00000000  -0.00000000    -0.00384015  -0.00048165
  0.00000000  -0.00000000     0.00284274   0.00580844    -0.00000000   0.00000000
  0.00076612  -0.02030025    -0.00000000  -0.00000000    -0.00092257  -0.00536532
    7    2
 -0.00005894   0.00220572    -0.00000000   0.00000000     0.01931838   0.00139513
  0.00000000   0.00000000     0.00238319   0.00093396     0.00000000  -0.00000000
 -0.00353145  -0.00111964    -0.00000000  -0.00000000    -0.00005894   0.00220572
    7    3
  0.00637172   0.00107178    -0.00000000  -0.00000000     0.01571000  -0.00000000
 -0.00000000  -0.00000000    -0.00088614   0.00000000    -0.00000000   0.00000000
 -0.00255913   0.00000000    -0.00000000   0.00000000     0.00637172  -0.00107178
    7    4
  0.00198317   0.00111060     0.00066293  -0.00097005     0.00016847   0.00021670
  0.00011422   0.00128869    -0.00141766   0.00257154     0.02322203  -0.00009812
 -0.00111030   0.00179758     0.00574731   0.00373739    -0.00214414   0.00192082
    7    5
 -0.00218763   0.00061700    -0.00021716  -0.00115469    -0.00027236  -0.00003411
  0.00099201   0.00083047    -0.00081592  -0.00282079     0.01635107  -0.01648984
 -0.00048598  -0.00205618     0.00670670  -0.00142123     0.00015791  -0.00287436
    7    6
  0.01195844   0.00144026    -0.00000000  -0.00000000     0.00344875  -0.00571745
 -0.00000000  -0.00000000     0.01400798  -0.01465148     0.00000000  -0.00000000
  0.00344875  -0.00571745     0.00000000  -0.00000000     0.01155790  -0.00176449
    7    7
  0.02557718   0.00000000     0.00000000   0.00000000     0.00331228  -0.00413756
  0.00000000  -0.00000000     0.02480638   0.00000000    -0.00000000   0.00000000
  0.00331228   0.00413756    -0.00000000  -0.00000000     0.02411333  -0.00000000

     Dynamical  Matrix in cartesian axes

     q = (    0.108253200   0.866025400   0.108253200 ) 

    1    1
  0.03795257   0.00000000     0.00000000   0.00000000    -0.00695474   0.00000000
  0.00000000   0.00000000     0.01219184  -0.00000000    -0.00000000   0.00000000
 -0.00695474   0.00000000    -0.00000000   0.00000000     0.03795257  -0.00000000
    1    2
  0.00314150   0.00444621     0.00000000  -0.00000000     0.00237482  -0.00305598
 -0.00000000  -0.00000000    -0.00209707  -0.00611731     0.00000000  -0.00000000
 -0.01489618  -0.01381271     0.00000000   0.00000000    -0.00594129   0.00656940
    1    3
  0.00092257   0.00536532     0.00000000   0.00000000    -0.00384015  -0.00048165
 -0.00000000  -0.00000000    -0.00284274  -0.00580844    -0.00000000  -0.00000000
  0.00076612  -0.02030025    -0.00000000  -0.00000000     0.00884639   0.00044414
    1    4
 -0.00587322   0.00243277    -0.00406018  -0.00980214     0.00288411  -0.00119464
 -0.00270586  -0.00653251     0.00000000  -0.00000000    -0.00270586  -0.00653251
 -0.00288411   0.00119464    -0.00406018  -0.00980214     0.00587322  -0.00243277
    1    5
  0.00587322  -0.00243277    -0.00406018  -0.00980214    -0.00288411   0.00119464
 -0.00270586  -0.00653251     0.00000000  -0.00000000    -0.00270586  -0.00653251
  0.00288411  -0.00119464    -0.00406018  -0.00980214    -0.00587322   0.00243277
    1    6
  0.00884639   0.00044414     0.00000000   0.00000000     0.00076612  -0.02030025
  0.00000000   0.00000000    -0.00284274  -0.00580844    -0.00000000  -0.00000000
 -0.00384015  -0.00048165     0.00000000   0.00000000     0.00092257   0.00536532
    1    7
 -0.00594129   0.00656940     0.00000000   0.00000000    -0.01489618  -0.01381271
  0.00000000  -0.00000000    -0.00209707  -0.00611731    -0.00000000  -0.00000000
  0.00237482  -0.00305598     0.00000000  -0.00000000     0.00314150   0.00444621
    2    1
  0.00314150  -0.00444621    -0.00000000   0.00000000    -0.01489618   0.01381271
  0.00000000   0.00000000    -0.00209707   0.00611731     0.00000000  -0.00000000
  0.00237482   0.00305598     0.00000000   0.00000000    -0.00594129  -0.00656940
    2    2
  0.02411333  -0.00000000     0.00000000  -0.00000000    -0.00331228  -0.00413756
  0.00000000  -0.00000000     0.02480638   0.00000000     0.00000000   0.00000000
 -0.00331228   0.00413756     0.00000000  -0.00000000     0.02557718   0.00000000
    2    3
  0.00942035   0.00692499    -0.00000000  -0.00000000    -0.00648148   0.00160421
 -0.00000000  -0.00000000     0.02026530  -0.00045502    -0.00000000  -0.00000000
 -0.00648148   0.00160421    -0.00000000  -0.00000000     0.00743747   0.00947431
    2    4
  0.00214414  -0.00192082     0.00574731   0.00373739    -0.00111030   0.00179758
  0.02322203  -0.00009812     0.00141766  -0.00257154    -0.00011422  -0.00128869
  0.00016847   0.00021670    -0.00066293   0.00097005    -0.00198317  -0.00111060
    2    5
 -0.00214414   0.00192082     0.00574731   0.00373739     0.00111030  -0.00179758
  0.02322203  -0.00009812    -0.00141766   0.00257154    -0.00011422  -0.00128869
 -0.00016847  -0.00021670    -0.00066293   0.00097005     0.00198317   0.00111060
    2    6
  0.00160136  -0.00151800    -0.00000000  -0.00000000    -0.00170541  -0.00328882
  0.00000000  -0.00000000    -0.00102476  -0.00234558    -0.00000000  -0.00000000
  0.01267365   0.01464667     0.00000000  -0.00000000     0.00160136  -0.00151800
    2    7
 -0.00637172   0.00107178     0.00000000  -0.00000000    -0.00255913   0.00000000
 -0.00000000  -0.00000000     0.00088614  -0.00000000     0.00000000   0.00000000
  0.01571000  -0.00000000     0.00000000   0.00000000    -0.00637172  -0.00107178
    3    1
  0.00092257  -0.00536532     0.00000000   0.00000000     0.00076612   0.02030025
 -0.00000000  -0.00000000    -0.00284274   0.00580844    -0.00000000   0.00000000
 -0.00384015   0.00048165    -0.00000000   0.00000000     0.00884639  -0.00044414
    3    2
  0.00942035  -0.00692499    -0.00000000   0.00000000    -0.00648148  -0.00160421
 -0.00000000   0.00000000     0.02026530   0.00045502    -0.00000000   0.00000000
 -0.00648148  -0.00160421    -0.00000000   0.00000000     0.00743747  -0.00947431
    3    3
  0.02411333   0.00000000    -0.00000000  -0.00000000    -0.00331228   0.00413756
  0.00000000   0.00000000     0.02480638  -0.00000000     0.00000000  -0.00000000
 -0.00331228  -0.00413756     0.00000000   0.00000000     0.02557718  -0.00000000
    3    4
 -0.00214414  -0.00192082     0.00574731  -0.00373739     0.00111030   0.00179758
  0.02322203   0.00009812    -0.00141766  -0.00257154    -0.00011422   0.00128869
 -0.00016847   0.00021670    -0.00066293  -0.00097005     0.00198317  -0.00111060
    3    5
  0.00214414   0.00192082     0.00574731  -0.00373739    -0.00111030  -0.00179758
  0.02322203   0.00009812     0.00141766   0.00257154    -0.00011422   0.00128869
  0.00016847  -0.00021670    -0.00066293  -0.00097005    -0.00198317   0.00111060
    3    6
 -0.00637172  -0.00107178    -0.00000000   0.00000000    -0.00255913   0.00000000
 -0.00000000   0.00000000     0.00088614  -0.00000000     0.00000000   0.00000000
  0.01571000  -0.00000000     0.00000000  -0.00000000    -0.00637172   0.00107178
    3    7
  0.00160136   0.00151800    -0.00000000   0.00000000    -0.00170541   0.00328882
  0.00000000   0.00000000    -0.00102476   0.00234558    -0.00000000   0.00000000
  0.01267365  -0.01464667     0.00000000   0.00000000     0.00160136   0.00151800
    4    1
 -0.00587322  -0.00243277    -0.00270586   0.00653251    -0.00288411  -0.00119464
 -0.00406018   0.00980214     0.00000000   0.00000000    -0.00406018   0.00980214
  0.00288411   0.00119464    -0.00270586   0.00653251     0.00587322   0.00243277
    4    2
  0.00214414   0.00192082     0.02322203   0.00009812     0.00016847  -0.00021670
  0.00574731  -0.00373739     0.00141766   0.00257154    -0.00066293  -0.00097005
 -0.00111030  -0.00179758    -0.00011422   0.00128869    -0.00198317   0.00111060
    4    3
 -0.00214414   0.00192082     0.02322203  -0.00009812    -0.00016847  -0.00021670
  0.00574731   0.00373739    -0.00141766   0.00257154    -0.00066293   0.00097005
  0.00111030  -0.00179758    -0.00011422  -0.00128869     0.00198317   0.00111060
    4    4
  0.02915573  -0.00000000     0.00000000   0.00010270    -0.00152111   0.00000000
  0.00000000  -0.00010270     0.01425190  -0.00000000    -0.00000000   0.00010270
 -0.00152111   0.00000000    -0.00000000  -0.00010270     0.02915573   0.00000000
    4    5
  0.02163768   0.00000000     0.00000000   0.00693272     0.00038585  -0.00000000
  0.00000000   0.00693272     0.00517486   0.00000000    -0.00000000  -0.00693272
  0.00038585   0.00000000    -0.00000000  -0.00693272     0.02163768   0.00000000
    4    6
 -0.00198317  -0.00111060    -0.00011422  -0.00128869    -0.00111030   0.00179758
 -0.00066293   0.00097005     0.00141766  -0.00257154     0.00574731   0.00373739
  0.00016847   0.00021670     0.02322203  -0.00009812     0.00214414  -0.00192082
    4    7
  0.00198317  -0.00111060    -0.00011422   0.00128869     0.00111030   0.00179758
 -0.00066293  -0.00097005    -0.00141766  -0.00257154     0.00574731  -0.00373739
 -0.00016847   0.00021670     0.02322203   0.00009812    -0.00214414  -0.00192082
    5    1
  0.00587322   0.00243277    -0.00270586   0.00653251     0.00288411   0.00119464
 -0.00406018   0.00980214     0.00000000   0.00000000    -0.00406018   0.00980214
 -0.00288411  -0.00119464    -0.00270586   0.00653251    -0.00587322  -0.00243277
    5    2
 -0.00214414  -0.00192082     0.02322203   0.00009812    -0.00016847   0.00021670
  0.00574731  -0.00373739    -0.00141766  -0.00257154    -0.00066293  -0.00097005
  0.00111030   0.00179758    -0.00011422   0.00128869     0.00198317  -0.00111060
    5    3
  0.00214414  -0.00192082     0.02322203  -0.00009812     0.00016847   0.00021670
  0.00574731   0.00373739     0.00141766  -0.00257154    -0.00066293   0.00097005
 -0.00111030   0.00179758    -0.00011422  -0.00128869    -0.00198317  -0.00111060
    5    4
  0.02163768   0.00000000     0.00000000  -0.00693272     0.00038585   0.00000000
  0.00000000  -0.00693272     0.00517486   0.00000000    -0.00000000   0.00693272
  0.00038585   0.00000000    -0.00000000   0.00693272     0.02163768   0.00000000
    5    5
  0.02915573   0.00000000    -0.00000000  -0.00010270    -0.00152111   0.00000000
 -0.00000000   0.00010270     0.01425190   0.00000000    -0.00000000  -0.00010270
 -0.00152111   0.00000000    -0.00000000   0.00010270     0.02915573   0.00000000
    5    6
  0.00198317   0.00111060    -0.00011422  -0.00128869     0.00111030  -0.00179758
 -0.00066293   0.00097005    -0.00141766   0.00257154     0.00574731   0.00373739
 -0.00016847  -0.00021670     0.02322203  -0.00009812    -0.00214414   0.00192082
    5    7
 -0.00198317   0.00111060    -0.00011422   0.00128869    -0.00111030  -0.00179758
 -0.00066293  -0.00097005     0.00141766   0.00257154     0.00574731  -0.00373739
  0.00016847  -0.00021670     0.02322203   0.00009812     0.00214414   0.00192082
    6    1
  0.00884639  -0.00044414     0.00000000  -0.00000000    -0.00384015   0.00048165
 -0.00000000  -0.00000000    -0.00284274   0.00580844     0.00000000   0.00000000
  0.00076612   0.02030025     0.00000000   0.00000000     0.00092257  -0.00536532
    6    2
  0.00160136   0.00151800     0.00000000   0.00000000     0.01267365  -0.01464667
 -0.00000000   0.00000000    -0.00102476   0.00234558     0.00000000   0.00000000
 -0.00170541   0.00328882    -0.00000000   0.00000000     0.00160136   0.00151800
    6    3
 -0.00637172   0.00107178    -0.00000000  -0.00000000     0.01571000   0.00000000
  0.00000000  -0.00000000     0.00088614   0.00000000     0.00000000   0.00000000
 -0.00255913  -0.00000000     0.00000000   0.00000000    -0.00637172  -0.00107178
    6    4
 -0.00198317   0.00111060    -0.00066293  -0.00097005     0.00016847  -0.00021670
 -0.00011422   0.00128869     0.00141766   0.00257154     0.02322203   0.00009812
 -0.00111030  -0.00179758     0.00574731  -0.00373739     0.00214414   0.00192082
    6    5
  0.00198317  -0.00111060    -0.00066293  -0.00097005    -0.00016847   0.00021670
 -0.00011422   0.00128869    -0.00141766  -0.00257154     0.02322203   0.00009812
  0.00111030   0.00179758     0.00574731  -0.00373739    -0.00214414  -0.00192082
    6    6
  0.02557718   0.00000000     0.00000000   0.00000000    -0.00331228  -0.00413756
 -0.00000000  -0.00000000     0.02480638  -0.00000000    -0.00000000   0.00000000
 -0.00331228   0.00413756    -0.00000000   0.00000000     0.02411333  -0.00000000
    6    7
  0.00743747  -0.00947431    -0.00000000   0.00000000    -0.00648148  -0.00160421
 -0.00000000   0.00000000     0.02026530   0.00045502    -0.00000000   0.00000000
 -0.00648148  -0.00160421    -0.00000000   0.00000000     0.00942035  -0.00692499
    7    1
 -0.00594129  -0.00656940     0.00000000   0.00000000     0.00237482   0.00305598
  0.00000000  -0.00000000    -0.00209707   0.00611731     0.00000000   0.00000000
 -0.01489618   0.01381271    -0.00000000   0.00000000     0.00314150  -0.00444621
    7    2
 -0.00637172  -0.00107178    -0.00000000   0.00000000     0.01571000   0.00000000
 -0.00000000   0.00000000     0.00088614   0.00000000     0.00000000  -0.00000000
 -0.00255913  -0.00000000     0.00000000  -0.00000000    -0.00637172   0.00107178
    7    3
  0.00160136  -0.00151800     0.00000000  -0.00000000     0.01267365   0.01464667
 -0.00000000  -0.00000000    -0.00102476  -0.00234558     0.00000000  -0.00000000
 -0.00170541  -0.00328882    -0.00000000  -0.00000000     0.00160136  -0.00151800
    7    4
  0.00198317   0.00111060    -0.00066293   0.00097005    -0.00016847  -0.00021670
 -0.00011422  -0.00128869    -0.00141766   0.00257154     0.02322203  -0.00009812
  0.00111030  -0.00179758     0.00574731   0.00373739    -0.00214414   0.00192082
    7    5
 -0.00198317  -0.00111060    -0.00066293   0.00097005     0.00016847   0.00021670
 -0.00011422  -0.00128869     0.00141766  -0.00257154     0.02322203  -0.00009812
 -0.00111030   0.00179758     0.00574731   0.00373739     0.00214414  -0.00192082
    7    6
  0.00743747   0.00947431    -0.00000000  -0.00000000    -0.00648148   0.00160421
 -0.00000000  -0.00000000     0.02026530  -0.00045502    -0.00000000  -0.00000000
 -0.00648148   0.00160421    -0.00000000  -0.00000000     0.00942035   0.00692499
    7    7
  0.02557718  -0.00000000    -0.00000000  -0.00000000    -0.00331228   0.00413756
 -0.00000000   0.00000000     0.02480638   0.00000000     0.00000000  -0.00000000
 -0.00331228  -0.00413756     0.00000000   0.00000000     0.02411333   0.00000000

     Dynamical  Matrix in cartesian axes

     q = (   -0.108253200   0.866025400  -0.108253200 ) 

    1    1
  0.03795257   0.00000000     0.00000000   0.00000000    -0.00695474   0.00000000
  0.00000000   0.00000000     0.01219184  -0.00000000    -0.00000000   0.00000000
 -0.00695474   0.00000000    -0.00000000   0.00000000     0.03795257   0.00000000
    1    2
  0.00314150  -0.00444621     0.00000000  -0.00000000     0.00237482   0.00305598
  0.00000000  -0.00000000    -0.00209707   0.00611731     0.00000000   0.00000000
 -0.01489618   0.01381271     0.00000000  -0.00000000    -0.00594129  -0.00656940
    1    3
  0.00092257  -0.00536532     0.00000000   0.00000000    -0.00384015   0.00048165
  0.00000000  -0.00000000    -0.00284274   0.00580844     0.00000000   0.00000000
  0.00076612   0.02030025     0.00000000   0.00000000     0.00884639  -0.00044414
    1    4
 -0.00587322  -0.00243277    -0.00406018   0.00980214     0.00288411   0.00119464
 -0.00270586   0.00653251     0.00000000   0.00000000    -0.00270586   0.00653251
 -0.00288411  -0.00119464    -0.00406018   0.00980214     0.00587322   0.00243277
    1    5
  0.00587322   0.00243277    -0.00406018   0.00980214    -0.00288411  -0.00119464
 -0.00270586   0.00653251     0.00000000   0.00000000    -0.00270586   0.00653251
  0.00288411   0.00119464    -0.00406018   0.00980214    -0.00587322  -0.00243277
    1    6
  0.00884639  -0.00044414     0.00000000   0.00000000     0.00076612   0.02030025
  0.00000000   0.00000000    -0.00284274   0.00580844     0.00000000  -0.00000000
 -0.00384015   0.00048165     0.00000000   0.00000000     0.00092257  -0.00536532
    1    7
 -0.00594129  -0.00656940     0.00000000  -0.00000000    -0.01489618   0.01381271
  0.00000000  -0.00000000    -0.00209707   0.00611731    -0.00000000   0.00000000
