  1.000000000000000E-002   1.26045764302382        2.13065582614097     
           6

     Dynamical  Matrix in cartesian axes

     q = (    0.000000000   0.000000000   0.433012700 ) 

    1    1
  0.03027350   0.00000000     0.00000000   0.00000000    -0.00000000   0.00000000
  0.00000000   0.00000000     0.03027350   0.00000000    -0.00000000   0.00000000
 -0.00000000   0.00000000    -0.00000000   0.00000000     0.39604808   0.00000000
    1    2
 -0.00000000   0.00193704     0.00000000   0.00000000    -0.01612537  -0.00000000
  0.00000000   0.00000000    -0.00000000   0.00015113     0.00000000   0.00000000
 -0.07961968  -0.00000000     0.00000000   0.00000000     0.00000000  -0.02828834
    1    3
 -0.00193704  -0.00000000    -0.00000000  -0.00000000     0.00000000   0.01612537
  0.00000000  -0.00000000    -0.00015113  -0.00000000    -0.00000000   0.00000000
  0.00000000   0.07961968    -0.00000000   0.00000000     0.02828834  -0.00000000
    1    4
 -0.00015113   0.00000000     0.00000000  -0.00000000    -0.00000000   0.00000000
  0.00000000  -0.00000000    -0.00193704  -0.00000000     0.00000000   0.01612537
 -0.00000000   0.00000000     0.00000000   0.07961968     0.02828834  -0.00000000
    1    5
 -0.00000000   0.00015113     0.00000000   0.00000000     0.00000000   0.00000000
  0.00000000   0.00000000    -0.00000000   0.00193704    -0.01612537  -0.00000000
  0.00000000   0.00000000    -0.07961968  -0.00000000     0.00000000  -0.02828834
    1    6
 -0.00267778   0.01329008    -0.00000000   0.00000000     0.00000000  -0.00000000
  0.00000000   0.00000000    -0.01329008   0.00267778     0.00000000  -0.00000000
  0.00000000  -0.00000000     0.00000000  -0.00000000    -0.02656571   0.02656571
    1    7
 -0.01329008   0.00267778     0.00000000   0.00000000     0.00000000  -0.00000000
 -0.00000000   0.00000000    -0.00267778   0.01329008     0.00000000  -0.00000000
  0.00000000  -0.00000000     0.00000000  -0.00000000    -0.02656571   0.02656571
    2    1
 -0.00000000  -0.00193704     0.00000000   0.00000000    -0.07961968   0.00000000
  0.00000000   0.00000000    -0.00000000  -0.00015113    -0.00000000  -0.00000000
 -0.01612537   0.00000000    -0.00000000  -0.00000000     0.00000000   0.02828834
    2    2
  0.03300233   0.00000000     0.00000000   0.00000000    -0.00000000   0.00497318
 -0.00000000   0.00000000     0.05648199   0.00000000    -0.00000000   0.00000000
 -0.00000000  -0.00497318    -0.00000000   0.00000000     0.06103505  -0.00000000
    2    3
 -0.00000000  -0.02027055     0.00000000  -0.00000000    -0.00634454   0.00000000
  0.00000000   0.00000000    -0.00000000  -0.05368878     0.00000000  -0.00000000
 -0.00634454   0.00000000     0.00000000  -0.00000000     0.00000000   0.02052453
    2    4
 -0.00000000  -0.00204405    -0.00000000  -0.02218844    -0.00931733   0.00000000
 -0.00000000  -0.05431616    -0.00000000  -0.00204405     0.00136381  -0.00000000
  0.00136381  -0.00000000    -0.00931733   0.00000000     0.00000000   0.02009619
    2    5
 -0.00204405  -0.00000000     0.02218844  -0.00000000    -0.00000000   0.00931733
  0.05431616   0.00000000    -0.00204405   0.00000000    -0.00000000   0.00136381
 -0.00000000  -0.00136381    -0.00000000  -0.00931733     0.02009619   0.00000000
    2    6
  0.00107256  -0.00249358    -0.00000000  -0.00000000     0.00484832  -0.01371169
 -0.00000000  -0.00000000     0.00083177   0.00048148     0.00000000   0.00000000
  0.00250103  -0.01642035     0.00000000   0.00000000    -0.00571246  -0.03552878
    2    7
 -0.00249358   0.00107256     0.00000000   0.00000000     0.01371169  -0.00484832
 -0.00000000   0.00000000     0.00048148   0.00083177     0.00000000   0.00000000
  0.01642035  -0.00250103     0.00000000   0.00000000    -0.03552878  -0.00571246
    3    1
 -0.00193704   0.00000000     0.00000000   0.00000000     0.00000000  -0.07961968
  0.00000000   0.00000000    -0.00015113   0.00000000    -0.00000000  -0.00000000
  0.00000000  -0.01612537    -0.00000000  -0.00000000     0.02828834   0.00000000
    3    2
 -0.00000000   0.02027055     0.00000000   0.00000000    -0.00634454  -0.00000000
  0.00000000   0.00000000    -0.00000000   0.05368878     0.00000000   0.00000000
 -0.00634454  -0.00000000     0.00000000   0.00000000     0.00000000  -0.02052453
    3    3
  0.03300233  -0.00000000     0.00000000  -0.00000000    -0.00000000  -0.00497318
 -0.00000000  -0.00000000     0.05648199  -0.00000000    -0.00000000   0.00000000
 -0.00000000   0.00497318    -0.00000000  -0.00000000     0.06103505   0.00000000
    3    4
 -0.00204405   0.00000000     0.02218844  -0.00000000    -0.00000000  -0.00931733
  0.05431616  -0.00000000    -0.00204405  -0.00000000    -0.00000000  -0.00136381
 -0.00000000   0.00136381    -0.00000000   0.00931733     0.02009619  -0.00000000
    3    5
 -0.00000000   0.00204405    -0.00000000   0.02218844    -0.00931733  -0.00000000
 -0.00000000   0.05431616    -0.00000000   0.00204405     0.00136381   0.00000000
  0.00136381   0.00000000    -0.00931733  -0.00000000     0.00000000  -0.02009619
    3    6
 -0.00249358  -0.00107256     0.00000000  -0.00000000     0.01371169   0.00484832
 -0.00000000   0.00000000     0.00048148  -0.00083177     0.00000000  -0.00000000
  0.01642035   0.00250103     0.00000000  -0.00000000    -0.03552878   0.00571246
    3    7
  0.00107256   0.00249358    -0.00000000   0.00000000     0.00484832   0.01371169
 -0.00000000   0.00000000     0.00083177  -0.00048148     0.00000000  -0.00000000
  0.00250103   0.01642035     0.00000000  -0.00000000    -0.00571246   0.03552878
    4    1
 -0.00015113   0.00000000     0.00000000   0.00000000    -0.00000000   0.00000000
  0.00000000   0.00000000    -0.00193704   0.00000000     0.00000000  -0.07961968
 -0.00000000   0.00000000     0.00000000  -0.01612537     0.02828834   0.00000000
    4    2
 -0.00000000   0.00204405    -0.00000000   0.05431616     0.00136381   0.00000000
 -0.00000000   0.02218844    -0.00000000   0.00204405    -0.00931733  -0.00000000
 -0.00931733  -0.00000000     0.00136381   0.00000000     0.00000000  -0.02009619
    4    3
 -0.00204405  -0.00000000     0.05431616   0.00000000    -0.00000000  -0.00136381
  0.02218844   0.00000000    -0.00204405   0.00000000    -0.00000000  -0.00931733
 -0.00000000   0.00931733    -0.00000000   0.00136381     0.02009619   0.00000000
    4    4
  0.05648199  -0.00000000     0.00000000  -0.00000000    -0.00000000   0.00000000
 -0.00000000   0.00000000     0.03300233  -0.00000000    -0.00000000  -0.00497318
 -0.00000000   0.00000000    -0.00000000   0.00497318     0.06103505  -0.00000000
    4    5
 -0.00000000   0.05368878     0.00000000  -0.00000000     0.00000000   0.00000000
  0.00000000  -0.00000000    -0.00000000   0.02027055    -0.00634454  -0.00000000
  0.00000000   0.00000000    -0.00634454  -0.00000000     0.00000000  -0.02052453
    4    6
  0.00083177  -0.00048148    -0.00000000  -0.00000000     0.00000000  -0.00000000
 -0.00000000   0.00000000     0.00107256   0.00249358     0.00484832   0.01371169
  0.00000000  -0.00000000     0.00250103   0.01642035    -0.00571246   0.03552878
    4    7
  0.00048148  -0.00083177    -0.00000000   0.00000000     0.00000000  -0.00000000
 -0.00000000  -0.00000000    -0.00249358  -0.00107256     0.01371169   0.00484832
  0.00000000  -0.00000000     0.01642035   0.00250103    -0.03552878   0.00571246
    5    1
 -0.00000000  -0.00015113     0.00000000  -0.00000000     0.00000000  -0.00000000
  0.00000000   0.00000000    -0.00000000  -0.00193704    -0.07961968   0.00000000
 -0.00000000  -0.00000000    -0.01612537   0.00000000     0.00000000   0.02828834
    5    2
 -0.00204405   0.00000000     0.05431616   0.00000000    -0.00000000   0.00136381
  0.02218844  -0.00000000    -0.00204405  -0.00000000     0.00000000   0.00931733
 -0.00000000  -0.00931733    -0.00000000  -0.00136381     0.02009619   0.00000000
    5    3
 -0.00000000  -0.00204405    -0.00000000  -0.05431616     0.00136381  -0.00000000
 -0.00000000  -0.02218844    -0.00000000  -0.00204405    -0.00931733   0.00000000
 -0.00931733   0.00000000     0.00136381  -0.00000000     0.00000000   0.02009619
    5    4
 -0.00000000  -0.05368878     0.00000000   0.00000000     0.00000000  -0.00000000
  0.00000000   0.00000000    -0.00000000  -0.02027055    -0.00634454   0.00000000
  0.00000000  -0.00000000    -0.00634454   0.00000000     0.00000000   0.02052453
    5    5
  0.05648199   0.00000000     0.00000000   0.00000000    -0.00000000  -0.00000000
 -0.00000000  -0.00000000     0.03300233   0.00000000    -0.00000000   0.00497318
 -0.00000000  -0.00000000    -0.00000000  -0.00497318     0.06103505   0.00000000
    5    6
  0.00048148   0.00083177    -0.00000000  -0.00000000     0.00000000   0.00000000
 -0.00000000   0.00000000    -0.00249358   0.00107256     0.01371169  -0.00484832
  0.00000000   0.00000000     0.01642035  -0.00250103    -0.03552878  -0.00571246
    5    7
  0.00083177   0.00048148    -0.00000000   0.00000000     0.00000000   0.00000000
 -0.00000000  -0.00000000     0.00107256  -0.00249358     0.00484832  -0.01371169
  0.00000000   0.00000000     0.00250103  -0.01642035    -0.00571246  -0.03552878
    6    1
 -0.00267778  -0.01329008     0.00000000  -0.00000000     0.00000000   0.00000000
  0.00000000  -0.00000000    -0.01329008  -0.00267778     0.00000000   0.00000000
  0.00000000   0.00000000     0.00000000   0.00000000    -0.02656571  -0.02656571
    6    2
  0.00107256   0.00249358    -0.00000000  -0.00000000     0.00250103   0.01642035
 -0.00000000  -0.00000000     0.00083177  -0.00048148     0.00000000  -0.00000000
  0.00484832   0.01371169     0.00000000  -0.00000000    -0.00571246   0.03552878
    6    3
 -0.00249358   0.00107256    -0.00000000   0.00000000     0.01642035  -0.00250103
 -0.00000000   0.00000000     0.00048148   0.00083177     0.00000000   0.00000000
  0.01371169  -0.00484832     0.00000000   0.00000000    -0.03552878  -0.00571246
    6    4
  0.00083177   0.00048148    -0.00000000  -0.00000000     0.00000000   0.00000000
  0.00000000   0.00000000     0.00107256  -0.00249358     0.00250103  -0.01642035
  0.00000000   0.00000000     0.00484832  -0.01371169    -0.00571246  -0.03552878
    6    5
  0.00048148  -0.00083177    -0.00000000  -0.00000000     0.00000000  -0.00000000
 -0.00000000   0.00000000    -0.00249358  -0.00107256     0.01642035   0.00250103
  0.00000000  -0.00000000     0.01371169   0.00484832    -0.03552878   0.00571246
    6    6
  0.02044358  -0.00000000     0.00000000  -0.00000000    -0.00000000  -0.00000000
  0.00000000  -0.00000000     0.02044358   0.00000000    -0.00000000  -0.00000000
 -0.00000000  -0.00000000    -0.00000000  -0.00000000     0.09637598   0.00000000
    6    7
  0.00286330   0.01428518    -0.00000000  -0.00000000     0.00000000   0.00000000
 -0.00000000   0.00000000     0.00286330  -0.01428518     0.00000000  -0.00000000
  0.00000000   0.00000000     0.00000000  -0.00000000    -0.00164655  -0.00000000
    7    1
 -0.01329008  -0.00267778    -0.00000000  -0.00000000     0.00000000   0.00000000
 -0.00000000  -0.00000000    -0.00267778  -0.01329008     0.00000000   0.00000000
  0.00000000   0.00000000     0.00000000   0.00000000    -0.02656571  -0.02656571
    7    2
 -0.00249358  -0.00107256    -0.00000000  -0.00000000     0.01642035   0.00250103
 -0.00000000  -0.00000000     0.00048148  -0.00083177     0.00000000  -0.00000000
  0.01371169   0.00484832     0.00000000  -0.00000000    -0.03552878   0.00571246
    7    3
  0.00107256  -0.00249358     0.00000000   0.00000000     0.00250103  -0.01642035
 -0.00000000   0.00000000     0.00083177   0.00048148     0.00000000   0.00000000
  0.00484832  -0.01371169     0.00000000   0.00000000    -0.00571246  -0.03552878
    7    4
  0.00048148   0.00083177    -0.00000000   0.00000000     0.00000000   0.00000000
 -0.00000000  -0.00000000    -0.00249358   0.00107256     0.01642035  -0.00250103
  0.00000000   0.00000000     0.01371169  -0.00484832    -0.03552878  -0.00571246
    7    5
  0.00083177  -0.00048148     0.00000000  -0.00000000     0.00000000  -0.00000000
  0.00000000  -0.00000000     0.00107256   0.00249358     0.00250103   0.01642035
  0.00000000  -0.00000000     0.00484832   0.01371169    -0.00571246   0.03552878
    7    6
  0.00286330  -0.01428518    -0.00000000   0.00000000     0.00000000  -0.00000000
 -0.00000000  -0.00000000     0.00286330   0.01428518     0.00000000   0.00000000
  0.00000000  -0.00000000     0.00000000   0.00000000    -0.00164655   0.00000000
    7    7
  0.02044358   0.00000000     0.00000000   0.00000000    -0.00000000   0.00000000
  0.00000000   0.00000000     0.02044358  -0.00000000    -0.00000000   0.00000000
 -0.00000000   0.00000000    -0.00000000   0.00000000     0.09637598   0.00000000

     Dynamical  Matrix in cartesian axes

     q = (    0.433012700  -0.000000000   0.000000000 ) 

    1    1
  0.39604808   0.00000000     0.00000000   0.00000000     0.00000000   0.00000000
 -0.00000000   0.00000000     0.03027350   0.00000000     0.00000000   0.00000000
  0.00000000   0.00000000     0.00000000   0.00000000     0.03027350   0.00000000
    1    2
 -0.02656571   0.02656571     0.00000000  -0.00000000     0.00000000   0.00000000
  0.00000000  -0.00000000    -0.00267778   0.01329008     0.00000000   0.00000000
  0.00000000   0.00000000     0.00000000   0.00000000    -0.01329008   0.00267778
    1    3
 -0.02656571   0.02656571     0.00000000   0.00000000    -0.00000000  -0.00000000
  0.00000000   0.00000000    -0.01329008   0.00267778    -0.00000000  -0.00000000
 -0.00000000  -0.00000000    -0.00000000  -0.00000000    -0.00267778   0.01329008
    1    4
  0.00000000  -0.02828834    -0.07961968  -0.00000000     0.00000000  -0.00000000
 -0.01612537  -0.00000000    -0.00000000   0.00193704     0.00000000   0.00000000
  0.00000000  -0.00000000     0.00000000   0.00000000    -0.00000000   0.00015113
    1    5
  0.02828834  -0.00000000     0.00000000   0.07961968     0.00000000   0.00000000
  0.00000000   0.01612537    -0.00193704   0.00000000    -0.00000000   0.00000000
  0.00000000  -0.00000000    -0.00000000   0.00000000    -0.00015113   0.00000000
    1    6
  0.02828834  -0.00000000     0.00000000  -0.00000000     0.00000000   0.07961968
 -0.00000000  -0.00000000    -0.00015113  -0.00000000     0.00000000   0.00000000
  0.00000000   0.01612537     0.00000000   0.00000000    -0.00193704   0.00000000
    1    7
  0.00000000  -0.02828834     0.00000000   0.00000000    -0.07961968  -0.00000000
 -0.00000000   0.00000000    -0.00000000   0.00015113     0.00000000   0.00000000
 -0.01612537  -0.00000000     0.00000000  -0.00000000    -0.00000000   0.00193704
    2    1
 -0.02656571  -0.02656571     0.00000000   0.00000000     0.00000000  -0.00000000
  0.00000000   0.00000000    -0.00267778  -0.01329008     0.00000000   0.00000000
  0.00000000  -0.00000000     0.00000000   0.00000000    -0.01329008  -0.00267778
    2    2
  0.09637598  -0.00000000     0.00000000   0.00000000    -0.00000000   0.00000000
 -0.00000000   0.00000000     0.02044358  -0.00000000    -0.00000000   0.00000000
 -0.00000000   0.00000000    -0.00000000   0.00000000     0.02044358   0.00000000
    2    3
 -0.00164655  -0.00000000     0.00000000  -0.00000000    -0.00000000   0.00000000
  0.00000000  -0.00000000     0.00286330   0.01428518    -0.00000000   0.00000000
 -0.00000000   0.00000000    -0.00000000   0.00000000     0.00286330  -0.01428518
    2    4
 -0.00571246   0.03552878     0.00484832   0.01371169     0.00000000   0.00000000
  0.00250103   0.01642035     0.00107256   0.00249358     0.00000000   0.00000000
 -0.00000000   0.00000000     0.00000000   0.00000000     0.00083177  -0.00048148
    2    5
 -0.03552878  -0.00571246     0.01371169  -0.00484832    -0.00000000  -0.00000000
  0.01642035  -0.00250103    -0.00249358   0.00107256     0.00000000  -0.00000000
 -0.00000000  -0.00000000    -0.00000000  -0.00000000     0.00048148   0.00083177
    2    6
 -0.00571246  -0.03552878     0.00000000   0.00000000     0.00484832  -0.01371169
 -0.00000000   0.00000000     0.00083177   0.00048148     0.00000000   0.00000000
  0.00250103  -0.01642035     0.00000000   0.00000000     0.00107256  -0.00249358
    2    7
 -0.03552878   0.00571246    -0.00000000  -0.00000000     0.01371169   0.00484832
  0.00000000  -0.00000000     0.00048148  -0.00083177     0.00000000   0.00000000
  0.01642035   0.00250103     0.00000000   0.00000000    -0.00249358  -0.00107256
    3    1
 -0.02656571  -0.02656571     0.00000000  -0.00000000     0.00000000   0.00000000
  0.00000000   0.00000000    -0.01329008  -0.00267778    -0.00000000   0.00000000
  0.00000000   0.00000000    -0.00000000   0.00000000    -0.00267778  -0.01329008
    3    2
 -0.00164655   0.00000000     0.00000000   0.00000000    -0.00000000  -0.00000000
  0.00000000   0.00000000     0.00286330  -0.01428518    -0.00000000  -0.00000000
 -0.00000000  -0.00000000    -0.00000000  -0.00000000     0.00286330   0.01428518
    3    3
  0.09637598   0.00000000     0.00000000  -0.00000000    -0.00000000  -0.00000000
 -0.00000000  -0.00000000     0.02044358   0.00000000    -0.00000000  -0.00000000
 -0.00000000  -0.00000000    -0.00000000  -0.00000000     0.02044358  -0.00000000
    3    4
 -0.03552878   0.00571246     0.01371169   0.00484832    -0.00000000   0.00000000
  0.01642035   0.00250103    -0.00249358  -0.00107256     0.00000000   0.00000000
 -0.00000000   0.00000000    -0.00000000   0.00000000     0.00048148  -0.00083177
    3    5
 -0.00571246  -0.03552878     0.00484832  -0.01371169     0.00000000   0.00000000
  0.00250103  -0.01642035     0.00107256  -0.00249358     0.00000000   0.00000000
 -0.00000000   0.00000000     0.00000000  -0.00000000     0.00083177   0.00048148
    3    6
 -0.03552878  -0.00571246    -0.00000000   0.00000000     0.01371169  -0.00484832
  0.00000000   0.00000000     0.00048148   0.00083177     0.00000000   0.00000000
  0.01642035  -0.00250103     0.00000000   0.00000000    -0.00249358   0.00107256
    3    7
 -0.00571246   0.03552878     0.00000000  -0.00000000     0.00484832   0.01371169
 -0.00000000  -0.00000000     0.00083177  -0.00048148    -0.00000000  -0.00000000
  0.00250103   0.01642035     0.00000000  -0.00000000     0.00107256   0.00249358
    4    1
  0.00000000   0.02828834    -0.01612537   0.00000000    -0.00000000   0.00000000
 -0.07961968   0.00000000    -0.00000000  -0.00193704    -0.00000000   0.00000000
 -0.00000000   0.00000000    -0.00000000   0.00000000    -0.00000000  -0.00015113
    4    2
 -0.00571246  -0.03552878     0.00250103  -0.01642035    -0.00000000  -0.00000000
  0.00484832  -0.01371169     0.00107256  -0.00249358     0.00000000  -0.00000000
 -0.00000000   0.00000000    -0.00000000   0.00000000     0.00083177   0.00048148
    4    3
 -0.03552878  -0.00571246     0.01642035  -0.00250103     0.00000000   0.00000000
  0.01371169  -0.00484832    -0.00249358   0.00107256    -0.00000000   0.00000000
 -0.00000000   0.00000000     0.00000000   0.00000000     0.00048148   0.00083177
    4    4
  0.06103505  -0.00000000    -0.00000000  -0.00497318    -0.00000000   0.00000000
 -0.00000000   0.00497318     0.03300233  -0.00000000    -0.00000000   0.00000000
 -0.00000000  -0.00000000    -0.00000000  -0.00000000     0.05648199   0.00000000
    4    5
  0.00000000   0.02052453    -0.00634454   0.00000000     0.00000000   0.00000000
 -0.00634454   0.00000000    -0.00000000  -0.02027055     0.00000000   0.00000000
  0.00000000   0.00000000     0.00000000   0.00000000    -0.00000000  -0.05368878
    4    6
  0.00000000   0.02009619     0.00136381  -0.00000000    -0.00931733   0.00000000
 -0.00931733   0.00000000    -0.00000000  -0.00204405    -0.00000000  -0.02218844
  0.00136381  -0.00000000    -0.00000000  -0.05431616    -0.00000000  -0.00204405
    4    7
  0.02009619  -0.00000000    -0.00000000  -0.00136381    -0.00000000  -0.00931733
 -0.00000000   0.00931733    -0.00204405   0.00000000     0.02218844  -0.00000000
  0.00000000   0.00136381     0.05431616  -0.00000000    -0.00204405   0.00000000
    5    1
  0.02828834   0.00000000     0.00000000  -0.01612537     0.00000000   0.00000000
  0.00000000  -0.07961968    -0.00193704  -0.00000000     0.00000000  -0.00000000
  0.00000000   0.00000000     0.00000000  -0.00000000    -0.00015113  -0.00000000
    5    2
 -0.03552878   0.00571246     0.01642035   0.00250103     0.00000000   0.00000000
  0.01371169   0.00484832    -0.00249358  -0.00107256    -0.00000000   0.00000000
 -0.00000000   0.00000000     0.00000000   0.00000000     0.00048148  -0.00083177
    5    3
 -0.00571246   0.03552878     0.00250103   0.01642035    -0.00000000   0.00000000
  0.00484832   0.01371169     0.00107256   0.00249358    -0.00000000   0.00000000
 -0.00000000  -0.00000000     0.00000000  -0.00000000     0.00083177  -0.00048148
    5    4
  0.00000000  -0.02052453    -0.00634454  -0.00000000     0.00000000  -0.00000000
 -0.00634454  -0.00000000    -0.00000000   0.02027055     0.00000000  -0.00000000
  0.00000000  -0.00000000     0.00000000  -0.00000000    -0.00000000   0.05368878
    5    5
  0.06103505   0.00000000    -0.00000000   0.00497318    -0.00000000   0.00000000
 -0.00000000  -0.00497318     0.03300233   0.00000000    -0.00000000   0.00000000
 -0.00000000   0.00000000    -0.00000000   0.00000000     0.05648199  -0.00000000
    5    6
  0.02009619   0.00000000    -0.00000000   0.00136381    -0.00000000   0.00931733
 -0.00000000  -0.00931733    -0.00204405  -0.00000000     0.02218844   0.00000000
  0.00000000  -0.00136381     0.05431616   0.00000000    -0.00204405  -0.00000000
    5    7
  0.00000000  -0.02009619     0.00136381   0.00000000    -0.00931733  -0.00000000
 -0.00931733  -0.00000000    -0.00000000   0.00204405    -0.00000000   0.02218844
  0.00136381   0.00000000    -0.00000000   0.05431616    -0.00000000   0.00204405
    6    1
  0.02828834   0.00000000    -0.00000000  -0.00000000     0.00000000  -0.01612537
  0.00000000   0.00000000    -0.00015113  -0.00000000     0.00000000  -0.00000000
  0.00000000  -0.07961968     0.00000000   0.00000000    -0.00193704  -0.00000000
    6    2
 -0.00571246   0.03552878     0.00000000  -0.00000000     0.00250103   0.01642035
 -0.00000000  -0.00000000     0.00083177  -0.00048148     0.00000000   0.00000000
  0.00484832   0.01371169     0.00000000  -0.00000000     0.00107256   0.00249358
    6    3
 -0.03552878   0.00571246     0.00000000  -0.00000000     0.01642035   0.00250103
 -0.00000000  -0.00000000     0.00048148  -0.00083177     0.00000000   0.00000000
  0.01371169   0.00484832     0.00000000   0.00000000    -0.00249358  -0.00107256
    6    4
  0.00000000  -0.02009619    -0.00931733  -0.00000000     0.00136381   0.00000000
  0.00136381   0.00000000    -0.00000000   0.00204405    -0.00000000   0.05431616
 -0.00931733  -0.00000000    -0.00000000   0.02218844    -0.00000000   0.00204405
    6    5
  0.02009619  -0.00000000    -0.00000000   0.00931733    -0.00000000   0.00136381
 -0.00000000  -0.00136381    -0.00204405   0.00000000     0.05431616  -0.00000000
 -0.00000000  -0.00931733     0.02218844  -0.00000000    -0.00204405   0.00000000
    6    6
  0.06103505  -0.00000000    -0.00000000   0.00000000    -0.00000000   0.00497318
 -0.00000000  -0.00000000     0.05648199  -0.00000000     0.00000000  -0.00000000
 -0.00000000  -0.00497318     0.00000000   0.00000000     0.03300233   0.00000000
    6    7
  0.00000000  -0.02052453     0.00000000   0.00000000    -0.00634454  -0.00000000
 -0.00000000   0.00000000    -0.00000000   0.05368878    -0.00000000   0.00000000
 -0.00634454  -0.00000000    -0.00000000  -0.00000000    -0.00000000   0.02027055
    7    1
  0.00000000   0.02828834     0.00000000  -0.00000000    -0.01612537   0.00000000
  0.00000000  -0.00000000    -0.00000000  -0.00015113    -0.00000000   0.00000000
 -0.07961968   0.00000000     0.00000000   0.00000000    -0.00000000  -0.00193704
    7    2
 -0.03552878  -0.00571246     0.00000000   0.00000000     0.01642035  -0.00250103
 -0.00000000   0.00000000     0.00048148   0.00083177     0.00000000  -0.00000000
  0.01371169  -0.00484832     0.00000000  -0.00000000    -0.00249358   0.00107256
    7    3
 -0.00571246  -0.03552878    -0.00000000   0.00000000     0.00250103  -0.01642035
 -0.00000000   0.00000000     0.00083177   0.00048148    -0.00000000   0.00000000
  0.00484832  -0.01371169    -0.00000000  -0.00000000     0.00107256  -0.00249358
    7    4
  0.02009619   0.00000000    -0.00000000  -0.00931733    -0.00000000  -0.00136381
 -0.00000000   0.00136381    -0.00204405  -0.00000000     0.05431616   0.00000000
 -0.00000000   0.00931733     0.02218844   0.00000000    -0.00204405  -0.00000000
    7    5
  0.00000000   0.02009619    -0.00931733   0.00000000     0.00136381  -0.00000000
  0.00136381  -0.00000000    -0.00000000  -0.00204405    -0.00000000  -0.05431616
 -0.00931733   0.00000000    -0.00000000  -0.02218844    -0.00000000  -0.00204405
    7    6
  0.00000000   0.02052453     0.00000000  -0.00000000    -0.00634454   0.00000000
 -0.00000000  -0.00000000    -0.00000000  -0.05368878    -0.00000000   0.00000000
 -0.00634454   0.00000000    -0.00000000   0.00000000    -0.00000000  -0.02027055
    7    7
  0.06103505   0.00000000    -0.00000000  -0.00000000    -0.00000000  -0.00497318
 -0.00000000   0.00000000     0.05648199   0.00000000     0.00000000   0.00000000
 -0.00000000   0.00497318     0.00000000  -0.00000000     0.03300233  -0.00000000

     Dynamical  Matrix in cartesian axes

     q = (   -0.433012700  -0.000000000  -0.000000000 ) 

    1    1
  0.39604808   0.00000000    -0.00000000   0.00000000     0.00000000   0.00000000
 -0.00000000   0.00000000     0.03027350   0.00000000     0.00000000   0.00000000
  0.00000000   0.00000000     0.00000000   0.00000000     0.03027350   0.00000000
    1    2
 -0.02656571  -0.02656571    -0.00000000   0.00000000     0.00000000   0.00000000
 -0.00000000   0.00000000    -0.00267778  -0.01329008     0.00000000   0.00000000
  0.00000000   0.00000000     0.00000000   0.00000000    -0.01329008  -0.00267778
    1    3
 -0.02656571  -0.02656571     0.00000000   0.00000000     0.00000000   0.00000000
  0.00000000   0.00000000    -0.01329008  -0.00267778     0.00000000   0.00000000
  0.00000000   0.00000000     0.00000000   0.00000000    -0.00267778  -0.01329008
    1    4
  0.00000000   0.02828834    -0.07961968   0.00000000     0.00000000  -0.00000000
 -0.01612537   0.00000000    -0.00000000  -0.00193704     0.00000000  -0.00000000
  0.00000000   0.00000000     0.00000000   0.00000000    -0.00000000  -0.00015113
    1    5
  0.02828834   0.00000000     0.00000000  -0.07961968    -0.00000000   0.00000000
  0.00000000  -0.01612537    -0.00193704   0.00000000    -0.00000000   0.00000000
  0.00000000   0.00000000    -0.00000000   0.00000000    -0.00015113   0.00000000
    1    6
  0.02828834   0.00000000    -0.00000000   0.00000000     0.00000000  -0.07961968
 -0.00000000   0.00000000    -0.00015113   0.00000000     0.00000000  -0.00000000
  0.00000000  -0.01612537    -0.00000000   0.00000000    -0.00193704   0.00000000
    1    7
  0.00000000   0.02828834     0.00000000  -0.00000000    -0.07961968   0.00000000
  0.00000000  -0.00000000    -0.00000000  -0.00015113     0.00000000  -0.00000000
 -0.01612537   0.00000000     0.00000000   0.00000000    -0.00000000  -0.00193704
    2    1
 -0.02656571   0.02656571    -0.00000000   0.00000000     0.00000000   0.00000000
  0.00000000   0.00000000    -0.00267778   0.01329008     0.00000000  -0.00000000
  0.00000000  -0.00000000     0.00000000   0.00000000    -0.01329008   0.00267778
    2    2
  0.09637598   0.00000000     0.00000000  -0.00000000     0.00000000  -0.00000000
  0.00000000  -0.00000000     0.02044358   0.00000000     0.00000000  -0.00000000
 -0.00000000  -0.00000000     0.00000000  -0.00000000     0.02044358  -0.00000000
    2    3
 -0.00164655  -0.00000000     0.00000000  -0.00000000    -0.00000000  -0.00000000
  0.00000000   0.00000000     0.00286330  -0.01428518    -0.00000000  -0.00000000
 -0.00000000  -0.00000000    -0.00000000  -0.00000000     0.00286330   0.01428518
    2    4
 -0.00571246  -0.03552878     0.00484832  -0.01371169     0.00000000   0.00000000
  0.00250103  -0.01642035     0.00107256  -0.00249358     0.00000000   0.00000000
 -0.00000000   0.00000000    -0.00000000   0.00000000     0.00083177   0.00048148
    2    5
 -0.03552878   0.00571246     0.01371169   0.00484832     0.00000000   0.00000000
  0.01642035   0.00250103    -0.00249358  -0.00107256    -0.00000000   0.00000000
 -0.00000000   0.00000000    -0.00000000  -0.00000000     0.00048148  -0.00083177
    2    6
 -0.00571246   0.03552878     0.00000000  -0.00000000     0.00484832   0.01371169
 -0.00000000  -0.00000000     0.00083177  -0.00048148    -0.00000000   0.00000000
  0.00250103   0.01642035     0.00000000   0.00000000     0.00107256   0.00249358
    2    7
 -0.03552878  -0.00571246     0.00000000   0.00000000     0.01371169  -0.00484832
 -0.00000000   0.00000000     0.00048148   0.00083177     0.00000000   0.00000000
  0.01642035  -0.00250103     0.00000000  -0.00000000    -0.00249358   0.00107256
    3    1
 -0.02656571   0.02656571     0.00000000   0.00000000    -0.00000000   0.00000000
  0.00000000   0.00000000    -0.01329008   0.00267778    -0.00000000   0.00000000
 -0.00000000  -0.00000000    -0.00000000  -0.00000000    -0.00267778   0.01329008
    3    2
 -0.00164655   0.00000000     0.00000000   0.00000000    -0.00000000   0.00000000
  0.00000000  -0.00000000     0.00286330   0.01428518    -0.00000000   0.00000000
 -0.00000000   0.00000000    -0.00000000   0.00000000     0.00286330  -0.01428518
    3    3
  0.09637598  -0.00000000     0.00000000   0.00000000     0.00000000   0.00000000
  0.00000000   0.00000000     0.02044358  -0.00000000     0.00000000   0.00000000
 -0.00000000   0.00000000     0.00000000   0.00000000     0.02044358   0.00000000
    3    4
 -0.03552878  -0.00571246     0.01371169  -0.00484832     0.00000000  -0.00000000
  0.01642035  -0.00250103    -0.00249358   0.00107256    -0.00000000  -0.00000000
 -0.00000000  -0.00000000    -0.00000000   0.00000000     0.00048148   0.00083177
    3    5
 -0.00571246   0.03552878     0.00484832   0.01371169     0.00000000   0.00000000
  0.00250103   0.01642035     0.00107256   0.00249358     0.00000000   0.00000000
 -0.00000000  -0.00000000     0.00000000   0.00000000     0.00083177  -0.00048148
    3    6
 -0.03552878   0.00571246     0.00000000  -0.00000000     0.01371169   0.00484832
 -0.00000000  -0.00000000     0.00048148  -0.00083177     0.00000000   0.00000000
  0.01642035   0.00250103     0.00000000   0.00000000    -0.00249358  -0.00107256
    3    7
 -0.00571246  -0.03552878     0.00000000   0.00000000     0.00484832  -0.01371169
 -0.00000000   0.00000000     0.00083177   0.00048148    -0.00000000  -0.00000000
  0.00250103  -0.01642035     0.00000000   0.00000000     0.00107256  -0.00249358
    4    1
  0.00000000  -0.02828834    -0.01612537  -0.00000000     0.00000000   0.00000000
 -0.07961968  -0.00000000    -0.00000000   0.00193704     0.00000000  -0.00000000
  0.00000000   0.00000000     0.00000000   0.00000000    -0.00000000   0.00015113
    4    2
 -0.00571246   0.03552878     0.00250103   0.01642035     0.00000000   0.00000000
  0.00484832   0.01371169     0.00107256   0.00249358    -0.00000000   0.00000000
 -0.00000000  -0.00000000     0.00000000   0.00000000     0.00083177  -0.00048148
    4    3
 -0.03552878   0.00571246     0.01642035   0.00250103    -0.00000000   0.00000000
  0.01371169   0.00484832    -0.00249358  -0.00107256     0.00000000   0.00000000
  0.00000000   0.00000000    -0.00000000   0.00000000     0.00048148  -0.00083177
    4    4
  0.06103505   0.00000000    -0.00000000   0.00497318    -0.00000000   0.00000000
 -0.00000000  -0.00497318     0.03300233   0.00000000    -0.00000000   0.00000000
 -0.00000000   0.00000000    -0.00000000   0.00000000     0.05648199  -0.00000000
    4    5
  0.00000000  -0.02052453    -0.00634454  -0.00000000    -0.00000000  -0.00000000
 -0.00634454  -0.00000000    -0.00000000   0.02027055     0.00000000  -0.00000000
  0.00000000  -0.00000000    -0.00000000  -0.00000000    -0.00000000   0.05368878
    4    6
  0.00000000  -0.02009619     0.00136381   0.00000000    -0.00931733  -0.00000000
 -0.00931733  -0.00000000    -0.00000000   0.00204405    -0.00000000   0.02218844
  0.00136381   0.00000000    -0.00000000   0.05431616    -0.00000000   0.00204405
    4    7
  0.02009619  -0.00000000    -0.00000000   0.00136381    -0.00000000   0.00931733
 -0.00000000  -0.00931733    -0.00204405  -0.00000000     0.02218844  -0.00000000
  0.00000000  -0.00136381     0.05431616  -0.00000000    -0.00204405   0.00000000
    5    1
  0.02828834  -0.00000000     0.00000000   0.01612537     0.00000000   0.00000000
  0.00000000   0.07961968    -0.00193704   0.00000000     0.00000000   0.00000000
  0.00000000   0.00000000     0.00000000   0.00000000    -0.00015113   0.00000000
    5    2
 -0.03552878  -0.00571246     0.01642035  -0.00250103    -0.00000000  -0.00000000
  0.01371169  -0.00484832    -0.00249358   0.00107256    -0.00000000  -0.00000000
  0.00000000  -0.00000000    -0.00000000  -0.00000000     0.00048148   0.00083177
    5    3
 -0.00571246  -0.03552878     0.00250103  -0.01642035     0.00000000  -0.00000000
  0.00484832  -0.01371169     0.00107256  -0.00249358    -0.00000000  -0.00000000
 -0.00000000   0.00000000     0.00000000   0.00000000     0.00083177   0.00048148
    5    4
  0.00000000   0.02052453    -0.00634454   0.00000000    -0.00000000   0.00000000
 -0.00634454   0.00000000    -0.00000000  -0.02027055     0.00000000   0.00000000
  0.00000000   0.00000000    -0.00000000   0.00000000    -0.00000000  -0.05368878
    5    5
  0.06103505  -0.00000000    -0.00000000  -0.00497318    -0.00000000   0.00000000
 -0.00000000   0.00497318     0.03300233  -0.00000000    -0.00000000   0.00000000
 -0.00000000   0.00000000    -0.00000000   0.00000000     0.05648199   0.00000000
    5    6
  0.02009619   0.00000000    -0.00000000  -0.00136381    -0.00000000  -0.00931733
 -0.00000000   0.00931733    -0.00204405  -0.00000000     0.02218844   0.00000000
  0.00000000   0.00136381     0.05431616   0.00000000    -0.00204405  -0.00000000
    5    7
  0.00000000   0.02009619     0.00136381  -0.00000000    -0.00931733   0.00000000
 -0.00931733   0.00000000    -0.00000000  -0.00204405    -0.00000000  -0.02218844
  0.00136381  -0.00000000    -0.00000000  -0.05431616    -0.00000000  -0.00204405
    6    1
  0.02828834  -0.00000000     0.00000000   0.00000000     0.00000000   0.01612537
 -0.00000000  -0.00000000    -0.00015113  -0.00000000     0.00000000   0.00000000
  0.00000000   0.07961968     0.00000000  -0.00000000    -0.00193704  -0.00000000
    6    2
 -0.00571246  -0.03552878    -0.00000000   0.00000000     0.00250103  -0.01642035
 -0.00000000   0.00000000     0.00083177   0.00048148    -0.00000000   0.00000000
  0.00484832  -0.01371169     0.00000000  -0.00000000     0.00107256  -0.00249358
    6    3
 -0.03552878  -0.00571246    -0.00000000   0.00000000     0.01642035  -0.00250103
 -0.00000000   0.00000000     0.00048148   0.00083177     0.00000000  -0.00000000
  0.01371169  -0.00484832     0.00000000   0.00000000    -0.00249358   0.00107256
    6    4
  0.00000000   0.02009619    -0.00931733   0.00000000     0.00136381  -0.00000000
  0.00136381  -0.00000000    -0.00000000  -0.00204405    -0.00000000  -0.05431616
 -0.00931733   0.00000000    -0.00000000  -0.02218844    -0.00000000  -0.00204405
    6    5
  0.02009619  -0.00000000    -0.00000000  -0.00931733    -0.00000000  -0.00136381
 -0.00000000   0.00136381    -0.00204405   0.00000000     0.05431616  -0.00000000
  0.00000000   0.00931733     0.02218844  -0.00000000    -0.00204405   0.00000000
    6    6
  0.06103505   0.00000000    -0.00000000   0.00000000    -0.00000000  -0.00497318
 -0.00000000   0.00000000     0.05648199   0.00000000    -0.00000000   0.00000000
 -0.00000000   0.00497318    -0.00000000   0.00000000     0.03300233  -0.00000000
    6    7
  0.00000000   0.02052453     0.00000000  -0.00000000    -0.00634454   0.00000000
  0.00000000  -0.00000000    -0.00000000  -0.05368878     0.00000000   0.00000000
 -0.00634454   0.00000000     0.00000000   0.00000000    -0.00000000  -0.02027055
    7    1
  0.00000000  -0.02828834     0.00000000   0.00000000    -0.01612537  -0.00000000
  0.00000000   0.00000000    -0.00000000   0.00015113     0.00000000   0.00000000
 -0.07961968  -0.00000000     0.00000000   0.00000000    -0.00000000   0.00193704
    7    2
 -0.03552878   0.00571246    -0.00000000  -0.00000000     0.01642035   0.00250103
 -0.00000000  -0.00000000     0.00048148  -0.00083177     0.00000000   0.00000000
  0.01371169   0.00484832     0.00000000  -0.00000000    -0.00249358  -0.00107256
    7    3
 -0.00571246   0.03552878     0.00000000  -0.00000000     0.00250103   0.01642035
  0.00000000  -0.00000000     0.00083177  -0.00048148     0.00000000   0.00000000
  0.00484832   0.01371169    -0.00000000   0.00000000     0.00107256   0.00249358
    7    4
  0.02009619   0.00000000    -0.00000000   0.00931733     0.00000000   0.00136381
 -0.00000000  -0.00136381    -0.00204405   0.00000000     0.05431616   0.00000000
 -0.00000000  -0.00931733     0.02218844   0.00000000    -0.00204405   0.00000000
    7    5
  0.00000000  -0.02009619    -0.00931733  -0.00000000     0.00136381   0.00000000
  0.00136381   0.00000000    -0.00000000   0.00204405    -0.00000000   0.05431616
 -0.00931733  -0.00000000    -0.00000000   0.02218844    -0.00000000   0.00204405
    7    6
  0.00000000  -0.02052453     0.00000000   0.00000000    -0.00634454  -0.00000000
  0.00000000   0.00000000    -0.00000000   0.05368878     0.00000000   0.00000000
 -0.00634454  -0.00000000     0.00000000  -0.00000000    -0.00000000   0.02027055
    7    7
  0.06103505  -0.00000000    -0.00000000  -0.00000000    -0.00000000   0.00497318
 -0.00000000  -0.00000000     0.05648199  -0.00000000    -0.00000000  -0.00000000
 -0.00000000  -0.00497318    -0.00000000   0.00000000     0.03300233   0.00000000

     Dynamical  Matrix in cartesian axes

     q = (   -0.000000000   0.433012700   0.000000000 ) 

    1    1
  0.03027350   0.00000000     0.00000000   0.00000000     0.00000000   0.00000000
  0.00000000   0.00000000     0.39604808   0.00000000     0.00000000   0.00000000
  0.00000000   0.00000000     0.00000000   0.00000000     0.03027350   0.00000000
    1    2
 -0.00193704  -0.00000000     0.00000000   0.01612537     0.00000000   0.00000000
  0.00000000   0.07961968     0.02828834  -0.00000000     0.00000000   0.00000000
 -0.00000000   0.00000000    -0.00000000   0.00000000    -0.00015113   0.00000000
    1    3
 -0.00000000   0.00193704    -0.01612537  -0.00000000     0.00000000  -0.00000000
 -0.07961968  -0.00000000     0.00000000  -0.02828834     0.00000000  -0.00000000
  0.00000000   0.00000000    -0.00000000   0.00000000    -0.00000000   0.00015113
    1    4
 -0.01329008   0.00267778     0.00000000  -0.00000000     0.00000000  -0.00000000
  0.00000000  -0.00000000    -0.02656571   0.02656571     0.00000000  -0.00000000
  0.00000000  -0.00000000     0.00000000  -0.00000000    -0.00267778   0.01329008
    1    5
 -0.00267778   0.01329008    -0.00000000  -0.00000000     0.00000000   0.00000000
  0.00000000  -0.00000000    -0.02656571   0.02656571     0.00000000   0.00000000
  0.00000000  -0.00000000     0.00000000  -0.00000000    -0.01329008   0.00267778
    1    6
 -0.00000000   0.00015113     0.00000000   0.00000000     0.00000000   0.00000000
  0.00000000   0.00000000     0.00000000  -0.02828834    -0.07961968  -0.00000000
  0.00000000   0.00000000    -0.01612537  -0.00000000    -0.00000000   0.00193704
    1    7
 -0.00015113  -0.00000000    -0.00000000   0.00000000     0.00000000   0.00000000
  0.00000000  -0.00000000     0.02828834  -0.00000000     0.00000000   0.07961968
