  1.500000000000000E-002   1.26023585003145        2.23508645248256     
          12

     Dynamical  Matrix in cartesian axes

     q = (    0.433012700   0.433012700   0.216506400 ) 

    1    1
  0.10239379   0.00000000     0.03017206   0.00000000    -0.00000000   0.00000000
  0.03017206   0.00000000     0.10239379   0.00000000    -0.00000000   0.00000000
 -0.00000000   0.00000000    -0.00000000   0.00000000     0.06311363   0.00000000
    1    2
 -0.01325729   0.01325729     0.01569739  -0.01569739    -0.00772359  -0.00772359
 -0.00408351   0.00408351     0.01093870  -0.01093870    -0.00644805  -0.00644804
 -0.00630681  -0.00630680    -0.00466646  -0.00466646    -0.01249799   0.01249800
    1    3
  0.01874864   0.00000000    -0.02219946  -0.00000000     0.00000000  -0.01092281
  0.00577495   0.00000000    -0.01546965  -0.00000000     0.00000000  -0.00911891
  0.00000000  -0.00891917     0.00000000  -0.00659937     0.01767483   0.00000000
    1    4
 -0.01546965  -0.00000000     0.00577495   0.00000000     0.00000000  -0.00911891
 -0.02219946  -0.00000000     0.01874864   0.00000000     0.00000000  -0.01092281
  0.00000000  -0.00659937     0.00000000  -0.00891917     0.01767483   0.00000000
    1    5
  0.01093870  -0.01093870    -0.00408351   0.00408351    -0.00644805  -0.00644804
  0.01569739  -0.01569739    -0.01325729   0.01325729    -0.00772359  -0.00772359
 -0.00466646  -0.00466646    -0.00630681  -0.00630680    -0.01249799   0.01249800
    1    6
  0.00000000   0.00000000     0.00000000   0.00000000     0.01238689   0.01333430
  0.00000000   0.00000000     0.00000000   0.00000000     0.00066993   0.01818763
  0.02114831  -0.00261734    -0.01680485   0.01310337    -0.00000000  -0.00000000
    1    7
  0.00000000   0.00000000     0.00000000   0.00000000     0.00066993   0.01818763
  0.00000000   0.00000000     0.00000000   0.00000000     0.01238689   0.01333430
 -0.01680485   0.01310337     0.02114831  -0.00261734    -0.00000000  -0.00000000
    2    1
 -0.01325729  -0.01325729    -0.00408351  -0.00408351    -0.00630681   0.00630680
  0.01569739   0.01569739     0.01093870   0.01093870    -0.00466646   0.00466646
 -0.00772359   0.00772359    -0.00644805   0.00644804    -0.01249799  -0.01249800
    2    2
  0.07053143  -0.00000000    -0.00077862   0.00000000    -0.00000000  -0.01015278
 -0.00077862  -0.00000000     0.07244859  -0.00000000    -0.00000000  -0.00514673
 -0.00000000   0.01015278    -0.00000000   0.00514673     0.03780497   0.00000000
    2    3
  0.00353586   0.00353586     0.00595159   0.00595159    -0.00154857   0.00154857
  0.00595159   0.00595159     0.01857814   0.01857815    -0.01004708   0.01004708
 -0.00154857   0.00154857    -0.01004708   0.01004708    -0.01094775  -0.01094776
    2    4
  0.01777415   0.01777416     0.02191356   0.02191357     0.00397146  -0.00397146
  0.02817328   0.02817329     0.01777415   0.01777416    -0.00808289   0.00808289
 -0.00808289   0.00808289     0.00397146  -0.00397146     0.01096870   0.01096870
    2    5
 -0.01934017   0.00000000     0.03321688  -0.00000000    -0.00000000  -0.00825530
  0.05555016  -0.00000000    -0.01934017  -0.00000000    -0.00000000  -0.00624826
 -0.00000000   0.00624826    -0.00000000   0.00825530     0.00163639   0.00000000
    2    6
 -0.01663116  -0.00831663    -0.00937250  -0.00261447    -0.01293544  -0.00067910
 -0.01099261   0.00542836    -0.00157783  -0.01051880    -0.00520439  -0.00367299
 -0.01648891  -0.02141333    -0.00446896   0.00318456    -0.01489304  -0.00472926
    2    7
 -0.01764075  -0.00587926    -0.00847607  -0.00477865     0.00962693   0.00866655
 -0.00393452  -0.01161138    -0.00855361   0.00632222     0.00627726   0.00108286
  0.02680093  -0.00348209     0.00090821   0.00541185    -0.01387506  -0.00718688
    3    1
  0.01874864  -0.00000000     0.00577495  -0.00000000     0.00000000   0.00891917
 -0.02219946   0.00000000    -0.01546965   0.00000000     0.00000000   0.00659937
  0.00000000   0.01092281     0.00000000   0.00911891     0.01767483  -0.00000000
    3    2
  0.00353586  -0.00353586     0.00595159  -0.00595159    -0.00154857  -0.00154857
  0.00595159  -0.00595159     0.01857814  -0.01857815    -0.01004708  -0.01004708
 -0.00154857  -0.00154857    -0.01004708  -0.01004708    -0.01094775   0.01094776
    3    3
  0.07053143   0.00000000    -0.00077862  -0.00000000    -0.00000000   0.01015278
 -0.00077862   0.00000000     0.07244859  -0.00000000    -0.00000000   0.00514673
 -0.00000000  -0.01015278    -0.00000000  -0.00514673     0.03780497  -0.00000000
    3    4
 -0.01934017   0.00000000     0.03321688  -0.00000000    -0.00000000   0.00825530
  0.05555016  -0.00000000    -0.01934017   0.00000000     0.00000000   0.00624826
  0.00000000  -0.00624826    -0.00000000  -0.00825530     0.00163639  -0.00000000
    3    5
  0.01777415  -0.01777416     0.02191356  -0.02191357     0.00397146   0.00397146
  0.02817328  -0.02817329     0.01777415  -0.01777416    -0.00808289  -0.00808289
 -0.00808289  -0.00808289     0.00397146   0.00397146     0.01096870  -0.01096870
    3    6
 -0.01764075   0.00587926    -0.00847607   0.00477865     0.00962693  -0.00866655
 -0.00393452   0.01161138    -0.00855361  -0.00632222     0.00627726  -0.00108286
  0.02680093   0.00348209     0.00090821  -0.00541185    -0.01387506   0.00718688
    3    7
 -0.01663116   0.00831663    -0.00937250   0.00261447    -0.01293544   0.00067910
 -0.01099261  -0.00542836    -0.00157783   0.01051880    -0.00520439   0.00367299
 -0.01648891   0.02141333    -0.00446896  -0.00318456    -0.01489304   0.00472926
    4    1
 -0.01546965   0.00000000    -0.02219946   0.00000000     0.00000000   0.00659937
  0.00577495  -0.00000000     0.01874864  -0.00000000     0.00000000   0.00891917
  0.00000000   0.00911891     0.00000000   0.01092281     0.01767483  -0.00000000
    4    2
  0.01777415  -0.01777416     0.02817328  -0.02817329    -0.00808289  -0.00808289
  0.02191356  -0.02191357     0.01777415  -0.01777416     0.00397146   0.00397146
  0.00397146   0.00397146    -0.00808289  -0.00808289     0.01096870  -0.01096870
    4    3
 -0.01934017  -0.00000000     0.05555016   0.00000000    -0.00000000   0.00624826
  0.03321688   0.00000000    -0.01934017  -0.00000000     0.00000000   0.00825530
  0.00000000  -0.00825530    -0.00000000  -0.00624826     0.00163639   0.00000000
    4    4
  0.07244859  -0.00000000    -0.00077862   0.00000000    -0.00000000   0.00514673
 -0.00077862  -0.00000000     0.07053143  -0.00000000    -0.00000000   0.01015278
 -0.00000000  -0.00514673    -0.00000000  -0.01015278     0.03780497   0.00000000
    4    5
  0.01857814  -0.01857815     0.00595159  -0.00595159    -0.01004708  -0.01004708
  0.00595159  -0.00595159     0.00353586  -0.00353586    -0.00154857  -0.00154857
 -0.01004708  -0.01004708    -0.00154857  -0.00154857    -0.01094775   0.01094776
    4    6
 -0.00157783   0.01051880    -0.01099261  -0.00542836    -0.00520439   0.00367299
 -0.00937250   0.00261447    -0.01663116   0.00831663    -0.01293544   0.00067910
 -0.00446896  -0.00318456    -0.01648891   0.02141333    -0.01489304   0.00472926
    4    7
 -0.00855361  -0.00632222    -0.00393452   0.01161138     0.00627726  -0.00108286
 -0.00847607   0.00477865    -0.01764075   0.00587926     0.00962693  -0.00866655
  0.00090821  -0.00541185     0.02680093   0.00348209    -0.01387506   0.00718688
    5    1
  0.01093870   0.01093870     0.01569739   0.01569739    -0.00466646   0.00466646
 -0.00408351  -0.00408351    -0.01325729  -0.01325729    -0.00630681   0.00630680
 -0.00644805   0.00644804    -0.00772359   0.00772359    -0.01249799  -0.01249800
    5    2
 -0.01934017   0.00000000     0.05555016  -0.00000000    -0.00000000  -0.00624826
  0.03321688   0.00000000    -0.01934017  -0.00000000    -0.00000000  -0.00825530
 -0.00000000   0.00825530    -0.00000000   0.00624826     0.00163639   0.00000000
    5    3
  0.01777415   0.01777416     0.02817328   0.02817329    -0.00808289   0.00808289
  0.02191356   0.02191357     0.01777415   0.01777416     0.00397146  -0.00397146
  0.00397146  -0.00397146    -0.00808289   0.00808289     0.01096870   0.01096870
    5    4
  0.01857814   0.01857815     0.00595159   0.00595159    -0.01004708   0.01004708
  0.00595159   0.00595159     0.00353586   0.00353586    -0.00154857   0.00154857
 -0.01004708   0.01004708    -0.00154857   0.00154857    -0.01094775  -0.01094776
    5    5
  0.07244859  -0.00000000    -0.00077862  -0.00000000    -0.00000000  -0.00514673
 -0.00077862   0.00000000     0.07053143   0.00000000    -0.00000000  -0.01015278
 -0.00000000   0.00514673    -0.00000000   0.01015278     0.03780497  -0.00000000
    5    6
 -0.00855361   0.00632222    -0.00393452  -0.01161138     0.00627726   0.00108286
 -0.00847607  -0.00477865    -0.01764075  -0.00587926     0.00962693   0.00866655
  0.00090821   0.00541185     0.02680093  -0.00348209    -0.01387506  -0.00718688
    5    7
 -0.00157783  -0.01051880    -0.01099261   0.00542836    -0.00520439  -0.00367299
 -0.00937250  -0.00261447    -0.01663116  -0.00831663    -0.01293544  -0.00067910
 -0.00446896   0.00318456    -0.01648891  -0.02141333    -0.01489304  -0.00472926
    6    1
  0.00000000   0.00000000     0.00000000  -0.00000000     0.02114831   0.00261734
  0.00000000  -0.00000000     0.00000000  -0.00000000    -0.01680485  -0.01310337
  0.01238689  -0.01333430     0.00066993  -0.01818763    -0.00000000   0.00000000
    6    2
 -0.01663116   0.00831663    -0.01099261  -0.00542836    -0.01648891   0.02141333
 -0.00937250   0.00261447    -0.00157783   0.01051880    -0.00446896  -0.00318456
 -0.01293544   0.00067910    -0.00520439   0.00367299    -0.01489304   0.00472926
    6    3
 -0.01764075  -0.00587926    -0.00393452  -0.01161138     0.02680093  -0.00348209
 -0.00847607  -0.00477865    -0.00855361   0.00632222     0.00090821   0.00541185
  0.00962693   0.00866655     0.00627726   0.00108286    -0.01387506  -0.00718688
    6    4
 -0.00157783  -0.01051880    -0.00937250  -0.00261447    -0.00446896   0.00318456
 -0.01099261   0.00542836    -0.01663116  -0.00831663    -0.01648891  -0.02141333
 -0.00520439  -0.00367299    -0.01293544  -0.00067910    -0.01489304  -0.00472926
    6    5
 -0.00855361  -0.00632222    -0.00847607   0.00477865     0.00090821  -0.00541185
 -0.00393452   0.01161138    -0.01764075   0.00587926     0.02680093   0.00348209
  0.00627726  -0.00108286     0.00962693  -0.00866655    -0.01387506   0.00718688
    6    6
  0.04565030   0.00000000    -0.00249707  -0.00216524    -0.00000000  -0.00000000
 -0.00249707   0.00216524     0.04565030  -0.00000000     0.00000000  -0.00000000
 -0.00000000   0.00000000    -0.00000000   0.00000000     0.04251839   0.00000000
    6    7
 -0.00827832   0.01416800    -0.00100155  -0.00000000    -0.00000000   0.00000000
 -0.00100155  -0.00000000    -0.00827832  -0.01416800    -0.00000000   0.00000000
 -0.00000000   0.00000000    -0.00000000   0.00000000     0.02077712   0.00000000
    7    1
  0.00000000  -0.00000000     0.00000000  -0.00000000    -0.01680485  -0.01310337
  0.00000000  -0.00000000     0.00000000   0.00000000     0.02114831   0.00261734
  0.00066993  -0.01818763     0.01238689  -0.01333430    -0.00000000   0.00000000
    7    2
 -0.01764075   0.00587926    -0.00393452   0.01161138     0.02680093   0.00348209
 -0.00847607   0.00477865    -0.00855361  -0.00632222     0.00090821  -0.00541185
  0.00962693  -0.00866655     0.00627726  -0.00108286    -0.01387506   0.00718688
    7    3
 -0.01663116  -0.00831663    -0.01099261   0.00542836    -0.01648891  -0.02141333
 -0.00937250  -0.00261447    -0.00157783  -0.01051880    -0.00446896   0.00318456
 -0.01293544  -0.00067910    -0.00520439  -0.00367299    -0.01489304  -0.00472926
    7    4
 -0.00855361   0.00632222    -0.00847607  -0.00477865     0.00090821   0.00541185
 -0.00393452  -0.01161138    -0.01764075  -0.00587926     0.02680093  -0.00348209
  0.00627726   0.00108286     0.00962693   0.00866655    -0.01387506  -0.00718688
    7    5
 -0.00157783   0.01051880    -0.00937250   0.00261447    -0.00446896  -0.00318456
 -0.01099261  -0.00542836    -0.01663116   0.00831663    -0.01648891   0.02141333
 -0.00520439   0.00367299    -0.01293544   0.00067910    -0.01489304   0.00472926
    7    6
 -0.00827832  -0.01416800    -0.00100155   0.00000000    -0.00000000   0.00000000
 -0.00100155  -0.00000000    -0.00827832   0.01416800    -0.00000000   0.00000000
 -0.00000000   0.00000000    -0.00000000   0.00000000     0.02077712   0.00000000
    7    7
  0.04565030  -0.00000000    -0.00249707   0.00216524    -0.00000000  -0.00000000
 -0.00249707  -0.00216524     0.04565030   0.00000000    -0.00000000  -0.00000000
 -0.00000000   0.00000000    -0.00000000   0.00000000     0.04251839   0.00000000

     Dynamical  Matrix in cartesian axes

     q = (    0.433012700   0.433012700  -0.216506400 ) 

    1    1
  0.10239379   0.00000000     0.03017206   0.00000000    -0.00000000   0.00000000
  0.03017206   0.00000000     0.10239379   0.00000000    -0.00000000   0.00000000
 -0.00000000   0.00000000    -0.00000000   0.00000000     0.06311363   0.00000000
    1    2
 -0.01325729  -0.01325729     0.01569739   0.01569739    -0.00772359   0.00772359
 -0.00408351  -0.00408351     0.01093870   0.01093870    -0.00644805   0.00644804
 -0.00630681   0.00630680    -0.00466646   0.00466646    -0.01249799  -0.01249800
    1    3
  0.01874864   0.00000000    -0.02219946  -0.00000000    -0.00000000   0.01092281
  0.00577495   0.00000000    -0.01546965  -0.00000000    -0.00000000   0.00911891
 -0.00000000   0.00891917    -0.00000000   0.00659937     0.01767483   0.00000000
    1    4
 -0.01546965  -0.00000000     0.00577495   0.00000000    -0.00000000   0.00911891
 -0.02219946  -0.00000000     0.01874864   0.00000000    -0.00000000   0.01092281
 -0.00000000   0.00659937    -0.00000000   0.00891917     0.01767483   0.00000000
    1    5
  0.01093870   0.01093870    -0.00408351  -0.00408351    -0.00644805   0.00644804
  0.01569739   0.01569739    -0.01325729  -0.01325729    -0.00772359   0.00772359
 -0.00466646   0.00466646    -0.00630681   0.00630680    -0.01249799  -0.01249800
    1    6
 -0.00000000   0.00000000    -0.00000000   0.00000000     0.01238689  -0.01333430
 -0.00000000   0.00000000     0.00000000   0.00000000     0.00066993  -0.01818763
  0.02114831   0.00261734    -0.01680485  -0.01310337     0.00000000  -0.00000000
    1    7
  0.00000000   0.00000000    -0.00000000   0.00000000     0.00066993  -0.01818763
  0.00000000   0.00000000    -0.00000000   0.00000000     0.01238689  -0.01333430
 -0.01680485  -0.01310337     0.02114831   0.00261734     0.00000000  -0.00000000
    2    1
 -0.01325729   0.01325729    -0.00408351   0.00408351    -0.00630681  -0.00630680
  0.01569739  -0.01569739     0.01093870  -0.01093870    -0.00466646  -0.00466646
 -0.00772359  -0.00772359    -0.00644805  -0.00644804    -0.01249799   0.01249800
    2    2
  0.07053143   0.00000000    -0.00077862  -0.00000000    -0.00000000   0.01015278
 -0.00077862   0.00000000     0.07244859  -0.00000000    -0.00000000   0.00514673
 -0.00000000  -0.01015278    -0.00000000  -0.00514673     0.03780497  -0.00000000
    2    3
  0.00353586  -0.00353586     0.00595159  -0.00595159    -0.00154857  -0.00154857
  0.00595159  -0.00595159     0.01857814  -0.01857815    -0.01004708  -0.01004708
 -0.00154857  -0.00154857    -0.01004708  -0.01004708    -0.01094775   0.01094776
    2    4
  0.01777415  -0.01777416     0.02191356  -0.02191357     0.00397146   0.00397146
  0.02817328  -0.02817329     0.01777415  -0.01777416    -0.00808289  -0.00808289
 -0.00808289  -0.00808289     0.00397146   0.00397146     0.01096870  -0.01096870
    2    5
 -0.01934017  -0.00000000     0.03321688   0.00000000    -0.00000000   0.00825530
  0.05555016   0.00000000    -0.01934017   0.00000000    -0.00000000   0.00624826
 -0.00000000  -0.00624826    -0.00000000  -0.00825530     0.00163639   0.00000000
    2    6
 -0.01663116   0.00831663    -0.00937250   0.00261447    -0.01293544   0.00067910
 -0.01099261  -0.00542836    -0.00157783   0.01051880    -0.00520439   0.00367299
 -0.01648891   0.02141333    -0.00446896  -0.00318456    -0.01489304   0.00472926
    2    7
 -0.01764075   0.00587926    -0.00847607   0.00477865     0.00962693  -0.00866655
 -0.00393452   0.01161138    -0.00855361  -0.00632222     0.00627726  -0.00108286
  0.02680093   0.00348209     0.00090821  -0.00541185    -0.01387506   0.00718688
    3    1
  0.01874864  -0.00000000     0.00577495  -0.00000000    -0.00000000  -0.00891917
 -0.02219946   0.00000000    -0.01546965   0.00000000    -0.00000000  -0.00659937
 -0.00000000  -0.01092281    -0.00000000  -0.00911891     0.01767483  -0.00000000
    3    2
  0.00353586   0.00353586     0.00595159   0.00595159    -0.00154857   0.00154857
  0.00595159   0.00595159     0.01857814   0.01857815    -0.01004708   0.01004708
 -0.00154857   0.00154857    -0.01004708   0.01004708    -0.01094775  -0.01094776
    3    3
  0.07053143  -0.00000000    -0.00077862   0.00000000    -0.00000000  -0.01015278
 -0.00077862  -0.00000000     0.07244859  -0.00000000    -0.00000000  -0.00514673
 -0.00000000   0.01015278    -0.00000000   0.00514673     0.03780497   0.00000000
    3    4
 -0.01934017  -0.00000000     0.03321688   0.00000000    -0.00000000  -0.00825530
  0.05555016   0.00000000    -0.01934017  -0.00000000     0.00000000  -0.00624826
  0.00000000   0.00624826    -0.00000000   0.00825530     0.00163639   0.00000000
    3    5
  0.01777415   0.01777416     0.02191356   0.02191357     0.00397146  -0.00397146
  0.02817328   0.02817329     0.01777415   0.01777416    -0.00808289   0.00808289
 -0.00808289   0.00808289     0.00397146  -0.00397146     0.01096870   0.01096870
    3    6
 -0.01764075  -0.00587926    -0.00847607  -0.00477865     0.00962693   0.00866655
 -0.00393452  -0.01161138    -0.00855361   0.00632222     0.00627726   0.00108286
  0.02680093  -0.00348209     0.00090821   0.00541185    -0.01387506  -0.00718688
    3    7
 -0.01663116  -0.00831663    -0.00937250  -0.00261447    -0.01293544  -0.00067910
 -0.01099261   0.00542836    -0.00157783  -0.01051880    -0.00520439  -0.00367299
 -0.01648891  -0.02141333    -0.00446896   0.00318456    -0.01489304  -0.00472926
    4    1
 -0.01546965   0.00000000    -0.02219946   0.00000000    -0.00000000  -0.00659937
  0.00577495  -0.00000000     0.01874864  -0.00000000    -0.00000000  -0.00891917
 -0.00000000  -0.00911891    -0.00000000  -0.01092281     0.01767483  -0.00000000
    4    2
  0.01777415   0.01777416     0.02817328   0.02817329    -0.00808289   0.00808289
  0.02191356   0.02191357     0.01777415   0.01777416     0.00397146  -0.00397146
  0.00397146  -0.00397146    -0.00808289   0.00808289     0.01096870   0.01096870
    4    3
 -0.01934017   0.00000000     0.05555016  -0.00000000    -0.00000000  -0.00624826
  0.03321688  -0.00000000    -0.01934017   0.00000000     0.00000000  -0.00825530
  0.00000000   0.00825530    -0.00000000   0.00624826     0.00163639   0.00000000
    4    4
  0.07244859  -0.00000000    -0.00077862  -0.00000000    -0.00000000  -0.00514673
 -0.00077862   0.00000000     0.07053143   0.00000000    -0.00000000  -0.01015278
 -0.00000000   0.00514673    -0.00000000   0.01015278     0.03780497  -0.00000000
    4    5
  0.01857814   0.01857815     0.00595159   0.00595159    -0.01004708   0.01004708
  0.00595159   0.00595159     0.00353586   0.00353586    -0.00154857   0.00154857
 -0.01004708   0.01004708    -0.00154857   0.00154857    -0.01094775  -0.01094776
    4    6
 -0.00157783  -0.01051880    -0.01099261   0.00542836    -0.00520439  -0.00367299
 -0.00937250  -0.00261447    -0.01663116  -0.00831663    -0.01293544  -0.00067910
 -0.00446896   0.00318456    -0.01648891  -0.02141333    -0.01489304  -0.00472926
    4    7
 -0.00855361   0.00632222    -0.00393452  -0.01161138     0.00627726   0.00108286
 -0.00847607  -0.00477865    -0.01764075  -0.00587926     0.00962693   0.00866655
  0.00090821   0.00541185     0.02680093  -0.00348209    -0.01387506  -0.00718688
    5    1
  0.01093870  -0.01093870     0.01569739  -0.01569739    -0.00466646  -0.00466646
 -0.00408351   0.00408351    -0.01325729   0.01325729    -0.00630681  -0.00630680
 -0.00644805  -0.00644804    -0.00772359  -0.00772359    -0.01249799   0.01249800
    5    2
 -0.01934017  -0.00000000     0.05555016   0.00000000    -0.00000000   0.00624826
  0.03321688  -0.00000000    -0.01934017  -0.00000000    -0.00000000   0.00825530
 -0.00000000  -0.00825530    -0.00000000  -0.00624826     0.00163639   0.00000000
    5    3
  0.01777415  -0.01777416     0.02817328  -0.02817329    -0.00808289  -0.00808289
  0.02191356  -0.02191357     0.01777415  -0.01777416     0.00397146   0.00397146
  0.00397146   0.00397146    -0.00808289  -0.00808289     0.01096870  -0.01096870
    5    4
  0.01857814  -0.01857815     0.00595159  -0.00595159    -0.01004708  -0.01004708
  0.00595159  -0.00595159     0.00353586  -0.00353586    -0.00154857  -0.00154857
 -0.01004708  -0.01004708    -0.00154857  -0.00154857    -0.01094775   0.01094776
    5    5
  0.07244859  -0.00000000    -0.00077862   0.00000000    -0.00000000   0.00514673
 -0.00077862  -0.00000000     0.07053143  -0.00000000    -0.00000000   0.01015278
 -0.00000000  -0.00514673    -0.00000000  -0.01015278     0.03780497   0.00000000
    5    6
 -0.00855361  -0.00632222    -0.00393452   0.01161138     0.00627726  -0.00108286
 -0.00847607   0.00477865    -0.01764075   0.00587926     0.00962693  -0.00866655
  0.00090821  -0.00541185     0.02680093   0.00348209    -0.01387506   0.00718688
    5    7
 -0.00157783   0.01051880    -0.01099261  -0.00542836    -0.00520439   0.00367299
 -0.00937250   0.00261447    -0.01663116   0.00831663    -0.01293544   0.00067910
 -0.00446896  -0.00318456    -0.01648891   0.02141333    -0.01489304   0.00472926
    6    1
 -0.00000000  -0.00000000    -0.00000000  -0.00000000     0.02114831  -0.00261734
 -0.00000000  -0.00000000     0.00000000  -0.00000000    -0.01680485   0.01310337
  0.01238689   0.01333430     0.00066993   0.01818763     0.00000000   0.00000000
    6    2
 -0.01663116  -0.00831663    -0.01099261   0.00542836    -0.01648891  -0.02141333
 -0.00937250  -0.00261447    -0.00157783  -0.01051880    -0.00446896   0.00318456
 -0.01293544  -0.00067910    -0.00520439  -0.00367299    -0.01489304  -0.00472926
    6    3
 -0.01764075   0.00587926    -0.00393452   0.01161138     0.02680093   0.00348209
 -0.00847607   0.00477865    -0.00855361  -0.00632222     0.00090821  -0.00541185
  0.00962693  -0.00866655     0.00627726  -0.00108286    -0.01387506   0.00718688
    6    4
 -0.00157783   0.01051880    -0.00937250   0.00261447    -0.00446896  -0.00318456
 -0.01099261  -0.00542836    -0.01663116   0.00831663    -0.01648891   0.02141333
 -0.00520439   0.00367299    -0.01293544   0.00067910    -0.01489304   0.00472926
    6    5
 -0.00855361   0.00632222    -0.00847607  -0.00477865     0.00090821   0.00541185
 -0.00393452  -0.01161138    -0.01764075  -0.00587926     0.02680093  -0.00348209
  0.00627726   0.00108286     0.00962693   0.00866655    -0.01387506  -0.00718688
    6    6
  0.04565030  -0.00000000    -0.00249707   0.00216524    -0.00000000   0.00000000
 -0.00249707  -0.00216524     0.04565030   0.00000000     0.00000000   0.00000000
 -0.00000000   0.00000000    -0.00000000   0.00000000     0.04251839   0.00000000
    6    7
 -0.00827832  -0.01416800    -0.00100155  -0.00000000    -0.00000000   0.00000000
 -0.00100155  -0.00000000    -0.00827832   0.01416800    -0.00000000   0.00000000
 -0.00000000   0.00000000    -0.00000000   0.00000000     0.02077712   0.00000000
    7    1
  0.00000000  -0.00000000    -0.00000000  -0.00000000    -0.01680485   0.01310337
 -0.00000000  -0.00000000    -0.00000000  -0.00000000     0.02114831  -0.00261734
  0.00066993   0.01818763     0.01238689   0.01333430     0.00000000   0.00000000
    7    2
 -0.01764075  -0.00587926    -0.00393452  -0.01161138     0.02680093  -0.00348209
 -0.00847607  -0.00477865    -0.00855361   0.00632222     0.00090821   0.00541185
  0.00962693   0.00866655     0.00627726   0.00108286    -0.01387506  -0.00718688
    7    3
 -0.01663116   0.00831663    -0.01099261  -0.00542836    -0.01648891   0.02141333
 -0.00937250   0.00261447    -0.00157783   0.01051880    -0.00446896  -0.00318456
 -0.01293544   0.00067910    -0.00520439   0.00367299    -0.01489304   0.00472926
    7    4
 -0.00855361  -0.00632222    -0.00847607   0.00477865     0.00090821  -0.00541185
 -0.00393452   0.01161138    -0.01764075   0.00587926     0.02680093   0.00348209
  0.00627726  -0.00108286     0.00962693  -0.00866655    -0.01387506   0.00718688
    7    5
 -0.00157783  -0.01051880    -0.00937250  -0.00261447    -0.00446896   0.00318456
 -0.01099261   0.00542836    -0.01663116  -0.00831663    -0.01648891  -0.02141333
 -0.00520439  -0.00367299    -0.01293544  -0.00067910    -0.01489304  -0.00472926
    7    6
 -0.00827832   0.01416800    -0.00100155  -0.00000000    -0.00000000  -0.00000000
 -0.00100155  -0.00000000    -0.00827832  -0.01416800    -0.00000000  -0.00000000
 -0.00000000   0.00000000    -0.00000000   0.00000000     0.02077712   0.00000000
    7    7
  0.04565030   0.00000000    -0.00249707  -0.00216524    -0.00000000   0.00000000
 -0.00249707   0.00216524     0.04565030  -0.00000000    -0.00000000   0.00000000
 -0.00000000   0.00000000    -0.00000000   0.00000000     0.04251839   0.00000000

     Dynamical  Matrix in cartesian axes

     q = (    0.433012700  -0.433012700   0.216506400 ) 

    1    1
  0.10239379   0.00000000    -0.03017206   0.00000000    -0.00000000   0.00000000
 -0.03017206   0.00000000     0.10239379   0.00000000    -0.00000000   0.00000000
 -0.00000000   0.00000000    -0.00000000   0.00000000     0.06311363   0.00000000
    1    2
 -0.01325729   0.01325729    -0.01569739   0.01569739    -0.00772359  -0.00772359
  0.00408351  -0.00408351     0.01093870  -0.01093870     0.00644805   0.00644804
 -0.00630681  -0.00630680     0.00466646   0.00466646    -0.01249799   0.01249800
    1    3
 -0.01874864   0.00000000    -0.02219946   0.00000000     0.00000000   0.01092281
  0.00577495  -0.00000000     0.01546965  -0.00000000    -0.00000000  -0.00911891
  0.00000000   0.00891917    -0.00000000  -0.00659937    -0.01767483   0.00000000
    1    4
  0.01546965   0.00000000     0.00577495   0.00000000     0.00000000  -0.00911891
 -0.02219946  -0.00000000    -0.01874864  -0.00000000    -0.00000000   0.01092281
  0.00000000  -0.00659937    -0.00000000   0.00891917    -0.01767483  -0.00000000
    1    5
  0.01093870  -0.01093870     0.00408351  -0.00408351     0.00644805   0.00644804
 -0.01569739   0.01569739    -0.01325729   0.01325729    -0.00772359  -0.00772359
  0.00466646   0.00466646    -0.00630681  -0.00630680    -0.01249799   0.01249800
    1    6
 -0.00000000  -0.00000000     0.00000000   0.00000000    -0.01238689  -0.01333430
  0.00000000   0.00000000     0.00000000  -0.00000000     0.00066993   0.01818763
 -0.02114831   0.00261734    -0.01680485   0.01310337     0.00000000   0.00000000
    1    7
  0.00000000   0.00000000     0.00000000  -0.00000000     0.00066993   0.01818763
  0.00000000  -0.00000000     0.00000000   0.00000000    -0.01238689  -0.01333430
 -0.01680485   0.01310337    -0.02114831   0.00261734    -0.00000000  -0.00000000
    2    1
 -0.01325729  -0.01325729     0.00408351   0.00408351    -0.00630681   0.00630680
 -0.01569739  -0.01569739     0.01093870   0.01093870     0.00466646  -0.00466646
 -0.00772359   0.00772359     0.00644805  -0.00644804    -0.01249799  -0.01249800
    2    2
  0.07053143   0.00000000     0.00077862   0.00000000    -0.00000000  -0.01015278
  0.00077862  -0.00000000     0.07244859  -0.00000000    -0.00000000   0.00514673
 -0.00000000   0.01015278    -0.00000000  -0.00514673     0.03780497   0.00000000
    2    3
 -0.00353586  -0.00353586     0.00595159   0.00595159     0.00154857  -0.00154857
  0.00595159   0.00595159    -0.01857814  -0.01857815    -0.01004708   0.01004708
  0.00154857  -0.00154857    -0.01004708   0.01004708     0.01094775   0.01094776
    2    4
 -0.01367556  -0.01367557    -0.02348788  -0.02348789     0.00583738  -0.00583738
 -0.03927989  -0.03927990    -0.01367556  -0.01367557    -0.00441819   0.00441819
 -0.00441819   0.00441819     0.00583738  -0.00583738     0.00115710   0.00115710
    2    5
 -0.02513645   0.00000000     0.03099046  -0.00000000     0.00000000   0.00561649
  0.03984304  -0.00000000    -0.02513645   0.00000000     0.00000000   0.01143094
 -0.00000000  -0.01143094    -0.00000000  -0.00561649    -0.01551209   0.00000000
    2    6
  0.01663116   0.00831663    -0.00937250  -0.00261447     0.01293544   0.00067910
 -0.01099261   0.00542836     0.00157783   0.01051880    -0.00520439  -0.00367299
  0.01648891   0.02141333    -0.00446896   0.00318456     0.01489304   0.00472926
    2    7
 -0.01764075  -0.00587926     0.00847607   0.00477865     0.00962693   0.00866655
  0.00393452   0.01161138    -0.00855361   0.00632222    -0.00627726  -0.00108286
  0.02680093  -0.00348209    -0.00090821  -0.00541185    -0.01387506  -0.00718688
    3    1
 -0.01874864  -0.00000000     0.00577495   0.00000000     0.00000000  -0.00891917
 -0.02219946  -0.00000000     0.01546965   0.00000000    -0.00000000   0.00659937
  0.00000000  -0.01092281    -0.00000000   0.00911891    -0.01767483  -0.00000000
    3    2
 -0.00353586   0.00353586     0.00595159  -0.00595159     0.00154857   0.00154857
  0.00595159  -0.00595159    -0.01857814   0.01857815    -0.01004708  -0.01004708
  0.00154857   0.00154857    -0.01004708  -0.01004708     0.01094775  -0.01094776
    3    3
  0.07053143  -0.00000000     0.00077862  -0.00000000    -0.00000000   0.01015278
  0.00077862   0.00000000     0.07244859  -0.00000000    -0.00000000  -0.00514673
 -0.00000000  -0.01015278     0.00000000   0.00514673     0.03780497  -0.00000000
    3    4
 -0.02513645  -0.00000000     0.03099046   0.00000000     0.00000000  -0.00561649
  0.03984304   0.00000000    -0.02513645  -0.00000000     0.00000000  -0.01143094
 -0.00000000   0.01143094    -0.00000000   0.00561649    -0.01551209  -0.00000000
    3    5
 -0.01367556   0.01367557    -0.02348788   0.02348789     0.00583738   0.00583738
 -0.03927989   0.03927990    -0.01367556   0.01367557    -0.00441819  -0.00441819
 -0.00441819  -0.00441819     0.00583738   0.00583738     0.00115710  -0.00115710
    3    6
 -0.01764075   0.00587926     0.00847607  -0.00477865     0.00962693  -0.00866655
  0.00393452  -0.01161138    -0.00855361  -0.00632222    -0.00627726   0.00108286
  0.02680093   0.00348209    -0.00090821   0.00541185    -0.01387506   0.00718688
    3    7
  0.01663116  -0.00831663    -0.00937250   0.00261447     0.01293544  -0.00067910
 -0.01099261  -0.00542836     0.00157783  -0.01051880    -0.00520439   0.00367299
  0.01648891  -0.02141333    -0.00446896  -0.00318456     0.01489304  -0.00472926
    4    1
  0.01546965  -0.00000000    -0.02219946   0.00000000     0.00000000   0.00659937
  0.00577495  -0.00000000    -0.01874864   0.00000000    -0.00000000  -0.00891917
  0.00000000   0.00911891    -0.00000000  -0.01092281    -0.01767483   0.00000000
    4    2
 -0.01367556   0.01367557    -0.03927989   0.03927990    -0.00441819  -0.00441819
 -0.02348788   0.02348789    -0.01367556   0.01367557     0.00583738   0.00583738
  0.00583738   0.00583738    -0.00441819  -0.00441819     0.00115710  -0.00115710
    4    3
 -0.02513645   0.00000000     0.03984304  -0.00000000    -0.00000000  -0.01143094
  0.03099046  -0.00000000    -0.02513645   0.00000000    -0.00000000  -0.00561649
  0.00000000   0.00561649     0.00000000   0.01143094    -0.01551209   0.00000000
    4    4
  0.07244859   0.00000000     0.00077862   0.00000000    -0.00000000  -0.00514673
  0.00077862  -0.00000000     0.07053143   0.00000000    -0.00000000   0.01015278
 -0.00000000   0.00514673    -0.00000000  -0.01015278     0.03780497   0.00000000
    4    5
 -0.01857814   0.01857815     0.00595159  -0.00595159    -0.01004708  -0.01004708
  0.00595159  -0.00595159    -0.00353586   0.00353586     0.00154857   0.00154857
 -0.01004708  -0.01004708     0.00154857   0.00154857     0.01094775  -0.01094776
    4    6
  0.00157783  -0.01051880    -0.01099261  -0.00542836    -0.00520439   0.00367299
 -0.00937250   0.00261447     0.01663116  -0.00831663     0.01293544  -0.00067910
 -0.00446896  -0.00318456     0.01648891  -0.02141333     0.01489304  -0.00472926
    4    7
 -0.00855361  -0.00632222     0.00393452  -0.01161138    -0.00627726   0.00108286
  0.00847607  -0.00477865    -0.01764075   0.00587926     0.00962693  -0.00866655
 -0.00090821   0.00541185     0.02680093   0.00348209    -0.01387506   0.00718688
    5    1
  0.01093870   0.01093870    -0.01569739  -0.01569739     0.00466646  -0.00466646
  0.00408351   0.00408351    -0.01325729  -0.01325729    -0.00630681   0.00630680
  0.00644805  -0.00644804    -0.00772359   0.00772359    -0.01249799  -0.01249800
    5    2
 -0.02513645  -0.00000000     0.03984304   0.00000000    -0.00000000   0.01143094
  0.03099046   0.00000000    -0.02513645  -0.00000000    -0.00000000   0.00561649
  0.00000000  -0.00561649     0.00000000  -0.01143094    -0.01551209  -0.00000000
    5    3
 -0.01367556  -0.01367557    -0.03927989  -0.03927990    -0.00441819   0.00441819
 -0.02348788  -0.02348789    -0.01367556  -0.01367557     0.00583738  -0.00583738
  0.00583738  -0.00583738    -0.00441819   0.00441819     0.00115710   0.00115710
    5    4
 -0.01857814  -0.01857815     0.00595159   0.00595159    -0.01004708   0.01004708
  0.00595159   0.00595159    -0.00353586  -0.00353586     0.00154857  -0.00154857
 -0.01004708   0.01004708     0.00154857  -0.00154857     0.01094775   0.01094776
    5    5
  0.07244859  -0.00000000     0.00077862  -0.00000000    -0.00000000   0.00514673
  0.00077862   0.00000000     0.07053143  -0.00000000    -0.00000000  -0.01015278
 -0.00000000  -0.00514673     0.00000000   0.01015278     0.03780497  -0.00000000
    5    6
 -0.00855361   0.00632222     0.00393452   0.01161138    -0.00627726  -0.00108286
  0.00847607   0.00477865    -0.01764075  -0.00587926     0.00962693   0.00866655
 -0.00090821  -0.00541185     0.02680093  -0.00348209    -0.01387506  -0.00718688
    5    7
  0.00157783   0.01051880    -0.01099261   0.00542836    -0.00520439  -0.00367299
 -0.00937250  -0.00261447     0.01663116   0.00831663     0.01293544   0.00067910
 -0.00446896   0.00318456     0.01648891   0.02141333     0.01489304   0.00472926
    6    1
 -0.00000000   0.00000000     0.00000000  -0.00000000    -0.02114831  -0.00261734
  0.00000000  -0.00000000     0.00000000   0.00000000    -0.01680485  -0.01310337
 -0.01238689   0.01333430     0.00066993  -0.01818763     0.00000000  -0.00000000
    6    2
  0.01663116  -0.00831663    -0.01099261  -0.00542836     0.01648891  -0.02141333
 -0.00937250   0.00261447     0.00157783  -0.01051880    -0.00446896  -0.00318456
  0.01293544  -0.00067910    -0.00520439   0.00367299     0.01489304  -0.00472926
    6    3
 -0.01764075  -0.00587926     0.00393452   0.01161138     0.02680093  -0.00348209
  0.00847607   0.00477865    -0.00855361   0.00632222    -0.00090821  -0.00541185
  0.00962693   0.00866655    -0.00627726  -0.00108286    -0.01387506  -0.00718688
    6    4
  0.00157783   0.01051880    -0.00937250  -0.00261447    -0.00446896   0.00318456
 -0.01099261   0.00542836     0.01663116   0.00831663     0.01648891   0.02141333
 -0.00520439  -0.00367299     0.01293544   0.00067910     0.01489304   0.00472926
    6    5
 -0.00855361  -0.00632222     0.00847607  -0.00477865    -0.00090821   0.00541185
  0.00393452  -0.01161138    -0.01764075   0.00587926     0.02680093   0.00348209
 -0.00627726   0.00108286     0.00962693  -0.00866655    -0.01387506   0.00718688
    6    6
  0.04565030   0.00000000     0.00249707   0.00216524    -0.00000000   0.00000000
  0.00249707  -0.00216524     0.04565030  -0.00000000    -0.00000000   0.00000000
 -0.00000000   0.00000000    -0.00000000   0.00000000     0.04251839   0.00000000
    6    7
  0.00827832  -0.01416800    -0.00100155  -0.00000000     0.00000000   0.00000000
 -0.00100155  -0.00000000     0.00827832   0.01416800     0.00000000   0.00000000
  0.00000000   0.00000000     0.00000000   0.00000000    -0.02077712  -0.00000000
    7    1
  0.00000000  -0.00000000     0.00000000   0.00000000    -0.01680485  -0.01310337
  0.00000000   0.00000000     0.00000000  -0.00000000    -0.02114831  -0.00261734
  0.00066993  -0.01818763    -0.01238689   0.01333430    -0.00000000   0.00000000
    7    2
 -0.01764075   0.00587926     0.00393452  -0.01161138     0.02680093   0.00348209
  0.00847607  -0.00477865    -0.00855361  -0.00632222    -0.00090821   0.00541185
  0.00962693  -0.00866655    -0.00627726   0.00108286    -0.01387506   0.00718688
    7    3
  0.01663116   0.00831663    -0.01099261   0.00542836     0.01648891   0.02141333
 -0.00937250  -0.00261447     0.00157783   0.01051880    -0.00446896   0.00318456
  0.01293544   0.00067910    -0.00520439  -0.00367299     0.01489304   0.00472926
    7    4
 -0.00855361   0.00632222     0.00847607   0.00477865    -0.00090821  -0.00541185
  0.00393452   0.01161138    -0.01764075  -0.00587926     0.02680093  -0.00348209
 -0.00627726  -0.00108286     0.00962693   0.00866655    -0.01387506  -0.00718688
    7    5
  0.00157783  -0.01051880    -0.00937250   0.00261447    -0.00446896  -0.00318456
 -0.01099261  -0.00542836     0.01663116  -0.00831663     0.01648891  -0.02141333
 -0.00520439   0.00367299     0.01293544  -0.00067910     0.01489304  -0.00472926
    7    6
  0.00827832   0.01416800    -0.00100155   0.00000000     0.00000000   0.00000000
 -0.00100155   0.00000000     0.00827832  -0.01416800     0.00000000   0.00000000
  0.00000000   0.00000000     0.00000000   0.00000000    -0.02077712   0.00000000
    7    7
  0.04565030  -0.00000000     0.00249707  -0.00216524    -0.00000000   0.00000000
  0.00249707   0.00216524     0.04565030   0.00000000    -0.00000000   0.00000000
 -0.00000000   0.00000000    -0.00000000   0.00000000     0.04251839   0.00000000

     Dynamical  Matrix in cartesian axes

     q = (    0.216506400  -0.433012700   0.433012700 ) 

    1    1
  0.06311363   0.00000000     0.00000000   0.00000000    -0.00000000   0.00000000
 -0.00000000   0.00000000     0.10239379   0.00000000    -0.03017206   0.00000000
 -0.00000000   0.00000000    -0.03017206   0.00000000     0.10239379   0.00000000
    1    2
  0.00000000  -0.00000000    -0.02114831   0.00261734    -0.01680485   0.01310337
 -0.01238689  -0.01333430     0.00000000   0.00000000     0.00000000  -0.00000000
  0.00066993   0.01818763    -0.00000000  -0.00000000     0.00000000   0.00000000
    1    3
  0.00000000   0.00000000    -0.01680485   0.01310337    -0.02114831   0.00261734
  0.00066993   0.01818763     0.00000000  -0.00000000     0.00000000   0.00000000
 -0.01238689  -0.01333430     0.00000000   0.00000000    -0.00000000  -0.00000000
    1    4
 -0.01249799   0.01249800    -0.00630681  -0.00630680     0.00466646   0.00466646
 -0.00772359  -0.00772359    -0.01325729   0.01325729    -0.01569739   0.01569739
  0.00644805   0.00644804     0.00408351  -0.00408351     0.01093870  -0.01093870
    1    5
 -0.01767483  -0.00000000    -0.00000000   0.00891917     0.00000000  -0.00659937
 -0.00000000   0.01092281    -0.01874864  -0.00000000    -0.02219946  -0.00000000
  0.00000000  -0.00911891     0.00577495   0.00000000     0.01546965   0.00000000
    1    6
 -0.01767483   0.00000000    -0.00000000  -0.00659937     0.00000000   0.00891917
 -0.00000000  -0.00911891     0.01546965  -0.00000000     0.00577495  -0.00000000
  0.00000000   0.01092281    -0.02219946   0.00000000    -0.01874864   0.00000000
    1    7
 -0.01249799   0.01249800     0.00466646   0.00466646    -0.00630681  -0.00630680
  0.00644805   0.00644804     0.01093870  -0.01093870     0.00408351  -0.00408351
