  3.500000000000000E-002   1.26001304832687        2.38111420361614     
           8

     Dynamical  Matrix in cartesian axes

     q = (   -0.649519100  -0.216506400  -0.216506400 ) 

    1    1
  0.13194854   0.00000000    -0.00363155   0.00000000    -0.00363155   0.00000000
 -0.00363155   0.00000000     0.13194854  -0.00000000     0.00363155   0.00000000
 -0.00363155   0.00000000     0.00363155   0.00000000     0.13194854  -0.00000000
    1    2
  0.00881292  -0.02127625     0.01087982   0.01092298    -0.01541691   0.00003051
 -0.03851842   0.01294293     0.00906107   0.00875564    -0.01704693  -0.00474779
  0.01808458   0.03638868     0.01541119   0.00869682    -0.01259832  -0.00021598
    1    3
  0.00881292  -0.02127625    -0.01541691   0.00003051     0.01087982   0.01092298
  0.01808458   0.03638868    -0.01259832  -0.00021598     0.01541119   0.00869682
 -0.03851842   0.01294293    -0.01704693  -0.00474779     0.00906107   0.00875564
    1    4
 -0.01259832   0.00021597     0.01808460  -0.03638867    -0.01541120   0.00869681
 -0.01541691  -0.00003052     0.00881291   0.02127625    -0.01087982   0.01092297
  0.01704694  -0.00474778     0.03851841   0.01294295     0.00906107  -0.00875564
    1    5
  0.00875563   0.00906107     0.01294296  -0.03851841     0.00474778   0.01704694
  0.01092297   0.01087983    -0.02127625   0.00881290    -0.00003052   0.01541691
 -0.00869681  -0.01541120    -0.03638867  -0.01808460    -0.00021597  -0.01259832
    1    6
  0.00875563   0.00906107     0.00474778   0.01704694     0.01294296  -0.03851841
 -0.00869681  -0.01541120    -0.00021597  -0.01259832    -0.03638867  -0.01808460
  0.01092297   0.01087983    -0.00003052   0.01541691    -0.02127625   0.00881290
    1    7
 -0.01259832   0.00021597    -0.01541120   0.00869681     0.01808460  -0.03638867
  0.01704694  -0.00474778     0.00906107  -0.00875564     0.03851841   0.01294295
 -0.01541691  -0.00003052    -0.01087982   0.01092297     0.00881291   0.02127625
    2    1
  0.00881292   0.02127625    -0.03851842  -0.01294293     0.01808458  -0.03638868
  0.01087982  -0.01092298     0.00906107  -0.00875564     0.01541119  -0.00869682
 -0.01541691  -0.00003051    -0.01704693   0.00474779    -0.01259832   0.00021598
    2    2
  0.06144190  -0.00000000    -0.00316959  -0.00683930    -0.00316959   0.00683930
 -0.00316959   0.00683930     0.04457833  -0.00000000    -0.00012029   0.00464404
 -0.00316959  -0.00683930    -0.00012029  -0.00464404     0.04457833   0.00000000
    2    3
 -0.02264984   0.00000000     0.00938311  -0.00124204     0.00938311   0.00124204
  0.00938311  -0.00124204     0.00862968  -0.00988336    -0.00398957  -0.00000000
  0.00938311   0.00124204    -0.00398957  -0.00000000     0.00862968   0.00988336
    2    4
  0.01714293  -0.01521601     0.00371679  -0.00371679    -0.00492532   0.00258455
  0.01568286  -0.01568286     0.01521601  -0.01714293    -0.00225836  -0.00745552
 -0.00745552  -0.00225835     0.00258455  -0.00492533     0.00915366  -0.00915366
    2    5
 -0.01754393  -0.00562585     0.01904354   0.02103501     0.00042968   0.00143572
  0.03098925   0.00171642    -0.01754393  -0.00562585     0.00315127   0.00102211
 -0.00315127  -0.00102211    -0.00042968  -0.00143572    -0.00343009   0.00055736
    2    6
  0.01714293   0.01521601    -0.00492532  -0.00258455     0.00371679   0.00371679
 -0.00745552   0.00225835     0.00915366   0.00915366     0.00258455   0.00492532
  0.01568286   0.01568286    -0.00225836   0.00745552     0.01521601   0.01714293
    2    7
 -0.01754393   0.00562585     0.00042968  -0.00143572     0.01904354  -0.02103501
 -0.00315127   0.00102211    -0.00343009  -0.00055736    -0.00042968   0.00143572
  0.03098925  -0.00171642     0.00315127  -0.00102211    -0.01754393   0.00562585
    3    1
  0.00881292   0.02127625     0.01808458  -0.03638868    -0.03851842  -0.01294293
 -0.01541691  -0.00003051    -0.01259832   0.00021598    -0.01704693   0.00474779
  0.01087982  -0.01092298     0.01541119  -0.00869682     0.00906107  -0.00875564
    3    2
 -0.02264984  -0.00000000     0.00938311   0.00124204     0.00938311  -0.00124204
  0.00938311   0.00124204     0.00862968   0.00988336    -0.00398957   0.00000000
  0.00938311  -0.00124204    -0.00398957   0.00000000     0.00862968  -0.00988336
    3    3
  0.06144190   0.00000000    -0.00316959   0.00683930    -0.00316959  -0.00683930
 -0.00316959  -0.00683930     0.04457833   0.00000000    -0.00012029  -0.00464404
 -0.00316959   0.00683930    -0.00012029   0.00464404     0.04457833  -0.00000000
    3    4
 -0.01754393   0.00562585     0.01904354  -0.02103501     0.00042968  -0.00143572
  0.03098925  -0.00171642    -0.01754393   0.00562585     0.00315127  -0.00102211
 -0.00315127   0.00102211    -0.00042968   0.00143572    -0.00343009  -0.00055736
    3    5
  0.01714293   0.01521601     0.00371679   0.00371679    -0.00492532  -0.00258455
  0.01568286   0.01568286     0.01521601   0.01714293    -0.00225836   0.00745552
 -0.00745552   0.00225835     0.00258455   0.00492532     0.00915366   0.00915366
    3    6
 -0.01754393  -0.00562585     0.00042968   0.00143572     0.01904354   0.02103501
 -0.00315127  -0.00102211    -0.00343009   0.00055736    -0.00042968  -0.00143572
  0.03098925   0.00171642     0.00315127   0.00102211    -0.01754393  -0.00562585
    3    7
  0.01714293  -0.01521601    -0.00492532   0.00258455     0.00371679  -0.00371679
 -0.00745552  -0.00225835     0.00915366  -0.00915366     0.00258455  -0.00492533
  0.01568286  -0.01568286    -0.00225836  -0.00745552     0.01521601  -0.01714293
    4    1
 -0.01259832  -0.00021597    -0.01541691   0.00003052     0.01704694   0.00474778
  0.01808460   0.03638867     0.00881291  -0.02127625     0.03851841  -0.01294295
 -0.01541120  -0.00869681    -0.01087982  -0.01092297     0.00906107   0.00875564
    4    2
  0.01714293   0.01521601     0.01568286   0.01568286    -0.00745552   0.00225835
  0.00371679   0.00371679     0.01521601   0.01714293     0.00258455   0.00492533
 -0.00492532  -0.00258455    -0.00225836   0.00745552     0.00915366   0.00915366
    4    3
 -0.01754393  -0.00562585     0.03098925   0.00171642    -0.00315127  -0.00102211
  0.01904354   0.02103501    -0.01754393  -0.00562585    -0.00042968  -0.00143572
  0.00042968   0.00143572     0.00315127   0.00102211    -0.00343009   0.00055736
    4    4
  0.04457833  -0.00000000    -0.00316959   0.00683930     0.00012029  -0.00464404
 -0.00316959  -0.00683930     0.06144190   0.00000000     0.00316959  -0.00683930
  0.00012029   0.00464404     0.00316959   0.00683930     0.04457833   0.00000000
    4    5
  0.00988336   0.00862968     0.00124203   0.00938311    -0.00000000   0.00398957
  0.00124203   0.00938311     0.00000000  -0.02264984     0.00124204  -0.00938311
 -0.00000000   0.00398957     0.00124204  -0.00938311    -0.00988336   0.00862967
    4    6
 -0.00281955   0.00203133    -0.00150554   0.00295102    -0.00071138  -0.00131904
 -0.00071138  -0.00131904    -0.00842736   0.01638351     0.00140817   0.02833982
 -0.00150554   0.00295102    -0.02069902   0.02312640    -0.00842736   0.01638351
    4    7
 -0.01294524   0.00000000     0.00367495  -0.00686874     0.00531028   0.00165518
  0.00531028  -0.00165518    -0.02288123   0.00136254     0.00525634   0.00000000
  0.00367495   0.00686874     0.02217892   0.00000000    -0.02288123  -0.00136254
    5    1
  0.00875563  -0.00906107     0.01092297  -0.01087983    -0.00869681   0.01541120
  0.01294296   0.03851841    -0.02127625  -0.00881290    -0.03638867   0.01808460
  0.00474778  -0.01704694    -0.00003052  -0.01541691    -0.00021597   0.01259832
    5    2
 -0.01754393   0.00562585     0.03098925  -0.00171642    -0.00315127   0.00102211
  0.01904354  -0.02103501    -0.01754393   0.00562585    -0.00042968   0.00143572
  0.00042968  -0.00143572     0.00315127  -0.00102211    -0.00343009  -0.00055736
    5    3
  0.01714293  -0.01521601     0.01568286  -0.01568286    -0.00745552  -0.00225835
  0.00371679  -0.00371679     0.01521601  -0.01714293     0.00258455  -0.00492532
 -0.00492532   0.00258455    -0.00225836  -0.00745552     0.00915366  -0.00915366
    5    4
  0.00988336  -0.00862968     0.00124203  -0.00938311    -0.00000000  -0.00398957
  0.00124203  -0.00938311     0.00000000   0.02264984     0.00124204   0.00938311
 -0.00000000  -0.00398957     0.00124204   0.00938311    -0.00988336  -0.00862967
    5    5
  0.04457833   0.00000000    -0.00316959  -0.00683930     0.00012029   0.00464404
 -0.00316959   0.00683930     0.06144190   0.00000000     0.00316959   0.00683930
  0.00012029  -0.00464404     0.00316959  -0.00683930     0.04457833  -0.00000000
    5    6
 -0.01294524   0.00000000     0.00367495   0.00686874     0.00531028  -0.00165518
  0.00531028   0.00165518    -0.02288123  -0.00136254     0.00525634  -0.00000000
  0.00367495  -0.00686874     0.02217892  -0.00000000    -0.02288123   0.00136254
    5    7
 -0.00281955  -0.00203133    -0.00150554  -0.00295102    -0.00071138   0.00131904
 -0.00071138   0.00131904    -0.00842736  -0.01638351     0.00140817  -0.02833982
 -0.00150554  -0.00295102    -0.02069902  -0.02312640    -0.00842736  -0.01638351
    6    1
  0.00875563  -0.00906107    -0.00869681   0.01541120     0.01092297  -0.01087983
  0.00474778  -0.01704694    -0.00021597   0.01259832    -0.00003052  -0.01541691
  0.01294296   0.03851841    -0.03638867   0.01808460    -0.02127625  -0.00881290
    6    2
  0.01714293  -0.01521601    -0.00745552  -0.00225835     0.01568286  -0.01568286
 -0.00492532   0.00258455     0.00915366  -0.00915366    -0.00225836  -0.00745552
  0.00371679  -0.00371679     0.00258455  -0.00492532     0.01521601  -0.01714293
    6    3
 -0.01754393   0.00562585    -0.00315127   0.00102211     0.03098925  -0.00171642
  0.00042968  -0.00143572    -0.00343009  -0.00055736     0.00315127  -0.00102211
  0.01904354  -0.02103501    -0.00042968   0.00143572    -0.01754393   0.00562585
    6    4
 -0.00281955  -0.00203133    -0.00071138   0.00131904    -0.00150554  -0.00295102
 -0.00150554  -0.00295102    -0.00842736  -0.01638351    -0.02069902  -0.02312640
 -0.00071138   0.00131904     0.00140817  -0.02833982    -0.00842736  -0.01638351
    6    5
 -0.01294524  -0.00000000     0.00531028  -0.00165518     0.00367495   0.00686874
  0.00367495  -0.00686874    -0.02288123   0.00136254     0.02217892   0.00000000
  0.00531028   0.00165518     0.00525634   0.00000000    -0.02288123  -0.00136254
    6    6
  0.04457833   0.00000000     0.00012029   0.00464404    -0.00316959  -0.00683930
  0.00012029  -0.00464404     0.04457833   0.00000000     0.00316959  -0.00683930
 -0.00316959   0.00683930     0.00316959   0.00683930     0.06144190   0.00000000
    6    7
  0.00988336  -0.00862968    -0.00000000  -0.00398957     0.00124203  -0.00938311
 -0.00000000  -0.00398957    -0.00988336  -0.00862967     0.00124204   0.00938311
  0.00124203  -0.00938311     0.00124204   0.00938311     0.00000000   0.02264984
    7    1
 -0.01259832  -0.00021597     0.01704694   0.00474778    -0.01541691   0.00003052
 -0.01541120  -0.00869681     0.00906107   0.00875564    -0.01087982  -0.01092297
  0.01808460   0.03638867     0.03851841  -0.01294295     0.00881291  -0.02127625
    7    2
 -0.01754393  -0.00562585    -0.00315127  -0.00102211     0.03098925   0.00171642
  0.00042968   0.00143572    -0.00343009   0.00055736     0.00315127   0.00102211
  0.01904354   0.02103501    -0.00042968  -0.00143572    -0.01754393  -0.00562585
    7    3
  0.01714293   0.01521601    -0.00745552   0.00225835     0.01568286   0.01568286
 -0.00492532  -0.00258455     0.00915366   0.00915366    -0.00225836   0.00745552
  0.00371679   0.00371679     0.00258455   0.00492533     0.01521601   0.01714293
    7    4
 -0.01294524   0.00000000     0.00531028   0.00165518     0.00367495  -0.00686874
  0.00367495   0.00686874    -0.02288123  -0.00136254     0.02217892  -0.00000000
  0.00531028  -0.00165518     0.00525634   0.00000000    -0.02288123   0.00136254
    7    5
 -0.00281955   0.00203133    -0.00071138  -0.00131904    -0.00150554   0.00295102
 -0.00150554   0.00295102    -0.00842736   0.01638351    -0.02069902   0.02312640
 -0.00071138  -0.00131904     0.00140817   0.02833982    -0.00842736   0.01638351
    7    6
  0.00988336   0.00862968    -0.00000000   0.00398957     0.00124203   0.00938311
 -0.00000000   0.00398957    -0.00988336   0.00862967     0.00124204  -0.00938311
  0.00124203   0.00938311     0.00124204  -0.00938311     0.00000000  -0.02264984
    7    7
  0.04457833  -0.00000000     0.00012029  -0.00464404    -0.00316959   0.00683930
  0.00012029   0.00464404     0.04457833   0.00000000     0.00316959   0.00683930
 -0.00316959  -0.00683930     0.00316959  -0.00683930     0.06144190   0.00000000

     Dynamical  Matrix in cartesian axes

     q = (   -0.216506400   0.649519100  -0.216506400 ) 

    1    1
  0.13194854  -0.00000000     0.00363155  -0.00000000     0.00363155  -0.00000000
  0.00363155   0.00000000     0.13194854   0.00000000     0.00363155   0.00000000
  0.00363155   0.00000000     0.00363155  -0.00000000     0.13194854  -0.00000000
    1    2
 -0.02127625   0.00881290    -0.01092297  -0.01087983    -0.00003052   0.01541691
 -0.01294296   0.03851841     0.00875563   0.00906107    -0.00474778  -0.01704694
 -0.03638867  -0.01808460     0.00869681   0.01541120    -0.00021597  -0.01259832
    1    3
 -0.02127625   0.00881291    -0.00003051   0.01541691    -0.01092298  -0.01087982
 -0.03638868  -0.01808459    -0.00021597  -0.01259832     0.00869681   0.01541119
 -0.01294294   0.03851842    -0.00474779  -0.01704693     0.00875564   0.00906107
    1    4
 -0.00021597  -0.01259832    -0.03638868  -0.01808460     0.00869681   0.01541119
 -0.00003052   0.01541691    -0.02127625   0.00881291    -0.01092298  -0.01087982
 -0.00474778  -0.01704693    -0.01294295   0.03851842     0.00875564   0.00906107
    1    5
  0.00875564   0.00906107    -0.01294295   0.03851842    -0.00474778  -0.01704693
 -0.01092298  -0.01087982    -0.02127625   0.00881291    -0.00003052   0.01541691
  0.00869681   0.01541119    -0.03638868  -0.01808460    -0.00021597  -0.01259832
    1    6
  0.00875564   0.00906107    -0.00474779  -0.01704693    -0.01294294   0.03851842
  0.00869681   0.01541119    -0.00021597  -0.01259832    -0.03638868  -0.01808459
 -0.01092298  -0.01087982    -0.00003051   0.01541691    -0.02127625   0.00881291
    1    7
 -0.00021597  -0.01259832     0.00869681   0.01541120    -0.03638867  -0.01808460
 -0.00474778  -0.01704694     0.00875563   0.00906107    -0.01294296   0.03851841
 -0.00003052   0.01541691    -0.01092297  -0.01087983    -0.02127625   0.00881290
    2    1
 -0.02127625  -0.00881290    -0.01294296  -0.03851841    -0.03638867   0.01808460
 -0.01092297   0.01087983     0.00875563  -0.00906107     0.00869681  -0.01541120
 -0.00003052  -0.01541691    -0.00474778   0.01704694    -0.00021597   0.01259832
    2    2
  0.06144190  -0.00000000     0.00316959  -0.00683930     0.00316959   0.00683930
  0.00316959   0.00683930     0.04457833   0.00000000    -0.00012029  -0.00464404
  0.00316959  -0.00683930    -0.00012029   0.00464404     0.04457833   0.00000000
    2    3
 -0.02264984   0.00000001    -0.00938311  -0.00124203    -0.00938311   0.00124204
 -0.00938311  -0.00124203     0.00862968   0.00988336    -0.00398957   0.00000000
 -0.00938311   0.00124204    -0.00398957   0.00000000     0.00862967  -0.00988337
    2    4
  0.01638351   0.00842735     0.02833982  -0.00140818     0.00131904  -0.00071138
  0.02312641   0.02069901     0.01638351   0.00842735    -0.00295102  -0.00150554
 -0.00295102  -0.00150554     0.00131904  -0.00071138     0.00203133   0.00281955
    2    5
 -0.02288123   0.00136255     0.00525634  -0.00000000    -0.00531028   0.00165518
  0.02217892  -0.00000001    -0.02288123  -0.00136254    -0.00367495  -0.00686874
 -0.00367495   0.00686874    -0.00531029  -0.00165518    -0.01294524   0.00000000
    2    6
  0.01638351  -0.00842736     0.00131904   0.00071138     0.02833982   0.00140817
 -0.00295102   0.00150555     0.00203133  -0.00281955     0.00131904   0.00071138
  0.02312640  -0.02069903    -0.00295102   0.00150555     0.01638351  -0.00842736
    2    7
 -0.02288123  -0.00136254    -0.00531028  -0.00165518     0.00525634  -0.00000000
 -0.00367495  -0.00686874    -0.01294524   0.00000000    -0.00531028   0.00165518
  0.02217892  -0.00000000    -0.00367495   0.00686874    -0.02288123   0.00136254
    3    1
 -0.02127625  -0.00881291    -0.03638868   0.01808459    -0.01294294  -0.03851842
 -0.00003051  -0.01541691    -0.00021597   0.01259832    -0.00474779   0.01704693
 -0.01092298   0.01087982     0.00869681  -0.01541119     0.00875564  -0.00906107
    3    2
 -0.02264984  -0.00000001    -0.00938311   0.00124203    -0.00938311  -0.00124204
 -0.00938311   0.00124203     0.00862968  -0.00988336    -0.00398957  -0.00000000
 -0.00938311  -0.00124204    -0.00398957  -0.00000000     0.00862967   0.00988337
    3    3
  0.06144190   0.00000000     0.00316959   0.00683930     0.00316959  -0.00683930
  0.00316959  -0.00683930     0.04457833  -0.00000000    -0.00012029   0.00464404
  0.00316959   0.00683930    -0.00012029  -0.00464404     0.04457833   0.00000000
    3    4
 -0.02288123  -0.00136255     0.00525634   0.00000000    -0.00531028  -0.00165518
  0.02217892   0.00000001    -0.02288123   0.00136254    -0.00367495   0.00686874
 -0.00367495  -0.00686874    -0.00531029   0.00165518    -0.01294524  -0.00000000
    3    5
  0.01638351  -0.00842735     0.02833982   0.00140818     0.00131904   0.00071138
  0.02312641  -0.02069901     0.01638351  -0.00842735    -0.00295102   0.00150554
 -0.00295102   0.00150554     0.00131904   0.00071138     0.00203133  -0.00281955
    3    6
 -0.02288123   0.00136254    -0.00531028   0.00165518     0.00525634   0.00000000
 -0.00367495   0.00686874    -0.01294524   0.00000000    -0.00531028  -0.00165518
  0.02217892   0.00000000    -0.00367495  -0.00686874    -0.02288123  -0.00136254
    3    7
  0.01638351   0.00842736     0.00131904  -0.00071138     0.02833982  -0.00140817
 -0.00295102  -0.00150555     0.00203133   0.00281955     0.00131904  -0.00071138
  0.02312640   0.02069903    -0.00295102  -0.00150555     0.01638351   0.00842736
    4    1
 -0.00021597   0.01259832    -0.00003052  -0.01541691    -0.00474778   0.01704693
 -0.03638868   0.01808460    -0.02127625  -0.00881291    -0.01294295  -0.03851842
  0.00869681  -0.01541119    -0.01092298   0.01087982     0.00875564  -0.00906107
    4    2
  0.01638351  -0.00842735     0.02312641  -0.02069901    -0.00295102   0.00150554
  0.02833982   0.00140818     0.01638351  -0.00842735     0.00131904   0.00071138
  0.00131904   0.00071138    -0.00295102   0.00150554     0.00203133  -0.00281955
    4    3
 -0.02288123   0.00136255     0.02217892  -0.00000001    -0.00367495   0.00686874
  0.00525634  -0.00000000    -0.02288123  -0.00136254    -0.00531029  -0.00165518
 -0.00531028   0.00165518    -0.00367495  -0.00686874    -0.01294524   0.00000000
    4    4
  0.04457833  -0.00000000     0.00316959  -0.00683930    -0.00012029   0.00464404
  0.00316959   0.00683930     0.06144190   0.00000000     0.00316959  -0.00683930
 -0.00012029  -0.00464404     0.00316959   0.00683930     0.04457833   0.00000000
    4    5
  0.00862968  -0.00988336    -0.00938311   0.00124204    -0.00398957  -0.00000000
 -0.00938311   0.00124204    -0.02264984   0.00000000    -0.00938311  -0.00124204
 -0.00398957   0.00000000    -0.00938311  -0.00124204     0.00862968   0.00988336
    4    6
  0.00203133   0.00281955    -0.00295102  -0.00150554     0.00131904  -0.00071138
  0.00131904  -0.00071138     0.01638351   0.00842735     0.02833982  -0.00140818
 -0.00295102  -0.00150554     0.02312641   0.02069901     0.01638351   0.00842735
    4    7
 -0.01294524  -0.00000000    -0.00367495   0.00686874    -0.00531028  -0.00165518
 -0.00531029   0.00165518    -0.02288123   0.00136254     0.00525634   0.00000000
 -0.00367495  -0.00686874     0.02217892   0.00000001    -0.02288123  -0.00136255
    5    1
  0.00875564  -0.00906107    -0.01092298   0.01087982     0.00869681  -0.01541119
 -0.01294295  -0.03851842    -0.02127625  -0.00881291    -0.03638868   0.01808460
 -0.00474778   0.01704693    -0.00003052  -0.01541691    -0.00021597   0.01259832
    5    2
 -0.02288123  -0.00136255     0.02217892   0.00000001    -0.00367495  -0.00686874
  0.00525634   0.00000000    -0.02288123   0.00136254    -0.00531029   0.00165518
 -0.00531028  -0.00165518    -0.00367495   0.00686874    -0.01294524  -0.00000000
    5    3
  0.01638351   0.00842735     0.02312641   0.02069901    -0.00295102  -0.00150554
  0.02833982  -0.00140818     0.01638351   0.00842735     0.00131904  -0.00071138
  0.00131904  -0.00071138    -0.00295102  -0.00150554     0.00203133   0.00281955
    5    4
  0.00862968   0.00988336    -0.00938311  -0.00124204    -0.00398957   0.00000000
 -0.00938311  -0.00124204    -0.02264984  -0.00000000    -0.00938311   0.00124204
 -0.00398957   0.00000000    -0.00938311   0.00124204     0.00862968  -0.00988336
    5    5
  0.04457833  -0.00000000     0.00316959   0.00683930    -0.00012029  -0.00464404
  0.00316959  -0.00683930     0.06144190   0.00000000     0.00316959   0.00683930
 -0.00012029   0.00464404     0.00316959  -0.00683930     0.04457833  -0.00000000
    5    6
 -0.01294524   0.00000000    -0.00367495  -0.00686874    -0.00531028   0.00165518
 -0.00531029  -0.00165518    -0.02288123  -0.00136254     0.00525634  -0.00000000
 -0.00367495   0.00686874     0.02217892  -0.00000001    -0.02288123   0.00136255
    5    7
  0.00203133  -0.00281955    -0.00295102   0.00150554     0.00131904   0.00071138
  0.00131904   0.00071138     0.01638351  -0.00842735     0.02833982   0.00140818
 -0.00295102   0.00150554     0.02312641  -0.02069901     0.01638351  -0.00842735
    6    1
  0.00875564  -0.00906107     0.00869681  -0.01541119    -0.01092298   0.01087982
 -0.00474779   0.01704693    -0.00021597   0.01259832    -0.00003051  -0.01541691
 -0.01294294  -0.03851842    -0.03638868   0.01808459    -0.02127625  -0.00881291
    6    2
  0.01638351   0.00842736    -0.00295102  -0.00150555     0.02312640   0.02069903
  0.00131904  -0.00071138     0.00203133   0.00281955    -0.00295102  -0.00150555
  0.02833982  -0.00140817     0.00131904  -0.00071138     0.01638351   0.00842736
    6    3
 -0.02288123  -0.00136254    -0.00367495  -0.00686874     0.02217892  -0.00000000
 -0.00531028  -0.00165518    -0.01294524   0.00000000    -0.00367495   0.00686874
  0.00525634   0.00000000    -0.00531028   0.00165518    -0.02288123   0.00136254
    6    4
  0.00203133  -0.00281955     0.00131904   0.00071138    -0.00295102   0.00150554
 -0.00295102   0.00150554     0.01638351  -0.00842735     0.02312641  -0.02069901
  0.00131904   0.00071138     0.02833982   0.00140818     0.01638351  -0.00842735
    6    5
 -0.01294524  -0.00000000    -0.00531029   0.00165518    -0.00367495  -0.00686874
 -0.00367495   0.00686874    -0.02288123   0.00136254     0.02217892   0.00000001
 -0.00531028  -0.00165518     0.00525634   0.00000000    -0.02288123  -0.00136255
    6    6
  0.04457833  -0.00000000    -0.00012029  -0.00464404     0.00316959   0.00683930
 -0.00012029   0.00464404     0.04457833  -0.00000000     0.00316959  -0.00683930
  0.00316959  -0.00683930     0.00316959   0.00683930     0.06144190  -0.00000000
    6    7
  0.00862967   0.00988337    -0.00398957  -0.00000000    -0.00938311  -0.00124204
 -0.00398957  -0.00000000     0.00862968  -0.00988336    -0.00938311   0.00124203
 -0.00938311  -0.00124204    -0.00938311   0.00124203    -0.02264984  -0.00000001
    7    1
 -0.00021597   0.01259832    -0.00474778   0.01704694    -0.00003052  -0.01541691
  0.00869681  -0.01541120     0.00875563  -0.00906107    -0.01092297   0.01087983
 -0.03638867   0.01808460    -0.01294296  -0.03851841    -0.02127625  -0.00881290
    7    2
 -0.02288123   0.00136254    -0.00367495   0.00686874     0.02217892   0.00000000
 -0.00531028   0.00165518    -0.01294524  -0.00000000    -0.00367495  -0.00686874
  0.00525634   0.00000000    -0.00531028  -0.00165518    -0.02288123  -0.00136254
    7    3
  0.01638351  -0.00842736    -0.00295102   0.00150555     0.02312640  -0.02069903
  0.00131904   0.00071138     0.00203133  -0.00281955    -0.00295102   0.00150555
  0.02833982   0.00140817     0.00131904   0.00071138     0.01638351  -0.00842736
    7    4
 -0.01294524   0.00000000    -0.00531029  -0.00165518    -0.00367495   0.00686874
 -0.00367495  -0.00686874    -0.02288123  -0.00136254     0.02217892  -0.00000001
 -0.00531028   0.00165518     0.00525634  -0.00000000    -0.02288123   0.00136255
    7    5
  0.00203133   0.00281955     0.00131904  -0.00071138    -0.00295102  -0.00150554
 -0.00295102  -0.00150554     0.01638351   0.00842735     0.02312641   0.02069901
  0.00131904  -0.00071138     0.02833982  -0.00140818     0.01638351   0.00842735
    7    6
  0.00862967  -0.00988337    -0.00398957   0.00000000    -0.00938311   0.00124204
 -0.00398957   0.00000000     0.00862968   0.00988336    -0.00938311  -0.00124203
 -0.00938311   0.00124204    -0.00938311  -0.00124203    -0.02264984   0.00000001
    7    7
  0.04457833  -0.00000000    -0.00012029   0.00464404     0.00316959  -0.00683930
 -0.00012029  -0.00464404     0.04457833   0.00000000     0.00316959   0.00683930
  0.00316959   0.00683930     0.00316959  -0.00683930     0.06144190   0.00000000

     Dynamical  Matrix in cartesian axes

     q = (    0.216506400  -0.649519100  -0.216506400 ) 

    1    1
  0.13194854  -0.00000000     0.00363155   0.00000000    -0.00363155   0.00000000
  0.00363155  -0.00000000     0.13194854  -0.00000000    -0.00363155  -0.00000000
 -0.00363155  -0.00000000    -0.00363155   0.00000000     0.13194854  -0.00000000
    1    2
  0.00881291  -0.02127625    -0.01087982  -0.01092298    -0.01541691   0.00003051
  0.03851842  -0.01294294     0.00906107   0.00875564     0.01704693   0.00474779
  0.01808459   0.03638868    -0.01541119  -0.00869681    -0.01259832  -0.00021597
    1    3
 -0.02127625  -0.00881291    -0.00003051  -0.01541691     0.01092298  -0.01087982
 -0.03638868   0.01808458    -0.00021598   0.01259832    -0.00869681   0.01541119
  0.01294294   0.03851842     0.00474779  -0.01704693     0.00875564  -0.00906107
    1    4
 -0.00021597   0.01259832    -0.03638868   0.01808459    -0.00869681   0.01541119
 -0.00003052  -0.01541691    -0.02127625  -0.00881291     0.01092298  -0.01087982
  0.00474778  -0.01704693     0.01294295   0.03851842     0.00875564  -0.00906107
    1    5
  0.00906107   0.00875564     0.03851842  -0.01294293     0.01704693   0.00474779
 -0.01087982  -0.01092298     0.00881292  -0.02127625    -0.01541691   0.00003051
 -0.01541119  -0.00869682     0.01808458   0.03638868    -0.01259832  -0.00021598
    1    6
  0.00906107  -0.00875564    -0.01704694   0.00474778    -0.03851841  -0.01294295
  0.01541120  -0.00869681    -0.01259832   0.00021597     0.01808460  -0.03638867
  0.01087982  -0.01092297    -0.01541691  -0.00003052     0.00881291   0.02127625
    1    7
 -0.01259832   0.00021597     0.01541119  -0.00869681     0.01808459  -0.03638868
 -0.01704693   0.00474778     0.00906107  -0.00875564    -0.03851842  -0.01294295
 -0.01541691  -0.00003052     0.01087982  -0.01092298     0.00881291   0.02127625
    2    1
  0.00881291   0.02127625     0.03851842   0.01294294     0.01808459  -0.03638868
 -0.01087982   0.01092298     0.00906107  -0.00875564    -0.01541119   0.00869681
 -0.01541691  -0.00003051     0.01704693  -0.00474779    -0.01259832   0.00021597
    2    2
  0.06144190   0.00000000     0.00316959   0.00683930    -0.00316959   0.00683930
  0.00316959  -0.00683930     0.04457833  -0.00000000     0.00012029  -0.00464404
 -0.00316959  -0.00683930     0.00012029   0.00464404     0.04457833   0.00000000
    2    3
 -0.00000000   0.02264984     0.00124203   0.00938311     0.00124204  -0.00938311
  0.00124203   0.00938311    -0.00988336  -0.00862968     0.00000000  -0.00398957
  0.00124204  -0.00938311     0.00000000  -0.00398957     0.00988336  -0.00862967
    2    4
 -0.00842736  -0.01638351     0.00140817  -0.02833982    -0.00071138   0.00131904
 -0.02069902  -0.02312640    -0.00842736  -0.01638351    -0.00150554  -0.00295102
 -0.00150554  -0.00295102    -0.00071138   0.00131904    -0.00281955  -0.00203133
    2    5
 -0.02288123  -0.00136255     0.00525634   0.00000000     0.00531028   0.00165518
  0.02217892   0.00000001    -0.02288123   0.00136254     0.00367495  -0.00686874
  0.00367495   0.00686874     0.00531029  -0.00165518    -0.01294524  -0.00000000
    2    6
  0.01521601  -0.01714293     0.00258455  -0.00492532     0.00371679  -0.00371679
 -0.00225835  -0.00745552     0.00915367  -0.00915366    -0.00492533   0.00258455
  0.01568287  -0.01568286    -0.00745552  -0.00225836     0.01714294  -0.01521601
    2    7
 -0.01754393   0.00562585    -0.00042968   0.00143572     0.01904354  -0.02103501
  0.00315127  -0.00102211    -0.00343009  -0.00055736     0.00042968  -0.00143572
  0.03098925  -0.00171642    -0.00315127   0.00102211    -0.01754393   0.00562585
    3    1
 -0.02127625   0.00881291    -0.03638868  -0.01808458     0.01294294  -0.03851842
 -0.00003051   0.01541691    -0.00021598  -0.01259832     0.00474779   0.01704693
  0.01092298   0.01087982    -0.00869681  -0.01541119     0.00875564   0.00906107
    3    2
 -0.00000000  -0.02264984     0.00124203  -0.00938311     0.00124204   0.00938311
  0.00124203  -0.00938311    -0.00988336   0.00862968     0.00000000   0.00398957
  0.00124204   0.00938311     0.00000000   0.00398957     0.00988336   0.00862967
    3    3
  0.06144190   0.00000000     0.00316959  -0.00683930    -0.00316959  -0.00683930
  0.00316959   0.00683930     0.04457833   0.00000000     0.00012029   0.00464404
 -0.00316959   0.00683930     0.00012029  -0.00464404     0.04457833  -0.00000000
    3    4
 -0.02288123   0.00136255     0.00525634  -0.00000000     0.00531028  -0.00165518
  0.02217892  -0.00000001    -0.02288123  -0.00136254     0.00367495   0.00686874
  0.00367495  -0.00686874     0.00531029   0.00165518    -0.01294524   0.00000000
    3    5
 -0.00842736   0.01638351     0.00140817   0.02833982    -0.00071138  -0.00131904
 -0.02069902   0.02312640    -0.00842736   0.01638351    -0.00150554   0.00295102
 -0.00150554   0.00295102    -0.00071138  -0.00131904    -0.00281955   0.00203133
    3    6
 -0.01754393  -0.00562585    -0.00042968  -0.00143572     0.01904354   0.02103501
  0.00315127   0.00102211    -0.00343009   0.00055736     0.00042968   0.00143572
  0.03098925   0.00171642    -0.00315127  -0.00102211    -0.01754393  -0.00562585
    3    7
  0.01521601   0.01714293     0.00258455   0.00492532     0.00371679   0.00371679
 -0.00225835   0.00745552     0.00915367   0.00915366    -0.00492533  -0.00258455
  0.01568287   0.01568286    -0.00745552   0.00225836     0.01714294   0.01521601
    4    1
 -0.00021597  -0.01259832    -0.00003052   0.01541691     0.00474778   0.01704693
 -0.03638868  -0.01808459    -0.02127625   0.00881291     0.01294295  -0.03851842
 -0.00869681  -0.01541119     0.01092298   0.01087982     0.00875564   0.00906107
    4    2
 -0.00842736   0.01638351    -0.02069902   0.02312640    -0.00150554   0.00295102
  0.00140817   0.02833982    -0.00842736   0.01638351    -0.00071138  -0.00131904
 -0.00071138  -0.00131904    -0.00150554   0.00295102    -0.00281955   0.00203133
    4    3
 -0.02288123  -0.00136255     0.02217892   0.00000001     0.00367495   0.00686874
  0.00525634   0.00000000    -0.02288123   0.00136254     0.00531029  -0.00165518
  0.00531028   0.00165518     0.00367495  -0.00686874    -0.01294524  -0.00000000
    4    4
  0.04457833   0.00000000     0.00316959   0.00683930     0.00012029   0.00464404
  0.00316959  -0.00683930     0.06144190   0.00000000    -0.00316959  -0.00683930
  0.00012029  -0.00464404    -0.00316959   0.00683930     0.04457833   0.00000000
    4    5
 -0.00988337   0.00862967     0.00124204  -0.00938311    -0.00000000   0.00398957
  0.00124204  -0.00938311     0.00000001  -0.02264984     0.00124203   0.00938311
 -0.00000000   0.00398957     0.00124203   0.00938311     0.00988336   0.00862968
    4    6
  0.00915366   0.00915367    -0.00225836   0.00745552    -0.00492532  -0.00258455
  0.00258455   0.00492533     0.01521600   0.01714294     0.00371679   0.00371679
 -0.00745552   0.00225835     0.01568286   0.01568287     0.01714293   0.01521601
    4    7
 -0.00343009   0.00055736     0.00315127   0.00102211     0.00042968   0.00143572
 -0.00042968  -0.00143572    -0.01754393  -0.00562585     0.01904354   0.02103501
 -0.00315127  -0.00102211     0.03098925   0.00171642    -0.01754393  -0.00562585
    5    1
  0.00906107  -0.00875564    -0.01087982   0.01092298    -0.01541119   0.00869682
  0.03851842   0.01294293     0.00881292   0.02127625     0.01808458  -0.03638868
  0.01704693  -0.00474779    -0.01541691  -0.00003051    -0.01259832   0.00021598
    5    2
 -0.02288123   0.00136255     0.02217892  -0.00000001     0.00367495  -0.00686874
  0.00525634  -0.00000000    -0.02288123  -0.00136254     0.00531029   0.00165518
  0.00531028  -0.00165518     0.00367495   0.00686874    -0.01294524   0.00000000
    5    3
 -0.00842736  -0.01638351    -0.02069902  -0.02312640    -0.00150554  -0.00295102
  0.00140817  -0.02833982    -0.00842736  -0.01638351    -0.00071138   0.00131904
 -0.00071138   0.00131904    -0.00150554  -0.00295102    -0.00281955  -0.00203133
    5    4
 -0.00988337  -0.00862967     0.00124204   0.00938311    -0.00000000  -0.00398957
  0.00124204   0.00938311     0.00000001   0.02264984     0.00124203  -0.00938311
 -0.00000000  -0.00398957     0.00124203  -0.00938311     0.00988336  -0.00862968
    5    5
  0.04457833  -0.00000000     0.00316959  -0.00683930     0.00012029  -0.00464404
  0.00316959   0.00683930     0.06144190   0.00000000    -0.00316959   0.00683930
  0.00012029   0.00464404    -0.00316959  -0.00683930     0.04457833   0.00000000
    5    6
 -0.00343009  -0.00055736     0.00315127  -0.00102211     0.00042968  -0.00143572
 -0.00042968   0.00143572    -0.01754393   0.00562585     0.01904354  -0.02103501
 -0.00315127   0.00102211     0.03098925  -0.00171642    -0.01754393   0.00562585
    5    7
  0.00915366  -0.00915367    -0.00225836  -0.00745552    -0.00492532   0.00258455
  0.00258455  -0.00492533     0.01521600  -0.01714294     0.00371679  -0.00371679
 -0.00745552  -0.00225835     0.01568286  -0.01568287     0.01714293  -0.01521601
    6    1
  0.00906107   0.00875564     0.01541120   0.00869681     0.01087982   0.01092297
 -0.01704694  -0.00474778    -0.01259832  -0.00021597    -0.01541691   0.00003052
 -0.03851841   0.01294295     0.01808460   0.03638867     0.00881291  -0.02127625
    6    2
  0.01521601   0.01714293    -0.00225835   0.00745552     0.01568287   0.01568286
  0.00258455   0.00492532     0.00915367   0.00915366    -0.00745552   0.00225836
  0.00371679   0.00371679    -0.00492533  -0.00258455     0.01714294   0.01521601
    6    3
 -0.01754393   0.00562585     0.00315127  -0.00102211     0.03098925  -0.00171642
 -0.00042968   0.00143572    -0.00343009  -0.00055736    -0.00315127   0.00102211
  0.01904354  -0.02103501     0.00042968  -0.00143572    -0.01754393   0.00562585
    6    4
  0.00915366  -0.00915367     0.00258455  -0.00492533    -0.00745552  -0.00225835
 -0.00225836  -0.00745552     0.01521600  -0.01714294     0.01568286  -0.01568287
 -0.00492532   0.00258455     0.00371679  -0.00371679     0.01714293  -0.01521601
    6    5
 -0.00343009   0.00055736    -0.00042968  -0.00143572    -0.00315127  -0.00102211
  0.00315127   0.00102211    -0.01754393  -0.00562585     0.03098925   0.00171642
  0.00042968   0.00143572     0.01904354   0.02103501    -0.01754393  -0.00562585
    6    6
  0.04457833   0.00000000    -0.00012029  -0.00464404    -0.00316959  -0.00683930
 -0.00012029   0.00464404     0.04457833  -0.00000000    -0.00316959   0.00683930
 -0.00316959   0.00683930    -0.00316959  -0.00683930     0.06144190  -0.00000000
    6    7
  0.00862968   0.00988336    -0.00398957   0.00000000     0.00938311   0.00124203
 -0.00398957   0.00000000     0.00862967  -0.00988337     0.00938311  -0.00124204
  0.00938311   0.00124203     0.00938311  -0.00124204    -0.02264984   0.00000001
    7    1
 -0.01259832  -0.00021597    -0.01704693  -0.00474778    -0.01541691   0.00003052
  0.01541119   0.00869681     0.00906107   0.00875564     0.01087982   0.01092298
  0.01808459   0.03638868    -0.03851842   0.01294295     0.00881291  -0.02127625
    7    2
 -0.01754393  -0.00562585     0.00315127   0.00102211     0.03098925   0.00171642
 -0.00042968  -0.00143572    -0.00343009   0.00055736    -0.00315127  -0.00102211
  0.01904354   0.02103501     0.00042968   0.00143572    -0.01754393  -0.00562585
    7    3
  0.01521601  -0.01714293    -0.00225835  -0.00745552     0.01568287  -0.01568286
  0.00258455  -0.00492532     0.00915367  -0.00915366    -0.00745552  -0.00225836
  0.00371679  -0.00371679    -0.00492533   0.00258455     0.01714294  -0.01521601
    7    4
 -0.00343009  -0.00055736    -0.00042968   0.00143572    -0.00315127   0.00102211
  0.00315127  -0.00102211    -0.01754393   0.00562585     0.03098925  -0.00171642
  0.00042968  -0.00143572     0.01904354  -0.02103501    -0.01754393   0.00562585
    7    5
  0.00915366   0.00915367     0.00258455   0.00492533    -0.00745552   0.00225835
 -0.00225836   0.00745552     0.01521600   0.01714294     0.01568286   0.01568287
 -0.00492532  -0.00258455     0.00371679   0.00371679     0.01714293   0.01521601
    7    6
  0.00862968  -0.00988336    -0.00398957  -0.00000000     0.00938311  -0.00124203
 -0.00398957  -0.00000000     0.00862967   0.00988337     0.00938311   0.00124204
  0.00938311  -0.00124203     0.00938311   0.00124204    -0.02264984  -0.00000001
    7    7
  0.04457833   0.00000000    -0.00012029   0.00464404    -0.00316959   0.00683930
 -0.00012029  -0.00464404     0.04457833   0.00000000    -0.00316959  -0.00683930
 -0.00316959  -0.00683930    -0.00316959   0.00683930     0.06144190  -0.00000000

     Dynamical  Matrix in cartesian axes

     q = (   -0.216506400   0.216506400  -0.649519100 ) 

    1    1
  0.13194854  -0.00000000    -0.00363155  -0.00000000    -0.00363155  -0.00000000
 -0.00363155  -0.00000000     0.13194854  -0.00000000     0.00363155   0.00000000
 -0.00363155  -0.00000000     0.00363155  -0.00000000     0.13194854  -0.00000000
    1    2
  0.00881291   0.02127625     0.01087982  -0.01092297    -0.01541691  -0.00003052
 -0.03851841  -0.01294295     0.00906107  -0.00875564    -0.01704694   0.00474778
  0.01808460  -0.03638867     0.01541120  -0.00869681    -0.01259832   0.00021597
    1    3
  0.00881291   0.02127625    -0.01541691  -0.00003052     0.01087982  -0.01092298
  0.01808459  -0.03638868    -0.01259832   0.00021597     0.01541119  -0.00869681
 -0.03851842  -0.01294295    -0.01704693   0.00474778     0.00906107  -0.00875564
    1    4
 -0.01259832  -0.00021597     0.01808459   0.03638868    -0.01541119  -0.00869681
 -0.01541691   0.00003051     0.00881291  -0.02127625    -0.01087982  -0.01092298
  0.01704693   0.00474779     0.03851842  -0.01294294     0.00906107   0.00875564
    1    5
  0.00875564  -0.00906107     0.01294294   0.03851842     0.00474779  -0.01704693
  0.01092298  -0.01087982    -0.02127625  -0.00881291    -0.00003051  -0.01541691
 -0.00869681   0.01541119    -0.03638868   0.01808458    -0.00021598   0.01259832
    1    6
  0.00875564  -0.00906107     0.00474778  -0.01704693     0.01294295   0.03851842
 -0.00869681   0.01541119    -0.00021597   0.01259832    -0.03638868   0.01808459
  0.01092298  -0.01087982    -0.00003052  -0.01541691    -0.02127625  -0.00881291
    1    7
 -0.01259832  -0.00021598    -0.01541119  -0.00869682     0.01808458   0.03638868
  0.01704693   0.00474779     0.00906107   0.00875564     0.03851842  -0.01294293
