  5.000000000000000E-002   1.25977579764806        2.43615232611498     
          12

     Dynamical  Matrix in cartesian axes

     q = (    0.324759526   0.324759526   0.000000000 ) 

    1    1
  0.09498769   0.00000000     0.04946652   0.00000000    -0.00000000   0.00000000
  0.04946652   0.00000000     0.09498769   0.00000000    -0.00000000   0.00000000
 -0.00000000   0.00000000    -0.00000000   0.00000000     0.03119999   0.00000000
    1    2
 -0.00980142  -0.00214890     0.00443411   0.01288394     0.00000000   0.00000000
  0.00861423   0.00201262     0.00918958   0.01979452     0.00000000   0.00000000
  0.00000000   0.00000000     0.00000000   0.00000000    -0.01015073  -0.00561661
    1    3
  0.00845015   0.00541115    -0.01224571   0.00597493    -0.00000000  -0.00000000
 -0.00751432  -0.00466804    -0.02049486   0.00749883    -0.00000000  -0.00000000
 -0.00000000  -0.00000000    -0.00000000   0.00000000     0.01114920   0.00320611
    1    4
 -0.02049486   0.00749883    -0.00751432  -0.00466804     0.00000000  -0.00000000
 -0.01224571   0.00597493     0.00845015   0.00541115     0.00000000  -0.00000000
 -0.00000000   0.00000000    -0.00000000  -0.00000000     0.01114920   0.00320611
    1    5
  0.00918958   0.01979452     0.00861423   0.00201262     0.00000000   0.00000000
  0.00443411   0.01288394    -0.00980142  -0.00214890     0.00000000   0.00000000
  0.00000000   0.00000000     0.00000000   0.00000000    -0.01015073  -0.00561661
    1    6
  0.00044692  -0.00107896     0.00182843  -0.00441423     0.00899979   0.00372783
  0.00182843  -0.00441423     0.00044692  -0.00107896    -0.00899979  -0.00372783
  0.01042551   0.00431839    -0.01042551  -0.00431839     0.00013186  -0.00031833
    1    7
  0.00044692  -0.00107896     0.00182843  -0.00441423    -0.00899979  -0.00372783
  0.00182843  -0.00441423     0.00044692  -0.00107896     0.00899979   0.00372783
 -0.01042551  -0.00431839     0.01042551   0.00431839     0.00013186  -0.00031833
    2    1
 -0.00980142   0.00214890     0.00861423  -0.00201262     0.00000000  -0.00000000
  0.00443411  -0.01288394     0.00918958  -0.01979452     0.00000000  -0.00000000
  0.00000000  -0.00000000     0.00000000  -0.00000000    -0.01015073   0.00561661
    2    2
  0.03721213  -0.00000000     0.01004526  -0.00442767     0.00000000   0.00000000
  0.01004526   0.00442767     0.05514089  -0.00000000     0.00000000   0.00000000
  0.00000000   0.00000000     0.00000000   0.00000000     0.03024227  -0.00000000
    2    3
  0.00058023  -0.01780944     0.00884610  -0.00120917     0.00000000   0.00000000
  0.00884610  -0.00120917     0.01248527   0.03587678     0.00000000   0.00000000
  0.00000000  -0.00000000     0.00000000  -0.00000000    -0.02134870   0.00653352
    2    4
  0.01812393   0.00943043     0.01323885   0.00999765    -0.00000000   0.00000000
  0.01887258   0.03955298     0.01812393   0.00943043    -0.00000000   0.00000000
 -0.00000000   0.00000000    -0.00000000   0.00000000     0.01169953   0.00217442
    2    5
 -0.00614128  -0.00937856     0.00040946  -0.00000000     0.00000000   0.00000000
  0.04375184  -0.00000000    -0.00614128   0.00937856     0.00000000   0.00000000
  0.00000000   0.00000000    -0.00000000   0.00000000    -0.00958710  -0.00000000
    2    6
 -0.01029615   0.00635538    -0.00136313  -0.00069986    -0.00731191  -0.00317366
 -0.00375290  -0.00250107    -0.00049896  -0.00673508    -0.00298158   0.00026255
 -0.02538667   0.00334367    -0.01240140  -0.00053132    -0.00410542  -0.00255906
    2    7
 -0.01029615   0.00635538    -0.00136313  -0.00069986     0.00731191   0.00317366
 -0.00375290  -0.00250107    -0.00049896  -0.00673508     0.00298158  -0.00026255
  0.02538667  -0.00334367     0.01240140   0.00053132    -0.00410542  -0.00255906
    3    1
  0.00845015  -0.00541115    -0.00751432   0.00466804    -0.00000000   0.00000000
 -0.01224571  -0.00597493    -0.02049486  -0.00749883    -0.00000000   0.00000000
  0.00000000   0.00000000     0.00000000   0.00000000     0.01114920  -0.00320611
    3    2
  0.00058023   0.01780944     0.00884610   0.00120917     0.00000000   0.00000000
  0.00884610   0.00120917     0.01248527  -0.03587678     0.00000000   0.00000000
  0.00000000   0.00000000     0.00000000   0.00000000    -0.02134870  -0.00653352
    3    3
  0.03721213  -0.00000000     0.01004526   0.00442767    -0.00000000   0.00000000
  0.01004526  -0.00442767     0.05514089   0.00000000    -0.00000000   0.00000000
  0.00000000   0.00000000     0.00000000   0.00000000     0.03024227   0.00000000
    3    4
 -0.00614128   0.00937856     0.00040946   0.00000000     0.00000000   0.00000000
  0.04375184   0.00000000    -0.00614128  -0.00937856     0.00000000   0.00000000
  0.00000000   0.00000000     0.00000000   0.00000000    -0.00958710   0.00000000
    3    5
  0.01812393  -0.00943043     0.01323885  -0.00999765    -0.00000000   0.00000000
  0.01887258  -0.03955298     0.01812393  -0.00943043    -0.00000000   0.00000000
 -0.00000000   0.00000000    -0.00000000   0.00000000     0.01169953  -0.00217442
    3    6
 -0.01029615  -0.00635538    -0.00136313   0.00069986     0.00731191  -0.00317366
 -0.00375290   0.00250107    -0.00049896   0.00673508     0.00298158   0.00026255
  0.02538667   0.00334367     0.01240140  -0.00053132    -0.00410542   0.00255906
    3    7
 -0.01029615  -0.00635538    -0.00136313   0.00069986    -0.00731191   0.00317366
 -0.00375290   0.00250107    -0.00049896   0.00673508    -0.00298158  -0.00026255
 -0.02538667  -0.00334367    -0.01240140   0.00053132    -0.00410542   0.00255906
    4    1
 -0.02049486  -0.00749883    -0.01224571  -0.00597493    -0.00000000   0.00000000
 -0.00751432   0.00466804     0.00845015  -0.00541115    -0.00000000   0.00000000
  0.00000000   0.00000000     0.00000000   0.00000000     0.01114920  -0.00320611
    4    2
  0.01812393  -0.00943043     0.01887258  -0.03955298    -0.00000000   0.00000000
  0.01323885  -0.00999765     0.01812393  -0.00943043    -0.00000000   0.00000000
 -0.00000000  -0.00000000    -0.00000000   0.00000000     0.01169953  -0.00217442
    4    3
 -0.00614128  -0.00937856     0.04375184   0.00000000     0.00000000   0.00000000
  0.00040946   0.00000000    -0.00614128   0.00937856     0.00000000   0.00000000
  0.00000000   0.00000000    -0.00000000   0.00000000    -0.00958710   0.00000000
    4    4
  0.05514089   0.00000000     0.01004526  -0.00442767    -0.00000000   0.00000000
  0.01004526   0.00442767     0.03721213   0.00000000    -0.00000000   0.00000000
  0.00000000   0.00000000     0.00000000   0.00000000     0.03024227   0.00000000
    4    5
  0.01248527  -0.03587678     0.00884610   0.00120917     0.00000000  -0.00000000
  0.00884610   0.00120917     0.00058023   0.01780944     0.00000000   0.00000000
  0.00000000   0.00000000     0.00000000   0.00000000    -0.02134870  -0.00653352
    4    6
 -0.00049896   0.00673508    -0.00375290   0.00250107    -0.00298158  -0.00026255
 -0.00136313   0.00069986    -0.01029615  -0.00635538    -0.00731191   0.00317366
 -0.01240140   0.00053132    -0.02538667  -0.00334367    -0.00410542   0.00255906
    4    7
 -0.00049896   0.00673508    -0.00375290   0.00250107     0.00298158   0.00026255
 -0.00136313   0.00069986    -0.01029615  -0.00635538     0.00731191  -0.00317366
  0.01240140  -0.00053132     0.02538667   0.00334367    -0.00410542   0.00255906
    5    1
  0.00918958  -0.01979452     0.00443411  -0.01288394     0.00000000  -0.00000000
  0.00861423  -0.00201262    -0.00980142   0.00214890     0.00000000  -0.00000000
  0.00000000   0.00000000     0.00000000   0.00000000    -0.01015073   0.00561661
    5    2
 -0.00614128   0.00937856     0.04375184  -0.00000000     0.00000000  -0.00000000
  0.00040946  -0.00000000    -0.00614128  -0.00937856     0.00000000  -0.00000000
  0.00000000   0.00000000    -0.00000000   0.00000000    -0.00958710  -0.00000000
    5    3
  0.01812393   0.00943043     0.01887258   0.03955298    -0.00000000  -0.00000000
  0.01323885   0.00999765     0.01812393   0.00943043    -0.00000000  -0.00000000
 -0.00000000  -0.00000000    -0.00000000  -0.00000000     0.01169953   0.00217442
    5    4
  0.01248527   0.03587678     0.00884610  -0.00120917     0.00000000   0.00000000
  0.00884610  -0.00120917     0.00058023  -0.01780944     0.00000000   0.00000000
  0.00000000  -0.00000000     0.00000000  -0.00000000    -0.02134870   0.00653352
    5    5
  0.05514089  -0.00000000     0.01004526   0.00442767    -0.00000000   0.00000000
  0.01004526  -0.00442767     0.03721213  -0.00000000    -0.00000000   0.00000000
  0.00000000   0.00000000     0.00000000   0.00000000     0.03024227  -0.00000000
    5    6
 -0.00049896  -0.00673508    -0.00375290  -0.00250107     0.00298158  -0.00026255
 -0.00136313  -0.00069986    -0.01029615   0.00635538     0.00731191   0.00317366
  0.01240140   0.00053132     0.02538667  -0.00334367    -0.00410542  -0.00255906
    5    7
 -0.00049896  -0.00673508    -0.00375290  -0.00250107    -0.00298158   0.00026255
 -0.00136313  -0.00069986    -0.01029615   0.00635538    -0.00731191  -0.00317366
 -0.01240140  -0.00053132    -0.02538667   0.00334367    -0.00410542  -0.00255906
    6    1
  0.00044692   0.00107896     0.00182843   0.00441423     0.01042551  -0.00431839
  0.00182843   0.00441423     0.00044692   0.00107896    -0.01042551   0.00431839
  0.00899979  -0.00372783    -0.00899979   0.00372783     0.00013186   0.00031833
    6    2
 -0.01029615  -0.00635538    -0.00375290   0.00250107    -0.02538667  -0.00334367
 -0.00136313   0.00069986    -0.00049896   0.00673508    -0.01240140   0.00053132
 -0.00731191   0.00317366    -0.00298158  -0.00026255    -0.00410542   0.00255906
    6    3
 -0.01029615   0.00635538    -0.00375290  -0.00250107     0.02538667  -0.00334367
 -0.00136313  -0.00069986    -0.00049896  -0.00673508     0.01240140   0.00053132
  0.00731191   0.00317366     0.00298158  -0.00026255    -0.00410542  -0.00255906
    6    4
 -0.00049896  -0.00673508    -0.00136313  -0.00069986    -0.01240140  -0.00053132
 -0.00375290  -0.00250107    -0.01029615   0.00635538    -0.02538667   0.00334367
 -0.00298158   0.00026255    -0.00731191  -0.00317366    -0.00410542  -0.00255906
    6    5
 -0.00049896   0.00673508    -0.00136313   0.00069986     0.01240140  -0.00053132
 -0.00375290   0.00250107    -0.01029615  -0.00635538     0.02538667   0.00334367
  0.00298158   0.00026255     0.00731191  -0.00317366    -0.00410542   0.00255906
    6    6
  0.03930012   0.00000000     0.01672235  -0.00000000    -0.00000000   0.00210837
  0.01672235   0.00000000     0.03930012  -0.00000000     0.00000000  -0.00210837
 -0.00000000  -0.00210837    -0.00000000   0.00210837     0.01575101   0.00000000
    6    7
 -0.01702497   0.00000000    -0.01254222  -0.00000000     0.00000000  -0.00006964
 -0.01254222   0.00000000    -0.01702497  -0.00000000    -0.00000000   0.00006964
  0.00000000  -0.00006964    -0.00000000   0.00006964     0.00219148   0.00000000
    7    1
  0.00044692   0.00107896     0.00182843   0.00441423    -0.01042551   0.00431839
  0.00182843   0.00441423     0.00044692   0.00107896     0.01042551  -0.00431839
 -0.00899979   0.00372783     0.00899979  -0.00372783     0.00013186   0.00031833
    7    2
 -0.01029615  -0.00635538    -0.00375290   0.00250107     0.02538667   0.00334367
 -0.00136313   0.00069986    -0.00049896   0.00673508     0.01240140  -0.00053132
  0.00731191  -0.00317366     0.00298158   0.00026255    -0.00410542   0.00255906
    7    3
 -0.01029615   0.00635538    -0.00375290  -0.00250107    -0.02538667   0.00334367
 -0.00136313  -0.00069986    -0.00049896  -0.00673508    -0.01240140  -0.00053132
 -0.00731191  -0.00317366    -0.00298158   0.00026255    -0.00410542  -0.00255906
    7    4
 -0.00049896  -0.00673508    -0.00136313  -0.00069986     0.01240140   0.00053132
 -0.00375290  -0.00250107    -0.01029615   0.00635538     0.02538667  -0.00334367
  0.00298158  -0.00026255     0.00731191   0.00317366    -0.00410542  -0.00255906
    7    5
 -0.00049896   0.00673508    -0.00136313   0.00069986    -0.01240140   0.00053132
 -0.00375290   0.00250107    -0.01029615  -0.00635538    -0.02538667  -0.00334367
 -0.00298158  -0.00026255    -0.00731191   0.00317366    -0.00410542   0.00255906
    7    6
 -0.01702497  -0.00000000    -0.01254222   0.00000000     0.00000000   0.00006964
 -0.01254222  -0.00000000    -0.01702497   0.00000000    -0.00000000  -0.00006964
  0.00000000   0.00006964    -0.00000000  -0.00006964     0.00219148   0.00000000
    7    7
  0.03930012  -0.00000000     0.01672235   0.00000000    -0.00000000  -0.00210837
  0.01672235  -0.00000000     0.03930012  -0.00000000     0.00000000   0.00210837
  0.00000000   0.00210837     0.00000000  -0.00210837     0.01575101  -0.00000000

     Dynamical  Matrix in cartesian axes

     q = (    0.324759526  -0.324759526   0.000000000 ) 

    1    1
  0.09498769   0.00000000    -0.04946652   0.00000000    -0.00000000   0.00000000
 -0.04946652   0.00000000     0.09498769   0.00000000    -0.00000000   0.00000000
 -0.00000000   0.00000000    -0.00000000   0.00000000     0.03119999   0.00000000
    1    2
 -0.00980142  -0.00214890    -0.00443411  -0.01288394     0.00000000   0.00000000
 -0.00861423  -0.00201262     0.00918958   0.01979452     0.00000000   0.00000000
  0.00000000  -0.00000000     0.00000000   0.00000000    -0.01015073  -0.00561661
    1    3
 -0.00980142   0.00214890    -0.00443411   0.01288394     0.00000000   0.00000000
 -0.00861423   0.00201262     0.00918958  -0.01979452     0.00000000  -0.00000000
  0.00000000  -0.00000000     0.00000000  -0.00000000    -0.01015073   0.00561661
    1    4
  0.00918958   0.01979452    -0.00861423  -0.00201262     0.00000000   0.00000000
 -0.00443411  -0.01288394    -0.00980142  -0.00214890     0.00000000   0.00000000
  0.00000000   0.00000000     0.00000000   0.00000000    -0.01015073  -0.00561661
    1    5
  0.00918958  -0.01979452    -0.00861423   0.00201262     0.00000000  -0.00000000
 -0.00443411   0.01288394    -0.00980142   0.00214890     0.00000000  -0.00000000
  0.00000000  -0.00000000     0.00000000  -0.00000000    -0.01015073   0.00561661
    1    6
  0.00044692   0.00107896    -0.00182843  -0.00441423    -0.00899979   0.00372783
 -0.00182843  -0.00441423     0.00044692   0.00107896    -0.00899979   0.00372783
 -0.01042551   0.00431839    -0.01042551   0.00431839     0.00013186   0.00031833
    1    7
  0.00044692  -0.00107896    -0.00182843   0.00441423    -0.00899979  -0.00372783
 -0.00182843   0.00441423     0.00044692  -0.00107896    -0.00899979  -0.00372783
 -0.01042551  -0.00431839    -0.01042551  -0.00431839     0.00013186  -0.00031833
    2    1
 -0.00980142   0.00214890    -0.00861423   0.00201262     0.00000000   0.00000000
 -0.00443411   0.01288394     0.00918958  -0.01979452     0.00000000   0.00000000
  0.00000000  -0.00000000     0.00000000   0.00000000    -0.01015073   0.00561661
    2    2
  0.03721213  -0.00000000    -0.01004526   0.00442767    -0.00000000   0.00000000
 -0.01004526  -0.00442767     0.05514089  -0.00000000    -0.00000000   0.00000000
 -0.00000000   0.00000000    -0.00000000   0.00000000     0.03024227   0.00000000
    2    3
  0.01218289   0.01300346     0.00540013  -0.00711015    -0.00000000   0.00000000
  0.00540013  -0.00711015    -0.03419714  -0.01654030    -0.00000000   0.00000000
 -0.00000000   0.00000000     0.00000000   0.00000000     0.01047592  -0.01971571
    2    4
 -0.00614128  -0.00937856    -0.00040946   0.00000000     0.00000000  -0.00000000
 -0.04375184  -0.00000000    -0.00614128   0.00937856     0.00000000  -0.00000000
 -0.00000000   0.00000000     0.00000000   0.00000000    -0.00958710  -0.00000000
    2    5
 -0.01948387   0.00614723     0.01643068  -0.00229187     0.00000000  -0.00000000
  0.04131311   0.01462325    -0.01948387   0.00614723     0.00000000  -0.00000000
  0.00000000  -0.00000000    -0.00000000  -0.00000000    -0.00981037   0.00673527
    2    6
  0.00278654  -0.01177441    -0.00145875   0.00046900     0.00741442  -0.00292618
 -0.00442223   0.00088518     0.00511524   0.00440960    -0.00192265   0.00229395
  0.01558675  -0.02031542    -0.00914481   0.00839341     0.00471250  -0.00109344
    2    7
 -0.01029615   0.00635538     0.00136313   0.00069986     0.00731191   0.00317366
  0.00375290   0.00250107    -0.00049896  -0.00673508    -0.00298158   0.00026255
  0.02538667  -0.00334367    -0.01240140  -0.00053132    -0.00410542  -0.00255906
    3    1
 -0.00980142  -0.00214890    -0.00861423  -0.00201262     0.00000000  -0.00000000
 -0.00443411  -0.01288394     0.00918958   0.01979452     0.00000000   0.00000000
  0.00000000   0.00000000     0.00000000   0.00000000    -0.01015073  -0.00561661
    3    2
  0.01218289  -0.01300346     0.00540013   0.00711015     0.00000000  -0.00000000
  0.00540013   0.00711015    -0.03419714   0.01654030     0.00000000  -0.00000000
 -0.00000000  -0.00000000     0.00000000  -0.00000000     0.01047592   0.01971571
    3    3
  0.03721213   0.00000000    -0.01004526  -0.00442767    -0.00000000   0.00000000
 -0.01004526   0.00442767     0.05514089   0.00000000    -0.00000000   0.00000000
 -0.00000000   0.00000000    -0.00000000   0.00000000     0.03024227  -0.00000000
    3    4
 -0.01948387  -0.00614723     0.01643068   0.00229187    -0.00000000   0.00000000
  0.04131311  -0.01462325    -0.01948387  -0.00614723    -0.00000000   0.00000000
 -0.00000000   0.00000000    -0.00000000   0.00000000    -0.00981037  -0.00673527
    3    5
 -0.00614128   0.00937856    -0.00040946  -0.00000000     0.00000000   0.00000000
 -0.04375184  -0.00000000    -0.00614128  -0.00937856     0.00000000   0.00000000
 -0.00000000   0.00000000     0.00000000   0.00000000    -0.00958710  -0.00000000
    3    6
 -0.01029615  -0.00635538     0.00136313  -0.00069986     0.00731191  -0.00317366
  0.00375290  -0.00250107    -0.00049896   0.00673508    -0.00298158  -0.00026255
  0.02538667   0.00334367    -0.01240140   0.00053132    -0.00410542   0.00255906
    3    7
  0.00278654   0.01177441    -0.00145875  -0.00046900     0.00741442   0.00292618
 -0.00442223  -0.00088518     0.00511524  -0.00440960    -0.00192265  -0.00229395
  0.01558675   0.02031542    -0.00914481  -0.00839341     0.00471250   0.00109344
    4    1
  0.00918958  -0.01979452    -0.00443411   0.01288394     0.00000000  -0.00000000
 -0.00861423   0.00201262    -0.00980142   0.00214890     0.00000000  -0.00000000
  0.00000000  -0.00000000     0.00000000  -0.00000000    -0.01015073   0.00561661
    4    2
 -0.00614128   0.00937856    -0.04375184   0.00000000     0.00000000   0.00000000
 -0.00040946   0.00000000    -0.00614128  -0.00937856     0.00000000   0.00000000
 -0.00000000   0.00000000    -0.00000000   0.00000000    -0.00958710   0.00000000
    4    3
 -0.01948387   0.00614723     0.04131311   0.01462325     0.00000000  -0.00000000
  0.01643068  -0.00229187    -0.01948387   0.00614723    -0.00000000  -0.00000000
 -0.00000000  -0.00000000     0.00000000  -0.00000000    -0.00981037   0.00673527
    4    4
  0.05514089  -0.00000000    -0.01004526  -0.00442767    -0.00000000   0.00000000
 -0.01004526   0.00442767     0.03721213  -0.00000000    -0.00000000   0.00000000
 -0.00000000  -0.00000000    -0.00000000  -0.00000000     0.03024227   0.00000000
    4    5
 -0.03419714  -0.01654030     0.00540013  -0.00711015    -0.00000000   0.00000000
  0.00540013  -0.00711015     0.01218289   0.01300346    -0.00000000   0.00000000
 -0.00000000   0.00000000    -0.00000000   0.00000000     0.01047592  -0.01971571
    4    6
  0.00511524   0.00440960    -0.00442223   0.00088518    -0.00192265   0.00229395
 -0.00145875   0.00046900     0.00278654  -0.01177441     0.00741442  -0.00292618
 -0.00914481   0.00839341     0.01558675  -0.02031542     0.00471250  -0.00109344
    4    7
 -0.00049896  -0.00673508     0.00375290   0.00250107    -0.00298158   0.00026255
  0.00136313   0.00069986    -0.01029615   0.00635538     0.00731191   0.00317366
 -0.01240140  -0.00053132     0.02538667  -0.00334367    -0.00410542  -0.00255906
    5    1
  0.00918958   0.01979452    -0.00443411  -0.01288394     0.00000000   0.00000000
 -0.00861423  -0.00201262    -0.00980142  -0.00214890     0.00000000   0.00000000
  0.00000000   0.00000000     0.00000000  -0.00000000    -0.01015073  -0.00561661
    5    2
 -0.01948387  -0.00614723     0.04131311  -0.01462325     0.00000000   0.00000000
  0.01643068   0.00229187    -0.01948387  -0.00614723     0.00000000   0.00000000
 -0.00000000   0.00000000     0.00000000   0.00000000    -0.00981037  -0.00673527
    5    3
 -0.00614128  -0.00937856    -0.04375184   0.00000000     0.00000000   0.00000000
 -0.00040946  -0.00000000    -0.00614128   0.00937856     0.00000000   0.00000000
 -0.00000000   0.00000000    -0.00000000   0.00000000    -0.00958710   0.00000000
    5    4
 -0.03419714   0.01654030     0.00540013   0.00711015    -0.00000000  -0.00000000
  0.00540013   0.00711015     0.01218289  -0.01300346    -0.00000000  -0.00000000
 -0.00000000  -0.00000000    -0.00000000   0.00000000     0.01047592   0.01971571
    5    5
  0.05514089   0.00000000    -0.01004526   0.00442767    -0.00000000   0.00000000
 -0.01004526  -0.00442767     0.03721213   0.00000000    -0.00000000   0.00000000
 -0.00000000   0.00000000    -0.00000000   0.00000000     0.03024227  -0.00000000
    5    6
 -0.00049896   0.00673508     0.00375290  -0.00250107    -0.00298158  -0.00026255
  0.00136313  -0.00069986    -0.01029615  -0.00635538     0.00731191  -0.00317366
 -0.01240140   0.00053132     0.02538667   0.00334367    -0.00410542   0.00255906
    5    7
  0.00511524  -0.00440960    -0.00442223  -0.00088518    -0.00192265  -0.00229395
 -0.00145875  -0.00046900     0.00278654   0.01177441     0.00741442   0.00292618
 -0.00914481  -0.00839341     0.01558675   0.02031542     0.00471250   0.00109344
    6    1
  0.00044692  -0.00107896    -0.00182843   0.00441423    -0.01042551  -0.00431839
 -0.00182843   0.00441423     0.00044692  -0.00107896    -0.01042551  -0.00431839
 -0.00899979  -0.00372783    -0.00899979  -0.00372783     0.00013186  -0.00031833
    6    2
  0.00278654   0.01177441    -0.00442223  -0.00088518     0.01558675   0.02031542
 -0.00145875  -0.00046900     0.00511524  -0.00440960    -0.00914481  -0.00839341
  0.00741442   0.00292618    -0.00192265  -0.00229395     0.00471250   0.00109344
    6    3
 -0.01029615   0.00635538     0.00375290   0.00250107     0.02538667  -0.00334367
  0.00136313   0.00069986    -0.00049896  -0.00673508    -0.01240140  -0.00053132
  0.00731191   0.00317366    -0.00298158   0.00026255    -0.00410542  -0.00255906
    6    4
  0.00511524  -0.00440960    -0.00145875  -0.00046900    -0.00914481  -0.00839341
 -0.00442223  -0.00088518     0.00278654   0.01177441     0.01558675   0.02031542
 -0.00192265  -0.00229395     0.00741442   0.00292618     0.00471250   0.00109344
    6    5
 -0.00049896  -0.00673508     0.00136313   0.00069986    -0.01240140  -0.00053132
  0.00375290   0.00250107    -0.01029615   0.00635538     0.02538667  -0.00334367
 -0.00298158   0.00026255     0.00731191   0.00317366    -0.00410542  -0.00255906
    6    6
  0.03930012  -0.00000000    -0.01672235  -0.00000000    -0.00000000   0.00210837
 -0.01672235   0.00000000     0.03930012   0.00000000    -0.00000000   0.00210837
 -0.00000000  -0.00210837    -0.00000000  -0.00210837     0.01575101   0.00000000
    6    7
  0.01203847   0.01203847    -0.00886869  -0.00886869    -0.00004925   0.00004925
 -0.00886869  -0.00886869     0.01203847   0.01203847    -0.00004925   0.00004925
 -0.00004925   0.00004925    -0.00004925   0.00004925    -0.00154961  -0.00154961
    7    1
  0.00044692   0.00107896    -0.00182843  -0.00441423    -0.01042551   0.00431839
 -0.00182843  -0.00441423     0.00044692   0.00107896    -0.01042551   0.00431839
 -0.00899979   0.00372783    -0.00899979   0.00372783     0.00013186   0.00031833
    7    2
 -0.01029615  -0.00635538     0.00375290  -0.00250107     0.02538667   0.00334367
  0.00136313  -0.00069986    -0.00049896   0.00673508    -0.01240140   0.00053132
  0.00731191  -0.00317366    -0.00298158  -0.00026255    -0.00410542   0.00255906
    7    3
  0.00278654  -0.01177441    -0.00442223   0.00088518     0.01558675  -0.02031542
 -0.00145875   0.00046900     0.00511524   0.00440960    -0.00914481   0.00839341
  0.00741442  -0.00292618    -0.00192265   0.00229395     0.00471250  -0.00109344
    7    4
 -0.00049896   0.00673508     0.00136313  -0.00069986    -0.01240140   0.00053132
  0.00375290  -0.00250107    -0.01029615  -0.00635538     0.02538667   0.00334367
 -0.00298158  -0.00026255     0.00731191  -0.00317366    -0.00410542   0.00255906
    7    5
  0.00511524   0.00440960    -0.00145875   0.00046900    -0.00914481   0.00839341
 -0.00442223   0.00088518     0.00278654  -0.01177441     0.01558675  -0.02031542
 -0.00192265   0.00229395     0.00741442  -0.00292618     0.00471250  -0.00109344
    7    6
  0.01203847  -0.01203847    -0.00886869   0.00886869    -0.00004925  -0.00004925
 -0.00886869   0.00886869     0.01203847  -0.01203847    -0.00004925  -0.00004925
 -0.00004925  -0.00004925    -0.00004925  -0.00004925    -0.00154961   0.00154961
    7    7
  0.03930012   0.00000000    -0.01672235   0.00000000    -0.00000000  -0.00210837
 -0.01672235  -0.00000000     0.03930012  -0.00000000    -0.00000000  -0.00210837
 -0.00000000   0.00210837    -0.00000000   0.00210837     0.01575101   0.00000000

     Dynamical  Matrix in cartesian axes

     q = (   -0.324759526  -0.324759526   0.000000000 ) 

    1    1
  0.09498769   0.00000000     0.04946652   0.00000000    -0.00000000   0.00000000
  0.04946652   0.00000000     0.09498769   0.00000000    -0.00000000   0.00000000
 -0.00000000   0.00000000    -0.00000000   0.00000000     0.03119999   0.00000000
    1    2
 -0.00980142   0.00214890     0.00443411  -0.01288394     0.00000000   0.00000000
  0.00861423  -0.00201262     0.00918958  -0.01979452     0.00000000   0.00000000
 -0.00000000  -0.00000000    -0.00000000  -0.00000000    -0.01015073   0.00561661
    1    3
  0.00845015  -0.00541115    -0.01224571  -0.00597493    -0.00000000   0.00000000
 -0.00751432   0.00466804    -0.02049486  -0.00749883    -0.00000000   0.00000000
 -0.00000000   0.00000000    -0.00000000   0.00000000     0.01114920  -0.00320611
    1    4
 -0.02049486  -0.00749883    -0.00751432   0.00466804    -0.00000000   0.00000000
 -0.01224571  -0.00597493     0.00845015  -0.00541115    -0.00000000   0.00000000
 -0.00000000   0.00000000    -0.00000000   0.00000000     0.01114920  -0.00320611
    1    5
  0.00918958  -0.01979452     0.00861423  -0.00201262     0.00000000   0.00000000
  0.00443411  -0.01288394    -0.00980142   0.00214890     0.00000000   0.00000000
 -0.00000000  -0.00000000     0.00000000   0.00000000    -0.01015073   0.00561661
    1    6
  0.00044692   0.00107896     0.00182843   0.00441423     0.00899979  -0.00372783
  0.00182843   0.00441423     0.00044692   0.00107896    -0.00899979   0.00372783
  0.01042551  -0.00431839    -0.01042551   0.00431839     0.00013186   0.00031833
    1    7
  0.00044692   0.00107896     0.00182843   0.00441423    -0.00899979   0.00372783
  0.00182843   0.00441423     0.00044692   0.00107896     0.00899979  -0.00372783
 -0.01042551   0.00431839     0.01042551  -0.00431839     0.00013186   0.00031833
    2    1
 -0.00980142  -0.00214890     0.00861423   0.00201262     0.00000000   0.00000000
  0.00443411   0.01288394     0.00918958   0.01979452     0.00000000   0.00000000
  0.00000000   0.00000000     0.00000000   0.00000000    -0.01015073  -0.00561661
    2    2
  0.03721213  -0.00000000     0.01004526   0.00442767    -0.00000000   0.00000000
  0.01004526  -0.00442767     0.05514089   0.00000000    -0.00000000   0.00000000
  0.00000000   0.00000000     0.00000000   0.00000000     0.03024227   0.00000000
    2    3
  0.00058023   0.01780944     0.00884610   0.00120917     0.00000000   0.00000000
  0.00884610   0.00120917     0.01248527  -0.03587678     0.00000000   0.00000000
  0.00000000   0.00000000     0.00000000   0.00000000    -0.02134870  -0.00653352
    2    4
  0.01812393  -0.00943043     0.01323885  -0.00999765    -0.00000000   0.00000000
  0.01887258  -0.03955298     0.01812393  -0.00943043    -0.00000000   0.00000000
 -0.00000000   0.00000000    -0.00000000   0.00000000     0.01169953  -0.00217442
    2    5
 -0.00614128   0.00937856     0.00040946   0.00000000     0.00000000   0.00000000
  0.04375184   0.00000000    -0.00614128  -0.00937856     0.00000000   0.00000000
  0.00000000   0.00000000    -0.00000000   0.00000000    -0.00958710   0.00000000
    2    6
 -0.01029615  -0.00635538    -0.00136313   0.00069986    -0.00731191   0.00317366
 -0.00375290   0.00250107    -0.00049896   0.00673508    -0.00298158  -0.00026255
 -0.02538667  -0.00334367    -0.01240140   0.00053132    -0.00410542   0.00255906
    2    7
 -0.01029615  -0.00635538    -0.00136313   0.00069986     0.00731191  -0.00317366
 -0.00375290   0.00250107    -0.00049896   0.00673508     0.00298158   0.00026255
  0.02538667   0.00334367     0.01240140  -0.00053132    -0.00410542   0.00255906
    3    1
  0.00845015   0.00541115    -0.00751432  -0.00466804    -0.00000000  -0.00000000
 -0.01224571   0.00597493    -0.02049486   0.00749883    -0.00000000   0.00000000
 -0.00000000   0.00000000    -0.00000000   0.00000000     0.01114920   0.00320611
    3    2
  0.00058023  -0.01780944     0.00884610  -0.00120917     0.00000000  -0.00000000
  0.00884610  -0.00120917     0.01248527   0.03587678     0.00000000  -0.00000000
  0.00000000  -0.00000000     0.00000000   0.00000000    -0.02134870   0.00653352
    3    3
  0.03721213  -0.00000000     0.01004526  -0.00442767     0.00000000   0.00000000
  0.01004526   0.00442767     0.05514089  -0.00000000     0.00000000   0.00000000
  0.00000000   0.00000000     0.00000000   0.00000000     0.03024227  -0.00000000
    3    4
 -0.00614128  -0.00937856     0.00040946  -0.00000000     0.00000000   0.00000000
  0.04375184  -0.00000000    -0.00614128   0.00937856     0.00000000   0.00000000
  0.00000000   0.00000000    -0.00000000   0.00000000    -0.00958710  -0.00000000
    3    5
  0.01812393   0.00943043     0.01323885   0.00999765    -0.00000000   0.00000000
  0.01887258   0.03955298     0.01812393   0.00943043    -0.00000000   0.00000000
 -0.00000000   0.00000000    -0.00000000   0.00000000     0.01169953   0.00217442
    3    6
 -0.01029615   0.00635538    -0.00136313  -0.00069986     0.00731191   0.00317366
 -0.00375290  -0.00250107    -0.00049896  -0.00673508     0.00298158  -0.00026255
  0.02538667  -0.00334367     0.01240140   0.00053132    -0.00410542  -0.00255906
    3    7
 -0.01029615   0.00635538    -0.00136313  -0.00069986    -0.00731191  -0.00317366
 -0.00375290  -0.00250107    -0.00049896  -0.00673508    -0.00298158   0.00026255
 -0.02538667   0.00334367    -0.01240140  -0.00053132    -0.00410542  -0.00255906
    4    1
 -0.02049486   0.00749883    -0.01224571   0.00597493    -0.00000000  -0.00000000
 -0.00751432  -0.00466804     0.00845015   0.00541115    -0.00000000   0.00000000
 -0.00000000  -0.00000000    -0.00000000   0.00000000     0.01114920   0.00320611
    4    2
  0.01812393   0.00943043     0.01887258   0.03955298    -0.00000000  -0.00000000
  0.01323885   0.00999765     0.01812393   0.00943043    -0.00000000  -0.00000000
 -0.00000000  -0.00000000    -0.00000000  -0.00000000     0.01169953   0.00217442
    4    3
 -0.00614128   0.00937856     0.04375184  -0.00000000     0.00000000   0.00000000
  0.00040946  -0.00000000    -0.00614128  -0.00937856     0.00000000   0.00000000
  0.00000000   0.00000000    -0.00000000   0.00000000    -0.00958710  -0.00000000
    4    4
  0.05514089  -0.00000000     0.01004526   0.00442767    -0.00000000  -0.00000000
  0.01004526  -0.00442767     0.03721213  -0.00000000    -0.00000000  -0.00000000
  0.00000000   0.00000000     0.00000000   0.00000000     0.03024227  -0.00000000
    4    5
  0.01248527   0.03587678     0.00884610  -0.00120917     0.00000000  -0.00000000
  0.00884610  -0.00120917     0.00058023  -0.01780944     0.00000000  -0.00000000
  0.00000000  -0.00000000     0.00000000  -0.00000000    -0.02134870   0.00653352
    4    6
 -0.00049896  -0.00673508    -0.00375290  -0.00250107    -0.00298158   0.00026255
 -0.00136313  -0.00069986    -0.01029615   0.00635538    -0.00731191  -0.00317366
 -0.01240140  -0.00053132    -0.02538667   0.00334367    -0.00410542  -0.00255906
    4    7
 -0.00049896  -0.00673508    -0.00375290  -0.00250107     0.00298158  -0.00026255
 -0.00136313  -0.00069986    -0.01029615   0.00635538     0.00731191   0.00317366
  0.01240140   0.00053132     0.02538667  -0.00334367    -0.00410542  -0.00255906
    5    1
  0.00918958   0.01979452     0.00443411   0.01288394     0.00000000   0.00000000
  0.00861423   0.00201262    -0.00980142  -0.00214890     0.00000000   0.00000000
  0.00000000  -0.00000000     0.00000000   0.00000000    -0.01015073  -0.00561661
    5    2
 -0.00614128  -0.00937856     0.04375184   0.00000000     0.00000000   0.00000000
  0.00040946   0.00000000    -0.00614128   0.00937856     0.00000000   0.00000000
  0.00000000   0.00000000    -0.00000000   0.00000000    -0.00958710   0.00000000
    5    3
  0.01812393  -0.00943043     0.01887258  -0.03955298    -0.00000000  -0.00000000
  0.01323885  -0.00999765     0.01812393  -0.00943043    -0.00000000  -0.00000000
 -0.00000000  -0.00000000    -0.00000000   0.00000000     0.01169953  -0.00217442
    5    4
  0.01248527  -0.03587678     0.00884610   0.00120917     0.00000000  -0.00000000
  0.00884610   0.00120917     0.00058023   0.01780944     0.00000000   0.00000000
  0.00000000   0.00000000     0.00000000   0.00000000    -0.02134870  -0.00653352
    5    5
  0.05514089   0.00000000     0.01004526  -0.00442767    -0.00000000   0.00000000
  0.01004526   0.00442767     0.03721213   0.00000000    -0.00000000   0.00000000
  0.00000000   0.00000000     0.00000000   0.00000000     0.03024227   0.00000000
    5    6
 -0.00049896   0.00673508    -0.00375290   0.00250107     0.00298158   0.00026255
 -0.00136313   0.00069986    -0.01029615  -0.00635538     0.00731191  -0.00317366
  0.01240140  -0.00053132     0.02538667   0.00334367    -0.00410542   0.00255906
    5    7
 -0.00049896   0.00673508    -0.00375290   0.00250107    -0.00298158  -0.00026255
 -0.00136313   0.00069986    -0.01029615  -0.00635538    -0.00731191   0.00317366
 -0.01240140   0.00053132    -0.02538667  -0.00334367    -0.00410542   0.00255906
    6    1
  0.00044692  -0.00107896     0.00182843  -0.00441423     0.01042551   0.00431839
  0.00182843  -0.00441423     0.00044692  -0.00107896    -0.01042551  -0.00431839
  0.00899979   0.00372783    -0.00899979  -0.00372783     0.00013186  -0.00031833
    6    2
 -0.01029615   0.00635538    -0.00375290  -0.00250107    -0.02538667   0.00334367
 -0.00136313  -0.00069986    -0.00049896  -0.00673508    -0.01240140  -0.00053132
 -0.00731191  -0.00317366    -0.00298158   0.00026255    -0.00410542  -0.00255906
    6    3
 -0.01029615  -0.00635538    -0.00375290   0.00250107     0.02538667   0.00334367
 -0.00136313   0.00069986    -0.00049896   0.00673508     0.01240140  -0.00053132
  0.00731191  -0.00317366     0.00298158   0.00026255    -0.00410542   0.00255906
    6    4
 -0.00049896   0.00673508    -0.00136313   0.00069986    -0.01240140   0.00053132
 -0.00375290   0.00250107    -0.01029615  -0.00635538    -0.02538667  -0.00334367
 -0.00298158  -0.00026255    -0.00731191   0.00317366    -0.00410542   0.00255906
    6    5
 -0.00049896  -0.00673508    -0.00136313  -0.00069986     0.01240140   0.00053132
 -0.00375290  -0.00250107    -0.01029615   0.00635538     0.02538667  -0.00334367
  0.00298158  -0.00026255     0.00731191   0.00317366    -0.00410542  -0.00255906
    6    6
  0.03930012  -0.00000000     0.01672235  -0.00000000    -0.00000000  -0.00210837
  0.01672235  -0.00000000     0.03930012  -0.00000000     0.00000000   0.00210837
  0.00000000   0.00210837    -0.00000000  -0.00210837     0.01575101  -0.00000000
    6    7
 -0.01702497  -0.00000000    -0.01254222   0.00000000     0.00000000   0.00006964
 -0.01254222  -0.00000000    -0.01702497   0.00000000    -0.00000000  -0.00006964
  0.00000000   0.00006964    -0.00000000  -0.00006964     0.00219148   0.00000000
    7    1
  0.00044692  -0.00107896     0.00182843  -0.00441423    -0.01042551  -0.00431839
  0.00182843  -0.00441423     0.00044692  -0.00107896     0.01042551   0.00431839
 -0.00899979  -0.00372783     0.00899979   0.00372783     0.00013186  -0.00031833
    7    2
 -0.01029615   0.00635538    -0.00375290  -0.00250107     0.02538667  -0.00334367
 -0.00136313  -0.00069986    -0.00049896  -0.00673508     0.01240140   0.00053132
  0.00731191   0.00317366     0.00298158  -0.00026255    -0.00410542  -0.00255906
    7    3
 -0.01029615  -0.00635538    -0.00375290   0.00250107    -0.02538667  -0.00334367
 -0.00136313   0.00069986    -0.00049896   0.00673508    -0.01240140   0.00053132
 -0.00731191   0.00317366    -0.00298158  -0.00026255    -0.00410542   0.00255906
    7    4
 -0.00049896   0.00673508    -0.00136313   0.00069986     0.01240140  -0.00053132
 -0.00375290   0.00250107    -0.01029615  -0.00635538     0.02538667   0.00334367
  0.00298158   0.00026255     0.00731191  -0.00317366    -0.00410542   0.00255906
    7    5
 -0.00049896  -0.00673508    -0.00136313  -0.00069986    -0.01240140  -0.00053132
 -0.00375290  -0.00250107    -0.01029615   0.00635538    -0.02538667   0.00334367
 -0.00298158   0.00026255    -0.00731191  -0.00317366    -0.00410542  -0.00255906
    7    6
 -0.01702497   0.00000000    -0.01254222  -0.00000000     0.00000000  -0.00006964
 -0.01254222  -0.00000000    -0.01702497  -0.00000000    -0.00000000   0.00006964
  0.00000000  -0.00006964    -0.00000000   0.00006964     0.00219148   0.00000000
    7    7
  0.03930012  -0.00000000     0.01672235  -0.00000000    -0.00000000   0.00210837
  0.01672235   0.00000000     0.03930012  -0.00000000     0.00000000  -0.00210837
  0.00000000  -0.00210837    -0.00000000   0.00210837     0.01575101   0.00000000

     Dynamical  Matrix in cartesian axes

     q = (   -0.324759526   0.324759526   0.000000000 ) 

    1    1
  0.09498769   0.00000000    -0.04946652   0.00000000    -0.00000000   0.00000000
 -0.04946652   0.00000000     0.09498769   0.00000000    -0.00000000   0.00000000
 -0.00000000   0.00000000    -0.00000000   0.00000000     0.03119999   0.00000000
    1    2
 -0.00980142   0.00214890    -0.00443411   0.01288394     0.00000000   0.00000000
 -0.00861423   0.00201262     0.00918958  -0.01979452     0.00000000  -0.00000000
  0.00000000  -0.00000000     0.00000000  -0.00000000    -0.01015073   0.00561661
    1    3
 -0.00980142  -0.00214890    -0.00443411  -0.01288394     0.00000000   0.00000000
 -0.00861423  -0.00201262     0.00918958   0.01979452     0.00000000   0.00000000
  0.00000000   0.00000000     0.00000000   0.00000000    -0.01015073  -0.00561661
    1    4
  0.00918958  -0.01979452    -0.00861423   0.00201262     0.00000000  -0.00000000
 -0.00443411   0.01288394    -0.00980142   0.00214890     0.00000000  -0.00000000
  0.00000000  -0.00000000     0.00000000  -0.00000000    -0.01015073   0.00561661
    1    5
  0.00918958   0.01979452    -0.00861423  -0.00201262     0.00000000   0.00000000
 -0.00443411  -0.01288394    -0.00980142  -0.00214890     0.00000000   0.00000000
  0.00000000   0.00000000     0.00000000   0.00000000    -0.01015073  -0.00561661
    1    6
  0.00044692  -0.00107896    -0.00182843   0.00441423    -0.00899979  -0.00372783
 -0.00182843   0.00441423     0.00044692  -0.00107896    -0.00899979  -0.00372783
 -0.01042551  -0.00431839    -0.01042551  -0.00431839     0.00013186  -0.00031833
    1    7
  0.00044692   0.00107896    -0.00182843  -0.00441423    -0.00899979   0.00372783
 -0.00182843  -0.00441423     0.00044692   0.00107896    -0.00899979   0.00372783
