  3.000000000000000E-002   1.26007061404212        2.36059544634539     
          12

     Dynamical  Matrix in cartesian axes

     q = (    0.108253200   0.108253200   0.000000000 ) 

    1    1
  0.04936582  -0.00000000     0.04082723  -0.00000000    -0.00000000   0.00000000
  0.04082723  -0.00000000     0.04936582  -0.00000000    -0.00000000   0.00000000
 -0.00000000  -0.00000000    -0.00000000  -0.00000000     0.00937829   0.00000000
    1    2
 -0.00874894   0.01402284    -0.00061431   0.00758179     0.00000000   0.00000000
 -0.00780743   0.01349816    -0.00057592   0.00719502    -0.00000000   0.00000000
  0.00000000   0.00000000     0.00000000   0.00000000    -0.00290788  -0.00758533
    1    3
 -0.01610208  -0.00372921    -0.00579552  -0.00492675    -0.00000000  -0.00000000
 -0.01506533  -0.00402396    -0.00549489  -0.00468041    -0.00000000  -0.00000000
 -0.00000000  -0.00000000    -0.00000000  -0.00000000     0.00330746   0.00741982
    1    4
 -0.00549489  -0.00468041    -0.01506533  -0.00402396     0.00000000  -0.00000000
 -0.00579552  -0.00492675    -0.01610208  -0.00372921     0.00000000  -0.00000000
 -0.00000000  -0.00000000    -0.00000000  -0.00000000     0.00330746   0.00741982
    1    5
 -0.00057592   0.00719502    -0.00780743   0.01349816     0.00000000   0.00000000
 -0.00061431   0.00758179    -0.00874894   0.01402284     0.00000000   0.00000000
  0.00000000   0.00000000     0.00000000   0.00000000    -0.00290788  -0.00758533
    1    6
  0.00365569  -0.00151424     0.00344790  -0.00142817    -0.00000398  -0.00000962
  0.00344790  -0.00142817     0.00365569  -0.00151424     0.00000398   0.00000962
  0.00284645   0.00687194    -0.00284645  -0.00687194    -0.00327786   0.00135774
    1    7
  0.00365569  -0.00151424     0.00344790  -0.00142817     0.00000398   0.00000962
  0.00344790  -0.00142817     0.00365569  -0.00151424    -0.00000398  -0.00000962
 -0.00284645  -0.00687194     0.00284645   0.00687194    -0.00327786   0.00135774
    2    1
 -0.00874894  -0.01402284    -0.00780743  -0.01349816     0.00000000  -0.00000000
 -0.00061431  -0.00758179    -0.00057592  -0.00719502     0.00000000  -0.00000000
  0.00000000  -0.00000000     0.00000000  -0.00000000    -0.00290788   0.00758533
    2    2
  0.03545193  -0.00000000     0.00482712  -0.01333744     0.00000000   0.00000000
  0.00482712   0.01333744     0.08546141  -0.00000000    -0.00000000   0.00000000
 -0.00000000   0.00000000    -0.00000000   0.00000000     0.03211707  -0.00000000
    2    3
 -0.00783226   0.00892184     0.00367469   0.01706662     0.00000000   0.00000000
  0.00367469   0.01706662    -0.06294520   0.04891409     0.00000000  -0.00000000
  0.00000000  -0.00000000    -0.00000000  -0.00000000    -0.02851977   0.00417504
    2    4
  0.00215980   0.01656940    -0.01216263   0.00563578    -0.00000000   0.00000000
 -0.06319714   0.04884605     0.00215980   0.01656940     0.00000000  -0.00000000
  0.00000000  -0.00000000    -0.00000000   0.00000000     0.00375243   0.00262624
    2    5
  0.00319216  -0.01464196     0.02389317  -0.00000000     0.00000000   0.00000000
  0.08343633   0.00000000     0.00319216   0.01464196    -0.00000000   0.00000000
 -0.00000000   0.00000000     0.00000000   0.00000000    -0.00442214   0.00000000
    2    6
 -0.00495618  -0.00059402    -0.00214520   0.00131246    -0.00338965   0.00312313
 -0.00027895  -0.00433948     0.00053034  -0.00416498     0.00015959   0.00120712
 -0.03066315   0.00244082    -0.00443567  -0.00156123    -0.00127224  -0.00499788
    2    7
 -0.00495618  -0.00059402    -0.00214520   0.00131246     0.00338965  -0.00312313
 -0.00027895  -0.00433948     0.00053034  -0.00416498    -0.00015959  -0.00120712
  0.03066315  -0.00244082     0.00443567   0.00156123    -0.00127224  -0.00499788
    3    1
 -0.01610208   0.00372921    -0.01506533   0.00402396    -0.00000000   0.00000000
 -0.00579552   0.00492675    -0.00549489   0.00468041    -0.00000000   0.00000000
  0.00000000   0.00000000     0.00000000   0.00000000     0.00330746  -0.00741982
    3    2
 -0.00783226  -0.00892184     0.00367469  -0.01706662     0.00000000   0.00000000
  0.00367469  -0.01706662    -0.06294520  -0.04891409     0.00000000   0.00000000
  0.00000000   0.00000000    -0.00000000   0.00000000    -0.02851977  -0.00417504
    3    3
  0.03545193  -0.00000000     0.00482712   0.01333744    -0.00000000   0.00000000
  0.00482712  -0.01333744     0.08546141  -0.00000000     0.00000000   0.00000000
 -0.00000000   0.00000000    -0.00000000   0.00000000     0.03211707   0.00000000
    3    4
  0.00319216   0.01464196     0.02389317  -0.00000000    -0.00000000   0.00000000
  0.08343633  -0.00000000     0.00319216  -0.01464196     0.00000000   0.00000000
  0.00000000   0.00000000     0.00000000   0.00000000    -0.00442214  -0.00000000
    3    5
  0.00215980  -0.01656940    -0.01216263  -0.00563578     0.00000000   0.00000000
 -0.06319714  -0.04884605     0.00215980  -0.01656940    -0.00000000  -0.00000000
 -0.00000000   0.00000000     0.00000000   0.00000000     0.00375243  -0.00262624
    3    6
 -0.00495618   0.00059402    -0.00214520  -0.00131246     0.00338965   0.00312313
 -0.00027895   0.00433948     0.00053034   0.00416498    -0.00015959   0.00120712
  0.03066315   0.00244082     0.00443567  -0.00156123    -0.00127224   0.00499788
    3    7
 -0.00495618   0.00059402    -0.00214520  -0.00131246    -0.00338965  -0.00312313
 -0.00027895   0.00433948     0.00053034   0.00416498     0.00015959  -0.00120712
 -0.03066315  -0.00244082    -0.00443567   0.00156123    -0.00127224   0.00499788
    4    1
 -0.00549489   0.00468041    -0.00579552   0.00492675    -0.00000000   0.00000000
 -0.01506533   0.00402396    -0.01610208   0.00372921    -0.00000000   0.00000000
  0.00000000   0.00000000     0.00000000   0.00000000     0.00330746  -0.00741982
    4    2
  0.00215980  -0.01656940    -0.06319714  -0.04884605     0.00000000   0.00000000
 -0.01216263  -0.00563578     0.00215980  -0.01656940    -0.00000000   0.00000000
 -0.00000000   0.00000000     0.00000000   0.00000000     0.00375243  -0.00262624
    4    3
  0.00319216  -0.01464196     0.08343633  -0.00000000     0.00000000   0.00000000
  0.02389317  -0.00000000     0.00319216   0.01464196     0.00000000   0.00000000
  0.00000000   0.00000000     0.00000000   0.00000000    -0.00442214  -0.00000000
    4    4
  0.08546141  -0.00000000     0.00482712  -0.01333744    -0.00000000   0.00000000
  0.00482712   0.01333744     0.03545193  -0.00000000    -0.00000000   0.00000000
 -0.00000000   0.00000000    -0.00000000   0.00000000     0.03211707   0.00000000
    4    5
 -0.06294520  -0.04891409     0.00367469  -0.01706662     0.00000000   0.00000000
  0.00367469  -0.01706662    -0.00783226  -0.00892184     0.00000000   0.00000000
  0.00000000   0.00000000     0.00000000   0.00000000    -0.02851977  -0.00417504
    4    6
  0.00053034   0.00416498    -0.00027895   0.00433948     0.00015959  -0.00120712
 -0.00214520  -0.00131246    -0.00495618   0.00059402    -0.00338965  -0.00312313
 -0.00443567   0.00156123    -0.03066315  -0.00244082    -0.00127224   0.00499788
    4    7
  0.00053034   0.00416498    -0.00027895   0.00433948    -0.00015959   0.00120712
 -0.00214520  -0.00131246    -0.00495618   0.00059402     0.00338965   0.00312313
  0.00443567  -0.00156123     0.03066315   0.00244082    -0.00127224   0.00499788
    5    1
 -0.00057592  -0.00719502    -0.00061431  -0.00758179     0.00000000  -0.00000000
 -0.00780743  -0.01349816    -0.00874894  -0.01402284     0.00000000  -0.00000000
  0.00000000  -0.00000000     0.00000000  -0.00000000    -0.00290788   0.00758533
    5    2
  0.00319216   0.01464196     0.08343633   0.00000000     0.00000000   0.00000000
  0.02389317  -0.00000000     0.00319216  -0.01464196     0.00000000   0.00000000
  0.00000000   0.00000000     0.00000000   0.00000000    -0.00442214   0.00000000
    5    3
  0.00215980   0.01656940    -0.06319714   0.04884605    -0.00000000  -0.00000000
 -0.01216263   0.00563578     0.00215980   0.01656940     0.00000000  -0.00000000
  0.00000000  -0.00000000     0.00000000   0.00000000     0.00375243   0.00262624
    5    4
 -0.06294520   0.04891409     0.00367469   0.01706662    -0.00000000  -0.00000000
  0.00367469   0.01706662    -0.00783226   0.00892184    -0.00000000  -0.00000000
 -0.00000000   0.00000000    -0.00000000  -0.00000000    -0.02851977   0.00417504
    5    5
  0.08546141  -0.00000000     0.00482712   0.01333744     0.00000000   0.00000000
  0.00482712  -0.01333744     0.03545193   0.00000000    -0.00000000   0.00000000
 -0.00000000  -0.00000000    -0.00000000  -0.00000000     0.03211707  -0.00000000
    5    6
  0.00053034  -0.00416498    -0.00027895  -0.00433948    -0.00015959  -0.00120712
 -0.00214520   0.00131246    -0.00495618  -0.00059402     0.00338965  -0.00312313
  0.00443567   0.00156123     0.03066315  -0.00244082    -0.00127224  -0.00499788
    5    7
  0.00053034  -0.00416498    -0.00027895  -0.00433948     0.00015959   0.00120712
 -0.00214520   0.00131246    -0.00495618  -0.00059402    -0.00338965   0.00312313
 -0.00443567  -0.00156123    -0.03066315   0.00244082    -0.00127224  -0.00499788
    6    1
  0.00365569   0.00151424     0.00344790   0.00142817     0.00284645  -0.00687194
  0.00344790   0.00142817     0.00365569   0.00151424    -0.00284645   0.00687194
 -0.00000398   0.00000962     0.00000398  -0.00000962    -0.00327786  -0.00135774
    6    2
 -0.00495618   0.00059402    -0.00027895   0.00433948    -0.03066315  -0.00244082
 -0.00214520  -0.00131246     0.00053034   0.00416498    -0.00443567   0.00156123
 -0.00338965  -0.00312313     0.00015959  -0.00120712    -0.00127224   0.00499788
    6    3
 -0.00495618  -0.00059402    -0.00027895  -0.00433948     0.03066315  -0.00244082
 -0.00214520   0.00131246     0.00053034  -0.00416498     0.00443567   0.00156123
  0.00338965  -0.00312313    -0.00015959  -0.00120712    -0.00127224  -0.00499788
    6    4
  0.00053034  -0.00416498    -0.00214520   0.00131246    -0.00443567  -0.00156123
 -0.00027895  -0.00433948    -0.00495618  -0.00059402    -0.03066315   0.00244082
  0.00015959   0.00120712    -0.00338965   0.00312313    -0.00127224  -0.00499788
    6    5
  0.00053034   0.00416498    -0.00214520  -0.00131246     0.00443567  -0.00156123
 -0.00027895   0.00433948    -0.00495618   0.00059402     0.03066315   0.00244082
 -0.00015959   0.00120712     0.00338965   0.00312313    -0.00127224   0.00499788
    6    6
  0.03638315  -0.00000000     0.00680909  -0.00000000    -0.00000000   0.00312820
  0.00680909   0.00000000     0.03638315   0.00000000    -0.00000000  -0.00312820
 -0.00000000  -0.00312820     0.00000000   0.00312820     0.01223987  -0.00000000
    6    7
 -0.02869873  -0.00000000    -0.00361290  -0.00000000    -0.00000000   0.00736769
 -0.00361290  -0.00000000    -0.02869873   0.00000000     0.00000000  -0.00736769
 -0.00000000   0.00736769    -0.00000000  -0.00736769    -0.00285238   0.00000000
    7    1
  0.00365569   0.00151424     0.00344790   0.00142817    -0.00284645   0.00687194
  0.00344790   0.00142817     0.00365569   0.00151424     0.00284645  -0.00687194
  0.00000398  -0.00000962    -0.00000398   0.00000962    -0.00327786  -0.00135774
    7    2
 -0.00495618   0.00059402    -0.00027895   0.00433948     0.03066315   0.00244082
 -0.00214520  -0.00131246     0.00053034   0.00416498     0.00443567  -0.00156123
  0.00338965   0.00312313    -0.00015959   0.00120712    -0.00127224   0.00499788
    7    3
 -0.00495618  -0.00059402    -0.00027895  -0.00433948    -0.03066315   0.00244082
 -0.00214520   0.00131246     0.00053034  -0.00416498    -0.00443567  -0.00156123
 -0.00338965   0.00312313     0.00015959   0.00120712    -0.00127224  -0.00499788
    7    4
  0.00053034  -0.00416498    -0.00214520   0.00131246     0.00443567   0.00156123
 -0.00027895  -0.00433948    -0.00495618  -0.00059402     0.03066315  -0.00244082
 -0.00015959  -0.00120712     0.00338965  -0.00312313    -0.00127224  -0.00499788
    7    5
  0.00053034   0.00416498    -0.00214520  -0.00131246    -0.00443567   0.00156123
 -0.00027895   0.00433948    -0.00495618   0.00059402    -0.03066315  -0.00244082
  0.00015959  -0.00120712    -0.00338965  -0.00312313    -0.00127224   0.00499788
    7    6
 -0.02869873   0.00000000    -0.00361290   0.00000000    -0.00000000  -0.00736769
 -0.00361290  -0.00000000    -0.02869873  -0.00000000     0.00000000   0.00736769
 -0.00000000  -0.00736769    -0.00000000   0.00736769    -0.00285238   0.00000000
    7    7
  0.03638315   0.00000000     0.00680909   0.00000000    -0.00000000  -0.00312820
  0.00680909  -0.00000000     0.03638315   0.00000000    -0.00000000   0.00312820
 -0.00000000   0.00312820     0.00000000  -0.00312820     0.01223987   0.00000000

     Dynamical  Matrix in cartesian axes

     q = (   -0.108253200  -0.108253200   0.000000000 ) 

    1    1
  0.04936582  -0.00000000     0.04082723  -0.00000000    -0.00000000   0.00000000
  0.04082723  -0.00000000     0.04936582  -0.00000000    -0.00000000   0.00000000
 -0.00000000   0.00000000    -0.00000000   0.00000000     0.00937829   0.00000000
    1    2
 -0.00874894  -0.01402284    -0.00061431  -0.00758179     0.00000000  -0.00000000
 -0.00780743  -0.01349816    -0.00057592  -0.00719502    -0.00000000  -0.00000000
  0.00000000  -0.00000000     0.00000000   0.00000000    -0.00290788   0.00758533
    1    3
 -0.01610208   0.00372921    -0.00579552   0.00492675    -0.00000000   0.00000000
 -0.01506533   0.00402396    -0.00549489   0.00468041    -0.00000000   0.00000000
 -0.00000000   0.00000000    -0.00000000   0.00000000     0.00330746  -0.00741982
    1    4
 -0.00549489   0.00468041    -0.01506533   0.00402396     0.00000000   0.00000000
 -0.00579552   0.00492675    -0.01610208   0.00372921     0.00000000   0.00000000
 -0.00000000   0.00000000    -0.00000000   0.00000000     0.00330746  -0.00741982
    1    5
 -0.00057592  -0.00719502    -0.00780743  -0.01349816     0.00000000  -0.00000000
 -0.00061431  -0.00758179    -0.00874894  -0.01402284     0.00000000  -0.00000000
  0.00000000  -0.00000000     0.00000000  -0.00000000    -0.00290788   0.00758533
    1    6
  0.00365569   0.00151424     0.00344790   0.00142817    -0.00000398   0.00000962
  0.00344790   0.00142817     0.00365569   0.00151424     0.00000398  -0.00000962
  0.00284645  -0.00687194    -0.00284645   0.00687194    -0.00327786  -0.00135774
    1    7
  0.00365569   0.00151424     0.00344790   0.00142817     0.00000398  -0.00000962
  0.00344790   0.00142817     0.00365569   0.00151424    -0.00000398   0.00000962
 -0.00284645   0.00687194     0.00284645  -0.00687194    -0.00327786  -0.00135774
    2    1
 -0.00874894   0.01402284    -0.00780743   0.01349816     0.00000000   0.00000000
 -0.00061431   0.00758179    -0.00057592   0.00719502     0.00000000   0.00000000
  0.00000000   0.00000000     0.00000000   0.00000000    -0.00290788  -0.00758533
    2    2
  0.03545193  -0.00000000     0.00482712   0.01333744    -0.00000000   0.00000000
  0.00482712  -0.01333744     0.08546141  -0.00000000    -0.00000000   0.00000000
  0.00000000   0.00000000    -0.00000000   0.00000000     0.03211707   0.00000000
    2    3
 -0.00783226  -0.00892184     0.00367469  -0.01706662    -0.00000000   0.00000000
  0.00367469  -0.01706662    -0.06294520  -0.04891409     0.00000000   0.00000000
  0.00000000   0.00000000    -0.00000000   0.00000000    -0.02851977  -0.00417504
    2    4
  0.00215980  -0.01656940    -0.01216263  -0.00563578    -0.00000000   0.00000000
 -0.06319714  -0.04884605     0.00215980  -0.01656940     0.00000000   0.00000000
  0.00000000   0.00000000    -0.00000000   0.00000000     0.00375243  -0.00262624
    2    5
  0.00319216   0.01464196     0.02389317  -0.00000000     0.00000000   0.00000000
  0.08343633  -0.00000000     0.00319216  -0.01464196    -0.00000000   0.00000000
 -0.00000000  -0.00000000     0.00000000  -0.00000000    -0.00442214  -0.00000000
    2    6
 -0.00495618   0.00059402    -0.00214520  -0.00131246    -0.00338965  -0.00312313
 -0.00027895   0.00433948     0.00053034   0.00416498     0.00015959  -0.00120712
 -0.03066315  -0.00244082    -0.00443567   0.00156123    -0.00127224   0.00499788
    2    7
 -0.00495618   0.00059402    -0.00214520  -0.00131246     0.00338965   0.00312313
 -0.00027895   0.00433948     0.00053034   0.00416498    -0.00015959   0.00120712
  0.03066315   0.00244082     0.00443567  -0.00156123    -0.00127224   0.00499788
    3    1
 -0.01610208  -0.00372921    -0.01506533  -0.00402396    -0.00000000  -0.00000000
 -0.00579552  -0.00492675    -0.00549489  -0.00468041    -0.00000000  -0.00000000
  0.00000000  -0.00000000    -0.00000000  -0.00000000     0.00330746   0.00741982
    3    2
 -0.00783226   0.00892184     0.00367469   0.01706662     0.00000000   0.00000000
  0.00367469   0.01706662    -0.06294520   0.04891409     0.00000000   0.00000000
  0.00000000  -0.00000000    -0.00000000  -0.00000000    -0.02851977   0.00417504
    3    3
  0.03545193  -0.00000000     0.00482712  -0.01333744    -0.00000000   0.00000000
  0.00482712   0.01333744     0.08546141  -0.00000000     0.00000000   0.00000000
 -0.00000000   0.00000000    -0.00000000   0.00000000     0.03211707  -0.00000000
    3    4
  0.00319216  -0.01464196     0.02389317   0.00000000    -0.00000000   0.00000000
  0.08343633   0.00000000     0.00319216   0.01464196     0.00000000   0.00000000
  0.00000000   0.00000000     0.00000000   0.00000000    -0.00442214   0.00000000
    3    5
  0.00215980   0.01656940    -0.01216263   0.00563578     0.00000000  -0.00000000
 -0.06319714   0.04884605     0.00215980   0.01656940    -0.00000000  -0.00000000
 -0.00000000  -0.00000000     0.00000000  -0.00000000     0.00375243   0.00262624
    3    6
 -0.00495618  -0.00059402    -0.00214520   0.00131246     0.00338965  -0.00312313
 -0.00027895  -0.00433948     0.00053034  -0.00416498    -0.00015959  -0.00120712
  0.03066315  -0.00244082     0.00443567   0.00156123    -0.00127224  -0.00499788
    3    7
 -0.00495618  -0.00059402    -0.00214520   0.00131246    -0.00338965   0.00312313
 -0.00027895  -0.00433948     0.00053034  -0.00416498     0.00015959   0.00120712
 -0.03066315   0.00244082    -0.00443567  -0.00156123    -0.00127224  -0.00499788
    4    1
 -0.00549489  -0.00468041    -0.00579552  -0.00492675    -0.00000000  -0.00000000
 -0.01506533  -0.00402396    -0.01610208  -0.00372921    -0.00000000  -0.00000000
  0.00000000  -0.00000000    -0.00000000  -0.00000000     0.00330746   0.00741982
    4    2
  0.00215980   0.01656940    -0.06319714   0.04884605     0.00000000  -0.00000000
 -0.01216263   0.00563578     0.00215980   0.01656940    -0.00000000  -0.00000000
 -0.00000000  -0.00000000     0.00000000   0.00000000     0.00375243   0.00262624
    4    3
  0.00319216   0.01464196     0.08343633   0.00000000     0.00000000   0.00000000
  0.02389317  -0.00000000     0.00319216  -0.01464196     0.00000000   0.00000000
  0.00000000   0.00000000     0.00000000   0.00000000    -0.00442214   0.00000000
    4    4
  0.08546141  -0.00000000     0.00482712   0.01333744    -0.00000000   0.00000000
  0.00482712  -0.01333744     0.03545193   0.00000000    -0.00000000   0.00000000
 -0.00000000   0.00000000    -0.00000000   0.00000000     0.03211707  -0.00000000
    4    5
 -0.06294520   0.04891409     0.00367469   0.01706662    -0.00000000   0.00000000
  0.00367469   0.01706662    -0.00783226   0.00892184    -0.00000000   0.00000000
 -0.00000000  -0.00000000    -0.00000000  -0.00000000    -0.02851977   0.00417504
    4    6
  0.00053034  -0.00416498    -0.00027895  -0.00433948     0.00015959   0.00120712
 -0.00214520   0.00131246    -0.00495618  -0.00059402    -0.00338965   0.00312313
 -0.00443567  -0.00156123    -0.03066315   0.00244082    -0.00127224  -0.00499788
    4    7
  0.00053034  -0.00416498    -0.00027895  -0.00433948    -0.00015959  -0.00120712
 -0.00214520   0.00131246    -0.00495618  -0.00059402     0.00338965  -0.00312313
  0.00443567   0.00156123     0.03066315  -0.00244082    -0.00127224  -0.00499788
    5    1
 -0.00057592   0.00719502    -0.00061431   0.00758179     0.00000000   0.00000000
 -0.00780743   0.01349816    -0.00874894   0.01402284     0.00000000   0.00000000
  0.00000000   0.00000000     0.00000000   0.00000000    -0.00290788  -0.00758533
    5    2
  0.00319216  -0.01464196     0.08343633  -0.00000000     0.00000000   0.00000000
  0.02389317  -0.00000000     0.00319216   0.01464196     0.00000000   0.00000000
  0.00000000   0.00000000     0.00000000   0.00000000    -0.00442214  -0.00000000
    5    3
  0.00215980  -0.01656940    -0.06319714  -0.04884605    -0.00000000   0.00000000
 -0.01216263  -0.00563578     0.00215980  -0.01656940     0.00000000   0.00000000
  0.00000000   0.00000000     0.00000000   0.00000000     0.00375243  -0.00262624
    5    4
 -0.06294520  -0.04891409     0.00367469  -0.01706662    -0.00000000   0.00000000
  0.00367469  -0.01706662    -0.00783226  -0.00892184    -0.00000000   0.00000000
 -0.00000000   0.00000000    -0.00000000   0.00000000    -0.02851977  -0.00417504
    5    5
  0.08546141  -0.00000000     0.00482712  -0.01333744     0.00000000   0.00000000
  0.00482712   0.01333744     0.03545193  -0.00000000    -0.00000000   0.00000000
 -0.00000000   0.00000000    -0.00000000   0.00000000     0.03211707   0.00000000
    5    6
  0.00053034   0.00416498    -0.00027895   0.00433948    -0.00015959   0.00120712
 -0.00214520  -0.00131246    -0.00495618   0.00059402     0.00338965   0.00312313
  0.00443567  -0.00156123     0.03066315   0.00244082    -0.00127224   0.00499788
    5    7
  0.00053034   0.00416498    -0.00027895   0.00433948     0.00015959  -0.00120712
 -0.00214520  -0.00131246    -0.00495618   0.00059402    -0.00338965  -0.00312313
 -0.00443567   0.00156123    -0.03066315  -0.00244082    -0.00127224   0.00499788
    6    1
  0.00365569  -0.00151424     0.00344790  -0.00142817     0.00284645   0.00687194
  0.00344790  -0.00142817     0.00365569  -0.00151424    -0.00284645  -0.00687194
 -0.00000398  -0.00000962     0.00000398   0.00000962    -0.00327786   0.00135774
    6    2
 -0.00495618  -0.00059402    -0.00027895  -0.00433948    -0.03066315   0.00244082
 -0.00214520   0.00131246     0.00053034  -0.00416498    -0.00443567  -0.00156123
 -0.00338965   0.00312313     0.00015959   0.00120712    -0.00127224  -0.00499788
    6    3
 -0.00495618   0.00059402    -0.00027895   0.00433948     0.03066315   0.00244082
 -0.00214520  -0.00131246     0.00053034   0.00416498     0.00443567  -0.00156123
  0.00338965   0.00312313    -0.00015959   0.00120712    -0.00127224   0.00499788
    6    4
  0.00053034   0.00416498    -0.00214520  -0.00131246    -0.00443567   0.00156123
 -0.00027895   0.00433948    -0.00495618   0.00059402    -0.03066315  -0.00244082
  0.00015959  -0.00120712    -0.00338965  -0.00312313    -0.00127224   0.00499788
    6    5
  0.00053034  -0.00416498    -0.00214520   0.00131246     0.00443567   0.00156123
 -0.00027895  -0.00433948    -0.00495618  -0.00059402     0.03066315  -0.00244082
 -0.00015959  -0.00120712     0.00338965  -0.00312313    -0.00127224  -0.00499788
    6    6
  0.03638315   0.00000000     0.00680909   0.00000000    -0.00000000  -0.00312820
  0.00680909  -0.00000000     0.03638315   0.00000000    -0.00000000   0.00312820
 -0.00000000   0.00312820     0.00000000  -0.00312820     0.01223987   0.00000000
    6    7
 -0.02869873   0.00000000    -0.00361290   0.00000000    -0.00000000  -0.00736769
 -0.00361290  -0.00000000    -0.02869873  -0.00000000     0.00000000   0.00736769
 -0.00000000  -0.00736769    -0.00000000   0.00736769    -0.00285238   0.00000000
    7    1
  0.00365569  -0.00151424     0.00344790  -0.00142817    -0.00284645  -0.00687194
  0.00344790  -0.00142817     0.00365569  -0.00151424     0.00284645   0.00687194
  0.00000398   0.00000962    -0.00000398  -0.00000962    -0.00327786   0.00135774
    7    2
 -0.00495618  -0.00059402    -0.00027895  -0.00433948     0.03066315  -0.00244082
 -0.00214520   0.00131246     0.00053034  -0.00416498     0.00443567   0.00156123
  0.00338965  -0.00312313    -0.00015959  -0.00120712    -0.00127224  -0.00499788
    7    3
 -0.00495618   0.00059402    -0.00027895   0.00433948    -0.03066315  -0.00244082
 -0.00214520  -0.00131246     0.00053034   0.00416498    -0.00443567   0.00156123
 -0.00338965  -0.00312313     0.00015959  -0.00120712    -0.00127224   0.00499788
    7    4
  0.00053034   0.00416498    -0.00214520  -0.00131246     0.00443567  -0.00156123
 -0.00027895   0.00433948    -0.00495618   0.00059402     0.03066315   0.00244082
 -0.00015959   0.00120712     0.00338965   0.00312313    -0.00127224   0.00499788
    7    5
  0.00053034  -0.00416498    -0.00214520   0.00131246    -0.00443567  -0.00156123
 -0.00027895  -0.00433948    -0.00495618  -0.00059402    -0.03066315   0.00244082
  0.00015959   0.00120712    -0.00338965   0.00312313    -0.00127224  -0.00499788
    7    6
 -0.02869873  -0.00000000    -0.00361290  -0.00000000    -0.00000000   0.00736769
 -0.00361290   0.00000000    -0.02869873   0.00000000     0.00000000  -0.00736769
 -0.00000000   0.00736769    -0.00000000  -0.00736769    -0.00285238   0.00000000
    7    7
  0.03638315  -0.00000000     0.00680909  -0.00000000    -0.00000000   0.00312820
  0.00680909   0.00000000     0.03638315   0.00000000    -0.00000000  -0.00312820
 -0.00000000  -0.00312820     0.00000000   0.00312820     0.01223987  -0.00000000

     Dynamical  Matrix in cartesian axes

     q = (    0.108253200  -0.108253200   0.000000000 ) 

    1    1
  0.04936582  -0.00000000    -0.04082723  -0.00000000     0.00000000  -0.00000000
 -0.04082723  -0.00000000     0.04936582  -0.00000000    -0.00000000  -0.00000000
  0.00000000  -0.00000000     0.00000000  -0.00000000     0.00937829  -0.00000000
    1    2
 -0.00874894   0.01402284     0.00061431  -0.00758179     0.00000000   0.00000000
  0.00780743  -0.01349816    -0.00057592   0.00719502     0.00000000   0.00000000
  0.00000000   0.00000000    -0.00000000   0.00000000    -0.00290788  -0.00758533
    1    3
 -0.00874894  -0.01402284     0.00061431   0.00758179     0.00000000  -0.00000000
  0.00780743   0.01349816    -0.00057592  -0.00719502     0.00000000  -0.00000000
  0.00000000   0.00000000     0.00000000   0.00000000    -0.00290788   0.00758533
    1    4
 -0.00057592   0.00719502     0.00780743  -0.01349816     0.00000000   0.00000000
  0.00061431  -0.00758179    -0.00874894   0.01402284     0.00000000   0.00000000
  0.00000000   0.00000000     0.00000000   0.00000000    -0.00290788  -0.00758533
    1    5
 -0.00057592  -0.00719502     0.00780743   0.01349816     0.00000000   0.00000000
  0.00061431   0.00758179    -0.00874894  -0.01402284     0.00000000  -0.00000000
  0.00000000   0.00000000     0.00000000   0.00000000    -0.00290788   0.00758533
    1    6
  0.00365569   0.00151424    -0.00344790  -0.00142817     0.00000398  -0.00000962
 -0.00344790  -0.00142817     0.00365569   0.00151424     0.00000398  -0.00000962
 -0.00284645   0.00687194    -0.00284645   0.00687194    -0.00327786  -0.00135774
    1    7
  0.00365569  -0.00151424    -0.00344790   0.00142817     0.00000398   0.00000962
 -0.00344790   0.00142817     0.00365569  -0.00151424     0.00000398   0.00000962
 -0.00284645  -0.00687194    -0.00284645  -0.00687194    -0.00327786   0.00135774
    2    1
 -0.00874894  -0.01402284     0.00780743   0.01349816     0.00000000   0.00000000
  0.00061431   0.00758179    -0.00057592  -0.00719502     0.00000000  -0.00000000
  0.00000000  -0.00000000     0.00000000  -0.00000000    -0.00290788   0.00758533
    2    2
  0.03545193   0.00000000    -0.00482712   0.01333744    -0.00000000  -0.00000000
 -0.00482712  -0.01333744     0.08546141  -0.00000000    -0.00000000  -0.00000000
 -0.00000000   0.00000000    -0.00000000   0.00000000     0.03211707  -0.00000000
    2    3
 -0.01184694   0.00077045     0.00946953  -0.01466631     0.00000000   0.00000000
  0.00946953  -0.01466631    -0.07909646  -0.00992150    -0.00000000   0.00000000
  0.00000000   0.00000000    -0.00000000   0.00000000    -0.02311872  -0.01721432
    2    4
  0.00319216  -0.01464196    -0.02389317  -0.00000000    -0.00000000   0.00000000
 -0.08343633  -0.00000000     0.00319216   0.01464196     0.00000000   0.00000000
  0.00000000   0.00000000    -0.00000000   0.00000000    -0.00442214  -0.00000000
    2    5
 -0.01018913   0.01324354     0.01258538   0.00461518     0.00000000  -0.00000000
  0.07922650   0.01014777    -0.01018913   0.01324354     0.00000000  -0.00000000
 -0.00000000  -0.00000000    -0.00000000  -0.00000000     0.00079634   0.00451040
    2    6
 -0.00308451  -0.00392458     0.00244494   0.00058884    -0.00460524  -0.00018846
 -0.00287123   0.00326573     0.00332009  -0.00257008     0.00074072  -0.00096641
 -0.02340804  -0.01995620     0.00203253   0.00424045     0.00263443  -0.00443364
    2    7
 -0.00495618  -0.00059402     0.00214520  -0.00131246     0.00338965  -0.00312313
  0.00027895   0.00433948     0.00053034  -0.00416498     0.00015959   0.00120712
  0.03066315  -0.00244082    -0.00443567  -0.00156123    -0.00127224  -0.00499788
    3    1
 -0.00874894   0.01402284     0.00780743  -0.01349816     0.00000000   0.00000000
  0.00061431  -0.00758179    -0.00057592   0.00719502     0.00000000   0.00000000
  0.00000000   0.00000000     0.00000000   0.00000000    -0.00290788  -0.00758533
    3    2
 -0.01184694  -0.00077045     0.00946953   0.01466631     0.00000000  -0.00000000
  0.00946953   0.01466631    -0.07909646   0.00992150     0.00000000  -0.00000000
  0.00000000   0.00000000     0.00000000   0.00000000    -0.02311872   0.01721432
    3    3
  0.03545193  -0.00000000    -0.00482712  -0.01333744    -0.00000000   0.00000000
 -0.00482712   0.01333744     0.08546141  -0.00000000    -0.00000000   0.00000000
 -0.00000000   0.00000000    -0.00000000   0.00000000     0.03211707   0.00000000
    3    4
 -0.01018913  -0.01324354     0.01258538  -0.00461518    -0.00000000   0.00000000
  0.07922650  -0.01014777    -0.01018913  -0.01324354    -0.00000000   0.00000000
 -0.00000000   0.00000000    -0.00000000   0.00000000     0.00079634  -0.00451040
    3    5
  0.00319216   0.01464196    -0.02389317  -0.00000000    -0.00000000  -0.00000000
 -0.08343633  -0.00000000     0.00319216  -0.01464196    -0.00000000  -0.00000000
  0.00000000   0.00000000    -0.00000000   0.00000000    -0.00442214  -0.00000000
    3    6
 -0.00495618   0.00059402     0.00214520   0.00131246     0.00338965   0.00312313
  0.00027895  -0.00433948     0.00053034   0.00416498     0.00015959  -0.00120712
  0.03066315   0.00244082    -0.00443567   0.00156123    -0.00127224   0.00499788
    3    7
 -0.00308451   0.00392458     0.00244494  -0.00058884    -0.00460524   0.00018846
 -0.00287123  -0.00326573     0.00332009   0.00257008     0.00074072   0.00096641
 -0.02340804   0.01995620     0.00203253  -0.00424045     0.00263443   0.00443364
    4    1
 -0.00057592  -0.00719502     0.00061431   0.00758179     0.00000000  -0.00000000
  0.00780743   0.01349816    -0.00874894  -0.01402284     0.00000000  -0.00000000
  0.00000000   0.00000000     0.00000000  -0.00000000    -0.00290788   0.00758533
    4    2
  0.00319216   0.01464196    -0.08343633   0.00000000    -0.00000000   0.00000000
 -0.02389317   0.00000000     0.00319216  -0.01464196     0.00000000   0.00000000
  0.00000000  -0.00000000     0.00000000  -0.00000000    -0.00442214   0.00000000
    4    3
 -0.01018913   0.01324354     0.07922650   0.01014777    -0.00000000  -0.00000000
  0.01258538   0.00461518    -0.01018913   0.01324354    -0.00000000  -0.00000000
 -0.00000000  -0.00000000    -0.00000000  -0.00000000     0.00079634   0.00451040
    4    4
  0.08546141  -0.00000000    -0.00482712  -0.01333744    -0.00000000  -0.00000000
 -0.00482712   0.01333744     0.03545193  -0.00000000    -0.00000000  -0.00000000
 -0.00000000   0.00000000    -0.00000000   0.00000000     0.03211707  -0.00000000
    4    5
 -0.07909646  -0.00992150     0.00946953  -0.01466631     0.00000000   0.00000000
  0.00946953  -0.01466631    -0.01184694   0.00077045     0.00000000   0.00000000
  0.00000000   0.00000000     0.00000000  -0.00000000    -0.02311872  -0.01721432
    4    6
  0.00332009  -0.00257008    -0.00287123   0.00326573     0.00074072  -0.00096641
  0.00244494   0.00058884    -0.00308451  -0.00392458    -0.00460524  -0.00018846
  0.00203253   0.00424045    -0.02340804  -0.01995620     0.00263443  -0.00443364
    4    7
  0.00053034  -0.00416498     0.00027895   0.00433948     0.00015959   0.00120712
  0.00214520  -0.00131246    -0.00495618  -0.00059402     0.00338965  -0.00312313
 -0.00443567  -0.00156123     0.03066315  -0.00244082    -0.00127224  -0.00499788
    5    1
 -0.00057592   0.00719502     0.00061431  -0.00758179     0.00000000   0.00000000
  0.00780743  -0.01349816    -0.00874894   0.01402284     0.00000000   0.00000000
 -0.00000000   0.00000000     0.00000000   0.00000000    -0.00290788  -0.00758533
    5    2
 -0.01018913  -0.01324354     0.07922650  -0.01014777     0.00000000   0.00000000
  0.01258538  -0.00461518    -0.01018913  -0.01324354     0.00000000   0.00000000
 -0.00000000   0.00000000    -0.00000000   0.00000000     0.00079634  -0.00451040
    5    3
  0.00319216  -0.01464196    -0.08343633   0.00000000    -0.00000000   0.00000000
 -0.02389317   0.00000000     0.00319216   0.01464196    -0.00000000   0.00000000
 -0.00000000   0.00000000    -0.00000000   0.00000000    -0.00442214  -0.00000000
    5    4
 -0.07909646   0.00992150     0.00946953   0.01466631     0.00000000  -0.00000000
  0.00946953   0.01466631    -0.01184694  -0.00077045     0.00000000  -0.00000000
 -0.00000000   0.00000000     0.00000000  -0.00000000    -0.02311872   0.01721432
    5    5
  0.08546141  -0.00000000    -0.00482712   0.01333744    -0.00000000   0.00000000
 -0.00482712  -0.01333744     0.03545193   0.00000000    -0.00000000   0.00000000
 -0.00000000   0.00000000    -0.00000000   0.00000000     0.03211707   0.00000000
    5    6
  0.00053034   0.00416498     0.00027895  -0.00433948     0.00015959  -0.00120712
  0.00214520   0.00131246    -0.00495618   0.00059402     0.00338965   0.00312313
 -0.00443567   0.00156123     0.03066315   0.00244082    -0.00127224   0.00499788
    5    7
  0.00332009   0.00257008    -0.00287123  -0.00326573     0.00074072   0.00096641
  0.00244494  -0.00058884    -0.00308451   0.00392458    -0.00460524   0.00018846
  0.00203253  -0.00424045    -0.02340804   0.01995620     0.00263443   0.00443364
    6    1
  0.00365569  -0.00151424    -0.00344790   0.00142817    -0.00284645  -0.00687194
 -0.00344790   0.00142817     0.00365569  -0.00151424    -0.00284645  -0.00687194
  0.00000398   0.00000962     0.00000398   0.00000962    -0.00327786   0.00135774
    6    2
 -0.00308451   0.00392458    -0.00287123  -0.00326573    -0.02340804   0.01995620
  0.00244494  -0.00058884     0.00332009   0.00257008     0.00203253  -0.00424045
 -0.00460524   0.00018846     0.00074072   0.00096641     0.00263443   0.00443364
    6    3
 -0.00495618  -0.00059402     0.00027895   0.00433948     0.03066315  -0.00244082
  0.00214520  -0.00131246     0.00053034  -0.00416498    -0.00443567  -0.00156123
  0.00338965  -0.00312313     0.00015959   0.00120712    -0.00127224  -0.00499788
    6    4
  0.00332009   0.00257008     0.00244494  -0.00058884     0.00203253  -0.00424045
 -0.00287123  -0.00326573    -0.00308451   0.00392458    -0.02340804   0.01995620
  0.00074072   0.00096641    -0.00460524   0.00018846     0.00263443   0.00443364
    6    5
  0.00053034  -0.00416498     0.00214520  -0.00131246    -0.00443567  -0.00156123
  0.00027895   0.00433948    -0.00495618  -0.00059402     0.03066315  -0.00244082
  0.00015959   0.00120712     0.00338965  -0.00312313    -0.00127224  -0.00499788
    6    6
  0.03638315   0.00000000    -0.00680909  -0.00000000     0.00000000   0.00312820
 -0.00680909  -0.00000000     0.03638315   0.00000000     0.00000000   0.00312820
  0.00000000  -0.00312820     0.00000000  -0.00312820     0.01223987   0.00000000
    6    7
 -0.02029306   0.02029307     0.00255471  -0.00255471     0.00520975   0.00520974
  0.00255471  -0.00255471    -0.02029306   0.02029307     0.00520975   0.00520974
  0.00520975   0.00520974     0.00520975   0.00520974    -0.00201694   0.00201694
    7    1
  0.00365569   0.00151424    -0.00344790  -0.00142817    -0.00284645   0.00687194
 -0.00344790  -0.00142817     0.00365569   0.00151424    -0.00284645   0.00687194
  0.00000398  -0.00000962     0.00000398  -0.00000962    -0.00327786  -0.00135774
    7    2
 -0.00495618   0.00059402     0.00027895  -0.00433948     0.03066315   0.00244082
  0.00214520   0.00131246     0.00053034   0.00416498    -0.00443567   0.00156123
  0.00338965   0.00312313     0.00015959  -0.00120712    -0.00127224   0.00499788
    7    3
 -0.00308451  -0.00392458    -0.00287123   0.00326573    -0.02340804  -0.01995620
  0.00244494   0.00058884     0.00332009  -0.00257008     0.00203253   0.00424045
 -0.00460524  -0.00018846     0.00074072  -0.00096641     0.00263443  -0.00443364
    7    4
  0.00053034   0.00416498     0.00214520   0.00131246    -0.00443567   0.00156123
  0.00027895  -0.00433948    -0.00495618   0.00059402     0.03066315   0.00244082
  0.00015959  -0.00120712     0.00338965   0.00312313    -0.00127224   0.00499788
    7    5
  0.00332009  -0.00257008     0.00244494   0.00058884     0.00203253   0.00424045
 -0.00287123   0.00326573    -0.00308451  -0.00392458    -0.02340804  -0.01995620
  0.00074072  -0.00096641    -0.00460524  -0.00018846     0.00263443  -0.00443364
    7    6
 -0.02029306  -0.02029307     0.00255471   0.00255471     0.00520975  -0.00520974
  0.00255471   0.00255471    -0.02029306  -0.02029307     0.00520975  -0.00520974
  0.00520975  -0.00520974     0.00520975  -0.00520974    -0.00201694  -0.00201694
    7    7
  0.03638315   0.00000000    -0.00680909  -0.00000000     0.00000000  -0.00312820
 -0.00680909  -0.00000000     0.03638315   0.00000000     0.00000000  -0.00312820
  0.00000000   0.00312820     0.00000000   0.00312820     0.01223987   0.00000000

     Dynamical  Matrix in cartesian axes

     q = (   -0.108253200   0.108253200   0.000000000 ) 

    1    1
  0.04936582  -0.00000000    -0.04082723  -0.00000000     0.00000000  -0.00000000
 -0.04082723  -0.00000000     0.04936582  -0.00000000    -0.00000000  -0.00000000
  0.00000000  -0.00000000     0.00000000  -0.00000000     0.00937829  -0.00000000
    1    2
 -0.00874894  -0.01402284     0.00061431   0.00758179     0.00000000   0.00000000
  0.00780743   0.01349816    -0.00057592  -0.00719502     0.00000000  -0.00000000
  0.00000000   0.00000000    -0.00000000   0.00000000    -0.00290788   0.00758533
    1    3
 -0.00874894   0.01402284     0.00061431  -0.00758179     0.00000000   0.00000000
  0.00780743  -0.01349816    -0.00057592   0.00719502     0.00000000   0.00000000
  0.00000000   0.00000000    -0.00000000   0.00000000    -0.00290788  -0.00758533
    1    4
 -0.00057592  -0.00719502     0.00780743   0.01349816     0.00000000   0.00000000
  0.00061431   0.00758179    -0.00874894  -0.01402284     0.00000000  -0.00000000
  0.00000000   0.00000000     0.00000000   0.00000000    -0.00290788   0.00758533
    1    5
 -0.00057592   0.00719502     0.00780743  -0.01349816     0.00000000   0.00000000
  0.00061431  -0.00758179    -0.00874894   0.01402284     0.00000000   0.00000000
  0.00000000   0.00000000     0.00000000   0.00000000    -0.00290788  -0.00758533
    1    6
  0.00365569  -0.00151424    -0.00344790   0.00142817     0.00000398   0.00000962
 -0.00344790   0.00142817     0.00365569  -0.00151424     0.00000398   0.00000962
 -0.00284645  -0.00687194    -0.00284645  -0.00687194    -0.00327786   0.00135774
    1    7
  0.00365569   0.00151424    -0.00344790  -0.00142817     0.00000398  -0.00000962
 -0.00344790  -0.00142817     0.00365569   0.00151424     0.00000398  -0.00000962
