  3.000000000000000E-002   1.26007061404212        2.36059544634539     
           8

     Dynamical  Matrix in cartesian axes

     q = (    0.216506400   0.216506400   0.216506400 ) 

    1    1
  0.04277404   0.00000000     0.00011347  -0.00000000     0.00011347   0.00000000
  0.00011347   0.00000000     0.04277404  -0.00000000     0.00011347  -0.00000000
  0.00011347  -0.00000000     0.00011347   0.00000000     0.04277404   0.00000000
    1    2
 -0.00043739   0.00105596     0.00236927  -0.00445861     0.00147738  -0.00482804
  0.00357566   0.00879372    -0.00075723   0.00387729    -0.00480484  -0.00428984
 -0.00874647   0.00368973     0.00643091   0.00036415    -0.00220621   0.00327711
    1    3
 -0.00043739   0.00105596     0.00147738  -0.00482804     0.00236927  -0.00445861
 -0.00874647   0.00368973    -0.00220621   0.00327711     0.00643091   0.00036415
  0.00357566   0.00879372    -0.00480484  -0.00428984    -0.00075723   0.00387729
    1    4
 -0.00220621   0.00327711    -0.00874647   0.00368973     0.00643091   0.00036415
  0.00147738  -0.00482804    -0.00043739   0.00105596     0.00236927  -0.00445861
 -0.00480484  -0.00428984     0.00357566   0.00879372    -0.00075723   0.00387729
    1    5
 -0.00075723   0.00387729     0.00357566   0.00879372    -0.00480484  -0.00428984
  0.00236927  -0.00445861    -0.00043739   0.00105596     0.00147738  -0.00482804
  0.00643091   0.00036415    -0.00874647   0.00368973    -0.00220621   0.00327711
    1    6
 -0.00075723   0.00387729    -0.00480484  -0.00428984     0.00357566   0.00879372
  0.00643091   0.00036415    -0.00220621   0.00327711    -0.00874647   0.00368973
  0.00236927  -0.00445861     0.00147738  -0.00482804    -0.00043739   0.00105596
    1    7
 -0.00220621   0.00327711     0.00643091   0.00036415    -0.00874647   0.00368973
 -0.00480484  -0.00428984    -0.00075723   0.00387729     0.00357566   0.00879372
  0.00147738  -0.00482804     0.00236927  -0.00445861    -0.00043739   0.00105596
    2    1
 -0.00043739  -0.00105596     0.00357566  -0.00879372    -0.00874647  -0.00368973
  0.00236927   0.00445861    -0.00075723  -0.00387729     0.00643091  -0.00036415
  0.00147738   0.00482804    -0.00480484   0.00428984    -0.00220621  -0.00327711
    2    2
  0.04367207  -0.00000000     0.00501730   0.00015630     0.00501730  -0.00015630
  0.00501730  -0.00015630     0.03500897  -0.00000000     0.01069138  -0.00030608
  0.00501730   0.00015630     0.01069138   0.00030608     0.03500897   0.00000000
    2    3
  0.02657666   0.00000000     0.00606144   0.00016251     0.00606144  -0.00016251
  0.00606144   0.00016251    -0.01896072   0.00899938    -0.01097189  -0.00000000
  0.00606144  -0.00016251    -0.01097189   0.00000000    -0.01896072  -0.00899938
    2    4
 -0.00892156   0.00970418    -0.01706944   0.00803241     0.00092713   0.00512203
 -0.02325871   0.01533372    -0.00892156   0.00970418    -0.01287719   0.00604623
 -0.01287719   0.00604623     0.00092713   0.00512203     0.01062751   0.01500027
    2    5
 -0.01229440  -0.00930692    -0.00928481  -0.00000000     0.00325066  -0.00577953
  0.02247628  -0.00000000    -0.01229440   0.00930692     0.00780107  -0.00538310
  0.00780107   0.00538310     0.00325066   0.00577953    -0.00701426  -0.00000000
    2    6
 -0.00892156  -0.00970418     0.00092713  -0.00512203    -0.01706944  -0.00803241
 -0.01287719  -0.00604623     0.01062751  -0.01500027     0.00092713  -0.00512203
 -0.02325871  -0.01533372    -0.01287719  -0.00604623    -0.00892156  -0.00970418
    2    7
 -0.01229440   0.00930692     0.00325066   0.00577953    -0.00928481   0.00000000
  0.00780107  -0.00538310    -0.00701426  -0.00000000     0.00325066  -0.00577953
  0.02247628   0.00000000     0.00780107   0.00538310    -0.01229440  -0.00930692
    3    1
 -0.00043739  -0.00105596    -0.00874647  -0.00368973     0.00357566  -0.00879372
  0.00147738   0.00482804    -0.00220621  -0.00327711    -0.00480484   0.00428984
  0.00236927   0.00445861     0.00643091  -0.00036415    -0.00075723  -0.00387729
    3    2
  0.02657666  -0.00000000     0.00606144  -0.00016251     0.00606144   0.00016251
  0.00606144  -0.00016251    -0.01896072  -0.00899938    -0.01097189   0.00000000
  0.00606144   0.00016251    -0.01097189  -0.00000000    -0.01896072   0.00899938
    3    3
  0.04367207   0.00000000     0.00501730  -0.00015630     0.00501730   0.00015630
  0.00501730   0.00015630     0.03500897   0.00000000     0.01069138   0.00030608
  0.00501730  -0.00015630     0.01069138  -0.00030608     0.03500897  -0.00000000
    3    4
 -0.01229440   0.00930692    -0.00928481   0.00000000     0.00325066   0.00577953
  0.02247628  -0.00000000    -0.01229440  -0.00930692     0.00780107   0.00538310
  0.00780107  -0.00538310     0.00325066  -0.00577953    -0.00701426   0.00000000
    3    5
 -0.00892156  -0.00970418    -0.01706944  -0.00803241     0.00092713  -0.00512203
 -0.02325871  -0.01533372    -0.00892156  -0.00970418    -0.01287719  -0.00604623
 -0.01287719  -0.00604623     0.00092713  -0.00512203     0.01062751  -0.01500027
    3    6
 -0.01229440  -0.00930692     0.00325066  -0.00577953    -0.00928481  -0.00000000
  0.00780107   0.00538310    -0.00701426   0.00000000     0.00325066   0.00577953
  0.02247628  -0.00000000     0.00780107  -0.00538310    -0.01229440   0.00930692
    3    7
 -0.00892156   0.00970418     0.00092713   0.00512203    -0.01706944   0.00803241
 -0.01287719   0.00604623     0.01062751   0.01500027     0.00092713   0.00512203
 -0.02325871   0.01533372    -0.01287719   0.00604623    -0.00892156   0.00970418
    4    1
 -0.00220621  -0.00327711     0.00147738   0.00482804    -0.00480484   0.00428984
 -0.00874647  -0.00368973    -0.00043739  -0.00105596     0.00357566  -0.00879372
  0.00643091  -0.00036415     0.00236927   0.00445861    -0.00075723  -0.00387729
    4    2
 -0.00892156  -0.00970418    -0.02325871  -0.01533372    -0.01287719  -0.00604623
 -0.01706944  -0.00803241    -0.00892156  -0.00970418     0.00092713  -0.00512203
  0.00092713  -0.00512203    -0.01287719  -0.00604623     0.01062751  -0.01500027
    4    3
 -0.01229440  -0.00930692     0.02247628   0.00000000     0.00780107   0.00538310
 -0.00928481  -0.00000000    -0.01229440   0.00930692     0.00325066   0.00577953
  0.00325066  -0.00577953     0.00780107  -0.00538310    -0.00701426  -0.00000000
    4    4
  0.03500897   0.00000000     0.00501730   0.00015630     0.01069138   0.00030608
  0.00501730  -0.00015630     0.04367207   0.00000000     0.00501730   0.00015630
  0.01069138  -0.00030608     0.00501730  -0.00015630     0.03500897  -0.00000000
    4    5
 -0.01896072  -0.00899938     0.00606144  -0.00016251    -0.01097189  -0.00000000
  0.00606144  -0.00016251     0.02657666  -0.00000000     0.00606144   0.00016251
 -0.01097189   0.00000000     0.00606144   0.00016251    -0.01896072   0.00899938
    4    6
  0.01062751   0.01500027    -0.01287719   0.00604623     0.00092713   0.00512203
  0.00092713   0.00512203    -0.00892156   0.00970418    -0.01706944   0.00803241
 -0.01287719   0.00604623    -0.02325871   0.01533372    -0.00892156   0.00970418
    4    7
 -0.00701426  -0.00000000     0.00780107   0.00538310     0.00325066   0.00577953
  0.00325066  -0.00577953    -0.01229440  -0.00930692    -0.00928481  -0.00000000
  0.00780107  -0.00538310     0.02247628  -0.00000000    -0.01229440   0.00930692
    5    1
 -0.00075723  -0.00387729     0.00236927   0.00445861     0.00643091  -0.00036415
  0.00357566  -0.00879372    -0.00043739  -0.00105596    -0.00874647  -0.00368973
 -0.00480484   0.00428984     0.00147738   0.00482804    -0.00220621  -0.00327711
    5    2
 -0.01229440   0.00930692     0.02247628  -0.00000000     0.00780107  -0.00538310
 -0.00928481  -0.00000000    -0.01229440  -0.00930692     0.00325066  -0.00577953
  0.00325066   0.00577953     0.00780107   0.00538310    -0.00701426  -0.00000000
    5    3
 -0.00892156   0.00970418    -0.02325871   0.01533372    -0.01287719   0.00604623
 -0.01706944   0.00803241    -0.00892156   0.00970418     0.00092713   0.00512203
  0.00092713   0.00512203    -0.01287719   0.00604623     0.01062751   0.01500027
    5    4
 -0.01896072   0.00899938     0.00606144   0.00016251    -0.01097189   0.00000000
  0.00606144   0.00016251     0.02657666   0.00000000     0.00606144  -0.00016251
 -0.01097189   0.00000000     0.00606144  -0.00016251    -0.01896072  -0.00899938
    5    5
  0.03500897  -0.00000000     0.00501730  -0.00015630     0.01069138  -0.00030608
  0.00501730   0.00015630     0.04367207   0.00000000     0.00501730  -0.00015630
  0.01069138   0.00030608     0.00501730   0.00015630     0.03500897   0.00000000
    5    6
 -0.00701426  -0.00000000     0.00780107  -0.00538310     0.00325066  -0.00577953
  0.00325066   0.00577953    -0.01229440   0.00930692    -0.00928481   0.00000000
  0.00780107   0.00538310     0.02247628   0.00000000    -0.01229440  -0.00930692
    5    7
  0.01062751  -0.01500027    -0.01287719  -0.00604623     0.00092713  -0.00512203
  0.00092713  -0.00512203    -0.00892156  -0.00970418    -0.01706944  -0.00803241
 -0.01287719  -0.00604623    -0.02325871  -0.01533372    -0.00892156  -0.00970418
    6    1
 -0.00075723  -0.00387729     0.00643091  -0.00036415     0.00236927   0.00445861
 -0.00480484   0.00428984    -0.00220621  -0.00327711     0.00147738   0.00482804
  0.00357566  -0.00879372    -0.00874647  -0.00368973    -0.00043739  -0.00105596
    6    2
 -0.00892156   0.00970418    -0.01287719   0.00604623    -0.02325871   0.01533372
  0.00092713   0.00512203     0.01062751   0.01500027    -0.01287719   0.00604623
 -0.01706944   0.00803241     0.00092713   0.00512203    -0.00892156   0.00970418
    6    3
 -0.01229440   0.00930692     0.00780107  -0.00538310     0.02247628   0.00000000
  0.00325066   0.00577953    -0.00701426  -0.00000000     0.00780107   0.00538310
 -0.00928481   0.00000000     0.00325066  -0.00577953    -0.01229440  -0.00930692
    6    4
  0.01062751  -0.01500027     0.00092713  -0.00512203    -0.01287719  -0.00604623
 -0.01287719  -0.00604623    -0.00892156  -0.00970418    -0.02325871  -0.01533372
  0.00092713  -0.00512203    -0.01706944  -0.00803241    -0.00892156  -0.00970418
    6    5
 -0.00701426   0.00000000     0.00325066  -0.00577953     0.00780107  -0.00538310
  0.00780107   0.00538310    -0.01229440  -0.00930692     0.02247628  -0.00000000
  0.00325066   0.00577953    -0.00928481   0.00000000    -0.01229440   0.00930692
    6    6
  0.03500897  -0.00000000     0.01069138  -0.00030608     0.00501730  -0.00015630
  0.01069138   0.00030608     0.03500897   0.00000000     0.00501730   0.00015630
  0.00501730   0.00015630     0.00501730  -0.00015630     0.04367207  -0.00000000
    6    7
 -0.01896072   0.00899938    -0.01097189   0.00000000     0.00606144   0.00016251
 -0.01097189   0.00000000    -0.01896072  -0.00899938     0.00606144  -0.00016251
  0.00606144   0.00016251     0.00606144  -0.00016251     0.02657666  -0.00000000
    7    1
 -0.00220621  -0.00327711    -0.00480484   0.00428984     0.00147738   0.00482804
  0.00643091  -0.00036415    -0.00075723  -0.00387729     0.00236927   0.00445861
 -0.00874647  -0.00368973     0.00357566  -0.00879372    -0.00043739  -0.00105596
    7    2
 -0.01229440  -0.00930692     0.00780107   0.00538310     0.02247628  -0.00000000
  0.00325066  -0.00577953    -0.00701426   0.00000000     0.00780107  -0.00538310
 -0.00928481   0.00000000     0.00325066   0.00577953    -0.01229440   0.00930692
    7    3
 -0.00892156  -0.00970418    -0.01287719  -0.00604623    -0.02325871  -0.01533372
  0.00092713  -0.00512203     0.01062751  -0.01500027    -0.01287719  -0.00604623
 -0.01706944  -0.00803241     0.00092713  -0.00512203    -0.00892156  -0.00970418
    7    4
 -0.00701426   0.00000000     0.00325066   0.00577953     0.00780107   0.00538310
  0.00780107  -0.00538310    -0.01229440   0.00930692     0.02247628   0.00000000
  0.00325066  -0.00577953    -0.00928481   0.00000000    -0.01229440  -0.00930692
    7    5
  0.01062751   0.01500027     0.00092713   0.00512203    -0.01287719   0.00604623
 -0.01287719   0.00604623    -0.00892156   0.00970418    -0.02325871   0.01533372
  0.00092713   0.00512203    -0.01706944   0.00803241    -0.00892156   0.00970418
    7    6
 -0.01896072  -0.00899938    -0.01097189  -0.00000000     0.00606144  -0.00016251
 -0.01097189   0.00000000    -0.01896072   0.00899938     0.00606144   0.00016251
  0.00606144  -0.00016251     0.00606144   0.00016251     0.02657666   0.00000000
    7    7
  0.03500897   0.00000000     0.01069138   0.00030608     0.00501730   0.00015630
  0.01069138  -0.00030608     0.03500897  -0.00000000     0.00501730  -0.00015630
  0.00501730  -0.00015630     0.00501730   0.00015630     0.04367207   0.00000000

     Dynamical  Matrix in cartesian axes

     q = (    0.216506400  -0.216506400   0.216506400 ) 

    1    1
  0.04277404   0.00000000    -0.00011347  -0.00000000     0.00011347  -0.00000000
 -0.00011347   0.00000000     0.04277404   0.00000000    -0.00011347  -0.00000000
  0.00011347   0.00000000    -0.00011347   0.00000000     0.04277404   0.00000000
    1    2
 -0.00043739   0.00105596    -0.00236927   0.00445861     0.00147738  -0.00482804
 -0.00357566  -0.00879372    -0.00075723   0.00387729     0.00480484   0.00428984
 -0.00874647   0.00368973    -0.00643091  -0.00036415    -0.00220621   0.00327711
    1    3
 -0.00105596  -0.00043739    -0.00482804  -0.00147738     0.00445861   0.00236927
  0.00368973   0.00874647    -0.00327710  -0.00220621     0.00036416  -0.00643091
 -0.00879372   0.00357566    -0.00428984   0.00480484    -0.00387729  -0.00075723
    1    4
 -0.00327710   0.00220621     0.00368973  -0.00874647    -0.00036416  -0.00643091
 -0.00482804   0.00147738    -0.00105596   0.00043739    -0.00445861   0.00236927
  0.00428984   0.00480484     0.00879372   0.00357566    -0.00387729   0.00075723
    1    5
 -0.00387729   0.00075723     0.00879372   0.00357566     0.00428984   0.00480484
 -0.00445861   0.00236927    -0.00105596   0.00043739    -0.00482804   0.00147738
 -0.00036416  -0.00643091     0.00368973  -0.00874647    -0.00327710   0.00220621
    1    6
 -0.00387729  -0.00075723    -0.00428984   0.00480484    -0.00879372   0.00357566
  0.00036416  -0.00643091    -0.00327710  -0.00220621     0.00368973   0.00874647
  0.00445861   0.00236927    -0.00482804  -0.00147738    -0.00105596  -0.00043739
    1    7
 -0.00220621   0.00327711    -0.00643091  -0.00036415    -0.00874647   0.00368973
  0.00480484   0.00428984    -0.00075723   0.00387729    -0.00357566  -0.00879372
  0.00147738  -0.00482804    -0.00236927   0.00445861    -0.00043739   0.00105596
    2    1
 -0.00043739  -0.00105596    -0.00357566   0.00879372    -0.00874647  -0.00368973
 -0.00236927  -0.00445861    -0.00075723  -0.00387729    -0.00643091   0.00036415
  0.00147738   0.00482804     0.00480484  -0.00428984    -0.00220621  -0.00327711
    2    2
  0.04367207   0.00000000    -0.00501730  -0.00015630     0.00501730  -0.00015630
 -0.00501730   0.00015630     0.03500897  -0.00000000    -0.01069138   0.00030608
  0.00501730   0.00015630    -0.01069138  -0.00030608     0.03500897   0.00000000
    2    3
 -0.00000001   0.02657666     0.00016251  -0.00606144     0.00016251   0.00606144
  0.00016251  -0.00606144    -0.00899937  -0.01896073    -0.00000000   0.01097189
  0.00016251   0.00606144    -0.00000000   0.01097189     0.00899939  -0.01896072
    2    4
 -0.00211246  -0.01527444     0.00656535   0.00656535     0.00638531  -0.00178817
 -0.01589313  -0.01589313    -0.01527444  -0.00211247    -0.00932261  -0.00170977
  0.00170976   0.00932261     0.00178818  -0.00638531    -0.00495983  -0.00495983
    2    5
 -0.01317038   0.00055339     0.01774969   0.00639015    -0.00296624   0.00427741
  0.02728896   0.00560382    -0.01317038   0.00055339     0.01338087   0.00483022
 -0.01338087  -0.00483022     0.00296624  -0.00427741    -0.00309201   0.01812158
    2    6
  0.00970418  -0.00892155    -0.00512203  -0.00092713     0.00803242  -0.01706944
 -0.00604623   0.01287718     0.01500027   0.01062752    -0.00512203  -0.00092713
  0.01533373  -0.02325870    -0.00604623   0.01287718     0.00970418  -0.00892155
    2    7
 -0.01229440   0.00930692    -0.00325066  -0.00577953    -0.00928481  -0.00000000
 -0.00780107   0.00538310    -0.00701426  -0.00000000    -0.00325066   0.00577953
  0.02247628   0.00000000    -0.00780107  -0.00538310    -0.01229440  -0.00930692
    3    1
 -0.00105596   0.00043739     0.00368973  -0.00874647    -0.00879372  -0.00357566
 -0.00482804   0.00147738    -0.00327710   0.00220621    -0.00428984  -0.00480484
  0.00445861  -0.00236927     0.00036416   0.00643091    -0.00387729   0.00075723
    3    2
 -0.00000001  -0.02657666     0.00016251   0.00606144     0.00016251  -0.00606144
  0.00016251   0.00606144    -0.00899937   0.01896073    -0.00000000  -0.01097189
  0.00016251  -0.00606144    -0.00000000  -0.01097189     0.00899939   0.01896072
    3    3
  0.04367207   0.00000000    -0.00501730   0.00015630     0.00501730   0.00015630
 -0.00501730  -0.00015630     0.03500897   0.00000000    -0.01069138  -0.00030608
  0.00501730  -0.00015630    -0.01069138   0.00030608     0.03500897  -0.00000000
    3    4
 -0.01317038  -0.00055339     0.01774969  -0.00639015    -0.00296624  -0.00427741
  0.02728896  -0.00560382    -0.01317038  -0.00055339     0.01338087  -0.00483022
 -0.01338087   0.00483022     0.00296624   0.00427741    -0.00309201  -0.01812158
    3    5
 -0.00211246   0.01527444     0.00656535  -0.00656535     0.00638531   0.00178817
 -0.01589313   0.01589313    -0.01527444   0.00211247    -0.00932261   0.00170977
  0.00170976  -0.00932261     0.00178818   0.00638531    -0.00495983   0.00495983
    3    6
 -0.01229440  -0.00930692    -0.00325066   0.00577953    -0.00928481   0.00000000
 -0.00780107  -0.00538310    -0.00701426   0.00000000    -0.00325066  -0.00577953
  0.02247628  -0.00000000    -0.00780107   0.00538310    -0.01229440   0.00930692
    3    7
  0.00970418   0.00892155    -0.00512203   0.00092713     0.00803242   0.01706944
 -0.00604623  -0.01287718     0.01500027  -0.01062752    -0.00512203   0.00092713
  0.01533373   0.02325870    -0.00604623  -0.01287718     0.00970418   0.00892155
    4    1
 -0.00327710  -0.00220621    -0.00482804  -0.00147738     0.00428984  -0.00480484
  0.00368973   0.00874647    -0.00105596  -0.00043739     0.00879372  -0.00357566
 -0.00036416   0.00643091    -0.00445861  -0.00236927    -0.00387729  -0.00075723
    4    2
 -0.00211246   0.01527444    -0.01589313   0.01589313     0.00170976  -0.00932261
  0.00656535  -0.00656535    -0.01527444   0.00211247     0.00178818   0.00638531
  0.00638531   0.00178817    -0.00932261   0.00170977    -0.00495983   0.00495983
    4    3
 -0.01317038   0.00055339     0.02728896   0.00560382    -0.01338087  -0.00483022
  0.01774969   0.00639015    -0.01317038   0.00055339     0.00296624  -0.00427741
 -0.00296624   0.00427741     0.01338087   0.00483022    -0.00309201   0.01812158
    4    4
  0.03500897  -0.00000000    -0.00501730   0.00015630     0.01069138  -0.00030608
 -0.00501730  -0.00015630     0.04367207  -0.00000000    -0.00501730   0.00015630
  0.01069138   0.00030608    -0.00501730  -0.00015630     0.03500897   0.00000000
    4    5
 -0.01896072   0.00899938    -0.00606144  -0.00016251    -0.01097189  -0.00000000
 -0.00606144  -0.00016251     0.02657666   0.00000000    -0.00606144   0.00016251
 -0.01097189  -0.00000000    -0.00606144   0.00016251    -0.01896072  -0.00899938
    4    6
 -0.00495983  -0.00495983    -0.00932261  -0.00170977     0.00638531  -0.00178817
  0.00178818  -0.00638531    -0.01527444  -0.00211247     0.00656535   0.00656535
  0.00170976   0.00932261    -0.01589313  -0.01589313    -0.00211246  -0.01527444
    4    7
 -0.00309201  -0.01812158     0.01338087  -0.00483022    -0.00296624  -0.00427741
  0.00296624   0.00427741    -0.01317038  -0.00055339     0.01774969  -0.00639015
 -0.01338087   0.00483022     0.02728896  -0.00560382    -0.01317038  -0.00055339
    5    1
 -0.00387729  -0.00075723    -0.00445861  -0.00236927    -0.00036416   0.00643091
  0.00879372  -0.00357566    -0.00105596  -0.00043739     0.00368973   0.00874647
  0.00428984  -0.00480484    -0.00482804  -0.00147738    -0.00327710  -0.00220621
    5    2
 -0.01317038  -0.00055339     0.02728896  -0.00560382    -0.01338087   0.00483022
  0.01774969  -0.00639015    -0.01317038  -0.00055339     0.00296624   0.00427741
 -0.00296624  -0.00427741     0.01338087  -0.00483022    -0.00309201  -0.01812158
    5    3
 -0.00211246  -0.01527444    -0.01589313  -0.01589313     0.00170976   0.00932261
  0.00656535   0.00656535    -0.01527444  -0.00211247     0.00178818  -0.00638531
  0.00638531  -0.00178817    -0.00932261  -0.00170977    -0.00495983  -0.00495983
    5    4
 -0.01896072  -0.00899938    -0.00606144   0.00016251    -0.01097189   0.00000000
 -0.00606144   0.00016251     0.02657666  -0.00000000    -0.00606144  -0.00016251
 -0.01097189   0.00000000    -0.00606144  -0.00016251    -0.01896072   0.00899938
    5    5
  0.03500897   0.00000000    -0.00501730  -0.00015630     0.01069138   0.00030608
 -0.00501730   0.00015630     0.04367207   0.00000000    -0.00501730  -0.00015630
  0.01069138  -0.00030608    -0.00501730   0.00015630     0.03500897  -0.00000000
    5    6
 -0.00309201   0.01812158     0.01338087   0.00483022    -0.00296624   0.00427741
  0.00296624  -0.00427741    -0.01317038   0.00055339     0.01774969   0.00639015
 -0.01338087  -0.00483022     0.02728896   0.00560382    -0.01317038   0.00055339
    5    7
 -0.00495983   0.00495983    -0.00932261   0.00170977     0.00638531   0.00178817
  0.00178818   0.00638531    -0.01527444   0.00211247     0.00656535  -0.00656535
  0.00170976  -0.00932261    -0.01589313   0.01589313    -0.00211246   0.01527444
    6    1
 -0.00387729   0.00075723     0.00036416   0.00643091     0.00445861  -0.00236927
 -0.00428984  -0.00480484    -0.00327710   0.00220621    -0.00482804   0.00147738
 -0.00879372  -0.00357566     0.00368973  -0.00874647    -0.00105596   0.00043739
    6    2
  0.00970418   0.00892155    -0.00604623  -0.01287718     0.01533373   0.02325870
 -0.00512203   0.00092713     0.01500027  -0.01062752    -0.00604623  -0.01287718
  0.00803242   0.01706944    -0.00512203   0.00092713     0.00970418   0.00892155
    6    3
 -0.01229440   0.00930692    -0.00780107   0.00538310     0.02247628   0.00000000
 -0.00325066  -0.00577953    -0.00701426  -0.00000000    -0.00780107  -0.00538310
 -0.00928481  -0.00000000    -0.00325066   0.00577953    -0.01229440  -0.00930692
    6    4
 -0.00495983   0.00495983     0.00178818   0.00638531     0.00170976  -0.00932261
 -0.00932261   0.00170977    -0.01527444   0.00211247    -0.01589313   0.01589313
  0.00638531   0.00178817     0.00656535  -0.00656535    -0.00211246   0.01527444
    6    5
 -0.00309201  -0.01812158     0.00296624   0.00427741    -0.01338087   0.00483022
  0.01338087  -0.00483022    -0.01317038  -0.00055339     0.02728896  -0.00560382
 -0.00296624  -0.00427741     0.01774969  -0.00639015    -0.01317038  -0.00055339
    6    6
  0.03500897  -0.00000000    -0.01069138   0.00030608     0.00501730  -0.00015630
 -0.01069138  -0.00030608     0.03500897   0.00000000    -0.00501730  -0.00015630
  0.00501730   0.00015630    -0.00501730   0.00015630     0.04367207   0.00000000
    6    7
  0.00899939   0.01896072    -0.00000000  -0.01097189     0.00016251  -0.00606144
 -0.00000000  -0.01097189    -0.00899937   0.01896073     0.00016251   0.00606144
  0.00016251  -0.00606144     0.00016251   0.00606144    -0.00000001  -0.02657666
    7    1
 -0.00220621  -0.00327711     0.00480484  -0.00428984     0.00147738   0.00482804
 -0.00643091   0.00036415    -0.00075723  -0.00387729    -0.00236927  -0.00445861
 -0.00874647  -0.00368973    -0.00357566   0.00879372    -0.00043739  -0.00105596
    7    2
 -0.01229440  -0.00930692    -0.00780107  -0.00538310     0.02247628  -0.00000000
 -0.00325066   0.00577953    -0.00701426   0.00000000    -0.00780107   0.00538310
 -0.00928481   0.00000000    -0.00325066  -0.00577953    -0.01229440   0.00930692
    7    3
  0.00970418  -0.00892155    -0.00604623   0.01287718     0.01533373  -0.02325870
 -0.00512203  -0.00092713     0.01500027   0.01062752    -0.00604623   0.01287718
  0.00803242  -0.01706944    -0.00512203  -0.00092713     0.00970418  -0.00892155
    7    4
 -0.00309201   0.01812158     0.00296624  -0.00427741    -0.01338087  -0.00483022
  0.01338087   0.00483022    -0.01317038   0.00055339     0.02728896   0.00560382
 -0.00296624   0.00427741     0.01774969   0.00639015    -0.01317038   0.00055339
    7    5
 -0.00495983  -0.00495983     0.00178818  -0.00638531     0.00170976   0.00932261
 -0.00932261  -0.00170977    -0.01527444  -0.00211247    -0.01589313  -0.01589313
  0.00638531  -0.00178817     0.00656535   0.00656535    -0.00211246  -0.01527444
    7    6
  0.00899939  -0.01896072    -0.00000000   0.01097189     0.00016251   0.00606144
 -0.00000000   0.01097189    -0.00899937  -0.01896073     0.00016251  -0.00606144
  0.00016251   0.00606144     0.00016251  -0.00606144    -0.00000001   0.02657666
    7    7
  0.03500897   0.00000000    -0.01069138  -0.00030608     0.00501730   0.00015630
 -0.01069138   0.00030608     0.03500897  -0.00000000    -0.00501730   0.00015630
  0.00501730  -0.00015630    -0.00501730  -0.00015630     0.04367207   0.00000000

     Dynamical  Matrix in cartesian axes

     q = (   -0.216506400   0.216506400   0.216506400 ) 

    1    1
  0.04277404  -0.00000000    -0.00011347  -0.00000000    -0.00011347   0.00000000
 -0.00011347   0.00000000     0.04277404   0.00000000     0.00011347   0.00000000
 -0.00011347  -0.00000000     0.00011347  -0.00000000     0.04277404   0.00000000
    1    2
 -0.00105596   0.00043739    -0.00445861   0.00236927    -0.00482804   0.00147738
  0.00879372   0.00357566    -0.00387729   0.00075723     0.00428984   0.00480484
  0.00368973  -0.00874647    -0.00036416  -0.00643091    -0.00327710   0.00220621
    1    3
 -0.00105596   0.00043739    -0.00482804   0.00147738    -0.00445861   0.00236927
  0.00368973  -0.00874647    -0.00327710   0.00220621    -0.00036416  -0.00643091
  0.00879372   0.00357566     0.00428984   0.00480484    -0.00387729   0.00075723
    1    4
 -0.00327710  -0.00220621     0.00368973   0.00874647     0.00036416  -0.00643091
 -0.00482804  -0.00147738    -0.00105596  -0.00043739     0.00445861   0.00236927
 -0.00428984   0.00480484    -0.00879372   0.00357566    -0.00387729  -0.00075723
    1    5
 -0.00075723   0.00387729    -0.00357566  -0.00879372     0.00480484   0.00428984
 -0.00236927   0.00445861    -0.00043739   0.00105596     0.00147738  -0.00482804
 -0.00643091  -0.00036415    -0.00874647   0.00368973    -0.00220621   0.00327711
    1    6
 -0.00075723   0.00387729     0.00480484   0.00428984    -0.00357566  -0.00879372
 -0.00643091  -0.00036415    -0.00220621   0.00327711    -0.00874647   0.00368973
 -0.00236927   0.00445861     0.00147738  -0.00482804    -0.00043739   0.00105596
    1    7
 -0.00327710  -0.00220621     0.00036416  -0.00643091     0.00368973   0.00874647
 -0.00428984   0.00480484    -0.00387729  -0.00075723    -0.00879372   0.00357566
 -0.00482804  -0.00147738     0.00445861   0.00236927    -0.00105596  -0.00043739
    2    1
 -0.00105596  -0.00043739     0.00879372  -0.00357566     0.00368973   0.00874647
 -0.00445861  -0.00236927    -0.00387729  -0.00075723    -0.00036416   0.00643091
 -0.00482804  -0.00147738     0.00428984  -0.00480484    -0.00327710  -0.00220621
    2    2
  0.04367207   0.00000000    -0.00501730   0.00015630    -0.00501730  -0.00015630
 -0.00501730  -0.00015630     0.03500897   0.00000000     0.01069138   0.00030608
 -0.00501730   0.00015630     0.01069138  -0.00030608     0.03500897  -0.00000000
    2    3
  0.02657666  -0.00000000    -0.00606144   0.00016251    -0.00606144  -0.00016251
 -0.00606144   0.00016251    -0.01896072  -0.00899938    -0.01097189   0.00000000
 -0.00606144  -0.00016251    -0.01097189   0.00000000    -0.01896072   0.00899938
    2    4
 -0.01527444  -0.00211247     0.00656535   0.00656535     0.00178818  -0.00638531
 -0.01589313  -0.01589313    -0.00211246  -0.01527444     0.00170976   0.00932261
 -0.00932261  -0.00170977     0.00638531  -0.00178817    -0.00495983  -0.00495983
    2    5
 -0.01317038  -0.00055339     0.01774969  -0.00639015     0.00296624   0.00427741
  0.02728896  -0.00560382    -0.01317038  -0.00055339    -0.01338087   0.00483022
  0.01338087  -0.00483022    -0.00296624  -0.00427741    -0.00309201  -0.01812158
    2    6
 -0.01527444   0.00211247     0.00178818   0.00638531     0.00656535  -0.00656535
 -0.00932261   0.00170977    -0.00495983   0.00495983     0.00638531   0.00178817
 -0.01589313   0.01589313     0.00170976  -0.00932261    -0.00211246   0.01527444
    2    7
 -0.01317038   0.00055339     0.00296624  -0.00427741     0.01774969   0.00639015
  0.01338087   0.00483022    -0.00309201   0.01812158    -0.00296624   0.00427741
  0.02728896   0.00560382    -0.01338087  -0.00483022    -0.01317038   0.00055339
    3    1
 -0.00105596  -0.00043739     0.00368973   0.00874647     0.00879372  -0.00357566
 -0.00482804  -0.00147738    -0.00327710  -0.00220621     0.00428984  -0.00480484
 -0.00445861  -0.00236927    -0.00036416   0.00643091    -0.00387729  -0.00075723
    3    2
  0.02657666   0.00000000    -0.00606144  -0.00016251    -0.00606144   0.00016251
 -0.00606144  -0.00016251    -0.01896072   0.00899938    -0.01097189  -0.00000000
 -0.00606144   0.00016251    -0.01097189  -0.00000000    -0.01896072  -0.00899938
    3    3
  0.04367207  -0.00000000    -0.00501730  -0.00015630    -0.00501730   0.00015630
 -0.00501730   0.00015630     0.03500897  -0.00000000     0.01069138  -0.00030608
 -0.00501730  -0.00015630     0.01069138   0.00030608     0.03500897   0.00000000
    3    4
 -0.01317038   0.00055339     0.01774969   0.00639015     0.00296624  -0.00427741
  0.02728896   0.00560382    -0.01317038   0.00055339    -0.01338087  -0.00483022
  0.01338087   0.00483022    -0.00296624   0.00427741    -0.00309201   0.01812158
    3    5
 -0.01527444   0.00211247     0.00656535  -0.00656535     0.00178818   0.00638531
 -0.01589313   0.01589313    -0.00211246   0.01527444     0.00170976  -0.00932261
 -0.00932261   0.00170977     0.00638531   0.00178817    -0.00495983   0.00495983
    3    6
 -0.01317038  -0.00055339     0.00296624   0.00427741     0.01774969  -0.00639015
  0.01338087  -0.00483022    -0.00309201  -0.01812158    -0.00296624  -0.00427741
  0.02728896  -0.00560382    -0.01338087   0.00483022    -0.01317038  -0.00055339
    3    7
 -0.01527444  -0.00211247     0.00178818  -0.00638531     0.00656535   0.00656535
 -0.00932261  -0.00170977    -0.00495983  -0.00495983     0.00638531  -0.00178817
 -0.01589313  -0.01589313     0.00170976   0.00932261    -0.00211246  -0.01527444
    4    1
 -0.00327710   0.00220621    -0.00482804   0.00147738    -0.00428984  -0.00480484
  0.00368973  -0.00874647    -0.00105596   0.00043739    -0.00879372  -0.00357566
  0.00036416   0.00643091     0.00445861  -0.00236927    -0.00387729   0.00075723
    4    2
 -0.01527444   0.00211247    -0.01589313   0.01589313    -0.00932261   0.00170977
  0.00656535  -0.00656535    -0.00211246   0.01527444     0.00638531   0.00178817
  0.00178818   0.00638531     0.00170976  -0.00932261    -0.00495983   0.00495983
    4    3
 -0.01317038  -0.00055339     0.02728896  -0.00560382     0.01338087  -0.00483022
  0.01774969  -0.00639015    -0.01317038  -0.00055339    -0.00296624  -0.00427741
  0.00296624   0.00427741    -0.01338087   0.00483022    -0.00309201  -0.01812158
    4    4
  0.03500897   0.00000000    -0.00501730  -0.00015630    -0.01069138  -0.00030608
 -0.00501730   0.00015630     0.04367207   0.00000000     0.00501730   0.00015630
 -0.01069138   0.00030608     0.00501730  -0.00015630     0.03500897  -0.00000000
    4    5
 -0.00899937   0.01896073     0.00016251   0.00606144    -0.00000000  -0.01097189
  0.00016251   0.00606144    -0.00000001  -0.02657666     0.00016251  -0.00606144
 -0.00000000  -0.01097189     0.00016251  -0.00606144     0.00899939   0.01896072
    4    6
  0.01500027  -0.01062752    -0.00604623  -0.01287718    -0.00512203   0.00092713
 -0.00512203   0.00092713     0.00970418   0.00892155     0.00803242   0.01706944
 -0.00604623  -0.01287718     0.01533373   0.02325870     0.00970418   0.00892155
    4    7
 -0.00701426   0.00000000    -0.00780107  -0.00538310    -0.00325066  -0.00577953
 -0.00325066   0.00577953    -0.01229440  -0.00930692    -0.00928481  -0.00000000
 -0.00780107   0.00538310     0.02247628  -0.00000000    -0.01229440   0.00930692
    5    1
 -0.00075723  -0.00387729    -0.00236927  -0.00445861    -0.00643091   0.00036415
 -0.00357566   0.00879372    -0.00043739  -0.00105596    -0.00874647  -0.00368973
  0.00480484  -0.00428984     0.00147738   0.00482804    -0.00220621  -0.00327711
    5    2
 -0.01317038   0.00055339     0.02728896   0.00560382     0.01338087   0.00483022
  0.01774969   0.00639015    -0.01317038   0.00055339    -0.00296624   0.00427741
  0.00296624  -0.00427741    -0.01338087  -0.00483022    -0.00309201   0.01812158
    5    3
 -0.01527444  -0.00211247    -0.01589313  -0.01589313    -0.00932261  -0.00170977
  0.00656535   0.00656535    -0.00211246  -0.01527444     0.00638531  -0.00178817
  0.00178818  -0.00638531     0.00170976   0.00932261    -0.00495983  -0.00495983
    5    4
 -0.00899937  -0.01896073     0.00016251  -0.00606144    -0.00000000   0.01097189
  0.00016251  -0.00606144    -0.00000001   0.02657666     0.00016251   0.00606144
 -0.00000000   0.01097189     0.00016251   0.00606144     0.00899939  -0.01896072
    5    5
  0.03500897  -0.00000000    -0.00501730   0.00015630    -0.01069138   0.00030608
 -0.00501730  -0.00015630     0.04367207   0.00000000     0.00501730  -0.00015630
 -0.01069138  -0.00030608     0.00501730   0.00015630     0.03500897   0.00000000
    5    6
 -0.00701426  -0.00000000    -0.00780107   0.00538310    -0.00325066   0.00577953
 -0.00325066  -0.00577953    -0.01229440   0.00930692    -0.00928481  -0.00000000
 -0.00780107  -0.00538310     0.02247628   0.00000000    -0.01229440  -0.00930692
    5    7
  0.01500027   0.01062752    -0.00604623   0.01287718    -0.00512203  -0.00092713
 -0.00512203  -0.00092713     0.00970418  -0.00892155     0.00803242  -0.01706944
 -0.00604623   0.01287718     0.01533373  -0.02325870     0.00970418  -0.00892155
    6    1
 -0.00075723  -0.00387729    -0.00643091   0.00036415    -0.00236927  -0.00445861
  0.00480484  -0.00428984    -0.00220621  -0.00327711     0.00147738   0.00482804
 -0.00357566   0.00879372    -0.00874647  -0.00368973    -0.00043739  -0.00105596
    6    2
 -0.01527444  -0.00211247    -0.00932261  -0.00170977    -0.01589313  -0.01589313
  0.00178818  -0.00638531    -0.00495983  -0.00495983     0.00170976   0.00932261
  0.00656535   0.00656535     0.00638531  -0.00178817    -0.00211246  -0.01527444
    6    3
 -0.01317038   0.00055339     0.01338087   0.00483022     0.02728896   0.00560382
  0.00296624  -0.00427741    -0.00309201   0.01812158    -0.01338087  -0.00483022
  0.01774969   0.00639015    -0.00296624   0.00427741    -0.01317038   0.00055339
    6    4
  0.01500027   0.01062752    -0.00512203  -0.00092713    -0.00604623   0.01287718
 -0.00604623   0.01287718     0.00970418  -0.00892155     0.01533373  -0.02325870
 -0.00512203  -0.00092713     0.00803242  -0.01706944     0.00970418  -0.00892155
    6    5
 -0.00701426   0.00000000    -0.00325066   0.00577953    -0.00780107   0.00538310
 -0.00780107  -0.00538310    -0.01229440  -0.00930692     0.02247628  -0.00000000
 -0.00325066  -0.00577953    -0.00928481   0.00000000    -0.01229440   0.00930692
    6    6
  0.03500897  -0.00000000    -0.01069138   0.00030608    -0.00501730   0.00015630
 -0.01069138  -0.00030608     0.03500897   0.00000000     0.00501730   0.00015630
 -0.00501730  -0.00015630     0.00501730  -0.00015630     0.04367207   0.00000000
    6    7
 -0.00899937  -0.01896073    -0.00000000   0.01097189     0.00016251  -0.00606144
 -0.00000000   0.01097189     0.00899939  -0.01896072     0.00016251   0.00606144
  0.00016251  -0.00606144     0.00016251   0.00606144    -0.00000001   0.02657666
    7    1
 -0.00327710   0.00220621    -0.00428984  -0.00480484    -0.00482804   0.00147738
  0.00036416   0.00643091    -0.00387729   0.00075723     0.00445861  -0.00236927
  0.00368973  -0.00874647    -0.00879372  -0.00357566    -0.00105596   0.00043739
    7    2
 -0.01317038  -0.00055339     0.01338087  -0.00483022     0.02728896  -0.00560382
  0.00296624   0.00427741    -0.00309201  -0.01812158    -0.01338087   0.00483022
  0.01774969  -0.00639015    -0.00296624  -0.00427741    -0.01317038  -0.00055339
    7    3
 -0.01527444   0.00211247    -0.00932261   0.00170977    -0.01589313   0.01589313
  0.00178818   0.00638531    -0.00495983   0.00495983     0.00170976  -0.00932261
  0.00656535  -0.00656535     0.00638531   0.00178817    -0.00211246   0.01527444
    7    4
 -0.00701426  -0.00000000    -0.00325066  -0.00577953    -0.00780107  -0.00538310
 -0.00780107   0.00538310    -0.01229440   0.00930692     0.02247628   0.00000000
 -0.00325066   0.00577953    -0.00928481  -0.00000000    -0.01229440  -0.00930692
    7    5
  0.01500027  -0.01062752    -0.00512203   0.00092713    -0.00604623  -0.01287718
 -0.00604623  -0.01287718     0.00970418   0.00892155     0.01533373   0.02325870
 -0.00512203   0.00092713     0.00803242   0.01706944     0.00970418   0.00892155
    7    6
 -0.00899937   0.01896073    -0.00000000  -0.01097189     0.00016251   0.00606144
 -0.00000000  -0.01097189     0.00899939   0.01896072     0.00016251  -0.00606144
  0.00016251   0.00606144     0.00016251  -0.00606144    -0.00000001  -0.02657666
    7    7
  0.03500897   0.00000000    -0.01069138  -0.00030608    -0.00501730  -0.00015630
 -0.01069138   0.00030608     0.03500897  -0.00000000     0.00501730  -0.00015630
 -0.00501730   0.00015630     0.00501730   0.00015630     0.04367207   0.00000000

     Dynamical  Matrix in cartesian axes

     q = (   -0.216506400  -0.216506400  -0.216506400 ) 

    1    1
  0.04277404  -0.00000000     0.00011347   0.00000000     0.00011347   0.00000000
  0.00011347  -0.00000000     0.04277404   0.00000000     0.00011347  -0.00000000
  0.00011347   0.00000000     0.00011347   0.00000000     0.04277404  -0.00000000
    1    2
 -0.00043739  -0.00105596     0.00236927   0.00445861     0.00147738   0.00482804
  0.00357566  -0.00879372    -0.00075723  -0.00387729    -0.00480484   0.00428984
 -0.00874647  -0.00368973     0.00643091  -0.00036415    -0.00220621  -0.00327711
    1    3
 -0.00043739  -0.00105596     0.00147738   0.00482804     0.00236927   0.00445861
 -0.00874647  -0.00368973    -0.00220621  -0.00327711     0.00643091  -0.00036415
  0.00357566  -0.00879372    -0.00480484   0.00428984    -0.00075723  -0.00387729
    1    4
 -0.00220621  -0.00327711    -0.00874647  -0.00368973     0.00643091  -0.00036415
  0.00147738   0.00482804    -0.00043739  -0.00105596     0.00236927   0.00445861
 -0.00480484   0.00428984     0.00357566  -0.00879372    -0.00075723  -0.00387729
    1    5
 -0.00075723  -0.00387729     0.00357566  -0.00879372    -0.00480484   0.00428984
  0.00236927   0.00445861    -0.00043739  -0.00105596     0.00147738   0.00482804
  0.00643091  -0.00036415    -0.00874647  -0.00368973    -0.00220621  -0.00327711
    1    6
 -0.00075723  -0.00387729    -0.00480484   0.00428984     0.00357566  -0.00879372
  0.00643091  -0.00036415    -0.00220621  -0.00327711    -0.00874647  -0.00368973
  0.00236927   0.00445861     0.00147738   0.00482804    -0.00043739  -0.00105596
    1    7
 -0.00220621  -0.00327711     0.00643091  -0.00036415    -0.00874647  -0.00368973
 -0.00480484   0.00428984    -0.00075723  -0.00387729     0.00357566  -0.00879372
