  5.000000000000000E-003   1.26088367795901        1.90067469670089     
          24

     Dynamical  Matrix in cartesian axes

     q = (    0.216506400   0.108253200   0.108253200 ) 

    1    1
  0.05799109   0.00000000     0.00583681   0.00000000     0.00583681   0.00000000
  0.00583681   0.00000000     0.00783602   0.00000000    -0.00029915   0.00000000
  0.00583681   0.00000000    -0.00029915   0.00000000     0.00783602   0.00000000
    1    2
  0.00942493  -0.00942493     0.00615043  -0.00929769     0.00929769  -0.00615044
 -0.00128960   0.00067207     0.00229476   0.00270139    -0.00122186  -0.00261666
 -0.00067207   0.00128960     0.00261666   0.00122186    -0.00270139  -0.00229476
    1    3
  0.00942493  -0.00942493     0.00929769  -0.00615044     0.00615043  -0.00929769
 -0.00067207   0.00128960    -0.00270139  -0.00229476     0.00261666   0.00122186
 -0.00128960   0.00067207    -0.00122186  -0.00261666     0.00229476   0.00270139
    1    4
  0.00581642   0.00164975    -0.00782289   0.01063429     0.04168421   0.03179542
 -0.00292093  -0.00341827     0.00013148  -0.00044830     0.00606034   0.00485270
 -0.00087275  -0.00215766    -0.00059884   0.00318286     0.00536986   0.00512731
    1    5
 -0.00164975  -0.00581642    -0.01063429   0.00782289    -0.03179543  -0.04168420
  0.00341828   0.00292093     0.00044830  -0.00013148    -0.00485270  -0.00606033
  0.00215766   0.00087275    -0.00318286   0.00059884    -0.00512731  -0.00536985
    1    6
 -0.00164975  -0.00581642    -0.03179543  -0.04168420    -0.01063429   0.00782289
  0.00215766   0.00087275    -0.00512731  -0.00536985    -0.00318286   0.00059884
  0.00341828   0.00292093    -0.00485270  -0.00606033     0.00044830  -0.00013148
    1    7
  0.00581642   0.00164975     0.04168421   0.03179542    -0.00782289   0.01063429
 -0.00087275  -0.00215766     0.00536986   0.00512731    -0.00059884   0.00318286
 -0.00292093  -0.00341827     0.00606034   0.00485270     0.00013148  -0.00044830
    2    1
  0.00942493   0.00942493    -0.00128960  -0.00067207    -0.00067207  -0.00128960
  0.00615043   0.00929769     0.00229476  -0.00270139     0.00261666  -0.00122186
  0.00929769   0.00615044    -0.00122186   0.00261666    -0.00270139   0.00229476
    2    2
  0.00910584  -0.00000000     0.00164560  -0.00345559     0.00164560   0.00345559
  0.00164560   0.00345559     0.01765544   0.00000000    -0.00233663   0.00313036
  0.00164560  -0.00345559    -0.00233663  -0.00313036     0.01765544  -0.00000000
    2    3
  0.00401398   0.00000000     0.00458538   0.00391300     0.00458538  -0.00391300
  0.00458538   0.00391300    -0.01021126   0.00834650     0.00610413   0.00000000
  0.00458538  -0.00391300     0.00610413   0.00000000    -0.01021126  -0.00834650
    2    4
  0.00143974   0.00492557    -0.00433819  -0.00014537     0.00123002   0.00928243
 -0.01318718   0.00791413    -0.00229156  -0.00021716    -0.00500730   0.01331827
  0.00572908   0.00187299    -0.00173572   0.00039636     0.00917504   0.01163656
    2    5
 -0.00129078  -0.00534505    -0.00166834   0.00010583     0.00238583  -0.00982562
  0.01569567  -0.00235054    -0.00429493  -0.00198819     0.00804115  -0.01040407
 -0.00423725  -0.00189050    -0.00222302   0.00093741    -0.00628948  -0.01199839
    2    6
  0.00143974  -0.00492557     0.00123002  -0.00928243    -0.00433819   0.00014537
  0.00572908  -0.00187299     0.00917504  -0.01163656    -0.00173572  -0.00039636
 -0.01318718  -0.00791413    -0.00500730  -0.01331827    -0.00229156   0.00021716
    2    7
 -0.00129078   0.00534505     0.00238583   0.00982562    -0.00166834  -0.00010583
 -0.00423725   0.00189050    -0.00628948   0.01199839    -0.00222302  -0.00093741
  0.01569567   0.00235054     0.00804115   0.01040407    -0.00429493   0.00198819
    3    1
  0.00942493   0.00942493    -0.00067207  -0.00128960    -0.00128960  -0.00067207
  0.00929769   0.00615044    -0.00270139   0.00229476    -0.00122186   0.00261666
  0.00615043   0.00929769     0.00261666  -0.00122186     0.00229476  -0.00270139
    3    2
  0.00401398  -0.00000000     0.00458538  -0.00391300     0.00458538   0.00391300
  0.00458538  -0.00391300    -0.01021126  -0.00834650     0.00610413  -0.00000000
  0.00458538   0.00391300     0.00610413  -0.00000000    -0.01021126   0.00834650
    3    3
  0.00910584   0.00000000     0.00164560   0.00345559     0.00164560  -0.00345559
  0.00164560  -0.00345559     0.01765544  -0.00000000    -0.00233663  -0.00313036
  0.00164560   0.00345559    -0.00233663   0.00313036     0.01765544   0.00000000
    3    4
 -0.00129078   0.00534505    -0.00166834  -0.00010583     0.00238583   0.00982562
  0.01569567   0.00235054    -0.00429493   0.00198819     0.00804115   0.01040407
 -0.00423725   0.00189050    -0.00222302  -0.00093741    -0.00628948   0.01199839
    3    5
  0.00143974  -0.00492557    -0.00433819   0.00014537     0.00123002  -0.00928243
 -0.01318718  -0.00791413    -0.00229156   0.00021716    -0.00500730  -0.01331827
  0.00572908  -0.00187299    -0.00173572  -0.00039636     0.00917504  -0.01163656
    3    6
 -0.00129078  -0.00534505     0.00238583  -0.00982562    -0.00166834   0.00010583
 -0.00423725  -0.00189050    -0.00628948  -0.01199839    -0.00222302   0.00093741
  0.01569567  -0.00235054     0.00804115  -0.01040407    -0.00429493  -0.00198819
    3    7
  0.00143974   0.00492557     0.00123002   0.00928243    -0.00433819  -0.00014537
  0.00572908   0.00187299     0.00917504   0.01163656    -0.00173572   0.00039636
 -0.01318718   0.00791413    -0.00500730   0.01331827    -0.00229156  -0.00021716
    4    1
  0.00581642  -0.00164975    -0.00292093   0.00341827    -0.00087275   0.00215766
 -0.00782289  -0.01063429     0.00013148   0.00044830    -0.00059884  -0.00318286
  0.04168421  -0.03179542     0.00606034  -0.00485270     0.00536986  -0.00512731
    4    2
  0.00143974  -0.00492557    -0.01318718  -0.00791413     0.00572908  -0.00187299
 -0.00433819   0.00014537    -0.00229156   0.00021716    -0.00173572  -0.00039636
  0.00123002  -0.00928243    -0.00500730  -0.01331827     0.00917504  -0.01163656
    4    3
 -0.00129078  -0.00534505     0.01569567  -0.00235054    -0.00423725  -0.00189050
 -0.00166834   0.00010583    -0.00429493  -0.00198819    -0.00222302   0.00093741
  0.00238583  -0.00982562     0.00804115  -0.01040407    -0.00628948  -0.01199839
    4    4
  0.01738789  -0.00000000    -0.00116916   0.00256120     0.00939788   0.00349854
 -0.00116916  -0.00256120     0.00607415  -0.00000000     0.00159999  -0.01234616
  0.00939788  -0.00349854     0.00159999   0.01234616     0.06274940  -0.00000000
    4    5
 -0.01406199  -0.00538422    -0.00015348   0.00218067    -0.00796505  -0.00687353
 -0.00015348   0.00218067     0.00267199   0.00220338    -0.00415714   0.01229222
 -0.00796505  -0.00687353    -0.00415714   0.01229222    -0.06033158  -0.01301462
    4    6
 -0.00549054  -0.00035982    -0.00946205  -0.00638858    -0.00059081   0.00019742
 -0.00059081   0.00019742    -0.00412990   0.01168461     0.00283393  -0.00042918
 -0.00946205  -0.00638858    -0.06052787  -0.01360057    -0.00412990   0.01168461
    4    7
  0.00592423  -0.00000000     0.00990304   0.00482446    -0.00098459   0.00118022
 -0.00098459  -0.00118022     0.00026844  -0.01267233     0.00081650  -0.00000000
  0.00990304  -0.00482446     0.06175282  -0.00000000     0.00026844   0.01267233
    5    1
 -0.00164975   0.00581642     0.00341828  -0.00292093     0.00215766  -0.00087275
 -0.01063429  -0.00782289     0.00044830   0.00013148    -0.00318286  -0.00059884
 -0.03179543   0.04168420    -0.00485270   0.00606033    -0.00512731   0.00536985
    5    2
 -0.00129078   0.00534505     0.01569567   0.00235054    -0.00423725   0.00189050
 -0.00166834  -0.00010583    -0.00429493   0.00198819    -0.00222302  -0.00093741
  0.00238583   0.00982562     0.00804115   0.01040407    -0.00628948   0.01199839
    5    3
  0.00143974   0.00492557    -0.01318718   0.00791413     0.00572908   0.00187299
 -0.00433819  -0.00014537    -0.00229156  -0.00021716    -0.00173572   0.00039636
  0.00123002   0.00928243    -0.00500730   0.01331827     0.00917504   0.01163656
    5    4
 -0.01406199   0.00538422    -0.00015348  -0.00218067    -0.00796505   0.00687353
 -0.00015348  -0.00218067     0.00267199  -0.00220338    -0.00415714  -0.01229222
 -0.00796505   0.00687353    -0.00415714  -0.01229222    -0.06033158   0.01301462
    5    5
  0.01738789   0.00000000    -0.00116916  -0.00256120     0.00939788  -0.00349854
 -0.00116916   0.00256120     0.00607415   0.00000000     0.00159999   0.01234616
  0.00939788   0.00349854     0.00159999  -0.01234616     0.06274940   0.00000000
    5    6
  0.00592423   0.00000000     0.00990304  -0.00482446    -0.00098459  -0.00118022
 -0.00098459   0.00118022     0.00026844   0.01267233     0.00081650   0.00000000
  0.00990304   0.00482446     0.06175282   0.00000000     0.00026844  -0.01267233
    5    7
 -0.00549054   0.00035982    -0.00946205   0.00638858    -0.00059081  -0.00019742
 -0.00059081  -0.00019742    -0.00412990  -0.01168461     0.00283393   0.00042918
 -0.00946205   0.00638858    -0.06052787   0.01360057    -0.00412990  -0.01168461
    6    1
 -0.00164975   0.00581642     0.00215766  -0.00087275     0.00341828  -0.00292093
 -0.03179543   0.04168420    -0.00512731   0.00536985    -0.00485270   0.00606033
 -0.01063429  -0.00782289    -0.00318286  -0.00059884     0.00044830   0.00013148
    6    2
  0.00143974   0.00492557     0.00572908   0.00187299    -0.01318718   0.00791413
  0.00123002   0.00928243     0.00917504   0.01163656    -0.00500730   0.01331827
 -0.00433819  -0.00014537    -0.00173572   0.00039636    -0.00229156  -0.00021716
    6    3
 -0.00129078   0.00534505    -0.00423725   0.00189050     0.01569567   0.00235054
  0.00238583   0.00982562    -0.00628948   0.01199839     0.00804115   0.01040407
 -0.00166834  -0.00010583    -0.00222302  -0.00093741    -0.00429493   0.00198819
    6    4
 -0.00549054   0.00035982    -0.00059081  -0.00019742    -0.00946205   0.00638858
 -0.00946205   0.00638858    -0.00412990  -0.01168461    -0.06052787   0.01360057
 -0.00059081  -0.00019742     0.00283393   0.00042918    -0.00412990  -0.01168461
    6    5
  0.00592423   0.00000000    -0.00098459  -0.00118022     0.00990304  -0.00482446
  0.00990304   0.00482446     0.00026844  -0.01267233     0.06175282  -0.00000000
 -0.00098459   0.00118022     0.00081650  -0.00000000     0.00026844   0.01267233
    6    6
  0.01738789   0.00000000     0.00939788  -0.00349854    -0.00116916  -0.00256120
  0.00939788   0.00349854     0.06274940   0.00000000     0.00159999  -0.01234616
 -0.00116916   0.00256120     0.00159999   0.01234616     0.00607415   0.00000000
    6    7
 -0.01406199   0.00538422    -0.00796505   0.00687353    -0.00015348  -0.00218067
 -0.00796505   0.00687353    -0.06033158   0.01301462    -0.00415714  -0.01229222
 -0.00015348  -0.00218067    -0.00415714  -0.01229222     0.00267199  -0.00220338
    7    1
  0.00581642  -0.00164975    -0.00087275   0.00215766    -0.00292093   0.00341827
  0.04168421  -0.03179542     0.00536986  -0.00512731     0.00606034  -0.00485270
 -0.00782289  -0.01063429    -0.00059884  -0.00318286     0.00013148   0.00044830
    7    2
 -0.00129078  -0.00534505    -0.00423725  -0.00189050     0.01569567  -0.00235054
  0.00238583  -0.00982562    -0.00628948  -0.01199839     0.00804115  -0.01040407
 -0.00166834   0.00010583    -0.00222302   0.00093741    -0.00429493  -0.00198819
    7    3
  0.00143974  -0.00492557     0.00572908  -0.00187299    -0.01318718  -0.00791413
  0.00123002  -0.00928243     0.00917504  -0.01163656    -0.00500730  -0.01331827
 -0.00433819   0.00014537    -0.00173572  -0.00039636    -0.00229156   0.00021716
    7    4
  0.00592423  -0.00000000    -0.00098459   0.00118022     0.00990304   0.00482446
  0.00990304  -0.00482446     0.00026844   0.01267233     0.06175282  -0.00000000
 -0.00098459  -0.00118022     0.00081650   0.00000000     0.00026844  -0.01267233
    7    5
 -0.00549054  -0.00035982    -0.00059081   0.00019742    -0.00946205  -0.00638858
 -0.00946205  -0.00638858    -0.00412990   0.01168461    -0.06052787  -0.01360057
 -0.00059081   0.00019742     0.00283393  -0.00042918    -0.00412990   0.01168461
    7    6
 -0.01406199  -0.00538422    -0.00796505  -0.00687353    -0.00015348   0.00218067
 -0.00796505  -0.00687353    -0.06033158  -0.01301462    -0.00415714   0.01229222
 -0.00015348   0.00218067    -0.00415714   0.01229222     0.00267199   0.00220338
    7    7
  0.01738789  -0.00000000     0.00939788   0.00349854    -0.00116916   0.00256120
  0.00939788  -0.00349854     0.06274940  -0.00000000     0.00159999   0.01234616
 -0.00116916  -0.00256120     0.00159999  -0.01234616     0.00607415  -0.00000000

     Dynamical  Matrix in cartesian axes

     q = (   -0.216506400   0.108253200  -0.108253200 ) 

    1    1
  0.05799109   0.00000000    -0.00583681  -0.00000000     0.00583681   0.00000000
 -0.00583681  -0.00000000     0.00783602   0.00000000     0.00029915  -0.00000000
  0.00583681   0.00000000     0.00029915  -0.00000000     0.00783602   0.00000000
    1    2
  0.00942493   0.00942493    -0.00615043  -0.00929769     0.00929769   0.00615044
  0.00128960   0.00067207     0.00229476  -0.00270139     0.00122186  -0.00261666
 -0.00067207  -0.00128960    -0.00261666   0.00122186    -0.00270139   0.00229476
    1    3
  0.01332887  -0.00000000    -0.01092347   0.00222544     0.01092347   0.00222544
  0.00138711   0.00043666    -0.00028753   0.00353281    -0.00098627   0.00271425
 -0.00138711   0.00043666    -0.00098627  -0.00271425    -0.00028753  -0.00353281
    1    4
 -0.00164975   0.00581642     0.01063429   0.00782289    -0.03179543   0.04168420
 -0.00341828   0.00292093     0.00044830   0.00013148     0.00485270  -0.00606033
  0.00215766  -0.00087275     0.00318286   0.00059884    -0.00512731   0.00536985
    1    5
  0.00294628  -0.00527938     0.01305120   0.00198796     0.00699242  -0.05195795
 -0.00035167  -0.00448250     0.00040997   0.00022402    -0.00085393   0.00771668
  0.00090857   0.00214282     0.00267407   0.00182718     0.00017150  -0.00742262
    1    6
  0.00294628   0.00527938    -0.00699242  -0.05195795    -0.01305120   0.00198796
 -0.00090857   0.00214282     0.00017150   0.00742262     0.00267407  -0.00182718
  0.00035167  -0.00448250    -0.00085393  -0.00771668     0.00040997  -0.00022402
    1    7
  0.00581642  -0.00164975    -0.04168421   0.03179542    -0.00782289  -0.01063429
  0.00087275  -0.00215766     0.00536986  -0.00512731     0.00059884   0.00318286
 -0.00292093   0.00341827    -0.00606034   0.00485270     0.00013148   0.00044830
    2    1
  0.00942493  -0.00942493     0.00128960  -0.00067207    -0.00067207   0.00128960
 -0.00615043   0.00929769     0.00229476   0.00270139    -0.00261666  -0.00122186
  0.00929769  -0.00615044     0.00122186   0.00261666    -0.00270139  -0.00229476
    2    2
  0.00910584  -0.00000000    -0.00164560  -0.00345559     0.00164560  -0.00345559
 -0.00164560   0.00345559     0.01765544  -0.00000000     0.00233663   0.00313036
  0.00164560   0.00345559     0.00233663  -0.00313036     0.01765544   0.00000000
    2    3
  0.00283831  -0.00283832    -0.00047544   0.00600926     0.00600926  -0.00047544
 -0.00047544   0.00600926    -0.01312231   0.00131859    -0.00431627   0.00431627
  0.00600926  -0.00047544    -0.00431627   0.00431627    -0.00131859   0.01312231
    2    4
 -0.00129078   0.00534505     0.00166834   0.00010583     0.00238583   0.00982562
 -0.01569567  -0.00235054    -0.00429493   0.00198819    -0.00804115  -0.01040407
 -0.00423725   0.00189050     0.00222302   0.00093741    -0.00628948   0.01199839
    2    5
 -0.00246486  -0.00450095     0.00296477  -0.00317035    -0.00569392  -0.00743342
  0.01492087  -0.00372861    -0.00146683   0.00177393     0.01295814   0.00587674
  0.00272667  -0.00537548     0.00150761  -0.00094707    -0.00174056  -0.01471602
    2    6
  0.00450095   0.00246486    -0.00743343  -0.00569391    -0.00317035   0.00296477
 -0.00537548   0.00272667     0.01471602   0.00174056     0.00094707  -0.00150761
 -0.00372861   0.01492087    -0.00587674  -0.01295813    -0.00177393   0.00146683
    2    7
 -0.00129078  -0.00534505    -0.00238583   0.00982562    -0.00166834   0.00010583
  0.00423725   0.00189050    -0.00628948  -0.01199839     0.00222302  -0.00093741
  0.01569567  -0.00235054    -0.00804115   0.01040407    -0.00429493  -0.00198819
    3    1
  0.01332887   0.00000000     0.00138711  -0.00043666    -0.00138711  -0.00043666
 -0.01092347  -0.00222544    -0.00028753  -0.00353281    -0.00098627   0.00271425
  0.01092347  -0.00222544    -0.00098627  -0.00271425    -0.00028753   0.00353281
    3    2
  0.00283831   0.00283832    -0.00047544  -0.00600926     0.00600926   0.00047544
 -0.00047544  -0.00600926    -0.01312231  -0.00131859    -0.00431627  -0.00431627
  0.00600926   0.00047544    -0.00431627  -0.00431627    -0.00131859  -0.01312231
    3    3
  0.00910584  -0.00000000    -0.00164560   0.00345559     0.00164560   0.00345559
 -0.00164560  -0.00345559     0.01765544   0.00000000     0.00233663  -0.00313036
  0.00164560  -0.00345559     0.00233663   0.00313036     0.01765544  -0.00000000
    3    4
 -0.00246486   0.00450095     0.00296477   0.00317035    -0.00569392   0.00743342
  0.01492087   0.00372861    -0.00146683  -0.00177393     0.01295814  -0.00587674
  0.00272667   0.00537548     0.00150761   0.00094707    -0.00174056   0.01471602
    3    5
 -0.00129078  -0.00534505     0.00166834  -0.00010583     0.00238583  -0.00982562
 -0.01569567   0.00235054    -0.00429493  -0.00198819    -0.00804115   0.01040407
 -0.00423725  -0.00189050     0.00222302  -0.00093741    -0.00628948  -0.01199839
    3    6
 -0.00129078   0.00534505    -0.00238583  -0.00982562    -0.00166834  -0.00010583
  0.00423725  -0.00189050    -0.00628948   0.01199839     0.00222302   0.00093741
  0.01569567   0.00235054    -0.00804115  -0.01040407    -0.00429493   0.00198819
    3    7
  0.00450095  -0.00246486    -0.00743343   0.00569391    -0.00317035  -0.00296477
 -0.00537548  -0.00272667     0.01471602  -0.00174056     0.00094707   0.00150761
 -0.00372861  -0.01492087    -0.00587674   0.01295813    -0.00177393  -0.00146683
    4    1
 -0.00164975  -0.00581642    -0.00341828  -0.00292093     0.00215766   0.00087275
  0.01063429  -0.00782289     0.00044830  -0.00013148     0.00318286  -0.00059884
 -0.03179543  -0.04168420     0.00485270   0.00606033    -0.00512731  -0.00536985
    4    2
 -0.00129078  -0.00534505    -0.01569567   0.00235054    -0.00423725  -0.00189050
  0.00166834  -0.00010583    -0.00429493  -0.00198819     0.00222302  -0.00093741
  0.00238583  -0.00982562    -0.00804115   0.01040407    -0.00628948  -0.01199839
    4    3
 -0.00246486  -0.00450095     0.01492087  -0.00372861     0.00272667  -0.00537548
  0.00296477  -0.00317035    -0.00146683   0.00177393     0.00150761  -0.00094707
 -0.00569392  -0.00743342     0.01295814   0.00587674    -0.00174056  -0.01471602
    4    4
  0.01738789  -0.00000000     0.00116916  -0.00256120     0.00939788   0.00349854
  0.00116916   0.00256120     0.00607415   0.00000000    -0.00159999   0.01234616
  0.00939788  -0.00349854    -0.00159999  -0.01234616     0.06274940   0.00000000
    4    5
 -0.01375055   0.00613612    -0.00143344  -0.00165050    -0.01049246   0.00077182
 -0.00143344  -0.00165050     0.00344741  -0.00033136    -0.00575237  -0.01163146
 -0.01049246   0.00077182    -0.00575237  -0.01163146    -0.05186359   0.03345815
    4    6
  0.00418906  -0.00418906    -0.01041392   0.00359110     0.00013833   0.00153075
  0.00153075   0.00013833    -0.00877088  -0.00915050    -0.00057736   0.00057736
  0.00359109  -0.01041392    -0.04366583   0.04366585     0.00915050   0.00877087
    4    7
 -0.00549054  -0.00035982     0.00946205   0.00638858    -0.00059081   0.00019742
  0.00059081  -0.00019742    -0.00412990   0.01168461    -0.00283393   0.00042918
 -0.00946205  -0.00638858     0.06052787   0.01360057    -0.00412990   0.01168461
    5    1
  0.00294628   0.00527938    -0.00035167   0.00448250     0.00090857  -0.00214282
  0.01305120  -0.00198796     0.00040997  -0.00022402     0.00267407  -0.00182718
  0.00699242   0.05195795    -0.00085393  -0.00771668     0.00017150   0.00742262
    5    2
 -0.00246486   0.00450095     0.01492087   0.00372861     0.00272667   0.00537548
  0.00296477   0.00317035    -0.00146683  -0.00177393     0.00150761   0.00094707
 -0.00569392   0.00743342     0.01295814  -0.00587674    -0.00174056   0.01471602
    5    3
 -0.00129078   0.00534505    -0.01569567  -0.00235054    -0.00423725   0.00189050
  0.00166834   0.00010583    -0.00429493   0.00198819     0.00222302   0.00093741
  0.00238583   0.00982562    -0.00804115  -0.01040407    -0.00628948   0.01199839
    5    4
 -0.01375055  -0.00613612    -0.00143344   0.00165050    -0.01049246  -0.00077182
 -0.00143344   0.00165050     0.00344741   0.00033136    -0.00575237   0.01163146
 -0.01049246  -0.00077182    -0.00575237   0.01163146    -0.05186359  -0.03345815
    5    5
  0.01738789   0.00000000     0.00116916   0.00256120     0.00939788  -0.00349854
  0.00116916  -0.00256120     0.00607415  -0.00000000    -0.00159999  -0.01234616
  0.00939788   0.00349854    -0.00159999   0.01234616     0.06274940  -0.00000000
    5    6
 -0.00549054   0.00035982     0.00946205  -0.00638858    -0.00059081  -0.00019742
  0.00059081   0.00019742    -0.00412990  -0.01168461    -0.00283393  -0.00042918
 -0.00946205   0.00638858     0.06052787  -0.01360057    -0.00412990  -0.01168461
    5    7
  0.00418906   0.00418906    -0.01041392  -0.00359110     0.00013833  -0.00153075
  0.00153075  -0.00013833    -0.00877088   0.00915050    -0.00057736  -0.00057736
  0.00359109   0.01041392    -0.04366583  -0.04366585     0.00915050  -0.00877087
    6    1
  0.00294628  -0.00527938    -0.00090857  -0.00214282     0.00035167   0.00448250
 -0.00699242   0.05195795     0.00017150  -0.00742262    -0.00085393   0.00771668
 -0.01305120  -0.00198796     0.00267407   0.00182718     0.00040997   0.00022402
    6    2
  0.00450095  -0.00246486    -0.00537548  -0.00272667    -0.00372861  -0.01492087
 -0.00743343   0.00569391     0.01471602  -0.00174056    -0.00587674   0.01295813
 -0.00317035  -0.00296477     0.00094707   0.00150761    -0.00177393  -0.00146683
    6    3
 -0.00129078  -0.00534505     0.00423725   0.00189050     0.01569567  -0.00235054
 -0.00238583   0.00982562    -0.00628948  -0.01199839    -0.00804115   0.01040407
 -0.00166834   0.00010583     0.00222302  -0.00093741    -0.00429493  -0.00198819
    6    4
  0.00418906   0.00418906     0.00153075  -0.00013833     0.00359109   0.01041392
 -0.01041392  -0.00359110    -0.00877088   0.00915050    -0.04366583  -0.04366585
  0.00013833  -0.00153075    -0.00057736  -0.00057736     0.00915050  -0.00877087
    6    5
 -0.00549054  -0.00035982     0.00059081  -0.00019742    -0.00946205  -0.00638858
  0.00946205   0.00638858    -0.00412990   0.01168461     0.06052787   0.01360057
 -0.00059081   0.00019742    -0.00283393   0.00042918    -0.00412990   0.01168461
    6    6
  0.01738789  -0.00000000    -0.00939788  -0.00349854    -0.00116916   0.00256120
 -0.00939788   0.00349854     0.06274940  -0.00000000    -0.00159999  -0.01234616
 -0.00116916  -0.00256120    -0.00159999   0.01234616     0.00607415  -0.00000000
    6    7
 -0.00613611  -0.01375055     0.00077182   0.01049246    -0.00165050   0.00143344
  0.00077182   0.01049246    -0.03345813  -0.05186361     0.01163146  -0.00575237
 -0.00165050   0.00143344     0.01163146  -0.00575237     0.00033136   0.00344741
    7    1
  0.00581642   0.00164975     0.00087275   0.00215766    -0.00292093  -0.00341827
 -0.04168421  -0.03179542     0.00536986   0.00512731    -0.00606034  -0.00485270
 -0.00782289   0.01063429     0.00059884  -0.00318286     0.00013148  -0.00044830
    7    2
 -0.00129078   0.00534505     0.00423725  -0.00189050     0.01569567   0.00235054
 -0.00238583  -0.00982562    -0.00628948   0.01199839    -0.00804115  -0.01040407
 -0.00166834  -0.00010583     0.00222302   0.00093741    -0.00429493   0.00198819
    7    3
  0.00450095   0.00246486    -0.00537548   0.00272667    -0.00372861   0.01492087
 -0.00743343  -0.00569391     0.01471602   0.00174056    -0.00587674  -0.01295813
 -0.00317035   0.00296477     0.00094707  -0.00150761    -0.00177393   0.00146683
    7    4
 -0.00549054   0.00035982     0.00059081   0.00019742    -0.00946205   0.00638858
  0.00946205  -0.00638858    -0.00412990  -0.01168461     0.06052787  -0.01360057
 -0.00059081  -0.00019742    -0.00283393  -0.00042918    -0.00412990  -0.01168461
    7    5
  0.00418906  -0.00418906     0.00153075   0.00013833     0.00359109  -0.01041392
 -0.01041392   0.00359110    -0.00877088  -0.00915050    -0.04366583   0.04366585
  0.00013833   0.00153075    -0.00057736   0.00057736     0.00915050   0.00877087
    7    6
 -0.00613611   0.01375055     0.00077182  -0.01049246    -0.00165050  -0.00143344
  0.00077182  -0.01049246    -0.03345813   0.05186361     0.01163146   0.00575237
 -0.00165050  -0.00143344     0.01163146   0.00575237     0.00033136  -0.00344741
    7    7
  0.01738789   0.00000000    -0.00939788   0.00349854    -0.00116916  -0.00256120
 -0.00939788  -0.00349854     0.06274940   0.00000000    -0.00159999   0.01234616
 -0.00116916   0.00256120    -0.00159999  -0.01234616     0.00607415   0.00000000

     Dynamical  Matrix in cartesian axes

     q = (    0.216506400  -0.108253200  -0.108253200 ) 

    1    1
  0.05799109   0.00000000    -0.00583681  -0.00000000    -0.00583681  -0.00000000
 -0.00583681  -0.00000000     0.00783602   0.00000000    -0.00029915   0.00000000
 -0.00583681  -0.00000000    -0.00029915   0.00000000     0.00783602   0.00000000
    1    2
  0.01332887  -0.00000000    -0.01092347   0.00222544    -0.01092347  -0.00222544
  0.00138711   0.00043666    -0.00028753   0.00353281     0.00098627  -0.00271425
  0.00138711  -0.00043666     0.00098627   0.00271425    -0.00028753  -0.00353281
    1    3
  0.01332887  -0.00000000    -0.01092347  -0.00222544    -0.01092347   0.00222544
  0.00138711  -0.00043666    -0.00028753  -0.00353281     0.00098627   0.00271425
  0.00138711   0.00043666     0.00098627  -0.00271425    -0.00028753   0.00353281
    1    4
 -0.00164975  -0.00581642     0.01063429  -0.00782289     0.03179543   0.04168420
 -0.00341828  -0.00292093     0.00044830  -0.00013148    -0.00485270  -0.00606033
 -0.00215766  -0.00087275    -0.00318286   0.00059884    -0.00512731  -0.00536985
    1    5
 -0.00164975   0.00581642     0.01063429   0.00782289     0.03179543  -0.04168420
 -0.00341828   0.00292093     0.00044830   0.00013148    -0.00485270   0.00606033
 -0.00215766   0.00087275    -0.00318286  -0.00059884    -0.00512731   0.00536985
    1    6
 -0.00164975   0.00581642     0.03179543  -0.04168420     0.01063429   0.00782289
 -0.00215766   0.00087275    -0.00512731   0.00536985    -0.00318286  -0.00059884
 -0.00341828   0.00292093    -0.00485270   0.00606033     0.00044830   0.00013148
    1    7
 -0.00164975  -0.00581642     0.03179543   0.04168420     0.01063429  -0.00782289
 -0.00215766  -0.00087275    -0.00512731  -0.00536985    -0.00318286   0.00059884
 -0.00341828  -0.00292093    -0.00485270  -0.00606033     0.00044830  -0.00013148
    2    1
  0.01332887   0.00000000     0.00138711  -0.00043666     0.00138711   0.00043666
 -0.01092347  -0.00222544    -0.00028753  -0.00353281     0.00098627  -0.00271425
 -0.01092347   0.00222544     0.00098627   0.00271425    -0.00028753   0.00353281
    2    2
  0.00910584   0.00000000    -0.00164560   0.00345559    -0.00164560  -0.00345559
 -0.00164560  -0.00345559     0.01765544   0.00000000    -0.00233663   0.00313036
 -0.00164560   0.00345559    -0.00233663  -0.00313036     0.01765544  -0.00000000
    2    3
  0.00401398   0.00000000    -0.00458538  -0.00391300    -0.00458538   0.00391300
 -0.00458538  -0.00391300    -0.01021126   0.00834650     0.00610413   0.00000000
 -0.00458538   0.00391300     0.00610413   0.00000000    -0.01021126  -0.00834650
    2    4
 -0.00469224  -0.00286680     0.00110487  -0.00125453     0.00526073   0.00863480
 -0.00943643   0.01276060    -0.00444284   0.00163111    -0.00167084  -0.01304274
  0.00433297  -0.00165940    -0.00090907   0.00223476    -0.01293148  -0.00403681
    2    5
 -0.00246486   0.00450095     0.00296477   0.00317035     0.00569392  -0.00743342
  0.01492087   0.00372861    -0.00146683  -0.00177393    -0.01295814   0.00587674
 -0.00272667  -0.00537548    -0.00150761  -0.00094707    -0.00174056   0.01471602
    2    6
 -0.00469224   0.00286680     0.00526073  -0.00863480     0.00110487   0.00125453
  0.00433297   0.00165940    -0.01293148   0.00403681    -0.00090907  -0.00223476
 -0.00943643  -0.01276060    -0.00167084   0.01304274    -0.00444284  -0.00163111
    2    7
 -0.00246486  -0.00450095     0.00569392   0.00743342     0.00296477  -0.00317035
 -0.00272667   0.00537548    -0.00174056  -0.01471602    -0.00150761   0.00094707
  0.01492087  -0.00372861    -0.01295814  -0.00587674    -0.00146683   0.00177393
    3    1
  0.01332887   0.00000000     0.00138711   0.00043666     0.00138711  -0.00043666
 -0.01092347   0.00222544    -0.00028753   0.00353281     0.00098627   0.00271425
 -0.01092347  -0.00222544     0.00098627  -0.00271425    -0.00028753  -0.00353281
    3    2
  0.00401398   0.00000000    -0.00458538   0.00391300    -0.00458538  -0.00391300
 -0.00458538   0.00391300    -0.01021126  -0.00834650     0.00610413  -0.00000000
 -0.00458538  -0.00391300     0.00610413  -0.00000000    -0.01021126   0.00834650
    3    3
  0.00910584  -0.00000000    -0.00164560  -0.00345559    -0.00164560   0.00345559
 -0.00164560   0.00345559     0.01765544  -0.00000000    -0.00233663  -0.00313036
 -0.00164560  -0.00345559    -0.00233663   0.00313036     0.01765544   0.00000000
    3    4
 -0.00246486  -0.00450095     0.00296477  -0.00317035     0.00569392   0.00743342
  0.01492087  -0.00372861    -0.00146683   0.00177393    -0.01295814  -0.00587674
 -0.00272667   0.00537548    -0.00150761   0.00094707    -0.00174056  -0.01471602
    3    5
 -0.00469224   0.00286680     0.00110487   0.00125453     0.00526073  -0.00863480
 -0.00943643  -0.01276060    -0.00444284  -0.00163111    -0.00167084   0.01304274
  0.00433297   0.00165940    -0.00090907  -0.00223476    -0.01293148   0.00403681
    3    6
 -0.00246486   0.00450095     0.00569392  -0.00743342     0.00296477   0.00317035
 -0.00272667  -0.00537548    -0.00174056   0.01471602    -0.00150761  -0.00094707
  0.01492087   0.00372861    -0.01295814   0.00587674    -0.00146683  -0.00177393
    3    7
 -0.00469224  -0.00286680     0.00526073   0.00863480     0.00110487  -0.00125453
  0.00433297  -0.00165940    -0.01293148  -0.00403681    -0.00090907   0.00223476
 -0.00943643   0.01276060    -0.00167084  -0.01304274    -0.00444284   0.00163111
    4    1
 -0.00164975   0.00581642    -0.00341828   0.00292093    -0.00215766   0.00087275
  0.01063429   0.00782289     0.00044830   0.00013148    -0.00318286  -0.00059884
  0.03179543  -0.04168420    -0.00485270   0.00606033    -0.00512731   0.00536985
    4    2
 -0.00469224   0.00286680    -0.00943643  -0.01276060     0.00433297   0.00165940
  0.00110487   0.00125453    -0.00444284  -0.00163111    -0.00090907  -0.00223476
  0.00526073  -0.00863480    -0.00167084   0.01304274    -0.01293148   0.00403681
    4    3
 -0.00246486   0.00450095     0.01492087   0.00372861    -0.00272667  -0.00537548
  0.00296477   0.00317035    -0.00146683  -0.00177393    -0.00150761  -0.00094707
  0.00569392  -0.00743342    -0.01295814   0.00587674    -0.00174056   0.01471602
    4    4
  0.01738789   0.00000000     0.00116916   0.00256120    -0.00939788   0.00349854
  0.00116916  -0.00256120     0.00607415  -0.00000000     0.00159999   0.01234616
 -0.00939788  -0.00349854     0.00159999  -0.01234616     0.06274940  -0.00000000
    4    5
 -0.00538421  -0.01406200    -0.00218067   0.00015348     0.00687353   0.00796506
 -0.00218067   0.00015348     0.00220338   0.00267199     0.01229222  -0.00415714
  0.00687353   0.00796506     0.01229222  -0.00415714    -0.01301460  -0.06033159
    4    6
 -0.00035982  -0.00549054     0.00638858   0.00946205    -0.00019742   0.00059081
 -0.00019742   0.00059081     0.01168461  -0.00412989    -0.00042918   0.00283393
  0.00638858   0.00946205    -0.01360055  -0.06052788     0.01168461  -0.00412989
    4    7
  0.00592423   0.00000000    -0.00990304   0.00482446     0.00098459   0.00118022
  0.00098459  -0.00118022     0.00026844   0.01267233     0.00081650   0.00000000
 -0.00990304  -0.00482446     0.06175282  -0.00000000     0.00026844  -0.01267233
    5    1
 -0.00164975  -0.00581642    -0.00341828  -0.00292093    -0.00215766  -0.00087275
  0.01063429  -0.00782289     0.00044830  -0.00013148    -0.00318286   0.00059884
  0.03179543   0.04168420    -0.00485270  -0.00606033    -0.00512731  -0.00536985
    5    2
 -0.00246486  -0.00450095     0.01492087  -0.00372861    -0.00272667   0.00537548
  0.00296477  -0.00317035    -0.00146683   0.00177393    -0.00150761   0.00094707
  0.00569392   0.00743342    -0.01295814  -0.00587674    -0.00174056  -0.01471602
    5    3
 -0.00469224  -0.00286680    -0.00943643   0.01276060     0.00433297  -0.00165940
  0.00110487  -0.00125453    -0.00444284   0.00163111    -0.00090907   0.00223476
  0.00526073   0.00863480    -0.00167084  -0.01304274    -0.01293148  -0.00403681
    5    4
 -0.00538421   0.01406200    -0.00218067  -0.00015348     0.00687353  -0.00796506
 -0.00218067  -0.00015348     0.00220338  -0.00267199     0.01229222   0.00415714
  0.00687353  -0.00796506     0.01229222   0.00415714    -0.01301460   0.06033159
    5    5
  0.01738789  -0.00000000     0.00116916  -0.00256120    -0.00939788  -0.00349854
  0.00116916   0.00256120     0.00607415   0.00000000     0.00159999  -0.01234616
 -0.00939788   0.00349854     0.00159999   0.01234616     0.06274940  -0.00000000
    5    6
  0.00592423  -0.00000000    -0.00990304  -0.00482446     0.00098459  -0.00118022
  0.00098459   0.00118022     0.00026844  -0.01267233     0.00081650  -0.00000000
 -0.00990304   0.00482446     0.06175282  -0.00000000     0.00026844   0.01267233
    5    7
 -0.00035982   0.00549054     0.00638858  -0.00946205    -0.00019742  -0.00059081
 -0.00019742  -0.00059081     0.01168461   0.00412989    -0.00042918  -0.00283393
  0.00638858  -0.00946205    -0.01360055   0.06052788     0.01168461   0.00412989
    6    1
 -0.00164975  -0.00581642    -0.00215766  -0.00087275    -0.00341828  -0.00292093
  0.03179543   0.04168420    -0.00512731  -0.00536985    -0.00485270  -0.00606033
  0.01063429  -0.00782289    -0.00318286   0.00059884     0.00044830  -0.00013148
    6    2
 -0.00469224  -0.00286680     0.00433297  -0.00165940    -0.00943643   0.01276060
  0.00526073   0.00863480    -0.01293148  -0.00403681    -0.00167084  -0.01304274
  0.00110487  -0.00125453    -0.00090907   0.00223476    -0.00444284   0.00163111
    6    3
 -0.00246486  -0.00450095    -0.00272667   0.00537548     0.01492087  -0.00372861
  0.00569392   0.00743342    -0.00174056  -0.01471602    -0.01295814  -0.00587674
  0.00296477  -0.00317035    -0.00150761   0.00094707    -0.00146683   0.00177393
    6    4
 -0.00035982   0.00549054    -0.00019742  -0.00059081     0.00638858  -0.00946205
  0.00638858  -0.00946205     0.01168461   0.00412989    -0.01360055   0.06052788
 -0.00019742  -0.00059081    -0.00042918  -0.00283393     0.01168461   0.00412989
    6    5
  0.00592423  -0.00000000     0.00098459  -0.00118022    -0.00990304  -0.00482446
 -0.00990304   0.00482446     0.00026844   0.01267233     0.06175282   0.00000000
  0.00098459   0.00118022     0.00081650   0.00000000     0.00026844  -0.01267233
    6    6
  0.01738789  -0.00000000    -0.00939788  -0.00349854     0.00116916  -0.00256120
 -0.00939788   0.00349854     0.06274940  -0.00000000     0.00159999   0.01234616
  0.00116916   0.00256120     0.00159999  -0.01234616     0.00607415  -0.00000000
    6    7
 -0.00538421   0.01406200     0.00687353  -0.00796506    -0.00218067  -0.00015348
  0.00687353  -0.00796506    -0.01301460   0.06033159     0.01229222   0.00415714
 -0.00218067  -0.00015348     0.01229222   0.00415714     0.00220338  -0.00267199
    7    1
 -0.00164975   0.00581642    -0.00215766   0.00087275    -0.00341828   0.00292093
  0.03179543  -0.04168420    -0.00512731   0.00536985    -0.00485270   0.00606033
  0.01063429   0.00782289    -0.00318286  -0.00059884     0.00044830   0.00013148
    7    2
 -0.00246486   0.00450095    -0.00272667  -0.00537548     0.01492087   0.00372861
  0.00569392  -0.00743342    -0.00174056   0.01471602    -0.01295814   0.00587674
  0.00296477   0.00317035    -0.00150761  -0.00094707    -0.00146683  -0.00177393
    7    3
 -0.00469224   0.00286680     0.00433297   0.00165940    -0.00943643  -0.01276060
  0.00526073  -0.00863480    -0.01293148   0.00403681    -0.00167084   0.01304274
  0.00110487   0.00125453    -0.00090907  -0.00223476    -0.00444284  -0.00163111
    7    4
  0.00592423   0.00000000     0.00098459   0.00118022    -0.00990304   0.00482446
 -0.00990304  -0.00482446     0.00026844  -0.01267233     0.06175282   0.00000000
  0.00098459  -0.00118022     0.00081650  -0.00000000     0.00026844   0.01267233
    7    5
 -0.00035982  -0.00549054    -0.00019742   0.00059081     0.00638858   0.00946205
  0.00638858   0.00946205     0.01168461  -0.00412989    -0.01360055  -0.06052788
 -0.00019742   0.00059081    -0.00042918   0.00283393     0.01168461  -0.00412989
    7    6
 -0.00538421  -0.01406200     0.00687353   0.00796506    -0.00218067   0.00015348
  0.00687353   0.00796506    -0.01301460  -0.06033159     0.01229222  -0.00415714
 -0.00218067   0.00015348     0.01229222  -0.00415714     0.00220338   0.00267199
    7    7
  0.01738789   0.00000000    -0.00939788   0.00349854     0.00116916   0.00256120
 -0.00939788  -0.00349854     0.06274940  -0.00000000     0.00159999  -0.01234616
  0.00116916  -0.00256120     0.00159999   0.01234616     0.00607415  -0.00000000

     Dynamical  Matrix in cartesian axes

     q = (    0.108253200   0.216506400  -0.108253200 ) 

    1    1
  0.00783602   0.00000000     0.00583681   0.00000000     0.00029915   0.00000000
  0.00583681   0.00000000     0.05799109   0.00000000    -0.00583681   0.00000000
  0.00029915   0.00000000    -0.00583681   0.00000000     0.00783602   0.00000000
    1    2
  0.00040997   0.00022402     0.00035167   0.00448250    -0.00085393   0.00771668
 -0.01305120  -0.00198796     0.00294628  -0.00527938    -0.00699242   0.05195795
  0.00267407   0.00182718    -0.00090857  -0.00214282     0.00017150  -0.00742262
    1    3
  0.00013148  -0.00044830    -0.00292093  -0.00341827    -0.00606034  -0.00485270
 -0.00782289   0.01063429     0.00581642   0.00164975    -0.04168421  -0.03179542
  0.00059884  -0.00318286     0.00087275   0.00215766     0.00536986   0.00512731
    1    4
 -0.00270139  -0.00229476    -0.00067207   0.00128960    -0.00261666  -0.00122186
  0.00929769  -0.00615044     0.00942493  -0.00942493    -0.00615043   0.00929769
  0.00122186   0.00261666     0.00128960  -0.00067207     0.00229476   0.00270139
    1    5
 -0.00028753   0.00353281    -0.00138711  -0.00043666    -0.00098627   0.00271425
  0.01092347  -0.00222544     0.01332887   0.00000000    -0.01092347  -0.00222544
 -0.00098627  -0.00271425     0.00138711  -0.00043666    -0.00028753  -0.00353281
    1    6
 -0.00512731  -0.00536985     0.00215766   0.00087275     0.00318286  -0.00059884
 -0.03179543  -0.04168420    -0.00164975  -0.00581642     0.01063429  -0.00782289
  0.00485270   0.00606033    -0.00341828  -0.00292093     0.00044830  -0.00013148
    1    7
  0.00017150   0.00742262     0.00090857  -0.00214282     0.00267407  -0.00182718
  0.00699242   0.05195795     0.00294628   0.00527938     0.01305120  -0.00198796
