  2.500000000000000E-002   1.26011648066226        2.33218954087644     
          12

     Dynamical  Matrix in cartesian axes

     q = (   -0.866025400  -0.324759500  -0.324759500 ) 

    1    1
  0.01855016  -0.00000000     0.00000000   0.00000000    -0.00000000   0.00000000
  0.00000000  -0.00000000     0.14316591   0.00000000    -0.02070208   0.00000000
 -0.00000000  -0.00000000    -0.02070208   0.00000000     0.14316591   0.00000000
    1    2
  0.00000000   0.00000000    -0.00656727   0.00272025    -0.00656727   0.00272025
 -0.01207053   0.00499978     0.00585260   0.01412943    -0.00489873  -0.01182658
 -0.01207053   0.00499978     0.00489873   0.01182658    -0.00585260  -0.01412943
    1    3
  0.00000000   0.00000000    -0.00656727   0.00272025    -0.00656727   0.00272025
 -0.01207053   0.00499978    -0.00585260  -0.01412943     0.00489873   0.01182658
 -0.01207053   0.00499978    -0.00489873  -0.01182658     0.00585260   0.01412943
    1    4
 -0.00471413   0.00308501    -0.00000000   0.00000000     0.00000000  -0.00000000
 -0.00000000   0.00000000    -0.01948438   0.02255990    -0.01775276  -0.02218823
  0.00000000  -0.00000000     0.01200587   0.03590812     0.02209784  -0.01524064
    1    5
 -0.00551482   0.00115196     0.00000000   0.00000000    -0.00000000   0.00000000
  0.00000000  -0.00000000    -0.02972980  -0.00217471     0.00313636   0.02824254
 -0.00000000  -0.00000000    -0.01690145  -0.03388031     0.02640229  -0.00484877
    1    6
 -0.00551482   0.00115196    -0.00000000  -0.00000000     0.00000000   0.00000000
  0.00000000  -0.00000000     0.02640229  -0.00484877    -0.01690145  -0.03388031
  0.00000000  -0.00000000     0.00313636   0.02824254    -0.02972980  -0.00217471
    1    7
 -0.00471413   0.00308501     0.00000000  -0.00000000    -0.00000000   0.00000000
  0.00000000  -0.00000000     0.02209784  -0.01524064     0.01200587   0.03590812
 -0.00000000   0.00000000    -0.01775276  -0.02218823    -0.01948438   0.02255990
    2    1
  0.00000000  -0.00000000    -0.01207053  -0.00499978    -0.01207053  -0.00499978
 -0.00656727  -0.00272025     0.00585260  -0.01412943     0.00489873  -0.01182658
 -0.00656727  -0.00272025    -0.00489873   0.01182658    -0.00585260   0.01412943
    2    2
  0.01119703   0.00000000     0.00000000  -0.00270106    -0.00000000   0.00270106
  0.00000000   0.00270106     0.03892915   0.00000000    -0.01129777  -0.00000000
  0.00000000  -0.00270106    -0.01129777   0.00000000     0.03892915  -0.00000000
    2    3
 -0.00269422   0.00000000     0.00000000   0.00295703     0.00000000  -0.00295703
  0.00000000   0.00295703     0.00539652  -0.00000000    -0.01173124   0.00000000
 -0.00000000  -0.00295703    -0.01173124   0.00000000     0.00539652  -0.00000000
    2    4
  0.00150347  -0.00112184     0.00534142  -0.00563289    -0.00323302   0.00221747
  0.02241921   0.00020144     0.01762671  -0.00362239    -0.00559708  -0.00396318
 -0.01342879   0.00073943    -0.00269636  -0.00383489     0.00655178  -0.00185605
    2    5
 -0.00150347  -0.00112184     0.00534142   0.00563289    -0.00323302  -0.00221747
  0.02241921  -0.00020144    -0.01762671  -0.00362239     0.00559708  -0.00396318
 -0.01342879  -0.00073943     0.00269636  -0.00383489    -0.00655178  -0.00185605
    2    6
  0.00150347   0.00112184    -0.00323302  -0.00221747     0.00534142   0.00563289
 -0.01342879  -0.00073943     0.00655178   0.00185605    -0.00269636   0.00383489
  0.02241921  -0.00020144    -0.00559708   0.00396318     0.01762671   0.00362239
    2    7
 -0.00150347   0.00112184    -0.00323302   0.00221747     0.00534142  -0.00563289
 -0.01342879   0.00073943    -0.00655178   0.00185605     0.00269636   0.00383489
  0.02241921   0.00020144     0.00559708   0.00396318    -0.01762671   0.00362239
    3    1
  0.00000000  -0.00000000    -0.01207053  -0.00499978    -0.01207053  -0.00499978
 -0.00656727  -0.00272025    -0.00585260   0.01412943    -0.00489873   0.01182658
 -0.00656727  -0.00272025     0.00489873  -0.01182658     0.00585260  -0.01412943
    3    2
 -0.00269422  -0.00000000     0.00000000  -0.00295703     0.00000000   0.00295703
  0.00000000  -0.00295703     0.00539652   0.00000000    -0.01173124  -0.00000000
 -0.00000000   0.00295703    -0.01173124  -0.00000000     0.00539652   0.00000000
    3    3
  0.01119703  -0.00000000     0.00000000   0.00270106    -0.00000000  -0.00270106
  0.00000000  -0.00270106     0.03892915   0.00000000    -0.01129777   0.00000000
  0.00000000   0.00270106    -0.01129777   0.00000000     0.03892915   0.00000000
    3    4
 -0.00150347   0.00112184     0.00534142  -0.00563289    -0.00323302   0.00221747
  0.02241921   0.00020144    -0.01762671   0.00362239     0.00559708   0.00396318
 -0.01342879   0.00073943     0.00269636   0.00383489    -0.00655178   0.00185605
    3    5
  0.00150347   0.00112184     0.00534142   0.00563289    -0.00323302  -0.00221747
  0.02241921  -0.00020144     0.01762671   0.00362239    -0.00559708   0.00396318
 -0.01342879  -0.00073943    -0.00269636   0.00383489     0.00655178   0.00185605
    3    6
 -0.00150347  -0.00112184    -0.00323302  -0.00221747     0.00534142   0.00563289
 -0.01342879  -0.00073943    -0.00655178  -0.00185605     0.00269636  -0.00383489
  0.02241921  -0.00020144     0.00559708  -0.00396318    -0.01762671  -0.00362239
    3    7
  0.00150347  -0.00112184    -0.00323302   0.00221747     0.00534142  -0.00563289
 -0.01342879   0.00073943     0.00655178  -0.00185605    -0.00269636  -0.00383489
  0.02241921   0.00020144    -0.00559708  -0.00396318     0.01762671  -0.00362239
    4    1
 -0.00471413  -0.00308501    -0.00000000  -0.00000000     0.00000000   0.00000000
 -0.00000000  -0.00000000    -0.01948438  -0.02255990     0.01200587  -0.03590812
  0.00000000   0.00000000    -0.01775276   0.02218823     0.02209784   0.01524064
    4    2
  0.00150347   0.00112184     0.02241921  -0.00020144    -0.01342879  -0.00073943
  0.00534142   0.00563289     0.01762671   0.00362239    -0.00269636   0.00383489
 -0.00323302  -0.00221747    -0.00559708   0.00396318     0.00655178   0.00185605
    4    3
 -0.00150347  -0.00112184     0.02241921  -0.00020144    -0.01342879  -0.00073943
  0.00534142   0.00563289    -0.01762671  -0.00362239     0.00269636  -0.00383489
 -0.00323302  -0.00221747     0.00559708  -0.00396318    -0.00655178  -0.00185605
    4    4
  0.02892465  -0.00000000     0.00000000  -0.00000000    -0.00000000  -0.00000000
  0.00000000   0.00000000     0.05013264  -0.00000000    -0.00836371  -0.00712627
 -0.00000000   0.00000000    -0.00836371   0.00712627     0.05523258   0.00000000
    4    5
  0.02438467   0.00021059     0.00000000  -0.00000000     0.00000000  -0.00000000
  0.00000000  -0.00000000    -0.01069297  -0.00503528     0.01323179  -0.01509496
  0.00000000  -0.00000000     0.01323179  -0.01509496    -0.01490876   0.01291629
    4    6
 -0.01689188  -0.00236301    -0.00000000   0.00000000    -0.00000000   0.00000000
 -0.00000000   0.00000000     0.00029916   0.00511729    -0.00991703   0.02077187
 -0.00000000   0.00000000    -0.03214279   0.03014605     0.00029916   0.00511729
    4    7
 -0.01703632   0.00000000    -0.00000000   0.00000000     0.00000000  -0.00000000
 -0.00000000  -0.00000000    -0.03165922  -0.00001488     0.01346278  -0.00000000
  0.00000000   0.00000000     0.02740707  -0.00000000    -0.03165922   0.00001488
    5    1
 -0.00551482  -0.00115196     0.00000000  -0.00000000    -0.00000000  -0.00000000
  0.00000000  -0.00000000    -0.02972980   0.00217471    -0.01690145   0.03388031
 -0.00000000  -0.00000000     0.00313636  -0.02824254     0.02640229   0.00484877
    5    2
 -0.00150347   0.00112184     0.02241921   0.00020144    -0.01342879   0.00073943
  0.00534142  -0.00563289    -0.01762671   0.00362239     0.00269636   0.00383489
 -0.00323302   0.00221747     0.00559708   0.00396318    -0.00655178   0.00185605
    5    3
  0.00150347  -0.00112184     0.02241921   0.00020144    -0.01342879   0.00073943
  0.00534142  -0.00563289     0.01762671  -0.00362239    -0.00269636  -0.00383489
 -0.00323302   0.00221747    -0.00559708  -0.00396318     0.00655178  -0.00185605
    5    4
  0.02438467  -0.00021059     0.00000000   0.00000000     0.00000000   0.00000000
  0.00000000   0.00000000    -0.01069297   0.00503528     0.01323179   0.01509496
  0.00000000   0.00000000     0.01323179   0.01509496    -0.01490876  -0.01291629
    5    5
  0.02892465   0.00000000     0.00000000  -0.00000000    -0.00000000  -0.00000000
  0.00000000  -0.00000000     0.05013264   0.00000000    -0.00836371   0.00712627
 -0.00000000   0.00000000    -0.00836371  -0.00712627     0.05523258  -0.00000000
    5    6
 -0.01703632   0.00000000    -0.00000000  -0.00000000     0.00000000   0.00000000
 -0.00000000  -0.00000000    -0.03165922   0.00001488     0.01346278   0.00000000
  0.00000000   0.00000000     0.02740707  -0.00000000    -0.03165922  -0.00001488
    5    7
 -0.01689188   0.00236301    -0.00000000  -0.00000000    -0.00000000  -0.00000000
 -0.00000000  -0.00000000     0.00029916  -0.00511729    -0.00991703  -0.02077187
 -0.00000000  -0.00000000    -0.03214279  -0.03014605     0.00029916  -0.00511729
    6    1
 -0.00551482  -0.00115196     0.00000000  -0.00000000     0.00000000  -0.00000000
 -0.00000000  -0.00000000     0.02640229   0.00484877     0.00313636  -0.02824254
  0.00000000  -0.00000000    -0.01690145   0.03388031    -0.02972980   0.00217471
    6    2
  0.00150347  -0.00112184    -0.01342879   0.00073943     0.02241921   0.00020144
 -0.00323302   0.00221747     0.00655178  -0.00185605    -0.00559708  -0.00396318
  0.00534142  -0.00563289    -0.00269636  -0.00383489     0.01762671  -0.00362239
    6    3
 -0.00150347   0.00112184    -0.01342879   0.00073943     0.02241921   0.00020144
 -0.00323302   0.00221747    -0.00655178   0.00185605     0.00559708   0.00396318
  0.00534142  -0.00563289     0.00269636   0.00383489    -0.01762671   0.00362239
    6    4
 -0.01689188   0.00236301    -0.00000000  -0.00000000    -0.00000000  -0.00000000
 -0.00000000  -0.00000000     0.00029916  -0.00511729    -0.03214279  -0.03014605
 -0.00000000  -0.00000000    -0.00991703  -0.02077187     0.00029916  -0.00511729
    6    5
 -0.01703632   0.00000000    -0.00000000   0.00000000     0.00000000  -0.00000000
 -0.00000000   0.00000000    -0.03165922  -0.00001488     0.02740707  -0.00000000
  0.00000000  -0.00000000     0.01346278   0.00000000    -0.03165922   0.00001488
    6    6
  0.02892465   0.00000000    -0.00000000  -0.00000000    -0.00000000   0.00000000
 -0.00000000   0.00000000     0.05523258  -0.00000000    -0.00836371  -0.00712627
 -0.00000000  -0.00000000    -0.00836371   0.00712627     0.05013264   0.00000000
    6    7
  0.02438467  -0.00021059     0.00000000   0.00000000     0.00000000   0.00000000
  0.00000000   0.00000000    -0.01490876  -0.01291629     0.01323179   0.01509496
  0.00000000   0.00000000     0.01323179   0.01509496    -0.01069297   0.00503528
    7    1
 -0.00471413  -0.00308501     0.00000000   0.00000000    -0.00000000  -0.00000000
  0.00000000   0.00000000     0.02209784   0.01524064    -0.01775276   0.02218823
 -0.00000000  -0.00000000     0.01200587  -0.03590812    -0.01948438  -0.02255990
    7    2
 -0.00150347  -0.00112184    -0.01342879  -0.00073943     0.02241921  -0.00020144
 -0.00323302  -0.00221747    -0.00655178  -0.00185605     0.00559708  -0.00396318
  0.00534142   0.00563289     0.00269636  -0.00383489    -0.01762671  -0.00362239
    7    3
  0.00150347   0.00112184    -0.01342879  -0.00073943     0.02241921  -0.00020144
 -0.00323302  -0.00221747     0.00655178   0.00185605    -0.00559708   0.00396318
  0.00534142   0.00563289    -0.00269636   0.00383489     0.01762671   0.00362239
    7    4
 -0.01703632  -0.00000000    -0.00000000   0.00000000     0.00000000  -0.00000000
 -0.00000000  -0.00000000    -0.03165922   0.00001488     0.02740707   0.00000000
  0.00000000   0.00000000     0.01346278   0.00000000    -0.03165922  -0.00001488
    7    5
 -0.01689188  -0.00236301    -0.00000000   0.00000000    -0.00000000   0.00000000
 -0.00000000   0.00000000     0.00029916   0.00511729    -0.03214279   0.03014605
 -0.00000000   0.00000000    -0.00991703   0.02077187     0.00029916   0.00511729
    7    6
  0.02438467   0.00021059     0.00000000  -0.00000000     0.00000000  -0.00000000
  0.00000000  -0.00000000    -0.01490876   0.01291629     0.01323179  -0.01509496
  0.00000000  -0.00000000     0.01323179  -0.01509496    -0.01069297  -0.00503528
    7    7
  0.02892465  -0.00000000    -0.00000000   0.00000000     0.00000000   0.00000000
 -0.00000000  -0.00000000     0.05523258  -0.00000000    -0.00836371   0.00712627
  0.00000000  -0.00000000    -0.00836371  -0.00712627     0.05013264  -0.00000000

     Dynamical  Matrix in cartesian axes

     q = (   -0.324759500  -0.866025400   0.324759500 ) 

    1    1
  0.14316591   0.00000000    -0.00000000   0.00000000     0.02070208  -0.00000000
 -0.00000000   0.00000000     0.01855016   0.00000000    -0.00000000   0.00000000
  0.02070208  -0.00000000    -0.00000000   0.00000000     0.14316591   0.00000000
    1    2
  0.01948438   0.02255990    -0.00000000  -0.00000000    -0.01775276   0.02218823
 -0.00000000  -0.00000000     0.00471413   0.00308501     0.00000000   0.00000000
  0.01200587  -0.03590812     0.00000000   0.00000000    -0.02209784  -0.01524064
    1    3
 -0.01948438   0.02255990    -0.00000000   0.00000000     0.01775276   0.02218823
 -0.00000000   0.00000000    -0.00471413   0.00308501    -0.00000000   0.00000000
 -0.01200587  -0.03590812    -0.00000000   0.00000000     0.02209784  -0.01524064
    1    4
 -0.00585260  -0.01412943    -0.01207053   0.00499978    -0.00489873  -0.01182658
 -0.00656727   0.00272025     0.00000000   0.00000000     0.00656727  -0.00272025
  0.00489873   0.01182658     0.01207053  -0.00499978     0.00585260   0.01412943
    1    5
  0.00585260  -0.01412943     0.01207053   0.00499978     0.00489873  -0.01182658
  0.00656727   0.00272025     0.00000000  -0.00000000    -0.00656727  -0.00272025
 -0.00489873   0.01182658    -0.01207053  -0.00499978    -0.00585260   0.01412943
    1    6
  0.02209784   0.01524064    -0.00000000  -0.00000000    -0.01200587   0.03590812
 -0.00000000   0.00000000    -0.00471413  -0.00308501     0.00000000   0.00000000
  0.01775276  -0.02218823     0.00000000   0.00000000    -0.01948438  -0.02255990
    1    7
 -0.02209784   0.01524064    -0.00000000   0.00000000     0.01200587   0.03590812
 -0.00000000   0.00000000     0.00471413  -0.00308501    -0.00000000   0.00000000
 -0.01775276  -0.02218823    -0.00000000   0.00000000     0.01948438  -0.02255990
    2    1
  0.01948438  -0.02255990    -0.00000000   0.00000000     0.01200587   0.03590812
  0.00000000   0.00000000     0.00471413  -0.00308501     0.00000000  -0.00000000
 -0.01775276  -0.02218823     0.00000000   0.00000000    -0.02209784   0.01524064
    2    2
  0.05013264   0.00000000    -0.00000000  -0.00000000     0.00836371  -0.00712627
 -0.00000000  -0.00000000     0.02892465   0.00000000    -0.00000000   0.00000000
  0.00836371   0.00712627    -0.00000000  -0.00000000     0.05523258  -0.00000000
    2    3
  0.00400058  -0.01112155    -0.00000000   0.00000000     0.02003003   0.00131745
 -0.00000000   0.00000000    -0.01709365   0.01739148     0.00000000  -0.00000000
  0.02003003   0.00131745     0.00000000  -0.00000000     0.01967529  -0.00140889
    2    4
 -0.00990254   0.01502538     0.00020610   0.00776001    -0.00461829  -0.00080506
 -0.01599521   0.01571034    -0.00026986   0.00185637    -0.00897273   0.01001845
 -0.00676013   0.00115535    -0.00071810   0.00385408    -0.00332038   0.00594523
    2    5
 -0.01762671   0.00362239     0.00534142  -0.00563289    -0.00269636  -0.00383489
  0.02241921   0.00020144    -0.00150347   0.00112184     0.01342879  -0.00073943
 -0.00559708  -0.00396318     0.00323302  -0.00221747    -0.00655178   0.00185605
    2    6
  0.03165922  -0.00001488    -0.00000000   0.00000000     0.01346278  -0.00000000
 -0.00000000  -0.00000000     0.01703632  -0.00000000    -0.00000000  -0.00000000
  0.02740707  -0.00000000    -0.00000000   0.00000000     0.03165922   0.00001488
    2    7
 -0.00340693  -0.00383001    -0.00000000   0.00000000     0.02170033   0.00767553
 -0.00000000   0.00000000    -0.01027346   0.01361527     0.00000000  -0.00000000
  0.04404487  -0.00141192     0.00000000  -0.00000000    -0.00340693  -0.00383001
    3    1
 -0.01948438  -0.02255990    -0.00000000  -0.00000000    -0.01200587   0.03590812
 -0.00000000  -0.00000000    -0.00471413  -0.00308501    -0.00000000  -0.00000000
  0.01775276  -0.02218823    -0.00000000  -0.00000000     0.02209784   0.01524064
    3    2
  0.00400058   0.01112155    -0.00000000  -0.00000000     0.02003003  -0.00131745
 -0.00000000  -0.00000000    -0.01709365  -0.01739148     0.00000000   0.00000000
  0.02003003  -0.00131745     0.00000000   0.00000000     0.01967529   0.00140889
    3    3
  0.05013264   0.00000000     0.00000000   0.00000000     0.00836371   0.00712627
 -0.00000000   0.00000000     0.02892465  -0.00000000    -0.00000000   0.00000000
  0.00836371  -0.00712627    -0.00000000   0.00000000     0.05523258   0.00000000
    3    4
 -0.01762671  -0.00362239     0.00534142   0.00563289    -0.00269636   0.00383489
  0.02241921  -0.00020144    -0.00150347  -0.00112184     0.01342879   0.00073943
 -0.00559708   0.00396318     0.00323302   0.00221747    -0.00655178  -0.00185605
    3    5
 -0.00990254  -0.01502538     0.00020610  -0.00776001    -0.00461829   0.00080506
 -0.01599521  -0.01571034    -0.00026986  -0.00185637    -0.00897273  -0.01001845
 -0.00676013  -0.00115535    -0.00071810  -0.00385408    -0.00332038  -0.00594523
    3    6
 -0.00340693   0.00383001    -0.00000000  -0.00000000     0.02170033  -0.00767553
 -0.00000000  -0.00000000    -0.01027346  -0.01361527     0.00000000   0.00000000
  0.04404487   0.00141192     0.00000000   0.00000000    -0.00340693   0.00383001
    3    7
  0.03165922   0.00001488    -0.00000000  -0.00000000     0.01346278   0.00000000
 -0.00000000   0.00000000     0.01703632   0.00000000    -0.00000000   0.00000000
  0.02740707   0.00000000    -0.00000000  -0.00000000     0.03165922  -0.00001488
    4    1
 -0.00585260   0.01412943    -0.00656727  -0.00272025     0.00489873  -0.01182658
 -0.01207053  -0.00499978     0.00000000  -0.00000000     0.01207053   0.00499978
 -0.00489873   0.01182658     0.00656727   0.00272025     0.00585260  -0.01412943
    4    2
 -0.00990254  -0.01502538    -0.01599521  -0.01571034    -0.00676013  -0.00115535
  0.00020610  -0.00776001    -0.00026986  -0.00185637    -0.00071810  -0.00385408
 -0.00461829   0.00080506    -0.00897273  -0.01001845    -0.00332038  -0.00594523
    4    3
 -0.01762671   0.00362239     0.02241921   0.00020144    -0.00559708  -0.00396318
  0.00534142  -0.00563289    -0.00150347   0.00112184     0.00323302  -0.00221747
 -0.00269636  -0.00383489     0.01342879  -0.00073943    -0.00655178   0.00185605
    4    4
  0.03892915  -0.00000000    -0.00000000  -0.00270106     0.01129777   0.00000000
 -0.00000000   0.00270106     0.01119703   0.00000000    -0.00000000   0.00270106
  0.01129777  -0.00000000    -0.00000000  -0.00270106     0.03892915   0.00000000
    4    5
 -0.00381592  -0.00381592    -0.00209094   0.00209094    -0.00829524  -0.00829524
 -0.00209094   0.00209094     0.00190510   0.00190510    -0.00209094   0.00209094
 -0.00829524  -0.00829524    -0.00209094   0.00209094    -0.00381592  -0.00381592
    4    6
 -0.00332038  -0.00594523    -0.00897273  -0.01001845    -0.00461829   0.00080506
 -0.00071810  -0.00385408    -0.00026986  -0.00185637     0.00020610  -0.00776001
 -0.00676013  -0.00115535    -0.01599521  -0.01571034    -0.00990254  -0.01502538
    4    7
 -0.00655178   0.00185605     0.01342879  -0.00073943    -0.00269636  -0.00383489
  0.00323302  -0.00221747    -0.00150347   0.00112184     0.00534142  -0.00563289
 -0.00559708  -0.00396318     0.02241921   0.00020144    -0.01762671   0.00362239
    5    1
  0.00585260   0.01412943     0.00656727  -0.00272025    -0.00489873  -0.01182658
  0.01207053  -0.00499978     0.00000000   0.00000000    -0.01207053   0.00499978
  0.00489873   0.01182658    -0.00656727   0.00272025    -0.00585260  -0.01412943
    5    2
 -0.01762671  -0.00362239     0.02241921  -0.00020144    -0.00559708   0.00396318
  0.00534142   0.00563289    -0.00150347  -0.00112184     0.00323302   0.00221747
 -0.00269636   0.00383489     0.01342879   0.00073943    -0.00655178  -0.00185605
    5    3
 -0.00990254   0.01502538    -0.01599521   0.01571034    -0.00676013   0.00115535
  0.00020610   0.00776001    -0.00026986   0.00185637    -0.00071810   0.00385408
 -0.00461829  -0.00080506    -0.00897273   0.01001845    -0.00332038   0.00594523
    5    4
 -0.00381592   0.00381592    -0.00209094  -0.00209094    -0.00829524   0.00829524
 -0.00209094  -0.00209094     0.00190510  -0.00190510    -0.00209094  -0.00209094
 -0.00829524   0.00829524    -0.00209094  -0.00209094    -0.00381592   0.00381592
    5    5
  0.03892915   0.00000000    -0.00000000   0.00270106     0.01129777   0.00000000
 -0.00000000  -0.00270106     0.01119703   0.00000000    -0.00000000  -0.00270106
  0.01129777  -0.00000000    -0.00000000   0.00270106     0.03892915  -0.00000000
    5    6
 -0.00655178  -0.00185605     0.01342879   0.00073943    -0.00269636   0.00383489
  0.00323302   0.00221747    -0.00150347  -0.00112184     0.00534142   0.00563289
 -0.00559708   0.00396318     0.02241921  -0.00020144    -0.01762671  -0.00362239
    5    7
 -0.00332038   0.00594523    -0.00897273   0.01001845    -0.00461829  -0.00080506
 -0.00071810   0.00385408    -0.00026986   0.00185637     0.00020610   0.00776001
 -0.00676013   0.00115535    -0.01599521   0.01571034    -0.00990254   0.01502538
    6    1
  0.02209784  -0.01524064    -0.00000000   0.00000000     0.01775276   0.02218823
 -0.00000000   0.00000000    -0.00471413   0.00308501     0.00000000  -0.00000000
 -0.01200587  -0.03590812     0.00000000  -0.00000000    -0.01948438   0.02255990
    6    2
  0.03165922   0.00001488    -0.00000000   0.00000000     0.02740707   0.00000000
 -0.00000000  -0.00000000     0.01703632   0.00000000    -0.00000000  -0.00000000
  0.01346278   0.00000000    -0.00000000   0.00000000     0.03165922  -0.00001488
    6    3
 -0.00340693  -0.00383001    -0.00000000   0.00000000     0.04404487  -0.00141192
 -0.00000000   0.00000000    -0.01027346   0.01361527     0.00000000  -0.00000000
  0.02170033   0.00767553     0.00000000  -0.00000000    -0.00340693  -0.00383001
    6    4
 -0.00332038   0.00594523    -0.00071810   0.00385408    -0.00676013   0.00115535
 -0.00897273   0.01001845    -0.00026986   0.00185637    -0.01599521   0.01571034
 -0.00461829  -0.00080506     0.00020610   0.00776001    -0.00990254   0.01502538
    6    5
 -0.00655178   0.00185605     0.00323302  -0.00221747    -0.00559708  -0.00396318
  0.01342879  -0.00073943    -0.00150347   0.00112184     0.02241921   0.00020144
 -0.00269636  -0.00383489     0.00534142  -0.00563289    -0.01762671   0.00362239
    6    6
  0.05523258  -0.00000000    -0.00000000  -0.00000000     0.00836371   0.00712627
 -0.00000000   0.00000000     0.02892465   0.00000000    -0.00000000   0.00000000
  0.00836371  -0.00712627    -0.00000000   0.00000000     0.05013264   0.00000000
    6    7
  0.01967529  -0.00140889    -0.00000000   0.00000000     0.02003003   0.00131745
 -0.00000000   0.00000000    -0.01709365   0.01739148     0.00000000  -0.00000000
  0.02003003   0.00131745     0.00000000  -0.00000000     0.00400059  -0.01112155
    7    1
 -0.02209784  -0.01524064    -0.00000000  -0.00000000    -0.01775276   0.02218823
 -0.00000000  -0.00000000     0.00471413   0.00308501    -0.00000000  -0.00000000
  0.01200587  -0.03590812    -0.00000000  -0.00000000     0.01948438   0.02255990
    7    2
 -0.00340693   0.00383001    -0.00000000  -0.00000000     0.04404487   0.00141192
 -0.00000000  -0.00000000    -0.01027346  -0.01361527     0.00000000   0.00000000
  0.02170033  -0.00767553     0.00000000   0.00000000    -0.00340693   0.00383001
    7    3
  0.03165922  -0.00001488    -0.00000000  -0.00000000     0.02740707  -0.00000000
 -0.00000000   0.00000000     0.01703632  -0.00000000    -0.00000000   0.00000000
  0.01346278  -0.00000000    -0.00000000  -0.00000000     0.03165922   0.00001488
    7    4
 -0.00655178  -0.00185605     0.00323302   0.00221747    -0.00559708   0.00396318
  0.01342879   0.00073943    -0.00150347  -0.00112184     0.02241921  -0.00020144
 -0.00269636   0.00383489     0.00534142   0.00563289    -0.01762671  -0.00362239
    7    5
 -0.00332038  -0.00594523    -0.00071810  -0.00385408    -0.00676013  -0.00115535
 -0.00897273  -0.01001845    -0.00026986  -0.00185637    -0.01599521  -0.01571034
 -0.00461829   0.00080506     0.00020610  -0.00776001    -0.00990254  -0.01502538
    7    6
  0.01967529   0.00140889    -0.00000000  -0.00000000     0.02003003  -0.00131745
 -0.00000000  -0.00000000    -0.01709365  -0.01739148     0.00000000   0.00000000
  0.02003003  -0.00131745     0.00000000   0.00000000     0.00400059   0.01112155
    7    7
  0.05523258   0.00000000     0.00000000   0.00000000     0.00836371  -0.00712627
  0.00000000  -0.00000000     0.02892465  -0.00000000    -0.00000000   0.00000000
  0.00836371   0.00712627    -0.00000000   0.00000000     0.05013264  -0.00000000

     Dynamical  Matrix in cartesian axes

     q = (    0.324759500   0.866025400   0.324759500 ) 

    1    1
  0.14316591   0.00000000     0.00000000  -0.00000000    -0.02070208   0.00000000
  0.00000000   0.00000000     0.01855016  -0.00000000    -0.00000000   0.00000000
 -0.02070208   0.00000000    -0.00000000  -0.00000000     0.14316591   0.00000000
    1    2
 -0.02972980   0.00217471    -0.00000000  -0.00000000     0.00313636  -0.02824254
 -0.00000000   0.00000000    -0.00551482  -0.00115196     0.00000000   0.00000000
 -0.01690145   0.03388031     0.00000000  -0.00000000     0.02640229   0.00484877
    1    3
 -0.01948438  -0.02255990     0.00000000  -0.00000000    -0.01775276   0.02218823
 -0.00000000   0.00000000    -0.00471413  -0.00308501    -0.00000000  -0.00000000
  0.01200587  -0.03590812    -0.00000000  -0.00000000     0.02209784   0.01524064
    1    4
 -0.00585260   0.01412943    -0.01207053  -0.00499978     0.00489873  -0.01182658
 -0.00656727  -0.00272025    -0.00000000   0.00000000    -0.00656727  -0.00272025
 -0.00489873   0.01182658    -0.01207053  -0.00499978     0.00585260  -0.01412943
    1    5
  0.00585260  -0.01412943    -0.01207053  -0.00499978    -0.00489873   0.01182658
 -0.00656727  -0.00272025    -0.00000000   0.00000000    -0.00656727  -0.00272025
  0.00489873  -0.01182658    -0.01207053  -0.00499978    -0.00585260   0.01412943
    1    6
  0.02209784   0.01524064    -0.00000000   0.00000000     0.01200587  -0.03590812
  0.00000000  -0.00000000    -0.00471413  -0.00308501     0.00000000   0.00000000
 -0.01775276   0.02218823     0.00000000   0.00000000    -0.01948438  -0.02255990
    1    7
  0.02640229   0.00484877     0.00000000  -0.00000000    -0.01690145   0.03388031
  0.00000000   0.00000000    -0.00551482  -0.00115196    -0.00000000   0.00000000
  0.00313636  -0.02824254    -0.00000000  -0.00000000    -0.02972980   0.00217471
    2    1
 -0.02972980  -0.00217471    -0.00000000  -0.00000000    -0.01690145  -0.03388031
 -0.00000000   0.00000000    -0.00551482   0.00115196     0.00000000   0.00000000
  0.00313636   0.02824254     0.00000000  -0.00000000     0.02640229  -0.00484877
    2    2
  0.05013264  -0.00000000    -0.00000000   0.00000000    -0.00836371  -0.00712627
  0.00000000  -0.00000000     0.02892465  -0.00000000    -0.00000000  -0.00000000
 -0.00836371   0.00712627    -0.00000000   0.00000000     0.05523258   0.00000000
    2    3
 -0.01069297  -0.00503528     0.00000000  -0.00000000     0.01323179  -0.01509496
  0.00000000  -0.00000000     0.02438467   0.00021059     0.00000000  -0.00000000
  0.01323179  -0.01509496     0.00000000  -0.00000000    -0.01490876   0.01291629
    2    4
  0.01762671   0.00362239     0.00534142   0.00563289    -0.00269636   0.00383489
  0.02241921  -0.00020144     0.00150347   0.00112184    -0.01342879  -0.00073943
 -0.00559708   0.00396318    -0.00323302  -0.00221747     0.00655178   0.00185605
    2    5
 -0.01762671  -0.00362239     0.00534142   0.00563289     0.00269636  -0.00383489
  0.02241921  -0.00020144    -0.00150347  -0.00112184    -0.01342879  -0.00073943
  0.00559708  -0.00396318    -0.00323302  -0.00221747    -0.00655178  -0.00185605
    2    6
  0.00029916   0.00511729    -0.00000000   0.00000000    -0.00991703   0.02077187
 -0.00000000   0.00000000    -0.01689188  -0.00236301    -0.00000000   0.00000000
 -0.03214279   0.03014605    -0.00000000   0.00000000     0.00029916   0.00511729
    2    7
 -0.03165922  -0.00001488    -0.00000000   0.00000000     0.01346278  -0.00000000
 -0.00000000  -0.00000000    -0.01703632   0.00000000     0.00000000   0.00000000
  0.02740707  -0.00000000     0.00000000  -0.00000000    -0.03165922   0.00001488
    3    1
 -0.01948438   0.02255990    -0.00000000  -0.00000000     0.01200587   0.03590812
  0.00000000   0.00000000    -0.00471413   0.00308501    -0.00000000   0.00000000
 -0.01775276  -0.02218823    -0.00000000   0.00000000     0.02209784  -0.01524064
    3    2
 -0.01069297   0.00503528     0.00000000   0.00000000     0.01323179   0.01509496
  0.00000000   0.00000000     0.02438467  -0.00021059     0.00000000   0.00000000
  0.01323179   0.01509496     0.00000000   0.00000000    -0.01490876  -0.01291629
    3    3
  0.05013264   0.00000000     0.00000000  -0.00000000    -0.00836371   0.00712627
  0.00000000  -0.00000000     0.02892465   0.00000000    -0.00000000  -0.00000000
 -0.00836371  -0.00712627    -0.00000000   0.00000000     0.05523258  -0.00000000
    3    4
 -0.01762671   0.00362239     0.00534142  -0.00563289     0.00269636   0.00383489
  0.02241921   0.00020144    -0.00150347   0.00112184    -0.01342879   0.00073943
  0.00559708   0.00396318    -0.00323302   0.00221747    -0.00655178   0.00185605
    3    5
  0.01762671  -0.00362239     0.00534142  -0.00563289    -0.00269636  -0.00383489
  0.02241921   0.00020144     0.00150347  -0.00112184    -0.01342879   0.00073943
 -0.00559708  -0.00396318    -0.00323302   0.00221747     0.00655178  -0.00185605
    3    6
 -0.03165922   0.00001488    -0.00000000  -0.00000000     0.01346278  -0.00000000
 -0.00000000   0.00000000    -0.01703632   0.00000000    -0.00000000  -0.00000000
  0.02740707  -0.00000000     0.00000000   0.00000000    -0.03165922  -0.00001488
    3    7
  0.00029916  -0.00511729    -0.00000000  -0.00000000    -0.00991703  -0.02077187
 -0.00000000  -0.00000000    -0.01689188   0.00236301    -0.00000000  -0.00000000
 -0.03214279  -0.03014605    -0.00000000  -0.00000000     0.00029916  -0.00511729
    4    1
 -0.00585260  -0.01412943    -0.00656727   0.00272025    -0.00489873  -0.01182658
 -0.01207053   0.00499978    -0.00000000  -0.00000000    -0.01207053   0.00499978
  0.00489873   0.01182658    -0.00656727   0.00272025     0.00585260   0.01412943
    4    2
  0.01762671  -0.00362239     0.02241921   0.00020144    -0.00559708  -0.00396318
  0.00534142  -0.00563289     0.00150347  -0.00112184    -0.00323302   0.00221747
 -0.00269636  -0.00383489    -0.01342879   0.00073943     0.00655178  -0.00185605
    4    3
 -0.01762671  -0.00362239     0.02241921  -0.00020144     0.00559708  -0.00396318
  0.00534142   0.00563289    -0.00150347  -0.00112184    -0.00323302  -0.00221747
  0.00269636  -0.00383489    -0.01342879  -0.00073943    -0.00655178  -0.00185605
    4    4
  0.03892915   0.00000000     0.00000000   0.00270106    -0.01129777  -0.00000000
  0.00000000  -0.00270106     0.01119703  -0.00000000    -0.00000000   0.00270106
 -0.01129777   0.00000000    -0.00000000  -0.00270106     0.03892915  -0.00000000
    4    5
  0.00539652   0.00000000     0.00000000   0.00295703    -0.01173124  -0.00000000
  0.00000000   0.00295703    -0.00269422  -0.00000000     0.00000000  -0.00295703
 -0.01173124  -0.00000000     0.00000000  -0.00295703     0.00539652   0.00000000
    4    6
  0.00655178   0.00185605    -0.01342879  -0.00073943    -0.00269636   0.00383489
 -0.00323302  -0.00221747     0.00150347   0.00112184     0.00534142   0.00563289
 -0.00559708   0.00396318     0.02241921  -0.00020144     0.01762671   0.00362239
    4    7
 -0.00655178   0.00185605    -0.01342879   0.00073943     0.00269636   0.00383489
 -0.00323302   0.00221747    -0.00150347   0.00112184     0.00534142  -0.00563289
  0.00559708   0.00396318     0.02241921   0.00020144    -0.01762671   0.00362239
    5    1
  0.00585260   0.01412943    -0.00656727   0.00272025     0.00489873   0.01182658
 -0.01207053   0.00499978    -0.00000000  -0.00000000    -0.01207053   0.00499978
 -0.00489873  -0.01182658    -0.00656727   0.00272025    -0.00585260  -0.01412943
    5    2
 -0.01762671   0.00362239     0.02241921   0.00020144     0.00559708   0.00396318
  0.00534142  -0.00563289    -0.00150347   0.00112184    -0.00323302   0.00221747
  0.00269636   0.00383489    -0.01342879   0.00073943    -0.00655178   0.00185605
    5    3
  0.01762671   0.00362239     0.02241921  -0.00020144    -0.00559708   0.00396318
  0.00534142   0.00563289     0.00150347   0.00112184    -0.00323302  -0.00221747
 -0.00269636   0.00383489    -0.01342879  -0.00073943     0.00655178   0.00185605
    5    4
  0.00539652  -0.00000000     0.00000000  -0.00295703    -0.01173124   0.00000000
  0.00000000  -0.00295703    -0.00269422   0.00000000     0.00000000   0.00295703
 -0.01173124   0.00000000     0.00000000   0.00295703     0.00539652  -0.00000000
    5    5
  0.03892915  -0.00000000     0.00000000  -0.00270106    -0.01129777   0.00000000
  0.00000000   0.00270106     0.01119703   0.00000000    -0.00000000  -0.00270106
 -0.01129777   0.00000000    -0.00000000   0.00270106     0.03892915   0.00000000
    5    6
 -0.00655178  -0.00185605    -0.01342879  -0.00073943     0.00269636  -0.00383489
 -0.00323302  -0.00221747    -0.00150347  -0.00112184     0.00534142   0.00563289
  0.00559708  -0.00396318     0.02241921  -0.00020144    -0.01762671  -0.00362239
    5    7
  0.00655178  -0.00185605    -0.01342879   0.00073943    -0.00269636  -0.00383489
 -0.00323302   0.00221747     0.00150347  -0.00112184     0.00534142  -0.00563289
 -0.00559708  -0.00396318     0.02241921   0.00020144     0.01762671  -0.00362239
    6    1
  0.02209784  -0.01524064    -0.00000000   0.00000000    -0.01775276  -0.02218823
 -0.00000000   0.00000000    -0.00471413   0.00308501     0.00000000  -0.00000000
  0.01200587   0.03590812     0.00000000  -0.00000000    -0.01948438   0.02255990
    6    2
  0.00029916  -0.00511729    -0.00000000  -0.00000000    -0.03214279  -0.03014605
 -0.00000000  -0.00000000    -0.01689188   0.00236301    -0.00000000  -0.00000000
 -0.00991703  -0.02077187    -0.00000000  -0.00000000     0.00029916  -0.00511729
    6    3
 -0.03165922  -0.00001488    -0.00000000  -0.00000000     0.02740707   0.00000000
 -0.00000000   0.00000000    -0.01703632  -0.00000000     0.00000000  -0.00000000
  0.01346278   0.00000000     0.00000000   0.00000000    -0.03165922   0.00001488
    6    4
  0.00655178  -0.00185605    -0.00323302   0.00221747    -0.00559708  -0.00396318
 -0.01342879   0.00073943     0.00150347  -0.00112184     0.02241921   0.00020144
 -0.00269636  -0.00383489     0.00534142  -0.00563289     0.01762671  -0.00362239
    6    5
 -0.00655178   0.00185605    -0.00323302   0.00221747     0.00559708   0.00396318
 -0.01342879   0.00073943    -0.00150347   0.00112184     0.02241921   0.00020144
  0.00269636   0.00383489     0.00534142  -0.00563289    -0.01762671   0.00362239
    6    6
  0.05523258  -0.00000000    -0.00000000   0.00000000    -0.00836371  -0.00712627
 -0.00000000  -0.00000000     0.02892465   0.00000000    -0.00000000   0.00000000
 -0.00836371   0.00712627    -0.00000000  -0.00000000     0.05013264   0.00000000
    6    7
 -0.01490876  -0.01291629     0.00000000   0.00000000     0.01323179   0.01509496
  0.00000000   0.00000000     0.02438467  -0.00021059     0.00000000   0.00000000
  0.01323179   0.01509496     0.00000000   0.00000000    -0.01069297   0.00503528
    7    1
  0.02640229  -0.00484877     0.00000000  -0.00000000     0.00313636   0.02824254
  0.00000000   0.00000000    -0.00551482   0.00115196    -0.00000000   0.00000000
 -0.01690145  -0.03388031    -0.00000000  -0.00000000    -0.02972980  -0.00217471
    7    2
 -0.03165922   0.00001488    -0.00000000   0.00000000     0.02740707   0.00000000
 -0.00000000  -0.00000000    -0.01703632  -0.00000000     0.00000000   0.00000000
  0.01346278   0.00000000     0.00000000  -0.00000000    -0.03165922  -0.00001488
    7    3
  0.00029916   0.00511729    -0.00000000   0.00000000    -0.03214279   0.03014605
 -0.00000000   0.00000000    -0.01689188  -0.00236301    -0.00000000   0.00000000
 -0.00991703   0.02077187    -0.00000000   0.00000000     0.00029916   0.00511729
    7    4
 -0.00655178  -0.00185605    -0.00323302  -0.00221747     0.00559708  -0.00396318
 -0.01342879  -0.00073943    -0.00150347  -0.00112184     0.02241921  -0.00020144
  0.00269636  -0.00383489     0.00534142   0.00563289    -0.01762671  -0.00362239
    7    5
  0.00655178   0.00185605    -0.00323302  -0.00221747    -0.00559708   0.00396318
 -0.01342879  -0.00073943     0.00150347   0.00112184     0.02241921  -0.00020144
 -0.00269636   0.00383489     0.00534142   0.00563289     0.01762671   0.00362239
    7    6
 -0.01490876   0.01291629     0.00000000  -0.00000000     0.01323179  -0.01509496
  0.00000000  -0.00000000     0.02438467   0.00021059     0.00000000  -0.00000000
  0.01323179  -0.01509496     0.00000000  -0.00000000    -0.01069297  -0.00503528
    7    7
  0.05523258   0.00000000    -0.00000000  -0.00000000    -0.00836371   0.00712627
 -0.00000000   0.00000000     0.02892465  -0.00000000    -0.00000000   0.00000000
 -0.00836371  -0.00712627    -0.00000000   0.00000000     0.05013264  -0.00000000

     Dynamical  Matrix in cartesian axes

     q = (   -0.324759500   0.866025400  -0.324759500 ) 

    1    1
  0.14316591   0.00000000     0.00000000  -0.00000000    -0.02070208   0.00000000
  0.00000000   0.00000000     0.01855016  -0.00000000    -0.00000000   0.00000000
 -0.02070208   0.00000000    -0.00000000  -0.00000000     0.14316591   0.00000000
    1    2
 -0.02972980  -0.00217471     0.00000000  -0.00000000     0.00313636   0.02824254
  0.00000000   0.00000000    -0.00551482   0.00115196    -0.00000000   0.00000000
 -0.01690145  -0.03388031    -0.00000000   0.00000000     0.02640229  -0.00484877
    1    3
 -0.01948438   0.02255990     0.00000000  -0.00000000    -0.01775276  -0.02218823
  0.00000000  -0.00000000    -0.00471413   0.00308501    -0.00000000   0.00000000
  0.01200587   0.03590812    -0.00000000   0.00000000     0.02209784  -0.01524064
    1    4
 -0.00585260  -0.01412943    -0.01207053   0.00499978     0.00489873   0.01182658
 -0.00656727   0.00272025    -0.00000000  -0.00000000    -0.00656727   0.00272025
 -0.00489873  -0.01182658    -0.01207053   0.00499978     0.00585260   0.01412943
    1    5
  0.00585260   0.01412943    -0.01207053   0.00499978    -0.00489873  -0.01182658
 -0.00656727   0.00272025    -0.00000000  -0.00000000    -0.00656727   0.00272025
  0.00489873   0.01182658    -0.01207053   0.00499978    -0.00585260  -0.01412943
    1    6
  0.02209784  -0.01524064    -0.00000000   0.00000000     0.01200587   0.03590812
 -0.00000000   0.00000000    -0.00471413   0.00308501     0.00000000  -0.00000000
 -0.01775276  -0.02218823     0.00000000  -0.00000000    -0.01948438   0.02255990
    1    7
  0.02640229  -0.00484877    -0.00000000   0.00000000    -0.01690145  -0.03388031
 -0.00000000  -0.00000000    -0.00551482   0.00115196     0.00000000   0.00000000
