  3.500000000000000E-002   1.26001304832687        2.38111420361614     
           2

     Dynamical  Matrix in cartesian axes

     q = (    0.433012700   0.433012700   0.433012700 ) 

    1    1
  0.05716168   0.00000000    -0.00000000   0.00000000    -0.00000000   0.00000000
 -0.00000000   0.00000000     0.05716168   0.00000000     0.00000000   0.00000000
 -0.00000000   0.00000000    -0.00000000   0.00000000     0.05716168   0.00000000
    1    2
  0.00000000  -0.00000000     0.00000000  -0.00705801    -0.00705801  -0.00000000
 -0.00000000   0.00478340    -0.00000000   0.00000000     0.00000000   0.00000000
  0.00478340   0.00000000     0.00000000  -0.00000000    -0.00000000   0.00000000
    1    3
 -0.00000000  -0.00000000    -0.00705801  -0.00000000     0.00000000  -0.00705801
  0.00478340   0.00000000    -0.00000000   0.00000000     0.00000000  -0.00000000
 -0.00000000   0.00478340     0.00000000  -0.00000000     0.00000000   0.00000000
    1    4
  0.00000000   0.00000000     0.00478340   0.00000000     0.00000000   0.00000000
 -0.00705801  -0.00000000     0.00000000  -0.00000000     0.00000000  -0.00705801
  0.00000000   0.00000000    -0.00000000   0.00478340     0.00000000   0.00000000
    1    5
 -0.00000000   0.00000000    -0.00000000   0.00478340     0.00000000   0.00000000
  0.00000000  -0.00705801    -0.00000000  -0.00000000    -0.00705801  -0.00000000
  0.00000000   0.00000000     0.00478340   0.00000000    -0.00000000   0.00000000
    1    6
  0.00000000   0.00000000     0.00000000   0.00000000    -0.00000000   0.00478340
  0.00000000   0.00000000     0.00000000   0.00000000     0.00478340   0.00000000
  0.00000000  -0.00705801    -0.00705801  -0.00000000     0.00000000  -0.00000000
    1    7
 -0.00000000   0.00000000     0.00000000  -0.00000000     0.00478340   0.00000000
  0.00000000  -0.00000000     0.00000000   0.00000000    -0.00000000   0.00478340
 -0.00705801  -0.00000000     0.00000000  -0.00705801    -0.00000000  -0.00000000
    2    1
  0.00000000   0.00000000    -0.00000000  -0.00478340     0.00478340  -0.00000000
  0.00000000   0.00705801     0.00000000  -0.00000000     0.00000000  -0.00000000
 -0.00705801   0.00000000     0.00000000  -0.00000000    -0.00000000  -0.00000000
    2    2
  0.06292188   0.00000000    -0.00000000   0.00000000    -0.00000000   0.00000000
 -0.00000000  -0.00000000     0.05798610   0.00000000    -0.00000000   0.00298079
 -0.00000000   0.00000000    -0.00000000  -0.00298079     0.05798610  -0.00000000
    2    3
 -0.00000000  -0.00000000     0.00000000   0.00000000     0.00000000  -0.00000000
  0.00000000   0.00000000     0.00000000   0.02614867    -0.00642422   0.00000000
  0.00000000  -0.00000000    -0.00642422   0.00000000    -0.00000000  -0.02614867
    2    4
  0.00000000   0.01539164     0.00000000   0.02743576    -0.00763941  -0.00000000
 -0.00000000   0.04012035     0.00000000   0.01539164    -0.00923175  -0.00000000
 -0.00923175  -0.00000000    -0.00763941  -0.00000000    -0.00000000   0.01483673
    2    5
 -0.01539164  -0.00000000     0.02743576   0.00000000    -0.00000000   0.00763941
  0.04012035  -0.00000000    -0.01539164   0.00000000    -0.00000000  -0.00923175
 -0.00000000   0.00923175    -0.00000000  -0.00763941    -0.01483673   0.00000000
    2    6
  0.00000000  -0.01539164    -0.00763941   0.00000000     0.00000000  -0.02743576
 -0.00923175   0.00000000    -0.00000000  -0.01483673    -0.00763941   0.00000000
 -0.00000000  -0.04012035    -0.00923175   0.00000000     0.00000000  -0.01539164
    2    7
 -0.01539164   0.00000000    -0.00000000  -0.00763941     0.02743576   0.00000000
 -0.00000000  -0.00923175    -0.01483673  -0.00000000     0.00000000   0.00763941
  0.04012035  -0.00000000     0.00000000   0.00923175    -0.01539164   0.00000000
    3    1
  0.00000000   0.00000000     0.00478340  -0.00000000    -0.00000000  -0.00478340
 -0.00705801   0.00000000    -0.00000000  -0.00000000     0.00000000  -0.00000000
  0.00000000   0.00705801     0.00000000   0.00000000     0.00000000  -0.00000000
    3    2
 -0.00000000   0.00000000     0.00000000  -0.00000000     0.00000000   0.00000000
  0.00000000  -0.00000000     0.00000000  -0.02614867    -0.00642422  -0.00000000
  0.00000000   0.00000000    -0.00642422  -0.00000000    -0.00000000   0.02614867
    3    3
  0.06292188  -0.00000000    -0.00000000  -0.00000000    -0.00000000   0.00000000
 -0.00000000   0.00000000     0.05798610  -0.00000000    -0.00000000  -0.00298079
 -0.00000000  -0.00000000    -0.00000000   0.00298079     0.05798610   0.00000000
    3    4
 -0.01539164   0.00000000     0.02743576  -0.00000000    -0.00000000  -0.00763941
  0.04012035  -0.00000000    -0.01539164   0.00000000    -0.00000000   0.00923175
 -0.00000000  -0.00923175     0.00000000   0.00763941    -0.01483673   0.00000000
    3    5
  0.00000000  -0.01539164     0.00000000  -0.02743576    -0.00763941   0.00000000
 -0.00000000  -0.04012035     0.00000000  -0.01539164    -0.00923175   0.00000000
 -0.00923175   0.00000000    -0.00763941   0.00000000    -0.00000000  -0.01483673
    3    6
 -0.01539164  -0.00000000    -0.00000000   0.00763941     0.02743576   0.00000000
 -0.00000000   0.00923175    -0.01483673  -0.00000000     0.00000000  -0.00763941
  0.04012035   0.00000000     0.00000000  -0.00923175    -0.01539164  -0.00000000
    3    7
  0.00000000   0.01539164    -0.00763941  -0.00000000     0.00000000   0.02743576
 -0.00923175  -0.00000000    -0.00000000   0.01483673    -0.00763941  -0.00000000
 -0.00000000   0.04012035    -0.00923175  -0.00000000     0.00000000   0.01539164
    4    1
  0.00000000  -0.00000000    -0.00705801   0.00000000     0.00000000   0.00000000
  0.00478340  -0.00000000     0.00000000   0.00000000    -0.00000000  -0.00478340
  0.00000000   0.00000000     0.00000000   0.00705801     0.00000000  -0.00000000
    4    2
  0.00000000  -0.01539164    -0.00000000  -0.04012035    -0.00923175   0.00000000
  0.00000000  -0.02743576     0.00000000  -0.01539164    -0.00763941   0.00000000
 -0.00763941   0.00000000    -0.00923175   0.00000000    -0.00000000  -0.01483673
    4    3
 -0.01539164  -0.00000000     0.04012035   0.00000000    -0.00000000   0.00923175
  0.02743576   0.00000000    -0.01539164  -0.00000000     0.00000000  -0.00763941
  0.00000000   0.00763941     0.00000000  -0.00923175    -0.01483673  -0.00000000
    4    4
  0.05798610  -0.00000000    -0.00000000   0.00000000    -0.00000000  -0.00298079
  0.00000000  -0.00000000     0.06292188  -0.00000000    -0.00000000   0.00000000
 -0.00000000   0.00298079    -0.00000000   0.00000000     0.05798610  -0.00000000
    4    5
  0.00000000  -0.02614867     0.00000000  -0.00000000    -0.00642422  -0.00000000
  0.00000000  -0.00000000    -0.00000000  -0.00000000     0.00000000   0.00000000
 -0.00642422  -0.00000000     0.00000000   0.00000000    -0.00000000   0.02614867
    4    6
 -0.00000000   0.01483673    -0.00923175  -0.00000000    -0.00763941  -0.00000000
 -0.00763941  -0.00000000     0.00000000   0.01539164     0.00000000   0.02743576
 -0.00923175  -0.00000000    -0.00000000   0.04012035     0.00000000   0.01539164
    4    7
 -0.01483673  -0.00000000    -0.00000000   0.00923175     0.00000000  -0.00763941
 -0.00000000   0.00763941    -0.01539164  -0.00000000     0.02743576   0.00000000
  0.00000000  -0.00923175     0.04012035   0.00000000    -0.01539164  -0.00000000
    5    1
 -0.00000000  -0.00000000     0.00000000   0.00705801     0.00000000   0.00000000
 -0.00000000  -0.00478340     0.00000000   0.00000000     0.00478340  -0.00000000
  0.00000000  -0.00000000    -0.00705801   0.00000000    -0.00000000  -0.00000000
    5    2
 -0.01539164   0.00000000     0.04012035   0.00000000    -0.00000000  -0.00923175
  0.02743576   0.00000000    -0.01539164  -0.00000000    -0.00000000   0.00763941
 -0.00000000  -0.00763941    -0.00000000   0.00923175    -0.01483673   0.00000000
    5    3
  0.00000000   0.01539164    -0.00000000   0.04012035    -0.00923175  -0.00000000
  0.00000000   0.02743576     0.00000000   0.01539164    -0.00763941  -0.00000000
 -0.00763941  -0.00000000    -0.00923175  -0.00000000    -0.00000000   0.01483673
    5    4
  0.00000000   0.02614867     0.00000000   0.00000000    -0.00642422   0.00000000
  0.00000000   0.00000000    -0.00000000   0.00000000     0.00000000  -0.00000000
 -0.00642422   0.00000000     0.00000000  -0.00000000    -0.00000000  -0.02614867
    5    5
  0.05798610   0.00000000    -0.00000000  -0.00000000    -0.00000000   0.00298079
  0.00000000   0.00000000     0.06292188   0.00000000    -0.00000000   0.00000000
 -0.00000000  -0.00298079    -0.00000000   0.00000000     0.05798610   0.00000000
    5    6
 -0.01483673   0.00000000    -0.00000000  -0.00923175     0.00000000   0.00763941
 -0.00000000  -0.00763941    -0.01539164   0.00000000     0.02743576  -0.00000000
  0.00000000   0.00923175     0.04012035  -0.00000000    -0.01539164  -0.00000000
    5    7
 -0.00000000  -0.01483673    -0.00923175   0.00000000    -0.00763941   0.00000000
 -0.00763941   0.00000000     0.00000000  -0.01539164     0.00000000  -0.02743576
 -0.00923175   0.00000000    -0.00000000  -0.04012035     0.00000000  -0.01539164
    6    1
 -0.00000000  -0.00000000     0.00000000  -0.00000000     0.00000000   0.00705801
  0.00000000   0.00000000    -0.00000000  -0.00000000    -0.00705801   0.00000000
 -0.00000000  -0.00478340     0.00478340  -0.00000000     0.00000000   0.00000000
    6    2
  0.00000000   0.01539164    -0.00923175  -0.00000000    -0.00000000   0.04012035
 -0.00763941  -0.00000000    -0.00000000   0.01483673    -0.00923175  -0.00000000
  0.00000000   0.02743576    -0.00763941  -0.00000000     0.00000000   0.01539164
    6    3
 -0.01539164   0.00000000    -0.00000000  -0.00923175     0.04012035  -0.00000000
 -0.00000000  -0.00763941    -0.01483673   0.00000000     0.00000000   0.00923175
  0.02743576  -0.00000000     0.00000000   0.00763941    -0.01539164   0.00000000
    6    4
 -0.00000000  -0.01483673    -0.00763941   0.00000000    -0.00923175   0.00000000
 -0.00923175   0.00000000     0.00000000  -0.01539164    -0.00000000  -0.04012035
 -0.00763941   0.00000000     0.00000000  -0.02743576     0.00000000  -0.01539164
    6    5
 -0.01483673   0.00000000    -0.00000000   0.00763941     0.00000000  -0.00923175
 -0.00000000   0.00923175    -0.01539164   0.00000000     0.04012035   0.00000000
  0.00000000  -0.00763941     0.02743576   0.00000000    -0.01539164   0.00000000
    6    6
  0.05798610  -0.00000000    -0.00000000   0.00298079    -0.00000000  -0.00000000
 -0.00000000  -0.00298079     0.05798610   0.00000000    -0.00000000  -0.00000000
 -0.00000000   0.00000000    -0.00000000   0.00000000     0.06292188   0.00000000
    6    7
 -0.00000000   0.02614867    -0.00642422  -0.00000000     0.00000000   0.00000000
 -0.00642422  -0.00000000     0.00000000  -0.02614867     0.00000000  -0.00000000
  0.00000000   0.00000000     0.00000000  -0.00000000    -0.00000000   0.00000000
    7    1
  0.00000000  -0.00000000     0.00000000  -0.00000000    -0.00705801   0.00000000
  0.00000000  -0.00000000     0.00000000  -0.00000000     0.00000000   0.00705801
  0.00478340  -0.00000000    -0.00000000  -0.00478340     0.00000000   0.00000000
    7    2
 -0.01539164   0.00000000    -0.00000000   0.00923175     0.04012035   0.00000000
  0.00000000   0.00763941    -0.01483673   0.00000000     0.00000000  -0.00923175
  0.02743576  -0.00000000     0.00000000  -0.00763941    -0.01539164  -0.00000000
    7    3
  0.00000000  -0.01539164    -0.00923175   0.00000000    -0.00000000  -0.04012035
 -0.00763941   0.00000000    -0.00000000  -0.01483673    -0.00923175   0.00000000
  0.00000000  -0.02743576    -0.00763941   0.00000000     0.00000000  -0.01539164
    7    4
 -0.01483673   0.00000000    -0.00000000  -0.00763941     0.00000000   0.00923175
 -0.00000000  -0.00923175    -0.01539164   0.00000000     0.04012035  -0.00000000
  0.00000000   0.00763941     0.02743576  -0.00000000    -0.01539164   0.00000000
    7    5
 -0.00000000   0.01483673    -0.00763941  -0.00000000    -0.00923175  -0.00000000
 -0.00923175  -0.00000000     0.00000000   0.01539164    -0.00000000   0.04012035
 -0.00763941  -0.00000000     0.00000000   0.02743576     0.00000000   0.01539164
    7    6
 -0.00000000  -0.02614867    -0.00642422   0.00000000     0.00000000  -0.00000000
 -0.00642422   0.00000000     0.00000000   0.02614867     0.00000000   0.00000000
  0.00000000  -0.00000000     0.00000000   0.00000000    -0.00000000  -0.00000000
    7    7
  0.05798610   0.00000000    -0.00000000  -0.00298079    -0.00000000   0.00000000
 -0.00000000   0.00298079     0.05798610  -0.00000000    -0.00000000   0.00000000
 -0.00000000  -0.00000000    -0.00000000  -0.00000000     0.06292188  -0.00000000

     Dynamical  Matrix in cartesian axes

     q = (   -0.433012700  -0.433012700  -0.433012700 ) 

    1    1
  0.05716168   0.00000000     0.00000000   0.00000000    -0.00000000   0.00000000
  0.00000000   0.00000000     0.05716168   0.00000000    -0.00000000   0.00000000
 -0.00000000   0.00000000    -0.00000000   0.00000000     0.05716168   0.00000000
    1    2
 -0.00000000  -0.00000000     0.00000000   0.00705801    -0.00705801   0.00000000
 -0.00000000  -0.00478340     0.00000000  -0.00000000    -0.00000000  -0.00000000
  0.00478340  -0.00000000     0.00000000  -0.00000000     0.00000000  -0.00000000
    1    3
 -0.00000000  -0.00000000    -0.00705801   0.00000000     0.00000000   0.00705801
  0.00478340  -0.00000000     0.00000000   0.00000000    -0.00000000  -0.00000000
 -0.00000000  -0.00478340    -0.00000000  -0.00000000     0.00000000  -0.00000000
    1    4
  0.00000000   0.00000000     0.00478340   0.00000000    -0.00000000  -0.00000000
 -0.00705801  -0.00000000    -0.00000000   0.00000000    -0.00000000   0.00705801
 -0.00000000  -0.00000000     0.00000000  -0.00478340     0.00000000   0.00000000
    1    5
  0.00000000  -0.00000000    -0.00000000  -0.00478340     0.00000000  -0.00000000
  0.00000000   0.00705801    -0.00000000   0.00000000    -0.00705801   0.00000000
 -0.00000000  -0.00000000     0.00478340  -0.00000000     0.00000000   0.00000000
    1    6
  0.00000000  -0.00000000     0.00000000  -0.00000000    -0.00000000  -0.00478340
  0.00000000  -0.00000000     0.00000000   0.00000000     0.00478340  -0.00000000
  0.00000000   0.00705801    -0.00705801   0.00000000    -0.00000000   0.00000000
    1    7
  0.00000000  -0.00000000    -0.00000000  -0.00000000     0.00478340  -0.00000000
  0.00000000  -0.00000000     0.00000000  -0.00000000    -0.00000000  -0.00478340
 -0.00705801   0.00000000     0.00000000   0.00705801    -0.00000000  -0.00000000
    2    1
 -0.00000000  -0.00000000    -0.00000000   0.00478340     0.00478340   0.00000000
  0.00000000  -0.00705801     0.00000000   0.00000000    -0.00000000   0.00000000
 -0.00705801  -0.00000000     0.00000000   0.00000000     0.00000000   0.00000000
    2    2
  0.06292188   0.00000000    -0.00000000   0.00000000    -0.00000000   0.00000000
 -0.00000000   0.00000000     0.05798610   0.00000000    -0.00000000  -0.00298079
 -0.00000000  -0.00000000    -0.00000000   0.00298079     0.05798610   0.00000000
    2    3
 -0.00000000  -0.00000000     0.00000000  -0.00000000     0.00000000   0.00000000
  0.00000000  -0.00000000     0.00000000  -0.02614867    -0.00642422  -0.00000000
  0.00000000   0.00000000    -0.00642422  -0.00000000    -0.00000000   0.02614867
    2    4
  0.00000000  -0.01539164     0.00000000  -0.02743576    -0.00763941   0.00000000
 -0.00000000  -0.04012035     0.00000000  -0.01539164    -0.00923175   0.00000000
 -0.00923175   0.00000000    -0.00763941   0.00000000    -0.00000000  -0.01483673
    2    5
 -0.01539164   0.00000000     0.02743576  -0.00000000     0.00000000  -0.00763941
  0.04012035   0.00000000    -0.01539164  -0.00000000     0.00000000   0.00923175
 -0.00000000  -0.00923175     0.00000000   0.00763941    -0.01483673  -0.00000000
    2    6
  0.00000000   0.01539164    -0.00763941  -0.00000000     0.00000000   0.02743576
 -0.00923175  -0.00000000    -0.00000000   0.01483673    -0.00763941  -0.00000000
 -0.00000000   0.04012035    -0.00923175  -0.00000000     0.00000000   0.01539164
    2    7
 -0.01539164  -0.00000000    -0.00000000   0.00763941     0.02743576   0.00000000
 -0.00000000   0.00923175    -0.01483673   0.00000000     0.00000000  -0.00763941
  0.04012035   0.00000000     0.00000000  -0.00923175    -0.01539164  -0.00000000
    3    1
 -0.00000000   0.00000000     0.00478340   0.00000000    -0.00000000   0.00478340
 -0.00705801  -0.00000000     0.00000000   0.00000000     0.00000000   0.00000000
  0.00000000  -0.00705801     0.00000000   0.00000000     0.00000000  -0.00000000
    3    2
 -0.00000000   0.00000000     0.00000000   0.00000000     0.00000000  -0.00000000
  0.00000000   0.00000000     0.00000000   0.02614867    -0.00642422   0.00000000
  0.00000000  -0.00000000    -0.00642422   0.00000000    -0.00000000  -0.02614867
    3    3
  0.06292188  -0.00000000    -0.00000000  -0.00000000    -0.00000000  -0.00000000
 -0.00000000  -0.00000000     0.05798610  -0.00000000    -0.00000000   0.00298079
 -0.00000000   0.00000000    -0.00000000  -0.00298079     0.05798610  -0.00000000
    3    4
 -0.01539164  -0.00000000     0.02743576   0.00000000    -0.00000000   0.00763941
  0.04012035   0.00000000    -0.01539164   0.00000000     0.00000000  -0.00923175
 -0.00000000   0.00923175     0.00000000  -0.00763941    -0.01483673  -0.00000000
    3    5
  0.00000000   0.01539164     0.00000000   0.02743576    -0.00763941  -0.00000000
 -0.00000000   0.04012035     0.00000000   0.01539164    -0.00923175  -0.00000000
 -0.00923175  -0.00000000    -0.00763941  -0.00000000    -0.00000000   0.01483673
    3    6
 -0.01539164   0.00000000     0.00000000  -0.00763941     0.02743576  -0.00000000
 -0.00000000  -0.00923175    -0.01483673   0.00000000     0.00000000   0.00763941
  0.04012035  -0.00000000     0.00000000   0.00923175    -0.01539164   0.00000000
    3    7
  0.00000000  -0.01539164    -0.00763941   0.00000000     0.00000000  -0.02743576
 -0.00923175   0.00000000    -0.00000000  -0.01483673    -0.00763941   0.00000000
 -0.00000000  -0.04012035    -0.00923175   0.00000000     0.00000000  -0.01539164
    4    1
  0.00000000  -0.00000000    -0.00705801   0.00000000    -0.00000000   0.00000000
  0.00478340  -0.00000000    -0.00000000  -0.00000000     0.00000000   0.00478340
 -0.00000000   0.00000000    -0.00000000  -0.00705801     0.00000000  -0.00000000
    4    2
  0.00000000   0.01539164    -0.00000000   0.04012035    -0.00923175  -0.00000000
  0.00000000   0.02743576     0.00000000   0.01539164    -0.00763941  -0.00000000
 -0.00763941  -0.00000000    -0.00923175  -0.00000000    -0.00000000   0.01483673
    4    3
 -0.01539164   0.00000000     0.04012035  -0.00000000    -0.00000000  -0.00923175
  0.02743576  -0.00000000    -0.01539164  -0.00000000     0.00000000   0.00763941
 -0.00000000  -0.00763941     0.00000000   0.00923175    -0.01483673   0.00000000
    4    4
  0.05798610   0.00000000    -0.00000000   0.00000000    -0.00000000   0.00298079
 -0.00000000   0.00000000     0.06292188   0.00000000    -0.00000000   0.00000000
 -0.00000000  -0.00298079    -0.00000000   0.00000000     0.05798610   0.00000000
    4    5
  0.00000000   0.02614867     0.00000000   0.00000000    -0.00642422   0.00000000
  0.00000000   0.00000000    -0.00000000   0.00000000     0.00000000  -0.00000000
 -0.00642422   0.00000000     0.00000000  -0.00000000    -0.00000000  -0.02614867
    4    6
 -0.00000000  -0.01483673    -0.00923175   0.00000000    -0.00763941   0.00000000
 -0.00763941   0.00000000     0.00000000  -0.01539164     0.00000000  -0.02743576
 -0.00923175   0.00000000    -0.00000000  -0.04012035     0.00000000  -0.01539164
    4    7
 -0.01483673   0.00000000    -0.00000000  -0.00923175     0.00000000   0.00763941
 -0.00000000  -0.00763941    -0.01539164   0.00000000     0.02743576  -0.00000000
  0.00000000   0.00923175     0.04012035  -0.00000000    -0.01539164   0.00000000
    5    1
  0.00000000   0.00000000     0.00000000  -0.00705801    -0.00000000   0.00000000
 -0.00000000   0.00478340    -0.00000000  -0.00000000     0.00478340   0.00000000
  0.00000000   0.00000000    -0.00705801  -0.00000000     0.00000000   0.00000000
    5    2
 -0.01539164   0.00000000     0.04012035   0.00000000     0.00000000   0.00923175
  0.02743576  -0.00000000    -0.01539164   0.00000000     0.00000000  -0.00763941
  0.00000000   0.00763941     0.00000000  -0.00923175    -0.01483673   0.00000000
    5    3
  0.00000000  -0.01539164    -0.00000000  -0.04012035    -0.00923175   0.00000000
  0.00000000  -0.02743576     0.00000000  -0.01539164    -0.00763941   0.00000000
 -0.00763941   0.00000000    -0.00923175   0.00000000    -0.00000000  -0.01483673
    5    4
  0.00000000  -0.02614867     0.00000000  -0.00000000    -0.00642422  -0.00000000
  0.00000000  -0.00000000    -0.00000000  -0.00000000     0.00000000   0.00000000
 -0.00642422  -0.00000000     0.00000000   0.00000000    -0.00000000   0.02614867
    5    5
  0.05798610   0.00000000    -0.00000000  -0.00000000    -0.00000000  -0.00298079
 -0.00000000  -0.00000000     0.06292188  -0.00000000    -0.00000000   0.00000000
 -0.00000000   0.00298079    -0.00000000  -0.00000000     0.05798610  -0.00000000
    5    6
 -0.01483673   0.00000000    -0.00000000   0.00923175    -0.00000000  -0.00763941
 -0.00000000   0.00763941    -0.01539164  -0.00000000     0.02743576   0.00000000
 -0.00000000  -0.00923175     0.04012035   0.00000000    -0.01539164  -0.00000000
    5    7
 -0.00000000   0.01483673    -0.00923175  -0.00000000    -0.00763941  -0.00000000
 -0.00763941  -0.00000000     0.00000000   0.01539164     0.00000000   0.02743576
 -0.00923175  -0.00000000    -0.00000000   0.04012035     0.00000000   0.01539164
    6    1
  0.00000000  -0.00000000    -0.00000000   0.00000000     0.00000000  -0.00705801
  0.00000000   0.00000000     0.00000000   0.00000000    -0.00705801  -0.00000000
 -0.00000000   0.00478340     0.00478340   0.00000000    -0.00000000  -0.00000000
    6    2
  0.00000000  -0.01539164    -0.00923175   0.00000000    -0.00000000  -0.04012035
 -0.00763941   0.00000000    -0.00000000  -0.01483673    -0.00923175   0.00000000
  0.00000000  -0.02743576    -0.00763941   0.00000000     0.00000000  -0.01539164
    6    3
 -0.01539164  -0.00000000    -0.00000000   0.00923175     0.04012035   0.00000000
 -0.00000000   0.00763941    -0.01483673   0.00000000     0.00000000  -0.00923175
  0.02743576   0.00000000     0.00000000  -0.00763941    -0.01539164  -0.00000000
    6    4
 -0.00000000   0.01483673    -0.00763941  -0.00000000    -0.00923175  -0.00000000
 -0.00923175  -0.00000000     0.00000000   0.01539164    -0.00000000   0.04012035
 -0.00763941  -0.00000000     0.00000000   0.02743576     0.00000000   0.01539164
    6    5
 -0.01483673   0.00000000    -0.00000000  -0.00763941    -0.00000000   0.00923175
 -0.00000000  -0.00923175    -0.01539164   0.00000000     0.04012035  -0.00000000
 -0.00000000   0.00763941     0.02743576  -0.00000000    -0.01539164   0.00000000
    6    6
  0.05798610   0.00000000    -0.00000000  -0.00298079    -0.00000000   0.00000000
  0.00000000   0.00298079     0.05798610  -0.00000000    -0.00000000   0.00000000
 -0.00000000   0.00000000    -0.00000000   0.00000000     0.06292188   0.00000000
    6    7
 -0.00000000  -0.02614867    -0.00642422   0.00000000     0.00000000  -0.00000000
 -0.00642422   0.00000000     0.00000000   0.02614867     0.00000000   0.00000000
  0.00000000  -0.00000000     0.00000000   0.00000000    -0.00000000  -0.00000000
    7    1
  0.00000000   0.00000000     0.00000000   0.00000000    -0.00705801  -0.00000000
 -0.00000000   0.00000000     0.00000000   0.00000000     0.00000000  -0.00705801
  0.00478340   0.00000000    -0.00000000   0.00478340    -0.00000000   0.00000000
    7    2
 -0.01539164   0.00000000    -0.00000000  -0.00923175     0.04012035  -0.00000000
 -0.00000000  -0.00763941    -0.01483673   0.00000000     0.00000000   0.00923175
  0.02743576  -0.00000000     0.00000000   0.00763941    -0.01539164   0.00000000
    7    3
  0.00000000   0.01539164    -0.00923175  -0.00000000    -0.00000000   0.04012035
 -0.00763941  -0.00000000    -0.00000000   0.01483673    -0.00923175  -0.00000000
  0.00000000   0.02743576    -0.00763941  -0.00000000     0.00000000   0.01539164
    7    4
 -0.01483673  -0.00000000    -0.00000000   0.00763941    -0.00000000  -0.00923175
 -0.00000000   0.00923175    -0.01539164  -0.00000000     0.04012035   0.00000000
  0.00000000  -0.00763941     0.02743576   0.00000000    -0.01539164  -0.00000000
    7    5
 -0.00000000  -0.01483673    -0.00763941   0.00000000    -0.00923175   0.00000000
 -0.00923175   0.00000000     0.00000000  -0.01539164    -0.00000000  -0.04012035
 -0.00763941   0.00000000     0.00000000  -0.02743576     0.00000000  -0.01539164
    7    6
 -0.00000000   0.02614867    -0.00642422  -0.00000000     0.00000000   0.00000000
 -0.00642422  -0.00000000     0.00000000  -0.02614867     0.00000000  -0.00000000
  0.00000000   0.00000000     0.00000000  -0.00000000    -0.00000000   0.00000000
    7    7
  0.05798610  -0.00000000    -0.00000000   0.00298079    -0.00000000   0.00000000
  0.00000000  -0.00298079     0.05798610   0.00000000    -0.00000000   0.00000000
 -0.00000000   0.00000000    -0.00000000   0.00000000     0.06292188   0.00000000
