  4.500000000000000E-002   1.25986529217407        2.41685017272211     
           8

     Dynamical  Matrix in cartesian axes

     q = (   -0.649519100  -0.216506400  -0.216506400 ) 

    1    1
  0.12886678  -0.00000000    -0.00180031  -0.00000000    -0.00180031   0.00000000
 -0.00180031  -0.00000000     0.12886678  -0.00000000     0.00180031   0.00000000
 -0.00180031   0.00000000     0.00180031   0.00000000     0.12886678  -0.00000000
    1    2
  0.00847534  -0.02046126     0.01108287   0.01063254    -0.01535511  -0.00031844
 -0.03770090   0.01224293     0.00896124   0.00871572    -0.01675327  -0.00463652
  0.01800149   0.03531563     0.01512486   0.00856785    -0.01249950  -0.00017362
    1    3
  0.00847534  -0.02046126    -0.01535511  -0.00031844     0.01108287   0.01063254
  0.01800149   0.03531563    -0.01249950  -0.00017362     0.01512486   0.00856785
 -0.03770090   0.01224293    -0.01675327  -0.00463652     0.00896124   0.00871572
    1    4
 -0.01249950   0.00017361     0.01800151  -0.03531562    -0.01512486   0.00856784
 -0.01535511   0.00031844     0.00847533   0.02046126    -0.01108288   0.01063253
  0.01675327  -0.00463651     0.03770090   0.01224295     0.00896125  -0.00871571
    1    5
  0.00871571   0.00896125     0.01224295  -0.03770090     0.00463650   0.01675327
  0.01063253   0.01108288    -0.02046126   0.00847532     0.00031843   0.01535511
 -0.00856784  -0.01512486    -0.03531562  -0.01800151    -0.00017361  -0.01249950
    1    6
  0.00871571   0.00896125     0.00463650   0.01675327     0.01224295  -0.03770090
 -0.00856784  -0.01512486    -0.00017361  -0.01249950    -0.03531562  -0.01800151
  0.01063253   0.01108288     0.00031843   0.01535511    -0.02046126   0.00847532
    1    7
 -0.01249950   0.00017361    -0.01512486   0.00856784     0.01800151  -0.03531562
  0.01675327  -0.00463651     0.00896125  -0.00871571     0.03770090   0.01224295
 -0.01535511   0.00031844    -0.01108288   0.01063253     0.00847533   0.02046126
    2    1
  0.00847534   0.02046126    -0.03770090  -0.01224293     0.01800149  -0.03531563
  0.01108287  -0.01063254     0.00896124  -0.00871572     0.01512486  -0.00856785
 -0.01535511   0.00031844    -0.01675327   0.00463652    -0.01249950   0.00017362
    2    2
  0.06091151  -0.00000000    -0.00325508  -0.00658028    -0.00325508   0.00658028
 -0.00325508   0.00658028     0.04465592  -0.00000000    -0.00016914   0.00459014
 -0.00325508  -0.00658028    -0.00016914  -0.00459014     0.04465592   0.00000000
    2    3
 -0.02256611   0.00000000     0.00942103  -0.00103200     0.00942103   0.00103200
  0.00942103  -0.00103200     0.00823736  -0.00979720    -0.00424533  -0.00000000
  0.00942103   0.00103200    -0.00424533   0.00000000     0.00823736   0.00979720
    2    4
  0.01714356  -0.01519642     0.00349506  -0.00349506    -0.00486417   0.00262027
  0.01557053  -0.01557053     0.01519642  -0.01714356    -0.00193589  -0.00747952
 -0.00747952  -0.00193589     0.00262027  -0.00486417     0.00927513  -0.00927513
    2    5
 -0.01745999  -0.00573150     0.01878356   0.02073893     0.00062416   0.00142834
  0.03067610   0.00192953    -0.01745999  -0.00573150     0.00313571   0.00118507
 -0.00313571  -0.00118507    -0.00062416  -0.00142834    -0.00324416   0.00053771
    2    6
  0.01714356   0.01519642    -0.00486417  -0.00262027     0.00349506   0.00349506
 -0.00747952   0.00193589     0.00927513   0.00927513     0.00262027   0.00486417
  0.01557053   0.01557053    -0.00193589   0.00747952     0.01519642   0.01714356
    2    7
 -0.01745999   0.00573150     0.00062416  -0.00142834     0.01878356  -0.02073893
 -0.00313571   0.00118507    -0.00324416  -0.00053771    -0.00062416   0.00142834
  0.03067610  -0.00192953     0.00313571  -0.00118507    -0.01745999   0.00573150
    3    1
  0.00847534   0.02046126     0.01800149  -0.03531563    -0.03770090  -0.01224293
 -0.01535511   0.00031844    -0.01249950   0.00017362    -0.01675327   0.00463652
  0.01108287  -0.01063254     0.01512486  -0.00856785     0.00896124  -0.00871572
    3    2
 -0.02256611  -0.00000000     0.00942103   0.00103200     0.00942103  -0.00103200
  0.00942103   0.00103200     0.00823736   0.00979720    -0.00424533  -0.00000000
  0.00942103  -0.00103200    -0.00424533   0.00000000     0.00823736  -0.00979720
    3    3
  0.06091151   0.00000000    -0.00325508   0.00658028    -0.00325508  -0.00658028
 -0.00325508  -0.00658028     0.04465592   0.00000000    -0.00016914  -0.00459014
 -0.00325508   0.00658028    -0.00016914   0.00459014     0.04465592  -0.00000000
    3    4
 -0.01745999   0.00573150     0.01878356  -0.02073893     0.00062416  -0.00142834
  0.03067610  -0.00192953    -0.01745999   0.00573150     0.00313571  -0.00118507
 -0.00313571   0.00118507    -0.00062416   0.00142834    -0.00324416  -0.00053771
    3    5
  0.01714356   0.01519642     0.00349506   0.00349506    -0.00486417  -0.00262027
  0.01557053   0.01557053     0.01519642   0.01714356    -0.00193589   0.00747952
 -0.00747952   0.00193589     0.00262027   0.00486417     0.00927513   0.00927513
    3    6
 -0.01745999  -0.00573150     0.00062416   0.00142834     0.01878356   0.02073893
 -0.00313571  -0.00118507    -0.00324416   0.00053771    -0.00062416  -0.00142834
  0.03067610   0.00192953     0.00313571   0.00118507    -0.01745999  -0.00573150
    3    7
  0.01714356  -0.01519642    -0.00486417   0.00262027     0.00349506  -0.00349506
 -0.00747952  -0.00193589     0.00927513  -0.00927513     0.00262027  -0.00486417
  0.01557053  -0.01557053    -0.00193589  -0.00747952     0.01519642  -0.01714356
    4    1
 -0.01249950  -0.00017361    -0.01535511  -0.00031844     0.01675327   0.00463651
  0.01800151   0.03531562     0.00847533  -0.02046126     0.03770090  -0.01224295
 -0.01512486  -0.00856784    -0.01108288  -0.01063253     0.00896125   0.00871571
    4    2
  0.01714356   0.01519642     0.01557053   0.01557053    -0.00747952   0.00193589
  0.00349506   0.00349506     0.01519642   0.01714356     0.00262027   0.00486417
 -0.00486417  -0.00262027    -0.00193589   0.00747952     0.00927513   0.00927513
    4    3
 -0.01745999  -0.00573150     0.03067610   0.00192953    -0.00313571  -0.00118507
  0.01878356   0.02073893    -0.01745999  -0.00573150    -0.00062416  -0.00142834
  0.00062416   0.00142834     0.00313571   0.00118507    -0.00324416   0.00053771
    4    4
  0.04465592  -0.00000000    -0.00325508   0.00658028     0.00016914  -0.00459014
 -0.00325508  -0.00658028     0.06091151  -0.00000000     0.00325508  -0.00658028
  0.00016914   0.00459014     0.00325508   0.00658028     0.04465592   0.00000000
    4    5
  0.00979720   0.00823736     0.00103200   0.00942103    -0.00000000   0.00424533
  0.00103200   0.00942103     0.00000000  -0.02256611     0.00103200  -0.00942103
 -0.00000000   0.00424533     0.00103200  -0.00942103    -0.00979720   0.00823736
    4    6
 -0.00267418   0.00191375    -0.00137931   0.00305525    -0.00056864  -0.00145134
 -0.00056864  -0.00145134    -0.00829329   0.01639886     0.00138265   0.02794662
 -0.00137931   0.00305525    -0.02032690   0.02305566    -0.00829329   0.01639886
    4    7
 -0.01311701   0.00000000     0.00391994  -0.00665770     0.00529230   0.00158668
  0.00529230  -0.00158668    -0.02286782   0.00137684     0.00494277  -0.00000000
  0.00391994   0.00665770     0.02202005  -0.00000000    -0.02286782  -0.00137684
    5    1
  0.00871571  -0.00896125     0.01063253  -0.01108288    -0.00856784   0.01512486
  0.01224295   0.03770090    -0.02046126  -0.00847532    -0.03531562   0.01800151
  0.00463650  -0.01675327     0.00031843  -0.01535511    -0.00017361   0.01249950
    5    2
 -0.01745999   0.00573150     0.03067610  -0.00192953    -0.00313571   0.00118507
  0.01878356  -0.02073893    -0.01745999   0.00573150    -0.00062416   0.00142834
  0.00062416  -0.00142834     0.00313571  -0.00118507    -0.00324416  -0.00053771
    5    3
  0.01714356  -0.01519642     0.01557053  -0.01557053    -0.00747952  -0.00193589
  0.00349506  -0.00349506     0.01519642  -0.01714356     0.00262027  -0.00486417
 -0.00486417   0.00262027    -0.00193589  -0.00747952     0.00927513  -0.00927513
    5    4
  0.00979720  -0.00823736     0.00103200  -0.00942103    -0.00000000  -0.00424533
  0.00103200  -0.00942103     0.00000000   0.02256611     0.00103200   0.00942103
 -0.00000000  -0.00424533     0.00103200   0.00942103    -0.00979720  -0.00823736
    5    5
  0.04465592   0.00000000    -0.00325508  -0.00658028     0.00016914   0.00459014
 -0.00325508   0.00658028     0.06091151  -0.00000000     0.00325508   0.00658028
  0.00016914  -0.00459014     0.00325508  -0.00658028     0.04465592  -0.00000000
    5    6
 -0.01311701   0.00000000     0.00391994   0.00665770     0.00529230  -0.00158668
  0.00529230   0.00158668    -0.02286782  -0.00137684     0.00494277  -0.00000000
  0.00391994  -0.00665770     0.02202005  -0.00000000    -0.02286782   0.00137684
    5    7
 -0.00267418  -0.00191375    -0.00137931  -0.00305525    -0.00056864   0.00145134
 -0.00056864   0.00145134    -0.00829329  -0.01639886     0.00138265  -0.02794662
 -0.00137931  -0.00305525    -0.02032690  -0.02305566    -0.00829329  -0.01639886
    6    1
  0.00871571  -0.00896125    -0.00856784   0.01512486     0.01063253  -0.01108288
  0.00463650  -0.01675327    -0.00017361   0.01249950     0.00031843  -0.01535511
  0.01224295   0.03770090    -0.03531562   0.01800151    -0.02046126  -0.00847532
    6    2
  0.01714356  -0.01519642    -0.00747952  -0.00193589     0.01557053  -0.01557053
 -0.00486417   0.00262027     0.00927513  -0.00927513    -0.00193589  -0.00747952
  0.00349506  -0.00349506     0.00262027  -0.00486417     0.01519642  -0.01714356
    6    3
 -0.01745999   0.00573150    -0.00313571   0.00118507     0.03067610  -0.00192953
  0.00062416  -0.00142834    -0.00324416  -0.00053771     0.00313571  -0.00118507
  0.01878356  -0.02073893    -0.00062416   0.00142834    -0.01745999   0.00573150
    6    4
 -0.00267418  -0.00191375    -0.00056864   0.00145134    -0.00137931  -0.00305525
 -0.00137931  -0.00305525    -0.00829329  -0.01639886    -0.02032690  -0.02305566
 -0.00056864   0.00145134     0.00138265  -0.02794662    -0.00829329  -0.01639886
    6    5
 -0.01311701  -0.00000000     0.00529230  -0.00158668     0.00391994   0.00665770
  0.00391994  -0.00665770    -0.02286782   0.00137684     0.02202005   0.00000000
  0.00529230   0.00158668     0.00494277   0.00000000    -0.02286782  -0.00137684
    6    6
  0.04465592   0.00000000     0.00016914   0.00459014    -0.00325508  -0.00658028
  0.00016914  -0.00459014     0.04465592  -0.00000000     0.00325508  -0.00658028
 -0.00325508   0.00658028     0.00325508   0.00658028     0.06091151  -0.00000000
    6    7
  0.00979720  -0.00823736    -0.00000000  -0.00424533     0.00103200  -0.00942103
 -0.00000000  -0.00424533    -0.00979720  -0.00823736     0.00103200   0.00942103
  0.00103200  -0.00942103     0.00103200   0.00942103     0.00000000   0.02256611
    7    1
 -0.01249950  -0.00017361     0.01675327   0.00463651    -0.01535511  -0.00031844
 -0.01512486  -0.00856784     0.00896125   0.00871571    -0.01108288  -0.01063253
  0.01800151   0.03531562     0.03770090  -0.01224295     0.00847533  -0.02046126
    7    2
 -0.01745999  -0.00573150    -0.00313571  -0.00118507     0.03067610   0.00192953
  0.00062416   0.00142834    -0.00324416   0.00053771     0.00313571   0.00118507
  0.01878356   0.02073893    -0.00062416  -0.00142834    -0.01745999  -0.00573150
    7    3
  0.01714356   0.01519642    -0.00747952   0.00193589     0.01557053   0.01557053
 -0.00486417  -0.00262027     0.00927513   0.00927513    -0.00193589   0.00747952
  0.00349506   0.00349506     0.00262027   0.00486417     0.01519642   0.01714356
    7    4
 -0.01311701   0.00000000     0.00529230   0.00158668     0.00391994  -0.00665770
  0.00391994   0.00665770    -0.02286782  -0.00137684     0.02202005  -0.00000000
  0.00529230  -0.00158668     0.00494277  -0.00000000    -0.02286782   0.00137684
    7    5
 -0.00267418   0.00191375    -0.00056864  -0.00145134    -0.00137931   0.00305525
 -0.00137931   0.00305525    -0.00829329   0.01639886    -0.02032690   0.02305566
 -0.00056864  -0.00145134     0.00138265   0.02794662    -0.00829329   0.01639886
    7    6
  0.00979720   0.00823736    -0.00000000   0.00424533     0.00103200   0.00942103
 -0.00000000   0.00424533    -0.00979720   0.00823736     0.00103200  -0.00942103
  0.00103200   0.00942103     0.00103200  -0.00942103     0.00000000  -0.02256611
    7    7
  0.04465592   0.00000000     0.00016914  -0.00459014    -0.00325508   0.00658028
  0.00016914   0.00459014     0.04465592   0.00000000     0.00325508   0.00658028
 -0.00325508  -0.00658028     0.00325508  -0.00658028     0.06091151  -0.00000000

     Dynamical  Matrix in cartesian axes

     q = (   -0.216506400   0.649519100  -0.216506400 ) 

    1    1
  0.12886678  -0.00000000     0.00180031   0.00000000     0.00180031   0.00000000
  0.00180031   0.00000000     0.12886678  -0.00000000     0.00180031   0.00000000
  0.00180031   0.00000000     0.00180031   0.00000000     0.12886678   0.00000000
    1    2
 -0.02046126   0.00847532    -0.01063253  -0.01108288     0.00031843   0.01535511
 -0.01224295   0.03770090     0.00871571   0.00896125    -0.00463650  -0.01675327
 -0.03531562  -0.01800151     0.00856784   0.01512486    -0.00017361  -0.01249950
    1    3
 -0.02046126   0.00847533     0.00031844   0.01535511    -0.01063253  -0.01108287
 -0.03531563  -0.01800150    -0.00017362  -0.01249950     0.00856785   0.01512486
 -0.01224293   0.03770090    -0.00463651  -0.01675327     0.00871572   0.00896124
    1    4
 -0.00017361  -0.01249950    -0.03531562  -0.01800150     0.00856784   0.01512486
  0.00031844   0.01535511    -0.02046126   0.00847533    -0.01063253  -0.01108288
 -0.00463651  -0.01675327    -0.01224294   0.03770090     0.00871571   0.00896125
    1    5
  0.00871571   0.00896125    -0.01224294   0.03770090    -0.00463651  -0.01675327
 -0.01063253  -0.01108288    -0.02046126   0.00847533     0.00031844   0.01535511
  0.00856784   0.01512486    -0.03531562  -0.01800150    -0.00017361  -0.01249950
    1    6
  0.00871572   0.00896124    -0.00463651  -0.01675327    -0.01224293   0.03770090
  0.00856785   0.01512486    -0.00017362  -0.01249950    -0.03531563  -0.01800150
 -0.01063253  -0.01108287     0.00031844   0.01535511    -0.02046126   0.00847533
    1    7
 -0.00017361  -0.01249950     0.00856784   0.01512486    -0.03531562  -0.01800151
 -0.00463650  -0.01675327     0.00871571   0.00896125    -0.01224295   0.03770090
  0.00031843   0.01535511    -0.01063253  -0.01108288    -0.02046126   0.00847532
    2    1
 -0.02046126  -0.00847532    -0.01224295  -0.03770090    -0.03531562   0.01800151
 -0.01063253   0.01108288     0.00871571  -0.00896125     0.00856784  -0.01512486
  0.00031843  -0.01535511    -0.00463650   0.01675327    -0.00017361   0.01249950
    2    2
  0.06091151  -0.00000000     0.00325508  -0.00658028     0.00325508   0.00658028
  0.00325508   0.00658028     0.04465592   0.00000000    -0.00016914  -0.00459014
  0.00325508  -0.00658028    -0.00016914   0.00459014     0.04465592   0.00000000
    2    3
 -0.02256611   0.00000001    -0.00942103  -0.00103200    -0.00942103   0.00103200
 -0.00942103  -0.00103200     0.00823736   0.00979720    -0.00424533   0.00000000
 -0.00942103   0.00103200    -0.00424533   0.00000000     0.00823735  -0.00979720
    2    4
  0.01639886   0.00829329     0.02794662  -0.00138266     0.00145134  -0.00056864
  0.02305567   0.02032689     0.01639886   0.00829329    -0.00305526  -0.00137931
 -0.00305526  -0.00137931     0.00145134  -0.00056864     0.00191375   0.00267418
    2    5
 -0.02286782   0.00137684     0.00494277  -0.00000000    -0.00529230   0.00158668
  0.02202005  -0.00000001    -0.02286782  -0.00137683    -0.00391994  -0.00665770
 -0.00391994   0.00665770    -0.00529230  -0.00158668    -0.01311701   0.00000000
    2    6
  0.01639886  -0.00829330     0.00145134   0.00056864     0.02794662   0.00138264
 -0.00305525   0.00137932     0.00191375  -0.00267418     0.00145134   0.00056864
  0.02305566  -0.02032691    -0.00305525   0.00137932     0.01639886  -0.00829330
    2    7
 -0.02286782  -0.00137684    -0.00529230  -0.00158668     0.00494277  -0.00000000
 -0.00391994  -0.00665770    -0.01311701   0.00000000    -0.00529230   0.00158668
  0.02202005  -0.00000000    -0.00391994   0.00665770    -0.02286782   0.00137684
    3    1
 -0.02046126  -0.00847533    -0.03531563   0.01800150    -0.01224293  -0.03770090
  0.00031844  -0.01535511    -0.00017362   0.01249950    -0.00463651   0.01675327
 -0.01063253   0.01108287     0.00856785  -0.01512486     0.00871572  -0.00896124
    3    2
 -0.02256611  -0.00000001    -0.00942103   0.00103200    -0.00942103  -0.00103200
 -0.00942103   0.00103200     0.00823736  -0.00979720    -0.00424533  -0.00000000
 -0.00942103  -0.00103200    -0.00424533  -0.00000000     0.00823735   0.00979720
    3    3
  0.06091151   0.00000000     0.00325508   0.00658028     0.00325508  -0.00658028
  0.00325508  -0.00658028     0.04465592   0.00000000    -0.00016914   0.00459014
  0.00325508   0.00658028    -0.00016914  -0.00459014     0.04465592  -0.00000000
    3    4
 -0.02286782  -0.00137684     0.00494277   0.00000000    -0.00529230  -0.00158668
  0.02202005   0.00000001    -0.02286782   0.00137683    -0.00391994   0.00665770
 -0.00391994  -0.00665770    -0.00529230   0.00158668    -0.01311701  -0.00000000
    3    5
  0.01639886  -0.00829329     0.02794662   0.00138266     0.00145134   0.00056864
  0.02305567  -0.02032689     0.01639886  -0.00829329    -0.00305526   0.00137931
 -0.00305526   0.00137931     0.00145134   0.00056864     0.00191375  -0.00267418
    3    6
 -0.02286782   0.00137684    -0.00529230   0.00158668     0.00494277  -0.00000000
 -0.00391994   0.00665770    -0.01311701  -0.00000000    -0.00529230  -0.00158668
  0.02202005  -0.00000000    -0.00391994  -0.00665770    -0.02286782  -0.00137684
    3    7
  0.01639886   0.00829330     0.00145134  -0.00056864     0.02794662  -0.00138264
 -0.00305525  -0.00137932     0.00191375   0.00267418     0.00145134  -0.00056864
  0.02305566   0.02032691    -0.00305525  -0.00137932     0.01639886   0.00829330
    4    1
 -0.00017361   0.01249950     0.00031844  -0.01535511    -0.00463651   0.01675327
 -0.03531562   0.01800150    -0.02046126  -0.00847533    -0.01224294  -0.03770090
  0.00856784  -0.01512486    -0.01063253   0.01108288     0.00871571  -0.00896125
    4    2
  0.01639886  -0.00829329     0.02305567  -0.02032689    -0.00305526   0.00137931
  0.02794662   0.00138266     0.01639886  -0.00829329     0.00145134   0.00056864
  0.00145134   0.00056864    -0.00305526   0.00137931     0.00191375  -0.00267418
    4    3
 -0.02286782   0.00137684     0.02202005  -0.00000001    -0.00391994   0.00665770
  0.00494277  -0.00000000    -0.02286782  -0.00137683    -0.00529230  -0.00158668
 -0.00529230   0.00158668    -0.00391994  -0.00665770    -0.01311701   0.00000000
    4    4
  0.04465592   0.00000000     0.00325508  -0.00658028    -0.00016914   0.00459014
  0.00325508   0.00658028     0.06091151   0.00000000     0.00325508  -0.00658028
 -0.00016914  -0.00459014     0.00325508   0.00658028     0.04465592  -0.00000000
    4    5
  0.00823736  -0.00979720    -0.00942103   0.00103200    -0.00424533   0.00000000
 -0.00942103   0.00103200    -0.02256611   0.00000000    -0.00942103  -0.00103200
 -0.00424533  -0.00000000    -0.00942103  -0.00103200     0.00823736   0.00979720
    4    6
  0.00191375   0.00267418    -0.00305526  -0.00137931     0.00145134  -0.00056864
  0.00145134  -0.00056864     0.01639886   0.00829329     0.02794662  -0.00138266
 -0.00305526  -0.00137931     0.02305567   0.02032689     0.01639886   0.00829329
    4    7
 -0.01311701  -0.00000000    -0.00391994   0.00665770    -0.00529230  -0.00158668
 -0.00529230   0.00158668    -0.02286782   0.00137683     0.00494277   0.00000000
 -0.00391994  -0.00665770     0.02202005   0.00000001    -0.02286782  -0.00137684
    5    1
  0.00871571  -0.00896125    -0.01063253   0.01108288     0.00856784  -0.01512486
 -0.01224294  -0.03770090    -0.02046126  -0.00847533    -0.03531562   0.01800150
 -0.00463651   0.01675327     0.00031844  -0.01535511    -0.00017361   0.01249950
    5    2
 -0.02286782  -0.00137684     0.02202005   0.00000001    -0.00391994  -0.00665770
  0.00494277   0.00000000    -0.02286782   0.00137683    -0.00529230   0.00158668
 -0.00529230  -0.00158668    -0.00391994   0.00665770    -0.01311701  -0.00000000
    5    3
  0.01639886   0.00829329     0.02305567   0.02032689    -0.00305526  -0.00137931
  0.02794662  -0.00138266     0.01639886   0.00829329     0.00145134  -0.00056864
  0.00145134  -0.00056864    -0.00305526  -0.00137931     0.00191375   0.00267418
    5    4
  0.00823736   0.00979720    -0.00942103  -0.00103200    -0.00424533   0.00000000
 -0.00942103  -0.00103200    -0.02256611  -0.00000000    -0.00942103   0.00103200
 -0.00424533   0.00000000    -0.00942103   0.00103200     0.00823736  -0.00979720
    5    5
  0.04465592   0.00000000     0.00325508   0.00658028    -0.00016914  -0.00459014
  0.00325508  -0.00658028     0.06091151  -0.00000000     0.00325508   0.00658028
 -0.00016914   0.00459014     0.00325508  -0.00658028     0.04465592  -0.00000000
    5    6
 -0.01311701   0.00000000    -0.00391994  -0.00665770    -0.00529230   0.00158668
 -0.00529230  -0.00158668    -0.02286782  -0.00137683     0.00494277  -0.00000000
 -0.00391994   0.00665770     0.02202005  -0.00000001    -0.02286782   0.00137684
    5    7
  0.00191375  -0.00267418    -0.00305526   0.00137931     0.00145134   0.00056864
  0.00145134   0.00056864     0.01639886  -0.00829329     0.02794662   0.00138266
 -0.00305526   0.00137931     0.02305567  -0.02032689     0.01639886  -0.00829329
    6    1
  0.00871572  -0.00896124     0.00856785  -0.01512486    -0.01063253   0.01108287
 -0.00463651   0.01675327    -0.00017362   0.01249950     0.00031844  -0.01535511
 -0.01224293  -0.03770090    -0.03531563   0.01800150    -0.02046126  -0.00847533
    6    2
  0.01639886   0.00829330    -0.00305525  -0.00137932     0.02305566   0.02032691
  0.00145134  -0.00056864     0.00191375   0.00267418    -0.00305525  -0.00137932
  0.02794662  -0.00138264     0.00145134  -0.00056864     0.01639886   0.00829330
    6    3
 -0.02286782  -0.00137684    -0.00391994  -0.00665770     0.02202005  -0.00000000
 -0.00529230  -0.00158668    -0.01311701   0.00000000    -0.00391994   0.00665770
  0.00494277  -0.00000000    -0.00529230   0.00158668    -0.02286782   0.00137684
    6    4
  0.00191375  -0.00267418     0.00145134   0.00056864    -0.00305526   0.00137931
 -0.00305526   0.00137931     0.01639886  -0.00829329     0.02305567  -0.02032689
  0.00145134   0.00056864     0.02794662   0.00138266     0.01639886  -0.00829329
    6    5
 -0.01311701  -0.00000000    -0.00529230   0.00158668    -0.00391994  -0.00665770
 -0.00391994   0.00665770    -0.02286782   0.00137683     0.02202005   0.00000001
 -0.00529230  -0.00158668     0.00494277   0.00000000    -0.02286782  -0.00137684
    6    6
  0.04465592  -0.00000000    -0.00016914  -0.00459014     0.00325508   0.00658028
 -0.00016914   0.00459014     0.04465592   0.00000000     0.00325508  -0.00658028
  0.00325508  -0.00658028     0.00325508   0.00658028     0.06091151  -0.00000000
    6    7
  0.00823735   0.00979720    -0.00424533  -0.00000000    -0.00942103  -0.00103200
 -0.00424533  -0.00000000     0.00823736  -0.00979720    -0.00942103   0.00103200
 -0.00942103  -0.00103200    -0.00942103   0.00103200    -0.02256611  -0.00000001
    7    1
 -0.00017361   0.01249950    -0.00463650   0.01675327     0.00031843  -0.01535511
  0.00856784  -0.01512486     0.00871571  -0.00896125    -0.01063253   0.01108288
 -0.03531562   0.01800151    -0.01224295  -0.03770090    -0.02046126  -0.00847532
    7    2
 -0.02286782   0.00137684    -0.00391994   0.00665770     0.02202005   0.00000000
 -0.00529230   0.00158668    -0.01311701  -0.00000000    -0.00391994  -0.00665770
  0.00494277   0.00000000    -0.00529230  -0.00158668    -0.02286782  -0.00137684
    7    3
  0.01639886  -0.00829330    -0.00305525   0.00137932     0.02305566  -0.02032691
  0.00145134   0.00056864     0.00191375  -0.00267418    -0.00305525   0.00137932
  0.02794662   0.00138264     0.00145134   0.00056864     0.01639886  -0.00829330
    7    4
 -0.01311701   0.00000000    -0.00529230  -0.00158668    -0.00391994   0.00665770
 -0.00391994  -0.00665770    -0.02286782  -0.00137683     0.02202005  -0.00000001
 -0.00529230   0.00158668     0.00494277  -0.00000000    -0.02286782   0.00137684
    7    5
  0.00191375   0.00267418     0.00145134  -0.00056864    -0.00305526  -0.00137931
 -0.00305526  -0.00137931     0.01639886   0.00829329     0.02305567   0.02032689
  0.00145134  -0.00056864     0.02794662  -0.00138266     0.01639886   0.00829329
    7    6
  0.00823735  -0.00979720    -0.00424533   0.00000000    -0.00942103   0.00103200
 -0.00424533   0.00000000     0.00823736   0.00979720    -0.00942103  -0.00103200
 -0.00942103   0.00103200    -0.00942103  -0.00103200    -0.02256611   0.00000001
    7    7
  0.04465592  -0.00000000    -0.00016914   0.00459014     0.00325508  -0.00658028
 -0.00016914  -0.00459014     0.04465592  -0.00000000     0.00325508   0.00658028
  0.00325508   0.00658028     0.00325508  -0.00658028     0.06091151   0.00000000

     Dynamical  Matrix in cartesian axes

     q = (    0.216506400  -0.649519100  -0.216506400 ) 

    1    1
  0.12886678  -0.00000000     0.00180031   0.00000000    -0.00180031   0.00000000
  0.00180031   0.00000000     0.12886678  -0.00000000    -0.00180031   0.00000000
 -0.00180031   0.00000000    -0.00180031   0.00000000     0.12886678   0.00000000
    1    2
  0.00847533  -0.02046126    -0.01108287  -0.01063253    -0.01535511  -0.00031844
  0.03770090  -0.01224293     0.00896124   0.00871572     0.01675327   0.00463651
  0.01800150   0.03531563    -0.01512486  -0.00856785    -0.01249950  -0.00017362
    1    3
 -0.02046126  -0.00847534     0.00031844  -0.01535511     0.01063254  -0.01108287
 -0.03531563   0.01800149    -0.00017362   0.01249950    -0.00856785   0.01512486
  0.01224293   0.03770090     0.00463651  -0.01675327     0.00871572  -0.00896124
    1    4
 -0.00017361   0.01249950    -0.03531563   0.01800150    -0.00856784   0.01512486
  0.00031844  -0.01535511    -0.02046126  -0.00847533     0.01063253  -0.01108288
  0.00463651  -0.01675327     0.01224294   0.03770090     0.00871572  -0.00896124
    1    5
  0.00896124   0.00871572     0.03770090  -0.01224293     0.01675327   0.00463652
 -0.01108287  -0.01063254     0.00847534  -0.02046126    -0.01535511  -0.00031844
 -0.01512486  -0.00856785     0.01800149   0.03531563    -0.01249950  -0.00017362
    1    6
  0.00896125  -0.00871571    -0.01675327   0.00463651    -0.03770090  -0.01224295
  0.01512486  -0.00856784    -0.01249950   0.00017361     0.01800151  -0.03531562
  0.01108288  -0.01063253    -0.01535511   0.00031844     0.00847533   0.02046126
    1    7
 -0.01249950   0.00017361     0.01512486  -0.00856784     0.01800150  -0.03531563
 -0.01675327   0.00463651     0.00896124  -0.00871572    -0.03770090  -0.01224294
 -0.01535511   0.00031844     0.01108288  -0.01063253     0.00847533   0.02046126
    2    1
  0.00847533   0.02046126     0.03770090   0.01224293     0.01800150  -0.03531563
 -0.01108287   0.01063253     0.00896124  -0.00871572    -0.01512486   0.00856785
 -0.01535511   0.00031844     0.01675327  -0.00463651    -0.01249950   0.00017362
    2    2
  0.06091151  -0.00000000     0.00325508   0.00658028    -0.00325508   0.00658028
  0.00325508  -0.00658028     0.04465592  -0.00000000     0.00016914  -0.00459014
 -0.00325508  -0.00658028     0.00016914   0.00459014     0.04465592  -0.00000000
    2    3
 -0.00000000   0.02256611     0.00103200   0.00942103     0.00103200  -0.00942103
  0.00103200   0.00942103    -0.00979720  -0.00823736     0.00000000  -0.00424533
  0.00103200  -0.00942103     0.00000000  -0.00424533     0.00979720  -0.00823736
    2    4
 -0.00829329  -0.01639886     0.00138265  -0.02794662    -0.00056864   0.00145134
 -0.02032690  -0.02305566    -0.00829329  -0.01639886    -0.00137931  -0.00305525
 -0.00137931  -0.00305525    -0.00056864   0.00145134    -0.00267418  -0.00191375
    2    5
 -0.02286782  -0.00137684     0.00494277   0.00000000     0.00529230   0.00158668
  0.02202005   0.00000001    -0.02286782   0.00137683     0.00391994  -0.00665770
  0.00391994   0.00665770     0.00529230  -0.00158668    -0.01311701  -0.00000000
    2    6
  0.01519642  -0.01714356     0.00262027  -0.00486417     0.00349506  -0.00349506
 -0.00193589  -0.00747952     0.00927513  -0.00927513    -0.00486417   0.00262027
  0.01557053  -0.01557052    -0.00747952  -0.00193589     0.01714356  -0.01519642
    2    7
 -0.01745999   0.00573150    -0.00062416   0.00142834     0.01878356  -0.02073893
  0.00313571  -0.00118507    -0.00324416  -0.00053771     0.00062416  -0.00142834
  0.03067610  -0.00192953    -0.00313571   0.00118507    -0.01745999   0.00573150
    3    1
 -0.02046126   0.00847534    -0.03531563  -0.01800149     0.01224293  -0.03770090
  0.00031844   0.01535511    -0.00017362  -0.01249950     0.00463651   0.01675327
  0.01063254   0.01108287    -0.00856785  -0.01512486     0.00871572   0.00896124
    3    2
 -0.00000000  -0.02256611     0.00103200  -0.00942103     0.00103200   0.00942103
  0.00103200  -0.00942103    -0.00979720   0.00823736     0.00000000   0.00424533
  0.00103200   0.00942103     0.00000000   0.00424533     0.00979720   0.00823736
    3    3
  0.06091151  -0.00000000     0.00325508  -0.00658028    -0.00325508  -0.00658028
  0.00325508   0.00658028     0.04465592   0.00000000     0.00016914   0.00459014
 -0.00325508   0.00658028     0.00016914  -0.00459014     0.04465592  -0.00000000
    3    4
 -0.02286782   0.00137684     0.00494277  -0.00000000     0.00529230  -0.00158668
  0.02202005  -0.00000001    -0.02286782  -0.00137683     0.00391994   0.00665770
  0.00391994  -0.00665770     0.00529230   0.00158668    -0.01311701   0.00000000
    3    5
 -0.00829329   0.01639886     0.00138265   0.02794662    -0.00056864  -0.00145134
 -0.02032690   0.02305566    -0.00829329   0.01639886    -0.00137931   0.00305525
 -0.00137931   0.00305525    -0.00056864  -0.00145134    -0.00267418   0.00191375
    3    6
 -0.01745999  -0.00573150    -0.00062416  -0.00142834     0.01878356   0.02073893
  0.00313571   0.00118507    -0.00324416   0.00053771     0.00062416   0.00142834
  0.03067610   0.00192953    -0.00313571  -0.00118507    -0.01745999  -0.00573150
    3    7
  0.01519642   0.01714356     0.00262027   0.00486417     0.00349506   0.00349506
 -0.00193589   0.00747952     0.00927513   0.00927513    -0.00486417  -0.00262027
  0.01557053   0.01557052    -0.00747952   0.00193589     0.01714356   0.01519642
    4    1
 -0.00017361  -0.01249950     0.00031844   0.01535511     0.00463651   0.01675327
 -0.03531563  -0.01800150    -0.02046126   0.00847533     0.01224294  -0.03770090
 -0.00856784  -0.01512486     0.01063253   0.01108288     0.00871572   0.00896124
    4    2
 -0.00829329   0.01639886    -0.02032690   0.02305566    -0.00137931   0.00305525
  0.00138265   0.02794662    -0.00829329   0.01639886    -0.00056864  -0.00145134
 -0.00056864  -0.00145134    -0.00137931   0.00305525    -0.00267418   0.00191375
    4    3
 -0.02286782  -0.00137684     0.02202005   0.00000001     0.00391994   0.00665770
  0.00494277   0.00000000    -0.02286782   0.00137683     0.00529230  -0.00158668
  0.00529230   0.00158668     0.00391994  -0.00665770    -0.01311701  -0.00000000
    4    4
  0.04465592   0.00000000     0.00325508   0.00658028     0.00016914   0.00459014
  0.00325508  -0.00658028     0.06091151  -0.00000000    -0.00325508  -0.00658028
  0.00016914  -0.00459014    -0.00325508   0.00658028     0.04465592   0.00000000
    4    5
 -0.00979720   0.00823736     0.00103200  -0.00942103    -0.00000000   0.00424533
  0.00103200  -0.00942103     0.00000001  -0.02256611     0.00103200   0.00942103
 -0.00000000   0.00424533     0.00103200   0.00942103     0.00979720   0.00823736
    4    6
  0.00927513   0.00927513    -0.00193589   0.00747952    -0.00486417  -0.00262027
  0.00262027   0.00486417     0.01519642   0.01714357     0.00349506   0.00349506
 -0.00747952   0.00193589     0.01557052   0.01557053     0.01714356   0.01519643
    4    7
 -0.00324416   0.00053771     0.00313571   0.00118507     0.00062416   0.00142834
 -0.00062416  -0.00142834    -0.01745999  -0.00573150     0.01878356   0.02073893
 -0.00313571  -0.00118507     0.03067610   0.00192953    -0.01745999  -0.00573150
    5    1
  0.00896124  -0.00871572    -0.01108287   0.01063254    -0.01512486   0.00856785
  0.03770090   0.01224293     0.00847534   0.02046126     0.01800149  -0.03531563
  0.01675327  -0.00463652    -0.01535511   0.00031844    -0.01249950   0.00017362
    5    2
 -0.02286782   0.00137684     0.02202005  -0.00000001     0.00391994  -0.00665770
  0.00494277  -0.00000000    -0.02286782  -0.00137683     0.00529230   0.00158668
  0.00529230  -0.00158668     0.00391994   0.00665770    -0.01311701   0.00000000
    5    3
 -0.00829329  -0.01639886    -0.02032690  -0.02305566    -0.00137931  -0.00305525
  0.00138265  -0.02794662    -0.00829329  -0.01639886    -0.00056864   0.00145134
 -0.00056864   0.00145134    -0.00137931  -0.00305525    -0.00267418  -0.00191375
    5    4
 -0.00979720  -0.00823736     0.00103200   0.00942103    -0.00000000  -0.00424533
  0.00103200   0.00942103     0.00000001   0.02256611     0.00103200  -0.00942103
 -0.00000000  -0.00424533     0.00103200  -0.00942103     0.00979720  -0.00823736
    5    5
  0.04465592  -0.00000000     0.00325508  -0.00658028     0.00016914  -0.00459014
  0.00325508   0.00658028     0.06091151  -0.00000000    -0.00325508   0.00658028
  0.00016914   0.00459014    -0.00325508  -0.00658028     0.04465592  -0.00000000
    5    6
 -0.00324416  -0.00053771     0.00313571  -0.00118507     0.00062416  -0.00142834
 -0.00062416   0.00142834    -0.01745999   0.00573150     0.01878356  -0.02073893
 -0.00313571   0.00118507     0.03067610  -0.00192953    -0.01745999   0.00573150
    5    7
  0.00927513  -0.00927513    -0.00193589  -0.00747952    -0.00486417   0.00262027
  0.00262027  -0.00486417     0.01519642  -0.01714357     0.00349506  -0.00349506
 -0.00747952  -0.00193589     0.01557052  -0.01557053     0.01714356  -0.01519643
    6    1
  0.00896125   0.00871571     0.01512486   0.00856784     0.01108288   0.01063253
 -0.01675327  -0.00463651    -0.01249950  -0.00017361    -0.01535511  -0.00031844
 -0.03770090   0.01224295     0.01800151   0.03531562     0.00847533  -0.02046126
    6    2
  0.01519642   0.01714356    -0.00193589   0.00747952     0.01557053   0.01557052
  0.00262027   0.00486417     0.00927513   0.00927513    -0.00747952   0.00193589
  0.00349506   0.00349506    -0.00486417  -0.00262027     0.01714356   0.01519642
    6    3
 -0.01745999   0.00573150     0.00313571  -0.00118507     0.03067610  -0.00192953
 -0.00062416   0.00142834    -0.00324416  -0.00053771    -0.00313571   0.00118507
  0.01878356  -0.02073893     0.00062416  -0.00142834    -0.01745999   0.00573150
    6    4
  0.00927513  -0.00927513     0.00262027  -0.00486417    -0.00747952  -0.00193589
 -0.00193589  -0.00747952     0.01519642  -0.01714357     0.01557052  -0.01557053
 -0.00486417   0.00262027     0.00349506  -0.00349506     0.01714356  -0.01519643
    6    5
 -0.00324416   0.00053771    -0.00062416  -0.00142834    -0.00313571  -0.00118507
  0.00313571   0.00118507    -0.01745999  -0.00573150     0.03067610   0.00192953
  0.00062416   0.00142834     0.01878356   0.02073893    -0.01745999  -0.00573150
    6    6
  0.04465592   0.00000000    -0.00016914  -0.00459014    -0.00325508  -0.00658028
 -0.00016914   0.00459014     0.04465592  -0.00000000    -0.00325508   0.00658028
 -0.00325508   0.00658028    -0.00325508  -0.00658028     0.06091151   0.00000000
    6    7
  0.00823736   0.00979720    -0.00424533   0.00000000     0.00942103   0.00103200
 -0.00424533   0.00000000     0.00823736  -0.00979720     0.00942103  -0.00103200
  0.00942103   0.00103200     0.00942103  -0.00103200    -0.02256611   0.00000001
    7    1
 -0.01249950  -0.00017361    -0.01675327  -0.00463651    -0.01535511  -0.00031844
  0.01512486   0.00856784     0.00896124   0.00871572     0.01108288   0.01063253
  0.01800150   0.03531563    -0.03770090   0.01224294     0.00847533  -0.02046126
    7    2
 -0.01745999  -0.00573150     0.00313571   0.00118507     0.03067610   0.00192953
 -0.00062416  -0.00142834    -0.00324416   0.00053771    -0.00313571  -0.00118507
  0.01878356   0.02073893     0.00062416   0.00142834    -0.01745999  -0.00573150
    7    3
  0.01519642  -0.01714356    -0.00193589  -0.00747952     0.01557053  -0.01557052
  0.00262027  -0.00486417     0.00927513  -0.00927513    -0.00747952  -0.00193589
  0.00349506  -0.00349506    -0.00486417   0.00262027     0.01714356  -0.01519642
    7    4
 -0.00324416  -0.00053771    -0.00062416   0.00142834    -0.00313571   0.00118507
  0.00313571  -0.00118507    -0.01745999   0.00573150     0.03067610  -0.00192953
  0.00062416  -0.00142834     0.01878356  -0.02073893    -0.01745999   0.00573150
    7    5
  0.00927513   0.00927513     0.00262027   0.00486417    -0.00747952   0.00193589
 -0.00193589   0.00747952     0.01519642   0.01714357     0.01557052   0.01557053
 -0.00486417  -0.00262027     0.00349506   0.00349506     0.01714356   0.01519643
    7    6
  0.00823736  -0.00979720    -0.00424533  -0.00000000     0.00942103  -0.00103200
 -0.00424533  -0.00000000     0.00823736   0.00979720     0.00942103   0.00103200
  0.00942103  -0.00103200     0.00942103   0.00103200    -0.02256611  -0.00000001
    7    7
  0.04465592  -0.00000000    -0.00016914   0.00459014    -0.00325508   0.00658028
 -0.00016914  -0.00459014     0.04465592   0.00000000    -0.00325508  -0.00658028
 -0.00325508  -0.00658028    -0.00325508   0.00658028     0.06091151  -0.00000000

     Dynamical  Matrix in cartesian axes

     q = (   -0.216506400   0.216506400  -0.649519100 ) 

    1    1
  0.12886678  -0.00000000    -0.00180031  -0.00000000    -0.00180031  -0.00000000
 -0.00180031  -0.00000000     0.12886678  -0.00000000     0.00180031   0.00000000
 -0.00180031  -0.00000000     0.00180031   0.00000000     0.12886678  -0.00000000
    1    2
  0.00847533   0.02046126     0.01108288  -0.01063253    -0.01535511   0.00031844
 -0.03770090  -0.01224295     0.00896125  -0.00871571    -0.01675327   0.00463651
  0.01800151  -0.03531562     0.01512486  -0.00856784    -0.01249950   0.00017361
    1    3
  0.00847533   0.02046126    -0.01535511   0.00031844     0.01108288  -0.01063253
  0.01800150  -0.03531563    -0.01249950   0.00017361     0.01512486  -0.00856784
 -0.03770090  -0.01224294    -0.01675327   0.00463651     0.00896124  -0.00871572
    1    4
 -0.01249950  -0.00017362     0.01800150   0.03531563    -0.01512486  -0.00856785
 -0.01535511  -0.00031844     0.00847533  -0.02046126    -0.01108287  -0.01063253
  0.01675327   0.00463651     0.03770090  -0.01224293     0.00896124   0.00871572
    1    5
  0.00871572  -0.00896124     0.01224293   0.03770090     0.00463651  -0.01675327
  0.01063254  -0.01108287    -0.02046126  -0.00847534     0.00031844  -0.01535511
 -0.00856785   0.01512486    -0.03531563   0.01800149    -0.00017362   0.01249950
    1    6
  0.00871572  -0.00896124     0.00463651  -0.01675327     0.01224294   0.03770090
 -0.00856784   0.01512486    -0.00017361   0.01249950    -0.03531563   0.01800150
  0.01063253  -0.01108288     0.00031844  -0.01535511    -0.02046126  -0.00847533
    1    7
 -0.01249950  -0.00017362    -0.01512486  -0.00856785     0.01800149   0.03531563
  0.01675327   0.00463652     0.00896124   0.00871572     0.03770090  -0.01224293
