  1.000000000000000E-002   1.26045764302382        2.13065582614097     
          12

     Dynamical  Matrix in cartesian axes

     q = (    0.216506351   0.216506351   0.000000000 ) 

    1    1
  0.06011982  -0.00000000     0.05717109  -0.00000000     0.00000000   0.00000000
  0.05717109  -0.00000000     0.06011982  -0.00000000    -0.00000000   0.00000000
  0.00000000   0.00000000    -0.00000000   0.00000000     0.00219672   0.00000000
    1    2
 -0.00607230   0.00958595    -0.00232103   0.01925110     0.00000000   0.00000000
 -0.00429091   0.00825128    -0.00155327   0.01912269     0.00000000   0.00000000
  0.00000000   0.00000000     0.00000000   0.00000000    -0.00097617  -0.00203696
    1    3
 -0.00958595   0.00607230    -0.01925110   0.00232103    -0.00000000  -0.00000000
 -0.00825128   0.00429091    -0.01912269   0.00155327    -0.00000000  -0.00000000
 -0.00000000  -0.00000000    -0.00000000  -0.00000000     0.00203696   0.00097617
    1    4
 -0.01912269   0.00155327    -0.00825128   0.00429091    -0.00000000  -0.00000000
 -0.01925110   0.00232103    -0.00958595   0.00607230    -0.00000000  -0.00000000
 -0.00000000  -0.00000000    -0.00000000  -0.00000000     0.00203696   0.00097617
    1    5
 -0.00155327   0.01912269    -0.00429091   0.00825128     0.00000000   0.00000000
 -0.00232103   0.01925110    -0.00607230   0.00958595     0.00000000   0.00000000
  0.00000000   0.00000000     0.00000000   0.00000000    -0.00097617  -0.00203696
    1    6
  0.00447616  -0.00447616     0.00276877  -0.00276877    -0.00002436  -0.00002436
  0.00276877  -0.00276877     0.00447616  -0.00447616     0.00002436   0.00002436
  0.00150967   0.00150967    -0.00150967  -0.00150967    -0.00068376   0.00068376
    1    7
  0.00447616  -0.00447616     0.00276877  -0.00276877     0.00002436   0.00002436
  0.00276877  -0.00276877     0.00447616  -0.00447616    -0.00002436  -0.00002436
 -0.00150967  -0.00150967     0.00150967   0.00150967    -0.00068376   0.00068376
    2    1
 -0.00607230  -0.00958595    -0.00429091  -0.00825128     0.00000000  -0.00000000
 -0.00232103  -0.01925110    -0.00155327  -0.01912269     0.00000000  -0.00000000
  0.00000000  -0.00000000     0.00000000  -0.00000000    -0.00097617   0.00203696
    2    2
  0.01472212   0.00000000     0.00740430  -0.02227359    -0.00000000   0.00000000
  0.00740430   0.02227359     0.07490350   0.00000000    -0.00000000   0.00000000
 -0.00000000   0.00000000     0.00000000   0.00000000     0.01429917   0.00000000
    2    3
  0.00987468  -0.00583189     0.01863892   0.01688858    -0.00000000  -0.00000000
  0.01863892   0.01688858    -0.02158435   0.06619523     0.00000000  -0.00000000
  0.00000000  -0.00000000     0.00000000  -0.00000000    -0.01002931   0.00602767
    2    4
  0.01821520   0.01737185     0.00833601  -0.00492352     0.00000000   0.00000000
 -0.02185615   0.06654427     0.01821520   0.01737185    -0.00000000   0.00000000
  0.00000000   0.00000000    -0.00000000   0.00000000     0.00593076  -0.00098319
    2    5
  0.00679064  -0.02258660     0.01143863   0.00000000     0.00000000   0.00000000
  0.07434106   0.00000000     0.00679064   0.02258660     0.00000000   0.00000000
  0.00000000   0.00000000    -0.00000000   0.00000000    -0.00738857   0.00000000
    2    6
 -0.00736149   0.00157704    -0.00507848   0.00184834    -0.00043525  -0.00014917
 -0.00483428  -0.00960594    -0.00428674  -0.01001638     0.00005819   0.00016324
 -0.01302297   0.00356207    -0.00744421   0.00094968    -0.00099654  -0.00176057
    2    7
 -0.00736149   0.00157704    -0.00507848   0.00184834     0.00043525   0.00014917
 -0.00483428  -0.00960594    -0.00428674  -0.01001638    -0.00005819  -0.00016324
  0.01302297  -0.00356207     0.00744421  -0.00094968    -0.00099654  -0.00176057
    3    1
 -0.00958595  -0.00607230    -0.00825128  -0.00429091    -0.00000000   0.00000000
 -0.01925110  -0.00232103    -0.01912269  -0.00155327    -0.00000000   0.00000000
 -0.00000000   0.00000000    -0.00000000   0.00000000     0.00203696  -0.00097617
    3    2
  0.00987468   0.00583189     0.01863892  -0.01688858    -0.00000000   0.00000000
  0.01863892  -0.01688858    -0.02158435  -0.06619523     0.00000000   0.00000000
  0.00000000   0.00000000     0.00000000   0.00000000    -0.01002931  -0.00602767
    3    3
  0.01472212  -0.00000000     0.00740430   0.02227359    -0.00000000   0.00000000
  0.00740430  -0.02227359     0.07490350  -0.00000000     0.00000000   0.00000000
  0.00000000   0.00000000    -0.00000000   0.00000000     0.01429917  -0.00000000
    3    4
  0.00679064   0.02258660     0.01143863   0.00000000    -0.00000000   0.00000000
  0.07434106   0.00000000     0.00679064  -0.02258660    -0.00000000   0.00000000
  0.00000000   0.00000000    -0.00000000   0.00000000    -0.00738857  -0.00000000
    3    5
  0.01821520  -0.01737185     0.00833601   0.00492352    -0.00000000   0.00000000
 -0.02185615  -0.06654427     0.01821520  -0.01737185    -0.00000000   0.00000000
 -0.00000000   0.00000000    -0.00000000   0.00000000     0.00593076   0.00098319
    3    6
 -0.00736149  -0.00157704    -0.00507848  -0.00184834     0.00043525  -0.00014917
 -0.00483428   0.00960594    -0.00428674   0.01001638    -0.00005819   0.00016324
  0.01302297   0.00356207     0.00744421   0.00094968    -0.00099654   0.00176057
    3    7
 -0.00736149  -0.00157704    -0.00507848  -0.00184834    -0.00043525   0.00014917
 -0.00483428   0.00960594    -0.00428674   0.01001638     0.00005819  -0.00016324
 -0.01302297  -0.00356207    -0.00744421  -0.00094968    -0.00099654   0.00176057
    4    1
 -0.01912269  -0.00155327    -0.01925110  -0.00232103    -0.00000000   0.00000000
 -0.00825128  -0.00429091    -0.00958595  -0.00607230    -0.00000000   0.00000000
 -0.00000000   0.00000000    -0.00000000  -0.00000000     0.00203696  -0.00097617
    4    2
  0.01821520  -0.01737185    -0.02185615  -0.06654427    -0.00000000   0.00000000
  0.00833601   0.00492352     0.01821520  -0.01737185    -0.00000000   0.00000000
  0.00000000   0.00000000    -0.00000000   0.00000000     0.00593076   0.00098319
    4    3
  0.00679064  -0.02258660     0.07434106  -0.00000000    -0.00000000  -0.00000000
  0.01143863  -0.00000000     0.00679064   0.02258660    -0.00000000  -0.00000000
  0.00000000  -0.00000000     0.00000000  -0.00000000    -0.00738857  -0.00000000
    4    4
  0.07490350  -0.00000000     0.00740430  -0.02227359     0.00000000  -0.00000000
  0.00740430   0.02227359     0.01472212  -0.00000000    -0.00000000  -0.00000000
 -0.00000000   0.00000000     0.00000000   0.00000000     0.01429917  -0.00000000
    4    5
 -0.02158435  -0.06619523     0.01863892  -0.01688858     0.00000000   0.00000000
  0.01863892  -0.01688858     0.00987468   0.00583189     0.00000000   0.00000000
  0.00000000   0.00000000     0.00000000   0.00000000    -0.01002931  -0.00602767
    4    6
 -0.00428674   0.01001638    -0.00483428   0.00960594     0.00005819  -0.00016324
 -0.00507848  -0.00184834    -0.00736149  -0.00157704    -0.00043525   0.00014917
 -0.00744421  -0.00094968    -0.01302297  -0.00356207    -0.00099654   0.00176057
    4    7
 -0.00428674   0.01001638    -0.00483428   0.00960594    -0.00005819   0.00016324
 -0.00507848  -0.00184834    -0.00736149  -0.00157704     0.00043525  -0.00014917
  0.00744421   0.00094968     0.01302297   0.00356207    -0.00099654   0.00176057
    5    1
 -0.00155327  -0.01912269    -0.00232103  -0.01925110     0.00000000  -0.00000000
 -0.00429091  -0.00825128    -0.00607230  -0.00958595     0.00000000  -0.00000000
  0.00000000  -0.00000000     0.00000000  -0.00000000    -0.00097617   0.00203696
    5    2
  0.00679064   0.02258660     0.07434106  -0.00000000     0.00000000  -0.00000000
  0.01143863  -0.00000000     0.00679064  -0.02258660     0.00000000  -0.00000000
  0.00000000  -0.00000000    -0.00000000  -0.00000000    -0.00738857   0.00000000
    5    3
  0.01821520   0.01737185    -0.02185615   0.06654427    -0.00000000   0.00000000
  0.00833601  -0.00492352     0.01821520   0.01737185    -0.00000000   0.00000000
 -0.00000000   0.00000000    -0.00000000   0.00000000     0.00593076  -0.00098319
    5    4
 -0.02158435   0.06619523     0.01863892   0.01688858     0.00000000  -0.00000000
  0.01863892   0.01688858     0.00987468  -0.00583189     0.00000000  -0.00000000
  0.00000000  -0.00000000     0.00000000  -0.00000000    -0.01002931   0.00602767
    5    5
  0.07490350   0.00000000     0.00740430   0.02227359    -0.00000000   0.00000000
  0.00740430  -0.02227359     0.01472212   0.00000000    -0.00000000   0.00000000
 -0.00000000  -0.00000000    -0.00000000  -0.00000000     0.01429917   0.00000000
    5    6
 -0.00428674  -0.01001638    -0.00483428  -0.00960594    -0.00005819  -0.00016324
 -0.00507848   0.00184834    -0.00736149   0.00157704     0.00043525   0.00014917
  0.00744421  -0.00094968     0.01302297  -0.00356207    -0.00099654  -0.00176057
    5    7
 -0.00428674  -0.01001638    -0.00483428  -0.00960594     0.00005819   0.00016324
 -0.00507848   0.00184834    -0.00736149   0.00157704    -0.00043525  -0.00014917
 -0.00744421   0.00094968    -0.01302297   0.00356207    -0.00099654  -0.00176057
    6    1
  0.00447616   0.00447616     0.00276877   0.00276877     0.00150967  -0.00150967
  0.00276877   0.00276877     0.00447616   0.00447616    -0.00150967   0.00150967
 -0.00002436   0.00002436     0.00002436  -0.00002436    -0.00068376  -0.00068376
    6    2
 -0.00736149  -0.00157704    -0.00483428   0.00960594    -0.01302297  -0.00356207
 -0.00507848  -0.00184834    -0.00428674   0.01001638    -0.00744421  -0.00094968
 -0.00043525   0.00014917     0.00005819  -0.00016324    -0.00099654   0.00176057
    6    3
 -0.00736149   0.00157704    -0.00483428  -0.00960594     0.01302297  -0.00356207
 -0.00507848   0.00184834    -0.00428674  -0.01001638     0.00744421  -0.00094968
  0.00043525   0.00014917    -0.00005819  -0.00016324    -0.00099654  -0.00176057
    6    4
 -0.00428674  -0.01001638    -0.00507848   0.00184834    -0.00744421   0.00094968
 -0.00483428  -0.00960594    -0.00736149   0.00157704    -0.01302297   0.00356207
  0.00005819   0.00016324    -0.00043525  -0.00014917    -0.00099654  -0.00176057
    6    5
 -0.00428674   0.01001638    -0.00507848  -0.00184834     0.00744421   0.00094968
 -0.00483428   0.00960594    -0.00736149  -0.00157704     0.01302297   0.00356207
 -0.00005819   0.00016324     0.00043525  -0.00014917    -0.00099654   0.00176057
    6    6
  0.02102285  -0.00000000     0.01241210  -0.00000000     0.00000000   0.00146059
  0.01241210   0.00000000     0.02102285  -0.00000000    -0.00000000  -0.00146059
  0.00000000  -0.00146059     0.00000000   0.00146059     0.00240174  -0.00000000
    6    7
 -0.00798074  -0.00000000    -0.00512332  -0.00000000     0.00000000   0.00202410
 -0.00512332  -0.00000000    -0.00798074  -0.00000000     0.00000000  -0.00202410
  0.00000000   0.00202410     0.00000000  -0.00202410     0.00090456  -0.00000000
    7    1
  0.00447616   0.00447616     0.00276877   0.00276877    -0.00150967   0.00150967
  0.00276877   0.00276877     0.00447616   0.00447616     0.00150967  -0.00150967
  0.00002436  -0.00002436    -0.00002436   0.00002436    -0.00068376  -0.00068376
    7    2
 -0.00736149  -0.00157704    -0.00483428   0.00960594     0.01302297   0.00356207
 -0.00507848  -0.00184834    -0.00428674   0.01001638     0.00744421   0.00094968
  0.00043525  -0.00014917    -0.00005819   0.00016324    -0.00099654   0.00176057
    7    3
 -0.00736149   0.00157704    -0.00483428  -0.00960594    -0.01302297   0.00356207
 -0.00507848   0.00184834    -0.00428674  -0.01001638    -0.00744421   0.00094968
 -0.00043525  -0.00014917     0.00005819   0.00016324    -0.00099654  -0.00176057
    7    4
 -0.00428674  -0.01001638    -0.00507848   0.00184834     0.00744421  -0.00094968
 -0.00483428  -0.00960594    -0.00736149   0.00157704     0.01302297  -0.00356207
 -0.00005819  -0.00016324     0.00043525   0.00014917    -0.00099654  -0.00176057
    7    5
 -0.00428674   0.01001638    -0.00507848  -0.00184834    -0.00744421  -0.00094968
 -0.00483428   0.00960594    -0.00736149  -0.00157704    -0.01302297  -0.00356207
  0.00005819  -0.00016324    -0.00043525   0.00014917    -0.00099654   0.00176057
    7    6
 -0.00798074   0.00000000    -0.00512332   0.00000000     0.00000000  -0.00202410
 -0.00512332   0.00000000    -0.00798074   0.00000000     0.00000000   0.00202410
  0.00000000  -0.00202410     0.00000000   0.00202410     0.00090456   0.00000000
    7    7
  0.02102285   0.00000000     0.01241210   0.00000000     0.00000000  -0.00146059
  0.01241210  -0.00000000     0.02102285  -0.00000000    -0.00000000   0.00146059
  0.00000000   0.00146059     0.00000000  -0.00146059     0.00240174   0.00000000

     Dynamical  Matrix in cartesian axes

     q = (    0.216506351  -0.216506351   0.000000000 ) 

    1    1
  0.06011982  -0.00000000    -0.05717109   0.00000000     0.00000000  -0.00000000
 -0.05717109   0.00000000     0.06011982  -0.00000000     0.00000000  -0.00000000
  0.00000000  -0.00000000    -0.00000000  -0.00000000     0.00219672  -0.00000000
    1    2
 -0.00607230   0.00958595     0.00232103  -0.01925110    -0.00000000   0.00000000
  0.00429091  -0.00825128    -0.00155327   0.01912269    -0.00000000   0.00000000
 -0.00000000   0.00000000    -0.00000000   0.00000000    -0.00097617  -0.00203696
    1    3
 -0.00607230  -0.00958595     0.00232103   0.01925110    -0.00000000  -0.00000000
  0.00429091   0.00825128    -0.00155327  -0.01912269    -0.00000000  -0.00000000
 -0.00000000  -0.00000000     0.00000000  -0.00000000    -0.00097617   0.00203696
    1    4
 -0.00155327   0.01912269     0.00429091  -0.00825128    -0.00000000   0.00000000
  0.00232103  -0.01925110    -0.00607230   0.00958595     0.00000000   0.00000000
 -0.00000000   0.00000000     0.00000000   0.00000000    -0.00097617  -0.00203696
    1    5
 -0.00155327  -0.01912269     0.00429091   0.00825128    -0.00000000  -0.00000000
  0.00232103   0.01925110    -0.00607230  -0.00958595    -0.00000000  -0.00000000
 -0.00000000  -0.00000000     0.00000000  -0.00000000    -0.00097617   0.00203696
    1    6
  0.00447616   0.00447616    -0.00276877  -0.00276877     0.00002436  -0.00002436
 -0.00276877  -0.00276877     0.00447616   0.00447616     0.00002436  -0.00002436
 -0.00150967   0.00150967    -0.00150967   0.00150967    -0.00068376  -0.00068376
    1    7
  0.00447616  -0.00447616    -0.00276877   0.00276877     0.00002436   0.00002436
 -0.00276877   0.00276877     0.00447616  -0.00447616     0.00002436   0.00002436
 -0.00150967  -0.00150967    -0.00150967  -0.00150967    -0.00068376   0.00068376
    2    1
 -0.00607230  -0.00958595     0.00429091   0.00825128     0.00000000  -0.00000000
  0.00232103   0.01925110    -0.00155327  -0.01912269    -0.00000000  -0.00000000
  0.00000000  -0.00000000    -0.00000000  -0.00000000    -0.00097617   0.00203696
    2    2
  0.01472212   0.00000000    -0.00740430   0.02227359     0.00000000   0.00000000
 -0.00740430  -0.02227359     0.07490350   0.00000000    -0.00000000   0.00000000
 -0.00000000   0.00000000     0.00000000   0.00000000     0.01429917   0.00000000
    2    3
  0.00583189   0.00987468     0.01688858  -0.01863892    -0.00000000   0.00000000
  0.01688858  -0.01863892    -0.06619523  -0.02158435    -0.00000000   0.00000000
 -0.00000000   0.00000000    -0.00000000   0.00000000    -0.00602767  -0.01002931
    2    4
  0.00679064  -0.02258660    -0.01143863  -0.00000000     0.00000000   0.00000000
 -0.07434106  -0.00000000     0.00679064   0.02258660     0.00000000   0.00000000
  0.00000000   0.00000000     0.00000000   0.00000000    -0.00738857  -0.00000000
    2    5
 -0.01737185   0.01821520    -0.00492352  -0.00833601     0.00000000  -0.00000000
  0.06654427   0.02185615    -0.01737185   0.01821520     0.00000000  -0.00000000
 -0.00000000  -0.00000000    -0.00000000  -0.00000000     0.00098319   0.00593076
    2    6
 -0.00157704  -0.00736149     0.00184834   0.00507848     0.00014917  -0.00043525
 -0.00960594   0.00483428     0.01001638  -0.00428674     0.00016324  -0.00005819
 -0.00356207  -0.01302297     0.00094968   0.00744421     0.00176057  -0.00099654
    2    7
 -0.00736149   0.00157704     0.00507848  -0.00184834     0.00043525   0.00014917
  0.00483428   0.00960594    -0.00428674  -0.01001638     0.00005819   0.00016324
  0.01302297  -0.00356207    -0.00744421   0.00094968    -0.00099654  -0.00176057
    3    1
 -0.00607230   0.00958595     0.00429091  -0.00825128     0.00000000  -0.00000000
  0.00232103  -0.01925110    -0.00155327   0.01912269     0.00000000  -0.00000000
 -0.00000000  -0.00000000    -0.00000000  -0.00000000    -0.00097617  -0.00203696
    3    2
  0.00583189  -0.00987468     0.01688858   0.01863892    -0.00000000   0.00000000
  0.01688858   0.01863892    -0.06619523   0.02158435    -0.00000000   0.00000000
 -0.00000000  -0.00000000    -0.00000000  -0.00000000    -0.00602767   0.01002931
    3    3
  0.01472212  -0.00000000    -0.00740430  -0.02227359     0.00000000   0.00000000
 -0.00740430   0.02227359     0.07490350  -0.00000000     0.00000000   0.00000000
  0.00000000  -0.00000000     0.00000000  -0.00000000     0.01429917  -0.00000000
    3    4
 -0.01737185  -0.01821520    -0.00492352   0.00833601     0.00000000   0.00000000
  0.06654427  -0.02185615    -0.01737185  -0.01821520     0.00000000   0.00000000
 -0.00000000   0.00000000     0.00000000   0.00000000     0.00098319  -0.00593076
    3    5
  0.00679064   0.02258660    -0.01143863  -0.00000000     0.00000000  -0.00000000
 -0.07434106  -0.00000000     0.00679064  -0.02258660     0.00000000  -0.00000000
  0.00000000  -0.00000000     0.00000000  -0.00000000    -0.00738857  -0.00000000
    3    6
 -0.00736149  -0.00157704     0.00507848   0.00184834     0.00043525  -0.00014917
  0.00483428  -0.00960594    -0.00428674   0.01001638     0.00005819  -0.00016324
  0.01302297   0.00356207    -0.00744421  -0.00094968    -0.00099654   0.00176057
    3    7
 -0.00157704   0.00736149     0.00184834  -0.00507848     0.00014917   0.00043525
 -0.00960594  -0.00483428     0.01001638   0.00428674     0.00016324   0.00005819
 -0.00356207   0.01302297     0.00094968  -0.00744421     0.00176057   0.00099654
    4    1
 -0.00155327  -0.01912269     0.00232103   0.01925110     0.00000000  -0.00000000
  0.00429091   0.00825128    -0.00607230  -0.00958595     0.00000000  -0.00000000
  0.00000000  -0.00000000     0.00000000   0.00000000    -0.00097617   0.00203696
    4    2
  0.00679064   0.02258660    -0.07434106   0.00000000     0.00000000   0.00000000
 -0.01143863   0.00000000     0.00679064  -0.02258660     0.00000000   0.00000000
  0.00000000   0.00000000     0.00000000   0.00000000    -0.00738857   0.00000000
    4    3
 -0.01737185   0.01821520     0.06654427   0.02185615     0.00000000  -0.00000000
 -0.00492352  -0.00833601    -0.01737185   0.01821520     0.00000000  -0.00000000
  0.00000000  -0.00000000     0.00000000   0.00000000     0.00098319   0.00593076
    4    4
  0.07490350   0.00000000    -0.00740430  -0.02227359     0.00000000   0.00000000
 -0.00740430   0.02227359     0.01472212   0.00000000    -0.00000000   0.00000000
  0.00000000   0.00000000    -0.00000000   0.00000000     0.01429917   0.00000000
    4    5
 -0.06619523  -0.02158435     0.01688858  -0.01863892     0.00000000   0.00000000
  0.01688858  -0.01863892     0.00583189   0.00987468     0.00000000   0.00000000
 -0.00000000   0.00000000    -0.00000000   0.00000000    -0.00602767  -0.01002931
    4    6
  0.01001638  -0.00428674    -0.00960594   0.00483428     0.00016324  -0.00005819
  0.00184834   0.00507848    -0.00157704  -0.00736149     0.00014917  -0.00043525
  0.00094968   0.00744421    -0.00356207  -0.01302297     0.00176057  -0.00099654
    4    7
 -0.00428674  -0.01001638     0.00483428   0.00960594     0.00005819   0.00016324
  0.00507848  -0.00184834    -0.00736149   0.00157704     0.00043525   0.00014917
 -0.00744421   0.00094968     0.01302297  -0.00356207    -0.00099654  -0.00176057
    5    1
 -0.00155327   0.01912269     0.00232103  -0.01925110     0.00000000   0.00000000
  0.00429091  -0.00825128    -0.00607230   0.00958595     0.00000000   0.00000000
  0.00000000   0.00000000     0.00000000  -0.00000000    -0.00097617  -0.00203696
    5    2
 -0.01737185  -0.01821520     0.06654427  -0.02185615     0.00000000   0.00000000
 -0.00492352   0.00833601    -0.01737185  -0.01821520    -0.00000000   0.00000000
 -0.00000000   0.00000000    -0.00000000   0.00000000     0.00098319  -0.00593076
    5    3
  0.00679064  -0.02258660    -0.07434106   0.00000000     0.00000000   0.00000000
 -0.01143863   0.00000000     0.00679064   0.02258660     0.00000000   0.00000000
  0.00000000   0.00000000    -0.00000000   0.00000000    -0.00738857   0.00000000
    5    4
 -0.06619523   0.02158435     0.01688858   0.01863892     0.00000000  -0.00000000
  0.01688858   0.01863892     0.00583189  -0.00987468     0.00000000  -0.00000000
 -0.00000000  -0.00000000     0.00000000  -0.00000000    -0.00602767   0.01002931
    5    5
  0.07490350  -0.00000000    -0.00740430   0.02227359     0.00000000   0.00000000
 -0.00740430  -0.02227359     0.01472212  -0.00000000     0.00000000   0.00000000
  0.00000000  -0.00000000     0.00000000  -0.00000000     0.01429917  -0.00000000
    5    6
 -0.00428674   0.01001638     0.00483428  -0.00960594     0.00005819  -0.00016324
  0.00507848   0.00184834    -0.00736149  -0.00157704     0.00043525  -0.00014917
 -0.00744421  -0.00094968     0.01302297   0.00356207    -0.00099654   0.00176057
    5    7
  0.01001638   0.00428674    -0.00960594  -0.00483428     0.00016324   0.00005819
  0.00184834  -0.00507848    -0.00157704   0.00736149     0.00014917   0.00043525
  0.00094968  -0.00744421    -0.00356207   0.01302297     0.00176057   0.00099654
    6    1
  0.00447616  -0.00447616    -0.00276877   0.00276877    -0.00150967  -0.00150967
 -0.00276877   0.00276877     0.00447616  -0.00447616    -0.00150967  -0.00150967
  0.00002436   0.00002436     0.00002436   0.00002436    -0.00068376   0.00068376
    6    2
 -0.00157704   0.00736149    -0.00960594  -0.00483428    -0.00356207   0.01302297
  0.00184834  -0.00507848     0.01001638   0.00428674     0.00094968  -0.00744421
  0.00014917   0.00043525     0.00016324   0.00005819     0.00176057   0.00099654
    6    3
 -0.00736149   0.00157704     0.00483428   0.00960594     0.01302297  -0.00356207
  0.00507848  -0.00184834    -0.00428674  -0.01001638    -0.00744421   0.00094968
  0.00043525   0.00014917     0.00005819   0.00016324    -0.00099654  -0.00176057
    6    4
  0.01001638   0.00428674     0.00184834  -0.00507848     0.00094968  -0.00744421
 -0.00960594  -0.00483428    -0.00157704   0.00736149    -0.00356207   0.01302297
  0.00016324   0.00005819     0.00014917   0.00043525     0.00176057   0.00099654
    6    5
 -0.00428674  -0.01001638     0.00507848  -0.00184834    -0.00744421   0.00094968
  0.00483428   0.00960594    -0.00736149   0.00157704     0.01302297  -0.00356207
  0.00005819   0.00016324     0.00043525   0.00014917    -0.00099654  -0.00176057
    6    6
  0.02102285   0.00000000    -0.01241210  -0.00000000    -0.00000000   0.00146059
 -0.01241210  -0.00000000     0.02102285  -0.00000000    -0.00000000   0.00146059
 -0.00000000  -0.00146059    -0.00000000  -0.00146059     0.00240174   0.00000000
    6    7
 -0.00000000   0.00798074    -0.00000000  -0.00512332     0.00202410  -0.00000000
 -0.00000000  -0.00512332    -0.00000000   0.00798074     0.00202410  -0.00000000
  0.00202410  -0.00000000     0.00202410  -0.00000000     0.00000000  -0.00090456
    7    1
  0.00447616   0.00447616    -0.00276877  -0.00276877    -0.00150967   0.00150967
 -0.00276877  -0.00276877     0.00447616   0.00447616    -0.00150967   0.00150967
  0.00002436  -0.00002436     0.00002436  -0.00002436    -0.00068376  -0.00068376
    7    2
 -0.00736149  -0.00157704     0.00483428  -0.00960594     0.01302297   0.00356207
  0.00507848   0.00184834    -0.00428674   0.01001638    -0.00744421  -0.00094968
  0.00043525  -0.00014917     0.00005819  -0.00016324    -0.00099654   0.00176057
    7    3
 -0.00157704  -0.00736149    -0.00960594   0.00483428    -0.00356207  -0.01302297
  0.00184834   0.00507848     0.01001638  -0.00428674     0.00094968   0.00744421
  0.00014917  -0.00043525     0.00016324  -0.00005819     0.00176057  -0.00099654
    7    4
 -0.00428674   0.01001638     0.00507848   0.00184834    -0.00744421  -0.00094968
  0.00483428  -0.00960594    -0.00736149  -0.00157704     0.01302297   0.00356207
  0.00005819  -0.00016324     0.00043525  -0.00014917    -0.00099654   0.00176057
    7    5
  0.01001638  -0.00428674     0.00184834   0.00507848     0.00094968   0.00744421
 -0.00960594   0.00483428    -0.00157704  -0.00736149    -0.00356207  -0.01302297
  0.00016324  -0.00005819     0.00014917  -0.00043525     0.00176057  -0.00099654
    7    6
 -0.00000000  -0.00798074    -0.00000000   0.00512332     0.00202410   0.00000000
 -0.00000000   0.00512332    -0.00000000  -0.00798074     0.00202410   0.00000000
  0.00202410   0.00000000     0.00202410   0.00000000     0.00000000   0.00090456
    7    7
  0.02102285  -0.00000000    -0.01241210  -0.00000000     0.00000000  -0.00146059
 -0.01241210   0.00000000     0.02102285   0.00000000     0.00000000  -0.00146059
  0.00000000   0.00146059     0.00000000   0.00146059     0.00240174   0.00000000

     Dynamical  Matrix in cartesian axes

     q = (   -0.216506351  -0.216506351   0.000000000 ) 

    1    1
  0.06011982  -0.00000000     0.05717109  -0.00000000    -0.00000000   0.00000000
  0.05717109  -0.00000000     0.06011982  -0.00000000     0.00000000   0.00000000
 -0.00000000   0.00000000     0.00000000   0.00000000     0.00219672   0.00000000
    1    2
 -0.00607230  -0.00958595    -0.00232103  -0.01925110     0.00000000  -0.00000000
 -0.00429091  -0.00825128    -0.00155327  -0.01912269     0.00000000  -0.00000000
  0.00000000  -0.00000000     0.00000000  -0.00000000    -0.00097617   0.00203696
    1    3
 -0.00958595  -0.00607230    -0.01925110  -0.00232103    -0.00000000   0.00000000
 -0.00825128  -0.00429091    -0.01912269  -0.00155327    -0.00000000   0.00000000
 -0.00000000   0.00000000    -0.00000000   0.00000000     0.00203696  -0.00097617
    1    4
 -0.01912269  -0.00155327    -0.00825128  -0.00429091     0.00000000   0.00000000
 -0.01925110  -0.00232103    -0.00958595  -0.00607230     0.00000000   0.00000000
 -0.00000000   0.00000000    -0.00000000   0.00000000     0.00203696  -0.00097617
    1    5
 -0.00155327  -0.01912269    -0.00429091  -0.00825128     0.00000000  -0.00000000
 -0.00232103  -0.01925110    -0.00607230  -0.00958595     0.00000000  -0.00000000
  0.00000000  -0.00000000     0.00000000  -0.00000000    -0.00097617   0.00203696
    1    6
  0.00447616   0.00447616     0.00276877   0.00276877    -0.00002436   0.00002436
  0.00276877   0.00276877     0.00447616   0.00447616     0.00002436  -0.00002436
  0.00150967  -0.00150967    -0.00150967   0.00150967    -0.00068376  -0.00068376
    1    7
  0.00447616   0.00447616     0.00276877   0.00276877     0.00002436  -0.00002436
  0.00276877   0.00276877     0.00447616   0.00447616    -0.00002436   0.00002436
 -0.00150967   0.00150967     0.00150967  -0.00150967    -0.00068376  -0.00068376
    2    1
 -0.00607230   0.00958595    -0.00429091   0.00825128     0.00000000   0.00000000
 -0.00232103   0.01925110    -0.00155327   0.01912269     0.00000000   0.00000000
  0.00000000   0.00000000     0.00000000   0.00000000    -0.00097617  -0.00203696
    2    2
  0.01472212  -0.00000000     0.00740430   0.02227359     0.00000000  -0.00000000
  0.00740430  -0.02227359     0.07490350  -0.00000000    -0.00000000  -0.00000000
 -0.00000000   0.00000000    -0.00000000   0.00000000     0.01429917  -0.00000000
    2    3
  0.00987468   0.00583189     0.01863892  -0.01688858     0.00000000   0.00000000
  0.01863892  -0.01688858    -0.02158435  -0.06619523     0.00000000   0.00000000
  0.00000000   0.00000000     0.00000000   0.00000000    -0.01002931  -0.00602767
    2    4
  0.01821520  -0.01737185     0.00833601   0.00492352    -0.00000000   0.00000000
 -0.02185615  -0.06654427     0.01821520  -0.01737185    -0.00000000   0.00000000
 -0.00000000   0.00000000    -0.00000000   0.00000000     0.00593076   0.00098319
    2    5
  0.00679064   0.02258660     0.01143863   0.00000000     0.00000000   0.00000000
  0.07434106   0.00000000     0.00679064  -0.02258660     0.00000000   0.00000000
  0.00000000   0.00000000     0.00000000   0.00000000    -0.00738857  -0.00000000
    2    6
 -0.00736149  -0.00157704    -0.00507848  -0.00184834    -0.00043525   0.00014917
 -0.00483428   0.00960594    -0.00428674   0.01001638     0.00005819  -0.00016324
 -0.01302297  -0.00356207    -0.00744421  -0.00094968    -0.00099654   0.00176057
    2    7
 -0.00736149  -0.00157704    -0.00507848  -0.00184834     0.00043525  -0.00014917
 -0.00483428   0.00960594    -0.00428674   0.01001638    -0.00005819   0.00016324
  0.01302297   0.00356207     0.00744421   0.00094968    -0.00099654   0.00176057
    3    1
 -0.00958595   0.00607230    -0.00825128   0.00429091    -0.00000000  -0.00000000
 -0.01925110   0.00232103    -0.01912269   0.00155327    -0.00000000  -0.00000000
 -0.00000000   0.00000000    -0.00000000   0.00000000     0.00203696   0.00097617
    3    2
  0.00987468  -0.00583189     0.01863892   0.01688858     0.00000000  -0.00000000
  0.01863892   0.01688858    -0.02158435   0.06619523     0.00000000  -0.00000000
 -0.00000000  -0.00000000    -0.00000000  -0.00000000    -0.01002931   0.00602767
    3    3
  0.01472212   0.00000000     0.00740430  -0.02227359    -0.00000000   0.00000000
  0.00740430   0.02227359     0.07490350   0.00000000     0.00000000   0.00000000
  0.00000000  -0.00000000     0.00000000  -0.00000000     0.01429917   0.00000000
    3    4
  0.00679064  -0.02258660     0.01143863   0.00000000     0.00000000   0.00000000
  0.07434106   0.00000000     0.00679064   0.02258660     0.00000000   0.00000000
  0.00000000   0.00000000     0.00000000   0.00000000    -0.00738857   0.00000000
    3    5
  0.01821520   0.01737185     0.00833601  -0.00492352    -0.00000000   0.00000000
 -0.02185615   0.06654427     0.01821520   0.01737185     0.00000000   0.00000000
 -0.00000000   0.00000000    -0.00000000   0.00000000     0.00593076  -0.00098319
    3    6
 -0.00736149   0.00157704    -0.00507848   0.00184834     0.00043525   0.00014917
 -0.00483428  -0.00960594    -0.00428674  -0.01001638    -0.00005819  -0.00016324
  0.01302297  -0.00356207     0.00744421  -0.00094968    -0.00099654  -0.00176057
    3    7
 -0.00736149   0.00157704    -0.00507848   0.00184834    -0.00043525  -0.00014917
 -0.00483428  -0.00960594    -0.00428674  -0.01001638     0.00005819   0.00016324
 -0.01302297   0.00356207    -0.00744421   0.00094968    -0.00099654  -0.00176057
    4    1
 -0.01912269   0.00155327    -0.01925110   0.00232103    -0.00000000  -0.00000000
 -0.00825128   0.00429091    -0.00958595   0.00607230    -0.00000000  -0.00000000
 -0.00000000   0.00000000    -0.00000000   0.00000000     0.00203696   0.00097617
    4    2
  0.01821520   0.01737185    -0.02185615   0.06654427    -0.00000000   0.00000000
  0.00833601  -0.00492352     0.01821520   0.01737185    -0.00000000   0.00000000
 -0.00000000   0.00000000    -0.00000000   0.00000000     0.00593076  -0.00098319
    4    3
  0.00679064   0.02258660     0.07434106  -0.00000000    -0.00000000  -0.00000000
  0.01143863  -0.00000000     0.00679064  -0.02258660    -0.00000000  -0.00000000
  0.00000000  -0.00000000     0.00000000  -0.00000000    -0.00738857   0.00000000
    4    4
  0.07490350   0.00000000     0.00740430   0.02227359    -0.00000000   0.00000000
  0.00740430  -0.02227359     0.01472212   0.00000000    -0.00000000   0.00000000
 -0.00000000   0.00000000    -0.00000000   0.00000000     0.01429917   0.00000000
    4    5
 -0.02158435   0.06619523     0.01863892   0.01688858    -0.00000000  -0.00000000
  0.01863892   0.01688858     0.00987468  -0.00583189    -0.00000000   0.00000000
  0.00000000  -0.00000000     0.00000000   0.00000000    -0.01002931   0.00602767
    4    6
 -0.00428674  -0.01001638    -0.00483428  -0.00960594     0.00005819   0.00016324
 -0.00507848   0.00184834    -0.00736149   0.00157704    -0.00043525  -0.00014917
 -0.00744421   0.00094968    -0.01302297   0.00356207    -0.00099654  -0.00176057
    4    7
 -0.00428674  -0.01001638    -0.00483428  -0.00960594    -0.00005819  -0.00016324
 -0.00507848   0.00184834    -0.00736149   0.00157704     0.00043525   0.00014917
  0.00744421  -0.00094968     0.01302297  -0.00356207    -0.00099654  -0.00176057
    5    1
 -0.00155327   0.01912269    -0.00232103   0.01925110     0.00000000   0.00000000
 -0.00429091   0.00825128    -0.00607230   0.00958595     0.00000000   0.00000000
  0.00000000   0.00000000     0.00000000   0.00000000    -0.00097617  -0.00203696
    5    2
  0.00679064  -0.02258660     0.07434106  -0.00000000    -0.00000000  -0.00000000
  0.01143863  -0.00000000     0.00679064   0.02258660    -0.00000000  -0.00000000
 -0.00000000   0.00000000    -0.00000000   0.00000000    -0.00738857  -0.00000000
    5    3
  0.01821520  -0.01737185    -0.02185615  -0.06654427    -0.00000000  -0.00000000
  0.00833601   0.00492352     0.01821520  -0.01737185    -0.00000000  -0.00000000
 -0.00000000   0.00000000     0.00000000   0.00000000     0.00593076   0.00098319
    5    4
 -0.02158435  -0.06619523     0.01863892  -0.01688858     0.00000000   0.00000000
  0.01863892  -0.01688858     0.00987468   0.00583189     0.00000000   0.00000000
  0.00000000   0.00000000     0.00000000   0.00000000    -0.01002931  -0.00602767
    5    5
  0.07490350  -0.00000000     0.00740430  -0.02227359    -0.00000000   0.00000000
  0.00740430   0.02227359     0.01472212  -0.00000000    -0.00000000   0.00000000
 -0.00000000   0.00000000     0.00000000   0.00000000     0.01429917  -0.00000000
    5    6
 -0.00428674   0.01001638    -0.00483428   0.00960594    -0.00005819   0.00016324
 -0.00507848  -0.00184834    -0.00736149  -0.00157704     0.00043525  -0.00014917
  0.00744421   0.00094968     0.01302297   0.00356207    -0.00099654   0.00176057
    5    7
 -0.00428674   0.01001638    -0.00483428   0.00960594     0.00005819  -0.00016324
 -0.00507848  -0.00184834    -0.00736149  -0.00157704    -0.00043525   0.00014917
 -0.00744421  -0.00094968    -0.01302297  -0.00356207    -0.00099654   0.00176057
    6    1
  0.00447616  -0.00447616     0.00276877  -0.00276877     0.00150967   0.00150967
  0.00276877  -0.00276877     0.00447616  -0.00447616    -0.00150967  -0.00150967
 -0.00002436  -0.00002436     0.00002436   0.00002436    -0.00068376   0.00068376
    6    2
 -0.00736149   0.00157704    -0.00483428  -0.00960594    -0.01302297   0.00356207
 -0.00507848   0.00184834    -0.00428674  -0.01001638    -0.00744421   0.00094968
 -0.00043525  -0.00014917     0.00005819   0.00016324    -0.00099654  -0.00176057
    6    3
 -0.00736149  -0.00157704    -0.00483428   0.00960594     0.01302297   0.00356207
 -0.00507848  -0.00184834    -0.00428674   0.01001638     0.00744421   0.00094968
  0.00043525  -0.00014917    -0.00005819   0.00016324    -0.00099654   0.00176057
    6    4
 -0.00428674   0.01001638    -0.00507848  -0.00184834    -0.00744421  -0.00094968
 -0.00483428   0.00960594    -0.00736149  -0.00157704    -0.01302297  -0.00356207
  0.00005819  -0.00016324    -0.00043525   0.00014917    -0.00099654   0.00176057
    6    5
 -0.00428674  -0.01001638    -0.00507848   0.00184834     0.00744421  -0.00094968
 -0.00483428  -0.00960594    -0.00736149   0.00157704     0.01302297  -0.00356207
 -0.00005819  -0.00016324     0.00043525   0.00014917    -0.00099654  -0.00176057
    6    6
  0.02102285  -0.00000000     0.01241210   0.00000000     0.00000000  -0.00146059
  0.01241210  -0.00000000     0.02102285  -0.00000000    -0.00000000   0.00146059
  0.00000000   0.00146059     0.00000000  -0.00146059     0.00240174   0.00000000
    6    7
 -0.00798074  -0.00000000    -0.00512332   0.00000000     0.00000000  -0.00202410
 -0.00512332  -0.00000000    -0.00798074  -0.00000000     0.00000000   0.00202410
  0.00000000  -0.00202410     0.00000000   0.00202410     0.00090456  -0.00000000
    7    1
  0.00447616  -0.00447616     0.00276877  -0.00276877    -0.00150967  -0.00150967
  0.00276877  -0.00276877     0.00447616  -0.00447616     0.00150967   0.00150967
  0.00002436   0.00002436    -0.00002436  -0.00002436    -0.00068376   0.00068376
    7    2
 -0.00736149   0.00157704    -0.00483428  -0.00960594     0.01302297  -0.00356207
 -0.00507848   0.00184834    -0.00428674  -0.01001638     0.00744421  -0.00094968
  0.00043525   0.00014917    -0.00005819  -0.00016324    -0.00099654  -0.00176057
    7    3
 -0.00736149  -0.00157704    -0.00483428   0.00960594    -0.01302297  -0.00356207
 -0.00507848  -0.00184834    -0.00428674   0.01001638    -0.00744421  -0.00094968
 -0.00043525   0.00014917     0.00005819  -0.00016324    -0.00099654   0.00176057
    7    4
 -0.00428674   0.01001638    -0.00507848  -0.00184834     0.00744421   0.00094968
 -0.00483428   0.00960594    -0.00736149  -0.00157704     0.01302297   0.00356207
 -0.00005819   0.00016324     0.00043525  -0.00014917    -0.00099654   0.00176057
    7    5
 -0.00428674  -0.01001638    -0.00507848   0.00184834    -0.00744421   0.00094968
 -0.00483428  -0.00960594    -0.00736149   0.00157704    -0.01302297   0.00356207
  0.00005819   0.00016324    -0.00043525  -0.00014917    -0.00099654  -0.00176057
    7    6
 -0.00798074  -0.00000000    -0.00512332  -0.00000000     0.00000000   0.00202410
 -0.00512332  -0.00000000    -0.00798074   0.00000000     0.00000000  -0.00202410
  0.00000000   0.00202410     0.00000000  -0.00202410     0.00090456   0.00000000
    7    7
  0.02102285  -0.00000000     0.01241210  -0.00000000     0.00000000   0.00146059
  0.01241210   0.00000000     0.02102285  -0.00000000    -0.00000000  -0.00146059
  0.00000000  -0.00146059     0.00000000   0.00146059     0.00240174  -0.00000000

     Dynamical  Matrix in cartesian axes

     q = (   -0.216506351   0.216506351   0.000000000 ) 

    1    1
  0.06011982  -0.00000000    -0.05717109   0.00000000     0.00000000  -0.00000000
 -0.05717109   0.00000000     0.06011982  -0.00000000     0.00000000  -0.00000000
  0.00000000  -0.00000000    -0.00000000  -0.00000000     0.00219672  -0.00000000
    1    2
 -0.00607230  -0.00958595     0.00232103   0.01925110    -0.00000000  -0.00000000
  0.00429091   0.00825128    -0.00155327  -0.01912269    -0.00000000  -0.00000000
 -0.00000000   0.00000000    -0.00000000  -0.00000000    -0.00097617   0.00203696
    1    3
 -0.00607230   0.00958595     0.00232103  -0.01925110    -0.00000000   0.00000000
  0.00429091  -0.00825128    -0.00155327   0.01912269    -0.00000000   0.00000000
 -0.00000000   0.00000000    -0.00000000   0.00000000    -0.00097617  -0.00203696
    1    4
 -0.00155327  -0.01912269     0.00429091   0.00825128    -0.00000000  -0.00000000
  0.00232103   0.01925110    -0.00607230  -0.00958595    -0.00000000  -0.00000000
 -0.00000000  -0.00000000     0.00000000   0.00000000    -0.00097617   0.00203696
    1    5
 -0.00155327   0.01912269     0.00429091  -0.00825128    -0.00000000   0.00000000
  0.00232103  -0.01925110    -0.00607230   0.00958595    -0.00000000   0.00000000
 -0.00000000   0.00000000    -0.00000000   0.00000000    -0.00097617  -0.00203696
    1    6
  0.00447616  -0.00447616    -0.00276877   0.00276877     0.00002436   0.00002436
 -0.00276877   0.00276877     0.00447616  -0.00447616     0.00002436   0.00002436
 -0.00150967  -0.00150967    -0.00150967  -0.00150967    -0.00068376   0.00068376
    1    7
  0.00447616   0.00447616    -0.00276877  -0.00276877     0.00002436  -0.00002436
 -0.00276877  -0.00276877     0.00447616   0.00447616     0.00002436  -0.00002436
