  5.000000000000000E-002   1.25977579764806        2.43615232611498     
           8

     Dynamical  Matrix in cartesian axes

     q = (   -0.649519100  -0.216506400  -0.216506400 ) 

    1    1
  0.12753208   0.00000000    -0.00109420   0.00000000    -0.00109420   0.00000000
 -0.00109420   0.00000000     0.12753208   0.00000000     0.00109420  -0.00000000
 -0.00109420   0.00000000     0.00109420  -0.00000000     0.12753208   0.00000000
    1    2
  0.00830447  -0.02004874     0.01109869   0.01054815    -0.01530663  -0.00038930
 -0.03724653   0.01195511     0.00891147   0.00859629    -0.01657393  -0.00467015
  0.01788371   0.03479083     0.01502183   0.00841725    -0.01237985  -0.00022287
    1    3
  0.00830447  -0.02004874    -0.01530663  -0.00038930     0.01109869   0.01054815
  0.01788371   0.03479083    -0.01237985  -0.00022287     0.01502183   0.00841725
 -0.03724653   0.01195511    -0.01657393  -0.00467015     0.00891147   0.00859629
    1    4
 -0.01237985   0.00022286     0.01788373  -0.03479082    -0.01502183   0.00841724
 -0.01530663   0.00038929     0.00830446   0.02004875    -0.01109870   0.01054815
  0.01657393  -0.00467014     0.03724653   0.01195514     0.00891147  -0.00859629
    1    5
  0.00859628   0.00891147     0.01195514  -0.03724652     0.00467014   0.01657393
  0.01054815   0.01109870    -0.02004875   0.00830445     0.00038929   0.01530663
 -0.00841724  -0.01502183    -0.03479082  -0.01788374    -0.00022286  -0.01237985
    1    6
  0.00859628   0.00891147     0.00467014   0.01657393     0.01195514  -0.03724652
 -0.00841724  -0.01502183    -0.00022286  -0.01237985    -0.03479082  -0.01788374
  0.01054815   0.01109870     0.00038929   0.01530663    -0.02004875   0.00830445
    1    7
 -0.01237985   0.00022286    -0.01502183   0.00841724     0.01788373  -0.03479082
  0.01657393  -0.00467014     0.00891147  -0.00859629     0.03724653   0.01195514
 -0.01530663   0.00038929    -0.01109870   0.01054815     0.00830446   0.02004875
    2    1
  0.00830447   0.02004874    -0.03724653  -0.01195511     0.01788371  -0.03479083
  0.01109869  -0.01054815     0.00891147  -0.00859629     0.01502183  -0.00841725
 -0.01530663   0.00038930    -0.01657393   0.00467015    -0.01237985   0.00022287
    2    2
  0.06071594  -0.00000000    -0.00331368  -0.00646480    -0.00331368   0.00646480
 -0.00331368   0.00646480     0.04474475  -0.00000000    -0.00015303   0.00452293
 -0.00331368  -0.00646480    -0.00015303  -0.00452293     0.04474475   0.00000000
    2    3
 -0.02257170   0.00000000     0.00940146  -0.00095154     0.00940146   0.00095154
  0.00940146  -0.00095154     0.00801522  -0.00976056    -0.00438676   0.00000000
  0.00940146   0.00095154    -0.00438676  -0.00000000     0.00801522   0.00976056
    2    4
  0.01713845  -0.01517432     0.00334810  -0.00334810    -0.00482246   0.00267045
  0.01550599  -0.01550599     0.01517431  -0.01713845    -0.00179375  -0.00747369
 -0.00747369  -0.00179375     0.00267045  -0.00482246     0.00930253  -0.00930254
    2    5
 -0.01745740  -0.00581523     0.01867342   0.02060215     0.00075616   0.00148761
  0.03053535   0.00204113    -0.01745740  -0.00581523     0.00310225   0.00123943
 -0.00310225  -0.00123943    -0.00075616  -0.00148761    -0.00313207   0.00048798
    2    6
  0.01713845   0.01517432    -0.00482246  -0.00267045     0.00334810   0.00334810
 -0.00747369   0.00179375     0.00930253   0.00930254     0.00267045   0.00482246
  0.01550599   0.01550599    -0.00179375   0.00747369     0.01517431   0.01713845
    2    7
 -0.01745740   0.00581523     0.00075616  -0.00148761     0.01867342  -0.02060215
 -0.00310225   0.00123943    -0.00313207  -0.00048798    -0.00075616   0.00148761
  0.03053535  -0.00204113     0.00310225  -0.00123943    -0.01745740   0.00581523
    3    1
  0.00830447   0.02004874     0.01788371  -0.03479083    -0.03724653  -0.01195511
 -0.01530663   0.00038930    -0.01237985   0.00022287    -0.01657393   0.00467015
  0.01109869  -0.01054815     0.01502183  -0.00841725     0.00891147  -0.00859629
    3    2
 -0.02257170  -0.00000000     0.00940146   0.00095154     0.00940146  -0.00095154
  0.00940146   0.00095154     0.00801522   0.00976056    -0.00438676   0.00000000
  0.00940146  -0.00095154    -0.00438676   0.00000000     0.00801522  -0.00976056
    3    3
  0.06071594   0.00000000    -0.00331368   0.00646480    -0.00331368  -0.00646480
 -0.00331368  -0.00646480     0.04474475   0.00000000    -0.00015303  -0.00452293
 -0.00331368   0.00646480    -0.00015303   0.00452293     0.04474475  -0.00000000
    3    4
 -0.01745740   0.00581523     0.01867342  -0.02060215     0.00075616  -0.00148761
  0.03053535  -0.00204113    -0.01745740   0.00581523     0.00310225  -0.00123943
 -0.00310225   0.00123943    -0.00075616   0.00148761    -0.00313207  -0.00048798
    3    5
  0.01713845   0.01517432     0.00334810   0.00334810    -0.00482246  -0.00267045
  0.01550599   0.01550599     0.01517431   0.01713845    -0.00179375   0.00747369
 -0.00747369   0.00179375     0.00267045   0.00482246     0.00930253   0.00930254
    3    6
 -0.01745740  -0.00581523     0.00075616   0.00148761     0.01867342   0.02060215
 -0.00310225  -0.00123943    -0.00313207   0.00048798    -0.00075616  -0.00148761
  0.03053535   0.00204113     0.00310225   0.00123943    -0.01745740  -0.00581523
    3    7
  0.01713845  -0.01517432    -0.00482246   0.00267045     0.00334810  -0.00334810
 -0.00747369  -0.00179375     0.00930253  -0.00930254     0.00267045  -0.00482246
  0.01550599  -0.01550599    -0.00179375  -0.00747369     0.01517431  -0.01713845
    4    1
 -0.01237985  -0.00022286    -0.01530663  -0.00038929     0.01657393   0.00467014
  0.01788373   0.03479082     0.00830446  -0.02004875     0.03724653  -0.01195514
 -0.01502183  -0.00841724    -0.01109870  -0.01054815     0.00891147   0.00859629
    4    2
  0.01713845   0.01517432     0.01550599   0.01550599    -0.00747369   0.00179375
  0.00334810   0.00334810     0.01517431   0.01713845     0.00267045   0.00482246
 -0.00482246  -0.00267045    -0.00179375   0.00747369     0.00930253   0.00930254
    4    3
 -0.01745740  -0.00581523     0.03053535   0.00204113    -0.00310225  -0.00123943
  0.01867342   0.02060215    -0.01745740  -0.00581523    -0.00075616  -0.00148761
  0.00075616   0.00148761     0.00310225   0.00123943    -0.00313207   0.00048798
    4    4
  0.04474475  -0.00000000    -0.00331368   0.00646480     0.00015303  -0.00452293
 -0.00331368  -0.00646480     0.06071594  -0.00000000     0.00331368  -0.00646480
  0.00015303   0.00452293     0.00331368   0.00646480     0.04474475   0.00000000
    4    5
  0.00976056   0.00801522     0.00095154   0.00940146    -0.00000000   0.00438676
  0.00095154   0.00940146     0.00000000  -0.02257170     0.00095154  -0.00940146
 -0.00000000   0.00438676     0.00095154  -0.00940146    -0.00976057   0.00801522
    4    6
 -0.00255976   0.00186965    -0.00131721   0.00307003    -0.00051721  -0.00158659
 -0.00051721  -0.00158659    -0.00823226   0.01645623     0.00136382   0.02777203
 -0.00131721   0.00307003    -0.02014847   0.02303505    -0.00823226   0.01645623
    4    7
 -0.01315577  -0.00000000     0.00401633  -0.00655307     0.00529829   0.00152170
  0.00529829  -0.00152170    -0.02284857   0.00138885     0.00473492   0.00000000
  0.00401633   0.00655307     0.02192878   0.00000000    -0.02284857  -0.00138885
    5    1
  0.00859628  -0.00891147     0.01054815  -0.01109870    -0.00841724   0.01502183
  0.01195514   0.03724652    -0.02004875  -0.00830445    -0.03479082   0.01788374
  0.00467014  -0.01657393     0.00038929  -0.01530663    -0.00022286   0.01237985
    5    2
 -0.01745740   0.00581523     0.03053535  -0.00204113    -0.00310225   0.00123943
  0.01867342  -0.02060215    -0.01745740   0.00581523    -0.00075616   0.00148761
  0.00075616  -0.00148761     0.00310225  -0.00123943    -0.00313207  -0.00048798
    5    3
  0.01713845  -0.01517432     0.01550599  -0.01550599    -0.00747369  -0.00179375
  0.00334810  -0.00334810     0.01517431  -0.01713845     0.00267045  -0.00482246
 -0.00482246   0.00267045    -0.00179375  -0.00747369     0.00930253  -0.00930254
    5    4
  0.00976056  -0.00801522     0.00095154  -0.00940146    -0.00000000  -0.00438676
  0.00095154  -0.00940146     0.00000000   0.02257170     0.00095154   0.00940146
 -0.00000000  -0.00438676     0.00095154   0.00940146    -0.00976057  -0.00801522
    5    5
  0.04474475  -0.00000000    -0.00331368  -0.00646480     0.00015303   0.00452293
 -0.00331368   0.00646480     0.06071594  -0.00000000     0.00331368   0.00646480
  0.00015303  -0.00452293     0.00331368  -0.00646480     0.04474475  -0.00000000
    5    6
 -0.01315577   0.00000000     0.00401633   0.00655307     0.00529829  -0.00152170
  0.00529829   0.00152170    -0.02284857  -0.00138885     0.00473492  -0.00000000
  0.00401633  -0.00655307     0.02192878  -0.00000000    -0.02284857   0.00138885
    5    7
 -0.00255976  -0.00186965    -0.00131721  -0.00307003    -0.00051721   0.00158659
 -0.00051721   0.00158659    -0.00823226  -0.01645623     0.00136382  -0.02777203
 -0.00131721  -0.00307003    -0.02014847  -0.02303505    -0.00823226  -0.01645623
    6    1
  0.00859628  -0.00891147    -0.00841724   0.01502183     0.01054815  -0.01109870
  0.00467014  -0.01657393    -0.00022286   0.01237985     0.00038929  -0.01530663
  0.01195514   0.03724652    -0.03479082   0.01788374    -0.02004875  -0.00830445
    6    2
  0.01713845  -0.01517432    -0.00747369  -0.00179375     0.01550599  -0.01550599
 -0.00482246   0.00267045     0.00930253  -0.00930254    -0.00179375  -0.00747369
  0.00334810  -0.00334810     0.00267045  -0.00482246     0.01517431  -0.01713845
    6    3
 -0.01745740   0.00581523    -0.00310225   0.00123943     0.03053535  -0.00204113
  0.00075616  -0.00148761    -0.00313207  -0.00048798     0.00310225  -0.00123943
  0.01867342  -0.02060215    -0.00075616   0.00148761    -0.01745740   0.00581523
    6    4
 -0.00255976  -0.00186965    -0.00051721   0.00158659    -0.00131721  -0.00307003
 -0.00131721  -0.00307003    -0.00823226  -0.01645623    -0.02014847  -0.02303505
 -0.00051721   0.00158659     0.00136382  -0.02777203    -0.00823226  -0.01645623
    6    5
 -0.01315577  -0.00000000     0.00529829  -0.00152170     0.00401633   0.00655307
  0.00401633  -0.00655307    -0.02284857   0.00138885     0.02192878   0.00000000
  0.00529829   0.00152170     0.00473492   0.00000000    -0.02284857  -0.00138885
    6    6
  0.04474475   0.00000000     0.00015303   0.00452293    -0.00331368  -0.00646480
  0.00015303  -0.00452293     0.04474475  -0.00000000     0.00331368  -0.00646480
 -0.00331368   0.00646480     0.00331368   0.00646480     0.06071594  -0.00000000
    6    7
  0.00976056  -0.00801522    -0.00000000  -0.00438676     0.00095154  -0.00940146
 -0.00000000  -0.00438676    -0.00976057  -0.00801522     0.00095154   0.00940146
  0.00095154  -0.00940146     0.00095154   0.00940146     0.00000000   0.02257170
    7    1
 -0.01237985  -0.00022286     0.01657393   0.00467014    -0.01530663  -0.00038929
 -0.01502183  -0.00841724     0.00891147   0.00859629    -0.01109870  -0.01054815
  0.01788373   0.03479082     0.03724653  -0.01195514     0.00830446  -0.02004875
    7    2
 -0.01745740  -0.00581523    -0.00310225  -0.00123943     0.03053535   0.00204113
  0.00075616   0.00148761    -0.00313207   0.00048798     0.00310225   0.00123943
  0.01867342   0.02060215    -0.00075616  -0.00148761    -0.01745740  -0.00581523
    7    3
  0.01713845   0.01517432    -0.00747369   0.00179375     0.01550599   0.01550599
 -0.00482246  -0.00267045     0.00930253   0.00930254    -0.00179375   0.00747369
  0.00334810   0.00334810     0.00267045   0.00482246     0.01517431   0.01713845
    7    4
 -0.01315577   0.00000000     0.00529829   0.00152170     0.00401633  -0.00655307
  0.00401633   0.00655307    -0.02284857  -0.00138885     0.02192878   0.00000000
  0.00529829  -0.00152170     0.00473492  -0.00000000    -0.02284857   0.00138885
    7    5
 -0.00255976   0.00186965    -0.00051721  -0.00158659    -0.00131721   0.00307003
 -0.00131721   0.00307003    -0.00823226   0.01645623    -0.02014847   0.02303505
 -0.00051721  -0.00158659     0.00136382   0.02777203    -0.00823226   0.01645623
    7    6
  0.00976056   0.00801522    -0.00000000   0.00438676     0.00095154   0.00940146
 -0.00000000   0.00438676    -0.00976057   0.00801522     0.00095154  -0.00940146
  0.00095154   0.00940146     0.00095154  -0.00940146     0.00000000  -0.02257170
    7    7
  0.04474475  -0.00000000     0.00015303  -0.00452293    -0.00331368   0.00646480
  0.00015303   0.00452293     0.04474475   0.00000000     0.00331368   0.00646480
 -0.00331368  -0.00646480     0.00331368  -0.00646480     0.06071594  -0.00000000

     Dynamical  Matrix in cartesian axes

     q = (   -0.216506400   0.649519100  -0.216506400 ) 

    1    1
  0.12753208   0.00000000     0.00109420   0.00000000     0.00109420   0.00000000
  0.00109420   0.00000000     0.12753208   0.00000000     0.00109420   0.00000000
  0.00109420   0.00000000     0.00109420   0.00000000     0.12753208   0.00000000
    1    2
 -0.02004875   0.00830445    -0.01054815  -0.01109870     0.00038929   0.01530663
 -0.01195514   0.03724652     0.00859628   0.00891147    -0.00467014  -0.01657393
 -0.03479082  -0.01788374     0.00841724   0.01502183    -0.00022286  -0.01237985
    1    3
 -0.02004874   0.00830446     0.00038930   0.01530663    -0.01054815  -0.01109870
 -0.03479083  -0.01788372    -0.00022287  -0.01237985     0.00841724   0.01502183
 -0.01195512   0.03724653    -0.00467015  -0.01657393     0.00859629   0.00891147
    1    4
 -0.00022286  -0.01237985    -0.03479082  -0.01788373     0.00841724   0.01502183
  0.00038929   0.01530663    -0.02004875   0.00830446    -0.01054815  -0.01109870
 -0.00467015  -0.01657393    -0.01195513   0.03724653     0.00859629   0.00891147
    1    5
  0.00859629   0.00891147    -0.01195513   0.03724653    -0.00467015  -0.01657393
 -0.01054815  -0.01109870    -0.02004875   0.00830446     0.00038929   0.01530663
  0.00841724   0.01502183    -0.03479082  -0.01788373    -0.00022286  -0.01237985
    1    6
  0.00859629   0.00891147    -0.00467015  -0.01657393    -0.01195512   0.03724653
  0.00841724   0.01502183    -0.00022287  -0.01237985    -0.03479083  -0.01788372
 -0.01054815  -0.01109870     0.00038930   0.01530663    -0.02004874   0.00830446
    1    7
 -0.00022286  -0.01237985     0.00841724   0.01502183    -0.03479082  -0.01788374
 -0.00467014  -0.01657393     0.00859628   0.00891147    -0.01195514   0.03724652
  0.00038929   0.01530663    -0.01054815  -0.01109870    -0.02004875   0.00830445
    2    1
 -0.02004875  -0.00830445    -0.01195514  -0.03724652    -0.03479082   0.01788374
 -0.01054815   0.01109870     0.00859628  -0.00891147     0.00841724  -0.01502183
  0.00038929  -0.01530663    -0.00467014   0.01657393    -0.00022286   0.01237985
    2    2
  0.06071594  -0.00000000     0.00331368  -0.00646480     0.00331368   0.00646480
  0.00331368   0.00646480     0.04474475  -0.00000000    -0.00015303  -0.00452293
  0.00331368  -0.00646480    -0.00015303   0.00452293     0.04474475  -0.00000000
    2    3
 -0.02257170   0.00000001    -0.00940146  -0.00095154    -0.00940145   0.00095154
 -0.00940146  -0.00095154     0.00801522   0.00976056    -0.00438676   0.00000000
 -0.00940145   0.00095154    -0.00438676   0.00000000     0.00801521  -0.00976057
    2    4
  0.01645624   0.00823225     0.02777203  -0.00136383     0.00158659  -0.00051721
  0.02303505   0.02014846     0.01645624   0.00823225    -0.00307003  -0.00131721
 -0.00307003  -0.00131721     0.00158659  -0.00051721     0.00186965   0.00255976
    2    5
 -0.02284857   0.00138886     0.00473492  -0.00000000    -0.00529828   0.00152170
  0.02192878  -0.00000001    -0.02284857  -0.00138885    -0.00401633  -0.00655307
 -0.00401633   0.00655307    -0.00529829  -0.00152170    -0.01315577   0.00000000
    2    6
  0.01645623  -0.00823226     0.00158659   0.00051721     0.02777203   0.00136381
 -0.00307003   0.00131721     0.00186965  -0.00255976     0.00158659   0.00051721
  0.02303504  -0.02014847    -0.00307003   0.00131721     0.01645623  -0.00823226
    2    7
 -0.02284857  -0.00138885    -0.00529829  -0.00152170     0.00473492  -0.00000000
 -0.00401633  -0.00655307    -0.01315577   0.00000000    -0.00529829   0.00152170
  0.02192878  -0.00000000    -0.00401633   0.00655307    -0.02284857   0.00138885
    3    1
 -0.02004874  -0.00830446    -0.03479083   0.01788372    -0.01195512  -0.03724653
  0.00038930  -0.01530663    -0.00022287   0.01237985    -0.00467015   0.01657393
 -0.01054815   0.01109870     0.00841724  -0.01502183     0.00859629  -0.00891147
    3    2
 -0.02257170  -0.00000001    -0.00940146   0.00095154    -0.00940145  -0.00095154
 -0.00940146   0.00095154     0.00801522  -0.00976056    -0.00438676  -0.00000000
 -0.00940145  -0.00095154    -0.00438676  -0.00000000     0.00801521   0.00976057
    3    3
  0.06071594   0.00000000     0.00331368   0.00646480     0.00331368  -0.00646480
  0.00331368  -0.00646480     0.04474475  -0.00000000    -0.00015303   0.00452293
  0.00331368   0.00646480    -0.00015303  -0.00452293     0.04474475   0.00000000
    3    4
 -0.02284857  -0.00138886     0.00473492   0.00000000    -0.00529828  -0.00152170
  0.02192878   0.00000001    -0.02284857   0.00138885    -0.00401633   0.00655307
 -0.00401633  -0.00655307    -0.00529829   0.00152170    -0.01315577  -0.00000000
    3    5
  0.01645624  -0.00823225     0.02777203   0.00136383     0.00158659   0.00051721
  0.02303505  -0.02014846     0.01645624  -0.00823225    -0.00307003   0.00131721
 -0.00307003   0.00131721     0.00158659   0.00051721     0.00186965  -0.00255976
    3    6
 -0.02284857   0.00138885    -0.00529829   0.00152170     0.00473492   0.00000000
 -0.00401633   0.00655307    -0.01315577   0.00000000    -0.00529829  -0.00152170
  0.02192878   0.00000000    -0.00401633  -0.00655307    -0.02284857  -0.00138885
    3    7
  0.01645623   0.00823226     0.00158659  -0.00051721     0.02777203  -0.00136381
 -0.00307003  -0.00131721     0.00186965   0.00255976     0.00158659  -0.00051721
  0.02303504   0.02014847    -0.00307003  -0.00131721     0.01645623   0.00823226
    4    1
 -0.00022286   0.01237985     0.00038929  -0.01530663    -0.00467015   0.01657393
 -0.03479082   0.01788373    -0.02004875  -0.00830446    -0.01195513  -0.03724653
  0.00841724  -0.01502183    -0.01054815   0.01109870     0.00859629  -0.00891147
    4    2
  0.01645624  -0.00823225     0.02303505  -0.02014846    -0.00307003   0.00131721
  0.02777203   0.00136383     0.01645624  -0.00823225     0.00158659   0.00051721
  0.00158659   0.00051721    -0.00307003   0.00131721     0.00186965  -0.00255976
    4    3
 -0.02284857   0.00138886     0.02192878  -0.00000001    -0.00401633   0.00655307
  0.00473492  -0.00000000    -0.02284857  -0.00138885    -0.00529829  -0.00152170
 -0.00529828   0.00152170    -0.00401633  -0.00655307    -0.01315577   0.00000000
    4    4
  0.04474475  -0.00000000     0.00331368  -0.00646480    -0.00015303   0.00452293
  0.00331368   0.00646480     0.06071594   0.00000000     0.00331368  -0.00646480
 -0.00015303  -0.00452293     0.00331368   0.00646480     0.04474475  -0.00000000
    4    5
  0.00801522  -0.00976056    -0.00940146   0.00095154    -0.00438676  -0.00000000
 -0.00940146   0.00095154    -0.02257170   0.00000000    -0.00940146  -0.00095154
 -0.00438676  -0.00000000    -0.00940146  -0.00095154     0.00801522   0.00976056
    4    6
  0.00186965   0.00255976    -0.00307003  -0.00131721     0.00158659  -0.00051721
  0.00158659  -0.00051721     0.01645624   0.00823225     0.02777203  -0.00136383
 -0.00307003  -0.00131721     0.02303505   0.02014846     0.01645624   0.00823225
    4    7
 -0.01315577  -0.00000000    -0.00401633   0.00655307    -0.00529828  -0.00152170
 -0.00529829   0.00152170    -0.02284857   0.00138885     0.00473492   0.00000000
 -0.00401633  -0.00655307     0.02192878   0.00000001    -0.02284857  -0.00138886
    5    1
  0.00859629  -0.00891147    -0.01054815   0.01109870     0.00841724  -0.01502183
 -0.01195513  -0.03724653    -0.02004875  -0.00830446    -0.03479082   0.01788373
 -0.00467015   0.01657393     0.00038929  -0.01530663    -0.00022286   0.01237985
    5    2
 -0.02284857  -0.00138886     0.02192878   0.00000001    -0.00401633  -0.00655307
  0.00473492   0.00000000    -0.02284857   0.00138885    -0.00529829   0.00152170
 -0.00529828  -0.00152170    -0.00401633   0.00655307    -0.01315577  -0.00000000
    5    3
  0.01645624   0.00823225     0.02303505   0.02014846    -0.00307003  -0.00131721
  0.02777203  -0.00136383     0.01645624   0.00823225     0.00158659  -0.00051721
  0.00158659  -0.00051721    -0.00307003  -0.00131721     0.00186965   0.00255976
    5    4
  0.00801522   0.00976056    -0.00940146  -0.00095154    -0.00438676   0.00000000
 -0.00940146  -0.00095154    -0.02257170  -0.00000000    -0.00940146   0.00095154
 -0.00438676   0.00000000    -0.00940146   0.00095154     0.00801522  -0.00976056
    5    5
  0.04474475   0.00000000     0.00331368   0.00646480    -0.00015303  -0.00452293
  0.00331368  -0.00646480     0.06071594   0.00000000     0.00331368   0.00646480
 -0.00015303   0.00452293     0.00331368  -0.00646480     0.04474475  -0.00000000
    5    6
 -0.01315577   0.00000000    -0.00401633  -0.00655307    -0.00529828   0.00152170
 -0.00529829  -0.00152170    -0.02284857  -0.00138885     0.00473492  -0.00000000
 -0.00401633   0.00655307     0.02192878  -0.00000001    -0.02284857   0.00138886
    5    7
  0.00186965  -0.00255976    -0.00307003   0.00131721     0.00158659   0.00051721
  0.00158659   0.00051721     0.01645624  -0.00823225     0.02777203   0.00136383
 -0.00307003   0.00131721     0.02303505  -0.02014846     0.01645624  -0.00823225
    6    1
  0.00859629  -0.00891147     0.00841724  -0.01502183    -0.01054815   0.01109870
 -0.00467015   0.01657393    -0.00022287   0.01237985     0.00038930  -0.01530663
 -0.01195512  -0.03724653    -0.03479083   0.01788372    -0.02004874  -0.00830446
    6    2
  0.01645623   0.00823226    -0.00307003  -0.00131721     0.02303504   0.02014847
  0.00158659  -0.00051721     0.00186965   0.00255976    -0.00307003  -0.00131721
  0.02777203  -0.00136381     0.00158659  -0.00051721     0.01645623   0.00823226
    6    3
 -0.02284857  -0.00138885    -0.00401633  -0.00655307     0.02192878  -0.00000000
 -0.00529829  -0.00152170    -0.01315577  -0.00000000    -0.00401633   0.00655307
  0.00473492   0.00000000    -0.00529829   0.00152170    -0.02284857   0.00138885
    6    4
  0.00186965  -0.00255976     0.00158659   0.00051721    -0.00307003   0.00131721
 -0.00307003   0.00131721     0.01645624  -0.00823225     0.02303505  -0.02014846
  0.00158659   0.00051721     0.02777203   0.00136383     0.01645624  -0.00823225
    6    5
 -0.01315577  -0.00000000    -0.00529829   0.00152170    -0.00401633  -0.00655307
 -0.00401633   0.00655307    -0.02284857   0.00138885     0.02192878   0.00000001
 -0.00529828  -0.00152170     0.00473492   0.00000000    -0.02284857  -0.00138886
    6    6
  0.04474475   0.00000000    -0.00015303  -0.00452293     0.00331368   0.00646480
 -0.00015303   0.00452293     0.04474475  -0.00000000     0.00331368  -0.00646480
  0.00331368  -0.00646480     0.00331368   0.00646480     0.06071594  -0.00000000
    6    7
  0.00801521   0.00976057    -0.00438676  -0.00000000    -0.00940145  -0.00095154
 -0.00438676  -0.00000000     0.00801522  -0.00976056    -0.00940146   0.00095154
 -0.00940145  -0.00095154    -0.00940146   0.00095154    -0.02257170  -0.00000001
    7    1
 -0.00022286   0.01237985    -0.00467014   0.01657393     0.00038929  -0.01530663
  0.00841724  -0.01502183     0.00859628  -0.00891147    -0.01054815   0.01109870
 -0.03479082   0.01788374    -0.01195514  -0.03724652    -0.02004875  -0.00830445
    7    2
 -0.02284857   0.00138885    -0.00401633   0.00655307     0.02192878   0.00000000
 -0.00529829   0.00152170    -0.01315577  -0.00000000    -0.00401633  -0.00655307
  0.00473492   0.00000000    -0.00529829  -0.00152170    -0.02284857  -0.00138885
    7    3
  0.01645623  -0.00823226    -0.00307003   0.00131721     0.02303504  -0.02014847
  0.00158659   0.00051721     0.00186965  -0.00255976    -0.00307003   0.00131721
  0.02777203   0.00136381     0.00158659   0.00051721     0.01645623  -0.00823226
    7    4
 -0.01315577   0.00000000    -0.00529829  -0.00152170    -0.00401633   0.00655307
 -0.00401633  -0.00655307    -0.02284857  -0.00138885     0.02192878  -0.00000001
 -0.00529828   0.00152170     0.00473492  -0.00000000    -0.02284857   0.00138886
    7    5
  0.00186965   0.00255976     0.00158659  -0.00051721    -0.00307003  -0.00131721
 -0.00307003  -0.00131721     0.01645624   0.00823225     0.02303505   0.02014846
  0.00158659  -0.00051721     0.02777203  -0.00136383     0.01645624   0.00823225
    7    6
  0.00801521  -0.00976057    -0.00438676   0.00000000    -0.00940145   0.00095154
 -0.00438676   0.00000000     0.00801522   0.00976056    -0.00940146  -0.00095154
 -0.00940145   0.00095154    -0.00940146  -0.00095154    -0.02257170   0.00000001
    7    7
  0.04474475  -0.00000000    -0.00015303   0.00452293     0.00331368  -0.00646480
 -0.00015303  -0.00452293     0.04474475   0.00000000     0.00331368   0.00646480
  0.00331368   0.00646480     0.00331368  -0.00646480     0.06071594   0.00000000

     Dynamical  Matrix in cartesian axes

     q = (    0.216506400  -0.649519100  -0.216506400 ) 

    1    1
  0.12753208   0.00000000     0.00109420  -0.00000000    -0.00109420   0.00000000
  0.00109420  -0.00000000     0.12753208   0.00000000    -0.00109420   0.00000000
 -0.00109420   0.00000000    -0.00109420   0.00000000     0.12753208   0.00000000
    1    2
  0.00830446  -0.02004874    -0.01109870  -0.01054815    -0.01530663  -0.00038930
  0.03724653  -0.01195512     0.00891147   0.00859629     0.01657393   0.00467015
  0.01788372   0.03479083    -0.01502183  -0.00841724    -0.01237985  -0.00022287
    1    3
 -0.02004874  -0.00830447     0.00038930  -0.01530663     0.01054815  -0.01109869
 -0.03479083   0.01788372    -0.00022287   0.01237985    -0.00841725   0.01502183
  0.01195512   0.03724653     0.00467015  -0.01657393     0.00859629  -0.00891147
    1    4
 -0.00022287   0.01237985    -0.03479082   0.01788372    -0.00841724   0.01502183
  0.00038929  -0.01530663    -0.02004874  -0.00830446     0.01054815  -0.01109870
  0.00467015  -0.01657393     0.01195513   0.03724653     0.00859629  -0.00891147
    1    5
  0.00891147   0.00859629     0.03724653  -0.01195511     0.01657393   0.00467015
 -0.01109869  -0.01054815     0.00830447  -0.02004874    -0.01530663  -0.00038930
 -0.01502183  -0.00841725     0.01788371   0.03479083    -0.01237985  -0.00022287
    1    6
  0.00891147  -0.00859629    -0.01657393   0.00467014    -0.03724653  -0.01195514
  0.01502183  -0.00841724    -0.01237985   0.00022286     0.01788373  -0.03479082
  0.01109870  -0.01054815    -0.01530663   0.00038929     0.00830446   0.02004875
    1    7
 -0.01237985   0.00022287     0.01502183  -0.00841724     0.01788372  -0.03479082
 -0.01657393   0.00467015     0.00891147  -0.00859629    -0.03724653  -0.01195513
 -0.01530663   0.00038929     0.01109870  -0.01054815     0.00830446   0.02004874
    2    1
  0.00830446   0.02004874     0.03724653   0.01195512     0.01788372  -0.03479083
 -0.01109870   0.01054815     0.00891147  -0.00859629    -0.01502183   0.00841724
 -0.01530663   0.00038930     0.01657393  -0.00467015    -0.01237985   0.00022287
    2    2
  0.06071594  -0.00000000     0.00331368   0.00646480    -0.00331368   0.00646480
  0.00331368  -0.00646480     0.04474475  -0.00000000     0.00015303  -0.00452293
 -0.00331368  -0.00646480     0.00015303   0.00452293     0.04474475   0.00000000
    2    3
 -0.00000000   0.02257170     0.00095154   0.00940146     0.00095154  -0.00940146
  0.00095154   0.00940146    -0.00976056  -0.00801522     0.00000000  -0.00438676
  0.00095154  -0.00940146     0.00000000  -0.00438676     0.00976056  -0.00801522
    2    4
 -0.00823226  -0.01645623     0.00136382  -0.02777203    -0.00051721   0.00158659
 -0.02014847  -0.02303505    -0.00823226  -0.01645623    -0.00131721  -0.00307003
 -0.00131721  -0.00307003    -0.00051721   0.00158659    -0.00255976  -0.00186965
    2    5
 -0.02284857  -0.00138886     0.00473492   0.00000000     0.00529828   0.00152170
  0.02192878   0.00000001    -0.02284857   0.00138885     0.00401633  -0.00655307
  0.00401633   0.00655307     0.00529829  -0.00152170    -0.01315577  -0.00000000
    2    6
  0.01517432  -0.01713844     0.00267045  -0.00482246     0.00334810  -0.00334810
 -0.00179375  -0.00747369     0.00930254  -0.00930253    -0.00482246   0.00267045
  0.01550599  -0.01550599    -0.00747369  -0.00179375     0.01713845  -0.01517431
    2    7
 -0.01745740   0.00581523    -0.00075616   0.00148761     0.01867342  -0.02060215
  0.00310225  -0.00123943    -0.00313207  -0.00048798     0.00075616  -0.00148761
  0.03053535  -0.00204113    -0.00310225   0.00123943    -0.01745740   0.00581523
    3    1
 -0.02004874   0.00830447    -0.03479083  -0.01788372     0.01195512  -0.03724653
  0.00038930   0.01530663    -0.00022287  -0.01237985     0.00467015   0.01657393
  0.01054815   0.01109869    -0.00841725  -0.01502183     0.00859629   0.00891147
    3    2
 -0.00000000  -0.02257170     0.00095154  -0.00940146     0.00095154   0.00940146
  0.00095154  -0.00940146    -0.00976056   0.00801522     0.00000000   0.00438676
  0.00095154   0.00940146     0.00000000   0.00438676     0.00976056   0.00801522
    3    3
  0.06071594  -0.00000000     0.00331368  -0.00646480    -0.00331368  -0.00646480
  0.00331368   0.00646480     0.04474475   0.00000000     0.00015303   0.00452293
 -0.00331368   0.00646480     0.00015303  -0.00452293     0.04474475  -0.00000000
    3    4
 -0.02284857   0.00138886     0.00473492  -0.00000000     0.00529828  -0.00152170
  0.02192878  -0.00000001    -0.02284857  -0.00138885     0.00401633   0.00655307
  0.00401633  -0.00655307     0.00529829   0.00152170    -0.01315577   0.00000000
    3    5
 -0.00823226   0.01645623     0.00136382   0.02777203    -0.00051721  -0.00158659
 -0.02014847   0.02303505    -0.00823226   0.01645623    -0.00131721   0.00307003
 -0.00131721   0.00307003    -0.00051721  -0.00158659    -0.00255976   0.00186965
    3    6
 -0.01745740  -0.00581523    -0.00075616  -0.00148761     0.01867342   0.02060215
  0.00310225   0.00123943    -0.00313207   0.00048798     0.00075616   0.00148761
  0.03053535   0.00204113    -0.00310225  -0.00123943    -0.01745740  -0.00581523
    3    7
  0.01517432   0.01713844     0.00267045   0.00482246     0.00334810   0.00334810
 -0.00179375   0.00747369     0.00930254   0.00930253    -0.00482246  -0.00267045
  0.01550599   0.01550599    -0.00747369   0.00179375     0.01713845   0.01517431
    4    1
 -0.00022287  -0.01237985     0.00038929   0.01530663     0.00467015   0.01657393
 -0.03479082  -0.01788372    -0.02004874   0.00830446     0.01195513  -0.03724653
 -0.00841724  -0.01502183     0.01054815   0.01109870     0.00859629   0.00891147
    4    2
 -0.00823226   0.01645623    -0.02014847   0.02303505    -0.00131721   0.00307003
  0.00136382   0.02777203    -0.00823226   0.01645623    -0.00051721  -0.00158659
 -0.00051721  -0.00158659    -0.00131721   0.00307003    -0.00255976   0.00186965
    4    3
 -0.02284857  -0.00138886     0.02192878   0.00000001     0.00401633   0.00655307
  0.00473492   0.00000000    -0.02284857   0.00138885     0.00529829  -0.00152170
  0.00529828   0.00152170     0.00401633  -0.00655307    -0.01315577  -0.00000000
    4    4
  0.04474475   0.00000000     0.00331368   0.00646480     0.00015303   0.00452293
  0.00331368  -0.00646480     0.06071594  -0.00000000    -0.00331368  -0.00646480
  0.00015303  -0.00452293    -0.00331368   0.00646480     0.04474475  -0.00000000
    4    5
 -0.00976057   0.00801521     0.00095154  -0.00940146    -0.00000000   0.00438676
  0.00095154  -0.00940146     0.00000001  -0.02257170     0.00095154   0.00940146
 -0.00000000   0.00438676     0.00095154   0.00940146     0.00976056   0.00801522
    4    6
  0.00930253   0.00930254    -0.00179375   0.00747369    -0.00482246  -0.00267045
  0.00267045   0.00482246     0.01517431   0.01713845     0.00334810   0.00334810
 -0.00747369   0.00179375     0.01550598   0.01550599     0.01713844   0.01517432
    4    7
 -0.00313207   0.00048798     0.00310225   0.00123943     0.00075616   0.00148761
 -0.00075616  -0.00148761    -0.01745740  -0.00581523     0.01867342   0.02060215
 -0.00310225  -0.00123943     0.03053535   0.00204113    -0.01745740  -0.00581523
    5    1
  0.00891147  -0.00859629    -0.01109869   0.01054815    -0.01502183   0.00841725
  0.03724653   0.01195511     0.00830447   0.02004874     0.01788371  -0.03479083
  0.01657393  -0.00467015    -0.01530663   0.00038930    -0.01237985   0.00022287
    5    2
 -0.02284857   0.00138886     0.02192878  -0.00000001     0.00401633  -0.00655307
  0.00473492  -0.00000000    -0.02284857  -0.00138885     0.00529829   0.00152170
  0.00529828  -0.00152170     0.00401633   0.00655307    -0.01315577   0.00000000
    5    3
 -0.00823226  -0.01645623    -0.02014847  -0.02303505    -0.00131721  -0.00307003
  0.00136382  -0.02777203    -0.00823226  -0.01645623    -0.00051721   0.00158659
 -0.00051721   0.00158659    -0.00131721  -0.00307003    -0.00255976  -0.00186965
    5    4
 -0.00976057  -0.00801521     0.00095154   0.00940146    -0.00000000  -0.00438676
  0.00095154   0.00940146     0.00000001   0.02257170     0.00095154  -0.00940146
 -0.00000000  -0.00438676     0.00095154  -0.00940146     0.00976056  -0.00801522
    5    5
  0.04474475  -0.00000000     0.00331368  -0.00646480     0.00015303  -0.00452293
  0.00331368   0.00646480     0.06071594  -0.00000000    -0.00331368   0.00646480
  0.00015303   0.00452293    -0.00331368  -0.00646480     0.04474475  -0.00000000
    5    6
 -0.00313207  -0.00048798     0.00310225  -0.00123943     0.00075616  -0.00148761
 -0.00075616   0.00148761    -0.01745740   0.00581523     0.01867342  -0.02060215
 -0.00310225   0.00123943     0.03053535  -0.00204113    -0.01745740   0.00581523
    5    7
  0.00930253  -0.00930254    -0.00179375  -0.00747369    -0.00482246   0.00267045
  0.00267045  -0.00482246     0.01517431  -0.01713845     0.00334810  -0.00334810
 -0.00747369  -0.00179375     0.01550598  -0.01550599     0.01713844  -0.01517432
    6    1
  0.00891147   0.00859629     0.01502183   0.00841724     0.01109870   0.01054815
 -0.01657393  -0.00467014    -0.01237985  -0.00022286    -0.01530663  -0.00038929
 -0.03724653   0.01195514     0.01788373   0.03479082     0.00830446  -0.02004875
    6    2
  0.01517432   0.01713844    -0.00179375   0.00747369     0.01550599   0.01550599
  0.00267045   0.00482246     0.00930254   0.00930253    -0.00747369   0.00179375
  0.00334810   0.00334810    -0.00482246  -0.00267045     0.01713845   0.01517431
    6    3
 -0.01745740   0.00581523     0.00310225  -0.00123943     0.03053535  -0.00204113
 -0.00075616   0.00148761    -0.00313207  -0.00048798    -0.00310225   0.00123943
  0.01867342  -0.02060215     0.00075616  -0.00148761    -0.01745740   0.00581523
    6    4
  0.00930253  -0.00930254     0.00267045  -0.00482246    -0.00747369  -0.00179375
 -0.00179375  -0.00747369     0.01517431  -0.01713845     0.01550598  -0.01550599
 -0.00482246   0.00267045     0.00334810  -0.00334810     0.01713844  -0.01517432
    6    5
 -0.00313207   0.00048798    -0.00075616  -0.00148761    -0.00310225  -0.00123943
  0.00310225   0.00123943    -0.01745740  -0.00581523     0.03053535   0.00204113
  0.00075616   0.00148761     0.01867342   0.02060215    -0.01745740  -0.00581523
    6    6
  0.04474475   0.00000000    -0.00015303  -0.00452293    -0.00331368  -0.00646480
 -0.00015303   0.00452293     0.04474475  -0.00000000    -0.00331368   0.00646480
 -0.00331368   0.00646480    -0.00331368  -0.00646480     0.06071594   0.00000000
    6    7
  0.00801522   0.00976056    -0.00438676   0.00000000     0.00940146   0.00095154
 -0.00438676   0.00000000     0.00801521  -0.00976057     0.00940146  -0.00095154
  0.00940146   0.00095154     0.00940146  -0.00095154    -0.02257170   0.00000001
    7    1
 -0.01237985  -0.00022287    -0.01657393  -0.00467015    -0.01530663  -0.00038929
  0.01502183   0.00841724     0.00891147   0.00859629     0.01109870   0.01054815
  0.01788372   0.03479082    -0.03724653   0.01195513     0.00830446  -0.02004874
    7    2
 -0.01745740  -0.00581523     0.00310225   0.00123943     0.03053535   0.00204113
 -0.00075616  -0.00148761    -0.00313207   0.00048798    -0.00310225  -0.00123943
  0.01867342   0.02060215     0.00075616   0.00148761    -0.01745740  -0.00581523
    7    3
  0.01517432  -0.01713844    -0.00179375  -0.00747369     0.01550599  -0.01550599
  0.00267045  -0.00482246     0.00930254  -0.00930253    -0.00747369  -0.00179375
  0.00334810  -0.00334810    -0.00482246   0.00267045     0.01713845  -0.01517431
    7    4
 -0.00313207  -0.00048798    -0.00075616   0.00148761    -0.00310225   0.00123943
  0.00310225  -0.00123943    -0.01745740   0.00581523     0.03053535  -0.00204113
  0.00075616  -0.00148761     0.01867342  -0.02060215    -0.01745740   0.00581523
    7    5
  0.00930253   0.00930254     0.00267045   0.00482246    -0.00747369   0.00179375
 -0.00179375   0.00747369     0.01517431   0.01713845     0.01550598   0.01550599
 -0.00482246  -0.00267045     0.00334810   0.00334810     0.01713844   0.01517432
    7    6
  0.00801522  -0.00976056    -0.00438676  -0.00000000     0.00940146  -0.00095154
 -0.00438676  -0.00000000     0.00801521   0.00976057     0.00940146   0.00095154
  0.00940146  -0.00095154     0.00940146   0.00095154    -0.02257170  -0.00000001
    7    7
  0.04474475  -0.00000000    -0.00015303   0.00452293    -0.00331368   0.00646480
 -0.00015303  -0.00452293     0.04474475   0.00000000    -0.00331368  -0.00646480
 -0.00331368  -0.00646480    -0.00331368   0.00646480     0.06071594  -0.00000000

     Dynamical  Matrix in cartesian axes

     q = (   -0.216506400   0.216506400  -0.649519100 ) 

    1    1
  0.12753208   0.00000000    -0.00109420   0.00000000    -0.00109420   0.00000000
 -0.00109420   0.00000000     0.12753208   0.00000000     0.00109420  -0.00000000
 -0.00109420   0.00000000     0.00109420  -0.00000000     0.12753208   0.00000000
    1    2
  0.00830446   0.02004875     0.01109870  -0.01054815    -0.01530663   0.00038929
 -0.03724653  -0.01195514     0.00891147  -0.00859629    -0.01657393   0.00467014
  0.01788373  -0.03479082     0.01502183  -0.00841724    -0.01237985   0.00022286
    1    3
  0.00830446   0.02004874    -0.01530663   0.00038929     0.01109870  -0.01054815
  0.01788372  -0.03479082    -0.01237985   0.00022287     0.01502183  -0.00841724
 -0.03724653  -0.01195513    -0.01657393   0.00467015     0.00891147  -0.00859629
    1    4
 -0.01237985  -0.00022287     0.01788372   0.03479083    -0.01502183  -0.00841724
 -0.01530663  -0.00038930     0.00830446  -0.02004874    -0.01109870  -0.01054815
  0.01657393   0.00467015     0.03724653  -0.01195512     0.00891147   0.00859629
    1    5
  0.00859629  -0.00891147     0.01195512   0.03724653     0.00467015  -0.01657393
  0.01054815  -0.01109869    -0.02004874  -0.00830447     0.00038930  -0.01530663
 -0.00841725   0.01502183    -0.03479083   0.01788372    -0.00022287   0.01237985
    1    6
  0.00859629  -0.00891147     0.00467015  -0.01657393     0.01195513   0.03724653
 -0.00841724   0.01502183    -0.00022287   0.01237985    -0.03479082   0.01788372
  0.01054815  -0.01109870     0.00038929  -0.01530663    -0.02004874  -0.00830446
    1    7
 -0.01237985  -0.00022287    -0.01502183  -0.00841725     0.01788371   0.03479083
  0.01657393   0.00467015     0.00891147   0.00859629     0.03724653  -0.01195511
