  3.500000000000000E-002   1.26001304832687        2.38111420361614     
          24

     Dynamical  Matrix in cartesian axes

     q = (    0.216506400   0.108253200   0.108253200 ) 

    1    1
  0.06643159   0.00000000     0.01676239   0.00000000     0.01676239   0.00000000
  0.01676239   0.00000000     0.02558380   0.00000000     0.00132511   0.00000000
  0.01676239   0.00000000     0.00132511   0.00000000     0.02558380   0.00000000
    1    2
 -0.00237115   0.00237115     0.00889565   0.00282417    -0.00282418  -0.00889565
 -0.00222029   0.00293710     0.00452548   0.00755523    -0.00064774  -0.00321510
 -0.00293710   0.00222029     0.00321510   0.00064774    -0.00755524  -0.00452548
    1    3
 -0.00237115   0.00237115    -0.00282418  -0.00889565     0.00889565   0.00282417
 -0.00293710   0.00222029    -0.00755524  -0.00452548     0.00321510   0.00064774
 -0.00222029   0.00293710    -0.00064774  -0.00321510     0.00452548   0.00755523
    1    4
 -0.00407918  -0.00380613    -0.01144941   0.00908235     0.01667442   0.00836118
 -0.00690673  -0.00439507    -0.00346629   0.00324543     0.00524614   0.00293523
  0.00019347  -0.00222385    -0.00305601   0.00469724     0.00525168   0.00378217
    1    5
  0.00380613   0.00407918    -0.00908235   0.01144941    -0.00836119  -0.01667442
  0.00439507   0.00690672    -0.00324543   0.00346629    -0.00293523  -0.00524614
  0.00222385  -0.00019348    -0.00469724   0.00305601    -0.00378218  -0.00525168
    1    6
  0.00380613   0.00407918    -0.00836119  -0.01667442    -0.00908235   0.01144941
  0.00222385  -0.00019348    -0.00378218  -0.00525168    -0.00469724   0.00305601
  0.00439507   0.00690672    -0.00293523  -0.00524614    -0.00324543   0.00346629
    1    7
 -0.00407918  -0.00380613     0.01667442   0.00836118    -0.01144941   0.00908235
  0.00019347  -0.00222385     0.00525168   0.00378217    -0.00305601   0.00469724
 -0.00690673  -0.00439507     0.00524614   0.00293523    -0.00346629   0.00324543
    2    1
 -0.00237115  -0.00237115    -0.00222029  -0.00293710    -0.00293710  -0.00222029
  0.00889565  -0.00282417     0.00452548  -0.00755523     0.00321510  -0.00064774
 -0.00282418   0.00889565    -0.00064774   0.00321510    -0.00755524   0.00452548
    2    2
  0.02503416  -0.00000000     0.00376184  -0.00034347     0.00376184   0.00034347
  0.00376184   0.00034347     0.03241483  -0.00000000     0.00693244  -0.00377640
  0.00376184  -0.00034347     0.00693244   0.00377640     0.03241483   0.00000000
    2    3
  0.00841216   0.00000000    -0.00123501   0.00504692    -0.00123501  -0.00504692
 -0.00123501   0.00504692    -0.02137717   0.01416321    -0.00722195   0.00000000
 -0.00123501  -0.00504692    -0.00722195   0.00000000    -0.02137717  -0.01416321
    2    4
 -0.00553662   0.00717709    -0.00476322   0.00203879     0.00023859  -0.00032952
 -0.02256127   0.01606163    -0.00231813   0.00666055    -0.00741002   0.00743802
 -0.00739019   0.00404296    -0.00147654  -0.00083799     0.00779661   0.00844181
    2    5
 -0.00158938  -0.00401823     0.00258867  -0.00095279     0.00105014  -0.00113416
  0.02857922   0.00045073    -0.00225395   0.00321982     0.00834982  -0.00769617
  0.00601325   0.00710615     0.00038510   0.00194559    -0.00602616  -0.00602610
    2    6
 -0.00553662  -0.00717709     0.00023859   0.00032952    -0.00476322  -0.00203879
 -0.00739019  -0.00404296     0.00779661  -0.00844181    -0.00147654   0.00083799
 -0.02256127  -0.01606163    -0.00741002  -0.00743802    -0.00231813  -0.00666055
    2    7
 -0.00158938   0.00401823     0.00105014   0.00113416     0.00258867   0.00095279
  0.00601325  -0.00710615    -0.00602616   0.00602610     0.00038510  -0.00194559
  0.02857922  -0.00045073     0.00834982   0.00769617    -0.00225395  -0.00321982
    3    1
 -0.00237115  -0.00237115    -0.00293710  -0.00222029    -0.00222029  -0.00293710
 -0.00282418   0.00889565    -0.00755524   0.00452548    -0.00064774   0.00321510
  0.00889565  -0.00282417     0.00321510  -0.00064774     0.00452548  -0.00755523
    3    2
  0.00841216  -0.00000000    -0.00123501  -0.00504692    -0.00123501   0.00504692
 -0.00123501  -0.00504692    -0.02137717  -0.01416321    -0.00722195  -0.00000000
 -0.00123501   0.00504692    -0.00722195  -0.00000000    -0.02137717   0.01416321
    3    3
  0.02503416   0.00000000     0.00376184   0.00034347     0.00376184  -0.00034347
  0.00376184  -0.00034347     0.03241483   0.00000000     0.00693244   0.00377640
  0.00376184   0.00034347     0.00693244  -0.00377640     0.03241483  -0.00000000
    3    4
 -0.00158938   0.00401823     0.00258867   0.00095279     0.00105014   0.00113416
  0.02857922  -0.00045073    -0.00225395  -0.00321982     0.00834982   0.00769617
  0.00601325  -0.00710615     0.00038510  -0.00194559    -0.00602616   0.00602610
    3    5
 -0.00553662  -0.00717709    -0.00476322  -0.00203879     0.00023859   0.00032952
 -0.02256127  -0.01606163    -0.00231813  -0.00666055    -0.00741002  -0.00743802
 -0.00739019  -0.00404296    -0.00147654   0.00083799     0.00779661  -0.00844181
    3    6
 -0.00158938  -0.00401823     0.00105014  -0.00113416     0.00258867  -0.00095279
  0.00601325   0.00710615    -0.00602616  -0.00602610     0.00038510   0.00194559
  0.02857922   0.00045073     0.00834982  -0.00769617    -0.00225395   0.00321982
    3    7
 -0.00553662   0.00717709     0.00023859  -0.00032952    -0.00476322   0.00203879
 -0.00739019   0.00404296     0.00779661   0.00844181    -0.00147654  -0.00083799
 -0.02256127   0.01606163    -0.00741002   0.00743802    -0.00231813   0.00666055
    4    1
 -0.00407918   0.00380613    -0.00690673   0.00439507     0.00019347   0.00222385
 -0.01144941  -0.00908235    -0.00346629  -0.00324543    -0.00305601  -0.00469724
  0.01667442  -0.00836118     0.00524614  -0.00293523     0.00525168  -0.00378217
    4    2
 -0.00553662  -0.00717709    -0.02256127  -0.01606163    -0.00739019  -0.00404296
 -0.00476322  -0.00203879    -0.00231813  -0.00666055    -0.00147654   0.00083799
  0.00023859   0.00032952    -0.00741002  -0.00743802     0.00779661  -0.00844181
    4    3
 -0.00158938  -0.00401823     0.02857922   0.00045073     0.00601325   0.00710615
  0.00258867  -0.00095279    -0.00225395   0.00321982     0.00038510   0.00194559
  0.00105014  -0.00113416     0.00834982  -0.00769617    -0.00602616  -0.00602610
    4    4
  0.03398389  -0.00000000     0.00185646  -0.00093176     0.00897632   0.00442217
  0.00185646   0.00093176     0.01559845   0.00000000     0.00045556  -0.00401057
  0.00897632  -0.00442217     0.00045556   0.00401057     0.04258795   0.00000000
    4    5
 -0.01986375  -0.01502507     0.00036426  -0.00366972    -0.00832514  -0.00463931
  0.00036426  -0.00366972     0.00538594   0.00223435    -0.00215915   0.00488513
 -0.00832514  -0.00463931    -0.00215915   0.00488513    -0.03807597  -0.00417629
    4    6
  0.00611776   0.01177490    -0.00782444  -0.00352239    -0.00024952  -0.00010259
 -0.00024952  -0.00010259    -0.00411872   0.00557892    -0.00137692  -0.00174788
 -0.00782444  -0.00352239    -0.03946378  -0.00441391    -0.00411872   0.00557892
    4    7
 -0.00554446  -0.00000000     0.00802446   0.00478255    -0.00139648   0.00161646
 -0.00139648  -0.00161646    -0.00151918  -0.00622513    -0.00115593  -0.00000000
  0.00802446  -0.00478255     0.03956911   0.00000000    -0.00151918   0.00622513
    5    1
  0.00380613  -0.00407918     0.00439507  -0.00690672     0.00222385   0.00019348
 -0.00908235  -0.01144941    -0.00324543  -0.00346629    -0.00469724  -0.00305601
 -0.00836119   0.01667442    -0.00293523   0.00524614    -0.00378218   0.00525168
    5    2
 -0.00158938   0.00401823     0.02857922  -0.00045073     0.00601325  -0.00710615
  0.00258867   0.00095279    -0.00225395  -0.00321982     0.00038510  -0.00194559
  0.00105014   0.00113416     0.00834982   0.00769617    -0.00602616   0.00602610
    5    3
 -0.00553662   0.00717709    -0.02256127   0.01606163    -0.00739019   0.00404296
 -0.00476322   0.00203879    -0.00231813   0.00666055    -0.00147654  -0.00083799
  0.00023859  -0.00032952    -0.00741002   0.00743802     0.00779661   0.00844181
    5    4
 -0.01986375   0.01502507     0.00036426   0.00366972    -0.00832514   0.00463931
  0.00036426   0.00366972     0.00538594  -0.00223435    -0.00215915  -0.00488513
 -0.00832514   0.00463931    -0.00215915  -0.00488513    -0.03807597   0.00417629
    5    5
  0.03398389   0.00000000     0.00185646   0.00093176     0.00897632  -0.00442217
  0.00185646  -0.00093176     0.01559845  -0.00000000     0.00045556   0.00401057
  0.00897632   0.00442217     0.00045556  -0.00401057     0.04258795  -0.00000000
    5    6
 -0.00554446   0.00000000     0.00802446  -0.00478255    -0.00139648  -0.00161646
 -0.00139648   0.00161646    -0.00151918   0.00622513    -0.00115593   0.00000000
  0.00802446   0.00478255     0.03956911   0.00000000    -0.00151918  -0.00622513
    5    7
  0.00611776  -0.01177490    -0.00782444   0.00352239    -0.00024952   0.00010259
 -0.00024952   0.00010259    -0.00411872  -0.00557892    -0.00137692   0.00174788
 -0.00782444   0.00352239    -0.03946378   0.00441391    -0.00411872  -0.00557892
    6    1
  0.00380613  -0.00407918     0.00222385   0.00019348     0.00439507  -0.00690672
 -0.00836119   0.01667442    -0.00378218   0.00525168    -0.00293523   0.00524614
 -0.00908235  -0.01144941    -0.00469724  -0.00305601    -0.00324543  -0.00346629
    6    2
 -0.00553662   0.00717709    -0.00739019   0.00404296    -0.02256127   0.01606163
  0.00023859  -0.00032952     0.00779661   0.00844181    -0.00741002   0.00743802
 -0.00476322   0.00203879    -0.00147654  -0.00083799    -0.00231813   0.00666055
    6    3
 -0.00158938   0.00401823     0.00601325  -0.00710615     0.02857922  -0.00045073
  0.00105014   0.00113416    -0.00602616   0.00602610     0.00834982   0.00769617
  0.00258867   0.00095279     0.00038510  -0.00194559    -0.00225395  -0.00321982
    6    4
  0.00611776  -0.01177490    -0.00024952   0.00010259    -0.00782444   0.00352239
 -0.00782444   0.00352239    -0.00411872  -0.00557892    -0.03946378   0.00441391
 -0.00024952   0.00010259    -0.00137692   0.00174788    -0.00411872  -0.00557892
    6    5
 -0.00554446   0.00000000    -0.00139648  -0.00161646     0.00802446  -0.00478255
  0.00802446   0.00478255    -0.00151918  -0.00622513     0.03956911  -0.00000000
 -0.00139648   0.00161646    -0.00115593  -0.00000000    -0.00151918   0.00622513
    6    6
  0.03398389   0.00000000     0.00897632  -0.00442217     0.00185646   0.00093176
  0.00897632   0.00442217     0.04258795   0.00000000     0.00045556  -0.00401057
  0.00185646  -0.00093176     0.00045556   0.00401057     0.01559845  -0.00000000
    6    7
 -0.01986375   0.01502507    -0.00832514   0.00463931     0.00036426   0.00366972
 -0.00832514   0.00463931    -0.03807597   0.00417629    -0.00215915  -0.00488513
  0.00036426   0.00366972    -0.00215915  -0.00488513     0.00538594  -0.00223435
    7    1
 -0.00407918   0.00380613     0.00019347   0.00222385    -0.00690673   0.00439507
  0.01667442  -0.00836118     0.00525168  -0.00378217     0.00524614  -0.00293523
 -0.01144941  -0.00908235    -0.00305601  -0.00469724    -0.00346629  -0.00324543
    7    2
 -0.00158938  -0.00401823     0.00601325   0.00710615     0.02857922   0.00045073
  0.00105014  -0.00113416    -0.00602616  -0.00602610     0.00834982  -0.00769617
  0.00258867  -0.00095279     0.00038510   0.00194559    -0.00225395   0.00321982
    7    3
 -0.00553662  -0.00717709    -0.00739019  -0.00404296    -0.02256127  -0.01606163
  0.00023859   0.00032952     0.00779661  -0.00844181    -0.00741002  -0.00743802
 -0.00476322  -0.00203879    -0.00147654   0.00083799    -0.00231813  -0.00666055
    7    4
 -0.00554446  -0.00000000    -0.00139648   0.00161646     0.00802446   0.00478255
  0.00802446  -0.00478255    -0.00151918   0.00622513     0.03956911  -0.00000000
 -0.00139648  -0.00161646    -0.00115593   0.00000000    -0.00151918  -0.00622513
    7    5
  0.00611776   0.01177490    -0.00024952  -0.00010259    -0.00782444  -0.00352239
 -0.00782444  -0.00352239    -0.00411872   0.00557892    -0.03946378  -0.00441391
 -0.00024952  -0.00010259    -0.00137692  -0.00174788    -0.00411872   0.00557892
    7    6
 -0.01986375  -0.01502507    -0.00832514  -0.00463931     0.00036426  -0.00366972
 -0.00832514  -0.00463931    -0.03807597  -0.00417629    -0.00215915   0.00488513
  0.00036426  -0.00366972    -0.00215915   0.00488513     0.00538594   0.00223435
    7    7
  0.03398389  -0.00000000     0.00897632   0.00442217     0.00185646  -0.00093176
  0.00897632  -0.00442217     0.04258795  -0.00000000     0.00045556   0.00401057
  0.00185646   0.00093176     0.00045556  -0.00401057     0.01559845   0.00000000

     Dynamical  Matrix in cartesian axes

     q = (   -0.216506400   0.108253200  -0.108253200 ) 

    1    1
  0.06643159  -0.00000000    -0.01676239   0.00000000     0.01676239  -0.00000000
 -0.01676239   0.00000000     0.02558380  -0.00000000    -0.00132511   0.00000000
  0.01676239  -0.00000000    -0.00132511   0.00000000     0.02558380  -0.00000000
    1    2
 -0.00237115  -0.00237115    -0.00889565   0.00282417    -0.00282418   0.00889565
  0.00222029   0.00293710     0.00452548  -0.00755523     0.00064774  -0.00321510
 -0.00293710  -0.00222029    -0.00321510   0.00064774    -0.00755524   0.00452548
    1    3
 -0.00335332   0.00000000    -0.00429318  -0.00828717     0.00429318  -0.00828717
  0.00364683  -0.00050686    -0.00214236   0.00854236    -0.00181540   0.00273144
 -0.00364683  -0.00050686    -0.00181540  -0.00273144    -0.00214236  -0.00854236
    1    4
  0.00380613  -0.00407918     0.00908235   0.01144941    -0.00836119   0.01667442
 -0.00439507   0.00690672    -0.00324543  -0.00346629     0.00293523  -0.00524614
  0.00222385   0.00019348     0.00469724   0.00305601    -0.00378218   0.00525168
    1    5
 -0.00019308   0.00557575     0.01451815  -0.00167376     0.00587834  -0.01770285
  0.00177601  -0.00799158    -0.00474591   0.00015617    -0.00163406   0.00578511
  0.00170931   0.00143569     0.00548237   0.00116053     0.00103910  -0.00638790
    1    6
 -0.00019308  -0.00557575    -0.00587834  -0.01770285    -0.01451815  -0.00167376
 -0.00170931   0.00143569     0.00103910   0.00638790     0.00548237  -0.00116053
 -0.00177601  -0.00799158    -0.00163406  -0.00578511    -0.00474591  -0.00015617
    1    7
 -0.00407918   0.00380613    -0.01667442   0.00836118    -0.01144941  -0.00908235
 -0.00019347  -0.00222385     0.00525168  -0.00378217     0.00305601   0.00469724
 -0.00690673   0.00439507    -0.00524614   0.00293523    -0.00346629  -0.00324543
    2    1
 -0.00237115   0.00237115     0.00222029  -0.00293710    -0.00293710   0.00222029
 -0.00889565  -0.00282417     0.00452548   0.00755523    -0.00321510  -0.00064774
 -0.00282418  -0.00889565     0.00064774   0.00321510    -0.00755524  -0.00452548
    2    2
  0.02503416  -0.00000000    -0.00376184  -0.00034347     0.00376184  -0.00034347
 -0.00376184   0.00034347     0.03241483   0.00000000    -0.00693244  -0.00377640
  0.00376184   0.00034347    -0.00693244   0.00377640     0.03241483   0.00000000
    2    3
  0.00594829  -0.00594829     0.00444199   0.00269543     0.00269543   0.00444199
  0.00444199   0.00269543    -0.02513084   0.00510104     0.00510669  -0.00510669
  0.00269543   0.00444199     0.00510669  -0.00510669    -0.00510103   0.02513084
    2    4
 -0.00158938   0.00401823    -0.00258867  -0.00095279     0.00105014   0.00113416
 -0.02857922   0.00045073    -0.00225395  -0.00321982    -0.00834982  -0.00769617
  0.00601325  -0.00710615    -0.00038510   0.00194559    -0.00602616   0.00602610
    2    5
 -0.00898995  -0.00115999     0.00480975  -0.00192646     0.00040171   0.00006430
  0.02731051  -0.00459595    -0.00634888  -0.00307055     0.01049915   0.00001979
 -0.00808446   0.00236684     0.00045152  -0.00163662    -0.00045623  -0.01148229
    2    6
  0.00115999   0.00898995     0.00006430   0.00040171    -0.00192646   0.00480975
  0.00236684  -0.00808446     0.01148229   0.00045622     0.00163662  -0.00045152
 -0.00459594   0.02731051    -0.00001979  -0.01049915     0.00307055   0.00634888
    2    7
 -0.00158938  -0.00401823    -0.00105014   0.00113416     0.00258867  -0.00095279
 -0.00601325  -0.00710615    -0.00602616  -0.00602610    -0.00038510  -0.00194559
  0.02857922   0.00045073    -0.00834982   0.00769617    -0.00225395   0.00321982
    3    1
 -0.00335332  -0.00000000     0.00364683   0.00050686    -0.00364683   0.00050686
 -0.00429318   0.00828717    -0.00214236  -0.00854236    -0.00181540   0.00273144
  0.00429318   0.00828717    -0.00181540  -0.00273144    -0.00214236   0.00854236
    3    2
  0.00594829   0.00594829     0.00444199  -0.00269543     0.00269543  -0.00444199
  0.00444199  -0.00269543    -0.02513084  -0.00510104     0.00510669   0.00510669
  0.00269543  -0.00444199     0.00510669   0.00510669    -0.00510103  -0.02513084
    3    3
  0.02503416   0.00000000    -0.00376184   0.00034347     0.00376184   0.00034347
 -0.00376184  -0.00034347     0.03241483   0.00000000    -0.00693244   0.00377640
  0.00376184  -0.00034347    -0.00693244  -0.00377640     0.03241483   0.00000000
    3    4
 -0.00898995   0.00115999     0.00480975   0.00192646     0.00040171  -0.00006430
  0.02731051   0.00459595    -0.00634888   0.00307055     0.01049915  -0.00001979
 -0.00808446  -0.00236684     0.00045152   0.00163662    -0.00045623   0.01148229
    3    5
 -0.00158938  -0.00401823    -0.00258867   0.00095279     0.00105014  -0.00113416
 -0.02857922  -0.00045073    -0.00225395   0.00321982    -0.00834982   0.00769617
  0.00601325   0.00710615    -0.00038510  -0.00194559    -0.00602616  -0.00602610
    3    6
 -0.00158938   0.00401823    -0.00105014  -0.00113416     0.00258867   0.00095279
 -0.00601325   0.00710615    -0.00602616   0.00602610    -0.00038510   0.00194559
  0.02857922  -0.00045073    -0.00834982  -0.00769617    -0.00225395  -0.00321982
    3    7
  0.00115999  -0.00898995     0.00006430  -0.00040171    -0.00192646  -0.00480975
  0.00236684   0.00808446     0.01148229  -0.00045622     0.00163662   0.00045152
 -0.00459594  -0.02731051    -0.00001979   0.01049915     0.00307055  -0.00634888
    4    1
  0.00380613   0.00407918    -0.00439507  -0.00690672     0.00222385  -0.00019348
  0.00908235  -0.01144941    -0.00324543   0.00346629     0.00469724  -0.00305601
 -0.00836119  -0.01667442     0.00293523   0.00524614    -0.00378218  -0.00525168
    4    2
 -0.00158938  -0.00401823    -0.02857922  -0.00045073     0.00601325   0.00710615
 -0.00258867   0.00095279    -0.00225395   0.00321982    -0.00038510  -0.00194559
  0.00105014  -0.00113416    -0.00834982   0.00769617    -0.00602616  -0.00602610
    4    3
 -0.00898995  -0.00115999     0.02731051  -0.00459595    -0.00808446   0.00236684
  0.00480975  -0.00192646    -0.00634888  -0.00307055     0.00045152  -0.00163662
  0.00040171   0.00006430     0.01049915   0.00001979    -0.00045623  -0.01148229
    4    4
  0.03398389  -0.00000000    -0.00185646   0.00093176     0.00897632   0.00442217
 -0.00185646  -0.00093176     0.01559845   0.00000000    -0.00045556   0.00401057
  0.00897632  -0.00442217    -0.00045556  -0.00401057     0.04258795   0.00000000
    4    5
 -0.02467012   0.00342147     0.00233731   0.00285246    -0.00916725   0.00260627
  0.00233731   0.00285246     0.00538836  -0.00222851    -0.00192756  -0.00498106
 -0.00916725   0.00260627    -0.00192756  -0.00498106    -0.02987686   0.02397070
    4    6
 -0.00392053   0.00392053    -0.00905592   0.00229238     0.00015555   0.00213047
  0.00213047   0.00015555    -0.00547606  -0.00332761     0.00081736  -0.00081736
  0.00229238  -0.00905592    -0.02797958   0.02797959     0.00332761   0.00547606
    4    7
  0.00611776   0.01177490     0.00782444   0.00352239    -0.00024952  -0.00010259
  0.00024952   0.00010259    -0.00411872   0.00557892     0.00137692   0.00174788
 -0.00782444  -0.00352239     0.03946378   0.00441391    -0.00411872   0.00557892
    5    1
 -0.00019308  -0.00557575     0.00177601   0.00799158     0.00170931  -0.00143569
  0.01451815   0.00167376    -0.00474591  -0.00015617     0.00548237  -0.00116053
  0.00587834   0.01770285    -0.00163406  -0.00578511     0.00103910   0.00638790
    5    2
 -0.00898995   0.00115999     0.02731051   0.00459595    -0.00808446  -0.00236684
  0.00480975   0.00192646    -0.00634888   0.00307055     0.00045152   0.00163662
  0.00040171  -0.00006430     0.01049915  -0.00001979    -0.00045623   0.01148229
    5    3
 -0.00158938   0.00401823    -0.02857922   0.00045073     0.00601325  -0.00710615
 -0.00258867  -0.00095279    -0.00225395  -0.00321982    -0.00038510   0.00194559
  0.00105014   0.00113416    -0.00834982  -0.00769617    -0.00602616   0.00602610
    5    4
 -0.02467012  -0.00342147     0.00233731  -0.00285246    -0.00916725  -0.00260627
  0.00233731  -0.00285246     0.00538836   0.00222851    -0.00192756   0.00498106
 -0.00916725  -0.00260627    -0.00192756   0.00498106    -0.02987686  -0.02397070
    5    5
  0.03398389   0.00000000    -0.00185646  -0.00093176     0.00897632  -0.00442217
 -0.00185646   0.00093176     0.01559845  -0.00000000    -0.00045556  -0.00401057
  0.00897632   0.00442217    -0.00045556   0.00401057     0.04258795   0.00000000
    5    6
  0.00611776  -0.01177490     0.00782444  -0.00352239    -0.00024952   0.00010259
  0.00024952  -0.00010259    -0.00411872  -0.00557892     0.00137692  -0.00174788
 -0.00782444   0.00352239     0.03946378  -0.00441391    -0.00411872  -0.00557892
    5    7
 -0.00392053  -0.00392053    -0.00905592  -0.00229238     0.00015555  -0.00213047
  0.00213047  -0.00015555    -0.00547606   0.00332761     0.00081736   0.00081736
  0.00229238   0.00905592    -0.02797958  -0.02797959     0.00332761  -0.00547606
    6    1
 -0.00019308   0.00557575    -0.00170931  -0.00143569    -0.00177601   0.00799158
 -0.00587834   0.01770285     0.00103910  -0.00638790    -0.00163406   0.00578511
 -0.01451815   0.00167376     0.00548237   0.00116053    -0.00474591   0.00015617
    6    2
  0.00115999  -0.00898995     0.00236684   0.00808446    -0.00459594  -0.02731051
  0.00006430  -0.00040171     0.01148229  -0.00045622    -0.00001979   0.01049915
 -0.00192646  -0.00480975     0.00163662   0.00045152     0.00307055  -0.00634888
    6    3
 -0.00158938  -0.00401823    -0.00601325  -0.00710615     0.02857922   0.00045073
 -0.00105014   0.00113416    -0.00602616  -0.00602610    -0.00834982   0.00769617
  0.00258867  -0.00095279    -0.00038510  -0.00194559    -0.00225395   0.00321982
    6    4
 -0.00392053  -0.00392053     0.00213047  -0.00015555     0.00229238   0.00905592
 -0.00905592  -0.00229238    -0.00547606   0.00332761    -0.02797958  -0.02797959
  0.00015555  -0.00213047     0.00081736   0.00081736     0.00332761  -0.00547606
    6    5
  0.00611776   0.01177490     0.00024952   0.00010259    -0.00782444  -0.00352239
  0.00782444   0.00352239    -0.00411872   0.00557892     0.03946378   0.00441391
 -0.00024952  -0.00010259     0.00137692   0.00174788    -0.00411872   0.00557892
    6    6
  0.03398389  -0.00000000    -0.00897632  -0.00442217     0.00185646  -0.00093176
 -0.00897632   0.00442217     0.04258795  -0.00000000    -0.00045556  -0.00401057
  0.00185646   0.00093176    -0.00045556   0.00401057     0.01559845   0.00000000
    6    7
 -0.00342146  -0.02467013     0.00260627   0.00916725     0.00285246  -0.00233731
  0.00260627   0.00916725    -0.02397069  -0.02987687     0.00498106  -0.00192756
  0.00285246  -0.00233731     0.00498106  -0.00192756     0.00222851   0.00538836
    7    1
 -0.00407918  -0.00380613    -0.00019347   0.00222385    -0.00690673  -0.00439507
 -0.01667442  -0.00836118     0.00525168   0.00378217    -0.00524614  -0.00293523
 -0.01144941   0.00908235     0.00305601  -0.00469724    -0.00346629   0.00324543
    7    2
 -0.00158938   0.00401823    -0.00601325   0.00710615     0.02857922  -0.00045073
 -0.00105014  -0.00113416    -0.00602616   0.00602610    -0.00834982  -0.00769617
  0.00258867   0.00095279    -0.00038510   0.00194559    -0.00225395  -0.00321982
    7    3
  0.00115999   0.00898995     0.00236684  -0.00808446    -0.00459594   0.02731051
  0.00006430   0.00040171     0.01148229   0.00045622    -0.00001979  -0.01049915
 -0.00192646   0.00480975     0.00163662  -0.00045152     0.00307055   0.00634888
    7    4
  0.00611776  -0.01177490     0.00024952  -0.00010259    -0.00782444   0.00352239
  0.00782444  -0.00352239    -0.00411872  -0.00557892     0.03946378  -0.00441391
 -0.00024952   0.00010259     0.00137692  -0.00174788    -0.00411872  -0.00557892
    7    5
 -0.00392053   0.00392053     0.00213047   0.00015555     0.00229238  -0.00905592
 -0.00905592   0.00229238    -0.00547606  -0.00332761    -0.02797958   0.02797959
  0.00015555   0.00213047     0.00081736  -0.00081736     0.00332761   0.00547606
    7    6
 -0.00342146   0.02467013     0.00260627  -0.00916725     0.00285246   0.00233731
  0.00260627  -0.00916725    -0.02397069   0.02987687     0.00498106   0.00192756
  0.00285246   0.00233731     0.00498106   0.00192756     0.00222851  -0.00538836
    7    7
  0.03398389   0.00000000    -0.00897632   0.00442217     0.00185646   0.00093176
 -0.00897632  -0.00442217     0.04258795   0.00000000    -0.00045556   0.00401057
  0.00185646  -0.00093176    -0.00045556  -0.00401057     0.01559845  -0.00000000

     Dynamical  Matrix in cartesian axes

     q = (    0.216506400  -0.108253200  -0.108253200 ) 

    1    1
  0.06643159  -0.00000000    -0.01676239   0.00000000    -0.01676239   0.00000000
 -0.01676239   0.00000000     0.02558380  -0.00000000     0.00132511  -0.00000000
 -0.01676239   0.00000000     0.00132511  -0.00000000     0.02558380  -0.00000000
    1    2
 -0.00335332   0.00000000    -0.00429318  -0.00828717    -0.00429318   0.00828717
  0.00364683  -0.00050686    -0.00214236   0.00854236     0.00181540  -0.00273144
  0.00364683   0.00050686     0.00181540   0.00273144    -0.00214236  -0.00854236
    1    3
 -0.00335332   0.00000000    -0.00429318   0.00828717    -0.00429318  -0.00828717
  0.00364683   0.00050686    -0.00214236  -0.00854236     0.00181540   0.00273144
  0.00364683  -0.00050686     0.00181540  -0.00273144    -0.00214236   0.00854236
    1    4
  0.00380613   0.00407918     0.00908235  -0.01144941     0.00836119   0.01667442
 -0.00439507  -0.00690672    -0.00324543   0.00346629    -0.00293523  -0.00524614
 -0.00222385   0.00019348    -0.00469724   0.00305601    -0.00378218  -0.00525168
    1    5
  0.00380613  -0.00407918     0.00908235   0.01144941     0.00836119  -0.01667442
 -0.00439507   0.00690672    -0.00324543  -0.00346629    -0.00293523   0.00524614
 -0.00222385  -0.00019348    -0.00469724  -0.00305601    -0.00378218   0.00525168
    1    6
  0.00380613  -0.00407918     0.00836119  -0.01667442     0.00908235   0.01144941
 -0.00222385  -0.00019348    -0.00378218   0.00525168    -0.00469724  -0.00305601
 -0.00439507   0.00690672    -0.00293523   0.00524614    -0.00324543  -0.00346629
    1    7
  0.00380613   0.00407918     0.00836119   0.01667442     0.00908235  -0.01144941
 -0.00222385   0.00019348    -0.00378218  -0.00525168    -0.00469724   0.00305601
 -0.00439507  -0.00690672    -0.00293523  -0.00524614    -0.00324543   0.00346629
    2    1
 -0.00335332  -0.00000000     0.00364683   0.00050686     0.00364683  -0.00050686
 -0.00429318   0.00828717    -0.00214236  -0.00854236     0.00181540  -0.00273144
 -0.00429318  -0.00828717     0.00181540   0.00273144    -0.00214236   0.00854236
    2    2
  0.02503416  -0.00000000    -0.00376184   0.00034347    -0.00376184  -0.00034347
 -0.00376184  -0.00034347     0.03241483  -0.00000000     0.00693244  -0.00377640
 -0.00376184   0.00034347     0.00693244   0.00377640     0.03241483   0.00000000
    2    3
  0.00841216   0.00000000     0.00123501  -0.00504692     0.00123501   0.00504692
  0.00123501  -0.00504692    -0.02137717   0.01416321    -0.00722195   0.00000000
  0.00123501   0.00504692    -0.00722195  -0.00000000    -0.02137717  -0.01416321
    2    4
 -0.00396519  -0.00171746    -0.00115674   0.00250419     0.00005941   0.00154453
 -0.02052727   0.01988985     0.00068297   0.00387054     0.00046220  -0.01134623
 -0.00927681  -0.00077280     0.00164805   0.00110343    -0.00852223   0.00000004
    2    5
 -0.00898995   0.00115999     0.00480975   0.00192646    -0.00040171   0.00006430
  0.02731051   0.00459595    -0.00634888   0.00307055    -0.01049915   0.00001979
  0.00808446   0.00236684    -0.00045152  -0.00163662    -0.00045623   0.01148229
    2    6
 -0.00396519   0.00171746     0.00005941  -0.00154453    -0.00115674  -0.00250419
 -0.00927681   0.00077280    -0.00852223  -0.00000004     0.00164805  -0.00110343
 -0.02052727  -0.01988985     0.00046220   0.01134623     0.00068297  -0.00387054
    2    7
 -0.00898995  -0.00115999    -0.00040171  -0.00006430     0.00480975  -0.00192646
  0.00808446  -0.00236684    -0.00045623  -0.01148229    -0.00045152   0.00163662
  0.02731051  -0.00459595    -0.01049915  -0.00001979    -0.00634888  -0.00307055
    3    1
 -0.00335332  -0.00000000     0.00364683  -0.00050686     0.00364683   0.00050686
 -0.00429318  -0.00828717    -0.00214236   0.00854236     0.00181540   0.00273144
 -0.00429318   0.00828717     0.00181540  -0.00273144    -0.00214236  -0.00854236
    3    2
  0.00841216  -0.00000000     0.00123501   0.00504692     0.00123501  -0.00504692
  0.00123501   0.00504692    -0.02137717  -0.01416321    -0.00722195  -0.00000000
  0.00123501  -0.00504692    -0.00722195  -0.00000000    -0.02137717   0.01416321
    3    3
  0.02503416   0.00000000    -0.00376184  -0.00034347    -0.00376184   0.00034347
 -0.00376184   0.00034347     0.03241483   0.00000000     0.00693244   0.00377640
 -0.00376184  -0.00034347     0.00693244  -0.00377640     0.03241483   0.00000000
    3    4
 -0.00898995  -0.00115999     0.00480975  -0.00192646    -0.00040171  -0.00006430
  0.02731051  -0.00459595    -0.00634888  -0.00307055    -0.01049915  -0.00001979
  0.00808446  -0.00236684    -0.00045152   0.00163662    -0.00045623  -0.01148229
    3    5
 -0.00396519   0.00171746    -0.00115674  -0.00250419     0.00005941  -0.00154453
 -0.02052727  -0.01988985     0.00068297  -0.00387054     0.00046220   0.01134623
 -0.00927681   0.00077280     0.00164805  -0.00110343    -0.00852223  -0.00000004
    3    6
 -0.00898995   0.00115999    -0.00040171   0.00006430     0.00480975   0.00192646
  0.00808446   0.00236684    -0.00045623   0.01148229    -0.00045152  -0.00163662
  0.02731051   0.00459595    -0.01049915   0.00001979    -0.00634888   0.00307055
    3    7
 -0.00396519  -0.00171746     0.00005941   0.00154453    -0.00115674   0.00250419
 -0.00927681  -0.00077280    -0.00852223   0.00000004     0.00164805   0.00110343
 -0.02052727   0.01988985     0.00046220  -0.01134623     0.00068297   0.00387054
    4    1
  0.00380613  -0.00407918    -0.00439507   0.00690672    -0.00222385  -0.00019348
  0.00908235   0.01144941    -0.00324543  -0.00346629    -0.00469724  -0.00305601
  0.00836119  -0.01667442    -0.00293523   0.00524614    -0.00378218   0.00525168
    4    2
 -0.00396519   0.00171746    -0.02052727  -0.01988985    -0.00927681   0.00077280
 -0.00115674  -0.00250419     0.00068297  -0.00387054     0.00164805  -0.00110343
  0.00005941  -0.00154453     0.00046220   0.01134623    -0.00852223  -0.00000004
    4    3
 -0.00898995   0.00115999     0.02731051   0.00459595     0.00808446   0.00236684
  0.00480975   0.00192646    -0.00634888   0.00307055    -0.00045152  -0.00163662
 -0.00040171   0.00006430    -0.01049915   0.00001979    -0.00045623   0.01148229
    4    4
  0.03398389  -0.00000000    -0.00185646  -0.00093176    -0.00897632   0.00442217
 -0.00185646   0.00093176     0.01559845  -0.00000000     0.00045556   0.00401057
 -0.00897632  -0.00442217     0.00045556  -0.00401057     0.04258795   0.00000000
    4    5
 -0.01502506  -0.01986376     0.00366972  -0.00036426     0.00463931   0.00832514
  0.00366972  -0.00036426     0.00223435   0.00538594     0.00488513  -0.00215915
  0.00463931   0.00832514     0.00488513  -0.00215915    -0.00417627  -0.03807597
    4    6
  0.01177490   0.00611777     0.00352238   0.00782445     0.00010259   0.00024952
  0.00010259   0.00024952     0.00557892  -0.00411872    -0.00174788  -0.00137692
  0.00352238   0.00782445    -0.00441389  -0.03946378     0.00557892  -0.00411872
    4    7
 -0.00554446   0.00000000    -0.00802446   0.00478255     0.00139648   0.00161646
  0.00139648  -0.00161646    -0.00151918   0.00622513    -0.00115593   0.00000000
 -0.00802446  -0.00478255     0.03956911  -0.00000000    -0.00151918  -0.00622513
    5    1
  0.00380613   0.00407918    -0.00439507  -0.00690672    -0.00222385   0.00019348
  0.00908235  -0.01144941    -0.00324543   0.00346629    -0.00469724   0.00305601
  0.00836119   0.01667442    -0.00293523  -0.00524614    -0.00378218  -0.00525168
    5    2
 -0.00898995  -0.00115999     0.02731051  -0.00459595     0.00808446  -0.00236684
  0.00480975  -0.00192646    -0.00634888  -0.00307055    -0.00045152   0.00163662
 -0.00040171  -0.00006430    -0.01049915  -0.00001979    -0.00045623  -0.01148229
    5    3
 -0.00396519  -0.00171746    -0.02052727   0.01988985    -0.00927681  -0.00077280
 -0.00115674   0.00250419     0.00068297   0.00387054     0.00164805   0.00110343
  0.00005941   0.00154453     0.00046220  -0.01134623    -0.00852223   0.00000004
    5    4
 -0.01502506   0.01986376     0.00366972   0.00036426     0.00463931  -0.00832514
  0.00366972   0.00036426     0.00223435  -0.00538594     0.00488513   0.00215915
  0.00463931  -0.00832514     0.00488513   0.00215915    -0.00417627   0.03807597
    5    5
  0.03398389   0.00000000    -0.00185646   0.00093176    -0.00897632  -0.00442217
 -0.00185646  -0.00093176     0.01559845   0.00000000     0.00045556  -0.00401057
 -0.00897632   0.00442217     0.00045556   0.00401057     0.04258795   0.00000000
    5    6
 -0.00554446  -0.00000000    -0.00802446  -0.00478255     0.00139648  -0.00161646
  0.00139648   0.00161646    -0.00151918  -0.00622513    -0.00115593  -0.00000000
 -0.00802446   0.00478255     0.03956911  -0.00000000    -0.00151918   0.00622513
    5    7
  0.01177490  -0.00611777     0.00352238  -0.00782445     0.00010259  -0.00024952
  0.00010259  -0.00024952     0.00557892   0.00411872    -0.00174788   0.00137692
  0.00352238  -0.00782445    -0.00441389   0.03946378     0.00557892   0.00411872
    6    1
  0.00380613   0.00407918    -0.00222385   0.00019348    -0.00439507  -0.00690672
  0.00836119   0.01667442    -0.00378218  -0.00525168    -0.00293523  -0.00524614
  0.00908235  -0.01144941    -0.00469724   0.00305601    -0.00324543   0.00346629
    6    2
 -0.00396519  -0.00171746    -0.00927681  -0.00077280    -0.02052727   0.01988985
  0.00005941   0.00154453    -0.00852223   0.00000004     0.00046220  -0.01134623
 -0.00115674   0.00250419     0.00164805   0.00110343     0.00068297   0.00387054
    6    3
 -0.00898995  -0.00115999     0.00808446  -0.00236684     0.02731051  -0.00459595
 -0.00040171  -0.00006430    -0.00045623  -0.01148229    -0.01049915  -0.00001979
  0.00480975  -0.00192646    -0.00045152   0.00163662    -0.00634888  -0.00307055
    6    4
  0.01177490  -0.00611777     0.00010259  -0.00024952     0.00352238  -0.00782445
  0.00352238  -0.00782445     0.00557892   0.00411872    -0.00441389   0.03946378
  0.00010259  -0.00024952    -0.00174788   0.00137692     0.00557892   0.00411872
    6    5
 -0.00554446  -0.00000000     0.00139648  -0.00161646    -0.00802446  -0.00478255
 -0.00802446   0.00478255    -0.00151918   0.00622513     0.03956911   0.00000000
  0.00139648   0.00161646    -0.00115593   0.00000000    -0.00151918  -0.00622513
    6    6
  0.03398389  -0.00000000    -0.00897632  -0.00442217    -0.00185646   0.00093176
 -0.00897632   0.00442217     0.04258795   0.00000000     0.00045556   0.00401057
 -0.00185646  -0.00093176     0.00045556  -0.00401057     0.01559845   0.00000000
    6    7
 -0.01502506   0.01986376     0.00463931  -0.00832514     0.00366972   0.00036426
  0.00463931  -0.00832514    -0.00417627   0.03807597     0.00488513   0.00215915
  0.00366972   0.00036426     0.00488513   0.00215915     0.00223435  -0.00538594
    7    1
  0.00380613  -0.00407918    -0.00222385  -0.00019348    -0.00439507   0.00690672
  0.00836119  -0.01667442    -0.00378218   0.00525168    -0.00293523   0.00524614
  0.00908235   0.01144941    -0.00469724  -0.00305601    -0.00324543  -0.00346629
    7    2
 -0.00898995   0.00115999     0.00808446   0.00236684     0.02731051   0.00459595
 -0.00040171   0.00006430    -0.00045623   0.01148229    -0.01049915   0.00001979
  0.00480975   0.00192646    -0.00045152  -0.00163662    -0.00634888   0.00307055
    7    3
 -0.00396519   0.00171746    -0.00927681   0.00077280    -0.02052727  -0.01988985
  0.00005941  -0.00154453    -0.00852223  -0.00000004     0.00046220   0.01134623
 -0.00115674  -0.00250419     0.00164805  -0.00110343     0.00068297  -0.00387054
    7    4
 -0.00554446   0.00000000     0.00139648   0.00161646    -0.00802446   0.00478255
 -0.00802446  -0.00478255    -0.00151918  -0.00622513     0.03956911   0.00000000
  0.00139648  -0.00161646    -0.00115593  -0.00000000    -0.00151918   0.00622513
    7    5
  0.01177490   0.00611777     0.00010259   0.00024952     0.00352238   0.00782445
  0.00352238   0.00782445     0.00557892  -0.00411872    -0.00441389  -0.03946378
  0.00010259   0.00024952    -0.00174788  -0.00137692     0.00557892  -0.00411872
    7    6
 -0.01502506  -0.01986376     0.00463931   0.00832514     0.00366972  -0.00036426
  0.00463931   0.00832514    -0.00417627  -0.03807597     0.00488513  -0.00215915
  0.00366972  -0.00036426     0.00488513  -0.00215915     0.00223435   0.00538594
    7    7
  0.03398389   0.00000000    -0.00897632   0.00442217    -0.00185646  -0.00093176
 -0.00897632  -0.00442217     0.04258795   0.00000000     0.00045556  -0.00401057
 -0.00185646   0.00093176     0.00045556   0.00401057     0.01559845  -0.00000000

     Dynamical  Matrix in cartesian axes

     q = (    0.108253200   0.216506400  -0.108253200 ) 

    1    1
  0.02558380  -0.00000000     0.01676239  -0.00000000    -0.00132511   0.00000000
  0.01676239  -0.00000000     0.06643159  -0.00000000    -0.01676239   0.00000000
 -0.00132511   0.00000000    -0.01676239   0.00000000     0.02558380   0.00000000
    1    2
 -0.00474591   0.00015617    -0.00177601   0.00799158    -0.00163406   0.00578511
 -0.01451815   0.00167376    -0.00019308   0.00557575    -0.00587834   0.01770285
  0.00548237   0.00116053    -0.00170931  -0.00143569     0.00103910  -0.00638790
    1    3
 -0.00346629   0.00324543    -0.00690673  -0.00439507    -0.00524614  -0.00293523
 -0.01144941   0.00908235    -0.00407918  -0.00380613    -0.01667442  -0.00836118
  0.00305601  -0.00469724    -0.00019347   0.00222385     0.00525168   0.00378217
    1    4
 -0.00755524  -0.00452548    -0.00293710   0.00222029    -0.00321510  -0.00064774
 -0.00282418  -0.00889565    -0.00237115   0.00237115    -0.00889565  -0.00282417
  0.00064774   0.00321510     0.00222029  -0.00293710     0.00452548   0.00755523
    1    5
 -0.00214236   0.00854236    -0.00364683   0.00050686    -0.00181540   0.00273144
  0.00429318   0.00828717    -0.00335332  -0.00000000    -0.00429318   0.00828717
 -0.00181540  -0.00273144     0.00364683   0.00050686    -0.00214236  -0.00854236
    1    6
 -0.00378218  -0.00525168     0.00222385  -0.00019348     0.00469724  -0.00305601
 -0.00836119  -0.01667442     0.00380613   0.00407918     0.00908235  -0.01144941
  0.00293523   0.00524614    -0.00439507  -0.00690672    -0.00324543   0.00346629
    1    7
  0.00103910   0.00638790     0.00170931  -0.00143569     0.00548237  -0.00116053
  0.00587834   0.01770285    -0.00019308  -0.00557575     0.01451815   0.00167376
