  2.000000000000000E-002   1.26015754758087        2.29045391948694     
          12

     Dynamical  Matrix in cartesian axes

     q = (    0.433012700   0.433012700   0.216506400 ) 

    1    1
  0.11125701   0.00000000     0.03577155   0.00000000    -0.00000000   0.00000000
  0.03577155   0.00000000     0.11125701   0.00000000    -0.00000000   0.00000000
 -0.00000000   0.00000000    -0.00000000   0.00000000     0.06402260   0.00000000
    1    2
 -0.01500704   0.01500704     0.01706454  -0.01706455    -0.00891460  -0.00891460
 -0.00498705   0.00498705     0.01233805  -0.01233805    -0.00717660  -0.00717660
 -0.00577302  -0.00577302    -0.00345311  -0.00345311    -0.01214683   0.01214684
    1    3
  0.02122316   0.00000000    -0.02413291  -0.00000000     0.00000000  -0.01260715
  0.00705276   0.00000000    -0.01744864  -0.00000000     0.00000000  -0.01014925
  0.00000000  -0.00816429     0.00000000  -0.00488344     0.01717822   0.00000000
    1    4
 -0.01744864  -0.00000000     0.00705276   0.00000000     0.00000000  -0.01014925
 -0.02413291  -0.00000000     0.02122316   0.00000000     0.00000000  -0.01260715
  0.00000000  -0.00488344     0.00000000  -0.00816429     0.01717822   0.00000000
    1    5
  0.01233805  -0.01233805    -0.00498705   0.00498705    -0.00717660  -0.00717660
  0.01706454  -0.01706455    -0.01500704   0.01500704    -0.00891460  -0.00891460
 -0.00345311  -0.00345311    -0.00577302  -0.00577302    -0.01214683   0.01214684
    1    6
  0.00000000   0.00000000     0.00000000   0.00000000     0.01407809   0.01603643
  0.00000000   0.00000000    -0.00000000   0.00000000     0.00138476   0.02129418
  0.02050929  -0.00326964    -0.01681424   0.01219028    -0.00000000  -0.00000000
    1    7
  0.00000000   0.00000000    -0.00000000   0.00000000     0.00138476   0.02129418
  0.00000000   0.00000000     0.00000000   0.00000000     0.01407809   0.01603643
 -0.01681424   0.01219028     0.02050929  -0.00326964    -0.00000000  -0.00000000
    2    1
 -0.01500704  -0.01500704    -0.00498705  -0.00498705    -0.00577302   0.00577302
  0.01706454   0.01706455     0.01233805   0.01233805    -0.00345311   0.00345311
 -0.00891460   0.00891460    -0.00717660   0.00717660    -0.01214683  -0.01214684
    2    2
  0.07253290   0.00000000     0.00000871   0.00000000    -0.00000000  -0.00914911
  0.00000871  -0.00000000     0.07194111   0.00000000    -0.00000000  -0.00513007
 -0.00000000   0.00914911    -0.00000000   0.00513007     0.03841949   0.00000000
    2    3
  0.00306844   0.00306844     0.00553202   0.00553202    -0.00215488   0.00215488
  0.00553202   0.00553202     0.01792625   0.01792625    -0.00859247   0.00859246
 -0.00215488   0.00215488    -0.00859247   0.00859246    -0.01137931  -0.01137932
    2    4
  0.01826442   0.01826443     0.02306866   0.02306867     0.00383637  -0.00383637
  0.02820558   0.02820559     0.01826442   0.01826443    -0.00655247   0.00655247
 -0.00655247   0.00655247     0.00383637  -0.00383637     0.01184342   0.01184342
    2    5
 -0.01979377  -0.00000000     0.03232474  -0.00000000    -0.00000000  -0.00699156
  0.05411572  -0.00000000    -0.01979377  -0.00000000    -0.00000000  -0.00612792
 -0.00000000   0.00612792    -0.00000000   0.00699156    -0.00002078   0.00000000
    2    6
 -0.01704506  -0.00863797    -0.00934536  -0.00234878    -0.01303239  -0.00265140
 -0.00984686   0.00456430    -0.00140505  -0.00902757    -0.00630918  -0.00178454
 -0.01657524  -0.02178211    -0.00593504   0.00376351    -0.01476575  -0.00461928
    2    7
 -0.01816064  -0.00594471    -0.00826900  -0.00494733     0.01109012   0.00734047
 -0.00373533  -0.01019023    -0.00737698   0.00538993     0.00572312   0.00319941
  0.02712275  -0.00368181     0.00153550   0.00685791    -0.01370728  -0.00717464
    3    1
  0.02122316  -0.00000000     0.00705276  -0.00000000     0.00000000   0.00816429
 -0.02413291   0.00000000    -0.01744864   0.00000000     0.00000000   0.00488344
  0.00000000   0.01260715     0.00000000   0.01014925     0.01717822  -0.00000000
    3    2
  0.00306844  -0.00306844     0.00553202  -0.00553202    -0.00215488  -0.00215488
  0.00553202  -0.00553202     0.01792625  -0.01792625    -0.00859247  -0.00859246
 -0.00215488  -0.00215488    -0.00859247  -0.00859246    -0.01137931   0.01137932
    3    3
  0.07253290   0.00000000     0.00000871   0.00000000    -0.00000000   0.00914911
  0.00000871   0.00000000     0.07194111   0.00000000    -0.00000000   0.00513007
 -0.00000000  -0.00914911    -0.00000000  -0.00513007     0.03841949   0.00000000
    3    4
 -0.01979377   0.00000000     0.03232474  -0.00000000     0.00000000   0.00699156
  0.05411572  -0.00000000    -0.01979377   0.00000000    -0.00000000   0.00612792
 -0.00000000  -0.00612792    -0.00000000  -0.00699156    -0.00002078   0.00000000
    3    5
  0.01826442  -0.01826443     0.02306866  -0.02306867     0.00383637   0.00383637
  0.02820558  -0.02820559     0.01826442  -0.01826443    -0.00655247  -0.00655247
 -0.00655247  -0.00655247     0.00383637   0.00383637     0.01184342  -0.01184342
    3    6
 -0.01816064   0.00594471    -0.00826900   0.00494733     0.01109012  -0.00734047
 -0.00373533   0.01019023    -0.00737698  -0.00538993     0.00572312  -0.00319941
  0.02712275   0.00368181     0.00153550  -0.00685791    -0.01370728   0.00717464
    3    7
 -0.01704506   0.00863797    -0.00934536   0.00234878    -0.01303239   0.00265140
 -0.00984686  -0.00456430    -0.00140505   0.00902757    -0.00630918   0.00178454
 -0.01657524   0.02178211    -0.00593504  -0.00376351    -0.01476575   0.00461928
    4    1
 -0.01744864   0.00000000    -0.02413291   0.00000000     0.00000000   0.00488344
  0.00705276  -0.00000000     0.02122316  -0.00000000     0.00000000   0.00816429
  0.00000000   0.01014925     0.00000000   0.01260715     0.01717822  -0.00000000
    4    2
  0.01826442  -0.01826443     0.02820558  -0.02820559    -0.00655247  -0.00655247
  0.02306866  -0.02306867     0.01826442  -0.01826443     0.00383637   0.00383637
  0.00383637   0.00383637    -0.00655247  -0.00655247     0.01184342  -0.01184342
    4    3
 -0.01979377  -0.00000000     0.05411572   0.00000000     0.00000000   0.00612792
  0.03232474   0.00000000    -0.01979377  -0.00000000    -0.00000000   0.00699156
  0.00000000  -0.00699156    -0.00000000  -0.00612792    -0.00002078  -0.00000000
    4    4
  0.07194111   0.00000000     0.00000871   0.00000000    -0.00000000   0.00513007
  0.00000871   0.00000000     0.07253290  -0.00000000    -0.00000000   0.00914911
 -0.00000000  -0.00513007    -0.00000000  -0.00914911     0.03841949  -0.00000000
    4    5
  0.01792625  -0.01792625     0.00553202  -0.00553202    -0.00859247  -0.00859246
  0.00553202  -0.00553202     0.00306844  -0.00306844    -0.00215488  -0.00215488
 -0.00859247  -0.00859246    -0.00215488  -0.00215488    -0.01137931   0.01137932
    4    6
 -0.00140505   0.00902757    -0.00984686  -0.00456430    -0.00630918   0.00178454
 -0.00934536   0.00234878    -0.01704506   0.00863797    -0.01303239   0.00265140
 -0.00593504  -0.00376351    -0.01657524   0.02178211    -0.01476575   0.00461928
    4    7
 -0.00737698  -0.00538993    -0.00373533   0.01019023     0.00572312  -0.00319941
 -0.00826900   0.00494733    -0.01816064   0.00594471     0.01109012  -0.00734047
  0.00153550  -0.00685791     0.02712275   0.00368181    -0.01370728   0.00717464
    5    1
  0.01233805   0.01233805     0.01706454   0.01706455    -0.00345311   0.00345311
 -0.00498705  -0.00498705    -0.01500704  -0.01500704    -0.00577302   0.00577302
 -0.00717660   0.00717660    -0.00891460   0.00891460    -0.01214683  -0.01214684
    5    2
 -0.01979377  -0.00000000     0.05411572  -0.00000000    -0.00000000  -0.00612792
  0.03232474  -0.00000000    -0.01979377  -0.00000000    -0.00000000  -0.00699156
 -0.00000000   0.00699156    -0.00000000   0.00612792    -0.00002078   0.00000000
    5    3
  0.01826442   0.01826443     0.02820558   0.02820559    -0.00655247   0.00655247
  0.02306866   0.02306867     0.01826442   0.01826443     0.00383637  -0.00383637
  0.00383637  -0.00383637    -0.00655247   0.00655247     0.01184342   0.01184342
    5    4
  0.01792625   0.01792625     0.00553202   0.00553202    -0.00859247   0.00859246
  0.00553202   0.00553202     0.00306844   0.00306844    -0.00215488   0.00215488
 -0.00859247   0.00859246    -0.00215488   0.00215488    -0.01137931  -0.01137932
    5    5
  0.07194111   0.00000000     0.00000871   0.00000000    -0.00000000  -0.00513007
  0.00000871  -0.00000000     0.07253290   0.00000000    -0.00000000  -0.00914911
 -0.00000000   0.00513007     0.00000000   0.00914911     0.03841949  -0.00000000
    5    6
 -0.00737698   0.00538993    -0.00373533  -0.01019023     0.00572312   0.00319941
 -0.00826900  -0.00494733    -0.01816064  -0.00594471     0.01109012   0.00734047
  0.00153550   0.00685791     0.02712275  -0.00368181    -0.01370728  -0.00717464
    5    7
 -0.00140505  -0.00902757    -0.00984686   0.00456430    -0.00630918  -0.00178454
 -0.00934536  -0.00234878    -0.01704506  -0.00863797    -0.01303239  -0.00265140
 -0.00593504   0.00376351    -0.01657524  -0.02178211    -0.01476575  -0.00461928
    6    1
  0.00000000  -0.00000000     0.00000000  -0.00000000     0.02050929   0.00326964
  0.00000000  -0.00000000     0.00000000  -0.00000000    -0.01681424  -0.01219028
  0.01407809  -0.01603643     0.00138476  -0.02129418    -0.00000000   0.00000000
    6    2
 -0.01704506   0.00863797    -0.00984686  -0.00456430    -0.01657524   0.02178211
 -0.00934536   0.00234878    -0.00140505   0.00902757    -0.00593504  -0.00376351
 -0.01303239   0.00265140    -0.00630918   0.00178454    -0.01476575   0.00461928
    6    3
 -0.01816064  -0.00594471    -0.00373533  -0.01019023     0.02712275  -0.00368181
 -0.00826900  -0.00494733    -0.00737698   0.00538993     0.00153550   0.00685791
  0.01109012   0.00734047     0.00572312   0.00319941    -0.01370728  -0.00717464
    6    4
 -0.00140505  -0.00902757    -0.00934536  -0.00234878    -0.00593504   0.00376351
 -0.00984686   0.00456430    -0.01704506  -0.00863797    -0.01657524  -0.02178211
 -0.00630918  -0.00178454    -0.01303239  -0.00265140    -0.01476575  -0.00461928
    6    5
 -0.00737698  -0.00538993    -0.00826900   0.00494733     0.00153550  -0.00685791
 -0.00373533   0.01019023    -0.01816064   0.00594471     0.02712275   0.00368181
  0.00572312  -0.00319941     0.01109012  -0.00734047    -0.01370728   0.00717464
    6    6
  0.04658019   0.00000000    -0.00208193  -0.00357808    -0.00000000   0.00000000
 -0.00208193   0.00357808     0.04658019  -0.00000000    -0.00000000   0.00000000
 -0.00000000   0.00000000    -0.00000000   0.00000000     0.04313874   0.00000000
    6    7
 -0.00760216   0.01395639    -0.00270855  -0.00000000    -0.00000000   0.00000000
 -0.00270855  -0.00000000    -0.00760216  -0.01395639    -0.00000000   0.00000000
 -0.00000000   0.00000000    -0.00000000   0.00000000     0.02019774   0.00000000
    7    1
  0.00000000  -0.00000000     0.00000000  -0.00000000    -0.01681424  -0.01219028
  0.00000000  -0.00000000    -0.00000000  -0.00000000     0.02050929   0.00326964
  0.00138476  -0.02129418     0.01407809  -0.01603643    -0.00000000   0.00000000
    7    2
 -0.01816064   0.00594471    -0.00373533   0.01019023     0.02712275   0.00368181
 -0.00826900   0.00494733    -0.00737698  -0.00538993     0.00153550  -0.00685791
  0.01109012  -0.00734047     0.00572312  -0.00319941    -0.01370728   0.00717464
    7    3
 -0.01704506  -0.00863797    -0.00984686   0.00456430    -0.01657524  -0.02178211
 -0.00934536  -0.00234878    -0.00140505  -0.00902757    -0.00593504   0.00376351
 -0.01303239  -0.00265140    -0.00630918  -0.00178454    -0.01476575  -0.00461928
    7    4
 -0.00737698   0.00538993    -0.00826900  -0.00494733     0.00153550   0.00685791
 -0.00373533  -0.01019023    -0.01816064  -0.00594471     0.02712275  -0.00368181
  0.00572312   0.00319941     0.01109012   0.00734047    -0.01370728  -0.00717464
    7    5
 -0.00140505   0.00902757    -0.00934536   0.00234878    -0.00593504  -0.00376351
 -0.00984686  -0.00456430    -0.01704506   0.00863797    -0.01657524   0.02178211
 -0.00630918   0.00178454    -0.01303239   0.00265140    -0.01476575   0.00461928
    7    6
 -0.00760216  -0.01395639    -0.00270855  -0.00000000    -0.00000000   0.00000000
 -0.00270855  -0.00000000    -0.00760216   0.01395639    -0.00000000   0.00000000
 -0.00000000   0.00000000    -0.00000000   0.00000000     0.02019774   0.00000000
    7    7
  0.04658019  -0.00000000    -0.00208193   0.00357808    -0.00000000   0.00000000
 -0.00208193  -0.00357808     0.04658019   0.00000000    -0.00000000   0.00000000
 -0.00000000   0.00000000    -0.00000000   0.00000000     0.04313874   0.00000000

     Dynamical  Matrix in cartesian axes

     q = (    0.433012700   0.433012700  -0.216506400 ) 

    1    1
  0.11125701   0.00000000     0.03577155   0.00000000    -0.00000000   0.00000000
  0.03577155   0.00000000     0.11125701   0.00000000    -0.00000000   0.00000000
 -0.00000000   0.00000000    -0.00000000   0.00000000     0.06402260   0.00000000
    1    2
 -0.01500704  -0.01500704     0.01706454   0.01706455    -0.00891460   0.00891460
 -0.00498705  -0.00498705     0.01233805   0.01233805    -0.00717660   0.00717660
 -0.00577302   0.00577302    -0.00345311   0.00345311    -0.01214683  -0.01214684
    1    3
  0.02122316   0.00000000    -0.02413291  -0.00000000    -0.00000000   0.01260715
  0.00705276   0.00000000    -0.01744864  -0.00000000    -0.00000000   0.01014925
 -0.00000000   0.00816429    -0.00000000   0.00488344     0.01717822   0.00000000
    1    4
 -0.01744864  -0.00000000     0.00705276   0.00000000    -0.00000000   0.01014925
 -0.02413291  -0.00000000     0.02122316   0.00000000    -0.00000000   0.01260715
 -0.00000000   0.00488344    -0.00000000   0.00816429     0.01717822   0.00000000
    1    5
  0.01233805   0.01233805    -0.00498705  -0.00498705    -0.00717660   0.00717660
  0.01706454   0.01706455    -0.01500704  -0.01500704    -0.00891460   0.00891460
 -0.00345311   0.00345311    -0.00577302   0.00577302    -0.01214683  -0.01214684
    1    6
 -0.00000000   0.00000000     0.00000000   0.00000000     0.01407809  -0.01603643
 -0.00000000   0.00000000     0.00000000   0.00000000     0.00138476  -0.02129418
  0.02050929   0.00326964    -0.01681424  -0.01219028     0.00000000  -0.00000000
    1    7
 -0.00000000   0.00000000    -0.00000000   0.00000000     0.00138476  -0.02129418
 -0.00000000   0.00000000    -0.00000000   0.00000000     0.01407809  -0.01603643
 -0.01681424  -0.01219028     0.02050929   0.00326964     0.00000000  -0.00000000
    2    1
 -0.01500704   0.01500704    -0.00498705   0.00498705    -0.00577302  -0.00577302
  0.01706454  -0.01706455     0.01233805  -0.01233805    -0.00345311  -0.00345311
 -0.00891460  -0.00891460    -0.00717660  -0.00717660    -0.01214683   0.01214684
    2    2
  0.07253290   0.00000000     0.00000871  -0.00000000    -0.00000000   0.00914911
  0.00000871   0.00000000     0.07194111   0.00000000    -0.00000000   0.00513007
 -0.00000000  -0.00914911    -0.00000000  -0.00513007     0.03841949  -0.00000000
    2    3
  0.00306844  -0.00306844     0.00553202  -0.00553202    -0.00215488  -0.00215488
  0.00553202  -0.00553202     0.01792625  -0.01792625    -0.00859247  -0.00859246
 -0.00215488  -0.00215488    -0.00859247  -0.00859246    -0.01137931   0.01137932
    2    4
  0.01826442  -0.01826443     0.02306866  -0.02306867     0.00383637   0.00383637
  0.02820558  -0.02820559     0.01826442  -0.01826443    -0.00655247  -0.00655247
 -0.00655247  -0.00655247     0.00383637   0.00383637     0.01184342  -0.01184342
    2    5
 -0.01979377  -0.00000000     0.03232474   0.00000000    -0.00000000   0.00699156
  0.05411572  -0.00000000    -0.01979377  -0.00000000    -0.00000000   0.00612792
 -0.00000000  -0.00612792    -0.00000000  -0.00699156    -0.00002078   0.00000000
    2    6
 -0.01704506   0.00863797    -0.00934536   0.00234878    -0.01303239   0.00265140
 -0.00984686  -0.00456430    -0.00140505   0.00902757    -0.00630918   0.00178454
 -0.01657524   0.02178211    -0.00593504  -0.00376351    -0.01476575   0.00461928
    2    7
 -0.01816064   0.00594471    -0.00826900   0.00494733     0.01109012  -0.00734047
 -0.00373533   0.01019023    -0.00737698  -0.00538993     0.00572312  -0.00319941
  0.02712275   0.00368181     0.00153550  -0.00685791    -0.01370728   0.00717464
    3    1
  0.02122316  -0.00000000     0.00705276  -0.00000000    -0.00000000  -0.00816429
 -0.02413291   0.00000000    -0.01744864   0.00000000    -0.00000000  -0.00488344
 -0.00000000  -0.01260715    -0.00000000  -0.01014925     0.01717822  -0.00000000
    3    2
  0.00306844   0.00306844     0.00553202   0.00553202    -0.00215488   0.00215488
  0.00553202   0.00553202     0.01792625   0.01792625    -0.00859247   0.00859246
 -0.00215488   0.00215488    -0.00859247   0.00859246    -0.01137931  -0.01137932
    3    3
  0.07253290   0.00000000     0.00000871  -0.00000000    -0.00000000  -0.00914911
  0.00000871   0.00000000     0.07194111   0.00000000    -0.00000000  -0.00513007
 -0.00000000   0.00914911    -0.00000000   0.00513007     0.03841949  -0.00000000
    3    4
 -0.01979377  -0.00000000     0.03232474   0.00000000     0.00000000  -0.00699156
  0.05411572   0.00000000    -0.01979377  -0.00000000    -0.00000000  -0.00612792
 -0.00000000   0.00612792    -0.00000000   0.00699156    -0.00002078  -0.00000000
    3    5
  0.01826442   0.01826443     0.02306866   0.02306867     0.00383637  -0.00383637
  0.02820558   0.02820559     0.01826442   0.01826443    -0.00655247   0.00655247
 -0.00655247   0.00655247     0.00383637  -0.00383637     0.01184342   0.01184342
    3    6
 -0.01816064  -0.00594471    -0.00826900  -0.00494733     0.01109012   0.00734047
 -0.00373533  -0.01019023    -0.00737698   0.00538993     0.00572312   0.00319941
  0.02712275  -0.00368181     0.00153550   0.00685791    -0.01370728  -0.00717464
    3    7
 -0.01704506  -0.00863797    -0.00934536  -0.00234878    -0.01303239  -0.00265140
 -0.00984686   0.00456430    -0.00140505  -0.00902757    -0.00630918  -0.00178454
 -0.01657524  -0.02178211    -0.00593504   0.00376351    -0.01476575  -0.00461928
    4    1
 -0.01744864   0.00000000    -0.02413291   0.00000000    -0.00000000  -0.00488344
  0.00705276  -0.00000000     0.02122316  -0.00000000    -0.00000000  -0.00816429
 -0.00000000  -0.01014925    -0.00000000  -0.01260715     0.01717822  -0.00000000
    4    2
  0.01826442   0.01826443     0.02820558   0.02820559    -0.00655247   0.00655247
  0.02306866   0.02306867     0.01826442   0.01826443     0.00383637  -0.00383637
  0.00383637  -0.00383637    -0.00655247   0.00655247     0.01184342   0.01184342
    4    3
 -0.01979377   0.00000000     0.05411572  -0.00000000     0.00000000  -0.00612792
  0.03232474  -0.00000000    -0.01979377   0.00000000    -0.00000000  -0.00699156
  0.00000000   0.00699156    -0.00000000   0.00612792    -0.00002078   0.00000000
    4    4
  0.07194111   0.00000000     0.00000871   0.00000000    -0.00000000  -0.00513007
  0.00000871  -0.00000000     0.07253290   0.00000000    -0.00000000  -0.00914911
 -0.00000000   0.00513007    -0.00000000   0.00914911     0.03841949   0.00000000
    4    5
  0.01792625   0.01792625     0.00553202   0.00553202    -0.00859247   0.00859246
  0.00553202   0.00553202     0.00306844   0.00306844    -0.00215488   0.00215488
 -0.00859247   0.00859246    -0.00215488   0.00215488    -0.01137931  -0.01137932
    4    6
 -0.00140505  -0.00902757    -0.00984686   0.00456430    -0.00630918  -0.00178454
 -0.00934536  -0.00234878    -0.01704506  -0.00863797    -0.01303239  -0.00265140
 -0.00593504   0.00376351    -0.01657524  -0.02178211    -0.01476575  -0.00461928
    4    7
 -0.00737698   0.00538993    -0.00373533  -0.01019023     0.00572312   0.00319941
 -0.00826900  -0.00494733    -0.01816064  -0.00594471     0.01109012   0.00734047
  0.00153550   0.00685791     0.02712275  -0.00368181    -0.01370728  -0.00717464
    5    1
  0.01233805  -0.01233805     0.01706454  -0.01706455    -0.00345311  -0.00345311
 -0.00498705   0.00498705    -0.01500704   0.01500704    -0.00577302  -0.00577302
 -0.00717660  -0.00717660    -0.00891460  -0.00891460    -0.01214683   0.01214684
    5    2
 -0.01979377  -0.00000000     0.05411572  -0.00000000    -0.00000000   0.00612792
  0.03232474  -0.00000000    -0.01979377  -0.00000000    -0.00000000   0.00699156
 -0.00000000  -0.00699156    -0.00000000  -0.00612792    -0.00002078   0.00000000
    5    3
  0.01826442  -0.01826443     0.02820558  -0.02820559    -0.00655247  -0.00655247
  0.02306866  -0.02306867     0.01826442  -0.01826443     0.00383637   0.00383637
  0.00383637   0.00383637    -0.00655247  -0.00655247     0.01184342  -0.01184342
    5    4
  0.01792625  -0.01792625     0.00553202  -0.00553202    -0.00859247  -0.00859246
  0.00553202  -0.00553202     0.00306844  -0.00306844    -0.00215488  -0.00215488
 -0.00859247  -0.00859246    -0.00215488  -0.00215488    -0.01137931   0.01137932
    5    5
  0.07194111  -0.00000000     0.00000871   0.00000000    -0.00000000   0.00513007
  0.00000871   0.00000000     0.07253290   0.00000000    -0.00000000   0.00914911
 -0.00000000  -0.00513007     0.00000000  -0.00914911     0.03841949   0.00000000
    5    6
 -0.00737698  -0.00538993    -0.00373533   0.01019023     0.00572312  -0.00319941
 -0.00826900   0.00494733    -0.01816064   0.00594471     0.01109012  -0.00734047
  0.00153550  -0.00685791     0.02712275   0.00368181    -0.01370728   0.00717464
    5    7
 -0.00140505   0.00902757    -0.00984686  -0.00456430    -0.00630918   0.00178454
 -0.00934536   0.00234878    -0.01704506   0.00863797    -0.01303239   0.00265140
 -0.00593504  -0.00376351    -0.01657524   0.02178211    -0.01476575   0.00461928
    6    1
 -0.00000000  -0.00000000    -0.00000000  -0.00000000     0.02050929  -0.00326964
  0.00000000  -0.00000000     0.00000000  -0.00000000    -0.01681424   0.01219028
  0.01407809   0.01603643     0.00138476   0.02129418     0.00000000   0.00000000
    6    2
 -0.01704506  -0.00863797    -0.00984686   0.00456430    -0.01657524  -0.02178211
 -0.00934536  -0.00234878    -0.00140505  -0.00902757    -0.00593504   0.00376351
 -0.01303239  -0.00265140    -0.00630918  -0.00178454    -0.01476575  -0.00461928
    6    3
 -0.01816064   0.00594471    -0.00373533   0.01019023     0.02712275   0.00368181
 -0.00826900   0.00494733    -0.00737698  -0.00538993     0.00153550  -0.00685791
  0.01109012  -0.00734047     0.00572312  -0.00319941    -0.01370728   0.00717464
    6    4
 -0.00140505   0.00902757    -0.00934536   0.00234878    -0.00593504  -0.00376351
 -0.00984686  -0.00456430    -0.01704506   0.00863797    -0.01657524   0.02178211
 -0.00630918   0.00178454    -0.01303239   0.00265140    -0.01476575   0.00461928
    6    5
 -0.00737698   0.00538993    -0.00826900  -0.00494733     0.00153550   0.00685791
 -0.00373533  -0.01019023    -0.01816064  -0.00594471     0.02712275  -0.00368181
  0.00572312   0.00319941     0.01109012   0.00734047    -0.01370728  -0.00717464
    6    6
  0.04658019  -0.00000000    -0.00208193   0.00357808    -0.00000000   0.00000000
 -0.00208193  -0.00357808     0.04658019   0.00000000    -0.00000000   0.00000000
 -0.00000000   0.00000000    -0.00000000   0.00000000     0.04313874   0.00000000
    6    7
 -0.00760216  -0.01395639    -0.00270855  -0.00000000    -0.00000000   0.00000000
 -0.00270855  -0.00000000    -0.00760216   0.01395639    -0.00000000   0.00000000
 -0.00000000   0.00000000    -0.00000000   0.00000000     0.02019774   0.00000000
    7    1
  0.00000000  -0.00000000    -0.00000000  -0.00000000    -0.01681424   0.01219028
 -0.00000000  -0.00000000    -0.00000000  -0.00000000     0.02050929  -0.00326964
  0.00138476   0.02129418     0.01407809   0.01603643     0.00000000   0.00000000
    7    2
 -0.01816064  -0.00594471    -0.00373533  -0.01019023     0.02712275  -0.00368181
 -0.00826900  -0.00494733    -0.00737698   0.00538993     0.00153550   0.00685791
  0.01109012   0.00734047     0.00572312   0.00319941    -0.01370728  -0.00717464
    7    3
 -0.01704506   0.00863797    -0.00984686  -0.00456430    -0.01657524   0.02178211
 -0.00934536   0.00234878    -0.00140505   0.00902757    -0.00593504  -0.00376351
 -0.01303239   0.00265140    -0.00630918   0.00178454    -0.01476575   0.00461928
    7    4
 -0.00737698  -0.00538993    -0.00826900   0.00494733     0.00153550  -0.00685791
 -0.00373533   0.01019023    -0.01816064   0.00594471     0.02712275   0.00368181
  0.00572312  -0.00319941     0.01109012  -0.00734047    -0.01370728   0.00717464
    7    5
 -0.00140505  -0.00902757    -0.00934536  -0.00234878    -0.00593504   0.00376351
 -0.00984686   0.00456430    -0.01704506  -0.00863797    -0.01657524  -0.02178211
 -0.00630918  -0.00178454    -0.01303239  -0.00265140    -0.01476575  -0.00461928
    7    6
 -0.00760216   0.01395639    -0.00270855  -0.00000000    -0.00000000   0.00000000
 -0.00270855  -0.00000000    -0.00760216  -0.01395639    -0.00000000   0.00000000
 -0.00000000   0.00000000    -0.00000000   0.00000000     0.02019774   0.00000000
    7    7
  0.04658019   0.00000000    -0.00208193  -0.00357808    -0.00000000   0.00000000
 -0.00208193   0.00357808     0.04658019  -0.00000000    -0.00000000   0.00000000
 -0.00000000   0.00000000    -0.00000000   0.00000000     0.04313874   0.00000000

     Dynamical  Matrix in cartesian axes

     q = (    0.433012700  -0.433012700   0.216506400 ) 

    1    1
  0.11125701   0.00000000    -0.03577155  -0.00000000    -0.00000000   0.00000000
 -0.03577155  -0.00000000     0.11125701   0.00000000    -0.00000000   0.00000000
 -0.00000000   0.00000000    -0.00000000  -0.00000000     0.06402260   0.00000000
    1    2
 -0.01500704   0.01500704    -0.01706454   0.01706455    -0.00891460  -0.00891460
  0.00498705  -0.00498705     0.01233805  -0.01233805     0.00717660   0.00717660
 -0.00577302  -0.00577302     0.00345311   0.00345311    -0.01214683   0.01214684
    1    3
 -0.02122316   0.00000000    -0.02413291   0.00000000     0.00000000   0.01260715
  0.00705276  -0.00000000     0.01744864  -0.00000000    -0.00000000  -0.01014925
  0.00000000   0.00816429    -0.00000000  -0.00488344    -0.01717822   0.00000000
    1    4
  0.01744864   0.00000000     0.00705276   0.00000000     0.00000000  -0.01014925
 -0.02413291  -0.00000000    -0.02122316  -0.00000000    -0.00000000   0.01260715
  0.00000000  -0.00488344    -0.00000000   0.00816429    -0.01717822  -0.00000000
    1    5
  0.01233805  -0.01233805     0.00498705  -0.00498705     0.00717660   0.00717660
 -0.01706454   0.01706455    -0.01500704   0.01500704    -0.00891460  -0.00891460
  0.00345311   0.00345311    -0.00577302  -0.00577302    -0.01214683   0.01214684
    1    6
 -0.00000000  -0.00000000     0.00000000   0.00000000    -0.01407809  -0.01603643
  0.00000000   0.00000000     0.00000000  -0.00000000     0.00138476   0.02129418
 -0.02050929   0.00326964    -0.01681424   0.01219028     0.00000000   0.00000000
    1    7
  0.00000000   0.00000000    -0.00000000  -0.00000000     0.00138476   0.02129418
  0.00000000  -0.00000000     0.00000000   0.00000000    -0.01407809  -0.01603643
 -0.01681424   0.01219028    -0.02050929   0.00326964    -0.00000000  -0.00000000
    2    1
 -0.01500704  -0.01500704     0.00498705   0.00498705    -0.00577302   0.00577302
 -0.01706454  -0.01706455     0.01233805   0.01233805     0.00345311  -0.00345311
 -0.00891460   0.00891460     0.00717660  -0.00717660    -0.01214683  -0.01214684
    2    2
  0.07253290   0.00000000    -0.00000871  -0.00000000    -0.00000000  -0.00914911
 -0.00000871   0.00000000     0.07194111   0.00000000    -0.00000000   0.00513007
  0.00000000   0.00914911     0.00000000  -0.00513007     0.03841949   0.00000000
    2    3
 -0.00306844  -0.00306844     0.00553202   0.00553202     0.00215488  -0.00215488
  0.00553202   0.00553202    -0.01792625  -0.01792625    -0.00859247   0.00859246
  0.00215488  -0.00215488    -0.00859247   0.00859246     0.01137931   0.01137931
    2    4
 -0.01399631  -0.01399631    -0.02285704  -0.02285705     0.00494378  -0.00494378
 -0.03826559  -0.03826560    -0.01399631  -0.01399631    -0.00433309   0.00433309
 -0.00433309   0.00433309     0.00494378  -0.00494378    -0.00001469  -0.00001469
    2    5
 -0.02582980   0.00000000     0.03262401  -0.00000000     0.00000000   0.00542544
  0.03988872  -0.00000000    -0.02582980   0.00000000     0.00000000   0.00926659
 -0.00000000  -0.00926659    -0.00000000  -0.00542544    -0.01674913   0.00000000
    2    6
  0.01704506   0.00863797    -0.00934536  -0.00234878     0.01303239   0.00265140
 -0.00984686   0.00456430     0.00140505   0.00902757    -0.00630918  -0.00178454
  0.01657524   0.02178211    -0.00593504   0.00376351     0.01476575   0.00461928
    2    7
 -0.01816064  -0.00594471     0.00826900   0.00494733     0.01109012   0.00734047
  0.00373533   0.01019023    -0.00737698   0.00538993    -0.00572312  -0.00319941
  0.02712275  -0.00368181    -0.00153550  -0.00685791    -0.01370728  -0.00717464
    3    1
 -0.02122316  -0.00000000     0.00705276   0.00000000     0.00000000  -0.00816429
 -0.02413291  -0.00000000     0.01744864   0.00000000    -0.00000000   0.00488344
  0.00000000  -0.01260715    -0.00000000   0.01014925    -0.01717822  -0.00000000
    3    2
 -0.00306844   0.00306844     0.00553202  -0.00553202     0.00215488   0.00215488
  0.00553202  -0.00553202    -0.01792625   0.01792625    -0.00859247  -0.00859246
  0.00215488   0.00215488    -0.00859247  -0.00859246     0.01137931  -0.01137931
    3    3
  0.07253290   0.00000000    -0.00000871   0.00000000    -0.00000000   0.00914911
 -0.00000871  -0.00000000     0.07194111   0.00000000    -0.00000000  -0.00513007
  0.00000000  -0.00914911     0.00000000   0.00513007     0.03841949   0.00000000
    3    4
 -0.02582980  -0.00000000     0.03262401   0.00000000     0.00000000  -0.00542544
  0.03988872   0.00000000    -0.02582980  -0.00000000     0.00000000  -0.00926659
 -0.00000000   0.00926659    -0.00000000   0.00542544    -0.01674913  -0.00000000
    3    5
 -0.01399631   0.01399631    -0.02285704   0.02285705     0.00494378   0.00494378
 -0.03826559   0.03826560    -0.01399631   0.01399631    -0.00433309  -0.00433309
 -0.00433309  -0.00433309     0.00494378   0.00494378    -0.00001469   0.00001469
    3    6
 -0.01816064   0.00594471     0.00826900  -0.00494733     0.01109012  -0.00734047
  0.00373533  -0.01019023    -0.00737698  -0.00538993    -0.00572312   0.00319941
  0.02712275   0.00368181    -0.00153550   0.00685791    -0.01370728   0.00717464
    3    7
  0.01704506  -0.00863797    -0.00934536   0.00234878     0.01303239  -0.00265140
 -0.00984686  -0.00456430     0.00140505  -0.00902757    -0.00630918   0.00178454
  0.01657524  -0.02178211    -0.00593504  -0.00376351     0.01476575  -0.00461928
    4    1
  0.01744864  -0.00000000    -0.02413291   0.00000000     0.00000000   0.00488344
  0.00705276  -0.00000000    -0.02122316   0.00000000    -0.00000000  -0.00816429
  0.00000000   0.01014925    -0.00000000  -0.01260715    -0.01717822   0.00000000
    4    2
 -0.01399631   0.01399631    -0.03826559   0.03826560    -0.00433309  -0.00433309
 -0.02285704   0.02285705    -0.01399631   0.01399631     0.00494378   0.00494378
  0.00494378   0.00494378    -0.00433309  -0.00433309    -0.00001469   0.00001469
    4    3
 -0.02582980   0.00000000     0.03988872  -0.00000000    -0.00000000  -0.00926659
  0.03262401  -0.00000000    -0.02582980   0.00000000    -0.00000000  -0.00542544
  0.00000000   0.00542544     0.00000000   0.00926659    -0.01674913   0.00000000
    4    4
  0.07194111   0.00000000    -0.00000871  -0.00000000    -0.00000000  -0.00513007
 -0.00000871   0.00000000     0.07253290   0.00000000    -0.00000000   0.00914911
  0.00000000   0.00513007     0.00000000  -0.00914911     0.03841949   0.00000000
    4    5
 -0.01792625   0.01792625     0.00553202  -0.00553202    -0.00859247  -0.00859246
  0.00553202  -0.00553202    -0.00306844   0.00306844     0.00215488   0.00215488
 -0.00859247  -0.00859246     0.00215488   0.00215488     0.01137931  -0.01137932
    4    6
  0.00140505  -0.00902757    -0.00984686  -0.00456430    -0.00630918   0.00178454
 -0.00934536   0.00234878     0.01704506  -0.00863797     0.01303239  -0.00265140
 -0.00593504  -0.00376351     0.01657524  -0.02178211     0.01476575  -0.00461928
    4    7
 -0.00737698  -0.00538993     0.00373533  -0.01019023    -0.00572312   0.00319941
  0.00826900  -0.00494733    -0.01816064   0.00594471     0.01109012  -0.00734047
 -0.00153550   0.00685791     0.02712275   0.00368181    -0.01370728   0.00717464
    5    1
  0.01233805   0.01233805    -0.01706454  -0.01706455     0.00345311  -0.00345311
  0.00498705   0.00498705    -0.01500704  -0.01500704    -0.00577302   0.00577302
  0.00717660  -0.00717660    -0.00891460   0.00891460    -0.01214683  -0.01214684
    5    2
 -0.02582980  -0.00000000     0.03988872   0.00000000    -0.00000000   0.00926659
  0.03262401   0.00000000    -0.02582980  -0.00000000    -0.00000000   0.00542544
  0.00000000  -0.00542544     0.00000000  -0.00926659    -0.01674913  -0.00000000
    5    3
 -0.01399631  -0.01399631    -0.03826559  -0.03826560    -0.00433309   0.00433309
 -0.02285704  -0.02285705    -0.01399631  -0.01399631     0.00494378  -0.00494378
  0.00494378  -0.00494378    -0.00433309   0.00433309    -0.00001469  -0.00001469
    5    4
 -0.01792625  -0.01792625     0.00553202   0.00553202    -0.00859247   0.00859246
  0.00553202   0.00553202    -0.00306844  -0.00306844     0.00215488  -0.00215488
 -0.00859247   0.00859246     0.00215488  -0.00215488     0.01137931   0.01137932
    5    5
  0.07194111   0.00000000    -0.00000871   0.00000000    -0.00000000   0.00513007
 -0.00000871   0.00000000     0.07253290   0.00000000    -0.00000000  -0.00914911
  0.00000000  -0.00513007     0.00000000   0.00914911     0.03841949   0.00000000
    5    6
 -0.00737698   0.00538993     0.00373533   0.01019023    -0.00572312  -0.00319941
  0.00826900   0.00494733    -0.01816064  -0.00594471     0.01109012   0.00734047
 -0.00153550  -0.00685791     0.02712275  -0.00368181    -0.01370728  -0.00717464
    5    7
  0.00140505   0.00902757    -0.00984686   0.00456430    -0.00630918  -0.00178454
 -0.00934536  -0.00234878     0.01704506   0.00863797     0.01303239   0.00265140
 -0.00593504   0.00376351     0.01657524   0.02178211     0.01476575   0.00461928
    6    1
 -0.00000000   0.00000000     0.00000000  -0.00000000    -0.02050929  -0.00326964
  0.00000000  -0.00000000     0.00000000   0.00000000    -0.01681424  -0.01219028
 -0.01407809   0.01603643     0.00138476  -0.02129418     0.00000000  -0.00000000
    6    2
  0.01704506  -0.00863797    -0.00984686  -0.00456430     0.01657524  -0.02178211
 -0.00934536   0.00234878     0.00140505  -0.00902757    -0.00593504  -0.00376351
  0.01303239  -0.00265140    -0.00630918   0.00178454     0.01476575  -0.00461928
    6    3
 -0.01816064  -0.00594471     0.00373533   0.01019023     0.02712275  -0.00368181
  0.00826900   0.00494733    -0.00737698   0.00538993    -0.00153550  -0.00685791
  0.01109012   0.00734047    -0.00572312  -0.00319941    -0.01370728  -0.00717464
    6    4
  0.00140505   0.00902757    -0.00934536  -0.00234878    -0.00593504   0.00376351
 -0.00984686   0.00456430     0.01704506   0.00863797     0.01657524   0.02178211
 -0.00630918  -0.00178454     0.01303239   0.00265140     0.01476575   0.00461928
    6    5
 -0.00737698  -0.00538993     0.00826900  -0.00494733    -0.00153550   0.00685791
  0.00373533  -0.01019023    -0.01816064   0.00594471     0.02712275   0.00368181
 -0.00572312   0.00319941     0.01109012  -0.00734047    -0.01370728   0.00717464
    6    6
  0.04658019   0.00000000     0.00208193   0.00357808    -0.00000000   0.00000000
  0.00208193  -0.00357808     0.04658019  -0.00000000    -0.00000000   0.00000000
 -0.00000000   0.00000000    -0.00000000   0.00000000     0.04313874   0.00000000
    6    7
  0.00760216  -0.01395639    -0.00270855  -0.00000000     0.00000000   0.00000000
 -0.00270855  -0.00000000     0.00760216   0.01395639     0.00000000   0.00000000
  0.00000000   0.00000000     0.00000000   0.00000000    -0.02019774  -0.00000000
    7    1
  0.00000000  -0.00000000     0.00000000   0.00000000    -0.01681424  -0.01219028
  0.00000000   0.00000000     0.00000000  -0.00000000    -0.02050929  -0.00326964
  0.00138476  -0.02129418    -0.01407809   0.01603643     0.00000000   0.00000000
    7    2
 -0.01816064   0.00594471     0.00373533  -0.01019023     0.02712275   0.00368181
  0.00826900  -0.00494733    -0.00737698  -0.00538993    -0.00153550   0.00685791
  0.01109012  -0.00734047    -0.00572312   0.00319941    -0.01370728   0.00717464
    7    3
  0.01704506   0.00863797    -0.00984686   0.00456430     0.01657524   0.02178211
 -0.00934536  -0.00234878     0.00140505   0.00902757    -0.00593504   0.00376351
  0.01303239   0.00265140    -0.00630918  -0.00178454     0.01476575   0.00461928
    7    4
 -0.00737698   0.00538993     0.00826900   0.00494733    -0.00153550  -0.00685791
  0.00373533   0.01019023    -0.01816064  -0.00594471     0.02712275  -0.00368181
 -0.00572312  -0.00319941     0.01109012   0.00734047    -0.01370728  -0.00717464
    7    5
  0.00140505  -0.00902757    -0.00934536   0.00234878    -0.00593504  -0.00376351
 -0.00984686  -0.00456430     0.01704506  -0.00863797     0.01657524  -0.02178211
 -0.00630918   0.00178454     0.01303239  -0.00265140     0.01476575  -0.00461928
    7    6
  0.00760216   0.01395639    -0.00270855   0.00000000     0.00000000   0.00000000
 -0.00270855   0.00000000     0.00760216  -0.01395639     0.00000000   0.00000000
  0.00000000   0.00000000     0.00000000   0.00000000    -0.02019774   0.00000000
    7    7
  0.04658019  -0.00000000     0.00208193  -0.00357808    -0.00000000   0.00000000
  0.00208193   0.00357808     0.04658019   0.00000000    -0.00000000   0.00000000
 -0.00000000   0.00000000    -0.00000000   0.00000000     0.04313874   0.00000000

     Dynamical  Matrix in cartesian axes

     q = (    0.216506400  -0.433012700   0.433012700 ) 

    1    1
  0.06402260   0.00000000     0.00000000   0.00000000    -0.00000000  -0.00000000
 -0.00000000   0.00000000     0.11125701   0.00000000    -0.03577155  -0.00000000
 -0.00000000  -0.00000000    -0.03577155  -0.00000000     0.11125701   0.00000000
    1    2
  0.00000000  -0.00000000    -0.02050929   0.00326964    -0.01681424   0.01219028
 -0.01407809  -0.01603643     0.00000000   0.00000000    -0.00000000  -0.00000000
  0.00138476   0.02129418    -0.00000000  -0.00000000     0.00000000   0.00000000
    1    3
  0.00000000   0.00000000    -0.01681424   0.01219028    -0.02050929   0.00326964
  0.00138476   0.02129418    -0.00000000  -0.00000000     0.00000000   0.00000000
 -0.01407809  -0.01603643    -0.00000000   0.00000000    -0.00000000  -0.00000000
    1    4
 -0.01214683   0.01214684    -0.00577302  -0.00577302     0.00345311   0.00345311
 -0.00891460  -0.00891460    -0.01500704   0.01500704    -0.01706454   0.01706455
  0.00717660   0.00717660     0.00498705  -0.00498705     0.01233805  -0.01233805
    1    5
 -0.01717822  -0.00000000    -0.00000000   0.00816429     0.00000000  -0.00488344
 -0.00000000   0.01260715    -0.02122316  -0.00000000    -0.02413291  -0.00000000
  0.00000000  -0.01014925     0.00705276   0.00000000     0.01744864   0.00000000
    1    6
 -0.01717822   0.00000000    -0.00000000  -0.00488344     0.00000000   0.00816429
 -0.00000000  -0.01014925     0.01744864  -0.00000000     0.00705276  -0.00000000
  0.00000000   0.01260715    -0.02413291   0.00000000    -0.02122316   0.00000000
    1    7
 -0.01214683   0.01214684     0.00345311   0.00345311    -0.00577302  -0.00577302
  0.00717660   0.00717660     0.01233805  -0.01233805     0.00498705  -0.00498705
