  3.500000000000000E-002   1.26001304832687        2.38111420361614     
           6

     Dynamical  Matrix in cartesian axes

     q = (   -0.433012700  -0.433012700   0.000000000 ) 

    1    1
  0.14923252   0.00000000     0.07781576   0.00000000    -0.00000000   0.00000000
  0.07781576   0.00000000     0.14923252   0.00000000    -0.00000000   0.00000000
 -0.00000000   0.00000000    -0.00000000   0.00000000     0.04636456   0.00000000
    1    2
 -0.03458904   0.00000000     0.02265872  -0.00000000     0.00000000   0.00000000
 -0.00761947   0.00000000     0.02931044  -0.00000000     0.00000000   0.00000000
  0.00000000   0.00000000     0.00000000  -0.00000000    -0.01359394   0.00000000
    1    3
  0.03458904  -0.00000000    -0.02265872   0.00000000     0.00000000   0.00000000
  0.00761947  -0.00000000    -0.02931044   0.00000000     0.00000000   0.00000000
 -0.00000000   0.00000000    -0.00000000   0.00000000     0.01359394  -0.00000000
    1    4
 -0.02931044   0.00000000     0.00761947  -0.00000000     0.00000000   0.00000000
 -0.02265872   0.00000000     0.03458904  -0.00000000     0.00000000   0.00000000
 -0.00000000  -0.00000000    -0.00000000   0.00000000     0.01359394  -0.00000000
    1    5
  0.02931044  -0.00000000    -0.00761947   0.00000000    -0.00000000   0.00000000
  0.02265872  -0.00000000    -0.03458904   0.00000000    -0.00000000   0.00000000
  0.00000000  -0.00000000     0.00000000   0.00000000    -0.01359394   0.00000000
    1    6
  0.00000000   0.00000000    -0.00000000   0.00000000     0.00904607  -0.00000000
  0.00000000   0.00000000    -0.00000000   0.00000000    -0.00904607   0.00000000
  0.01888568  -0.00000000    -0.01888568   0.00000000     0.00000000   0.00000000
    1    7
  0.00000000   0.00000000    -0.00000000   0.00000000    -0.00904607   0.00000000
  0.00000000   0.00000000    -0.00000000   0.00000000     0.00904607  -0.00000000
 -0.01888568   0.00000000     0.01888568  -0.00000000     0.00000000   0.00000000
    2    1
 -0.03458904  -0.00000000    -0.00761947  -0.00000000     0.00000000  -0.00000000
  0.02265872   0.00000000     0.02931044   0.00000000     0.00000000   0.00000000
  0.00000000  -0.00000000     0.00000000  -0.00000000    -0.01359394  -0.00000000
    2    2
  0.06627881   0.00000000     0.01379393   0.00000000    -0.00000000   0.00000000
  0.01379393   0.00000000     0.08814791   0.00000000    -0.00000000   0.00000000
 -0.00000000   0.00000000     0.00000000   0.00000000     0.03217826   0.00000000
    2    3
  0.00781280   0.00000000     0.02262606   0.00000000     0.00000000   0.00000000
  0.02262606   0.00000000     0.04230897   0.00000000     0.00000000   0.00000000
  0.00000000   0.00000000     0.00000000   0.00000000    -0.02418227   0.00000000
    2    4
  0.03924262   0.00000000     0.03528793   0.00000000    -0.00000000   0.00000000
  0.05476018   0.00000000     0.03924262   0.00000000    -0.00000000   0.00000000
 -0.00000000   0.00000000    -0.00000000   0.00000000     0.01309891   0.00000000
    2    5
 -0.00715592   0.00000000     0.02968237   0.00000000     0.00000000   0.00000000
  0.07182305   0.00000000    -0.00715592   0.00000000     0.00000000   0.00000000
  0.00000000   0.00000000     0.00000000   0.00000000    -0.01214231   0.00000000
    2    6
 -0.02031544   0.00000000    -0.01418607   0.00000000    -0.01024625   0.00000000
 -0.00699411   0.00000000    -0.00397452   0.00000000    -0.00558685   0.00000000
 -0.02672999   0.00000000    -0.01108162   0.00000000    -0.00377498   0.00000000
    2    7
 -0.02031544   0.00000000    -0.01418607   0.00000000     0.01024625   0.00000000
 -0.00699411   0.00000000    -0.00397452   0.00000000     0.00558685   0.00000000
  0.02672999   0.00000000     0.01108162   0.00000000    -0.00377498   0.00000000
    3    1
  0.03458904   0.00000000     0.00761947   0.00000000    -0.00000000  -0.00000000
 -0.02265872  -0.00000000    -0.02931044  -0.00000000    -0.00000000  -0.00000000
  0.00000000  -0.00000000     0.00000000   0.00000000     0.01359394   0.00000000
    3    2
  0.00781280   0.00000000     0.02262606   0.00000000     0.00000000   0.00000000
  0.02262606   0.00000000     0.04230897   0.00000000     0.00000000   0.00000000
  0.00000000   0.00000000     0.00000000   0.00000000    -0.02418227   0.00000000
    3    3
  0.06627881   0.00000000     0.01379393   0.00000000    -0.00000000   0.00000000
  0.01379393   0.00000000     0.08814791   0.00000000    -0.00000000   0.00000000
 -0.00000000   0.00000000     0.00000000   0.00000000     0.03217826   0.00000000
    3    4
 -0.00715592   0.00000000     0.02968237   0.00000000     0.00000000   0.00000000
  0.07182305   0.00000000    -0.00715592   0.00000000     0.00000000   0.00000000
  0.00000000   0.00000000     0.00000000   0.00000000    -0.01214231   0.00000000
    3    5
  0.03924262   0.00000000     0.03528793   0.00000000    -0.00000000   0.00000000
  0.05476018   0.00000000     0.03924262   0.00000000    -0.00000000   0.00000000
 -0.00000000   0.00000000    -0.00000000   0.00000000     0.01309891   0.00000000
    3    6
 -0.02031544   0.00000000    -0.01418607   0.00000000     0.01024625   0.00000000
 -0.00699411   0.00000000    -0.00397452   0.00000000     0.00558685   0.00000000
  0.02672999   0.00000000     0.01108162   0.00000000    -0.00377498   0.00000000
    3    7
 -0.02031544   0.00000000    -0.01418607   0.00000000    -0.01024625   0.00000000
 -0.00699411   0.00000000    -0.00397452   0.00000000    -0.00558685   0.00000000
 -0.02672999   0.00000000    -0.01108162   0.00000000    -0.00377498   0.00000000
    4    1
 -0.02931044  -0.00000000    -0.02265872  -0.00000000     0.00000000   0.00000000
  0.00761947   0.00000000     0.03458904   0.00000000    -0.00000000  -0.00000000
  0.00000000  -0.00000000     0.00000000  -0.00000000     0.01359394   0.00000000
    4    2
  0.03924262   0.00000000     0.05476018   0.00000000    -0.00000000   0.00000000
  0.03528793   0.00000000     0.03924262   0.00000000    -0.00000000   0.00000000
 -0.00000000   0.00000000    -0.00000000   0.00000000     0.01309891   0.00000000
    4    3
 -0.00715592   0.00000000     0.07182305   0.00000000     0.00000000   0.00000000
  0.02968237   0.00000000    -0.00715592   0.00000000     0.00000000   0.00000000
  0.00000000   0.00000000     0.00000000   0.00000000    -0.01214231   0.00000000
    4    4
  0.08814791   0.00000000     0.01379393   0.00000000    -0.00000000   0.00000000
  0.01379393   0.00000000     0.06627881   0.00000000    -0.00000000   0.00000000
 -0.00000000   0.00000000    -0.00000000   0.00000000     0.03217826   0.00000000
    4    5
  0.04230897   0.00000000     0.02262606   0.00000000     0.00000000   0.00000000
  0.02262606   0.00000000     0.00781280   0.00000000     0.00000000   0.00000000
  0.00000000   0.00000000     0.00000000   0.00000000    -0.02418227   0.00000000
    4    6
 -0.00397452   0.00000000    -0.00699411   0.00000000    -0.00558685   0.00000000
 -0.01418607   0.00000000    -0.02031544   0.00000000    -0.01024625   0.00000000
 -0.01108162   0.00000000    -0.02672999   0.00000000    -0.00377498   0.00000000
    4    7
 -0.00397452   0.00000000    -0.00699411   0.00000000     0.00558685   0.00000000
 -0.01418607   0.00000000    -0.02031544   0.00000000     0.01024625   0.00000000
  0.01108162   0.00000000     0.02672999   0.00000000    -0.00377498   0.00000000
    5    1
  0.02931044   0.00000000     0.02265872   0.00000000     0.00000000   0.00000000
 -0.00761947  -0.00000000    -0.03458904  -0.00000000     0.00000000  -0.00000000
  0.00000000  -0.00000000    -0.00000000  -0.00000000    -0.01359394  -0.00000000
    5    2
 -0.00715592   0.00000000     0.07182305   0.00000000     0.00000000   0.00000000
  0.02968237   0.00000000    -0.00715592   0.00000000     0.00000000   0.00000000
  0.00000000   0.00000000     0.00000000   0.00000000    -0.01214231   0.00000000
    5    3
  0.03924262   0.00000000     0.05476018   0.00000000    -0.00000000   0.00000000
  0.03528793   0.00000000     0.03924262   0.00000000    -0.00000000   0.00000000
 -0.00000000   0.00000000    -0.00000000   0.00000000     0.01309891   0.00000000
    5    4
  0.04230897   0.00000000     0.02262606   0.00000000     0.00000000   0.00000000
  0.02262606   0.00000000     0.00781280   0.00000000     0.00000000   0.00000000
  0.00000000   0.00000000     0.00000000   0.00000000    -0.02418227   0.00000000
    5    5
  0.08814791   0.00000000     0.01379393   0.00000000    -0.00000000   0.00000000
  0.01379393   0.00000000     0.06627881   0.00000000    -0.00000000   0.00000000
 -0.00000000   0.00000000     0.00000000   0.00000000     0.03217826   0.00000000
    5    6
 -0.00397452   0.00000000    -0.00699411   0.00000000     0.00558685   0.00000000
 -0.01418607   0.00000000    -0.02031544   0.00000000     0.01024625   0.00000000
  0.01108162   0.00000000     0.02672999   0.00000000    -0.00377498   0.00000000
    5    7
 -0.00397452   0.00000000    -0.00699411   0.00000000    -0.00558685   0.00000000
 -0.01418607   0.00000000    -0.02031544   0.00000000    -0.01024625   0.00000000
 -0.01108162   0.00000000    -0.02672999   0.00000000    -0.00377498   0.00000000
    6    1
 -0.00000000  -0.00000000    -0.00000000  -0.00000000     0.01888568   0.00000000
 -0.00000000  -0.00000000     0.00000000  -0.00000000    -0.01888568  -0.00000000
  0.00904607   0.00000000    -0.00904607  -0.00000000     0.00000000  -0.00000000
    6    2
 -0.02031544   0.00000000    -0.00699411   0.00000000    -0.02672999   0.00000000
 -0.01418607   0.00000000    -0.00397452   0.00000000    -0.01108162   0.00000000
 -0.01024625   0.00000000    -0.00558685   0.00000000    -0.00377498   0.00000000
    6    3
 -0.02031544   0.00000000    -0.00699411   0.00000000     0.02672999   0.00000000
 -0.01418607   0.00000000    -0.00397452   0.00000000     0.01108162   0.00000000
  0.01024625   0.00000000     0.00558685   0.00000000    -0.00377498   0.00000000
    6    4
 -0.00397452   0.00000000    -0.01418607   0.00000000    -0.01108162   0.00000000
 -0.00699411   0.00000000    -0.02031544   0.00000000    -0.02672999   0.00000000
 -0.00558685   0.00000000    -0.01024625   0.00000000    -0.00377498   0.00000000
    6    5
 -0.00397452   0.00000000    -0.01418607   0.00000000     0.01108162   0.00000000
 -0.00699411   0.00000000    -0.02031544   0.00000000     0.02672999   0.00000000
  0.00558685   0.00000000     0.01024625   0.00000000    -0.00377498   0.00000000
    6    6
  0.04795961   0.00000000     0.01753638   0.00000000    -0.00000000   0.00000000
  0.01753638   0.00000000     0.04795961   0.00000000     0.00000000   0.00000000
 -0.00000000   0.00000000     0.00000000   0.00000000     0.01687148   0.00000000
    6    7
 -0.01227318   0.00000000    -0.00095692   0.00000000    -0.00000000   0.00000000
 -0.00095692   0.00000000    -0.01227318   0.00000000     0.00000000   0.00000000
 -0.00000000   0.00000000     0.00000000   0.00000000     0.00159282   0.00000000
    7    1
  0.00000000  -0.00000000     0.00000000  -0.00000000    -0.01888568  -0.00000000
 -0.00000000  -0.00000000    -0.00000000  -0.00000000     0.01888568   0.00000000
 -0.00904607  -0.00000000     0.00904607   0.00000000     0.00000000  -0.00000000
    7    2
 -0.02031544   0.00000000    -0.00699411   0.00000000     0.02672999   0.00000000
 -0.01418607   0.00000000    -0.00397452   0.00000000     0.01108162   0.00000000
  0.01024625   0.00000000     0.00558685   0.00000000    -0.00377498   0.00000000
    7    3
 -0.02031544   0.00000000    -0.00699411   0.00000000    -0.02672999   0.00000000
 -0.01418607   0.00000000    -0.00397452   0.00000000    -0.01108162   0.00000000
 -0.01024625   0.00000000    -0.00558685   0.00000000    -0.00377498   0.00000000
    7    4
 -0.00397452   0.00000000    -0.01418607   0.00000000     0.01108162   0.00000000
 -0.00699411   0.00000000    -0.02031544   0.00000000     0.02672999   0.00000000
  0.00558685   0.00000000     0.01024625   0.00000000    -0.00377498   0.00000000
    7    5
 -0.00397452   0.00000000    -0.01418607   0.00000000    -0.01108162   0.00000000
 -0.00699411   0.00000000    -0.02031544   0.00000000    -0.02672999   0.00000000
 -0.00558685   0.00000000    -0.01024625   0.00000000    -0.00377498   0.00000000
    7    6
 -0.01227318   0.00000000    -0.00095692   0.00000000     0.00000000   0.00000000
 -0.00095692   0.00000000    -0.01227318   0.00000000    -0.00000000   0.00000000
 -0.00000000   0.00000000     0.00000000   0.00000000     0.00159282   0.00000000
    7    7
  0.04795961   0.00000000     0.01753638   0.00000000     0.00000000   0.00000000
  0.01753638   0.00000000     0.04795961   0.00000000    -0.00000000   0.00000000
 -0.00000000   0.00000000     0.00000000   0.00000000     0.01687148   0.00000000

     Dynamical  Matrix in cartesian axes

     q = (    0.000000000   0.433012700  -0.433012700 ) 

    1    1
  0.04636456   0.00000000     0.00000000   0.00000000    -0.00000000   0.00000000
  0.00000000   0.00000000     0.14923252   0.00000000    -0.07781576   0.00000000
 -0.00000000   0.00000000    -0.07781576   0.00000000     0.14923252   0.00000000
    1    2
  0.00000000   0.00000000    -0.01888568   0.00000000    -0.01888568   0.00000000
 -0.00904607   0.00000000     0.00000000   0.00000000    -0.00000000  -0.00000000
 -0.00904607   0.00000000    -0.00000000  -0.00000000    -0.00000000   0.00000000
    1    3
  0.00000000  -0.00000000    -0.01888568  -0.00000000    -0.01888568  -0.00000000
 -0.00904607  -0.00000000    -0.00000000  -0.00000000    -0.00000000   0.00000000
 -0.00904607  -0.00000000    -0.00000000   0.00000000    -0.00000000  -0.00000000
    1    4
 -0.01359394  -0.00000000     0.00000000   0.00000000    -0.00000000   0.00000000
  0.00000000   0.00000000    -0.03458904  -0.00000000    -0.02265872  -0.00000000
 -0.00000000  -0.00000000     0.00761947   0.00000000     0.02931044   0.00000000
    1    5
 -0.01359394   0.00000000     0.00000000   0.00000000    -0.00000000   0.00000000
  0.00000000   0.00000000    -0.03458904   0.00000000    -0.02265872   0.00000000
 -0.00000000  -0.00000000     0.00761947  -0.00000000     0.02931044  -0.00000000
    1    6
 -0.01359394  -0.00000000    -0.00000000  -0.00000000     0.00000000  -0.00000000
 -0.00000000   0.00000000     0.02931044   0.00000000     0.00761947   0.00000000
  0.00000000  -0.00000000    -0.02265872  -0.00000000    -0.03458904  -0.00000000
    1    7
 -0.01359394   0.00000000    -0.00000000   0.00000000     0.00000000   0.00000000
 -0.00000000  -0.00000000     0.02931044  -0.00000000     0.00761947  -0.00000000
  0.00000000   0.00000000    -0.02265872   0.00000000    -0.03458904   0.00000000
    2    1
  0.00000000  -0.00000000    -0.00904607  -0.00000000    -0.00904607  -0.00000000
 -0.01888568  -0.00000000     0.00000000  -0.00000000     0.00000000   0.00000000
 -0.01888568  -0.00000000    -0.00000000   0.00000000    -0.00000000  -0.00000000
    2    2
  0.01687148   0.00000000     0.00000000   0.00000000     0.00000000   0.00000000
  0.00000000   0.00000000     0.04795961   0.00000000    -0.01753638   0.00000000
  0.00000000   0.00000000    -0.01753638   0.00000000     0.04795961   0.00000000
    2    3
 -0.00159282  -0.00000000     0.00000000   0.00000000    -0.00000000  -0.00000000
  0.00000000   0.00000000     0.01227318   0.00000000    -0.00095692  -0.00000000
 -0.00000000  -0.00000000    -0.00095692  -0.00000000     0.01227318   0.00000000
    2    4
  0.00377498   0.00000000     0.01024625   0.00000000    -0.00558685  -0.00000000
  0.02672999   0.00000000     0.02031544   0.00000000    -0.00699411  -0.00000000
 -0.01108162  -0.00000000    -0.01418607  -0.00000000     0.00397452   0.00000000
    2    5
 -0.00377498   0.00000000     0.01024625  -0.00000000    -0.00558685   0.00000000
  0.02672999  -0.00000000    -0.02031544   0.00000000     0.00699411  -0.00000000
 -0.01108162   0.00000000     0.01418607  -0.00000000    -0.00397452   0.00000000
    2    6
  0.00377498   0.00000000    -0.00558685  -0.00000000     0.01024625   0.00000000
 -0.01108162  -0.00000000     0.00397452   0.00000000    -0.01418607  -0.00000000
  0.02672999   0.00000000    -0.00699411  -0.00000000     0.02031544   0.00000000
    2    7
 -0.00377498   0.00000000    -0.00558685   0.00000000     0.01024625  -0.00000000
 -0.01108162   0.00000000    -0.00397452   0.00000000     0.01418607  -0.00000000
  0.02672999  -0.00000000     0.00699411  -0.00000000    -0.02031544   0.00000000
    3    1
  0.00000000   0.00000000    -0.00904607   0.00000000    -0.00904607   0.00000000
 -0.01888568   0.00000000     0.00000000   0.00000000    -0.00000000  -0.00000000
 -0.01888568   0.00000000    -0.00000000  -0.00000000     0.00000000   0.00000000
    3    2
 -0.00159282   0.00000000     0.00000000  -0.00000000    -0.00000000   0.00000000
  0.00000000  -0.00000000     0.01227318  -0.00000000    -0.00095692   0.00000000
 -0.00000000   0.00000000    -0.00095692   0.00000000     0.01227318  -0.00000000
    3    3
  0.01687148   0.00000000     0.00000000   0.00000000    -0.00000000   0.00000000
 -0.00000000   0.00000000     0.04795961   0.00000000    -0.01753638   0.00000000
 -0.00000000   0.00000000    -0.01753638   0.00000000     0.04795961   0.00000000
    3    4
 -0.00377498   0.00000000     0.01024625  -0.00000000    -0.00558685   0.00000000
  0.02672999  -0.00000000    -0.02031544   0.00000000     0.00699411  -0.00000000
 -0.01108162   0.00000000     0.01418607  -0.00000000    -0.00397452   0.00000000
    3    5
  0.00377498  -0.00000000     0.01024625  -0.00000000    -0.00558685   0.00000000
  0.02672999  -0.00000000     0.02031544  -0.00000000    -0.00699411   0.00000000
 -0.01108162   0.00000000    -0.01418607   0.00000000     0.00397452  -0.00000000
    3    6
 -0.00377498   0.00000000    -0.00558685   0.00000000     0.01024625  -0.00000000
 -0.01108162   0.00000000    -0.00397452   0.00000000     0.01418607  -0.00000000
  0.02672999  -0.00000000     0.00699411  -0.00000000    -0.02031544   0.00000000
    3    7
  0.00377498  -0.00000000    -0.00558685   0.00000000     0.01024625  -0.00000000
 -0.01108162   0.00000000     0.00397452  -0.00000000    -0.01418607   0.00000000
  0.02672999  -0.00000000    -0.00699411   0.00000000     0.02031544  -0.00000000
    4    1
 -0.01359394   0.00000000     0.00000000  -0.00000000    -0.00000000   0.00000000
  0.00000000  -0.00000000    -0.03458904   0.00000000     0.00761947  -0.00000000
 -0.00000000  -0.00000000    -0.02265872   0.00000000     0.02931044  -0.00000000
    4    2
  0.00377498  -0.00000000     0.02672999  -0.00000000    -0.01108162   0.00000000
  0.01024625  -0.00000000     0.02031544  -0.00000000    -0.01418607   0.00000000
 -0.00558685   0.00000000    -0.00699411   0.00000000     0.00397452  -0.00000000
    4    3
 -0.00377498  -0.00000000     0.02672999   0.00000000    -0.01108162  -0.00000000
  0.01024625   0.00000000    -0.02031544  -0.00000000     0.01418607   0.00000000
 -0.00558685  -0.00000000     0.00699411   0.00000000    -0.00397452  -0.00000000
    4    4
  0.03217826   0.00000000     0.00000000   0.00000000    -0.00000000   0.00000000
 -0.00000000   0.00000000     0.06627881   0.00000000    -0.01379393   0.00000000
 -0.00000000   0.00000000    -0.01379393   0.00000000     0.08814791   0.00000000
    4    5
  0.02418227  -0.00000000     0.00000000   0.00000000     0.00000000  -0.00000000
  0.00000000   0.00000000    -0.00781280   0.00000000     0.02262606  -0.00000000
  0.00000000  -0.00000000     0.02262606  -0.00000000    -0.04230897   0.00000000
    4    6
 -0.01214231  -0.00000000     0.00000000   0.00000000    -0.00000000   0.00000000
  0.00000000   0.00000000    -0.00715592  -0.00000000    -0.02968237  -0.00000000
  0.00000000   0.00000000    -0.07182305  -0.00000000    -0.00715592  -0.00000000
    4    7
 -0.01309891   0.00000000    -0.00000000   0.00000000     0.00000000  -0.00000000
  0.00000000  -0.00000000    -0.03924262   0.00000000     0.03528793  -0.00000000
  0.00000000  -0.00000000     0.05476018  -0.00000000    -0.03924262   0.00000000
    5    1
 -0.01359394  -0.00000000     0.00000000  -0.00000000    -0.00000000   0.00000000
 -0.00000000  -0.00000000    -0.03458904  -0.00000000     0.00761947   0.00000000
 -0.00000000  -0.00000000    -0.02265872  -0.00000000     0.02931044   0.00000000
    5    2
 -0.00377498  -0.00000000     0.02672999   0.00000000    -0.01108162  -0.00000000
  0.01024625   0.00000000    -0.02031544  -0.00000000     0.01418607   0.00000000
 -0.00558685  -0.00000000     0.00699411   0.00000000    -0.00397452  -0.00000000
    5    3
  0.00377498   0.00000000     0.02672999   0.00000000    -0.01108162  -0.00000000
  0.01024625   0.00000000     0.02031544   0.00000000    -0.01418607  -0.00000000
 -0.00558685  -0.00000000    -0.00699411  -0.00000000     0.00397452   0.00000000
    5    4
  0.02418227   0.00000000    -0.00000000  -0.00000000     0.00000000   0.00000000
  0.00000000  -0.00000000    -0.00781280  -0.00000000     0.02262606   0.00000000
  0.00000000   0.00000000     0.02262606   0.00000000    -0.04230897  -0.00000000
    5    5
  0.03217826   0.00000000     0.00000000   0.00000000    -0.00000000   0.00000000
 -0.00000000   0.00000000     0.06627881   0.00000000    -0.01379393   0.00000000
 -0.00000000   0.00000000    -0.01379393   0.00000000     0.08814791   0.00000000
    5    6
 -0.01309891  -0.00000000     0.00000000   0.00000000     0.00000000  -0.00000000
  0.00000000   0.00000000    -0.03924262  -0.00000000     0.03528793   0.00000000
  0.00000000  -0.00000000     0.05476018   0.00000000    -0.03924262  -0.00000000
    5    7
 -0.01214231   0.00000000     0.00000000  -0.00000000     0.00000000  -0.00000000
  0.00000000   0.00000000    -0.00715592   0.00000000    -0.02968237   0.00000000
  0.00000000  -0.00000000    -0.07182305   0.00000000    -0.00715592   0.00000000
    6    1
 -0.01359394   0.00000000    -0.00000000  -0.00000000     0.00000000   0.00000000
 -0.00000000   0.00000000     0.02931044  -0.00000000    -0.02265872   0.00000000
 -0.00000000   0.00000000     0.00761947  -0.00000000    -0.03458904   0.00000000
    6    2
  0.00377498  -0.00000000    -0.01108162   0.00000000     0.02672999  -0.00000000
 -0.00558685   0.00000000     0.00397452  -0.00000000    -0.00699411   0.00000000
  0.01024625  -0.00000000    -0.01418607   0.00000000     0.02031544  -0.00000000
    6    3
 -0.00377498  -0.00000000    -0.01108162  -0.00000000     0.02672999   0.00000000
 -0.00558685  -0.00000000    -0.00397452  -0.00000000     0.00699411   0.00000000
  0.01024625   0.00000000     0.01418607   0.00000000    -0.02031544  -0.00000000
    6    4
 -0.01214231   0.00000000     0.00000000  -0.00000000     0.00000000  -0.00000000
  0.00000000  -0.00000000    -0.00715592   0.00000000    -0.07182305   0.00000000
  0.00000000  -0.00000000    -0.02968237   0.00000000    -0.00715592   0.00000000
    6    5
 -0.01309891   0.00000000     0.00000000  -0.00000000     0.00000000   0.00000000
  0.00000000  -0.00000000    -0.03924262   0.00000000     0.05476018  -0.00000000
  0.00000000   0.00000000     0.03528793  -0.00000000    -0.03924262   0.00000000
    6    6
  0.03217826   0.00000000     0.00000000   0.00000000    -0.00000000   0.00000000
 -0.00000000   0.00000000     0.08814791   0.00000000    -0.01379393   0.00000000
 -0.00000000   0.00000000    -0.01379393   0.00000000     0.06627881   0.00000000
    6    7
  0.02418227  -0.00000000    -0.00000000  -0.00000000     0.00000000   0.00000000
  0.00000000  -0.00000000    -0.04230897   0.00000000     0.02262606  -0.00000000
  0.00000000   0.00000000     0.02262606  -0.00000000    -0.00781280   0.00000000
    7    1
 -0.01359394  -0.00000000    -0.00000000   0.00000000     0.00000000  -0.00000000
 -0.00000000  -0.00000000     0.02931044   0.00000000    -0.02265872  -0.00000000
  0.00000000  -0.00000000     0.00761947   0.00000000    -0.03458904  -0.00000000
    7    2
 -0.00377498  -0.00000000    -0.01108162  -0.00000000     0.02672999   0.00000000
 -0.00558685  -0.00000000    -0.00397452  -0.00000000     0.00699411   0.00000000
  0.01024625   0.00000000     0.01418607   0.00000000    -0.02031544  -0.00000000
    7    3
  0.00377498   0.00000000    -0.01108162  -0.00000000     0.02672999   0.00000000
 -0.00558685  -0.00000000     0.00397452   0.00000000    -0.00699411  -0.00000000
  0.01024625   0.00000000    -0.01418607  -0.00000000     0.02031544   0.00000000
    7    4
 -0.01309891  -0.00000000    -0.00000000   0.00000000     0.00000000   0.00000000
 -0.00000000  -0.00000000    -0.03924262  -0.00000000     0.05476018   0.00000000
  0.00000000   0.00000000     0.03528793   0.00000000    -0.03924262  -0.00000000
    7    5
 -0.01214231  -0.00000000     0.00000000  -0.00000000     0.00000000   0.00000000
  0.00000000   0.00000000    -0.00715592  -0.00000000    -0.07182305  -0.00000000
  0.00000000   0.00000000    -0.02968237  -0.00000000    -0.00715592  -0.00000000
    7    6
  0.02418227   0.00000000    -0.00000000   0.00000000    -0.00000000  -0.00000000
  0.00000000   0.00000000    -0.04230897  -0.00000000     0.02262606   0.00000000
  0.00000000  -0.00000000     0.02262606   0.00000000    -0.00781280  -0.00000000
    7    7
  0.03217826   0.00000000    -0.00000000   0.00000000    -0.00000000   0.00000000
 -0.00000000   0.00000000     0.08814791   0.00000000    -0.01379393   0.00000000
 -0.00000000   0.00000000    -0.01379393   0.00000000     0.06627881   0.00000000

     Dynamical  Matrix in cartesian axes

     q = (   -0.000000000   0.433012700   0.433012700 ) 

    1    1
  0.04636456   0.00000000     0.00000000   0.00000000    -0.00000000   0.00000000
  0.00000000   0.00000000     0.14923252   0.00000000     0.07781576   0.00000000
 -0.00000000   0.00000000     0.07781576   0.00000000     0.14923252   0.00000000
    1    2
  0.00000000  -0.00000000     0.01888568   0.00000000    -0.01888568  -0.00000000
  0.00904607   0.00000000    -0.00000000  -0.00000000     0.00000000  -0.00000000
 -0.00904607  -0.00000000     0.00000000  -0.00000000     0.00000000  -0.00000000
    1    3
 -0.00000000  -0.00000000    -0.01888568  -0.00000000     0.01888568   0.00000000
 -0.00904607  -0.00000000     0.00000000  -0.00000000     0.00000000  -0.00000000
  0.00904607   0.00000000     0.00000000  -0.00000000    -0.00000000  -0.00000000
    1    4
 -0.01359394  -0.00000000     0.00000000   0.00000000    -0.00000000  -0.00000000
  0.00000000   0.00000000    -0.03458904  -0.00000000     0.02265872   0.00000000
 -0.00000000   0.00000000    -0.00761947  -0.00000000     0.02931044   0.00000000
    1    5
  0.01359394   0.00000000    -0.00000000  -0.00000000     0.00000000   0.00000000
  0.00000000  -0.00000000     0.03458904   0.00000000    -0.02265872  -0.00000000
  0.00000000  -0.00000000     0.00761947   0.00000000    -0.02931044  -0.00000000
    1    6
  0.01359394   0.00000000     0.00000000   0.00000000    -0.00000000  -0.00000000
  0.00000000  -0.00000000    -0.02931044  -0.00000000     0.00761947   0.00000000
 -0.00000000  -0.00000000    -0.02265872  -0.00000000     0.03458904   0.00000000
    1    7
 -0.01359394  -0.00000000    -0.00000000  -0.00000000     0.00000000   0.00000000
 -0.00000000   0.00000000     0.02931044   0.00000000    -0.00761947  -0.00000000
  0.00000000   0.00000000     0.02265872   0.00000000    -0.03458904  -0.00000000
    2    1
  0.00000000   0.00000000     0.00904607  -0.00000000    -0.00904607   0.00000000
  0.01888568  -0.00000000    -0.00000000   0.00000000     0.00000000   0.00000000
 -0.01888568   0.00000000     0.00000000   0.00000000     0.00000000   0.00000000
    2    2
  0.01687148   0.00000000     0.00000000   0.00000000    -0.00000000   0.00000000
 -0.00000000   0.00000000     0.04795961   0.00000000     0.01753638   0.00000000
 -0.00000000   0.00000000     0.01753638   0.00000000     0.04795961   0.00000000
    2    3
  0.00159282   0.00000000     0.00000000  -0.00000000     0.00000000  -0.00000000
  0.00000000  -0.00000000    -0.01227318  -0.00000000    -0.00095692  -0.00000000
  0.00000000  -0.00000000    -0.00095692  -0.00000000    -0.01227318  -0.00000000
    2    4
 -0.00377498   0.00000000    -0.01024625   0.00000000    -0.00558685   0.00000000
 -0.02672999   0.00000000    -0.02031544   0.00000000    -0.00699411   0.00000000
 -0.01108162   0.00000000    -0.01418607   0.00000000    -0.00397452   0.00000000
    2    5
 -0.00377498  -0.00000000     0.01024625   0.00000000     0.00558685   0.00000000
  0.02672999   0.00000000    -0.02031544  -0.00000000    -0.00699411  -0.00000000
  0.01108162   0.00000000    -0.01418607  -0.00000000    -0.00397452  -0.00000000
    2    6
 -0.00377498  -0.00000000    -0.00558685  -0.00000000    -0.01024625  -0.00000000
 -0.01108162  -0.00000000    -0.00397452  -0.00000000    -0.01418607  -0.00000000
 -0.02672999  -0.00000000    -0.00699411  -0.00000000    -0.02031544  -0.00000000
    2    7
 -0.00377498  -0.00000000     0.00558685   0.00000000     0.01024625   0.00000000
  0.01108162   0.00000000    -0.00397452  -0.00000000    -0.01418607  -0.00000000
  0.02672999   0.00000000    -0.00699411  -0.00000000    -0.02031544  -0.00000000
    3    1
  0.00000000   0.00000000    -0.00904607   0.00000000     0.00904607  -0.00000000
 -0.01888568   0.00000000     0.00000000   0.00000000     0.00000000   0.00000000
  0.01888568  -0.00000000    -0.00000000   0.00000000    -0.00000000   0.00000000
    3    2
  0.00159282  -0.00000000     0.00000000   0.00000000     0.00000000   0.00000000
  0.00000000   0.00000000    -0.01227318   0.00000000    -0.00095692   0.00000000
  0.00000000   0.00000000    -0.00095692   0.00000000    -0.01227318   0.00000000
    3    3
  0.01687148   0.00000000    -0.00000000   0.00000000    -0.00000000   0.00000000
  0.00000000   0.00000000     0.04795961   0.00000000     0.01753638   0.00000000
 -0.00000000   0.00000000     0.01753638   0.00000000     0.04795961   0.00000000
    3    4
 -0.00377498   0.00000000     0.01024625  -0.00000000     0.00558685  -0.00000000
  0.02672999  -0.00000000    -0.02031544   0.00000000    -0.00699411   0.00000000
  0.01108162  -0.00000000    -0.01418607   0.00000000    -0.00397452   0.00000000
    3    5
 -0.00377498   0.00000000    -0.01024625   0.00000000    -0.00558685   0.00000000
 -0.02672999   0.00000000    -0.02031544   0.00000000    -0.00699411   0.00000000
 -0.01108162   0.00000000    -0.01418607   0.00000000    -0.00397452   0.00000000
    3    6
 -0.00377498   0.00000000     0.00558685  -0.00000000     0.01024625  -0.00000000
  0.01108162  -0.00000000    -0.00397452   0.00000000    -0.01418607   0.00000000
  0.02672999  -0.00000000    -0.00699411   0.00000000    -0.02031544   0.00000000
    3    7
 -0.00377498   0.00000000    -0.00558685   0.00000000    -0.01024625   0.00000000
 -0.01108162   0.00000000    -0.00397452   0.00000000    -0.01418607   0.00000000
 -0.02672999   0.00000000    -0.00699411   0.00000000    -0.02031544   0.00000000
    4    1
 -0.01359394   0.00000000    -0.00000000  -0.00000000    -0.00000000  -0.00000000
  0.00000000  -0.00000000    -0.03458904   0.00000000    -0.00761947   0.00000000
 -0.00000000   0.00000000     0.02265872  -0.00000000     0.02931044  -0.00000000
    4    2
 -0.00377498  -0.00000000    -0.02672999  -0.00000000    -0.01108162  -0.00000000
 -0.01024625  -0.00000000    -0.02031544  -0.00000000    -0.01418607  -0.00000000
 -0.00558685  -0.00000000    -0.00699411  -0.00000000    -0.00397452  -0.00000000
    4    3
 -0.00377498  -0.00000000     0.02672999   0.00000000     0.01108162   0.00000000
  0.01024625   0.00000000    -0.02031544  -0.00000000    -0.01418607  -0.00000000
  0.00558685   0.00000000    -0.00699411  -0.00000000    -0.00397452  -0.00000000
    4    4
  0.03217826   0.00000000     0.00000000   0.00000000    -0.00000000   0.00000000
  0.00000000   0.00000000     0.06627881   0.00000000     0.01379393   0.00000000
 -0.00000000   0.00000000     0.01379393   0.00000000     0.08814791   0.00000000
    4    5
 -0.02418227   0.00000000    -0.00000000   0.00000000    -0.00000000   0.00000000
 -0.00000000   0.00000000     0.00781280  -0.00000000     0.02262606  -0.00000000
 -0.00000000   0.00000000     0.02262606  -0.00000000     0.04230897  -0.00000000
    4    6
  0.01309891   0.00000000    -0.00000000  -0.00000000    -0.00000000  -0.00000000
 -0.00000000  -0.00000000     0.03924262   0.00000000     0.03528793   0.00000000
 -0.00000000  -0.00000000     0.05476018   0.00000000     0.03924262   0.00000000
    4    7
 -0.01214231  -0.00000000    -0.00000000  -0.00000000     0.00000000   0.00000000
 -0.00000000   0.00000000    -0.00715592  -0.00000000     0.02968237   0.00000000
  0.00000000  -0.00000000     0.07182305   0.00000000    -0.00715592  -0.00000000
    5    1
  0.01359394  -0.00000000     0.00000000   0.00000000     0.00000000   0.00000000
 -0.00000000   0.00000000     0.03458904  -0.00000000     0.00761947  -0.00000000
  0.00000000  -0.00000000    -0.02265872   0.00000000    -0.02931044   0.00000000
    5    2
 -0.00377498   0.00000000     0.02672999  -0.00000000     0.01108162  -0.00000000
  0.01024625  -0.00000000    -0.02031544   0.00000000    -0.01418607   0.00000000
  0.00558685  -0.00000000    -0.00699411   0.00000000    -0.00397452   0.00000000
    5    3
 -0.00377498  -0.00000000    -0.02672999  -0.00000000    -0.01108162  -0.00000000
 -0.01024625  -0.00000000    -0.02031544  -0.00000000    -0.01418607  -0.00000000
 -0.00558685  -0.00000000    -0.00699411  -0.00000000    -0.00397452  -0.00000000
    5    4
 -0.02418227  -0.00000000    -0.00000000  -0.00000000    -0.00000000  -0.00000000
 -0.00000000  -0.00000000     0.00781280   0.00000000     0.02262606   0.00000000
 -0.00000000  -0.00000000     0.02262606   0.00000000     0.04230897   0.00000000
    5    5
  0.03217826   0.00000000     0.00000000   0.00000000    -0.00000000   0.00000000
 -0.00000000   0.00000000     0.06627881   0.00000000     0.01379393   0.00000000
 -0.00000000   0.00000000     0.01379393   0.00000000     0.08814791   0.00000000
    5    6
 -0.01214231  -0.00000000    -0.00000000  -0.00000000     0.00000000   0.00000000
  0.00000000   0.00000000    -0.00715592  -0.00000000     0.02968237   0.00000000
 -0.00000000  -0.00000000     0.07182305   0.00000000    -0.00715592  -0.00000000
    5    7
  0.01309891   0.00000000    -0.00000000  -0.00000000    -0.00000000  -0.00000000
 -0.00000000  -0.00000000     0.03924262   0.00000000     0.03528793   0.00000000
 -0.00000000  -0.00000000     0.05476018   0.00000000     0.03924262   0.00000000
    6    1
  0.01359394  -0.00000000     0.00000000   0.00000000    -0.00000000   0.00000000
  0.00000000  -0.00000000    -0.02931044   0.00000000    -0.02265872   0.00000000
 -0.00000000   0.00000000     0.00761947  -0.00000000     0.03458904  -0.00000000
    6    2
 -0.00377498   0.00000000    -0.01108162   0.00000000    -0.02672999   0.00000000
 -0.00558685   0.00000000    -0.00397452   0.00000000    -0.00699411   0.00000000
 -0.01024625   0.00000000    -0.01418607   0.00000000    -0.02031544   0.00000000
    6    3
 -0.00377498  -0.00000000     0.01108162   0.00000000     0.02672999   0.00000000
  0.00558685   0.00000000    -0.00397452  -0.00000000    -0.00699411  -0.00000000
  0.01024625   0.00000000    -0.01418607  -0.00000000    -0.02031544  -0.00000000
    6    4
  0.01309891  -0.00000000    -0.00000000   0.00000000    -0.00000000   0.00000000
 -0.00000000   0.00000000     0.03924262  -0.00000000     0.05476018  -0.00000000
 -0.00000000   0.00000000     0.03528793  -0.00000000     0.03924262  -0.00000000
    6    5
 -0.01214231   0.00000000     0.00000000  -0.00000000     0.00000000   0.00000000
 -0.00000000   0.00000000    -0.00715592   0.00000000     0.07182305  -0.00000000
  0.00000000  -0.00000000     0.02968237  -0.00000000    -0.00715592   0.00000000
    6    6
  0.03217826   0.00000000     0.00000000   0.00000000    -0.00000000   0.00000000
 -0.00000000   0.00000000     0.08814791   0.00000000     0.01379393   0.00000000
 -0.00000000   0.00000000     0.01379393   0.00000000     0.06627881   0.00000000
    6    7
 -0.02418227   0.00000000    -0.00000000  -0.00000000    -0.00000000  -0.00000000
  0.00000000  -0.00000000     0.04230897  -0.00000000     0.02262606  -0.00000000
  0.00000000  -0.00000000     0.02262606  -0.00000000     0.00781280  -0.00000000
    7    1
 -0.01359394   0.00000000    -0.00000000  -0.00000000     0.00000000  -0.00000000
 -0.00000000   0.00000000     0.02931044  -0.00000000     0.02265872  -0.00000000
  0.00000000  -0.00000000    -0.00761947   0.00000000    -0.03458904   0.00000000
    7    2
 -0.00377498   0.00000000     0.01108162  -0.00000000     0.02672999  -0.00000000
  0.00558685  -0.00000000    -0.00397452   0.00000000    -0.00699411   0.00000000
  0.01024625  -0.00000000    -0.01418607   0.00000000    -0.02031544   0.00000000
    7    3
 -0.00377498  -0.00000000    -0.01108162  -0.00000000    -0.02672999  -0.00000000
 -0.00558685  -0.00000000    -0.00397452  -0.00000000    -0.00699411  -0.00000000
 -0.01024625  -0.00000000    -0.01418607  -0.00000000    -0.02031544  -0.00000000
    7    4
 -0.01214231   0.00000000    -0.00000000  -0.00000000     0.00000000   0.00000000
 -0.00000000   0.00000000    -0.00715592   0.00000000     0.07182305  -0.00000000
  0.00000000  -0.00000000     0.02968237  -0.00000000    -0.00715592   0.00000000
    7    5
  0.01309891  -0.00000000    -0.00000000   0.00000000    -0.00000000   0.00000000
 -0.00000000   0.00000000     0.03924262  -0.00000000     0.05476018  -0.00000000
 -0.00000000   0.00000000     0.03528793  -0.00000000     0.03924262  -0.00000000
    7    6
 -0.02418227  -0.00000000    -0.00000000   0.00000000    -0.00000000   0.00000000
 -0.00000000   0.00000000     0.04230897   0.00000000     0.02262606   0.00000000
 -0.00000000   0.00000000     0.02262606   0.00000000     0.00781280   0.00000000
    7    7
  0.03217826   0.00000000     0.00000000   0.00000000    -0.00000000   0.00000000
  0.00000000   0.00000000     0.08814791   0.00000000     0.01379393   0.00000000
 -0.00000000   0.00000000     0.01379393   0.00000000     0.06627881   0.00000000

     Dynamical  Matrix in cartesian axes

     q = (    0.433012700   0.000000000  -0.433012700 ) 

    1    1
  0.14923252   0.00000000    -0.00000000   0.00000000    -0.07781576   0.00000000
 -0.00000000   0.00000000     0.04636456   0.00000000    -0.00000000   0.00000000
 -0.07781576   0.00000000    -0.00000000   0.00000000     0.14923252   0.00000000
    1    2
 -0.03458904   0.00000000     0.00000000   0.00000000    -0.02265872   0.00000000
 -0.00000000   0.00000000    -0.01359394   0.00000000    -0.00000000   0.00000000
  0.00761947  -0.00000000    -0.00000000  -0.00000000     0.02931044  -0.00000000
    1    3
 -0.03458904  -0.00000000     0.00000000  -0.00000000    -0.02265872  -0.00000000
 -0.00000000  -0.00000000    -0.01359394  -0.00000000    -0.00000000  -0.00000000
  0.00761947   0.00000000    -0.00000000   0.00000000     0.02931044   0.00000000
    1    4
  0.00000000  -0.00000000    -0.00904607  -0.00000000    -0.00000000   0.00000000
 -0.01888568  -0.00000000     0.00000000  -0.00000000    -0.01888568  -0.00000000
 -0.00000000   0.00000000    -0.00904607  -0.00000000     0.00000000  -0.00000000
    1    5
  0.00000000   0.00000000    -0.00904607   0.00000000     0.00000000  -0.00000000
 -0.01888568   0.00000000     0.00000000   0.00000000    -0.01888568   0.00000000
 -0.00000000  -0.00000000    -0.00904607   0.00000000     0.00000000   0.00000000
    1    6
  0.02931044  -0.00000000    -0.00000000  -0.00000000     0.00761947  -0.00000000
 -0.00000000   0.00000000    -0.01359394   0.00000000     0.00000000   0.00000000
 -0.02265872   0.00000000     0.00000000   0.00000000    -0.03458904   0.00000000
    1    7
  0.02931044   0.00000000    -0.00000000   0.00000000     0.00761947   0.00000000
 -0.00000000  -0.00000000    -0.01359394  -0.00000000    -0.00000000  -0.00000000
