  2.500000000000000E-002   1.26011648066226        2.33218954087644     
           6

     Dynamical  Matrix in cartesian axes

     q = (    0.000000000   0.000000000   0.433012700 ) 

    1    1
  0.03062873   0.00000000     0.00000000   0.00000000    -0.00000000   0.00000000
  0.00000000   0.00000000     0.03062873   0.00000000    -0.00000000   0.00000000
 -0.00000000   0.00000000    -0.00000000   0.00000000     0.34647407   0.00000000
    1    2
  0.00000000  -0.00201006     0.00000000  -0.00000000    -0.01552893  -0.00000000
  0.00000000  -0.00000000     0.00000000  -0.00012103    -0.00000000   0.00000000
 -0.06365670  -0.00000000    -0.00000000   0.00000000     0.00000000  -0.02574051
    1    3
  0.00201006   0.00000000     0.00000000  -0.00000000     0.00000000   0.01552893
 -0.00000000   0.00000000     0.00012103  -0.00000000    -0.00000000   0.00000000
  0.00000000   0.06365670    -0.00000000   0.00000000     0.02574051  -0.00000000
    1    4
  0.00012103  -0.00000000     0.00000000  -0.00000000    -0.00000000   0.00000000
  0.00000000  -0.00000000     0.00201006  -0.00000000     0.00000000   0.01552893
 -0.00000000   0.00000000     0.00000000   0.06365670     0.02574051  -0.00000000
    1    5
  0.00000000  -0.00012103     0.00000000  -0.00000000     0.00000000   0.00000000
  0.00000000  -0.00000000     0.00000000  -0.00201006    -0.01552893  -0.00000000
  0.00000000   0.00000000    -0.06365670  -0.00000000     0.00000000  -0.02574051
    1    6
 -0.00123245   0.01181974     0.00000000   0.00000000     0.00000000   0.00000000
  0.00000000   0.00000000    -0.01181974   0.00123245     0.00000000   0.00000000
  0.00000000   0.00000000     0.00000000   0.00000000    -0.00301539   0.00301539
    1    7
 -0.01181974   0.00123245     0.00000000   0.00000000     0.00000000  -0.00000000
  0.00000000   0.00000000    -0.00123245   0.01181974     0.00000000  -0.00000000
  0.00000000   0.00000000     0.00000000   0.00000000    -0.00301539   0.00301539
    2    1
  0.00000000   0.00201006     0.00000000   0.00000000    -0.06365670   0.00000000
  0.00000000   0.00000000     0.00000000   0.00012103     0.00000000  -0.00000000
 -0.01552893   0.00000000     0.00000000  -0.00000000     0.00000000   0.02574051
    2    2
  0.03138001   0.00000000    -0.00000000   0.00000000    -0.00000000  -0.00129574
 -0.00000000  -0.00000000     0.07871050  -0.00000000     0.00000000   0.00000000
 -0.00000000   0.00129574    -0.00000000   0.00000000     0.05391327   0.00000000
    2    3
 -0.00000000  -0.01371955     0.00000000   0.00000000    -0.00443488   0.00000000
  0.00000000   0.00000000    -0.00000000  -0.07450265     0.00000000  -0.00000000
 -0.00443488   0.00000000     0.00000000  -0.00000000     0.00000000   0.00425793
    2    4
 -0.00000000  -0.00216014    -0.00000000  -0.01693054    -0.00651072   0.00000000
 -0.00000000  -0.07488960    -0.00000000  -0.00216014     0.00002368  -0.00000000
  0.00002368  -0.00000000    -0.00651072   0.00000000     0.00000000   0.00428661
    2    5
 -0.00216014  -0.00000000     0.01693054   0.00000000     0.00000000   0.00651072
  0.07488960  -0.00000000    -0.00216014   0.00000000     0.00000000   0.00002368
 -0.00000000  -0.00002368     0.00000000  -0.00651072     0.00428661   0.00000000
    2    6
  0.00209920  -0.00376282    -0.00000000   0.00000000    -0.00053207  -0.00991264
 -0.00000000   0.00000000     0.00085625  -0.00102542    -0.00000000   0.00000000
  0.00240561  -0.02038915    -0.00000000   0.00000000     0.00827933  -0.02511381
    2    7
 -0.00376282   0.00209920    -0.00000000   0.00000000     0.00991264   0.00053207
 -0.00000000   0.00000000    -0.00102542   0.00085625     0.00000000  -0.00000000
  0.02038915  -0.00240561     0.00000000  -0.00000000    -0.02511381   0.00827933
    3    1
  0.00201006   0.00000000    -0.00000000   0.00000000     0.00000000  -0.06365670
  0.00000000   0.00000000     0.00012103   0.00000000    -0.00000000  -0.00000000
  0.00000000  -0.01552893    -0.00000000  -0.00000000     0.02574051   0.00000000
    3    2
 -0.00000000   0.01371955     0.00000000  -0.00000000    -0.00443488  -0.00000000
  0.00000000   0.00000000    -0.00000000   0.07450265     0.00000000   0.00000000
 -0.00443488  -0.00000000     0.00000000   0.00000000     0.00000000  -0.00425793
    3    3
  0.03138001  -0.00000000    -0.00000000  -0.00000000    -0.00000000   0.00129574
 -0.00000000   0.00000000     0.07871050   0.00000000     0.00000000   0.00000000
 -0.00000000  -0.00129574    -0.00000000  -0.00000000     0.05391327  -0.00000000
    3    4
 -0.00216014   0.00000000     0.01693054  -0.00000000     0.00000000  -0.00651072
  0.07488960  -0.00000000    -0.00216014   0.00000000     0.00000000  -0.00002368
 -0.00000000   0.00002368     0.00000000   0.00651072     0.00428661  -0.00000000
    3    5
 -0.00000000   0.00216014    -0.00000000   0.01693054    -0.00651072  -0.00000000
 -0.00000000   0.07488960    -0.00000000   0.00216014     0.00002368   0.00000000
  0.00002368   0.00000000    -0.00651072  -0.00000000     0.00000000  -0.00428661
    3    6
 -0.00376282  -0.00209920    -0.00000000   0.00000000     0.00991264  -0.00053207
 -0.00000000   0.00000000    -0.00102542  -0.00085625     0.00000000   0.00000000
  0.02038915   0.00240561     0.00000000   0.00000000    -0.02511381  -0.00827933
    3    7
  0.00209920   0.00376282    -0.00000000  -0.00000000    -0.00053207   0.00991264
 -0.00000000  -0.00000000     0.00085625   0.00102542    -0.00000000  -0.00000000
  0.00240561   0.02038915    -0.00000000  -0.00000000     0.00827933   0.02511381
    4    1
  0.00012103   0.00000000     0.00000000   0.00000000    -0.00000000   0.00000000
  0.00000000   0.00000000     0.00201006   0.00000000     0.00000000  -0.06365670
 -0.00000000   0.00000000     0.00000000  -0.01552893     0.02574051   0.00000000
    4    2
 -0.00000000   0.00216014    -0.00000000   0.07488960     0.00002368   0.00000000
 -0.00000000   0.01693054    -0.00000000   0.00216014    -0.00651072  -0.00000000
 -0.00651072  -0.00000000     0.00002368   0.00000000     0.00000000  -0.00428661
    4    3
 -0.00216014  -0.00000000     0.07488960   0.00000000     0.00000000  -0.00002368
  0.01693054   0.00000000    -0.00216014   0.00000000     0.00000000  -0.00651072
 -0.00000000   0.00651072     0.00000000   0.00002368     0.00428661   0.00000000
    4    4
  0.07871050   0.00000000     0.00000000   0.00000000     0.00000000   0.00000000
  0.00000000  -0.00000000     0.03138001  -0.00000000    -0.00000000   0.00129574
  0.00000000   0.00000000    -0.00000000  -0.00129574     0.05391327  -0.00000000
    4    5
 -0.00000000   0.07450265     0.00000000  -0.00000000    -0.00000000   0.00000000
  0.00000000  -0.00000000    -0.00000000   0.01371955    -0.00443488  -0.00000000
 -0.00000000   0.00000000    -0.00443488  -0.00000000     0.00000000  -0.00425793
    4    6
  0.00085625   0.00102542    -0.00000000  -0.00000000    -0.00000000  -0.00000000
  0.00000000  -0.00000000     0.00209920   0.00376282    -0.00053207   0.00991264
 -0.00000000  -0.00000000     0.00240561   0.02038915     0.00827933   0.02511381
    4    7
 -0.00102542  -0.00085625    -0.00000000  -0.00000000     0.00000000   0.00000000
 -0.00000000  -0.00000000    -0.00376282  -0.00209920     0.00991264  -0.00053207
  0.00000000   0.00000000     0.02038915   0.00240561    -0.02511381  -0.00827933
    5    1
  0.00000000   0.00012103     0.00000000   0.00000000     0.00000000  -0.00000000
  0.00000000   0.00000000     0.00000000   0.00201006    -0.06365670   0.00000000
  0.00000000  -0.00000000    -0.01552893   0.00000000     0.00000000   0.02574051
    5    2
 -0.00216014   0.00000000     0.07488960  -0.00000000    -0.00000000   0.00002368
  0.01693054   0.00000000    -0.00216014  -0.00000000     0.00000000   0.00651072
 -0.00000000  -0.00651072     0.00000000  -0.00002368     0.00428661   0.00000000
    5    3
 -0.00000000  -0.00216014    -0.00000000  -0.07488960     0.00002368  -0.00000000
 -0.00000000  -0.01693054    -0.00000000  -0.00216014    -0.00651072   0.00000000
 -0.00651072   0.00000000     0.00002368  -0.00000000     0.00000000   0.00428661
    5    4
 -0.00000000  -0.07450265     0.00000000   0.00000000    -0.00000000   0.00000000
  0.00000000   0.00000000    -0.00000000  -0.01371955    -0.00443488   0.00000000
 -0.00000000   0.00000000    -0.00443488   0.00000000     0.00000000   0.00425793
    5    5
  0.07871050  -0.00000000     0.00000000  -0.00000000     0.00000000  -0.00000000
  0.00000000   0.00000000     0.03138001   0.00000000    -0.00000000  -0.00129574
  0.00000000  -0.00000000    -0.00000000   0.00129574     0.05391327   0.00000000
    5    6
 -0.00102542   0.00085625    -0.00000000   0.00000000     0.00000000  -0.00000000
  0.00000000   0.00000000    -0.00376282   0.00209920     0.00991264   0.00053207
  0.00000000  -0.00000000     0.02038915  -0.00240561    -0.02511381   0.00827933
    5    7
  0.00085625  -0.00102542    -0.00000000   0.00000000    -0.00000000   0.00000000
 -0.00000000   0.00000000     0.00209920  -0.00376282    -0.00053207  -0.00991264
 -0.00000000   0.00000000     0.00240561  -0.02038915     0.00827933  -0.02511381
    6    1
 -0.00123245  -0.01181974     0.00000000   0.00000000     0.00000000   0.00000000
  0.00000000   0.00000000    -0.01181974  -0.00123245     0.00000000   0.00000000
  0.00000000   0.00000000     0.00000000  -0.00000000    -0.00301539  -0.00301539
    6    2
  0.00209920   0.00376282     0.00000000  -0.00000000     0.00240561   0.02038915
 -0.00000000  -0.00000000     0.00085625   0.00102542    -0.00000000  -0.00000000
 -0.00053207   0.00991264    -0.00000000  -0.00000000     0.00827933   0.02511381
    6    3
 -0.00376282   0.00209920    -0.00000000   0.00000000     0.02038915  -0.00240561
 -0.00000000   0.00000000    -0.00102542   0.00085625     0.00000000   0.00000000
  0.00991264   0.00053207     0.00000000  -0.00000000    -0.02511381   0.00827933
    6    4
  0.00085625  -0.00102542     0.00000000   0.00000000    -0.00000000   0.00000000
 -0.00000000   0.00000000     0.00209920  -0.00376282     0.00240561  -0.02038915
 -0.00000000   0.00000000    -0.00053207  -0.00991264     0.00827933  -0.02511381
    6    5
 -0.00102542  -0.00085625    -0.00000000   0.00000000     0.00000000   0.00000000
  0.00000000  -0.00000000    -0.00376282  -0.00209920     0.02038915   0.00240561
  0.00000000   0.00000000     0.00991264  -0.00053207    -0.02511381  -0.00827933
    6    6
  0.02937721  -0.00000000     0.00000000   0.00000000    -0.00000000   0.00000000
  0.00000000   0.00000000     0.02937721   0.00000000    -0.00000000   0.00000000
 -0.00000000   0.00000000    -0.00000000   0.00000000     0.08608473   0.00000000
    6    7
  0.00118300   0.02103207    -0.00000000  -0.00000000     0.00000000   0.00000000
 -0.00000000  -0.00000000     0.00118300  -0.02103207     0.00000000   0.00000000
  0.00000000   0.00000000     0.00000000   0.00000000    -0.01597403  -0.00000000
    7    1
 -0.01181974  -0.00123245     0.00000000   0.00000000     0.00000000   0.00000000
  0.00000000   0.00000000    -0.00123245  -0.01181974     0.00000000   0.00000000
  0.00000000   0.00000000     0.00000000   0.00000000    -0.00301539  -0.00301539
    7    2
 -0.00376282  -0.00209920    -0.00000000  -0.00000000     0.02038915   0.00240561
 -0.00000000  -0.00000000    -0.00102542  -0.00085625     0.00000000   0.00000000
  0.00991264  -0.00053207     0.00000000   0.00000000    -0.02511381  -0.00827933
    7    3
  0.00209920  -0.00376282     0.00000000   0.00000000     0.00240561  -0.02038915
 -0.00000000   0.00000000     0.00085625  -0.00102542    -0.00000000   0.00000000
 -0.00053207  -0.00991264    -0.00000000   0.00000000     0.00827933  -0.02511381
    7    4
 -0.00102542   0.00085625    -0.00000000   0.00000000     0.00000000  -0.00000000
  0.00000000   0.00000000    -0.00376282   0.00209920     0.02038915  -0.00240561
  0.00000000  -0.00000000     0.00991264   0.00053207    -0.02511381   0.00827933
    7    5
  0.00085625   0.00102542    -0.00000000  -0.00000000    -0.00000000  -0.00000000
 -0.00000000  -0.00000000     0.00209920   0.00376282     0.00240561   0.02038915
 -0.00000000  -0.00000000    -0.00053207   0.00991264     0.00827933   0.02511381
    7    6
  0.00118300  -0.02103207    -0.00000000   0.00000000     0.00000000   0.00000000
 -0.00000000   0.00000000     0.00118300   0.02103207     0.00000000   0.00000000
  0.00000000   0.00000000     0.00000000   0.00000000    -0.01597403   0.00000000
    7    7
  0.02937721   0.00000000     0.00000000  -0.00000000    -0.00000000  -0.00000000
  0.00000000  -0.00000000     0.02937721  -0.00000000    -0.00000000  -0.00000000
 -0.00000000  -0.00000000    -0.00000000  -0.00000000     0.08608473  -0.00000000

     Dynamical  Matrix in cartesian axes

     q = (    0.433012700  -0.000000000   0.000000000 ) 

    1    1
  0.34647407   0.00000000    -0.00000000   0.00000000    -0.00000000   0.00000000
  0.00000000   0.00000000     0.03062873   0.00000000    -0.00000000   0.00000000
  0.00000000   0.00000000    -0.00000000   0.00000000     0.03062873   0.00000000
    1    2
 -0.00301539   0.00301539     0.00000000  -0.00000000     0.00000000   0.00000000
  0.00000000  -0.00000000    -0.00123245   0.01181974     0.00000000  -0.00000000
  0.00000000   0.00000000     0.00000000  -0.00000000    -0.01181974   0.00123245
    1    3
 -0.00301539   0.00301539     0.00000000   0.00000000    -0.00000000  -0.00000000
  0.00000000   0.00000000    -0.01181974   0.00123245    -0.00000000  -0.00000000
 -0.00000000  -0.00000000    -0.00000000  -0.00000000    -0.00123245   0.01181974
    1    4
  0.00000000  -0.02574051    -0.06365670  -0.00000000     0.00000000   0.00000000
 -0.01552893  -0.00000000     0.00000000  -0.00201006     0.00000000   0.00000000
  0.00000000  -0.00000000     0.00000000   0.00000000     0.00000000  -0.00012103
    1    5
  0.02574051  -0.00000000     0.00000000   0.06365670     0.00000000   0.00000000
  0.00000000   0.01552893     0.00201006   0.00000000     0.00000000   0.00000000
  0.00000000   0.00000000    -0.00000000  -0.00000000     0.00012103   0.00000000
    1    6
  0.02574051  -0.00000000     0.00000000  -0.00000000     0.00000000   0.06365670
  0.00000000  -0.00000000     0.00012103   0.00000000     0.00000000   0.00000000
  0.00000000   0.01552893     0.00000000  -0.00000000     0.00201006  -0.00000000
    1    7
  0.00000000  -0.02574051     0.00000000   0.00000000    -0.06365670  -0.00000000
  0.00000000   0.00000000     0.00000000  -0.00012103    -0.00000000   0.00000000
 -0.01552893  -0.00000000    -0.00000000   0.00000000     0.00000000  -0.00201006
    2    1
 -0.00301539  -0.00301539     0.00000000   0.00000000     0.00000000   0.00000000
  0.00000000   0.00000000    -0.00123245  -0.01181974     0.00000000   0.00000000
  0.00000000   0.00000000     0.00000000   0.00000000    -0.01181974  -0.00123245
    2    2
  0.08608473  -0.00000000    -0.00000000  -0.00000000    -0.00000000  -0.00000000
  0.00000000  -0.00000000     0.02937721  -0.00000000    -0.00000000  -0.00000000
 -0.00000000  -0.00000000    -0.00000000  -0.00000000     0.02937721   0.00000000
    2    3
 -0.01597403  -0.00000000     0.00000000  -0.00000000    -0.00000000   0.00000000
 -0.00000000  -0.00000000     0.00118300   0.02103207     0.00000000   0.00000000
 -0.00000000   0.00000000    -0.00000000   0.00000000     0.00118300  -0.02103207
    2    4
  0.00827933   0.02511381    -0.00053207   0.00991264     0.00000000  -0.00000000
  0.00240561   0.02038915     0.00209920   0.00376282     0.00000000  -0.00000000
 -0.00000000   0.00000000    -0.00000000   0.00000000     0.00085625   0.00102542
    2    5
 -0.02511381   0.00827933     0.00991264   0.00053207     0.00000000  -0.00000000
  0.02038915  -0.00240561    -0.00376282   0.00209920    -0.00000000   0.00000000
 -0.00000000   0.00000000     0.00000000   0.00000000    -0.00102542   0.00085625
    2    6
  0.00827933  -0.02511381     0.00000000   0.00000000    -0.00053207  -0.00991264
 -0.00000000   0.00000000     0.00085625  -0.00102542    -0.00000000   0.00000000
  0.00240561  -0.02038915    -0.00000000   0.00000000     0.00209920  -0.00376282
    2    7
 -0.02511381  -0.00827933    -0.00000000   0.00000000     0.00991264  -0.00053207
 -0.00000000  -0.00000000    -0.00102542  -0.00085625    -0.00000000   0.00000000
  0.02038915   0.00240561    -0.00000000   0.00000000    -0.00376282  -0.00209920
    3    1
 -0.00301539  -0.00301539     0.00000000   0.00000000     0.00000000   0.00000000
  0.00000000   0.00000000    -0.01181974  -0.00123245     0.00000000   0.00000000
  0.00000000   0.00000000     0.00000000   0.00000000    -0.00123245  -0.01181974
    3    2
 -0.01597403   0.00000000     0.00000000   0.00000000    -0.00000000  -0.00000000
 -0.00000000   0.00000000     0.00118300  -0.02103207     0.00000000  -0.00000000
 -0.00000000  -0.00000000    -0.00000000  -0.00000000     0.00118300   0.02103207
    3    3
  0.08608473   0.00000000    -0.00000000   0.00000000    -0.00000000   0.00000000
  0.00000000   0.00000000     0.02937721   0.00000000    -0.00000000   0.00000000
 -0.00000000   0.00000000    -0.00000000   0.00000000     0.02937721  -0.00000000
    3    4
 -0.02511381  -0.00827933     0.00991264  -0.00053207     0.00000000  -0.00000000
  0.02038915   0.00240561    -0.00376282  -0.00209920    -0.00000000  -0.00000000
 -0.00000000  -0.00000000     0.00000000   0.00000000    -0.00102542  -0.00085625
    3    5
  0.00827933  -0.02511381    -0.00053207  -0.00991264     0.00000000   0.00000000
  0.00240561  -0.02038915     0.00209920  -0.00376282    -0.00000000   0.00000000
  0.00000000   0.00000000    -0.00000000   0.00000000     0.00085625  -0.00102542
    3    6
 -0.02511381   0.00827933    -0.00000000  -0.00000000     0.00991264   0.00053207
 -0.00000000   0.00000000    -0.00102542   0.00085625    -0.00000000  -0.00000000
  0.02038915  -0.00240561    -0.00000000  -0.00000000    -0.00376282   0.00209920
    3    7
  0.00827933   0.02511381     0.00000000  -0.00000000    -0.00053207   0.00991264
 -0.00000000  -0.00000000     0.00085625   0.00102542    -0.00000000  -0.00000000
  0.00240561   0.02038915    -0.00000000  -0.00000000     0.00209920   0.00376282
    4    1
  0.00000000   0.02574051    -0.01552893   0.00000000     0.00000000   0.00000000
 -0.06365670   0.00000000     0.00000000   0.00201006    -0.00000000   0.00000000
 -0.00000000   0.00000000    -0.00000000   0.00000000     0.00000000   0.00012103
    4    2
  0.00827933  -0.02511381     0.00240561  -0.02038915    -0.00000000   0.00000000
 -0.00053207  -0.00991264     0.00209920  -0.00376282    -0.00000000   0.00000000
 -0.00000000  -0.00000000     0.00000000  -0.00000000     0.00085625  -0.00102542
    4    3
 -0.02511381   0.00827933     0.02038915  -0.00240561    -0.00000000  -0.00000000
  0.00991264   0.00053207    -0.00376282   0.00209920    -0.00000000  -0.00000000
 -0.00000000  -0.00000000     0.00000000   0.00000000    -0.00102542   0.00085625
    4    4
  0.05391327  -0.00000000     0.00000000   0.00129574    -0.00000000   0.00000000
  0.00000000  -0.00129574     0.03138001  -0.00000000    -0.00000000   0.00000000
 -0.00000000   0.00000000    -0.00000000   0.00000000     0.07871050  -0.00000000
    4    5
  0.00000000   0.00425793    -0.00443488   0.00000000    -0.00000000   0.00000000
 -0.00443488   0.00000000    -0.00000000  -0.01371955     0.00000000   0.00000000
  0.00000000   0.00000000    -0.00000000   0.00000000    -0.00000000  -0.07450265
    4    6
  0.00000000   0.00428661     0.00002368  -0.00000000    -0.00651072   0.00000000
 -0.00651072   0.00000000    -0.00000000  -0.00216014    -0.00000000  -0.01693054
  0.00002368  -0.00000000    -0.00000000  -0.07488960    -0.00000000  -0.00216014
    4    7
  0.00428661  -0.00000000     0.00000000  -0.00002368    -0.00000000  -0.00651072
  0.00000000   0.00651072    -0.00216014   0.00000000     0.01693054  -0.00000000
  0.00000000   0.00002368     0.07488960  -0.00000000    -0.00216014   0.00000000
    5    1
  0.02574051   0.00000000     0.00000000  -0.01552893     0.00000000  -0.00000000
  0.00000000  -0.06365670     0.00201006   0.00000000     0.00000000   0.00000000
  0.00000000  -0.00000000     0.00000000  -0.00000000     0.00012103   0.00000000
    5    2
 -0.02511381  -0.00827933     0.02038915   0.00240561     0.00000000  -0.00000000
  0.00991264  -0.00053207    -0.00376282  -0.00209920     0.00000000  -0.00000000
 -0.00000000   0.00000000     0.00000000   0.00000000    -0.00102542  -0.00085625
    5    3
  0.00827933   0.02511381     0.00240561   0.02038915     0.00000000   0.00000000
 -0.00053207   0.00991264     0.00209920   0.00376282     0.00000000   0.00000000
 -0.00000000  -0.00000000    -0.00000000  -0.00000000     0.00085625   0.00102542
    5    4
  0.00000000  -0.00425793    -0.00443488  -0.00000000    -0.00000000  -0.00000000
 -0.00443488  -0.00000000    -0.00000000   0.01371955     0.00000000  -0.00000000
  0.00000000  -0.00000000    -0.00000000  -0.00000000    -0.00000000   0.07450265
    5    5
  0.05391327   0.00000000     0.00000000  -0.00129574    -0.00000000   0.00000000
  0.00000000   0.00129574     0.03138001   0.00000000    -0.00000000   0.00000000
 -0.00000000   0.00000000    -0.00000000   0.00000000     0.07871050   0.00000000
    5    6
  0.00428661   0.00000000     0.00000000   0.00002368    -0.00000000   0.00651072
  0.00000000  -0.00651072    -0.00216014  -0.00000000     0.01693054   0.00000000
  0.00000000  -0.00002368     0.07488960   0.00000000    -0.00216014  -0.00000000
    5    7
  0.00000000  -0.00428661     0.00002368   0.00000000    -0.00651072  -0.00000000
 -0.00651072  -0.00000000    -0.00000000   0.00216014    -0.00000000   0.01693054
  0.00002368   0.00000000    -0.00000000   0.07488960    -0.00000000   0.00216014
    6    1
  0.02574051   0.00000000     0.00000000   0.00000000     0.00000000  -0.01552893
 -0.00000000   0.00000000     0.00012103   0.00000000     0.00000000  -0.00000000
  0.00000000  -0.06365670     0.00000000   0.00000000     0.00201006   0.00000000
    6    2
  0.00827933   0.02511381    -0.00000000  -0.00000000     0.00240561   0.02038915
 -0.00000000  -0.00000000     0.00085625   0.00102542    -0.00000000   0.00000000
 -0.00053207   0.00991264    -0.00000000   0.00000000     0.00209920   0.00376282
    6    3
 -0.02511381  -0.00827933    -0.00000000   0.00000000     0.02038915   0.00240561
 -0.00000000   0.00000000    -0.00102542  -0.00085625    -0.00000000   0.00000000
  0.00991264  -0.00053207     0.00000000   0.00000000    -0.00376282  -0.00209920
    6    4
  0.00000000  -0.00428661    -0.00651072  -0.00000000     0.00002368   0.00000000
  0.00002368   0.00000000    -0.00000000   0.00216014    -0.00000000   0.07488960
 -0.00651072  -0.00000000    -0.00000000   0.01693054    -0.00000000   0.00216014
    6    5
  0.00428661  -0.00000000     0.00000000   0.00651072     0.00000000   0.00002368
 -0.00000000  -0.00002368    -0.00216014   0.00000000     0.07488960  -0.00000000
 -0.00000000  -0.00651072     0.01693054  -0.00000000    -0.00216014   0.00000000
    6    6
  0.05391327  -0.00000000    -0.00000000   0.00000000    -0.00000000  -0.00129574
  0.00000000  -0.00000000     0.07871050   0.00000000     0.00000000   0.00000000
 -0.00000000   0.00129574     0.00000000   0.00000000     0.03138001   0.00000000
    6    7
  0.00000000  -0.00425793     0.00000000   0.00000000    -0.00443488  -0.00000000
  0.00000000   0.00000000    -0.00000000   0.07450265     0.00000000   0.00000000
 -0.00443488  -0.00000000     0.00000000   0.00000000    -0.00000000   0.01371955
    7    1
  0.00000000   0.02574051     0.00000000  -0.00000000    -0.01552893   0.00000000
  0.00000000  -0.00000000     0.00000000   0.00012103     0.00000000   0.00000000
 -0.06365670   0.00000000     0.00000000   0.00000000     0.00000000   0.00201006
    7    2
 -0.02511381   0.00827933    -0.00000000  -0.00000000     0.02038915  -0.00240561
 -0.00000000  -0.00000000    -0.00102542   0.00085625    -0.00000000  -0.00000000
  0.00991264   0.00053207     0.00000000  -0.00000000    -0.00376282   0.00209920
    7    3
  0.00827933  -0.02511381    -0.00000000   0.00000000     0.00240561  -0.02038915
 -0.00000000   0.00000000     0.00085625  -0.00102542    -0.00000000   0.00000000
 -0.00053207  -0.00991264    -0.00000000   0.00000000     0.00209920  -0.00376282
    7    4
  0.00428661   0.00000000     0.00000000  -0.00651072     0.00000000  -0.00002368
 -0.00000000   0.00002368    -0.00216014  -0.00000000     0.07488960   0.00000000
 -0.00000000   0.00651072     0.01693054   0.00000000    -0.00216014  -0.00000000
    7    5
  0.00000000   0.00428661    -0.00651072   0.00000000     0.00002368  -0.00000000
  0.00002368  -0.00000000    -0.00000000  -0.00216014    -0.00000000  -0.07488960
 -0.00651072   0.00000000    -0.00000000  -0.01693054    -0.00000000  -0.00216014
    7    6
  0.00000000   0.00425793     0.00000000   0.00000000    -0.00443488   0.00000000
  0.00000000   0.00000000    -0.00000000  -0.07450265     0.00000000   0.00000000
 -0.00443488   0.00000000     0.00000000  -0.00000000    -0.00000000  -0.01371955
    7    7
  0.05391327   0.00000000    -0.00000000  -0.00000000    -0.00000000   0.00129574
  0.00000000   0.00000000     0.07871050  -0.00000000     0.00000000   0.00000000
 -0.00000000  -0.00129574     0.00000000   0.00000000     0.03138001  -0.00000000

     Dynamical  Matrix in cartesian axes

     q = (   -0.433012700  -0.000000000  -0.000000000 ) 

    1    1
  0.34647407   0.00000000    -0.00000000   0.00000000    -0.00000000   0.00000000
  0.00000000   0.00000000     0.03062873   0.00000000    -0.00000000   0.00000000
 -0.00000000   0.00000000    -0.00000000   0.00000000     0.03062873   0.00000000
    1    2
 -0.00301539  -0.00301539    -0.00000000   0.00000000     0.00000000   0.00000000
 -0.00000000   0.00000000    -0.00123245  -0.01181974     0.00000000   0.00000000
  0.00000000   0.00000000     0.00000000   0.00000000    -0.01181974  -0.00123245
    1    3
 -0.00301539  -0.00301539     0.00000000   0.00000000     0.00000000   0.00000000
  0.00000000   0.00000000    -0.01181974  -0.00123245     0.00000000   0.00000000
 -0.00000000   0.00000000    -0.00000000   0.00000000    -0.00123245  -0.01181974
    1    4
  0.00000000   0.02574051    -0.06365670   0.00000000     0.00000000  -0.00000000
 -0.01552893   0.00000000     0.00000000   0.00201006     0.00000000   0.00000000
  0.00000000  -0.00000000    -0.00000000   0.00000000     0.00000000   0.00012103
    1    5
  0.02574051   0.00000000     0.00000000  -0.06365670     0.00000000  -0.00000000
  0.00000000  -0.01552893     0.00201006  -0.00000000     0.00000000   0.00000000
  0.00000000  -0.00000000     0.00000000   0.00000000     0.00012103  -0.00000000
    1    6
  0.02574051   0.00000000     0.00000000   0.00000000     0.00000000  -0.06365670
 -0.00000000   0.00000000     0.00012103   0.00000000     0.00000000  -0.00000000
  0.00000000  -0.01552893     0.00000000   0.00000000     0.00201006   0.00000000
    1    7
  0.00000000   0.02574051     0.00000000  -0.00000000    -0.06365670   0.00000000
 -0.00000000  -0.00000000     0.00000000   0.00012103    -0.00000000   0.00000000
 -0.01552893   0.00000000    -0.00000000  -0.00000000     0.00000000   0.00201006
    2    1
 -0.00301539   0.00301539    -0.00000000  -0.00000000     0.00000000   0.00000000
 -0.00000000  -0.00000000    -0.00123245   0.01181974     0.00000000  -0.00000000
  0.00000000  -0.00000000     0.00000000   0.00000000    -0.01181974   0.00123245
    2    2
  0.08608473   0.00000000    -0.00000000   0.00000000    -0.00000000   0.00000000
 -0.00000000   0.00000000     0.02937721   0.00000000    -0.00000000   0.00000000
 -0.00000000   0.00000000    -0.00000000   0.00000000     0.02937721  -0.00000000
    2    3
 -0.01597403  -0.00000000     0.00000000   0.00000000     0.00000000  -0.00000000
  0.00000000   0.00000000     0.00118300  -0.02103207    -0.00000000  -0.00000000
  0.00000000  -0.00000000    -0.00000000  -0.00000000     0.00118300   0.02103207
    2    4
  0.00827933  -0.02511381    -0.00053207  -0.00991264     0.00000000   0.00000000
  0.00240561  -0.02038915     0.00209920  -0.00376282     0.00000000   0.00000000
  0.00000000   0.00000000    -0.00000000   0.00000000     0.00085625  -0.00102542
    2    5
 -0.02511381  -0.00827933     0.00991264  -0.00053207    -0.00000000   0.00000000
  0.02038915   0.00240561    -0.00376282  -0.00209920    -0.00000000   0.00000000
 -0.00000000   0.00000000    -0.00000000  -0.00000000    -0.00102542  -0.00085625
    2    6
  0.00827933   0.02511381     0.00000000  -0.00000000    -0.00053207   0.00991264
 -0.00000000  -0.00000000     0.00085625   0.00102542    -0.00000000  -0.00000000
  0.00240561   0.02038915    -0.00000000  -0.00000000     0.00209920   0.00376282
    2    7
 -0.02511381   0.00827933    -0.00000000   0.00000000     0.00991264   0.00053207
 -0.00000000   0.00000000    -0.00102542   0.00085625     0.00000000   0.00000000
  0.02038915  -0.00240561    -0.00000000   0.00000000    -0.00376282   0.00209920
    3    1
 -0.00301539   0.00301539     0.00000000   0.00000000     0.00000000  -0.00000000
  0.00000000   0.00000000    -0.01181974   0.00123245     0.00000000  -0.00000000
  0.00000000  -0.00000000     0.00000000  -0.00000000    -0.00123245   0.01181974
    3    2
 -0.01597403   0.00000000     0.00000000  -0.00000000     0.00000000   0.00000000
  0.00000000  -0.00000000     0.00118300   0.02103207    -0.00000000   0.00000000
  0.00000000   0.00000000    -0.00000000   0.00000000     0.00118300  -0.02103207
    3    3
  0.08608473  -0.00000000    -0.00000000  -0.00000000    -0.00000000  -0.00000000
 -0.00000000  -0.00000000     0.02937721  -0.00000000    -0.00000000  -0.00000000
 -0.00000000  -0.00000000    -0.00000000  -0.00000000     0.02937721   0.00000000
    3    4
 -0.02511381   0.00827933     0.00991264   0.00053207    -0.00000000  -0.00000000
  0.02038915  -0.00240561    -0.00376282   0.00209920    -0.00000000  -0.00000000
  0.00000000   0.00000000     0.00000000   0.00000000    -0.00102542   0.00085625
    3    5
  0.00827933   0.02511381    -0.00053207   0.00991264    -0.00000000  -0.00000000
  0.00240561   0.02038915     0.00209920   0.00376282    -0.00000000  -0.00000000
 -0.00000000   0.00000000    -0.00000000   0.00000000     0.00085625   0.00102542
    3    6
 -0.02511381  -0.00827933    -0.00000000   0.00000000     0.00991264  -0.00053207
 -0.00000000  -0.00000000    -0.00102542  -0.00085625    -0.00000000   0.00000000
  0.02038915   0.00240561    -0.00000000   0.00000000    -0.00376282  -0.00209920
    3    7
  0.00827933  -0.02511381    -0.00000000   0.00000000    -0.00053207  -0.00991264
 -0.00000000   0.00000000     0.00085625  -0.00102542    -0.00000000   0.00000000
  0.00240561  -0.02038915    -0.00000000   0.00000000     0.00209920  -0.00376282
    4    1
  0.00000000  -0.02574051    -0.01552893  -0.00000000    -0.00000000   0.00000000
 -0.06365670  -0.00000000     0.00000000  -0.00201006     0.00000000  -0.00000000
 -0.00000000  -0.00000000     0.00000000   0.00000000     0.00000000  -0.00012103
    4    2
  0.00827933   0.02511381     0.00240561   0.02038915     0.00000000   0.00000000
 -0.00053207   0.00991264     0.00209920   0.00376282    -0.00000000   0.00000000
  0.00000000  -0.00000000     0.00000000  -0.00000000     0.00085625   0.00102542
    4    3
 -0.02511381  -0.00827933     0.02038915   0.00240561     0.00000000   0.00000000
  0.00991264  -0.00053207    -0.00376282  -0.00209920     0.00000000   0.00000000
 -0.00000000   0.00000000     0.00000000   0.00000000    -0.00102542  -0.00085625
    4    4
  0.05391327   0.00000000    -0.00000000  -0.00129574    -0.00000000   0.00000000
  0.00000000   0.00129574     0.03138001   0.00000000    -0.00000000   0.00000000
  0.00000000   0.00000000    -0.00000000   0.00000000     0.07871050   0.00000000
    4    5
  0.00000000  -0.00425793    -0.00443488  -0.00000000    -0.00000000  -0.00000000
 -0.00443488  -0.00000000    -0.00000000   0.01371955    -0.00000000  -0.00000000
 -0.00000000  -0.00000000     0.00000000  -0.00000000    -0.00000000   0.07450265
    4    6
  0.00000000  -0.00428661     0.00002368   0.00000000    -0.00651072  -0.00000000
 -0.00651072  -0.00000000    -0.00000000   0.00216014    -0.00000000   0.01693054
  0.00002368   0.00000000    -0.00000000   0.07488960    -0.00000000   0.00216014
    4    7
  0.00428661  -0.00000000    -0.00000000   0.00002368     0.00000000   0.00651072
  0.00000000  -0.00651072    -0.00216014   0.00000000     0.01693054  -0.00000000
  0.00000000  -0.00002368     0.07488960  -0.00000000    -0.00216014   0.00000000
    5    1
  0.02574051  -0.00000000     0.00000000   0.01552893     0.00000000   0.00000000
  0.00000000   0.06365670     0.00201006  -0.00000000     0.00000000   0.00000000
  0.00000000   0.00000000     0.00000000   0.00000000     0.00012103   0.00000000
    5    2
 -0.02511381   0.00827933     0.02038915  -0.00240561    -0.00000000   0.00000000
  0.00991264   0.00053207    -0.00376282   0.00209920    -0.00000000   0.00000000
 -0.00000000   0.00000000     0.00000000  -0.00000000    -0.00102542   0.00085625
    5    3
  0.00827933  -0.02511381     0.00240561  -0.02038915    -0.00000000   0.00000000
 -0.00053207  -0.00991264     0.00209920  -0.00376282    -0.00000000   0.00000000
 -0.00000000  -0.00000000    -0.00000000  -0.00000000     0.00085625  -0.00102542
    5    4
  0.00000000   0.00425793    -0.00443488   0.00000000    -0.00000000   0.00000000
 -0.00443488   0.00000000    -0.00000000  -0.01371955    -0.00000000   0.00000000
 -0.00000000   0.00000000     0.00000000   0.00000000    -0.00000000  -0.07450265
    5    5
  0.05391327  -0.00000000    -0.00000000   0.00129574    -0.00000000   0.00000000
  0.00000000  -0.00129574     0.03138001  -0.00000000    -0.00000000   0.00000000
  0.00000000   0.00000000    -0.00000000   0.00000000     0.07871050  -0.00000000
    5    6
  0.00428661   0.00000000    -0.00000000  -0.00002368     0.00000000  -0.00651072
  0.00000000   0.00651072    -0.00216014  -0.00000000     0.01693054   0.00000000
  0.00000000   0.00002368     0.07488960   0.00000000    -0.00216014  -0.00000000
    5    7
  0.00000000   0.00428661     0.00002368  -0.00000000    -0.00651072   0.00000000
 -0.00651072   0.00000000    -0.00000000  -0.00216014    -0.00000000  -0.01693054
  0.00002368  -0.00000000    -0.00000000  -0.07488960    -0.00000000  -0.00216014
    6    1
  0.02574051  -0.00000000     0.00000000  -0.00000000     0.00000000   0.01552893
  0.00000000   0.00000000     0.00012103  -0.00000000     0.00000000  -0.00000000
  0.00000000   0.06365670     0.00000000  -0.00000000     0.00201006   0.00000000
    6    2
  0.00827933  -0.02511381    -0.00000000   0.00000000     0.00240561  -0.02038915
 -0.00000000   0.00000000     0.00085625  -0.00102542     0.00000000  -0.00000000
 -0.00053207  -0.00991264     0.00000000   0.00000000     0.00209920  -0.00376282
    6    3
 -0.02511381   0.00827933    -0.00000000  -0.00000000     0.02038915  -0.00240561
 -0.00000000  -0.00000000    -0.00102542   0.00085625    -0.00000000  -0.00000000
  0.00991264   0.00053207     0.00000000  -0.00000000    -0.00376282   0.00209920
    6    4
  0.00000000   0.00428661    -0.00651072   0.00000000     0.00002368  -0.00000000
  0.00002368  -0.00000000    -0.00000000  -0.00216014    -0.00000000  -0.07488960
 -0.00651072   0.00000000    -0.00000000  -0.01693054    -0.00000000  -0.00216014
    6    5
  0.00428661   0.00000000    -0.00000000  -0.00651072     0.00000000  -0.00002368
 -0.00000000   0.00002368    -0.00216014   0.00000000     0.07488960  -0.00000000
  0.00000000   0.00651072     0.01693054  -0.00000000    -0.00216014   0.00000000
    6    6
  0.05391327   0.00000000    -0.00000000  -0.00000000     0.00000000   0.00129574
  0.00000000   0.00000000     0.07871050  -0.00000000    -0.00000000   0.00000000
  0.00000000  -0.00129574    -0.00000000   0.00000000     0.03138001  -0.00000000
    6    7
  0.00000000   0.00425793     0.00000000   0.00000000    -0.00443488   0.00000000
  0.00000000   0.00000000    -0.00000000  -0.07450265     0.00000000  -0.00000000
 -0.00443488   0.00000000    -0.00000000  -0.00000000    -0.00000000  -0.01371955
    7    1
  0.00000000  -0.02574051     0.00000000   0.00000000    -0.01552893  -0.00000000
  0.00000000   0.00000000     0.00000000  -0.00012103     0.00000000   0.00000000
 -0.06365670  -0.00000000     0.00000000   0.00000000     0.00000000  -0.00201006
    7    2
 -0.02511381  -0.00827933    -0.00000000   0.00000000     0.02038915   0.00240561
 -0.00000000   0.00000000    -0.00102542  -0.00085625    -0.00000000  -0.00000000
  0.00991264  -0.00053207    -0.00000000  -0.00000000    -0.00376282  -0.00209920
    7    3
  0.00827933   0.02511381    -0.00000000  -0.00000000     0.00240561   0.02038915
 -0.00000000  -0.00000000     0.00085625   0.00102542     0.00000000  -0.00000000
 -0.00053207   0.00991264    -0.00000000  -0.00000000     0.00209920   0.00376282
    7    4
  0.00428661   0.00000000    -0.00000000   0.00651072     0.00000000   0.00002368
 -0.00000000  -0.00002368    -0.00216014   0.00000000     0.07488960   0.00000000
  0.00000000  -0.00651072     0.01693054   0.00000000    -0.00216014   0.00000000
    7    5
  0.00000000  -0.00428661    -0.00651072  -0.00000000     0.00002368   0.00000000
  0.00002368   0.00000000    -0.00000000   0.00216014    -0.00000000   0.07488960
 -0.00651072  -0.00000000    -0.00000000   0.01693054    -0.00000000   0.00216014
    7    6
  0.00000000  -0.00425793     0.00000000  -0.00000000    -0.00443488  -0.00000000
  0.00000000  -0.00000000    -0.00000000   0.07450265     0.00000000   0.00000000
 -0.00443488  -0.00000000    -0.00000000   0.00000000    -0.00000000   0.01371955
    7    7
  0.05391327  -0.00000000    -0.00000000   0.00000000     0.00000000  -0.00129574
  0.00000000  -0.00000000     0.07871050   0.00000000    -0.00000000   0.00000000
  0.00000000   0.00129574    -0.00000000  -0.00000000     0.03138001   0.00000000

     Dynamical  Matrix in cartesian axes

     q = (   -0.000000000   0.433012700   0.000000000 ) 

    1    1
  0.03062873   0.00000000    -0.00000000   0.00000000    -0.00000000   0.00000000
 -0.00000000   0.00000000     0.34647407   0.00000000    -0.00000000   0.00000000
 -0.00000000   0.00000000    -0.00000000   0.00000000     0.03062873   0.00000000
    1    2
  0.00201006  -0.00000000     0.00000000   0.01552893     0.00000000   0.00000000
  0.00000000   0.06365670     0.02574051  -0.00000000     0.00000000  -0.00000000
  0.00000000  -0.00000000     0.00000000   0.00000000     0.00012103  -0.00000000
    1    3
  0.00000000  -0.00201006    -0.01552893  -0.00000000     0.00000000  -0.00000000
 -0.06365670  -0.00000000     0.00000000  -0.02574051    -0.00000000   0.00000000
 -0.00000000  -0.00000000    -0.00000000  -0.00000000     0.00000000  -0.00012103
    1    4
 -0.01181974   0.00123245     0.00000000   0.00000000     0.00000000  -0.00000000
  0.00000000   0.00000000    -0.00301539   0.00301539     0.00000000  -0.00000000
 -0.00000000  -0.00000000    -0.00000000  -0.00000000    -0.00123245   0.01181974
    1    5
 -0.00123245   0.01181974    -0.00000000   0.00000000     0.00000000   0.00000000
 -0.00000000   0.00000000    -0.00301539   0.00301539     0.00000000   0.00000000
  0.00000000  -0.00000000     0.00000000  -0.00000000    -0.01181974   0.00123245
    1    6
  0.00000000  -0.00012103     0.00000000   0.00000000    -0.00000000   0.00000000
  0.00000000   0.00000000     0.00000000  -0.02574051    -0.06365670  -0.00000000
 -0.00000000  -0.00000000    -0.01552893  -0.00000000     0.00000000  -0.00201006
    1    7
  0.00012103  -0.00000000     0.00000000  -0.00000000     0.00000000   0.00000000
  0.00000000  -0.00000000     0.02574051  -0.00000000     0.00000000   0.06365670
