  2.500000000000000E-002   1.26011648066226        2.33218954087644     
           6

     Dynamical  Matrix in cartesian axes

     q = (   -0.433012700  -0.433012700   0.000000000 ) 

    1    1
  0.14300411   0.00000000     0.08003740   0.00000000    -0.00000000   0.00000000
  0.08003740   0.00000000     0.14300411   0.00000000    -0.00000000   0.00000000
 -0.00000000   0.00000000    -0.00000000   0.00000000     0.04331431   0.00000000
    1    2
 -0.03186611   0.00000000     0.02070423  -0.00000000     0.00000000   0.00000000
 -0.00776525   0.00000000     0.02813221  -0.00000000     0.00000000   0.00000000
  0.00000000   0.00000000     0.00000000   0.00000000    -0.01320450   0.00000000
    1    3
  0.03186611  -0.00000000    -0.02070423   0.00000000     0.00000000  -0.00000000
  0.00776525  -0.00000000    -0.02813221   0.00000000     0.00000000  -0.00000000
 -0.00000000   0.00000000    -0.00000000   0.00000000     0.01320450  -0.00000000
    1    4
 -0.02813221   0.00000000     0.00776525  -0.00000000    -0.00000000   0.00000000
 -0.02070423   0.00000000     0.03186611  -0.00000000    -0.00000000   0.00000000
 -0.00000000  -0.00000000    -0.00000000   0.00000000     0.01320450  -0.00000000
    1    5
  0.02813221  -0.00000000    -0.00776525   0.00000000     0.00000000   0.00000000
  0.02070423  -0.00000000    -0.03186611   0.00000000     0.00000000   0.00000000
  0.00000000   0.00000000     0.00000000   0.00000000    -0.01320450   0.00000000
    1    6
 -0.00000000   0.00000000    -0.00000000   0.00000000     0.00753248  -0.00000000
 -0.00000000   0.00000000     0.00000000   0.00000000    -0.00753248   0.00000000
  0.01851674  -0.00000000    -0.01851674   0.00000000    -0.00000000   0.00000000
    1    7
  0.00000000   0.00000000     0.00000000   0.00000000    -0.00753248   0.00000000
  0.00000000   0.00000000     0.00000000   0.00000000     0.00753248  -0.00000000
 -0.01851674   0.00000000     0.01851674  -0.00000000     0.00000000   0.00000000
    2    1
 -0.03186611  -0.00000000    -0.00776525  -0.00000000     0.00000000  -0.00000000
  0.02070423   0.00000000     0.02813221   0.00000000     0.00000000  -0.00000000
  0.00000000  -0.00000000     0.00000000  -0.00000000    -0.01320450  -0.00000000
    2    2
  0.06168625   0.00000000     0.01251150   0.00000000    -0.00000000   0.00000000
  0.01251150   0.00000000     0.08566241   0.00000000    -0.00000000   0.00000000
 -0.00000000   0.00000000    -0.00000000   0.00000000     0.03198260   0.00000000
    2    3
  0.00833734   0.00000000     0.02114989   0.00000000     0.00000000   0.00000000
  0.02114989   0.00000000     0.04229194   0.00000000     0.00000000   0.00000000
  0.00000000   0.00000000     0.00000000   0.00000000    -0.02418367   0.00000000
    2    4
  0.03653145   0.00000000     0.03194811   0.00000000    -0.00000000   0.00000000
  0.05393533   0.00000000     0.03653145   0.00000000    -0.00000000   0.00000000
 -0.00000000   0.00000000    -0.00000000   0.00000000     0.01313068   0.00000000
    2    5
 -0.00735006   0.00000000     0.02932467   0.00000000    -0.00000000   0.00000000
  0.07003490   0.00000000    -0.00735006   0.00000000    -0.00000000   0.00000000
 -0.00000000   0.00000000    -0.00000000   0.00000000    -0.01230870   0.00000000
    2    6
 -0.01947152   0.00000000    -0.01362189   0.00000000    -0.00876186   0.00000000
 -0.00562975   0.00000000    -0.00255532   0.00000000    -0.00529775   0.00000000
 -0.02687392   0.00000000    -0.01108086   0.00000000    -0.00360918   0.00000000
    2    7
 -0.01947152   0.00000000    -0.01362189   0.00000000     0.00876186   0.00000000
 -0.00562975   0.00000000    -0.00255532   0.00000000     0.00529775   0.00000000
  0.02687392   0.00000000     0.01108086   0.00000000    -0.00360918   0.00000000
    3    1
  0.03186611   0.00000000     0.00776525   0.00000000    -0.00000000  -0.00000000
 -0.02070423  -0.00000000    -0.02813221  -0.00000000    -0.00000000  -0.00000000
  0.00000000   0.00000000     0.00000000   0.00000000     0.01320450   0.00000000
    3    2
  0.00833734   0.00000000     0.02114989   0.00000000     0.00000000   0.00000000
  0.02114989   0.00000000     0.04229194   0.00000000     0.00000000   0.00000000
  0.00000000   0.00000000     0.00000000   0.00000000    -0.02418367   0.00000000
    3    3
  0.06168625   0.00000000     0.01251150   0.00000000    -0.00000000   0.00000000
  0.01251150   0.00000000     0.08566241   0.00000000    -0.00000000   0.00000000
 -0.00000000   0.00000000    -0.00000000   0.00000000     0.03198260   0.00000000
    3    4
 -0.00735006   0.00000000     0.02932467   0.00000000     0.00000000   0.00000000
  0.07003490   0.00000000    -0.00735006   0.00000000    -0.00000000   0.00000000
  0.00000000   0.00000000    -0.00000000   0.00000000    -0.01230870   0.00000000
    3    5
  0.03653145   0.00000000     0.03194811   0.00000000    -0.00000000   0.00000000
  0.05393533   0.00000000     0.03653145   0.00000000    -0.00000000   0.00000000
 -0.00000000   0.00000000    -0.00000000   0.00000000     0.01313068   0.00000000
    3    6
 -0.01947152   0.00000000    -0.01362189   0.00000000     0.00876186   0.00000000
 -0.00562975   0.00000000    -0.00255532   0.00000000     0.00529775   0.00000000
  0.02687392   0.00000000     0.01108086   0.00000000    -0.00360918   0.00000000
    3    7
 -0.01947152   0.00000000    -0.01362189   0.00000000    -0.00876186   0.00000000
 -0.00562975   0.00000000    -0.00255532   0.00000000    -0.00529775   0.00000000
 -0.02687392   0.00000000    -0.01108086   0.00000000    -0.00360918   0.00000000
    4    1
 -0.02813221  -0.00000000    -0.02070423  -0.00000000    -0.00000000   0.00000000
  0.00776525   0.00000000     0.03186611   0.00000000    -0.00000000  -0.00000000
  0.00000000  -0.00000000     0.00000000  -0.00000000     0.01320450   0.00000000
    4    2
  0.03653145   0.00000000     0.05393533   0.00000000    -0.00000000   0.00000000
  0.03194811   0.00000000     0.03653145   0.00000000    -0.00000000   0.00000000
 -0.00000000   0.00000000    -0.00000000   0.00000000     0.01313068   0.00000000
    4    3
 -0.00735006   0.00000000     0.07003490   0.00000000     0.00000000   0.00000000
  0.02932467   0.00000000    -0.00735006   0.00000000    -0.00000000   0.00000000
  0.00000000   0.00000000    -0.00000000   0.00000000    -0.01230870   0.00000000
    4    4
  0.08566241   0.00000000     0.01251150   0.00000000    -0.00000000   0.00000000
  0.01251150   0.00000000     0.06168625   0.00000000    -0.00000000   0.00000000
  0.00000000   0.00000000     0.00000000   0.00000000     0.03198260   0.00000000
    4    5
  0.04229194   0.00000000     0.02114989   0.00000000     0.00000000   0.00000000
  0.02114989   0.00000000     0.00833734   0.00000000     0.00000000   0.00000000
  0.00000000   0.00000000     0.00000000   0.00000000    -0.02418367   0.00000000
    4    6
 -0.00255532   0.00000000    -0.00562975   0.00000000    -0.00529775   0.00000000
 -0.01362189   0.00000000    -0.01947152   0.00000000    -0.00876186   0.00000000
 -0.01108086   0.00000000    -0.02687392   0.00000000    -0.00360918   0.00000000
    4    7
 -0.00255532   0.00000000    -0.00562975   0.00000000     0.00529775   0.00000000
 -0.01362189   0.00000000    -0.01947152   0.00000000     0.00876186   0.00000000
  0.01108086   0.00000000     0.02687392   0.00000000    -0.00360918   0.00000000
    5    1
  0.02813221   0.00000000     0.02070423   0.00000000     0.00000000  -0.00000000
 -0.00776525  -0.00000000    -0.03186611  -0.00000000     0.00000000  -0.00000000
  0.00000000  -0.00000000     0.00000000  -0.00000000    -0.01320450  -0.00000000
    5    2
 -0.00735006   0.00000000     0.07003490   0.00000000    -0.00000000   0.00000000
  0.02932467   0.00000000    -0.00735006   0.00000000    -0.00000000   0.00000000
 -0.00000000   0.00000000    -0.00000000   0.00000000    -0.01230870   0.00000000
    5    3
  0.03653145   0.00000000     0.05393533   0.00000000    -0.00000000   0.00000000
  0.03194811   0.00000000     0.03653145   0.00000000    -0.00000000   0.00000000
 -0.00000000   0.00000000    -0.00000000   0.00000000     0.01313068   0.00000000
    5    4
  0.04229194   0.00000000     0.02114989   0.00000000     0.00000000   0.00000000
  0.02114989   0.00000000     0.00833734   0.00000000     0.00000000   0.00000000
  0.00000000   0.00000000     0.00000000   0.00000000    -0.02418367   0.00000000
    5    5
  0.08566241   0.00000000     0.01251150   0.00000000    -0.00000000   0.00000000
  0.01251150   0.00000000     0.06168625   0.00000000    -0.00000000   0.00000000
  0.00000000   0.00000000    -0.00000000   0.00000000     0.03198260   0.00000000
    5    6
 -0.00255532   0.00000000    -0.00562975   0.00000000     0.00529775   0.00000000
 -0.01362189   0.00000000    -0.01947152   0.00000000     0.00876186   0.00000000
  0.01108086   0.00000000     0.02687392   0.00000000    -0.00360918   0.00000000
    5    7
 -0.00255532   0.00000000    -0.00562975   0.00000000    -0.00529775   0.00000000
 -0.01362189   0.00000000    -0.01947152   0.00000000    -0.00876186   0.00000000
 -0.01108086   0.00000000    -0.02687392   0.00000000    -0.00360918   0.00000000
    6    1
 -0.00000000  -0.00000000    -0.00000000  -0.00000000     0.01851674   0.00000000
  0.00000000  -0.00000000     0.00000000  -0.00000000    -0.01851674  -0.00000000
  0.00753248   0.00000000    -0.00753248  -0.00000000    -0.00000000  -0.00000000
    6    2
 -0.01947152   0.00000000    -0.00562975   0.00000000    -0.02687392   0.00000000
 -0.01362189   0.00000000    -0.00255532   0.00000000    -0.01108086   0.00000000
 -0.00876186   0.00000000    -0.00529775   0.00000000    -0.00360918   0.00000000
    6    3
 -0.01947152   0.00000000    -0.00562975   0.00000000     0.02687392   0.00000000
 -0.01362189   0.00000000    -0.00255532   0.00000000     0.01108086   0.00000000
  0.00876186   0.00000000     0.00529775   0.00000000    -0.00360918   0.00000000
    6    4
 -0.00255532   0.00000000    -0.01362189   0.00000000    -0.01108086   0.00000000
 -0.00562975   0.00000000    -0.01947152   0.00000000    -0.02687392   0.00000000
 -0.00529775   0.00000000    -0.00876186   0.00000000    -0.00360918   0.00000000
    6    5
 -0.00255532   0.00000000    -0.01362189   0.00000000     0.01108086   0.00000000
 -0.00562975   0.00000000    -0.01947152   0.00000000     0.02687392   0.00000000
  0.00529775   0.00000000     0.00876186   0.00000000    -0.00360918   0.00000000
    6    6
  0.04781921   0.00000000     0.01785097   0.00000000    -0.00000000   0.00000000
  0.01785097   0.00000000     0.04781921   0.00000000    -0.00000000   0.00000000
 -0.00000000   0.00000000    -0.00000000   0.00000000     0.01533560   0.00000000
    6    7
 -0.01258665   0.00000000    -0.00073837   0.00000000     0.00000000   0.00000000
 -0.00073837   0.00000000    -0.01258665   0.00000000     0.00000000   0.00000000
  0.00000000   0.00000000     0.00000000   0.00000000     0.00242260   0.00000000
    7    1
 -0.00000000  -0.00000000     0.00000000  -0.00000000    -0.01851674  -0.00000000
 -0.00000000  -0.00000000    -0.00000000  -0.00000000     0.01851674   0.00000000
 -0.00753248  -0.00000000     0.00753248   0.00000000     0.00000000  -0.00000000
    7    2
 -0.01947152   0.00000000    -0.00562975   0.00000000     0.02687392   0.00000000
 -0.01362189   0.00000000    -0.00255532   0.00000000     0.01108086   0.00000000
  0.00876186   0.00000000     0.00529775   0.00000000    -0.00360918   0.00000000
    7    3
 -0.01947152   0.00000000    -0.00562975   0.00000000    -0.02687392   0.00000000
 -0.01362189   0.00000000    -0.00255532   0.00000000    -0.01108086   0.00000000
 -0.00876186   0.00000000    -0.00529775   0.00000000    -0.00360918   0.00000000
    7    4
 -0.00255532   0.00000000    -0.01362189   0.00000000     0.01108086   0.00000000
 -0.00562975   0.00000000    -0.01947152   0.00000000     0.02687392   0.00000000
  0.00529775   0.00000000     0.00876186   0.00000000    -0.00360918   0.00000000
    7    5
 -0.00255532   0.00000000    -0.01362189   0.00000000    -0.01108086   0.00000000
 -0.00562975   0.00000000    -0.01947152   0.00000000    -0.02687392   0.00000000
 -0.00529775   0.00000000    -0.00876186   0.00000000    -0.00360918   0.00000000
    7    6
 -0.01258665   0.00000000    -0.00073837   0.00000000    -0.00000000   0.00000000
 -0.00073837   0.00000000    -0.01258665   0.00000000    -0.00000000   0.00000000
 -0.00000000   0.00000000    -0.00000000   0.00000000     0.00242260   0.00000000
    7    7
  0.04781921   0.00000000     0.01785097   0.00000000    -0.00000000   0.00000000
  0.01785097   0.00000000     0.04781921   0.00000000    -0.00000000   0.00000000
 -0.00000000   0.00000000    -0.00000000   0.00000000     0.01533560   0.00000000

     Dynamical  Matrix in cartesian axes

     q = (    0.000000000   0.433012700  -0.433012700 ) 

    1    1
  0.04331431   0.00000000     0.00000000   0.00000000    -0.00000000   0.00000000
  0.00000000   0.00000000     0.14300411   0.00000000    -0.08003740   0.00000000
 -0.00000000   0.00000000    -0.08003740   0.00000000     0.14300411   0.00000000
    1    2
  0.00000000   0.00000000    -0.01851674   0.00000000    -0.01851674   0.00000000
 -0.00753248   0.00000000     0.00000000   0.00000000     0.00000000  -0.00000000
 -0.00753248   0.00000000     0.00000000  -0.00000000     0.00000000   0.00000000
    1    3
  0.00000000  -0.00000000    -0.01851674  -0.00000000    -0.01851674  -0.00000000
 -0.00753248  -0.00000000     0.00000000  -0.00000000     0.00000000   0.00000000
 -0.00753248  -0.00000000     0.00000000   0.00000000     0.00000000  -0.00000000
    1    4
 -0.01320450  -0.00000000     0.00000000   0.00000000    -0.00000000   0.00000000
  0.00000000   0.00000000    -0.03186611  -0.00000000    -0.02070423  -0.00000000
  0.00000000  -0.00000000     0.00776525   0.00000000     0.02813221   0.00000000
    1    5
 -0.01320450   0.00000000     0.00000000   0.00000000     0.00000000   0.00000000
  0.00000000   0.00000000    -0.03186611   0.00000000    -0.02070423   0.00000000
 -0.00000000  -0.00000000     0.00776525  -0.00000000     0.02813221  -0.00000000
    1    6
 -0.01320450  -0.00000000     0.00000000  -0.00000000     0.00000000  -0.00000000
 -0.00000000   0.00000000     0.02813221   0.00000000     0.00776525   0.00000000
  0.00000000  -0.00000000    -0.02070423  -0.00000000    -0.03186611  -0.00000000
    1    7
 -0.01320450   0.00000000     0.00000000   0.00000000     0.00000000   0.00000000
 -0.00000000  -0.00000000     0.02813221  -0.00000000     0.00776525  -0.00000000
  0.00000000   0.00000000    -0.02070423   0.00000000    -0.03186611   0.00000000
    2    1
  0.00000000  -0.00000000    -0.00753248  -0.00000000    -0.00753248  -0.00000000
 -0.01851674  -0.00000000     0.00000000  -0.00000000     0.00000000   0.00000000
 -0.01851674  -0.00000000     0.00000000   0.00000000     0.00000000  -0.00000000
    2    2
  0.01533560   0.00000000     0.00000000   0.00000000     0.00000000   0.00000000
  0.00000000   0.00000000     0.04781921   0.00000000    -0.01785097   0.00000000
  0.00000000   0.00000000    -0.01785097   0.00000000     0.04781921   0.00000000
    2    3
 -0.00242260  -0.00000000     0.00000000   0.00000000    -0.00000000  -0.00000000
  0.00000000   0.00000000     0.01258665   0.00000000    -0.00073837  -0.00000000
 -0.00000000  -0.00000000    -0.00073837  -0.00000000     0.01258665   0.00000000
    2    4
  0.00360918   0.00000000     0.00876186   0.00000000    -0.00529775  -0.00000000
  0.02687392   0.00000000     0.01947152   0.00000000    -0.00562975  -0.00000000
 -0.01108086  -0.00000000    -0.01362189  -0.00000000     0.00255532   0.00000000
    2    5
 -0.00360918   0.00000000     0.00876186  -0.00000000    -0.00529775   0.00000000
  0.02687392  -0.00000000    -0.01947152   0.00000000     0.00562975  -0.00000000
 -0.01108086   0.00000000     0.01362189  -0.00000000    -0.00255532   0.00000000
    2    6
  0.00360918   0.00000000    -0.00529775  -0.00000000     0.00876186   0.00000000
 -0.01108086  -0.00000000     0.00255532   0.00000000    -0.01362189  -0.00000000
  0.02687392   0.00000000    -0.00562975  -0.00000000     0.01947152   0.00000000
    2    7
 -0.00360918   0.00000000    -0.00529775   0.00000000     0.00876186  -0.00000000
 -0.01108086   0.00000000    -0.00255532   0.00000000     0.01362189  -0.00000000
  0.02687392  -0.00000000     0.00562975  -0.00000000    -0.01947152   0.00000000
    3    1
  0.00000000   0.00000000    -0.00753248   0.00000000    -0.00753248   0.00000000
 -0.01851674   0.00000000     0.00000000   0.00000000     0.00000000  -0.00000000
 -0.01851674   0.00000000     0.00000000  -0.00000000     0.00000000   0.00000000
    3    2
 -0.00242260   0.00000000    -0.00000000  -0.00000000    -0.00000000   0.00000000
  0.00000000  -0.00000000     0.01258665  -0.00000000    -0.00073837   0.00000000
 -0.00000000   0.00000000    -0.00073837   0.00000000     0.01258665  -0.00000000
    3    3
  0.01533560   0.00000000     0.00000000   0.00000000    -0.00000000   0.00000000
  0.00000000   0.00000000     0.04781921   0.00000000    -0.01785097   0.00000000
  0.00000000   0.00000000    -0.01785097   0.00000000     0.04781921   0.00000000
    3    4
 -0.00360918   0.00000000     0.00876186  -0.00000000    -0.00529775   0.00000000
  0.02687392  -0.00000000    -0.01947152   0.00000000     0.00562975  -0.00000000
 -0.01108086   0.00000000     0.01362189  -0.00000000    -0.00255532   0.00000000
    3    5
  0.00360918  -0.00000000     0.00876186  -0.00000000    -0.00529775   0.00000000
  0.02687392  -0.00000000     0.01947152  -0.00000000    -0.00562975   0.00000000
 -0.01108086   0.00000000    -0.01362189   0.00000000     0.00255532  -0.00000000
    3    6
 -0.00360918   0.00000000    -0.00529775   0.00000000     0.00876186  -0.00000000
 -0.01108086   0.00000000    -0.00255532   0.00000000     0.01362189  -0.00000000
  0.02687392  -0.00000000     0.00562975  -0.00000000    -0.01947152   0.00000000
    3    7
  0.00360918  -0.00000000    -0.00529775   0.00000000     0.00876186  -0.00000000
 -0.01108086   0.00000000     0.00255532  -0.00000000    -0.01362189   0.00000000
  0.02687392  -0.00000000    -0.00562975   0.00000000     0.01947152  -0.00000000
    4    1
 -0.01320450   0.00000000     0.00000000  -0.00000000    -0.00000000   0.00000000
 -0.00000000  -0.00000000    -0.03186611   0.00000000     0.00776525  -0.00000000
 -0.00000000  -0.00000000    -0.02070423   0.00000000     0.02813221  -0.00000000
    4    2
  0.00360918  -0.00000000     0.02687392  -0.00000000    -0.01108086   0.00000000
  0.00876186  -0.00000000     0.01947152  -0.00000000    -0.01362189   0.00000000
 -0.00529775   0.00000000    -0.00562975   0.00000000     0.00255532  -0.00000000
    4    3
 -0.00360918  -0.00000000     0.02687392   0.00000000    -0.01108086  -0.00000000
  0.00876186   0.00000000    -0.01947152  -0.00000000     0.01362189   0.00000000
 -0.00529775  -0.00000000     0.00562975   0.00000000    -0.00255532  -0.00000000
    4    4
  0.03198260   0.00000000    -0.00000000   0.00000000    -0.00000000   0.00000000
  0.00000000   0.00000000     0.06168625   0.00000000    -0.01251150   0.00000000
  0.00000000   0.00000000    -0.01251150   0.00000000     0.08566241   0.00000000
    4    5
  0.02418367  -0.00000000     0.00000000   0.00000000     0.00000000  -0.00000000
  0.00000000   0.00000000    -0.00833734   0.00000000     0.02114989  -0.00000000
  0.00000000  -0.00000000     0.02114989  -0.00000000    -0.04229194   0.00000000
    4    6
 -0.01230870  -0.00000000     0.00000000   0.00000000    -0.00000000   0.00000000
  0.00000000   0.00000000    -0.00735006  -0.00000000    -0.02932467  -0.00000000
 -0.00000000   0.00000000    -0.07003490  -0.00000000    -0.00735006  -0.00000000
    4    7
 -0.01313068   0.00000000    -0.00000000   0.00000000     0.00000000  -0.00000000
  0.00000000  -0.00000000    -0.03653145   0.00000000     0.03194811  -0.00000000
  0.00000000  -0.00000000     0.05393533  -0.00000000    -0.03653145   0.00000000
    5    1
 -0.01320450  -0.00000000     0.00000000  -0.00000000    -0.00000000   0.00000000
 -0.00000000  -0.00000000    -0.03186611  -0.00000000     0.00776525   0.00000000
 -0.00000000  -0.00000000    -0.02070423  -0.00000000     0.02813221   0.00000000
    5    2
 -0.00360918  -0.00000000     0.02687392   0.00000000    -0.01108086  -0.00000000
  0.00876186   0.00000000    -0.01947152  -0.00000000     0.01362189   0.00000000
 -0.00529775  -0.00000000     0.00562975   0.00000000    -0.00255532  -0.00000000
    5    3
  0.00360918   0.00000000     0.02687392   0.00000000    -0.01108086  -0.00000000
  0.00876186   0.00000000     0.01947152   0.00000000    -0.01362189  -0.00000000
 -0.00529775  -0.00000000    -0.00562975  -0.00000000     0.00255532   0.00000000
    5    4
  0.02418367   0.00000000    -0.00000000  -0.00000000     0.00000000   0.00000000
 -0.00000000  -0.00000000    -0.00833734  -0.00000000     0.02114989   0.00000000
  0.00000000   0.00000000     0.02114989   0.00000000    -0.04229194  -0.00000000
    5    5
  0.03198260   0.00000000     0.00000000   0.00000000    -0.00000000   0.00000000
  0.00000000   0.00000000     0.06168625   0.00000000    -0.01251150   0.00000000
 -0.00000000   0.00000000    -0.01251150   0.00000000     0.08566241   0.00000000
    5    6
 -0.01313068  -0.00000000    -0.00000000   0.00000000     0.00000000  -0.00000000
 -0.00000000   0.00000000    -0.03653145  -0.00000000     0.03194811   0.00000000
  0.00000000  -0.00000000     0.05393533   0.00000000    -0.03653145  -0.00000000
    5    7
 -0.01230870   0.00000000     0.00000000  -0.00000000     0.00000000  -0.00000000
  0.00000000   0.00000000    -0.00735006   0.00000000    -0.02932467   0.00000000
 -0.00000000  -0.00000000    -0.07003490   0.00000000    -0.00735006   0.00000000
    6    1
 -0.01320450   0.00000000    -0.00000000  -0.00000000     0.00000000   0.00000000
 -0.00000000   0.00000000     0.02813221  -0.00000000    -0.02070423   0.00000000
  0.00000000   0.00000000     0.00776525  -0.00000000    -0.03186611   0.00000000
    6    2
  0.00360918  -0.00000000    -0.01108086   0.00000000     0.02687392  -0.00000000
 -0.00529775   0.00000000     0.00255532  -0.00000000    -0.00562975   0.00000000
  0.00876186  -0.00000000    -0.01362189   0.00000000     0.01947152  -0.00000000
    6    3
 -0.00360918  -0.00000000    -0.01108086  -0.00000000     0.02687392   0.00000000
 -0.00529775  -0.00000000    -0.00255532  -0.00000000     0.00562975   0.00000000
  0.00876186   0.00000000     0.01362189   0.00000000    -0.01947152  -0.00000000
    6    4
 -0.01230870   0.00000000     0.00000000  -0.00000000     0.00000000  -0.00000000
  0.00000000  -0.00000000    -0.00735006   0.00000000    -0.07003490   0.00000000
 -0.00000000  -0.00000000    -0.02932467   0.00000000    -0.00735006   0.00000000
    6    5
 -0.01313068   0.00000000    -0.00000000  -0.00000000     0.00000000   0.00000000
 -0.00000000  -0.00000000    -0.03653145   0.00000000     0.05393533  -0.00000000
  0.00000000   0.00000000     0.03194811  -0.00000000    -0.03653145   0.00000000
    6    6
  0.03198260   0.00000000     0.00000000   0.00000000    -0.00000000   0.00000000
 -0.00000000   0.00000000     0.08566241   0.00000000    -0.01251150   0.00000000
 -0.00000000   0.00000000    -0.01251150   0.00000000     0.06168625   0.00000000
    6    7
  0.02418367  -0.00000000     0.00000000  -0.00000000     0.00000000   0.00000000
 -0.00000000  -0.00000000    -0.04229194   0.00000000     0.02114989  -0.00000000
  0.00000000   0.00000000     0.02114989  -0.00000000    -0.00833734   0.00000000
    7    1
 -0.01320450  -0.00000000    -0.00000000   0.00000000     0.00000000  -0.00000000
 -0.00000000  -0.00000000     0.02813221   0.00000000    -0.02070423  -0.00000000
  0.00000000  -0.00000000     0.00776525   0.00000000    -0.03186611  -0.00000000
    7    2
 -0.00360918  -0.00000000    -0.01108086  -0.00000000     0.02687392   0.00000000
 -0.00529775  -0.00000000    -0.00255532  -0.00000000     0.00562975   0.00000000
  0.00876186   0.00000000     0.01362189   0.00000000    -0.01947152  -0.00000000
    7    3
  0.00360918   0.00000000    -0.01108086  -0.00000000     0.02687392   0.00000000
 -0.00529775  -0.00000000     0.00255532   0.00000000    -0.00562975  -0.00000000
  0.00876186   0.00000000    -0.01362189  -0.00000000     0.01947152   0.00000000
    7    4
 -0.01313068  -0.00000000     0.00000000   0.00000000     0.00000000   0.00000000
  0.00000000  -0.00000000    -0.03653145  -0.00000000     0.05393533   0.00000000
  0.00000000   0.00000000     0.03194811   0.00000000    -0.03653145  -0.00000000
    7    5
 -0.01230870  -0.00000000     0.00000000  -0.00000000     0.00000000   0.00000000
  0.00000000   0.00000000    -0.00735006  -0.00000000    -0.07003490  -0.00000000
  0.00000000   0.00000000    -0.02932467  -0.00000000    -0.00735006  -0.00000000
    7    6
  0.02418367   0.00000000     0.00000000   0.00000000     0.00000000  -0.00000000
  0.00000000   0.00000000    -0.04229194  -0.00000000     0.02114989   0.00000000
  0.00000000  -0.00000000     0.02114989   0.00000000    -0.00833734  -0.00000000
    7    7
  0.03198260   0.00000000     0.00000000   0.00000000     0.00000000   0.00000000
  0.00000000   0.00000000     0.08566241   0.00000000    -0.01251150   0.00000000
  0.00000000   0.00000000    -0.01251150   0.00000000     0.06168625   0.00000000

     Dynamical  Matrix in cartesian axes

     q = (   -0.000000000   0.433012700   0.433012700 ) 

    1    1
  0.04331431   0.00000000    -0.00000000   0.00000000    -0.00000000   0.00000000
 -0.00000000   0.00000000     0.14300411   0.00000000     0.08003740   0.00000000
 -0.00000000   0.00000000     0.08003740   0.00000000     0.14300411   0.00000000
    1    2
  0.00000000  -0.00000000     0.01851674   0.00000000    -0.01851674  -0.00000000
  0.00753248   0.00000000     0.00000000  -0.00000000     0.00000000  -0.00000000
 -0.00753248  -0.00000000     0.00000000  -0.00000000     0.00000000  -0.00000000
    1    3
 -0.00000000  -0.00000000    -0.01851674  -0.00000000     0.01851674   0.00000000
 -0.00753248  -0.00000000    -0.00000000  -0.00000000    -0.00000000  -0.00000000
  0.00753248   0.00000000     0.00000000  -0.00000000     0.00000000  -0.00000000
    1    4
 -0.01320450  -0.00000000     0.00000000   0.00000000    -0.00000000  -0.00000000
 -0.00000000   0.00000000    -0.03186611  -0.00000000     0.02070423   0.00000000
 -0.00000000   0.00000000    -0.00776525  -0.00000000     0.02813221   0.00000000
    1    5
  0.01320450   0.00000000    -0.00000000  -0.00000000     0.00000000   0.00000000
 -0.00000000  -0.00000000     0.03186611   0.00000000    -0.02070423  -0.00000000
  0.00000000  -0.00000000     0.00776525   0.00000000    -0.02813221  -0.00000000
    1    6
  0.01320450   0.00000000     0.00000000   0.00000000    -0.00000000  -0.00000000
 -0.00000000  -0.00000000    -0.02813221  -0.00000000     0.00776525   0.00000000
 -0.00000000  -0.00000000    -0.02070423  -0.00000000     0.03186611   0.00000000
    1    7
 -0.01320450  -0.00000000    -0.00000000  -0.00000000     0.00000000   0.00000000
  0.00000000   0.00000000     0.02813221   0.00000000    -0.00776525  -0.00000000
  0.00000000   0.00000000     0.02070423   0.00000000    -0.03186611  -0.00000000
    2    1
  0.00000000   0.00000000     0.00753248  -0.00000000    -0.00753248   0.00000000
  0.01851674  -0.00000000     0.00000000   0.00000000     0.00000000   0.00000000
 -0.01851674   0.00000000     0.00000000   0.00000000     0.00000000   0.00000000
    2    2
  0.01533560   0.00000000     0.00000000   0.00000000    -0.00000000   0.00000000
 -0.00000000   0.00000000     0.04781921   0.00000000     0.01785097   0.00000000
 -0.00000000   0.00000000     0.01785097   0.00000000     0.04781921   0.00000000
    2    3
  0.00242260   0.00000000     0.00000000  -0.00000000     0.00000000  -0.00000000
  0.00000000  -0.00000000    -0.01258665  -0.00000000    -0.00073837  -0.00000000
  0.00000000  -0.00000000    -0.00073837  -0.00000000    -0.01258665  -0.00000000
    2    4
 -0.00360918   0.00000000    -0.00876186   0.00000000    -0.00529775   0.00000000
 -0.02687392   0.00000000    -0.01947152   0.00000000    -0.00562975   0.00000000
 -0.01108086   0.00000000    -0.01362189   0.00000000    -0.00255532   0.00000000
    2    5
 -0.00360918  -0.00000000     0.00876186   0.00000000     0.00529775   0.00000000
  0.02687392   0.00000000    -0.01947152  -0.00000000    -0.00562975  -0.00000000
  0.01108086   0.00000000    -0.01362189  -0.00000000    -0.00255532  -0.00000000
    2    6
 -0.00360918  -0.00000000    -0.00529775  -0.00000000    -0.00876186  -0.00000000
 -0.01108086  -0.00000000    -0.00255532  -0.00000000    -0.01362189  -0.00000000
 -0.02687392  -0.00000000    -0.00562975  -0.00000000    -0.01947152  -0.00000000
    2    7
 -0.00360918  -0.00000000     0.00529775   0.00000000     0.00876186   0.00000000
  0.01108086   0.00000000    -0.00255532  -0.00000000    -0.01362189  -0.00000000
  0.02687392   0.00000000    -0.00562975  -0.00000000    -0.01947152  -0.00000000
    3    1
 -0.00000000   0.00000000    -0.00753248   0.00000000     0.00753248  -0.00000000
 -0.01851674   0.00000000    -0.00000000   0.00000000     0.00000000   0.00000000
  0.01851674  -0.00000000    -0.00000000   0.00000000     0.00000000   0.00000000
    3    2
  0.00242260  -0.00000000     0.00000000   0.00000000     0.00000000   0.00000000
  0.00000000   0.00000000    -0.01258665   0.00000000    -0.00073837   0.00000000
  0.00000000   0.00000000    -0.00073837   0.00000000    -0.01258665   0.00000000
    3    3
  0.01533560   0.00000000    -0.00000000   0.00000000    -0.00000000   0.00000000
 -0.00000000   0.00000000     0.04781921   0.00000000     0.01785097   0.00000000
 -0.00000000   0.00000000     0.01785097   0.00000000     0.04781921   0.00000000
    3    4
 -0.00360918   0.00000000     0.00876186  -0.00000000     0.00529775  -0.00000000
  0.02687392  -0.00000000    -0.01947152   0.00000000    -0.00562975   0.00000000
  0.01108086  -0.00000000    -0.01362189   0.00000000    -0.00255532   0.00000000
    3    5
 -0.00360918   0.00000000    -0.00876186   0.00000000    -0.00529775   0.00000000
 -0.02687392   0.00000000    -0.01947152   0.00000000    -0.00562975   0.00000000
 -0.01108086   0.00000000    -0.01362189   0.00000000    -0.00255532   0.00000000
    3    6
 -0.00360918   0.00000000     0.00529775  -0.00000000     0.00876186  -0.00000000
  0.01108086  -0.00000000    -0.00255532   0.00000000    -0.01362189   0.00000000
  0.02687392  -0.00000000    -0.00562975   0.00000000    -0.01947152   0.00000000
    3    7
 -0.00360918   0.00000000    -0.00529775   0.00000000    -0.00876186   0.00000000
 -0.01108086   0.00000000    -0.00255532   0.00000000    -0.01362189   0.00000000
 -0.02687392   0.00000000    -0.00562975   0.00000000    -0.01947152   0.00000000
    4    1
 -0.01320450   0.00000000    -0.00000000  -0.00000000    -0.00000000  -0.00000000
  0.00000000  -0.00000000    -0.03186611   0.00000000    -0.00776525   0.00000000
 -0.00000000   0.00000000     0.02070423  -0.00000000     0.02813221  -0.00000000
    4    2
 -0.00360918  -0.00000000    -0.02687392  -0.00000000    -0.01108086  -0.00000000
 -0.00876186  -0.00000000    -0.01947152  -0.00000000    -0.01362189  -0.00000000
 -0.00529775  -0.00000000    -0.00562975  -0.00000000    -0.00255532  -0.00000000
    4    3
 -0.00360918  -0.00000000     0.02687392   0.00000000     0.01108086   0.00000000
  0.00876186   0.00000000    -0.01947152  -0.00000000    -0.01362189  -0.00000000
  0.00529775   0.00000000    -0.00562975  -0.00000000    -0.00255532  -0.00000000
    4    4
  0.03198260   0.00000000     0.00000000   0.00000000    -0.00000000   0.00000000
  0.00000000   0.00000000     0.06168625   0.00000000     0.01251150   0.00000000
 -0.00000000   0.00000000     0.01251150   0.00000000     0.08566241   0.00000000
    4    5
 -0.02418367   0.00000000    -0.00000000   0.00000000    -0.00000000   0.00000000
 -0.00000000   0.00000000     0.00833734  -0.00000000     0.02114989  -0.00000000
 -0.00000000   0.00000000     0.02114989  -0.00000000     0.04229194  -0.00000000
    4    6
  0.01313068   0.00000000    -0.00000000  -0.00000000    -0.00000000  -0.00000000
 -0.00000000  -0.00000000     0.03653145   0.00000000     0.03194811   0.00000000
 -0.00000000  -0.00000000     0.05393533   0.00000000     0.03653145   0.00000000
    4    7
 -0.01230870  -0.00000000    -0.00000000  -0.00000000     0.00000000   0.00000000
  0.00000000   0.00000000    -0.00735006  -0.00000000     0.02932467   0.00000000
 -0.00000000  -0.00000000     0.07003490   0.00000000    -0.00735006  -0.00000000
    5    1
  0.01320450  -0.00000000     0.00000000   0.00000000    -0.00000000   0.00000000
 -0.00000000   0.00000000     0.03186611  -0.00000000     0.00776525  -0.00000000
  0.00000000  -0.00000000    -0.02070423   0.00000000    -0.02813221   0.00000000
    5    2
 -0.00360918   0.00000000     0.02687392  -0.00000000     0.01108086  -0.00000000
  0.00876186  -0.00000000    -0.01947152   0.00000000    -0.01362189   0.00000000
  0.00529775  -0.00000000    -0.00562975   0.00000000    -0.00255532   0.00000000
    5    3
 -0.00360918  -0.00000000    -0.02687392  -0.00000000    -0.01108086  -0.00000000
 -0.00876186  -0.00000000    -0.01947152  -0.00000000    -0.01362189  -0.00000000
 -0.00529775  -0.00000000    -0.00562975  -0.00000000    -0.00255532  -0.00000000
    5    4
 -0.02418367  -0.00000000    -0.00000000  -0.00000000    -0.00000000  -0.00000000
 -0.00000000  -0.00000000     0.00833734   0.00000000     0.02114989   0.00000000
 -0.00000000  -0.00000000     0.02114989   0.00000000     0.04229194   0.00000000
    5    5
  0.03198260   0.00000000     0.00000000   0.00000000    -0.00000000   0.00000000
  0.00000000   0.00000000     0.06168625   0.00000000     0.01251150   0.00000000
 -0.00000000   0.00000000     0.01251150   0.00000000     0.08566241   0.00000000
    5    6
 -0.01230870  -0.00000000    -0.00000000  -0.00000000    -0.00000000   0.00000000
 -0.00000000   0.00000000    -0.00735006  -0.00000000     0.02932467   0.00000000
  0.00000000  -0.00000000     0.07003490   0.00000000    -0.00735006  -0.00000000
    5    7
  0.01313068   0.00000000    -0.00000000  -0.00000000    -0.00000000  -0.00000000
 -0.00000000  -0.00000000     0.03653145   0.00000000     0.03194811   0.00000000
 -0.00000000  -0.00000000     0.05393533   0.00000000     0.03653145   0.00000000
    6    1
  0.01320450  -0.00000000     0.00000000   0.00000000    -0.00000000   0.00000000
  0.00000000  -0.00000000    -0.02813221   0.00000000    -0.02070423   0.00000000
 -0.00000000   0.00000000     0.00776525  -0.00000000     0.03186611  -0.00000000
    6    2
 -0.00360918   0.00000000    -0.01108086   0.00000000    -0.02687392   0.00000000
 -0.00529775   0.00000000    -0.00255532   0.00000000    -0.00562975   0.00000000
 -0.00876186   0.00000000    -0.01362189   0.00000000    -0.01947152   0.00000000
    6    3
 -0.00360918  -0.00000000     0.01108086   0.00000000     0.02687392   0.00000000
  0.00529775   0.00000000    -0.00255532  -0.00000000    -0.00562975  -0.00000000
  0.00876186   0.00000000    -0.01362189  -0.00000000    -0.01947152  -0.00000000
    6    4
  0.01313068  -0.00000000    -0.00000000   0.00000000    -0.00000000   0.00000000
 -0.00000000   0.00000000     0.03653145  -0.00000000     0.05393533  -0.00000000
 -0.00000000   0.00000000     0.03194811  -0.00000000     0.03653145  -0.00000000
    6    5
 -0.01230870   0.00000000     0.00000000  -0.00000000    -0.00000000   0.00000000
 -0.00000000   0.00000000    -0.00735006   0.00000000     0.07003490  -0.00000000
  0.00000000  -0.00000000     0.02932467  -0.00000000    -0.00735006   0.00000000
    6    6
  0.03198260   0.00000000    -0.00000000   0.00000000    -0.00000000   0.00000000
 -0.00000000   0.00000000     0.08566241   0.00000000     0.01251150   0.00000000
 -0.00000000   0.00000000     0.01251150   0.00000000     0.06168625   0.00000000
    6    7
 -0.02418367   0.00000000    -0.00000000  -0.00000000    -0.00000000  -0.00000000
 -0.00000000  -0.00000000     0.04229194  -0.00000000     0.02114989  -0.00000000
 -0.00000000  -0.00000000     0.02114989  -0.00000000     0.00833734  -0.00000000
    7    1
 -0.01320450   0.00000000    -0.00000000  -0.00000000     0.00000000  -0.00000000
 -0.00000000   0.00000000     0.02813221  -0.00000000     0.02070423  -0.00000000
  0.00000000  -0.00000000    -0.00776525   0.00000000    -0.03186611   0.00000000
    7    2
 -0.00360918   0.00000000     0.01108086  -0.00000000     0.02687392  -0.00000000
  0.00529775  -0.00000000    -0.00255532   0.00000000    -0.00562975   0.00000000
  0.00876186  -0.00000000    -0.01362189   0.00000000    -0.01947152   0.00000000
    7    3
 -0.00360918  -0.00000000    -0.01108086  -0.00000000    -0.02687392  -0.00000000
 -0.00529775  -0.00000000    -0.00255532  -0.00000000    -0.00562975  -0.00000000
 -0.00876186  -0.00000000    -0.01362189  -0.00000000    -0.01947152  -0.00000000
    7    4
 -0.01230870   0.00000000    -0.00000000  -0.00000000    -0.00000000   0.00000000
 -0.00000000   0.00000000    -0.00735006   0.00000000     0.07003490  -0.00000000
 -0.00000000  -0.00000000     0.02932467  -0.00000000    -0.00735006   0.00000000
    7    5
  0.01313068  -0.00000000    -0.00000000   0.00000000    -0.00000000   0.00000000
 -0.00000000   0.00000000     0.03653145  -0.00000000     0.05393533  -0.00000000
 -0.00000000   0.00000000     0.03194811  -0.00000000     0.03653145  -0.00000000
    7    6
 -0.02418367  -0.00000000    -0.00000000   0.00000000    -0.00000000   0.00000000
 -0.00000000   0.00000000     0.04229194   0.00000000     0.02114989   0.00000000
 -0.00000000   0.00000000     0.02114989   0.00000000     0.00833734   0.00000000
    7    7
  0.03198260   0.00000000    -0.00000000   0.00000000    -0.00000000   0.00000000
 -0.00000000   0.00000000     0.08566241   0.00000000     0.01251150   0.00000000
 -0.00000000   0.00000000     0.01251150   0.00000000     0.06168625   0.00000000

     Dynamical  Matrix in cartesian axes

     q = (    0.433012700   0.000000000  -0.433012700 ) 

    1    1
  0.14300411   0.00000000     0.00000000   0.00000000    -0.08003740   0.00000000
  0.00000000   0.00000000     0.04331431   0.00000000    -0.00000000   0.00000000
 -0.08003740   0.00000000    -0.00000000   0.00000000     0.14300411   0.00000000
    1    2
 -0.03186611   0.00000000     0.00000000   0.00000000    -0.02070423   0.00000000
 -0.00000000   0.00000000    -0.01320450   0.00000000    -0.00000000   0.00000000
  0.00776525  -0.00000000    -0.00000000  -0.00000000     0.02813221  -0.00000000
    1    3
 -0.03186611  -0.00000000     0.00000000   0.00000000    -0.02070423  -0.00000000
 -0.00000000  -0.00000000    -0.01320450  -0.00000000    -0.00000000  -0.00000000
  0.00776525   0.00000000    -0.00000000   0.00000000     0.02813221   0.00000000
    1    4
  0.00000000  -0.00000000    -0.00753248  -0.00000000     0.00000000   0.00000000
 -0.01851674  -0.00000000     0.00000000  -0.00000000    -0.01851674  -0.00000000
  0.00000000   0.00000000    -0.00753248  -0.00000000     0.00000000  -0.00000000
    1    5
  0.00000000   0.00000000    -0.00753248   0.00000000     0.00000000  -0.00000000
 -0.01851674   0.00000000     0.00000000   0.00000000    -0.01851674   0.00000000
  0.00000000  -0.00000000    -0.00753248   0.00000000     0.00000000   0.00000000
    1    6
  0.02813221  -0.00000000     0.00000000  -0.00000000     0.00776525  -0.00000000
 -0.00000000   0.00000000    -0.01320450   0.00000000     0.00000000   0.00000000
 -0.02070423   0.00000000     0.00000000   0.00000000    -0.03186611   0.00000000
    1    7
  0.02813221   0.00000000    -0.00000000   0.00000000     0.00776525   0.00000000
 -0.00000000  -0.00000000    -0.01320450  -0.00000000     0.00000000  -0.00000000
