  1.000000000000000E-002   1.26045764302382        2.13065582614097     
          12

     Dynamical  Matrix in cartesian axes

     q = (    0.108253200   0.108253200   0.000000000 ) 

    1    1
  0.03536627   0.00000000     0.02938725   0.00000000    -0.00000000   0.00000000
  0.02938725   0.00000000     0.03536627   0.00000000    -0.00000000   0.00000000
 -0.00000000   0.00000000    -0.00000000   0.00000000     0.00632739   0.00000000
    1    2
 -0.00426626   0.01475338    -0.00001292   0.00740563     0.00000000   0.00000000
 -0.00512194   0.01337815    -0.00000832   0.00637282     0.00000000   0.00000000
  0.00000000   0.00000000     0.00000000   0.00000000    -0.00236413  -0.00674633
    1    3
 -0.01344892  -0.00741551    -0.00524570  -0.00522744     0.00000000  -0.00000000
 -0.01308154  -0.00583802    -0.00451215  -0.00450038     0.00000000  -0.00000000
 -0.00000000  -0.00000000    -0.00000000  -0.00000000     0.00309868   0.00644207
    1    4
 -0.00451215  -0.00450038    -0.01308154  -0.00583802    -0.00000000  -0.00000000
 -0.00524570  -0.00522744    -0.01344892  -0.00741551    -0.00000000  -0.00000000
 -0.00000000  -0.00000000    -0.00000000  -0.00000000     0.00309868   0.00644207
    1    5
 -0.00000832   0.00637282    -0.00512194   0.01337815     0.00000000   0.00000000
 -0.00001292   0.00740563    -0.00426626   0.01475338     0.00000000   0.00000000
  0.00000000   0.00000000     0.00000000   0.00000000    -0.00236413  -0.00674633
    1    6
  0.00315663  -0.00130752     0.00263400  -0.00109104    -0.00025154  -0.00060726
  0.00263400  -0.00109104     0.00315663  -0.00130752     0.00025154   0.00060726
  0.00254138   0.00613543    -0.00254138  -0.00613543    -0.00173374   0.00071814
    1    7
  0.00315663  -0.00130752     0.00263400  -0.00109104     0.00025154   0.00060726
  0.00263400  -0.00109104     0.00315663  -0.00130752    -0.00025154  -0.00060726
 -0.00254138  -0.00613543     0.00254138   0.00613543    -0.00173374   0.00071814
    2    1
 -0.00426626  -0.01475338    -0.00512194  -0.01337815     0.00000000  -0.00000000
 -0.00001292  -0.00740563    -0.00000832  -0.00637282     0.00000000  -0.00000000
  0.00000000   0.00000000     0.00000000   0.00000000    -0.00236413   0.00674633
    2    2
  0.05034837   0.00000000     0.00381888  -0.01702083    -0.00000000   0.00000000
  0.00381888   0.01702083     0.10055507   0.00000000    -0.00000000   0.00000000
 -0.00000000  -0.00000000    -0.00000000  -0.00000000     0.03288044  -0.00000000
    2    3
 -0.02192243   0.01172053     0.00484867   0.01992981     0.00000000   0.00000000
  0.00484867   0.01992981    -0.07663374   0.05593365     0.00000000   0.00000000
 -0.00000000  -0.00000000     0.00000000   0.00000000    -0.02869718   0.00439154
    2    4
  0.00373010   0.01941833    -0.02638177   0.00674583     0.00000000   0.00000000
 -0.07648905   0.05584674     0.00373010   0.01941833     0.00000000   0.00000000
  0.00000000   0.00000000    -0.00000000   0.00000000     0.00688427   0.00079381
    2    5
  0.00235669  -0.01817004     0.04096891   0.00000000     0.00000000   0.00000000
  0.09898766  -0.00000000     0.00235669   0.01817004     0.00000000   0.00000000
  0.00000000  -0.00000000    -0.00000000  -0.00000000    -0.00798346   0.00000000
    2    6
 -0.00586868   0.00044903    -0.00318145   0.00222375    -0.00239878   0.00377706
 -0.00052661  -0.00674541     0.00015254  -0.00651087     0.00010376   0.00101519
 -0.03034373   0.00284990    -0.00712555  -0.00049455    -0.00138010  -0.00273809
    2    7
 -0.00586868   0.00044903    -0.00318145   0.00222375     0.00239878  -0.00377706
 -0.00052661  -0.00674541     0.00015254  -0.00651087    -0.00010376  -0.00101519
  0.03034373  -0.00284990     0.00712555   0.00049455    -0.00138010  -0.00273809
    3    1
 -0.01344892   0.00741551    -0.01308154   0.00583802    -0.00000000   0.00000000
 -0.00524570   0.00522744    -0.00451215   0.00450038    -0.00000000   0.00000000
 -0.00000000   0.00000000    -0.00000000   0.00000000     0.00309868  -0.00644207
    3    2
 -0.02192243  -0.01172053     0.00484867  -0.01992981     0.00000000  -0.00000000
  0.00484867  -0.01992981    -0.07663374  -0.05593365     0.00000000   0.00000000
  0.00000000   0.00000000     0.00000000   0.00000000    -0.02869718  -0.00439154
    3    3
  0.05034837   0.00000000     0.00381888   0.01702083    -0.00000000   0.00000000
  0.00381888  -0.01702083     0.10055507   0.00000000    -0.00000000   0.00000000
 -0.00000000   0.00000000     0.00000000   0.00000000     0.03288044   0.00000000
    3    4
  0.00235669   0.01817004     0.04096891  -0.00000000     0.00000000   0.00000000
  0.09898766  -0.00000000     0.00235669  -0.01817004     0.00000000   0.00000000
 -0.00000000   0.00000000    -0.00000000   0.00000000    -0.00798346  -0.00000000
    3    5
  0.00373010  -0.01941833    -0.02638177  -0.00674583    -0.00000000   0.00000000
 -0.07648905  -0.05584674     0.00373010  -0.01941833    -0.00000000   0.00000000
 -0.00000000   0.00000000    -0.00000000   0.00000000     0.00688427  -0.00079381
    3    6
 -0.00586868  -0.00044903    -0.00318145  -0.00222375     0.00239878   0.00377706
 -0.00052661   0.00674541     0.00015254   0.00651087    -0.00010376   0.00101519
  0.03034373   0.00284990     0.00712555  -0.00049455    -0.00138010   0.00273809
    3    7
 -0.00586868  -0.00044903    -0.00318145  -0.00222375    -0.00239878  -0.00377706
 -0.00052661   0.00674541     0.00015254   0.00651087     0.00010376  -0.00101519
 -0.03034373  -0.00284990    -0.00712555   0.00049455    -0.00138010   0.00273809
    4    1
 -0.00451215   0.00450038    -0.00524570   0.00522744    -0.00000000   0.00000000
 -0.01308154   0.00583802    -0.01344892   0.00741551    -0.00000000   0.00000000
 -0.00000000   0.00000000    -0.00000000   0.00000000     0.00309868  -0.00644207
    4    2
  0.00373010  -0.01941833    -0.07648905  -0.05584674    -0.00000000   0.00000000
 -0.02638177  -0.00674583     0.00373010  -0.01941833    -0.00000000   0.00000000
  0.00000000   0.00000000    -0.00000000   0.00000000     0.00688427  -0.00079381
    4    3
  0.00235669  -0.01817004     0.09898766   0.00000000     0.00000000   0.00000000
  0.04096891  -0.00000000     0.00235669   0.01817004     0.00000000   0.00000000
  0.00000000   0.00000000     0.00000000   0.00000000    -0.00798346  -0.00000000
    4    4
  0.10055507   0.00000000     0.00381888  -0.01702083    -0.00000000   0.00000000
  0.00381888   0.01702083     0.05034837   0.00000000    -0.00000000   0.00000000
 -0.00000000   0.00000000    -0.00000000   0.00000000     0.03288044   0.00000000
    4    5
 -0.07663374  -0.05593365     0.00484867  -0.01992981     0.00000000  -0.00000000
  0.00484867  -0.01992981    -0.02192243  -0.01172053     0.00000000  -0.00000000
  0.00000000   0.00000000     0.00000000  -0.00000000    -0.02869718  -0.00439154
    4    6
  0.00015254   0.00651087    -0.00052661   0.00674541     0.00010376  -0.00101519
 -0.00318145  -0.00222375    -0.00586868  -0.00044903    -0.00239878  -0.00377706
 -0.00712555   0.00049455    -0.03034373  -0.00284990    -0.00138010   0.00273809
    4    7
  0.00015254   0.00651087    -0.00052661   0.00674541    -0.00010376   0.00101519
 -0.00318145  -0.00222375    -0.00586868  -0.00044903     0.00239878   0.00377706
  0.00712555  -0.00049455     0.03034373   0.00284990    -0.00138010   0.00273809
    5    1
 -0.00000832  -0.00637282    -0.00001292  -0.00740563     0.00000000  -0.00000000
 -0.00512194  -0.01337815    -0.00426626  -0.01475338     0.00000000  -0.00000000
  0.00000000  -0.00000000     0.00000000  -0.00000000    -0.00236413   0.00674633
    5    2
  0.00235669   0.01817004     0.09898766   0.00000000     0.00000000   0.00000000
  0.04096891  -0.00000000     0.00235669  -0.01817004     0.00000000   0.00000000
  0.00000000  -0.00000000    -0.00000000  -0.00000000    -0.00798346   0.00000000
    5    3
  0.00373010   0.01941833    -0.07648905   0.05584674     0.00000000   0.00000000
 -0.02638177   0.00674583     0.00373010   0.01941833     0.00000000   0.00000000
 -0.00000000   0.00000000    -0.00000000   0.00000000     0.00688427   0.00079381
    5    4
 -0.07663374   0.05593365     0.00484867   0.01992981     0.00000000   0.00000000
  0.00484867   0.01992981    -0.02192243   0.01172053     0.00000000   0.00000000
 -0.00000000  -0.00000000     0.00000000  -0.00000000    -0.02869718   0.00439154
    5    5
  0.10055507   0.00000000     0.00381888   0.01702083    -0.00000000   0.00000000
  0.00381888  -0.01702083     0.05034837  -0.00000000     0.00000000   0.00000000
 -0.00000000   0.00000000    -0.00000000   0.00000000     0.03288044  -0.00000000
    5    6
  0.00015254  -0.00651087    -0.00052661  -0.00674541    -0.00010376  -0.00101519
 -0.00318145   0.00222375    -0.00586868   0.00044903     0.00239878  -0.00377706
  0.00712555   0.00049455     0.03034373  -0.00284990    -0.00138010  -0.00273809
    5    7
  0.00015254  -0.00651087    -0.00052661  -0.00674541     0.00010376   0.00101519
 -0.00318145   0.00222375    -0.00586868   0.00044903    -0.00239878   0.00377706
 -0.00712555  -0.00049455    -0.03034373   0.00284990    -0.00138010  -0.00273809
    6    1
  0.00315663   0.00130752     0.00263400   0.00109104     0.00254138  -0.00613543
  0.00263400   0.00109104     0.00315663   0.00130752    -0.00254138   0.00613543
 -0.00025154   0.00060726     0.00025154  -0.00060726    -0.00173374  -0.00071814
    6    2
 -0.00586868  -0.00044903    -0.00052661   0.00674541    -0.03034373  -0.00284990
 -0.00318145  -0.00222375     0.00015254   0.00651087    -0.00712555   0.00049455
 -0.00239878  -0.00377706     0.00010376  -0.00101519    -0.00138010   0.00273809
    6    3
 -0.00586868   0.00044903    -0.00052661  -0.00674541     0.03034373  -0.00284990
 -0.00318145   0.00222375     0.00015254  -0.00651087     0.00712555   0.00049455
  0.00239878  -0.00377706    -0.00010376  -0.00101519    -0.00138010  -0.00273809
    6    4
  0.00015254  -0.00651087    -0.00318145   0.00222375    -0.00712555  -0.00049455
 -0.00052661  -0.00674541    -0.00586868   0.00044903    -0.03034373   0.00284990
  0.00010376   0.00101519    -0.00239878   0.00377706    -0.00138010  -0.00273809
    6    5
  0.00015254   0.00651087    -0.00318145  -0.00222375     0.00712555  -0.00049455
 -0.00052661   0.00674541    -0.00586868  -0.00044903     0.03034373   0.00284990
 -0.00010376   0.00101519     0.00239878   0.00377706    -0.00138010   0.00273809
    6    6
  0.03554561  -0.00000000     0.00966685  -0.00000000    -0.00000000   0.00120259
  0.00966685   0.00000000     0.03554561   0.00000000    -0.00000000  -0.00120259
 -0.00000000  -0.00120259    -0.00000000   0.00120259     0.00985556  -0.00000000
    6    7
 -0.02718303  -0.00000000    -0.00503591  -0.00000000     0.00000000   0.00522455
 -0.00503591  -0.00000000    -0.02718303   0.00000000     0.00000000  -0.00522455
 -0.00000000   0.00522455     0.00000000  -0.00522455    -0.00205156   0.00000000
    7    1
  0.00315663   0.00130752     0.00263400   0.00109104    -0.00254138   0.00613543
  0.00263400   0.00109104     0.00315663   0.00130752     0.00254138  -0.00613543
  0.00025154  -0.00060726    -0.00025154   0.00060726    -0.00173374  -0.00071814
    7    2
 -0.00586868  -0.00044903    -0.00052661   0.00674541     0.03034373   0.00284990
 -0.00318145  -0.00222375     0.00015254   0.00651087     0.00712555  -0.00049455
  0.00239878   0.00377706    -0.00010376   0.00101519    -0.00138010   0.00273809
    7    3
 -0.00586868   0.00044903    -0.00052661  -0.00674541    -0.03034373   0.00284990
 -0.00318145   0.00222375     0.00015254  -0.00651087    -0.00712555  -0.00049455
 -0.00239878   0.00377706     0.00010376   0.00101519    -0.00138010  -0.00273809
    7    4
  0.00015254  -0.00651087    -0.00318145   0.00222375     0.00712555   0.00049455
 -0.00052661  -0.00674541    -0.00586868   0.00044903     0.03034373  -0.00284990
 -0.00010376  -0.00101519     0.00239878  -0.00377706    -0.00138010  -0.00273809
    7    5
  0.00015254   0.00651087    -0.00318145  -0.00222375    -0.00712555   0.00049455
 -0.00052661   0.00674541    -0.00586868  -0.00044903    -0.03034373  -0.00284990
  0.00010376  -0.00101519    -0.00239878  -0.00377706    -0.00138010   0.00273809
    7    6
 -0.02718303   0.00000000    -0.00503591  -0.00000000     0.00000000  -0.00522455
 -0.00503591  -0.00000000    -0.02718303  -0.00000000     0.00000000   0.00522455
 -0.00000000  -0.00522455     0.00000000   0.00522455    -0.00205156   0.00000000
    7    7
  0.03554561   0.00000000     0.00966685   0.00000000    -0.00000000  -0.00120259
  0.00966685  -0.00000000     0.03554561  -0.00000000    -0.00000000   0.00120259
 -0.00000000   0.00120259    -0.00000000  -0.00120259     0.00985556   0.00000000

     Dynamical  Matrix in cartesian axes

     q = (   -0.108253200  -0.108253200   0.000000000 ) 

    1    1
  0.03536627   0.00000000     0.02938725   0.00000000    -0.00000000   0.00000000
  0.02938725   0.00000000     0.03536627   0.00000000    -0.00000000   0.00000000
 -0.00000000   0.00000000    -0.00000000   0.00000000     0.00632739   0.00000000
    1    2
 -0.00426626  -0.01475338    -0.00001292  -0.00740563     0.00000000  -0.00000000
 -0.00512194  -0.01337815    -0.00000832  -0.00637282     0.00000000  -0.00000000
  0.00000000  -0.00000000     0.00000000  -0.00000000    -0.00236413   0.00674633
    1    3
 -0.01344892   0.00741551    -0.00524570   0.00522744     0.00000000   0.00000000
 -0.01308154   0.00583802    -0.00451215   0.00450038    -0.00000000   0.00000000
 -0.00000000   0.00000000    -0.00000000   0.00000000     0.00309868  -0.00644207
    1    4
 -0.00451215   0.00450038    -0.01308154   0.00583802     0.00000000   0.00000000
 -0.00524570   0.00522744    -0.01344892   0.00741551     0.00000000   0.00000000
 -0.00000000   0.00000000    -0.00000000   0.00000000     0.00309868  -0.00644207
    1    5
 -0.00000832  -0.00637282    -0.00512194  -0.01337815     0.00000000  -0.00000000
 -0.00001292  -0.00740563    -0.00426626  -0.01475338     0.00000000  -0.00000000
  0.00000000  -0.00000000     0.00000000  -0.00000000    -0.00236413   0.00674633
    1    6
  0.00315663   0.00130752     0.00263400   0.00109104    -0.00025154   0.00060726
  0.00263400   0.00109104     0.00315663   0.00130752     0.00025154  -0.00060726
  0.00254138  -0.00613543    -0.00254138   0.00613543    -0.00173374  -0.00071814
    1    7
  0.00315663   0.00130752     0.00263400   0.00109104     0.00025154  -0.00060726
  0.00263400   0.00109104     0.00315663   0.00130752    -0.00025154   0.00060726
 -0.00254138   0.00613543     0.00254138  -0.00613543    -0.00173374  -0.00071814
    2    1
 -0.00426626   0.01475338    -0.00512194   0.01337815     0.00000000   0.00000000
 -0.00001292   0.00740563    -0.00000832   0.00637282     0.00000000   0.00000000
  0.00000000   0.00000000     0.00000000   0.00000000    -0.00236413  -0.00674633
    2    2
  0.05034837   0.00000000     0.00381888   0.01702083    -0.00000000   0.00000000
  0.00381888  -0.01702083     0.10055507   0.00000000    -0.00000000   0.00000000
 -0.00000000   0.00000000    -0.00000000   0.00000000     0.03288044   0.00000000
    2    3
 -0.02192243  -0.01172053     0.00484867  -0.01992981     0.00000000  -0.00000000
  0.00484867  -0.01992981    -0.07663374  -0.05593365     0.00000000  -0.00000000
  0.00000000   0.00000000     0.00000000   0.00000000    -0.02869718  -0.00439154
    2    4
  0.00373010  -0.01941833    -0.02638177  -0.00674583    -0.00000000   0.00000000
 -0.07648905  -0.05584674     0.00373010  -0.01941833    -0.00000000   0.00000000
 -0.00000000   0.00000000    -0.00000000  -0.00000000     0.00688427  -0.00079381
    2    5
  0.00235669   0.01817004     0.04096891  -0.00000000     0.00000000   0.00000000
  0.09898766  -0.00000000     0.00235669  -0.01817004     0.00000000   0.00000000
  0.00000000   0.00000000    -0.00000000   0.00000000    -0.00798346  -0.00000000
    2    6
 -0.00586868  -0.00044903    -0.00318145  -0.00222375    -0.00239878  -0.00377706
 -0.00052661   0.00674541     0.00015254   0.00651087     0.00010376  -0.00101519
 -0.03034373  -0.00284990    -0.00712555   0.00049455    -0.00138010   0.00273809
    2    7
 -0.00586868  -0.00044903    -0.00318145  -0.00222375     0.00239878   0.00377706
 -0.00052661   0.00674541     0.00015254   0.00651087    -0.00010376   0.00101519
  0.03034373   0.00284990     0.00712555  -0.00049455    -0.00138010   0.00273809
    3    1
 -0.01344892  -0.00741551    -0.01308154  -0.00583802    -0.00000000  -0.00000000
 -0.00524570  -0.00522744    -0.00451215  -0.00450038    -0.00000000  -0.00000000
  0.00000000  -0.00000000    -0.00000000  -0.00000000     0.00309868   0.00644207
    3    2
 -0.02192243   0.01172053     0.00484867   0.01992981     0.00000000   0.00000000
  0.00484867   0.01992981    -0.07663374   0.05593365     0.00000000   0.00000000
  0.00000000  -0.00000000     0.00000000   0.00000000    -0.02869718   0.00439154
    3    3
  0.05034837   0.00000000     0.00381888  -0.01702083     0.00000000   0.00000000
  0.00381888   0.01702083     0.10055507   0.00000000    -0.00000000   0.00000000
 -0.00000000  -0.00000000     0.00000000  -0.00000000     0.03288044  -0.00000000
    3    4
  0.00235669  -0.01817004     0.04096891   0.00000000     0.00000000   0.00000000
  0.09898766   0.00000000     0.00235669   0.01817004     0.00000000   0.00000000
 -0.00000000  -0.00000000    -0.00000000  -0.00000000    -0.00798346   0.00000000
    3    5
  0.00373010   0.01941833    -0.02638177   0.00674583     0.00000000   0.00000000
 -0.07648905   0.05584674     0.00373010   0.01941833     0.00000000  -0.00000000
  0.00000000   0.00000000    -0.00000000   0.00000000     0.00688427   0.00079381
    3    6
 -0.00586868   0.00044903    -0.00318145   0.00222375     0.00239878  -0.00377706
 -0.00052661  -0.00674541     0.00015254  -0.00651087    -0.00010376  -0.00101519
  0.03034373  -0.00284990     0.00712555   0.00049455    -0.00138010  -0.00273809
    3    7
 -0.00586868   0.00044903    -0.00318145   0.00222375    -0.00239878   0.00377706
 -0.00052661  -0.00674541     0.00015254  -0.00651087     0.00010376   0.00101519
 -0.03034373   0.00284990    -0.00712555  -0.00049455    -0.00138010  -0.00273809
    4    1
 -0.00451215  -0.00450038    -0.00524570  -0.00522744    -0.00000000  -0.00000000
 -0.01308154  -0.00583802    -0.01344892  -0.00741551    -0.00000000  -0.00000000
 -0.00000000  -0.00000000    -0.00000000  -0.00000000     0.00309868   0.00644207
    4    2
  0.00373010   0.01941833    -0.07648905   0.05584674     0.00000000   0.00000000
 -0.02638177   0.00674583     0.00373010   0.01941833     0.00000000  -0.00000000
  0.00000000   0.00000000    -0.00000000  -0.00000000     0.00688427   0.00079381
    4    3
  0.00235669   0.01817004     0.09898766  -0.00000000     0.00000000   0.00000000
  0.04096891   0.00000000     0.00235669  -0.01817004     0.00000000   0.00000000
  0.00000000  -0.00000000     0.00000000  -0.00000000    -0.00798346   0.00000000
    4    4
  0.10055507   0.00000000     0.00381888   0.01702083    -0.00000000   0.00000000
  0.00381888  -0.01702083     0.05034837  -0.00000000    -0.00000000   0.00000000
 -0.00000000   0.00000000    -0.00000000   0.00000000     0.03288044  -0.00000000
    4    5
 -0.07663374   0.05593365     0.00484867   0.01992981     0.00000000   0.00000000
  0.00484867   0.01992981    -0.02192243   0.01172053     0.00000000   0.00000000
  0.00000000  -0.00000000     0.00000000   0.00000000    -0.02869718   0.00439154
    4    6
  0.00015254  -0.00651087    -0.00052661  -0.00674541     0.00010376   0.00101519
 -0.00318145   0.00222375    -0.00586868   0.00044903    -0.00239878   0.00377706
 -0.00712555  -0.00049455    -0.03034373   0.00284990    -0.00138010  -0.00273809
    4    7
  0.00015254  -0.00651087    -0.00052661  -0.00674541    -0.00010376  -0.00101519
 -0.00318145   0.00222375    -0.00586868   0.00044903     0.00239878  -0.00377706
  0.00712555   0.00049455     0.03034373  -0.00284990    -0.00138010  -0.00273809
    5    1
 -0.00000832   0.00637282    -0.00001292   0.00740563     0.00000000   0.00000000
 -0.00512194   0.01337815    -0.00426626   0.01475338     0.00000000   0.00000000
  0.00000000   0.00000000     0.00000000   0.00000000    -0.00236413  -0.00674633
    5    2
  0.00235669  -0.01817004     0.09898766  -0.00000000     0.00000000  -0.00000000
  0.04096891  -0.00000000     0.00235669   0.01817004     0.00000000  -0.00000000
  0.00000000   0.00000000    -0.00000000   0.00000000    -0.00798346  -0.00000000
    5    3
  0.00373010  -0.01941833    -0.07648905  -0.05584674    -0.00000000   0.00000000
 -0.02638177  -0.00674583     0.00373010  -0.01941833    -0.00000000   0.00000000
 -0.00000000   0.00000000    -0.00000000  -0.00000000     0.00688427  -0.00079381
    5    4
 -0.07663374  -0.05593365     0.00484867  -0.01992981     0.00000000   0.00000000
  0.00484867  -0.01992981    -0.02192243  -0.01172053     0.00000000   0.00000000
  0.00000000   0.00000000     0.00000000   0.00000000    -0.02869718  -0.00439154
    5    5
  0.10055507   0.00000000     0.00381888  -0.01702083    -0.00000000   0.00000000
  0.00381888   0.01702083     0.05034837   0.00000000    -0.00000000   0.00000000
 -0.00000000   0.00000000    -0.00000000   0.00000000     0.03288044   0.00000000
    5    6
  0.00015254   0.00651087    -0.00052661   0.00674541    -0.00010376   0.00101519
 -0.00318145  -0.00222375    -0.00586868  -0.00044903     0.00239878   0.00377706
  0.00712555  -0.00049455     0.03034373   0.00284990    -0.00138010   0.00273809
    5    7
  0.00015254   0.00651087    -0.00052661   0.00674541     0.00010376  -0.00101519
 -0.00318145  -0.00222375    -0.00586868  -0.00044903    -0.00239878  -0.00377706
 -0.00712555   0.00049455    -0.03034373  -0.00284990    -0.00138010   0.00273809
    6    1
  0.00315663  -0.00130752     0.00263400  -0.00109104     0.00254138   0.00613543
  0.00263400  -0.00109104     0.00315663  -0.00130752    -0.00254138  -0.00613543
 -0.00025154  -0.00060726     0.00025154   0.00060726    -0.00173374   0.00071814
    6    2
 -0.00586868   0.00044903    -0.00052661  -0.00674541    -0.03034373   0.00284990
 -0.00318145   0.00222375     0.00015254  -0.00651087    -0.00712555  -0.00049455
 -0.00239878   0.00377706     0.00010376   0.00101519    -0.00138010  -0.00273809
    6    3
 -0.00586868  -0.00044903    -0.00052661   0.00674541     0.03034373   0.00284990
 -0.00318145  -0.00222375     0.00015254   0.00651087     0.00712555  -0.00049455
  0.00239878   0.00377706    -0.00010376   0.00101519    -0.00138010   0.00273809
    6    4
  0.00015254   0.00651087    -0.00318145  -0.00222375    -0.00712555   0.00049455
 -0.00052661   0.00674541    -0.00586868  -0.00044903    -0.03034373  -0.00284990
  0.00010376  -0.00101519    -0.00239878  -0.00377706    -0.00138010   0.00273809
    6    5
  0.00015254  -0.00651087    -0.00318145   0.00222375     0.00712555   0.00049455
 -0.00052661  -0.00674541    -0.00586868   0.00044903     0.03034373  -0.00284990
 -0.00010376  -0.00101519     0.00239878  -0.00377706    -0.00138010  -0.00273809
    6    6
  0.03554561   0.00000000     0.00966685   0.00000000    -0.00000000  -0.00120259
  0.00966685  -0.00000000     0.03554561   0.00000000    -0.00000000   0.00120259
 -0.00000000   0.00120259    -0.00000000  -0.00120259     0.00985556   0.00000000
    6    7
 -0.02718303   0.00000000    -0.00503591   0.00000000     0.00000000  -0.00522455
 -0.00503591  -0.00000000    -0.02718303  -0.00000000     0.00000000   0.00522455
 -0.00000000  -0.00522455     0.00000000   0.00522455    -0.00205156   0.00000000
    7    1
  0.00315663  -0.00130752     0.00263400  -0.00109104    -0.00254138  -0.00613543
  0.00263400  -0.00109104     0.00315663  -0.00130752     0.00254138   0.00613543
  0.00025154   0.00060726    -0.00025154  -0.00060726    -0.00173374   0.00071814
    7    2
 -0.00586868   0.00044903    -0.00052661  -0.00674541     0.03034373  -0.00284990
 -0.00318145   0.00222375     0.00015254  -0.00651087     0.00712555   0.00049455
  0.00239878  -0.00377706    -0.00010376  -0.00101519    -0.00138010  -0.00273809
    7    3
 -0.00586868  -0.00044903    -0.00052661   0.00674541    -0.03034373  -0.00284990
 -0.00318145  -0.00222375     0.00015254   0.00651087    -0.00712555   0.00049455
 -0.00239878  -0.00377706     0.00010376  -0.00101519    -0.00138010   0.00273809
    7    4
  0.00015254   0.00651087    -0.00318145  -0.00222375     0.00712555  -0.00049455
 -0.00052661   0.00674541    -0.00586868  -0.00044903     0.03034373   0.00284990
 -0.00010376   0.00101519     0.00239878   0.00377706    -0.00138010   0.00273809
    7    5
  0.00015254  -0.00651087    -0.00318145   0.00222375    -0.00712555  -0.00049455
 -0.00052661  -0.00674541    -0.00586868   0.00044903    -0.03034373   0.00284990
  0.00010376   0.00101519    -0.00239878   0.00377706    -0.00138010  -0.00273809
    7    6
 -0.02718303  -0.00000000    -0.00503591  -0.00000000     0.00000000   0.00522455
 -0.00503591  -0.00000000    -0.02718303   0.00000000     0.00000000  -0.00522455
 -0.00000000   0.00522455     0.00000000  -0.00522455    -0.00205156   0.00000000
    7    7
  0.03554561   0.00000000     0.00966685   0.00000000    -0.00000000   0.00120259
  0.00966685   0.00000000     0.03554561   0.00000000    -0.00000000  -0.00120259
 -0.00000000  -0.00120259    -0.00000000   0.00120259     0.00985556  -0.00000000

     Dynamical  Matrix in cartesian axes

     q = (    0.108253200  -0.108253200   0.000000000 ) 

    1    1
  0.03536627   0.00000000    -0.02938725   0.00000000    -0.00000000   0.00000000
 -0.02938725   0.00000000     0.03536627   0.00000000    -0.00000000   0.00000000
 -0.00000000   0.00000000     0.00000000   0.00000000     0.00632739   0.00000000
    1    2
 -0.00426626   0.01475338     0.00001292  -0.00740563     0.00000000  -0.00000000
  0.00512194  -0.01337815    -0.00000832   0.00637282     0.00000000   0.00000000
  0.00000000  -0.00000000     0.00000000   0.00000000    -0.00236413  -0.00674633
    1    3
 -0.00426626  -0.01475338     0.00001292   0.00740563    -0.00000000  -0.00000000
  0.00512194   0.01337815    -0.00000832  -0.00637282    -0.00000000  -0.00000000
  0.00000000  -0.00000000    -0.00000000  -0.00000000    -0.00236413   0.00674633
    1    4
 -0.00000832   0.00637282     0.00512194  -0.01337815    -0.00000000  -0.00000000
  0.00001292  -0.00740563    -0.00426626   0.01475338     0.00000000  -0.00000000
  0.00000000  -0.00000000     0.00000000   0.00000000    -0.00236413  -0.00674633
    1    5
 -0.00000832  -0.00637282     0.00512194   0.01337815    -0.00000000  -0.00000000
  0.00001292   0.00740563    -0.00426626  -0.01475338    -0.00000000  -0.00000000
  0.00000000  -0.00000000     0.00000000  -0.00000000    -0.00236413   0.00674633
    1    6
  0.00315663   0.00130752    -0.00263400  -0.00109104     0.00025154  -0.00060726
 -0.00263400  -0.00109104     0.00315663   0.00130752     0.00025154  -0.00060726
 -0.00254138   0.00613543    -0.00254138   0.00613543    -0.00173374  -0.00071814
    1    7
  0.00315663  -0.00130752    -0.00263400   0.00109104     0.00025154   0.00060726
 -0.00263400   0.00109104     0.00315663  -0.00130752     0.00025154   0.00060726
 -0.00254138  -0.00613543    -0.00254138  -0.00613543    -0.00173374   0.00071814
    2    1
 -0.00426626  -0.01475338     0.00512194   0.01337815     0.00000000  -0.00000000
  0.00001292   0.00740563    -0.00000832  -0.00637282     0.00000000  -0.00000000
  0.00000000  -0.00000000     0.00000000  -0.00000000    -0.00236413   0.00674633
    2    2
  0.05034837  -0.00000000    -0.00381888   0.01702083    -0.00000000  -0.00000000
 -0.00381888  -0.01702083     0.10055507  -0.00000000    -0.00000000  -0.00000000
 -0.00000000   0.00000000    -0.00000000   0.00000000     0.03288044   0.00000000
    2    3
 -0.02378916  -0.00721384     0.01066398  -0.01752103     0.00000000   0.00000000
  0.01066398  -0.01752103    -0.09373929  -0.01463719     0.00000000   0.00000000
  0.00000000   0.00000000     0.00000000   0.00000000    -0.02339725  -0.01718668
    2    4
  0.00235669  -0.01817004    -0.04096891  -0.00000000     0.00000000   0.00000000
 -0.09898766  -0.00000000     0.00235669   0.01817004     0.00000000   0.00000000
  0.00000000   0.00000000     0.00000000   0.00000000    -0.00798346  -0.00000000
    2    5
 -0.01109326   0.01636841     0.02342475   0.01388471    -0.00000000  -0.00000000
  0.09357553   0.01459633    -0.01109326   0.01636841     0.00000000  -0.00000000
  0.00000000  -0.00000000    -0.00000000  -0.00000000     0.00430660   0.00542923
    2    6
 -0.00446729  -0.00383227     0.00382205   0.00067720    -0.00436698   0.00097459
 -0.00439736   0.00514209     0.00471174  -0.00449602     0.00064448  -0.00079122
 -0.02347143  -0.01944108     0.00468882   0.00538822     0.00096025  -0.00291200
    2    7
 -0.00586868   0.00044903     0.00318145  -0.00222375     0.00239878  -0.00377706
  0.00052661   0.00674541     0.00015254  -0.00651087     0.00010376   0.00101519
  0.03034373  -0.00284990    -0.00712555  -0.00049455    -0.00138010  -0.00273809
    3    1
 -0.00426626   0.01475338     0.00512194  -0.01337815     0.00000000  -0.00000000
  0.00001292  -0.00740563    -0.00000832   0.00637282     0.00000000   0.00000000
 -0.00000000   0.00000000     0.00000000   0.00000000    -0.00236413  -0.00674633
    3    2
 -0.02378916   0.00721384     0.01066398   0.01752103     0.00000000  -0.00000000
  0.01066398   0.01752103    -0.09373929   0.01463719    -0.00000000  -0.00000000
  0.00000000  -0.00000000     0.00000000  -0.00000000    -0.02339725   0.01718668
    3    3
  0.05034837   0.00000000    -0.00381888  -0.01702083    -0.00000000   0.00000000
 -0.00381888   0.01702083     0.10055507   0.00000000    -0.00000000   0.00000000
 -0.00000000   0.00000000    -0.00000000   0.00000000     0.03288044   0.00000000
    3    4
 -0.01109326  -0.01636841     0.02342475  -0.01388471     0.00000000   0.00000000
  0.09357553  -0.01459633    -0.01109326  -0.01636841    -0.00000000   0.00000000
 -0.00000000   0.00000000     0.00000000   0.00000000     0.00430660  -0.00542923
    3    5
  0.00235669   0.01817004    -0.04096891  -0.00000000     0.00000000   0.00000000
 -0.09898766  -0.00000000     0.00235669  -0.01817004    -0.00000000   0.00000000
 -0.00000000   0.00000000     0.00000000   0.00000000    -0.00798346  -0.00000000
    3    6
 -0.00586868  -0.00044903     0.00318145   0.00222375     0.00239878   0.00377706
  0.00052661  -0.00674541     0.00015254   0.00651087     0.00010376  -0.00101519
  0.03034373   0.00284990    -0.00712555   0.00049455    -0.00138010   0.00273809
    3    7
 -0.00446729   0.00383227     0.00382205  -0.00067720    -0.00436698  -0.00097459
 -0.00439736  -0.00514209     0.00471174   0.00449602     0.00064448   0.00079122
 -0.02347143   0.01944108     0.00468882  -0.00538822     0.00096025   0.00291200
    4    1
 -0.00000832  -0.00637282     0.00001292   0.00740563     0.00000000  -0.00000000
  0.00512194   0.01337815    -0.00426626  -0.01475338     0.00000000  -0.00000000
 -0.00000000  -0.00000000     0.00000000  -0.00000000    -0.00236413   0.00674633
    4    2
  0.00235669   0.01817004    -0.09898766   0.00000000     0.00000000   0.00000000
 -0.04096891   0.00000000     0.00235669  -0.01817004     0.00000000   0.00000000
  0.00000000   0.00000000    -0.00000000   0.00000000    -0.00798346   0.00000000
    4    3
 -0.01109326   0.01636841     0.09357553   0.01459633     0.00000000  -0.00000000
  0.02342475   0.01388471    -0.01109326   0.01636841     0.00000000  -0.00000000
  0.00000000  -0.00000000    -0.00000000  -0.00000000     0.00430660   0.00542923
    4    4
  0.10055507  -0.00000000    -0.00381888  -0.01702083     0.00000000   0.00000000
 -0.00381888   0.01702083     0.05034837  -0.00000000    -0.00000000   0.00000000
 -0.00000000   0.00000000    -0.00000000   0.00000000     0.03288044   0.00000000
    4    5
 -0.09373929  -0.01463719     0.01066398  -0.01752103     0.00000000   0.00000000
  0.01066398  -0.01752103    -0.02378916  -0.00721384     0.00000000   0.00000000
  0.00000000   0.00000000     0.00000000   0.00000000    -0.02339725  -0.01718668
    4    6
  0.00471174  -0.00449602    -0.00439736   0.00514209     0.00064448  -0.00079122
  0.00382205   0.00067720    -0.00446729  -0.00383227    -0.00436698   0.00097459
  0.00468882   0.00538822    -0.02347143  -0.01944108     0.00096025  -0.00291200
    4    7
  0.00015254  -0.00651087     0.00052661   0.00674541     0.00010376   0.00101519
  0.00318145  -0.00222375    -0.00586868   0.00044903     0.00239878  -0.00377706
 -0.00712555  -0.00049455     0.03034373  -0.00284990    -0.00138010  -0.00273809
    5    1
 -0.00000832   0.00637282     0.00001292  -0.00740563     0.00000000   0.00000000
  0.00512194  -0.01337815    -0.00426626   0.01475338     0.00000000  -0.00000000
  0.00000000  -0.00000000     0.00000000   0.00000000    -0.00236413  -0.00674633
    5    2
 -0.01109326  -0.01636841     0.09357553  -0.01459633     0.00000000   0.00000000
  0.02342475  -0.01388471    -0.01109326  -0.01636841     0.00000000   0.00000000
  0.00000000  -0.00000000     0.00000000   0.00000000     0.00430660  -0.00542923
    5    3
  0.00235669  -0.01817004    -0.09898766   0.00000000    -0.00000000   0.00000000
 -0.04096891   0.00000000     0.00235669   0.01817004    -0.00000000   0.00000000
 -0.00000000   0.00000000    -0.00000000   0.00000000    -0.00798346   0.00000000
    5    4
 -0.09373929   0.01463719     0.01066398   0.01752103     0.00000000  -0.00000000
  0.01066398   0.01752103    -0.02378916   0.00721384     0.00000000  -0.00000000
  0.00000000  -0.00000000     0.00000000  -0.00000000    -0.02339725   0.01718668
    5    5
  0.10055507   0.00000000    -0.00381888   0.01702083    -0.00000000   0.00000000
 -0.00381888  -0.01702083     0.05034837   0.00000000    -0.00000000   0.00000000
 -0.00000000   0.00000000    -0.00000000   0.00000000     0.03288044   0.00000000
    5    6
  0.00015254   0.00651087     0.00052661  -0.00674541     0.00010376  -0.00101519
  0.00318145   0.00222375    -0.00586868  -0.00044903     0.00239878   0.00377706
 -0.00712555   0.00049455     0.03034373   0.00284990    -0.00138010   0.00273809
    5    7
  0.00471174   0.00449602    -0.00439736  -0.00514209     0.00064448   0.00079122
  0.00382205  -0.00067720    -0.00446729   0.00383227    -0.00436698  -0.00097459
  0.00468882  -0.00538822    -0.02347143   0.01944108     0.00096025   0.00291200
    6    1
  0.00315663  -0.00130752    -0.00263400   0.00109104    -0.00254138  -0.00613543
 -0.00263400   0.00109104     0.00315663  -0.00130752    -0.00254138  -0.00613543
  0.00025154   0.00060726     0.00025154   0.00060726    -0.00173374   0.00071814
    6    2
 -0.00446729   0.00383227    -0.00439736  -0.00514209    -0.02347143   0.01944108
  0.00382205  -0.00067720     0.00471174   0.00449602     0.00468882  -0.00538822
 -0.00436698  -0.00097459     0.00064448   0.00079122     0.00096025   0.00291200
    6    3
 -0.00586868   0.00044903     0.00052661   0.00674541     0.03034373  -0.00284990
  0.00318145  -0.00222375     0.00015254  -0.00651087    -0.00712555  -0.00049455
  0.00239878  -0.00377706     0.00010376   0.00101519    -0.00138010  -0.00273809
    6    4
  0.00471174   0.00449602     0.00382205  -0.00067720     0.00468882  -0.00538822
 -0.00439736  -0.00514209    -0.00446729   0.00383227    -0.02347143   0.01944108
  0.00064448   0.00079122    -0.00436698  -0.00097459     0.00096025   0.00291200
    6    5
  0.00015254  -0.00651087     0.00318145  -0.00222375    -0.00712555  -0.00049455
  0.00052661   0.00674541    -0.00586868   0.00044903     0.03034373  -0.00284990
  0.00010376   0.00101519     0.00239878  -0.00377706    -0.00138010  -0.00273809
    6    6
  0.03554561   0.00000000    -0.00966685   0.00000000     0.00000000   0.00120259
 -0.00966685   0.00000000     0.03554561   0.00000000     0.00000000   0.00120259
  0.00000000  -0.00120259    -0.00000000  -0.00120259     0.00985556   0.00000000
    6    7
 -0.01922130   0.01922131     0.00356092  -0.00356093     0.00369431   0.00369431
  0.00356092  -0.00356093    -0.01922130   0.01922131     0.00369431   0.00369431
  0.00369431   0.00369431     0.00369431   0.00369431    -0.00145067   0.00145067
    7    1
  0.00315663   0.00130752    -0.00263400  -0.00109104    -0.00254138   0.00613543
 -0.00263400  -0.00109104     0.00315663   0.00130752    -0.00254138   0.00613543
  0.00025154  -0.00060726     0.00025154  -0.00060726    -0.00173374  -0.00071814
    7    2
 -0.00586868  -0.00044903     0.00052661  -0.00674541     0.03034373   0.00284990
  0.00318145   0.00222375     0.00015254   0.00651087    -0.00712555   0.00049455
  0.00239878   0.00377706     0.00010376  -0.00101519    -0.00138010   0.00273809
    7    3
 -0.00446729  -0.00383227    -0.00439736   0.00514209    -0.02347143  -0.01944108
  0.00382205   0.00067720     0.00471174  -0.00449602     0.00468882   0.00538822
 -0.00436698   0.00097459     0.00064448  -0.00079122     0.00096025  -0.00291200
    7    4
  0.00015254   0.00651087     0.00318145   0.00222375    -0.00712555   0.00049455
  0.00052661  -0.00674541    -0.00586868  -0.00044903     0.03034373   0.00284990
  0.00010376  -0.00101519     0.00239878   0.00377706    -0.00138010   0.00273809
    7    5
  0.00471174  -0.00449602     0.00382205   0.00067720     0.00468882   0.00538822
 -0.00439736   0.00514209    -0.00446729  -0.00383227    -0.02347143  -0.01944108
  0.00064448  -0.00079122    -0.00436698   0.00097459     0.00096025  -0.00291200
    7    6
 -0.01922130  -0.01922131     0.00356092   0.00356093     0.00369431  -0.00369431
  0.00356092   0.00356093    -0.01922130  -0.01922131     0.00369431  -0.00369431
  0.00369431  -0.00369431     0.00369431  -0.00369431    -0.00145067  -0.00145067
    7    7
  0.03554561   0.00000000    -0.00966685  -0.00000000     0.00000000  -0.00120259
 -0.00966685   0.00000000     0.03554561  -0.00000000     0.00000000  -0.00120259
  0.00000000   0.00120259    -0.00000000   0.00120259     0.00985556   0.00000000

     Dynamical  Matrix in cartesian axes

     q = (   -0.108253200   0.108253200   0.000000000 ) 

    1    1
  0.03536627   0.00000000    -0.02938725   0.00000000    -0.00000000   0.00000000
 -0.02938725   0.00000000     0.03536627   0.00000000    -0.00000000   0.00000000
 -0.00000000   0.00000000     0.00000000   0.00000000     0.00632739   0.00000000
    1    2
 -0.00426626  -0.01475338     0.00001292   0.00740563    -0.00000000   0.00000000
  0.00512194   0.01337815    -0.00000832  -0.00637282    -0.00000000  -0.00000000
  0.00000000  -0.00000000    -0.00000000   0.00000000    -0.00236413   0.00674633
    1    3
 -0.00426626   0.01475338     0.00001292  -0.00740563    -0.00000000   0.00000000
  0.00512194  -0.01337815    -0.00000832   0.00637282     0.00000000  -0.00000000
 -0.00000000   0.00000000     0.00000000  -0.00000000    -0.00236413  -0.00674633
    1    4
 -0.00000832  -0.00637282     0.00512194   0.01337815    -0.00000000  -0.00000000
  0.00001292   0.00740563    -0.00426626  -0.01475338    -0.00000000   0.00000000
  0.00000000   0.00000000     0.00000000  -0.00000000    -0.00236413   0.00674633
    1    5
 -0.00000832   0.00637282     0.00512194  -0.01337815     0.00000000  -0.00000000
  0.00001292  -0.00740563    -0.00426626   0.01475338     0.00000000  -0.00000000
  0.00000000  -0.00000000    -0.00000000  -0.00000000    -0.00236413  -0.00674633
    1    6
  0.00315663  -0.00130752    -0.00263400   0.00109104     0.00025154   0.00060726
 -0.00263400   0.00109104     0.00315663  -0.00130752     0.00025154   0.00060726
 -0.00254138  -0.00613543    -0.00254138  -0.00613543    -0.00173374   0.00071814
    1    7
  0.00315663   0.00130752    -0.00263400  -0.00109104     0.00025154  -0.00060726
 -0.00263400  -0.00109104     0.00315663   0.00130752     0.00025154  -0.00060726
