  4.500000000000000E-002   1.25986529217407        2.41685017272211     
           6

     Dynamical  Matrix in cartesian axes

     q = (   -0.433012700  -0.433012700   0.000000000 ) 

    1    1
  0.14998684   0.00000000     0.07306142   0.00000000    -0.00000000   0.00000000
  0.07306142   0.00000000     0.14998684   0.00000000    -0.00000000   0.00000000
  0.00000000   0.00000000    -0.00000000   0.00000000     0.04937347   0.00000000
    1    2
 -0.03528741   0.00000000     0.02303903  -0.00000000     0.00000000   0.00000000
 -0.00663299   0.00000000     0.02884245  -0.00000000     0.00000000   0.00000000
  0.00000000   0.00000000     0.00000000  -0.00000000    -0.01394333   0.00000000
    1    3
  0.03528741  -0.00000000    -0.02303903   0.00000000     0.00000000   0.00000000
  0.00663299  -0.00000000    -0.02884245   0.00000000     0.00000000   0.00000000
 -0.00000000   0.00000000    -0.00000000   0.00000000     0.01394333  -0.00000000
    1    4
 -0.02884245   0.00000000     0.00663299  -0.00000000     0.00000000   0.00000000
 -0.02303903   0.00000000     0.03528741  -0.00000000     0.00000000   0.00000000
 -0.00000000  -0.00000000    -0.00000000   0.00000000     0.01394333  -0.00000000
    1    5
  0.02884245  -0.00000000    -0.00663299   0.00000000     0.00000000   0.00000000
  0.02303903  -0.00000000    -0.03528741   0.00000000     0.00000000   0.00000000
  0.00000000  -0.00000000     0.00000000   0.00000000    -0.01394333   0.00000000
    1    6
 -0.00000000  -0.00000000    -0.00000000   0.00000000     0.01010787  -0.00000000
 -0.00000000   0.00000000     0.00000000  -0.00000000    -0.01010787   0.00000000
  0.01921765  -0.00000000    -0.01921765   0.00000000     0.00000000   0.00000000
    1    7
  0.00000000  -0.00000000     0.00000000   0.00000000    -0.01010787   0.00000000
  0.00000000   0.00000000    -0.00000000  -0.00000000     0.01010787  -0.00000000
 -0.01921765   0.00000000     0.01921765  -0.00000000    -0.00000000   0.00000000
    2    1
 -0.03528741  -0.00000000    -0.00663299  -0.00000000     0.00000000  -0.00000000
  0.02303903   0.00000000     0.02884245   0.00000000     0.00000000   0.00000000
  0.00000000  -0.00000000     0.00000000  -0.00000000    -0.01394333  -0.00000000
    2    2
  0.06865900   0.00000000     0.01397031   0.00000000     0.00000000   0.00000000
  0.01397031   0.00000000     0.08766139   0.00000000     0.00000000   0.00000000
  0.00000000   0.00000000     0.00000000   0.00000000     0.03222099   0.00000000
    2    3
  0.00722486   0.00000000     0.02246987   0.00000000     0.00000000   0.00000000
  0.02246987   0.00000000     0.04114014   0.00000000     0.00000000   0.00000000
  0.00000000   0.00000000     0.00000000   0.00000000    -0.02384451   0.00000000
    2    4
  0.03972839   0.00000000     0.03716620   0.00000000    -0.00000000   0.00000000
  0.05406002   0.00000000     0.03972839   0.00000000    -0.00000000   0.00000000
 -0.00000000   0.00000000     0.00000000   0.00000000     0.01301311   0.00000000
    2    5
 -0.00741292   0.00000000     0.02926691   0.00000000    -0.00000000   0.00000000
  0.07098034   0.00000000    -0.00741292   0.00000000     0.00000000   0.00000000
  0.00000000   0.00000000    -0.00000000   0.00000000    -0.01177514   0.00000000
    2    6
 -0.02062092   0.00000000    -0.01424375   0.00000000    -0.01124053   0.00000000
 -0.00765715   0.00000000    -0.00475079   0.00000000    -0.00569491   0.00000000
 -0.02625805   0.00000000    -0.01083189   0.00000000    -0.00403516   0.00000000
    2    7
 -0.02062092   0.00000000    -0.01424375   0.00000000     0.01124053   0.00000000
 -0.00765715   0.00000000    -0.00475079   0.00000000     0.00569491   0.00000000
  0.02625805   0.00000000     0.01083189   0.00000000    -0.00403516   0.00000000
    3    1
  0.03528741   0.00000000     0.00663299   0.00000000    -0.00000000  -0.00000000
 -0.02303903  -0.00000000    -0.02884245  -0.00000000    -0.00000000  -0.00000000
  0.00000000  -0.00000000     0.00000000   0.00000000     0.01394333   0.00000000
    3    2
  0.00722486   0.00000000     0.02246987   0.00000000     0.00000000   0.00000000
  0.02246987   0.00000000     0.04114014   0.00000000     0.00000000   0.00000000
  0.00000000   0.00000000     0.00000000   0.00000000    -0.02384451   0.00000000
    3    3
  0.06865900   0.00000000     0.01397031   0.00000000     0.00000000   0.00000000
  0.01397031   0.00000000     0.08766139   0.00000000    -0.00000000   0.00000000
 -0.00000000   0.00000000     0.00000000   0.00000000     0.03222099   0.00000000
    3    4
 -0.00741292   0.00000000     0.02926691   0.00000000     0.00000000   0.00000000
  0.07098034   0.00000000    -0.00741292   0.00000000     0.00000000   0.00000000
 -0.00000000   0.00000000     0.00000000   0.00000000    -0.01177514   0.00000000
    3    5
  0.03972839   0.00000000     0.03716620   0.00000000     0.00000000   0.00000000
  0.05406002   0.00000000     0.03972839   0.00000000    -0.00000000   0.00000000
 -0.00000000   0.00000000     0.00000000   0.00000000     0.01301311   0.00000000
    3    6
 -0.02062092   0.00000000    -0.01424375   0.00000000     0.01124053   0.00000000
 -0.00765715   0.00000000    -0.00475079   0.00000000     0.00569491   0.00000000
  0.02625805   0.00000000     0.01083189   0.00000000    -0.00403516   0.00000000
    3    7
 -0.02062092   0.00000000    -0.01424375   0.00000000    -0.01124053   0.00000000
 -0.00765715   0.00000000    -0.00475079   0.00000000    -0.00569491   0.00000000
 -0.02625805   0.00000000    -0.01083189   0.00000000    -0.00403516   0.00000000
    4    1
 -0.02884245  -0.00000000    -0.02303903  -0.00000000    -0.00000000   0.00000000
  0.00663299   0.00000000     0.03528741   0.00000000    -0.00000000  -0.00000000
 -0.00000000  -0.00000000     0.00000000  -0.00000000     0.01394333   0.00000000
    4    2
  0.03972839   0.00000000     0.05406002   0.00000000    -0.00000000   0.00000000
  0.03716620   0.00000000     0.03972839   0.00000000     0.00000000   0.00000000
 -0.00000000   0.00000000    -0.00000000   0.00000000     0.01301311   0.00000000
    4    3
 -0.00741292   0.00000000     0.07098034   0.00000000     0.00000000   0.00000000
  0.02926691   0.00000000    -0.00741292   0.00000000    -0.00000000   0.00000000
  0.00000000   0.00000000     0.00000000   0.00000000    -0.01177514   0.00000000
    4    4
  0.08766139   0.00000000     0.01397031   0.00000000    -0.00000000   0.00000000
  0.01397031   0.00000000     0.06865900   0.00000000    -0.00000000   0.00000000
  0.00000000   0.00000000     0.00000000   0.00000000     0.03222099   0.00000000
    4    5
  0.04114014   0.00000000     0.02246987   0.00000000     0.00000000   0.00000000
  0.02246987   0.00000000     0.00722486   0.00000000     0.00000000   0.00000000
  0.00000000   0.00000000     0.00000000   0.00000000    -0.02384451   0.00000000
    4    6
 -0.00475079   0.00000000    -0.00765715   0.00000000    -0.00569491   0.00000000
 -0.01424375   0.00000000    -0.02062092   0.00000000    -0.01124053   0.00000000
 -0.01083189   0.00000000    -0.02625805   0.00000000    -0.00403516   0.00000000
    4    7
 -0.00475079   0.00000000    -0.00765715   0.00000000     0.00569491   0.00000000
 -0.01424375   0.00000000    -0.02062092   0.00000000     0.01124053   0.00000000
  0.01083189   0.00000000     0.02625805   0.00000000    -0.00403516   0.00000000
    5    1
  0.02884245   0.00000000     0.02303903   0.00000000     0.00000000   0.00000000
 -0.00663299  -0.00000000    -0.03528741  -0.00000000     0.00000000  -0.00000000
  0.00000000  -0.00000000     0.00000000  -0.00000000    -0.01394333  -0.00000000
    5    2
 -0.00741292   0.00000000     0.07098034   0.00000000    -0.00000000   0.00000000
  0.02926691   0.00000000    -0.00741292   0.00000000     0.00000000   0.00000000
  0.00000000   0.00000000    -0.00000000   0.00000000    -0.01177514   0.00000000
    5    3
  0.03972839   0.00000000     0.05406002   0.00000000    -0.00000000   0.00000000
  0.03716620   0.00000000     0.03972839   0.00000000    -0.00000000   0.00000000
 -0.00000000   0.00000000    -0.00000000   0.00000000     0.01301311   0.00000000
    5    4
  0.04114014   0.00000000     0.02246987   0.00000000     0.00000000   0.00000000
  0.02246987   0.00000000     0.00722486   0.00000000     0.00000000   0.00000000
  0.00000000   0.00000000    -0.00000000   0.00000000    -0.02384451   0.00000000
    5    5
  0.08766139   0.00000000     0.01397031   0.00000000    -0.00000000   0.00000000
  0.01397031   0.00000000     0.06865900   0.00000000    -0.00000000   0.00000000
  0.00000000   0.00000000     0.00000000   0.00000000     0.03222099   0.00000000
    5    6
 -0.00475079   0.00000000    -0.00765715   0.00000000     0.00569491   0.00000000
 -0.01424375   0.00000000    -0.02062092   0.00000000     0.01124053   0.00000000
  0.01083189   0.00000000     0.02625805   0.00000000    -0.00403516   0.00000000
    5    7
 -0.00475079   0.00000000    -0.00765715   0.00000000    -0.00569491   0.00000000
 -0.01424375   0.00000000    -0.02062092   0.00000000    -0.01124053   0.00000000
 -0.01083189   0.00000000    -0.02625805   0.00000000    -0.00403516   0.00000000
    6    1
 -0.00000000   0.00000000    -0.00000000  -0.00000000     0.01921765   0.00000000
  0.00000000  -0.00000000     0.00000000   0.00000000    -0.01921765  -0.00000000
  0.01010787   0.00000000    -0.01010787  -0.00000000     0.00000000  -0.00000000
    6    2
 -0.02062092   0.00000000    -0.00765715   0.00000000    -0.02625805   0.00000000
 -0.01424375   0.00000000    -0.00475079   0.00000000    -0.01083189   0.00000000
 -0.01124053   0.00000000    -0.00569491   0.00000000    -0.00403516   0.00000000
    6    3
 -0.02062092   0.00000000    -0.00765715   0.00000000     0.02625805   0.00000000
 -0.01424375   0.00000000    -0.00475079   0.00000000     0.01083189   0.00000000
  0.01124053   0.00000000     0.00569491   0.00000000    -0.00403516   0.00000000
    6    4
 -0.00475079   0.00000000    -0.01424375   0.00000000    -0.01083189   0.00000000
 -0.00765715   0.00000000    -0.02062092   0.00000000    -0.02625805   0.00000000
 -0.00569491   0.00000000    -0.01124053   0.00000000    -0.00403516   0.00000000
    6    5
 -0.00475079   0.00000000    -0.01424375   0.00000000     0.01083189   0.00000000
 -0.00765715   0.00000000    -0.02062092   0.00000000     0.02625805   0.00000000
  0.00569491   0.00000000     0.01124053   0.00000000    -0.00403516   0.00000000
    6    6
  0.04768815   0.00000000     0.01682736   0.00000000    -0.00000000   0.00000000
  0.01682736   0.00000000     0.04768815   0.00000000    -0.00000000   0.00000000
 -0.00000000   0.00000000    -0.00000000   0.00000000     0.01833480   0.00000000
    6    7
 -0.01168565   0.00000000    -0.00095381   0.00000000     0.00000000   0.00000000
 -0.00095381   0.00000000    -0.01168565   0.00000000    -0.00000000   0.00000000
  0.00000000   0.00000000    -0.00000000   0.00000000     0.00141431   0.00000000
    7    1
  0.00000000   0.00000000     0.00000000  -0.00000000    -0.01921765  -0.00000000
 -0.00000000  -0.00000000    -0.00000000   0.00000000     0.01921765   0.00000000
 -0.01010787  -0.00000000     0.01010787   0.00000000     0.00000000  -0.00000000
    7    2
 -0.02062092   0.00000000    -0.00765715   0.00000000     0.02625805   0.00000000
 -0.01424375   0.00000000    -0.00475079   0.00000000     0.01083189   0.00000000
  0.01124053   0.00000000     0.00569491   0.00000000    -0.00403516   0.00000000
    7    3
 -0.02062092   0.00000000    -0.00765715   0.00000000    -0.02625805   0.00000000
 -0.01424375   0.00000000    -0.00475079   0.00000000    -0.01083189   0.00000000
 -0.01124053   0.00000000    -0.00569491   0.00000000    -0.00403516   0.00000000
    7    4
 -0.00475079   0.00000000    -0.01424375   0.00000000     0.01083189   0.00000000
 -0.00765715   0.00000000    -0.02062092   0.00000000     0.02625805   0.00000000
  0.00569491   0.00000000     0.01124053   0.00000000    -0.00403516   0.00000000
    7    5
 -0.00475079   0.00000000    -0.01424375   0.00000000    -0.01083189   0.00000000
 -0.00765715   0.00000000    -0.02062092   0.00000000    -0.02625805   0.00000000
 -0.00569491   0.00000000    -0.01124053   0.00000000    -0.00403516   0.00000000
    7    6
 -0.01168565   0.00000000    -0.00095381   0.00000000     0.00000000   0.00000000
 -0.00095381   0.00000000    -0.01168565   0.00000000    -0.00000000   0.00000000
  0.00000000   0.00000000    -0.00000000   0.00000000     0.00141431   0.00000000
    7    7
  0.04768815   0.00000000     0.01682736   0.00000000    -0.00000000   0.00000000
  0.01682736   0.00000000     0.04768815   0.00000000    -0.00000000   0.00000000
 -0.00000000   0.00000000     0.00000000   0.00000000     0.01833480   0.00000000

     Dynamical  Matrix in cartesian axes

     q = (    0.000000000   0.433012700  -0.433012700 ) 

    1    1
  0.04937347   0.00000000    -0.00000000   0.00000000    -0.00000000   0.00000000
 -0.00000000   0.00000000     0.14998684   0.00000000    -0.07306142   0.00000000
 -0.00000000   0.00000000    -0.07306142   0.00000000     0.14998684   0.00000000
    1    2
  0.00000000   0.00000000    -0.01921765   0.00000000    -0.01921765   0.00000000
 -0.01010787   0.00000000     0.00000000  -0.00000000    -0.00000000  -0.00000000
 -0.01010787   0.00000000    -0.00000000  -0.00000000    -0.00000000  -0.00000000
    1    3
  0.00000000  -0.00000000    -0.01921765  -0.00000000    -0.01921765  -0.00000000
 -0.01010787  -0.00000000    -0.00000000   0.00000000    -0.00000000  -0.00000000
 -0.01010787  -0.00000000    -0.00000000   0.00000000    -0.00000000   0.00000000
    1    4
 -0.01394333  -0.00000000     0.00000000   0.00000000    -0.00000000   0.00000000
  0.00000000   0.00000000    -0.03528741  -0.00000000    -0.02303903  -0.00000000
 -0.00000000  -0.00000000     0.00663299   0.00000000     0.02884245   0.00000000
    1    5
 -0.01394333   0.00000000     0.00000000   0.00000000     0.00000000   0.00000000
  0.00000000   0.00000000    -0.03528741   0.00000000    -0.02303903   0.00000000
 -0.00000000  -0.00000000     0.00663299  -0.00000000     0.02884245  -0.00000000
    1    6
 -0.01394333  -0.00000000     0.00000000  -0.00000000     0.00000000  -0.00000000
  0.00000000   0.00000000     0.02884245   0.00000000     0.00663299   0.00000000
  0.00000000  -0.00000000    -0.02303903  -0.00000000    -0.03528741  -0.00000000
    1    7
 -0.01394333   0.00000000     0.00000000   0.00000000     0.00000000   0.00000000
  0.00000000  -0.00000000     0.02884245  -0.00000000     0.00663299  -0.00000000
  0.00000000   0.00000000    -0.02303903   0.00000000    -0.03528741   0.00000000
    2    1
  0.00000000  -0.00000000    -0.01010787  -0.00000000    -0.01010787  -0.00000000
 -0.01921765  -0.00000000     0.00000000   0.00000000     0.00000000   0.00000000
 -0.01921765  -0.00000000     0.00000000   0.00000000     0.00000000   0.00000000
    2    2
  0.01833480   0.00000000     0.00000000   0.00000000    -0.00000000   0.00000000
 -0.00000000   0.00000000     0.04768815   0.00000000    -0.01682736   0.00000000
 -0.00000000   0.00000000    -0.01682736   0.00000000     0.04768815   0.00000000
    2    3
 -0.00141431  -0.00000000     0.00000000   0.00000000    -0.00000000  -0.00000000
  0.00000000   0.00000000     0.01168565   0.00000000    -0.00095381  -0.00000000
 -0.00000000  -0.00000000    -0.00095381  -0.00000000     0.01168565   0.00000000
    2    4
  0.00403516   0.00000000     0.01124053   0.00000000    -0.00569491  -0.00000000
  0.02625805   0.00000000     0.02062092   0.00000000    -0.00765715  -0.00000000
 -0.01083189  -0.00000000    -0.01424375  -0.00000000     0.00475079   0.00000000
    2    5
 -0.00403516   0.00000000     0.01124053  -0.00000000    -0.00569491   0.00000000
  0.02625805  -0.00000000    -0.02062092   0.00000000     0.00765715  -0.00000000
 -0.01083189   0.00000000     0.01424375  -0.00000000    -0.00475079   0.00000000
    2    6
  0.00403516   0.00000000    -0.00569491  -0.00000000     0.01124053   0.00000000
 -0.01083189  -0.00000000     0.00475079   0.00000000    -0.01424375  -0.00000000
  0.02625805   0.00000000    -0.00765715  -0.00000000     0.02062092   0.00000000
    2    7
 -0.00403516   0.00000000    -0.00569491   0.00000000     0.01124053  -0.00000000
 -0.01083189   0.00000000    -0.00475079   0.00000000     0.01424375  -0.00000000
  0.02625805  -0.00000000     0.00765715  -0.00000000    -0.02062092   0.00000000
    3    1
  0.00000000   0.00000000    -0.01010787   0.00000000    -0.01010787   0.00000000
 -0.01921765   0.00000000     0.00000000  -0.00000000    -0.00000000  -0.00000000
 -0.01921765   0.00000000    -0.00000000   0.00000000    -0.00000000  -0.00000000
    3    2
 -0.00141431   0.00000000    -0.00000000  -0.00000000    -0.00000000   0.00000000
 -0.00000000  -0.00000000     0.01168565  -0.00000000    -0.00095381   0.00000000
 -0.00000000   0.00000000    -0.00095381   0.00000000     0.01168565  -0.00000000
    3    3
  0.01833480   0.00000000     0.00000000   0.00000000    -0.00000000   0.00000000
 -0.00000000   0.00000000     0.04768815   0.00000000    -0.01682736   0.00000000
 -0.00000000   0.00000000    -0.01682736   0.00000000     0.04768815   0.00000000
    3    4
 -0.00403516   0.00000000     0.01124053  -0.00000000    -0.00569491   0.00000000
  0.02625805  -0.00000000    -0.02062092   0.00000000     0.00765715  -0.00000000
 -0.01083189   0.00000000     0.01424375  -0.00000000    -0.00475079   0.00000000
    3    5
  0.00403516  -0.00000000     0.01124053  -0.00000000    -0.00569491   0.00000000
  0.02625805  -0.00000000     0.02062092  -0.00000000    -0.00765715   0.00000000
 -0.01083189   0.00000000    -0.01424375   0.00000000     0.00475079  -0.00000000
    3    6
 -0.00403516   0.00000000    -0.00569491   0.00000000     0.01124053  -0.00000000
 -0.01083189   0.00000000    -0.00475079   0.00000000     0.01424375  -0.00000000
  0.02625805  -0.00000000     0.00765715  -0.00000000    -0.02062092   0.00000000
    3    7
  0.00403516  -0.00000000    -0.00569491   0.00000000     0.01124053  -0.00000000
 -0.01083189   0.00000000     0.00475079  -0.00000000    -0.01424375   0.00000000
  0.02625805  -0.00000000    -0.00765715   0.00000000     0.02062092  -0.00000000
    4    1
 -0.01394333   0.00000000     0.00000000  -0.00000000    -0.00000000   0.00000000
  0.00000000  -0.00000000    -0.03528741   0.00000000     0.00663299  -0.00000000
 -0.00000000  -0.00000000    -0.02303903   0.00000000     0.02884245  -0.00000000
    4    2
  0.00403516  -0.00000000     0.02625805  -0.00000000    -0.01083189   0.00000000
  0.01124053  -0.00000000     0.02062092  -0.00000000    -0.01424375   0.00000000
 -0.00569491   0.00000000    -0.00765715   0.00000000     0.00475079  -0.00000000
    4    3
 -0.00403516  -0.00000000     0.02625805   0.00000000    -0.01083189  -0.00000000
  0.01124053   0.00000000    -0.02062092  -0.00000000     0.01424375   0.00000000
 -0.00569491  -0.00000000     0.00765715   0.00000000    -0.00475079  -0.00000000
    4    4
  0.03222099   0.00000000     0.00000000   0.00000000    -0.00000000   0.00000000
  0.00000000   0.00000000     0.06865900   0.00000000    -0.01397031   0.00000000
  0.00000000   0.00000000    -0.01397031   0.00000000     0.08766139   0.00000000
    4    5
  0.02384451  -0.00000000     0.00000000   0.00000000     0.00000000  -0.00000000
 -0.00000000   0.00000000    -0.00722486   0.00000000     0.02246987  -0.00000000
  0.00000000  -0.00000000     0.02246987  -0.00000000    -0.04114014   0.00000000
    4    6
 -0.01177514  -0.00000000     0.00000000   0.00000000    -0.00000000   0.00000000
  0.00000000   0.00000000    -0.00741292  -0.00000000    -0.02926691  -0.00000000
  0.00000000   0.00000000    -0.07098034  -0.00000000    -0.00741292  -0.00000000
    4    7
 -0.01301311   0.00000000     0.00000000   0.00000000     0.00000000  -0.00000000
 -0.00000000  -0.00000000    -0.03972839   0.00000000     0.03716620  -0.00000000
  0.00000000  -0.00000000     0.05406002  -0.00000000    -0.03972839   0.00000000
    5    1
 -0.01394333  -0.00000000     0.00000000  -0.00000000    -0.00000000   0.00000000
  0.00000000  -0.00000000    -0.03528741  -0.00000000     0.00663299   0.00000000
 -0.00000000  -0.00000000    -0.02303903  -0.00000000     0.02884245   0.00000000
    5    2
 -0.00403516  -0.00000000     0.02625805   0.00000000    -0.01083189  -0.00000000
  0.01124053   0.00000000    -0.02062092  -0.00000000     0.01424375   0.00000000
 -0.00569491  -0.00000000     0.00765715   0.00000000    -0.00475079  -0.00000000
    5    3
  0.00403516   0.00000000     0.02625805   0.00000000    -0.01083189  -0.00000000
  0.01124053   0.00000000     0.02062092   0.00000000    -0.01424375  -0.00000000
 -0.00569491  -0.00000000    -0.00765715  -0.00000000     0.00475079   0.00000000
    5    4
  0.02384451   0.00000000    -0.00000000  -0.00000000     0.00000000   0.00000000
 -0.00000000  -0.00000000    -0.00722486  -0.00000000     0.02246987   0.00000000
  0.00000000   0.00000000     0.02246987   0.00000000    -0.04114014  -0.00000000
    5    5
  0.03222099   0.00000000     0.00000000   0.00000000     0.00000000   0.00000000
  0.00000000   0.00000000     0.06865900   0.00000000    -0.01397031   0.00000000
  0.00000000   0.00000000    -0.01397031   0.00000000     0.08766139   0.00000000
    5    6
 -0.01301311  -0.00000000    -0.00000000   0.00000000     0.00000000  -0.00000000
 -0.00000000   0.00000000    -0.03972839  -0.00000000     0.03716620   0.00000000
  0.00000000  -0.00000000     0.05406002   0.00000000    -0.03972839  -0.00000000
    5    7
 -0.01177514   0.00000000     0.00000000  -0.00000000     0.00000000  -0.00000000
  0.00000000   0.00000000    -0.00741292   0.00000000    -0.02926691   0.00000000
 -0.00000000   0.00000000    -0.07098034   0.00000000    -0.00741292   0.00000000
    6    1
 -0.01394333   0.00000000     0.00000000  -0.00000000     0.00000000   0.00000000
  0.00000000   0.00000000     0.02884245  -0.00000000    -0.02303903   0.00000000
  0.00000000   0.00000000     0.00663299  -0.00000000    -0.03528741   0.00000000
    6    2
  0.00403516  -0.00000000    -0.01083189   0.00000000     0.02625805  -0.00000000
 -0.00569491   0.00000000     0.00475079  -0.00000000    -0.00765715   0.00000000
  0.01124053  -0.00000000    -0.01424375   0.00000000     0.02062092  -0.00000000
    6    3
 -0.00403516  -0.00000000    -0.01083189  -0.00000000     0.02625805   0.00000000
 -0.00569491  -0.00000000    -0.00475079  -0.00000000     0.00765715   0.00000000
  0.01124053   0.00000000     0.01424375   0.00000000    -0.02062092  -0.00000000
    6    4
 -0.01177514   0.00000000     0.00000000  -0.00000000    -0.00000000  -0.00000000
  0.00000000  -0.00000000    -0.00741292   0.00000000    -0.07098034   0.00000000
 -0.00000000  -0.00000000    -0.02926691   0.00000000    -0.00741292   0.00000000
    6    5
 -0.01301311   0.00000000    -0.00000000  -0.00000000     0.00000000   0.00000000
 -0.00000000  -0.00000000    -0.03972839   0.00000000     0.05406002  -0.00000000
  0.00000000   0.00000000     0.03716620  -0.00000000    -0.03972839   0.00000000
    6    6
  0.03222099   0.00000000    -0.00000000   0.00000000    -0.00000000   0.00000000
 -0.00000000   0.00000000     0.08766139   0.00000000    -0.01397031   0.00000000
 -0.00000000   0.00000000    -0.01397031   0.00000000     0.06865900   0.00000000
    6    7
  0.02384451  -0.00000000     0.00000000  -0.00000000     0.00000000   0.00000000
  0.00000000  -0.00000000    -0.04114014   0.00000000     0.02246987  -0.00000000
 -0.00000000   0.00000000     0.02246987  -0.00000000    -0.00722486   0.00000000
    7    1
 -0.01394333  -0.00000000     0.00000000   0.00000000     0.00000000  -0.00000000
 -0.00000000  -0.00000000     0.02884245   0.00000000    -0.02303903  -0.00000000
 -0.00000000  -0.00000000     0.00663299   0.00000000    -0.03528741  -0.00000000
    7    2
 -0.00403516  -0.00000000    -0.01083189  -0.00000000     0.02625805   0.00000000
 -0.00569491  -0.00000000    -0.00475079  -0.00000000     0.00765715   0.00000000
  0.01124053   0.00000000     0.01424375   0.00000000    -0.02062092  -0.00000000
    7    3
  0.00403516   0.00000000    -0.01083189  -0.00000000     0.02625805   0.00000000
 -0.00569491  -0.00000000     0.00475079   0.00000000    -0.00765715  -0.00000000
  0.01124053   0.00000000    -0.01424375  -0.00000000     0.02062092   0.00000000
    7    4
 -0.01301311  -0.00000000    -0.00000000   0.00000000    -0.00000000   0.00000000
 -0.00000000  -0.00000000    -0.03972839  -0.00000000     0.05406002   0.00000000
  0.00000000   0.00000000     0.03716620   0.00000000    -0.03972839  -0.00000000
    7    5
 -0.01177514  -0.00000000     0.00000000  -0.00000000    -0.00000000  -0.00000000
  0.00000000   0.00000000    -0.00741292  -0.00000000    -0.07098034  -0.00000000
  0.00000000   0.00000000    -0.02926691  -0.00000000    -0.00741292  -0.00000000
    7    6
  0.02384451   0.00000000    -0.00000000   0.00000000    -0.00000000  -0.00000000
 -0.00000000   0.00000000    -0.04114014  -0.00000000     0.02246987   0.00000000
  0.00000000  -0.00000000     0.02246987   0.00000000    -0.00722486  -0.00000000
    7    7
  0.03222099   0.00000000     0.00000000   0.00000000    -0.00000000   0.00000000
  0.00000000   0.00000000     0.08766139   0.00000000    -0.01397031   0.00000000
 -0.00000000   0.00000000    -0.01397031   0.00000000     0.06865900   0.00000000

     Dynamical  Matrix in cartesian axes

     q = (   -0.000000000   0.433012700   0.433012700 ) 

    1    1
  0.04937347   0.00000000    -0.00000000   0.00000000    -0.00000000   0.00000000
 -0.00000000   0.00000000     0.14998684   0.00000000     0.07306142   0.00000000
 -0.00000000   0.00000000     0.07306142   0.00000000     0.14998684   0.00000000
    1    2
 -0.00000000  -0.00000000     0.01921765   0.00000000    -0.01921765  -0.00000000
  0.01010787   0.00000000    -0.00000000   0.00000000     0.00000000   0.00000000
 -0.01010787  -0.00000000    -0.00000000  -0.00000000     0.00000000   0.00000000
    1    3
 -0.00000000  -0.00000000    -0.01921765  -0.00000000     0.01921765   0.00000000
 -0.01010787  -0.00000000     0.00000000   0.00000000     0.00000000  -0.00000000
  0.01010787   0.00000000    -0.00000000  -0.00000000    -0.00000000   0.00000000
    1    4
 -0.01394333  -0.00000000     0.00000000   0.00000000    -0.00000000  -0.00000000
  0.00000000   0.00000000    -0.03528741  -0.00000000     0.02303903   0.00000000
 -0.00000000   0.00000000    -0.00663299  -0.00000000     0.02884245   0.00000000
    1    5
  0.01394333   0.00000000    -0.00000000  -0.00000000     0.00000000   0.00000000
  0.00000000  -0.00000000     0.03528741   0.00000000    -0.02303903  -0.00000000
  0.00000000  -0.00000000     0.00663299   0.00000000    -0.02884245  -0.00000000
    1    6
  0.01394333   0.00000000     0.00000000   0.00000000    -0.00000000  -0.00000000
  0.00000000   0.00000000    -0.02884245  -0.00000000     0.00663299   0.00000000
 -0.00000000  -0.00000000    -0.02303903  -0.00000000     0.03528741   0.00000000
    1    7
 -0.01394333  -0.00000000    -0.00000000  -0.00000000     0.00000000   0.00000000
  0.00000000   0.00000000     0.02884245   0.00000000    -0.00663299  -0.00000000
  0.00000000   0.00000000     0.02303903   0.00000000    -0.03528741  -0.00000000
    2    1
 -0.00000000   0.00000000     0.01010787  -0.00000000    -0.01010787   0.00000000
  0.01921765  -0.00000000     0.00000000  -0.00000000    -0.00000000   0.00000000
 -0.01921765   0.00000000     0.00000000  -0.00000000     0.00000000  -0.00000000
    2    2
  0.01833480   0.00000000    -0.00000000   0.00000000    -0.00000000   0.00000000
 -0.00000000   0.00000000     0.04768815   0.00000000     0.01682736   0.00000000
 -0.00000000   0.00000000     0.01682736   0.00000000     0.04768815   0.00000000
    2    3
  0.00141431   0.00000000    -0.00000000  -0.00000000     0.00000000  -0.00000000
  0.00000000  -0.00000000    -0.01168565  -0.00000000    -0.00095381  -0.00000000
  0.00000000  -0.00000000    -0.00095381  -0.00000000    -0.01168565  -0.00000000
    2    4
 -0.00403516   0.00000000    -0.01124053   0.00000000    -0.00569491   0.00000000
 -0.02625805   0.00000000    -0.02062092   0.00000000    -0.00765715   0.00000000
 -0.01083189   0.00000000    -0.01424375   0.00000000    -0.00475079   0.00000000
    2    5
 -0.00403516  -0.00000000     0.01124053   0.00000000     0.00569491   0.00000000
  0.02625805   0.00000000    -0.02062092  -0.00000000    -0.00765715  -0.00000000
  0.01083189   0.00000000    -0.01424375  -0.00000000    -0.00475079  -0.00000000
    2    6
 -0.00403516  -0.00000000    -0.00569491  -0.00000000    -0.01124053  -0.00000000
 -0.01083189  -0.00000000    -0.00475079  -0.00000000    -0.01424375  -0.00000000
 -0.02625805  -0.00000000    -0.00765715  -0.00000000    -0.02062092  -0.00000000
    2    7
 -0.00403516  -0.00000000     0.00569491   0.00000000     0.01124053   0.00000000
  0.01083189   0.00000000    -0.00475079  -0.00000000    -0.01424375  -0.00000000
  0.02625805   0.00000000    -0.00765715  -0.00000000    -0.02062092  -0.00000000
    3    1
  0.00000000   0.00000000    -0.01010787   0.00000000     0.01010787  -0.00000000
 -0.01921765   0.00000000     0.00000000  -0.00000000     0.00000000   0.00000000
  0.01921765  -0.00000000    -0.00000000   0.00000000     0.00000000  -0.00000000
    3    2
  0.00141431  -0.00000000    -0.00000000   0.00000000     0.00000000   0.00000000
  0.00000000   0.00000000    -0.01168565   0.00000000    -0.00095381   0.00000000
  0.00000000   0.00000000    -0.00095381   0.00000000    -0.01168565   0.00000000
    3    3
  0.01833480   0.00000000    -0.00000000   0.00000000    -0.00000000   0.00000000
 -0.00000000   0.00000000     0.04768815   0.00000000     0.01682736   0.00000000
 -0.00000000   0.00000000     0.01682736   0.00000000     0.04768815   0.00000000
    3    4
 -0.00403516   0.00000000     0.01124053  -0.00000000     0.00569491  -0.00000000
  0.02625805  -0.00000000    -0.02062092   0.00000000    -0.00765715   0.00000000
  0.01083189  -0.00000000    -0.01424375   0.00000000    -0.00475079   0.00000000
    3    5
 -0.00403516   0.00000000    -0.01124053   0.00000000    -0.00569491   0.00000000
 -0.02625805   0.00000000    -0.02062092   0.00000000    -0.00765715   0.00000000
 -0.01083189   0.00000000    -0.01424375   0.00000000    -0.00475079   0.00000000
    3    6
 -0.00403516   0.00000000     0.00569491  -0.00000000     0.01124053  -0.00000000
  0.01083189  -0.00000000    -0.00475079   0.00000000    -0.01424375   0.00000000
  0.02625805  -0.00000000    -0.00765715   0.00000000    -0.02062092   0.00000000
    3    7
 -0.00403516   0.00000000    -0.00569491   0.00000000    -0.01124053   0.00000000
 -0.01083189   0.00000000    -0.00475079   0.00000000    -0.01424375   0.00000000
 -0.02625805   0.00000000    -0.00765715   0.00000000    -0.02062092   0.00000000
    4    1
 -0.01394333   0.00000000    -0.00000000  -0.00000000    -0.00000000  -0.00000000
  0.00000000  -0.00000000    -0.03528741   0.00000000    -0.00663299   0.00000000
 -0.00000000   0.00000000     0.02303903  -0.00000000     0.02884245  -0.00000000
    4    2
 -0.00403516  -0.00000000    -0.02625805  -0.00000000    -0.01083189  -0.00000000
 -0.01124053  -0.00000000    -0.02062092  -0.00000000    -0.01424375  -0.00000000
 -0.00569491  -0.00000000    -0.00765715  -0.00000000    -0.00475079  -0.00000000
    4    3
 -0.00403516  -0.00000000     0.02625805   0.00000000     0.01083189   0.00000000
  0.01124053   0.00000000    -0.02062092  -0.00000000    -0.01424375  -0.00000000
  0.00569491   0.00000000    -0.00765715  -0.00000000    -0.00475079  -0.00000000
    4    4
  0.03222099   0.00000000     0.00000000   0.00000000    -0.00000000   0.00000000
  0.00000000   0.00000000     0.06865900   0.00000000     0.01397031   0.00000000
 -0.00000000   0.00000000     0.01397031   0.00000000     0.08766139   0.00000000
    4    5
 -0.02384451   0.00000000    -0.00000000   0.00000000    -0.00000000   0.00000000
 -0.00000000   0.00000000     0.00722486  -0.00000000     0.02246987  -0.00000000
 -0.00000000   0.00000000     0.02246987  -0.00000000     0.04114014  -0.00000000
    4    6
  0.01301311   0.00000000    -0.00000000  -0.00000000    -0.00000000  -0.00000000
 -0.00000000  -0.00000000     0.03972839   0.00000000     0.03716620   0.00000000
 -0.00000000  -0.00000000     0.05406002   0.00000000     0.03972839   0.00000000
    4    7
 -0.01177514  -0.00000000    -0.00000000  -0.00000000    -0.00000000   0.00000000
 -0.00000000   0.00000000    -0.00741292  -0.00000000     0.02926691   0.00000000
 -0.00000000  -0.00000000     0.07098034   0.00000000    -0.00741292  -0.00000000
    5    1
  0.01394333  -0.00000000     0.00000000   0.00000000     0.00000000   0.00000000
 -0.00000000   0.00000000     0.03528741  -0.00000000     0.00663299  -0.00000000
  0.00000000  -0.00000000    -0.02303903   0.00000000    -0.02884245   0.00000000
    5    2
 -0.00403516   0.00000000     0.02625805  -0.00000000     0.01083189  -0.00000000
  0.01124053  -0.00000000    -0.02062092   0.00000000    -0.01424375   0.00000000
  0.00569491  -0.00000000    -0.00765715   0.00000000    -0.00475079   0.00000000
    5    3
 -0.00403516  -0.00000000    -0.02625805  -0.00000000    -0.01083189  -0.00000000
 -0.01124053  -0.00000000    -0.02062092  -0.00000000    -0.01424375  -0.00000000
 -0.00569491  -0.00000000    -0.00765715  -0.00000000    -0.00475079  -0.00000000
    5    4
 -0.02384451  -0.00000000     0.00000000  -0.00000000    -0.00000000  -0.00000000
 -0.00000000  -0.00000000     0.00722486   0.00000000     0.02246987   0.00000000
 -0.00000000  -0.00000000     0.02246987   0.00000000     0.04114014   0.00000000
    5    5
  0.03222099   0.00000000     0.00000000   0.00000000    -0.00000000   0.00000000
  0.00000000   0.00000000     0.06865900   0.00000000     0.01397031   0.00000000
 -0.00000000   0.00000000     0.01397031   0.00000000     0.08766139   0.00000000
    5    6
 -0.01177514  -0.00000000    -0.00000000  -0.00000000     0.00000000   0.00000000
  0.00000000   0.00000000    -0.00741292  -0.00000000     0.02926691   0.00000000
 -0.00000000  -0.00000000     0.07098034   0.00000000    -0.00741292  -0.00000000
    5    7
  0.01301311   0.00000000    -0.00000000  -0.00000000    -0.00000000  -0.00000000
 -0.00000000  -0.00000000     0.03972839   0.00000000     0.03716620   0.00000000
 -0.00000000  -0.00000000     0.05406002   0.00000000     0.03972839   0.00000000
    6    1
  0.01394333  -0.00000000     0.00000000  -0.00000000    -0.00000000   0.00000000
  0.00000000  -0.00000000    -0.02884245   0.00000000    -0.02303903   0.00000000
 -0.00000000   0.00000000     0.00663299  -0.00000000     0.03528741  -0.00000000
    6    2
 -0.00403516   0.00000000    -0.01083189   0.00000000    -0.02625805   0.00000000
 -0.00569491   0.00000000    -0.00475079   0.00000000    -0.00765715   0.00000000
 -0.01124053   0.00000000    -0.01424375   0.00000000    -0.02062092   0.00000000
    6    3
 -0.00403516  -0.00000000     0.01083189   0.00000000     0.02625805   0.00000000
  0.00569491   0.00000000    -0.00475079  -0.00000000    -0.00765715  -0.00000000
  0.01124053   0.00000000    -0.01424375  -0.00000000    -0.02062092  -0.00000000
    6    4
  0.01301311  -0.00000000    -0.00000000   0.00000000    -0.00000000   0.00000000
 -0.00000000   0.00000000     0.03972839  -0.00000000     0.05406002  -0.00000000
 -0.00000000   0.00000000     0.03716620  -0.00000000     0.03972839  -0.00000000
    6    5
 -0.01177514   0.00000000    -0.00000000  -0.00000000     0.00000000   0.00000000
 -0.00000000   0.00000000    -0.00741292   0.00000000     0.07098034  -0.00000000
 -0.00000000  -0.00000000     0.02926691  -0.00000000    -0.00741292   0.00000000
    6    6
  0.03222099   0.00000000    -0.00000000   0.00000000    -0.00000000   0.00000000
 -0.00000000   0.00000000     0.08766139   0.00000000     0.01397031   0.00000000
 -0.00000000   0.00000000     0.01397031   0.00000000     0.06865900   0.00000000
    6    7
 -0.02384451   0.00000000    -0.00000000  -0.00000000    -0.00000000  -0.00000000
 -0.00000000  -0.00000000     0.04114014  -0.00000000     0.02246987  -0.00000000
  0.00000000  -0.00000000     0.02246987  -0.00000000     0.00722486  -0.00000000
    7    1
 -0.01394333   0.00000000     0.00000000  -0.00000000     0.00000000  -0.00000000
 -0.00000000   0.00000000     0.02884245  -0.00000000     0.02303903  -0.00000000
  0.00000000  -0.00000000    -0.00663299   0.00000000    -0.03528741   0.00000000
    7    2
 -0.00403516   0.00000000     0.01083189  -0.00000000     0.02625805  -0.00000000
  0.00569491  -0.00000000    -0.00475079   0.00000000    -0.00765715   0.00000000
  0.01124053  -0.00000000    -0.01424375   0.00000000    -0.02062092   0.00000000
    7    3
 -0.00403516  -0.00000000    -0.01083189  -0.00000000    -0.02625805  -0.00000000
 -0.00569491  -0.00000000    -0.00475079  -0.00000000    -0.00765715  -0.00000000
 -0.01124053  -0.00000000    -0.01424375  -0.00000000    -0.02062092  -0.00000000
    7    4
 -0.01177514   0.00000000    -0.00000000  -0.00000000    -0.00000000   0.00000000
 -0.00000000   0.00000000    -0.00741292   0.00000000     0.07098034  -0.00000000
  0.00000000  -0.00000000     0.02926691  -0.00000000    -0.00741292   0.00000000
    7    5
  0.01301311  -0.00000000    -0.00000000   0.00000000    -0.00000000   0.00000000
 -0.00000000   0.00000000     0.03972839  -0.00000000     0.05406002  -0.00000000
 -0.00000000   0.00000000     0.03716620  -0.00000000     0.03972839  -0.00000000
    7    6
 -0.02384451  -0.00000000    -0.00000000   0.00000000     0.00000000   0.00000000
 -0.00000000   0.00000000     0.04114014   0.00000000     0.02246987   0.00000000
 -0.00000000   0.00000000     0.02246987   0.00000000     0.00722486   0.00000000
    7    7
  0.03222099   0.00000000     0.00000000   0.00000000    -0.00000000   0.00000000
 -0.00000000   0.00000000     0.08766139   0.00000000     0.01397031   0.00000000
 -0.00000000   0.00000000     0.01397031   0.00000000     0.06865900   0.00000000

     Dynamical  Matrix in cartesian axes

     q = (    0.433012700   0.000000000  -0.433012700 ) 

    1    1
  0.14998684   0.00000000    -0.00000000   0.00000000    -0.07306142   0.00000000
 -0.00000000   0.00000000     0.04937347   0.00000000    -0.00000000   0.00000000
 -0.07306142   0.00000000    -0.00000000   0.00000000     0.14998684   0.00000000
    1    2
 -0.03528741   0.00000000     0.00000000   0.00000000    -0.02303903   0.00000000
  0.00000000   0.00000000    -0.01394333   0.00000000    -0.00000000   0.00000000
  0.00663299  -0.00000000     0.00000000  -0.00000000     0.02884245  -0.00000000
    1    3
 -0.03528741  -0.00000000     0.00000000  -0.00000000    -0.02303903  -0.00000000
  0.00000000  -0.00000000    -0.01394333  -0.00000000    -0.00000000  -0.00000000
  0.00663299   0.00000000    -0.00000000   0.00000000     0.02884245   0.00000000
    1    4
  0.00000000   0.00000000    -0.01010787  -0.00000000     0.00000000   0.00000000
 -0.01921765  -0.00000000     0.00000000  -0.00000000    -0.01921765  -0.00000000
 -0.00000000   0.00000000    -0.01010787  -0.00000000    -0.00000000   0.00000000
    1    5
  0.00000000  -0.00000000    -0.01010787   0.00000000     0.00000000  -0.00000000
 -0.01921765   0.00000000     0.00000000   0.00000000    -0.01921765   0.00000000
 -0.00000000  -0.00000000    -0.01010787   0.00000000    -0.00000000  -0.00000000
    1    6
  0.02884245  -0.00000000     0.00000000  -0.00000000     0.00663299  -0.00000000
 -0.00000000   0.00000000    -0.01394333   0.00000000     0.00000000   0.00000000
 -0.02303903   0.00000000     0.00000000   0.00000000    -0.03528741   0.00000000
    1    7
  0.02884245   0.00000000     0.00000000   0.00000000     0.00663299   0.00000000
 -0.00000000  -0.00000000    -0.01394333  -0.00000000     0.00000000  -0.00000000
