  4.500000000000000E-002   1.25986529217407        2.41685017272211     
           6

     Dynamical  Matrix in cartesian axes

     q = (    0.000000000   0.000000000   0.433012700 ) 

    1    1
  0.03348773   0.00000000    -0.00000000   0.00000000    -0.00000000   0.00000000
 -0.00000000   0.00000000     0.03348773   0.00000000    -0.00000000   0.00000000
 -0.00000000   0.00000000    -0.00000000   0.00000000     0.33685057   0.00000000
    1    2
  0.00000000  -0.00125272    -0.00000000   0.00000000    -0.01661145  -0.00000000
  0.00000000   0.00000000     0.00000000  -0.00015912     0.00000000   0.00000000
 -0.05946735  -0.00000000     0.00000000   0.00000000     0.00000000  -0.02344006
    1    3
  0.00125272  -0.00000000     0.00000000   0.00000000     0.00000000   0.01661145
  0.00000000  -0.00000000     0.00015912   0.00000000    -0.00000000   0.00000000
  0.00000000   0.05946735    -0.00000000   0.00000000     0.02344006  -0.00000000
    1    4
  0.00015912  -0.00000000    -0.00000000  -0.00000000    -0.00000000   0.00000000
  0.00000000  -0.00000000     0.00125272  -0.00000000     0.00000000   0.01661145
 -0.00000000   0.00000000     0.00000000   0.05946735     0.02344006  -0.00000000
    1    5
  0.00000000  -0.00015912     0.00000000  -0.00000000     0.00000000   0.00000000
  0.00000000  -0.00000000     0.00000000  -0.00125272    -0.01661145  -0.00000000
 -0.00000000   0.00000000    -0.05946735  -0.00000000     0.00000000  -0.02344006
    1    6
  0.00009100   0.01418230     0.00000000  -0.00000000     0.00000000   0.00000000
  0.00000000  -0.00000000    -0.01418230  -0.00009100    -0.00000000   0.00000000
  0.00000000   0.00000000    -0.00000000   0.00000000    -0.00365824   0.00365824
    1    7
 -0.01418230  -0.00009100     0.00000000   0.00000000     0.00000000   0.00000000
  0.00000000   0.00000000     0.00009100   0.01418230     0.00000000   0.00000000
  0.00000000   0.00000000     0.00000000   0.00000000    -0.00365824   0.00365824
    2    1
  0.00000000   0.00125272     0.00000000   0.00000000    -0.05946735   0.00000000
  0.00000000   0.00000000     0.00000000   0.00015912     0.00000000  -0.00000000
 -0.01661145   0.00000000    -0.00000000  -0.00000000     0.00000000   0.02344006
    2    2
  0.02951110   0.00000000     0.00000000  -0.00000000    -0.00000000  -0.00051094
  0.00000000   0.00000000     0.07279198   0.00000000    -0.00000000   0.00000000
 -0.00000000   0.00051094    -0.00000000  -0.00000000     0.05324579  -0.00000000
    2    3
 -0.00000000  -0.01190565     0.00000000   0.00000000    -0.00276328   0.00000000
  0.00000000   0.00000000    -0.00000000  -0.06847171     0.00000000   0.00000000
 -0.00276328   0.00000000     0.00000000   0.00000000     0.00000000   0.00082652
    2    4
 -0.00000000  -0.00220714    -0.00000000  -0.01512936    -0.00585124   0.00000000
 -0.00000000  -0.06886216    -0.00000000  -0.00220714    -0.00026785   0.00000000
 -0.00026785   0.00000000    -0.00585124   0.00000000     0.00000000   0.00048722
    2    5
 -0.00220714  -0.00000000     0.01512936   0.00000000     0.00000000   0.00585124
  0.06886216  -0.00000000    -0.00220714   0.00000000    -0.00000000  -0.00026785
  0.00000000   0.00026785     0.00000000  -0.00585124     0.00048722   0.00000000
    2    6
  0.00336463  -0.00365836     0.00000000   0.00000000    -0.00023126  -0.00974412
  0.00000000  -0.00000000     0.00083814  -0.00138345    -0.00000000   0.00000000
  0.00126667  -0.02205386    -0.00000000   0.00000000     0.01053004  -0.02383757
    2    7
 -0.00365836   0.00336463    -0.00000000   0.00000000     0.00974412   0.00023126
 -0.00000000   0.00000000    -0.00138345   0.00083814     0.00000000  -0.00000000
  0.02205386  -0.00126667     0.00000000  -0.00000000    -0.02383757   0.01053004
    3    1
  0.00125272   0.00000000     0.00000000   0.00000000     0.00000000  -0.05946735
  0.00000000   0.00000000     0.00015912   0.00000000    -0.00000000   0.00000000
  0.00000000  -0.01661145    -0.00000000   0.00000000     0.02344006   0.00000000
    3    2
 -0.00000000   0.01190565     0.00000000  -0.00000000    -0.00276328  -0.00000000
  0.00000000  -0.00000000    -0.00000000   0.06847171     0.00000000   0.00000000
 -0.00276328  -0.00000000     0.00000000  -0.00000000     0.00000000  -0.00082652
    3    3
  0.02951110  -0.00000000     0.00000000   0.00000000    -0.00000000   0.00051094
  0.00000000  -0.00000000     0.07279198  -0.00000000    -0.00000000  -0.00000000
 -0.00000000  -0.00051094    -0.00000000   0.00000000     0.05324579   0.00000000
    3    4
 -0.00220714   0.00000000     0.01512936  -0.00000000    -0.00000000  -0.00585124
  0.06886216  -0.00000000    -0.00220714  -0.00000000    -0.00000000   0.00026785
 -0.00000000  -0.00026785    -0.00000000   0.00585124     0.00048722  -0.00000000
    3    5
 -0.00000000   0.00220714    -0.00000000   0.01512936    -0.00585124  -0.00000000
 -0.00000000   0.06886216    -0.00000000   0.00220714    -0.00026785  -0.00000000
 -0.00026785  -0.00000000    -0.00585124  -0.00000000     0.00000000  -0.00048722
    3    6
 -0.00365836  -0.00336463    -0.00000000   0.00000000     0.00974412  -0.00023126
 -0.00000000  -0.00000000    -0.00138345  -0.00083814     0.00000000   0.00000000
  0.02205386   0.00126667     0.00000000   0.00000000    -0.02383757  -0.01053004
    3    7
  0.00336463   0.00365836     0.00000000  -0.00000000    -0.00023126   0.00974412
  0.00000000   0.00000000     0.00083814   0.00138345    -0.00000000  -0.00000000
  0.00126667   0.02205386    -0.00000000  -0.00000000     0.01053004   0.02383757
    4    1
  0.00015912   0.00000000     0.00000000   0.00000000    -0.00000000   0.00000000
  0.00000000   0.00000000     0.00125272   0.00000000     0.00000000  -0.05946735
 -0.00000000   0.00000000     0.00000000  -0.01661145     0.02344006   0.00000000
    4    2
 -0.00000000   0.00220714    -0.00000000   0.06886216    -0.00026785  -0.00000000
 -0.00000000   0.01512936    -0.00000000   0.00220714    -0.00585124  -0.00000000
 -0.00585124  -0.00000000    -0.00026785  -0.00000000     0.00000000  -0.00048722
    4    3
 -0.00220714  -0.00000000     0.06886216   0.00000000    -0.00000000   0.00026785
  0.01512936   0.00000000    -0.00220714   0.00000000     0.00000000  -0.00585124
 -0.00000000   0.00585124    -0.00000000  -0.00026785     0.00048722   0.00000000
    4    4
  0.07279198  -0.00000000    -0.00000000  -0.00000000    -0.00000000  -0.00000000
 -0.00000000  -0.00000000     0.02951110  -0.00000000     0.00000000   0.00051094
 -0.00000000  -0.00000000    -0.00000000  -0.00051094     0.05324579  -0.00000000
    4    5
 -0.00000000   0.06847171     0.00000000   0.00000000    -0.00000000   0.00000000
  0.00000000   0.00000000    -0.00000000   0.01190565    -0.00276328  -0.00000000
 -0.00000000   0.00000000    -0.00276328  -0.00000000     0.00000000  -0.00082652
    4    6
  0.00083814   0.00138345     0.00000000  -0.00000000    -0.00000000  -0.00000000
 -0.00000000  -0.00000000     0.00336463   0.00365836    -0.00023126   0.00974412
 -0.00000000  -0.00000000     0.00126667   0.02205386     0.01053004   0.02383757
    4    7
 -0.00138345  -0.00083814    -0.00000000   0.00000000     0.00000000   0.00000000
 -0.00000000  -0.00000000    -0.00365836  -0.00336463     0.00974412  -0.00023126
  0.00000000   0.00000000     0.02205386   0.00126667    -0.02383757  -0.01053004
    5    1
  0.00000000   0.00015912     0.00000000   0.00000000     0.00000000  -0.00000000
  0.00000000   0.00000000     0.00000000   0.00125272    -0.05946735   0.00000000
  0.00000000  -0.00000000    -0.01661145   0.00000000     0.00000000   0.02344006
    5    2
 -0.00220714   0.00000000     0.06886216  -0.00000000    -0.00000000  -0.00026785
  0.01512936  -0.00000000    -0.00220714  -0.00000000    -0.00000000   0.00585124
 -0.00000000  -0.00585124    -0.00000000   0.00026785     0.00048722  -0.00000000
    5    3
 -0.00000000  -0.00220714    -0.00000000  -0.06886216    -0.00026785   0.00000000
 -0.00000000  -0.01512936    -0.00000000  -0.00220714    -0.00585124   0.00000000
 -0.00585124   0.00000000    -0.00026785   0.00000000     0.00000000   0.00048722
    5    4
 -0.00000000  -0.06847171     0.00000000   0.00000000    -0.00000000  -0.00000000
  0.00000000  -0.00000000    -0.00000000  -0.01190565    -0.00276328   0.00000000
 -0.00000000  -0.00000000    -0.00276328   0.00000000     0.00000000   0.00082652
    5    5
  0.07279198   0.00000000    -0.00000000   0.00000000    -0.00000000   0.00000000
 -0.00000000   0.00000000     0.02951110   0.00000000     0.00000000  -0.00051094
 -0.00000000   0.00000000    -0.00000000   0.00051094     0.05324579   0.00000000
    5    6
 -0.00138345   0.00083814    -0.00000000   0.00000000     0.00000000  -0.00000000
 -0.00000000   0.00000000    -0.00365836   0.00336463     0.00974412   0.00023126
  0.00000000  -0.00000000     0.02205386  -0.00126667    -0.02383757   0.01053004
    5    7
  0.00083814  -0.00138345     0.00000000   0.00000000    -0.00000000   0.00000000
 -0.00000000   0.00000000     0.00336463  -0.00365836    -0.00023126  -0.00974412
 -0.00000000   0.00000000     0.00126667  -0.02205386     0.01053004  -0.02383757
    6    1
  0.00009100  -0.01418230     0.00000000   0.00000000     0.00000000   0.00000000
  0.00000000   0.00000000    -0.01418230   0.00009100     0.00000000   0.00000000
  0.00000000   0.00000000     0.00000000  -0.00000000    -0.00365824  -0.00365824
    6    2
  0.00336463   0.00365836     0.00000000   0.00000000     0.00126667   0.02205386
  0.00000000  -0.00000000     0.00083814   0.00138345    -0.00000000  -0.00000000
 -0.00023126   0.00974412    -0.00000000  -0.00000000     0.01053004   0.02383757
    6    3
 -0.00365836   0.00336463    -0.00000000   0.00000000     0.02205386  -0.00126667
  0.00000000   0.00000000    -0.00138345   0.00083814     0.00000000  -0.00000000
  0.00974412   0.00023126     0.00000000  -0.00000000    -0.02383757   0.01053004
    6    4
  0.00083814  -0.00138345     0.00000000   0.00000000    -0.00000000   0.00000000
  0.00000000   0.00000000     0.00336463  -0.00365836     0.00126667  -0.02205386
 -0.00000000   0.00000000    -0.00023126  -0.00974412     0.01053004  -0.02383757
    6    5
 -0.00138345  -0.00083814    -0.00000000   0.00000000    -0.00000000   0.00000000
 -0.00000000  -0.00000000    -0.00365836  -0.00336463     0.02205386   0.00126667
  0.00000000   0.00000000     0.00974412  -0.00023126    -0.02383757  -0.01053004
    6    6
  0.03212891  -0.00000000    -0.00000000  -0.00000000    -0.00000000  -0.00000000
 -0.00000000   0.00000000     0.03212891   0.00000000    -0.00000000  -0.00000000
 -0.00000000   0.00000000    -0.00000000   0.00000000     0.08250095   0.00000000
    6    7
 -0.00170424   0.02299067    -0.00000000  -0.00000000     0.00000000   0.00000000
 -0.00000000  -0.00000000    -0.00170424  -0.02299067     0.00000000   0.00000000
  0.00000000   0.00000000     0.00000000   0.00000000    -0.01864189  -0.00000000
    7    1
 -0.01418230   0.00009100     0.00000000   0.00000000     0.00000000   0.00000000
  0.00000000   0.00000000     0.00009100  -0.01418230     0.00000000   0.00000000
 -0.00000000   0.00000000     0.00000000   0.00000000    -0.00365824  -0.00365824
    7    2
 -0.00365836  -0.00336463    -0.00000000   0.00000000     0.02205386   0.00126667
 -0.00000000   0.00000000    -0.00138345  -0.00083814     0.00000000   0.00000000
  0.00974412  -0.00023126     0.00000000   0.00000000    -0.02383757  -0.01053004
    7    3
  0.00336463  -0.00365836     0.00000000   0.00000000     0.00126667  -0.02205386
 -0.00000000   0.00000000     0.00083814  -0.00138345    -0.00000000   0.00000000
 -0.00023126  -0.00974412    -0.00000000   0.00000000     0.01053004  -0.02383757
    7    4
 -0.00138345   0.00083814    -0.00000000   0.00000000     0.00000000  -0.00000000
 -0.00000000   0.00000000    -0.00365836   0.00336463     0.02205386  -0.00126667
  0.00000000  -0.00000000     0.00974412   0.00023126    -0.02383757   0.01053004
    7    5
  0.00083814   0.00138345     0.00000000  -0.00000000    -0.00000000  -0.00000000
  0.00000000  -0.00000000     0.00336463   0.00365836     0.00126667   0.02205386
 -0.00000000  -0.00000000    -0.00023126   0.00974412     0.01053004   0.02383757
    7    6
 -0.00170424  -0.02299067    -0.00000000   0.00000000     0.00000000   0.00000000
 -0.00000000   0.00000000    -0.00170424   0.02299067     0.00000000   0.00000000
  0.00000000   0.00000000     0.00000000   0.00000000    -0.01864189   0.00000000
    7    7
  0.03212891   0.00000000    -0.00000000   0.00000000    -0.00000000   0.00000000
 -0.00000000  -0.00000000     0.03212891  -0.00000000    -0.00000000   0.00000000
 -0.00000000  -0.00000000    -0.00000000  -0.00000000     0.08250095  -0.00000000

     Dynamical  Matrix in cartesian axes

     q = (    0.433012700  -0.000000000   0.000000000 ) 

    1    1
  0.33685057   0.00000000    -0.00000000   0.00000000    -0.00000000   0.00000000
 -0.00000000   0.00000000     0.03348773   0.00000000     0.00000000   0.00000000
  0.00000000   0.00000000     0.00000000   0.00000000     0.03348773   0.00000000
    1    2
 -0.00365824   0.00365824    -0.00000000   0.00000000     0.00000000   0.00000000
  0.00000000   0.00000000     0.00009100   0.01418230     0.00000000   0.00000000
  0.00000000  -0.00000000     0.00000000   0.00000000    -0.01418230  -0.00009100
    1    3
 -0.00365824   0.00365824     0.00000000   0.00000000    -0.00000000  -0.00000000
  0.00000000   0.00000000    -0.01418230  -0.00009100    -0.00000000  -0.00000000
 -0.00000000  -0.00000000    -0.00000000  -0.00000000     0.00009100   0.01418230
    1    4
  0.00000000  -0.02344006    -0.05946735  -0.00000000    -0.00000000  -0.00000000
 -0.01661145  -0.00000000     0.00000000  -0.00125272    -0.00000000  -0.00000000
 -0.00000000  -0.00000000     0.00000000  -0.00000000     0.00000000  -0.00015912
    1    5
  0.02344006  -0.00000000     0.00000000   0.05946735     0.00000000   0.00000000
  0.00000000   0.01661145     0.00125272  -0.00000000     0.00000000  -0.00000000
  0.00000000  -0.00000000     0.00000000   0.00000000     0.00015912   0.00000000
    1    6
  0.02344006  -0.00000000     0.00000000  -0.00000000     0.00000000   0.05946735
 -0.00000000   0.00000000     0.00015912   0.00000000     0.00000000  -0.00000000
  0.00000000   0.01661145    -0.00000000   0.00000000     0.00125272   0.00000000
    1    7
  0.00000000  -0.02344006     0.00000000   0.00000000    -0.05946735  -0.00000000
 -0.00000000   0.00000000     0.00000000  -0.00015912     0.00000000   0.00000000
 -0.01661145  -0.00000000    -0.00000000   0.00000000     0.00000000  -0.00125272
    2    1
 -0.00365824  -0.00365824     0.00000000  -0.00000000     0.00000000  -0.00000000
  0.00000000  -0.00000000     0.00009100  -0.01418230     0.00000000  -0.00000000
  0.00000000  -0.00000000     0.00000000   0.00000000    -0.01418230   0.00009100
    2    2
  0.08250095  -0.00000000    -0.00000000  -0.00000000    -0.00000000  -0.00000000
 -0.00000000  -0.00000000     0.03212891  -0.00000000    -0.00000000  -0.00000000
 -0.00000000  -0.00000000    -0.00000000  -0.00000000     0.03212891   0.00000000
    2    3
 -0.01864189  -0.00000000     0.00000000  -0.00000000    -0.00000000  -0.00000000
  0.00000000  -0.00000000    -0.00170424   0.02299067     0.00000000   0.00000000
  0.00000000   0.00000000     0.00000000   0.00000000    -0.00170424  -0.02299067
    2    4
  0.01053004   0.02383757    -0.00023126   0.00974412     0.00000000  -0.00000000
  0.00126667   0.02205386     0.00336463   0.00365836     0.00000000  -0.00000000
  0.00000000  -0.00000000     0.00000000  -0.00000000     0.00083814   0.00138345
    2    5
 -0.02383757   0.01053004     0.00974412   0.00023126     0.00000000  -0.00000000
  0.02205386  -0.00126667    -0.00365836   0.00336463     0.00000000  -0.00000000
 -0.00000000   0.00000000     0.00000000  -0.00000000    -0.00138345   0.00083814
    2    6
  0.01053004  -0.02383757    -0.00000000   0.00000000    -0.00023126  -0.00974412
  0.00000000   0.00000000     0.00083814  -0.00138345    -0.00000000   0.00000000
  0.00126667  -0.02205386    -0.00000000   0.00000000     0.00336463  -0.00365836
    2    7
 -0.02383757  -0.01053004    -0.00000000  -0.00000000     0.00974412  -0.00023126
 -0.00000000   0.00000000    -0.00138345  -0.00083814     0.00000000   0.00000000
  0.02205386   0.00126667     0.00000000   0.00000000    -0.00365836  -0.00336463
    3    1
 -0.00365824  -0.00365824     0.00000000   0.00000000     0.00000000   0.00000000
  0.00000000   0.00000000    -0.01418230   0.00009100     0.00000000   0.00000000
 -0.00000000   0.00000000    -0.00000000   0.00000000     0.00009100  -0.01418230
    3    2
 -0.01864189   0.00000000     0.00000000   0.00000000    -0.00000000   0.00000000
  0.00000000   0.00000000    -0.00170424  -0.02299067     0.00000000  -0.00000000
  0.00000000  -0.00000000     0.00000000  -0.00000000    -0.00170424   0.02299067
    3    3
  0.08250095   0.00000000    -0.00000000   0.00000000    -0.00000000   0.00000000
 -0.00000000   0.00000000     0.03212891   0.00000000    -0.00000000   0.00000000
 -0.00000000   0.00000000    -0.00000000   0.00000000     0.03212891  -0.00000000
    3    4
 -0.02383757  -0.01053004     0.00974412  -0.00023126    -0.00000000   0.00000000
  0.02205386   0.00126667    -0.00365836  -0.00336463     0.00000000  -0.00000000
 -0.00000000   0.00000000    -0.00000000   0.00000000    -0.00138345  -0.00083814
    3    5
  0.01053004  -0.02383757    -0.00023126  -0.00974412    -0.00000000   0.00000000
  0.00126667  -0.02205386     0.00336463  -0.00365836    -0.00000000   0.00000000
  0.00000000  -0.00000000    -0.00000000   0.00000000     0.00083814  -0.00138345
    3    6
 -0.02383757   0.01053004     0.00000000   0.00000000     0.00974412   0.00023126
 -0.00000000   0.00000000    -0.00138345   0.00083814     0.00000000  -0.00000000
  0.02205386  -0.00126667     0.00000000  -0.00000000    -0.00365836   0.00336463
    3    7
  0.01053004   0.02383757     0.00000000  -0.00000000    -0.00023126   0.00974412
  0.00000000  -0.00000000     0.00083814   0.00138345    -0.00000000  -0.00000000
  0.00126667   0.02205386    -0.00000000  -0.00000000     0.00336463   0.00365836
    4    1
  0.00000000   0.02344006    -0.01661145   0.00000000    -0.00000000  -0.00000000
 -0.05946735   0.00000000     0.00000000   0.00125272     0.00000000  -0.00000000
 -0.00000000   0.00000000    -0.00000000  -0.00000000     0.00000000   0.00015912
    4    2
  0.01053004  -0.02383757     0.00126667  -0.02205386     0.00000000   0.00000000
 -0.00023126  -0.00974412     0.00336463  -0.00365836    -0.00000000   0.00000000
  0.00000000   0.00000000    -0.00000000   0.00000000     0.00083814  -0.00138345
    4    3
 -0.02383757   0.01053004     0.02205386  -0.00126667    -0.00000000   0.00000000
  0.00974412   0.00023126    -0.00365836   0.00336463     0.00000000   0.00000000
  0.00000000   0.00000000    -0.00000000   0.00000000    -0.00138345   0.00083814
    4    4
  0.05324579  -0.00000000    -0.00000000   0.00051094    -0.00000000   0.00000000
 -0.00000000  -0.00051094     0.02951110  -0.00000000    -0.00000000   0.00000000
 -0.00000000  -0.00000000    -0.00000000  -0.00000000     0.07279198   0.00000000
    4    5
  0.00000000   0.00082652    -0.00276328   0.00000000     0.00000000   0.00000000
 -0.00276328   0.00000000    -0.00000000  -0.01190565     0.00000000   0.00000000
 -0.00000000   0.00000000     0.00000000   0.00000000    -0.00000000  -0.06847171
    4    6
  0.00000000   0.00048722    -0.00026785   0.00000000    -0.00585124   0.00000000
 -0.00585124   0.00000000    -0.00000000  -0.00220714    -0.00000000  -0.01512936
 -0.00026785   0.00000000    -0.00000000  -0.06886216    -0.00000000  -0.00220714
    4    7
  0.00048722   0.00000000    -0.00000000   0.00026785     0.00000000  -0.00585124
 -0.00000000   0.00585124    -0.00220714   0.00000000     0.01512936  -0.00000000
 -0.00000000  -0.00026785     0.06886216  -0.00000000    -0.00220714   0.00000000
    5    1
  0.02344006   0.00000000     0.00000000  -0.01661145    -0.00000000   0.00000000
  0.00000000  -0.05946735     0.00125272   0.00000000     0.00000000   0.00000000
  0.00000000   0.00000000     0.00000000   0.00000000     0.00015912   0.00000000
    5    2
 -0.02383757  -0.01053004     0.02205386   0.00126667    -0.00000000  -0.00000000
  0.00974412  -0.00023126    -0.00365836  -0.00336463     0.00000000  -0.00000000
  0.00000000   0.00000000    -0.00000000  -0.00000000    -0.00138345  -0.00083814
    5    3
  0.01053004   0.02383757     0.00126667   0.02205386     0.00000000  -0.00000000
 -0.00023126   0.00974412     0.00336463   0.00365836    -0.00000000  -0.00000000
  0.00000000   0.00000000    -0.00000000   0.00000000     0.00083814   0.00138345
    5    4
  0.00000000  -0.00082652    -0.00276328  -0.00000000     0.00000000  -0.00000000
 -0.00276328  -0.00000000    -0.00000000   0.01190565     0.00000000  -0.00000000
 -0.00000000  -0.00000000     0.00000000  -0.00000000    -0.00000000   0.06847171
    5    5
  0.05324579   0.00000000    -0.00000000  -0.00051094    -0.00000000   0.00000000
 -0.00000000   0.00051094     0.02951110   0.00000000    -0.00000000   0.00000000
 -0.00000000   0.00000000    -0.00000000   0.00000000     0.07279198  -0.00000000
    5    6
  0.00048722  -0.00000000    -0.00000000  -0.00026785     0.00000000   0.00585124
 -0.00000000  -0.00585124    -0.00220714  -0.00000000     0.01512936   0.00000000
 -0.00000000   0.00026785     0.06886216   0.00000000    -0.00220714  -0.00000000
    5    7
  0.00000000  -0.00048722    -0.00026785  -0.00000000    -0.00585124  -0.00000000
 -0.00585124  -0.00000000    -0.00000000   0.00220714    -0.00000000   0.01512936
 -0.00026785  -0.00000000    -0.00000000   0.06886216    -0.00000000   0.00220714
    6    1
  0.02344006   0.00000000    -0.00000000   0.00000000     0.00000000  -0.01661145
 -0.00000000   0.00000000     0.00015912   0.00000000    -0.00000000   0.00000000
  0.00000000  -0.05946735     0.00000000   0.00000000     0.00125272  -0.00000000
    6    2
  0.01053004   0.02383757     0.00000000  -0.00000000     0.00126667   0.02205386
  0.00000000  -0.00000000     0.00083814   0.00138345    -0.00000000  -0.00000000
 -0.00023126   0.00974412    -0.00000000  -0.00000000     0.00336463   0.00365836
    6    3
 -0.02383757  -0.01053004    -0.00000000  -0.00000000     0.02205386   0.00126667
 -0.00000000   0.00000000    -0.00138345  -0.00083814     0.00000000   0.00000000
  0.00974412  -0.00023126     0.00000000   0.00000000    -0.00365836  -0.00336463
    6    4
  0.00000000  -0.00048722    -0.00585124  -0.00000000    -0.00026785  -0.00000000
 -0.00026785  -0.00000000    -0.00000000   0.00220714    -0.00000000   0.06886216
 -0.00585124  -0.00000000    -0.00000000   0.01512936    -0.00000000   0.00220714
    6    5
  0.00048722   0.00000000    -0.00000000   0.00585124    -0.00000000  -0.00026785
 -0.00000000   0.00026785    -0.00220714   0.00000000     0.06886216  -0.00000000
 -0.00000000  -0.00585124     0.01512936  -0.00000000    -0.00220714   0.00000000
    6    6
  0.05324579  -0.00000000    -0.00000000   0.00000000    -0.00000000  -0.00051094
  0.00000000  -0.00000000     0.07279198  -0.00000000    -0.00000000   0.00000000
 -0.00000000   0.00051094    -0.00000000   0.00000000     0.02951110  -0.00000000
    6    7
  0.00000000  -0.00082652     0.00000000   0.00000000    -0.00276328  -0.00000000
  0.00000000   0.00000000    -0.00000000   0.06847171    -0.00000000   0.00000000
 -0.00276328  -0.00000000    -0.00000000   0.00000000    -0.00000000   0.01190565
    7    1
  0.00000000   0.02344006     0.00000000  -0.00000000    -0.01661145   0.00000000
  0.00000000  -0.00000000     0.00000000   0.00015912    -0.00000000  -0.00000000
 -0.05946735   0.00000000     0.00000000  -0.00000000     0.00000000   0.00125272
    7    2
 -0.02383757   0.01053004    -0.00000000   0.00000000     0.02205386  -0.00126667
 -0.00000000   0.00000000    -0.00138345   0.00083814    -0.00000000   0.00000000
  0.00974412   0.00023126    -0.00000000  -0.00000000    -0.00365836   0.00336463
    7    3
  0.01053004  -0.02383757     0.00000000   0.00000000     0.00126667  -0.02205386
  0.00000000   0.00000000     0.00083814  -0.00138345    -0.00000000   0.00000000
 -0.00023126  -0.00974412    -0.00000000   0.00000000     0.00336463  -0.00365836
    7    4
  0.00048722  -0.00000000    -0.00000000  -0.00585124    -0.00000000   0.00026785
 -0.00000000  -0.00026785    -0.00220714  -0.00000000     0.06886216   0.00000000
 -0.00000000   0.00585124     0.01512936   0.00000000    -0.00220714  -0.00000000
    7    5
  0.00000000   0.00048722    -0.00585124   0.00000000    -0.00026785   0.00000000
 -0.00026785   0.00000000    -0.00000000  -0.00220714    -0.00000000  -0.06886216
 -0.00585124   0.00000000    -0.00000000  -0.01512936    -0.00000000  -0.00220714
    7    6
  0.00000000   0.00082652     0.00000000  -0.00000000    -0.00276328   0.00000000
  0.00000000   0.00000000    -0.00000000  -0.06847171    -0.00000000   0.00000000
 -0.00276328   0.00000000    -0.00000000   0.00000000    -0.00000000  -0.01190565
    7    7
  0.05324579   0.00000000    -0.00000000  -0.00000000    -0.00000000   0.00051094
  0.00000000   0.00000000     0.07279198   0.00000000    -0.00000000   0.00000000
 -0.00000000  -0.00051094    -0.00000000   0.00000000     0.02951110   0.00000000

     Dynamical  Matrix in cartesian axes

     q = (   -0.433012700  -0.000000000  -0.000000000 ) 

    1    1
  0.33685057   0.00000000    -0.00000000   0.00000000    -0.00000000   0.00000000
 -0.00000000   0.00000000     0.03348773   0.00000000    -0.00000000   0.00000000
 -0.00000000   0.00000000    -0.00000000   0.00000000     0.03348773   0.00000000
    1    2
 -0.00365824  -0.00365824    -0.00000000   0.00000000     0.00000000   0.00000000
  0.00000000   0.00000000     0.00009100  -0.01418230     0.00000000   0.00000000
  0.00000000   0.00000000     0.00000000   0.00000000    -0.01418230   0.00009100
    1    3
 -0.00365824  -0.00365824     0.00000000  -0.00000000    -0.00000000   0.00000000
  0.00000000  -0.00000000    -0.01418230   0.00009100     0.00000000   0.00000000
 -0.00000000   0.00000000     0.00000000   0.00000000     0.00009100  -0.01418230
    1    4
  0.00000000   0.02344006    -0.05946735   0.00000000    -0.00000000  -0.00000000
 -0.01661145   0.00000000     0.00000000   0.00125272    -0.00000000  -0.00000000
  0.00000000  -0.00000000    -0.00000000  -0.00000000     0.00000000   0.00015912
    1    5
  0.02344006   0.00000000     0.00000000  -0.05946735     0.00000000   0.00000000
 -0.00000000  -0.01661145     0.00125272   0.00000000     0.00000000  -0.00000000
 -0.00000000  -0.00000000     0.00000000  -0.00000000     0.00015912  -0.00000000
    1    6
  0.02344006   0.00000000    -0.00000000   0.00000000     0.00000000  -0.05946735
 -0.00000000   0.00000000     0.00015912   0.00000000    -0.00000000   0.00000000
  0.00000000  -0.01661145     0.00000000   0.00000000     0.00125272   0.00000000
    1    7
  0.00000000   0.02344006     0.00000000  -0.00000000    -0.05946735   0.00000000
  0.00000000  -0.00000000     0.00000000   0.00015912     0.00000000   0.00000000
 -0.01661145   0.00000000    -0.00000000  -0.00000000     0.00000000   0.00125272
    2    1
 -0.00365824   0.00365824    -0.00000000   0.00000000     0.00000000   0.00000000
  0.00000000  -0.00000000     0.00009100   0.01418230     0.00000000   0.00000000
  0.00000000   0.00000000     0.00000000   0.00000000    -0.01418230  -0.00009100
    2    2
  0.08250095   0.00000000    -0.00000000  -0.00000000    -0.00000000   0.00000000
 -0.00000000  -0.00000000     0.03212891   0.00000000    -0.00000000   0.00000000
 -0.00000000   0.00000000    -0.00000000   0.00000000     0.03212891  -0.00000000
    2    3
 -0.01864189  -0.00000000     0.00000000  -0.00000000     0.00000000  -0.00000000
  0.00000000   0.00000000    -0.00170424  -0.02299067     0.00000000  -0.00000000
  0.00000000  -0.00000000     0.00000000  -0.00000000    -0.00170424   0.02299067
    2    4
  0.01053004  -0.02383757    -0.00023126  -0.00974412     0.00000000   0.00000000
  0.00126667  -0.02205386     0.00336463  -0.00365836    -0.00000000   0.00000000
  0.00000000   0.00000000    -0.00000000   0.00000000     0.00083814  -0.00138345
    2    5
 -0.02383757  -0.01053004     0.00974412  -0.00023126    -0.00000000   0.00000000
  0.02205386   0.00126667    -0.00365836  -0.00336463    -0.00000000  -0.00000000
 -0.00000000   0.00000000     0.00000000  -0.00000000    -0.00138345  -0.00083814
    2    6
  0.01053004   0.02383757    -0.00000000  -0.00000000    -0.00023126   0.00974412
  0.00000000  -0.00000000     0.00083814   0.00138345    -0.00000000  -0.00000000
  0.00126667   0.02205386     0.00000000   0.00000000     0.00336463   0.00365836
    2    7
 -0.02383757   0.01053004    -0.00000000   0.00000000     0.00974412   0.00023126
 -0.00000000   0.00000000    -0.00138345   0.00083814     0.00000000  -0.00000000
  0.02205386  -0.00126667     0.00000000  -0.00000000    -0.00365836   0.00336463
    3    1
 -0.00365824   0.00365824     0.00000000   0.00000000     0.00000000  -0.00000000
  0.00000000   0.00000000    -0.01418230  -0.00009100     0.00000000  -0.00000000
 -0.00000000  -0.00000000     0.00000000  -0.00000000     0.00009100   0.01418230
    3    2
 -0.01864189   0.00000000     0.00000000   0.00000000     0.00000000   0.00000000
  0.00000000  -0.00000000    -0.00170424   0.02299067     0.00000000   0.00000000
  0.00000000   0.00000000     0.00000000   0.00000000    -0.00170424  -0.02299067
    3    3
  0.08250095  -0.00000000    -0.00000000   0.00000000    -0.00000000  -0.00000000
 -0.00000000   0.00000000     0.03212891  -0.00000000    -0.00000000  -0.00000000
 -0.00000000  -0.00000000    -0.00000000  -0.00000000     0.03212891   0.00000000
    3    4
 -0.02383757   0.01053004     0.00974412   0.00023126     0.00000000   0.00000000
  0.02205386  -0.00126667    -0.00365836   0.00336463     0.00000000   0.00000000
 -0.00000000  -0.00000000     0.00000000   0.00000000    -0.00138345   0.00083814
    3    5
  0.01053004   0.02383757    -0.00023126   0.00974412     0.00000000  -0.00000000
  0.00126667   0.02205386     0.00336463   0.00365836    -0.00000000  -0.00000000
  0.00000000   0.00000000    -0.00000000   0.00000000     0.00083814   0.00138345
    3    6
 -0.02383757  -0.01053004    -0.00000000   0.00000000     0.00974412  -0.00023126
 -0.00000000   0.00000000    -0.00138345  -0.00083814     0.00000000  -0.00000000
  0.02205386   0.00126667    -0.00000000   0.00000000    -0.00365836  -0.00336463
    3    7
  0.01053004  -0.02383757     0.00000000   0.00000000    -0.00023126  -0.00974412
  0.00000000   0.00000000     0.00083814  -0.00138345     0.00000000   0.00000000
  0.00126667  -0.02205386     0.00000000   0.00000000     0.00336463  -0.00365836
    4    1
  0.00000000  -0.02344006    -0.01661145  -0.00000000     0.00000000   0.00000000
 -0.05946735  -0.00000000     0.00000000  -0.00125272     0.00000000   0.00000000
 -0.00000000   0.00000000     0.00000000   0.00000000     0.00000000  -0.00015912
    4    2
  0.01053004   0.02383757     0.00126667   0.02205386    -0.00000000  -0.00000000
 -0.00023126   0.00974412     0.00336463   0.00365836    -0.00000000  -0.00000000
  0.00000000  -0.00000000    -0.00000000  -0.00000000     0.00083814   0.00138345
    4    3
 -0.02383757  -0.01053004     0.02205386   0.00126667     0.00000000   0.00000000
  0.00974412  -0.00023126    -0.00365836  -0.00336463     0.00000000   0.00000000
 -0.00000000  -0.00000000     0.00000000   0.00000000    -0.00138345  -0.00083814
    4    4
  0.05324579   0.00000000     0.00000000  -0.00051094    -0.00000000   0.00000000
  0.00000000   0.00051094     0.02951110   0.00000000    -0.00000000   0.00000000
 -0.00000000  -0.00000000    -0.00000000  -0.00000000     0.07279198  -0.00000000
    4    5
  0.00000000  -0.00082652    -0.00276328  -0.00000000    -0.00000000  -0.00000000
 -0.00276328  -0.00000000    -0.00000000   0.01190565     0.00000000   0.00000000
 -0.00000000  -0.00000000     0.00000000  -0.00000000    -0.00000000   0.06847171
    4    6
  0.00000000  -0.00048722    -0.00026785  -0.00000000    -0.00585124  -0.00000000
 -0.00585124  -0.00000000    -0.00000000   0.00220714    -0.00000000   0.01512936
 -0.00026785  -0.00000000    -0.00000000   0.06886216    -0.00000000   0.00220714
    4    7
  0.00048722  -0.00000000    -0.00000000  -0.00026785    -0.00000000   0.00585124
 -0.00000000  -0.00585124    -0.00220714  -0.00000000     0.01512936  -0.00000000
 -0.00000000   0.00026785     0.06886216  -0.00000000    -0.00220714  -0.00000000
    5    1
  0.02344006  -0.00000000     0.00000000   0.01661145     0.00000000   0.00000000
  0.00000000   0.05946735     0.00125272  -0.00000000     0.00000000   0.00000000
  0.00000000   0.00000000     0.00000000   0.00000000     0.00015912   0.00000000
    5    2
 -0.02383757   0.01053004     0.02205386  -0.00126667    -0.00000000   0.00000000
  0.00974412   0.00023126    -0.00365836   0.00336463     0.00000000   0.00000000
 -0.00000000  -0.00000000     0.00000000   0.00000000    -0.00138345   0.00083814
    5    3
  0.01053004  -0.02383757     0.00126667  -0.02205386     0.00000000  -0.00000000
 -0.00023126  -0.00974412     0.00336463  -0.00365836    -0.00000000  -0.00000000
  0.00000000  -0.00000000    -0.00000000   0.00000000     0.00083814  -0.00138345
    5    4
  0.00000000   0.00082652    -0.00276328   0.00000000    -0.00000000   0.00000000
 -0.00276328   0.00000000    -0.00000000  -0.01190565     0.00000000  -0.00000000
 -0.00000000   0.00000000     0.00000000   0.00000000    -0.00000000  -0.06847171
    5    5
  0.05324579  -0.00000000     0.00000000   0.00051094    -0.00000000  -0.00000000
  0.00000000  -0.00051094     0.02951110  -0.00000000    -0.00000000  -0.00000000
 -0.00000000   0.00000000    -0.00000000   0.00000000     0.07279198   0.00000000
    5    6
  0.00048722   0.00000000    -0.00000000   0.00026785     0.00000000  -0.00585124
 -0.00000000   0.00585124    -0.00220714  -0.00000000     0.01512936   0.00000000
 -0.00000000  -0.00026785     0.06886216   0.00000000    -0.00220714   0.00000000
    5    7
  0.00000000   0.00048722    -0.00026785   0.00000000    -0.00585124   0.00000000
 -0.00585124   0.00000000    -0.00000000  -0.00220714    -0.00000000  -0.01512936
 -0.00026785   0.00000000    -0.00000000  -0.06886216    -0.00000000  -0.00220714
    6    1
  0.02344006  -0.00000000    -0.00000000   0.00000000     0.00000000   0.01661145
 -0.00000000  -0.00000000     0.00015912   0.00000000    -0.00000000  -0.00000000
  0.00000000   0.05946735     0.00000000  -0.00000000     0.00125272  -0.00000000
    6    2
  0.01053004  -0.02383757    -0.00000000   0.00000000     0.00126667  -0.02205386
  0.00000000   0.00000000     0.00083814  -0.00138345     0.00000000   0.00000000
 -0.00023126  -0.00974412    -0.00000000   0.00000000     0.00336463  -0.00365836
    6    3
 -0.02383757   0.01053004    -0.00000000   0.00000000     0.02205386  -0.00126667
 -0.00000000   0.00000000    -0.00138345   0.00083814     0.00000000  -0.00000000
  0.00974412   0.00023126     0.00000000   0.00000000    -0.00365836   0.00336463
    6    4
  0.00000000   0.00048722    -0.00585124   0.00000000    -0.00026785   0.00000000
 -0.00026785   0.00000000    -0.00000000  -0.00220714    -0.00000000  -0.06886216
 -0.00585124   0.00000000    -0.00000000  -0.01512936    -0.00000000  -0.00220714
    6    5
  0.00048722  -0.00000000    -0.00000000  -0.00585124    -0.00000000   0.00026785
 -0.00000000  -0.00026785    -0.00220714   0.00000000     0.06886216  -0.00000000
 -0.00000000   0.00585124     0.01512936  -0.00000000    -0.00220714  -0.00000000
    6    6
  0.05324579   0.00000000    -0.00000000  -0.00000000    -0.00000000   0.00051094
 -0.00000000   0.00000000     0.07279198   0.00000000    -0.00000000   0.00000000
 -0.00000000  -0.00051094    -0.00000000  -0.00000000     0.02951110  -0.00000000
    6    7
  0.00000000   0.00082652     0.00000000   0.00000000    -0.00276328   0.00000000
  0.00000000   0.00000000    -0.00000000  -0.06847171    -0.00000000   0.00000000
 -0.00276328   0.00000000     0.00000000   0.00000000    -0.00000000  -0.01190565
    7    1
  0.00000000  -0.02344006     0.00000000   0.00000000    -0.01661145  -0.00000000
  0.00000000   0.00000000     0.00000000  -0.00015912     0.00000000   0.00000000
 -0.05946735  -0.00000000     0.00000000   0.00000000     0.00000000  -0.00125272
    7    2
 -0.02383757  -0.01053004    -0.00000000  -0.00000000     0.02205386   0.00126667
 -0.00000000   0.00000000    -0.00138345  -0.00083814     0.00000000   0.00000000
  0.00974412  -0.00023126     0.00000000   0.00000000    -0.00365836  -0.00336463
    7    3
  0.01053004   0.02383757     0.00000000  -0.00000000     0.00126667   0.02205386
  0.00000000  -0.00000000     0.00083814   0.00138345    -0.00000000   0.00000000
 -0.00023126   0.00974412    -0.00000000  -0.00000000     0.00336463   0.00365836
    7    4
  0.00048722   0.00000000    -0.00000000   0.00585124    -0.00000000  -0.00026785
 -0.00000000   0.00026785    -0.00220714   0.00000000     0.06886216   0.00000000
 -0.00000000  -0.00585124     0.01512936   0.00000000    -0.00220714   0.00000000
    7    5
  0.00000000  -0.00048722    -0.00585124  -0.00000000    -0.00026785  -0.00000000
 -0.00026785  -0.00000000    -0.00000000   0.00220714    -0.00000000   0.06886216
 -0.00585124  -0.00000000    -0.00000000   0.01512936    -0.00000000   0.00220714
    7    6
  0.00000000  -0.00082652     0.00000000  -0.00000000    -0.00276328  -0.00000000
  0.00000000  -0.00000000    -0.00000000   0.06847171    -0.00000000  -0.00000000
 -0.00276328  -0.00000000     0.00000000  -0.00000000    -0.00000000   0.01190565
    7    7
  0.05324579  -0.00000000    -0.00000000   0.00000000    -0.00000000  -0.00051094
 -0.00000000  -0.00000000     0.07279198  -0.00000000    -0.00000000  -0.00000000
 -0.00000000   0.00051094    -0.00000000   0.00000000     0.02951110   0.00000000

     Dynamical  Matrix in cartesian axes

     q = (   -0.000000000   0.433012700   0.000000000 ) 

    1    1
  0.03348773   0.00000000    -0.00000000   0.00000000     0.00000000   0.00000000
 -0.00000000   0.00000000     0.33685057   0.00000000    -0.00000000   0.00000000
  0.00000000   0.00000000    -0.00000000   0.00000000     0.03348773   0.00000000
    1    2
  0.00125272  -0.00000000     0.00000000   0.01661145    -0.00000000   0.00000000
  0.00000000   0.05946735     0.02344006  -0.00000000    -0.00000000   0.00000000
 -0.00000000  -0.00000000     0.00000000  -0.00000000     0.00015912   0.00000000
    1    3
  0.00000000  -0.00125272    -0.01661145  -0.00000000     0.00000000   0.00000000
 -0.05946735  -0.00000000     0.00000000  -0.02344006     0.00000000   0.00000000
  0.00000000  -0.00000000     0.00000000  -0.00000000     0.00000000  -0.00015912
    1    4
 -0.01418230  -0.00009100     0.00000000   0.00000000     0.00000000  -0.00000000
  0.00000000   0.00000000    -0.00365824   0.00365824     0.00000000  -0.00000000
  0.00000000  -0.00000000     0.00000000  -0.00000000     0.00009100   0.01418230
    1    5
  0.00009100   0.01418230    -0.00000000  -0.00000000     0.00000000  -0.00000000
 -0.00000000   0.00000000    -0.00365824   0.00365824     0.00000000   0.00000000
  0.00000000   0.00000000     0.00000000   0.00000000    -0.01418230  -0.00009100
    1    6
  0.00000000  -0.00015912     0.00000000   0.00000000    -0.00000000  -0.00000000
  0.00000000   0.00000000     0.00000000  -0.02344006    -0.05946735  -0.00000000
 -0.00000000   0.00000000    -0.01661145  -0.00000000     0.00000000  -0.00125272
    1    7
  0.00015912  -0.00000000    -0.00000000  -0.00000000    -0.00000000  -0.00000000
 -0.00000000  -0.00000000     0.02344006  -0.00000000     0.00000000   0.05946735
