  4.500000000000000E-002   1.25986529217407        2.41685017272211     
          12

     Dynamical  Matrix in cartesian axes

     q = (   -0.866025400  -0.324759500  -0.324759500 ) 

    1    1
  0.02378384  -0.00000000     0.00000000   0.00000000    -0.00000000   0.00000000
  0.00000000   0.00000000     0.16108513  -0.00000000    -0.01607075  -0.00000000
 -0.00000000   0.00000000    -0.01607075  -0.00000000     0.16108513  -0.00000000
    1    2
  0.00000000   0.00000000    -0.00820915   0.00340034    -0.00820915   0.00340034
 -0.01510103   0.00625505     0.00567504   0.01370075    -0.00580234  -0.01400808
 -0.01510103   0.00625505     0.00580234   0.01400808    -0.00567504  -0.01370075
    1    3
  0.00000000   0.00000000    -0.00820915   0.00340034    -0.00820915   0.00340034
 -0.01510103   0.00625505    -0.00567504  -0.01370075     0.00580234   0.01400808
 -0.01510103   0.00625505    -0.00580234  -0.01400808     0.00567504   0.01370075
    1    4
 -0.00627483   0.00344439    -0.00000000   0.00000000     0.00000000  -0.00000000
 -0.00000000  -0.00000000    -0.02307976   0.02723916    -0.02152694  -0.02456254
  0.00000000  -0.00000000     0.01460320   0.04284075     0.02337736  -0.01846409
    1    5
 -0.00687252   0.00200142     0.00000000   0.00000000    -0.00000000   0.00000000
  0.00000000  -0.00000000    -0.03558085  -0.00294113     0.00214650   0.03259018
 -0.00000000  -0.00000000    -0.01996698  -0.04061900     0.02958637  -0.00347421
    1    6
 -0.00687252   0.00200142    -0.00000000  -0.00000000     0.00000000  -0.00000000
 -0.00000000   0.00000000     0.02958637  -0.00347421    -0.01996698  -0.04061900
  0.00000000  -0.00000000     0.00214650   0.03259018    -0.03558085  -0.00294113
    1    7
 -0.00627483   0.00344439     0.00000000  -0.00000000    -0.00000000   0.00000000
  0.00000000  -0.00000000     0.02337736  -0.01846409     0.01460320   0.04284075
 -0.00000000  -0.00000000    -0.02152694  -0.02456254    -0.02307976   0.02723916
    2    1
  0.00000000  -0.00000000    -0.01510103  -0.00625505    -0.01510103  -0.00625505
 -0.00820915  -0.00340034     0.00567504  -0.01370075     0.00580234  -0.01400808
 -0.00820915  -0.00340034    -0.00580234   0.01400808    -0.00567504   0.01370075
    2    2
  0.01442520   0.00000000    -0.00000000  -0.00281277    -0.00000000   0.00281277
 -0.00000000   0.00281277     0.04238147   0.00000000    -0.00987047   0.00000000
 -0.00000000  -0.00281277    -0.00987047   0.00000000     0.04238147  -0.00000000
    2    3
 -0.00255085   0.00000000     0.00000000   0.00286863    -0.00000000  -0.00286863
  0.00000000   0.00286863     0.00428641   0.00000000    -0.01082104   0.00000000
 -0.00000000  -0.00286863    -0.01082104   0.00000000     0.00428641  -0.00000000
    2    4
  0.00218403  -0.00125196     0.00706081  -0.00651324    -0.00370176   0.00272086
  0.02335412   0.00023479     0.02105385  -0.00520216    -0.00663073  -0.00439739
 -0.01251743   0.00087179    -0.00318867  -0.00451658     0.00785297  -0.00251332
    2    5
 -0.00218403  -0.00125196     0.00706081   0.00651324    -0.00370176  -0.00272086
  0.02335412  -0.00023479    -0.02105385  -0.00520216     0.00663073  -0.00439739
 -0.01251743  -0.00087179     0.00318867  -0.00451658    -0.00785297  -0.00251332
    2    6
  0.00218403   0.00125196    -0.00370176  -0.00272086     0.00706081   0.00651324
 -0.01251743  -0.00087179     0.00785297   0.00251332    -0.00318867   0.00451658
  0.02335412  -0.00023479    -0.00663073   0.00439739     0.02105385   0.00520216
    2    7
 -0.00218403   0.00125196    -0.00370176   0.00272086     0.00706081  -0.00651324
 -0.01251743   0.00087179    -0.00785297   0.00251332     0.00318867   0.00451658
  0.02335412   0.00023479     0.00663073   0.00439739    -0.02105385   0.00520216
    3    1
  0.00000000  -0.00000000    -0.01510103  -0.00625505    -0.01510103  -0.00625505
 -0.00820915  -0.00340034    -0.00567504   0.01370075    -0.00580234   0.01400808
 -0.00820915  -0.00340034     0.00580234  -0.01400808     0.00567504  -0.01370075
    3    2
 -0.00255085  -0.00000000     0.00000000  -0.00286863    -0.00000000   0.00286863
  0.00000000  -0.00286863     0.00428641   0.00000000    -0.01082104  -0.00000000
  0.00000000   0.00286863    -0.01082104  -0.00000000     0.00428641   0.00000000
    3    3
  0.01442520  -0.00000000     0.00000000   0.00281277    -0.00000000  -0.00281277
  0.00000000  -0.00281277     0.04238147  -0.00000000    -0.00987047   0.00000000
 -0.00000000   0.00281277    -0.00987047   0.00000000     0.04238147   0.00000000
    3    4
 -0.00218403   0.00125196     0.00706081  -0.00651324    -0.00370176   0.00272086
  0.02335412   0.00023479    -0.02105385   0.00520216     0.00663073   0.00439739
 -0.01251743   0.00087179     0.00318867   0.00451658    -0.00785297   0.00251332
    3    5
  0.00218403   0.00125196     0.00706081   0.00651324    -0.00370176  -0.00272086
  0.02335412  -0.00023479     0.02105385   0.00520216    -0.00663073   0.00439739
 -0.01251743  -0.00087179    -0.00318867   0.00451658     0.00785297   0.00251332
    3    6
 -0.00218403  -0.00125196    -0.00370176  -0.00272086     0.00706081   0.00651324
 -0.01251743  -0.00087179    -0.00785297  -0.00251332     0.00318867  -0.00451658
  0.02335412  -0.00023479     0.00663073  -0.00439739    -0.02105385  -0.00520216
    3    7
  0.00218403  -0.00125196    -0.00370176   0.00272086     0.00706081  -0.00651324
 -0.01251743   0.00087179     0.00785297  -0.00251332    -0.00318867  -0.00451658
  0.02335412   0.00023479    -0.00663073  -0.00439739     0.02105385  -0.00520216
    4    1
 -0.00627483  -0.00344439    -0.00000000   0.00000000     0.00000000   0.00000000
 -0.00000000  -0.00000000    -0.02307976  -0.02723916     0.01460320  -0.04284075
  0.00000000   0.00000000    -0.02152694   0.02456254     0.02337736   0.01846409
    4    2
  0.00218403   0.00125196     0.02335412  -0.00023479    -0.01251743  -0.00087179
  0.00706081   0.00651324     0.02105385   0.00520216    -0.00318867   0.00451658
 -0.00370176  -0.00272086    -0.00663073   0.00439739     0.00785297   0.00251332
    4    3
 -0.00218403  -0.00125196     0.02335412  -0.00023479    -0.01251743  -0.00087179
  0.00706081   0.00651324    -0.02105385  -0.00520216     0.00318867  -0.00451658
 -0.00370176  -0.00272086     0.00663073  -0.00439739    -0.00785297  -0.00251332
    4    4
  0.03127720  -0.00000000     0.00000000  -0.00000000    -0.00000000  -0.00000000
 -0.00000000   0.00000000     0.06216021   0.00000000    -0.01057495  -0.00764786
 -0.00000000  -0.00000000    -0.01057495   0.00764786     0.06422175  -0.00000000
    4    5
  0.02494663  -0.00024998     0.00000000  -0.00000000    -0.00000000  -0.00000000
  0.00000000  -0.00000000    -0.01365095  -0.00833837     0.01585840  -0.01604112
 -0.00000000  -0.00000000     0.01585840  -0.01604112    -0.01742090   0.01524528
    4    6
 -0.01597580  -0.00277876    -0.00000000   0.00000000    -0.00000000   0.00000000
 -0.00000000   0.00000000     0.00129730   0.00704931    -0.01298274   0.02408014
 -0.00000000   0.00000000    -0.03630696   0.03495300     0.00129730   0.00704931
    4    7
 -0.01648343   0.00000000    -0.00000000  -0.00000000     0.00000000   0.00000000
 -0.00000000  -0.00000000    -0.03665589   0.00051374     0.01746796  -0.00000000
  0.00000000   0.00000000     0.03248388  -0.00000000    -0.03665589  -0.00051374
    5    1
 -0.00687252  -0.00200142     0.00000000   0.00000000    -0.00000000  -0.00000000
  0.00000000  -0.00000000    -0.03558085   0.00294113    -0.01996698   0.04061900
 -0.00000000   0.00000000     0.00214650  -0.03259018     0.02958637   0.00347421
    5    2
 -0.00218403   0.00125196     0.02335412   0.00023479    -0.01251743   0.00087179
  0.00706081  -0.00651324    -0.02105385   0.00520216     0.00318867   0.00451658
 -0.00370176   0.00272086     0.00663073   0.00439739    -0.00785297   0.00251332
    5    3
  0.00218403  -0.00125196     0.02335412   0.00023479    -0.01251743   0.00087179
  0.00706081  -0.00651324     0.02105385  -0.00520216    -0.00318867  -0.00451658
 -0.00370176   0.00272086    -0.00663073  -0.00439739     0.00785297  -0.00251332
    5    4
  0.02494663   0.00024998     0.00000000   0.00000000    -0.00000000   0.00000000
  0.00000000   0.00000000    -0.01365095   0.00833837     0.01585840   0.01604112
 -0.00000000   0.00000000     0.01585840   0.01604112    -0.01742090  -0.01524528
    5    5
  0.03127720   0.00000000    -0.00000000   0.00000000    -0.00000000   0.00000000
 -0.00000000  -0.00000000     0.06216021  -0.00000000    -0.01057495   0.00764786
 -0.00000000   0.00000000    -0.01057495  -0.00764786     0.06422175  -0.00000000
    5    6
 -0.01648343  -0.00000000    -0.00000000   0.00000000     0.00000000  -0.00000000
  0.00000000   0.00000000    -0.03665589  -0.00051374     0.01746796  -0.00000000
  0.00000000  -0.00000000     0.03248388  -0.00000000    -0.03665589   0.00051374
    5    7
 -0.01597580   0.00277876    -0.00000000  -0.00000000    -0.00000000  -0.00000000
 -0.00000000  -0.00000000     0.00129730  -0.00704931    -0.01298274  -0.02408014
 -0.00000000  -0.00000000    -0.03630696  -0.03495300     0.00129730  -0.00704931
    6    1
 -0.00687252  -0.00200142    -0.00000000  -0.00000000     0.00000000  -0.00000000
 -0.00000000   0.00000000     0.02958637   0.00347421     0.00214650  -0.03259018
  0.00000000  -0.00000000    -0.01996698   0.04061900    -0.03558085   0.00294113
    6    2
  0.00218403  -0.00125196    -0.01251743   0.00087179     0.02335412   0.00023479
 -0.00370176   0.00272086     0.00785297  -0.00251332    -0.00663073  -0.00439739
  0.00706081  -0.00651324    -0.00318867  -0.00451658     0.02105385  -0.00520216
    6    3
 -0.00218403   0.00125196    -0.01251743   0.00087179     0.02335412   0.00023479
 -0.00370176   0.00272086    -0.00785297   0.00251332     0.00663073   0.00439739
  0.00706081  -0.00651324     0.00318867   0.00451658    -0.02105385   0.00520216
    6    4
 -0.01597580   0.00277876    -0.00000000  -0.00000000    -0.00000000  -0.00000000
 -0.00000000  -0.00000000     0.00129730  -0.00704931    -0.03630696  -0.03495300
 -0.00000000  -0.00000000    -0.01298274  -0.02408014     0.00129730  -0.00704931
    6    5
 -0.01648343  -0.00000000    -0.00000000  -0.00000000     0.00000000   0.00000000
 -0.00000000  -0.00000000    -0.03665589   0.00051374     0.03248388  -0.00000000
  0.00000000   0.00000000     0.01746796   0.00000000    -0.03665589  -0.00051374
    6    6
  0.03127720   0.00000000     0.00000000  -0.00000000    -0.00000000   0.00000000
  0.00000000   0.00000000     0.06422175   0.00000000    -0.01057495  -0.00764786
 -0.00000000  -0.00000000    -0.01057495   0.00764786     0.06216021  -0.00000000
    6    7
  0.02494663   0.00024998    -0.00000000   0.00000000     0.00000000   0.00000000
 -0.00000000   0.00000000    -0.01742090  -0.01524528     0.01585840   0.01604112
  0.00000000   0.00000000     0.01585840   0.01604112    -0.01365095   0.00833837
    7    1
 -0.00627483  -0.00344439     0.00000000   0.00000000    -0.00000000   0.00000000
  0.00000000   0.00000000     0.02337736   0.01846409    -0.02152694   0.02456254
 -0.00000000  -0.00000000     0.01460320  -0.04284075    -0.02307976  -0.02723916
    7    2
 -0.00218403  -0.00125196    -0.01251743  -0.00087179     0.02335412  -0.00023479
 -0.00370176  -0.00272086    -0.00785297  -0.00251332     0.00663073  -0.00439739
  0.00706081   0.00651324     0.00318867  -0.00451658    -0.02105385  -0.00520216
    7    3
  0.00218403   0.00125196    -0.01251743  -0.00087179     0.02335412  -0.00023479
 -0.00370176  -0.00272086     0.00785297   0.00251332    -0.00663073   0.00439739
  0.00706081   0.00651324    -0.00318867   0.00451658     0.02105385   0.00520216
    7    4
 -0.01648343  -0.00000000    -0.00000000   0.00000000     0.00000000  -0.00000000
 -0.00000000   0.00000000    -0.03665589  -0.00051374     0.03248388   0.00000000
  0.00000000  -0.00000000     0.01746796   0.00000000    -0.03665589   0.00051374
    7    5
 -0.01597580  -0.00277876    -0.00000000   0.00000000    -0.00000000   0.00000000
 -0.00000000   0.00000000     0.00129730   0.00704931    -0.03630696   0.03495300
 -0.00000000   0.00000000    -0.01298274   0.02408014     0.00129730   0.00704931
    7    6
  0.02494663  -0.00024998    -0.00000000  -0.00000000     0.00000000  -0.00000000
 -0.00000000  -0.00000000    -0.01742090   0.01524528     0.01585840  -0.01604112
  0.00000000  -0.00000000     0.01585840  -0.01604112    -0.01365095  -0.00833837
    7    7
  0.03127720  -0.00000000     0.00000000   0.00000000    -0.00000000  -0.00000000
  0.00000000  -0.00000000     0.06422175  -0.00000000    -0.01057495   0.00764786
 -0.00000000   0.00000000    -0.01057495  -0.00764786     0.06216021  -0.00000000

     Dynamical  Matrix in cartesian axes

     q = (   -0.324759500  -0.866025400   0.324759500 ) 

    1    1
  0.16108513  -0.00000000    -0.00000000  -0.00000000     0.01607075   0.00000000
  0.00000000  -0.00000000     0.02378384  -0.00000000    -0.00000000  -0.00000000
  0.01607075   0.00000000    -0.00000000  -0.00000000     0.16108513  -0.00000000
    1    2
  0.02307976   0.02723916    -0.00000000  -0.00000000    -0.02152694   0.02456254
 -0.00000000   0.00000000     0.00627483   0.00344439     0.00000000  -0.00000000
  0.01460319  -0.04284075     0.00000000   0.00000000    -0.02337736  -0.01846409
    1    3
 -0.02307976   0.02723916    -0.00000000  -0.00000000     0.02152694   0.02456254
 -0.00000000   0.00000000    -0.00627483   0.00344439    -0.00000000   0.00000000
 -0.01460320  -0.04284075    -0.00000000   0.00000000     0.02337736  -0.01846409
    1    4
 -0.00567504  -0.01370075    -0.01510103   0.00625505    -0.00580234  -0.01400808
 -0.00820915   0.00340034     0.00000000   0.00000000     0.00820915  -0.00340034
  0.00580234   0.01400808     0.01510103  -0.00625505     0.00567504   0.01370075
    1    5
  0.00567504  -0.01370075     0.01510103   0.00625505     0.00580234  -0.01400808
  0.00820915   0.00340034     0.00000000  -0.00000000    -0.00820915  -0.00340034
 -0.00580234   0.01400808    -0.01510103  -0.00625505    -0.00567504   0.01370075
    1    6
  0.02337736   0.01846409     0.00000000  -0.00000000    -0.01460319   0.04284075
 -0.00000000   0.00000000    -0.00627483  -0.00344439     0.00000000   0.00000000
  0.02152694  -0.02456254     0.00000000   0.00000000    -0.02307976  -0.02723916
    1    7
 -0.02337736   0.01846409    -0.00000000   0.00000000     0.01460320   0.04284075
 -0.00000000   0.00000000     0.00627483  -0.00344439    -0.00000000   0.00000000
 -0.02152694  -0.02456254    -0.00000000  -0.00000000     0.02307976  -0.02723916
    2    1
  0.02307976  -0.02723916    -0.00000000   0.00000000     0.01460319   0.04284075
  0.00000000   0.00000000     0.00627483  -0.00344439     0.00000000  -0.00000000
 -0.02152694  -0.02456254     0.00000000   0.00000000    -0.02337736   0.01846409
    2    2
  0.06216021   0.00000000     0.00000000   0.00000000     0.01057495  -0.00764786
  0.00000000  -0.00000000     0.03127720   0.00000000    -0.00000000   0.00000000
  0.01057495   0.00764786    -0.00000000   0.00000000     0.06422175  -0.00000000
    2    3
  0.00375656  -0.01554880    -0.00000000   0.00000000     0.02255636   0.00012920
 -0.00000000   0.00000000    -0.01781669   0.01746318     0.00000000   0.00000000
  0.02255636   0.00012920     0.00000000   0.00000000     0.02309848  -0.00153840
    2    4
 -0.01120884   0.01856580    -0.00038719   0.00959830    -0.00544843  -0.00093897
 -0.01667987   0.01634783    -0.00065907   0.00242962    -0.00823470   0.00946761
 -0.00779805   0.00157921    -0.00069360   0.00454147    -0.00377571   0.00733008
    2    5
 -0.02105385   0.00520216     0.00706081  -0.00651324    -0.00318867  -0.00451658
  0.02335412   0.00023479    -0.00218403   0.00125196     0.01251743  -0.00087179
 -0.00663073  -0.00439739     0.00370176  -0.00272086    -0.00785297   0.00251332
    2    6
  0.03665589   0.00051374    -0.00000000   0.00000000     0.01746796  -0.00000000
 -0.00000000  -0.00000000     0.01648343  -0.00000000    -0.00000000   0.00000000
  0.03248388  -0.00000000    -0.00000000   0.00000000     0.03665589  -0.00051374
    2    7
 -0.00406729  -0.00590194    -0.00000000  -0.00000000     0.02620742   0.00784704
 -0.00000000  -0.00000000    -0.00933171   0.01326148     0.00000000   0.00000000
  0.05038840  -0.00095741     0.00000000   0.00000000    -0.00406729  -0.00590194
    3    1
 -0.02307976  -0.02723916    -0.00000000  -0.00000000    -0.01460320   0.04284075
 -0.00000000   0.00000000    -0.00627483  -0.00344439    -0.00000000  -0.00000000
  0.02152694  -0.02456254    -0.00000000  -0.00000000     0.02337736   0.01846409
    3    2
  0.00375656   0.01554880    -0.00000000  -0.00000000     0.02255636  -0.00012920
 -0.00000000  -0.00000000    -0.01781669  -0.01746318     0.00000000  -0.00000000
  0.02255636  -0.00012920     0.00000000  -0.00000000     0.02309848   0.00153840
    3    3
  0.06216021  -0.00000000    -0.00000000  -0.00000000     0.01057495   0.00764786
 -0.00000000   0.00000000     0.03127720  -0.00000000    -0.00000000  -0.00000000
  0.01057495  -0.00764786    -0.00000000   0.00000000     0.06422175  -0.00000000
    3    4
 -0.02105385  -0.00520216     0.00706081   0.00651324    -0.00318867   0.00451658
  0.02335412  -0.00023479    -0.00218403  -0.00125196     0.01251743   0.00087179
 -0.00663073   0.00439739     0.00370176   0.00272086    -0.00785297  -0.00251332
    3    5
 -0.01120884  -0.01856580    -0.00038719  -0.00959830    -0.00544843   0.00093897
 -0.01667987  -0.01634783    -0.00065907  -0.00242962    -0.00823470  -0.00946761
 -0.00779805  -0.00157921    -0.00069360  -0.00454147    -0.00377571  -0.00733008
    3    6
 -0.00406729   0.00590194    -0.00000000   0.00000000     0.02620742  -0.00784704
 -0.00000000   0.00000000    -0.00933171  -0.01326148     0.00000000  -0.00000000
  0.05038840   0.00095741     0.00000000  -0.00000000    -0.00406729   0.00590194
    3    7
  0.03665589  -0.00051374    -0.00000000  -0.00000000     0.01746796   0.00000000
 -0.00000000   0.00000000     0.01648343   0.00000000    -0.00000000  -0.00000000
  0.03248388   0.00000000    -0.00000000  -0.00000000     0.03665589   0.00051374
    4    1
 -0.00567504   0.01370075    -0.00820915  -0.00340034     0.00580234  -0.01400808
 -0.01510103  -0.00625505     0.00000000  -0.00000000     0.01510103   0.00625505
 -0.00580234   0.01400808     0.00820915   0.00340034     0.00567504  -0.01370075
    4    2
 -0.01120884  -0.01856580    -0.01667987  -0.01634783    -0.00779805  -0.00157921
 -0.00038719  -0.00959830    -0.00065907  -0.00242962    -0.00069360  -0.00454147
 -0.00544843   0.00093897    -0.00823470  -0.00946761    -0.00377571  -0.00733008
    4    3
 -0.02105385   0.00520216     0.02335412   0.00023479    -0.00663073  -0.00439739
  0.00706081  -0.00651324    -0.00218403   0.00125196     0.00370176  -0.00272086
 -0.00318867  -0.00451658     0.01251743  -0.00087179    -0.00785297   0.00251332
    4    4
  0.04238147   0.00000000    -0.00000000  -0.00281277     0.00987047   0.00000000
 -0.00000000   0.00281277     0.01442520   0.00000000    -0.00000000   0.00281277
  0.00987047   0.00000000    -0.00000000  -0.00281277     0.04238147   0.00000000
    4    5
 -0.00303095  -0.00303095    -0.00202843   0.00202843    -0.00765163  -0.00765163
 -0.00202843   0.00202843     0.00180372   0.00180372    -0.00202843   0.00202843
 -0.00765163  -0.00765163    -0.00202843   0.00202843    -0.00303095  -0.00303095
    4    6
 -0.00377571  -0.00733008    -0.00823470  -0.00946761    -0.00544843   0.00093897
 -0.00069360  -0.00454147    -0.00065907  -0.00242962    -0.00038719  -0.00959830
 -0.00779805  -0.00157921    -0.01667987  -0.01634783    -0.01120884  -0.01856580
    4    7
 -0.00785297   0.00251332     0.01251743  -0.00087179    -0.00318867  -0.00451658
  0.00370176  -0.00272086    -0.00218403   0.00125196     0.00706081  -0.00651324
 -0.00663073  -0.00439739     0.02335412   0.00023479    -0.02105385   0.00520216
    5    1
  0.00567504   0.01370075     0.00820915  -0.00340034    -0.00580234  -0.01400808
  0.01510103  -0.00625505     0.00000000   0.00000000    -0.01510103   0.00625505
  0.00580234   0.01400808    -0.00820915   0.00340034    -0.00567504  -0.01370075
    5    2
 -0.02105385  -0.00520216     0.02335412  -0.00023479    -0.00663073   0.00439739
  0.00706081   0.00651324    -0.00218403  -0.00125196     0.00370176   0.00272086
 -0.00318867   0.00451658     0.01251743   0.00087179    -0.00785297  -0.00251332
    5    3
 -0.01120884   0.01856580    -0.01667987   0.01634783    -0.00779805   0.00157921
 -0.00038719   0.00959830    -0.00065907   0.00242962    -0.00069360   0.00454147
 -0.00544843  -0.00093897    -0.00823470   0.00946761    -0.00377571   0.00733008
    5    4
 -0.00303095   0.00303095    -0.00202843  -0.00202843    -0.00765163   0.00765163
 -0.00202843  -0.00202843     0.00180372  -0.00180372    -0.00202843  -0.00202843
 -0.00765163   0.00765163    -0.00202843  -0.00202843    -0.00303095   0.00303095
    5    5
  0.04238147  -0.00000000    -0.00000000   0.00281277     0.00987047  -0.00000000
  0.00000000  -0.00281277     0.01442520   0.00000000    -0.00000000  -0.00281277
  0.00987047  -0.00000000    -0.00000000   0.00281277     0.04238147  -0.00000000
    5    6
 -0.00785297  -0.00251332     0.01251743   0.00087179    -0.00318867   0.00451658
  0.00370176   0.00272086    -0.00218403  -0.00125196     0.00706081   0.00651324
 -0.00663073   0.00439739     0.02335412  -0.00023479    -0.02105385  -0.00520216
    5    7
 -0.00377571   0.00733008    -0.00823470   0.00946761    -0.00544843  -0.00093897
 -0.00069360   0.00454147    -0.00065907   0.00242962    -0.00038719   0.00959830
 -0.00779805   0.00157921    -0.01667987   0.01634783    -0.01120884   0.01856580
    6    1
  0.02337736  -0.01846409    -0.00000000  -0.00000000     0.02152694   0.02456254
 -0.00000000   0.00000000    -0.00627483   0.00344439    -0.00000000  -0.00000000
 -0.01460319  -0.04284075     0.00000000  -0.00000000    -0.02307976   0.02723916
    6    2
  0.03665589  -0.00051374    -0.00000000   0.00000000     0.03248388   0.00000000
 -0.00000000   0.00000000     0.01648343   0.00000000    -0.00000000  -0.00000000
  0.01746796   0.00000000    -0.00000000  -0.00000000     0.03665589   0.00051374
    6    3
 -0.00406729  -0.00590194    -0.00000000  -0.00000000     0.05038840  -0.00095741
 -0.00000000  -0.00000000    -0.00933171   0.01326148     0.00000000   0.00000000
  0.02620742   0.00784704     0.00000000   0.00000000    -0.00406729  -0.00590194
    6    4
 -0.00377571   0.00733008    -0.00069360   0.00454147    -0.00779805   0.00157921
 -0.00823470   0.00946761    -0.00065907   0.00242962    -0.01667987   0.01634783
 -0.00544843  -0.00093897    -0.00038719   0.00959830    -0.01120884   0.01856580
    6    5
 -0.00785297   0.00251332     0.00370176  -0.00272086    -0.00663073  -0.00439739
  0.01251743  -0.00087179    -0.00218403   0.00125196     0.02335412   0.00023479
 -0.00318867  -0.00451658     0.00706081  -0.00651324    -0.02105385   0.00520216
    6    6
  0.06422175   0.00000000     0.00000000  -0.00000000     0.01057495   0.00764786
  0.00000000   0.00000000     0.03127720   0.00000000    -0.00000000   0.00000000
  0.01057495  -0.00764786    -0.00000000   0.00000000     0.06216021  -0.00000000
    6    7
  0.02309848  -0.00153840    -0.00000000  -0.00000000     0.02255636   0.00012920
 -0.00000000  -0.00000000    -0.01781669   0.01746318     0.00000000  -0.00000000
  0.02255636   0.00012920     0.00000000  -0.00000000     0.00375656  -0.01554880
    7    1
 -0.02337736  -0.01846409    -0.00000000  -0.00000000    -0.02152694   0.02456254
 -0.00000000  -0.00000000     0.00627483   0.00344439    -0.00000000   0.00000000
  0.01460320  -0.04284075    -0.00000000  -0.00000000     0.02307976   0.02723916
    7    2
 -0.00406729   0.00590194    -0.00000000   0.00000000     0.05038840   0.00095741
 -0.00000000   0.00000000    -0.00933171  -0.01326148     0.00000000  -0.00000000
  0.02620742  -0.00784704     0.00000000  -0.00000000    -0.00406729   0.00590194
    7    3
  0.03665589   0.00051374    -0.00000000  -0.00000000     0.03248388  -0.00000000
 -0.00000000   0.00000000     0.01648343  -0.00000000    -0.00000000   0.00000000
  0.01746796  -0.00000000    -0.00000000   0.00000000     0.03665589  -0.00051374
    7    4
 -0.00785297  -0.00251332     0.00370176   0.00272086    -0.00663073   0.00439739
  0.01251743   0.00087179    -0.00218403  -0.00125196     0.02335412  -0.00023479
 -0.00318867   0.00451658     0.00706081   0.00651324    -0.02105385  -0.00520216
    7    5
 -0.00377571  -0.00733008    -0.00069360  -0.00454147    -0.00779805  -0.00157921
 -0.00823470  -0.00946761    -0.00065907  -0.00242962    -0.01667987  -0.01634783
 -0.00544843   0.00093897    -0.00038719  -0.00959830    -0.01120884  -0.01856580
    7    6
  0.02309848   0.00153840    -0.00000000   0.00000000     0.02255636  -0.00012920
 -0.00000000   0.00000000    -0.01781669  -0.01746318     0.00000000   0.00000000
  0.02255636  -0.00012920     0.00000000   0.00000000     0.00375656   0.01554880
    7    7
  0.06422175  -0.00000000     0.00000000   0.00000000     0.01057495  -0.00764786
  0.00000000  -0.00000000     0.03127720  -0.00000000    -0.00000000  -0.00000000
  0.01057495   0.00764786    -0.00000000  -0.00000000     0.06216021  -0.00000000

     Dynamical  Matrix in cartesian axes

     q = (    0.324759500   0.866025400   0.324759500 ) 

    1    1
  0.16108513  -0.00000000    -0.00000000   0.00000000    -0.01607075  -0.00000000
  0.00000000   0.00000000     0.02378384  -0.00000000    -0.00000000   0.00000000
 -0.01607075  -0.00000000    -0.00000000   0.00000000     0.16108513  -0.00000000
    1    2
 -0.03558085   0.00294114    -0.00000000  -0.00000000     0.00214650  -0.03259018
 -0.00000000   0.00000000    -0.00687252  -0.00200142     0.00000000  -0.00000000
 -0.01996697   0.04061900     0.00000000   0.00000000     0.02958637   0.00347421
    1    3
 -0.02307976  -0.02723916     0.00000000  -0.00000000    -0.02152694   0.02456254
  0.00000000   0.00000000    -0.00627483  -0.00344439     0.00000000  -0.00000000
  0.01460320  -0.04284075    -0.00000000  -0.00000000     0.02337736   0.01846409
    1    4
 -0.00567504   0.01370075    -0.01510103  -0.00625505     0.00580234  -0.01400808
 -0.00820915  -0.00340034    -0.00000000   0.00000000    -0.00820915  -0.00340034
 -0.00580234   0.01400808    -0.01510103  -0.00625505     0.00567504  -0.01370075
    1    5
  0.00567504  -0.01370075    -0.01510103  -0.00625505    -0.00580234   0.01400808
 -0.00820915  -0.00340034    -0.00000000   0.00000000    -0.00820915  -0.00340034
  0.00580234  -0.01400808    -0.01510103  -0.00625505    -0.00567504   0.01370075
    1    6
  0.02337736   0.01846409    -0.00000000   0.00000000     0.01460320  -0.04284075
  0.00000000  -0.00000000    -0.00627483  -0.00344439     0.00000000   0.00000000
 -0.02152694   0.02456254     0.00000000   0.00000000    -0.02307976  -0.02723916
    1    7
  0.02958637   0.00347421     0.00000000   0.00000000    -0.01996697   0.04061900
  0.00000000  -0.00000000    -0.00687252  -0.00200142    -0.00000000   0.00000000
  0.00214650  -0.03259018    -0.00000000  -0.00000000    -0.03558085   0.00294114
    2    1
 -0.03558085  -0.00294114    -0.00000000  -0.00000000    -0.01996697  -0.04061900
 -0.00000000   0.00000000    -0.00687252   0.00200142     0.00000000  -0.00000000
  0.00214650   0.03259018     0.00000000   0.00000000     0.02958637  -0.00347421
    2    2
  0.06216021  -0.00000000     0.00000000   0.00000000    -0.01057495  -0.00764786
  0.00000000  -0.00000000     0.03127720  -0.00000000    -0.00000000   0.00000000
 -0.01057495   0.00764786    -0.00000000  -0.00000000     0.06422175  -0.00000000
    2    3
 -0.01365095  -0.00833837     0.00000000  -0.00000000     0.01585840  -0.01604112
  0.00000000  -0.00000000     0.02494663  -0.00024998    -0.00000000  -0.00000000
  0.01585840  -0.01604112    -0.00000000  -0.00000000    -0.01742090   0.01524528
    2    4
  0.02105385   0.00520216     0.00706081   0.00651324    -0.00318867   0.00451658
  0.02335412  -0.00023479     0.00218403   0.00125196    -0.01251743  -0.00087179
 -0.00663073   0.00439739    -0.00370176  -0.00272086     0.00785297   0.00251332
    2    5
 -0.02105385  -0.00520216     0.00706081   0.00651324     0.00318867  -0.00451658
  0.02335412  -0.00023479    -0.00218403  -0.00125196    -0.01251743  -0.00087179
  0.00663073  -0.00439739    -0.00370176  -0.00272086    -0.00785297  -0.00251332
    2    6
  0.00129730   0.00704931    -0.00000000   0.00000000    -0.01298274   0.02408014
 -0.00000000   0.00000000    -0.01597580  -0.00277876    -0.00000000   0.00000000
 -0.03630696   0.03495300    -0.00000000   0.00000000     0.00129730   0.00704931
    2    7
 -0.03665589   0.00051374    -0.00000000  -0.00000000     0.01746796  -0.00000000
 -0.00000000  -0.00000000    -0.01648343   0.00000000     0.00000000   0.00000000
  0.03248388  -0.00000000     0.00000000   0.00000000    -0.03665589  -0.00051374
    3    1
 -0.02307976   0.02723916     0.00000000  -0.00000000     0.01460320   0.04284075
  0.00000000   0.00000000    -0.00627483   0.00344439    -0.00000000   0.00000000
 -0.02152694  -0.02456254    -0.00000000   0.00000000     0.02337736  -0.01846409
    3    2
 -0.01365095   0.00833837     0.00000000   0.00000000     0.01585840   0.01604112
  0.00000000   0.00000000     0.02494663   0.00024998    -0.00000000   0.00000000
  0.01585840   0.01604112    -0.00000000   0.00000000    -0.01742090  -0.01524528
    3    3
  0.06216021  -0.00000000     0.00000000  -0.00000000    -0.01057495   0.00764786
  0.00000000   0.00000000     0.03127720   0.00000000    -0.00000000   0.00000000
 -0.01057495  -0.00764786    -0.00000000   0.00000000     0.06422175   0.00000000
    3    4
 -0.02105385   0.00520216     0.00706081  -0.00651324     0.00318867   0.00451658
  0.02335412   0.00023479    -0.00218403   0.00125196    -0.01251743   0.00087179
  0.00663073   0.00439739    -0.00370176   0.00272086    -0.00785297   0.00251332
    3    5
  0.02105385  -0.00520216     0.00706081  -0.00651324    -0.00318867  -0.00451658
  0.02335412   0.00023479     0.00218403  -0.00125196    -0.01251743   0.00087179
 -0.00663073  -0.00439739    -0.00370176   0.00272086     0.00785297  -0.00251332
    3    6
 -0.03665589  -0.00051374     0.00000000   0.00000000     0.01746796  -0.00000000
 -0.00000000   0.00000000    -0.01648343   0.00000000    -0.00000000  -0.00000000
  0.03248388  -0.00000000     0.00000000  -0.00000000    -0.03665589   0.00051374
    3    7
  0.00129730  -0.00704931    -0.00000000  -0.00000000    -0.01298274  -0.02408014
 -0.00000000  -0.00000000    -0.01597580   0.00277876    -0.00000000  -0.00000000
 -0.03630696  -0.03495300    -0.00000000  -0.00000000     0.00129730  -0.00704931
    4    1
 -0.00567504  -0.01370075    -0.00820915   0.00340034    -0.00580234  -0.01400808
 -0.01510103   0.00625505    -0.00000000  -0.00000000    -0.01510103   0.00625505
  0.00580234   0.01400808    -0.00820915   0.00340034     0.00567504   0.01370075
    4    2
  0.02105385  -0.00520216     0.02335412   0.00023479    -0.00663073  -0.00439739
  0.00706081  -0.00651324     0.00218403  -0.00125196    -0.00370176   0.00272086
 -0.00318867  -0.00451658    -0.01251743   0.00087179     0.00785297  -0.00251332
    4    3
 -0.02105385  -0.00520216     0.02335412  -0.00023479     0.00663073  -0.00439739
  0.00706081   0.00651324    -0.00218403  -0.00125196    -0.00370176  -0.00272086
  0.00318867  -0.00451658    -0.01251743  -0.00087179    -0.00785297  -0.00251332
    4    4
  0.04238147   0.00000000    -0.00000000   0.00281277    -0.00987047   0.00000000
 -0.00000000  -0.00281277     0.01442520   0.00000000    -0.00000000   0.00281277
 -0.00987047   0.00000000    -0.00000000  -0.00281277     0.04238147  -0.00000000
    4    5
  0.00428641   0.00000000     0.00000000   0.00286863    -0.01082104  -0.00000000
  0.00000000   0.00286863    -0.00255085  -0.00000000    -0.00000000  -0.00286863
 -0.01082104  -0.00000000    -0.00000000  -0.00286863     0.00428641   0.00000000
    4    6
  0.00785297   0.00251332    -0.01251743  -0.00087179    -0.00318867   0.00451658
 -0.00370176  -0.00272086     0.00218403   0.00125196     0.00706081   0.00651324
 -0.00663073   0.00439739     0.02335412  -0.00023479     0.02105385   0.00520216
    4    7
 -0.00785297   0.00251332    -0.01251743   0.00087179     0.00318867   0.00451658
 -0.00370176   0.00272086    -0.00218403   0.00125196     0.00706081  -0.00651324
  0.00663073   0.00439739     0.02335412   0.00023479    -0.02105385   0.00520216
    5    1
  0.00567504   0.01370075    -0.00820915   0.00340034     0.00580234   0.01400808
 -0.01510103   0.00625505    -0.00000000  -0.00000000    -0.01510103   0.00625505
 -0.00580234  -0.01400808    -0.00820915   0.00340034    -0.00567504  -0.01370075
    5    2
 -0.02105385   0.00520216     0.02335412   0.00023479     0.00663073   0.00439739
  0.00706081  -0.00651324    -0.00218403   0.00125196    -0.00370176   0.00272086
  0.00318867   0.00451658    -0.01251743   0.00087179    -0.00785297   0.00251332
    5    3
  0.02105385   0.00520216     0.02335412  -0.00023479    -0.00663073   0.00439739
  0.00706081   0.00651324     0.00218403   0.00125196    -0.00370176  -0.00272086
 -0.00318867   0.00451658    -0.01251743  -0.00087179     0.00785297   0.00251332
    5    4
  0.00428641  -0.00000000    -0.00000000  -0.00286863    -0.01082104   0.00000000
  0.00000000  -0.00286863    -0.00255085   0.00000000     0.00000000   0.00286863
 -0.01082104   0.00000000     0.00000000   0.00286863     0.00428641  -0.00000000
    5    5
  0.04238147  -0.00000000     0.00000000  -0.00281277    -0.00987047   0.00000000
  0.00000000   0.00281277     0.01442520  -0.00000000    -0.00000000  -0.00281277
 -0.00987047   0.00000000    -0.00000000   0.00281277     0.04238147   0.00000000
    5    6
 -0.00785297  -0.00251332    -0.01251743  -0.00087179     0.00318867  -0.00451658
 -0.00370176  -0.00272086    -0.00218403  -0.00125196     0.00706081   0.00651324
  0.00663073  -0.00439739     0.02335412  -0.00023479    -0.02105385  -0.00520216
    5    7
  0.00785297  -0.00251332    -0.01251743   0.00087179    -0.00318867  -0.00451658
 -0.00370176   0.00272086     0.00218403  -0.00125196     0.00706081  -0.00651324
 -0.00663073  -0.00439739     0.02335412   0.00023479     0.02105385  -0.00520216
    6    1
  0.02337736  -0.01846409     0.00000000   0.00000000    -0.02152694  -0.02456254
 -0.00000000   0.00000000    -0.00627483   0.00344439     0.00000000  -0.00000000
  0.01460320   0.04284075     0.00000000  -0.00000000    -0.02307976   0.02723916
    6    2
  0.00129730  -0.00704931    -0.00000000  -0.00000000    -0.03630696  -0.03495300
 -0.00000000  -0.00000000    -0.01597580   0.00277876    -0.00000000  -0.00000000
 -0.01298274  -0.02408014    -0.00000000  -0.00000000     0.00129730  -0.00704931
    6    3
 -0.03665589   0.00051374     0.00000000  -0.00000000     0.03248388   0.00000000
  0.00000000  -0.00000000    -0.01648343  -0.00000000     0.00000000   0.00000000
  0.01746796   0.00000000     0.00000000   0.00000000    -0.03665589  -0.00051374
    6    4
  0.00785297  -0.00251332    -0.00370176   0.00272086    -0.00663073  -0.00439739
 -0.01251743   0.00087179     0.00218403  -0.00125196     0.02335412   0.00023479
 -0.00318867  -0.00451658     0.00706081  -0.00651324     0.02105385  -0.00520216
    6    5
 -0.00785297   0.00251332    -0.00370176   0.00272086     0.00663073   0.00439739
 -0.01251743   0.00087179    -0.00218403   0.00125196     0.02335412   0.00023479
  0.00318867   0.00451658     0.00706081  -0.00651324    -0.02105385   0.00520216
    6    6
  0.06422175  -0.00000000     0.00000000   0.00000000    -0.01057495  -0.00764786
  0.00000000  -0.00000000     0.03127720   0.00000000    -0.00000000   0.00000000
 -0.01057495   0.00764786    -0.00000000   0.00000000     0.06216021   0.00000000
    6    7
 -0.01742090  -0.01524528    -0.00000000   0.00000000     0.01585840   0.01604112
 -0.00000000   0.00000000     0.02494663   0.00024998     0.00000000   0.00000000
  0.01585840   0.01604112     0.00000000   0.00000000    -0.01365095   0.00833837
    7    1
  0.02958637  -0.00347421     0.00000000   0.00000000     0.00214650   0.03259018
  0.00000000  -0.00000000    -0.00687252   0.00200142    -0.00000000   0.00000000
 -0.01996697  -0.04061900    -0.00000000  -0.00000000    -0.03558085  -0.00294114
    7    2
 -0.03665589  -0.00051374    -0.00000000   0.00000000     0.03248388   0.00000000
 -0.00000000   0.00000000    -0.01648343  -0.00000000     0.00000000  -0.00000000
  0.01746796   0.00000000     0.00000000  -0.00000000    -0.03665589   0.00051374
    7    3
  0.00129730   0.00704931    -0.00000000   0.00000000    -0.03630696   0.03495300
 -0.00000000   0.00000000    -0.01597580  -0.00277876    -0.00000000   0.00000000
 -0.01298274   0.02408014    -0.00000000   0.00000000     0.00129730   0.00704931
    7    4
 -0.00785297  -0.00251332    -0.00370176  -0.00272086     0.00663073  -0.00439739
 -0.01251743  -0.00087179    -0.00218403  -0.00125196     0.02335412  -0.00023479
  0.00318867  -0.00451658     0.00706081   0.00651324    -0.02105385  -0.00520216
    7    5
  0.00785297   0.00251332    -0.00370176  -0.00272086    -0.00663073   0.00439739
 -0.01251743  -0.00087179     0.00218403   0.00125196     0.02335412  -0.00023479
 -0.00318867   0.00451658     0.00706081   0.00651324     0.02105385   0.00520216
    7    6
 -0.01742090   0.01524528    -0.00000000  -0.00000000     0.01585840  -0.01604112
 -0.00000000  -0.00000000     0.02494663  -0.00024998     0.00000000  -0.00000000
  0.01585840  -0.01604112     0.00000000  -0.00000000    -0.01365095  -0.00833837
    7    7
  0.06422175  -0.00000000     0.00000000  -0.00000000    -0.01057495   0.00764786
  0.00000000   0.00000000     0.03127720  -0.00000000    -0.00000000   0.00000000
 -0.01057495  -0.00764786    -0.00000000   0.00000000     0.06216021  -0.00000000

     Dynamical  Matrix in cartesian axes

     q = (   -0.324759500   0.866025400  -0.324759500 ) 

    1    1
  0.16108513  -0.00000000    -0.00000000   0.00000000    -0.01607075  -0.00000000
  0.00000000   0.00000000     0.02378384  -0.00000000    -0.00000000   0.00000000
 -0.01607075  -0.00000000    -0.00000000   0.00000000     0.16108513  -0.00000000
    1    2
 -0.03558085  -0.00294113     0.00000000  -0.00000000     0.00214650   0.03259018
  0.00000000   0.00000000    -0.00687252   0.00200142    -0.00000000   0.00000000
 -0.01996698  -0.04061900    -0.00000000  -0.00000000     0.02958637  -0.00347421
    1    3
 -0.02307976   0.02723916     0.00000000   0.00000000    -0.02152694  -0.02456254
  0.00000000  -0.00000000    -0.00627483   0.00344439    -0.00000000   0.00000000
  0.01460319   0.04284075    -0.00000000   0.00000000     0.02337736  -0.01846409
    1    4
 -0.00567504  -0.01370075    -0.01510103   0.00625505     0.00580234   0.01400808
 -0.00820915   0.00340034    -0.00000000  -0.00000000    -0.00820915   0.00340034
 -0.00580234  -0.01400808    -0.01510103   0.00625505     0.00567504   0.01370075
    1    5
  0.00567504   0.01370075    -0.01510103   0.00625505    -0.00580234  -0.01400808
 -0.00820915   0.00340034    -0.00000000  -0.00000000    -0.00820915   0.00340034
  0.00580234   0.01400808    -0.01510103   0.00625505    -0.00567504  -0.01370075
    1    6
  0.02337736  -0.01846409    -0.00000000   0.00000000     0.01460319   0.04284075
 -0.00000000   0.00000000    -0.00627483   0.00344439     0.00000000  -0.00000000
 -0.02152694  -0.02456254     0.00000000   0.00000000    -0.02307976   0.02723916
    1    7
  0.02958637  -0.00347421    -0.00000000   0.00000000    -0.01996698  -0.04061900
 -0.00000000  -0.00000000    -0.00687252   0.00200142     0.00000000   0.00000000
