  3.500000000000000E-002   1.26001304832687        2.38111420361614     
          12

     Dynamical  Matrix in cartesian axes

     q = (    0.108253200   0.108253200   0.000000000 ) 

    1    1
  0.04921308   0.00000000     0.03836958   0.00000000    -0.00000000   0.00000000
  0.03836958   0.00000000     0.04921308   0.00000000    -0.00000000   0.00000000
 -0.00000000   0.00000000    -0.00000000   0.00000000     0.00991293   0.00000000
    1    2
 -0.00907936   0.01330300    -0.00033302   0.00743971     0.00000000   0.00000000
 -0.00727615   0.01282177    -0.00028064   0.00715176     0.00000000   0.00000000
  0.00000000   0.00000000     0.00000000   0.00000000    -0.00303433  -0.00788805
    1    3
 -0.01582672  -0.00298656    -0.00549615  -0.00502518    -0.00000000  -0.00000000
 -0.01421138  -0.00392134    -0.00525550  -0.00485862    -0.00000000  -0.00000000
 -0.00000000  -0.00000000    -0.00000000  -0.00000000     0.00343210   0.00772329
    1    4
 -0.00525550  -0.00485862    -0.01421138  -0.00392134    -0.00000000  -0.00000000
 -0.00549615  -0.00502518    -0.01582672  -0.00298656    -0.00000000  -0.00000000
 -0.00000000  -0.00000000    -0.00000000  -0.00000000     0.00343210   0.00772329
    1    5
 -0.00028064   0.00715176    -0.00727615   0.01282177     0.00000000   0.00000000
 -0.00033302   0.00743971    -0.00907936   0.01330300     0.00000000   0.00000000
  0.00000000   0.00000000     0.00000000   0.00000000    -0.00303433  -0.00788805
    1    6
  0.00347109  -0.00143777     0.00322544  -0.00133602     0.00004923   0.00011886
  0.00322544  -0.00133602     0.00347109  -0.00143777    -0.00004923  -0.00011886
  0.00296168   0.00715013    -0.00296168  -0.00715013    -0.00347278   0.00143847
    1    7
  0.00347109  -0.00143777     0.00322544  -0.00133602    -0.00004923  -0.00011886
  0.00322544  -0.00133602     0.00347109  -0.00143777     0.00004923   0.00011886
 -0.00296168  -0.00715013     0.00296168   0.00715013    -0.00347278   0.00143847
    2    1
 -0.00907936  -0.01330300    -0.00727615  -0.01282177     0.00000000  -0.00000000
 -0.00033302  -0.00743971    -0.00028064  -0.00715176     0.00000000   0.00000000
  0.00000000  -0.00000000     0.00000000   0.00000000    -0.00303433   0.00788805
    2    2
  0.03521825   0.00000000     0.00461011  -0.01213827    -0.00000000  -0.00000000
  0.00461011   0.01213827     0.08087561   0.00000000    -0.00000000  -0.00000000
 -0.00000000   0.00000000    -0.00000000   0.00000000     0.03433864  -0.00000000
    2    3
 -0.00706542   0.00833291     0.00330049   0.01613023     0.00000000   0.00000000
  0.00330049   0.01613023    -0.05925593   0.04600030     0.00000000   0.00000000
  0.00000000  -0.00000000     0.00000000  -0.00000000    -0.03068963   0.00452543
    2    4
  0.00158820   0.01579032    -0.01215429   0.00515507     0.00000000   0.00000000
 -0.05950706   0.04595899     0.00158820   0.01579032     0.00000000  -0.00000000
  0.00000000   0.00000000     0.00000000   0.00000000     0.00406532   0.00290130
    2    5
  0.00287649  -0.01359700     0.02196258   0.00000000    -0.00000000   0.00000000
  0.07859495   0.00000000     0.00287649   0.01359700    -0.00000000   0.00000000
 -0.00000000   0.00000000    -0.00000000   0.00000000    -0.00458176   0.00000000
    2    6
 -0.00485021  -0.00037814    -0.00187436   0.00145614    -0.00384512   0.00336742
 -0.00023179  -0.00406397     0.00059299  -0.00392286     0.00023431   0.00125879
 -0.03280316   0.00259641    -0.00466925  -0.00172350    -0.00136665  -0.00540465
    2    7
 -0.00485021  -0.00037814    -0.00187436   0.00145614     0.00384512  -0.00336742
 -0.00023179  -0.00406397     0.00059299  -0.00392286    -0.00023431  -0.00125879
  0.03280316  -0.00259641     0.00466925   0.00172350    -0.00136665  -0.00540465
    3    1
 -0.01582672   0.00298656    -0.01421138   0.00392134    -0.00000000   0.00000000
 -0.00549615   0.00502518    -0.00525550   0.00485862    -0.00000000   0.00000000
  0.00000000   0.00000000     0.00000000   0.00000000     0.00343210  -0.00772329
    3    2
 -0.00706542  -0.00833291     0.00330049  -0.01613023     0.00000000   0.00000000
  0.00330049  -0.01613023    -0.05925593  -0.04600030     0.00000000   0.00000000
  0.00000000   0.00000000     0.00000000   0.00000000    -0.03068963  -0.00452543
    3    3
  0.03521825  -0.00000000     0.00461011   0.01213827    -0.00000000  -0.00000000
  0.00461011  -0.01213827     0.08087561  -0.00000000    -0.00000000  -0.00000000
 -0.00000000   0.00000000    -0.00000000   0.00000000     0.03433864   0.00000000
    3    4
  0.00287649   0.01359700     0.02196258  -0.00000000    -0.00000000   0.00000000
  0.07859495  -0.00000000     0.00287649  -0.01359700    -0.00000000   0.00000000
 -0.00000000   0.00000000    -0.00000000   0.00000000    -0.00458176  -0.00000000
    3    5
  0.00158820  -0.01579032    -0.01215429  -0.00515507     0.00000000   0.00000000
 -0.05950706  -0.04595899     0.00158820  -0.01579032     0.00000000   0.00000000
  0.00000000   0.00000000     0.00000000   0.00000000     0.00406532  -0.00290130
    3    6
 -0.00485021   0.00037814    -0.00187436  -0.00145614     0.00384512   0.00336742
 -0.00023179   0.00406397     0.00059299   0.00392286    -0.00023431   0.00125879
  0.03280316   0.00259641     0.00466925  -0.00172350    -0.00136665   0.00540465
    3    7
 -0.00485021   0.00037814    -0.00187436  -0.00145614    -0.00384512  -0.00336742
 -0.00023179   0.00406397     0.00059299   0.00392286     0.00023431  -0.00125879
 -0.03280316  -0.00259641    -0.00466925   0.00172350    -0.00136665   0.00540465
    4    1
 -0.00525550   0.00485862    -0.00549615   0.00502518    -0.00000000   0.00000000
 -0.01421138   0.00392134    -0.01582672   0.00298656    -0.00000000   0.00000000
  0.00000000   0.00000000     0.00000000   0.00000000     0.00343210  -0.00772329
    4    2
  0.00158820  -0.01579032    -0.05950706  -0.04595899     0.00000000   0.00000000
 -0.01215429  -0.00515507     0.00158820  -0.01579032     0.00000000   0.00000000
  0.00000000  -0.00000000     0.00000000   0.00000000     0.00406532  -0.00290130
    4    3
  0.00287649  -0.01359700     0.07859495  -0.00000000    -0.00000000   0.00000000
  0.02196258  -0.00000000     0.00287649   0.01359700    -0.00000000   0.00000000
 -0.00000000   0.00000000    -0.00000000   0.00000000    -0.00458176  -0.00000000
    4    4
  0.08087561  -0.00000000     0.00461011  -0.01213827    -0.00000000   0.00000000
  0.00461011   0.01213827     0.03521825  -0.00000000    -0.00000000   0.00000000
 -0.00000000  -0.00000000    -0.00000000  -0.00000000     0.03433864   0.00000000
    4    5
 -0.05925593  -0.04600030     0.00330049  -0.01613023     0.00000000   0.00000000
  0.00330049  -0.01613023    -0.00706542  -0.00833291     0.00000000   0.00000000
  0.00000000   0.00000000     0.00000000   0.00000000    -0.03068963  -0.00452543
    4    6
  0.00059299   0.00392286    -0.00023179   0.00406397     0.00023431  -0.00125879
 -0.00187436  -0.00145614    -0.00485021   0.00037814    -0.00384512  -0.00336742
 -0.00466925   0.00172350    -0.03280316  -0.00259641    -0.00136665   0.00540465
    4    7
  0.00059299   0.00392286    -0.00023179   0.00406397    -0.00023431   0.00125879
 -0.00187436  -0.00145614    -0.00485021   0.00037814     0.00384512   0.00336742
  0.00466925  -0.00172350     0.03280316   0.00259641    -0.00136665   0.00540465
    5    1
 -0.00028064  -0.00715176    -0.00033302  -0.00743971     0.00000000  -0.00000000
 -0.00727615  -0.01282177    -0.00907936  -0.01330300     0.00000000  -0.00000000
  0.00000000  -0.00000000     0.00000000  -0.00000000    -0.00303433   0.00788805
    5    2
  0.00287649   0.01359700     0.07859495   0.00000000    -0.00000000   0.00000000
  0.02196258   0.00000000     0.00287649  -0.01359700    -0.00000000   0.00000000
 -0.00000000   0.00000000    -0.00000000   0.00000000    -0.00458176   0.00000000
    5    3
  0.00158820   0.01579032    -0.05950706   0.04595899     0.00000000   0.00000000
 -0.01215429   0.00515507     0.00158820   0.01579032     0.00000000   0.00000000
  0.00000000  -0.00000000     0.00000000  -0.00000000     0.00406532   0.00290130
    5    4
 -0.05925593   0.04600030     0.00330049   0.01613023     0.00000000   0.00000000
  0.00330049   0.01613023    -0.00706542   0.00833291     0.00000000   0.00000000
  0.00000000  -0.00000000     0.00000000   0.00000000    -0.03068963   0.00452543
    5    5
  0.08087561   0.00000000     0.00461011   0.01213827    -0.00000000   0.00000000
  0.00461011  -0.01213827     0.03521825   0.00000000    -0.00000000   0.00000000
 -0.00000000   0.00000000    -0.00000000   0.00000000     0.03433864  -0.00000000
    5    6
  0.00059299  -0.00392286    -0.00023179  -0.00406397    -0.00023431  -0.00125879
 -0.00187436   0.00145614    -0.00485021  -0.00037814     0.00384512  -0.00336742
  0.00466925   0.00172350     0.03280316  -0.00259641    -0.00136665  -0.00540465
    5    7
  0.00059299  -0.00392286    -0.00023179  -0.00406397     0.00023431   0.00125879
 -0.00187436   0.00145614    -0.00485021  -0.00037814    -0.00384512   0.00336742
 -0.00466925  -0.00172350    -0.03280316   0.00259641    -0.00136665  -0.00540465
    6    1
  0.00347109   0.00143777     0.00322544   0.00133602     0.00296168  -0.00715013
  0.00322544   0.00133602     0.00347109   0.00143777    -0.00296168   0.00715013
  0.00004923  -0.00011886    -0.00004923   0.00011886    -0.00347278  -0.00143847
    6    2
 -0.00485021   0.00037814    -0.00023179   0.00406397    -0.03280316  -0.00259641
 -0.00187436  -0.00145614     0.00059299   0.00392286    -0.00466925   0.00172350
 -0.00384512  -0.00336742     0.00023431  -0.00125879    -0.00136665   0.00540465
    6    3
 -0.00485021  -0.00037814    -0.00023179  -0.00406397     0.03280316  -0.00259641
 -0.00187436   0.00145614     0.00059299  -0.00392286     0.00466925   0.00172350
  0.00384512  -0.00336742    -0.00023431  -0.00125879    -0.00136665  -0.00540465
    6    4
  0.00059299  -0.00392286    -0.00187436   0.00145614    -0.00466925  -0.00172350
 -0.00023179  -0.00406397    -0.00485021  -0.00037814    -0.03280316   0.00259641
  0.00023431   0.00125879    -0.00384512   0.00336742    -0.00136665  -0.00540465
    6    5
  0.00059299   0.00392286    -0.00187436  -0.00145614     0.00466925  -0.00172350
 -0.00023179   0.00406397    -0.00485021   0.00037814     0.03280316   0.00259641
 -0.00023431   0.00125879     0.00384512   0.00336742    -0.00136665   0.00540465
    6    6
  0.03858389   0.00000000     0.00698030  -0.00000000    -0.00000000   0.00356878
  0.00698030   0.00000000     0.03858389  -0.00000000    -0.00000000  -0.00356878
 -0.00000000  -0.00356878     0.00000000   0.00356878     0.01358353  -0.00000000
    6    7
 -0.03103834  -0.00000000    -0.00397381  -0.00000000     0.00000000   0.00777328
 -0.00397381  -0.00000000    -0.03103834   0.00000000     0.00000000  -0.00777328
 -0.00000000   0.00777328     0.00000000  -0.00777328    -0.00356729   0.00000000
    7    1
  0.00347109   0.00143777     0.00322544   0.00133602    -0.00296168   0.00715013
  0.00322544   0.00133602     0.00347109   0.00143777     0.00296168  -0.00715013
 -0.00004923   0.00011886     0.00004923  -0.00011886    -0.00347278  -0.00143847
    7    2
 -0.00485021   0.00037814    -0.00023179   0.00406397     0.03280316   0.00259641
 -0.00187436  -0.00145614     0.00059299   0.00392286     0.00466925  -0.00172350
  0.00384512   0.00336742    -0.00023431   0.00125879    -0.00136665   0.00540465
    7    3
 -0.00485021  -0.00037814    -0.00023179  -0.00406397    -0.03280316   0.00259641
 -0.00187436   0.00145614     0.00059299  -0.00392286    -0.00466925  -0.00172350
 -0.00384512   0.00336742     0.00023431   0.00125879    -0.00136665  -0.00540465
    7    4
  0.00059299  -0.00392286    -0.00187436   0.00145614     0.00466925   0.00172350
 -0.00023179  -0.00406397    -0.00485021  -0.00037814     0.03280316  -0.00259641
 -0.00023431  -0.00125879     0.00384512  -0.00336742    -0.00136665  -0.00540465
    7    5
  0.00059299   0.00392286    -0.00187436  -0.00145614    -0.00466925   0.00172350
 -0.00023179   0.00406397    -0.00485021   0.00037814    -0.03280316  -0.00259641
  0.00023431  -0.00125879    -0.00384512  -0.00336742    -0.00136665   0.00540465
    7    6
 -0.03103834   0.00000000    -0.00397381  -0.00000000     0.00000000  -0.00777328
 -0.00397381   0.00000000    -0.03103834  -0.00000000     0.00000000   0.00777328
 -0.00000000  -0.00777328     0.00000000   0.00777328    -0.00356729   0.00000000
    7    7
  0.03858389  -0.00000000     0.00698030   0.00000000    -0.00000000  -0.00356878
  0.00698030   0.00000000     0.03858389   0.00000000    -0.00000000   0.00356878
 -0.00000000   0.00356878     0.00000000  -0.00356878     0.01358353   0.00000000

     Dynamical  Matrix in cartesian axes

     q = (   -0.108253200  -0.108253200   0.000000000 ) 

    1    1
  0.04921308   0.00000000     0.03836958   0.00000000    -0.00000000   0.00000000
  0.03836958   0.00000000     0.04921308   0.00000000    -0.00000000   0.00000000
 -0.00000000   0.00000000    -0.00000000   0.00000000     0.00991293   0.00000000
    1    2
 -0.00907936  -0.01330300    -0.00033302  -0.00743971     0.00000000  -0.00000000
 -0.00727615  -0.01282177    -0.00028064  -0.00715176     0.00000000  -0.00000000
  0.00000000  -0.00000000     0.00000000  -0.00000000    -0.00303433   0.00788805
    1    3
 -0.01582672   0.00298656    -0.00549615   0.00502518     0.00000000   0.00000000
 -0.01421138   0.00392134    -0.00525550   0.00485862     0.00000000   0.00000000
 -0.00000000   0.00000000    -0.00000000   0.00000000     0.00343210  -0.00772329
    1    4
 -0.00525550   0.00485862    -0.01421138   0.00392134    -0.00000000   0.00000000
 -0.00549615   0.00502518    -0.01582672   0.00298656    -0.00000000   0.00000000
 -0.00000000   0.00000000    -0.00000000   0.00000000     0.00343210  -0.00772329
    1    5
 -0.00028064  -0.00715176    -0.00727615  -0.01282177     0.00000000  -0.00000000
 -0.00033302  -0.00743971    -0.00907936  -0.01330300     0.00000000  -0.00000000
  0.00000000  -0.00000000     0.00000000  -0.00000000    -0.00303433   0.00788805
    1    6
  0.00347109   0.00143777     0.00322544   0.00133602     0.00004923  -0.00011886
  0.00322544   0.00133602     0.00347109   0.00143777    -0.00004923   0.00011886
  0.00296168  -0.00715013    -0.00296168   0.00715013    -0.00347278  -0.00143847
    1    7
  0.00347109   0.00143777     0.00322544   0.00133602    -0.00004923   0.00011886
  0.00322544   0.00133602     0.00347109   0.00143777     0.00004923  -0.00011886
 -0.00296168   0.00715013     0.00296168  -0.00715013    -0.00347278  -0.00143847
    2    1
 -0.00907936   0.01330300    -0.00727615   0.01282177     0.00000000   0.00000000
 -0.00033302   0.00743971    -0.00028064   0.00715176     0.00000000   0.00000000
  0.00000000   0.00000000     0.00000000   0.00000000    -0.00303433  -0.00788805
    2    2
  0.03521825  -0.00000000     0.00461011   0.01213827    -0.00000000   0.00000000
  0.00461011  -0.01213827     0.08087561  -0.00000000    -0.00000000   0.00000000
 -0.00000000   0.00000000    -0.00000000   0.00000000     0.03433864   0.00000000
    2    3
 -0.00706542  -0.00833291     0.00330049  -0.01613023     0.00000000   0.00000000
  0.00330049  -0.01613023    -0.05925593  -0.04600030     0.00000000   0.00000000
  0.00000000   0.00000000     0.00000000   0.00000000    -0.03068963  -0.00452543
    2    4
  0.00158820  -0.01579032    -0.01215429  -0.00515507     0.00000000   0.00000000
 -0.05950706  -0.04595899     0.00158820  -0.01579032     0.00000000   0.00000000
  0.00000000   0.00000000     0.00000000   0.00000000     0.00406532  -0.00290130
    2    5
  0.00287649   0.01359700     0.02196258  -0.00000000    -0.00000000   0.00000000
  0.07859495  -0.00000000     0.00287649  -0.01359700    -0.00000000   0.00000000
 -0.00000000   0.00000000    -0.00000000   0.00000000    -0.00458176  -0.00000000
    2    6
 -0.00485021   0.00037814    -0.00187436  -0.00145614    -0.00384512  -0.00336742
 -0.00023179   0.00406397     0.00059299   0.00392286     0.00023431  -0.00125879
 -0.03280316  -0.00259641    -0.00466925   0.00172350    -0.00136665   0.00540465
    2    7
 -0.00485021   0.00037814    -0.00187436  -0.00145614     0.00384512   0.00336742
 -0.00023179   0.00406397     0.00059299   0.00392286    -0.00023431   0.00125879
  0.03280316   0.00259641     0.00466925  -0.00172350    -0.00136665   0.00540465
    3    1
 -0.01582672  -0.00298656    -0.01421138  -0.00392134    -0.00000000  -0.00000000
 -0.00549615  -0.00502518    -0.00525550  -0.00485862    -0.00000000  -0.00000000
  0.00000000  -0.00000000     0.00000000  -0.00000000     0.00343210   0.00772329
    3    2
 -0.00706542   0.00833291     0.00330049   0.01613023     0.00000000   0.00000000
  0.00330049   0.01613023    -0.05925593   0.04600030     0.00000000   0.00000000
  0.00000000   0.00000000     0.00000000   0.00000000    -0.03068963   0.00452543
    3    3
  0.03521825   0.00000000     0.00461011  -0.01213827    -0.00000000   0.00000000
  0.00461011   0.01213827     0.08087561   0.00000000    -0.00000000   0.00000000
 -0.00000000   0.00000000    -0.00000000   0.00000000     0.03433864  -0.00000000
    3    4
  0.00287649  -0.01359700     0.02196258   0.00000000    -0.00000000   0.00000000
  0.07859495   0.00000000     0.00287649   0.01359700    -0.00000000   0.00000000
 -0.00000000   0.00000000    -0.00000000   0.00000000    -0.00458176   0.00000000
    3    5
  0.00158820   0.01579032    -0.01215429   0.00515507     0.00000000  -0.00000000
 -0.05950706   0.04595899     0.00158820   0.01579032     0.00000000   0.00000000
  0.00000000  -0.00000000     0.00000000  -0.00000000     0.00406532   0.00290130
    3    6
 -0.00485021  -0.00037814    -0.00187436   0.00145614     0.00384512  -0.00336742
 -0.00023179  -0.00406397     0.00059299  -0.00392286    -0.00023431  -0.00125879
  0.03280316  -0.00259641     0.00466925   0.00172350    -0.00136665  -0.00540465
    3    7
 -0.00485021  -0.00037814    -0.00187436   0.00145614    -0.00384512   0.00336742
 -0.00023179  -0.00406397     0.00059299  -0.00392286     0.00023431   0.00125879
 -0.03280316   0.00259641    -0.00466925  -0.00172350    -0.00136665  -0.00540465
    4    1
 -0.00525550  -0.00485862    -0.00549615  -0.00502518    -0.00000000  -0.00000000
 -0.01421138  -0.00392134    -0.01582672  -0.00298656    -0.00000000  -0.00000000
 -0.00000000  -0.00000000    -0.00000000  -0.00000000     0.00343210   0.00772329
    4    2
  0.00158820   0.01579032    -0.05950706   0.04595899     0.00000000   0.00000000
 -0.01215429   0.00515507     0.00158820   0.01579032     0.00000000  -0.00000000
  0.00000000   0.00000000     0.00000000   0.00000000     0.00406532   0.00290130
    4    3
  0.00287649   0.01359700     0.07859495   0.00000000    -0.00000000   0.00000000
  0.02196258   0.00000000     0.00287649  -0.01359700    -0.00000000   0.00000000
 -0.00000000   0.00000000    -0.00000000   0.00000000    -0.00458176   0.00000000
    4    4
  0.08087561   0.00000000     0.00461011   0.01213827    -0.00000000   0.00000000
  0.00461011  -0.01213827     0.03521825   0.00000000    -0.00000000   0.00000000
 -0.00000000   0.00000000    -0.00000000   0.00000000     0.03433864  -0.00000000
    4    5
 -0.05925593   0.04600030     0.00330049   0.01613023     0.00000000  -0.00000000
  0.00330049   0.01613023    -0.00706542   0.00833291     0.00000000  -0.00000000
  0.00000000  -0.00000000     0.00000000  -0.00000000    -0.03068963   0.00452543
    4    6
  0.00059299  -0.00392286    -0.00023179  -0.00406397     0.00023431   0.00125879
 -0.00187436   0.00145614    -0.00485021  -0.00037814    -0.00384512   0.00336742
 -0.00466925  -0.00172350    -0.03280316   0.00259641    -0.00136665  -0.00540465
    4    7
  0.00059299  -0.00392286    -0.00023179  -0.00406397    -0.00023431  -0.00125879
 -0.00187436   0.00145614    -0.00485021  -0.00037814     0.00384512  -0.00336742
  0.00466925   0.00172350     0.03280316  -0.00259641    -0.00136665  -0.00540465
    5    1
 -0.00028064   0.00715176    -0.00033302   0.00743971     0.00000000   0.00000000
 -0.00727615   0.01282177    -0.00907936   0.01330300     0.00000000   0.00000000
  0.00000000   0.00000000     0.00000000   0.00000000    -0.00303433  -0.00788805
    5    2
  0.00287649  -0.01359700     0.07859495  -0.00000000    -0.00000000   0.00000000
  0.02196258  -0.00000000     0.00287649   0.01359700    -0.00000000   0.00000000
 -0.00000000   0.00000000    -0.00000000   0.00000000    -0.00458176  -0.00000000
    5    3
  0.00158820  -0.01579032    -0.05950706  -0.04595899     0.00000000   0.00000000
 -0.01215429  -0.00515507     0.00158820  -0.01579032     0.00000000   0.00000000
  0.00000000   0.00000000     0.00000000   0.00000000     0.00406532  -0.00290130
    5    4
 -0.05925593  -0.04600030     0.00330049  -0.01613023     0.00000000   0.00000000
  0.00330049  -0.01613023    -0.00706542  -0.00833291     0.00000000   0.00000000
  0.00000000   0.00000000     0.00000000   0.00000000    -0.03068963  -0.00452543
    5    5
  0.08087561  -0.00000000     0.00461011  -0.01213827    -0.00000000   0.00000000
  0.00461011   0.01213827     0.03521825  -0.00000000    -0.00000000   0.00000000
 -0.00000000   0.00000000    -0.00000000   0.00000000     0.03433864   0.00000000
    5    6
  0.00059299   0.00392286    -0.00023179   0.00406397    -0.00023431   0.00125879
 -0.00187436  -0.00145614    -0.00485021   0.00037814     0.00384512   0.00336742
  0.00466925  -0.00172350     0.03280316   0.00259641    -0.00136665   0.00540465
    5    7
  0.00059299   0.00392286    -0.00023179   0.00406397     0.00023431  -0.00125879
 -0.00187436  -0.00145614    -0.00485021   0.00037814    -0.00384512  -0.00336742
 -0.00466925   0.00172350    -0.03280316  -0.00259641    -0.00136665   0.00540465
    6    1
  0.00347109  -0.00143777     0.00322544  -0.00133602     0.00296168   0.00715013
  0.00322544  -0.00133602     0.00347109  -0.00143777    -0.00296168  -0.00715013
  0.00004923   0.00011886    -0.00004923  -0.00011886    -0.00347278   0.00143847
    6    2
 -0.00485021  -0.00037814    -0.00023179  -0.00406397    -0.03280316   0.00259641
 -0.00187436   0.00145614     0.00059299  -0.00392286    -0.00466925  -0.00172350
 -0.00384512   0.00336742     0.00023431   0.00125879    -0.00136665  -0.00540465
    6    3
 -0.00485021   0.00037814    -0.00023179   0.00406397     0.03280316   0.00259641
 -0.00187436  -0.00145614     0.00059299   0.00392286     0.00466925  -0.00172350
  0.00384512   0.00336742    -0.00023431   0.00125879    -0.00136665   0.00540465
    6    4
  0.00059299   0.00392286    -0.00187436  -0.00145614    -0.00466925   0.00172350
 -0.00023179   0.00406397    -0.00485021   0.00037814    -0.03280316  -0.00259641
  0.00023431  -0.00125879    -0.00384512  -0.00336742    -0.00136665   0.00540465
    6    5
  0.00059299  -0.00392286    -0.00187436   0.00145614     0.00466925   0.00172350
 -0.00023179  -0.00406397    -0.00485021  -0.00037814     0.03280316  -0.00259641
 -0.00023431  -0.00125879     0.00384512  -0.00336742    -0.00136665  -0.00540465
    6    6
  0.03858389  -0.00000000     0.00698030   0.00000000    -0.00000000  -0.00356878
  0.00698030  -0.00000000     0.03858389   0.00000000    -0.00000000   0.00356878
 -0.00000000   0.00356878     0.00000000  -0.00356878     0.01358353   0.00000000
    6    7
 -0.03103834   0.00000000    -0.00397381  -0.00000000     0.00000000  -0.00777328
 -0.00397381   0.00000000    -0.03103834  -0.00000000     0.00000000   0.00777328
 -0.00000000  -0.00777328     0.00000000   0.00777328    -0.00356729   0.00000000
    7    1
  0.00347109  -0.00143777     0.00322544  -0.00133602    -0.00296168  -0.00715013
  0.00322544  -0.00133602     0.00347109  -0.00143777     0.00296168   0.00715013
 -0.00004923  -0.00011886     0.00004923   0.00011886    -0.00347278   0.00143847
    7    2
 -0.00485021  -0.00037814    -0.00023179  -0.00406397     0.03280316  -0.00259641
 -0.00187436   0.00145614     0.00059299  -0.00392286     0.00466925   0.00172350
  0.00384512  -0.00336742    -0.00023431  -0.00125879    -0.00136665  -0.00540465
    7    3
 -0.00485021   0.00037814    -0.00023179   0.00406397    -0.03280316  -0.00259641
 -0.00187436  -0.00145614     0.00059299   0.00392286    -0.00466925   0.00172350
 -0.00384512  -0.00336742     0.00023431  -0.00125879    -0.00136665   0.00540465
    7    4
  0.00059299   0.00392286    -0.00187436  -0.00145614     0.00466925  -0.00172350
 -0.00023179   0.00406397    -0.00485021   0.00037814     0.03280316   0.00259641
 -0.00023431   0.00125879     0.00384512   0.00336742    -0.00136665   0.00540465
    7    5
  0.00059299  -0.00392286    -0.00187436   0.00145614    -0.00466925  -0.00172350
 -0.00023179  -0.00406397    -0.00485021  -0.00037814    -0.03280316   0.00259641
  0.00023431   0.00125879    -0.00384512   0.00336742    -0.00136665  -0.00540465
    7    6
 -0.03103834  -0.00000000    -0.00397381   0.00000000     0.00000000   0.00777328
 -0.00397381  -0.00000000    -0.03103834   0.00000000     0.00000000  -0.00777328
 -0.00000000   0.00777328     0.00000000  -0.00777328    -0.00356729   0.00000000
    7    7
  0.03858389   0.00000000     0.00698030  -0.00000000    -0.00000000   0.00356878
  0.00698030   0.00000000     0.03858389  -0.00000000    -0.00000000  -0.00356878
 -0.00000000  -0.00356878     0.00000000   0.00356878     0.01358353  -0.00000000

     Dynamical  Matrix in cartesian axes

     q = (    0.108253200  -0.108253200   0.000000000 ) 

    1    1
  0.04921308   0.00000000    -0.03836958  -0.00000000    -0.00000000   0.00000000
 -0.03836958  -0.00000000     0.04921308   0.00000000    -0.00000000   0.00000000
 -0.00000000   0.00000000    -0.00000000   0.00000000     0.00991293   0.00000000
    1    2
 -0.00907936   0.01330300     0.00033302  -0.00743971     0.00000000  -0.00000000
  0.00727615  -0.01282177    -0.00028064   0.00715176     0.00000000  -0.00000000
  0.00000000   0.00000000     0.00000000   0.00000000    -0.00303433  -0.00788805
    1    3
 -0.00907936  -0.01330300     0.00033302   0.00743971     0.00000000   0.00000000
  0.00727615   0.01282177    -0.00028064  -0.00715176     0.00000000   0.00000000
  0.00000000  -0.00000000     0.00000000   0.00000000    -0.00303433   0.00788805
    1    4
 -0.00028064   0.00715176     0.00727615  -0.01282177     0.00000000  -0.00000000
  0.00033302  -0.00743971    -0.00907936   0.01330300     0.00000000  -0.00000000
  0.00000000  -0.00000000     0.00000000   0.00000000    -0.00303433  -0.00788805
    1    5
 -0.00028064  -0.00715176     0.00727615   0.01282177     0.00000000   0.00000000
  0.00033302   0.00743971    -0.00907936  -0.01330300     0.00000000   0.00000000
  0.00000000   0.00000000     0.00000000  -0.00000000    -0.00303433   0.00788805
    1    6
  0.00347109   0.00143777    -0.00322544  -0.00133602    -0.00004923   0.00011886
 -0.00322544  -0.00133602     0.00347109   0.00143777    -0.00004923   0.00011886
 -0.00296168   0.00715013    -0.00296168   0.00715013    -0.00347278  -0.00143847
    1    7
  0.00347109  -0.00143777    -0.00322544   0.00133602    -0.00004923  -0.00011886
 -0.00322544   0.00133602     0.00347109  -0.00143777    -0.00004923  -0.00011886
 -0.00296168  -0.00715013    -0.00296168  -0.00715013    -0.00347278   0.00143847
    2    1
 -0.00907936  -0.01330300     0.00727615   0.01282177     0.00000000  -0.00000000
  0.00033302   0.00743971    -0.00028064  -0.00715176     0.00000000  -0.00000000
  0.00000000  -0.00000000     0.00000000  -0.00000000    -0.00303433   0.00788805
    2    2
  0.03521825   0.00000000    -0.00461011   0.01213827     0.00000000   0.00000000
 -0.00461011  -0.01213827     0.08087561   0.00000000     0.00000000   0.00000000
  0.00000000   0.00000000     0.00000000   0.00000000     0.03433864  -0.00000000
    2    3
 -0.01088826   0.00089625     0.00907200  -0.01373960     0.00000000   0.00000000
  0.00907200  -0.01373960    -0.07442739  -0.00937316     0.00000000   0.00000000
  0.00000000   0.00000000     0.00000000   0.00000000    -0.02490080  -0.01850089
    2    4
  0.00287649  -0.01359700    -0.02196258  -0.00000000     0.00000000   0.00000000
 -0.07859495  -0.00000000     0.00287649   0.01359700    -0.00000000   0.00000000
 -0.00000000   0.00000000     0.00000000   0.00000000    -0.00458176   0.00000000
    2    5
 -0.01004241   0.01228846     0.01223957   0.00494920     0.00000000  -0.00000000
  0.07457575   0.00957995    -0.01004241   0.01228846     0.00000000  -0.00000000
 -0.00000000   0.00000000     0.00000000   0.00000000     0.00082309   0.00492615
    2    6
 -0.00316223  -0.00369700     0.00235502   0.00029572    -0.00510003  -0.00033779
 -0.00270976   0.00303756     0.00319319  -0.00235457     0.00072442  -0.00105579
 -0.02503127  -0.02135940     0.00208295   0.00452036     0.00285530  -0.00478803
    2    7
 -0.00485021  -0.00037814     0.00187436  -0.00145614     0.00384512  -0.00336742
  0.00023179   0.00406397     0.00059299  -0.00392286     0.00023431   0.00125879
  0.03280316  -0.00259641    -0.00466925  -0.00172350    -0.00136665  -0.00540465
    3    1
 -0.00907936   0.01330300     0.00727615  -0.01282177     0.00000000   0.00000000
  0.00033302  -0.00743971    -0.00028064   0.00715176     0.00000000   0.00000000
  0.00000000   0.00000000    -0.00000000   0.00000000    -0.00303433  -0.00788805
    3    2
 -0.01088826  -0.00089625     0.00907200   0.01373960     0.00000000  -0.00000000
  0.00907200   0.01373960    -0.07442739   0.00937316     0.00000000  -0.00000000
  0.00000000  -0.00000000     0.00000000  -0.00000000    -0.02490080   0.01850089
    3    3
  0.03521825  -0.00000000    -0.00461011  -0.01213827    -0.00000000   0.00000000
 -0.00461011   0.01213827     0.08087561  -0.00000000    -0.00000000   0.00000000
 -0.00000000   0.00000000     0.00000000   0.00000000     0.03433864   0.00000000
    3    4
 -0.01004241  -0.01228846     0.01223957  -0.00494920    -0.00000000   0.00000000
  0.07457575  -0.00957995    -0.01004241  -0.01228846     0.00000000   0.00000000
  0.00000000   0.00000000     0.00000000   0.00000000     0.00082309  -0.00492615
    3    5
  0.00287649   0.01359700    -0.02196258  -0.00000000     0.00000000  -0.00000000
 -0.07859495  -0.00000000     0.00287649  -0.01359700     0.00000000  -0.00000000
  0.00000000   0.00000000     0.00000000   0.00000000    -0.00458176  -0.00000000
    3    6
 -0.00485021   0.00037814     0.00187436   0.00145614     0.00384512   0.00336742
  0.00023179  -0.00406397     0.00059299   0.00392286     0.00023431  -0.00125879
  0.03280316   0.00259641    -0.00466925   0.00172350    -0.00136665   0.00540465
    3    7
 -0.00316223   0.00369700     0.00235502  -0.00029572    -0.00510003   0.00033779
 -0.00270976  -0.00303756     0.00319319   0.00235457     0.00072442   0.00105579
 -0.02503127   0.02135940     0.00208295  -0.00452036     0.00285530   0.00478803
    4    1
 -0.00028064  -0.00715176     0.00033302   0.00743971     0.00000000  -0.00000000
  0.00727615   0.01282177    -0.00907936  -0.01330300     0.00000000  -0.00000000
  0.00000000  -0.00000000     0.00000000  -0.00000000    -0.00303433   0.00788805
    4    2
  0.00287649   0.01359700    -0.07859495   0.00000000     0.00000000   0.00000000
 -0.02196258   0.00000000     0.00287649  -0.01359700     0.00000000   0.00000000
  0.00000000   0.00000000     0.00000000   0.00000000    -0.00458176   0.00000000
    4    3
 -0.01004241   0.01228846     0.07457575   0.00957995     0.00000000  -0.00000000
  0.01223957   0.00494920    -0.01004241   0.01228846     0.00000000  -0.00000000
  0.00000000  -0.00000000     0.00000000  -0.00000000     0.00082309   0.00492615
    4    4
  0.08087561   0.00000000    -0.00461011  -0.01213827    -0.00000000   0.00000000
 -0.00461011   0.01213827     0.03521825   0.00000000    -0.00000000   0.00000000
 -0.00000000   0.00000000    -0.00000000   0.00000000     0.03433864  -0.00000000
    4    5
 -0.07442739  -0.00937316     0.00907200  -0.01373960     0.00000000   0.00000000
  0.00907200  -0.01373960    -0.01088826   0.00089625     0.00000000   0.00000000
  0.00000000   0.00000000     0.00000000   0.00000000    -0.02490080  -0.01850089
    4    6
  0.00319319  -0.00235457    -0.00270976   0.00303756     0.00072442  -0.00105579
  0.00235502   0.00029572    -0.00316223  -0.00369700    -0.00510003  -0.00033779
  0.00208295   0.00452036    -0.02503127  -0.02135940     0.00285530  -0.00478803
    4    7
  0.00059299  -0.00392286     0.00023179   0.00406397     0.00023431   0.00125879
  0.00187436  -0.00145614    -0.00485021  -0.00037814     0.00384512  -0.00336742
 -0.00466925  -0.00172350     0.03280316  -0.00259641    -0.00136665  -0.00540465
    5    1
 -0.00028064   0.00715176     0.00033302  -0.00743971     0.00000000   0.00000000
  0.00727615  -0.01282177    -0.00907936   0.01330300     0.00000000   0.00000000
  0.00000000   0.00000000    -0.00000000   0.00000000    -0.00303433  -0.00788805
    5    2
 -0.01004241  -0.01228846     0.07457575  -0.00957995     0.00000000   0.00000000
  0.01223957  -0.00494920    -0.01004241  -0.01228846     0.00000000   0.00000000
  0.00000000   0.00000000     0.00000000   0.00000000     0.00082309  -0.00492615
    5    3
  0.00287649  -0.01359700    -0.07859495   0.00000000     0.00000000  -0.00000000
 -0.02196258   0.00000000     0.00287649   0.01359700     0.00000000  -0.00000000
  0.00000000   0.00000000     0.00000000   0.00000000    -0.00458176  -0.00000000
    5    4
 -0.07442739   0.00937316     0.00907200   0.01373960     0.00000000  -0.00000000
  0.00907200   0.01373960    -0.01088826  -0.00089625     0.00000000  -0.00000000
  0.00000000  -0.00000000     0.00000000  -0.00000000    -0.02490080   0.01850089
    5    5
  0.08087561  -0.00000000    -0.00461011   0.01213827    -0.00000000   0.00000000
 -0.00461011  -0.01213827     0.03521825  -0.00000000    -0.00000000   0.00000000
 -0.00000000   0.00000000    -0.00000000   0.00000000     0.03433864   0.00000000
    5    6
  0.00059299   0.00392286     0.00023179  -0.00406397     0.00023431  -0.00125879
  0.00187436   0.00145614    -0.00485021   0.00037814     0.00384512   0.00336742
 -0.00466925   0.00172350     0.03280316   0.00259641    -0.00136665   0.00540465
    5    7
  0.00319319   0.00235457    -0.00270976  -0.00303756     0.00072442   0.00105579
  0.00235502  -0.00029572    -0.00316223   0.00369700    -0.00510003   0.00033779
  0.00208295  -0.00452036    -0.02503127   0.02135940     0.00285530   0.00478803
    6    1
  0.00347109  -0.00143777    -0.00322544   0.00133602    -0.00296168  -0.00715013
 -0.00322544   0.00133602     0.00347109  -0.00143777    -0.00296168  -0.00715013
 -0.00004923  -0.00011886    -0.00004923  -0.00011886    -0.00347278   0.00143847
    6    2
 -0.00316223   0.00369700    -0.00270976  -0.00303756    -0.02503127   0.02135940
  0.00235502  -0.00029572     0.00319319   0.00235457     0.00208295  -0.00452036
 -0.00510003   0.00033779     0.00072442   0.00105579     0.00285530   0.00478803
    6    3
 -0.00485021  -0.00037814     0.00023179   0.00406397     0.03280316  -0.00259641
  0.00187436  -0.00145614     0.00059299  -0.00392286    -0.00466925  -0.00172350
  0.00384512  -0.00336742     0.00023431   0.00125879    -0.00136665  -0.00540465
    6    4
  0.00319319   0.00235457     0.00235502  -0.00029572     0.00208295  -0.00452036
 -0.00270976  -0.00303756    -0.00316223   0.00369700    -0.02503127   0.02135940
  0.00072442   0.00105579    -0.00510003   0.00033779     0.00285530   0.00478803
    6    5
  0.00059299  -0.00392286     0.00187436  -0.00145614    -0.00466925  -0.00172350
  0.00023179   0.00406397    -0.00485021  -0.00037814     0.03280316  -0.00259641
  0.00023431   0.00125879     0.00384512  -0.00336742    -0.00136665  -0.00540465
    6    6
  0.03858389  -0.00000000    -0.00698030  -0.00000000    -0.00000000   0.00356878
 -0.00698030  -0.00000000     0.03858389  -0.00000000    -0.00000000   0.00356878
 -0.00000000  -0.00356878    -0.00000000  -0.00356878     0.01358353   0.00000000
    6    7
 -0.02194742   0.02194743     0.00280991  -0.00280991     0.00549654   0.00549654
  0.00280991  -0.00280991    -0.02194742   0.02194743     0.00549654   0.00549654
  0.00549654   0.00549654     0.00549654   0.00549654    -0.00252246   0.00252246
    7    1
  0.00347109   0.00143777    -0.00322544  -0.00133602    -0.00296168   0.00715013
 -0.00322544  -0.00133602     0.00347109   0.00143777    -0.00296168   0.00715013
 -0.00004923   0.00011886    -0.00004923   0.00011886    -0.00347278  -0.00143847
    7    2
 -0.00485021   0.00037814     0.00023179  -0.00406397     0.03280316   0.00259641
  0.00187436   0.00145614     0.00059299   0.00392286    -0.00466925   0.00172350
  0.00384512   0.00336742     0.00023431  -0.00125879    -0.00136665   0.00540465
    7    3
 -0.00316223  -0.00369700    -0.00270976   0.00303756    -0.02503127  -0.02135940
  0.00235502   0.00029572     0.00319319  -0.00235457     0.00208295   0.00452036
 -0.00510003  -0.00033779     0.00072442  -0.00105579     0.00285530  -0.00478803
    7    4
  0.00059299   0.00392286     0.00187436   0.00145614    -0.00466925   0.00172350
  0.00023179  -0.00406397    -0.00485021   0.00037814     0.03280316   0.00259641
  0.00023431  -0.00125879     0.00384512   0.00336742    -0.00136665   0.00540465
    7    5
  0.00319319  -0.00235457     0.00235502   0.00029572     0.00208295   0.00452036
 -0.00270976   0.00303756    -0.00316223  -0.00369700    -0.02503127  -0.02135940
  0.00072442  -0.00105579    -0.00510003  -0.00033779     0.00285530  -0.00478803
    7    6
 -0.02194742  -0.02194743     0.00280991   0.00280991     0.00549654  -0.00549654
  0.00280991   0.00280991    -0.02194742  -0.02194743     0.00549654  -0.00549654
  0.00549654  -0.00549654     0.00549654  -0.00549654    -0.00252246  -0.00252246
    7    7
  0.03858389   0.00000000    -0.00698030   0.00000000    -0.00000000  -0.00356878
 -0.00698030   0.00000000     0.03858389   0.00000000    -0.00000000  -0.00356878
 -0.00000000   0.00356878    -0.00000000   0.00356878     0.01358353   0.00000000

     Dynamical  Matrix in cartesian axes

     q = (   -0.108253200   0.108253200   0.000000000 ) 

    1    1
  0.04921308   0.00000000    -0.03836958  -0.00000000    -0.00000000   0.00000000
 -0.03836958  -0.00000000     0.04921308   0.00000000    -0.00000000   0.00000000
 -0.00000000   0.00000000    -0.00000000   0.00000000     0.00991293   0.00000000
    1    2
 -0.00907936  -0.01330300     0.00033302   0.00743971     0.00000000   0.00000000
  0.00727615   0.01282177    -0.00028064  -0.00715176     0.00000000   0.00000000
  0.00000000   0.00000000     0.00000000   0.00000000    -0.00303433   0.00788805
    1    3
 -0.00907936   0.01330300     0.00033302  -0.00743971     0.00000000  -0.00000000
  0.00727615  -0.01282177    -0.00028064   0.00715176    -0.00000000  -0.00000000
  0.00000000  -0.00000000     0.00000000   0.00000000    -0.00303433  -0.00788805
    1    4
 -0.00028064  -0.00715176     0.00727615   0.01282177     0.00000000   0.00000000
  0.00033302   0.00743971    -0.00907936  -0.01330300     0.00000000   0.00000000
  0.00000000   0.00000000     0.00000000  -0.00000000    -0.00303433   0.00788805
    1    5
 -0.00028064   0.00715176     0.00727615  -0.01282177     0.00000000  -0.00000000
  0.00033302  -0.00743971    -0.00907936   0.01330300    -0.00000000  -0.00000000
  0.00000000  -0.00000000     0.00000000   0.00000000    -0.00303433  -0.00788805
    1    6
  0.00347109  -0.00143777    -0.00322544   0.00133602    -0.00004923  -0.00011886
 -0.00322544   0.00133602     0.00347109  -0.00143777    -0.00004923  -0.00011886
 -0.00296168  -0.00715013    -0.00296168  -0.00715013    -0.00347278   0.00143847
    1    7
  0.00347109   0.00143777    -0.00322544  -0.00133602    -0.00004923   0.00011886
 -0.00322544  -0.00133602     0.00347109   0.00143777    -0.00004923   0.00011886
