  1.500000000000000E-002   1.26023585003145        2.23508645248256     
          12

     Dynamical  Matrix in cartesian axes

     q = (    0.108253200   0.108253200   0.000000000 ) 

    1    1
  0.04851464  -0.00000000     0.04338333  -0.00000000    -0.00000000   0.00000000
  0.04338333  -0.00000000     0.04851464  -0.00000000    -0.00000000   0.00000000
 -0.00000000   0.00000000    -0.00000000   0.00000000     0.00786205   0.00000000
    1    2
 -0.00702142   0.01674877    -0.00111313   0.00949268     0.00000000   0.00000000
 -0.00784930   0.01587679    -0.00115412   0.00880898     0.00000000   0.00000000
  0.00000000   0.00000000     0.00000000   0.00000000    -0.00264454  -0.00712571
    1    3
 -0.01680807  -0.00687827    -0.00749944  -0.00592523     0.00000000  -0.00000000
 -0.01677688  -0.00567630    -0.00704498  -0.00541280     0.00000000  -0.00000000
 -0.00000000  -0.00000000    -0.00000000  -0.00000000     0.00316866   0.00690861
    1    4
 -0.00704498  -0.00541280    -0.01677688  -0.00567630     0.00000000  -0.00000000
 -0.00749944  -0.00592523    -0.01680807  -0.00687827     0.00000000  -0.00000000
 -0.00000000  -0.00000000    -0.00000000  -0.00000000     0.00316866   0.00690861
    1    5
 -0.00115412   0.00880898    -0.00784930   0.01587679     0.00000000   0.00000000
 -0.00111313   0.00949268    -0.00702142   0.01674877     0.00000000   0.00000000
  0.00000000   0.00000000     0.00000000   0.00000000    -0.00264454  -0.00712571
    1    6
  0.00392363  -0.00162522     0.00365707  -0.00151481    -0.00015568  -0.00037585
  0.00365707  -0.00151481     0.00392363  -0.00162522     0.00015568   0.00037585
  0.00265660   0.00641360    -0.00265660  -0.00641360    -0.00250109   0.00103599
    1    7
  0.00392363  -0.00162522     0.00365707  -0.00151481     0.00015568   0.00037585
  0.00365707  -0.00151481     0.00392363  -0.00162522    -0.00015568  -0.00037585
 -0.00265660  -0.00641360     0.00265660   0.00641360    -0.00250109   0.00103599
    2    1
 -0.00702142  -0.01674877    -0.00784930  -0.01587679     0.00000000  -0.00000000
 -0.00111313  -0.00949268    -0.00115412  -0.00880898     0.00000000  -0.00000000
  0.00000000  -0.00000000     0.00000000  -0.00000000    -0.00264454   0.00712571
    2    2
  0.04518992  -0.00000000     0.00500763  -0.01682874    -0.00000000   0.00000000
  0.00500763   0.01682874     0.09919433   0.00000000    -0.00000000   0.00000000
 -0.00000000   0.00000000    -0.00000000   0.00000000     0.03013221  -0.00000000
    2    3
 -0.01703622   0.01255187     0.00481509   0.01982663     0.00000000  -0.00000000
  0.00481509   0.01982663    -0.07383130   0.05691473     0.00000000  -0.00000000
  0.00000000  -0.00000000     0.00000000  -0.00000000    -0.02625755   0.00395762
    2    4
  0.00359860   0.01911251    -0.02028435   0.00801660    -0.00000000   0.00000000
 -0.07386647   0.05682004     0.00359860   0.01911251    -0.00000000   0.00000000
  0.00000000   0.00000000    -0.00000000   0.00000000     0.00369357   0.00192632
    2    5
  0.00357321  -0.01796303     0.03630160  -0.00000000    -0.00000000   0.00000000
  0.09760131  -0.00000000     0.00357321   0.01796303    -0.00000000   0.00000000
  0.00000000   0.00000000     0.00000000   0.00000000    -0.00465357   0.00000000
    2    6
 -0.00553617  -0.00070241    -0.00296113   0.00133446    -0.00269991   0.00328277
 -0.00049768  -0.00570973     0.00028144  -0.00547328     0.00009267   0.00111385
 -0.02838656   0.00248075    -0.00443487  -0.00113208    -0.00129045  -0.00396341
    2    7
 -0.00553617  -0.00070241    -0.00296113   0.00133446     0.00269991  -0.00328277
 -0.00049768  -0.00570973     0.00028144  -0.00547328    -0.00009267  -0.00111385
  0.02838656  -0.00248075     0.00443487   0.00113208    -0.00129045  -0.00396341
    3    1
 -0.01680807   0.00687827    -0.01677688   0.00567630    -0.00000000   0.00000000
 -0.00749944   0.00592523    -0.00704498   0.00541280    -0.00000000   0.00000000
 -0.00000000   0.00000000    -0.00000000   0.00000000     0.00316866  -0.00690861
    3    2
 -0.01703622  -0.01255187     0.00481509  -0.01982663     0.00000000   0.00000000
  0.00481509  -0.01982663    -0.07383130  -0.05691473     0.00000000   0.00000000
  0.00000000   0.00000000     0.00000000   0.00000000    -0.02625755  -0.00395762
    3    3
  0.04518992  -0.00000000     0.00500763   0.01682874    -0.00000000  -0.00000000
  0.00500763  -0.01682874     0.09919433  -0.00000000    -0.00000000  -0.00000000
 -0.00000000   0.00000000    -0.00000000   0.00000000     0.03013221   0.00000000
    3    4
  0.00357321   0.01796303     0.03630160  -0.00000000    -0.00000000   0.00000000
  0.09760131  -0.00000000     0.00357321  -0.01796303    -0.00000000   0.00000000
  0.00000000   0.00000000    -0.00000000   0.00000000    -0.00465357  -0.00000000
    3    5
  0.00359860  -0.01911251    -0.02028435  -0.00801660     0.00000000   0.00000000
 -0.07386647  -0.05682004     0.00359860  -0.01911251    -0.00000000  -0.00000000
  0.00000000   0.00000000     0.00000000  -0.00000000     0.00369357  -0.00192632
    3    6
 -0.00553617   0.00070241    -0.00296113  -0.00133446     0.00269991   0.00328277
 -0.00049768   0.00570973     0.00028144   0.00547328    -0.00009267   0.00111385
  0.02838656   0.00248075     0.00443487  -0.00113208    -0.00129045   0.00396341
    3    7
 -0.00553617   0.00070241    -0.00296113  -0.00133446    -0.00269991  -0.00328277
 -0.00049768   0.00570973     0.00028144   0.00547328     0.00009267  -0.00111385
 -0.02838656  -0.00248075    -0.00443487   0.00113208    -0.00129045   0.00396341
    4    1
 -0.00704498   0.00541280    -0.00749944   0.00592523    -0.00000000   0.00000000
 -0.01677688   0.00567630    -0.01680807   0.00687827    -0.00000000   0.00000000
 -0.00000000   0.00000000     0.00000000   0.00000000     0.00316866  -0.00690861
    4    2
  0.00359860  -0.01911251    -0.07386647  -0.05682004     0.00000000  -0.00000000
 -0.02028435  -0.00801660     0.00359860  -0.01911251     0.00000000  -0.00000000
  0.00000000  -0.00000000     0.00000000  -0.00000000     0.00369357  -0.00192632
    4    3
  0.00357321  -0.01796303     0.09760131  -0.00000000    -0.00000000   0.00000000
  0.03630160   0.00000000     0.00357321   0.01796303    -0.00000000   0.00000000
 -0.00000000   0.00000000    -0.00000000   0.00000000    -0.00465357  -0.00000000
    4    4
  0.09919433  -0.00000000     0.00500763  -0.01682874    -0.00000000   0.00000000
  0.00500763   0.01682874     0.04518992   0.00000000    -0.00000000   0.00000000
 -0.00000000   0.00000000    -0.00000000   0.00000000     0.03013221   0.00000000
    4    5
 -0.07383130  -0.05691473     0.00481509  -0.01982663     0.00000000   0.00000000
  0.00481509  -0.01982663    -0.01703622  -0.01255187     0.00000000   0.00000000
  0.00000000   0.00000000     0.00000000   0.00000000    -0.02625755  -0.00395762
    4    6
  0.00028144   0.00547328    -0.00049768   0.00570973     0.00009267  -0.00111385
 -0.00296113  -0.00133446    -0.00553617   0.00070241    -0.00269991  -0.00328277
 -0.00443487   0.00113208    -0.02838656  -0.00248075    -0.00129045   0.00396341
    4    7
  0.00028144   0.00547328    -0.00049768   0.00570973    -0.00009267   0.00111385
 -0.00296113  -0.00133446    -0.00553617   0.00070241     0.00269991   0.00328277
  0.00443487  -0.00113208     0.02838656   0.00248075    -0.00129045   0.00396341
    5    1
 -0.00115412  -0.00880898    -0.00111313  -0.00949268     0.00000000  -0.00000000
 -0.00784930  -0.01587679    -0.00702142  -0.01674877     0.00000000  -0.00000000
  0.00000000  -0.00000000     0.00000000  -0.00000000    -0.00264454   0.00712571
    5    2
  0.00357321   0.01796303     0.09760131   0.00000000    -0.00000000   0.00000000
  0.03630160  -0.00000000     0.00357321  -0.01796303    -0.00000000   0.00000000
 -0.00000000  -0.00000000    -0.00000000  -0.00000000    -0.00465357   0.00000000
    5    3
  0.00359860   0.01911251    -0.07386647   0.05682004     0.00000000   0.00000000
 -0.02028435   0.00801660     0.00359860   0.01911251     0.00000000   0.00000000
 -0.00000000   0.00000000     0.00000000   0.00000000     0.00369357   0.00192632
    5    4
 -0.07383130   0.05691473     0.00481509   0.01982663     0.00000000  -0.00000000
  0.00481509   0.01982663    -0.01703622   0.01255187     0.00000000  -0.00000000
  0.00000000  -0.00000000     0.00000000   0.00000000    -0.02625755   0.00395762
    5    5
  0.09919433   0.00000000     0.00500763   0.01682874    -0.00000000   0.00000000
  0.00500763  -0.01682874     0.04518992   0.00000000    -0.00000000   0.00000000
 -0.00000000  -0.00000000    -0.00000000  -0.00000000     0.03013221  -0.00000000
    5    6
  0.00028144  -0.00547328    -0.00049768  -0.00570973    -0.00009267  -0.00111385
 -0.00296113   0.00133446    -0.00553617  -0.00070241     0.00269991  -0.00328277
  0.00443487   0.00113208     0.02838656  -0.00248075    -0.00129045  -0.00396341
    5    7
  0.00028144  -0.00547328    -0.00049768  -0.00570973     0.00009267   0.00111385
 -0.00296113   0.00133446    -0.00553617  -0.00070241    -0.00269991   0.00328277
 -0.00443487  -0.00113208    -0.02838656   0.00248075    -0.00129045  -0.00396341
    6    1
  0.00392363   0.00162522     0.00365707   0.00151481     0.00265660  -0.00641360
  0.00365707   0.00151481     0.00392363   0.00162522    -0.00265660   0.00641360
 -0.00015568   0.00037585     0.00015568  -0.00037585    -0.00250109  -0.00103599
    6    2
 -0.00553617   0.00070241    -0.00049768   0.00570973    -0.02838656  -0.00248075
 -0.00296113  -0.00133446     0.00028144   0.00547328    -0.00443487   0.00113208
 -0.00269991  -0.00328277     0.00009267  -0.00111385    -0.00129045   0.00396341
    6    3
 -0.00553617  -0.00070241    -0.00049768  -0.00570973     0.02838656  -0.00248075
 -0.00296113   0.00133446     0.00028144  -0.00547328     0.00443487   0.00113208
  0.00269991  -0.00328277    -0.00009267  -0.00111385    -0.00129045  -0.00396341
    6    4
  0.00028144  -0.00547328    -0.00296113   0.00133446    -0.00443487  -0.00113208
 -0.00049768  -0.00570973    -0.00553617  -0.00070241    -0.02838656   0.00248075
  0.00009267   0.00111385    -0.00269991   0.00328277    -0.00129045  -0.00396341
    6    5
  0.00028144   0.00547328    -0.00296113  -0.00133446     0.00443487  -0.00113208
 -0.00049768   0.00570973    -0.00553617   0.00070241     0.02838656   0.00248075
 -0.00009267   0.00111385     0.00269991   0.00328277    -0.00129045   0.00396341
    6    6
  0.03413449  -0.00000000     0.00716989  -0.00000000    -0.00000000   0.00209666
  0.00716989   0.00000000     0.03413449  -0.00000000    -0.00000000  -0.00209666
 -0.00000000  -0.00209666     0.00000000   0.00209666     0.01046007  -0.00000000
    6    7
 -0.02588825  -0.00000000    -0.00313395  -0.00000000     0.00000000   0.00646696
 -0.00313395   0.00000000    -0.02588825   0.00000000     0.00000000  -0.00646696
  0.00000000   0.00646696     0.00000000  -0.00646696    -0.00192037   0.00000000
    7    1
  0.00392363   0.00162522     0.00365707   0.00151481    -0.00265660   0.00641360
  0.00365707   0.00151481     0.00392363   0.00162522     0.00265660  -0.00641360
  0.00015568  -0.00037585    -0.00015568   0.00037585    -0.00250109  -0.00103599
    7    2
 -0.00553617   0.00070241    -0.00049768   0.00570973     0.02838656   0.00248075
 -0.00296113  -0.00133446     0.00028144   0.00547328     0.00443487  -0.00113208
  0.00269991   0.00328277    -0.00009267   0.00111385    -0.00129045   0.00396341
    7    3
 -0.00553617  -0.00070241    -0.00049768  -0.00570973    -0.02838656   0.00248075
 -0.00296113   0.00133446     0.00028144  -0.00547328    -0.00443487  -0.00113208
 -0.00269991   0.00328277     0.00009267   0.00111385    -0.00129045  -0.00396341
    7    4
  0.00028144  -0.00547328    -0.00296113   0.00133446     0.00443487   0.00113208
 -0.00049768  -0.00570973    -0.00553617  -0.00070241     0.02838656  -0.00248075
 -0.00009267  -0.00111385     0.00269991  -0.00328277    -0.00129045  -0.00396341
    7    5
  0.00028144   0.00547328    -0.00296113  -0.00133446    -0.00443487   0.00113208
 -0.00049768   0.00570973    -0.00553617   0.00070241    -0.02838656  -0.00248075
  0.00009267  -0.00111385    -0.00269991  -0.00328277    -0.00129045   0.00396341
    7    6
 -0.02588825   0.00000000    -0.00313395   0.00000000     0.00000000  -0.00646696
 -0.00313395  -0.00000000    -0.02588825  -0.00000000     0.00000000   0.00646696
  0.00000000  -0.00646696     0.00000000   0.00646696    -0.00192037   0.00000000
    7    7
  0.03413449  -0.00000000     0.00716989   0.00000000    -0.00000000  -0.00209666
  0.00716989  -0.00000000     0.03413449  -0.00000000    -0.00000000   0.00209666
 -0.00000000   0.00209666     0.00000000  -0.00209666     0.01046007   0.00000000

     Dynamical  Matrix in cartesian axes

     q = (   -0.108253200  -0.108253200   0.000000000 ) 

    1    1
  0.04851464  -0.00000000     0.04338333  -0.00000000    -0.00000000   0.00000000
  0.04338333  -0.00000000     0.04851464  -0.00000000    -0.00000000   0.00000000
 -0.00000000   0.00000000    -0.00000000   0.00000000     0.00786205   0.00000000
    1    2
 -0.00702142  -0.01674877    -0.00111313  -0.00949268     0.00000000  -0.00000000
 -0.00784930  -0.01587679    -0.00115412  -0.00880898     0.00000000  -0.00000000
  0.00000000  -0.00000000     0.00000000  -0.00000000    -0.00264454   0.00712571
    1    3
 -0.01680807   0.00687827    -0.00749944   0.00592523    -0.00000000   0.00000000
 -0.01677688   0.00567630    -0.00704498   0.00541280    -0.00000000   0.00000000
 -0.00000000   0.00000000    -0.00000000   0.00000000     0.00316866  -0.00690861
    1    4
 -0.00704498   0.00541280    -0.01677688   0.00567630     0.00000000   0.00000000
 -0.00749944   0.00592523    -0.01680807   0.00687827     0.00000000   0.00000000
 -0.00000000   0.00000000    -0.00000000   0.00000000     0.00316866  -0.00690861
    1    5
 -0.00115412  -0.00880898    -0.00784930  -0.01587679     0.00000000  -0.00000000
 -0.00111313  -0.00949268    -0.00702142  -0.01674877     0.00000000  -0.00000000
  0.00000000  -0.00000000     0.00000000  -0.00000000    -0.00264454   0.00712571
    1    6
  0.00392363   0.00162522     0.00365707   0.00151481    -0.00015568   0.00037585
  0.00365707   0.00151481     0.00392363   0.00162522     0.00015568  -0.00037585
  0.00265660  -0.00641360    -0.00265660   0.00641360    -0.00250109  -0.00103599
    1    7
  0.00392363   0.00162522     0.00365707   0.00151481     0.00015568  -0.00037585
  0.00365707   0.00151481     0.00392363   0.00162522    -0.00015568   0.00037585
 -0.00265660   0.00641360     0.00265660  -0.00641360    -0.00250109  -0.00103599
    2    1
 -0.00702142   0.01674877    -0.00784930   0.01587679     0.00000000   0.00000000
 -0.00111313   0.00949268    -0.00115412   0.00880898     0.00000000   0.00000000
  0.00000000   0.00000000     0.00000000   0.00000000    -0.00264454  -0.00712571
    2    2
  0.04518992   0.00000000     0.00500763   0.01682874    -0.00000000  -0.00000000
  0.00500763  -0.01682874     0.09919433  -0.00000000    -0.00000000  -0.00000000
 -0.00000000   0.00000000    -0.00000000   0.00000000     0.03013221   0.00000000
    2    3
 -0.01703622  -0.01255187     0.00481509  -0.01982663     0.00000000   0.00000000
  0.00481509  -0.01982663    -0.07383130  -0.05691473     0.00000000   0.00000000
  0.00000000   0.00000000     0.00000000   0.00000000    -0.02625755  -0.00395762
    2    4
  0.00359860  -0.01911251    -0.02028435  -0.00801660    -0.00000000  -0.00000000
 -0.07386647  -0.05682004     0.00359860  -0.01911251     0.00000000   0.00000000
  0.00000000  -0.00000000    -0.00000000  -0.00000000     0.00369357  -0.00192632
    2    5
  0.00357321   0.01796303     0.03630160   0.00000000    -0.00000000   0.00000000
  0.09760131  -0.00000000     0.00357321  -0.01796303    -0.00000000   0.00000000
  0.00000000   0.00000000    -0.00000000   0.00000000    -0.00465357  -0.00000000
    2    6
 -0.00553617   0.00070241    -0.00296113  -0.00133446    -0.00269991  -0.00328277
 -0.00049768   0.00570973     0.00028144   0.00547328     0.00009267  -0.00111385
 -0.02838656  -0.00248075    -0.00443487   0.00113208    -0.00129045   0.00396341
    2    7
 -0.00553617   0.00070241    -0.00296113  -0.00133446     0.00269991   0.00328277
 -0.00049768   0.00570973     0.00028144   0.00547328    -0.00009267   0.00111385
  0.02838656   0.00248075     0.00443487  -0.00113208    -0.00129045   0.00396341
    3    1
 -0.01680807  -0.00687827    -0.01677688  -0.00567630    -0.00000000  -0.00000000
 -0.00749944  -0.00592523    -0.00704498  -0.00541280    -0.00000000  -0.00000000
 -0.00000000  -0.00000000    -0.00000000  -0.00000000     0.00316866   0.00690861
    3    2
 -0.01703622   0.01255187     0.00481509   0.01982663     0.00000000  -0.00000000
  0.00481509   0.01982663    -0.07383130   0.05691473     0.00000000  -0.00000000
  0.00000000  -0.00000000     0.00000000  -0.00000000    -0.02625755   0.00395762
    3    3
  0.04518992   0.00000000     0.00500763  -0.01682874    -0.00000000   0.00000000
  0.00500763   0.01682874     0.09919433   0.00000000    -0.00000000   0.00000000
 -0.00000000   0.00000000    -0.00000000   0.00000000     0.03013221  -0.00000000
    3    4
  0.00357321  -0.01796303     0.03630160   0.00000000    -0.00000000   0.00000000
  0.09760131   0.00000000     0.00357321   0.01796303    -0.00000000   0.00000000
 -0.00000000   0.00000000    -0.00000000   0.00000000    -0.00465357   0.00000000
    3    5
  0.00359860   0.01911251    -0.02028435   0.00801660    -0.00000000   0.00000000
 -0.07386647   0.05682004     0.00359860   0.01911251    -0.00000000   0.00000000
 -0.00000000   0.00000000    -0.00000000   0.00000000     0.00369357   0.00192632
    3    6
 -0.00553617  -0.00070241    -0.00296113   0.00133446     0.00269991  -0.00328277
 -0.00049768  -0.00570973     0.00028144  -0.00547328    -0.00009267  -0.00111385
  0.02838656  -0.00248075     0.00443487   0.00113208    -0.00129045  -0.00396341
    3    7
 -0.00553617  -0.00070241    -0.00296113   0.00133446    -0.00269991   0.00328277
 -0.00049768  -0.00570973     0.00028144  -0.00547328     0.00009267   0.00111385
 -0.02838656   0.00248075    -0.00443487  -0.00113208    -0.00129045  -0.00396341
    4    1
 -0.00704498  -0.00541280    -0.00749944  -0.00592523    -0.00000000  -0.00000000
 -0.01677688  -0.00567630    -0.01680807  -0.00687827    -0.00000000  -0.00000000
  0.00000000  -0.00000000     0.00000000  -0.00000000     0.00316866   0.00690861
    4    2
  0.00359860   0.01911251    -0.07386647   0.05682004    -0.00000000   0.00000000
 -0.02028435   0.00801660     0.00359860   0.01911251    -0.00000000   0.00000000
  0.00000000   0.00000000     0.00000000   0.00000000     0.00369357   0.00192632
    4    3
  0.00357321   0.01796303     0.09760131   0.00000000     0.00000000   0.00000000
  0.03630160  -0.00000000     0.00357321  -0.01796303     0.00000000   0.00000000
  0.00000000   0.00000000     0.00000000   0.00000000    -0.00465357   0.00000000
    4    4
  0.09919433   0.00000000     0.00500763   0.01682874    -0.00000000   0.00000000
  0.00500763  -0.01682874     0.04518992  -0.00000000    -0.00000000   0.00000000
 -0.00000000  -0.00000000    -0.00000000  -0.00000000     0.03013221  -0.00000000
    4    5
 -0.07383130   0.05691473     0.00481509   0.01982663     0.00000000  -0.00000000
  0.00481509   0.01982663    -0.01703622   0.01255187     0.00000000  -0.00000000
  0.00000000  -0.00000000     0.00000000   0.00000000    -0.02625755   0.00395762
    4    6
  0.00028144  -0.00547328    -0.00049768  -0.00570973     0.00009267   0.00111385
 -0.00296113   0.00133446    -0.00553617  -0.00070241    -0.00269991   0.00328277
 -0.00443487  -0.00113208    -0.02838656   0.00248075    -0.00129045  -0.00396341
    4    7
  0.00028144  -0.00547328    -0.00049768  -0.00570973    -0.00009267  -0.00111385
 -0.00296113   0.00133446    -0.00553617  -0.00070241     0.00269991  -0.00328277
  0.00443487   0.00113208     0.02838656  -0.00248075    -0.00129045  -0.00396341
    5    1
 -0.00115412   0.00880898    -0.00111313   0.00949268     0.00000000   0.00000000
 -0.00784930   0.01587679    -0.00702142   0.01674877     0.00000000   0.00000000
  0.00000000   0.00000000     0.00000000   0.00000000    -0.00264454  -0.00712571
    5    2
  0.00357321  -0.01796303     0.09760131  -0.00000000    -0.00000000   0.00000000
  0.03630160  -0.00000000     0.00357321   0.01796303    -0.00000000   0.00000000
  0.00000000   0.00000000    -0.00000000   0.00000000    -0.00465357  -0.00000000
    5    3
  0.00359860  -0.01911251    -0.07386647  -0.05682004     0.00000000   0.00000000
 -0.02028435  -0.00801660     0.00359860  -0.01911251     0.00000000   0.00000000
  0.00000000  -0.00000000     0.00000000  -0.00000000     0.00369357  -0.00192632
    5    4
 -0.07383130  -0.05691473     0.00481509  -0.01982663     0.00000000   0.00000000
  0.00481509  -0.01982663    -0.01703622  -0.01255187     0.00000000   0.00000000
  0.00000000   0.00000000     0.00000000   0.00000000    -0.02625755  -0.00395762
    5    5
  0.09919433  -0.00000000     0.00500763  -0.01682874    -0.00000000  -0.00000000
  0.00500763   0.01682874     0.04518992  -0.00000000    -0.00000000  -0.00000000
 -0.00000000   0.00000000    -0.00000000   0.00000000     0.03013221   0.00000000
    5    6
  0.00028144   0.00547328    -0.00049768   0.00570973    -0.00009267   0.00111385
 -0.00296113  -0.00133446    -0.00553617   0.00070241     0.00269991   0.00328277
  0.00443487  -0.00113208     0.02838656   0.00248075    -0.00129045   0.00396341
    5    7
  0.00028144   0.00547328    -0.00049768   0.00570973     0.00009267  -0.00111385
 -0.00296113  -0.00133446    -0.00553617   0.00070241    -0.00269991  -0.00328277
 -0.00443487   0.00113208    -0.02838656  -0.00248075    -0.00129045   0.00396341
    6    1
  0.00392363  -0.00162522     0.00365707  -0.00151481     0.00265660   0.00641360
  0.00365707  -0.00151481     0.00392363  -0.00162522    -0.00265660  -0.00641360
 -0.00015568  -0.00037585     0.00015568   0.00037585    -0.00250109   0.00103599
    6    2
 -0.00553617  -0.00070241    -0.00049768  -0.00570973    -0.02838656   0.00248075
 -0.00296113   0.00133446     0.00028144  -0.00547328    -0.00443487  -0.00113208
 -0.00269991   0.00328277     0.00009267   0.00111385    -0.00129045  -0.00396341
    6    3
 -0.00553617   0.00070241    -0.00049768   0.00570973     0.02838656   0.00248075
 -0.00296113  -0.00133446     0.00028144   0.00547328     0.00443487  -0.00113208
  0.00269991   0.00328277    -0.00009267   0.00111385    -0.00129045   0.00396341
    6    4
  0.00028144   0.00547328    -0.00296113  -0.00133446    -0.00443487   0.00113208
 -0.00049768   0.00570973    -0.00553617   0.00070241    -0.02838656  -0.00248075
  0.00009267  -0.00111385    -0.00269991  -0.00328277    -0.00129045   0.00396341
    6    5
  0.00028144  -0.00547328    -0.00296113   0.00133446     0.00443487   0.00113208
 -0.00049768  -0.00570973    -0.00553617  -0.00070241     0.02838656  -0.00248075
 -0.00009267  -0.00111385     0.00269991  -0.00328277    -0.00129045  -0.00396341
    6    6
  0.03413449  -0.00000000     0.00716989   0.00000000    -0.00000000  -0.00209666
  0.00716989  -0.00000000     0.03413449  -0.00000000    -0.00000000   0.00209666
 -0.00000000   0.00209666     0.00000000  -0.00209666     0.01046007   0.00000000
    6    7
 -0.02588825   0.00000000    -0.00313395   0.00000000     0.00000000  -0.00646696
 -0.00313395  -0.00000000    -0.02588825  -0.00000000     0.00000000   0.00646696
  0.00000000  -0.00646696     0.00000000   0.00646696    -0.00192037   0.00000000
    7    1
  0.00392363  -0.00162522     0.00365707  -0.00151481    -0.00265660  -0.00641360
  0.00365707  -0.00151481     0.00392363  -0.00162522     0.00265660   0.00641360
  0.00015568   0.00037585    -0.00015568  -0.00037585    -0.00250109   0.00103599
    7    2
 -0.00553617  -0.00070241    -0.00049768  -0.00570973     0.02838656  -0.00248075
 -0.00296113   0.00133446     0.00028144  -0.00547328     0.00443487   0.00113208
  0.00269991  -0.00328277    -0.00009267  -0.00111385    -0.00129045  -0.00396341
    7    3
 -0.00553617   0.00070241    -0.00049768   0.00570973    -0.02838656  -0.00248075
 -0.00296113  -0.00133446     0.00028144   0.00547328    -0.00443487   0.00113208
 -0.00269991  -0.00328277     0.00009267  -0.00111385    -0.00129045   0.00396341
    7    4
  0.00028144   0.00547328    -0.00296113  -0.00133446     0.00443487  -0.00113208
 -0.00049768   0.00570973    -0.00553617   0.00070241     0.02838656   0.00248075
 -0.00009267   0.00111385     0.00269991   0.00328277    -0.00129045   0.00396341
    7    5
  0.00028144  -0.00547328    -0.00296113   0.00133446    -0.00443487  -0.00113208
 -0.00049768  -0.00570973    -0.00553617  -0.00070241    -0.02838656   0.00248075
  0.00009267   0.00111385    -0.00269991   0.00328277    -0.00129045  -0.00396341
    7    6
 -0.02588825  -0.00000000    -0.00313395  -0.00000000     0.00000000   0.00646696
 -0.00313395   0.00000000    -0.02588825   0.00000000     0.00000000  -0.00646696
  0.00000000   0.00646696     0.00000000  -0.00646696    -0.00192037   0.00000000
    7    7
  0.03413449  -0.00000000     0.00716989  -0.00000000    -0.00000000   0.00209666
  0.00716989   0.00000000     0.03413449  -0.00000000    -0.00000000  -0.00209666
 -0.00000000  -0.00209666     0.00000000   0.00209666     0.01046007  -0.00000000

     Dynamical  Matrix in cartesian axes

     q = (    0.108253200  -0.108253200   0.000000000 ) 

    1    1
  0.04851464  -0.00000000    -0.04338333   0.00000000    -0.00000000   0.00000000
 -0.04338333   0.00000000     0.04851464  -0.00000000    -0.00000000   0.00000000
 -0.00000000   0.00000000    -0.00000000   0.00000000     0.00786205   0.00000000
    1    2
 -0.00702142   0.01674877     0.00111313  -0.00949268     0.00000000  -0.00000000
  0.00784930  -0.01587679    -0.00115412   0.00880898     0.00000000   0.00000000
  0.00000000   0.00000000     0.00000000  -0.00000000    -0.00264454  -0.00712571
    1    3
 -0.00702142  -0.01674877     0.00111313   0.00949268     0.00000000   0.00000000
  0.00784930   0.01587679    -0.00115412  -0.00880898     0.00000000   0.00000000
  0.00000000  -0.00000000     0.00000000   0.00000000    -0.00264454   0.00712571
    1    4
 -0.00115412   0.00880898     0.00784930  -0.01587679     0.00000000   0.00000000
  0.00111313  -0.00949268    -0.00702142   0.01674877    -0.00000000   0.00000000
  0.00000000  -0.00000000    -0.00000000   0.00000000    -0.00264454  -0.00712571
    1    5
 -0.00115412  -0.00880898     0.00784930   0.01587679     0.00000000   0.00000000
  0.00111313   0.00949268    -0.00702142  -0.01674877     0.00000000  -0.00000000
  0.00000000  -0.00000000     0.00000000  -0.00000000    -0.00264454   0.00712571
    1    6
  0.00392363   0.00162522    -0.00365707  -0.00151481     0.00015568  -0.00037585
 -0.00365707  -0.00151481     0.00392363   0.00162522     0.00015568  -0.00037585
 -0.00265660   0.00641360    -0.00265660   0.00641360    -0.00250109  -0.00103599
    1    7
  0.00392363  -0.00162522    -0.00365707   0.00151481     0.00015568   0.00037585
 -0.00365707   0.00151481     0.00392363  -0.00162522     0.00015568   0.00037585
 -0.00265660  -0.00641360    -0.00265660  -0.00641360    -0.00250109   0.00103599
    2    1
 -0.00702142  -0.01674877     0.00784930   0.01587679     0.00000000   0.00000000
  0.00111313   0.00949268    -0.00115412  -0.00880898     0.00000000   0.00000000
  0.00000000   0.00000000     0.00000000   0.00000000    -0.00264454   0.00712571
    2    2
  0.04518992   0.00000000    -0.00500763   0.01682874     0.00000000   0.00000000
 -0.00500763  -0.01682874     0.09919433   0.00000000    -0.00000000   0.00000000
 -0.00000000   0.00000000    -0.00000000   0.00000000     0.03013221   0.00000000
    2    3
 -0.02092194  -0.00317092     0.01061476  -0.01742433     0.00000000   0.00000000
  0.01061476  -0.01742433    -0.09245141  -0.01196184     0.00000000   0.00000000
  0.00000000   0.00000000     0.00000000   0.00000000    -0.02136535  -0.01576844
    2    4
  0.00357321  -0.01796303    -0.03630160  -0.00000000     0.00000000  -0.00000000
 -0.09760131  -0.00000000     0.00357321   0.01796303    -0.00000000  -0.00000000
 -0.00000000  -0.00000000     0.00000000  -0.00000000    -0.00465357   0.00000000
    2    5
 -0.01097000   0.01605918     0.02001179   0.00867462     0.00000000  -0.00000000
  0.09240931   0.01205366    -0.01097000   0.01605918     0.00000000  -0.00000000
  0.00000000  -0.00000000     0.00000000   0.00000000     0.00124964   0.00397387
    2    6
 -0.00341799  -0.00441134     0.00303744   0.00115023    -0.00423039   0.00041214
 -0.00368547   0.00438930     0.00406920  -0.00367119     0.00072208  -0.00085314
 -0.02182648  -0.01831818     0.00233542   0.00393643     0.00189007  -0.00371504
    2    7
 -0.00553617  -0.00070241     0.00296113  -0.00133446     0.00269991  -0.00328277
  0.00049768   0.00570973     0.00028144  -0.00547328     0.00009267   0.00111385
  0.02838656  -0.00248075    -0.00443487  -0.00113208    -0.00129045  -0.00396341
    3    1
 -0.00702142   0.01674877     0.00784930  -0.01587679     0.00000000  -0.00000000
  0.00111313  -0.00949268    -0.00115412   0.00880898    -0.00000000   0.00000000
  0.00000000  -0.00000000    -0.00000000   0.00000000    -0.00264454  -0.00712571
    3    2
 -0.02092194   0.00317092     0.01061476   0.01742433     0.00000000  -0.00000000
  0.01061476   0.01742433    -0.09245141   0.01196184     0.00000000  -0.00000000
  0.00000000  -0.00000000    -0.00000000  -0.00000000    -0.02136535   0.01576844
    3    3
  0.04518992  -0.00000000    -0.00500763  -0.01682874    -0.00000000  -0.00000000
 -0.00500763   0.01682874     0.09919433  -0.00000000    -0.00000000  -0.00000000
 -0.00000000  -0.00000000     0.00000000  -0.00000000     0.03013221   0.00000000
    3    4
 -0.01097000  -0.01605918     0.02001179  -0.00867462     0.00000000   0.00000000
  0.09240931  -0.01205366    -0.01097000  -0.01605918     0.00000000  -0.00000000
  0.00000000  -0.00000000     0.00000000   0.00000000     0.00124964  -0.00397387
    3    5
  0.00357321   0.01796303    -0.03630160  -0.00000000    -0.00000000   0.00000000
 -0.09760131  -0.00000000     0.00357321  -0.01796303     0.00000000   0.00000000
 -0.00000000   0.00000000    -0.00000000   0.00000000    -0.00465357  -0.00000000
    3    6
 -0.00553617   0.00070241     0.00296113   0.00133446     0.00269991   0.00328277
  0.00049768  -0.00570973     0.00028144   0.00547328     0.00009267  -0.00111385
  0.02838656   0.00248075    -0.00443487   0.00113208    -0.00129045   0.00396341
    3    7
 -0.00341799   0.00441134     0.00303744  -0.00115023    -0.00423039  -0.00041214
 -0.00368547  -0.00438930     0.00406920   0.00367119     0.00072208   0.00085314
 -0.02182648   0.01831818     0.00233542  -0.00393643     0.00189007   0.00371504
    4    1
 -0.00115412  -0.00880898     0.00111313   0.00949268     0.00000000   0.00000000
  0.00784930   0.01587679    -0.00702142  -0.01674877     0.00000000  -0.00000000
  0.00000000  -0.00000000     0.00000000   0.00000000    -0.00264454   0.00712571
    4    2
  0.00357321   0.01796303    -0.09760131   0.00000000    -0.00000000   0.00000000
 -0.03630160   0.00000000     0.00357321  -0.01796303    -0.00000000   0.00000000
 -0.00000000   0.00000000    -0.00000000   0.00000000    -0.00465357   0.00000000
    4    3
 -0.01097000   0.01605918     0.09240931   0.01205366     0.00000000  -0.00000000
  0.02001179   0.00867462    -0.01097000   0.01605918    -0.00000000  -0.00000000
  0.00000000   0.00000000     0.00000000   0.00000000     0.00124964   0.00397387
    4    4
  0.09919433   0.00000000    -0.00500763  -0.01682874     0.00000000   0.00000000
 -0.00500763   0.01682874     0.04518992   0.00000000     0.00000000   0.00000000
  0.00000000   0.00000000     0.00000000   0.00000000     0.03013221   0.00000000
    4    5
 -0.09245141  -0.01196184     0.01061476  -0.01742433     0.00000000   0.00000000
  0.01061476  -0.01742433    -0.02092194  -0.00317092     0.00000000   0.00000000
  0.00000000   0.00000000     0.00000000   0.00000000    -0.02136535  -0.01576844
    4    6
  0.00406920  -0.00367119    -0.00368547   0.00438930     0.00072208  -0.00085314
  0.00303744   0.00115023    -0.00341799  -0.00441134    -0.00423039   0.00041214
  0.00233542   0.00393643    -0.02182648  -0.01831818     0.00189007  -0.00371504
    4    7
  0.00028144  -0.00547328     0.00049768   0.00570973     0.00009267   0.00111385
  0.00296113  -0.00133446    -0.00553617  -0.00070241     0.00269991  -0.00328277
 -0.00443487  -0.00113208     0.02838656  -0.00248075    -0.00129045  -0.00396341
    5    1
 -0.00115412   0.00880898     0.00111313  -0.00949268     0.00000000   0.00000000
  0.00784930  -0.01587679    -0.00702142   0.01674877     0.00000000   0.00000000
  0.00000000  -0.00000000     0.00000000   0.00000000    -0.00264454  -0.00712571
    5    2
 -0.01097000  -0.01605918     0.09240931  -0.01205366     0.00000000  -0.00000000
  0.02001179  -0.00867462    -0.01097000  -0.01605918     0.00000000   0.00000000
  0.00000000  -0.00000000     0.00000000   0.00000000     0.00124964  -0.00397387
    5    3
  0.00357321  -0.01796303    -0.09760131   0.00000000    -0.00000000   0.00000000
 -0.03630160   0.00000000     0.00357321   0.01796303    -0.00000000   0.00000000
 -0.00000000  -0.00000000     0.00000000  -0.00000000    -0.00465357  -0.00000000
    5    4
 -0.09245141   0.01196184     0.01061476   0.01742433     0.00000000  -0.00000000
  0.01061476   0.01742433    -0.02092194   0.00317092     0.00000000  -0.00000000
 -0.00000000  -0.00000000    -0.00000000  -0.00000000    -0.02136535   0.01576844
    5    5
  0.09919433  -0.00000000    -0.00500763   0.01682874    -0.00000000   0.00000000
 -0.00500763  -0.01682874     0.04518992  -0.00000000    -0.00000000   0.00000000
  0.00000000  -0.00000000    -0.00000000  -0.00000000     0.03013221   0.00000000
    5    6
  0.00028144   0.00547328     0.00049768  -0.00570973     0.00009267  -0.00111385
  0.00296113   0.00133446    -0.00553617   0.00070241     0.00269991   0.00328277
 -0.00443487   0.00113208     0.02838656   0.00248075    -0.00129045   0.00396341
    5    7
  0.00406920   0.00367119    -0.00368547  -0.00438930     0.00072208   0.00085314
  0.00303744  -0.00115023    -0.00341799   0.00441134    -0.00423039  -0.00041214
  0.00233542  -0.00393643    -0.02182648   0.01831818     0.00189007   0.00371504
    6    1
  0.00392363  -0.00162522    -0.00365707   0.00151481    -0.00265660  -0.00641360
 -0.00365707   0.00151481     0.00392363  -0.00162522    -0.00265660  -0.00641360
  0.00015568   0.00037585     0.00015568   0.00037585    -0.00250109   0.00103599
    6    2
 -0.00341799   0.00441134    -0.00368547  -0.00438930    -0.02182648   0.01831818
  0.00303744  -0.00115023     0.00406920   0.00367119     0.00233542  -0.00393643
 -0.00423039  -0.00041214     0.00072208   0.00085314     0.00189007   0.00371504
    6    3
 -0.00553617  -0.00070241     0.00049768   0.00570973     0.02838656  -0.00248075
  0.00296113  -0.00133446     0.00028144  -0.00547328    -0.00443487  -0.00113208
  0.00269991  -0.00328277     0.00009267   0.00111385    -0.00129045  -0.00396341
    6    4
  0.00406920   0.00367119     0.00303744  -0.00115023     0.00233542  -0.00393643
 -0.00368547  -0.00438930    -0.00341799   0.00441134    -0.02182648   0.01831818
  0.00072208   0.00085314    -0.00423039  -0.00041214     0.00189007   0.00371504
    6    5
  0.00028144  -0.00547328     0.00296113  -0.00133446    -0.00443487  -0.00113208
  0.00049768   0.00570973    -0.00553617  -0.00070241     0.02838656  -0.00248075
  0.00009267   0.00111385     0.00269991  -0.00328277    -0.00129045  -0.00396341
    6    6
  0.03413449  -0.00000000    -0.00716989   0.00000000     0.00000000   0.00209666
 -0.00716989   0.00000000     0.03413449  -0.00000000     0.00000000   0.00209666
  0.00000000  -0.00209666     0.00000000  -0.00209666     0.01046007  -0.00000000
    6    7
 -0.01830575   0.01830576     0.00221604  -0.00221604     0.00457283   0.00457283
  0.00221604  -0.00221604    -0.01830575   0.01830576     0.00457283   0.00457283
  0.00457283   0.00457283     0.00457283   0.00457283    -0.00135791   0.00135791
    7    1
  0.00392363   0.00162522    -0.00365707  -0.00151481    -0.00265660   0.00641360
 -0.00365707  -0.00151481     0.00392363   0.00162522    -0.00265660   0.00641360
  0.00015568  -0.00037585     0.00015568  -0.00037585    -0.00250109  -0.00103599
    7    2
 -0.00553617   0.00070241     0.00049768  -0.00570973     0.02838656   0.00248075
  0.00296113   0.00133446     0.00028144   0.00547328    -0.00443487   0.00113208
  0.00269991   0.00328277     0.00009267  -0.00111385    -0.00129045   0.00396341
    7    3
 -0.00341799  -0.00441134    -0.00368547   0.00438930    -0.02182648  -0.01831818
  0.00303744   0.00115023     0.00406920  -0.00367119     0.00233542   0.00393643
 -0.00423039   0.00041214     0.00072208  -0.00085314     0.00189007  -0.00371504
    7    4
  0.00028144   0.00547328     0.00296113   0.00133446    -0.00443487   0.00113208
  0.00049768  -0.00570973    -0.00553617   0.00070241     0.02838656   0.00248075
  0.00009267  -0.00111385     0.00269991   0.00328277    -0.00129045   0.00396341
    7    5
  0.00406920  -0.00367119     0.00303744   0.00115023     0.00233542   0.00393643
 -0.00368547   0.00438930    -0.00341799  -0.00441134    -0.02182648  -0.01831818
  0.00072208  -0.00085314    -0.00423039   0.00041214     0.00189007  -0.00371504
    7    6
 -0.01830575  -0.01830576     0.00221604   0.00221604     0.00457283  -0.00457283
  0.00221604   0.00221604    -0.01830575  -0.01830576     0.00457283  -0.00457283
  0.00457283  -0.00457283     0.00457283  -0.00457283    -0.00135791  -0.00135791
    7    7
  0.03413449  -0.00000000    -0.00716989   0.00000000    -0.00000000  -0.00209666
 -0.00716989  -0.00000000     0.03413449  -0.00000000    -0.00000000  -0.00209666
  0.00000000   0.00209666     0.00000000   0.00209666     0.01046007  -0.00000000

     Dynamical  Matrix in cartesian axes

     q = (   -0.108253200   0.108253200   0.000000000 ) 

    1    1
  0.04851464  -0.00000000    -0.04338333   0.00000000    -0.00000000   0.00000000
 -0.04338333   0.00000000     0.04851464  -0.00000000    -0.00000000   0.00000000
 -0.00000000   0.00000000    -0.00000000   0.00000000     0.00786205   0.00000000
    1    2
 -0.00702142  -0.01674877     0.00111313   0.00949268     0.00000000   0.00000000
  0.00784930   0.01587679    -0.00115412  -0.00880898     0.00000000   0.00000000
  0.00000000  -0.00000000     0.00000000  -0.00000000    -0.00264454   0.00712571
    1    3
 -0.00702142   0.01674877     0.00111313  -0.00949268     0.00000000   0.00000000
  0.00784930  -0.01587679    -0.00115412   0.00880898     0.00000000   0.00000000
  0.00000000   0.00000000     0.00000000   0.00000000    -0.00264454  -0.00712571
    1    4
 -0.00115412  -0.00880898     0.00784930   0.01587679     0.00000000  -0.00000000
  0.00111313   0.00949268    -0.00702142  -0.01674877     0.00000000   0.00000000
  0.00000000  -0.00000000     0.00000000  -0.00000000    -0.00264454   0.00712571
    1    5
 -0.00115412   0.00880898     0.00784930  -0.01587679     0.00000000  -0.00000000
  0.00111313  -0.00949268    -0.00702142   0.01674877     0.00000000   0.00000000
  0.00000000   0.00000000     0.00000000   0.00000000    -0.00264454  -0.00712571
    1    6
  0.00392363  -0.00162522    -0.00365707   0.00151481     0.00015568   0.00037585
 -0.00365707   0.00151481     0.00392363  -0.00162522     0.00015568   0.00037585
 -0.00265660  -0.00641360    -0.00265660  -0.00641360    -0.00250109   0.00103599
    1    7
  0.00392363   0.00162522    -0.00365707  -0.00151481     0.00015568  -0.00037585
 -0.00365707  -0.00151481     0.00392363   0.00162522     0.00015568  -0.00037585
