  4.500000000000000E-002   1.25986529217407        2.41685017272211     
          12

     Dynamical  Matrix in cartesian axes

     q = (    0.108253200   0.108253200   0.000000000 ) 

    1    1
  0.05016621   0.00000000     0.03449113   0.00000000    -0.00000000   0.00000000
  0.03449113   0.00000000     0.05016621   0.00000000    -0.00000000   0.00000000
 -0.00000000   0.00000000    -0.00000000   0.00000000     0.01126463   0.00000000
    1    2
 -0.00969854   0.01199739     0.00017413   0.00813805     0.00000000   0.00000000
 -0.00647874   0.01191037     0.00008027   0.00802453     0.00000000   0.00000000
  0.00000000   0.00000000     0.00000000   0.00000000    -0.00334214  -0.00861137
    1    3
 -0.01534134  -0.00162553    -0.00563135  -0.00587760    -0.00000000  -0.00000000
 -0.01300307  -0.00384074    -0.00561744  -0.00573096     0.00000000  -0.00000000
  0.00000000  -0.00000000    -0.00000000  -0.00000000     0.00372591   0.00845241
    1    4
 -0.00561744  -0.00573096    -0.01300307  -0.00384074     0.00000000  -0.00000000
 -0.00563135  -0.00587760    -0.01534134  -0.00162553     0.00000000  -0.00000000
 -0.00000000  -0.00000000    -0.00000000  -0.00000000     0.00372591   0.00845241
    1    5
  0.00008027   0.00802453    -0.00647874   0.01191037     0.00000000   0.00000000
  0.00017413   0.00813805    -0.00969854   0.01199739     0.00000000   0.00000000
  0.00000000   0.00000000     0.00000000   0.00000000    -0.00334214  -0.00861137
    1    6
  0.00311785  -0.00129146     0.00288894  -0.00119664     0.00026465   0.00063892
  0.00288894  -0.00119664     0.00311785  -0.00129146    -0.00026465  -0.00063892
  0.00322418   0.00778385    -0.00322418  -0.00778385    -0.00388122   0.00160766
    1    7
  0.00311785  -0.00129146     0.00288894  -0.00119664    -0.00026465  -0.00063892
  0.00288894  -0.00119664     0.00311785  -0.00129146     0.00026465   0.00063892
 -0.00322418  -0.00778385     0.00322418   0.00778385    -0.00388122   0.00160766
    2    1
 -0.00969854  -0.01199739    -0.00647874  -0.01191037     0.00000000  -0.00000000
  0.00017413  -0.00813805     0.00008027  -0.00802453     0.00000000  -0.00000000
  0.00000000  -0.00000000     0.00000000  -0.00000000    -0.00334214   0.00861137
    2    2
  0.03584187  -0.00000000     0.00432876  -0.01017674    -0.00000000   0.00000000
  0.00432876   0.01017674     0.07369000  -0.00000000    -0.00000000   0.00000000
 -0.00000000   0.00000000    -0.00000000   0.00000000     0.03935878  -0.00000000
    2    3
 -0.00656641   0.00767701     0.00273863   0.01474585     0.00000000  -0.00000000
  0.00273863   0.01474585    -0.05325807   0.04143413     0.00000000  -0.00000000
  0.00000000  -0.00000000     0.00000000  -0.00000000    -0.03550530   0.00530403
    2    4
  0.00068851   0.01461070    -0.01275776   0.00460363    -0.00000000   0.00000000
 -0.05348127   0.04144789     0.00068851   0.01461070     0.00000000   0.00000000
 -0.00000000   0.00000000    -0.00000000   0.00000000     0.00470827   0.00343694
    2    5
  0.00238689  -0.01195128     0.01932584  -0.00000000     0.00000000   0.00000000
  0.07085883  -0.00000000     0.00238689   0.01195128     0.00000000   0.00000000
  0.00000000   0.00000000     0.00000000   0.00000000    -0.00494493   0.00000000
    2    6
 -0.00467389  -0.00000921    -0.00140962   0.00172239    -0.00489515   0.00385656
 -0.00019852  -0.00371087     0.00066363  -0.00362524     0.00034398   0.00140519
 -0.03751487   0.00293054    -0.00522548  -0.00203754    -0.00158817  -0.00622891
    2    7
 -0.00467389  -0.00000921    -0.00140962   0.00172239     0.00489515  -0.00385656
 -0.00019852  -0.00371087     0.00066363  -0.00362524    -0.00034398  -0.00140519
  0.03751487  -0.00293054     0.00522548   0.00203754    -0.00158817  -0.00622891
    3    1
 -0.01534134   0.00162553    -0.01300307   0.00384074    -0.00000000   0.00000000
 -0.00563135   0.00587760    -0.00561744   0.00573096    -0.00000000   0.00000000
 -0.00000000   0.00000000    -0.00000000   0.00000000     0.00372591  -0.00845241
    3    2
 -0.00656641  -0.00767701     0.00273863  -0.01474585     0.00000000   0.00000000
  0.00273863  -0.01474585    -0.05325807  -0.04143413     0.00000000   0.00000000
  0.00000000   0.00000000     0.00000000   0.00000000    -0.03550530  -0.00530403
    3    3
  0.03584187  -0.00000000     0.00432876   0.01017674    -0.00000000   0.00000000
  0.00432876  -0.01017674     0.07369000  -0.00000000    -0.00000000   0.00000000
 -0.00000000   0.00000000    -0.00000000   0.00000000     0.03935878   0.00000000
    3    4
  0.00238689   0.01195128     0.01932584  -0.00000000     0.00000000   0.00000000
  0.07085883  -0.00000000     0.00238689  -0.01195128     0.00000000   0.00000000
  0.00000000   0.00000000     0.00000000   0.00000000    -0.00494493  -0.00000000
    3    5
  0.00068851  -0.01461070    -0.01275776  -0.00460363     0.00000000   0.00000000
 -0.05348127  -0.04144789     0.00068851  -0.01461070    -0.00000000   0.00000000
  0.00000000   0.00000000    -0.00000000   0.00000000     0.00470827  -0.00343694
    3    6
 -0.00467389   0.00000921    -0.00140962  -0.00172239     0.00489515   0.00385656
 -0.00019852   0.00371087     0.00066363   0.00362524    -0.00034398   0.00140519
  0.03751487   0.00293054     0.00522548  -0.00203754    -0.00158817   0.00622891
    3    7
 -0.00467389   0.00000921    -0.00140962  -0.00172239    -0.00489515  -0.00385656
 -0.00019852   0.00371087     0.00066363   0.00362524     0.00034398  -0.00140519
 -0.03751487  -0.00293054    -0.00522548   0.00203754    -0.00158817   0.00622891
    4    1
 -0.00561744   0.00573096    -0.00563135   0.00587760    -0.00000000   0.00000000
 -0.01300307   0.00384074    -0.01534134   0.00162553    -0.00000000   0.00000000
 -0.00000000   0.00000000    -0.00000000   0.00000000     0.00372591  -0.00845241
    4    2
  0.00068851  -0.01461070    -0.05348127  -0.04144789     0.00000000   0.00000000
 -0.01275776  -0.00460363     0.00068851  -0.01461070    -0.00000000   0.00000000
  0.00000000  -0.00000000    -0.00000000   0.00000000     0.00470827  -0.00343694
    4    3
  0.00238689  -0.01195128     0.07085883  -0.00000000     0.00000000   0.00000000
  0.01932584  -0.00000000     0.00238689   0.01195128     0.00000000   0.00000000
  0.00000000   0.00000000     0.00000000   0.00000000    -0.00494493  -0.00000000
    4    4
  0.07369000  -0.00000000     0.00432876  -0.01017674    -0.00000000   0.00000000
  0.00432876   0.01017674     0.03584187   0.00000000    -0.00000000   0.00000000
 -0.00000000   0.00000000    -0.00000000   0.00000000     0.03935878   0.00000000
    4    5
 -0.05325807  -0.04143413     0.00273863  -0.01474585     0.00000000   0.00000000
  0.00273863  -0.01474585    -0.00656641  -0.00767701     0.00000000   0.00000000
  0.00000000   0.00000000     0.00000000   0.00000000    -0.03550530  -0.00530403
    4    6
  0.00066363   0.00362524    -0.00019852   0.00371087     0.00034398  -0.00140519
 -0.00140962  -0.00172239    -0.00467389   0.00000921    -0.00489515  -0.00385656
 -0.00522548   0.00203754    -0.03751487  -0.00293054    -0.00158817   0.00622891
    4    7
  0.00066363   0.00362524    -0.00019852   0.00371087    -0.00034398   0.00140519
 -0.00140962  -0.00172239    -0.00467389   0.00000921     0.00489515   0.00385656
  0.00522548  -0.00203754     0.03751487   0.00293054    -0.00158817   0.00622891
    5    1
  0.00008027  -0.00802453     0.00017413  -0.00813805     0.00000000  -0.00000000
 -0.00647874  -0.01191037    -0.00969854  -0.01199739     0.00000000  -0.00000000
  0.00000000  -0.00000000     0.00000000  -0.00000000    -0.00334214   0.00861137
    5    2
  0.00238689   0.01195128     0.07085883  -0.00000000     0.00000000  -0.00000000
  0.01932584  -0.00000000     0.00238689  -0.01195128     0.00000000  -0.00000000
  0.00000000   0.00000000     0.00000000   0.00000000    -0.00494493   0.00000000
    5    3
  0.00068851   0.01461070    -0.05348127   0.04144789    -0.00000000   0.00000000
 -0.01275776   0.00460363     0.00068851   0.01461070     0.00000000   0.00000000
 -0.00000000   0.00000000     0.00000000  -0.00000000     0.00470827   0.00343694
    5    4
 -0.05325807   0.04143413     0.00273863   0.01474585     0.00000000  -0.00000000
  0.00273863   0.01474585    -0.00656641   0.00767701     0.00000000  -0.00000000
  0.00000000  -0.00000000     0.00000000  -0.00000000    -0.03550530   0.00530403
    5    5
  0.07369000  -0.00000000     0.00432876   0.01017674    -0.00000000   0.00000000
  0.00432876  -0.01017674     0.03584187  -0.00000000    -0.00000000   0.00000000
 -0.00000000   0.00000000    -0.00000000   0.00000000     0.03935878  -0.00000000
    5    6
  0.00066363  -0.00362524    -0.00019852  -0.00371087    -0.00034398  -0.00140519
 -0.00140962   0.00172239    -0.00467389  -0.00000921     0.00489515  -0.00385656
  0.00522548   0.00203754     0.03751487  -0.00293054    -0.00158817  -0.00622891
    5    7
  0.00066363  -0.00362524    -0.00019852  -0.00371087     0.00034398   0.00140519
 -0.00140962   0.00172239    -0.00467389  -0.00000921    -0.00489515   0.00385656
 -0.00522548  -0.00203754    -0.03751487   0.00293054    -0.00158817  -0.00622891
    6    1
  0.00311785   0.00129146     0.00288894   0.00119664     0.00322418  -0.00778385
  0.00288894   0.00119664     0.00311785   0.00129146    -0.00322418   0.00778385
  0.00026465  -0.00063892    -0.00026465   0.00063892    -0.00388122  -0.00160766
    6    2
 -0.00467389   0.00000921    -0.00019852   0.00371087    -0.03751487  -0.00293054
 -0.00140962  -0.00172239     0.00066363   0.00362524    -0.00522548   0.00203754
 -0.00489515  -0.00385656     0.00034398  -0.00140519    -0.00158817   0.00622891
    6    3
 -0.00467389  -0.00000921    -0.00019852  -0.00371087     0.03751487  -0.00293054
 -0.00140962   0.00172239     0.00066363  -0.00362524     0.00522548   0.00203754
  0.00489515  -0.00385656    -0.00034398  -0.00140519    -0.00158817  -0.00622891
    6    4
  0.00066363  -0.00362524    -0.00140962   0.00172239    -0.00522548  -0.00203754
 -0.00019852  -0.00371087    -0.00467389  -0.00000921    -0.03751487   0.00293054
  0.00034398   0.00140519    -0.00489515   0.00385656    -0.00158817  -0.00622891
    6    5
  0.00066363   0.00362524    -0.00140962  -0.00172239     0.00522548  -0.00203754
 -0.00019852   0.00371087    -0.00467389   0.00000921     0.03751487   0.00293054
 -0.00034398   0.00140519     0.00489515   0.00385656    -0.00158817   0.00622891
    6    6
  0.04349917   0.00000000     0.00751754  -0.00000000    -0.00000000   0.00441349
  0.00751754   0.00000000     0.04349917  -0.00000000    -0.00000000  -0.00441349
  0.00000000  -0.00441349     0.00000000   0.00441349     0.01666330  -0.00000000
    6    7
 -0.03612997   0.00000000    -0.00484964  -0.00000000     0.00000000   0.00860889
 -0.00484964   0.00000000    -0.03612997   0.00000000     0.00000000  -0.00860889
  0.00000000   0.00860889     0.00000000  -0.00860889    -0.00514001   0.00000000
    7    1
  0.00311785   0.00129146     0.00288894   0.00119664    -0.00322418   0.00778385
  0.00288894   0.00119664     0.00311785   0.00129146     0.00322418  -0.00778385
 -0.00026465   0.00063892     0.00026465  -0.00063892    -0.00388122  -0.00160766
    7    2
 -0.00467389   0.00000921    -0.00019852   0.00371087     0.03751487   0.00293054
 -0.00140962  -0.00172239     0.00066363   0.00362524     0.00522548  -0.00203754
  0.00489515   0.00385656    -0.00034398   0.00140519    -0.00158817   0.00622891
    7    3
 -0.00467389  -0.00000921    -0.00019852  -0.00371087    -0.03751487   0.00293054
 -0.00140962   0.00172239     0.00066363  -0.00362524    -0.00522548  -0.00203754
 -0.00489515   0.00385656     0.00034398   0.00140519    -0.00158817  -0.00622891
    7    4
  0.00066363  -0.00362524    -0.00140962   0.00172239     0.00522548   0.00203754
 -0.00019852  -0.00371087    -0.00467389  -0.00000921     0.03751487  -0.00293054
 -0.00034398  -0.00140519     0.00489515  -0.00385656    -0.00158817  -0.00622891
    7    5
  0.00066363   0.00362524    -0.00140962  -0.00172239    -0.00522548   0.00203754
 -0.00019852   0.00371087    -0.00467389   0.00000921    -0.03751487  -0.00293054
  0.00034398  -0.00140519    -0.00489515  -0.00385656    -0.00158817   0.00622891
    7    6
 -0.03612997   0.00000000    -0.00484964   0.00000000    -0.00000000  -0.00860889
 -0.00484964   0.00000000    -0.03612997  -0.00000000    -0.00000000   0.00860889
 -0.00000000  -0.00860889    -0.00000000   0.00860889    -0.00514001   0.00000000
    7    7
  0.04349917  -0.00000000     0.00751754   0.00000000    -0.00000000  -0.00441349
  0.00751754  -0.00000000     0.04349917  -0.00000000    -0.00000000   0.00441349
  0.00000000   0.00441349     0.00000000  -0.00441349     0.01666330   0.00000000

     Dynamical  Matrix in cartesian axes

     q = (   -0.108253200  -0.108253200   0.000000000 ) 

    1    1
  0.05016621   0.00000000     0.03449113   0.00000000    -0.00000000   0.00000000
  0.03449113   0.00000000     0.05016621   0.00000000    -0.00000000   0.00000000
 -0.00000000   0.00000000    -0.00000000   0.00000000     0.01126463   0.00000000
    1    2
 -0.00969854  -0.01199739     0.00017413  -0.00813805     0.00000000  -0.00000000
 -0.00647874  -0.01191037     0.00008027  -0.00802453     0.00000000  -0.00000000
  0.00000000  -0.00000000     0.00000000  -0.00000000    -0.00334214   0.00861137
    1    3
 -0.01534134   0.00162553    -0.00563135   0.00587760     0.00000000   0.00000000
 -0.01300307   0.00384074    -0.00561744   0.00573096     0.00000000   0.00000000
 -0.00000000   0.00000000    -0.00000000   0.00000000     0.00372591  -0.00845241
    1    4
 -0.00561744   0.00573096    -0.01300307   0.00384074     0.00000000   0.00000000
 -0.00563135   0.00587760    -0.01534134   0.00162553     0.00000000   0.00000000
 -0.00000000   0.00000000    -0.00000000   0.00000000     0.00372591  -0.00845241
    1    5
  0.00008027  -0.00802453    -0.00647874  -0.01191037     0.00000000  -0.00000000
  0.00017413  -0.00813805    -0.00969854  -0.01199739     0.00000000  -0.00000000
  0.00000000  -0.00000000     0.00000000  -0.00000000    -0.00334214   0.00861137
    1    6
  0.00311785   0.00129146     0.00288894   0.00119664     0.00026465  -0.00063892
  0.00288894   0.00119664     0.00311785   0.00129146    -0.00026465   0.00063892
  0.00322418  -0.00778385    -0.00322418   0.00778385    -0.00388122  -0.00160766
    1    7
  0.00311785   0.00129146     0.00288894   0.00119664    -0.00026465   0.00063892
  0.00288894   0.00119664     0.00311785   0.00129146     0.00026465  -0.00063892
 -0.00322418   0.00778385     0.00322418  -0.00778385    -0.00388122  -0.00160766
    2    1
 -0.00969854   0.01199739    -0.00647874   0.01191037     0.00000000   0.00000000
  0.00017413   0.00813805     0.00008027   0.00802453     0.00000000   0.00000000
  0.00000000   0.00000000     0.00000000   0.00000000    -0.00334214  -0.00861137
    2    2
  0.03584187  -0.00000000     0.00432876   0.01017674    -0.00000000  -0.00000000
  0.00432876  -0.01017674     0.07369000  -0.00000000    -0.00000000  -0.00000000
 -0.00000000   0.00000000    -0.00000000   0.00000000     0.03935878   0.00000000
    2    3
 -0.00656641  -0.00767701     0.00273863  -0.01474585     0.00000000   0.00000000
  0.00273863  -0.01474585    -0.05325807  -0.04143413     0.00000000   0.00000000
  0.00000000   0.00000000     0.00000000   0.00000000    -0.03550530  -0.00530403
    2    4
  0.00068851  -0.01461070    -0.01275776  -0.00460363    -0.00000000   0.00000000
 -0.05348127  -0.04144789     0.00068851  -0.01461070     0.00000000   0.00000000
 -0.00000000   0.00000000    -0.00000000   0.00000000     0.00470827  -0.00343694
    2    5
  0.00238689   0.01195128     0.01932584  -0.00000000     0.00000000   0.00000000
  0.07085883  -0.00000000     0.00238689  -0.01195128     0.00000000   0.00000000
  0.00000000   0.00000000     0.00000000   0.00000000    -0.00494493  -0.00000000
    2    6
 -0.00467389   0.00000921    -0.00140962  -0.00172239    -0.00489515  -0.00385656
 -0.00019852   0.00371087     0.00066363   0.00362524     0.00034398  -0.00140519
 -0.03751487  -0.00293054    -0.00522548   0.00203754    -0.00158817   0.00622891
    2    7
 -0.00467389   0.00000921    -0.00140962  -0.00172239     0.00489515   0.00385656
 -0.00019852   0.00371087     0.00066363   0.00362524    -0.00034398   0.00140519
  0.03751487   0.00293054     0.00522548  -0.00203754    -0.00158817   0.00622891
    3    1
 -0.01534134  -0.00162553    -0.01300307  -0.00384074    -0.00000000  -0.00000000
 -0.00563135  -0.00587760    -0.00561744  -0.00573096    -0.00000000  -0.00000000
  0.00000000  -0.00000000     0.00000000  -0.00000000     0.00372591   0.00845241
    3    2
 -0.00656641   0.00767701     0.00273863   0.01474585     0.00000000  -0.00000000
  0.00273863   0.01474585    -0.05325807   0.04143413     0.00000000  -0.00000000
  0.00000000  -0.00000000     0.00000000  -0.00000000    -0.03550530   0.00530403
    3    3
  0.03584187  -0.00000000     0.00432876  -0.01017674    -0.00000000   0.00000000
  0.00432876   0.01017674     0.07369000  -0.00000000    -0.00000000   0.00000000
 -0.00000000   0.00000000    -0.00000000   0.00000000     0.03935878  -0.00000000
    3    4
  0.00238689  -0.01195128     0.01932584  -0.00000000     0.00000000  -0.00000000
  0.07085883  -0.00000000     0.00238689   0.01195128     0.00000000  -0.00000000
  0.00000000   0.00000000     0.00000000   0.00000000    -0.00494493   0.00000000
    3    5
  0.00068851   0.01461070    -0.01275776   0.00460363     0.00000000   0.00000000
 -0.05348127   0.04144789     0.00068851   0.01461070    -0.00000000   0.00000000
 -0.00000000   0.00000000    -0.00000000   0.00000000     0.00470827   0.00343694
    3    6
 -0.00467389  -0.00000921    -0.00140962   0.00172239     0.00489515  -0.00385656
 -0.00019852  -0.00371087     0.00066363  -0.00362524    -0.00034398  -0.00140519
  0.03751487  -0.00293054     0.00522548   0.00203754    -0.00158817  -0.00622891
    3    7
 -0.00467389  -0.00000921    -0.00140962   0.00172239    -0.00489515   0.00385656
 -0.00019852  -0.00371087     0.00066363  -0.00362524     0.00034398   0.00140519
 -0.03751487   0.00293054    -0.00522548  -0.00203754    -0.00158817  -0.00622891
    4    1
 -0.00561744  -0.00573096    -0.00563135  -0.00587760    -0.00000000  -0.00000000
 -0.01300307  -0.00384074    -0.01534134  -0.00162553    -0.00000000  -0.00000000
 -0.00000000  -0.00000000    -0.00000000  -0.00000000     0.00372591   0.00845241
    4    2
  0.00068851   0.01461070    -0.05348127   0.04144789     0.00000000   0.00000000
 -0.01275776   0.00460363     0.00068851   0.01461070    -0.00000000   0.00000000
  0.00000000   0.00000000     0.00000000  -0.00000000     0.00470827   0.00343694
    4    3
  0.00238689   0.01195128     0.07085883  -0.00000000     0.00000000   0.00000000
  0.01932584  -0.00000000     0.00238689  -0.01195128     0.00000000   0.00000000
  0.00000000   0.00000000     0.00000000   0.00000000    -0.00494493   0.00000000
    4    4
  0.07369000  -0.00000000     0.00432876   0.01017674    -0.00000000   0.00000000
  0.00432876  -0.01017674     0.03584187  -0.00000000    -0.00000000   0.00000000
 -0.00000000   0.00000000    -0.00000000   0.00000000     0.03935878  -0.00000000
    4    5
 -0.05325807   0.04143413     0.00273863   0.01474585     0.00000000  -0.00000000
  0.00273863   0.01474585    -0.00656641   0.00767701     0.00000000  -0.00000000
  0.00000000  -0.00000000     0.00000000  -0.00000000    -0.03550530   0.00530403
    4    6
  0.00066363  -0.00362524    -0.00019852  -0.00371087     0.00034398   0.00140519
 -0.00140962   0.00172239    -0.00467389  -0.00000921    -0.00489515   0.00385656
 -0.00522548  -0.00203754    -0.03751487   0.00293054    -0.00158817  -0.00622891
    4    7
  0.00066363  -0.00362524    -0.00019852  -0.00371087    -0.00034398  -0.00140519
 -0.00140962   0.00172239    -0.00467389  -0.00000921     0.00489515  -0.00385656
  0.00522548   0.00203754     0.03751487  -0.00293054    -0.00158817  -0.00622891
    5    1
  0.00008027   0.00802453     0.00017413   0.00813805     0.00000000   0.00000000
 -0.00647874   0.01191037    -0.00969854   0.01199739     0.00000000   0.00000000
  0.00000000   0.00000000     0.00000000   0.00000000    -0.00334214  -0.00861137
    5    2
  0.00238689  -0.01195128     0.07085883  -0.00000000     0.00000000   0.00000000
  0.01932584  -0.00000000     0.00238689   0.01195128     0.00000000   0.00000000
  0.00000000   0.00000000     0.00000000   0.00000000    -0.00494493  -0.00000000
    5    3
  0.00068851  -0.01461070    -0.05348127  -0.04144789    -0.00000000   0.00000000
 -0.01275776  -0.00460363     0.00068851  -0.01461070     0.00000000   0.00000000
 -0.00000000   0.00000000     0.00000000   0.00000000     0.00470827  -0.00343694
    5    4
 -0.05325807  -0.04143413     0.00273863  -0.01474585     0.00000000   0.00000000
  0.00273863  -0.01474585    -0.00656641  -0.00767701     0.00000000   0.00000000
  0.00000000   0.00000000     0.00000000   0.00000000    -0.03550530  -0.00530403
    5    5
  0.07369000  -0.00000000     0.00432876  -0.01017674    -0.00000000   0.00000000
  0.00432876   0.01017674     0.03584187   0.00000000    -0.00000000   0.00000000
 -0.00000000   0.00000000    -0.00000000   0.00000000     0.03935878   0.00000000
    5    6
  0.00066363   0.00362524    -0.00019852   0.00371087    -0.00034398   0.00140519
 -0.00140962  -0.00172239    -0.00467389   0.00000921     0.00489515   0.00385656
  0.00522548  -0.00203754     0.03751487   0.00293054    -0.00158817   0.00622891
    5    7
  0.00066363   0.00362524    -0.00019852   0.00371087     0.00034398  -0.00140519
 -0.00140962  -0.00172239    -0.00467389   0.00000921    -0.00489515  -0.00385656
 -0.00522548   0.00203754    -0.03751487  -0.00293054    -0.00158817   0.00622891
    6    1
  0.00311785  -0.00129146     0.00288894  -0.00119664     0.00322418   0.00778385
  0.00288894  -0.00119664     0.00311785  -0.00129146    -0.00322418  -0.00778385
  0.00026465   0.00063892    -0.00026465  -0.00063892    -0.00388122   0.00160766
    6    2
 -0.00467389  -0.00000921    -0.00019852  -0.00371087    -0.03751487   0.00293054
 -0.00140962   0.00172239     0.00066363  -0.00362524    -0.00522548  -0.00203754
 -0.00489515   0.00385656     0.00034398   0.00140519    -0.00158817  -0.00622891
    6    3
 -0.00467389   0.00000921    -0.00019852   0.00371087     0.03751487   0.00293054
 -0.00140962  -0.00172239     0.00066363   0.00362524     0.00522548  -0.00203754
  0.00489515   0.00385656    -0.00034398   0.00140519    -0.00158817   0.00622891
    6    4
  0.00066363   0.00362524    -0.00140962  -0.00172239    -0.00522548   0.00203754
 -0.00019852   0.00371087    -0.00467389   0.00000921    -0.03751487  -0.00293054
  0.00034398  -0.00140519    -0.00489515  -0.00385656    -0.00158817   0.00622891
    6    5
  0.00066363  -0.00362524    -0.00140962   0.00172239     0.00522548   0.00203754
 -0.00019852  -0.00371087    -0.00467389  -0.00000921     0.03751487  -0.00293054
 -0.00034398  -0.00140519     0.00489515  -0.00385656    -0.00158817  -0.00622891
    6    6
  0.04349917  -0.00000000     0.00751754   0.00000000    -0.00000000  -0.00441349
  0.00751754  -0.00000000     0.04349917   0.00000000    -0.00000000   0.00441349
  0.00000000   0.00441349     0.00000000  -0.00441349     0.01666330   0.00000000
    6    7
 -0.03612997   0.00000000    -0.00484964   0.00000000     0.00000000  -0.00860889
 -0.00484964   0.00000000    -0.03612997  -0.00000000     0.00000000   0.00860889
  0.00000000  -0.00860889     0.00000000   0.00860889    -0.00514001   0.00000000
    7    1
  0.00311785  -0.00129146     0.00288894  -0.00119664    -0.00322418  -0.00778385
  0.00288894  -0.00119664     0.00311785  -0.00129146     0.00322418   0.00778385
 -0.00026465  -0.00063892     0.00026465   0.00063892    -0.00388122   0.00160766
    7    2
 -0.00467389  -0.00000921    -0.00019852  -0.00371087     0.03751487  -0.00293054
 -0.00140962   0.00172239     0.00066363  -0.00362524     0.00522548   0.00203754
  0.00489515  -0.00385656    -0.00034398  -0.00140519    -0.00158817  -0.00622891
    7    3
 -0.00467389   0.00000921    -0.00019852   0.00371087    -0.03751487  -0.00293054
 -0.00140962  -0.00172239     0.00066363   0.00362524    -0.00522548   0.00203754
 -0.00489515  -0.00385656     0.00034398  -0.00140519    -0.00158817   0.00622891
    7    4
  0.00066363   0.00362524    -0.00140962  -0.00172239     0.00522548  -0.00203754
 -0.00019852   0.00371087    -0.00467389   0.00000921     0.03751487   0.00293054
 -0.00034398   0.00140519     0.00489515   0.00385656    -0.00158817   0.00622891
    7    5
  0.00066363  -0.00362524    -0.00140962   0.00172239    -0.00522548  -0.00203754
 -0.00019852  -0.00371087    -0.00467389  -0.00000921    -0.03751487   0.00293054
  0.00034398   0.00140519    -0.00489515   0.00385656    -0.00158817  -0.00622891
    7    6
 -0.03612997  -0.00000000    -0.00484964   0.00000000    -0.00000000   0.00860889
 -0.00484964   0.00000000    -0.03612997   0.00000000    -0.00000000  -0.00860889
 -0.00000000   0.00860889    -0.00000000  -0.00860889    -0.00514001   0.00000000
    7    7
  0.04349917  -0.00000000     0.00751754  -0.00000000    -0.00000000   0.00441349
  0.00751754   0.00000000     0.04349917  -0.00000000    -0.00000000  -0.00441349
  0.00000000  -0.00441349     0.00000000   0.00441349     0.01666330  -0.00000000

     Dynamical  Matrix in cartesian axes

     q = (    0.108253200  -0.108253200   0.000000000 ) 

    1    1
  0.05016621   0.00000000    -0.03449113  -0.00000000    -0.00000000   0.00000000
 -0.03449113  -0.00000000     0.05016621   0.00000000    -0.00000000   0.00000000
 -0.00000000   0.00000000    -0.00000000   0.00000000     0.01126463   0.00000000
    1    2
 -0.00969854   0.01199739    -0.00017413  -0.00813805     0.00000000   0.00000000
  0.00647874  -0.01191037     0.00008027   0.00802453     0.00000000   0.00000000
  0.00000000   0.00000000     0.00000000   0.00000000    -0.00334214  -0.00861137
    1    3
 -0.00969854  -0.01199739    -0.00017413   0.00813805     0.00000000  -0.00000000
  0.00647874   0.01191037     0.00008027  -0.00802453     0.00000000  -0.00000000
  0.00000000  -0.00000000     0.00000000  -0.00000000    -0.00334214   0.00861137
    1    4
  0.00008027   0.00802453     0.00647874  -0.01191037     0.00000000   0.00000000
 -0.00017413  -0.00813805    -0.00969854   0.01199739     0.00000000   0.00000000
  0.00000000   0.00000000     0.00000000   0.00000000    -0.00334214  -0.00861137
    1    5
  0.00008027  -0.00802453     0.00647874   0.01191037     0.00000000  -0.00000000
 -0.00017413   0.00813805    -0.00969854  -0.01199739     0.00000000  -0.00000000
  0.00000000  -0.00000000     0.00000000  -0.00000000    -0.00334214   0.00861137
    1    6
  0.00311785   0.00129146    -0.00288894  -0.00119664    -0.00026465   0.00063892
 -0.00288894  -0.00119664     0.00311785   0.00129146    -0.00026465   0.00063892
 -0.00322418   0.00778385    -0.00322418   0.00778385    -0.00388122  -0.00160766
    1    7
  0.00311785  -0.00129146    -0.00288894   0.00119664    -0.00026465  -0.00063892
 -0.00288894   0.00119664     0.00311785  -0.00129146    -0.00026465  -0.00063892
 -0.00322418  -0.00778385    -0.00322418  -0.00778385    -0.00388122   0.00160766
    2    1
 -0.00969854  -0.01199739     0.00647874   0.01191037     0.00000000  -0.00000000
 -0.00017413   0.00813805     0.00008027  -0.00802453     0.00000000  -0.00000000
  0.00000000  -0.00000000     0.00000000  -0.00000000    -0.00334214   0.00861137
    2    2
  0.03584187   0.00000000    -0.00432876   0.01017674    -0.00000000   0.00000000
 -0.00432876  -0.01017674     0.07369000   0.00000000    -0.00000000   0.00000000
 -0.00000000   0.00000000    -0.00000000   0.00000000     0.03935878  -0.00000000
    2    3
 -0.01007161   0.00078531     0.00849039  -0.01236340     0.00000000   0.00000000
  0.00849039  -0.01236340    -0.06695749  -0.00836081     0.00000000   0.00000000
  0.00000000   0.00000000     0.00000000   0.00000000    -0.02885655  -0.02135553
    2    4
  0.00238689  -0.01195128    -0.01932584  -0.00000000     0.00000000   0.00000000
 -0.07085883  -0.00000000     0.00238689   0.01195128     0.00000000   0.00000000
  0.00000000   0.00000000     0.00000000   0.00000000    -0.00494493  -0.00000000
    2    5
 -0.00984448   0.01081818     0.01227636   0.00576584     0.00000000  -0.00000000
  0.06712505   0.00850890    -0.00984448   0.01081818     0.00000000  -0.00000000
  0.00000000  -0.00000000     0.00000000   0.00000000     0.00089896   0.00575953
    2    6
 -0.00329843  -0.00331145     0.00221466  -0.00022116    -0.00618839  -0.00073440
 -0.00248361   0.00276436     0.00303269  -0.00209418     0.00075039  -0.00123685
 -0.02859922  -0.02445481     0.00225421   0.00513573     0.00328150  -0.00552751
    2    7
 -0.00467389  -0.00000921     0.00140962  -0.00172239     0.00489515  -0.00385656
  0.00019852   0.00371087     0.00066363  -0.00362524     0.00034398   0.00140519
  0.03751487  -0.00293054    -0.00522548  -0.00203754    -0.00158817  -0.00622891
    3    1
 -0.00969854   0.01199739     0.00647874  -0.01191037     0.00000000   0.00000000
 -0.00017413  -0.00813805     0.00008027   0.00802453     0.00000000   0.00000000
  0.00000000   0.00000000     0.00000000   0.00000000    -0.00334214  -0.00861137
    3    2
 -0.01007161  -0.00078531     0.00849039   0.01236340     0.00000000  -0.00000000
  0.00849039   0.01236340    -0.06695749   0.00836081     0.00000000  -0.00000000
  0.00000000  -0.00000000     0.00000000  -0.00000000    -0.02885655   0.02135553
    3    3
  0.03584187  -0.00000000    -0.00432876  -0.01017674    -0.00000000   0.00000000
 -0.00432876   0.01017674     0.07369000  -0.00000000    -0.00000000   0.00000000
 -0.00000000   0.00000000    -0.00000000   0.00000000     0.03935878  -0.00000000
    3    4
 -0.00984448  -0.01081818     0.01227636  -0.00576584    -0.00000000   0.00000000
  0.06712505  -0.00850890    -0.00984448  -0.01081818     0.00000000   0.00000000
 -0.00000000   0.00000000     0.00000000   0.00000000     0.00089896  -0.00575953
    3    5
  0.00238689   0.01195128    -0.01932584  -0.00000000     0.00000000  -0.00000000
 -0.07085883  -0.00000000     0.00238689  -0.01195128    -0.00000000  -0.00000000
  0.00000000  -0.00000000    -0.00000000  -0.00000000    -0.00494493  -0.00000000
    3    6
 -0.00467389   0.00000921     0.00140962   0.00172239     0.00489515   0.00385656
  0.00019852  -0.00371087     0.00066363   0.00362524     0.00034398  -0.00140519
  0.03751487   0.00293054    -0.00522548   0.00203754    -0.00158817   0.00622891
    3    7
 -0.00329843   0.00331145     0.00221466   0.00022116    -0.00618839   0.00073440
 -0.00248361  -0.00276436     0.00303269   0.00209418     0.00075039   0.00123685
 -0.02859922   0.02445481     0.00225421  -0.00513573     0.00328150   0.00552751
    4    1
  0.00008027  -0.00802453    -0.00017413   0.00813805     0.00000000  -0.00000000
  0.00647874   0.01191037    -0.00969854  -0.01199739     0.00000000  -0.00000000
  0.00000000  -0.00000000     0.00000000  -0.00000000    -0.00334214   0.00861137
    4    2
  0.00238689   0.01195128    -0.07085883   0.00000000     0.00000000   0.00000000
 -0.01932584   0.00000000     0.00238689  -0.01195128     0.00000000   0.00000000
  0.00000000   0.00000000     0.00000000   0.00000000    -0.00494493   0.00000000
    4    3
 -0.00984448   0.01081818     0.06712505   0.00850890     0.00000000  -0.00000000
  0.01227636   0.00576584    -0.00984448   0.01081818     0.00000000   0.00000000
  0.00000000  -0.00000000    -0.00000000  -0.00000000     0.00089896   0.00575953
    4    4
  0.07369000   0.00000000    -0.00432876  -0.01017674    -0.00000000   0.00000000
 -0.00432876   0.01017674     0.03584187   0.00000000    -0.00000000   0.00000000
 -0.00000000   0.00000000    -0.00000000   0.00000000     0.03935878  -0.00000000
    4    5
 -0.06695749  -0.00836081     0.00849039  -0.01236340     0.00000000   0.00000000
  0.00849039  -0.01236340    -0.01007161   0.00078531     0.00000000   0.00000000
  0.00000000   0.00000000     0.00000000   0.00000000    -0.02885655  -0.02135553
    4    6
  0.00303269  -0.00209418    -0.00248361   0.00276436     0.00075039  -0.00123685
  0.00221466  -0.00022116    -0.00329843  -0.00331145    -0.00618839  -0.00073440
  0.00225421   0.00513573    -0.02859922  -0.02445481     0.00328150  -0.00552751
    4    7
  0.00066363  -0.00362524     0.00019852   0.00371087     0.00034398   0.00140519
  0.00140962  -0.00172239    -0.00467389  -0.00000921     0.00489515  -0.00385656
 -0.00522548  -0.00203754     0.03751487  -0.00293054    -0.00158817  -0.00622891
    5    1
  0.00008027   0.00802453    -0.00017413  -0.00813805     0.00000000   0.00000000
  0.00647874  -0.01191037    -0.00969854   0.01199739     0.00000000   0.00000000
  0.00000000   0.00000000     0.00000000   0.00000000    -0.00334214  -0.00861137
    5    2
 -0.00984448  -0.01081818     0.06712505  -0.00850890    -0.00000000   0.00000000
  0.01227636  -0.00576584    -0.00984448  -0.01081818    -0.00000000   0.00000000
 -0.00000000   0.00000000    -0.00000000   0.00000000     0.00089896  -0.00575953
    5    3
  0.00238689  -0.01195128    -0.07085883   0.00000000     0.00000000  -0.00000000
 -0.01932584   0.00000000     0.00238689   0.01195128    -0.00000000  -0.00000000
  0.00000000   0.00000000    -0.00000000   0.00000000    -0.00494493  -0.00000000
    5    4
 -0.06695749   0.00836081     0.00849039   0.01236340     0.00000000  -0.00000000
  0.00849039   0.01236340    -0.01007161  -0.00078531     0.00000000  -0.00000000
  0.00000000  -0.00000000     0.00000000  -0.00000000    -0.02885655   0.02135553
    5    5
  0.07369000  -0.00000000    -0.00432876   0.01017674    -0.00000000   0.00000000
 -0.00432876  -0.01017674     0.03584187  -0.00000000    -0.00000000   0.00000000
  0.00000000   0.00000000    -0.00000000   0.00000000     0.03935878  -0.00000000
    5    6
  0.00066363   0.00362524     0.00019852  -0.00371087     0.00034398  -0.00140519
  0.00140962   0.00172239    -0.00467389   0.00000921     0.00489515   0.00385656
 -0.00522548   0.00203754     0.03751487   0.00293054    -0.00158817   0.00622891
    5    7
  0.00303269   0.00209418    -0.00248361  -0.00276436     0.00075039   0.00123685
  0.00221466   0.00022116    -0.00329843   0.00331145    -0.00618839   0.00073440
  0.00225421  -0.00513573    -0.02859922   0.02445481     0.00328150   0.00552751
    6    1
  0.00311785  -0.00129146    -0.00288894   0.00119664    -0.00322418  -0.00778385
 -0.00288894   0.00119664     0.00311785  -0.00129146    -0.00322418  -0.00778385
 -0.00026465  -0.00063892    -0.00026465  -0.00063892    -0.00388122   0.00160766
    6    2
 -0.00329843   0.00331145    -0.00248361  -0.00276436    -0.02859922   0.02445481
  0.00221466   0.00022116     0.00303269   0.00209418     0.00225421  -0.00513573
 -0.00618839   0.00073440     0.00075039   0.00123685     0.00328150   0.00552751
    6    3
 -0.00467389  -0.00000921     0.00019852   0.00371087     0.03751487  -0.00293054
  0.00140962  -0.00172239     0.00066363  -0.00362524    -0.00522548  -0.00203754
  0.00489515  -0.00385656     0.00034398   0.00140519    -0.00158817  -0.00622891
    6    4
  0.00303269   0.00209418     0.00221466   0.00022116     0.00225421  -0.00513573
 -0.00248361  -0.00276436    -0.00329843   0.00331145    -0.02859922   0.02445481
  0.00075039   0.00123685    -0.00618839   0.00073440     0.00328150   0.00552751
    6    5
  0.00066363  -0.00362524     0.00140962  -0.00172239    -0.00522548  -0.00203754
  0.00019852   0.00371087    -0.00467389  -0.00000921     0.03751487  -0.00293054
  0.00034398   0.00140519     0.00489515  -0.00385656    -0.00158817  -0.00622891
    6    6
  0.04349917   0.00000000    -0.00751754   0.00000000    -0.00000000   0.00441349
 -0.00751754   0.00000000     0.04349917   0.00000000    -0.00000000   0.00441349
 -0.00000000  -0.00441349    -0.00000000  -0.00441349     0.01666330  -0.00000000
    6    7
 -0.02554775   0.02554775     0.00342922  -0.00342922     0.00608741   0.00608740
  0.00342922  -0.00342922    -0.02554775   0.02554775     0.00608741   0.00608740
  0.00608741   0.00608740     0.00608741   0.00608740    -0.00363453   0.00363453
    7    1
  0.00311785   0.00129146    -0.00288894  -0.00119664    -0.00322418   0.00778385
 -0.00288894  -0.00119664     0.00311785   0.00129146    -0.00322418   0.00778385
 -0.00026465   0.00063892    -0.00026465   0.00063892    -0.00388122  -0.00160766
    7    2
 -0.00467389   0.00000921     0.00019852  -0.00371087     0.03751487   0.00293054
  0.00140962   0.00172239     0.00066363   0.00362524    -0.00522548   0.00203754
  0.00489515   0.00385656     0.00034398  -0.00140519    -0.00158817   0.00622891
    7    3
 -0.00329843  -0.00331145    -0.00248361   0.00276436    -0.02859922  -0.02445481
  0.00221466  -0.00022116     0.00303269  -0.00209418     0.00225421   0.00513573
 -0.00618839  -0.00073440     0.00075039  -0.00123685     0.00328150  -0.00552751
    7    4
  0.00066363   0.00362524     0.00140962   0.00172239    -0.00522548   0.00203754
  0.00019852  -0.00371087    -0.00467389   0.00000921     0.03751487   0.00293054
  0.00034398  -0.00140519     0.00489515   0.00385656    -0.00158817   0.00622891
    7    5
  0.00303269  -0.00209418     0.00221466  -0.00022116     0.00225421   0.00513573
 -0.00248361   0.00276436    -0.00329843  -0.00331145    -0.02859922  -0.02445481
  0.00075039  -0.00123685    -0.00618839  -0.00073440     0.00328150  -0.00552751
    7    6
 -0.02554775  -0.02554775     0.00342922   0.00342922     0.00608741  -0.00608740
  0.00342922   0.00342922    -0.02554775  -0.02554775     0.00608741  -0.00608740
  0.00608741  -0.00608740     0.00608741  -0.00608740    -0.00363453  -0.00363453
    7    7
  0.04349917   0.00000000    -0.00751754   0.00000000     0.00000000  -0.00441349
 -0.00751754   0.00000000     0.04349917   0.00000000    -0.00000000  -0.00441349
  0.00000000   0.00441349    -0.00000000   0.00441349     0.01666330  -0.00000000

     Dynamical  Matrix in cartesian axes

     q = (   -0.108253200   0.108253200   0.000000000 ) 

    1    1
  0.05016621   0.00000000    -0.03449113  -0.00000000    -0.00000000   0.00000000
 -0.03449113  -0.00000000     0.05016621   0.00000000    -0.00000000   0.00000000
 -0.00000000   0.00000000    -0.00000000   0.00000000     0.01126463   0.00000000
    1    2
 -0.00969854  -0.01199739    -0.00017413   0.00813805     0.00000000  -0.00000000
  0.00647874   0.01191037     0.00008027  -0.00802453     0.00000000   0.00000000
  0.00000000   0.00000000     0.00000000  -0.00000000    -0.00334214   0.00861137
    1    3
 -0.00969854   0.01199739    -0.00017413  -0.00813805     0.00000000   0.00000000
  0.00647874  -0.01191037     0.00008027   0.00802453     0.00000000   0.00000000
  0.00000000   0.00000000    -0.00000000   0.00000000    -0.00334214  -0.00861137
    1    4
  0.00008027  -0.00802453     0.00647874   0.01191037     0.00000000  -0.00000000
 -0.00017413   0.00813805    -0.00969854  -0.01199739     0.00000000  -0.00000000
  0.00000000  -0.00000000     0.00000000  -0.00000000    -0.00334214   0.00861137
    1    5
  0.00008027   0.00802453     0.00647874  -0.01191037     0.00000000   0.00000000
 -0.00017413  -0.00813805    -0.00969854   0.01199739     0.00000000   0.00000000
  0.00000000   0.00000000     0.00000000   0.00000000    -0.00334214  -0.00861137
    1    6
  0.00311785  -0.00129146    -0.00288894   0.00119664    -0.00026465  -0.00063892
 -0.00288894   0.00119664     0.00311785  -0.00129146    -0.00026465  -0.00063892
 -0.00322418  -0.00778385    -0.00322418  -0.00778385    -0.00388122   0.00160766
    1    7
  0.00311785   0.00129146    -0.00288894  -0.00119664    -0.00026465   0.00063892
 -0.00288894  -0.00119664     0.00311785   0.00129146    -0.00026465   0.00063892
