  3.000000000000000E-002   1.26007061404212        2.36059544634539     
          12

     Dynamical  Matrix in cartesian axes

     q = (   -0.866025400  -0.324759500  -0.324759500 ) 

    1    1
  0.02003022   0.00000000     0.00000000  -0.00000000    -0.00000000   0.00000000
  0.00000000  -0.00000000     0.15119128   0.00000000    -0.01958783   0.00000000
 -0.00000000   0.00000000    -0.01958783  -0.00000000     0.15119128  -0.00000000
    1    2
  0.00000000   0.00000000    -0.00722504   0.00299271    -0.00722504   0.00299271
 -0.01303848   0.00540072     0.00600080   0.01448720    -0.00535609  -0.01293075
 -0.01303848   0.00540072     0.00535609   0.01293075    -0.00600080  -0.01448720
    1    3
  0.00000000   0.00000000    -0.00722504   0.00299271    -0.00722504   0.00299271
 -0.01303848   0.00540072    -0.00600080  -0.01448720     0.00535609   0.01293075
 -0.01303848   0.00540072    -0.00535609  -0.01293075     0.00600080   0.01448720
    1    4
 -0.00526743   0.00321647    -0.00000000   0.00000000     0.00000000  -0.00000000
 -0.00000000  -0.00000000    -0.02066114   0.02471776    -0.01970543  -0.02391124
  0.00000000  -0.00000000     0.01373806   0.03891309     0.02305374  -0.01711982
    1    5
 -0.00599902   0.00145025     0.00000000   0.00000000    -0.00000000   0.00000000
  0.00000000  -0.00000000    -0.03208773  -0.00286846     0.00297397   0.03084164
 -0.00000000   0.00000000    -0.01780144  -0.03722998     0.02840699  -0.00419592
    1    6
 -0.00599902   0.00145025    -0.00000000  -0.00000000     0.00000000   0.00000000
 -0.00000000   0.00000000     0.02840699  -0.00419592    -0.01780144  -0.03722998
  0.00000000  -0.00000000     0.00297397   0.03084164    -0.03208773  -0.00286846
    1    7
 -0.00526743   0.00321647     0.00000000  -0.00000000    -0.00000000   0.00000000
  0.00000000  -0.00000000     0.02305374  -0.01711982     0.01373806   0.03891309
 -0.00000000  -0.00000000    -0.01970543  -0.02391124    -0.02066114   0.02471776
    2    1
  0.00000000  -0.00000000    -0.01303848  -0.00540072    -0.01303848  -0.00540072
 -0.00722504  -0.00299271     0.00600080  -0.01448720     0.00535609  -0.01293075
 -0.00722504  -0.00299271    -0.00535609   0.01293075    -0.00600080   0.01448720
    2    2
  0.01214898   0.00000000     0.00000000  -0.00290727    -0.00000000   0.00290727
  0.00000000   0.00290727     0.04063458  -0.00000000    -0.01076367   0.00000000
 -0.00000000  -0.00290727    -0.01076367   0.00000000     0.04063458   0.00000000
    2    3
 -0.00279129   0.00000000     0.00000000   0.00296924    -0.00000000  -0.00296924
  0.00000000   0.00296924     0.00488467  -0.00000000    -0.01147995   0.00000000
 -0.00000000  -0.00296924    -0.01147995   0.00000000     0.00488467  -0.00000000
    2    4
  0.00165515  -0.00131680     0.00575948  -0.00611103    -0.00338497   0.00248745
  0.02300584   0.00023007     0.01918883  -0.00418781    -0.00608727  -0.00426722
 -0.01327282   0.00077616    -0.00297347  -0.00421507     0.00719084  -0.00212873
    2    5
 -0.00165515  -0.00131680     0.00575948   0.00611103    -0.00338497  -0.00248745
  0.02300584  -0.00023007    -0.01918883  -0.00418781     0.00608727  -0.00426722
 -0.01327282  -0.00077616     0.00297347  -0.00421507    -0.00719084  -0.00212873
    2    6
  0.00165515   0.00131680    -0.00338497  -0.00248745     0.00575948   0.00611103
 -0.01327282  -0.00077616     0.00719084   0.00212873    -0.00297347   0.00421507
  0.02300584  -0.00023007    -0.00608727   0.00426722     0.01918883   0.00418781
    2    7
 -0.00165515   0.00131680    -0.00338497   0.00248745     0.00575948  -0.00611103
 -0.01327282   0.00077616    -0.00719084   0.00212873     0.00297347   0.00421507
  0.02300584   0.00023007     0.00608727   0.00426722    -0.01918883   0.00418781
    3    1
  0.00000000  -0.00000000    -0.01303848  -0.00540072    -0.01303848  -0.00540072
 -0.00722504  -0.00299271    -0.00600080   0.01448720    -0.00535609   0.01293075
 -0.00722504  -0.00299271     0.00535609  -0.01293075     0.00600080  -0.01448720
    3    2
 -0.00279129  -0.00000000     0.00000000  -0.00296924    -0.00000000   0.00296924
  0.00000000  -0.00296924     0.00488467   0.00000000    -0.01147995  -0.00000000
 -0.00000000   0.00296924    -0.01147995  -0.00000000     0.00488467   0.00000000
    3    3
  0.01214898  -0.00000000     0.00000000   0.00290727    -0.00000000  -0.00290727
  0.00000000  -0.00290727     0.04063458  -0.00000000    -0.01076367   0.00000000
 -0.00000000   0.00290727    -0.01076367  -0.00000000     0.04063458  -0.00000000
    3    4
 -0.00165515   0.00131680     0.00575948  -0.00611103    -0.00338497   0.00248745
  0.02300584   0.00023007    -0.01918883   0.00418781     0.00608727   0.00426722
 -0.01327282   0.00077616     0.00297347   0.00421507    -0.00719084   0.00212873
    3    5
  0.00165515   0.00131680     0.00575948   0.00611103    -0.00338497  -0.00248745
  0.02300584  -0.00023007     0.01918883   0.00418781    -0.00608727   0.00426722
 -0.01327282  -0.00077616    -0.00297347   0.00421507     0.00719084   0.00212873
    3    6
 -0.00165515  -0.00131680    -0.00338497  -0.00248745     0.00575948   0.00611103
 -0.01327282  -0.00077616    -0.00719084  -0.00212873     0.00297347  -0.00421507
  0.02300584  -0.00023007     0.00608727  -0.00426722    -0.01918883  -0.00418781
    3    7
  0.00165515  -0.00131680    -0.00338497   0.00248745     0.00575948  -0.00611103
 -0.01327282   0.00077616     0.00719084  -0.00212873    -0.00297347  -0.00421507
  0.02300584   0.00023007    -0.00608727  -0.00426722     0.01918883  -0.00418781
    4    1
 -0.00526743  -0.00321647    -0.00000000   0.00000000     0.00000000   0.00000000
 -0.00000000  -0.00000000    -0.02066114  -0.02471776     0.01373806  -0.03891309
  0.00000000   0.00000000    -0.01970543   0.02391124     0.02305374   0.01711982
    4    2
  0.00165515   0.00131680     0.02300584  -0.00023007    -0.01327282  -0.00077616
  0.00575948   0.00611103     0.01918883   0.00418781    -0.00297347   0.00421507
 -0.00338497  -0.00248745    -0.00608727   0.00426722     0.00719084   0.00212873
    4    3
 -0.00165515  -0.00131680     0.02300584  -0.00023007    -0.01327282  -0.00077616
  0.00575948   0.00611103    -0.01918883  -0.00418781     0.00297347  -0.00421507
 -0.00338497  -0.00248745     0.00608727  -0.00426722    -0.00719084  -0.00212873
    4    4
  0.03005318  -0.00000000     0.00000000  -0.00000000    -0.00000000  -0.00000000
 -0.00000000   0.00000000     0.05492261   0.00000000    -0.00926408  -0.00750106
 -0.00000000  -0.00000000    -0.00926408   0.00750106     0.05947394   0.00000000
    4    5
  0.02507458   0.00011398     0.00000000  -0.00000000     0.00000000  -0.00000000
  0.00000000  -0.00000000    -0.01241992  -0.00608423     0.01466405  -0.01612658
  0.00000000  -0.00000000     0.01466405  -0.01612658    -0.01598962   0.01410414
    4    6
 -0.01696878  -0.00248376    -0.00000000   0.00000000    -0.00000000   0.00000000
 -0.00000000   0.00000000     0.00081708   0.00565382    -0.01171681   0.02249301
 -0.00000000   0.00000000    -0.03440962   0.03260170     0.00081708   0.00565382
    4    7
 -0.01723541   0.00000000    -0.00000000  -0.00000000     0.00000000  -0.00000000
  0.00000000  -0.00000000    -0.03418397   0.00020601     0.01494794  -0.00000000
  0.00000000   0.00000000     0.02962873  -0.00000000    -0.03418397  -0.00020601
    5    1
 -0.00599902  -0.00145025     0.00000000   0.00000000    -0.00000000  -0.00000000
  0.00000000  -0.00000000    -0.03208773   0.00286846    -0.01780144   0.03722998
 -0.00000000   0.00000000     0.00297397  -0.03084164     0.02840699   0.00419592
    5    2
 -0.00165515   0.00131680     0.02300584   0.00023007    -0.01327282   0.00077616
  0.00575948  -0.00611103    -0.01918883   0.00418781     0.00297347   0.00421507
 -0.00338497   0.00248745     0.00608727   0.00426722    -0.00719084   0.00212873
    5    3
  0.00165515  -0.00131680     0.02300584   0.00023007    -0.01327282   0.00077616
  0.00575948  -0.00611103     0.01918883  -0.00418781    -0.00297347  -0.00421507
 -0.00338497   0.00248745    -0.00608727  -0.00426722     0.00719084  -0.00212873
    5    4
  0.02507458  -0.00011398     0.00000000   0.00000000     0.00000000   0.00000000
  0.00000000   0.00000000    -0.01241992   0.00608423     0.01466405   0.01612658
  0.00000000   0.00000000     0.01466405   0.01612658    -0.01598962  -0.01410414
    5    5
  0.03005318   0.00000000    -0.00000000  -0.00000000    -0.00000000  -0.00000000
 -0.00000000  -0.00000000     0.05492261  -0.00000000    -0.00926408   0.00750106
 -0.00000000   0.00000000    -0.00926408  -0.00750106     0.05947394   0.00000000
    5    6
 -0.01723541   0.00000000    -0.00000000   0.00000000     0.00000000  -0.00000000
  0.00000000   0.00000000    -0.03418397  -0.00020601     0.01494794   0.00000000
  0.00000000  -0.00000000     0.02962873  -0.00000000    -0.03418397   0.00020601
    5    7
 -0.01696878   0.00248376    -0.00000000  -0.00000000    -0.00000000  -0.00000000
 -0.00000000  -0.00000000     0.00081708  -0.00565382    -0.01171681  -0.02249301
 -0.00000000  -0.00000000    -0.03440962  -0.03260170     0.00081708  -0.00565382
    6    1
 -0.00599902  -0.00145025     0.00000000  -0.00000000     0.00000000  -0.00000000
  0.00000000   0.00000000     0.02840699   0.00419592     0.00297397  -0.03084164
  0.00000000  -0.00000000    -0.01780144   0.03722998    -0.03208773   0.00286846
    6    2
  0.00165515  -0.00131680    -0.01327282   0.00077616     0.02300584   0.00023007
 -0.00338497   0.00248745     0.00719084  -0.00212873    -0.00608727  -0.00426722
  0.00575948  -0.00611103    -0.00297347  -0.00421507     0.01918883  -0.00418781
    6    3
 -0.00165515   0.00131680    -0.01327282   0.00077616     0.02300584   0.00023007
 -0.00338497   0.00248745    -0.00719084   0.00212873     0.00608727   0.00426722
  0.00575948  -0.00611103     0.00297347   0.00421507    -0.01918883   0.00418781
    6    4
 -0.01696878   0.00248376    -0.00000000  -0.00000000    -0.00000000  -0.00000000
 -0.00000000  -0.00000000     0.00081708  -0.00565382    -0.03440962  -0.03260170
 -0.00000000  -0.00000000    -0.01171681  -0.02249301     0.00081708  -0.00565382
    6    5
 -0.01723541  -0.00000000     0.00000000  -0.00000000     0.00000000   0.00000000
  0.00000000  -0.00000000    -0.03418397   0.00020601     0.02962873  -0.00000000
  0.00000000   0.00000000     0.01494794   0.00000000    -0.03418397  -0.00020601
    6    6
  0.03005318   0.00000000     0.00000000  -0.00000000    -0.00000000   0.00000000
  0.00000000   0.00000000     0.05947394   0.00000000    -0.00926408  -0.00750106
 -0.00000000  -0.00000000    -0.00926408   0.00750106     0.05492261   0.00000000
    6    7
  0.02507458  -0.00011398     0.00000000   0.00000000     0.00000000   0.00000000
  0.00000000   0.00000000    -0.01598962  -0.01410414     0.01466405   0.01612658
  0.00000000   0.00000000     0.01466405   0.01612658    -0.01241992   0.00608423
    7    1
 -0.00526743  -0.00321647     0.00000000   0.00000000    -0.00000000   0.00000000
  0.00000000   0.00000000     0.02305374   0.01711982    -0.01970543   0.02391124
 -0.00000000  -0.00000000     0.01373806  -0.03891309    -0.02066114  -0.02471776
    7    2
 -0.00165515  -0.00131680    -0.01327282  -0.00077616     0.02300584  -0.00023007
 -0.00338497  -0.00248745    -0.00719084  -0.00212873     0.00608727  -0.00426722
  0.00575948   0.00611103     0.00297347  -0.00421507    -0.01918883  -0.00418781
    7    3
  0.00165515   0.00131680    -0.01327282  -0.00077616     0.02300584  -0.00023007
 -0.00338497  -0.00248745     0.00719084   0.00212873    -0.00608727   0.00426722
  0.00575948   0.00611103    -0.00297347   0.00421507     0.01918883   0.00418781
    7    4
 -0.01723541  -0.00000000    -0.00000000   0.00000000     0.00000000  -0.00000000
 -0.00000000   0.00000000    -0.03418397  -0.00020601     0.02962873   0.00000000
  0.00000000   0.00000000     0.01494794   0.00000000    -0.03418397   0.00020601
    7    5
 -0.01696878  -0.00248376    -0.00000000   0.00000000    -0.00000000   0.00000000
 -0.00000000   0.00000000     0.00081708   0.00565382    -0.03440962   0.03260170
 -0.00000000   0.00000000    -0.01171681   0.02249301     0.00081708   0.00565382
    7    6
  0.02507458   0.00011398     0.00000000  -0.00000000     0.00000000  -0.00000000
  0.00000000  -0.00000000    -0.01598962   0.01410414     0.01466405  -0.01612658
  0.00000000  -0.00000000     0.01466405  -0.01612658    -0.01241992  -0.00608423
    7    7
  0.03005318  -0.00000000     0.00000000   0.00000000    -0.00000000   0.00000000
  0.00000000  -0.00000000     0.05947394  -0.00000000    -0.00926408   0.00750106
 -0.00000000   0.00000000    -0.00926408  -0.00750106     0.05492261   0.00000000

     Dynamical  Matrix in cartesian axes

     q = (   -0.324759500  -0.866025400   0.324759500 ) 

    1    1
  0.15119128   0.00000000    -0.00000000  -0.00000000     0.01958783  -0.00000000
 -0.00000000   0.00000000     0.02003022   0.00000000    -0.00000000   0.00000000
  0.01958783   0.00000000    -0.00000000  -0.00000000     0.15119128  -0.00000000
    1    2
  0.02066114   0.02471776     0.00000000  -0.00000000    -0.01970542   0.02391124
 -0.00000000  -0.00000000     0.00526743   0.00321647     0.00000000  -0.00000000
  0.01373806  -0.03891309     0.00000000   0.00000000    -0.02305374  -0.01711982
    1    3
 -0.02066114   0.02471776    -0.00000000  -0.00000000     0.01970543   0.02391124
 -0.00000000   0.00000000    -0.00526743   0.00321647    -0.00000000   0.00000000
 -0.01373806  -0.03891309    -0.00000000   0.00000000     0.02305374  -0.01711982
    1    4
 -0.00600080  -0.01448720    -0.01303848   0.00540072    -0.00535609  -0.01293075
 -0.00722504   0.00299271     0.00000000   0.00000000     0.00722504  -0.00299271
  0.00535609   0.01293075     0.01303848  -0.00540072     0.00600080   0.01448720
    1    5
  0.00600080  -0.01448720     0.01303848   0.00540072     0.00535609  -0.01293075
  0.00722504   0.00299271     0.00000000  -0.00000000    -0.00722504  -0.00299271
 -0.00535609   0.01293075    -0.01303848  -0.00540072    -0.00600080   0.01448720
    1    6
  0.02305374   0.01711982     0.00000000  -0.00000000    -0.01373806   0.03891309
 -0.00000000   0.00000000    -0.00526743  -0.00321647     0.00000000   0.00000000
  0.01970542  -0.02391124     0.00000000   0.00000000    -0.02066115  -0.02471776
    1    7
 -0.02305374   0.01711982    -0.00000000   0.00000000     0.01373806   0.03891309
 -0.00000000   0.00000000     0.00526743  -0.00321647    -0.00000000   0.00000000
 -0.01970542  -0.02391124    -0.00000000  -0.00000000     0.02066114  -0.02471776
    2    1
  0.02066114  -0.02471776    -0.00000000  -0.00000000     0.01373806   0.03891309
  0.00000000   0.00000000     0.00526743  -0.00321647     0.00000000  -0.00000000
 -0.01970542  -0.02391124     0.00000000  -0.00000000    -0.02305374   0.01711982
    2    2
  0.05492261  -0.00000000     0.00000000  -0.00000000     0.00926408  -0.00750106
  0.00000000  -0.00000000     0.03005318   0.00000000    -0.00000000   0.00000000
  0.00926408   0.00750106     0.00000000  -0.00000000     0.05947394   0.00000000
    2    3
  0.00448001  -0.01308441    -0.00000000   0.00000000     0.02177226   0.00103416
 -0.00000000   0.00000000    -0.01764981   0.01781101     0.00000000  -0.00000000
  0.02177226   0.00103416     0.00000000  -0.00000000     0.02127950  -0.00133324
    2    4
 -0.01060732   0.01652978     0.00024859   0.00839372    -0.00508306  -0.00087794
 -0.01643027   0.01610490    -0.00023925   0.00210149    -0.00883647   0.00993413
 -0.00732173   0.00128697    -0.00063465   0.00415243    -0.00357945   0.00658993
    2    5
 -0.01918883   0.00418781     0.00575948  -0.00611103    -0.00297347  -0.00421507
  0.02300584   0.00023007    -0.00165515   0.00131680     0.01327282  -0.00077616
 -0.00608727  -0.00426722     0.00338497  -0.00248745    -0.00719084   0.00212873
    2    6
  0.03418397   0.00020601    -0.00000000  -0.00000000     0.01494794  -0.00000000
 -0.00000000  -0.00000000     0.01723541  -0.00000000    -0.00000000   0.00000000
  0.02962873  -0.00000000    -0.00000000   0.00000000     0.03418397  -0.00020601
    2    7
 -0.00342010  -0.00457561    -0.00000000  -0.00000000     0.02419000   0.00761992
 -0.00000000   0.00000000    -0.01024245   0.01375502     0.00000000   0.00000000
  0.04738416  -0.00127840     0.00000000  -0.00000000    -0.00342010  -0.00457561
    3    1
 -0.02066114  -0.02471776    -0.00000000  -0.00000000    -0.01373806   0.03891309
 -0.00000000   0.00000000    -0.00526743  -0.00321647    -0.00000000  -0.00000000
  0.01970543  -0.02391124    -0.00000000  -0.00000000     0.02305374   0.01711982
    3    2
  0.00448001   0.01308441    -0.00000000  -0.00000000     0.02177226  -0.00103416
 -0.00000000  -0.00000000    -0.01764981  -0.01781101     0.00000000   0.00000000
  0.02177226  -0.00103416     0.00000000   0.00000000     0.02127950   0.00133324
    3    3
  0.05492261  -0.00000000    -0.00000000  -0.00000000     0.00926408   0.00750106
 -0.00000000   0.00000000     0.03005318  -0.00000000    -0.00000000   0.00000000
  0.00926408  -0.00750106    -0.00000000   0.00000000     0.05947394   0.00000000
    3    4
 -0.01918883  -0.00418781     0.00575948   0.00611103    -0.00297347   0.00421507
  0.02300584  -0.00023007    -0.00165515  -0.00131680     0.01327282   0.00077616
 -0.00608727   0.00426722     0.00338497   0.00248745    -0.00719084  -0.00212873
    3    5
 -0.01060732  -0.01652978     0.00024859  -0.00839372    -0.00508306   0.00087794
 -0.01643027  -0.01610490    -0.00023925  -0.00210149    -0.00883647  -0.00993413
 -0.00732173  -0.00128697    -0.00063465  -0.00415243    -0.00357945  -0.00658993
    3    6
 -0.00342010   0.00457561    -0.00000000   0.00000000     0.02419000  -0.00761992
 -0.00000000  -0.00000000    -0.01024245  -0.01375502     0.00000000  -0.00000000
  0.04738416   0.00127840     0.00000000   0.00000000    -0.00342010   0.00457561
    3    7
  0.03418397  -0.00020601    -0.00000000  -0.00000000     0.01494794   0.00000000
 -0.00000000   0.00000000     0.01723541   0.00000000    -0.00000000   0.00000000
  0.02962873   0.00000000    -0.00000000  -0.00000000     0.03418397   0.00020601
    4    1
 -0.00600080   0.01448720    -0.00722504  -0.00299271     0.00535609  -0.01293075
 -0.01303848  -0.00540072     0.00000000  -0.00000000     0.01303848   0.00540072
 -0.00535609   0.01293075     0.00722504   0.00299271     0.00600080  -0.01448720
    4    2
 -0.01060732  -0.01652978    -0.01643027  -0.01610490    -0.00732173  -0.00128697
  0.00024859  -0.00839372    -0.00023925  -0.00210149    -0.00063465  -0.00415243
 -0.00508306   0.00087794    -0.00883647  -0.00993413    -0.00357945  -0.00658993
    4    3
 -0.01918883   0.00418781     0.02300584   0.00023007    -0.00608727  -0.00426722
  0.00575948  -0.00611103    -0.00165515   0.00131680     0.00338497  -0.00248745
 -0.00297347  -0.00421507     0.01327282  -0.00077616    -0.00719084   0.00212873
    4    4
  0.04063458   0.00000000    -0.00000000  -0.00290727     0.01076367   0.00000000
 -0.00000000   0.00290727     0.01214898   0.00000000    -0.00000000   0.00290727
  0.01076367   0.00000000    -0.00000000  -0.00290727     0.04063458  -0.00000000
    4    5
 -0.00345398  -0.00345398    -0.00209957   0.00209957    -0.00811755  -0.00811756
 -0.00209957   0.00209957     0.00197374   0.00197374    -0.00209957   0.00209957
 -0.00811755  -0.00811756    -0.00209957   0.00209957    -0.00345398  -0.00345398
    4    6
 -0.00357945  -0.00658993    -0.00883647  -0.00993413    -0.00508306   0.00087794
 -0.00063465  -0.00415243    -0.00023925  -0.00210149     0.00024859  -0.00839372
 -0.00732173  -0.00128697    -0.01643027  -0.01610490    -0.01060732  -0.01652978
    4    7
 -0.00719084   0.00212873     0.01327282  -0.00077616    -0.00297347  -0.00421507
  0.00338497  -0.00248745    -0.00165515   0.00131680     0.00575948  -0.00611103
 -0.00608727  -0.00426722     0.02300584   0.00023007    -0.01918883   0.00418781
    5    1
  0.00600080   0.01448720     0.00722504  -0.00299271    -0.00535609  -0.01293075
  0.01303848  -0.00540072     0.00000000   0.00000000    -0.01303848   0.00540072
  0.00535609   0.01293075    -0.00722504   0.00299271    -0.00600080  -0.01448720
    5    2
 -0.01918883  -0.00418781     0.02300584  -0.00023007    -0.00608727   0.00426722
  0.00575948   0.00611103    -0.00165515  -0.00131680     0.00338497   0.00248745
 -0.00297347   0.00421507     0.01327282   0.00077616    -0.00719084  -0.00212873
    5    3
 -0.01060732   0.01652978    -0.01643027   0.01610490    -0.00732173   0.00128697
  0.00024859   0.00839372    -0.00023925   0.00210149    -0.00063465   0.00415243
 -0.00508306  -0.00087794    -0.00883647   0.00993413    -0.00357945   0.00658993
    5    4
 -0.00345398   0.00345398    -0.00209957  -0.00209957    -0.00811755   0.00811756
 -0.00209957  -0.00209957     0.00197374  -0.00197374    -0.00209957  -0.00209957
 -0.00811755   0.00811756    -0.00209957  -0.00209957    -0.00345398   0.00345398
    5    5
  0.04063458  -0.00000000     0.00000000   0.00290727     0.01076367   0.00000000
  0.00000000  -0.00290727     0.01214898   0.00000000    -0.00000000  -0.00290727
  0.01076367  -0.00000000    -0.00000000   0.00290727     0.04063458   0.00000000
    5    6
 -0.00719084  -0.00212873     0.01327282   0.00077616    -0.00297347   0.00421507
  0.00338497   0.00248745    -0.00165515  -0.00131680     0.00575948   0.00611103
 -0.00608727   0.00426722     0.02300584  -0.00023007    -0.01918883  -0.00418781
    5    7
 -0.00357945   0.00658993    -0.00883647   0.00993413    -0.00508306  -0.00087794
 -0.00063465   0.00415243    -0.00023925   0.00210149     0.00024859   0.00839372
 -0.00732173   0.00128697    -0.01643027   0.01610490    -0.01060732   0.01652978
    6    1
  0.02305374  -0.01711982    -0.00000000   0.00000000     0.01970542   0.02391124
  0.00000000   0.00000000    -0.00526743   0.00321647     0.00000000  -0.00000000
 -0.01373806  -0.03891309     0.00000000   0.00000000    -0.02066115   0.02471776
    6    2
  0.03418397  -0.00020601    -0.00000000   0.00000000     0.02962873   0.00000000
 -0.00000000   0.00000000     0.01723541   0.00000000    -0.00000000  -0.00000000
  0.01494794   0.00000000    -0.00000000   0.00000000     0.03418397   0.00020601
    6    3
 -0.00342010  -0.00457561    -0.00000000   0.00000000     0.04738416  -0.00127840
 -0.00000000  -0.00000000    -0.01024245   0.01375502     0.00000000  -0.00000000
  0.02419000   0.00761992     0.00000000   0.00000000    -0.00342010  -0.00457561
    6    4
 -0.00357945   0.00658993    -0.00063465   0.00415243    -0.00732173   0.00128697
 -0.00883647   0.00993413    -0.00023925   0.00210149    -0.01643027   0.01610490
 -0.00508306  -0.00087794     0.00024859   0.00839372    -0.01060732   0.01652978
    6    5
 -0.00719084   0.00212873     0.00338497  -0.00248745    -0.00608727  -0.00426722
  0.01327282  -0.00077616    -0.00165515   0.00131680     0.02300584   0.00023007
 -0.00297347  -0.00421507     0.00575948  -0.00611103    -0.01918883   0.00418781
    6    6
  0.05947394   0.00000000     0.00000000  -0.00000000     0.00926408   0.00750106
 -0.00000000   0.00000000     0.03005318   0.00000000    -0.00000000   0.00000000
  0.00926408  -0.00750106    -0.00000000   0.00000000     0.05492261   0.00000000
    6    7
  0.02127950  -0.00133324    -0.00000000   0.00000000     0.02177226   0.00103416
 -0.00000000   0.00000000    -0.01764981   0.01781101     0.00000000  -0.00000000
  0.02177226   0.00103416     0.00000000  -0.00000000     0.00448001  -0.01308441
    7    1
 -0.02305374  -0.01711982    -0.00000000  -0.00000000    -0.01970542   0.02391124
 -0.00000000  -0.00000000     0.00526743   0.00321647    -0.00000000   0.00000000
  0.01373806  -0.03891309    -0.00000000  -0.00000000     0.02066114   0.02471776
    7    2
 -0.00342010   0.00457561    -0.00000000  -0.00000000     0.04738416   0.00127840
 -0.00000000   0.00000000    -0.01024245  -0.01375502     0.00000000   0.00000000
  0.02419000  -0.00761992     0.00000000  -0.00000000    -0.00342010   0.00457561
    7    3
  0.03418397   0.00020601    -0.00000000  -0.00000000     0.02962873  -0.00000000
  0.00000000   0.00000000     0.01723541  -0.00000000    -0.00000000   0.00000000
  0.01494794  -0.00000000    -0.00000000  -0.00000000     0.03418397  -0.00020601
    7    4
 -0.00719084  -0.00212873     0.00338497   0.00248745    -0.00608727   0.00426722
  0.01327282   0.00077616    -0.00165515  -0.00131680     0.02300584  -0.00023007
 -0.00297347   0.00421507     0.00575948   0.00611103    -0.01918883  -0.00418781
    7    5
 -0.00357945  -0.00658993    -0.00063465  -0.00415243    -0.00732173  -0.00128697
 -0.00883647  -0.00993413    -0.00023925  -0.00210149    -0.01643027  -0.01610490
 -0.00508306   0.00087794     0.00024859  -0.00839372    -0.01060732  -0.01652978
    7    6
  0.02127950   0.00133324    -0.00000000  -0.00000000     0.02177226  -0.00103416
 -0.00000000  -0.00000000    -0.01764981  -0.01781101     0.00000000   0.00000000
  0.02177226  -0.00103416     0.00000000   0.00000000     0.00448001   0.01308441
    7    7
  0.05947394  -0.00000000     0.00000000   0.00000000     0.00926408  -0.00750106
  0.00000000  -0.00000000     0.03005318  -0.00000000    -0.00000000   0.00000000
  0.00926408   0.00750106    -0.00000000   0.00000000     0.05492261   0.00000000

     Dynamical  Matrix in cartesian axes

     q = (    0.324759500   0.866025400   0.324759500 ) 

    1    1
  0.15119128   0.00000000     0.00000000  -0.00000000    -0.01958783   0.00000000
  0.00000000  -0.00000000     0.02003022   0.00000000    -0.00000000   0.00000000
 -0.01958783  -0.00000000    -0.00000000   0.00000000     0.15119128  -0.00000000
    1    2
 -0.03208773   0.00286846    -0.00000000  -0.00000000     0.00297397  -0.03084164
 -0.00000000   0.00000000    -0.00599902  -0.00145025     0.00000000   0.00000000
 -0.01780144   0.03722998     0.00000000  -0.00000000     0.02840699   0.00419592
    1    3
 -0.02066114  -0.02471776     0.00000000  -0.00000000    -0.01970542   0.02391124
 -0.00000000   0.00000000    -0.00526743  -0.00321647    -0.00000000  -0.00000000
  0.01373806  -0.03891309    -0.00000000  -0.00000000     0.02305374   0.01711982
    1    4
 -0.00600080   0.01448720    -0.01303848  -0.00540072     0.00535609  -0.01293075
 -0.00722504  -0.00299271    -0.00000000   0.00000000    -0.00722504  -0.00299271
 -0.00535609   0.01293075    -0.01303848  -0.00540072     0.00600080  -0.01448720
    1    5
  0.00600080  -0.01448720    -0.01303848  -0.00540072    -0.00535609   0.01293075
 -0.00722504  -0.00299271    -0.00000000   0.00000000    -0.00722504  -0.00299271
  0.00535609  -0.01293075    -0.01303848  -0.00540072    -0.00600080   0.01448720
    1    6
  0.02305374   0.01711982    -0.00000000   0.00000000     0.01373806  -0.03891309
 -0.00000000  -0.00000000    -0.00526743  -0.00321647     0.00000000   0.00000000
 -0.01970542   0.02391124     0.00000000   0.00000000    -0.02066114  -0.02471776
    1    7
  0.02840699   0.00419592     0.00000000  -0.00000000    -0.01780144   0.03722998
  0.00000000   0.00000000    -0.00599902  -0.00145025    -0.00000000   0.00000000
  0.00297397  -0.03084164    -0.00000000  -0.00000000    -0.03208773   0.00286846
    2    1
 -0.03208773  -0.00286846    -0.00000000  -0.00000000    -0.01780144  -0.03722998
 -0.00000000   0.00000000    -0.00599902   0.00145025     0.00000000   0.00000000
  0.00297397   0.03084164     0.00000000  -0.00000000     0.02840699  -0.00419592
    2    2
  0.05492261   0.00000000    -0.00000000   0.00000000    -0.00926408  -0.00750106
 -0.00000000  -0.00000000     0.03005318  -0.00000000    -0.00000000   0.00000000
 -0.00926408   0.00750106    -0.00000000  -0.00000000     0.05947394  -0.00000000
    2    3
 -0.01241992  -0.00608423     0.00000000  -0.00000000     0.01466405  -0.01612658
  0.00000000  -0.00000000     0.02507458   0.00011398     0.00000000  -0.00000000
  0.01466405  -0.01612658     0.00000000  -0.00000000    -0.01598962   0.01410414
    2    4
  0.01918883   0.00418781     0.00575948   0.00611103    -0.00297347   0.00421507
  0.02300584  -0.00023007     0.00165515   0.00131680    -0.01327282  -0.00077616
 -0.00608727   0.00426722    -0.00338497  -0.00248745     0.00719084   0.00212873
    2    5
 -0.01918883  -0.00418781     0.00575948   0.00611103     0.00297347  -0.00421507
  0.02300584  -0.00023007    -0.00165515  -0.00131680    -0.01327282  -0.00077616
  0.00608727  -0.00426722    -0.00338497  -0.00248745    -0.00719084  -0.00212873
    2    6
  0.00081708   0.00565382    -0.00000000   0.00000000    -0.01171681   0.02249301
 -0.00000000   0.00000000    -0.01696878  -0.00248376    -0.00000000   0.00000000
 -0.03440962   0.03260170    -0.00000000   0.00000000     0.00081708   0.00565382
    2    7
 -0.03418397   0.00020601     0.00000000  -0.00000000     0.01494794  -0.00000000
 -0.00000000  -0.00000000    -0.01723541   0.00000000    -0.00000000   0.00000000
  0.02962873  -0.00000000     0.00000000   0.00000000    -0.03418397  -0.00020601
    3    1
 -0.02066114   0.02471776     0.00000000  -0.00000000     0.01373806   0.03891309
  0.00000000  -0.00000000    -0.00526743   0.00321647    -0.00000000   0.00000000
 -0.01970542  -0.02391124    -0.00000000   0.00000000     0.02305374  -0.01711982
    3    2
 -0.01241992   0.00608423     0.00000000   0.00000000     0.01466405   0.01612658
  0.00000000   0.00000000     0.02507458  -0.00011398     0.00000000   0.00000000
  0.01466405   0.01612658     0.00000000   0.00000000    -0.01598962  -0.01410414
    3    3
  0.05492261  -0.00000000    -0.00000000  -0.00000000    -0.00926408   0.00750106
 -0.00000000  -0.00000000     0.03005318   0.00000000    -0.00000000  -0.00000000
 -0.00926408  -0.00750106    -0.00000000   0.00000000     0.05947394   0.00000000
    3    4
 -0.01918883   0.00418781     0.00575948  -0.00611103     0.00297347   0.00421507
  0.02300584   0.00023007    -0.00165515   0.00131680    -0.01327282   0.00077616
  0.00608727   0.00426722    -0.00338497   0.00248745    -0.00719084   0.00212873
    3    5
  0.01918883  -0.00418781     0.00575948  -0.00611103    -0.00297347  -0.00421507
  0.02300584   0.00023007     0.00165515  -0.00131680    -0.01327282   0.00077616
 -0.00608727  -0.00426722    -0.00338497   0.00248745     0.00719084  -0.00212873
    3    6
 -0.03418397  -0.00020601     0.00000000   0.00000000     0.01494794  -0.00000000
 -0.00000000   0.00000000    -0.01723541   0.00000000    -0.00000000  -0.00000000
  0.02962873  -0.00000000     0.00000000  -0.00000000    -0.03418397   0.00020601
    3    7
  0.00081708  -0.00565382    -0.00000000  -0.00000000    -0.01171681  -0.02249301
 -0.00000000  -0.00000000    -0.01696878   0.00248376    -0.00000000  -0.00000000
 -0.03440962  -0.03260170    -0.00000000  -0.00000000     0.00081708  -0.00565382
    4    1
 -0.00600080  -0.01448720    -0.00722504   0.00299271    -0.00535609  -0.01293075
 -0.01303848   0.00540072    -0.00000000  -0.00000000    -0.01303848   0.00540072
  0.00535609   0.01293075    -0.00722504   0.00299271     0.00600080   0.01448720
    4    2
  0.01918883  -0.00418781     0.02300584   0.00023007    -0.00608727  -0.00426722
  0.00575948  -0.00611103     0.00165515  -0.00131680    -0.00338497   0.00248745
 -0.00297347  -0.00421507    -0.01327282   0.00077616     0.00719084  -0.00212873
    4    3
 -0.01918883  -0.00418781     0.02300584  -0.00023007     0.00608727  -0.00426722
  0.00575948   0.00611103    -0.00165515  -0.00131680    -0.00338497  -0.00248745
  0.00297347  -0.00421507    -0.01327282  -0.00077616    -0.00719084  -0.00212873
    4    4
  0.04063458  -0.00000000     0.00000000   0.00290727    -0.01076367   0.00000000
  0.00000000  -0.00290727     0.01214898   0.00000000    -0.00000000   0.00290727
 -0.01076367   0.00000000    -0.00000000  -0.00290727     0.04063458   0.00000000
    4    5
  0.00488467   0.00000000     0.00000000   0.00296924    -0.01147995  -0.00000000
  0.00000000   0.00296924    -0.00279129  -0.00000000     0.00000000  -0.00296924
 -0.01147995  -0.00000000     0.00000000  -0.00296924     0.00488467   0.00000000
    4    6
  0.00719084   0.00212873    -0.01327282  -0.00077616    -0.00297347   0.00421507
 -0.00338497  -0.00248745     0.00165515   0.00131680     0.00575948   0.00611103
 -0.00608727   0.00426722     0.02300584  -0.00023007     0.01918883   0.00418781
    4    7
 -0.00719084   0.00212873    -0.01327282   0.00077616     0.00297347   0.00421507
 -0.00338497   0.00248745    -0.00165515   0.00131680     0.00575948  -0.00611103
  0.00608727   0.00426722     0.02300584   0.00023007    -0.01918883   0.00418781
    5    1
  0.00600080   0.01448720    -0.00722504   0.00299271     0.00535609   0.01293075
 -0.01303848   0.00540072    -0.00000000  -0.00000000    -0.01303848   0.00540072
 -0.00535609  -0.01293075    -0.00722504   0.00299271    -0.00600080  -0.01448720
    5    2
 -0.01918883   0.00418781     0.02300584   0.00023007     0.00608727   0.00426722
  0.00575948  -0.00611103    -0.00165515   0.00131680    -0.00338497   0.00248745
  0.00297347   0.00421507    -0.01327282   0.00077616    -0.00719084   0.00212873
    5    3
  0.01918883   0.00418781     0.02300584  -0.00023007    -0.00608727   0.00426722
  0.00575948   0.00611103     0.00165515   0.00131680    -0.00338497  -0.00248745
 -0.00297347   0.00421507    -0.01327282  -0.00077616     0.00719084   0.00212873
    5    4
  0.00488467  -0.00000000     0.00000000  -0.00296924    -0.01147995   0.00000000
  0.00000000  -0.00296924    -0.00279129   0.00000000     0.00000000   0.00296924
 -0.01147995   0.00000000     0.00000000   0.00296924     0.00488467  -0.00000000
    5    5
  0.04063458  -0.00000000     0.00000000  -0.00290727    -0.01076367   0.00000000
 -0.00000000   0.00290727     0.01214898  -0.00000000    -0.00000000  -0.00290727
 -0.01076367  -0.00000000    -0.00000000   0.00290727     0.04063458   0.00000000
    5    6
 -0.00719084  -0.00212873    -0.01327282  -0.00077616     0.00297347  -0.00421507
 -0.00338497  -0.00248745    -0.00165515  -0.00131680     0.00575948   0.00611103
  0.00608727  -0.00426722     0.02300584  -0.00023007    -0.01918883  -0.00418781
    5    7
  0.00719084  -0.00212873    -0.01327282   0.00077616    -0.00297347  -0.00421507
 -0.00338497   0.00248745     0.00165515  -0.00131680     0.00575948  -0.00611103
 -0.00608727  -0.00426722     0.02300584   0.00023007     0.01918883  -0.00418781
    6    1
  0.02305374  -0.01711982    -0.00000000   0.00000000    -0.01970542  -0.02391124
 -0.00000000  -0.00000000    -0.00526743   0.00321647     0.00000000  -0.00000000
  0.01373806   0.03891309     0.00000000  -0.00000000    -0.02066114   0.02471776
    6    2
  0.00081708  -0.00565382    -0.00000000  -0.00000000    -0.03440962  -0.03260170
 -0.00000000  -0.00000000    -0.01696878   0.00248376    -0.00000000  -0.00000000
 -0.01171681  -0.02249301    -0.00000000  -0.00000000     0.00081708  -0.00565382
    6    3
 -0.03418397   0.00020601     0.00000000  -0.00000000     0.02962873   0.00000000
  0.00000000  -0.00000000    -0.01723541  -0.00000000     0.00000000   0.00000000
  0.01494794   0.00000000     0.00000000   0.00000000    -0.03418397  -0.00020601
    6    4
  0.00719084  -0.00212873    -0.00338497   0.00248745    -0.00608727  -0.00426722
 -0.01327282   0.00077616     0.00165515  -0.00131680     0.02300584   0.00023007
 -0.00297347  -0.00421507     0.00575948  -0.00611103     0.01918883  -0.00418781
    6    5
 -0.00719084   0.00212873    -0.00338497   0.00248745     0.00608727   0.00426722
 -0.01327282   0.00077616    -0.00165515   0.00131680     0.02300584   0.00023007
  0.00297347   0.00421507     0.00575948  -0.00611103    -0.01918883   0.00418781
    6    6
  0.05947394   0.00000000     0.00000000   0.00000000    -0.00926408  -0.00750106
  0.00000000  -0.00000000     0.03005318   0.00000000    -0.00000000   0.00000000
 -0.00926408   0.00750106    -0.00000000   0.00000000     0.05492261   0.00000000
    6    7
 -0.01598962  -0.01410414     0.00000000   0.00000000     0.01466405   0.01612658
  0.00000000   0.00000000     0.02507458  -0.00011398     0.00000000   0.00000000
  0.01466405   0.01612658     0.00000000   0.00000000    -0.01241992   0.00608423
    7    1
  0.02840699  -0.00419592     0.00000000  -0.00000000     0.00297397   0.03084164
  0.00000000   0.00000000    -0.00599902   0.00145025    -0.00000000   0.00000000
 -0.01780144  -0.03722998    -0.00000000  -0.00000000    -0.03208773  -0.00286846
    7    2
 -0.03418397  -0.00020601    -0.00000000   0.00000000     0.02962873   0.00000000
 -0.00000000   0.00000000    -0.01723541  -0.00000000     0.00000000  -0.00000000
  0.01494794   0.00000000     0.00000000  -0.00000000    -0.03418397   0.00020601
    7    3
  0.00081708   0.00565382    -0.00000000   0.00000000    -0.03440962   0.03260170
 -0.00000000   0.00000000    -0.01696878  -0.00248376    -0.00000000   0.00000000
 -0.01171681   0.02249301    -0.00000000   0.00000000     0.00081708   0.00565382
    7    4
 -0.00719084  -0.00212873    -0.00338497  -0.00248745     0.00608727  -0.00426722
 -0.01327282  -0.00077616    -0.00165515  -0.00131680     0.02300584  -0.00023007
  0.00297347  -0.00421507     0.00575948   0.00611103    -0.01918883  -0.00418781
    7    5
  0.00719084   0.00212873    -0.00338497  -0.00248745    -0.00608727   0.00426722
 -0.01327282  -0.00077616     0.00165515   0.00131680     0.02300584  -0.00023007
 -0.00297347   0.00421507     0.00575948   0.00611103     0.01918883   0.00418781
    7    6
 -0.01598962   0.01410414     0.00000000  -0.00000000     0.01466405  -0.01612658
  0.00000000  -0.00000000     0.02507458   0.00011398     0.00000000  -0.00000000
  0.01466405  -0.01612658     0.00000000  -0.00000000    -0.01241992  -0.00608423
    7    7
  0.05947394   0.00000000     0.00000000  -0.00000000    -0.00926408   0.00750106
  0.00000000   0.00000000     0.03005318  -0.00000000    -0.00000000   0.00000000
 -0.00926408  -0.00750106    -0.00000000   0.00000000     0.05492261   0.00000000

     Dynamical  Matrix in cartesian axes

     q = (   -0.324759500   0.866025400  -0.324759500 ) 

    1    1
  0.15119128   0.00000000     0.00000000  -0.00000000    -0.01958783   0.00000000
  0.00000000  -0.00000000     0.02003022   0.00000000    -0.00000000  -0.00000000
 -0.01958783   0.00000000    -0.00000000  -0.00000000     0.15119128   0.00000000
    1    2
 -0.03208773  -0.00286846     0.00000000  -0.00000000     0.00297397   0.03084164
  0.00000000   0.00000000    -0.00599902   0.00145025    -0.00000000   0.00000000
 -0.01780144  -0.03722998    -0.00000000   0.00000000     0.02840699  -0.00419592
    1    3
 -0.02066114   0.02471776     0.00000000   0.00000000    -0.01970542  -0.02391124
  0.00000000  -0.00000000    -0.00526743   0.00321647    -0.00000000   0.00000000
  0.01373806   0.03891309    -0.00000000   0.00000000     0.02305374  -0.01711982
    1    4
 -0.00600080  -0.01448720    -0.01303848   0.00540072     0.00535609   0.01293075
 -0.00722504   0.00299271    -0.00000000  -0.00000000    -0.00722504   0.00299271
 -0.00535609  -0.01293075    -0.01303848   0.00540072     0.00600080   0.01448720
    1    5
  0.00600080   0.01448720    -0.01303848   0.00540072    -0.00535609  -0.01293075
 -0.00722504   0.00299271    -0.00000000  -0.00000000    -0.00722504   0.00299271
  0.00535609   0.01293075    -0.01303848   0.00540072    -0.00600080  -0.01448720
    1    6
  0.02305374  -0.01711982    -0.00000000   0.00000000     0.01373806   0.03891309
 -0.00000000   0.00000000    -0.00526743   0.00321647     0.00000000  -0.00000000
 -0.01970542  -0.02391124     0.00000000   0.00000000    -0.02066114   0.02471776
    1    7
  0.02840699  -0.00419592    -0.00000000   0.00000000    -0.01780144  -0.03722998
 -0.00000000  -0.00000000    -0.00599902   0.00145025     0.00000000   0.00000000
