  5.000000000000000E-002   1.25977579764806        2.43615232611498     
           8

     Dynamical  Matrix in cartesian axes

     q = (    0.216506400   0.216506400   0.216506400 ) 

    1    1
  0.04674390   0.00000000     0.00023130   0.00000000     0.00023130  -0.00000000
  0.00023130  -0.00000000     0.04674390  -0.00000000     0.00023130   0.00000000
  0.00023130   0.00000000     0.00023130  -0.00000000     0.04674390   0.00000000
    1    2
 -0.00045262   0.00109273     0.00370868  -0.00465797     0.00067124  -0.00591611
  0.00329213   0.00958595     0.00011763   0.00442733    -0.00517123  -0.00499236
 -0.00910618   0.00445040     0.00718675   0.00012647    -0.00321377   0.00304742
    1    3
 -0.00045262   0.00109273     0.00067124  -0.00591611     0.00370868  -0.00465797
 -0.00910618   0.00445040    -0.00321377   0.00304742     0.00718675   0.00012647
  0.00329213   0.00958595    -0.00517123  -0.00499236     0.00011763   0.00442733
    1    4
 -0.00321377   0.00304742    -0.00910618   0.00445040     0.00718675   0.00012647
  0.00067124  -0.00591611    -0.00045262   0.00109273     0.00370868  -0.00465797
 -0.00517123  -0.00499236     0.00329213   0.00958595     0.00011763   0.00442733
    1    5
  0.00011763   0.00442733     0.00329213   0.00958595    -0.00517123  -0.00499236
  0.00370868  -0.00465797    -0.00045262   0.00109273     0.00067124  -0.00591611
  0.00718675   0.00012647    -0.00910618   0.00445040    -0.00321377   0.00304742
    1    6
  0.00011763   0.00442733    -0.00517123  -0.00499236     0.00329213   0.00958595
  0.00718675   0.00012647    -0.00321377   0.00304742    -0.00910618   0.00445040
  0.00370868  -0.00465797     0.00067124  -0.00591611    -0.00045262   0.00109273
    1    7
 -0.00321377   0.00304742     0.00718675   0.00012647    -0.00910618   0.00445040
 -0.00517123  -0.00499236     0.00011763   0.00442733     0.00329213   0.00958595
  0.00067124  -0.00591611     0.00370868  -0.00465797    -0.00045262   0.00109273
    2    1
 -0.00045262  -0.00109273     0.00329213  -0.00958595    -0.00910618  -0.00445040
  0.00370868   0.00465797     0.00011763  -0.00442733     0.00718675  -0.00012647
  0.00067124   0.00591611    -0.00517123   0.00499236    -0.00321377  -0.00304742
    2    2
  0.04330278   0.00000000     0.00458481   0.00057996     0.00458481  -0.00057996
  0.00458481  -0.00057996     0.03607596  -0.00000000     0.00968524  -0.00123213
  0.00458481   0.00057996     0.00968524   0.00123213     0.03607596   0.00000000
    2    3
  0.02469450   0.00000000     0.00579210   0.00001762     0.00579210  -0.00001762
  0.00579210   0.00001762    -0.01909271   0.00896876    -0.01024925  -0.00000000
  0.00579210  -0.00001762    -0.01024925   0.00000000    -0.01909271  -0.00896876
    2    4
 -0.00834629   0.00953857    -0.01676052   0.00862656     0.00079354   0.00372108
 -0.02374854   0.01550909    -0.00834629   0.00953857    -0.01218577   0.00518868
 -0.01218577   0.00518868     0.00079354   0.00372108     0.01031741   0.01413477
    2    5
 -0.01224926  -0.00876889    -0.00830538  -0.00000000     0.00336434  -0.00443268
  0.02282848   0.00000000    -0.01224926   0.00876889     0.00722882  -0.00559127
  0.00722882   0.00559127     0.00336434   0.00443268    -0.00643545   0.00000000
    2    6
 -0.00834629  -0.00953857     0.00079354  -0.00372108    -0.01676052  -0.00862656
 -0.01218577  -0.00518868     0.01031741  -0.01413477     0.00079354  -0.00372108
 -0.02374854  -0.01550909    -0.01218577  -0.00518868    -0.00834629  -0.00953857
    2    7
 -0.01224926   0.00876889     0.00336434   0.00443268    -0.00830538   0.00000000
  0.00722882  -0.00559127    -0.00643545  -0.00000000     0.00336434  -0.00443268
  0.02282848   0.00000000     0.00722882   0.00559127    -0.01224926  -0.00876889
    3    1
 -0.00045262  -0.00109273    -0.00910618  -0.00445040     0.00329213  -0.00958595
  0.00067124   0.00591611    -0.00321377  -0.00304742    -0.00517123   0.00499236
  0.00370868   0.00465797     0.00718675  -0.00012647     0.00011763  -0.00442733
    3    2
  0.02469450  -0.00000000     0.00579210  -0.00001762     0.00579210   0.00001762
  0.00579210  -0.00001762    -0.01909271  -0.00896876    -0.01024925   0.00000000
  0.00579210   0.00001762    -0.01024925  -0.00000000    -0.01909271   0.00896876
    3    3
  0.04330278  -0.00000000     0.00458481  -0.00057996     0.00458481   0.00057996
  0.00458481   0.00057996     0.03607596  -0.00000000     0.00968524   0.00123213
  0.00458481  -0.00057996     0.00968524  -0.00123213     0.03607596   0.00000000
    3    4
 -0.01224926   0.00876889    -0.00830538   0.00000000     0.00336434   0.00443268
  0.02282848  -0.00000000    -0.01224926  -0.00876889     0.00722882   0.00559127
  0.00722882  -0.00559127     0.00336434  -0.00443268    -0.00643545   0.00000000
    3    5
 -0.00834629  -0.00953857    -0.01676052  -0.00862656     0.00079354  -0.00372108
 -0.02374854  -0.01550909    -0.00834629  -0.00953857    -0.01218577  -0.00518868
 -0.01218577  -0.00518868     0.00079354  -0.00372108     0.01031741  -0.01413477
    3    6
 -0.01224926  -0.00876889     0.00336434  -0.00443268    -0.00830538  -0.00000000
  0.00722882   0.00559127    -0.00643545   0.00000000     0.00336434   0.00443268
  0.02282848  -0.00000000     0.00722882  -0.00559127    -0.01224926   0.00876889
    3    7
 -0.00834629   0.00953857     0.00079354   0.00372108    -0.01676052   0.00862656
 -0.01218577   0.00518868     0.01031741   0.01413477     0.00079354   0.00372108
 -0.02374854   0.01550909    -0.01218577   0.00518868    -0.00834629   0.00953857
    4    1
 -0.00321377  -0.00304742     0.00067124   0.00591611    -0.00517123   0.00499236
 -0.00910618  -0.00445040    -0.00045262  -0.00109273     0.00329213  -0.00958595
  0.00718675  -0.00012647     0.00370868   0.00465797     0.00011763  -0.00442733
    4    2
 -0.00834629  -0.00953857    -0.02374854  -0.01550909    -0.01218577  -0.00518868
 -0.01676052  -0.00862656    -0.00834629  -0.00953857     0.00079354  -0.00372108
  0.00079354  -0.00372108    -0.01218577  -0.00518868     0.01031741  -0.01413477
    4    3
 -0.01224926  -0.00876889     0.02282848   0.00000000     0.00722882   0.00559127
 -0.00830538  -0.00000000    -0.01224926   0.00876889     0.00336434   0.00443268
  0.00336434  -0.00443268     0.00722882  -0.00559127    -0.00643545  -0.00000000
    4    4
  0.03607596   0.00000000     0.00458481   0.00057996     0.00968524   0.00123213
  0.00458481  -0.00057996     0.04330278  -0.00000000     0.00458481   0.00057996
  0.00968524  -0.00123213     0.00458481  -0.00057996     0.03607596  -0.00000000
    4    5
 -0.01909271  -0.00896876     0.00579210  -0.00001762    -0.01024925   0.00000000
  0.00579210  -0.00001762     0.02469450  -0.00000000     0.00579210   0.00001762
 -0.01024925  -0.00000000     0.00579210   0.00001762    -0.01909271   0.00896876
    4    6
  0.01031741   0.01413477    -0.01218577   0.00518868     0.00079354   0.00372108
  0.00079354   0.00372108    -0.00834629   0.00953857    -0.01676052   0.00862656
 -0.01218577   0.00518868    -0.02374854   0.01550909    -0.00834629   0.00953857
    4    7
 -0.00643545  -0.00000000     0.00722882   0.00559127     0.00336434   0.00443268
  0.00336434  -0.00443268    -0.01224926  -0.00876889    -0.00830538  -0.00000000
  0.00722882  -0.00559127     0.02282848   0.00000000    -0.01224926   0.00876889
    5    1
  0.00011763  -0.00442733     0.00370868   0.00465797     0.00718675  -0.00012647
  0.00329213  -0.00958595    -0.00045262  -0.00109273    -0.00910618  -0.00445040
 -0.00517123   0.00499236     0.00067124   0.00591611    -0.00321377  -0.00304742
    5    2
 -0.01224926   0.00876889     0.02282848  -0.00000000     0.00722882  -0.00559127
 -0.00830538   0.00000000    -0.01224926  -0.00876889     0.00336434  -0.00443268
  0.00336434   0.00443268     0.00722882   0.00559127    -0.00643545   0.00000000
    5    3
 -0.00834629   0.00953857    -0.02374854   0.01550909    -0.01218577   0.00518868
 -0.01676052   0.00862656    -0.00834629   0.00953857     0.00079354   0.00372108
  0.00079354   0.00372108    -0.01218577   0.00518868     0.01031741   0.01413477
    5    4
 -0.01909271   0.00896876     0.00579210   0.00001762    -0.01024925   0.00000000
  0.00579210   0.00001762     0.02469450   0.00000000     0.00579210  -0.00001762
 -0.01024925   0.00000000     0.00579210  -0.00001762    -0.01909271  -0.00896876
    5    5
  0.03607596   0.00000000     0.00458481  -0.00057996     0.00968524  -0.00123213
  0.00458481   0.00057996     0.04330278   0.00000000     0.00458481  -0.00057996
  0.00968524   0.00123213     0.00458481   0.00057996     0.03607596   0.00000000
    5    6
 -0.00643545  -0.00000000     0.00722882  -0.00559127     0.00336434  -0.00443268
  0.00336434   0.00443268    -0.01224926   0.00876889    -0.00830538   0.00000000
  0.00722882   0.00559127     0.02282848   0.00000000    -0.01224926  -0.00876889
    5    7
  0.01031741  -0.01413477    -0.01218577  -0.00518868     0.00079354  -0.00372108
  0.00079354  -0.00372108    -0.00834629  -0.00953857    -0.01676052  -0.00862656
 -0.01218577  -0.00518868    -0.02374854  -0.01550909    -0.00834629  -0.00953857
    6    1
  0.00011763  -0.00442733     0.00718675  -0.00012647     0.00370868   0.00465797
 -0.00517123   0.00499236    -0.00321377  -0.00304742     0.00067124   0.00591611
  0.00329213  -0.00958595    -0.00910618  -0.00445040    -0.00045262  -0.00109273
    6    2
 -0.00834629   0.00953857    -0.01218577   0.00518868    -0.02374854   0.01550909
  0.00079354   0.00372108     0.01031741   0.01413477    -0.01218577   0.00518868
 -0.01676052   0.00862656     0.00079354   0.00372108    -0.00834629   0.00953857
    6    3
 -0.01224926   0.00876889     0.00722882  -0.00559127     0.02282848   0.00000000
  0.00336434   0.00443268    -0.00643545  -0.00000000     0.00722882   0.00559127
 -0.00830538   0.00000000     0.00336434  -0.00443268    -0.01224926  -0.00876889
    6    4
  0.01031741  -0.01413477     0.00079354  -0.00372108    -0.01218577  -0.00518868
 -0.01218577  -0.00518868    -0.00834629  -0.00953857    -0.02374854  -0.01550909
  0.00079354  -0.00372108    -0.01676052  -0.00862656    -0.00834629  -0.00953857
    6    5
 -0.00643545   0.00000000     0.00336434  -0.00443268     0.00722882  -0.00559127
  0.00722882   0.00559127    -0.01224926  -0.00876889     0.02282848  -0.00000000
  0.00336434   0.00443268    -0.00830538  -0.00000000    -0.01224926   0.00876889
    6    6
  0.03607596  -0.00000000     0.00968524  -0.00123213     0.00458481  -0.00057996
  0.00968524   0.00123213     0.03607596   0.00000000     0.00458481   0.00057996
  0.00458481   0.00057996     0.00458481  -0.00057996     0.04330278  -0.00000000
    6    7
 -0.01909271   0.00896876    -0.01024925  -0.00000000     0.00579210   0.00001762
 -0.01024925   0.00000000    -0.01909271  -0.00896876     0.00579210  -0.00001762
  0.00579210   0.00001762     0.00579210  -0.00001762     0.02469450   0.00000000
    7    1
 -0.00321377  -0.00304742    -0.00517123   0.00499236     0.00067124   0.00591611
  0.00718675  -0.00012647     0.00011763  -0.00442733     0.00370868   0.00465797
 -0.00910618  -0.00445040     0.00329213  -0.00958595    -0.00045262  -0.00109273
    7    2
 -0.01224926  -0.00876889     0.00722882   0.00559127     0.02282848  -0.00000000
  0.00336434  -0.00443268    -0.00643545   0.00000000     0.00722882  -0.00559127
 -0.00830538  -0.00000000     0.00336434   0.00443268    -0.01224926   0.00876889
    7    3
 -0.00834629  -0.00953857    -0.01218577  -0.00518868    -0.02374854  -0.01550909
  0.00079354  -0.00372108     0.01031741  -0.01413477    -0.01218577  -0.00518868
 -0.01676052  -0.00862656     0.00079354  -0.00372108    -0.00834629  -0.00953857
    7    4
 -0.00643545   0.00000000     0.00336434   0.00443268     0.00722882   0.00559127
  0.00722882  -0.00559127    -0.01224926   0.00876889     0.02282848  -0.00000000
  0.00336434  -0.00443268    -0.00830538   0.00000000    -0.01224926  -0.00876889
    7    5
  0.01031741   0.01413477     0.00079354   0.00372108    -0.01218577   0.00518868
 -0.01218577   0.00518868    -0.00834629   0.00953857    -0.02374854   0.01550909
  0.00079354   0.00372108    -0.01676052   0.00862656    -0.00834629   0.00953857
    7    6
 -0.01909271  -0.00896876    -0.01024925   0.00000000     0.00579210  -0.00001762
 -0.01024925  -0.00000000    -0.01909271   0.00896876     0.00579210   0.00001762
  0.00579210  -0.00001762     0.00579210   0.00001762     0.02469450   0.00000000
    7    7
  0.03607596   0.00000000     0.00968524   0.00123213     0.00458481   0.00057996
  0.00968524  -0.00123213     0.03607596   0.00000000     0.00458481  -0.00057996
  0.00458481  -0.00057996     0.00458481   0.00057996     0.04330278   0.00000000

     Dynamical  Matrix in cartesian axes

     q = (    0.216506400  -0.216506400   0.216506400 ) 

    1    1
  0.04674390   0.00000000    -0.00023130  -0.00000000     0.00023130   0.00000000
 -0.00023130  -0.00000000     0.04674390   0.00000000    -0.00023130  -0.00000000
  0.00023130  -0.00000000    -0.00023130  -0.00000000     0.04674390   0.00000000
    1    2
 -0.00045262   0.00109273    -0.00370868   0.00465797     0.00067124  -0.00591611
 -0.00329213  -0.00958595     0.00011763   0.00442733     0.00517123   0.00499236
 -0.00910618   0.00445040    -0.00718675  -0.00012647    -0.00321377   0.00304742
    1    3
 -0.00109273  -0.00045262    -0.00591611  -0.00067125     0.00465797   0.00370868
  0.00445040   0.00910618    -0.00304742  -0.00321377     0.00012648  -0.00718675
 -0.00958595   0.00329213    -0.00499237   0.00517123    -0.00442733   0.00011763
    1    4
 -0.00304742   0.00321377     0.00445040  -0.00910618    -0.00012648  -0.00718675
 -0.00591611   0.00067125    -0.00109273   0.00045262    -0.00465797   0.00370868
  0.00499237   0.00517123     0.00958595   0.00329213    -0.00442733  -0.00011763
    1    5
 -0.00442733  -0.00011763     0.00958595   0.00329213     0.00499237   0.00517123
 -0.00465797   0.00370868    -0.00109273   0.00045262    -0.00591611   0.00067125
 -0.00012648  -0.00718675     0.00445040  -0.00910618    -0.00304742   0.00321377
    1    6
 -0.00442733   0.00011763    -0.00499237   0.00517123    -0.00958595   0.00329213
  0.00012648  -0.00718675    -0.00304742  -0.00321377     0.00445040   0.00910618
  0.00465797   0.00370868    -0.00591611  -0.00067125    -0.00109273  -0.00045262
    1    7
 -0.00321377   0.00304742    -0.00718675  -0.00012647    -0.00910618   0.00445040
  0.00517123   0.00499236     0.00011763   0.00442733    -0.00329213  -0.00958595
  0.00067124  -0.00591611    -0.00370868   0.00465797    -0.00045262   0.00109273
    2    1
 -0.00045262  -0.00109273    -0.00329213   0.00958595    -0.00910618  -0.00445040
 -0.00370868  -0.00465797     0.00011763  -0.00442733    -0.00718675   0.00012647
  0.00067124   0.00591611     0.00517123  -0.00499236    -0.00321377  -0.00304742
    2    2
  0.04330278  -0.00000000    -0.00458481  -0.00057996     0.00458481  -0.00057996
 -0.00458481   0.00057996     0.03607596   0.00000000    -0.00968524   0.00123213
  0.00458481   0.00057996    -0.00968524  -0.00123213     0.03607596   0.00000000
    2    3
 -0.00000001   0.02469450     0.00001763  -0.00579210     0.00001762   0.00579210
  0.00001763  -0.00579210    -0.00896875  -0.01909272    -0.00000000   0.01024925
  0.00001762   0.00579210    -0.00000000   0.01024925     0.00896876  -0.01909271
    2    4
 -0.00246099  -0.01486208     0.00587279   0.00587279     0.00551332  -0.00075543
 -0.01614217  -0.01614218    -0.01486208  -0.00246100    -0.00906518  -0.00115793
  0.00115792   0.00906518     0.00075543  -0.00551332    -0.00455055  -0.00455055
    2    5
 -0.01264651   0.00084307     0.01795137   0.00575158    -0.00207008   0.00319232
  0.02775934   0.00582618    -0.01264651   0.00084307     0.01228559   0.00494769
 -0.01228559  -0.00494769     0.00207008  -0.00319232    -0.00269928   0.01729030
    2    6
  0.00953858  -0.00834629    -0.00372108  -0.00079354     0.00862656  -0.01676052
 -0.00518869   0.01218576     0.01413477   0.01031742    -0.00372108  -0.00079354
  0.01550910  -0.02374854    -0.00518869   0.01218576     0.00953858  -0.00834629
    2    7
 -0.01224926   0.00876889    -0.00336434  -0.00443268    -0.00830538  -0.00000000
 -0.00722882   0.00559127    -0.00643545  -0.00000000    -0.00336434   0.00443268
  0.02282848   0.00000000    -0.00722882  -0.00559127    -0.01224926  -0.00876889
    3    1
 -0.00109273   0.00045262     0.00445040  -0.00910618    -0.00958595  -0.00329213
 -0.00591611   0.00067125    -0.00304742   0.00321377    -0.00499237  -0.00517123
  0.00465797  -0.00370868     0.00012648   0.00718675    -0.00442733  -0.00011763
    3    2
 -0.00000001  -0.02469450     0.00001763   0.00579210     0.00001762  -0.00579210
  0.00001763   0.00579210    -0.00896875   0.01909272    -0.00000000  -0.01024925
  0.00001762  -0.00579210    -0.00000000  -0.01024925     0.00896876   0.01909271
    3    3
  0.04330278  -0.00000000    -0.00458481   0.00057996     0.00458481   0.00057996
 -0.00458481  -0.00057996     0.03607596   0.00000000    -0.00968524  -0.00123213
  0.00458481  -0.00057996    -0.00968524   0.00123213     0.03607596  -0.00000000
    3    4
 -0.01264651  -0.00084307     0.01795137  -0.00575158    -0.00207008  -0.00319232
  0.02775934  -0.00582618    -0.01264651  -0.00084307     0.01228559  -0.00494769
 -0.01228559   0.00494769     0.00207008   0.00319232    -0.00269928  -0.01729030
    3    5
 -0.00246099   0.01486208     0.00587279  -0.00587279     0.00551332   0.00075543
 -0.01614217   0.01614218    -0.01486208   0.00246100    -0.00906518   0.00115793
  0.00115792  -0.00906518     0.00075543   0.00551332    -0.00455055   0.00455055
    3    6
 -0.01224926  -0.00876889    -0.00336434   0.00443268    -0.00830538   0.00000000
 -0.00722882  -0.00559127    -0.00643545   0.00000000    -0.00336434  -0.00443268
  0.02282848  -0.00000000    -0.00722882   0.00559127    -0.01224926   0.00876889
    3    7
  0.00953858   0.00834629    -0.00372108   0.00079354     0.00862656   0.01676052
 -0.00518869  -0.01218576     0.01413477  -0.01031742    -0.00372108   0.00079354
  0.01550910   0.02374854    -0.00518869  -0.01218576     0.00953858   0.00834629
    4    1
 -0.00304742  -0.00321377    -0.00591611  -0.00067125     0.00499237  -0.00517123
  0.00445040   0.00910618    -0.00109273  -0.00045262     0.00958595  -0.00329213
 -0.00012648   0.00718675    -0.00465797  -0.00370868    -0.00442733   0.00011763
    4    2
 -0.00246099   0.01486208    -0.01614217   0.01614218     0.00115792  -0.00906518
  0.00587279  -0.00587279    -0.01486208   0.00246100     0.00075543   0.00551332
  0.00551332   0.00075543    -0.00906518   0.00115793    -0.00455055   0.00455055
    4    3
 -0.01264651   0.00084307     0.02775934   0.00582618    -0.01228559  -0.00494769
  0.01795137   0.00575158    -0.01264651   0.00084307     0.00207008  -0.00319232
 -0.00207008   0.00319232     0.01228559   0.00494769    -0.00269928   0.01729030
    4    4
  0.03607596  -0.00000000    -0.00458481   0.00057996     0.00968524  -0.00123213
 -0.00458481  -0.00057996     0.04330278   0.00000000    -0.00458481   0.00057996
  0.00968524   0.00123213    -0.00458481  -0.00057996     0.03607596   0.00000000
    4    5
 -0.01909271   0.00896876    -0.00579210  -0.00001762    -0.01024925  -0.00000000
 -0.00579210  -0.00001762     0.02469450   0.00000000    -0.00579210   0.00001762
 -0.01024925  -0.00000000    -0.00579210   0.00001762    -0.01909271  -0.00896876
    4    6
 -0.00455055  -0.00455055    -0.00906518  -0.00115793     0.00551332  -0.00075543
  0.00075543  -0.00551332    -0.01486208  -0.00246100     0.00587279   0.00587279
  0.00115792   0.00906518    -0.01614217  -0.01614218    -0.00246099  -0.01486208
    4    7
 -0.00269928  -0.01729030     0.01228559  -0.00494769    -0.00207008  -0.00319232
  0.00207008   0.00319232    -0.01264651  -0.00084307     0.01795137  -0.00575158
 -0.01228559   0.00494769     0.02775934  -0.00582618    -0.01264651  -0.00084307
    5    1
 -0.00442733   0.00011763    -0.00465797  -0.00370868    -0.00012648   0.00718675
  0.00958595  -0.00329213    -0.00109273  -0.00045262     0.00445040   0.00910618
  0.00499237  -0.00517123    -0.00591611  -0.00067125    -0.00304742  -0.00321377
    5    2
 -0.01264651  -0.00084307     0.02775934  -0.00582618    -0.01228559   0.00494769
  0.01795137  -0.00575158    -0.01264651  -0.00084307     0.00207008   0.00319232
 -0.00207008  -0.00319232     0.01228559  -0.00494769    -0.00269928  -0.01729030
    5    3
 -0.00246099  -0.01486208    -0.01614217  -0.01614218     0.00115792   0.00906518
  0.00587279   0.00587279    -0.01486208  -0.00246100     0.00075543  -0.00551332
  0.00551332  -0.00075543    -0.00906518  -0.00115793    -0.00455055  -0.00455055
    5    4
 -0.01909271  -0.00896876    -0.00579210   0.00001762    -0.01024925   0.00000000
 -0.00579210   0.00001762     0.02469450  -0.00000000    -0.00579210  -0.00001762
 -0.01024925   0.00000000    -0.00579210  -0.00001762    -0.01909271   0.00896876
    5    5
  0.03607596   0.00000000    -0.00458481  -0.00057996     0.00968524   0.00123213
 -0.00458481   0.00057996     0.04330278   0.00000000    -0.00458481  -0.00057996
  0.00968524  -0.00123213    -0.00458481   0.00057996     0.03607596  -0.00000000
    5    6
 -0.00269928   0.01729030     0.01228559   0.00494769    -0.00207008   0.00319232
  0.00207008  -0.00319232    -0.01264651   0.00084307     0.01795137   0.00575158
 -0.01228559  -0.00494769     0.02775934   0.00582618    -0.01264651   0.00084307
    5    7
 -0.00455055   0.00455055    -0.00906518   0.00115793     0.00551332   0.00075543
  0.00075543   0.00551332    -0.01486208   0.00246100     0.00587279  -0.00587279
  0.00115792  -0.00906518    -0.01614217   0.01614218    -0.00246099   0.01486208
    6    1
 -0.00442733  -0.00011763     0.00012648   0.00718675     0.00465797  -0.00370868
 -0.00499237  -0.00517123    -0.00304742   0.00321377    -0.00591611   0.00067125
 -0.00958595  -0.00329213     0.00445040  -0.00910618    -0.00109273   0.00045262
    6    2
  0.00953858   0.00834629    -0.00518869  -0.01218576     0.01550910   0.02374854
 -0.00372108   0.00079354     0.01413477  -0.01031742    -0.00518869  -0.01218576
  0.00862656   0.01676052    -0.00372108   0.00079354     0.00953858   0.00834629
    6    3
 -0.01224926   0.00876889    -0.00722882   0.00559127     0.02282848   0.00000000
 -0.00336434  -0.00443268    -0.00643545  -0.00000000    -0.00722882  -0.00559127
 -0.00830538  -0.00000000    -0.00336434   0.00443268    -0.01224926  -0.00876889
    6    4
 -0.00455055   0.00455055     0.00075543   0.00551332     0.00115792  -0.00906518
 -0.00906518   0.00115793    -0.01486208   0.00246100    -0.01614217   0.01614218
  0.00551332   0.00075543     0.00587279  -0.00587279    -0.00246099   0.01486208
    6    5
 -0.00269928  -0.01729030     0.00207008   0.00319232    -0.01228559   0.00494769
  0.01228559  -0.00494769    -0.01264651  -0.00084307     0.02775934  -0.00582618
 -0.00207008  -0.00319232     0.01795137  -0.00575158    -0.01264651  -0.00084307
    6    6
  0.03607596  -0.00000000    -0.00968524   0.00123213     0.00458481  -0.00057996
 -0.00968524  -0.00123213     0.03607596  -0.00000000    -0.00458481  -0.00057996
  0.00458481   0.00057996    -0.00458481   0.00057996     0.04330278  -0.00000000
    6    7
  0.00896876   0.01909271    -0.00000000  -0.01024925     0.00001762  -0.00579210
 -0.00000000  -0.01024925    -0.00896875   0.01909272     0.00001763   0.00579210
  0.00001762  -0.00579210     0.00001763   0.00579210    -0.00000001  -0.02469450
    7    1
 -0.00321377  -0.00304742     0.00517123  -0.00499236     0.00067124   0.00591611
 -0.00718675   0.00012647     0.00011763  -0.00442733    -0.00370868  -0.00465797
 -0.00910618  -0.00445040    -0.00329213   0.00958595    -0.00045262  -0.00109273
    7    2
 -0.01224926  -0.00876889    -0.00722882  -0.00559127     0.02282848  -0.00000000
 -0.00336434   0.00443268    -0.00643545   0.00000000    -0.00722882   0.00559127
 -0.00830538  -0.00000000    -0.00336434  -0.00443268    -0.01224926   0.00876889
    7    3
  0.00953858  -0.00834629    -0.00518869   0.01218576     0.01550910  -0.02374854
 -0.00372108  -0.00079354     0.01413477   0.01031742    -0.00518869   0.01218576
  0.00862656  -0.01676052    -0.00372108  -0.00079354     0.00953858  -0.00834629
    7    4
 -0.00269928   0.01729030     0.00207008  -0.00319232    -0.01228559  -0.00494769
  0.01228559   0.00494769    -0.01264651   0.00084307     0.02775934   0.00582618
 -0.00207008   0.00319232     0.01795137   0.00575158    -0.01264651   0.00084307
    7    5
 -0.00455055  -0.00455055     0.00075543  -0.00551332     0.00115792   0.00906518
 -0.00906518  -0.00115793    -0.01486208  -0.00246100    -0.01614217  -0.01614218
  0.00551332  -0.00075543     0.00587279   0.00587279    -0.00246099  -0.01486208
    7    6
  0.00896876  -0.01909271    -0.00000000   0.01024925     0.00001762   0.00579210
 -0.00000000   0.01024925    -0.00896875  -0.01909272     0.00001763  -0.00579210
  0.00001762   0.00579210     0.00001763  -0.00579210    -0.00000001   0.02469450
    7    7
  0.03607596   0.00000000    -0.00968524  -0.00123213     0.00458481   0.00057996
 -0.00968524   0.00123213     0.03607596  -0.00000000    -0.00458481   0.00057996
  0.00458481  -0.00057996    -0.00458481  -0.00057996     0.04330278  -0.00000000

     Dynamical  Matrix in cartesian axes

     q = (   -0.216506400   0.216506400   0.216506400 ) 

    1    1
  0.04674390  -0.00000000    -0.00023130  -0.00000000    -0.00023130  -0.00000000
 -0.00023130  -0.00000000     0.04674390   0.00000000     0.00023130  -0.00000000
 -0.00023130  -0.00000000     0.00023130   0.00000000     0.04674390   0.00000000
    1    2
 -0.00109273   0.00045262    -0.00465797   0.00370868    -0.00591611   0.00067125
  0.00958595   0.00329213    -0.00442733  -0.00011763     0.00499237   0.00517123
  0.00445040  -0.00910618    -0.00012648  -0.00718675    -0.00304742   0.00321377
    1    3
 -0.00109273   0.00045262    -0.00591611   0.00067125    -0.00465797   0.00370868
  0.00445040  -0.00910618    -0.00304742   0.00321377    -0.00012648  -0.00718675
  0.00958595   0.00329213     0.00499237   0.00517123    -0.00442733  -0.00011763
    1    4
 -0.00304742  -0.00321377     0.00445040   0.00910618     0.00012648  -0.00718675
 -0.00591611  -0.00067125    -0.00109273  -0.00045262     0.00465797   0.00370868
 -0.00499237   0.00517123    -0.00958595   0.00329213    -0.00442733   0.00011763
    1    5
  0.00011763   0.00442733    -0.00329213  -0.00958595     0.00517123   0.00499236
 -0.00370868   0.00465797    -0.00045262   0.00109273     0.00067124  -0.00591611
 -0.00718675  -0.00012647    -0.00910618   0.00445040    -0.00321377   0.00304742
    1    6
  0.00011763   0.00442733     0.00517123   0.00499236    -0.00329213  -0.00958595
 -0.00718675  -0.00012647    -0.00321377   0.00304742    -0.00910618   0.00445040
 -0.00370868   0.00465797     0.00067124  -0.00591611    -0.00045262   0.00109273
    1    7
 -0.00304742  -0.00321377     0.00012648  -0.00718675     0.00445040   0.00910618
 -0.00499237   0.00517123    -0.00442733   0.00011763    -0.00958595   0.00329213
 -0.00591611  -0.00067125     0.00465797   0.00370868    -0.00109273  -0.00045262
    2    1
 -0.00109273  -0.00045262     0.00958595  -0.00329213     0.00445040   0.00910618
 -0.00465797  -0.00370868    -0.00442733   0.00011763    -0.00012648   0.00718675
 -0.00591611  -0.00067125     0.00499237  -0.00517123    -0.00304742  -0.00321377
    2    2
  0.04330278  -0.00000000    -0.00458481   0.00057996    -0.00458481  -0.00057996
 -0.00458481  -0.00057996     0.03607596   0.00000000     0.00968524   0.00123213
 -0.00458481   0.00057996     0.00968524  -0.00123213     0.03607596  -0.00000000
    2    3
  0.02469450  -0.00000000    -0.00579210   0.00001762    -0.00579210  -0.00001762
 -0.00579210   0.00001762    -0.01909271  -0.00896876    -0.01024925   0.00000000
 -0.00579210  -0.00001762    -0.01024925   0.00000000    -0.01909271   0.00896876
    2    4
 -0.01486208  -0.00246100     0.00587279   0.00587279     0.00075543  -0.00551332
 -0.01614217  -0.01614218    -0.00246099  -0.01486208     0.00115792   0.00906518
 -0.00906518  -0.00115793     0.00551332  -0.00075543    -0.00455055  -0.00455055
    2    5
 -0.01264651  -0.00084307     0.01795137  -0.00575158     0.00207008   0.00319232
  0.02775934  -0.00582618    -0.01264651  -0.00084307    -0.01228559   0.00494769
  0.01228559  -0.00494769    -0.00207008  -0.00319232    -0.00269928  -0.01729030
    2    6
 -0.01486208   0.00246100     0.00075543   0.00551332     0.00587279  -0.00587279
 -0.00906518   0.00115793    -0.00455055   0.00455055     0.00551332   0.00075543
 -0.01614217   0.01614218     0.00115792  -0.00906518    -0.00246099   0.01486208
    2    7
 -0.01264651   0.00084307     0.00207008  -0.00319232     0.01795137   0.00575158
  0.01228559   0.00494769    -0.00269928   0.01729030    -0.00207008   0.00319232
  0.02775934   0.00582618    -0.01228559  -0.00494769    -0.01264651   0.00084307
    3    1
 -0.00109273  -0.00045262     0.00445040   0.00910618     0.00958595  -0.00329213
 -0.00591611  -0.00067125    -0.00304742  -0.00321377     0.00499237  -0.00517123
 -0.00465797  -0.00370868    -0.00012648   0.00718675    -0.00442733   0.00011763
    3    2
  0.02469450   0.00000000    -0.00579210  -0.00001762    -0.00579210   0.00001762
 -0.00579210  -0.00001762    -0.01909271   0.00896876    -0.01024925  -0.00000000
 -0.00579210   0.00001762    -0.01024925  -0.00000000    -0.01909271  -0.00896876
    3    3
  0.04330278  -0.00000000    -0.00458481  -0.00057996    -0.00458481   0.00057996
 -0.00458481   0.00057996     0.03607596  -0.00000000     0.00968524  -0.00123213
 -0.00458481  -0.00057996     0.00968524   0.00123213     0.03607596   0.00000000
    3    4
 -0.01264651   0.00084307     0.01795137   0.00575158     0.00207008  -0.00319232
  0.02775934   0.00582618    -0.01264651   0.00084307    -0.01228559  -0.00494769
  0.01228559   0.00494769    -0.00207008   0.00319232    -0.00269928   0.01729030
    3    5
 -0.01486208   0.00246100     0.00587279  -0.00587279     0.00075543   0.00551332
 -0.01614217   0.01614218    -0.00246099   0.01486208     0.00115792  -0.00906518
 -0.00906518   0.00115793     0.00551332   0.00075543    -0.00455055   0.00455055
    3    6
 -0.01264651  -0.00084307     0.00207008   0.00319232     0.01795137  -0.00575158
  0.01228559  -0.00494769    -0.00269928  -0.01729030    -0.00207008  -0.00319232
  0.02775934  -0.00582618    -0.01228559   0.00494769    -0.01264651  -0.00084307
    3    7
 -0.01486208  -0.00246100     0.00075543  -0.00551332     0.00587279   0.00587279
 -0.00906518  -0.00115793    -0.00455055  -0.00455055     0.00551332  -0.00075543
 -0.01614217  -0.01614218     0.00115792   0.00906518    -0.00246099  -0.01486208
    4    1
 -0.00304742   0.00321377    -0.00591611   0.00067125    -0.00499237  -0.00517123
  0.00445040  -0.00910618    -0.00109273   0.00045262    -0.00958595  -0.00329213
  0.00012648   0.00718675     0.00465797  -0.00370868    -0.00442733  -0.00011763
    4    2
 -0.01486208   0.00246100    -0.01614217   0.01614218    -0.00906518   0.00115793
  0.00587279  -0.00587279    -0.00246099   0.01486208     0.00551332   0.00075543
  0.00075543   0.00551332     0.00115792  -0.00906518    -0.00455055   0.00455055
    4    3
 -0.01264651  -0.00084307     0.02775934  -0.00582618     0.01228559  -0.00494769
  0.01795137  -0.00575158    -0.01264651  -0.00084307    -0.00207008  -0.00319232
  0.00207008   0.00319232    -0.01228559   0.00494769    -0.00269928  -0.01729030
    4    4
  0.03607596  -0.00000000    -0.00458481  -0.00057996    -0.00968524  -0.00123213
 -0.00458481   0.00057996     0.04330278  -0.00000000     0.00458481   0.00057996
 -0.00968524   0.00123213     0.00458481  -0.00057996     0.03607596  -0.00000000
    4    5
 -0.00896875   0.01909272     0.00001763   0.00579210    -0.00000000  -0.01024925
  0.00001763   0.00579210    -0.00000001  -0.02469450     0.00001762  -0.00579210
 -0.00000000  -0.01024925     0.00001762  -0.00579210     0.00896876   0.01909271
    4    6
  0.01413477  -0.01031742    -0.00518869  -0.01218576    -0.00372108   0.00079354
 -0.00372108   0.00079354     0.00953858   0.00834629     0.00862656   0.01676052
 -0.00518869  -0.01218576     0.01550910   0.02374854     0.00953858   0.00834629
    4    7
 -0.00643545   0.00000000    -0.00722882  -0.00559127    -0.00336434  -0.00443268
 -0.00336434   0.00443268    -0.01224926  -0.00876889    -0.00830538   0.00000000
 -0.00722882   0.00559127     0.02282848  -0.00000000    -0.01224926   0.00876889
    5    1
  0.00011763  -0.00442733    -0.00370868  -0.00465797    -0.00718675   0.00012647
 -0.00329213   0.00958595    -0.00045262  -0.00109273    -0.00910618  -0.00445040
  0.00517123  -0.00499236     0.00067124   0.00591611    -0.00321377  -0.00304742
    5    2
 -0.01264651   0.00084307     0.02775934   0.00582618     0.01228559   0.00494769
  0.01795137   0.00575158    -0.01264651   0.00084307    -0.00207008   0.00319232
  0.00207008  -0.00319232    -0.01228559  -0.00494769    -0.00269928   0.01729030
    5    3
 -0.01486208  -0.00246100    -0.01614217  -0.01614218    -0.00906518  -0.00115793
  0.00587279   0.00587279    -0.00246099  -0.01486208     0.00551332  -0.00075543
  0.00075543  -0.00551332     0.00115792   0.00906518    -0.00455055  -0.00455055
    5    4
 -0.00896875  -0.01909272     0.00001763  -0.00579210    -0.00000000   0.01024925
  0.00001763  -0.00579210    -0.00000001   0.02469450     0.00001762   0.00579210
 -0.00000000   0.01024925     0.00001762   0.00579210     0.00896876  -0.01909271
    5    5
  0.03607596  -0.00000000    -0.00458481   0.00057996    -0.00968524   0.00123213
 -0.00458481  -0.00057996     0.04330278  -0.00000000     0.00458481  -0.00057996
 -0.00968524  -0.00123213     0.00458481   0.00057996     0.03607596   0.00000000
    5    6
 -0.00643545  -0.00000000    -0.00722882   0.00559127    -0.00336434   0.00443268
 -0.00336434  -0.00443268    -0.01224926   0.00876889    -0.00830538  -0.00000000
 -0.00722882  -0.00559127     0.02282848   0.00000000    -0.01224926  -0.00876889
    5    7
  0.01413477   0.01031742    -0.00518869   0.01218576    -0.00372108  -0.00079354
 -0.00372108  -0.00079354     0.00953858  -0.00834629     0.00862656  -0.01676052
 -0.00518869   0.01218576     0.01550910  -0.02374854     0.00953858  -0.00834629
    6    1
  0.00011763  -0.00442733    -0.00718675   0.00012647    -0.00370868  -0.00465797
  0.00517123  -0.00499236    -0.00321377  -0.00304742     0.00067124   0.00591611
 -0.00329213   0.00958595    -0.00910618  -0.00445040    -0.00045262  -0.00109273
    6    2
 -0.01486208  -0.00246100    -0.00906518  -0.00115793    -0.01614217  -0.01614218
  0.00075543  -0.00551332    -0.00455055  -0.00455055     0.00115792   0.00906518
  0.00587279   0.00587279     0.00551332  -0.00075543    -0.00246099  -0.01486208
    6    3
 -0.01264651   0.00084307     0.01228559   0.00494769     0.02775934   0.00582618
  0.00207008  -0.00319232    -0.00269928   0.01729030    -0.01228559  -0.00494769
  0.01795137   0.00575158    -0.00207008   0.00319232    -0.01264651   0.00084307
    6    4
  0.01413477   0.01031742    -0.00372108  -0.00079354    -0.00518869   0.01218576
 -0.00518869   0.01218576     0.00953858  -0.00834629     0.01550910  -0.02374854
 -0.00372108  -0.00079354     0.00862656  -0.01676052     0.00953858  -0.00834629
    6    5
 -0.00643545   0.00000000    -0.00336434   0.00443268    -0.00722882   0.00559127
 -0.00722882  -0.00559127    -0.01224926  -0.00876889     0.02282848  -0.00000000
 -0.00336434  -0.00443268    -0.00830538   0.00000000    -0.01224926   0.00876889
    6    6
  0.03607596   0.00000000    -0.00968524   0.00123213    -0.00458481   0.00057996
 -0.00968524  -0.00123213     0.03607596   0.00000000     0.00458481   0.00057996
 -0.00458481  -0.00057996     0.00458481  -0.00057996     0.04330278  -0.00000000
    6    7
 -0.00896875  -0.01909272    -0.00000000   0.01024925     0.00001763  -0.00579210
 -0.00000000   0.01024925     0.00896876  -0.01909271     0.00001762   0.00579210
  0.00001763  -0.00579210     0.00001762   0.00579210    -0.00000001   0.02469450
    7    1
 -0.00304742   0.00321377    -0.00499237  -0.00517123    -0.00591611   0.00067125
  0.00012648   0.00718675    -0.00442733  -0.00011763     0.00465797  -0.00370868
  0.00445040  -0.00910618    -0.00958595  -0.00329213    -0.00109273   0.00045262
    7    2
 -0.01264651  -0.00084307     0.01228559  -0.00494769     0.02775934  -0.00582618
  0.00207008   0.00319232    -0.00269928  -0.01729030    -0.01228559   0.00494769
  0.01795137  -0.00575158    -0.00207008  -0.00319232    -0.01264651  -0.00084307
    7    3
 -0.01486208   0.00246100    -0.00906518   0.00115793    -0.01614217   0.01614218
  0.00075543   0.00551332    -0.00455055   0.00455055     0.00115792  -0.00906518
  0.00587279  -0.00587279     0.00551332   0.00075543    -0.00246099   0.01486208
    7    4
 -0.00643545  -0.00000000    -0.00336434  -0.00443268    -0.00722882  -0.00559127
 -0.00722882   0.00559127    -0.01224926   0.00876889     0.02282848   0.00000000
 -0.00336434   0.00443268    -0.00830538   0.00000000    -0.01224926  -0.00876889
    7    5
  0.01413477  -0.01031742    -0.00372108   0.00079354    -0.00518869  -0.01218576
 -0.00518869  -0.01218576     0.00953858   0.00834629     0.01550910   0.02374854
 -0.00372108   0.00079354     0.00862656   0.01676052     0.00953858   0.00834629
    7    6
 -0.00896875   0.01909272    -0.00000000  -0.01024925     0.00001763   0.00579210
 -0.00000000  -0.01024925     0.00896876   0.01909271     0.00001762  -0.00579210
  0.00001763   0.00579210     0.00001762  -0.00579210    -0.00000001  -0.02469450
    7    7
  0.03607596   0.00000000    -0.00968524  -0.00123213    -0.00458481  -0.00057996
 -0.00968524   0.00123213     0.03607596  -0.00000000     0.00458481  -0.00057996
 -0.00458481   0.00057996     0.00458481   0.00057996     0.04330278  -0.00000000

     Dynamical  Matrix in cartesian axes

     q = (   -0.216506400  -0.216506400  -0.216506400 ) 

    1    1
  0.04674390  -0.00000000     0.00023130  -0.00000000     0.00023130   0.00000000
  0.00023130   0.00000000     0.04674390   0.00000000     0.00023130   0.00000000
  0.00023130   0.00000000     0.00023130  -0.00000000     0.04674390  -0.00000000
    1    2
 -0.00045262  -0.00109273     0.00370868   0.00465797     0.00067124   0.00591611
  0.00329213  -0.00958595     0.00011763  -0.00442733    -0.00517123   0.00499236
 -0.00910618  -0.00445040     0.00718675  -0.00012647    -0.00321377  -0.00304742
    1    3
 -0.00045262  -0.00109273     0.00067124   0.00591611     0.00370868   0.00465797
 -0.00910618  -0.00445040    -0.00321377  -0.00304742     0.00718675  -0.00012647
  0.00329213  -0.00958595    -0.00517123   0.00499236     0.00011763  -0.00442733
    1    4
 -0.00321377  -0.00304742    -0.00910618  -0.00445040     0.00718675  -0.00012647
  0.00067124   0.00591611    -0.00045262  -0.00109273     0.00370868   0.00465797
 -0.00517123   0.00499236     0.00329213  -0.00958595     0.00011763  -0.00442733
    1    5
  0.00011763  -0.00442733     0.00329213  -0.00958595    -0.00517123   0.00499236
  0.00370868   0.00465797    -0.00045262  -0.00109273     0.00067124   0.00591611
  0.00718675  -0.00012647    -0.00910618  -0.00445040    -0.00321377  -0.00304742
    1    6
  0.00011763  -0.00442733    -0.00517123   0.00499236     0.00329213  -0.00958595
  0.00718675  -0.00012647    -0.00321377  -0.00304742    -0.00910618  -0.00445040
  0.00370868   0.00465797     0.00067124   0.00591611    -0.00045262  -0.00109273
    1    7
 -0.00321377  -0.00304742     0.00718675  -0.00012647    -0.00910618  -0.00445040
 -0.00517123   0.00499236     0.00011763  -0.00442733     0.00329213  -0.00958595
