  5.000000000000000E-002   1.25977579764806        2.43615232611498     
           6

     Dynamical  Matrix in cartesian axes

     q = (    0.000000000   0.000000000   0.433012700 ) 

    1    1
  0.03393226   0.00000000     0.00000000   0.00000000    -0.00000000   0.00000000
  0.00000000   0.00000000     0.03393226   0.00000000    -0.00000000   0.00000000
 -0.00000000   0.00000000    -0.00000000   0.00000000     0.33589621   0.00000000
    1    2
  0.00000000  -0.00104957     0.00000000  -0.00000000    -0.01673406  -0.00000000
  0.00000000  -0.00000000     0.00000000  -0.00007570    -0.00000000   0.00000000
 -0.05950835  -0.00000000     0.00000000   0.00000000     0.00000000  -0.02284088
    1    3
  0.00104957  -0.00000000     0.00000000   0.00000000     0.00000000   0.01673406
  0.00000000  -0.00000000     0.00007570  -0.00000000    -0.00000000   0.00000000
  0.00000000   0.05950835    -0.00000000   0.00000000     0.02284088  -0.00000000
    1    4
  0.00007570  -0.00000000     0.00000000  -0.00000000    -0.00000000   0.00000000
  0.00000000  -0.00000000     0.00104957  -0.00000000     0.00000000   0.01673406
 -0.00000000   0.00000000     0.00000000   0.05950835     0.02284088  -0.00000000
    1    5
  0.00000000  -0.00007570     0.00000000  -0.00000000     0.00000000   0.00000000
  0.00000000  -0.00000000     0.00000000  -0.00104957    -0.01673406  -0.00000000
  0.00000000   0.00000000    -0.05950835  -0.00000000     0.00000000  -0.02284088
    1    6
  0.00041862   0.01468140     0.00000000  -0.00000000     0.00000000  -0.00000000
  0.00000000  -0.00000000    -0.01468140  -0.00041862     0.00000000   0.00000000
  0.00000000  -0.00000000     0.00000000   0.00000000    -0.00419076   0.00419076
    1    7
 -0.01468140  -0.00041862    -0.00000000  -0.00000000     0.00000000   0.00000000
  0.00000000  -0.00000000     0.00041862   0.01468140     0.00000000   0.00000000
  0.00000000   0.00000000     0.00000000   0.00000000    -0.00419076   0.00419076
    2    1
  0.00000000   0.00104957     0.00000000   0.00000000    -0.05950835   0.00000000
  0.00000000   0.00000000     0.00000000   0.00007570     0.00000000  -0.00000000
 -0.01673406   0.00000000    -0.00000000  -0.00000000     0.00000000   0.02284088
    2    2
  0.02964901  -0.00000000     0.00000000   0.00000000    -0.00000000  -0.00018481
  0.00000000  -0.00000000     0.07089156  -0.00000000    -0.00000000   0.00000000
 -0.00000000   0.00018481    -0.00000000  -0.00000000     0.05347375  -0.00000000
    2    3
 -0.00000000  -0.01184758     0.00000000   0.00000000    -0.00257797   0.00000000
  0.00000000   0.00000000    -0.00000000  -0.06647400    -0.00000000  -0.00000000
 -0.00257797   0.00000000    -0.00000000  -0.00000000     0.00000000   0.00046933
    2    4
 -0.00000000  -0.00227842    -0.00000000  -0.01518845    -0.00576213   0.00000000
 -0.00000000  -0.06693107    -0.00000000  -0.00227842    -0.00025466   0.00000000
 -0.00025466   0.00000000    -0.00576213   0.00000000     0.00000000   0.00018132
    2    5
 -0.00227842   0.00000000     0.01518845   0.00000000     0.00000000   0.00576213
  0.06693107   0.00000000    -0.00227842   0.00000000     0.00000000  -0.00025466
 -0.00000000   0.00025466    -0.00000000  -0.00576213     0.00018132   0.00000000
    2    6
  0.00358417  -0.00374542     0.00000000   0.00000000    -0.00006338  -0.00972175
  0.00000000  -0.00000000     0.00085584  -0.00137716    -0.00000000   0.00000000
  0.00101346  -0.02234987    -0.00000000   0.00000000     0.01047189  -0.02385854
    2    7
 -0.00374542   0.00358417     0.00000000   0.00000000     0.00972175   0.00006338
  0.00000000   0.00000000    -0.00137716   0.00085584     0.00000000  -0.00000000
  0.02234987  -0.00101346     0.00000000  -0.00000000    -0.02385854   0.01047189
    3    1
  0.00104957   0.00000000     0.00000000   0.00000000     0.00000000  -0.05950835
  0.00000000   0.00000000     0.00007570   0.00000000    -0.00000000   0.00000000
  0.00000000  -0.01673406    -0.00000000   0.00000000     0.02284088   0.00000000
    3    2
 -0.00000000   0.01184758     0.00000000   0.00000000    -0.00257797  -0.00000000
  0.00000000  -0.00000000    -0.00000000   0.06647400    -0.00000000   0.00000000
 -0.00257797  -0.00000000    -0.00000000   0.00000000     0.00000000  -0.00046933
    3    3
  0.02964901   0.00000000     0.00000000  -0.00000000    -0.00000000   0.00018481
  0.00000000   0.00000000     0.07089156   0.00000000    -0.00000000   0.00000000
 -0.00000000  -0.00018481    -0.00000000   0.00000000     0.05347375   0.00000000
    3    4
 -0.00227842   0.00000000     0.01518845  -0.00000000    -0.00000000  -0.00576213
  0.06693107  -0.00000000    -0.00227842   0.00000000     0.00000000   0.00025466
 -0.00000000  -0.00025466    -0.00000000   0.00576213     0.00018132   0.00000000
    3    5
 -0.00000000   0.00227842    -0.00000000   0.01518845    -0.00576213  -0.00000000
 -0.00000000   0.06693107    -0.00000000   0.00227842    -0.00025466  -0.00000000
 -0.00025466  -0.00000000    -0.00576213  -0.00000000     0.00000000  -0.00018132
    3    6
 -0.00374542  -0.00358417    -0.00000000   0.00000000     0.00972175  -0.00006338
 -0.00000000  -0.00000000    -0.00137716  -0.00085584     0.00000000   0.00000000
  0.02234987   0.00101346     0.00000000   0.00000000    -0.02385854  -0.01047189
    3    7
  0.00358417   0.00374542     0.00000000  -0.00000000    -0.00006338   0.00972175
  0.00000000   0.00000000     0.00085584   0.00137716    -0.00000000  -0.00000000
  0.00101346   0.02234987    -0.00000000  -0.00000000     0.01047189   0.02385854
    4    1
  0.00007570   0.00000000     0.00000000   0.00000000    -0.00000000  -0.00000000
  0.00000000   0.00000000     0.00104957   0.00000000     0.00000000  -0.05950835
 -0.00000000  -0.00000000     0.00000000  -0.01673406     0.02284088   0.00000000
    4    2
 -0.00000000   0.00227842    -0.00000000   0.06693107    -0.00025466  -0.00000000
 -0.00000000   0.01518845    -0.00000000   0.00227842    -0.00576213  -0.00000000
 -0.00576213  -0.00000000    -0.00025466  -0.00000000     0.00000000  -0.00018132
    4    3
 -0.00227842  -0.00000000     0.06693107   0.00000000     0.00000000   0.00025466
  0.01518845   0.00000000    -0.00227842   0.00000000     0.00000000  -0.00576213
 -0.00000000   0.00576213    -0.00000000  -0.00025466     0.00018132   0.00000000
    4    4
  0.07089156   0.00000000    -0.00000000   0.00000000    -0.00000000   0.00000000
  0.00000000  -0.00000000     0.02964901  -0.00000000    -0.00000000   0.00018481
 -0.00000000   0.00000000    -0.00000000  -0.00018481     0.05347375  -0.00000000
    4    5
 -0.00000000   0.06647400     0.00000000  -0.00000000    -0.00000000   0.00000000
  0.00000000   0.00000000    -0.00000000   0.01184758    -0.00257797  -0.00000000
 -0.00000000   0.00000000    -0.00257797  -0.00000000     0.00000000  -0.00046933
    4    6
  0.00085584   0.00137716    -0.00000000  -0.00000000    -0.00000000  -0.00000000
  0.00000000  -0.00000000     0.00358417   0.00374542    -0.00006338   0.00972175
 -0.00000000  -0.00000000     0.00101346   0.02234987     0.01047189   0.02385854
    4    7
 -0.00137716  -0.00085584     0.00000000  -0.00000000     0.00000000   0.00000000
 -0.00000000  -0.00000000    -0.00374542  -0.00358417     0.00972175  -0.00006338
  0.00000000   0.00000000     0.02234987   0.00101346    -0.02385854  -0.01047189
    5    1
  0.00000000   0.00007570     0.00000000  -0.00000000     0.00000000  -0.00000000
  0.00000000  -0.00000000     0.00000000   0.00104957    -0.05950835   0.00000000
  0.00000000  -0.00000000    -0.01673406   0.00000000     0.00000000   0.02284088
    5    2
 -0.00227842   0.00000000     0.06693107   0.00000000     0.00000000  -0.00025466
  0.01518845   0.00000000    -0.00227842   0.00000000     0.00000000   0.00576213
  0.00000000  -0.00576213    -0.00000000   0.00025466     0.00018132   0.00000000
    5    3
 -0.00000000  -0.00227842    -0.00000000  -0.06693107    -0.00025466   0.00000000
 -0.00000000  -0.01518845    -0.00000000  -0.00227842    -0.00576213   0.00000000
 -0.00576213   0.00000000    -0.00025466   0.00000000     0.00000000   0.00018132
    5    4
 -0.00000000  -0.06647400     0.00000000   0.00000000    -0.00000000  -0.00000000
  0.00000000   0.00000000    -0.00000000  -0.01184758    -0.00257797   0.00000000
 -0.00000000   0.00000000    -0.00257797   0.00000000     0.00000000   0.00046933
    5    5
  0.07089156  -0.00000000    -0.00000000  -0.00000000    -0.00000000  -0.00000000
  0.00000000   0.00000000     0.02964901   0.00000000    -0.00000000  -0.00018481
 -0.00000000  -0.00000000    -0.00000000   0.00018481     0.05347375   0.00000000
    5    6
 -0.00137716   0.00085584     0.00000000   0.00000000     0.00000000  -0.00000000
 -0.00000000   0.00000000    -0.00374542   0.00358417     0.00972175   0.00006338
  0.00000000  -0.00000000     0.02234987  -0.00101346    -0.02385854   0.01047189
    5    7
  0.00085584  -0.00137716    -0.00000000   0.00000000    -0.00000000   0.00000000
 -0.00000000   0.00000000     0.00358417  -0.00374542    -0.00006338  -0.00972175
 -0.00000000   0.00000000     0.00101346  -0.02234987     0.01047189  -0.02385854
    6    1
  0.00041862  -0.01468140     0.00000000   0.00000000     0.00000000   0.00000000
  0.00000000   0.00000000    -0.01468140   0.00041862     0.00000000  -0.00000000
  0.00000000   0.00000000     0.00000000  -0.00000000    -0.00419076  -0.00419076
    6    2
  0.00358417   0.00374542     0.00000000  -0.00000000     0.00101346   0.02234987
  0.00000000  -0.00000000     0.00085584   0.00137716    -0.00000000  -0.00000000
 -0.00006338   0.00972175     0.00000000  -0.00000000     0.01047189   0.02385854
    6    3
 -0.00374542   0.00358417    -0.00000000   0.00000000     0.02234987  -0.00101346
 -0.00000000   0.00000000    -0.00137716   0.00085584     0.00000000  -0.00000000
  0.00972175   0.00006338     0.00000000  -0.00000000    -0.02385854   0.01047189
    6    4
  0.00085584  -0.00137716     0.00000000   0.00000000    -0.00000000   0.00000000
  0.00000000   0.00000000     0.00358417  -0.00374542     0.00101346  -0.02234987
 -0.00000000   0.00000000    -0.00006338  -0.00972175     0.01047189  -0.02385854
    6    5
 -0.00137716  -0.00085584    -0.00000000  -0.00000000     0.00000000   0.00000000
 -0.00000000   0.00000000    -0.00374542  -0.00358417     0.02234987   0.00101346
  0.00000000   0.00000000     0.00972175  -0.00006338    -0.02385854  -0.01047189
    6    6
  0.03272353  -0.00000000     0.00000000   0.00000000    -0.00000000   0.00000000
  0.00000000   0.00000000     0.03272353   0.00000000    -0.00000000   0.00000000
 -0.00000000   0.00000000    -0.00000000   0.00000000     0.08190943   0.00000000
    6    7
 -0.00246758   0.02318473    -0.00000000  -0.00000000     0.00000000  -0.00000000
 -0.00000000  -0.00000000    -0.00246758  -0.02318473     0.00000000  -0.00000000
  0.00000000  -0.00000000     0.00000000  -0.00000000    -0.01843965  -0.00000000
    7    1
 -0.01468140   0.00041862     0.00000000   0.00000000     0.00000000  -0.00000000
  0.00000000   0.00000000     0.00041862  -0.01468140     0.00000000   0.00000000
  0.00000000  -0.00000000     0.00000000   0.00000000    -0.00419076  -0.00419076
    7    2
 -0.00374542  -0.00358417    -0.00000000  -0.00000000     0.02234987   0.00101346
 -0.00000000  -0.00000000    -0.00137716  -0.00085584     0.00000000   0.00000000
  0.00972175  -0.00006338     0.00000000   0.00000000    -0.02385854  -0.01047189
    7    3
  0.00358417  -0.00374542     0.00000000   0.00000000     0.00101346  -0.02234987
  0.00000000   0.00000000     0.00085584  -0.00137716    -0.00000000   0.00000000
 -0.00006338  -0.00972175    -0.00000000   0.00000000     0.01047189  -0.02385854
    7    4
 -0.00137716   0.00085584    -0.00000000   0.00000000     0.00000000  -0.00000000
 -0.00000000   0.00000000    -0.00374542   0.00358417     0.02234987  -0.00101346
  0.00000000  -0.00000000     0.00972175   0.00006338    -0.02385854   0.01047189
    7    5
  0.00085584   0.00137716     0.00000000  -0.00000000    -0.00000000  -0.00000000
  0.00000000  -0.00000000     0.00358417   0.00374542     0.00101346   0.02234987
 -0.00000000  -0.00000000    -0.00006338   0.00972175     0.01047189   0.02385854
    7    6
 -0.00246758  -0.02318473    -0.00000000   0.00000000     0.00000000   0.00000000
 -0.00000000   0.00000000    -0.00246758   0.02318473     0.00000000   0.00000000
  0.00000000   0.00000000     0.00000000   0.00000000    -0.01843965   0.00000000
    7    7
  0.03272353   0.00000000     0.00000000  -0.00000000    -0.00000000   0.00000000
  0.00000000   0.00000000     0.03272353  -0.00000000    -0.00000000   0.00000000
 -0.00000000   0.00000000    -0.00000000   0.00000000     0.08190943   0.00000000

     Dynamical  Matrix in cartesian axes

     q = (    0.433012700  -0.000000000   0.000000000 ) 

    1    1
  0.33589621   0.00000000    -0.00000000   0.00000000     0.00000000   0.00000000
 -0.00000000   0.00000000     0.03393226   0.00000000     0.00000000   0.00000000
  0.00000000   0.00000000     0.00000000   0.00000000     0.03393226   0.00000000
    1    2
 -0.00419076   0.00419076     0.00000000  -0.00000000     0.00000000  -0.00000000
  0.00000000  -0.00000000     0.00041862   0.01468140     0.00000000   0.00000000
  0.00000000   0.00000000     0.00000000   0.00000000    -0.01468140  -0.00041862
    1    3
 -0.00419076   0.00419076     0.00000000  -0.00000000    -0.00000000  -0.00000000
  0.00000000   0.00000000    -0.01468140  -0.00041862    -0.00000000  -0.00000000
 -0.00000000  -0.00000000    -0.00000000  -0.00000000     0.00041862   0.01468140
    1    4
  0.00000000  -0.02284088    -0.05950835  -0.00000000     0.00000000   0.00000000
 -0.01673406  -0.00000000     0.00000000  -0.00104957     0.00000000   0.00000000
 -0.00000000   0.00000000     0.00000000   0.00000000     0.00000000  -0.00007570
    1    5
  0.02284088  -0.00000000     0.00000000   0.05950835     0.00000000   0.00000000
  0.00000000   0.01673406     0.00104957  -0.00000000     0.00000000   0.00000000
  0.00000000   0.00000000     0.00000000   0.00000000     0.00007570   0.00000000
    1    6
  0.02284088  -0.00000000     0.00000000  -0.00000000     0.00000000   0.05950835
  0.00000000  -0.00000000     0.00007570  -0.00000000     0.00000000   0.00000000
  0.00000000   0.01673406     0.00000000   0.00000000     0.00104957   0.00000000
    1    7
  0.00000000  -0.02284088     0.00000000   0.00000000    -0.05950835  -0.00000000
  0.00000000   0.00000000     0.00000000  -0.00007570    -0.00000000   0.00000000
 -0.01673406  -0.00000000     0.00000000   0.00000000     0.00000000  -0.00104957
    2    1
 -0.00419076  -0.00419076     0.00000000   0.00000000     0.00000000  -0.00000000
 -0.00000000   0.00000000     0.00041862  -0.01468140     0.00000000  -0.00000000
  0.00000000  -0.00000000     0.00000000  -0.00000000    -0.01468140   0.00041862
    2    2
  0.08190943  -0.00000000     0.00000000  -0.00000000    -0.00000000  -0.00000000
 -0.00000000  -0.00000000     0.03272353  -0.00000000    -0.00000000  -0.00000000
 -0.00000000  -0.00000000    -0.00000000  -0.00000000     0.03272353   0.00000000
    2    3
 -0.01843965  -0.00000000     0.00000000  -0.00000000    -0.00000000   0.00000000
  0.00000000  -0.00000000    -0.00246758   0.02318473    -0.00000000   0.00000000
 -0.00000000   0.00000000    -0.00000000   0.00000000    -0.00246758  -0.02318473
    2    4
  0.01047189   0.02385854    -0.00006338   0.00972175    -0.00000000  -0.00000000
  0.00101346   0.02234987     0.00358417   0.00374542    -0.00000000  -0.00000000
  0.00000000   0.00000000    -0.00000000   0.00000000     0.00085584   0.00137716
    2    5
 -0.02385854   0.01047189     0.00972175   0.00006338    -0.00000000   0.00000000
  0.02234987  -0.00101346    -0.00374542   0.00358417    -0.00000000   0.00000000
  0.00000000   0.00000000     0.00000000   0.00000000    -0.00137716   0.00085584
    2    6
  0.01047189  -0.02385854     0.00000000   0.00000000    -0.00006338  -0.00972175
  0.00000000   0.00000000     0.00085584  -0.00137716    -0.00000000   0.00000000
  0.00101346  -0.02234987    -0.00000000   0.00000000     0.00358417  -0.00374542
    2    7
 -0.02385854  -0.01047189    -0.00000000   0.00000000     0.00972175  -0.00006338
 -0.00000000   0.00000000    -0.00137716  -0.00085584     0.00000000   0.00000000
  0.02234987   0.00101346     0.00000000   0.00000000    -0.00374542  -0.00358417
    3    1
 -0.00419076  -0.00419076     0.00000000  -0.00000000    -0.00000000   0.00000000
  0.00000000  -0.00000000    -0.01468140   0.00041862    -0.00000000   0.00000000
 -0.00000000   0.00000000     0.00000000   0.00000000     0.00041862  -0.01468140
    3    2
 -0.01843965   0.00000000     0.00000000   0.00000000    -0.00000000  -0.00000000
  0.00000000   0.00000000    -0.00246758  -0.02318473    -0.00000000  -0.00000000
 -0.00000000  -0.00000000    -0.00000000  -0.00000000    -0.00246758   0.02318473
    3    3
  0.08190943   0.00000000     0.00000000   0.00000000    -0.00000000   0.00000000
 -0.00000000   0.00000000     0.03272353   0.00000000    -0.00000000   0.00000000
 -0.00000000   0.00000000    -0.00000000   0.00000000     0.03272353  -0.00000000
    3    4
 -0.02385854  -0.01047189     0.00972175  -0.00006338    -0.00000000   0.00000000
  0.02234987   0.00101346    -0.00374542  -0.00358417    -0.00000000   0.00000000
 -0.00000000  -0.00000000    -0.00000000   0.00000000    -0.00137716  -0.00085584
    3    5
  0.01047189  -0.02385854    -0.00006338  -0.00972175     0.00000000  -0.00000000
  0.00101346  -0.02234987     0.00358417  -0.00374542    -0.00000000  -0.00000000
  0.00000000   0.00000000     0.00000000   0.00000000     0.00085584  -0.00137716
    3    6
 -0.02385854   0.01047189    -0.00000000  -0.00000000     0.00972175   0.00006338
  0.00000000   0.00000000    -0.00137716   0.00085584     0.00000000  -0.00000000
  0.02234987  -0.00101346     0.00000000  -0.00000000    -0.00374542   0.00358417
    3    7
  0.01047189   0.02385854    -0.00000000  -0.00000000    -0.00006338   0.00972175
 -0.00000000  -0.00000000     0.00085584   0.00137716    -0.00000000  -0.00000000
  0.00101346   0.02234987    -0.00000000  -0.00000000     0.00358417   0.00374542
    4    1
  0.00000000   0.02284088    -0.01673406   0.00000000    -0.00000000  -0.00000000
 -0.05950835   0.00000000     0.00000000   0.00104957     0.00000000   0.00000000
 -0.00000000   0.00000000    -0.00000000   0.00000000     0.00000000   0.00007570
    4    2
  0.01047189  -0.02385854     0.00101346  -0.02234987    -0.00000000   0.00000000
 -0.00006338  -0.00972175     0.00358417  -0.00374542    -0.00000000   0.00000000
 -0.00000000   0.00000000    -0.00000000   0.00000000     0.00085584  -0.00137716
    4    3
 -0.02385854   0.01047189     0.02234987  -0.00101346    -0.00000000  -0.00000000
  0.00972175   0.00006338    -0.00374542   0.00358417     0.00000000   0.00000000
 -0.00000000   0.00000000     0.00000000  -0.00000000    -0.00137716   0.00085584
    4    4
  0.05347375  -0.00000000     0.00000000   0.00018481    -0.00000000   0.00000000
  0.00000000  -0.00018481     0.02964901  -0.00000000    -0.00000000   0.00000000
 -0.00000000  -0.00000000    -0.00000000  -0.00000000     0.07089156   0.00000000
    4    5
  0.00000000   0.00046933    -0.00257797   0.00000000    -0.00000000   0.00000000
 -0.00257797   0.00000000    -0.00000000  -0.01184758    -0.00000000   0.00000000
  0.00000000   0.00000000     0.00000000   0.00000000    -0.00000000  -0.06647400
    4    6
  0.00000000   0.00018132    -0.00025466   0.00000000    -0.00576213   0.00000000
 -0.00576213   0.00000000    -0.00000000  -0.00227842    -0.00000000  -0.01518845
 -0.00025466   0.00000000    -0.00000000  -0.06693107    -0.00000000  -0.00227842
    4    7
  0.00018132   0.00000000    -0.00000000   0.00025466    -0.00000000  -0.00576213
 -0.00000000   0.00576213    -0.00227842   0.00000000     0.01518845  -0.00000000
 -0.00000000  -0.00025466     0.06693107  -0.00000000    -0.00227842   0.00000000
    5    1
  0.02284088   0.00000000     0.00000000  -0.01673406     0.00000000  -0.00000000
  0.00000000  -0.05950835     0.00104957   0.00000000     0.00000000   0.00000000
  0.00000000   0.00000000     0.00000000  -0.00000000     0.00007570   0.00000000
    5    2
 -0.02385854  -0.01047189     0.02234987   0.00101346    -0.00000000   0.00000000
  0.00972175  -0.00006338    -0.00374542  -0.00358417     0.00000000  -0.00000000
 -0.00000000   0.00000000    -0.00000000  -0.00000000    -0.00137716  -0.00085584
    5    3
  0.01047189   0.02385854     0.00101346   0.02234987    -0.00000000  -0.00000000
 -0.00006338   0.00972175     0.00358417   0.00374542    -0.00000000  -0.00000000
 -0.00000000   0.00000000    -0.00000000   0.00000000     0.00085584   0.00137716
    5    4
  0.00000000  -0.00046933    -0.00257797  -0.00000000    -0.00000000  -0.00000000
 -0.00257797  -0.00000000    -0.00000000   0.01184758    -0.00000000  -0.00000000
  0.00000000  -0.00000000     0.00000000  -0.00000000    -0.00000000   0.06647400
    5    5
  0.05347375   0.00000000     0.00000000  -0.00018481    -0.00000000  -0.00000000
  0.00000000   0.00018481     0.02964901   0.00000000    -0.00000000  -0.00000000
 -0.00000000   0.00000000    -0.00000000   0.00000000     0.07089156   0.00000000
    5    6
  0.00018132  -0.00000000    -0.00000000  -0.00025466    -0.00000000   0.00576213
 -0.00000000  -0.00576213    -0.00227842  -0.00000000     0.01518845   0.00000000
 -0.00000000   0.00025466     0.06693107   0.00000000    -0.00227842  -0.00000000
    5    7
  0.00000000  -0.00018132    -0.00025466  -0.00000000    -0.00576213  -0.00000000
 -0.00576213  -0.00000000    -0.00000000   0.00227842    -0.00000000   0.01518845
 -0.00025466  -0.00000000    -0.00000000   0.06693107    -0.00000000   0.00227842
    6    1
  0.02284088   0.00000000    -0.00000000   0.00000000     0.00000000  -0.01673406
 -0.00000000   0.00000000     0.00007570   0.00000000     0.00000000   0.00000000
  0.00000000  -0.05950835     0.00000000   0.00000000     0.00104957  -0.00000000
    6    2
  0.01047189   0.02385854    -0.00000000  -0.00000000     0.00101346   0.02234987
  0.00000000  -0.00000000     0.00085584   0.00137716    -0.00000000   0.00000000
 -0.00006338   0.00972175     0.00000000  -0.00000000     0.00358417   0.00374542
    6    3
 -0.02385854  -0.01047189    -0.00000000   0.00000000     0.02234987   0.00101346
 -0.00000000   0.00000000    -0.00137716  -0.00085584     0.00000000   0.00000000
  0.00972175  -0.00006338     0.00000000   0.00000000    -0.00374542  -0.00358417
    6    4
  0.00000000  -0.00018132    -0.00576213  -0.00000000    -0.00025466  -0.00000000
 -0.00025466  -0.00000000    -0.00000000   0.00227842    -0.00000000   0.06693107
 -0.00576213  -0.00000000    -0.00000000   0.01518845    -0.00000000   0.00227842
    6    5
  0.00018132   0.00000000     0.00000000   0.00576213     0.00000000  -0.00025466
 -0.00000000   0.00025466    -0.00227842   0.00000000     0.06693107  -0.00000000
 -0.00000000  -0.00576213     0.01518845  -0.00000000    -0.00227842   0.00000000
    6    6
  0.05347375  -0.00000000     0.00000000   0.00000000    -0.00000000  -0.00018481
  0.00000000  -0.00000000     0.07089156   0.00000000    -0.00000000   0.00000000
 -0.00000000   0.00018481    -0.00000000   0.00000000     0.02964901   0.00000000
    6    7
  0.00000000  -0.00046933     0.00000000  -0.00000000    -0.00257797  -0.00000000
  0.00000000   0.00000000    -0.00000000   0.06647400     0.00000000   0.00000000
 -0.00257797  -0.00000000    -0.00000000   0.00000000    -0.00000000   0.01184758
    7    1
  0.00000000   0.02284088     0.00000000  -0.00000000    -0.01673406   0.00000000
  0.00000000   0.00000000     0.00000000   0.00007570     0.00000000   0.00000000
 -0.05950835   0.00000000    -0.00000000   0.00000000     0.00000000   0.00104957
    7    2
 -0.02385854   0.01047189     0.00000000  -0.00000000     0.02234987  -0.00101346
  0.00000000   0.00000000    -0.00137716   0.00085584     0.00000000   0.00000000
  0.00972175   0.00006338     0.00000000  -0.00000000    -0.00374542   0.00358417
    7    3
  0.01047189  -0.02385854     0.00000000   0.00000000     0.00101346  -0.02234987
 -0.00000000   0.00000000     0.00085584  -0.00137716    -0.00000000   0.00000000
 -0.00006338  -0.00972175    -0.00000000   0.00000000     0.00358417  -0.00374542
    7    4
  0.00018132   0.00000000     0.00000000  -0.00576213     0.00000000   0.00025466
 -0.00000000  -0.00025466    -0.00227842  -0.00000000     0.06693107   0.00000000
 -0.00000000   0.00576213     0.01518845   0.00000000    -0.00227842  -0.00000000
    7    5
  0.00000000   0.00018132    -0.00576213   0.00000000    -0.00025466   0.00000000
 -0.00025466   0.00000000    -0.00000000  -0.00227842    -0.00000000  -0.06693107
 -0.00576213   0.00000000    -0.00000000  -0.01518845    -0.00000000  -0.00227842
    7    6
  0.00000000   0.00046933     0.00000000   0.00000000    -0.00257797   0.00000000
  0.00000000   0.00000000    -0.00000000  -0.06647400     0.00000000  -0.00000000
 -0.00257797   0.00000000    -0.00000000  -0.00000000    -0.00000000  -0.01184758
    7    7
  0.05347375   0.00000000     0.00000000  -0.00000000    -0.00000000   0.00018481
  0.00000000   0.00000000     0.07089156  -0.00000000    -0.00000000   0.00000000
 -0.00000000  -0.00018481    -0.00000000   0.00000000     0.02964901  -0.00000000

     Dynamical  Matrix in cartesian axes

     q = (   -0.433012700  -0.000000000  -0.000000000 ) 

    1    1
  0.33589621   0.00000000    -0.00000000   0.00000000     0.00000000   0.00000000
 -0.00000000   0.00000000     0.03393226   0.00000000    -0.00000000   0.00000000
  0.00000000   0.00000000    -0.00000000   0.00000000     0.03393226   0.00000000
    1    2
 -0.00419076  -0.00419076     0.00000000   0.00000000     0.00000000   0.00000000
  0.00000000   0.00000000     0.00041862  -0.01468140     0.00000000   0.00000000
  0.00000000   0.00000000     0.00000000   0.00000000    -0.01468140   0.00041862
    1    3
 -0.00419076  -0.00419076     0.00000000  -0.00000000    -0.00000000   0.00000000
  0.00000000   0.00000000    -0.01468140   0.00041862     0.00000000   0.00000000
 -0.00000000   0.00000000     0.00000000   0.00000000     0.00041862  -0.01468140
    1    4
  0.00000000   0.02284088    -0.05950835   0.00000000     0.00000000  -0.00000000
 -0.01673406   0.00000000     0.00000000   0.00104957     0.00000000   0.00000000
  0.00000000   0.00000000     0.00000000   0.00000000     0.00000000   0.00007570
    1    5
  0.02284088   0.00000000     0.00000000  -0.05950835    -0.00000000   0.00000000
  0.00000000  -0.01673406     0.00104957   0.00000000    -0.00000000  -0.00000000
  0.00000000  -0.00000000    -0.00000000   0.00000000     0.00007570  -0.00000000
    1    6
  0.02284088   0.00000000    -0.00000000   0.00000000     0.00000000  -0.05950835
  0.00000000   0.00000000     0.00007570  -0.00000000     0.00000000  -0.00000000
  0.00000000  -0.01673406    -0.00000000  -0.00000000     0.00104957   0.00000000
    1    7
  0.00000000   0.02284088     0.00000000   0.00000000    -0.05950835   0.00000000
  0.00000000  -0.00000000     0.00000000   0.00007570    -0.00000000  -0.00000000
 -0.01673406   0.00000000    -0.00000000   0.00000000     0.00000000   0.00104957
    2    1
 -0.00419076   0.00419076     0.00000000  -0.00000000     0.00000000  -0.00000000
  0.00000000  -0.00000000     0.00041862   0.01468140     0.00000000  -0.00000000
  0.00000000  -0.00000000     0.00000000  -0.00000000    -0.01468140  -0.00041862
    2    2
  0.08190943   0.00000000     0.00000000  -0.00000000     0.00000000   0.00000000
 -0.00000000  -0.00000000     0.03272353   0.00000000    -0.00000000   0.00000000
 -0.00000000   0.00000000    -0.00000000   0.00000000     0.03272353  -0.00000000
    2    3
 -0.01843965  -0.00000000     0.00000000   0.00000000     0.00000000  -0.00000000
  0.00000000   0.00000000    -0.00246758  -0.02318473    -0.00000000  -0.00000000
 -0.00000000  -0.00000000    -0.00000000  -0.00000000    -0.00246758   0.02318473
    2    4
  0.01047189  -0.02385854    -0.00006338  -0.00972175     0.00000000   0.00000000
  0.00101346  -0.02234987     0.00358417  -0.00374542     0.00000000   0.00000000
  0.00000000   0.00000000    -0.00000000   0.00000000     0.00085584  -0.00137716
    2    5
 -0.02385854  -0.01047189     0.00972175  -0.00006338     0.00000000   0.00000000
  0.02234987   0.00101346    -0.00374542  -0.00358417    -0.00000000   0.00000000
 -0.00000000   0.00000000     0.00000000   0.00000000    -0.00137716  -0.00085584
    2    6
  0.01047189   0.02385854     0.00000000  -0.00000000    -0.00006338   0.00972175
  0.00000000  -0.00000000     0.00085584   0.00137716     0.00000000  -0.00000000
  0.00101346   0.02234987     0.00000000   0.00000000     0.00358417   0.00374542
    2    7
 -0.02385854   0.01047189    -0.00000000  -0.00000000     0.00972175   0.00006338
 -0.00000000  -0.00000000    -0.00137716   0.00085584     0.00000000  -0.00000000
  0.02234987  -0.00101346    -0.00000000  -0.00000000    -0.00374542   0.00358417
    3    1
 -0.00419076   0.00419076     0.00000000  -0.00000000    -0.00000000  -0.00000000
  0.00000000   0.00000000    -0.01468140  -0.00041862     0.00000000  -0.00000000
 -0.00000000  -0.00000000     0.00000000  -0.00000000     0.00041862   0.01468140
    3    2
 -0.01843965   0.00000000     0.00000000  -0.00000000     0.00000000   0.00000000
  0.00000000  -0.00000000    -0.00246758   0.02318473    -0.00000000   0.00000000
 -0.00000000   0.00000000    -0.00000000   0.00000000    -0.00246758  -0.02318473
    3    3
  0.08190943   0.00000000     0.00000000   0.00000000     0.00000000  -0.00000000
 -0.00000000   0.00000000     0.03272353  -0.00000000    -0.00000000  -0.00000000
 -0.00000000  -0.00000000    -0.00000000  -0.00000000     0.03272353   0.00000000
    3    4
 -0.02385854   0.01047189     0.00972175   0.00006338     0.00000000   0.00000000
  0.02234987  -0.00101346    -0.00374542   0.00358417     0.00000000   0.00000000
  0.00000000   0.00000000     0.00000000  -0.00000000    -0.00137716   0.00085584
    3    5
  0.01047189   0.02385854    -0.00006338   0.00972175     0.00000000   0.00000000
  0.00101346   0.02234987     0.00358417   0.00374542     0.00000000   0.00000000
  0.00000000  -0.00000000     0.00000000  -0.00000000     0.00085584   0.00137716
    3    6
 -0.02385854  -0.01047189    -0.00000000  -0.00000000     0.00972175  -0.00006338
 -0.00000000   0.00000000    -0.00137716  -0.00085584     0.00000000  -0.00000000
  0.02234987   0.00101346     0.00000000   0.00000000    -0.00374542  -0.00358417
    3    7
  0.01047189  -0.02385854     0.00000000  -0.00000000    -0.00006338  -0.00972175
  0.00000000   0.00000000     0.00085584  -0.00137716     0.00000000   0.00000000
  0.00101346  -0.02234987     0.00000000  -0.00000000     0.00358417  -0.00374542
    4    1
  0.00000000  -0.02284088    -0.01673406  -0.00000000     0.00000000   0.00000000
 -0.05950835  -0.00000000     0.00000000  -0.00104957     0.00000000   0.00000000
  0.00000000   0.00000000    -0.00000000  -0.00000000     0.00000000  -0.00007570
    4    2
  0.01047189   0.02385854     0.00101346   0.02234987    -0.00000000  -0.00000000
 -0.00006338   0.00972175     0.00358417   0.00374542    -0.00000000  -0.00000000
  0.00000000   0.00000000    -0.00000000   0.00000000     0.00085584   0.00137716
    4    3
 -0.02385854  -0.01047189     0.02234987   0.00101346     0.00000000   0.00000000
  0.00972175  -0.00006338    -0.00374542  -0.00358417     0.00000000   0.00000000
  0.00000000   0.00000000     0.00000000   0.00000000    -0.00137716  -0.00085584
    4    4
  0.05347375   0.00000000    -0.00000000  -0.00018481    -0.00000000   0.00000000
  0.00000000   0.00018481     0.02964901   0.00000000    -0.00000000   0.00000000
 -0.00000000   0.00000000    -0.00000000   0.00000000     0.07089156   0.00000000
    4    5
  0.00000000  -0.00046933    -0.00257797  -0.00000000     0.00000000  -0.00000000
 -0.00257797  -0.00000000    -0.00000000   0.01184758    -0.00000000  -0.00000000
 -0.00000000  -0.00000000     0.00000000  -0.00000000    -0.00000000   0.06647400
    4    6
  0.00000000  -0.00018132    -0.00025466  -0.00000000    -0.00576213  -0.00000000
 -0.00576213  -0.00000000    -0.00000000   0.00227842    -0.00000000   0.01518845
 -0.00025466  -0.00000000    -0.00000000   0.06693107    -0.00000000   0.00227842
    4    7
  0.00018132   0.00000000    -0.00000000  -0.00025466     0.00000000   0.00576213
  0.00000000  -0.00576213    -0.00227842   0.00000000     0.01518845  -0.00000000
  0.00000000   0.00025466     0.06693107  -0.00000000    -0.00227842   0.00000000
    5    1
  0.02284088   0.00000000     0.00000000   0.01673406     0.00000000   0.00000000
  0.00000000   0.05950835     0.00104957  -0.00000000    -0.00000000   0.00000000
  0.00000000   0.00000000     0.00000000   0.00000000     0.00007570   0.00000000
    5    2
 -0.02385854   0.01047189     0.02234987  -0.00101346    -0.00000000  -0.00000000
  0.00972175   0.00006338    -0.00374542   0.00358417    -0.00000000   0.00000000
 -0.00000000   0.00000000    -0.00000000  -0.00000000    -0.00137716   0.00085584
    5    3
  0.01047189  -0.02385854     0.00101346  -0.02234987    -0.00000000   0.00000000
 -0.00006338  -0.00972175     0.00358417  -0.00374542    -0.00000000   0.00000000
 -0.00000000  -0.00000000    -0.00000000  -0.00000000     0.00085584  -0.00137716
    5    4
  0.00000000   0.00046933    -0.00257797   0.00000000     0.00000000   0.00000000
 -0.00257797   0.00000000    -0.00000000  -0.01184758    -0.00000000   0.00000000
 -0.00000000   0.00000000     0.00000000   0.00000000    -0.00000000  -0.06647400
    5    5
  0.05347375  -0.00000000    -0.00000000   0.00018481    -0.00000000  -0.00000000
  0.00000000  -0.00018481     0.02964901  -0.00000000    -0.00000000  -0.00000000
 -0.00000000  -0.00000000    -0.00000000  -0.00000000     0.07089156  -0.00000000
    5    6
  0.00018132   0.00000000    -0.00000000   0.00025466     0.00000000  -0.00576213
 -0.00000000   0.00576213    -0.00227842  -0.00000000     0.01518845   0.00000000
  0.00000000  -0.00025466     0.06693107   0.00000000    -0.00227842  -0.00000000
    5    7
  0.00000000   0.00018132    -0.00025466   0.00000000    -0.00576213   0.00000000
 -0.00576213   0.00000000    -0.00000000  -0.00227842    -0.00000000  -0.01518845
 -0.00025466   0.00000000    -0.00000000  -0.06693107    -0.00000000  -0.00227842
    6    1
  0.02284088  -0.00000000    -0.00000000  -0.00000000     0.00000000   0.01673406
 -0.00000000  -0.00000000     0.00007570  -0.00000000     0.00000000   0.00000000
  0.00000000   0.05950835     0.00000000  -0.00000000     0.00104957   0.00000000
    6    2
  0.01047189  -0.02385854    -0.00000000   0.00000000     0.00101346  -0.02234987
 -0.00000000   0.00000000     0.00085584  -0.00137716    -0.00000000   0.00000000
 -0.00006338  -0.00972175    -0.00000000   0.00000000     0.00358417  -0.00374542
    6    3
 -0.02385854   0.01047189     0.00000000  -0.00000000     0.02234987  -0.00101346
 -0.00000000  -0.00000000    -0.00137716   0.00085584     0.00000000  -0.00000000
  0.00972175   0.00006338    -0.00000000  -0.00000000    -0.00374542   0.00358417
    6    4
  0.00000000   0.00018132    -0.00576213   0.00000000    -0.00025466   0.00000000
 -0.00025466   0.00000000    -0.00000000  -0.00227842    -0.00000000  -0.06693107
 -0.00576213   0.00000000    -0.00000000  -0.01518845    -0.00000000  -0.00227842
    6    5
  0.00018132   0.00000000    -0.00000000  -0.00576213     0.00000000   0.00025466
 -0.00000000  -0.00025466    -0.00227842   0.00000000     0.06693107  -0.00000000
  0.00000000   0.00576213     0.01518845  -0.00000000    -0.00227842   0.00000000
    6    6
  0.05347375   0.00000000     0.00000000  -0.00000000    -0.00000000   0.00018481
  0.00000000   0.00000000     0.07089156  -0.00000000     0.00000000   0.00000000
 -0.00000000  -0.00018481     0.00000000   0.00000000     0.02964901  -0.00000000
    6    7
  0.00000000   0.00046933     0.00000000   0.00000000    -0.00257797   0.00000000
  0.00000000   0.00000000    -0.00000000  -0.06647400     0.00000000   0.00000000
 -0.00257797   0.00000000     0.00000000   0.00000000    -0.00000000  -0.01184758
    7    1
  0.00000000  -0.02284088     0.00000000   0.00000000    -0.01673406  -0.00000000
  0.00000000   0.00000000     0.00000000  -0.00007570     0.00000000  -0.00000000
 -0.05950835  -0.00000000    -0.00000000   0.00000000     0.00000000  -0.00104957
    7    2
 -0.02385854  -0.01047189    -0.00000000   0.00000000     0.02234987   0.00101346
 -0.00000000   0.00000000    -0.00137716  -0.00085584     0.00000000   0.00000000
  0.00972175  -0.00006338     0.00000000   0.00000000    -0.00374542  -0.00358417
    7    3
  0.01047189   0.02385854    -0.00000000  -0.00000000     0.00101346   0.02234987
  0.00000000  -0.00000000     0.00085584   0.00137716    -0.00000000   0.00000000
 -0.00006338   0.00972175    -0.00000000  -0.00000000     0.00358417   0.00374542
    7    4
  0.00018132   0.00000000    -0.00000000   0.00576213     0.00000000  -0.00025466
 -0.00000000   0.00025466    -0.00227842  -0.00000000     0.06693107   0.00000000
  0.00000000  -0.00576213     0.01518845   0.00000000    -0.00227842   0.00000000
    7    5
  0.00000000  -0.00018132    -0.00576213  -0.00000000    -0.00025466  -0.00000000
 -0.00025466  -0.00000000    -0.00000000   0.00227842    -0.00000000   0.06693107
 -0.00576213  -0.00000000    -0.00000000   0.01518845    -0.00000000   0.00227842
    7    6
  0.00000000  -0.00046933     0.00000000  -0.00000000    -0.00257797  -0.00000000
  0.00000000  -0.00000000    -0.00000000   0.06647400     0.00000000  -0.00000000
 -0.00257797  -0.00000000     0.00000000  -0.00000000    -0.00000000   0.01184758
    7    7
  0.05347375  -0.00000000     0.00000000   0.00000000    -0.00000000  -0.00018481
  0.00000000  -0.00000000     0.07089156   0.00000000     0.00000000   0.00000000
 -0.00000000   0.00018481     0.00000000   0.00000000     0.02964901   0.00000000

     Dynamical  Matrix in cartesian axes

     q = (   -0.000000000   0.433012700   0.000000000 ) 

    1    1
  0.03393226   0.00000000     0.00000000   0.00000000     0.00000000   0.00000000
  0.00000000   0.00000000     0.33589621   0.00000000     0.00000000   0.00000000
  0.00000000   0.00000000     0.00000000   0.00000000     0.03393226   0.00000000
    1    2
  0.00104957   0.00000000     0.00000000   0.01673406     0.00000000   0.00000000
  0.00000000   0.05950835     0.02284088  -0.00000000     0.00000000  -0.00000000
  0.00000000   0.00000000     0.00000000  -0.00000000     0.00007570   0.00000000
    1    3
  0.00000000  -0.00104957    -0.01673406  -0.00000000    -0.00000000   0.00000000
 -0.05950835  -0.00000000     0.00000000  -0.02284088    -0.00000000   0.00000000
 -0.00000000   0.00000000     0.00000000   0.00000000     0.00000000  -0.00007570
    1    4
 -0.01468140  -0.00041862     0.00000000  -0.00000000     0.00000000  -0.00000000
  0.00000000  -0.00000000    -0.00419076   0.00419076     0.00000000  -0.00000000
  0.00000000  -0.00000000     0.00000000  -0.00000000     0.00041862   0.01468140
    1    5
  0.00041862   0.01468140     0.00000000  -0.00000000     0.00000000   0.00000000
  0.00000000  -0.00000000    -0.00419076   0.00419076     0.00000000  -0.00000000
  0.00000000  -0.00000000     0.00000000   0.00000000    -0.01468140  -0.00041862
    1    6
  0.00000000  -0.00007570     0.00000000   0.00000000    -0.00000000   0.00000000
  0.00000000   0.00000000     0.00000000  -0.02284088    -0.05950835  -0.00000000
 -0.00000000   0.00000000    -0.01673406  -0.00000000     0.00000000  -0.00104957
    1    7
  0.00007570  -0.00000000     0.00000000  -0.00000000     0.00000000   0.00000000
 -0.00000000  -0.00000000     0.02284088  -0.00000000     0.00000000   0.05950835
