  3.000000000000000E-002   1.26007061404212        2.36059544634539     
          24

     Dynamical  Matrix in cartesian axes

     q = (    0.216506400   0.108253200   0.108253200 ) 

    1    1
  0.06587592   0.00000000     0.01661558   0.00000000     0.01661558   0.00000000
  0.01661558   0.00000000     0.02458220   0.00000000     0.00097979   0.00000000
  0.01661558   0.00000000     0.00097979   0.00000000     0.02458220   0.00000000
    1    2
 -0.00213166   0.00213166     0.00855084   0.00234470    -0.00234470  -0.00855084
 -0.00220406   0.00300811     0.00426765   0.00731743    -0.00013369  -0.00286192
 -0.00300811   0.00220406     0.00286192   0.00013369    -0.00731743  -0.00426764
    1    3
 -0.00213166   0.00213166    -0.00234470  -0.00855084     0.00855084   0.00234470
 -0.00300811   0.00220406    -0.00731743  -0.00426764     0.00286192   0.00013369
 -0.00220406   0.00300811    -0.00013369  -0.00286192     0.00426765   0.00731743
    1    4
 -0.00364024  -0.00362242    -0.01120573   0.00943336     0.01770931   0.00936727
 -0.00678932  -0.00412151    -0.00309032   0.00284729     0.00511808   0.00312212
  0.00073325  -0.00185656    -0.00293728   0.00475442     0.00513656   0.00376629
    1    5
  0.00362242   0.00364024    -0.00943336   0.01120573    -0.00936727  -0.01770930
  0.00412151   0.00678932    -0.00284728   0.00309032    -0.00312212  -0.00511808
  0.00185656  -0.00073326    -0.00475442   0.00293729    -0.00376630  -0.00513655
    1    6
  0.00362242   0.00364024    -0.00936727  -0.01770930    -0.00943336   0.01120573
  0.00185656  -0.00073326    -0.00376630  -0.00513655    -0.00475442   0.00293729
  0.00412151   0.00678932    -0.00312212  -0.00511808    -0.00284728   0.00309032
    1    7
 -0.00364024  -0.00362242     0.01770931   0.00936727    -0.01120573   0.00943336
  0.00073325  -0.00185656     0.00513656   0.00376629    -0.00293728   0.00475442
 -0.00678932  -0.00412151     0.00511808   0.00312212    -0.00309032   0.00284729
    2    1
 -0.00213166  -0.00213166    -0.00220406  -0.00300811    -0.00300811  -0.00220406
  0.00855084  -0.00234470     0.00426765  -0.00731743     0.00286192  -0.00013369
 -0.00234470   0.00855084    -0.00013369   0.00286192    -0.00731743   0.00426764
    2    2
  0.02377803  -0.00000000     0.00381793  -0.00023752     0.00381793   0.00023752
  0.00381793   0.00023752     0.03140780   0.00000000     0.00701632  -0.00358420
  0.00381793  -0.00023752     0.00701632   0.00358420     0.03140780  -0.00000000
    2    3
  0.00836777   0.00000000    -0.00138646   0.00490258    -0.00138646  -0.00490258
 -0.00138646   0.00490258    -0.02055038   0.01416515    -0.00720174   0.00000000
 -0.00138646  -0.00490258    -0.00720174   0.00000000    -0.02055038  -0.01416515
    2    4
 -0.00542195   0.00689567    -0.00438880   0.00198384     0.00016383  -0.00015209
 -0.02170906   0.01583152    -0.00232421   0.00601713    -0.00791902   0.00789771
 -0.00745364   0.00400161    -0.00168903  -0.00075673     0.00833830   0.00856971
    2    5
 -0.00151500  -0.00381907     0.00234537  -0.00083712     0.00110228  -0.00129461
  0.02782413   0.00034219    -0.00217210   0.00247852     0.00883676  -0.00815233
  0.00622357   0.00699463     0.00049506   0.00179472    -0.00654558  -0.00676082
    2    6
 -0.00542195  -0.00689567     0.00016383   0.00015209    -0.00438880  -0.00198384
 -0.00745364  -0.00400161     0.00833830  -0.00856971    -0.00168903   0.00075673
 -0.02170906  -0.01583152    -0.00791902  -0.00789771    -0.00232421  -0.00601713
    2    7
 -0.00151500   0.00381907     0.00110228   0.00129461     0.00234537   0.00083712
  0.00622357  -0.00699463    -0.00654558   0.00676082     0.00049506  -0.00179472
  0.02782413  -0.00034219     0.00883676   0.00815233    -0.00217210  -0.00247852
    3    1
 -0.00213166  -0.00213166    -0.00300811  -0.00220406    -0.00220406  -0.00300811
 -0.00234470   0.00855084    -0.00731743   0.00426764    -0.00013369   0.00286192
  0.00855084  -0.00234470     0.00286192  -0.00013369     0.00426765  -0.00731743
    3    2
  0.00836777  -0.00000000    -0.00138646  -0.00490258    -0.00138646   0.00490258
 -0.00138646  -0.00490258    -0.02055038  -0.01416515    -0.00720174  -0.00000000
 -0.00138646   0.00490258    -0.00720174  -0.00000000    -0.02055038   0.01416515
    3    3
  0.02377803   0.00000000     0.00381793   0.00023752     0.00381793  -0.00023752
  0.00381793  -0.00023752     0.03140780  -0.00000000     0.00701632   0.00358420
  0.00381793   0.00023752     0.00701632  -0.00358420     0.03140780   0.00000000
    3    4
 -0.00151500   0.00381907     0.00234537   0.00083712     0.00110228   0.00129461
  0.02782413  -0.00034219    -0.00217210  -0.00247852     0.00883676   0.00815233
  0.00622357  -0.00699463     0.00049506  -0.00179472    -0.00654558   0.00676082
    3    5
 -0.00542195  -0.00689567    -0.00438880  -0.00198384     0.00016383   0.00015209
 -0.02170906  -0.01583152    -0.00232421  -0.00601713    -0.00791902  -0.00789771
 -0.00745364  -0.00400161    -0.00168903   0.00075673     0.00833830  -0.00856971
    3    6
 -0.00151500  -0.00381907     0.00110228  -0.00129461     0.00234537  -0.00083712
  0.00622357   0.00699463    -0.00654558  -0.00676082     0.00049506   0.00179472
  0.02782413   0.00034219     0.00883676  -0.00815233    -0.00217210   0.00247852
    3    7
 -0.00542195   0.00689567     0.00016383  -0.00015209    -0.00438880   0.00198384
 -0.00745364   0.00400161     0.00833830   0.00856971    -0.00168903  -0.00075673
 -0.02170906   0.01583152    -0.00791902   0.00789771    -0.00232421   0.00601713
    4    1
 -0.00364024   0.00362242    -0.00678932   0.00412151     0.00073325   0.00185656
 -0.01120573  -0.00943336    -0.00309032  -0.00284729    -0.00293728  -0.00475442
  0.01770931  -0.00936727     0.00511808  -0.00312212     0.00513656  -0.00376629
    4    2
 -0.00542195  -0.00689567    -0.02170906  -0.01583152    -0.00745364  -0.00400161
 -0.00438880  -0.00198384    -0.00232421  -0.00601713    -0.00168903   0.00075673
  0.00016383   0.00015209    -0.00791902  -0.00789771     0.00833830  -0.00856971
    4    3
 -0.00151500  -0.00381907     0.02782413   0.00034219     0.00622357   0.00699463
  0.00234537  -0.00083712    -0.00217210   0.00247852     0.00049506   0.00179472
  0.00110228  -0.00129461     0.00883676  -0.00815233    -0.00654558  -0.00676082
    4    4
  0.03298687   0.00000000     0.00162459  -0.00029821     0.00938829   0.00463141
  0.00162459   0.00029821     0.01449592  -0.00000000     0.00054369  -0.00450241
  0.00938829  -0.00463141     0.00054369   0.00450241     0.04405995  -0.00000000
    4    5
 -0.01911286  -0.01476977     0.00008835  -0.00312894    -0.00877826  -0.00481731
  0.00008835  -0.00312894     0.00525825   0.00223608    -0.00224020   0.00513340
 -0.00877826  -0.00481731    -0.00224020   0.00513340    -0.03988374  -0.00451263
    4    6
  0.00633371   0.01160649    -0.00818317  -0.00397852    -0.00015179  -0.00022985
 -0.00015179  -0.00022985    -0.00391573   0.00580388    -0.00105293  -0.00119746
 -0.00818317  -0.00397852    -0.04112045  -0.00471617    -0.00391573   0.00580388
    4    7
 -0.00579386  -0.00000000     0.00858132   0.00473502    -0.00137046   0.00158139
 -0.00137046  -0.00158139    -0.00132615  -0.00657403    -0.00106739  -0.00000000
  0.00858132  -0.00473502     0.04130616   0.00000000    -0.00132615   0.00657403
    5    1
  0.00362242  -0.00364024     0.00412151  -0.00678932     0.00185656   0.00073326
 -0.00943336  -0.01120573    -0.00284728  -0.00309032    -0.00475442  -0.00293729
 -0.00936727   0.01770930    -0.00312212   0.00511808    -0.00376630   0.00513655
    5    2
 -0.00151500   0.00381907     0.02782413  -0.00034219     0.00622357  -0.00699463
  0.00234537   0.00083712    -0.00217210  -0.00247852     0.00049506  -0.00179472
  0.00110228   0.00129461     0.00883676   0.00815233    -0.00654558   0.00676082
    5    3
 -0.00542195   0.00689567    -0.02170906   0.01583152    -0.00745364   0.00400161
 -0.00438880   0.00198384    -0.00232421   0.00601713    -0.00168903  -0.00075673
  0.00016383  -0.00015209    -0.00791902   0.00789771     0.00833830   0.00856971
    5    4
 -0.01911286   0.01476977     0.00008835   0.00312894    -0.00877826   0.00481731
  0.00008835   0.00312894     0.00525825  -0.00223608    -0.00224020  -0.00513340
 -0.00877826   0.00481731    -0.00224020  -0.00513340    -0.03988374   0.00451263
    5    5
  0.03298687  -0.00000000     0.00162459   0.00029821     0.00938829  -0.00463141
  0.00162459  -0.00029821     0.01449592   0.00000000     0.00054369   0.00450241
  0.00938829   0.00463141     0.00054369  -0.00450241     0.04405995   0.00000000
    5    6
 -0.00579386   0.00000000     0.00858132  -0.00473502    -0.00137046  -0.00158139
 -0.00137046   0.00158139    -0.00132615   0.00657403    -0.00106739   0.00000000
  0.00858132   0.00473502     0.04130616   0.00000000    -0.00132615  -0.00657403
    5    7
  0.00633371  -0.01160649    -0.00818317   0.00397852    -0.00015179   0.00022985
 -0.00015179   0.00022985    -0.00391573  -0.00580388    -0.00105293   0.00119746
 -0.00818317   0.00397852    -0.04112045   0.00471617    -0.00391573  -0.00580388
    6    1
  0.00362242  -0.00364024     0.00185656   0.00073326     0.00412151  -0.00678932
 -0.00936727   0.01770930    -0.00376630   0.00513655    -0.00312212   0.00511808
 -0.00943336  -0.01120573    -0.00475442  -0.00293729    -0.00284728  -0.00309032
    6    2
 -0.00542195   0.00689567    -0.00745364   0.00400161    -0.02170906   0.01583152
  0.00016383  -0.00015209     0.00833830   0.00856971    -0.00791902   0.00789771
 -0.00438880   0.00198384    -0.00168903  -0.00075673    -0.00232421   0.00601713
    6    3
 -0.00151500   0.00381907     0.00622357  -0.00699463     0.02782413  -0.00034219
  0.00110228   0.00129461    -0.00654558   0.00676082     0.00883676   0.00815233
  0.00234537   0.00083712     0.00049506  -0.00179472    -0.00217210  -0.00247852
    6    4
  0.00633371  -0.01160649    -0.00015179   0.00022985    -0.00818317   0.00397852
 -0.00818317   0.00397852    -0.00391573  -0.00580388    -0.04112045   0.00471617
 -0.00015179   0.00022985    -0.00105293   0.00119746    -0.00391573  -0.00580388
    6    5
 -0.00579386   0.00000000    -0.00137046  -0.00158139     0.00858132  -0.00473502
  0.00858132   0.00473502    -0.00132615  -0.00657403     0.04130616  -0.00000000
 -0.00137046   0.00158139    -0.00106739  -0.00000000    -0.00132615   0.00657403
    6    6
  0.03298687   0.00000000     0.00938829  -0.00463141     0.00162459   0.00029821
  0.00938829   0.00463141     0.04405995   0.00000000     0.00054369  -0.00450241
  0.00162459  -0.00029821     0.00054369   0.00450241     0.01449592  -0.00000000
    6    7
 -0.01911286   0.01476977    -0.00877826   0.00481731     0.00008835   0.00312894
 -0.00877826   0.00481731    -0.03988374   0.00451263    -0.00224020  -0.00513340
  0.00008835   0.00312894    -0.00224020  -0.00513340     0.00525825  -0.00223608
    7    1
 -0.00364024   0.00362242     0.00073325   0.00185656    -0.00678932   0.00412151
  0.01770931  -0.00936727     0.00513656  -0.00376629     0.00511808  -0.00312212
 -0.01120573  -0.00943336    -0.00293728  -0.00475442    -0.00309032  -0.00284729
    7    2
 -0.00151500  -0.00381907     0.00622357   0.00699463     0.02782413   0.00034219
  0.00110228  -0.00129461    -0.00654558  -0.00676082     0.00883676  -0.00815233
  0.00234537  -0.00083712     0.00049506   0.00179472    -0.00217210   0.00247852
    7    3
 -0.00542195  -0.00689567    -0.00745364  -0.00400161    -0.02170906  -0.01583152
  0.00016383   0.00015209     0.00833830  -0.00856971    -0.00791902  -0.00789771
 -0.00438880  -0.00198384    -0.00168903   0.00075673    -0.00232421  -0.00601713
    7    4
 -0.00579386  -0.00000000    -0.00137046   0.00158139     0.00858132   0.00473502
  0.00858132  -0.00473502    -0.00132615   0.00657403     0.04130616  -0.00000000
 -0.00137046  -0.00158139    -0.00106739   0.00000000    -0.00132615  -0.00657403
    7    5
  0.00633371   0.01160649    -0.00015179  -0.00022985    -0.00818317  -0.00397852
 -0.00818317  -0.00397852    -0.00391573   0.00580388    -0.04112045  -0.00471617
 -0.00015179  -0.00022985    -0.00105293  -0.00119746    -0.00391573   0.00580388
    7    6
 -0.01911286  -0.01476977    -0.00877826  -0.00481731     0.00008835  -0.00312894
 -0.00877826  -0.00481731    -0.03988374  -0.00451263    -0.00224020   0.00513340
  0.00008835  -0.00312894    -0.00224020   0.00513340     0.00525825   0.00223608
    7    7
  0.03298687  -0.00000000     0.00938829   0.00463141     0.00162459  -0.00029821
  0.00938829  -0.00463141     0.04405995  -0.00000000     0.00054369   0.00450241
  0.00162459   0.00029821     0.00054369  -0.00450241     0.01449592   0.00000000

     Dynamical  Matrix in cartesian axes

     q = (   -0.216506400   0.108253200  -0.108253200 ) 

    1    1
  0.06587592  -0.00000000    -0.01661558   0.00000000     0.01661558  -0.00000000
 -0.01661558   0.00000000     0.02458220  -0.00000000    -0.00097979   0.00000000
  0.01661558  -0.00000000    -0.00097979   0.00000000     0.02458220  -0.00000000
    1    2
 -0.00213166  -0.00213166    -0.00855084   0.00234470    -0.00234470   0.00855084
  0.00220406   0.00300811     0.00426765  -0.00731743     0.00013369  -0.00286192
 -0.00300811  -0.00220406    -0.00286192   0.00013369    -0.00731743   0.00426764
    1    3
 -0.00301462   0.00000000    -0.00438840  -0.00770431     0.00438840  -0.00770431
  0.00368556  -0.00056855    -0.00215653   0.00819189    -0.00192915   0.00211822
 -0.00368556  -0.00056855    -0.00192915  -0.00211822    -0.00215653  -0.00819189
    1    4
  0.00362242  -0.00364024     0.00943336   0.01120573    -0.00936727   0.01770930
 -0.00412151   0.00678932    -0.00284728  -0.00309032     0.00312212  -0.00511808
  0.00185656   0.00073326     0.00475442   0.00293729    -0.00376630   0.00513655
    1    5
 -0.00001260   0.00513548     0.01459404  -0.00125326     0.00589871  -0.01914603
  0.00188643  -0.00771512    -0.00419852   0.00017185    -0.00141136   0.00582671
  0.00183128   0.00079430     0.00543886   0.00128491     0.00096892  -0.00629526
    1    6
 -0.00001260  -0.00513548    -0.00589871  -0.01914603    -0.01459404  -0.00125326
 -0.00183128   0.00079430     0.00096892   0.00629526     0.00543886  -0.00128491
 -0.00188643  -0.00771512    -0.00141136  -0.00582671    -0.00419852  -0.00017185
    1    7
 -0.00364024   0.00362242    -0.01770931   0.00936727    -0.01120573  -0.00943336
 -0.00073325  -0.00185656     0.00513656  -0.00376629     0.00293728   0.00475442
 -0.00678932   0.00412151    -0.00511808   0.00312212    -0.00309032  -0.00284729
    2    1
 -0.00213166   0.00213166     0.00220406  -0.00300811    -0.00300811   0.00220406
 -0.00855084  -0.00234470     0.00426765   0.00731743    -0.00286192  -0.00013369
 -0.00234470  -0.00855084     0.00013369   0.00286192    -0.00731743  -0.00426764
    2    2
  0.02377803  -0.00000000    -0.00381793  -0.00023752     0.00381793  -0.00023752
 -0.00381793   0.00023752     0.03140780  -0.00000000    -0.00701632  -0.00358420
  0.00381793   0.00023752    -0.00701632   0.00358420     0.03140780   0.00000000
    2    3
  0.00591691  -0.00591691     0.00444702   0.00248627     0.00248627   0.00444702
  0.00444702   0.00248627    -0.02454758   0.00451505     0.00509240  -0.00509240
  0.00248627   0.00444702     0.00509240  -0.00509240    -0.00451504   0.02454759
    2    4
 -0.00151500   0.00381907    -0.00234537  -0.00083712     0.00110228   0.00129461
 -0.02782413   0.00034219    -0.00217210  -0.00247852    -0.00883676  -0.00815233
  0.00622357  -0.00699463    -0.00049506   0.00179472    -0.00654558   0.00676082
    2    5
 -0.00870987  -0.00104208     0.00450614  -0.00170057     0.00022338  -0.00000830
  0.02654520  -0.00415606    -0.00589821  -0.00261129     0.01118412  -0.00001507
 -0.00810008   0.00244095     0.00065923  -0.00172941    -0.00016363  -0.01195577
    2    6
  0.00104208   0.00870987    -0.00000830   0.00022338    -0.00170056   0.00450614
  0.00244095  -0.00810008     0.01195577   0.00016362     0.00172941  -0.00065923
 -0.00415605   0.02654520     0.00001506  -0.01118412     0.00261129   0.00589821
    2    7
 -0.00151500  -0.00381907    -0.00110228   0.00129461     0.00234537  -0.00083712
 -0.00622357  -0.00699463    -0.00654558  -0.00676082    -0.00049506  -0.00179472
  0.02782413   0.00034219    -0.00883676   0.00815233    -0.00217210   0.00247852
    3    1
 -0.00301462  -0.00000000     0.00368556   0.00056855    -0.00368556   0.00056855
 -0.00438840   0.00770431    -0.00215653  -0.00819189    -0.00192915   0.00211822
  0.00438840   0.00770431    -0.00192915  -0.00211822    -0.00215653   0.00819189
    3    2
  0.00591691   0.00591691     0.00444702  -0.00248627     0.00248627  -0.00444702
  0.00444702  -0.00248627    -0.02454758  -0.00451505     0.00509240   0.00509240
  0.00248627  -0.00444702     0.00509240   0.00509240    -0.00451504  -0.02454759
    3    3
  0.02377803  -0.00000000    -0.00381793   0.00023752     0.00381793   0.00023752
 -0.00381793  -0.00023752     0.03140780   0.00000000    -0.00701632   0.00358420
  0.00381793  -0.00023752    -0.00701632  -0.00358420     0.03140780   0.00000000
    3    4
 -0.00870987   0.00104208     0.00450614   0.00170057     0.00022338   0.00000830
  0.02654520   0.00415606    -0.00589821   0.00261129     0.01118412   0.00001507
 -0.00810008  -0.00244095     0.00065923   0.00172941    -0.00016363   0.01195577
    3    5
 -0.00151500  -0.00381907    -0.00234537   0.00083712     0.00110228  -0.00129461
 -0.02782413  -0.00034219    -0.00217210   0.00247852    -0.00883676   0.00815233
  0.00622357   0.00699463    -0.00049506  -0.00179472    -0.00654558  -0.00676082
    3    6
 -0.00151500   0.00381907    -0.00110228  -0.00129461     0.00234537   0.00083712
 -0.00622357   0.00699463    -0.00654558   0.00676082    -0.00049506   0.00179472
  0.02782413  -0.00034219    -0.00883676  -0.00815233    -0.00217210  -0.00247852
    3    7
  0.00104208  -0.00870987    -0.00000830  -0.00022338    -0.00170056  -0.00450614
  0.00244095   0.00810008     0.01195577  -0.00016362     0.00172941   0.00065923
 -0.00415605  -0.02654520     0.00001506   0.01118412     0.00261129  -0.00589821
    4    1
  0.00362242   0.00364024    -0.00412151  -0.00678932     0.00185656  -0.00073326
  0.00943336  -0.01120573    -0.00284728   0.00309032     0.00475442  -0.00293729
 -0.00936727  -0.01770930     0.00312212   0.00511808    -0.00376630  -0.00513655
    4    2
 -0.00151500  -0.00381907    -0.02782413  -0.00034219     0.00622357   0.00699463
 -0.00234537   0.00083712    -0.00217210   0.00247852    -0.00049506  -0.00179472
  0.00110228  -0.00129461    -0.00883676   0.00815233    -0.00654558  -0.00676082
    4    3
 -0.00870987  -0.00104208     0.02654520  -0.00415606    -0.00810008   0.00244095
  0.00450614  -0.00170057    -0.00589821  -0.00261129     0.00065923  -0.00172941
  0.00022338  -0.00000830     0.01118412  -0.00001507    -0.00016363  -0.01195577
    4    4
  0.03298687  -0.00000000    -0.00162459   0.00029821     0.00938829   0.00463141
 -0.00162459  -0.00029821     0.01449592  -0.00000000    -0.00054369   0.00450241
  0.00938829  -0.00463141    -0.00054369  -0.00450241     0.04405995  -0.00000000
    4    5
 -0.02395864   0.00307103     0.00215002   0.00227497    -0.00961352   0.00280081
  0.00215002   0.00227497     0.00529929  -0.00213700    -0.00204580  -0.00521392
 -0.00961352   0.00280081    -0.00204580  -0.00521392    -0.03139297   0.02501116
    4    6
 -0.00409688   0.00409688    -0.00941607   0.00271975     0.00014915   0.00208728
  0.00208728   0.00014915    -0.00558627  -0.00371081     0.00075476  -0.00075476
  0.00271975  -0.00941607    -0.02920786   0.02920787     0.00371081   0.00558627
    4    7
  0.00633371   0.01160649     0.00818317   0.00397852    -0.00015179  -0.00022985
  0.00015179   0.00022985    -0.00391573   0.00580388     0.00105293   0.00119746
 -0.00818317  -0.00397852     0.04112045   0.00471617    -0.00391573   0.00580388
    5    1
 -0.00001260  -0.00513548     0.00188643   0.00771512     0.00183128  -0.00079430
  0.01459404   0.00125326    -0.00419852  -0.00017185     0.00543886  -0.00128491
  0.00589871   0.01914603    -0.00141136  -0.00582671     0.00096892   0.00629526
    5    2
 -0.00870987   0.00104208     0.02654520   0.00415606    -0.00810008  -0.00244095
  0.00450614   0.00170057    -0.00589821   0.00261129     0.00065923   0.00172941
  0.00022338   0.00000830     0.01118412   0.00001507    -0.00016363   0.01195577
    5    3
 -0.00151500   0.00381907    -0.02782413   0.00034219     0.00622357  -0.00699463
 -0.00234537  -0.00083712    -0.00217210  -0.00247852    -0.00049506   0.00179472
  0.00110228   0.00129461    -0.00883676  -0.00815233    -0.00654558   0.00676082
    5    4
 -0.02395864  -0.00307103     0.00215002  -0.00227497    -0.00961352  -0.00280081
  0.00215002  -0.00227497     0.00529929   0.00213700    -0.00204580   0.00521392
 -0.00961352  -0.00280081    -0.00204580   0.00521392    -0.03139297  -0.02501116
    5    5
  0.03298687   0.00000000    -0.00162459  -0.00029821     0.00938829  -0.00463141
 -0.00162459   0.00029821     0.01449592   0.00000000    -0.00054369  -0.00450241
  0.00938829   0.00463141    -0.00054369   0.00450241     0.04405995   0.00000000
    5    6
  0.00633371  -0.01160649     0.00818317  -0.00397852    -0.00015179   0.00022985
  0.00015179  -0.00022985    -0.00391573  -0.00580388     0.00105293  -0.00119746
 -0.00818317   0.00397852     0.04112045  -0.00471617    -0.00391573  -0.00580388
    5    7
 -0.00409688  -0.00409688    -0.00941607  -0.00271975     0.00014915  -0.00208728
  0.00208728  -0.00014915    -0.00558627   0.00371081     0.00075476   0.00075476
  0.00271975   0.00941607    -0.02920786  -0.02920787     0.00371081  -0.00558627
    6    1
 -0.00001260   0.00513548    -0.00183128  -0.00079430    -0.00188643   0.00771512
 -0.00589871   0.01914603     0.00096892  -0.00629526    -0.00141136   0.00582671
 -0.01459404   0.00125326     0.00543886   0.00128491    -0.00419852   0.00017185
    6    2
  0.00104208  -0.00870987     0.00244095   0.00810008    -0.00415605  -0.02654520
 -0.00000830  -0.00022338     0.01195577  -0.00016362     0.00001506   0.01118412
 -0.00170056  -0.00450614     0.00172941   0.00065923     0.00261129  -0.00589821
    6    3
 -0.00151500  -0.00381907    -0.00622357  -0.00699463     0.02782413   0.00034219
 -0.00110228   0.00129461    -0.00654558  -0.00676082    -0.00883676   0.00815233
  0.00234537  -0.00083712    -0.00049506  -0.00179472    -0.00217210   0.00247852
    6    4
 -0.00409688  -0.00409688     0.00208728  -0.00014915     0.00271975   0.00941607
 -0.00941607  -0.00271975    -0.00558627   0.00371081    -0.02920786  -0.02920787
  0.00014915  -0.00208728     0.00075476   0.00075476     0.00371081  -0.00558627
    6    5
  0.00633371   0.01160649     0.00015179   0.00022985    -0.00818317  -0.00397852
  0.00818317   0.00397852    -0.00391573   0.00580388     0.04112045   0.00471617
 -0.00015179  -0.00022985     0.00105293   0.00119746    -0.00391573   0.00580388
    6    6
  0.03298687  -0.00000000    -0.00938829  -0.00463141     0.00162459  -0.00029821
 -0.00938829   0.00463141     0.04405995  -0.00000000    -0.00054369  -0.00450241
  0.00162459   0.00029821    -0.00054369   0.00450241     0.01449592  -0.00000000
    6    7
 -0.00307102  -0.02395864     0.00280081   0.00961352     0.00227497  -0.00215002
  0.00280081   0.00961352    -0.02501115  -0.03139298     0.00521393  -0.00204580
  0.00227497  -0.00215002     0.00521393  -0.00204580     0.00213700   0.00529929
    7    1
 -0.00364024  -0.00362242    -0.00073325   0.00185656    -0.00678932  -0.00412151
 -0.01770931  -0.00936727     0.00513656   0.00376629    -0.00511808  -0.00312212
 -0.01120573   0.00943336     0.00293728  -0.00475442    -0.00309032   0.00284729
    7    2
 -0.00151500   0.00381907    -0.00622357   0.00699463     0.02782413  -0.00034219
 -0.00110228  -0.00129461    -0.00654558   0.00676082    -0.00883676  -0.00815233
  0.00234537   0.00083712    -0.00049506   0.00179472    -0.00217210  -0.00247852
    7    3
  0.00104208   0.00870987     0.00244095  -0.00810008    -0.00415605   0.02654520
 -0.00000830   0.00022338     0.01195577   0.00016362     0.00001506  -0.01118412
 -0.00170056   0.00450614     0.00172941  -0.00065923     0.00261129   0.00589821
    7    4
  0.00633371  -0.01160649     0.00015179  -0.00022985    -0.00818317   0.00397852
  0.00818317  -0.00397852    -0.00391573  -0.00580388     0.04112045  -0.00471617
 -0.00015179   0.00022985     0.00105293  -0.00119746    -0.00391573  -0.00580388
    7    5
 -0.00409688   0.00409688     0.00208728   0.00014915     0.00271975  -0.00941607
 -0.00941607   0.00271975    -0.00558627  -0.00371081    -0.02920786   0.02920787
  0.00014915   0.00208728     0.00075476  -0.00075476     0.00371081   0.00558627
    7    6
 -0.00307102   0.02395864     0.00280081  -0.00961352     0.00227497   0.00215002
  0.00280081  -0.00961352    -0.02501115   0.03139298     0.00521393   0.00204580
  0.00227497   0.00215002     0.00521393   0.00204580     0.00213700  -0.00529929
    7    7
  0.03298687   0.00000000    -0.00938829   0.00463141     0.00162459   0.00029821
 -0.00938829  -0.00463141     0.04405995   0.00000000    -0.00054369   0.00450241
  0.00162459  -0.00029821    -0.00054369  -0.00450241     0.01449592   0.00000000

     Dynamical  Matrix in cartesian axes

     q = (    0.216506400  -0.108253200  -0.108253200 ) 

    1    1
  0.06587592  -0.00000000    -0.01661558   0.00000000    -0.01661558   0.00000000
 -0.01661558   0.00000000     0.02458220  -0.00000000     0.00097979  -0.00000000
 -0.01661558   0.00000000     0.00097979  -0.00000000     0.02458220  -0.00000000
    1    2
 -0.00301462   0.00000000    -0.00438840  -0.00770431    -0.00438840   0.00770431
  0.00368556  -0.00056855    -0.00215653   0.00819189     0.00192915  -0.00211822
  0.00368556   0.00056855     0.00192915   0.00211822    -0.00215653  -0.00819189
    1    3
 -0.00301462   0.00000000    -0.00438840   0.00770431    -0.00438840  -0.00770431
  0.00368556   0.00056855    -0.00215653  -0.00819189     0.00192915   0.00211822
  0.00368556  -0.00056855     0.00192915  -0.00211822    -0.00215653   0.00819189
    1    4
  0.00362242   0.00364024     0.00943336  -0.01120573     0.00936727   0.01770930
 -0.00412151  -0.00678932    -0.00284728   0.00309032    -0.00312212  -0.00511808
 -0.00185656   0.00073326    -0.00475442   0.00293729    -0.00376630  -0.00513655
    1    5
  0.00362242  -0.00364024     0.00943336   0.01120573     0.00936727  -0.01770930
 -0.00412151   0.00678932    -0.00284728  -0.00309032    -0.00312212   0.00511808
 -0.00185656  -0.00073326    -0.00475442  -0.00293729    -0.00376630   0.00513655
    1    6
  0.00362242  -0.00364024     0.00936727  -0.01770930     0.00943336   0.01120573
 -0.00185656  -0.00073326    -0.00376630   0.00513655    -0.00475442  -0.00293729
 -0.00412151   0.00678932    -0.00312212   0.00511808    -0.00284728  -0.00309032
    1    7
  0.00362242   0.00364024     0.00936727   0.01770930     0.00943336  -0.01120573
 -0.00185656   0.00073326    -0.00376630  -0.00513655    -0.00475442   0.00293729
 -0.00412151  -0.00678932    -0.00312212  -0.00511808    -0.00284728   0.00309032
    2    1
 -0.00301462   0.00000000     0.00368556   0.00056855     0.00368556  -0.00056855
 -0.00438840   0.00770431    -0.00215653  -0.00819189     0.00192915  -0.00211822
 -0.00438840  -0.00770431     0.00192915   0.00211822    -0.00215653   0.00819189
    2    2
  0.02377803   0.00000000    -0.00381793   0.00023752    -0.00381793  -0.00023752
 -0.00381793  -0.00023752     0.03140780   0.00000000     0.00701632  -0.00358420
 -0.00381793   0.00023752     0.00701632   0.00358420     0.03140780   0.00000000
    2    3
  0.00836777   0.00000000     0.00138646  -0.00490258     0.00138646   0.00490258
  0.00138646  -0.00490258    -0.02055038   0.01416515    -0.00720174   0.00000000
  0.00138646   0.00490258    -0.00720174   0.00000000    -0.02055038  -0.01416515
    2    4
 -0.00377175  -0.00162922    -0.00106649   0.00225036     0.00013600   0.00169485
 -0.01991659   0.01943267     0.00021668   0.00328849     0.00048396  -0.01201310
 -0.00934668  -0.00054522     0.00161912   0.00091900    -0.00940904  -0.00015219
    2    5
 -0.00870987   0.00104208     0.00450614   0.00170057    -0.00022338  -0.00000830
  0.02654520   0.00415606    -0.00589821   0.00261129    -0.01118412  -0.00001507
  0.00810008   0.00244095    -0.00065923  -0.00172941    -0.00016363   0.01195577
    2    6
 -0.00377175   0.00162922     0.00013600  -0.00169485    -0.00106649  -0.00225036
 -0.00934668   0.00054522    -0.00940904   0.00015219     0.00161912  -0.00091900
 -0.01991659  -0.01943267     0.00048396   0.01201310     0.00021668  -0.00328849
    2    7
 -0.00870987  -0.00104208    -0.00022338   0.00000830     0.00450614  -0.00170057
  0.00810008  -0.00244095    -0.00016363  -0.01195577    -0.00065923   0.00172941
  0.02654520  -0.00415606    -0.01118412   0.00001507    -0.00589821  -0.00261129
    3    1
 -0.00301462   0.00000000     0.00368556  -0.00056855     0.00368556   0.00056855
 -0.00438840  -0.00770431    -0.00215653   0.00819189     0.00192915   0.00211822
 -0.00438840   0.00770431     0.00192915  -0.00211822    -0.00215653  -0.00819189
    3    2
  0.00836777  -0.00000000     0.00138646   0.00490258     0.00138646  -0.00490258
  0.00138646   0.00490258    -0.02055038  -0.01416515    -0.00720174  -0.00000000
  0.00138646  -0.00490258    -0.00720174  -0.00000000    -0.02055038   0.01416515
    3    3
  0.02377803  -0.00000000    -0.00381793  -0.00023752    -0.00381793   0.00023752
 -0.00381793   0.00023752     0.03140780  -0.00000000     0.00701632   0.00358420
 -0.00381793  -0.00023752     0.00701632  -0.00358420     0.03140780   0.00000000
    3    4
 -0.00870987  -0.00104208     0.00450614  -0.00170057    -0.00022338   0.00000830
  0.02654520  -0.00415606    -0.00589821  -0.00261129    -0.01118412   0.00001507
  0.00810008  -0.00244095    -0.00065923   0.00172941    -0.00016363  -0.01195577
    3    5
 -0.00377175   0.00162922    -0.00106649  -0.00225036     0.00013600  -0.00169485
 -0.01991659  -0.01943267     0.00021668  -0.00328849     0.00048396   0.01201310
 -0.00934668   0.00054522     0.00161912  -0.00091900    -0.00940904   0.00015219
    3    6
 -0.00870987   0.00104208    -0.00022338  -0.00000830     0.00450614   0.00170057
  0.00810008   0.00244095    -0.00016363   0.01195577    -0.00065923  -0.00172941
  0.02654520   0.00415606    -0.01118412  -0.00001507    -0.00589821   0.00261129
    3    7
 -0.00377175  -0.00162922     0.00013600   0.00169485    -0.00106649   0.00225036
 -0.00934668  -0.00054522    -0.00940904  -0.00015219     0.00161912   0.00091900
 -0.01991659   0.01943267     0.00048396  -0.01201310     0.00021668   0.00328849
    4    1
  0.00362242  -0.00364024    -0.00412151   0.00678932    -0.00185656  -0.00073326
  0.00943336   0.01120573    -0.00284728  -0.00309032    -0.00475442  -0.00293729
  0.00936727  -0.01770930    -0.00312212   0.00511808    -0.00376630   0.00513655
    4    2
 -0.00377175   0.00162922    -0.01991659  -0.01943267    -0.00934668   0.00054522
 -0.00106649  -0.00225036     0.00021668  -0.00328849     0.00161912  -0.00091900
  0.00013600  -0.00169485     0.00048396   0.01201310    -0.00940904   0.00015219
    4    3
 -0.00870987   0.00104208     0.02654520   0.00415606     0.00810008   0.00244095
  0.00450614   0.00170057    -0.00589821   0.00261129    -0.00065923  -0.00172941
 -0.00022338  -0.00000830    -0.01118412  -0.00001507    -0.00016363   0.01195577
    4    4
  0.03298687  -0.00000000    -0.00162459  -0.00029821    -0.00938829   0.00463141
 -0.00162459   0.00029821     0.01449592   0.00000000     0.00054369   0.00450241
 -0.00938829  -0.00463141     0.00054369  -0.00450241     0.04405995   0.00000000
    4    5
 -0.01476977  -0.01911287     0.00312894  -0.00008835     0.00481731   0.00877826
  0.00312894  -0.00008835     0.00223607   0.00525825     0.00513340  -0.00224020
  0.00481731   0.00877826     0.00513340  -0.00224020    -0.00451262  -0.03988374
    4    6
  0.01160649   0.00633371     0.00397851   0.00818317     0.00022985   0.00015179
  0.00022985   0.00015179     0.00580388  -0.00391573    -0.00119746  -0.00105293
  0.00397851   0.00818317    -0.00471615  -0.04112045     0.00580388  -0.00391573
    4    7
 -0.00579386   0.00000000    -0.00858132   0.00473502     0.00137046   0.00158139
  0.00137046  -0.00158139    -0.00132615   0.00657403    -0.00106739   0.00000000
 -0.00858132  -0.00473502     0.04130616  -0.00000000    -0.00132615  -0.00657403
    5    1
  0.00362242   0.00364024    -0.00412151  -0.00678932    -0.00185656   0.00073326
  0.00943336  -0.01120573    -0.00284728   0.00309032    -0.00475442   0.00293729
  0.00936727   0.01770930    -0.00312212  -0.00511808    -0.00376630  -0.00513655
    5    2
 -0.00870987  -0.00104208     0.02654520  -0.00415606     0.00810008  -0.00244095
  0.00450614  -0.00170057    -0.00589821  -0.00261129    -0.00065923   0.00172941
 -0.00022338   0.00000830    -0.01118412   0.00001507    -0.00016363  -0.01195577
    5    3
 -0.00377175  -0.00162922    -0.01991659   0.01943267    -0.00934668  -0.00054522
 -0.00106649   0.00225036     0.00021668   0.00328849     0.00161912   0.00091900
  0.00013600   0.00169485     0.00048396  -0.01201310    -0.00940904  -0.00015219
    5    4
 -0.01476977   0.01911287     0.00312894   0.00008835     0.00481731  -0.00877826
  0.00312894   0.00008835     0.00223607  -0.00525825     0.00513340   0.00224020
  0.00481731  -0.00877826     0.00513340   0.00224020    -0.00451262   0.03988374
    5    5
  0.03298687   0.00000000    -0.00162459   0.00029821    -0.00938829  -0.00463141
 -0.00162459  -0.00029821     0.01449592  -0.00000000     0.00054369  -0.00450241
 -0.00938829   0.00463141     0.00054369   0.00450241     0.04405995  -0.00000000
    5    6
 -0.00579386   0.00000000    -0.00858132  -0.00473502     0.00137046  -0.00158139
  0.00137046   0.00158139    -0.00132615  -0.00657403    -0.00106739  -0.00000000
 -0.00858132   0.00473502     0.04130616  -0.00000000    -0.00132615   0.00657403
    5    7
  0.01160649  -0.00633371     0.00397851  -0.00818317     0.00022985  -0.00015179
  0.00022985  -0.00015179     0.00580388   0.00391573    -0.00119746   0.00105293
  0.00397851  -0.00818317    -0.00471615   0.04112045     0.00580388   0.00391573
    6    1
  0.00362242   0.00364024    -0.00185656   0.00073326    -0.00412151  -0.00678932
  0.00936727   0.01770930    -0.00376630  -0.00513655    -0.00312212  -0.00511808
  0.00943336  -0.01120573    -0.00475442   0.00293729    -0.00284728   0.00309032
    6    2
 -0.00377175  -0.00162922    -0.00934668  -0.00054522    -0.01991659   0.01943267
  0.00013600   0.00169485    -0.00940904  -0.00015219     0.00048396  -0.01201310
 -0.00106649   0.00225036     0.00161912   0.00091900     0.00021668   0.00328849
    6    3
 -0.00870987  -0.00104208     0.00810008  -0.00244095     0.02654520  -0.00415606
 -0.00022338   0.00000830    -0.00016363  -0.01195577    -0.01118412   0.00001507
  0.00450614  -0.00170057    -0.00065923   0.00172941    -0.00589821  -0.00261129
    6    4
  0.01160649  -0.00633371     0.00022985  -0.00015179     0.00397851  -0.00818317
  0.00397851  -0.00818317     0.00580388   0.00391573    -0.00471615   0.04112045
  0.00022985  -0.00015179    -0.00119746   0.00105293     0.00580388   0.00391573
    6    5
 -0.00579386  -0.00000000     0.00137046  -0.00158139    -0.00858132  -0.00473502
 -0.00858132   0.00473502    -0.00132615   0.00657403     0.04130616   0.00000000
  0.00137046   0.00158139    -0.00106739   0.00000000    -0.00132615  -0.00657403
    6    6
  0.03298687   0.00000000    -0.00938829  -0.00463141    -0.00162459   0.00029821
 -0.00938829   0.00463141     0.04405995  -0.00000000     0.00054369   0.00450241
 -0.00162459  -0.00029821     0.00054369  -0.00450241     0.01449592  -0.00000000
    6    7
 -0.01476977   0.01911287     0.00481731  -0.00877826     0.00312894   0.00008835
  0.00481731  -0.00877826    -0.00451262   0.03988374     0.00513340   0.00224020
  0.00312894   0.00008835     0.00513340   0.00224020     0.00223607  -0.00525825
    7    1
  0.00362242  -0.00364024    -0.00185656  -0.00073326    -0.00412151   0.00678932
  0.00936727  -0.01770930    -0.00376630   0.00513655    -0.00312212   0.00511808
  0.00943336   0.01120573    -0.00475442  -0.00293729    -0.00284728  -0.00309032
    7    2
 -0.00870987   0.00104208     0.00810008   0.00244095     0.02654520   0.00415606
 -0.00022338  -0.00000830    -0.00016363   0.01195577    -0.01118412  -0.00001507
  0.00450614   0.00170057    -0.00065923  -0.00172941    -0.00589821   0.00261129
    7    3
 -0.00377175   0.00162922    -0.00934668   0.00054522    -0.01991659  -0.01943267
  0.00013600  -0.00169485    -0.00940904   0.00015219     0.00048396   0.01201310
 -0.00106649  -0.00225036     0.00161912  -0.00091900     0.00021668  -0.00328849
    7    4
 -0.00579386  -0.00000000     0.00137046   0.00158139    -0.00858132   0.00473502
 -0.00858132  -0.00473502    -0.00132615  -0.00657403     0.04130616   0.00000000
  0.00137046  -0.00158139    -0.00106739  -0.00000000    -0.00132615   0.00657403
    7    5
  0.01160649   0.00633371     0.00022985   0.00015179     0.00397851   0.00818317
  0.00397851   0.00818317     0.00580388  -0.00391573    -0.00471615  -0.04112045
  0.00022985   0.00015179    -0.00119746  -0.00105293     0.00580388  -0.00391573
    7    6
 -0.01476977  -0.01911287     0.00481731   0.00877826     0.00312894  -0.00008835
  0.00481731   0.00877826    -0.00451262  -0.03988374     0.00513340  -0.00224020
  0.00312894  -0.00008835     0.00513340  -0.00224020     0.00223607   0.00525825
    7    7
  0.03298687  -0.00000000    -0.00938829   0.00463141    -0.00162459  -0.00029821
 -0.00938829  -0.00463141     0.04405995   0.00000000     0.00054369  -0.00450241
 -0.00162459   0.00029821     0.00054369   0.00450241     0.01449592   0.00000000

     Dynamical  Matrix in cartesian axes

     q = (    0.108253200   0.216506400  -0.108253200 ) 

    1    1
  0.02458220  -0.00000000     0.01661558  -0.00000000    -0.00097979   0.00000000
  0.01661558  -0.00000000     0.06587592  -0.00000000    -0.01661558   0.00000000
 -0.00097979   0.00000000    -0.01661558   0.00000000     0.02458220   0.00000000
    1    2
 -0.00419852   0.00017185    -0.00188643   0.00771512    -0.00141136   0.00582671
 -0.01459404   0.00125326    -0.00001260   0.00513548    -0.00589871   0.01914603
  0.00543886   0.00128491    -0.00183128  -0.00079430     0.00096892  -0.00629526
    1    3
 -0.00309032   0.00284729    -0.00678932  -0.00412151    -0.00511808  -0.00312212
 -0.01120573   0.00943336    -0.00364024  -0.00362242    -0.01770931  -0.00936727
  0.00293728  -0.00475442    -0.00073325   0.00185656     0.00513656   0.00376629
    1    4
 -0.00731743  -0.00426764    -0.00300811   0.00220406    -0.00286192  -0.00013369
 -0.00234470  -0.00855084    -0.00213166   0.00213166    -0.00855084  -0.00234470
  0.00013369   0.00286192     0.00220406  -0.00300811     0.00426765   0.00731743
    1    5
 -0.00215653   0.00819189    -0.00368556   0.00056855    -0.00192915   0.00211822
  0.00438840   0.00770431    -0.00301462  -0.00000000    -0.00438840   0.00770431
 -0.00192915  -0.00211822     0.00368556   0.00056855    -0.00215653  -0.00819189
    1    6
 -0.00376630  -0.00513655     0.00185656  -0.00073326     0.00475442  -0.00293729
 -0.00936727  -0.01770930     0.00362242   0.00364024     0.00943336  -0.01120573
  0.00312212   0.00511808    -0.00412151  -0.00678932    -0.00284728   0.00309032
    1    7
  0.00096892   0.00629526     0.00183128  -0.00079430     0.00543886  -0.00128491
  0.00589871   0.01914603    -0.00001260  -0.00513548     0.01459404   0.00125326
