  2.000000000000000E-002   1.26015754758087        2.29045391948694     
          24

     Dynamical  Matrix in cartesian axes

     q = (    0.433012702   0.216506351   0.216506351 ) 

    1    1
  0.11227706   0.00000000     0.00250300   0.00000000     0.00250300   0.00000000
  0.00250300   0.00000000     0.04521140   0.00000000     0.01566961   0.00000000
  0.00250300   0.00000000     0.01566961   0.00000000     0.04521140   0.00000000
    1    2
 -0.00000000   0.01945755     0.01508912  -0.00470605    -0.01508912  -0.00470605
 -0.00087811  -0.00858415     0.00419094  -0.00145039    -0.00877286  -0.00555162
  0.00087811  -0.00858415     0.00877286  -0.00555162    -0.00419094  -0.00145039
    1    3
 -0.00000000   0.01945755    -0.01508912  -0.00470605     0.01508912  -0.00470605
  0.00087811  -0.00858415    -0.00419094  -0.00145039     0.00877286  -0.00555162
 -0.00087811  -0.00858415    -0.00877286  -0.00555162     0.00419094  -0.00145039
    1    4
 -0.01450227  -0.00268890    -0.00494912   0.00951447    -0.00208789  -0.00396501
 -0.00558070  -0.00415022     0.01000955   0.00188947     0.00887965  -0.00858805
 -0.00442695  -0.00045048     0.01535304   0.01405694     0.01069699   0.00066254
    1    5
  0.01450227  -0.00268890     0.00494912   0.00951447     0.00208789  -0.00396501
  0.00558070  -0.00415022    -0.01000955   0.00188947    -0.00887965  -0.00858805
  0.00442695  -0.00045048    -0.01535304   0.01405694    -0.01069699   0.00066254
    1    6
  0.01450227  -0.00268890     0.00208789  -0.00396501     0.00494912   0.00951447
  0.00442695  -0.00045048    -0.01069699   0.00066254    -0.01535304   0.01405694
  0.00558070  -0.00415022    -0.00887965  -0.00858805    -0.01000955   0.00188947
    1    7
 -0.01450227  -0.00268890    -0.00208789  -0.00396501    -0.00494912   0.00951447
 -0.00442695  -0.00045048     0.01069699   0.00066254     0.01535304   0.01405694
 -0.00558070  -0.00415022     0.00887965  -0.00858805     0.01000955   0.00188947
    2    1
 -0.00000000  -0.01945755    -0.00087811   0.00858415     0.00087811   0.00858415
  0.01508912   0.00470605     0.00419094   0.00145039     0.00877286   0.00555162
 -0.01508912   0.00470605    -0.00877286   0.00555162    -0.00419094   0.00145039
    2    2
  0.06802098  -0.00000000     0.00235782   0.00752957     0.00235782  -0.00752957
  0.00235782  -0.00752957     0.03414895  -0.00000000     0.00456108  -0.00001703
  0.00235782   0.00752957     0.00456108   0.00001703     0.03414895   0.00000000
    2    3
  0.01427699   0.00000000     0.00064313   0.00087498     0.00064313  -0.00087498
  0.00064313   0.00087498    -0.01164378   0.01146731    -0.00013519   0.00000000
  0.00064313  -0.00087498    -0.00013519   0.00000000    -0.01164378  -0.01146731
    2    4
 -0.00590165   0.02256693    -0.00150669   0.01876409     0.00709955  -0.00543213
 -0.00303552   0.01969529     0.00636298   0.01720673    -0.00716571   0.00926109
 -0.00105557   0.00306851    -0.00029004   0.00684021     0.00955170   0.01149070
    2    5
 -0.02072649  -0.00038541     0.00819314  -0.01090381     0.00429150   0.00055870
  0.02327901   0.00655778    -0.01138600   0.00873469     0.00780199  -0.00241406
  0.00206649   0.00231327    -0.00057050   0.00589114    -0.00620621  -0.00003506
    2    6
 -0.00590165  -0.02256693     0.00709955   0.00543213    -0.00150669  -0.01876409
 -0.00105557  -0.00306851     0.00955170  -0.01149070    -0.00029004  -0.00684021
 -0.00303552  -0.01969529    -0.00716571  -0.00926109     0.00636298  -0.01720673
    2    7
 -0.02072649   0.00038541     0.00429150  -0.00055870     0.00819314   0.01090381
  0.00206649  -0.00231327    -0.00620621   0.00003506    -0.00057050  -0.00589114
  0.02327901  -0.00655778     0.00780199   0.00241406    -0.01138600  -0.00873469
    3    1
 -0.00000000  -0.01945755     0.00087811   0.00858415    -0.00087811   0.00858415
 -0.01508912   0.00470605    -0.00419094   0.00145039    -0.00877286   0.00555162
  0.01508912   0.00470605     0.00877286   0.00555162     0.00419094   0.00145039
    3    2
  0.01427699  -0.00000000     0.00064313  -0.00087498     0.00064313   0.00087498
  0.00064313  -0.00087498    -0.01164378  -0.01146731    -0.00013519  -0.00000000
  0.00064313   0.00087498    -0.00013519  -0.00000000    -0.01164378   0.01146731
    3    3
  0.06802098   0.00000000     0.00235782  -0.00752957     0.00235782   0.00752957
  0.00235782   0.00752957     0.03414895   0.00000000     0.00456108   0.00001703
  0.00235782  -0.00752957     0.00456108  -0.00001703     0.03414895  -0.00000000
    3    4
 -0.02072649   0.00038541     0.00819314   0.01090381     0.00429150  -0.00055870
  0.02327901  -0.00655778    -0.01138600  -0.00873469     0.00780199   0.00241406
  0.00206649  -0.00231327    -0.00057050  -0.00589114    -0.00620621   0.00003506
    3    5
 -0.00590165  -0.02256693    -0.00150669  -0.01876409     0.00709955   0.00543213
 -0.00303552  -0.01969529     0.00636298  -0.01720673    -0.00716571  -0.00926109
 -0.00105557  -0.00306851    -0.00029004  -0.00684021     0.00955170  -0.01149070
    3    6
 -0.02072649  -0.00038541     0.00429150   0.00055870     0.00819314  -0.01090381
  0.00206649   0.00231327    -0.00620621  -0.00003506    -0.00057050   0.00589114
  0.02327901   0.00655778     0.00780199  -0.00241406    -0.01138600   0.00873469
    3    7
 -0.00590165   0.02256693     0.00709955  -0.00543213    -0.00150669   0.01876409
 -0.00105557   0.00306851     0.00955170   0.01149070    -0.00029004   0.00684021
 -0.00303552   0.01969529    -0.00716571   0.00926109     0.00636298   0.01720673
    4    1
 -0.01450227   0.00268890    -0.00558070   0.00415022    -0.00442695   0.00045048
 -0.00494912  -0.00951447     0.01000955  -0.00188947     0.01535304  -0.01405694
 -0.00208789   0.00396501     0.00887965   0.00858805     0.01069699  -0.00066254
    4    2
 -0.00590165  -0.02256693    -0.00303552  -0.01969529    -0.00105557  -0.00306851
 -0.00150669  -0.01876409     0.00636298  -0.01720673    -0.00029004  -0.00684021
  0.00709955   0.00543213    -0.00716571  -0.00926109     0.00955170  -0.01149070
    4    3
 -0.02072649  -0.00038541     0.02327901   0.00655778     0.00206649   0.00231327
  0.00819314  -0.01090381    -0.01138600   0.00873469    -0.00057050   0.00589114
  0.00429150   0.00055870     0.00780199  -0.00241406    -0.00620621  -0.00003506
    4    4
  0.04377449  -0.00000000     0.00305398  -0.00737279     0.00494678   0.00256285
  0.00305398   0.00737279     0.03815712   0.00000000     0.00402064   0.00034847
  0.00494678  -0.00256285     0.00402064  -0.00034847     0.04200486   0.00000000
    4    5
  0.00052111  -0.00412288     0.00274034  -0.00220900    -0.00376208  -0.01227921
  0.00274034  -0.00220900     0.00570351   0.01745017     0.00607193   0.00296109
 -0.00376208  -0.01227921     0.00607193   0.00296109    -0.02182268  -0.00445877
    4    6
  0.00141932   0.00637220    -0.00625703  -0.00690165    -0.01115273   0.00077324
 -0.01115273   0.00077324    -0.00924197  -0.00533219    -0.01471170  -0.00957157
 -0.00625703  -0.00690165    -0.03356134  -0.00376416    -0.00924197  -0.00533219
    4    7
  0.00057542   0.00000000     0.00072144   0.01109766    -0.00465337  -0.00441499
 -0.00465337   0.00441499    -0.01053960  -0.00762912    -0.00383284  -0.00000000
  0.00072144  -0.01109766     0.02750914   0.00000000    -0.01053960   0.00762912
    5    1
  0.01450227   0.00268890     0.00558070   0.00415022     0.00442695   0.00045048
  0.00494912  -0.00951447    -0.01000955  -0.00188947    -0.01535304  -0.01405694
  0.00208789   0.00396501    -0.00887965   0.00858805    -0.01069699  -0.00066254
    5    2
 -0.02072649   0.00038541     0.02327901  -0.00655778     0.00206649  -0.00231327
  0.00819314   0.01090381    -0.01138600  -0.00873469    -0.00057050  -0.00589114
  0.00429150  -0.00055870     0.00780199   0.00241406    -0.00620621   0.00003506
    5    3
 -0.00590165   0.02256693    -0.00303552   0.01969529    -0.00105557   0.00306851
 -0.00150669   0.01876409     0.00636298   0.01720673    -0.00029004   0.00684021
  0.00709955  -0.00543213    -0.00716571   0.00926109     0.00955170   0.01149070
    5    4
  0.00052111   0.00412288     0.00274034   0.00220900    -0.00376208   0.01227921
  0.00274034   0.00220900     0.00570351  -0.01745017     0.00607193  -0.00296109
 -0.00376208   0.01227921     0.00607193  -0.00296109    -0.02182268   0.00445877
    5    5
  0.04377449   0.00000000     0.00305398   0.00737279     0.00494678  -0.00256285
  0.00305398  -0.00737279     0.03815712  -0.00000000     0.00402064  -0.00034847
  0.00494678   0.00256285     0.00402064   0.00034847     0.04200486  -0.00000000
    5    6
  0.00057542  -0.00000000     0.00072144  -0.01109766    -0.00465337   0.00441499
 -0.00465337  -0.00441499    -0.01053960   0.00762912    -0.00383284   0.00000000
  0.00072144   0.01109766     0.02750914   0.00000000    -0.01053960  -0.00762912
    5    7
  0.00141932  -0.00637220    -0.00625703   0.00690165    -0.01115273  -0.00077324
 -0.01115273  -0.00077324    -0.00924197   0.00533219    -0.01471170   0.00957157
 -0.00625703   0.00690165    -0.03356134   0.00376416    -0.00924197   0.00533219
    6    1
  0.01450227   0.00268890     0.00442695   0.00045048     0.00558070   0.00415022
  0.00208789   0.00396501    -0.01069699  -0.00066254    -0.00887965   0.00858805
  0.00494912  -0.00951447    -0.01535304  -0.01405694    -0.01000955  -0.00188947
    6    2
 -0.00590165   0.02256693    -0.00105557   0.00306851    -0.00303552   0.01969529
  0.00709955  -0.00543213     0.00955170   0.01149070    -0.00716571   0.00926109
 -0.00150669   0.01876409    -0.00029004   0.00684021     0.00636298   0.01720673
    6    3
 -0.02072649   0.00038541     0.00206649  -0.00231327     0.02327901  -0.00655778
  0.00429150  -0.00055870    -0.00620621   0.00003506     0.00780199   0.00241406
  0.00819314   0.01090381    -0.00057050  -0.00589114    -0.01138600  -0.00873469
    6    4
  0.00141932  -0.00637220    -0.01115273  -0.00077324    -0.00625703   0.00690165
 -0.00625703   0.00690165    -0.00924197   0.00533219    -0.03356134   0.00376416
 -0.01115273  -0.00077324    -0.01471170   0.00957157    -0.00924197   0.00533219
    6    5
  0.00057542   0.00000000    -0.00465337   0.00441499     0.00072144  -0.01109766
  0.00072144   0.01109766    -0.01053960  -0.00762912     0.02750914  -0.00000000
 -0.00465337  -0.00441499    -0.00383284  -0.00000000    -0.01053960   0.00762912
    6    6
  0.04377449   0.00000000     0.00494678  -0.00256285     0.00305398   0.00737279
  0.00494678   0.00256285     0.04200486  -0.00000000     0.00402064   0.00034847
  0.00305398  -0.00737279     0.00402064  -0.00034847     0.03815712  -0.00000000
    6    7
  0.00052111   0.00412288    -0.00376208   0.01227921     0.00274034   0.00220900
 -0.00376208   0.01227921    -0.02182268   0.00445877     0.00607193  -0.00296109
  0.00274034   0.00220900     0.00607193  -0.00296109     0.00570351  -0.01745017
    7    1
 -0.01450227   0.00268890    -0.00442695   0.00045048    -0.00558070   0.00415022
 -0.00208789   0.00396501     0.01069699  -0.00066254     0.00887965   0.00858805
 -0.00494912  -0.00951447     0.01535304  -0.01405694     0.01000955  -0.00188947
    7    2
 -0.02072649  -0.00038541     0.00206649   0.00231327     0.02327901   0.00655778
  0.00429150   0.00055870    -0.00620621  -0.00003506     0.00780199  -0.00241406
  0.00819314  -0.01090381    -0.00057050   0.00589114    -0.01138600   0.00873469
    7    3
 -0.00590165  -0.02256693    -0.00105557  -0.00306851    -0.00303552  -0.01969529
  0.00709955   0.00543213     0.00955170  -0.01149070    -0.00716571  -0.00926109
 -0.00150669  -0.01876409    -0.00029004  -0.00684021     0.00636298  -0.01720673
    7    4
  0.00057542   0.00000000    -0.00465337  -0.00441499     0.00072144   0.01109766
  0.00072144  -0.01109766    -0.01053960   0.00762912     0.02750914  -0.00000000
 -0.00465337   0.00441499    -0.00383284   0.00000000    -0.01053960  -0.00762912
    7    5
  0.00141932   0.00637220    -0.01115273   0.00077324    -0.00625703  -0.00690165
 -0.00625703  -0.00690165    -0.00924197  -0.00533219    -0.03356134  -0.00376416
 -0.01115273   0.00077324    -0.01471170  -0.00957157    -0.00924197  -0.00533219
    7    6
  0.00052111  -0.00412288    -0.00376208  -0.01227921     0.00274034  -0.00220900
 -0.00376208  -0.01227921    -0.02182268  -0.00445877     0.00607193   0.00296109
  0.00274034  -0.00220900     0.00607193   0.00296109     0.00570351   0.01745017
    7    7
  0.04377449  -0.00000000     0.00494678   0.00256285     0.00305398  -0.00737279
  0.00494678  -0.00256285     0.04200486   0.00000000     0.00402064  -0.00034847
  0.00305398   0.00737279     0.00402064   0.00034847     0.03815712   0.00000000

     Dynamical  Matrix in cartesian axes

     q = (   -0.433012702   0.216506351   0.216506351 ) 

    1    1
  0.11227706   0.00000000    -0.00250300  -0.00000000    -0.00250300  -0.00000000
 -0.00250300  -0.00000000     0.04521140   0.00000000     0.01566961   0.00000000
 -0.00250300  -0.00000000     0.01566961   0.00000000     0.04521140   0.00000000
    1    2
 -0.01945755   0.00000000    -0.00470605   0.01508912    -0.00470605  -0.01508912
 -0.00858415  -0.00087811     0.00145039  -0.00419094     0.00555162   0.00877286
 -0.00858415   0.00087811     0.00555162  -0.00877286     0.00145039   0.00419094
    1    3
 -0.01945755  -0.00000000    -0.00470605  -0.01508912    -0.00470605   0.01508912
 -0.00858415   0.00087811     0.00145039   0.00419094     0.00555162  -0.00877286
 -0.00858415  -0.00087811     0.00555162   0.00877286     0.00145039  -0.00419094
    1    4
  0.01450227   0.00268890    -0.00494912   0.00951447    -0.00208789  -0.00396501
 -0.00558070  -0.00415022    -0.01000955  -0.00188947    -0.00887965   0.00858805
 -0.00442695  -0.00045048    -0.01535304  -0.01405694    -0.01069699  -0.00066254
    1    5
  0.01450227  -0.00268890    -0.00494912  -0.00951447    -0.00208789   0.00396501
 -0.00558070   0.00415022    -0.01000955   0.00188947    -0.00887965  -0.00858805
 -0.00442695   0.00045048    -0.01535304   0.01405694    -0.01069699   0.00066254
    1    6
  0.01450227  -0.00268890    -0.00208789   0.00396501    -0.00494912  -0.00951447
 -0.00442695   0.00045048    -0.01069699   0.00066254    -0.01535304   0.01405694
 -0.00558070   0.00415022    -0.00887965  -0.00858805    -0.01000955   0.00188947
    1    7
  0.01450227   0.00268890    -0.00208789  -0.00396501    -0.00494912   0.00951447
 -0.00442695  -0.00045048    -0.01069699  -0.00066254    -0.01535304  -0.01405694
 -0.00558070  -0.00415022    -0.00887965   0.00858805    -0.01000955  -0.00188947
    2    1
 -0.01945755  -0.00000000    -0.00858415   0.00087811    -0.00858415  -0.00087811
 -0.00470605  -0.01508912     0.00145039   0.00419094     0.00555162   0.00877286
 -0.00470605   0.01508912     0.00555162  -0.00877286     0.00145039  -0.00419094
    2    2
  0.06802098  -0.00000000    -0.00235782   0.00752957    -0.00235782  -0.00752957
 -0.00235782  -0.00752957     0.03414895   0.00000000     0.00456108   0.00001703
 -0.00235782   0.00752957     0.00456108  -0.00001703     0.03414895   0.00000000
    2    3
  0.01427699   0.00000000    -0.00064313   0.00087498    -0.00064313  -0.00087498
 -0.00064313   0.00087498    -0.01164378  -0.01146731    -0.00013519  -0.00000000
 -0.00064313  -0.00087498    -0.00013519  -0.00000000    -0.01164378   0.01146731
    2    4
 -0.00038541  -0.02072649     0.01090381  -0.00819314    -0.00055870  -0.00429150
 -0.00655778  -0.02327901     0.00873469  -0.01138600    -0.00241406   0.00780199
 -0.00231327  -0.00206649     0.00589114  -0.00057050    -0.00003506  -0.00620621
    2    5
 -0.02256693   0.00590165     0.01876409  -0.00150669    -0.00543213   0.00709955
  0.01969529  -0.00303552    -0.01720673  -0.00636298    -0.00926109   0.00716571
  0.00306851  -0.00105557    -0.00684021   0.00029004    -0.01149070  -0.00955170
    2    6
 -0.00038541   0.02072649    -0.00055870   0.00429150     0.01090381   0.00819314
 -0.00231327   0.00206649    -0.00003506   0.00620621     0.00589114   0.00057050
 -0.00655778   0.02327901    -0.00241406  -0.00780199     0.00873469   0.01138600
    2    7
 -0.02256693  -0.00590165    -0.00543213  -0.00709955     0.01876409   0.00150669
  0.00306851   0.00105557    -0.01149070   0.00955170    -0.00684021  -0.00029004
  0.01969529   0.00303552    -0.00926109  -0.00716571    -0.01720673   0.00636298
    3    1
 -0.01945755   0.00000000    -0.00858415  -0.00087811    -0.00858415   0.00087811
 -0.00470605   0.01508912     0.00145039  -0.00419094     0.00555162  -0.00877286
 -0.00470605  -0.01508912     0.00555162   0.00877286     0.00145039   0.00419094
    3    2
  0.01427699  -0.00000000    -0.00064313  -0.00087498    -0.00064313   0.00087498
 -0.00064313  -0.00087498    -0.01164378   0.01146731    -0.00013519   0.00000000
 -0.00064313   0.00087498    -0.00013519   0.00000000    -0.01164378  -0.01146731
    3    3
  0.06802098   0.00000000    -0.00235782  -0.00752957    -0.00235782   0.00752957
 -0.00235782   0.00752957     0.03414895   0.00000000     0.00456108  -0.00001703
 -0.00235782  -0.00752957     0.00456108   0.00001703     0.03414895   0.00000000
    3    4
 -0.02256693  -0.00590165     0.01876409   0.00150669    -0.00543213  -0.00709955
  0.01969529   0.00303552    -0.01720673   0.00636298    -0.00926109  -0.00716571
  0.00306851   0.00105557    -0.00684021  -0.00029004    -0.01149070   0.00955170
    3    5
 -0.00038541   0.02072649     0.01090381   0.00819314    -0.00055870   0.00429150
 -0.00655778   0.02327901     0.00873469   0.01138600    -0.00241406  -0.00780199
 -0.00231327   0.00206649     0.00589114   0.00057050    -0.00003506   0.00620621
    3    6
 -0.02256693   0.00590165    -0.00543213   0.00709955     0.01876409  -0.00150669
  0.00306851  -0.00105557    -0.01149070  -0.00955170    -0.00684021   0.00029004
  0.01969529  -0.00303552    -0.00926109   0.00716571    -0.01720673  -0.00636298
    3    7
 -0.00038541  -0.02072649    -0.00055870  -0.00429150     0.01090381  -0.00819314
 -0.00231327  -0.00206649    -0.00003506  -0.00620621     0.00589114  -0.00057050
 -0.00655778  -0.02327901    -0.00241406   0.00780199     0.00873469  -0.01138600
    4    1
  0.01450227  -0.00268890    -0.00558070   0.00415022    -0.00442695   0.00045048
 -0.00494912  -0.00951447    -0.01000955   0.00188947    -0.01535304   0.01405694
 -0.00208789   0.00396501    -0.00887965  -0.00858805    -0.01069699   0.00066254
    4    2
 -0.00038541   0.02072649    -0.00655778   0.02327901    -0.00231327   0.00206649
  0.01090381   0.00819314     0.00873469   0.01138600     0.00589114   0.00057050
 -0.00055870   0.00429150    -0.00241406  -0.00780199    -0.00003506   0.00620621
    4    3
 -0.02256693   0.00590165     0.01969529  -0.00303552     0.00306851  -0.00105557
  0.01876409  -0.00150669    -0.01720673  -0.00636298    -0.00684021   0.00029004
 -0.00543213   0.00709955    -0.00926109   0.00716571    -0.01149070  -0.00955170
    4    4
  0.04377449  -0.00000000    -0.00305398   0.00737279    -0.00494678  -0.00256285
 -0.00305398  -0.00737279     0.03815712   0.00000000     0.00402064   0.00034847
 -0.00494678   0.00256285     0.00402064  -0.00034847     0.04200486  -0.00000000
    4    5
 -0.00052111   0.00412288     0.00274034  -0.00220900    -0.00376208  -0.01227921
  0.00274034  -0.00220900    -0.00570351  -0.01745017    -0.00607193  -0.00296109
 -0.00376208  -0.01227921    -0.00607193  -0.00296109     0.02182268   0.00445877
    4    6
 -0.00141932  -0.00637220    -0.00625703  -0.00690165    -0.01115273   0.00077324
 -0.01115273   0.00077324     0.00924197   0.00533219     0.01471170   0.00957157
 -0.00625703  -0.00690165     0.03356134   0.00376416     0.00924197   0.00533219
    4    7
  0.00057542   0.00000000    -0.00072144  -0.01109766     0.00465337   0.00441499
  0.00465337  -0.00441499    -0.01053960  -0.00762912    -0.00383284  -0.00000000
 -0.00072144   0.01109766     0.02750914  -0.00000000    -0.01053960   0.00762912
    5    1
  0.01450227   0.00268890    -0.00558070  -0.00415022    -0.00442695  -0.00045048
 -0.00494912   0.00951447    -0.01000955  -0.00188947    -0.01535304  -0.01405694
 -0.00208789  -0.00396501    -0.00887965   0.00858805    -0.01069699  -0.00066254
    5    2
 -0.02256693  -0.00590165     0.01969529   0.00303552     0.00306851   0.00105557
  0.01876409   0.00150669    -0.01720673   0.00636298    -0.00684021  -0.00029004
 -0.00543213  -0.00709955    -0.00926109  -0.00716571    -0.01149070   0.00955170
    5    3
 -0.00038541  -0.02072649    -0.00655778  -0.02327901    -0.00231327  -0.00206649
  0.01090381  -0.00819314     0.00873469  -0.01138600     0.00589114  -0.00057050
 -0.00055870  -0.00429150    -0.00241406   0.00780199    -0.00003506  -0.00620621
    5    4
 -0.00052111  -0.00412288     0.00274034   0.00220900    -0.00376208   0.01227921
  0.00274034   0.00220900    -0.00570351   0.01745017    -0.00607193   0.00296109
 -0.00376208   0.01227921    -0.00607193   0.00296109     0.02182268  -0.00445877
    5    5
  0.04377449   0.00000000    -0.00305398  -0.00737279    -0.00494678   0.00256285
 -0.00305398   0.00737279     0.03815712  -0.00000000     0.00402064  -0.00034847
 -0.00494678  -0.00256285     0.00402064   0.00034847     0.04200486  -0.00000000
    5    6
  0.00057542   0.00000000    -0.00072144   0.01109766     0.00465337  -0.00441499
  0.00465337   0.00441499    -0.01053960   0.00762912    -0.00383284   0.00000000
 -0.00072144  -0.01109766     0.02750914   0.00000000    -0.01053960  -0.00762912
    5    7
 -0.00141932   0.00637220    -0.00625703   0.00690165    -0.01115273  -0.00077324
 -0.01115273  -0.00077324     0.00924197  -0.00533219     0.01471170  -0.00957157
 -0.00625703   0.00690165     0.03356134  -0.00376416     0.00924197  -0.00533219
    6    1
  0.01450227   0.00268890    -0.00442695  -0.00045048    -0.00558070  -0.00415022
 -0.00208789  -0.00396501    -0.01069699  -0.00066254    -0.00887965   0.00858805
 -0.00494912   0.00951447    -0.01535304  -0.01405694    -0.01000955  -0.00188947
    6    2
 -0.00038541  -0.02072649    -0.00231327  -0.00206649    -0.00655778  -0.02327901
 -0.00055870  -0.00429150    -0.00003506  -0.00620621    -0.00241406   0.00780199
  0.01090381  -0.00819314     0.00589114  -0.00057050     0.00873469  -0.01138600
    6    3
 -0.02256693  -0.00590165     0.00306851   0.00105557     0.01969529   0.00303552
 -0.00543213  -0.00709955    -0.01149070   0.00955170    -0.00926109  -0.00716571
  0.01876409   0.00150669    -0.00684021  -0.00029004    -0.01720673   0.00636298
    6    4
 -0.00141932   0.00637220    -0.01115273  -0.00077324    -0.00625703   0.00690165
 -0.00625703   0.00690165     0.00924197  -0.00533219     0.03356134  -0.00376416
 -0.01115273  -0.00077324     0.01471170  -0.00957157     0.00924197  -0.00533219
    6    5
  0.00057542  -0.00000000     0.00465337  -0.00441499    -0.00072144   0.01109766
 -0.00072144  -0.01109766    -0.01053960  -0.00762912     0.02750914  -0.00000000
  0.00465337   0.00441499    -0.00383284   0.00000000    -0.01053960   0.00762912
    6    6
  0.04377449   0.00000000    -0.00494678   0.00256285    -0.00305398  -0.00737279
 -0.00494678  -0.00256285     0.04200486  -0.00000000     0.00402064   0.00034847
 -0.00305398   0.00737279     0.00402064  -0.00034847     0.03815712  -0.00000000
    6    7
 -0.00052111  -0.00412288    -0.00376208   0.01227921     0.00274034   0.00220900
 -0.00376208   0.01227921     0.02182268  -0.00445877    -0.00607193   0.00296109
  0.00274034   0.00220900    -0.00607193   0.00296109    -0.00570351   0.01745017
    7    1
  0.01450227  -0.00268890    -0.00442695   0.00045048    -0.00558070   0.00415022
 -0.00208789   0.00396501    -0.01069699   0.00066254    -0.00887965  -0.00858805
 -0.00494912  -0.00951447    -0.01535304   0.01405694    -0.01000955   0.00188947
    7    2
 -0.02256693   0.00590165     0.00306851  -0.00105557     0.01969529  -0.00303552
 -0.00543213   0.00709955    -0.01149070  -0.00955170    -0.00926109   0.00716571
  0.01876409  -0.00150669    -0.00684021   0.00029004    -0.01720673  -0.00636298
    7    3
 -0.00038541   0.02072649    -0.00231327   0.00206649    -0.00655778   0.02327901
 -0.00055870   0.00429150    -0.00003506   0.00620621    -0.00241406  -0.00780199
  0.01090381   0.00819314     0.00589114   0.00057050     0.00873469   0.01138600
    7    4
  0.00057542   0.00000000     0.00465337   0.00441499    -0.00072144  -0.01109766
 -0.00072144   0.01109766    -0.01053960   0.00762912     0.02750914   0.00000000
  0.00465337  -0.00441499    -0.00383284   0.00000000    -0.01053960  -0.00762912
    7    5
 -0.00141932  -0.00637220    -0.01115273   0.00077324    -0.00625703  -0.00690165
 -0.00625703  -0.00690165     0.00924197   0.00533219     0.03356134   0.00376416
 -0.01115273   0.00077324     0.01471170   0.00957157     0.00924197   0.00533219
    7    6
 -0.00052111   0.00412288    -0.00376208  -0.01227921     0.00274034  -0.00220900
 -0.00376208  -0.01227921     0.02182268   0.00445877    -0.00607193  -0.00296109
  0.00274034  -0.00220900    -0.00607193  -0.00296109    -0.00570351  -0.01745017
    7    7
  0.04377449  -0.00000000    -0.00494678  -0.00256285    -0.00305398   0.00737279
 -0.00494678   0.00256285     0.04200486  -0.00000000     0.00402064  -0.00034847
 -0.00305398  -0.00737279     0.00402064   0.00034847     0.03815712   0.00000000

     Dynamical  Matrix in cartesian axes

     q = (    0.216506351  -0.433012702   0.216506351 ) 

    1    1
  0.04521140   0.00000000    -0.00250300  -0.00000000     0.01566961   0.00000000
 -0.00250300  -0.00000000     0.11227706   0.00000000    -0.00250300  -0.00000000
  0.01566961   0.00000000    -0.00250300  -0.00000000     0.04521140   0.00000000
    1    2
 -0.01000955   0.00188947    -0.00558070   0.00415022    -0.00887965  -0.00858805
 -0.00494912  -0.00951447     0.01450227  -0.00268890    -0.00208789   0.00396501
 -0.01535304   0.01405694    -0.00442695   0.00045048    -0.01069699   0.00066254
    1    3
 -0.01000955  -0.00188947    -0.00558070  -0.00415022    -0.00887965   0.00858805
 -0.00494912   0.00951447     0.01450227   0.00268890    -0.00208789  -0.00396501
 -0.01535304  -0.01405694    -0.00442695  -0.00045048    -0.01069699  -0.00066254
    1    4
  0.00145039   0.00419094    -0.00858415   0.00087811     0.00555162  -0.00877286
 -0.00470605  -0.01508912    -0.01945755   0.00000000    -0.00470605   0.01508912
  0.00555162   0.00877286    -0.00858415  -0.00087811     0.00145039  -0.00419094
    1    5
  0.00145039  -0.00419094    -0.00858415  -0.00087811     0.00555162   0.00877286
 -0.00470605   0.01508912    -0.01945755  -0.00000000    -0.00470605  -0.01508912
  0.00555162  -0.00877286    -0.00858415   0.00087811     0.00145039   0.00419094
    1    6
 -0.01069699  -0.00066254    -0.00442695  -0.00045048    -0.01535304  -0.01405694
 -0.00208789  -0.00396501     0.01450227   0.00268890    -0.00494912   0.00951447
 -0.00887965   0.00858805    -0.00558070  -0.00415022    -0.01000955  -0.00188947
    1    7
 -0.01069699   0.00066254    -0.00442695   0.00045048    -0.01535304   0.01405694
 -0.00208789   0.00396501     0.01450227  -0.00268890    -0.00494912  -0.00951447
 -0.00887965  -0.00858805    -0.00558070   0.00415022    -0.01000955   0.00188947
    2    1
 -0.01000955  -0.00188947    -0.00494912   0.00951447    -0.01535304  -0.01405694
 -0.00558070  -0.00415022     0.01450227   0.00268890    -0.00442695  -0.00045048
 -0.00887965   0.00858805    -0.00208789  -0.00396501    -0.01069699  -0.00066254
    2    2
  0.03815712  -0.00000000    -0.00305398   0.00737279     0.00402064  -0.00034847
 -0.00305398  -0.00737279     0.04377449  -0.00000000    -0.00494678   0.00256285
  0.00402064   0.00034847    -0.00494678  -0.00256285     0.04200486  -0.00000000
    2    3
 -0.00570351   0.01745017     0.00274034   0.00220900    -0.00607193   0.00296109
  0.00274034   0.00220900    -0.00052111  -0.00412288    -0.00376208   0.01227921
 -0.00607193   0.00296109    -0.00376208   0.01227921     0.02182268  -0.00445877
    2    4
  0.00873469  -0.01138600     0.01090381  -0.00819314     0.00589114  -0.00057050
 -0.00655778  -0.02327901    -0.00038541  -0.02072649    -0.00231327  -0.00206649
 -0.00241406   0.00780199    -0.00055870  -0.00429150    -0.00003506  -0.00620621
    2    5
 -0.01720673   0.00636298     0.01876409   0.00150669    -0.00684021  -0.00029004
  0.01969529   0.00303552    -0.02256693  -0.00590165     0.00306851   0.00105557
 -0.00926109  -0.00716571    -0.00543213  -0.00709955    -0.01149070   0.00955170
    2    6
  0.00924197  -0.00533219    -0.01115273  -0.00077324     0.01471170  -0.00957157
 -0.00625703   0.00690165    -0.00141932   0.00637220    -0.01115273  -0.00077324
  0.03356134  -0.00376416    -0.00625703   0.00690165     0.00924197  -0.00533219
    2    7
 -0.01053960   0.00762912     0.00465337   0.00441499    -0.00383284   0.00000000
 -0.00072144   0.01109766     0.00057542   0.00000000     0.00465337  -0.00441499
  0.02750914   0.00000000    -0.00072144  -0.01109766    -0.01053960  -0.00762912
    3    1
 -0.01000955   0.00188947    -0.00494912  -0.00951447    -0.01535304   0.01405694
 -0.00558070   0.00415022     0.01450227  -0.00268890    -0.00442695   0.00045048
 -0.00887965  -0.00858805    -0.00208789   0.00396501    -0.01069699   0.00066254
    3    2
 -0.00570351  -0.01745017     0.00274034  -0.00220900    -0.00607193  -0.00296109
  0.00274034  -0.00220900    -0.00052111   0.00412288    -0.00376208  -0.01227921
 -0.00607193  -0.00296109    -0.00376208  -0.01227921     0.02182268   0.00445877
    3    3
  0.03815712   0.00000000    -0.00305398  -0.00737279     0.00402064   0.00034847
 -0.00305398   0.00737279     0.04377449   0.00000000    -0.00494678  -0.00256285
  0.00402064  -0.00034847    -0.00494678   0.00256285     0.04200486  -0.00000000
    3    4
 -0.01720673  -0.00636298     0.01876409  -0.00150669    -0.00684021   0.00029004
  0.01969529  -0.00303552    -0.02256693   0.00590165     0.00306851  -0.00105557
 -0.00926109   0.00716571    -0.00543213   0.00709955    -0.01149070  -0.00955170
    3    5
  0.00873469   0.01138600     0.01090381   0.00819314     0.00589114   0.00057050
 -0.00655778   0.02327901    -0.00038541   0.02072649    -0.00231327   0.00206649
 -0.00241406  -0.00780199    -0.00055870   0.00429150    -0.00003506   0.00620621
    3    6
 -0.01053960  -0.00762912     0.00465337  -0.00441499    -0.00383284  -0.00000000
 -0.00072144  -0.01109766     0.00057542  -0.00000000     0.00465337   0.00441499
  0.02750914   0.00000000    -0.00072144   0.01109766    -0.01053960   0.00762912
    3    7
  0.00924197   0.00533219    -0.01115273   0.00077324     0.01471170   0.00957157
 -0.00625703  -0.00690165    -0.00141932  -0.00637220    -0.01115273   0.00077324
  0.03356134   0.00376416    -0.00625703  -0.00690165     0.00924197   0.00533219
    4    1
  0.00145039  -0.00419094    -0.00470605   0.01508912     0.00555162  -0.00877286
 -0.00858415  -0.00087811    -0.01945755  -0.00000000    -0.00858415   0.00087811
  0.00555162   0.00877286    -0.00470605  -0.01508912     0.00145039   0.00419094
    4    2
  0.00873469   0.01138600    -0.00655778   0.02327901    -0.00241406  -0.00780199
  0.01090381   0.00819314    -0.00038541   0.02072649    -0.00055870   0.00429150
  0.00589114   0.00057050    -0.00231327   0.00206649    -0.00003506   0.00620621
    4    3
 -0.01720673   0.00636298     0.01969529   0.00303552    -0.00926109  -0.00716571
  0.01876409   0.00150669    -0.02256693  -0.00590165    -0.00543213  -0.00709955
 -0.00684021  -0.00029004     0.00306851   0.00105557    -0.01149070   0.00955170
    4    4
  0.03414895  -0.00000000    -0.00235782   0.00752957     0.00456108  -0.00001703
 -0.00235782  -0.00752957     0.06802098   0.00000000    -0.00235782   0.00752957
  0.00456108   0.00001703    -0.00235782  -0.00752957     0.03414895   0.00000000
    4    5
 -0.01164378   0.01146731    -0.00064313  -0.00087498    -0.00013519   0.00000000
 -0.00064313  -0.00087498     0.01427699   0.00000000    -0.00064313   0.00087498
 -0.00013519  -0.00000000    -0.00064313   0.00087498    -0.01164378  -0.01146731
    4    6
 -0.00003506  -0.00620621    -0.00231327  -0.00206649     0.00589114  -0.00057050
 -0.00055870  -0.00429150    -0.00038541  -0.02072649     0.01090381  -0.00819314
 -0.00241406   0.00780199    -0.00655778  -0.02327901     0.00873469  -0.01138600
    4    7
 -0.01149070  -0.00955170     0.00306851  -0.00105557    -0.00684021   0.00029004
 -0.00543213   0.00709955    -0.02256693   0.00590165     0.01876409  -0.00150669
 -0.00926109   0.00716571     0.01969529  -0.00303552    -0.01720673  -0.00636298
    5    1
  0.00145039   0.00419094    -0.00470605  -0.01508912     0.00555162   0.00877286
 -0.00858415   0.00087811    -0.01945755   0.00000000    -0.00858415  -0.00087811
  0.00555162  -0.00877286    -0.00470605   0.01508912     0.00145039  -0.00419094
    5    2
 -0.01720673  -0.00636298     0.01969529  -0.00303552    -0.00926109   0.00716571
  0.01876409  -0.00150669    -0.02256693   0.00590165    -0.00543213   0.00709955
 -0.00684021   0.00029004     0.00306851  -0.00105557    -0.01149070  -0.00955170
    5    3
  0.00873469  -0.01138600    -0.00655778  -0.02327901    -0.00241406   0.00780199
  0.01090381  -0.00819314    -0.00038541  -0.02072649    -0.00055870  -0.00429150
  0.00589114  -0.00057050    -0.00231327  -0.00206649    -0.00003506  -0.00620621
    5    4
 -0.01164378  -0.01146731    -0.00064313   0.00087498    -0.00013519  -0.00000000
 -0.00064313   0.00087498     0.01427699  -0.00000000    -0.00064313  -0.00087498
 -0.00013519   0.00000000    -0.00064313  -0.00087498    -0.01164378   0.01146731
    5    5
  0.03414895   0.00000000    -0.00235782  -0.00752957     0.00456108   0.00001703
 -0.00235782   0.00752957     0.06802098  -0.00000000    -0.00235782  -0.00752957
  0.00456108  -0.00001703    -0.00235782   0.00752957     0.03414895   0.00000000
    5    6
 -0.01149070   0.00955170     0.00306851   0.00105557    -0.00684021  -0.00029004
 -0.00543213  -0.00709955    -0.02256693  -0.00590165     0.01876409   0.00150669
 -0.00926109  -0.00716571     0.01969529   0.00303552    -0.01720673   0.00636298
    5    7
 -0.00003506   0.00620621    -0.00231327   0.00206649     0.00589114   0.00057050
 -0.00055870   0.00429150    -0.00038541   0.02072649     0.01090381   0.00819314
 -0.00241406  -0.00780199    -0.00655778   0.02327901     0.00873469   0.01138600
    6    1
 -0.01069699   0.00066254    -0.00208789   0.00396501    -0.00887965  -0.00858805
 -0.00442695   0.00045048     0.01450227  -0.00268890    -0.00558070   0.00415022
 -0.01535304   0.01405694    -0.00494912  -0.00951447    -0.01000955   0.00188947
    6    2
  0.00924197   0.00533219    -0.00625703  -0.00690165     0.03356134   0.00376416
 -0.01115273   0.00077324    -0.00141932  -0.00637220    -0.00625703  -0.00690165
  0.01471170   0.00957157    -0.01115273   0.00077324     0.00924197   0.00533219
    6    3
 -0.01053960   0.00762912    -0.00072144   0.01109766     0.02750914  -0.00000000
  0.00465337   0.00441499     0.00057542   0.00000000    -0.00072144  -0.01109766
 -0.00383284   0.00000000     0.00465337  -0.00441499    -0.01053960  -0.00762912
    6    4
 -0.00003506   0.00620621    -0.00055870   0.00429150    -0.00241406  -0.00780199
 -0.00231327   0.00206649    -0.00038541   0.02072649    -0.00655778   0.02327901
  0.00589114   0.00057050     0.01090381   0.00819314     0.00873469   0.01138600
    6    5
 -0.01149070  -0.00955170    -0.00543213   0.00709955    -0.00926109   0.00716571
  0.00306851  -0.00105557    -0.02256693   0.00590165     0.01969529  -0.00303552
 -0.00684021   0.00029004     0.01876409  -0.00150669    -0.01720673  -0.00636298
    6    6
  0.04200486  -0.00000000    -0.00494678   0.00256285     0.00402064  -0.00034847
 -0.00494678  -0.00256285     0.04377449   0.00000000    -0.00305398   0.00737279
  0.00402064   0.00034847    -0.00305398  -0.00737279     0.03815712   0.00000000
    6    7
  0.02182268   0.00445877    -0.00376208  -0.01227921    -0.00607193  -0.00296109
 -0.00376208  -0.01227921    -0.00052111   0.00412288     0.00274034  -0.00220900
 -0.00607193  -0.00296109     0.00274034  -0.00220900    -0.00570351  -0.01745017
    7    1
 -0.01069699  -0.00066254    -0.00208789  -0.00396501    -0.00887965   0.00858805
 -0.00442695  -0.00045048     0.01450227   0.00268890    -0.00558070  -0.00415022
 -0.01535304  -0.01405694    -0.00494912   0.00951447    -0.01000955  -0.00188947
    7    2
 -0.01053960  -0.00762912    -0.00072144  -0.01109766     0.02750914  -0.00000000
  0.00465337  -0.00441499     0.00057542  -0.00000000    -0.00072144   0.01109766
 -0.00383284   0.00000000     0.00465337   0.00441499    -0.01053960   0.00762912
    7    3
  0.00924197  -0.00533219    -0.00625703   0.00690165     0.03356134  -0.00376416
 -0.01115273  -0.00077324    -0.00141932   0.00637220    -0.00625703   0.00690165
  0.01471170  -0.00957157    -0.01115273  -0.00077324     0.00924197  -0.00533219
    7    4
 -0.01149070   0.00955170    -0.00543213  -0.00709955    -0.00926109  -0.00716571
  0.00306851   0.00105557    -0.02256693  -0.00590165     0.01969529   0.00303552
 -0.00684021  -0.00029004     0.01876409   0.00150669    -0.01720673   0.00636298
    7    5
 -0.00003506  -0.00620621    -0.00055870  -0.00429150    -0.00241406   0.00780199
 -0.00231327  -0.00206649    -0.00038541  -0.02072649    -0.00655778  -0.02327901
  0.00589114  -0.00057050     0.01090381  -0.00819314     0.00873469  -0.01138600
    7    6
  0.02182268  -0.00445877    -0.00376208   0.01227921    -0.00607193   0.00296109
 -0.00376208   0.01227921    -0.00052111  -0.00412288     0.00274034   0.00220900
 -0.00607193   0.00296109     0.00274034   0.00220900    -0.00570351   0.01745017
    7    7
  0.04200486  -0.00000000    -0.00494678  -0.00256285     0.00402064   0.00034847
 -0.00494678   0.00256285     0.04377449  -0.00000000    -0.00305398  -0.00737279
  0.00402064  -0.00034847    -0.00305398   0.00737279     0.03815712  -0.00000000

     Dynamical  Matrix in cartesian axes

     q = (   -0.216506351  -0.433012702   0.216506351 ) 

    1    1
  0.04521140   0.00000000     0.00250300   0.00000000    -0.01566961  -0.00000000
  0.00250300   0.00000000     0.11227706   0.00000000    -0.00250300  -0.00000000
 -0.01566961  -0.00000000    -0.00250300  -0.00000000     0.04521140   0.00000000
    1    2
 -0.00188947   0.01000955     0.00415022  -0.00558070    -0.00858805  -0.00887965
 -0.00951447  -0.00494912     0.00268890  -0.01450227    -0.00396501   0.00208789
  0.01405694  -0.01535304    -0.00045048   0.00442695    -0.00066254   0.01069699
    1    3
  0.01000955  -0.00188947    -0.00558070   0.00415022    -0.00887965  -0.00858805
 -0.00494912  -0.00951447    -0.01450227   0.00268890     0.00208789  -0.00396501
 -0.01535304   0.01405694     0.00442695  -0.00045048     0.01069699  -0.00066254
    1    4
 -0.00419094   0.00145039     0.00087811   0.00858415    -0.00877286  -0.00555162
 -0.01508912   0.00470605    -0.00000000  -0.01945755    -0.01508912  -0.00470605
  0.00877286  -0.00555162     0.00087811  -0.00858415     0.00419094   0.00145039
    1    5
  0.00145039  -0.00419094     0.00858415   0.00087811    -0.00555162  -0.00877286
  0.00470605  -0.01508912    -0.01945755  -0.00000000    -0.00470605  -0.01508912
 -0.00555162   0.00877286    -0.00858415   0.00087811     0.00145039   0.00419094
    1    6
 -0.01069699  -0.00066254     0.00442695   0.00045048     0.01535304   0.01405694
  0.00208789   0.00396501     0.01450227   0.00268890    -0.00494912   0.00951447
  0.00887965  -0.00858805    -0.00558070  -0.00415022    -0.01000955  -0.00188947
    1    7
 -0.00066254  -0.01069699     0.00045048   0.00442695     0.01405694   0.01535304
  0.00396501   0.00208789     0.00268890   0.01450227     0.00951447  -0.00494912
