  3.500000000000000E-002   1.26001304832687        2.38111420361614     
           6

     Dynamical  Matrix in cartesian axes

     q = (    0.000000000   0.000000000   0.433012700 ) 

    1    1
  0.03251539   0.00000000     0.00000000   0.00000000    -0.00000000   0.00000000
  0.00000000   0.00000000     0.03251539   0.00000000    -0.00000000   0.00000000
 -0.00000000   0.00000000    -0.00000000   0.00000000     0.34065851   0.00000000
    1    2
  0.00000000  -0.00170508     0.00000000  -0.00000000    -0.01627073  -0.00000000
  0.00000000  -0.00000000     0.00000000  -0.00025093     0.00000000   0.00000000
 -0.06040365  -0.00000000     0.00000000   0.00000000     0.00000000  -0.02464273
    1    3
  0.00170508  -0.00000000     0.00000000  -0.00000000     0.00000000   0.01627073
  0.00000000  -0.00000000     0.00025093  -0.00000000    -0.00000000  -0.00000000
  0.00000000   0.06040365    -0.00000000  -0.00000000     0.02464273  -0.00000000
    1    4
  0.00025093  -0.00000000     0.00000000  -0.00000000    -0.00000000  -0.00000000
  0.00000000  -0.00000000     0.00170508  -0.00000000     0.00000000   0.01627073
 -0.00000000   0.00000000     0.00000000   0.06040365     0.02464273  -0.00000000
    1    5
  0.00000000  -0.00025093     0.00000000  -0.00000000     0.00000000   0.00000000
  0.00000000  -0.00000000     0.00000000  -0.00170508    -0.01627073  -0.00000000
  0.00000000   0.00000000    -0.06040365  -0.00000000     0.00000000  -0.02464273
    1    6
 -0.00055772   0.01314123     0.00000000   0.00000000    -0.00000000  -0.00000000
  0.00000000  -0.00000000    -0.01314123   0.00055772    -0.00000000  -0.00000000
 -0.00000000  -0.00000000    -0.00000000   0.00000000    -0.00263805   0.00263805
    1    7
 -0.01314123   0.00055772     0.00000000   0.00000000     0.00000000   0.00000000
  0.00000000  -0.00000000    -0.00055772   0.01314123     0.00000000  -0.00000000
  0.00000000   0.00000000    -0.00000000   0.00000000    -0.00263805   0.00263805
    2    1
  0.00000000   0.00170508     0.00000000  -0.00000000    -0.06040365   0.00000000
  0.00000000  -0.00000000     0.00000000   0.00025093    -0.00000000  -0.00000000
 -0.01627073   0.00000000    -0.00000000  -0.00000000     0.00000000   0.02464273
    2    2
  0.02997003  -0.00000000     0.00000000  -0.00000000    -0.00000000  -0.00114879
  0.00000000  -0.00000000     0.07672533   0.00000000    -0.00000000   0.00000000
 -0.00000000   0.00114879    -0.00000000  -0.00000000     0.05319683   0.00000000
    2    3
 -0.00000000  -0.01230486     0.00000000   0.00000000    -0.00331439   0.00000000
  0.00000000   0.00000000    -0.00000000  -0.07247573    -0.00000000   0.00000000
 -0.00331439   0.00000000    -0.00000000   0.00000000     0.00000000   0.00177817
    2    4
 -0.00000000  -0.00214425    -0.00000000  -0.01549458    -0.00609588   0.00000000
 -0.00000000  -0.07280274    -0.00000000  -0.00214425    -0.00024377   0.00000000
 -0.00024377   0.00000000    -0.00609588   0.00000000     0.00000000   0.00151241
    2    5
 -0.00214425  -0.00000000     0.01549458  -0.00000000    -0.00000000   0.00609588
  0.07280274   0.00000000    -0.00214425   0.00000000    -0.00000000  -0.00024377
 -0.00000000   0.00024377    -0.00000000  -0.00609588     0.00151241   0.00000000
    2    6
  0.00289291  -0.00364156     0.00000000   0.00000000    -0.00057985  -0.00979892
  0.00000000   0.00000000     0.00082117  -0.00133709    -0.00000000   0.00000000
  0.00184195  -0.02144380    -0.00000000   0.00000000     0.01028587  -0.02403019
    2    7
 -0.00364156   0.00289291    -0.00000000   0.00000000     0.00979892   0.00057985
 -0.00000000   0.00000000    -0.00133709   0.00082117     0.00000000  -0.00000000
  0.02144380  -0.00184195     0.00000000  -0.00000000    -0.02403019   0.01028587
    3    1
  0.00170508   0.00000000     0.00000000   0.00000000     0.00000000  -0.06040365
  0.00000000   0.00000000     0.00025093   0.00000000    -0.00000000   0.00000000
  0.00000000  -0.01627073    -0.00000000   0.00000000     0.02464273   0.00000000
    3    2
 -0.00000000   0.01230486     0.00000000  -0.00000000    -0.00331439  -0.00000000
  0.00000000  -0.00000000    -0.00000000   0.07247573    -0.00000000  -0.00000000
 -0.00331439  -0.00000000    -0.00000000  -0.00000000     0.00000000  -0.00177817
    3    3
  0.02997003   0.00000000     0.00000000   0.00000000    -0.00000000   0.00114879
  0.00000000   0.00000000     0.07672533  -0.00000000    -0.00000000  -0.00000000
 -0.00000000  -0.00114879    -0.00000000   0.00000000     0.05319683  -0.00000000
    3    4
 -0.00214425   0.00000000     0.01549458  -0.00000000    -0.00000000  -0.00609588
  0.07280274  -0.00000000    -0.00214425  -0.00000000    -0.00000000   0.00024377
 -0.00000000  -0.00024377     0.00000000   0.00609588     0.00151241  -0.00000000
    3    5
 -0.00000000   0.00214425    -0.00000000   0.01549458    -0.00609588  -0.00000000
 -0.00000000   0.07280274    -0.00000000   0.00214425    -0.00024377  -0.00000000
 -0.00024377  -0.00000000    -0.00609588  -0.00000000     0.00000000  -0.00151241
    3    6
 -0.00364156  -0.00289291     0.00000000  -0.00000000     0.00979892  -0.00057985
 -0.00000000  -0.00000000    -0.00133709  -0.00082117     0.00000000   0.00000000
  0.02144380   0.00184195     0.00000000   0.00000000    -0.02403019  -0.01028587
    3    7
  0.00289291   0.00364156     0.00000000  -0.00000000    -0.00057985   0.00979892
  0.00000000  -0.00000000     0.00082117   0.00133709    -0.00000000  -0.00000000
  0.00184195   0.02144380    -0.00000000  -0.00000000     0.01028587   0.02403019
    4    1
  0.00025093   0.00000000     0.00000000   0.00000000    -0.00000000  -0.00000000
  0.00000000   0.00000000     0.00170508   0.00000000     0.00000000  -0.06040365
 -0.00000000   0.00000000     0.00000000  -0.01627073     0.02464273   0.00000000
    4    2
 -0.00000000   0.00214425    -0.00000000   0.07280274    -0.00024377  -0.00000000
 -0.00000000   0.01549458    -0.00000000   0.00214425    -0.00609588  -0.00000000
 -0.00609588  -0.00000000    -0.00024377  -0.00000000     0.00000000  -0.00151241
    4    3
 -0.00214425  -0.00000000     0.07280274   0.00000000    -0.00000000   0.00024377
  0.01549458   0.00000000    -0.00214425   0.00000000     0.00000000  -0.00609588
 -0.00000000   0.00609588    -0.00000000  -0.00024377     0.00151241   0.00000000
    4    4
  0.07672533  -0.00000000     0.00000000   0.00000000     0.00000000  -0.00000000
  0.00000000  -0.00000000     0.02997003   0.00000000    -0.00000000   0.00114879
 -0.00000000   0.00000000    -0.00000000  -0.00114879     0.05319683  -0.00000000
    4    5
 -0.00000000   0.07247573     0.00000000   0.00000000     0.00000000   0.00000000
  0.00000000  -0.00000000    -0.00000000   0.01230486    -0.00331439  -0.00000000
  0.00000000  -0.00000000    -0.00331439  -0.00000000     0.00000000  -0.00177817
    4    6
  0.00082117   0.00133709     0.00000000  -0.00000000    -0.00000000  -0.00000000
  0.00000000  -0.00000000     0.00289291   0.00364156    -0.00057985   0.00979892
 -0.00000000  -0.00000000     0.00184195   0.02144380     0.01028587   0.02403019
    4    7
 -0.00133709  -0.00082117    -0.00000000  -0.00000000     0.00000000   0.00000000
 -0.00000000  -0.00000000    -0.00364156  -0.00289291     0.00979892  -0.00057985
  0.00000000   0.00000000     0.02144380   0.00184195    -0.02403019  -0.01028587
    5    1
  0.00000000   0.00025093     0.00000000  -0.00000000     0.00000000  -0.00000000
  0.00000000  -0.00000000     0.00000000   0.00170508    -0.06040365   0.00000000
  0.00000000  -0.00000000    -0.01627073   0.00000000     0.00000000   0.02464273
    5    2
 -0.00214425   0.00000000     0.07280274   0.00000000    -0.00000000  -0.00024377
  0.01549458  -0.00000000    -0.00214425  -0.00000000    -0.00000000   0.00609588
 -0.00000000  -0.00609588    -0.00000000   0.00024377     0.00151241   0.00000000
    5    3
 -0.00000000  -0.00214425    -0.00000000  -0.07280274    -0.00024377   0.00000000
 -0.00000000  -0.01549458    -0.00000000  -0.00214425    -0.00609588   0.00000000
 -0.00609588   0.00000000    -0.00024377   0.00000000     0.00000000   0.00151241
    5    4
 -0.00000000  -0.07247573     0.00000000   0.00000000     0.00000000  -0.00000000
  0.00000000   0.00000000    -0.00000000  -0.01230486    -0.00331439   0.00000000
  0.00000000   0.00000000    -0.00331439   0.00000000     0.00000000   0.00177817
    5    5
  0.07672533   0.00000000     0.00000000  -0.00000000     0.00000000   0.00000000
  0.00000000   0.00000000     0.02997003  -0.00000000    -0.00000000  -0.00114879
 -0.00000000  -0.00000000    -0.00000000   0.00114879     0.05319683   0.00000000
    5    6
 -0.00133709   0.00082117    -0.00000000   0.00000000     0.00000000  -0.00000000
 -0.00000000   0.00000000    -0.00364156   0.00289291     0.00979892   0.00057985
  0.00000000  -0.00000000     0.02144380  -0.00184195    -0.02403019   0.01028587
    5    7
  0.00082117  -0.00133709     0.00000000   0.00000000    -0.00000000   0.00000000
  0.00000000   0.00000000     0.00289291  -0.00364156    -0.00057985  -0.00979892
 -0.00000000   0.00000000     0.00184195  -0.02144380     0.01028587  -0.02403019
    6    1
 -0.00055772  -0.01314123     0.00000000   0.00000000     0.00000000   0.00000000
  0.00000000   0.00000000    -0.01314123  -0.00055772     0.00000000   0.00000000
  0.00000000   0.00000000    -0.00000000   0.00000000    -0.00263805  -0.00263805
    6    2
  0.00289291   0.00364156     0.00000000  -0.00000000     0.00184195   0.02144380
  0.00000000  -0.00000000     0.00082117   0.00133709    -0.00000000  -0.00000000
 -0.00057985   0.00979892    -0.00000000  -0.00000000     0.01028587   0.02403019
    6    3
 -0.00364156   0.00289291    -0.00000000   0.00000000     0.02144380  -0.00184195
  0.00000000   0.00000000    -0.00133709   0.00082117     0.00000000  -0.00000000
  0.00979892   0.00057985     0.00000000  -0.00000000    -0.02403019   0.01028587
    6    4
  0.00082117  -0.00133709    -0.00000000   0.00000000    -0.00000000   0.00000000
 -0.00000000   0.00000000     0.00289291  -0.00364156     0.00184195  -0.02144380
 -0.00000000   0.00000000    -0.00057985  -0.00979892     0.01028587  -0.02403019
    6    5
 -0.00133709  -0.00082117    -0.00000000  -0.00000000     0.00000000   0.00000000
 -0.00000000  -0.00000000    -0.00364156  -0.00289291     0.02144380   0.00184195
  0.00000000   0.00000000     0.00979892  -0.00057985    -0.02403019  -0.01028587
    6    6
  0.03109962  -0.00000000    -0.00000000   0.00000000    -0.00000000   0.00000000
 -0.00000000  -0.00000000     0.03109962   0.00000000    -0.00000000   0.00000000
 -0.00000000   0.00000000    -0.00000000   0.00000000     0.08407003   0.00000000
    6    7
 -0.00024244   0.02247060     0.00000000  -0.00000000     0.00000000   0.00000000
  0.00000000  -0.00000000    -0.00024244  -0.02247060     0.00000000   0.00000000
  0.00000000   0.00000000     0.00000000   0.00000000    -0.01853961  -0.00000000
    7    1
 -0.01314123  -0.00055772     0.00000000   0.00000000    -0.00000000   0.00000000
  0.00000000   0.00000000    -0.00055772  -0.01314123    -0.00000000   0.00000000
 -0.00000000  -0.00000000    -0.00000000   0.00000000    -0.00263805  -0.00263805
    7    2
 -0.00364156  -0.00289291    -0.00000000   0.00000000     0.02144380   0.00184195
 -0.00000000  -0.00000000    -0.00133709  -0.00082117     0.00000000   0.00000000
  0.00979892  -0.00057985     0.00000000   0.00000000    -0.02403019  -0.01028587
    7    3
  0.00289291  -0.00364156     0.00000000   0.00000000     0.00184195  -0.02144380
  0.00000000   0.00000000     0.00082117  -0.00133709    -0.00000000   0.00000000
 -0.00057985  -0.00979892    -0.00000000   0.00000000     0.01028587  -0.02403019
    7    4
 -0.00133709   0.00082117    -0.00000000   0.00000000     0.00000000  -0.00000000
 -0.00000000   0.00000000    -0.00364156   0.00289291     0.02144380  -0.00184195
  0.00000000  -0.00000000     0.00979892   0.00057985    -0.02403019   0.01028587
    7    5
  0.00082117   0.00133709     0.00000000  -0.00000000    -0.00000000  -0.00000000
  0.00000000  -0.00000000     0.00289291   0.00364156     0.00184195   0.02144380
 -0.00000000  -0.00000000    -0.00057985   0.00979892     0.01028587   0.02403019
    7    6
 -0.00024244  -0.02247060     0.00000000   0.00000000     0.00000000   0.00000000
  0.00000000   0.00000000    -0.00024244   0.02247060     0.00000000   0.00000000
  0.00000000   0.00000000     0.00000000   0.00000000    -0.01853961   0.00000000
    7    7
  0.03109962   0.00000000    -0.00000000  -0.00000000    -0.00000000   0.00000000
 -0.00000000   0.00000000     0.03109962  -0.00000000    -0.00000000   0.00000000
 -0.00000000   0.00000000    -0.00000000   0.00000000     0.08407003   0.00000000

     Dynamical  Matrix in cartesian axes

     q = (    0.433012700  -0.000000000   0.000000000 ) 

    1    1
  0.34065851   0.00000000     0.00000000   0.00000000     0.00000000   0.00000000
  0.00000000   0.00000000     0.03251539   0.00000000     0.00000000   0.00000000
  0.00000000   0.00000000    -0.00000000   0.00000000     0.03251539   0.00000000
    1    2
 -0.00263805   0.00263805    -0.00000000  -0.00000000     0.00000000   0.00000000
 -0.00000000   0.00000000    -0.00055772   0.01314123     0.00000000   0.00000000
  0.00000000   0.00000000     0.00000000  -0.00000000    -0.01314123   0.00055772
    1    3
 -0.00263805   0.00263805     0.00000000   0.00000000     0.00000000  -0.00000000
  0.00000000  -0.00000000    -0.01314123   0.00055772    -0.00000000  -0.00000000
 -0.00000000  -0.00000000    -0.00000000  -0.00000000    -0.00055772   0.01314123
    1    4
  0.00000000  -0.02464273    -0.06040365  -0.00000000     0.00000000   0.00000000
 -0.01627073  -0.00000000     0.00000000  -0.00170508     0.00000000   0.00000000
 -0.00000000  -0.00000000    -0.00000000   0.00000000     0.00000000  -0.00025093
    1    5
  0.02464273  -0.00000000     0.00000000   0.06040365     0.00000000   0.00000000
  0.00000000   0.01627073     0.00170508  -0.00000000     0.00000000  -0.00000000
  0.00000000  -0.00000000     0.00000000  -0.00000000     0.00025093   0.00000000
    1    6
  0.02464273  -0.00000000     0.00000000  -0.00000000     0.00000000   0.06040365
 -0.00000000  -0.00000000     0.00025093  -0.00000000     0.00000000  -0.00000000
  0.00000000   0.01627073    -0.00000000   0.00000000     0.00170508  -0.00000000
    1    7
  0.00000000  -0.02464273     0.00000000  -0.00000000    -0.06040365  -0.00000000
  0.00000000   0.00000000     0.00000000  -0.00025093     0.00000000  -0.00000000
 -0.01627073  -0.00000000    -0.00000000  -0.00000000     0.00000000  -0.00170508
    2    1
 -0.00263805  -0.00263805    -0.00000000   0.00000000     0.00000000  -0.00000000
 -0.00000000   0.00000000    -0.00055772  -0.01314123     0.00000000   0.00000000
  0.00000000  -0.00000000     0.00000000  -0.00000000    -0.01314123  -0.00055772
    2    2
  0.08407003   0.00000000    -0.00000000   0.00000000    -0.00000000   0.00000000
 -0.00000000   0.00000000     0.03109962  -0.00000000    -0.00000000  -0.00000000
 -0.00000000   0.00000000    -0.00000000   0.00000000     0.03109962   0.00000000
    2    3
 -0.01853961  -0.00000000     0.00000000  -0.00000000     0.00000000   0.00000000
  0.00000000  -0.00000000    -0.00024244   0.02247060     0.00000000   0.00000000
  0.00000000   0.00000000     0.00000000   0.00000000    -0.00024244  -0.02247060
    2    4
  0.01028587   0.02403019    -0.00057985   0.00979892     0.00000000   0.00000000
  0.00184195   0.02144380     0.00289291   0.00364156     0.00000000   0.00000000
  0.00000000   0.00000000    -0.00000000   0.00000000     0.00082117   0.00133709
    2    5
 -0.02403019   0.01028587     0.00979892   0.00057985    -0.00000000   0.00000000
  0.02144380  -0.00184195    -0.00364156   0.00289291     0.00000000  -0.00000000
 -0.00000000   0.00000000     0.00000000  -0.00000000    -0.00133709   0.00082117
    2    6
  0.01028587  -0.02403019     0.00000000   0.00000000    -0.00057985  -0.00979892
 -0.00000000   0.00000000     0.00082117  -0.00133709    -0.00000000   0.00000000
  0.00184195  -0.02144380     0.00000000   0.00000000     0.00289291  -0.00364156
    2    7
 -0.02403019  -0.01028587    -0.00000000   0.00000000     0.00979892  -0.00057985
 -0.00000000  -0.00000000    -0.00133709  -0.00082117     0.00000000   0.00000000
  0.02144380   0.00184195     0.00000000   0.00000000    -0.00364156  -0.00289291
    3    1
 -0.00263805  -0.00263805     0.00000000   0.00000000     0.00000000   0.00000000
  0.00000000   0.00000000    -0.01314123  -0.00055772    -0.00000000   0.00000000
  0.00000000   0.00000000     0.00000000   0.00000000    -0.00055772  -0.01314123
    3    2
 -0.01853961   0.00000000     0.00000000   0.00000000     0.00000000  -0.00000000
  0.00000000   0.00000000    -0.00024244  -0.02247060     0.00000000  -0.00000000
  0.00000000  -0.00000000     0.00000000  -0.00000000    -0.00024244   0.02247060
    3    3
  0.08407003  -0.00000000    -0.00000000  -0.00000000    -0.00000000  -0.00000000
 -0.00000000  -0.00000000     0.03109962   0.00000000    -0.00000000   0.00000000
 -0.00000000  -0.00000000    -0.00000000  -0.00000000     0.03109962  -0.00000000
    3    4
 -0.02403019  -0.01028587     0.00979892  -0.00057985    -0.00000000  -0.00000000
  0.02144380   0.00184195    -0.00364156  -0.00289291     0.00000000   0.00000000
 -0.00000000   0.00000000    -0.00000000  -0.00000000    -0.00133709  -0.00082117
    3    5
  0.01028587  -0.02403019    -0.00057985  -0.00979892     0.00000000   0.00000000
  0.00184195  -0.02144380     0.00289291  -0.00364156     0.00000000   0.00000000
  0.00000000   0.00000000    -0.00000000   0.00000000     0.00082117  -0.00133709
    3    6
 -0.02403019   0.01028587    -0.00000000  -0.00000000     0.00979892   0.00057985
 -0.00000000   0.00000000    -0.00133709   0.00082117     0.00000000  -0.00000000
  0.02144380  -0.00184195     0.00000000   0.00000000    -0.00364156   0.00289291
    3    7
  0.01028587   0.02403019     0.00000000  -0.00000000    -0.00057985   0.00979892
 -0.00000000  -0.00000000     0.00082117   0.00133709    -0.00000000  -0.00000000
  0.00184195   0.02144380     0.00000000  -0.00000000     0.00289291   0.00364156
    4    1
  0.00000000   0.02464273    -0.01627073   0.00000000     0.00000000  -0.00000000
 -0.06040365   0.00000000     0.00000000   0.00170508     0.00000000  -0.00000000
  0.00000000   0.00000000     0.00000000   0.00000000     0.00000000   0.00025093
    4    2
  0.01028587  -0.02403019     0.00184195  -0.02144380     0.00000000   0.00000000
 -0.00057985  -0.00979892     0.00289291  -0.00364156     0.00000000   0.00000000
  0.00000000   0.00000000     0.00000000   0.00000000     0.00082117  -0.00133709
    4    3
 -0.02403019   0.01028587     0.02144380  -0.00184195    -0.00000000  -0.00000000
  0.00979892   0.00057985    -0.00364156   0.00289291     0.00000000   0.00000000
 -0.00000000   0.00000000     0.00000000  -0.00000000    -0.00133709   0.00082117
    4    4
  0.05319683  -0.00000000     0.00000000   0.00114879    -0.00000000   0.00000000
  0.00000000  -0.00114879     0.02997003  -0.00000000    -0.00000000   0.00000000
 -0.00000000   0.00000000    -0.00000000   0.00000000     0.07672533   0.00000000
    4    5
  0.00000000   0.00177817    -0.00331439   0.00000000     0.00000000   0.00000000
 -0.00331439   0.00000000    -0.00000000  -0.01230486    -0.00000000   0.00000000
  0.00000000   0.00000000    -0.00000000   0.00000000    -0.00000000  -0.07247573
    4    6
  0.00000000   0.00151241    -0.00024377   0.00000000    -0.00609588   0.00000000
 -0.00609588   0.00000000    -0.00000000  -0.00214425    -0.00000000  -0.01549458
 -0.00024377   0.00000000    -0.00000000  -0.07280274    -0.00000000  -0.00214425
    4    7
  0.00151241  -0.00000000    -0.00000000   0.00024377    -0.00000000  -0.00609588
  0.00000000   0.00609588    -0.00214425   0.00000000     0.01549458  -0.00000000
  0.00000000  -0.00024377     0.07280274  -0.00000000    -0.00214425   0.00000000
    5    1
  0.02464273   0.00000000     0.00000000  -0.01627073    -0.00000000   0.00000000
  0.00000000  -0.06040365     0.00170508   0.00000000     0.00000000  -0.00000000
  0.00000000   0.00000000     0.00000000  -0.00000000     0.00025093   0.00000000
    5    2
 -0.02403019  -0.01028587     0.02144380   0.00184195    -0.00000000   0.00000000
  0.00979892  -0.00057985    -0.00364156  -0.00289291    -0.00000000  -0.00000000
 -0.00000000  -0.00000000     0.00000000   0.00000000    -0.00133709  -0.00082117
    5    3
  0.01028587   0.02403019     0.00184195   0.02144380     0.00000000  -0.00000000
 -0.00057985   0.00979892     0.00289291   0.00364156     0.00000000  -0.00000000
  0.00000000  -0.00000000     0.00000000  -0.00000000     0.00082117   0.00133709
    5    4
  0.00000000  -0.00177817    -0.00331439  -0.00000000     0.00000000  -0.00000000
 -0.00331439  -0.00000000    -0.00000000   0.01230486    -0.00000000  -0.00000000
  0.00000000  -0.00000000    -0.00000000  -0.00000000    -0.00000000   0.07247573
    5    5
  0.05319683   0.00000000     0.00000000  -0.00114879    -0.00000000   0.00000000
  0.00000000   0.00114879     0.02997003   0.00000000    -0.00000000   0.00000000
 -0.00000000   0.00000000    -0.00000000   0.00000000     0.07672533  -0.00000000
    5    6
  0.00151241   0.00000000    -0.00000000  -0.00024377    -0.00000000   0.00609588
  0.00000000  -0.00609588    -0.00214425   0.00000000     0.01549458   0.00000000
  0.00000000   0.00024377     0.07280274   0.00000000    -0.00214425  -0.00000000
    5    7
  0.00000000  -0.00151241    -0.00024377  -0.00000000    -0.00609588  -0.00000000
 -0.00609588  -0.00000000    -0.00000000   0.00214425    -0.00000000   0.01549458
 -0.00024377  -0.00000000    -0.00000000   0.07280274    -0.00000000   0.00214425
    6    1
  0.02464273   0.00000000    -0.00000000   0.00000000     0.00000000  -0.01627073
  0.00000000   0.00000000     0.00025093   0.00000000     0.00000000   0.00000000
  0.00000000  -0.06040365     0.00000000   0.00000000     0.00170508   0.00000000
    6    2
  0.01028587   0.02403019    -0.00000000  -0.00000000     0.00184195   0.02144380
  0.00000000  -0.00000000     0.00082117   0.00133709    -0.00000000   0.00000000
 -0.00057985   0.00979892    -0.00000000  -0.00000000     0.00289291   0.00364156
    6    3
 -0.02403019  -0.01028587    -0.00000000  -0.00000000     0.02144380   0.00184195
 -0.00000000   0.00000000    -0.00133709  -0.00082117     0.00000000  -0.00000000
  0.00979892  -0.00057985     0.00000000   0.00000000    -0.00364156  -0.00289291
    6    4
  0.00000000  -0.00151241    -0.00609588  -0.00000000    -0.00024377  -0.00000000
 -0.00024377  -0.00000000    -0.00000000   0.00214425    -0.00000000   0.07280274
 -0.00609588  -0.00000000    -0.00000000   0.01549458    -0.00000000   0.00214425
    6    5
  0.00151241  -0.00000000     0.00000000   0.00609588     0.00000000  -0.00024377
 -0.00000000   0.00024377    -0.00214425   0.00000000     0.07280274  -0.00000000
  0.00000000  -0.00609588     0.01549458  -0.00000000    -0.00214425   0.00000000
    6    6
  0.05319683  -0.00000000    -0.00000000   0.00000000    -0.00000000  -0.00114879
 -0.00000000  -0.00000000     0.07672533   0.00000000    -0.00000000   0.00000000
 -0.00000000   0.00114879    -0.00000000  -0.00000000     0.02997003   0.00000000
    6    7
  0.00000000  -0.00177817     0.00000000  -0.00000000    -0.00331439  -0.00000000
  0.00000000  -0.00000000    -0.00000000   0.07247573    -0.00000000  -0.00000000
 -0.00331439  -0.00000000    -0.00000000  -0.00000000    -0.00000000   0.01230486
    7    1
  0.00000000   0.02464273     0.00000000  -0.00000000    -0.01627073   0.00000000
  0.00000000  -0.00000000     0.00000000   0.00025093     0.00000000  -0.00000000
 -0.06040365   0.00000000    -0.00000000  -0.00000000     0.00000000   0.00170508
    7    2
 -0.02403019   0.01028587     0.00000000  -0.00000000     0.02144380  -0.00184195
 -0.00000000  -0.00000000    -0.00133709   0.00082117     0.00000000  -0.00000000
  0.00979892   0.00057985     0.00000000  -0.00000000    -0.00364156   0.00289291
    7    3
  0.01028587  -0.02403019     0.00000000   0.00000000     0.00184195  -0.02144380
  0.00000000   0.00000000     0.00082117  -0.00133709    -0.00000000   0.00000000
 -0.00057985  -0.00979892    -0.00000000   0.00000000     0.00289291  -0.00364156
    7    4
  0.00151241   0.00000000     0.00000000  -0.00609588     0.00000000   0.00024377
 -0.00000000  -0.00024377    -0.00214425  -0.00000000     0.07280274   0.00000000
 -0.00000000   0.00609588     0.01549458   0.00000000    -0.00214425  -0.00000000
    7    5
  0.00000000   0.00151241    -0.00609588   0.00000000    -0.00024377   0.00000000
 -0.00024377   0.00000000    -0.00000000  -0.00214425    -0.00000000  -0.07280274
 -0.00609588   0.00000000    -0.00000000  -0.01549458    -0.00000000  -0.00214425
    7    6
  0.00000000   0.00177817     0.00000000   0.00000000    -0.00331439   0.00000000
  0.00000000   0.00000000    -0.00000000  -0.07247573    -0.00000000   0.00000000
 -0.00331439   0.00000000    -0.00000000   0.00000000    -0.00000000  -0.01230486
    7    7
  0.05319683   0.00000000    -0.00000000  -0.00000000    -0.00000000   0.00114879
 -0.00000000   0.00000000     0.07672533   0.00000000    -0.00000000  -0.00000000
 -0.00000000  -0.00114879    -0.00000000   0.00000000     0.02997003  -0.00000000

     Dynamical  Matrix in cartesian axes

     q = (   -0.433012700  -0.000000000  -0.000000000 ) 

    1    1
  0.34065851   0.00000000    -0.00000000   0.00000000    -0.00000000   0.00000000
 -0.00000000   0.00000000     0.03251539   0.00000000     0.00000000   0.00000000
  0.00000000   0.00000000     0.00000000   0.00000000     0.03251539   0.00000000
    1    2
 -0.00263805  -0.00263805    -0.00000000   0.00000000     0.00000000  -0.00000000
 -0.00000000   0.00000000    -0.00055772  -0.01314123     0.00000000  -0.00000000
  0.00000000  -0.00000000     0.00000000  -0.00000000    -0.01314123  -0.00055772
    1    3
 -0.00263805  -0.00263805     0.00000000  -0.00000000    -0.00000000   0.00000000
  0.00000000   0.00000000    -0.01314123  -0.00055772    -0.00000000   0.00000000
 -0.00000000   0.00000000    -0.00000000   0.00000000    -0.00055772  -0.01314123
    1    4
  0.00000000   0.02464273    -0.06040365   0.00000000    -0.00000000   0.00000000
 -0.01627073   0.00000000     0.00000000   0.00170508     0.00000000   0.00000000
  0.00000000   0.00000000     0.00000000   0.00000000     0.00000000   0.00025093
    1    5
  0.02464273   0.00000000     0.00000000  -0.06040365    -0.00000000  -0.00000000
  0.00000000  -0.01627073     0.00170508   0.00000000    -0.00000000  -0.00000000
  0.00000000   0.00000000     0.00000000   0.00000000     0.00025093   0.00000000
    1    6
  0.02464273   0.00000000    -0.00000000   0.00000000     0.00000000  -0.06040365
 -0.00000000   0.00000000     0.00025093  -0.00000000     0.00000000  -0.00000000
  0.00000000  -0.01627073     0.00000000  -0.00000000     0.00170508  -0.00000000
    1    7
  0.00000000   0.02464273     0.00000000   0.00000000    -0.06040365   0.00000000
  0.00000000   0.00000000     0.00000000   0.00025093    -0.00000000   0.00000000
 -0.01627073   0.00000000    -0.00000000   0.00000000     0.00000000   0.00170508
    2    1
 -0.00263805   0.00263805    -0.00000000   0.00000000     0.00000000   0.00000000
 -0.00000000   0.00000000    -0.00055772   0.01314123     0.00000000   0.00000000
  0.00000000   0.00000000     0.00000000   0.00000000    -0.01314123   0.00055772
    2    2
  0.08407003   0.00000000    -0.00000000  -0.00000000    -0.00000000   0.00000000
 -0.00000000  -0.00000000     0.03109962   0.00000000    -0.00000000  -0.00000000
 -0.00000000   0.00000000     0.00000000   0.00000000     0.03109962  -0.00000000
    2    3
 -0.01853961  -0.00000000     0.00000000  -0.00000000     0.00000000  -0.00000000
 -0.00000000   0.00000000    -0.00024244  -0.02247060    -0.00000000  -0.00000000
  0.00000000  -0.00000000    -0.00000000  -0.00000000    -0.00024244   0.02247060
    2    4
  0.01028587  -0.02403019    -0.00057985  -0.00979892     0.00000000   0.00000000
  0.00184195  -0.02144380     0.00289291  -0.00364156     0.00000000   0.00000000
  0.00000000  -0.00000000    -0.00000000  -0.00000000     0.00082117  -0.00133709
    2    5
 -0.02403019  -0.01028587     0.00979892  -0.00057985     0.00000000   0.00000000
  0.02144380   0.00184195    -0.00364156  -0.00289291     0.00000000   0.00000000
  0.00000000   0.00000000     0.00000000   0.00000000    -0.00133709  -0.00082117
    2    6
  0.01028587   0.02403019    -0.00000000  -0.00000000    -0.00057985   0.00979892
 -0.00000000  -0.00000000     0.00082117   0.00133709    -0.00000000  -0.00000000
  0.00184195   0.02144380    -0.00000000   0.00000000     0.00289291   0.00364156
    2    7
 -0.02403019   0.01028587     0.00000000   0.00000000     0.00979892   0.00057985
 -0.00000000   0.00000000    -0.00133709   0.00082117     0.00000000   0.00000000
  0.02144380  -0.00184195    -0.00000000   0.00000000    -0.00364156   0.00289291
    3    1
 -0.00263805   0.00263805     0.00000000   0.00000000    -0.00000000  -0.00000000
  0.00000000  -0.00000000    -0.01314123   0.00055772     0.00000000  -0.00000000
 -0.00000000  -0.00000000     0.00000000  -0.00000000    -0.00055772   0.01314123
    3    2
 -0.01853961   0.00000000     0.00000000   0.00000000     0.00000000   0.00000000
 -0.00000000  -0.00000000    -0.00024244   0.02247060    -0.00000000   0.00000000
  0.00000000   0.00000000    -0.00000000   0.00000000    -0.00024244  -0.02247060
    3    3
  0.08407003   0.00000000    -0.00000000   0.00000000    -0.00000000  -0.00000000
 -0.00000000   0.00000000     0.03109962  -0.00000000    -0.00000000   0.00000000
 -0.00000000  -0.00000000     0.00000000  -0.00000000     0.03109962   0.00000000
    3    4
 -0.02403019   0.01028587     0.00979892   0.00057985     0.00000000   0.00000000
  0.02144380  -0.00184195    -0.00364156   0.00289291     0.00000000  -0.00000000
  0.00000000   0.00000000     0.00000000  -0.00000000    -0.00133709   0.00082117
    3    5
  0.01028587   0.02403019    -0.00057985   0.00979892     0.00000000  -0.00000000
  0.00184195   0.02144380     0.00289291   0.00364156    -0.00000000   0.00000000
  0.00000000  -0.00000000     0.00000000  -0.00000000     0.00082117   0.00133709
    3    6
 -0.02403019  -0.01028587     0.00000000   0.00000000     0.00979892  -0.00057985
 -0.00000000   0.00000000    -0.00133709  -0.00082117     0.00000000   0.00000000
  0.02144380   0.00184195    -0.00000000   0.00000000    -0.00364156  -0.00289291
    3    7
  0.01028587  -0.02403019    -0.00000000   0.00000000    -0.00057985  -0.00979892
  0.00000000   0.00000000     0.00082117  -0.00133709    -0.00000000   0.00000000
  0.00184195  -0.02144380    -0.00000000   0.00000000     0.00289291  -0.00364156
    4    1
  0.00000000  -0.02464273    -0.01627073  -0.00000000     0.00000000   0.00000000
 -0.06040365  -0.00000000     0.00000000  -0.00170508     0.00000000  -0.00000000
  0.00000000  -0.00000000     0.00000000  -0.00000000     0.00000000  -0.00025093
    4    2
  0.01028587   0.02403019     0.00184195   0.02144380     0.00000000  -0.00000000
 -0.00057985   0.00979892     0.00289291   0.00364156     0.00000000  -0.00000000
  0.00000000   0.00000000     0.00000000   0.00000000     0.00082117   0.00133709
    4    3
 -0.02403019  -0.01028587     0.02144380   0.00184195     0.00000000   0.00000000
  0.00979892  -0.00057985    -0.00364156  -0.00289291     0.00000000   0.00000000
 -0.00000000  -0.00000000     0.00000000   0.00000000    -0.00133709  -0.00082117
    4    4
  0.05319683   0.00000000    -0.00000000  -0.00114879    -0.00000000   0.00000000
 -0.00000000   0.00114879     0.02997003   0.00000000    -0.00000000   0.00000000
 -0.00000000   0.00000000    -0.00000000   0.00000000     0.07672533  -0.00000000
    4    5
  0.00000000  -0.00177817    -0.00331439  -0.00000000     0.00000000  -0.00000000
 -0.00331439  -0.00000000    -0.00000000   0.01230486    -0.00000000  -0.00000000
 -0.00000000  -0.00000000     0.00000000  -0.00000000    -0.00000000   0.07247573
    4    6
  0.00000000  -0.00151241    -0.00024377  -0.00000000    -0.00609588  -0.00000000
 -0.00609588  -0.00000000    -0.00000000   0.00214425    -0.00000000   0.01549458
 -0.00024377  -0.00000000    -0.00000000   0.07280274    -0.00000000   0.00214425
    4    7
  0.00151241   0.00000000    -0.00000000  -0.00024377    -0.00000000   0.00609588
 -0.00000000  -0.00609588    -0.00214425   0.00000000     0.01549458  -0.00000000
 -0.00000000   0.00024377     0.07280274  -0.00000000    -0.00214425   0.00000000
    5    1
  0.02464273  -0.00000000     0.00000000   0.01627073     0.00000000  -0.00000000
  0.00000000   0.06040365     0.00170508   0.00000000     0.00000000   0.00000000
  0.00000000   0.00000000    -0.00000000   0.00000000     0.00025093   0.00000000
    5    2
 -0.02403019   0.01028587     0.02144380  -0.00184195     0.00000000   0.00000000
  0.00979892   0.00057985    -0.00364156   0.00289291    -0.00000000   0.00000000
 -0.00000000   0.00000000     0.00000000   0.00000000    -0.00133709   0.00082117
    5    3
  0.01028587  -0.02403019     0.00184195  -0.02144380     0.00000000   0.00000000
 -0.00057985  -0.00979892     0.00289291  -0.00364156     0.00000000   0.00000000
  0.00000000   0.00000000     0.00000000   0.00000000     0.00082117  -0.00133709
    5    4
  0.00000000   0.00177817    -0.00331439   0.00000000     0.00000000   0.00000000
 -0.00331439   0.00000000    -0.00000000  -0.01230486    -0.00000000   0.00000000
 -0.00000000   0.00000000     0.00000000   0.00000000    -0.00000000  -0.07247573
    5    5
  0.05319683  -0.00000000    -0.00000000   0.00114879    -0.00000000   0.00000000
 -0.00000000  -0.00114879     0.02997003  -0.00000000    -0.00000000   0.00000000
 -0.00000000   0.00000000    -0.00000000   0.00000000     0.07672533   0.00000000
    5    6
  0.00151241   0.00000000    -0.00000000   0.00024377    -0.00000000  -0.00609588
 -0.00000000   0.00609588    -0.00214425  -0.00000000     0.01549458   0.00000000
 -0.00000000  -0.00024377     0.07280274   0.00000000    -0.00214425  -0.00000000
    5    7
  0.00000000   0.00151241    -0.00024377   0.00000000    -0.00609588   0.00000000
 -0.00609588   0.00000000    -0.00000000  -0.00214425    -0.00000000  -0.01549458
 -0.00024377   0.00000000    -0.00000000  -0.07280274    -0.00000000  -0.00214425
    6    1
  0.02464273  -0.00000000     0.00000000  -0.00000000     0.00000000   0.01627073
 -0.00000000  -0.00000000     0.00025093   0.00000000     0.00000000   0.00000000
  0.00000000   0.06040365     0.00000000   0.00000000     0.00170508   0.00000000
    6    2
  0.01028587  -0.02403019    -0.00000000   0.00000000     0.00184195  -0.02144380
  0.00000000   0.00000000     0.00082117  -0.00133709     0.00000000   0.00000000
 -0.00057985  -0.00979892     0.00000000   0.00000000     0.00289291  -0.00364156
    6    3
 -0.02403019   0.01028587    -0.00000000  -0.00000000     0.02144380  -0.00184195
 -0.00000000  -0.00000000    -0.00133709   0.00082117    -0.00000000   0.00000000
  0.00979892   0.00057985     0.00000000  -0.00000000    -0.00364156   0.00289291
    6    4
  0.00000000   0.00151241    -0.00609588   0.00000000    -0.00024377   0.00000000
 -0.00024377   0.00000000    -0.00000000  -0.00214425    -0.00000000  -0.07280274
 -0.00609588   0.00000000    -0.00000000  -0.01549458    -0.00000000  -0.00214425
    6    5
  0.00151241  -0.00000000    -0.00000000  -0.00609588    -0.00000000   0.00024377
 -0.00000000  -0.00024377    -0.00214425  -0.00000000     0.07280274  -0.00000000
 -0.00000000   0.00609588     0.01549458  -0.00000000    -0.00214425   0.00000000
    6    6
  0.05319683   0.00000000     0.00000000  -0.00000000    -0.00000000   0.00114879
  0.00000000   0.00000000     0.07672533   0.00000000    -0.00000000  -0.00000000
 -0.00000000  -0.00114879     0.00000000   0.00000000     0.02997003  -0.00000000
    6    7
  0.00000000   0.00177817     0.00000000   0.00000000    -0.00331439   0.00000000
 -0.00000000   0.00000000    -0.00000000  -0.07247573    -0.00000000   0.00000000
 -0.00331439   0.00000000    -0.00000000   0.00000000    -0.00000000  -0.01230486
    7    1
  0.00000000  -0.02464273     0.00000000   0.00000000    -0.01627073  -0.00000000
  0.00000000   0.00000000     0.00000000  -0.00025093     0.00000000  -0.00000000
 -0.06040365  -0.00000000     0.00000000   0.00000000     0.00000000  -0.00170508
    7    2
 -0.02403019  -0.01028587    -0.00000000  -0.00000000     0.02144380   0.00184195
  0.00000000  -0.00000000    -0.00133709  -0.00082117     0.00000000  -0.00000000
  0.00979892  -0.00057985     0.00000000  -0.00000000    -0.00364156  -0.00289291
    7    3
  0.01028587   0.02403019    -0.00000000  -0.00000000     0.00184195   0.02144380
  0.00000000  -0.00000000     0.00082117   0.00133709     0.00000000  -0.00000000
 -0.00057985   0.00979892    -0.00000000  -0.00000000     0.00289291   0.00364156
    7    4
  0.00151241   0.00000000    -0.00000000   0.00609588    -0.00000000  -0.00024377
 -0.00000000   0.00024377    -0.00214425  -0.00000000     0.07280274   0.00000000
 -0.00000000  -0.00609588     0.01549458   0.00000000    -0.00214425   0.00000000
    7    5
  0.00000000  -0.00151241    -0.00609588  -0.00000000    -0.00024377  -0.00000000
 -0.00024377  -0.00000000    -0.00000000   0.00214425    -0.00000000   0.07280274
 -0.00609588  -0.00000000    -0.00000000   0.01549458    -0.00000000   0.00214425
    7    6
  0.00000000  -0.00177817     0.00000000  -0.00000000    -0.00331439  -0.00000000
 -0.00000000  -0.00000000    -0.00000000   0.07247573    -0.00000000  -0.00000000
 -0.00331439  -0.00000000    -0.00000000  -0.00000000    -0.00000000   0.01230486
    7    7
  0.05319683  -0.00000000     0.00000000   0.00000000    -0.00000000  -0.00114879
  0.00000000  -0.00000000     0.07672533  -0.00000000    -0.00000000   0.00000000
 -0.00000000   0.00114879     0.00000000   0.00000000     0.02997003   0.00000000

     Dynamical  Matrix in cartesian axes

     q = (   -0.000000000   0.433012700   0.000000000 ) 

    1    1
  0.03251539   0.00000000     0.00000000   0.00000000    -0.00000000   0.00000000
  0.00000000   0.00000000     0.34065851   0.00000000     0.00000000   0.00000000
  0.00000000   0.00000000     0.00000000   0.00000000     0.03251539   0.00000000
    1    2
  0.00170508   0.00000000     0.00000000   0.01627073     0.00000000  -0.00000000
  0.00000000   0.06040365     0.02464273  -0.00000000     0.00000000   0.00000000
  0.00000000   0.00000000     0.00000000  -0.00000000     0.00025093  -0.00000000
    1    3
  0.00000000  -0.00170508    -0.01627073  -0.00000000    -0.00000000   0.00000000
 -0.06040365  -0.00000000     0.00000000  -0.02464273    -0.00000000   0.00000000
 -0.00000000  -0.00000000     0.00000000  -0.00000000     0.00000000  -0.00025093
    1    4
 -0.01314123   0.00055772     0.00000000   0.00000000    -0.00000000  -0.00000000
  0.00000000   0.00000000    -0.00263805   0.00263805    -0.00000000  -0.00000000
 -0.00000000  -0.00000000    -0.00000000  -0.00000000    -0.00055772   0.01314123
    1    5
 -0.00055772   0.01314123     0.00000000   0.00000000     0.00000000   0.00000000
  0.00000000  -0.00000000    -0.00263805   0.00263805     0.00000000   0.00000000
  0.00000000   0.00000000     0.00000000   0.00000000    -0.01314123   0.00055772
    1    6
  0.00000000  -0.00025093     0.00000000   0.00000000     0.00000000   0.00000000
  0.00000000   0.00000000     0.00000000  -0.02464273    -0.06040365  -0.00000000
 -0.00000000  -0.00000000    -0.01627073  -0.00000000     0.00000000  -0.00170508
    1    7
  0.00025093  -0.00000000     0.00000000  -0.00000000     0.00000000   0.00000000
  0.00000000  -0.00000000     0.02464273  -0.00000000     0.00000000   0.06040365
