  1.000000000000000E-002   1.26045764302382        2.13065582614097     
          12

     Dynamical  Matrix in cartesian axes

     q = (   -0.866025404  -0.216506351  -0.216506351 ) 

    1    1
  0.01497652  -0.00000000     0.00000000   0.00000000    -0.00000000   0.00000000
  0.00000000   0.00000000     0.15715622  -0.00000000     0.01595875  -0.00000000
 -0.00000000   0.00000000     0.01595875  -0.00000000     0.15715622  -0.00000000
    1    2
  0.00000000  -0.00000000    -0.00467830   0.00467830    -0.00467830   0.00467830
 -0.02033926   0.02033926     0.00301260   0.00301260    -0.01976186  -0.01976186
 -0.02033926   0.02033926     0.01976186   0.01976186    -0.00301260  -0.00301260
    1    3
  0.00000000  -0.00000000    -0.00467830   0.00467830    -0.00467830   0.00467830
 -0.02033926   0.02033926    -0.00301260  -0.00301260     0.01976186   0.01976186
 -0.02033926   0.02033926    -0.01976186  -0.01976186     0.00301260   0.00301260
    1    4
 -0.00290817   0.00467324    -0.00000000  -0.00000000    -0.00000000   0.00000000
  0.00000000  -0.00000000    -0.02083606   0.01845158    -0.02685418  -0.01771689
 -0.00000000   0.00000000     0.04086727   0.05830755     0.01857297  -0.01771876
    1    5
 -0.00467324   0.00290817     0.00000000   0.00000000    -0.00000000   0.00000000
 -0.00000000  -0.00000000    -0.01845158   0.02083606     0.01771689   0.02685418
 -0.00000000   0.00000000    -0.05830755  -0.04086727     0.01771876  -0.01857297
    1    6
 -0.00467324   0.00290817    -0.00000000   0.00000000     0.00000000  -0.00000000
  0.00000000   0.00000000     0.01771876  -0.01857297    -0.05830755  -0.04086727
  0.00000000  -0.00000000     0.01771689   0.02685418    -0.01845158   0.02083606
    1    7
 -0.00290817   0.00467324    -0.00000000   0.00000000     0.00000000  -0.00000000
 -0.00000000  -0.00000000     0.01857297  -0.01771876     0.04086727   0.05830755
  0.00000000  -0.00000000    -0.02685418  -0.01771689    -0.02083606   0.01845158
    2    1
  0.00000000   0.00000000    -0.02033926  -0.02033926    -0.02033926  -0.02033926
 -0.00467830  -0.00467830     0.00301260  -0.00301260     0.01976186  -0.01976186
 -0.00467830  -0.00467830    -0.01976186   0.01976186    -0.00301260   0.00301260
    2    2
  0.01171637   0.00000000     0.00000000  -0.00480333    -0.00000000   0.00480333
  0.00000000   0.00480333     0.02672045   0.00000000     0.00229279   0.00000000
 -0.00000000  -0.00480333     0.00229279  -0.00000000     0.02672045  -0.00000000
    2    3
  0.00855753   0.00000000     0.00000000   0.00575841    -0.00000000  -0.00575841
  0.00000000   0.00575841     0.00231358  -0.00000000    -0.00436753   0.00000000
 -0.00000000  -0.00575841    -0.00436753   0.00000000     0.00231358   0.00000000
    2    4
  0.00068841   0.00048936     0.00724855  -0.01128579    -0.00356173   0.00508075
  0.01253893   0.00038730     0.01989168   0.00039859    -0.00134593  -0.00675210
 -0.00176625   0.00012314     0.00643423  -0.00729557     0.00589506   0.00028099
    2    5
 -0.00068841   0.00048936     0.00724855   0.01128579    -0.00356173  -0.00508075
  0.01253893  -0.00038730    -0.01989168   0.00039859     0.00134593  -0.00675210
 -0.00176625  -0.00012314    -0.00643423  -0.00729557    -0.00589506   0.00028099
    2    6
  0.00068841  -0.00048936    -0.00356173  -0.00508075     0.00724855   0.01128579
 -0.00176625  -0.00012314     0.00589506  -0.00028099     0.00643423   0.00729557
  0.01253893  -0.00038730    -0.00134593   0.00675210     0.01989168  -0.00039859
    2    7
 -0.00068841  -0.00048936    -0.00356173   0.00508075     0.00724855  -0.01128579
 -0.00176625   0.00012314    -0.00589506  -0.00028099    -0.00643423   0.00729557
  0.01253893   0.00038730     0.00134593   0.00675210    -0.01989168  -0.00039859
    3    1
  0.00000000   0.00000000    -0.02033926  -0.02033926    -0.02033926  -0.02033926
 -0.00467830  -0.00467830    -0.00301260   0.00301260    -0.01976186   0.01976186
 -0.00467830  -0.00467830     0.01976186  -0.01976186     0.00301260  -0.00301260
    3    2
  0.00855753   0.00000000     0.00000000  -0.00575841    -0.00000000   0.00575841
  0.00000000  -0.00575841     0.00231358   0.00000000    -0.00436753  -0.00000000
 -0.00000000   0.00575841    -0.00436753  -0.00000000     0.00231358   0.00000000
    3    3
  0.01171637  -0.00000000     0.00000000   0.00480333    -0.00000000  -0.00480333
  0.00000000  -0.00480333     0.02672045  -0.00000000     0.00229279   0.00000000
 -0.00000000   0.00480333     0.00229279   0.00000000     0.02672045   0.00000000
    3    4
 -0.00068841  -0.00048936     0.00724855  -0.01128579    -0.00356173   0.00508075
  0.01253893   0.00038730    -0.01989168  -0.00039859     0.00134593   0.00675210
 -0.00176625   0.00012314    -0.00643423   0.00729557    -0.00589506  -0.00028099
    3    5
  0.00068841  -0.00048936     0.00724855   0.01128579    -0.00356173  -0.00508075
  0.01253893  -0.00038730     0.01989168  -0.00039859    -0.00134593   0.00675210
 -0.00176625  -0.00012314     0.00643423   0.00729557     0.00589506  -0.00028099
    3    6
 -0.00068841   0.00048936    -0.00356173  -0.00508075     0.00724855   0.01128579
 -0.00176625  -0.00012314    -0.00589506   0.00028099    -0.00643423  -0.00729557
  0.01253893  -0.00038730     0.00134593  -0.00675210    -0.01989168   0.00039859
    3    7
  0.00068841   0.00048936    -0.00356173   0.00508075     0.00724855  -0.01128579
 -0.00176625   0.00012314     0.00589506   0.00028099     0.00643423  -0.00729557
  0.01253893   0.00038730    -0.00134593  -0.00675210     0.01989168   0.00039859
    4    1
 -0.00290817  -0.00467324     0.00000000  -0.00000000    -0.00000000  -0.00000000
 -0.00000000   0.00000000    -0.02083606  -0.01845158     0.04086727  -0.05830755
 -0.00000000  -0.00000000    -0.02685418   0.01771689     0.01857297   0.01771876
    4    2
  0.00068841  -0.00048936     0.01253893  -0.00038730    -0.00176625  -0.00012314
  0.00724855   0.01128579     0.01989168  -0.00039859     0.00643423   0.00729557
 -0.00356173  -0.00508075    -0.00134593   0.00675210     0.00589506  -0.00028099
    4    3
 -0.00068841   0.00048936     0.01253893  -0.00038730    -0.00176625  -0.00012314
  0.00724855   0.01128579    -0.01989168   0.00039859    -0.00643423  -0.00729557
 -0.00356173  -0.00508075     0.00134593  -0.00675210    -0.00589506   0.00028099
    4    4
  0.01372900   0.00000000    -0.00000000  -0.00000000    -0.00000000   0.00000000
  0.00000000   0.00000000     0.05533099   0.00000000    -0.00021224  -0.00816460
 -0.00000000   0.00000000    -0.00021224   0.00816460     0.03465769  -0.00000000
    4    5
  0.00980750  -0.00165089    -0.00000000   0.00000000    -0.00000000   0.00000000
  0.00000000   0.00000000    -0.03306021  -0.00125429    -0.00056435  -0.01803064
 -0.00000000  -0.00000000    -0.00056435  -0.01803064    -0.00074708   0.00723818
    4    6
 -0.00287631  -0.00069350    -0.00000000  -0.00000000    -0.00000000  -0.00000000
 -0.00000000  -0.00000000     0.01020011   0.00672822     0.01443133   0.02948212
 -0.00000000  -0.00000000    -0.00133244   0.02667459     0.01020011   0.00672822
    4    7
 -0.00187705   0.00000000     0.00000000  -0.00000000     0.00000000   0.00000000
  0.00000000  -0.00000000    -0.02410078   0.00520825    -0.00934120   0.00000000
  0.00000000   0.00000000     0.01240353  -0.00000000    -0.02410078  -0.00520825
    5    1
 -0.00467324  -0.00290817    -0.00000000   0.00000000    -0.00000000  -0.00000000
  0.00000000  -0.00000000    -0.01845158  -0.02083606    -0.05830755   0.04086727
 -0.00000000  -0.00000000     0.01771689  -0.02685418     0.01771876   0.01857297
    5    2
 -0.00068841  -0.00048936     0.01253893   0.00038730    -0.00176625   0.00012314
  0.00724855  -0.01128579    -0.01989168  -0.00039859    -0.00643423   0.00729557
 -0.00356173   0.00508075     0.00134593   0.00675210    -0.00589506  -0.00028099
    5    3
  0.00068841   0.00048936     0.01253893   0.00038730    -0.00176625   0.00012314
  0.00724855  -0.01128579     0.01989168   0.00039859     0.00643423  -0.00729557
 -0.00356173   0.00508075    -0.00134593  -0.00675210     0.00589506   0.00028099
    5    4
  0.00980750   0.00165089    -0.00000000  -0.00000000     0.00000000   0.00000000
  0.00000000  -0.00000000    -0.03306021   0.00125429    -0.00056435   0.01803064
  0.00000000   0.00000000    -0.00056435   0.01803064    -0.00074708  -0.00723818
    5    5
  0.01372900  -0.00000000     0.00000000   0.00000000    -0.00000000   0.00000000
  0.00000000  -0.00000000     0.05533099   0.00000000    -0.00021224   0.00816460
 -0.00000000   0.00000000    -0.00021224  -0.00816460     0.03465769  -0.00000000
    5    6
 -0.00187705  -0.00000000     0.00000000  -0.00000000     0.00000000  -0.00000000
  0.00000000   0.00000000    -0.02410078  -0.00520825    -0.00934120  -0.00000000
  0.00000000  -0.00000000     0.01240353   0.00000000    -0.02410078   0.00520825
    5    7
 -0.00287631   0.00069350     0.00000000   0.00000000    -0.00000000   0.00000000
 -0.00000000   0.00000000     0.01020011  -0.00672822     0.01443133  -0.02948212
 -0.00000000   0.00000000    -0.00133244  -0.02667459     0.01020011  -0.00672822
    6    1
 -0.00467324  -0.00290817     0.00000000  -0.00000000     0.00000000   0.00000000
  0.00000000  -0.00000000     0.01771876   0.01857297     0.01771689  -0.02685418
  0.00000000  -0.00000000    -0.05830755   0.04086727    -0.01845158  -0.02083606
    6    2
  0.00068841   0.00048936    -0.00176625   0.00012314     0.01253893   0.00038730
 -0.00356173   0.00508075     0.00589506   0.00028099    -0.00134593  -0.00675210
  0.00724855  -0.01128579     0.00643423  -0.00729557     0.01989168   0.00039859
    6    3
 -0.00068841  -0.00048936    -0.00176625   0.00012314     0.01253893   0.00038730
 -0.00356173   0.00508075    -0.00589506  -0.00028099     0.00134593   0.00675210
  0.00724855  -0.01128579    -0.00643423   0.00729557    -0.01989168  -0.00039859
    6    4
 -0.00287631   0.00069350    -0.00000000   0.00000000    -0.00000000   0.00000000
 -0.00000000   0.00000000     0.01020011  -0.00672822    -0.00133244  -0.02667459
 -0.00000000   0.00000000     0.01443133  -0.02948212     0.01020011  -0.00672822
    6    5
 -0.00187705   0.00000000     0.00000000  -0.00000000     0.00000000   0.00000000
 -0.00000000  -0.00000000    -0.02410078   0.00520825     0.01240353   0.00000000
  0.00000000   0.00000000    -0.00934120   0.00000000    -0.02410078  -0.00520825
    6    6
  0.01372900  -0.00000000     0.00000000  -0.00000000    -0.00000000   0.00000000
  0.00000000   0.00000000     0.03465769  -0.00000000    -0.00021224  -0.00816460
 -0.00000000   0.00000000    -0.00021224   0.00816460     0.05533099  -0.00000000
    6    7
  0.00980750   0.00165089    -0.00000000  -0.00000000     0.00000000  -0.00000000
 -0.00000000  -0.00000000    -0.00074708  -0.00723818    -0.00056435   0.01803064
  0.00000000  -0.00000000    -0.00056435   0.01803064    -0.03306021   0.00125429
    7    1
 -0.00290817  -0.00467324    -0.00000000   0.00000000     0.00000000   0.00000000
  0.00000000   0.00000000     0.01857297   0.01771876    -0.02685418   0.01771689
  0.00000000   0.00000000     0.04086727  -0.05830755    -0.02083606  -0.01845158
    7    2
 -0.00068841   0.00048936    -0.00176625  -0.00012314     0.01253893  -0.00038730
 -0.00356173  -0.00508075    -0.00589506   0.00028099     0.00134593  -0.00675210
  0.00724855   0.01128579    -0.00643423  -0.00729557    -0.01989168   0.00039859
    7    3
  0.00068841  -0.00048936    -0.00176625  -0.00012314     0.01253893  -0.00038730
 -0.00356173  -0.00508075     0.00589506  -0.00028099    -0.00134593   0.00675210
  0.00724855   0.01128579     0.00643423   0.00729557     0.01989168  -0.00039859
    7    4
 -0.00187705  -0.00000000     0.00000000   0.00000000     0.00000000  -0.00000000
  0.00000000   0.00000000    -0.02410078  -0.00520825     0.01240353   0.00000000
  0.00000000  -0.00000000    -0.00934120  -0.00000000    -0.02410078   0.00520825
    7    5
 -0.00287631  -0.00069350    -0.00000000  -0.00000000    -0.00000000   0.00000000
 -0.00000000  -0.00000000     0.01020011   0.00672822    -0.00133244   0.02667459
 -0.00000000   0.00000000     0.01443133   0.02948212     0.01020011   0.00672822
    7    6
  0.00980750  -0.00165089    -0.00000000   0.00000000     0.00000000   0.00000000
  0.00000000   0.00000000    -0.00074708   0.00723818    -0.00056435  -0.01803064
  0.00000000   0.00000000    -0.00056435  -0.01803064    -0.03306021  -0.00125429
    7    7
  0.01372900   0.00000000     0.00000000   0.00000000    -0.00000000   0.00000000
  0.00000000  -0.00000000     0.03465769   0.00000000    -0.00021224   0.00816460
 -0.00000000  -0.00000000    -0.00021224  -0.00816460     0.05533099   0.00000000

     Dynamical  Matrix in cartesian axes

     q = (   -0.216506351   0.866025404  -0.216506351 ) 

    1    1
  0.15715622  -0.00000000     0.00000000   0.00000000     0.01595875  -0.00000000
  0.00000000   0.00000000     0.01497652  -0.00000000    -0.00000000   0.00000000
  0.01595875  -0.00000000    -0.00000000   0.00000000     0.15715622  -0.00000000
    1    2
 -0.01845158   0.02083606     0.00000000  -0.00000000     0.01771689   0.02685418
  0.00000000   0.00000000    -0.00467324   0.00290817    -0.00000000   0.00000000
 -0.05830755  -0.04086727     0.00000000   0.00000000     0.01771876  -0.01857297
    1    3
 -0.02083606   0.01845158     0.00000000   0.00000000    -0.02685418  -0.01771689
 -0.00000000  -0.00000000    -0.00290817   0.00467324    -0.00000000   0.00000000
  0.04086727   0.05830755    -0.00000000   0.00000000     0.01857297  -0.01771876
    1    4
 -0.00301260  -0.00301260    -0.02033926   0.02033926     0.01976186   0.01976186
 -0.00467830   0.00467830     0.00000000  -0.00000000    -0.00467830   0.00467830
 -0.01976186  -0.01976186    -0.02033926   0.02033926     0.00301260   0.00301260
    1    5
  0.00301260   0.00301260    -0.02033926   0.02033926    -0.01976186  -0.01976186
 -0.00467830   0.00467830     0.00000000  -0.00000000    -0.00467830   0.00467830
  0.01976186   0.01976186    -0.02033926   0.02033926    -0.00301260  -0.00301260
    1    6
  0.01857297  -0.01771876    -0.00000000  -0.00000000     0.04086727   0.05830755
  0.00000000   0.00000000    -0.00290817   0.00467324     0.00000000  -0.00000000
 -0.02685418  -0.01771689     0.00000000  -0.00000000    -0.02083606   0.01845158
    1    7
  0.01771876  -0.01857297     0.00000000   0.00000000    -0.05830755  -0.04086727
  0.00000000   0.00000000    -0.00467324   0.00290817     0.00000000  -0.00000000
  0.01771689   0.02685418     0.00000000  -0.00000000    -0.01845158   0.02083606
    2    1
 -0.01845158  -0.02083606     0.00000000  -0.00000000    -0.05830755   0.04086727
 -0.00000000   0.00000000    -0.00467324  -0.00290817    -0.00000000  -0.00000000
  0.01771689  -0.02685418    -0.00000000  -0.00000000     0.01771876   0.01857297
    2    2
  0.05533099  -0.00000000     0.00000000  -0.00000000    -0.00021224   0.00816460
  0.00000000  -0.00000000     0.01372900  -0.00000000    -0.00000000  -0.00000000
 -0.00021224  -0.00816460    -0.00000000   0.00000000     0.03465769  -0.00000000
    2    3
 -0.03306021   0.00125429    -0.00000000  -0.00000000    -0.00056435   0.01803064
 -0.00000000  -0.00000000     0.00980750   0.00165089    -0.00000000  -0.00000000
 -0.00056435   0.01803064    -0.00000000   0.00000000    -0.00074708  -0.00723818
    2    4
  0.01989168   0.00039859     0.00724855  -0.01128579     0.00643423  -0.00729557
  0.01253893   0.00038730     0.00068841   0.00048936    -0.00176625   0.00012314
 -0.00134593  -0.00675210    -0.00356173   0.00508075     0.00589506   0.00028099
    2    5
 -0.01989168  -0.00039859     0.00724855  -0.01128579    -0.00643423   0.00729557
  0.01253893   0.00038730    -0.00068841  -0.00048936    -0.00176625   0.00012314
  0.00134593   0.00675210    -0.00356173   0.00508075    -0.00589506  -0.00028099
    2    6
  0.01020011  -0.00672822    -0.00000000   0.00000000     0.01443133  -0.02948212
  0.00000000   0.00000000    -0.00287631   0.00069350    -0.00000000   0.00000000
 -0.00133244  -0.02667459    -0.00000000   0.00000000     0.01020011  -0.00672822
    2    7
 -0.02410078  -0.00520825     0.00000000   0.00000000    -0.00934120   0.00000000
  0.00000000   0.00000000    -0.00187705   0.00000000     0.00000000  -0.00000000
  0.01240353  -0.00000000     0.00000000  -0.00000000    -0.02410078   0.00520825
    3    1
 -0.02083606  -0.01845158     0.00000000   0.00000000     0.04086727  -0.05830755
  0.00000000   0.00000000    -0.00290817  -0.00467324    -0.00000000  -0.00000000
 -0.02685418   0.01771689     0.00000000  -0.00000000     0.01857297   0.01771876
    3    2
 -0.03306021  -0.00125429    -0.00000000   0.00000000    -0.00056435  -0.01803064
 -0.00000000   0.00000000     0.00980750  -0.00165089    -0.00000000   0.00000000
 -0.00056435  -0.01803064     0.00000000   0.00000000    -0.00074708   0.00723818
    3    3
  0.05533099   0.00000000    -0.00000000  -0.00000000    -0.00021224  -0.00816460
  0.00000000  -0.00000000     0.01372900   0.00000000    -0.00000000   0.00000000
 -0.00021224   0.00816460    -0.00000000  -0.00000000     0.03465769  -0.00000000
    3    4
 -0.01989168   0.00039859     0.00724855   0.01128579    -0.00643423  -0.00729557
  0.01253893  -0.00038730    -0.00068841   0.00048936    -0.00176625  -0.00012314
  0.00134593  -0.00675210    -0.00356173  -0.00508075    -0.00589506   0.00028099
    3    5
  0.01989168  -0.00039859     0.00724855   0.01128579     0.00643423   0.00729557
  0.01253893  -0.00038730     0.00068841  -0.00048936    -0.00176625  -0.00012314
 -0.00134593   0.00675210    -0.00356173  -0.00508075     0.00589506  -0.00028099
    3    6
 -0.02410078   0.00520825     0.00000000  -0.00000000    -0.00934120   0.00000000
  0.00000000  -0.00000000    -0.00187705   0.00000000     0.00000000   0.00000000
  0.01240353  -0.00000000     0.00000000   0.00000000    -0.02410078  -0.00520825
    3    7
  0.01020011   0.00672822    -0.00000000  -0.00000000     0.01443133   0.02948212
  0.00000000  -0.00000000    -0.00287631  -0.00069350    -0.00000000  -0.00000000
 -0.00133244   0.02667459    -0.00000000  -0.00000000     0.01020011   0.00672822
    4    1
 -0.00301260   0.00301260    -0.00467830  -0.00467830    -0.01976186   0.01976186
 -0.02033926  -0.02033926     0.00000000   0.00000000    -0.02033926  -0.02033926
  0.01976186  -0.01976186    -0.00467830  -0.00467830     0.00301260  -0.00301260
    4    2
  0.01989168  -0.00039859     0.01253893  -0.00038730    -0.00134593   0.00675210
  0.00724855   0.01128579     0.00068841  -0.00048936    -0.00356173  -0.00508075
  0.00643423   0.00729557    -0.00176625  -0.00012314     0.00589506  -0.00028099
    4    3
 -0.01989168  -0.00039859     0.01253893   0.00038730     0.00134593   0.00675210
  0.00724855  -0.01128579    -0.00068841  -0.00048936    -0.00356173   0.00508075
 -0.00643423   0.00729557    -0.00176625   0.00012314    -0.00589506  -0.00028099
    4    4
  0.02672045  -0.00000000    -0.00000000  -0.00480333     0.00229279  -0.00000000
 -0.00000000   0.00480333     0.01171637  -0.00000000    -0.00000000  -0.00480333
  0.00229279   0.00000000    -0.00000000   0.00480333     0.02672045  -0.00000000
    4    5
  0.00231358   0.00000000    -0.00000000  -0.00575841    -0.00436753   0.00000000
 -0.00000000  -0.00575841     0.00855753  -0.00000000     0.00000000   0.00575841
 -0.00436753   0.00000000     0.00000000   0.00575841     0.00231358   0.00000000
    4    6
  0.00589506   0.00028099    -0.00176625   0.00012314     0.00643423  -0.00729557
 -0.00356173   0.00508075     0.00068841   0.00048936     0.00724855  -0.01128579
 -0.00134593  -0.00675210     0.01253893   0.00038730     0.01989168   0.00039859
    4    7
 -0.00589506   0.00028099    -0.00176625  -0.00012314    -0.00643423  -0.00729557
 -0.00356173  -0.00508075    -0.00068841   0.00048936     0.00724855   0.01128579
  0.00134593  -0.00675210     0.01253893  -0.00038730    -0.01989168   0.00039859
    5    1
  0.00301260  -0.00301260    -0.00467830  -0.00467830     0.01976186  -0.01976186
 -0.02033926  -0.02033926     0.00000000   0.00000000    -0.02033926  -0.02033926
 -0.01976186   0.01976186    -0.00467830  -0.00467830    -0.00301260   0.00301260
    5    2
 -0.01989168   0.00039859     0.01253893  -0.00038730     0.00134593  -0.00675210
  0.00724855   0.01128579    -0.00068841   0.00048936    -0.00356173  -0.00508075
 -0.00643423  -0.00729557    -0.00176625  -0.00012314    -0.00589506   0.00028099
    5    3
  0.01989168   0.00039859     0.01253893   0.00038730    -0.00134593  -0.00675210
  0.00724855  -0.01128579     0.00068841   0.00048936    -0.00356173   0.00508075
  0.00643423  -0.00729557    -0.00176625   0.00012314     0.00589506   0.00028099
    5    4
  0.00231358   0.00000000     0.00000000   0.00575841    -0.00436753  -0.00000000
 -0.00000000   0.00575841     0.00855753   0.00000000     0.00000000  -0.00575841
 -0.00436753  -0.00000000     0.00000000  -0.00575841     0.00231358   0.00000000
    5    5
  0.02672045   0.00000000    -0.00000000   0.00480333     0.00229279  -0.00000000
 -0.00000000  -0.00480333     0.01171637   0.00000000    -0.00000000   0.00480333
  0.00229279   0.00000000    -0.00000000  -0.00480333     0.02672045  -0.00000000
    5    6
 -0.00589506  -0.00028099    -0.00176625   0.00012314    -0.00643423   0.00729557
 -0.00356173   0.00508075    -0.00068841  -0.00048936     0.00724855  -0.01128579
  0.00134593   0.00675210     0.01253893   0.00038730    -0.01989168  -0.00039859
    5    7
  0.00589506  -0.00028099    -0.00176625  -0.00012314     0.00643423   0.00729557
 -0.00356173  -0.00508075     0.00068841  -0.00048936     0.00724855   0.01128579
 -0.00134593   0.00675210     0.01253893  -0.00038730     0.01989168  -0.00039859
    6    1
  0.01857297   0.01771876     0.00000000   0.00000000    -0.02685418   0.01771689
 -0.00000000   0.00000000    -0.00290817  -0.00467324     0.00000000   0.00000000
  0.04086727  -0.05830755     0.00000000   0.00000000    -0.02083606  -0.01845158
    6    2
  0.01020011   0.00672822    -0.00000000  -0.00000000    -0.00133244   0.02667459
 -0.00000000  -0.00000000    -0.00287631  -0.00069350    -0.00000000  -0.00000000
  0.01443133   0.02948212    -0.00000000  -0.00000000     0.01020011   0.00672822
    6    3
 -0.02410078  -0.00520825    -0.00000000   0.00000000     0.01240353   0.00000000
  0.00000000   0.00000000    -0.00187705  -0.00000000     0.00000000  -0.00000000
 -0.00934120  -0.00000000     0.00000000  -0.00000000    -0.02410078   0.00520825
    6    4
  0.00589506  -0.00028099    -0.00356173  -0.00508075    -0.00134593   0.00675210
 -0.00176625  -0.00012314     0.00068841  -0.00048936     0.01253893  -0.00038730
  0.00643423   0.00729557     0.00724855   0.01128579     0.01989168  -0.00039859
    6    5
 -0.00589506   0.00028099    -0.00356173  -0.00508075     0.00134593  -0.00675210
 -0.00176625  -0.00012314    -0.00068841   0.00048936     0.01253893  -0.00038730
 -0.00643423  -0.00729557     0.00724855   0.01128579    -0.01989168   0.00039859
    6    6
  0.03465769   0.00000000     0.00000000  -0.00000000    -0.00021224   0.00816460
  0.00000000   0.00000000     0.01372900   0.00000000    -0.00000000   0.00000000
 -0.00021224  -0.00816460    -0.00000000   0.00000000     0.05533099   0.00000000
    6    7
 -0.00074708   0.00723818     0.00000000   0.00000000    -0.00056435  -0.01803064
  0.00000000   0.00000000     0.00980750  -0.00165089     0.00000000   0.00000000
 -0.00056435  -0.01803064     0.00000000   0.00000000    -0.03306021  -0.00125429
    7    1
  0.01771876   0.01857297     0.00000000  -0.00000000     0.01771689  -0.02685418
 -0.00000000  -0.00000000    -0.00467324  -0.00290817     0.00000000   0.00000000
 -0.05830755   0.04086727     0.00000000   0.00000000    -0.01845158  -0.02083606
    7    2
 -0.02410078   0.00520825     0.00000000  -0.00000000     0.01240353   0.00000000
 -0.00000000  -0.00000000    -0.00187705  -0.00000000     0.00000000   0.00000000
 -0.00934120  -0.00000000     0.00000000   0.00000000    -0.02410078  -0.00520825
    7    3
  0.01020011  -0.00672822     0.00000000   0.00000000    -0.00133244  -0.02667459
 -0.00000000   0.00000000    -0.00287631   0.00069350    -0.00000000   0.00000000
  0.01443133  -0.02948212     0.00000000   0.00000000     0.01020011  -0.00672822
    7    4
 -0.00589506  -0.00028099    -0.00356173   0.00508075     0.00134593   0.00675210
 -0.00176625   0.00012314    -0.00068841  -0.00048936     0.01253893   0.00038730
 -0.00643423   0.00729557     0.00724855  -0.01128579    -0.01989168  -0.00039859
    7    5
  0.00589506   0.00028099    -0.00356173   0.00508075    -0.00134593  -0.00675210
 -0.00176625   0.00012314     0.00068841   0.00048936     0.01253893   0.00038730
  0.00643423  -0.00729557     0.00724855  -0.01128579     0.01989168   0.00039859
    7    6
 -0.00074708  -0.00723818     0.00000000  -0.00000000    -0.00056435   0.01803064
  0.00000000  -0.00000000     0.00980750   0.00165089     0.00000000   0.00000000
 -0.00056435   0.01803064     0.00000000   0.00000000    -0.03306021   0.00125429
    7    7
  0.03465769  -0.00000000     0.00000000   0.00000000    -0.00021224  -0.00816460
  0.00000000  -0.00000000     0.01372900  -0.00000000    -0.00000000  -0.00000000
 -0.00021224   0.00816460    -0.00000000   0.00000000     0.05533099   0.00000000

     Dynamical  Matrix in cartesian axes

     q = (    0.216506351   0.866025404  -0.216506351 ) 

    1    1
  0.15715622  -0.00000000     0.00000000  -0.00000000    -0.01595875   0.00000000
  0.00000000  -0.00000000     0.01497652  -0.00000000    -0.00000000   0.00000000
 -0.01595875   0.00000000    -0.00000000   0.00000000     0.15715622  -0.00000000
    1    2
  0.02083606  -0.01845158     0.00000000   0.00000000    -0.02685418  -0.01771689
 -0.00000000   0.00000000     0.00290817  -0.00467324     0.00000000   0.00000000
  0.04086727   0.05830755     0.00000000  -0.00000000    -0.01857297   0.01771876
    1    3
 -0.02083606  -0.01845158    -0.00000000   0.00000000     0.02685418  -0.01771689
  0.00000000   0.00000000    -0.00290817  -0.00467324    -0.00000000  -0.00000000
 -0.04086727   0.05830755    -0.00000000  -0.00000000     0.01857297   0.01771876
    1    4
 -0.00301260   0.00301260    -0.02033926  -0.02033926    -0.01976186   0.01976186
 -0.00467830  -0.00467830    -0.00000000  -0.00000000     0.00467830   0.00467830
  0.01976186  -0.01976186     0.02033926   0.02033926     0.00301260  -0.00301260
    1    5
  0.00301260   0.00301260     0.02033926  -0.02033926     0.01976186   0.01976186
  0.00467830  -0.00467830     0.00000000  -0.00000000    -0.00467830   0.00467830
 -0.01976186  -0.01976186    -0.02033926   0.02033926    -0.00301260  -0.00301260
    1    6
  0.01857297  -0.01771876     0.00000000   0.00000000    -0.04086727  -0.05830755
 -0.00000000  -0.00000000    -0.00290817   0.00467324     0.00000000  -0.00000000
  0.02685418   0.01771689     0.00000000  -0.00000000    -0.02083606   0.01845158
    1    7
 -0.01857297  -0.01771876     0.00000000   0.00000000     0.04086727  -0.05830755
  0.00000000  -0.00000000     0.00290817   0.00467324    -0.00000000  -0.00000000
 -0.02685418   0.01771689    -0.00000000  -0.00000000     0.02083606   0.01845158
    2    1
  0.02083606   0.01845158    -0.00000000   0.00000000     0.04086727  -0.05830755
  0.00000000  -0.00000000     0.00290817   0.00467324     0.00000000   0.00000000
 -0.02685418   0.01771689     0.00000000   0.00000000    -0.01857297  -0.01771876
    2    2
  0.05533099   0.00000000    -0.00000000  -0.00000000     0.00021224   0.00816460
 -0.00000000   0.00000000     0.01372900  -0.00000000    -0.00000000   0.00000000
  0.00021224  -0.00816460    -0.00000000   0.00000000     0.03465769  -0.00000000
    2    3
 -0.00125429   0.03306021    -0.00000000  -0.00000000     0.01803064  -0.00056435
 -0.00000000  -0.00000000    -0.00165089  -0.00980750     0.00000000   0.00000000
  0.01803064  -0.00056435     0.00000000  -0.00000000     0.00723818   0.00074708
    2    4
 -0.00039859  -0.01989168     0.01128579  -0.00724855    -0.00729557   0.00643423
 -0.00038730  -0.01253893    -0.00048936  -0.00068841     0.00012314  -0.00176625
 -0.00675210  -0.00134593     0.00508075  -0.00356173    -0.00028099  -0.00589506
    2    5
 -0.01989168   0.00039859     0.00724855   0.01128579     0.00643423   0.00729557
  0.01253893  -0.00038730    -0.00068841   0.00048936     0.00176625   0.00012314
 -0.00134593   0.00675210     0.00356173   0.00508075    -0.00589506   0.00028099
    2    6
  0.02410078  -0.00520825    -0.00000000   0.00000000    -0.00934120  -0.00000000
 -0.00000000   0.00000000     0.00187705   0.00000000    -0.00000000  -0.00000000
  0.01240353   0.00000000    -0.00000000  -0.00000000     0.02410078   0.00520825
    2    7
 -0.00672822   0.01020011    -0.00000000   0.00000000     0.02948212  -0.01443133
 -0.00000000   0.00000000     0.00069350  -0.00287631     0.00000000  -0.00000000
  0.02667459   0.00133244     0.00000000  -0.00000000    -0.00672822   0.01020011
    3    1
 -0.02083606   0.01845158     0.00000000   0.00000000    -0.04086727  -0.05830755
 -0.00000000  -0.00000000    -0.00290817   0.00467324    -0.00000000  -0.00000000
  0.02685418   0.01771689    -0.00000000   0.00000000     0.01857297  -0.01771876
    3    2
 -0.00125429  -0.03306021    -0.00000000   0.00000000     0.01803064   0.00056435
 -0.00000000   0.00000000    -0.00165089   0.00980750    -0.00000000  -0.00000000
  0.01803064   0.00056435    -0.00000000   0.00000000     0.00723818  -0.00074708
    3    3
  0.05533099   0.00000000     0.00000000   0.00000000     0.00021224  -0.00816460
  0.00000000  -0.00000000     0.01372900   0.00000000     0.00000000  -0.00000000
  0.00021224   0.00816460    -0.00000000   0.00000000     0.03465769  -0.00000000
    3    4
 -0.01989168  -0.00039859     0.00724855  -0.01128579     0.00643423  -0.00729557
  0.01253893   0.00038730    -0.00068841  -0.00048936     0.00176625  -0.00012314
 -0.00134593  -0.00675210     0.00356173  -0.00508075    -0.00589506  -0.00028099
    3    5
 -0.00039859   0.01989168     0.01128579   0.00724855    -0.00729557  -0.00643423
 -0.00038730   0.01253893    -0.00048936   0.00068841     0.00012314   0.00176625
 -0.00675210   0.00134593     0.00508075   0.00356173    -0.00028099   0.00589506
    3    6
 -0.00672822  -0.01020011    -0.00000000  -0.00000000     0.02948212   0.01443133
 -0.00000000  -0.00000000     0.00069350   0.00287631     0.00000000   0.00000000
  0.02667459  -0.00133244     0.00000000   0.00000000    -0.00672822  -0.01020011
    3    7
  0.02410078   0.00520825    -0.00000000  -0.00000000    -0.00934120   0.00000000
 -0.00000000   0.00000000     0.00187705  -0.00000000    -0.00000000   0.00000000
  0.01240353  -0.00000000    -0.00000000   0.00000000     0.02410078  -0.00520825
    4    1
 -0.00301260  -0.00301260    -0.00467830   0.00467830     0.01976186   0.01976186
 -0.02033926   0.02033926    -0.00000000   0.00000000     0.02033926  -0.02033926
 -0.01976186  -0.01976186     0.00467830  -0.00467830     0.00301260   0.00301260
    4    2
 -0.00039859   0.01989168    -0.00038730   0.01253893    -0.00675210   0.00134593
  0.01128579   0.00724855    -0.00048936   0.00068841     0.00508075   0.00356173
 -0.00729557  -0.00643423     0.00012314   0.00176625    -0.00028099   0.00589506
    4    3
 -0.01989168   0.00039859     0.01253893  -0.00038730    -0.00134593   0.00675210
  0.00724855   0.01128579    -0.00068841   0.00048936     0.00356173   0.00508075
  0.00643423   0.00729557     0.00176625   0.00012314    -0.00589506   0.00028099
    4    4
  0.02672045  -0.00000000     0.00000000   0.00480333    -0.00229279   0.00000000
  0.00000000  -0.00480333     0.01171637  -0.00000000    -0.00000000  -0.00480333
 -0.00229279   0.00000000    -0.00000000   0.00480333     0.02672045  -0.00000000
    4    5
  0.00000000   0.00231358    -0.00575841   0.00000000     0.00000000   0.00436753
 -0.00575841   0.00000000     0.00000000   0.00855753    -0.00575841   0.00000000
  0.00000000   0.00436753    -0.00575841   0.00000000     0.00000000   0.00231358
    4    6
 -0.00028099   0.00589506     0.00012314   0.00176625    -0.00729557  -0.00643423
  0.00508075   0.00356173    -0.00048936   0.00068841     0.01128579   0.00724855
 -0.00675210   0.00134593    -0.00038730   0.01253893    -0.00039859   0.01989168
    4    7
 -0.00589506   0.00028099     0.00176625   0.00012314     0.00643423   0.00729557
  0.00356173   0.00508075    -0.00068841   0.00048936     0.00724855   0.01128579
 -0.00134593   0.00675210     0.01253893  -0.00038730    -0.01989168   0.00039859
    5    1
  0.00301260  -0.00301260     0.00467830   0.00467830    -0.01976186   0.01976186
  0.02033926   0.02033926     0.00000000   0.00000000    -0.02033926  -0.02033926
  0.01976186  -0.01976186    -0.00467830  -0.00467830    -0.00301260   0.00301260
    5    2
 -0.01989168  -0.00039859     0.01253893   0.00038730    -0.00134593  -0.00675210
  0.00724855  -0.01128579    -0.00068841  -0.00048936     0.00356173  -0.00508075
  0.00643423  -0.00729557     0.00176625  -0.00012314    -0.00589506  -0.00028099
    5    3
 -0.00039859  -0.01989168    -0.00038730  -0.01253893    -0.00675210  -0.00134593
  0.01128579  -0.00724855    -0.00048936  -0.00068841     0.00508075  -0.00356173
 -0.00729557   0.00643423     0.00012314  -0.00176625    -0.00028099  -0.00589506
    5    4
  0.00000000  -0.00231358    -0.00575841  -0.00000000     0.00000000  -0.00436753
 -0.00575841  -0.00000000     0.00000000  -0.00855753    -0.00575841  -0.00000000
  0.00000000  -0.00436753    -0.00575841  -0.00000000     0.00000000  -0.00231358
    5    5
  0.02672045   0.00000000    -0.00000000  -0.00480333    -0.00229279   0.00000000
 -0.00000000   0.00480333     0.01171637  -0.00000000    -0.00000000   0.00480333
 -0.00229279   0.00000000    -0.00000000  -0.00480333     0.02672045   0.00000000
    5    6
 -0.00589506  -0.00028099     0.00176625  -0.00012314     0.00643423  -0.00729557
  0.00356173  -0.00508075    -0.00068841  -0.00048936     0.00724855  -0.01128579
 -0.00134593  -0.00675210     0.01253893   0.00038730    -0.01989168  -0.00039859
    5    7
 -0.00028099  -0.00589506     0.00012314  -0.00176625    -0.00729557   0.00643423
  0.00508075  -0.00356173    -0.00048936  -0.00068841     0.01128579  -0.00724855
 -0.00675210  -0.00134593    -0.00038730  -0.01253893    -0.00039859  -0.01989168
    6    1
  0.01857297   0.01771876    -0.00000000   0.00000000     0.02685418  -0.01771689
  0.00000000  -0.00000000    -0.00290817  -0.00467324     0.00000000   0.00000000
 -0.04086727   0.05830755     0.00000000   0.00000000    -0.02083606  -0.01845158
    6    2
  0.02410078   0.00520825     0.00000000  -0.00000000     0.01240353  -0.00000000
  0.00000000  -0.00000000     0.00187705  -0.00000000    -0.00000000   0.00000000
 -0.00934120   0.00000000    -0.00000000   0.00000000     0.02410078  -0.00520825
    6    3
 -0.00672822   0.01020011    -0.00000000  -0.00000000     0.02667459   0.00133244
 -0.00000000   0.00000000     0.00069350  -0.00287631    -0.00000000  -0.00000000
  0.02948212  -0.01443133     0.00000000  -0.00000000    -0.00672822   0.01020011
    6    4
 -0.00028099  -0.00589506     0.00508075  -0.00356173    -0.00675210  -0.00134593
  0.00012314  -0.00176625    -0.00048936  -0.00068841    -0.00038730  -0.01253893
 -0.00729557   0.00643423     0.01128579  -0.00724855    -0.00039859  -0.01989168
    6    5
 -0.00589506   0.00028099     0.00356173   0.00508075    -0.00134593   0.00675210
  0.00176625   0.00012314    -0.00068841   0.00048936     0.01253893  -0.00038730
  0.00643423   0.00729557     0.00724855   0.01128579    -0.01989168   0.00039859
    6    6
  0.03465769   0.00000000    -0.00000000   0.00000000     0.00021224  -0.00816460
  0.00000000  -0.00000000     0.01372900  -0.00000000    -0.00000000   0.00000000
  0.00021224   0.00816460    -0.00000000   0.00000000     0.05533099   0.00000000
    6    7
  0.00723818   0.00074708    -0.00000000   0.00000000     0.01803064  -0.00056435
 -0.00000000   0.00000000    -0.00165089  -0.00980750     0.00000000  -0.00000000
  0.01803064  -0.00056435    -0.00000000  -0.00000000    -0.00125429   0.03306021
    7    1
 -0.01857297   0.01771876     0.00000000  -0.00000000    -0.02685418  -0.01771689
  0.00000000  -0.00000000     0.00290817  -0.00467324    -0.00000000   0.00000000
  0.04086727   0.05830755    -0.00000000  -0.00000000     0.02083606  -0.01845158
    7    2
 -0.00672822  -0.01020011    -0.00000000   0.00000000     0.02667459  -0.00133244
 -0.00000000  -0.00000000     0.00069350   0.00287631     0.00000000   0.00000000
  0.02948212   0.01443133     0.00000000   0.00000000    -0.00672822  -0.01020011
    7    3
  0.02410078  -0.00520825    -0.00000000   0.00000000     0.01240353   0.00000000
 -0.00000000   0.00000000     0.00187705   0.00000000     0.00000000  -0.00000000
 -0.00934120  -0.00000000    -0.00000000  -0.00000000     0.02410078   0.00520825
    7    4
 -0.00589506  -0.00028099     0.00356173  -0.00508075    -0.00134593  -0.00675210
  0.00176625  -0.00012314    -0.00068841  -0.00048936     0.01253893   0.00038730
  0.00643423  -0.00729557     0.00724855  -0.01128579    -0.01989168  -0.00039859
    7    5
 -0.00028099   0.00589506     0.00508075   0.00356173    -0.00675210   0.00134593
  0.00012314   0.00176625    -0.00048936   0.00068841    -0.00038730   0.01253893
 -0.00729557  -0.00643423     0.01128579   0.00724855    -0.00039859   0.01989168
    7    6
  0.00723818  -0.00074708    -0.00000000   0.00000000     0.01803064   0.00056435
 -0.00000000   0.00000000    -0.00165089   0.00980750     0.00000000   0.00000000
  0.01803064   0.00056435     0.00000000   0.00000000    -0.00125429  -0.03306021
    7    7
  0.03465769   0.00000000     0.00000000  -0.00000000     0.00021224   0.00816460
  0.00000000   0.00000000     0.01372900   0.00000000    -0.00000000  -0.00000000
  0.00021224  -0.00816460    -0.00000000   0.00000000     0.05533099  -0.00000000

     Dynamical  Matrix in cartesian axes

     q = (    0.866025404   0.216506351  -0.216506351 ) 

    1    1
  0.01497652  -0.00000000     0.00000000  -0.00000000    -0.00000000   0.00000000
  0.00000000  -0.00000000     0.15715622  -0.00000000    -0.01595875   0.00000000
 -0.00000000   0.00000000    -0.01595875   0.00000000     0.15715622  -0.00000000
    1    2
 -0.00000000  -0.00000000     0.00467830  -0.00467830    -0.00467830   0.00467830
  0.02033926  -0.02033926     0.00301260   0.00301260     0.01976186   0.01976186
 -0.02033926   0.02033926    -0.01976186  -0.01976186    -0.00301260  -0.00301260
    1    3
  0.00000000  -0.00000000    -0.00467830  -0.00467830     0.00467830   0.00467830
 -0.02033926  -0.02033926    -0.00301260   0.00301260    -0.01976186   0.01976186
  0.02033926   0.02033926     0.01976186  -0.01976186     0.00301260  -0.00301260
    1    4
 -0.00290817  -0.00467324     0.00000000   0.00000000    -0.00000000   0.00000000
 -0.00000000   0.00000000    -0.02083606  -0.01845158     0.02685418  -0.01771689
 -0.00000000  -0.00000000    -0.04086727   0.05830755     0.01857297   0.01771876
    1    5
  0.00290817  -0.00467324    -0.00000000  -0.00000000     0.00000000  -0.00000000
  0.00000000   0.00000000     0.02083606  -0.01845158    -0.02685418  -0.01771689
  0.00000000  -0.00000000     0.04086727   0.05830755    -0.01857297   0.01771876
    1    6
  0.00290817   0.00467324     0.00000000   0.00000000    -0.00000000  -0.00000000
  0.00000000   0.00000000    -0.01857297  -0.01771876     0.04086727  -0.05830755
  0.00000000   0.00000000    -0.02685418   0.01771689     0.02083606   0.01845158
    1    7
 -0.00290817   0.00467324    -0.00000000  -0.00000000     0.00000000  -0.00000000
 -0.00000000   0.00000000     0.01857297  -0.01771876    -0.04086727  -0.05830755
