  4.000000000000000E-002   1.25994432394592        2.39890022168420     
           6

     Dynamical  Matrix in cartesian axes

     q = (    0.000000000   0.000000000   0.649519100 ) 

    1    1
  0.02910981   0.00000000     0.00000000   0.00000000    -0.00000000   0.00000000
  0.00000000   0.00000000     0.02910981   0.00000000    -0.00000000   0.00000000
 -0.00000000   0.00000000    -0.00000000   0.00000000     0.19795555   0.00000000
    1    2
 -0.00048593  -0.00048592     0.00000000  -0.00000000    -0.00452817   0.00452817
  0.00000000  -0.00000000    -0.00066915  -0.00066915     0.00000000   0.00000000
 -0.03384379   0.03384380     0.00000000   0.00000000    -0.01385930  -0.01385929
    1    3
  0.00068720  -0.00000000     0.00000000  -0.00000000     0.00000000   0.00640380
  0.00000000  -0.00000000     0.00094632  -0.00000000    -0.00000000  -0.00000000
  0.00000000   0.04786235    -0.00000000  -0.00000000     0.01960000  -0.00000000
    1    4
  0.00094632   0.00000000     0.00000000  -0.00000000    -0.00000000   0.00000000
  0.00000000  -0.00000000     0.00068720  -0.00000000     0.00000000   0.00640380
 -0.00000000  -0.00000000     0.00000000   0.04786235     0.01960000  -0.00000000
    1    5
 -0.00066915  -0.00066915     0.00000000  -0.00000000     0.00000000   0.00000000
  0.00000000  -0.00000000    -0.00048593  -0.00048592    -0.00452817   0.00452817
  0.00000000   0.00000000    -0.03384379   0.03384380    -0.01385930  -0.01385929
    1    6
 -0.00065999   0.00433332     0.00000000  -0.00000000    -0.00000000   0.00000000
  0.00000000   0.00000000    -0.00259744   0.00353080    -0.00000000   0.00000000
 -0.00000000   0.00000000    -0.00000000   0.00000000     0.01003192  -0.02421920
    1    7
 -0.00259744   0.00353080    -0.00000000  -0.00000000    -0.00000000   0.00000000
  0.00000000   0.00000000    -0.00065999   0.00433332    -0.00000000   0.00000000
 -0.00000000   0.00000000    -0.00000000   0.00000000     0.01003192  -0.02421920
    2    1
 -0.00048593   0.00048592     0.00000000   0.00000000    -0.03384379  -0.03384380
  0.00000000   0.00000000    -0.00066915   0.00066915     0.00000000  -0.00000000
 -0.00452817  -0.00452817     0.00000000  -0.00000000    -0.01385930   0.01385929
    2    2
  0.02567765   0.00000000    -0.00000000  -0.00000000    -0.00000000   0.00656335
 -0.00000000   0.00000000     0.06240953   0.00000000    -0.00000000   0.00000000
 -0.00000000  -0.00656335    -0.00000000  -0.00000000     0.03071946  -0.00000000
    2    3
  0.00807685  -0.00807685    -0.00000000   0.00000000    -0.00321564  -0.00321565
 -0.00000000   0.00000000     0.04032429  -0.04032427    -0.00000000   0.00000000
 -0.00321564  -0.00321565     0.00000000   0.00000000     0.00654785  -0.00654785
    2    4
  0.00120626  -0.00120626     0.00840229  -0.00840229    -0.00150126  -0.00150126
  0.04130070  -0.04130068     0.00120626  -0.00120626     0.00002657   0.00002657
  0.00002657   0.00002657    -0.00150126  -0.00150126    -0.00132528   0.00132528
    2    5
 -0.00170591  -0.00000000     0.01188263  -0.00000000    -0.00000000   0.00212310
  0.05840800  -0.00000000    -0.00170591   0.00000000     0.00000000   0.00003758
 -0.00000000  -0.00003758    -0.00000000  -0.00212310     0.00187424   0.00000000
    2    6
  0.00410054  -0.00085300    -0.00000000  -0.00000000    -0.00317610   0.00230588
 -0.00000000   0.00000000    -0.00080331   0.00066392    -0.00000000  -0.00000000
  0.01474188  -0.01587957    -0.00000000   0.00000000     0.00699788  -0.00193007
    2    7
 -0.00350268   0.00229636     0.00000000   0.00000000    -0.00387635   0.00061534
 -0.00000000   0.00000000     0.00103749  -0.00009856     0.00000000  -0.00000000
  0.02165264   0.00080447     0.00000000  -0.00000000    -0.00631302   0.00358348
    3    1
  0.00068720   0.00000000     0.00000000   0.00000000     0.00000000  -0.04786235
 -0.00000000   0.00000000     0.00094632   0.00000000    -0.00000000   0.00000000
  0.00000000  -0.00640380    -0.00000000   0.00000000     0.01960000   0.00000000
    3    2
  0.00807685   0.00807685    -0.00000000   0.00000000    -0.00321564   0.00321565
 -0.00000000  -0.00000000     0.04032429   0.04032427    -0.00000000  -0.00000000
 -0.00321564   0.00321565     0.00000000   0.00000000     0.00654785   0.00654785
    3    3
  0.02567765  -0.00000000    -0.00000000   0.00000000    -0.00000000  -0.00656335
 -0.00000000  -0.00000000     0.06240953  -0.00000000    -0.00000000  -0.00000000
 -0.00000000   0.00656335    -0.00000000   0.00000000     0.03071946   0.00000000
    3    4
 -0.00170591   0.00000000     0.01188263  -0.00000000    -0.00000000  -0.00212310
  0.05840800  -0.00000000    -0.00170591   0.00000000     0.00000000  -0.00003758
 -0.00000000   0.00003758    -0.00000000   0.00212310     0.00187424  -0.00000000
    3    5
  0.00120626   0.00120626     0.00840229   0.00840229    -0.00150126   0.00150126
  0.04130070   0.04130068     0.00120626   0.00120626     0.00002657  -0.00002657
  0.00002657  -0.00002657    -0.00150126   0.00150126    -0.00132528  -0.00132528
    3    6
 -0.00350268  -0.00229636     0.00000000  -0.00000000    -0.00387635  -0.00061534
 -0.00000000   0.00000000     0.00103749   0.00009856     0.00000000   0.00000000
  0.02165264  -0.00080447     0.00000000   0.00000000    -0.00631302  -0.00358348
    3    7
  0.00410054   0.00085300    -0.00000000  -0.00000000    -0.00317610  -0.00230588
 -0.00000000  -0.00000000    -0.00080331  -0.00066392    -0.00000000   0.00000000
  0.01474188   0.01587957    -0.00000000  -0.00000000     0.00699788   0.00193007
    4    1
  0.00094632   0.00000000     0.00000000   0.00000000    -0.00000000   0.00000000
  0.00000000   0.00000000     0.00068720   0.00000000     0.00000000  -0.04786235
 -0.00000000  -0.00000000     0.00000000  -0.00640380     0.01960000   0.00000000
    4    2
  0.00120626   0.00120626     0.04130070   0.04130068     0.00002657  -0.00002657
  0.00840229   0.00840229     0.00120626   0.00120626    -0.00150126   0.00150126
 -0.00150126   0.00150126     0.00002657  -0.00002657    -0.00132528  -0.00132528
    4    3
 -0.00170591  -0.00000000     0.05840800   0.00000000    -0.00000000  -0.00003758
  0.01188263   0.00000000    -0.00170591  -0.00000000    -0.00000000  -0.00212310
 -0.00000000   0.00212310    -0.00000000   0.00003758     0.00187424   0.00000000
    4    4
  0.06240953  -0.00000000     0.00000000  -0.00000000    -0.00000000  -0.00000000
  0.00000000   0.00000000     0.02567765  -0.00000000    -0.00000000  -0.00656335
  0.00000000   0.00000000    -0.00000000   0.00656335     0.03071946  -0.00000000
    4    5
  0.04032429   0.04032427     0.00000000  -0.00000000     0.00000000  -0.00000000
 -0.00000000  -0.00000000     0.00807685   0.00807685    -0.00321564   0.00321565
  0.00000000   0.00000000    -0.00321564   0.00321565     0.00654785   0.00654785
    4    6
 -0.00080331  -0.00066392    -0.00000000  -0.00000000    -0.00000000  -0.00000000
  0.00000000   0.00000000     0.00410054   0.00085300    -0.00317610  -0.00230588
 -0.00000000   0.00000000     0.01474188   0.01587957     0.00699788   0.00193007
    4    7
  0.00103749   0.00009856    -0.00000000   0.00000000     0.00000000   0.00000000
  0.00000000  -0.00000000    -0.00350268  -0.00229636    -0.00387635  -0.00061534
  0.00000000   0.00000000     0.02165264  -0.00080447    -0.00631302  -0.00358348
    5    1
 -0.00066915   0.00066915     0.00000000   0.00000000     0.00000000  -0.00000000
  0.00000000   0.00000000    -0.00048593   0.00048592    -0.03384379  -0.03384380
  0.00000000  -0.00000000    -0.00452817  -0.00452817    -0.01385930   0.01385929
    5    2
 -0.00170591  -0.00000000     0.05840800  -0.00000000    -0.00000000   0.00003758
  0.01188263  -0.00000000    -0.00170591  -0.00000000    -0.00000000   0.00212310
 -0.00000000  -0.00212310    -0.00000000  -0.00003758     0.00187424   0.00000000
    5    3
  0.00120626  -0.00120626     0.04130070  -0.04130068     0.00002657   0.00002657
  0.00840229  -0.00840229     0.00120626  -0.00120626    -0.00150126  -0.00150126
 -0.00150126  -0.00150126     0.00002657   0.00002657    -0.00132528   0.00132528
    5    4
  0.04032429  -0.04032427     0.00000000   0.00000000     0.00000000   0.00000000
 -0.00000000   0.00000000     0.00807685  -0.00807685    -0.00321564  -0.00321565
  0.00000000   0.00000000    -0.00321564  -0.00321565     0.00654785  -0.00654785
    5    5
  0.06240953   0.00000000     0.00000000   0.00000000    -0.00000000   0.00000000
  0.00000000  -0.00000000     0.02567765   0.00000000    -0.00000000   0.00656335
  0.00000000  -0.00000000    -0.00000000  -0.00656335     0.03071946   0.00000000
    5    6
  0.00103749  -0.00009856    -0.00000000   0.00000000     0.00000000  -0.00000000
  0.00000000   0.00000000    -0.00350268   0.00229636    -0.00387635   0.00061534
  0.00000000   0.00000000     0.02165264   0.00080447    -0.00631302   0.00358348
    5    7
 -0.00080331   0.00066392    -0.00000000   0.00000000     0.00000000   0.00000000
  0.00000000   0.00000000     0.00410054  -0.00085300    -0.00317610   0.00230588
 -0.00000000   0.00000000     0.01474188  -0.01587957     0.00699788  -0.00193007
    6    1
 -0.00065999  -0.00433332    -0.00000000   0.00000000    -0.00000000  -0.00000000
 -0.00000000   0.00000000    -0.00259744  -0.00353080    -0.00000000  -0.00000000
 -0.00000000  -0.00000000    -0.00000000  -0.00000000     0.01003192   0.02421920
    6    2
  0.00410054   0.00085300    -0.00000000  -0.00000000     0.01474188   0.01587957
 -0.00000000   0.00000000    -0.00080331  -0.00066392    -0.00000000   0.00000000
 -0.00317610  -0.00230588    -0.00000000   0.00000000     0.00699788   0.00193007
    6    3
 -0.00350268   0.00229636    -0.00000000  -0.00000000     0.02165264   0.00080447
 -0.00000000  -0.00000000     0.00103749  -0.00009856     0.00000000  -0.00000000
 -0.00387635   0.00061534     0.00000000  -0.00000000    -0.00631302   0.00358348
    6    4
 -0.00080331   0.00066392    -0.00000000  -0.00000000    -0.00000000  -0.00000000
 -0.00000000   0.00000000     0.00410054  -0.00085300     0.01474188  -0.01587957
 -0.00000000   0.00000000    -0.00317610   0.00230588     0.00699788  -0.00193007
    6    5
  0.00103749   0.00009856    -0.00000000   0.00000000     0.00000000   0.00000000
 -0.00000000   0.00000000    -0.00350268  -0.00229636     0.02165264  -0.00080447
  0.00000000   0.00000000    -0.00387635  -0.00061534    -0.00631302  -0.00358348
    6    6
  0.03170495   0.00000000     0.00000000  -0.00000000    -0.00000000   0.00000000
  0.00000000   0.00000000     0.03170495  -0.00000000    -0.00000000   0.00000000
 -0.00000000   0.00000000    -0.00000000   0.00000000     0.04933219   0.00000000
    6    7
  0.01342242   0.01692016     0.00000000   0.00000000    -0.00000000  -0.00000000
  0.00000000  -0.00000000     0.01342242  -0.01692016    -0.00000000  -0.00000000
 -0.00000000   0.00000000    -0.00000000   0.00000000     0.01616829  -0.00000000
    7    1
 -0.00259744  -0.00353080    -0.00000000   0.00000000    -0.00000000  -0.00000000
  0.00000000   0.00000000    -0.00065999  -0.00433332    -0.00000000  -0.00000000
 -0.00000000  -0.00000000    -0.00000000  -0.00000000     0.01003192   0.02421920
    7    2
 -0.00350268  -0.00229636    -0.00000000   0.00000000     0.02165264  -0.00080447
  0.00000000   0.00000000     0.00103749   0.00009856     0.00000000   0.00000000
 -0.00387635  -0.00061534     0.00000000   0.00000000    -0.00631302  -0.00358348
    7    3
  0.00410054  -0.00085300    -0.00000000   0.00000000     0.01474188  -0.01587957
 -0.00000000   0.00000000    -0.00080331   0.00066392    -0.00000000   0.00000000
 -0.00317610   0.00230588    -0.00000000   0.00000000     0.00699788  -0.00193007
    7    4
  0.00103749  -0.00009856    -0.00000000   0.00000000     0.00000000  -0.00000000
 -0.00000000   0.00000000    -0.00350268   0.00229636     0.02165264   0.00080447
  0.00000000  -0.00000000    -0.00387635   0.00061534    -0.00631302   0.00358348
    7    5
 -0.00080331  -0.00066392     0.00000000  -0.00000000    -0.00000000  -0.00000000
 -0.00000000  -0.00000000     0.00410054   0.00085300     0.01474188   0.01587957
 -0.00000000  -0.00000000    -0.00317610  -0.00230588     0.00699788   0.00193007
    7    6
  0.01342242  -0.01692016     0.00000000  -0.00000000    -0.00000000   0.00000000
  0.00000000   0.00000000     0.01342242   0.01692016    -0.00000000   0.00000000
 -0.00000000  -0.00000000    -0.00000000  -0.00000000     0.01616829   0.00000000
    7    7
  0.03170495  -0.00000000     0.00000000   0.00000000    -0.00000000   0.00000000
  0.00000000   0.00000000     0.03170495   0.00000000    -0.00000000   0.00000000
 -0.00000000   0.00000000    -0.00000000   0.00000000     0.04933219   0.00000000

     Dynamical  Matrix in cartesian axes

     q = (    0.649519100  -0.000000000   0.000000000 ) 

    1    1
  0.19795555   0.00000000     0.00000000   0.00000000     0.00000000   0.00000000
 -0.00000000   0.00000000     0.02910981   0.00000000     0.00000000   0.00000000
  0.00000000   0.00000000    -0.00000000   0.00000000     0.02910981   0.00000000
    1    2
  0.01003192  -0.02421920    -0.00000000   0.00000000    -0.00000000  -0.00000000
 -0.00000000  -0.00000000    -0.00065999   0.00433332    -0.00000000  -0.00000000
  0.00000000   0.00000000     0.00000000  -0.00000000    -0.00259744   0.00353080
    1    3
  0.01003192  -0.02421920    -0.00000000   0.00000000     0.00000000   0.00000000
  0.00000000  -0.00000000    -0.00259744   0.00353080     0.00000000   0.00000000
 -0.00000000  -0.00000000     0.00000000  -0.00000000    -0.00065999   0.00433332
    1    4
 -0.01385930  -0.01385929    -0.03384379   0.03384380     0.00000000   0.00000000
 -0.00452817   0.00452817    -0.00048593  -0.00048592    -0.00000000   0.00000000
  0.00000000   0.00000000     0.00000000   0.00000000    -0.00066915  -0.00066915
    1    5
  0.01960000  -0.00000000     0.00000000   0.04786235     0.00000000   0.00000000
  0.00000000   0.00640380     0.00068720  -0.00000000     0.00000000   0.00000000
 -0.00000000   0.00000000     0.00000000   0.00000000     0.00094632   0.00000000
    1    6
  0.01960000  -0.00000000     0.00000000  -0.00000000     0.00000000   0.04786235
 -0.00000000   0.00000000     0.00094632   0.00000000     0.00000000  -0.00000000
  0.00000000   0.00640380     0.00000000   0.00000000     0.00068720   0.00000000
    1    7
 -0.01385930  -0.01385929     0.00000000  -0.00000000    -0.03384379   0.03384380
  0.00000000  -0.00000000    -0.00066915  -0.00066915     0.00000000  -0.00000000
 -0.00452817   0.00452817    -0.00000000   0.00000000    -0.00048593  -0.00048592
    2    1
  0.01003192   0.02421920    -0.00000000   0.00000000     0.00000000   0.00000000
 -0.00000000   0.00000000    -0.00065999  -0.00433332     0.00000000   0.00000000
 -0.00000000   0.00000000     0.00000000   0.00000000    -0.00259744  -0.00353080
    2    2
  0.04933219  -0.00000000     0.00000000  -0.00000000    -0.00000000  -0.00000000
  0.00000000  -0.00000000     0.03170495   0.00000000    -0.00000000  -0.00000000
 -0.00000000  -0.00000000    -0.00000000  -0.00000000     0.03170495  -0.00000000
    2    3
  0.01616829   0.00000000     0.00000000  -0.00000000    -0.00000000   0.00000000
  0.00000000  -0.00000000     0.01342242   0.01692016    -0.00000000   0.00000000
 -0.00000000   0.00000000    -0.00000000   0.00000000     0.01342242  -0.01692016
    2    4
  0.00699788   0.00193007    -0.00317610  -0.00230588     0.00000000   0.00000000
  0.01474188   0.01587957     0.00410054   0.00085300     0.00000000   0.00000000
  0.00000000   0.00000000     0.00000000   0.00000000    -0.00080331  -0.00066392
    2    5
 -0.00631302   0.00358348    -0.00387635   0.00061534     0.00000000  -0.00000000
  0.02165264   0.00080447    -0.00350268   0.00229636     0.00000000   0.00000000
 -0.00000000  -0.00000000    -0.00000000  -0.00000000     0.00103749  -0.00009856
    2    6
  0.00699788  -0.00193007    -0.00000000  -0.00000000    -0.00317610   0.00230588
 -0.00000000   0.00000000    -0.00080331   0.00066392    -0.00000000  -0.00000000
  0.01474188  -0.01587957    -0.00000000   0.00000000     0.00410054  -0.00085300
    2    7
 -0.00631302  -0.00358348    -0.00000000   0.00000000    -0.00387635  -0.00061534
 -0.00000000   0.00000000     0.00103749   0.00009856     0.00000000   0.00000000
  0.02165264  -0.00080447    -0.00000000   0.00000000    -0.00350268  -0.00229636
    3    1
  0.01003192   0.02421920    -0.00000000  -0.00000000     0.00000000   0.00000000
 -0.00000000   0.00000000    -0.00259744  -0.00353080     0.00000000   0.00000000
 -0.00000000   0.00000000    -0.00000000   0.00000000    -0.00065999  -0.00433332
    3    2
  0.01616829  -0.00000000     0.00000000   0.00000000    -0.00000000  -0.00000000
  0.00000000   0.00000000     0.01342242  -0.01692016    -0.00000000  -0.00000000
 -0.00000000  -0.00000000    -0.00000000  -0.00000000     0.01342242   0.01692016
    3    3
  0.04933219   0.00000000     0.00000000   0.00000000    -0.00000000   0.00000000
  0.00000000   0.00000000     0.03170495  -0.00000000    -0.00000000   0.00000000
 -0.00000000   0.00000000    -0.00000000   0.00000000     0.03170495   0.00000000
    3    4
 -0.00631302  -0.00358348    -0.00387635  -0.00061534     0.00000000   0.00000000
  0.02165264  -0.00080447    -0.00350268  -0.00229636     0.00000000  -0.00000000
 -0.00000000   0.00000000    -0.00000000   0.00000000     0.00103749   0.00009856
    3    5
  0.00699788  -0.00193007    -0.00317610   0.00230588    -0.00000000   0.00000000
  0.01474188  -0.01587957     0.00410054  -0.00085300    -0.00000000   0.00000000
  0.00000000   0.00000000     0.00000000  -0.00000000    -0.00080331   0.00066392
    3    6
 -0.00631302   0.00358348    -0.00000000  -0.00000000    -0.00387635   0.00061534
 -0.00000000  -0.00000000     0.00103749  -0.00009856     0.00000000  -0.00000000
  0.02165264   0.00080447    -0.00000000  -0.00000000    -0.00350268   0.00229636
    3    7
  0.00699788   0.00193007    -0.00000000  -0.00000000    -0.00317610  -0.00230588
 -0.00000000  -0.00000000    -0.00080331  -0.00066392    -0.00000000   0.00000000
  0.01474188   0.01587957    -0.00000000  -0.00000000     0.00410054   0.00085300
    4    1
 -0.01385930   0.01385929    -0.00452817  -0.00452817     0.00000000   0.00000000
 -0.03384379  -0.03384380    -0.00048593   0.00048592    -0.00000000  -0.00000000
  0.00000000   0.00000000     0.00000000  -0.00000000    -0.00066915   0.00066915
    4    2
  0.00699788  -0.00193007     0.01474188  -0.01587957     0.00000000   0.00000000
 -0.00317610   0.00230588     0.00410054  -0.00085300     0.00000000   0.00000000
  0.00000000  -0.00000000     0.00000000  -0.00000000    -0.00080331   0.00066392
    4    3
 -0.00631302   0.00358348     0.02165264   0.00080447     0.00000000   0.00000000
 -0.00387635   0.00061534    -0.00350268   0.00229636     0.00000000   0.00000000
  0.00000000   0.00000000     0.00000000   0.00000000     0.00103749  -0.00009856
    4    4
  0.03071946  -0.00000000     0.00000000  -0.00656335    -0.00000000   0.00000000
  0.00000000   0.00656335     0.02567765  -0.00000000    -0.00000000   0.00000000
 -0.00000000   0.00000000    -0.00000000   0.00000000     0.06240953   0.00000000
    4    5
  0.00654785  -0.00654785    -0.00321564  -0.00321565    -0.00000000   0.00000000
 -0.00321564  -0.00321565     0.00807685  -0.00807685    -0.00000000   0.00000000
 -0.00000000   0.00000000    -0.00000000   0.00000000     0.04032429  -0.04032427
    4    6
 -0.00132528   0.00132528     0.00002657   0.00002657    -0.00150126  -0.00150126
 -0.00150126  -0.00150126     0.00120626  -0.00120626     0.00840229  -0.00840229
  0.00002657   0.00002657     0.04130070  -0.04130068     0.00120626  -0.00120626
    4    7
  0.00187424  -0.00000000    -0.00000000  -0.00003758     0.00000000  -0.00212310
  0.00000000   0.00212310    -0.00170591   0.00000000     0.01188263  -0.00000000
  0.00000000   0.00003758     0.05840800  -0.00000000    -0.00170591   0.00000000
    5    1
  0.01960000   0.00000000     0.00000000  -0.00640380     0.00000000   0.00000000
  0.00000000  -0.04786235     0.00068720   0.00000000     0.00000000   0.00000000
  0.00000000   0.00000000     0.00000000  -0.00000000     0.00094632   0.00000000
    5    2
 -0.00631302  -0.00358348     0.02165264  -0.00080447     0.00000000  -0.00000000
 -0.00387635  -0.00061534    -0.00350268  -0.00229636    -0.00000000  -0.00000000
  0.00000000  -0.00000000    -0.00000000   0.00000000     0.00103749   0.00009856
    5    3
  0.00699788   0.00193007     0.01474188   0.01587957     0.00000000   0.00000000
 -0.00317610  -0.00230588     0.00410054   0.00085300     0.00000000   0.00000000
 -0.00000000   0.00000000    -0.00000000   0.00000000    -0.00080331  -0.00066392
    5    4
  0.00654785   0.00654785    -0.00321564   0.00321565    -0.00000000  -0.00000000
 -0.00321564   0.00321565     0.00807685   0.00807685    -0.00000000  -0.00000000
 -0.00000000  -0.00000000    -0.00000000  -0.00000000     0.04032429   0.04032427
    5    5
  0.03071946   0.00000000     0.00000000   0.00656335    -0.00000000   0.00000000
  0.00000000  -0.00656335     0.02567765   0.00000000    -0.00000000   0.00000000
 -0.00000000   0.00000000    -0.00000000   0.00000000     0.06240953  -0.00000000
    5    6
  0.00187424   0.00000000    -0.00000000   0.00003758     0.00000000   0.00212310
  0.00000000  -0.00212310    -0.00170591  -0.00000000     0.01188263   0.00000000
  0.00000000  -0.00003758     0.05840800   0.00000000    -0.00170591  -0.00000000
    5    7
 -0.00132528  -0.00132528     0.00002657  -0.00002657    -0.00150126   0.00150126
 -0.00150126   0.00150126     0.00120626   0.00120626     0.00840229   0.00840229
  0.00002657  -0.00002657     0.04130070   0.04130068     0.00120626   0.00120626
    6    1
  0.01960000   0.00000000     0.00000000   0.00000000     0.00000000  -0.00640380
 -0.00000000   0.00000000     0.00094632   0.00000000     0.00000000   0.00000000
  0.00000000  -0.04786235    -0.00000000   0.00000000     0.00068720   0.00000000
    6    2
  0.00699788   0.00193007    -0.00000000  -0.00000000     0.01474188   0.01587957
 -0.00000000   0.00000000    -0.00080331  -0.00066392    -0.00000000   0.00000000
 -0.00317610  -0.00230588    -0.00000000   0.00000000     0.00410054   0.00085300
    6    3
 -0.00631302  -0.00358348    -0.00000000   0.00000000     0.02165264  -0.00080447
  0.00000000  -0.00000000     0.00103749   0.00009856     0.00000000   0.00000000
 -0.00387635  -0.00061534     0.00000000   0.00000000    -0.00350268  -0.00229636
    6    4
 -0.00132528  -0.00132528    -0.00150126   0.00150126     0.00002657  -0.00002657
  0.00002657  -0.00002657     0.00120626   0.00120626     0.04130070   0.04130068
 -0.00150126   0.00150126     0.00840229   0.00840229     0.00120626   0.00120626
    6    5
  0.00187424  -0.00000000    -0.00000000   0.00212310     0.00000000   0.00003758
 -0.00000000  -0.00003758    -0.00170591   0.00000000     0.05840800  -0.00000000
  0.00000000  -0.00212310     0.01188263  -0.00000000    -0.00170591   0.00000000
    6    6
  0.03071946  -0.00000000     0.00000000  -0.00000000     0.00000000   0.00656335
 -0.00000000  -0.00000000     0.06240953  -0.00000000    -0.00000000  -0.00000000
  0.00000000  -0.00656335    -0.00000000  -0.00000000     0.02567765  -0.00000000
    6    7
  0.00654785   0.00654785    -0.00000000  -0.00000000    -0.00321564   0.00321565
 -0.00000000   0.00000000     0.04032429   0.04032427     0.00000000   0.00000000
 -0.00321564   0.00321565     0.00000000   0.00000000     0.00807685   0.00807685
    7    1
 -0.01385930   0.01385929     0.00000000  -0.00000000    -0.00452817  -0.00452817
  0.00000000   0.00000000    -0.00066915   0.00066915     0.00000000  -0.00000000
 -0.03384379  -0.03384380     0.00000000  -0.00000000    -0.00048593   0.00048592
    7    2
 -0.00631302   0.00358348    -0.00000000   0.00000000     0.02165264   0.00080447
  0.00000000   0.00000000     0.00103749  -0.00009856     0.00000000  -0.00000000
 -0.00387635   0.00061534    -0.00000000  -0.00000000    -0.00350268   0.00229636
    7    3
  0.00699788  -0.00193007    -0.00000000   0.00000000     0.01474188  -0.01587957
  0.00000000   0.00000000    -0.00080331   0.00066392    -0.00000000   0.00000000
 -0.00317610   0.00230588    -0.00000000   0.00000000     0.00410054  -0.00085300
    7    4
  0.00187424   0.00000000    -0.00000000  -0.00212310     0.00000000  -0.00003758
 -0.00000000   0.00003758    -0.00170591  -0.00000000     0.05840800   0.00000000
  0.00000000   0.00212310     0.01188263   0.00000000    -0.00170591  -0.00000000
    7    5
 -0.00132528   0.00132528    -0.00150126  -0.00150126     0.00002657   0.00002657
  0.00002657   0.00002657     0.00120626  -0.00120626     0.04130070  -0.04130068
 -0.00150126  -0.00150126     0.00840229  -0.00840229     0.00120626  -0.00120626
    7    6
  0.00654785  -0.00654785    -0.00000000   0.00000000    -0.00321564  -0.00321565
 -0.00000000   0.00000000     0.04032429  -0.04032427     0.00000000  -0.00000000
 -0.00321564  -0.00321565     0.00000000   0.00000000     0.00807685  -0.00807685
    7    7
  0.03071946   0.00000000     0.00000000   0.00000000     0.00000000  -0.00656335
 -0.00000000   0.00000000     0.06240953   0.00000000    -0.00000000   0.00000000
  0.00000000   0.00656335    -0.00000000   0.00000000     0.02567765   0.00000000

     Dynamical  Matrix in cartesian axes

     q = (   -0.649519100  -0.000000000  -0.000000000 ) 

    1    1
  0.19795555   0.00000000    -0.00000000   0.00000000    -0.00000000   0.00000000
 -0.00000000   0.00000000     0.02910981   0.00000000    -0.00000000   0.00000000
  0.00000000   0.00000000     0.00000000   0.00000000     0.02910981   0.00000000
    1    2
  0.01003192   0.02421920    -0.00000000  -0.00000000     0.00000000   0.00000000
 -0.00000000   0.00000000    -0.00065999  -0.00433332     0.00000000   0.00000000
  0.00000000   0.00000000     0.00000000   0.00000000    -0.00259744  -0.00353080
    1    3
  0.01003192   0.02421920    -0.00000000   0.00000000     0.00000000   0.00000000
  0.00000000  -0.00000000    -0.00259744  -0.00353080     0.00000000   0.00000000
  0.00000000   0.00000000     0.00000000   0.00000000    -0.00065999  -0.00433332
    1    4
 -0.01385930   0.01385929    -0.03384379  -0.03384380    -0.00000000   0.00000000
 -0.00452817  -0.00452817    -0.00048593   0.00048592     0.00000000  -0.00000000
  0.00000000  -0.00000000     0.00000000  -0.00000000    -0.00066915   0.00066915
    1    5
  0.01960000   0.00000000     0.00000000  -0.04786235    -0.00000000  -0.00000000
  0.00000000  -0.00640380     0.00068720   0.00000000    -0.00000000   0.00000000
 -0.00000000   0.00000000    -0.00000000  -0.00000000     0.00094632   0.00000000
    1    6
  0.01960000   0.00000000    -0.00000000   0.00000000     0.00000000  -0.04786235
 -0.00000000   0.00000000     0.00094632   0.00000000     0.00000000   0.00000000
  0.00000000  -0.00640380    -0.00000000   0.00000000     0.00068720  -0.00000000
    1    7
 -0.01385930   0.01385929     0.00000000   0.00000000    -0.03384379  -0.03384380
  0.00000000  -0.00000000    -0.00066915   0.00066915     0.00000000  -0.00000000
 -0.00452817  -0.00452817    -0.00000000   0.00000000    -0.00048593   0.00048592
    2    1
  0.01003192  -0.02421920    -0.00000000   0.00000000     0.00000000  -0.00000000
 -0.00000000   0.00000000    -0.00065999   0.00433332    -0.00000000  -0.00000000
  0.00000000   0.00000000     0.00000000  -0.00000000    -0.00259744   0.00353080
    2    2
  0.04933219   0.00000000     0.00000000   0.00000000    -0.00000000  -0.00000000
  0.00000000   0.00000000     0.03170495  -0.00000000    -0.00000000  -0.00000000
 -0.00000000  -0.00000000    -0.00000000  -0.00000000     0.03170495   0.00000000
    2    3
  0.01616829   0.00000000    -0.00000000   0.00000000    -0.00000000  -0.00000000
 -0.00000000   0.00000000     0.01342242  -0.01692016    -0.00000000  -0.00000000
 -0.00000000  -0.00000000    -0.00000000  -0.00000000     0.01342242   0.01692016
    2    4
  0.00699788  -0.00193007    -0.00317610   0.00230588     0.00000000   0.00000000
  0.01474188  -0.01587957     0.00410054  -0.00085300     0.00000000   0.00000000
  0.00000000  -0.00000000     0.00000000  -0.00000000    -0.00080331   0.00066392
    2    5
 -0.00631302  -0.00358348    -0.00387635  -0.00061534    -0.00000000   0.00000000
  0.02165264  -0.00080447    -0.00350268  -0.00229636    -0.00000000  -0.00000000
 -0.00000000  -0.00000000    -0.00000000   0.00000000     0.00103749   0.00009856
    2    6
  0.00699788   0.00193007     0.00000000  -0.00000000    -0.00317610  -0.00230588
 -0.00000000  -0.00000000    -0.00080331  -0.00066392    -0.00000000  -0.00000000
  0.01474188   0.01587957     0.00000000  -0.00000000     0.00410054   0.00085300
    2    7
 -0.00631302   0.00358348    -0.00000000   0.00000000    -0.00387635   0.00061534
 -0.00000000   0.00000000     0.00103749  -0.00009856     0.00000000  -0.00000000
  0.02165264   0.00080447     0.00000000  -0.00000000    -0.00350268   0.00229636
    3    1
  0.01003192  -0.02421920    -0.00000000   0.00000000     0.00000000  -0.00000000
  0.00000000  -0.00000000    -0.00259744   0.00353080     0.00000000   0.00000000
 -0.00000000   0.00000000     0.00000000   0.00000000    -0.00065999   0.00433332
    3    2
  0.01616829  -0.00000000    -0.00000000  -0.00000000    -0.00000000   0.00000000
 -0.00000000  -0.00000000     0.01342242   0.01692016    -0.00000000   0.00000000
 -0.00000000   0.00000000    -0.00000000   0.00000000     0.01342242  -0.01692016
    3    3
  0.04933219   0.00000000     0.00000000  -0.00000000    -0.00000000   0.00000000
  0.00000000  -0.00000000     0.03170495   0.00000000    -0.00000000   0.00000000
 -0.00000000   0.00000000    -0.00000000   0.00000000     0.03170495  -0.00000000
    3    4
 -0.00631302   0.00358348    -0.00387635   0.00061534    -0.00000000  -0.00000000
  0.02165264   0.00080447    -0.00350268   0.00229636    -0.00000000  -0.00000000
 -0.00000000  -0.00000000    -0.00000000  -0.00000000     0.00103749  -0.00009856
    3    5
  0.00699788   0.00193007    -0.00317610  -0.00230588     0.00000000   0.00000000
  0.01474188   0.01587957     0.00410054   0.00085300     0.00000000   0.00000000
  0.00000000   0.00000000     0.00000000   0.00000000    -0.00080331  -0.00066392
    3    6
 -0.00631302  -0.00358348    -0.00000000   0.00000000    -0.00387635  -0.00061534
 -0.00000000   0.00000000     0.00103749   0.00009856     0.00000000   0.00000000
  0.02165264  -0.00080447     0.00000000   0.00000000    -0.00350268  -0.00229636
    3    7
  0.00699788  -0.00193007     0.00000000   0.00000000    -0.00317610   0.00230588
 -0.00000000   0.00000000    -0.00080331   0.00066392     0.00000000   0.00000000
  0.01474188  -0.01587957    -0.00000000   0.00000000     0.00410054  -0.00085300
    4    1
 -0.01385930  -0.01385929    -0.00452817   0.00452817    -0.00000000   0.00000000
 -0.03384379   0.03384380    -0.00048593  -0.00048592     0.00000000   0.00000000
  0.00000000  -0.00000000     0.00000000   0.00000000    -0.00066915  -0.00066915
    4    2
  0.00699788   0.00193007     0.01474188   0.01587957     0.00000000  -0.00000000
 -0.00317610  -0.00230588     0.00410054   0.00085300     0.00000000   0.00000000
  0.00000000  -0.00000000     0.00000000   0.00000000    -0.00080331  -0.00066392
    4    3
 -0.00631302  -0.00358348     0.02165264  -0.00080447    -0.00000000   0.00000000
 -0.00387635  -0.00061534    -0.00350268  -0.00229636    -0.00000000   0.00000000
  0.00000000   0.00000000    -0.00000000   0.00000000     0.00103749   0.00009856
    4    4
  0.03071946   0.00000000     0.00000000   0.00656335    -0.00000000   0.00000000
  0.00000000  -0.00656335     0.02567765   0.00000000    -0.00000000   0.00000000
 -0.00000000   0.00000000    -0.00000000   0.00000000     0.06240953  -0.00000000
    4    5
  0.00654785   0.00654785    -0.00321564   0.00321565    -0.00000000  -0.00000000
 -0.00321564   0.00321565     0.00807685   0.00807685    -0.00000000  -0.00000000
 -0.00000000  -0.00000000    -0.00000000  -0.00000000     0.04032429   0.04032427
    4    6
 -0.00132528  -0.00132528     0.00002657  -0.00002657    -0.00150126   0.00150126
 -0.00150126   0.00150126     0.00120626   0.00120626     0.00840229   0.00840229
  0.00002657  -0.00002657     0.04130070   0.04130068     0.00120626   0.00120626
    4    7
  0.00187424  -0.00000000    -0.00000000   0.00003758     0.00000000   0.00212310
 -0.00000000  -0.00212310    -0.00170591  -0.00000000     0.01188263  -0.00000000
 -0.00000000  -0.00003758     0.05840800  -0.00000000    -0.00170591   0.00000000
    5    1
  0.01960000  -0.00000000     0.00000000   0.00640380    -0.00000000   0.00000000
  0.00000000   0.04786235     0.00068720  -0.00000000     0.00000000   0.00000000
 -0.00000000  -0.00000000    -0.00000000   0.00000000     0.00094632   0.00000000
    5    2
 -0.00631302   0.00358348     0.02165264   0.00080447    -0.00000000   0.00000000
 -0.00387635   0.00061534    -0.00350268   0.00229636    -0.00000000   0.00000000
 -0.00000000   0.00000000    -0.00000000   0.00000000     0.00103749  -0.00009856
    5    3
  0.00699788  -0.00193007     0.01474188  -0.01587957    -0.00000000   0.00000000
 -0.00317610   0.00230588     0.00410054  -0.00085300    -0.00000000   0.00000000
  0.00000000   0.00000000     0.00000000  -0.00000000    -0.00080331   0.00066392
    5    4
  0.00654785  -0.00654785    -0.00321564  -0.00321565    -0.00000000   0.00000000
 -0.00321564  -0.00321565     0.00807685  -0.00807685    -0.00000000   0.00000000
 -0.00000000   0.00000000    -0.00000000   0.00000000     0.04032429  -0.04032427
    5    5
  0.03071946  -0.00000000     0.00000000  -0.00656335    -0.00000000   0.00000000
  0.00000000   0.00656335     0.02567765  -0.00000000    -0.00000000   0.00000000
 -0.00000000   0.00000000    -0.00000000   0.00000000     0.06240953   0.00000000
    5    6
  0.00187424   0.00000000    -0.00000000  -0.00003758     0.00000000  -0.00212310
 -0.00000000   0.00212310    -0.00170591  -0.00000000     0.01188263   0.00000000
 -0.00000000   0.00003758     0.05840800   0.00000000    -0.00170591  -0.00000000
    5    7
 -0.00132528   0.00132528     0.00002657   0.00002657    -0.00150126  -0.00150126
 -0.00150126  -0.00150126     0.00120626  -0.00120626     0.00840229  -0.00840229
  0.00002657   0.00002657     0.04130070  -0.04130068     0.00120626  -0.00120626
    6    1
  0.01960000  -0.00000000    -0.00000000   0.00000000     0.00000000   0.00640380
 -0.00000000  -0.00000000     0.00094632   0.00000000    -0.00000000   0.00000000
  0.00000000   0.04786235    -0.00000000   0.00000000     0.00068720  -0.00000000
    6    2
  0.00699788  -0.00193007    -0.00000000   0.00000000     0.01474188  -0.01587957
 -0.00000000   0.00000000    -0.00080331   0.00066392    -0.00000000   0.00000000
 -0.00317610   0.00230588    -0.00000000   0.00000000     0.00410054  -0.00085300
    6    3
 -0.00631302   0.00358348    -0.00000000   0.00000000     0.02165264   0.00080447
 -0.00000000  -0.00000000     0.00103749  -0.00009856     0.00000000  -0.00000000
 -0.00387635   0.00061534     0.00000000  -0.00000000    -0.00350268   0.00229636
    6    4
 -0.00132528   0.00132528    -0.00150126  -0.00150126     0.00002657   0.00002657
  0.00002657   0.00002657     0.00120626  -0.00120626     0.04130070  -0.04130068
 -0.00150126  -0.00150126     0.00840229  -0.00840229     0.00120626  -0.00120626
    6    5
  0.00187424  -0.00000000    -0.00000000  -0.00212310     0.00000000  -0.00003758
 -0.00000000   0.00003758    -0.00170591   0.00000000     0.05840800  -0.00000000
 -0.00000000   0.00212310     0.01188263  -0.00000000    -0.00170591   0.00000000
    6    6
  0.03071946   0.00000000     0.00000000   0.00000000    -0.00000000  -0.00656335
 -0.00000000  -0.00000000     0.06240953   0.00000000    -0.00000000  -0.00000000
  0.00000000   0.00656335    -0.00000000   0.00000000     0.02567765  -0.00000000
    6    7
  0.00654785  -0.00654785    -0.00000000   0.00000000    -0.00321564  -0.00321565
 -0.00000000   0.00000000     0.04032429  -0.04032427    -0.00000000   0.00000000
 -0.00321564  -0.00321565    -0.00000000   0.00000000     0.00807685  -0.00807685
    7    1
 -0.01385930  -0.01385929    -0.00000000   0.00000000    -0.00452817   0.00452817
  0.00000000  -0.00000000    -0.00066915  -0.00066915     0.00000000   0.00000000
 -0.03384379   0.03384380    -0.00000000   0.00000000    -0.00048593  -0.00048592
    7    2
 -0.00631302  -0.00358348    -0.00000000  -0.00000000     0.02165264  -0.00080447
 -0.00000000  -0.00000000     0.00103749   0.00009856     0.00000000  -0.00000000
 -0.00387635  -0.00061534     0.00000000  -0.00000000    -0.00350268  -0.00229636
    7    3
  0.00699788   0.00193007    -0.00000000  -0.00000000     0.01474188   0.01587957
 -0.00000000  -0.00000000    -0.00080331  -0.00066392    -0.00000000   0.00000000
 -0.00317610  -0.00230588    -0.00000000  -0.00000000     0.00410054   0.00085300
    7    4
  0.00187424   0.00000000    -0.00000000   0.00212310     0.00000000   0.00003758
 -0.00000000  -0.00003758    -0.00170591  -0.00000000     0.05840800   0.00000000
 -0.00000000  -0.00212310     0.01188263   0.00000000    -0.00170591  -0.00000000
    7    5
 -0.00132528  -0.00132528    -0.00150126   0.00150126     0.00002657  -0.00002657
  0.00002657  -0.00002657     0.00120626   0.00120626     0.04130070   0.04130068
 -0.00150126   0.00150126     0.00840229   0.00840229     0.00120626   0.00120626
    7    6
  0.00654785   0.00654785    -0.00000000   0.00000000    -0.00321564   0.00321565
 -0.00000000  -0.00000000     0.04032429   0.04032427    -0.00000000  -0.00000000
 -0.00321564   0.00321565    -0.00000000  -0.00000000     0.00807685   0.00807685
    7    7
  0.03071946  -0.00000000     0.00000000  -0.00000000    -0.00000000   0.00656335
 -0.00000000   0.00000000     0.06240953  -0.00000000    -0.00000000   0.00000000
  0.00000000  -0.00656335    -0.00000000  -0.00000000     0.02567765   0.00000000

     Dynamical  Matrix in cartesian axes

     q = (   -0.000000000   0.649519100   0.000000000 ) 

    1    1
  0.02910981   0.00000000    -0.00000000   0.00000000    -0.00000000   0.00000000
 -0.00000000   0.00000000     0.19795555   0.00000000     0.00000000   0.00000000
 -0.00000000   0.00000000    -0.00000000   0.00000000     0.02910981   0.00000000
    1    2
  0.00068720  -0.00000000     0.00000000   0.00640380     0.00000000   0.00000000
  0.00000000   0.04786235     0.01960000  -0.00000000     0.00000000   0.00000000
  0.00000000  -0.00000000     0.00000000   0.00000000     0.00094632   0.00000000
    1    3
 -0.00048593  -0.00048592    -0.00452817   0.00452817     0.00000000  -0.00000000
 -0.03384379   0.03384380    -0.01385930  -0.01385929     0.00000000   0.00000000
 -0.00000000  -0.00000000    -0.00000000   0.00000000    -0.00066915  -0.00066915
    1    4
 -0.00259744   0.00353080    -0.00000000   0.00000000     0.00000000  -0.00000000
 -0.00000000   0.00000000     0.01003192  -0.02421920     0.00000000   0.00000000
  0.00000000  -0.00000000     0.00000000   0.00000000    -0.00065999   0.00433332
    1    5
 -0.00065999   0.00433332    -0.00000000   0.00000000    -0.00000000   0.00000000
 -0.00000000   0.00000000     0.01003192  -0.02421920     0.00000000  -0.00000000
  0.00000000   0.00000000     0.00000000  -0.00000000    -0.00259744   0.00353080
    1    6
 -0.00066915  -0.00066915     0.00000000   0.00000000     0.00000000   0.00000000
  0.00000000  -0.00000000    -0.01385930  -0.01385929    -0.03384379   0.03384380
  0.00000000   0.00000000    -0.00452817   0.00452817    -0.00048593  -0.00048592
    1    7
  0.00094632   0.00000000    -0.00000000  -0.00000000     0.00000000   0.00000000
  0.00000000  -0.00000000     0.01960000  -0.00000000     0.00000000   0.04786235
