  4.000000000000000E-002   1.25994432394592        2.39890022168420     
          24

     Dynamical  Matrix in cartesian axes

     q = (    0.324759526   0.324759526   0.216506351 ) 

    1    1
  0.06621896   0.00000000     0.00699587   0.00000000     0.00368124   0.00000000
  0.00699587   0.00000000     0.06621896   0.00000000     0.00368124   0.00000000
  0.00368124   0.00000000     0.00368124   0.00000000     0.04437264   0.00000000
    1    2
 -0.01122278  -0.00340101     0.00992446  -0.00364249    -0.00738442  -0.00882309
 -0.00076164  -0.00504419     0.00837764   0.00445270    -0.00332145  -0.00723549
 -0.00762012   0.00275834     0.00596777  -0.00222451    -0.00655940   0.00343002
    1    3
  0.01122278  -0.00340101    -0.00992446  -0.00364249     0.00738442  -0.00882309
  0.00076164  -0.00504419    -0.00837764   0.00445270     0.00332145  -0.00723549
  0.00762012   0.00275834    -0.00596777  -0.00222451     0.00655940   0.00343002
    1    4
 -0.00837764   0.00445270     0.00076164  -0.00504419     0.00332145  -0.00723549
 -0.00992446  -0.00364249     0.01122278  -0.00340101     0.00738442  -0.00882309
 -0.00596777  -0.00222451     0.00762012   0.00275834     0.00655940   0.00343002
    1    5
  0.00837764   0.00445270    -0.00076164  -0.00504419    -0.00332145  -0.00723549
  0.00992446  -0.00364249    -0.01122278  -0.00340101    -0.00738442  -0.00882309
  0.00596777  -0.00222451    -0.00762012   0.00275834    -0.00655940   0.00343002
    1    6
  0.00492219   0.00854306     0.00056196  -0.00101409     0.00777859   0.01648526
 -0.00056196  -0.00101409    -0.00492219   0.00854306    -0.00777859   0.01648526
  0.00549771  -0.00361796    -0.00549771  -0.00361796    -0.00000000   0.00702695
    1    7
 -0.00492219   0.00854306    -0.00056196  -0.00101409    -0.00777859   0.01648526
  0.00056196  -0.00101409     0.00492219   0.00854306     0.00777859   0.01648526
 -0.00549771  -0.00361796     0.00549771  -0.00361796    -0.00000000   0.00702695
    2    1
 -0.01122278   0.00340101    -0.00076164   0.00504419    -0.00762012  -0.00275834
  0.00992446   0.00364249     0.00837764  -0.00445270     0.00596777   0.00222451
 -0.00738442   0.00882309    -0.00332145   0.00723549    -0.00655940  -0.00343002
    2    2
  0.06095692  -0.00000000     0.00057249   0.00133625     0.00646170  -0.00138663
  0.00057249  -0.00133625     0.04819615  -0.00000000     0.00684930  -0.00200739
  0.00646170   0.00138663     0.00684930   0.00200739     0.04018887  -0.00000000
    2    3
  0.01427077  -0.01065806     0.00532314  -0.00743682     0.00695931   0.00435911
  0.00532314  -0.00743682    -0.01133846   0.01497407    -0.00784764   0.00415780
  0.00695931   0.00435911    -0.00784764   0.00415780    -0.01980061  -0.00422494
    2    4
  0.00322179   0.01420300    -0.00237711   0.02929634     0.00687878   0.00460867
 -0.00837689   0.03087318     0.00322179   0.01420300    -0.00594902   0.00617894
 -0.00594902   0.00617894     0.00687878   0.00460867     0.01679705   0.01237923
    2    5
 -0.02353813  -0.00466227     0.00738555   0.00000000     0.00710333  -0.00392033
  0.02723749  -0.00000000    -0.02353813   0.00466227     0.00500724  -0.00540588
  0.00500724   0.00540588     0.00710333   0.00392033    -0.00868375   0.00000000
    2    6
 -0.01096271  -0.00741012    -0.00489578  -0.00415887    -0.02620740  -0.01741977
 -0.01159726   0.00140553     0.01134294  -0.01075834    -0.00570748  -0.00322202
 -0.02619139  -0.01719939    -0.01451150  -0.00070758    -0.01205159  -0.00864134
    2    7
 -0.02083832   0.00602731     0.00301545  -0.00369637    -0.00622543   0.00415394
  0.00561607  -0.00747171    -0.00737903   0.00188948     0.00427383   0.00377470
  0.02304032  -0.00270026     0.00779768   0.00575022    -0.01415219  -0.00907998
    3    1
  0.01122278   0.00340101     0.00076164   0.00504419     0.00762012  -0.00275834
 -0.00992446   0.00364249    -0.00837764  -0.00445270    -0.00596777   0.00222451
  0.00738442   0.00882309     0.00332145   0.00723549     0.00655940  -0.00343002
    3    2
  0.01427077   0.01065806     0.00532314   0.00743682     0.00695931  -0.00435911
  0.00532314   0.00743682    -0.01133846  -0.01497407    -0.00784764  -0.00415780
  0.00695931  -0.00435911    -0.00784764  -0.00415780    -0.01980061   0.00422494
    3    3
  0.06095692   0.00000000     0.00057249  -0.00133625     0.00646170   0.00138663
  0.00057249   0.00133625     0.04819615   0.00000000     0.00684930   0.00200739
  0.00646170  -0.00138663     0.00684930  -0.00200739     0.04018887   0.00000000
    3    4
 -0.02353813   0.00466227     0.00738555  -0.00000000     0.00710333   0.00392033
  0.02723749  -0.00000000    -0.02353813  -0.00466227     0.00500724   0.00540588
  0.00500724  -0.00540588     0.00710333  -0.00392033    -0.00868375   0.00000000
    3    5
  0.00322179  -0.01420300    -0.00237711  -0.02929634     0.00687878  -0.00460867
 -0.00837689  -0.03087318     0.00322179  -0.01420300    -0.00594902  -0.00617894
 -0.00594902  -0.00617894     0.00687878  -0.00460867     0.01679705  -0.01237923
    3    6
 -0.02083832  -0.00602731     0.00301545   0.00369637    -0.00622543  -0.00415394
  0.00561607   0.00747171    -0.00737903  -0.00188948     0.00427383  -0.00377470
  0.02304032   0.00270026     0.00779768  -0.00575022    -0.01415219   0.00907998
    3    7
 -0.01096271   0.00741012    -0.00489578   0.00415887    -0.02620740   0.01741977
 -0.01159726  -0.00140553     0.01134294   0.01075834    -0.00570748   0.00322202
 -0.02619139   0.01719939    -0.01451150   0.00070758    -0.01205159   0.00864134
    4    1
 -0.00837764  -0.00445270    -0.00992446   0.00364249    -0.00596777   0.00222451
  0.00076164   0.00504419     0.01122278   0.00340101     0.00762012  -0.00275834
  0.00332145   0.00723549     0.00738442   0.00882309     0.00655940  -0.00343002
    4    2
  0.00322179  -0.01420300    -0.00837689  -0.03087318    -0.00594902  -0.00617894
 -0.00237711  -0.02929634     0.00322179  -0.01420300     0.00687878  -0.00460867
  0.00687878  -0.00460867    -0.00594902  -0.00617894     0.01679705  -0.01237923
    4    3
 -0.02353813  -0.00466227     0.02723749   0.00000000     0.00500724   0.00540588
  0.00738555   0.00000000    -0.02353813   0.00466227     0.00710333   0.00392033
  0.00710333  -0.00392033     0.00500724  -0.00540588    -0.00868375  -0.00000000
    4    4
  0.04819615   0.00000000     0.00057249   0.00133625     0.00684930   0.00200739
  0.00057249  -0.00133625     0.06095692   0.00000000     0.00646170   0.00138663
  0.00684930  -0.00200739     0.00646170  -0.00138663     0.04018887   0.00000000
    4    5
 -0.01133846  -0.01497407     0.00532314   0.00743682    -0.00784764  -0.00415780
  0.00532314   0.00743682     0.01427077   0.01065806     0.00695931  -0.00435911
 -0.00784764  -0.00415780     0.00695931  -0.00435911    -0.01980061   0.00422494
    4    6
  0.01134294   0.01075834    -0.01159726  -0.00140553    -0.00570748   0.00322202
 -0.00489578   0.00415887    -0.01096271   0.00741012    -0.02620740   0.01741977
 -0.01451150   0.00070758    -0.02619139   0.01719939    -0.01205159   0.00864134
    4    7
 -0.00737903  -0.00188948     0.00561607   0.00747171     0.00427383  -0.00377470
  0.00301545   0.00369637    -0.02083832  -0.00602731    -0.00622543  -0.00415394
  0.00779768  -0.00575022     0.02304032   0.00270026    -0.01415219   0.00907998
    5    1
  0.00837764  -0.00445270     0.00992446   0.00364249     0.00596777   0.00222451
 -0.00076164   0.00504419    -0.01122278   0.00340101    -0.00762012  -0.00275834
 -0.00332145   0.00723549    -0.00738442   0.00882309    -0.00655940  -0.00343002
    5    2
 -0.02353813   0.00466227     0.02723749  -0.00000000     0.00500724  -0.00540588
  0.00738555   0.00000000    -0.02353813  -0.00466227     0.00710333  -0.00392033
  0.00710333   0.00392033     0.00500724   0.00540588    -0.00868375   0.00000000
    5    3
  0.00322179   0.01420300    -0.00837689   0.03087318    -0.00594902   0.00617894
 -0.00237711   0.02929634     0.00322179   0.01420300     0.00687878   0.00460867
  0.00687878   0.00460867    -0.00594902   0.00617894     0.01679705   0.01237923
    5    4
 -0.01133846   0.01497407     0.00532314  -0.00743682    -0.00784764   0.00415780
  0.00532314  -0.00743682     0.01427077  -0.01065806     0.00695931   0.00435911
 -0.00784764   0.00415780     0.00695931   0.00435911    -0.01980061  -0.00422494
    5    5
  0.04819615  -0.00000000     0.00057249  -0.00133625     0.00684930  -0.00200739
  0.00057249   0.00133625     0.06095692  -0.00000000     0.00646170  -0.00138663
  0.00684930   0.00200739     0.00646170   0.00138663     0.04018887  -0.00000000
    5    6
 -0.00737903   0.00188948     0.00561607  -0.00747171     0.00427383   0.00377470
  0.00301545  -0.00369637    -0.02083832   0.00602731    -0.00622543   0.00415394
  0.00779768   0.00575022     0.02304032  -0.00270026    -0.01415219  -0.00907998
    5    7
  0.01134294  -0.01075834    -0.01159726   0.00140553    -0.00570748  -0.00322202
 -0.00489578  -0.00415887    -0.01096271  -0.00741012    -0.02620740  -0.01741977
 -0.01451150  -0.00070758    -0.02619139  -0.01719939    -0.01205159  -0.00864134
    6    1
  0.00492219  -0.00854306    -0.00056196   0.00101409     0.00549771   0.00361796
  0.00056196   0.00101409    -0.00492219  -0.00854306    -0.00549771   0.00361796
  0.00777859  -0.01648526    -0.00777859  -0.01648526    -0.00000000  -0.00702695
    6    2
 -0.01096271   0.00741012    -0.01159726  -0.00140553    -0.02619139   0.01719939
 -0.00489578   0.00415887     0.01134294   0.01075834    -0.01451150   0.00070758
 -0.02620740   0.01741977    -0.00570748   0.00322202    -0.01205159   0.00864134
    6    3
 -0.02083832   0.00602731     0.00561607  -0.00747171     0.02304032  -0.00270026
  0.00301545  -0.00369637    -0.00737903   0.00188948     0.00779768   0.00575022
 -0.00622543   0.00415394     0.00427383   0.00377470    -0.01415219  -0.00907998
    6    4
  0.01134294  -0.01075834    -0.00489578  -0.00415887    -0.01451150  -0.00070758
 -0.01159726   0.00140553    -0.01096271  -0.00741012    -0.02619139  -0.01719939
 -0.00570748  -0.00322202    -0.02620740  -0.01741977    -0.01205159  -0.00864134
    6    5
 -0.00737903  -0.00188948     0.00301545   0.00369637     0.00779768  -0.00575022
  0.00561607   0.00747171    -0.02083832  -0.00602731     0.02304032   0.00270026
  0.00427383  -0.00377470    -0.00622543  -0.00415394    -0.01415219   0.00907998
    6    6
  0.04636174  -0.00000000     0.00665999  -0.00099844     0.00586974  -0.00006790
  0.00665999   0.00099844     0.04636174   0.00000000     0.00586974   0.00006790
  0.00586974   0.00006790     0.00586974  -0.00006790     0.04674483   0.00000000
    6    7
 -0.01613188   0.00694431    -0.01076876  -0.00000000     0.00596023  -0.00425299
 -0.01076876   0.00000000    -0.01613188  -0.00694431     0.00596023   0.00425299
  0.00596023  -0.00425299     0.00596023   0.00425299     0.02086362   0.00000000
    7    1
 -0.00492219  -0.00854306     0.00056196   0.00101409    -0.00549771   0.00361796
 -0.00056196   0.00101409     0.00492219  -0.00854306     0.00549771   0.00361796
 -0.00777859  -0.01648526     0.00777859  -0.01648526    -0.00000000  -0.00702695
    7    2
 -0.02083832  -0.00602731     0.00561607   0.00747171     0.02304032   0.00270026
  0.00301545   0.00369637    -0.00737903  -0.00188948     0.00779768  -0.00575022
 -0.00622543  -0.00415394     0.00427383  -0.00377470    -0.01415219   0.00907998
    7    3
 -0.01096271  -0.00741012    -0.01159726   0.00140553    -0.02619139  -0.01719939
 -0.00489578  -0.00415887     0.01134294  -0.01075834    -0.01451150  -0.00070758
 -0.02620740  -0.01741977    -0.00570748  -0.00322202    -0.01205159  -0.00864134
    7    4
 -0.00737903   0.00188948     0.00301545  -0.00369637     0.00779768   0.00575022
  0.00561607  -0.00747171    -0.02083832   0.00602731     0.02304032  -0.00270026
  0.00427383   0.00377470    -0.00622543   0.00415394    -0.01415219  -0.00907998
    7    5
  0.01134294   0.01075834    -0.00489578   0.00415887    -0.01451150   0.00070758
 -0.01159726  -0.00140553    -0.01096271   0.00741012    -0.02619139   0.01719939
 -0.00570748   0.00322202    -0.02620740   0.01741977    -0.01205159   0.00864134
    7    6
 -0.01613188  -0.00694431    -0.01076876   0.00000000     0.00596023   0.00425299
 -0.01076876  -0.00000000    -0.01613188   0.00694431     0.00596023  -0.00425299
  0.00596023   0.00425299     0.00596023  -0.00425299     0.02086362   0.00000000
    7    7
  0.04636174   0.00000000     0.00665999   0.00099844     0.00586974   0.00006790
  0.00665999  -0.00099844     0.04636174  -0.00000000     0.00586974  -0.00006790
  0.00586974  -0.00006790     0.00586974   0.00006790     0.04674483  -0.00000000

     Dynamical  Matrix in cartesian axes

     q = (   -0.324759526   0.216506351   0.324759526 ) 

    1    1
  0.06621896   0.00000000    -0.00368124   0.00000000    -0.00699587   0.00000000
 -0.00368124   0.00000000     0.04437264   0.00000000     0.00368124   0.00000000
 -0.00699587   0.00000000     0.00368124   0.00000000     0.06621896   0.00000000
    1    2
 -0.00553083  -0.01034059    -0.00101729   0.01146044    -0.00959328  -0.00444202
  0.00733868   0.00343780    -0.00706359  -0.00221281     0.00579282   0.00264689
 -0.00302822   0.00410534     0.00276764  -0.00746489     0.00277536   0.00907242
    1    3
  0.00340101   0.01122278    -0.00882309  -0.00738442    -0.00364249   0.00992446
  0.00275834  -0.00762012    -0.00343002   0.00655940     0.00222451  -0.00596777
 -0.00504419  -0.00076164     0.00723549   0.00332145    -0.00445270  -0.00837764
    1    4
 -0.00256034  -0.00952138     0.00615654   0.01715714    -0.00111444  -0.00031970
 -0.00644575   0.00132918    -0.00496880  -0.00496880    -0.00132918   0.00644575
 -0.00031970  -0.00111444    -0.01715714  -0.00615654    -0.00952138  -0.00256034
    1    5
  0.00492219   0.00854306    -0.00777859  -0.01648526    -0.00056196   0.00101409
 -0.00549771   0.00361796     0.00000000   0.00702695    -0.00549771  -0.00361796
  0.00056196   0.00101409    -0.00777859   0.01648526    -0.00492219   0.00854306
    1    6
  0.00837764   0.00445270     0.00332145   0.00723549     0.00076164   0.00504419
 -0.00596777   0.00222451    -0.00655940   0.00343002    -0.00762012   0.00275834
 -0.00992446   0.00364249    -0.00738442  -0.00882309    -0.01122278  -0.00340101
    1    7
  0.00277536  -0.00907242    -0.00276764  -0.00746489    -0.00302822  -0.00410534
 -0.00579282   0.00264689    -0.00706359   0.00221281    -0.00733868   0.00343780
 -0.00959328   0.00444202     0.00101729   0.01146044    -0.00553083   0.01034059
    2    1
 -0.00553083   0.01034059     0.00733868  -0.00343780    -0.00302822  -0.00410534
 -0.00101729  -0.01146044    -0.00706359   0.00221281     0.00276764   0.00746489
 -0.00959328   0.00444202     0.00579282  -0.00264689     0.00277536  -0.00907242
    2    2
  0.06095692  -0.00000000    -0.00646170   0.00138663    -0.00057249  -0.00133625
 -0.00646170  -0.00138663     0.04018887  -0.00000000     0.00684930   0.00200739
 -0.00057249   0.00133625     0.00684930  -0.00200739     0.04819615  -0.00000000
    2    3
  0.01762735   0.00255457    -0.00183862  -0.00800334    -0.00902265   0.00149459
 -0.00183862  -0.00800334    -0.01101366  -0.01698863    -0.00848913  -0.00260911
 -0.00902265   0.00149459    -0.00848913  -0.00260911    -0.01860577   0.00257076
    2    4
 -0.00602731  -0.02083832     0.00415394   0.00622543    -0.00369637  -0.00301545
 -0.00270026  -0.02304032     0.00907998  -0.01415219    -0.00575022   0.00779768
 -0.00747171  -0.00561607    -0.00377470   0.00427383    -0.00188948  -0.00737903
    2    5
 -0.01299155   0.00251206     0.03084907  -0.00621379     0.00640260  -0.00052108
  0.03068192  -0.00635831    -0.01463211   0.00241141    -0.01076151   0.00976084
  0.00720664  -0.00919436    -0.00631411   0.00175748     0.00041337  -0.01562797
    2    6
 -0.01994069   0.01334725    -0.00225072   0.00779490    -0.00522238   0.00522238
 -0.00736319  -0.00028188    -0.00614034   0.00614034     0.00779490  -0.00225072
 -0.01925982   0.01925982    -0.00028188  -0.00736319    -0.01334725   0.01994069
    2    7
 -0.01420300   0.00322179     0.00460867  -0.00687878     0.02929634   0.00237711
  0.00617894   0.00594902    -0.01237923   0.01679705    -0.00460867   0.00687878
  0.03087318   0.00837689    -0.00617894  -0.00594902    -0.01420300   0.00322179
    3    1
  0.00340101  -0.01122278     0.00275834   0.00762012    -0.00504419   0.00076164
 -0.00882309   0.00738442    -0.00343002  -0.00655940     0.00723549  -0.00332145
 -0.00364249  -0.00992446     0.00222451   0.00596777    -0.00445270   0.00837764
    3    2
  0.01762735  -0.00255457    -0.00183862   0.00800334    -0.00902265  -0.00149459
 -0.00183862   0.00800334    -0.01101366   0.01698863    -0.00848913   0.00260911
 -0.00902265  -0.00149459    -0.00848913   0.00260911    -0.01860577  -0.00257076
    3    3
  0.06095692   0.00000000    -0.00646170  -0.00138663    -0.00057249   0.00133625
 -0.00646170   0.00138663     0.04018887   0.00000000     0.00684930  -0.00200739
 -0.00057249  -0.00133625     0.00684930   0.00200739     0.04819615   0.00000000
    3    4
 -0.01299155  -0.00251206     0.03084907   0.00621379     0.00640260   0.00052108
  0.03068192   0.00635831    -0.01463211  -0.00241141    -0.01076151  -0.00976084
  0.00720664   0.00919436    -0.00631411  -0.00175748     0.00041337   0.01562797
    3    5
 -0.00602731   0.02083832     0.00415394  -0.00622543    -0.00369637   0.00301545
 -0.00270026   0.02304032     0.00907998   0.01415219    -0.00575022  -0.00779768
 -0.00747171   0.00561607    -0.00377470  -0.00427383    -0.00188948   0.00737903
    3    6
 -0.01420300  -0.00322179     0.00460867   0.00687878     0.02929634  -0.00237711
  0.00617894  -0.00594902    -0.01237923  -0.01679705    -0.00460867  -0.00687878
  0.03087318  -0.00837689    -0.00617894   0.00594902    -0.01420300  -0.00322179
    3    7
 -0.01994069  -0.01334725    -0.00225072  -0.00779490    -0.00522238  -0.00522238
 -0.00736319   0.00028188    -0.00614034  -0.00614034     0.00779490   0.00225072
 -0.01925982  -0.01925982    -0.00028188   0.00736319    -0.01334725  -0.01994069
    4    1
 -0.00256034   0.00952138    -0.00644575  -0.00132918    -0.00031970   0.00111444
  0.00615654  -0.01715714    -0.00496880   0.00496880    -0.01715714   0.00615654
 -0.00111444   0.00031970    -0.00132918  -0.00644575    -0.00952138   0.00256034
    4    2
 -0.00602731   0.02083832    -0.00270026   0.02304032    -0.00747171   0.00561607
  0.00415394  -0.00622543     0.00907998   0.01415219    -0.00377470  -0.00427383
 -0.00369637   0.00301545    -0.00575022  -0.00779768    -0.00188948   0.00737903
    4    3
 -0.01299155   0.00251206     0.03068192  -0.00635831     0.00720664  -0.00919436
  0.03084907  -0.00621379    -0.01463211   0.00241141    -0.00631411   0.00175748
  0.00640260  -0.00052108    -0.01076151   0.00976084     0.00041337  -0.01562797
    4    4
  0.04636174   0.00000000    -0.00586974  -0.00006790    -0.00665999  -0.00099844
 -0.00586974   0.00006790     0.04674483  -0.00000000     0.00586974   0.00006790
 -0.00665999   0.00099844     0.00586974  -0.00006790     0.04636174  -0.00000000
    4    5
  0.00649659   0.01631733     0.00120720   0.00722183    -0.00761466  -0.00761466
  0.00120720   0.00722183    -0.01475281  -0.01475281    -0.00722183  -0.00120720
 -0.00761466  -0.00761466    -0.00722183  -0.00120720     0.01631733   0.00649659
    4    6
 -0.00041337  -0.01562797    -0.01076151  -0.00976084    -0.00640260  -0.00052108
 -0.00631411  -0.00175748     0.01463211   0.00241141     0.03084907   0.00621379
 -0.00720664  -0.00919436     0.03068192   0.00635831     0.01299155   0.00251206
    4    7
 -0.00737903   0.00188948    -0.00779768  -0.00575022    -0.00301545   0.00369637
 -0.00427383  -0.00377470    -0.01415219  -0.00907998    -0.00622543   0.00415394
 -0.00561607   0.00747171     0.02304032  -0.00270026    -0.02083832   0.00602731
    5    1
  0.00492219  -0.00854306    -0.00549771  -0.00361796     0.00056196  -0.00101409
 -0.00777859   0.01648526     0.00000000  -0.00702695    -0.00777859  -0.01648526
 -0.00056196  -0.00101409    -0.00549771   0.00361796    -0.00492219  -0.00854306
    5    2
 -0.01299155  -0.00251206     0.03068192   0.00635831     0.00720664   0.00919436
  0.03084907   0.00621379    -0.01463211  -0.00241141    -0.00631411  -0.00175748
  0.00640260   0.00052108    -0.01076151  -0.00976084     0.00041337   0.01562797
    5    3
 -0.00602731  -0.02083832    -0.00270026  -0.02304032    -0.00747171  -0.00561607
  0.00415394   0.00622543     0.00907998  -0.01415219    -0.00377470   0.00427383
 -0.00369637  -0.00301545    -0.00575022   0.00779768    -0.00188948  -0.00737903
    5    4
  0.00649659  -0.01631733     0.00120720  -0.00722183    -0.00761466   0.00761466
  0.00120720  -0.00722183    -0.01475281   0.01475281    -0.00722183   0.00120720
 -0.00761466   0.00761466    -0.00722183   0.00120720     0.01631733  -0.00649659
    5    5
  0.04636174  -0.00000000    -0.00586974   0.00006790    -0.00665999   0.00099844
 -0.00586974  -0.00006790     0.04674483   0.00000000     0.00586974  -0.00006790
 -0.00665999  -0.00099844     0.00586974   0.00006790     0.04636174   0.00000000
    5    6
 -0.00737903  -0.00188948    -0.00779768   0.00575022    -0.00301545  -0.00369637
 -0.00427383   0.00377470    -0.01415219   0.00907998    -0.00622543  -0.00415394
 -0.00561607  -0.00747171     0.02304032   0.00270026    -0.02083832  -0.00602731
    5    7
 -0.00041337   0.01562797    -0.01076151   0.00976084    -0.00640260   0.00052108
 -0.00631411   0.00175748     0.01463211  -0.00241141     0.03084907  -0.00621379
 -0.00720664   0.00919436     0.03068192  -0.00635831     0.01299155  -0.00251206
    6    1
  0.00837764  -0.00445270    -0.00596777  -0.00222451    -0.00992446  -0.00364249
  0.00332145  -0.00723549    -0.00655940  -0.00343002    -0.00738442   0.00882309
  0.00076164  -0.00504419    -0.00762012  -0.00275834    -0.01122278   0.00340101
    6    2
 -0.01994069  -0.01334725    -0.00736319   0.00028188    -0.01925982  -0.01925982
 -0.00225072  -0.00779490    -0.00614034  -0.00614034    -0.00028188   0.00736319
 -0.00522238  -0.00522238     0.00779490   0.00225072    -0.01334725  -0.01994069
    6    3
 -0.01420300   0.00322179     0.00617894   0.00594902     0.03087318   0.00837689
  0.00460867  -0.00687878    -0.01237923   0.01679705    -0.00617894  -0.00594902
  0.02929634   0.00237711    -0.00460867   0.00687878    -0.01420300   0.00322179
    6    4
 -0.00041337   0.01562797    -0.00631411   0.00175748    -0.00720664   0.00919436
 -0.01076151   0.00976084     0.01463211  -0.00241141     0.03068192  -0.00635831
 -0.00640260   0.00052108     0.03084907  -0.00621379     0.01299155  -0.00251206
    6    5
 -0.00737903   0.00188948    -0.00427383  -0.00377470    -0.00561607   0.00747171
 -0.00779768  -0.00575022    -0.01415219  -0.00907998     0.02304032  -0.00270026
 -0.00301545   0.00369637    -0.00622543   0.00415394    -0.02083832   0.00602731
    6    6
  0.04819615  -0.00000000    -0.00684930   0.00200739    -0.00057249   0.00133625
 -0.00684930  -0.00200739     0.04018887  -0.00000000     0.00646170   0.00138663
 -0.00057249  -0.00133625     0.00646170  -0.00138663     0.06095692  -0.00000000
    6    7
 -0.00257076  -0.01860577    -0.00260911   0.00848913    -0.00149459  -0.00902265
 -0.00260911   0.00848913     0.01698863  -0.01101366    -0.00800334   0.00183862
 -0.00149459  -0.00902265    -0.00800334   0.00183862    -0.00255457   0.01762735
    7    1
  0.00277536   0.00907242    -0.00579282  -0.00264689    -0.00959328  -0.00444202
 -0.00276764   0.00746489    -0.00706359  -0.00221281     0.00101729  -0.01146044
 -0.00302822   0.00410534    -0.00733868  -0.00343780    -0.00553083  -0.01034059
    7    2
 -0.01420300  -0.00322179     0.00617894  -0.00594902     0.03087318  -0.00837689
  0.00460867   0.00687878    -0.01237923  -0.01679705    -0.00617894   0.00594902
  0.02929634  -0.00237711    -0.00460867  -0.00687878    -0.01420300  -0.00322179
    7    3
 -0.01994069   0.01334725    -0.00736319  -0.00028188    -0.01925982   0.01925982
 -0.00225072   0.00779490    -0.00614034   0.00614034    -0.00028188  -0.00736319
 -0.00522238   0.00522238     0.00779490  -0.00225072    -0.01334725   0.01994069
    7    4
 -0.00737903  -0.00188948    -0.00427383   0.00377470    -0.00561607  -0.00747171
 -0.00779768   0.00575022    -0.01415219   0.00907998     0.02304032   0.00270026
 -0.00301545  -0.00369637    -0.00622543  -0.00415394    -0.02083832  -0.00602731
    7    5
 -0.00041337  -0.01562797    -0.00631411  -0.00175748    -0.00720664  -0.00919436
 -0.01076151  -0.00976084     0.01463211   0.00241141     0.03068192   0.00635831
 -0.00640260  -0.00052108     0.03084907   0.00621379     0.01299155   0.00251206
    7    6
 -0.00257076   0.01860577    -0.00260911  -0.00848913    -0.00149459   0.00902265
 -0.00260911  -0.00848913     0.01698863   0.01101366    -0.00800334  -0.00183862
 -0.00149459   0.00902265    -0.00800334  -0.00183862    -0.00255457  -0.01762735
    7    7
  0.04819615   0.00000000    -0.00684930  -0.00200739    -0.00057249  -0.00133625
 -0.00684930   0.00200739     0.04018887   0.00000000     0.00646170  -0.00138663
 -0.00057249   0.00133625     0.00646170   0.00138663     0.06095692   0.00000000

     Dynamical  Matrix in cartesian axes

     q = (    0.324759526   0.216506351   0.324759526 ) 

    1    1
  0.06621896   0.00000000     0.00368124   0.00000000     0.00699587   0.00000000
  0.00368124   0.00000000     0.04437264   0.00000000     0.00368124   0.00000000
  0.00699587   0.00000000     0.00368124   0.00000000     0.06621896   0.00000000
    1    2
  0.01122278  -0.00340101     0.00738442  -0.00882309    -0.00992446  -0.00364249
  0.00762012   0.00275834     0.00655940   0.00343002    -0.00596777  -0.00222451
  0.00076164  -0.00504419     0.00332145  -0.00723549    -0.00837764   0.00445270
    1    3
 -0.01122278  -0.00340101    -0.00738442  -0.00882309     0.00992446  -0.00364249
 -0.00762012   0.00275834    -0.00655940   0.00343002     0.00596777  -0.00222451
 -0.00076164  -0.00504419    -0.00332145  -0.00723549     0.00837764   0.00445270
    1    4
 -0.00492219   0.00854306    -0.00777859   0.01648526    -0.00056196  -0.00101409
 -0.00549771  -0.00361796    -0.00000000   0.00702695     0.00549771  -0.00361796
  0.00056196  -0.00101409     0.00777859   0.01648526     0.00492219   0.00854306
    1    5
  0.00492219   0.00854306     0.00777859   0.01648526     0.00056196  -0.00101409
  0.00549771  -0.00361796    -0.00000000   0.00702695    -0.00549771  -0.00361796
 -0.00056196  -0.00101409    -0.00777859   0.01648526    -0.00492219   0.00854306
    1    6
  0.00837764   0.00445270    -0.00332145  -0.00723549    -0.00076164  -0.00504419
  0.00596777  -0.00222451    -0.00655940   0.00343002    -0.00762012   0.00275834
  0.00992446  -0.00364249    -0.00738442  -0.00882309    -0.01122278  -0.00340101
    1    7
 -0.00837764   0.00445270     0.00332145  -0.00723549     0.00076164  -0.00504419
 -0.00596777  -0.00222451     0.00655940   0.00343002     0.00762012   0.00275834
 -0.00992446  -0.00364249     0.00738442  -0.00882309     0.01122278  -0.00340101
    2    1
  0.01122278   0.00340101     0.00762012  -0.00275834     0.00076164   0.00504419
  0.00738442   0.00882309     0.00655940  -0.00343002     0.00332145   0.00723549
 -0.00992446   0.00364249    -0.00596777   0.00222451    -0.00837764  -0.00445270
    2    2
  0.06095692   0.00000000     0.00646170   0.00138663     0.00057249  -0.00133625
  0.00646170  -0.00138663     0.04018887   0.00000000     0.00684930  -0.00200739
  0.00057249   0.00133625     0.00684930   0.00200739     0.04819615   0.00000000
    2    3
  0.01427077   0.01065806     0.00695931  -0.00435911     0.00532314   0.00743682
  0.00695931  -0.00435911    -0.01980061   0.00422494    -0.00784764  -0.00415780
  0.00532314   0.00743682    -0.00784764  -0.00415780    -0.01133846  -0.01497407
    2    4
 -0.01096271   0.00741012    -0.02620740   0.01741977    -0.00489578   0.00415887
 -0.02619139   0.01719939    -0.01205159   0.00864134    -0.01451150   0.00070758
 -0.01159726  -0.00140553    -0.00570748   0.00322202     0.01134294   0.01075834
    2    5
 -0.02083832  -0.00602731    -0.00622543  -0.00415394     0.00301545   0.00369637
  0.02304032   0.00270026    -0.01415219   0.00907998     0.00779768  -0.00575022
  0.00561607   0.00747171     0.00427383  -0.00377470    -0.00737903  -0.00188948
    2    6
  0.00322179  -0.01420300     0.00687878  -0.00460867    -0.00237711  -0.02929634
 -0.00594902  -0.00617894     0.01679705  -0.01237923     0.00687878  -0.00460867
 -0.00837689  -0.03087318    -0.00594902  -0.00617894     0.00322179  -0.01420300
    2    7
 -0.02353813   0.00466227     0.00710333   0.00392033     0.00738555   0.00000000
  0.00500724  -0.00540588    -0.00868375  -0.00000000     0.00710333  -0.00392033
  0.02723749   0.00000000     0.00500724   0.00540588    -0.02353813  -0.00466227
    3    1
 -0.01122278   0.00340101    -0.00762012  -0.00275834    -0.00076164   0.00504419
 -0.00738442   0.00882309    -0.00655940  -0.00343002    -0.00332145   0.00723549
  0.00992446   0.00364249     0.00596777   0.00222451     0.00837764  -0.00445270
    3    2
  0.01427077  -0.01065806     0.00695931   0.00435911     0.00532314  -0.00743682
  0.00695931   0.00435911    -0.01980061  -0.00422494    -0.00784764   0.00415780
  0.00532314  -0.00743682    -0.00784764   0.00415780    -0.01133846   0.01497407
    3    3
  0.06095692  -0.00000000     0.00646170  -0.00138663     0.00057249   0.00133625
  0.00646170   0.00138663     0.04018887  -0.00000000     0.00684930   0.00200739
  0.00057249  -0.00133625     0.00684930  -0.00200739     0.04819615  -0.00000000
    3    4
 -0.02083832   0.00602731    -0.00622543   0.00415394     0.00301545  -0.00369637
  0.02304032  -0.00270026    -0.01415219  -0.00907998     0.00779768   0.00575022
  0.00561607  -0.00747171     0.00427383   0.00377470    -0.00737903   0.00188948
    3    5
 -0.01096271  -0.00741012    -0.02620740  -0.01741977    -0.00489578  -0.00415887
 -0.02619139  -0.01719939    -0.01205159  -0.00864134    -0.01451150  -0.00070758
 -0.01159726   0.00140553    -0.00570748  -0.00322202     0.01134294  -0.01075834
    3    6
 -0.02353813  -0.00466227     0.00710333  -0.00392033     0.00738555  -0.00000000
  0.00500724   0.00540588    -0.00868375   0.00000000     0.00710333   0.00392033
  0.02723749  -0.00000000     0.00500724  -0.00540588    -0.02353813   0.00466227
    3    7
  0.00322179   0.01420300     0.00687878   0.00460867    -0.00237711   0.02929634
 -0.00594902   0.00617894     0.01679705   0.01237923     0.00687878   0.00460867
 -0.00837689   0.03087318    -0.00594902   0.00617894     0.00322179   0.01420300
    4    1
 -0.00492219  -0.00854306    -0.00549771   0.00361796     0.00056196   0.00101409
 -0.00777859  -0.01648526    -0.00000000  -0.00702695     0.00777859  -0.01648526
 -0.00056196   0.00101409     0.00549771   0.00361796     0.00492219  -0.00854306
    4    2
 -0.01096271  -0.00741012    -0.02619139  -0.01719939    -0.01159726   0.00140553
 -0.02620740  -0.01741977    -0.01205159  -0.00864134    -0.00570748  -0.00322202
 -0.00489578  -0.00415887    -0.01451150  -0.00070758     0.01134294  -0.01075834
    4    3
 -0.02083832  -0.00602731     0.02304032   0.00270026     0.00561607   0.00747171
 -0.00622543  -0.00415394    -0.01415219   0.00907998     0.00427383  -0.00377470
  0.00301545   0.00369637     0.00779768  -0.00575022    -0.00737903  -0.00188948
    4    4
  0.04636174   0.00000000     0.00586974   0.00006790     0.00665999   0.00099844
  0.00586974  -0.00006790     0.04674483   0.00000000     0.00586974   0.00006790
  0.00665999  -0.00099844     0.00586974  -0.00006790     0.04636174  -0.00000000
    4    5
 -0.01613188  -0.00694431     0.00596023   0.00425299    -0.01076876   0.00000000
  0.00596023   0.00425299     0.02086362  -0.00000000     0.00596023  -0.00425299
 -0.01076876  -0.00000000     0.00596023  -0.00425299    -0.01613188   0.00694431
    4    6
  0.01134294   0.01075834    -0.01451150   0.00070758    -0.00489578   0.00415887
 -0.00570748   0.00322202    -0.01205159   0.00864134    -0.02620740   0.01741977
 -0.01159726  -0.00140553    -0.02619139   0.01719939    -0.01096271   0.00741012
    4    7
 -0.00737903   0.00188948     0.00779768   0.00575022     0.00301545  -0.00369637
  0.00427383   0.00377470    -0.01415219  -0.00907998    -0.00622543   0.00415394
  0.00561607  -0.00747171     0.02304032  -0.00270026    -0.02083832   0.00602731
    5    1
  0.00492219  -0.00854306     0.00549771   0.00361796    -0.00056196   0.00101409
  0.00777859  -0.01648526    -0.00000000  -0.00702695    -0.00777859  -0.01648526
  0.00056196   0.00101409    -0.00549771   0.00361796    -0.00492219  -0.00854306
    5    2
 -0.02083832   0.00602731     0.02304032  -0.00270026     0.00561607  -0.00747171
 -0.00622543   0.00415394    -0.01415219  -0.00907998     0.00427383   0.00377470
  0.00301545  -0.00369637     0.00779768   0.00575022    -0.00737903   0.00188948
    5    3
 -0.01096271   0.00741012    -0.02619139   0.01719939    -0.01159726  -0.00140553
 -0.02620740   0.01741977    -0.01205159   0.00864134    -0.00570748   0.00322202
 -0.00489578   0.00415887    -0.01451150   0.00070758     0.01134294   0.01075834
    5    4
 -0.01613188   0.00694431     0.00596023  -0.00425299    -0.01076876   0.00000000
  0.00596023  -0.00425299     0.02086362   0.00000000     0.00596023   0.00425299
 -0.01076876   0.00000000     0.00596023   0.00425299    -0.01613188  -0.00694431
    5    5
  0.04636174  -0.00000000     0.00586974  -0.00006790     0.00665999  -0.00099844
  0.00586974   0.00006790     0.04674483  -0.00000000     0.00586974  -0.00006790
  0.00665999   0.00099844     0.00586974   0.00006790     0.04636174   0.00000000
    5    6
 -0.00737903  -0.00188948     0.00779768  -0.00575022     0.00301545   0.00369637
  0.00427383  -0.00377470    -0.01415219   0.00907998    -0.00622543  -0.00415394
  0.00561607   0.00747171     0.02304032   0.00270026    -0.02083832  -0.00602731
    5    7
  0.01134294  -0.01075834    -0.01451150  -0.00070758    -0.00489578  -0.00415887
 -0.00570748  -0.00322202    -0.01205159  -0.00864134    -0.02620740  -0.01741977
 -0.01159726   0.00140553    -0.02619139  -0.01719939    -0.01096271  -0.00741012
    6    1
  0.00837764  -0.00445270     0.00596777   0.00222451     0.00992446   0.00364249
 -0.00332145   0.00723549    -0.00655940  -0.00343002    -0.00738442   0.00882309
 -0.00076164   0.00504419    -0.00762012  -0.00275834    -0.01122278   0.00340101
    6    2
  0.00322179   0.01420300    -0.00594902   0.00617894    -0.00837689   0.03087318
  0.00687878   0.00460867     0.01679705   0.01237923    -0.00594902   0.00617894
 -0.00237711   0.02929634     0.00687878   0.00460867     0.00322179   0.01420300
    6    3
 -0.02353813   0.00466227     0.00500724  -0.00540588     0.02723749   0.00000000
  0.00710333   0.00392033    -0.00868375  -0.00000000     0.00500724   0.00540588
  0.00738555   0.00000000     0.00710333  -0.00392033    -0.02353813  -0.00466227
    6    4
  0.01134294  -0.01075834    -0.00570748  -0.00322202    -0.01159726   0.00140553
 -0.01451150  -0.00070758    -0.01205159  -0.00864134    -0.02619139  -0.01719939
 -0.00489578  -0.00415887    -0.02620740  -0.01741977    -0.01096271  -0.00741012
    6    5
 -0.00737903   0.00188948     0.00427383   0.00377470     0.00561607  -0.00747171
  0.00779768   0.00575022    -0.01415219  -0.00907998     0.02304032  -0.00270026
  0.00301545  -0.00369637    -0.00622543   0.00415394    -0.02083832   0.00602731
    6    6
  0.04819615  -0.00000000     0.00684930  -0.00200739     0.00057249  -0.00133625
  0.00684930   0.00200739     0.04018887  -0.00000000     0.00646170   0.00138663
  0.00057249   0.00133625     0.00646170  -0.00138663     0.06095692  -0.00000000
    6    7
 -0.01133846   0.01497407    -0.00784764   0.00415780     0.00532314  -0.00743682
 -0.00784764   0.00415780    -0.01980061  -0.00422494     0.00695931   0.00435911
  0.00532314  -0.00743682     0.00695931   0.00435911     0.01427077  -0.01065806
    7    1
 -0.00837764  -0.00445270    -0.00596777   0.00222451    -0.00992446   0.00364249
  0.00332145   0.00723549     0.00655940  -0.00343002     0.00738442   0.00882309
  0.00076164   0.00504419     0.00762012  -0.00275834     0.01122278   0.00340101
    7    2
 -0.02353813  -0.00466227     0.00500724   0.00540588     0.02723749  -0.00000000
  0.00710333  -0.00392033    -0.00868375   0.00000000     0.00500724  -0.00540588
  0.00738555  -0.00000000     0.00710333   0.00392033    -0.02353813   0.00466227
    7    3
  0.00322179  -0.01420300    -0.00594902  -0.00617894    -0.00837689  -0.03087318
  0.00687878  -0.00460867     0.01679705  -0.01237923    -0.00594902  -0.00617894
 -0.00237711  -0.02929634     0.00687878  -0.00460867     0.00322179  -0.01420300
    7    4
 -0.00737903  -0.00188948     0.00427383  -0.00377470     0.00561607   0.00747171
  0.00779768  -0.00575022    -0.01415219   0.00907998     0.02304032   0.00270026
  0.00301545   0.00369637    -0.00622543  -0.00415394    -0.02083832  -0.00602731
    7    5
  0.01134294   0.01075834    -0.00570748   0.00322202    -0.01159726  -0.00140553
 -0.01451150   0.00070758    -0.01205159   0.00864134    -0.02619139   0.01719939
 -0.00489578   0.00415887    -0.02620740   0.01741977    -0.01096271   0.00741012
    7    6
 -0.01133846  -0.01497407    -0.00784764  -0.00415780     0.00532314   0.00743682
 -0.00784764  -0.00415780    -0.01980061   0.00422494     0.00695931  -0.00435911
  0.00532314   0.00743682     0.00695931  -0.00435911     0.01427077   0.01065806
    7    7
  0.04819615   0.00000000     0.00684930   0.00200739     0.00057249   0.00133625
  0.00684930  -0.00200739     0.04018887   0.00000000     0.00646170  -0.00138663
  0.00057249  -0.00133625     0.00646170   0.00138663     0.06095692   0.00000000

     Dynamical  Matrix in cartesian axes

     q = (    0.324759526  -0.324759526   0.216506351 ) 

    1    1
  0.06621896   0.00000000    -0.00699587   0.00000000     0.00368124   0.00000000
 -0.00699587   0.00000000     0.06621896   0.00000000    -0.00368124   0.00000000
  0.00368124   0.00000000    -0.00368124   0.00000000     0.04437264   0.00000000
    1    2
 -0.01122278  -0.00340101    -0.00992446   0.00364249    -0.00738442  -0.00882309
  0.00076164   0.00504419     0.00837764   0.00445270     0.00332145   0.00723549
 -0.00762012   0.00275834    -0.00596777   0.00222451    -0.00655940   0.00343002
    1    3
 -0.00553083   0.01034059    -0.00959328   0.00444202     0.00101729   0.01146044
 -0.00302822  -0.00410534     0.00277536  -0.00907242    -0.00276764  -0.00746489
 -0.00733868   0.00343780    -0.00579282   0.00264689    -0.00706359   0.00221281
    1    4
  0.00277536   0.00907242    -0.00302822   0.00410534     0.00276764  -0.00746489
 -0.00959328  -0.00444202    -0.00553083  -0.01034059    -0.00101729   0.01146044
  0.00579282   0.00264689     0.00733868   0.00343780    -0.00706359  -0.00221281
    1    5
 -0.00445270  -0.00837764    -0.00504419  -0.00076164     0.00723549   0.00332145
 -0.00364249   0.00992446     0.00340101   0.01122278    -0.00882309  -0.00738442
  0.00222451  -0.00596777     0.00275834  -0.00762012    -0.00343002   0.00655940
    1    6
 -0.00952138  -0.00256034    -0.00031970  -0.00111444    -0.01715714  -0.00615654
 -0.00111444  -0.00031970    -0.00256034  -0.00952138     0.00615654   0.01715714
 -0.00132918   0.00644575    -0.00644575   0.00132918    -0.00496880  -0.00496880
    1    7
 -0.00492219   0.00854306     0.00056196   0.00101409    -0.00777859   0.01648526
 -0.00056196   0.00101409     0.00492219   0.00854306    -0.00777859  -0.01648526
