  1.000000000000000E-002   1.26045764302382        2.13065582614097     
           6

     Dynamical  Matrix in cartesian axes

     q = (    0.000000000   0.000000000   0.649519100 ) 

    1    1
  0.02366050   0.00000000     0.00000000   0.00000000    -0.00000000   0.00000000
  0.00000000   0.00000000     0.02366050   0.00000000    -0.00000000   0.00000000
 -0.00000000   0.00000000    -0.00000000   0.00000000     0.18366821   0.00000000
    1    2
  0.00227547   0.00227547     0.00000000   0.00000000    -0.00716958   0.00716958
  0.00000000  -0.00000000    -0.00237873  -0.00237873     0.00000000   0.00000000
 -0.02729569   0.02729570     0.00000000   0.00000000    -0.01398384  -0.01398384
    1    3
 -0.00321800  -0.00000000     0.00000000   0.00000000     0.00000000   0.01013932
 -0.00000000  -0.00000000     0.00336404  -0.00000000    -0.00000000   0.00000000
  0.00000000   0.03860194    -0.00000000  -0.00000000     0.01977614  -0.00000000
    1    4
  0.00336404  -0.00000000     0.00000000  -0.00000000    -0.00000000   0.00000000
  0.00000000  -0.00000000    -0.00321800  -0.00000000     0.00000000   0.01013932
 -0.00000000   0.00000000     0.00000000   0.03860194     0.01977614  -0.00000000
    1    5
 -0.00237873  -0.00237873     0.00000000  -0.00000000     0.00000000   0.00000000
  0.00000000  -0.00000000     0.00227547   0.00227547    -0.00716958   0.00716958
  0.00000000   0.00000000    -0.02729569   0.02729570    -0.01398384  -0.01398384
    1    6
 -0.00042703   0.01070891    -0.00000000  -0.00000000    -0.00000000   0.00000000
  0.00000000  -0.00000000    -0.00727039   0.00787430    -0.00000000   0.00000000
 -0.00000000   0.00000000    -0.00000000   0.00000000     0.00728458  -0.01758655
    1    7
 -0.00727039   0.00787430     0.00000000  -0.00000000    -0.00000000   0.00000000
  0.00000000  -0.00000000    -0.00042703   0.01070891    -0.00000000   0.00000000
 -0.00000000   0.00000000    -0.00000000   0.00000000     0.00728458  -0.01758655
    2    1
  0.00227547  -0.00227547     0.00000000   0.00000000    -0.02729569  -0.02729570
  0.00000000   0.00000000    -0.00237873   0.00237873     0.00000000  -0.00000000
 -0.00716958  -0.00716958     0.00000000  -0.00000000    -0.01398384   0.01398384
    2    2
  0.01726607  -0.00000000    -0.00000000   0.00000000    -0.00000000   0.00813790
 -0.00000000   0.00000000     0.05957503   0.00000000    -0.00000000   0.00000000
 -0.00000000  -0.00813790    -0.00000000   0.00000000     0.02469003   0.00000000
    2    3
  0.00360218  -0.00360218    -0.00000000   0.00000000    -0.00104710  -0.00104710
 -0.00000000   0.00000000     0.03941446  -0.03941445     0.00000000   0.00000000
 -0.00104710  -0.00104710    -0.00000000   0.00000000     0.00488349  -0.00488349
    2    4
  0.00100923  -0.00100923     0.00547752  -0.00547752    -0.00209499  -0.00209499
  0.04009386  -0.04009384     0.00100923  -0.00100923    -0.00071686  -0.00071686
 -0.00071686  -0.00071686    -0.00209499  -0.00209499    -0.00268157   0.00268157
    2    5
 -0.00142726  -0.00000000     0.00774638  -0.00000000    -0.00000000   0.00296277
  0.05670127  -0.00000000    -0.00142726  -0.00000000    -0.00000000  -0.00101379
 -0.00000000   0.00101379    -0.00000000  -0.00296277     0.00379232   0.00000000
    2    6
  0.00519688   0.00177422     0.00000000   0.00000000    -0.00182958   0.00150862
 -0.00000000   0.00000000    -0.00030686  -0.00108146     0.00000000  -0.00000000
  0.01267427  -0.01354934     0.00000000  -0.00000000     0.00341938   0.00022192
    2    7
 -0.00242019   0.00492931    -0.00000000   0.00000000    -0.00236046   0.00022695
 -0.00000000  -0.00000000    -0.00054773  -0.00098169    -0.00000000  -0.00000000
  0.01854289   0.00061878    -0.00000000  -0.00000000    -0.00226095   0.00257479
    3    1
 -0.00321800   0.00000000     0.00000000   0.00000000     0.00000000  -0.03860194
  0.00000000   0.00000000     0.00336404   0.00000000    -0.00000000  -0.00000000
  0.00000000  -0.01013932    -0.00000000  -0.00000000     0.01977614   0.00000000
    3    2
  0.00360218   0.00360218    -0.00000000  -0.00000000    -0.00104710   0.00104710
 -0.00000000  -0.00000000     0.03941446   0.03941445     0.00000000  -0.00000000
 -0.00104710   0.00104710    -0.00000000  -0.00000000     0.00488349   0.00488349
    3    3
  0.01726607   0.00000000    -0.00000000  -0.00000000    -0.00000000  -0.00813790
 -0.00000000  -0.00000000     0.05957503  -0.00000000    -0.00000000   0.00000000
 -0.00000000   0.00813790    -0.00000000  -0.00000000     0.02469003  -0.00000000
    3    4
 -0.00142726   0.00000000     0.00774638  -0.00000000    -0.00000000  -0.00296277
  0.05670127  -0.00000000    -0.00142726   0.00000000     0.00000000   0.00101379
 -0.00000000  -0.00101379     0.00000000   0.00296277     0.00379232  -0.00000000
    3    5
  0.00100923   0.00100923     0.00547752   0.00547752    -0.00209499   0.00209499
  0.04009386   0.04009384     0.00100923   0.00100923    -0.00071686   0.00071686
 -0.00071686   0.00071686    -0.00209499   0.00209499    -0.00268157  -0.00268157
    3    6
 -0.00242019  -0.00492931     0.00000000   0.00000000    -0.00236046  -0.00022695
 -0.00000000   0.00000000    -0.00054773   0.00098169    -0.00000000   0.00000000
  0.01854289  -0.00061878     0.00000000   0.00000000    -0.00226095  -0.00257479
    3    7
  0.00519688  -0.00177422     0.00000000   0.00000000    -0.00182958  -0.00150862
 -0.00000000  -0.00000000    -0.00030686   0.00108146     0.00000000   0.00000000
  0.01267427   0.01354934     0.00000000   0.00000000     0.00341938  -0.00022192
    4    1
  0.00336404   0.00000000    -0.00000000   0.00000000    -0.00000000   0.00000000
 -0.00000000   0.00000000    -0.00321800   0.00000000     0.00000000  -0.03860194
 -0.00000000   0.00000000     0.00000000  -0.01013932     0.01977614   0.00000000
    4    2
  0.00100923   0.00100923     0.04009386   0.04009384    -0.00071686   0.00071686
  0.00547752   0.00547752     0.00100923   0.00100923    -0.00209499   0.00209499
 -0.00209499   0.00209499    -0.00071686   0.00071686    -0.00268157  -0.00268157
    4    3
 -0.00142726  -0.00000000     0.05670127   0.00000000    -0.00000000   0.00101379
  0.00774638   0.00000000    -0.00142726  -0.00000000     0.00000000  -0.00296277
 -0.00000000   0.00296277     0.00000000  -0.00101379     0.00379232   0.00000000
    4    4
  0.05957503  -0.00000000    -0.00000000  -0.00000000    -0.00000000  -0.00000000
 -0.00000000   0.00000000     0.01726607   0.00000000    -0.00000000  -0.00813790
 -0.00000000   0.00000000    -0.00000000   0.00813790     0.02469003   0.00000000
    4    5
  0.03941446   0.03941445    -0.00000000  -0.00000000    -0.00000000   0.00000000
 -0.00000000  -0.00000000     0.00360218   0.00360218    -0.00104710   0.00104710
 -0.00000000  -0.00000000    -0.00104710   0.00104710     0.00488349   0.00488349
    4    6
 -0.00030686   0.00108146    -0.00000000  -0.00000000    -0.00000000  -0.00000000
 -0.00000000   0.00000000     0.00519688  -0.00177422    -0.00182958  -0.00150862
 -0.00000000  -0.00000000     0.01267427   0.01354934     0.00341938  -0.00022192
    4    7
 -0.00054773   0.00098169    -0.00000000  -0.00000000    -0.00000000   0.00000000
 -0.00000000   0.00000000    -0.00242019  -0.00492931    -0.00236046  -0.00022695
 -0.00000000   0.00000000     0.01854289  -0.00061878    -0.00226095  -0.00257479
    5    1
 -0.00237873   0.00237873     0.00000000   0.00000000     0.00000000  -0.00000000
  0.00000000   0.00000000     0.00227547  -0.00227547    -0.02729569  -0.02729570
  0.00000000  -0.00000000    -0.00716958  -0.00716958    -0.01398384   0.01398384
    5    2
 -0.00142726   0.00000000     0.05670127  -0.00000000     0.00000000  -0.00101379
  0.00774638   0.00000000    -0.00142726  -0.00000000    -0.00000000   0.00296277
 -0.00000000  -0.00296277    -0.00000000   0.00101379     0.00379232   0.00000000
    5    3
  0.00100923  -0.00100923     0.04009386  -0.04009384    -0.00071686  -0.00071686
  0.00547752  -0.00547752     0.00100923  -0.00100923    -0.00209499  -0.00209499
 -0.00209499  -0.00209499    -0.00071686  -0.00071686    -0.00268157   0.00268157
    5    4
  0.03941446  -0.03941445    -0.00000000   0.00000000    -0.00000000   0.00000000
 -0.00000000   0.00000000     0.00360218  -0.00360218    -0.00104710  -0.00104710
 -0.00000000   0.00000000    -0.00104710  -0.00104710     0.00488349  -0.00488349
    5    5
  0.05957503   0.00000000    -0.00000000   0.00000000    -0.00000000   0.00000000
 -0.00000000  -0.00000000     0.01726607  -0.00000000    -0.00000000   0.00813790
 -0.00000000  -0.00000000    -0.00000000  -0.00813790     0.02469003  -0.00000000
    5    6
 -0.00054773  -0.00098169    -0.00000000  -0.00000000     0.00000000  -0.00000000
 -0.00000000   0.00000000    -0.00242019   0.00492931    -0.00236046   0.00022695
 -0.00000000  -0.00000000     0.01854289   0.00061878    -0.00226095   0.00257479
    5    7
 -0.00030686  -0.00108146    -0.00000000   0.00000000    -0.00000000   0.00000000
 -0.00000000  -0.00000000     0.00519688   0.00177422    -0.00182958   0.00150862
 -0.00000000   0.00000000     0.01267427  -0.01354934     0.00341938   0.00022192
    6    1
 -0.00042703  -0.01070891     0.00000000   0.00000000    -0.00000000  -0.00000000
  0.00000000   0.00000000    -0.00727039  -0.00787430    -0.00000000  -0.00000000
 -0.00000000  -0.00000000    -0.00000000  -0.00000000     0.00728458   0.01758655
    6    2
  0.00519688  -0.00177422    -0.00000000  -0.00000000     0.01267427   0.01354934
  0.00000000  -0.00000000    -0.00030686   0.00108146    -0.00000000  -0.00000000
 -0.00182958  -0.00150862    -0.00000000   0.00000000     0.00341938  -0.00022192
    6    3
 -0.00242019   0.00492931    -0.00000000  -0.00000000     0.01854289   0.00061878
 -0.00000000  -0.00000000    -0.00054773  -0.00098169     0.00000000  -0.00000000
 -0.00236046   0.00022695     0.00000000  -0.00000000    -0.00226095   0.00257479
    6    4
 -0.00030686  -0.00108146    -0.00000000   0.00000000    -0.00000000   0.00000000
 -0.00000000   0.00000000     0.00519688   0.00177422     0.01267427  -0.01354934
 -0.00000000   0.00000000    -0.00182958   0.00150862     0.00341938   0.00022192
    6    5
 -0.00054773   0.00098169    -0.00000000   0.00000000    -0.00000000   0.00000000
 -0.00000000   0.00000000    -0.00242019  -0.00492931     0.01854289  -0.00061878
  0.00000000   0.00000000    -0.00236046  -0.00022695    -0.00226095  -0.00257479
    6    6
  0.02614634  -0.00000000    -0.00000000  -0.00000000    -0.00000000   0.00000000
 -0.00000000  -0.00000000     0.02614634   0.00000000    -0.00000000  -0.00000000
 -0.00000000   0.00000000    -0.00000000  -0.00000000     0.02786399   0.00000000
    6    7
  0.01415143   0.01473697     0.00000000  -0.00000000    -0.00000000   0.00000000
  0.00000000   0.00000000     0.01415143  -0.01473697    -0.00000000   0.00000000
 -0.00000000  -0.00000000    -0.00000000  -0.00000000     0.01776844  -0.00000000
    7    1
 -0.00727039  -0.00787430     0.00000000   0.00000000    -0.00000000  -0.00000000
 -0.00000000  -0.00000000    -0.00042703  -0.01070891    -0.00000000  -0.00000000
 -0.00000000  -0.00000000    -0.00000000  -0.00000000     0.00728458   0.01758655
    7    2
 -0.00242019  -0.00492931    -0.00000000   0.00000000     0.01854289  -0.00061878
 -0.00000000  -0.00000000    -0.00054773   0.00098169     0.00000000   0.00000000
 -0.00236046  -0.00022695    -0.00000000   0.00000000    -0.00226095  -0.00257479
    7    3
  0.00519688   0.00177422    -0.00000000   0.00000000     0.01267427  -0.01354934
 -0.00000000   0.00000000    -0.00030686  -0.00108146    -0.00000000   0.00000000
 -0.00182958   0.00150862    -0.00000000   0.00000000     0.00341938   0.00022192
    7    4
 -0.00054773  -0.00098169    -0.00000000   0.00000000    -0.00000000  -0.00000000
 -0.00000000  -0.00000000    -0.00242019   0.00492931     0.01854289   0.00061878
  0.00000000  -0.00000000    -0.00236046   0.00022695    -0.00226095   0.00257479
    7    5
 -0.00030686   0.00108146     0.00000000   0.00000000    -0.00000000  -0.00000000
 -0.00000000  -0.00000000     0.00519688  -0.00177422     0.01267427   0.01354934
 -0.00000000   0.00000000    -0.00182958  -0.00150862     0.00341938  -0.00022192
    7    6
  0.01415143  -0.01473697     0.00000000   0.00000000    -0.00000000  -0.00000000
  0.00000000  -0.00000000     0.01415143   0.01473697    -0.00000000  -0.00000000
 -0.00000000   0.00000000    -0.00000000   0.00000000     0.01776844   0.00000000
    7    7
  0.02614634   0.00000000    -0.00000000   0.00000000    -0.00000000  -0.00000000
 -0.00000000   0.00000000     0.02614634  -0.00000000    -0.00000000   0.00000000
 -0.00000000  -0.00000000    -0.00000000   0.00000000     0.02786399   0.00000000

     Dynamical  Matrix in cartesian axes

     q = (    0.649519100  -0.000000000   0.000000000 ) 

    1    1
  0.18366821   0.00000000     0.00000000   0.00000000     0.00000000   0.00000000
  0.00000000   0.00000000     0.02366050   0.00000000     0.00000000   0.00000000
  0.00000000   0.00000000     0.00000000   0.00000000     0.02366050   0.00000000
    1    2
  0.00728458  -0.01758655    -0.00000000   0.00000000     0.00000000   0.00000000
 -0.00000000   0.00000000    -0.00042703   0.01070891     0.00000000  -0.00000000
  0.00000000  -0.00000000     0.00000000  -0.00000000    -0.00727039   0.00787430
    1    3
  0.00728458  -0.01758655    -0.00000000   0.00000000     0.00000000  -0.00000000
  0.00000000   0.00000000    -0.00727039   0.00787430     0.00000000  -0.00000000
  0.00000000   0.00000000     0.00000000  -0.00000000    -0.00042703   0.01070891
    1    4
 -0.01398384  -0.01398384    -0.02729569   0.02729570     0.00000000   0.00000000
 -0.00716958   0.00716958     0.00227547   0.00227547     0.00000000   0.00000000
  0.00000000   0.00000000     0.00000000  -0.00000000    -0.00237873  -0.00237873
    1    5
  0.01977614  -0.00000000     0.00000000   0.03860194     0.00000000   0.00000000
  0.00000000   0.01013932    -0.00321800   0.00000000    -0.00000000   0.00000000
  0.00000000   0.00000000     0.00000000   0.00000000     0.00336404   0.00000000
    1    6
  0.01977614  -0.00000000    -0.00000000  -0.00000000     0.00000000   0.03860194
  0.00000000  -0.00000000     0.00336404  -0.00000000     0.00000000   0.00000000
  0.00000000   0.01013932     0.00000000   0.00000000    -0.00321800   0.00000000
    1    7
 -0.01398384  -0.01398384     0.00000000   0.00000000    -0.02729569   0.02729570
  0.00000000   0.00000000    -0.00237873  -0.00237873     0.00000000   0.00000000
 -0.00716958   0.00716958     0.00000000   0.00000000     0.00227547   0.00227547
    2    1
  0.00728458   0.01758655    -0.00000000  -0.00000000     0.00000000   0.00000000
 -0.00000000  -0.00000000    -0.00042703  -0.01070891     0.00000000   0.00000000
  0.00000000  -0.00000000     0.00000000  -0.00000000    -0.00727039  -0.00787430
    2    2
  0.02786399   0.00000000    -0.00000000   0.00000000    -0.00000000   0.00000000
 -0.00000000   0.00000000     0.02614634  -0.00000000    -0.00000000   0.00000000
 -0.00000000   0.00000000    -0.00000000   0.00000000     0.02614634   0.00000000
    2    3
  0.01776844   0.00000000     0.00000000   0.00000000    -0.00000000   0.00000000
 -0.00000000   0.00000000     0.01415143   0.01473697    -0.00000000   0.00000000
 -0.00000000   0.00000000    -0.00000000   0.00000000     0.01415143  -0.01473697
    2    4
  0.00341938  -0.00022192    -0.00182958  -0.00150862    -0.00000000  -0.00000000
  0.01267427   0.01354934     0.00519688  -0.00177422    -0.00000000  -0.00000000
  0.00000000   0.00000000     0.00000000   0.00000000    -0.00030686   0.00108146
    2    5
 -0.00226095   0.00257479    -0.00236046   0.00022695    -0.00000000   0.00000000
  0.01854289   0.00061878    -0.00242019   0.00492931    -0.00000000   0.00000000
  0.00000000   0.00000000    -0.00000000   0.00000000    -0.00054773  -0.00098169
    2    6
  0.00341938   0.00022192    -0.00000000   0.00000000    -0.00182958   0.00150862
 -0.00000000   0.00000000    -0.00030686  -0.00108146    -0.00000000  -0.00000000
  0.01267427  -0.01354934    -0.00000000   0.00000000     0.00519688   0.00177422
    2    7
 -0.00226095  -0.00257479     0.00000000   0.00000000    -0.00236046  -0.00022695
 -0.00000000   0.00000000    -0.00054773   0.00098169    -0.00000000   0.00000000
  0.01854289  -0.00061878     0.00000000   0.00000000    -0.00242019  -0.00492931
    3    1
  0.00728458   0.01758655    -0.00000000  -0.00000000    -0.00000000   0.00000000
 -0.00000000  -0.00000000    -0.00727039  -0.00787430    -0.00000000   0.00000000
 -0.00000000  -0.00000000    -0.00000000   0.00000000    -0.00042703  -0.01070891
    3    2
  0.01776844  -0.00000000     0.00000000  -0.00000000    -0.00000000  -0.00000000
 -0.00000000  -0.00000000     0.01415143  -0.01473697    -0.00000000  -0.00000000
 -0.00000000  -0.00000000    -0.00000000  -0.00000000     0.01415143   0.01473697
    3    3
  0.02786399  -0.00000000    -0.00000000  -0.00000000    -0.00000000  -0.00000000
 -0.00000000  -0.00000000     0.02614634   0.00000000    -0.00000000  -0.00000000
 -0.00000000  -0.00000000    -0.00000000  -0.00000000     0.02614634  -0.00000000
    3    4
 -0.00226095  -0.00257479    -0.00236046  -0.00022695    -0.00000000   0.00000000
  0.01854289  -0.00061878    -0.00242019  -0.00492931     0.00000000   0.00000000
  0.00000000  -0.00000000    -0.00000000  -0.00000000    -0.00054773   0.00098169
    3    5
  0.00341938   0.00022192    -0.00182958   0.00150862     0.00000000   0.00000000
  0.01267427  -0.01354934     0.00519688   0.00177422     0.00000000   0.00000000
 -0.00000000   0.00000000    -0.00000000   0.00000000    -0.00030686  -0.00108146
    3    6
 -0.00226095   0.00257479     0.00000000   0.00000000    -0.00236046   0.00022695
 -0.00000000  -0.00000000    -0.00054773  -0.00098169     0.00000000  -0.00000000
  0.01854289   0.00061878     0.00000000  -0.00000000    -0.00242019   0.00492931
    3    7
  0.00341938  -0.00022192    -0.00000000  -0.00000000    -0.00182958  -0.00150862
 -0.00000000  -0.00000000    -0.00030686   0.00108146     0.00000000   0.00000000
  0.01267427   0.01354934    -0.00000000   0.00000000     0.00519688  -0.00177422
    4    1
 -0.01398384   0.01398384    -0.00716958  -0.00716958     0.00000000  -0.00000000
 -0.02729569  -0.02729570     0.00227547  -0.00227547     0.00000000  -0.00000000
  0.00000000   0.00000000     0.00000000  -0.00000000    -0.00237873   0.00237873
    4    2
  0.00341938   0.00022192     0.01267427  -0.01354934     0.00000000   0.00000000
 -0.00182958   0.00150862     0.00519688   0.00177422     0.00000000  -0.00000000
 -0.00000000   0.00000000    -0.00000000   0.00000000    -0.00030686  -0.00108146
    4    3
 -0.00226095   0.00257479     0.01854289   0.00061878    -0.00000000   0.00000000
 -0.00236046   0.00022695    -0.00242019   0.00492931    -0.00000000   0.00000000
 -0.00000000   0.00000000     0.00000000   0.00000000    -0.00054773  -0.00098169
    4    4
  0.02469003   0.00000000     0.00000000  -0.00813790    -0.00000000   0.00000000
 -0.00000000   0.00813790     0.01726607   0.00000000    -0.00000000   0.00000000
 -0.00000000   0.00000000    -0.00000000   0.00000000     0.05957503   0.00000000
    4    5
  0.00488349  -0.00488349    -0.00104710  -0.00104710    -0.00000000   0.00000000
 -0.00104710  -0.00104710     0.00360218  -0.00360218    -0.00000000   0.00000000
 -0.00000000   0.00000000    -0.00000000   0.00000000     0.03941446  -0.03941445
    4    6
 -0.00268157   0.00268157    -0.00071686  -0.00071686    -0.00209499  -0.00209499
 -0.00209499  -0.00209499     0.00100923  -0.00100923     0.00547752  -0.00547752
 -0.00071686  -0.00071686     0.04009386  -0.04009384     0.00100923  -0.00100923
    4    7
  0.00379232  -0.00000000    -0.00000000   0.00101379    -0.00000000  -0.00296277
  0.00000000   0.00296277    -0.00142726   0.00000000     0.00774638  -0.00000000
  0.00000000  -0.00101379     0.05670127  -0.00000000    -0.00142726   0.00000000
    5    1
  0.01977614   0.00000000     0.00000000  -0.01013932     0.00000000  -0.00000000
  0.00000000  -0.03860194    -0.00321800  -0.00000000    -0.00000000  -0.00000000
 -0.00000000   0.00000000     0.00000000  -0.00000000     0.00336404   0.00000000
    5    2
 -0.00226095  -0.00257479     0.01854289  -0.00061878    -0.00000000  -0.00000000
 -0.00236046  -0.00022695    -0.00242019  -0.00492931    -0.00000000  -0.00000000
  0.00000000  -0.00000000     0.00000000  -0.00000000    -0.00054773   0.00098169
    5    3
  0.00341938  -0.00022192     0.01267427   0.01354934     0.00000000   0.00000000
 -0.00182958  -0.00150862     0.00519688  -0.00177422     0.00000000   0.00000000
  0.00000000   0.00000000     0.00000000  -0.00000000    -0.00030686   0.00108146
    5    4
  0.00488349   0.00488349    -0.00104710   0.00104710    -0.00000000  -0.00000000
 -0.00104710   0.00104710     0.00360218   0.00360218    -0.00000000  -0.00000000
 -0.00000000  -0.00000000    -0.00000000  -0.00000000     0.03941446   0.03941445
    5    5
  0.02469003  -0.00000000     0.00000000   0.00813790    -0.00000000   0.00000000
 -0.00000000  -0.00813790     0.01726607  -0.00000000    -0.00000000   0.00000000
 -0.00000000   0.00000000    -0.00000000   0.00000000     0.05957503  -0.00000000
    5    6
  0.00379232   0.00000000    -0.00000000  -0.00101379    -0.00000000   0.00296277
  0.00000000  -0.00296277    -0.00142726  -0.00000000     0.00774638   0.00000000
  0.00000000   0.00101379     0.05670127   0.00000000    -0.00142726   0.00000000
    5    7
 -0.00268157  -0.00268157    -0.00071686   0.00071686    -0.00209499   0.00209499
 -0.00209499   0.00209499     0.00100923   0.00100923     0.00547752   0.00547752
 -0.00071686   0.00071686     0.04009386   0.04009384     0.00100923   0.00100923
    6    1
  0.01977614   0.00000000     0.00000000   0.00000000     0.00000000  -0.01013932
  0.00000000   0.00000000     0.00336404   0.00000000     0.00000000  -0.00000000
  0.00000000  -0.03860194     0.00000000   0.00000000    -0.00321800  -0.00000000
    6    2
  0.00341938  -0.00022192    -0.00000000  -0.00000000     0.01267427   0.01354934
  0.00000000   0.00000000    -0.00030686   0.00108146    -0.00000000  -0.00000000
 -0.00182958  -0.00150862    -0.00000000   0.00000000     0.00519688  -0.00177422
    6    3
 -0.00226095  -0.00257479    -0.00000000   0.00000000     0.01854289  -0.00061878
  0.00000000  -0.00000000    -0.00054773   0.00098169    -0.00000000   0.00000000
 -0.00236046  -0.00022695     0.00000000   0.00000000    -0.00242019  -0.00492931
    6    4
 -0.00268157  -0.00268157    -0.00209499   0.00209499    -0.00071686   0.00071686
 -0.00071686   0.00071686     0.00100923   0.00100923     0.04009386   0.04009384
 -0.00209499   0.00209499     0.00547752   0.00547752     0.00100923   0.00100923
    6    5
  0.00379232  -0.00000000     0.00000000   0.00296277     0.00000000  -0.00101379
 -0.00000000   0.00101379    -0.00142726   0.00000000     0.05670127  -0.00000000
  0.00000000  -0.00296277     0.00774638  -0.00000000    -0.00142726   0.00000000
    6    6
  0.02469003   0.00000000    -0.00000000  -0.00000000    -0.00000000   0.00813790
 -0.00000000   0.00000000     0.05957503  -0.00000000    -0.00000000   0.00000000
 -0.00000000  -0.00813790    -0.00000000   0.00000000     0.01726607  -0.00000000
    6    7
  0.00488349   0.00488349     0.00000000  -0.00000000    -0.00104710   0.00104710
 -0.00000000  -0.00000000     0.03941446   0.03941445     0.00000000  -0.00000000
 -0.00104710   0.00104710     0.00000000  -0.00000000     0.00360218   0.00360218
    7    1
 -0.01398384   0.01398384     0.00000000   0.00000000    -0.00716958  -0.00716958
  0.00000000   0.00000000    -0.00237873   0.00237873    -0.00000000   0.00000000
 -0.02729569  -0.02729570     0.00000000   0.00000000     0.00227547  -0.00227547
    7    2
 -0.00226095   0.00257479    -0.00000000  -0.00000000     0.01854289   0.00061878
 -0.00000000   0.00000000    -0.00054773  -0.00098169    -0.00000000  -0.00000000
 -0.00236046   0.00022695     0.00000000  -0.00000000    -0.00242019   0.00492931
    7    3
  0.00341938   0.00022192    -0.00000000   0.00000000     0.01267427  -0.01354934
  0.00000000   0.00000000    -0.00030686  -0.00108146    -0.00000000   0.00000000
 -0.00182958   0.00150862    -0.00000000  -0.00000000     0.00519688   0.00177422
    7    4
  0.00379232   0.00000000     0.00000000  -0.00296277     0.00000000   0.00101379
 -0.00000000  -0.00101379    -0.00142726  -0.00000000     0.05670127   0.00000000
  0.00000000   0.00296277     0.00774638   0.00000000    -0.00142726  -0.00000000
    7    5
 -0.00268157   0.00268157    -0.00209499  -0.00209499    -0.00071686  -0.00071686
 -0.00071686  -0.00071686     0.00100923  -0.00100923     0.04009386  -0.04009384
 -0.00209499  -0.00209499     0.00547752  -0.00547752     0.00100923  -0.00100923
    7    6
  0.00488349  -0.00488349     0.00000000   0.00000000    -0.00104710  -0.00104710
 -0.00000000   0.00000000     0.03941446  -0.03941445     0.00000000   0.00000000
 -0.00104710  -0.00104710     0.00000000   0.00000000     0.00360218  -0.00360218
    7    7
  0.02469003  -0.00000000    -0.00000000   0.00000000    -0.00000000  -0.00813790
 -0.00000000  -0.00000000     0.05957503   0.00000000    -0.00000000   0.00000000
 -0.00000000   0.00813790    -0.00000000   0.00000000     0.01726607   0.00000000

     Dynamical  Matrix in cartesian axes

     q = (   -0.649519100  -0.000000000  -0.000000000 ) 

    1    1
  0.18366821   0.00000000     0.00000000   0.00000000     0.00000000   0.00000000
  0.00000000   0.00000000     0.02366050   0.00000000     0.00000000   0.00000000
  0.00000000   0.00000000     0.00000000   0.00000000     0.02366050   0.00000000
    1    2
  0.00728458   0.01758655    -0.00000000  -0.00000000     0.00000000   0.00000000
 -0.00000000  -0.00000000    -0.00042703  -0.01070891     0.00000000   0.00000000
  0.00000000   0.00000000     0.00000000   0.00000000    -0.00727039  -0.00787430
    1    3
  0.00728458   0.01758655     0.00000000  -0.00000000    -0.00000000   0.00000000
 -0.00000000  -0.00000000    -0.00727039  -0.00787430    -0.00000000   0.00000000
  0.00000000   0.00000000     0.00000000   0.00000000    -0.00042703  -0.01070891
    1    4
 -0.01398384   0.01398384    -0.02729569  -0.02729570     0.00000000   0.00000000
 -0.00716958  -0.00716958     0.00227547  -0.00227547    -0.00000000   0.00000000
 -0.00000000   0.00000000     0.00000000  -0.00000000    -0.00237873   0.00237873
    1    5
  0.01977614   0.00000000     0.00000000  -0.03860194    -0.00000000  -0.00000000
  0.00000000  -0.01013932    -0.00321800   0.00000000    -0.00000000  -0.00000000
 -0.00000000  -0.00000000    -0.00000000  -0.00000000     0.00336404   0.00000000
    1    6
  0.01977614   0.00000000    -0.00000000   0.00000000     0.00000000  -0.03860194
  0.00000000   0.00000000     0.00336404   0.00000000    -0.00000000  -0.00000000
  0.00000000  -0.01013932    -0.00000000   0.00000000    -0.00321800  -0.00000000
    1    7
 -0.01398384   0.01398384     0.00000000   0.00000000    -0.02729569  -0.02729570
  0.00000000   0.00000000    -0.00237873   0.00237873     0.00000000  -0.00000000
 -0.00716958  -0.00716958    -0.00000000   0.00000000     0.00227547  -0.00227547
    2    1
  0.00728458  -0.01758655    -0.00000000  -0.00000000     0.00000000  -0.00000000
 -0.00000000   0.00000000    -0.00042703   0.01070891     0.00000000  -0.00000000
  0.00000000   0.00000000     0.00000000   0.00000000    -0.00727039   0.00787430
    2    2
  0.02786399   0.00000000    -0.00000000  -0.00000000    -0.00000000   0.00000000
  0.00000000  -0.00000000     0.02614634   0.00000000    -0.00000000   0.00000000
 -0.00000000   0.00000000    -0.00000000   0.00000000     0.02614634  -0.00000000
    2    3
  0.01776844   0.00000000     0.00000000  -0.00000000    -0.00000000  -0.00000000
  0.00000000  -0.00000000     0.01415143  -0.01473697     0.00000000  -0.00000000
 -0.00000000  -0.00000000    -0.00000000  -0.00000000     0.01415143   0.01473697
    2    4
  0.00341938   0.00022192    -0.00182958   0.00150862     0.00000000  -0.00000000
  0.01267427  -0.01354934     0.00519688   0.00177422     0.00000000   0.00000000
  0.00000000   0.00000000     0.00000000   0.00000000    -0.00030686  -0.00108146
    2    5
 -0.00226095  -0.00257479    -0.00236046  -0.00022695     0.00000000   0.00000000
  0.01854289  -0.00061878    -0.00242019  -0.00492931     0.00000000   0.00000000
 -0.00000000  -0.00000000    -0.00000000   0.00000000    -0.00054773   0.00098169
    2    6
  0.00341938  -0.00022192    -0.00000000  -0.00000000    -0.00182958  -0.00150862
 -0.00000000  -0.00000000    -0.00030686   0.00108146     0.00000000   0.00000000
  0.01267427   0.01354934    -0.00000000   0.00000000     0.00519688  -0.00177422
    2    7
 -0.00226095   0.00257479    -0.00000000  -0.00000000    -0.00236046   0.00022695
 -0.00000000   0.00000000    -0.00054773  -0.00098169     0.00000000  -0.00000000
  0.01854289   0.00061878    -0.00000000  -0.00000000    -0.00242019   0.00492931
    3    1
  0.00728458  -0.01758655    -0.00000000   0.00000000     0.00000000   0.00000000
  0.00000000   0.00000000    -0.00727039   0.00787430     0.00000000   0.00000000
 -0.00000000   0.00000000     0.00000000   0.00000000    -0.00042703   0.01070891
    3    2
  0.01776844  -0.00000000     0.00000000   0.00000000    -0.00000000   0.00000000
  0.00000000   0.00000000     0.01415143   0.01473697     0.00000000   0.00000000
 -0.00000000   0.00000000    -0.00000000   0.00000000     0.01415143  -0.01473697
    3    3
  0.02786399  -0.00000000    -0.00000000   0.00000000    -0.00000000  -0.00000000
  0.00000000   0.00000000     0.02614634  -0.00000000    -0.00000000  -0.00000000
 -0.00000000  -0.00000000    -0.00000000  -0.00000000     0.02614634   0.00000000
    3    4
 -0.00226095   0.00257479    -0.00236046   0.00022695     0.00000000   0.00000000
  0.01854289   0.00061878    -0.00242019   0.00492931     0.00000000  -0.00000000
  0.00000000  -0.00000000     0.00000000  -0.00000000    -0.00054773  -0.00098169
    3    5
  0.00341938  -0.00022192    -0.00182958  -0.00150862     0.00000000  -0.00000000
  0.01267427   0.01354934     0.00519688  -0.00177422     0.00000000  -0.00000000
  0.00000000  -0.00000000     0.00000000   0.00000000    -0.00030686   0.00108146
    3    6
 -0.00226095  -0.00257479     0.00000000   0.00000000    -0.00236046  -0.00022695
 -0.00000000  -0.00000000    -0.00054773   0.00098169     0.00000000   0.00000000
  0.01854289  -0.00061878     0.00000000   0.00000000    -0.00242019  -0.00492931
    3    7
  0.00341938   0.00022192    -0.00000000   0.00000000    -0.00182958   0.00150862
 -0.00000000   0.00000000    -0.00030686  -0.00108146     0.00000000  -0.00000000
  0.01267427  -0.01354934    -0.00000000   0.00000000     0.00519688   0.00177422
    4    1
 -0.01398384  -0.01398384    -0.00716958   0.00716958    -0.00000000  -0.00000000
 -0.02729569   0.02729570     0.00227547   0.00227547     0.00000000   0.00000000
  0.00000000  -0.00000000    -0.00000000  -0.00000000    -0.00237873  -0.00237873
    4    2
  0.00341938  -0.00022192     0.01267427   0.01354934    -0.00000000   0.00000000
 -0.00182958  -0.00150862     0.00519688  -0.00177422     0.00000000  -0.00000000
  0.00000000  -0.00000000     0.00000000  -0.00000000    -0.00030686   0.00108146
    4    3
 -0.00226095  -0.00257479     0.01854289  -0.00061878    -0.00000000  -0.00000000
 -0.00236046  -0.00022695    -0.00242019  -0.00492931    -0.00000000  -0.00000000
  0.00000000  -0.00000000     0.00000000   0.00000000    -0.00054773   0.00098169
    4    4
  0.02469003  -0.00000000     0.00000000   0.00813790    -0.00000000   0.00000000
  0.00000000  -0.00813790     0.01726607  -0.00000000    -0.00000000   0.00000000
 -0.00000000   0.00000000    -0.00000000   0.00000000     0.05957503  -0.00000000
    4    5
  0.00488349   0.00488349    -0.00104710   0.00104710    -0.00000000  -0.00000000
 -0.00104710   0.00104710     0.00360218   0.00360218    -0.00000000  -0.00000000
 -0.00000000  -0.00000000    -0.00000000  -0.00000000     0.03941446   0.03941445
    4    6
 -0.00268157  -0.00268157    -0.00071686   0.00071686    -0.00209499   0.00209499
 -0.00209499   0.00209499     0.00100923   0.00100923     0.00547752   0.00547752
 -0.00071686   0.00071686     0.04009386   0.04009384     0.00100923   0.00100923
    4    7
  0.00379232  -0.00000000    -0.00000000  -0.00101379     0.00000000   0.00296277
 -0.00000000  -0.00296277    -0.00142726   0.00000000     0.00774638  -0.00000000
 -0.00000000   0.00101379     0.05670127  -0.00000000    -0.00142726   0.00000000
    5    1
  0.01977614  -0.00000000     0.00000000   0.01013932    -0.00000000   0.00000000
  0.00000000   0.03860194    -0.00321800  -0.00000000    -0.00000000   0.00000000
 -0.00000000   0.00000000    -0.00000000   0.00000000     0.00336404   0.00000000
    5    2
 -0.00226095   0.00257479     0.01854289   0.00061878    -0.00000000  -0.00000000
 -0.00236046   0.00022695    -0.00242019   0.00492931    -0.00000000   0.00000000
  0.00000000   0.00000000     0.00000000  -0.00000000    -0.00054773  -0.00098169
    5    3
  0.00341938   0.00022192     0.01267427  -0.01354934    -0.00000000   0.00000000
 -0.00182958   0.00150862     0.00519688   0.00177422    -0.00000000  -0.00000000
  0.00000000  -0.00000000     0.00000000  -0.00000000    -0.00030686  -0.00108146
    5    4
  0.00488349  -0.00488349    -0.00104710  -0.00104710    -0.00000000   0.00000000
 -0.00104710  -0.00104710     0.00360218  -0.00360218    -0.00000000   0.00000000
 -0.00000000   0.00000000    -0.00000000   0.00000000     0.03941446  -0.03941445
    5    5
  0.02469003   0.00000000     0.00000000  -0.00813790    -0.00000000   0.00000000
  0.00000000   0.00813790     0.01726607   0.00000000    -0.00000000   0.00000000
 -0.00000000   0.00000000    -0.00000000   0.00000000     0.05957503   0.00000000
    5    6
  0.00379232   0.00000000    -0.00000000   0.00101379     0.00000000  -0.00296277
  0.00000000   0.00296277    -0.00142726  -0.00000000     0.00774638   0.00000000
 -0.00000000  -0.00101379     0.05670127   0.00000000    -0.00142726  -0.00000000
    5    7
 -0.00268157   0.00268157    -0.00071686  -0.00071686    -0.00209499  -0.00209499
 -0.00209499  -0.00209499     0.00100923  -0.00100923     0.00547752  -0.00547752
 -0.00071686  -0.00071686     0.04009386  -0.04009384     0.00100923  -0.00100923
    6    1
  0.01977614  -0.00000000    -0.00000000  -0.00000000     0.00000000   0.01013932
  0.00000000  -0.00000000     0.00336404  -0.00000000     0.00000000   0.00000000
  0.00000000   0.03860194     0.00000000  -0.00000000    -0.00321800   0.00000000
    6    2
  0.00341938   0.00022192    -0.00000000   0.00000000     0.01267427  -0.01354934
 -0.00000000   0.00000000    -0.00030686  -0.00108146    -0.00000000   0.00000000
 -0.00182958   0.00150862    -0.00000000  -0.00000000     0.00519688   0.00177422
    6    3
 -0.00226095   0.00257479    -0.00000000   0.00000000     0.01854289   0.00061878
  0.00000000   0.00000000    -0.00054773  -0.00098169     0.00000000  -0.00000000
 -0.00236046   0.00022695     0.00000000  -0.00000000    -0.00242019   0.00492931
    6    4
 -0.00268157   0.00268157    -0.00209499  -0.00209499    -0.00071686  -0.00071686
 -0.00071686  -0.00071686     0.00100923  -0.00100923     0.04009386  -0.04009384
 -0.00209499  -0.00209499     0.00547752  -0.00547752     0.00100923  -0.00100923
    6    5
  0.00379232  -0.00000000    -0.00000000  -0.00296277    -0.00000000   0.00101379
 -0.00000000  -0.00101379    -0.00142726   0.00000000     0.05670127  -0.00000000
 -0.00000000   0.00296277     0.00774638  -0.00000000    -0.00142726   0.00000000
    6    6
  0.02469003   0.00000000     0.00000000   0.00000000    -0.00000000  -0.00813790
 -0.00000000  -0.00000000     0.05957503   0.00000000    -0.00000000   0.00000000
 -0.00000000   0.00813790    -0.00000000   0.00000000     0.01726607   0.00000000
    6    7
  0.00488349  -0.00488349    -0.00000000   0.00000000    -0.00104710  -0.00104710
  0.00000000   0.00000000     0.03941446  -0.03941445     0.00000000   0.00000000
 -0.00104710  -0.00104710    -0.00000000  -0.00000000     0.00360218  -0.00360218
    7    1
 -0.01398384  -0.01398384     0.00000000   0.00000000    -0.00716958   0.00716958
  0.00000000  -0.00000000    -0.00237873  -0.00237873    -0.00000000   0.00000000
 -0.02729569   0.02729570     0.00000000   0.00000000     0.00227547   0.00227547
    7    2
 -0.00226095  -0.00257479    -0.00000000   0.00000000     0.01854289  -0.00061878
 -0.00000000   0.00000000    -0.00054773   0.00098169     0.00000000   0.00000000
 -0.00236046  -0.00022695     0.00000000   0.00000000    -0.00242019  -0.00492931
    7    3
  0.00341938  -0.00022192    -0.00000000  -0.00000000     0.01267427   0.01354934
  0.00000000   0.00000000    -0.00030686   0.00108146    -0.00000000   0.00000000
 -0.00182958  -0.00150862    -0.00000000   0.00000000     0.00519688  -0.00177422
    7    4
  0.00379232   0.00000000    -0.00000000   0.00296277     0.00000000  -0.00101379
 -0.00000000   0.00101379    -0.00142726   0.00000000     0.05670127   0.00000000
  0.00000000  -0.00296277     0.00774638   0.00000000    -0.00142726   0.00000000
    7    5
 -0.00268157  -0.00268157    -0.00209499   0.00209499    -0.00071686   0.00071686
 -0.00071686   0.00071686     0.00100923   0.00100923     0.04009386   0.04009384
 -0.00209499   0.00209499     0.00547752   0.00547752     0.00100923   0.00100923
    7    6
  0.00488349   0.00488349    -0.00000000  -0.00000000    -0.00104710   0.00104710
  0.00000000   0.00000000     0.03941446   0.03941445     0.00000000   0.00000000
 -0.00104710   0.00104710    -0.00000000   0.00000000     0.00360218   0.00360218
    7    7
  0.02469003  -0.00000000     0.00000000  -0.00000000    -0.00000000   0.00813790
 -0.00000000   0.00000000     0.05957503  -0.00000000    -0.00000000   0.00000000
 -0.00000000  -0.00813790    -0.00000000   0.00000000     0.01726607  -0.00000000

     Dynamical  Matrix in cartesian axes

     q = (   -0.000000000   0.649519100   0.000000000 ) 

    1    1
  0.02366050   0.00000000    -0.00000000   0.00000000     0.00000000   0.00000000
  0.00000000   0.00000000     0.18366821   0.00000000     0.00000000   0.00000000
  0.00000000   0.00000000     0.00000000   0.00000000     0.02366050   0.00000000
    1    2
 -0.00321800  -0.00000000     0.00000000   0.01013932    -0.00000000   0.00000000
  0.00000000   0.03860194     0.01977614  -0.00000000    -0.00000000   0.00000000
 -0.00000000  -0.00000000    -0.00000000   0.00000000     0.00336404   0.00000000
    1    3
  0.00227547   0.00227547    -0.00716958   0.00716958     0.00000000   0.00000000
 -0.02729569   0.02729570    -0.01398384  -0.01398384     0.00000000   0.00000000
  0.00000000   0.00000000     0.00000000   0.00000000    -0.00237873  -0.00237873
    1    4
 -0.00727039   0.00787430    -0.00000000   0.00000000     0.00000000  -0.00000000
 -0.00000000   0.00000000     0.00728458  -0.01758655     0.00000000  -0.00000000
  0.00000000  -0.00000000     0.00000000  -0.00000000    -0.00042703   0.01070891
    1    5
 -0.00042703   0.01070891    -0.00000000   0.00000000     0.00000000  -0.00000000
 -0.00000000   0.00000000     0.00728458  -0.01758655     0.00000000  -0.00000000
  0.00000000  -0.00000000     0.00000000  -0.00000000    -0.00727039   0.00787430
    1    6
 -0.00237873  -0.00237873     0.00000000  -0.00000000     0.00000000  -0.00000000
  0.00000000  -0.00000000    -0.01398384  -0.01398384    -0.02729569   0.02729570
  0.00000000   0.00000000    -0.00716958   0.00716958     0.00227547   0.00227547
    1    7
  0.00336404  -0.00000000    -0.00000000  -0.00000000     0.00000000   0.00000000
  0.00000000  -0.00000000     0.01977614  -0.00000000     0.00000000   0.03860194
