  4.000000000000000E-002   1.25994432394592        2.39890022168420     
          12

     Dynamical  Matrix in cartesian axes

     q = (   -0.866025404  -0.216506351  -0.216506351 ) 

    1    1
  0.02889742   0.00000000     0.00000000  -0.00000000    -0.00000000  -0.00000000
  0.00000000  -0.00000000     0.14563990   0.00000000     0.00327359   0.00000000
 -0.00000000  -0.00000000     0.00327359   0.00000000     0.14563990   0.00000000
    1    2
  0.00000000  -0.00000000    -0.00655128   0.00655128    -0.00655128   0.00655128
 -0.01792853   0.01792853     0.00395896   0.00395896    -0.01549176  -0.01549176
 -0.01792853   0.01792853     0.01549176   0.01549176    -0.00395896  -0.00395896
    1    3
  0.00000000  -0.00000000    -0.00655128   0.00655128    -0.00655128   0.00655128
 -0.01792853   0.01792853    -0.00395896  -0.00395896     0.01549176   0.01549176
 -0.01792853   0.01792853    -0.01549176  -0.01549176     0.00395896   0.00395896
    1    4
 -0.00521819   0.00698117     0.00000000  -0.00000000    -0.00000000   0.00000000
  0.00000000   0.00000000    -0.01479830   0.01157658    -0.02340988  -0.01190613
 -0.00000000   0.00000000     0.02947450   0.05397940     0.01912895  -0.00847254
    1    5
 -0.00698117   0.00521819     0.00000000   0.00000000     0.00000000   0.00000000
  0.00000000  -0.00000000    -0.01157658   0.01479830     0.01190613   0.02340988
 -0.00000000   0.00000000    -0.05397940  -0.02947450     0.00847254  -0.01912895
    1    6
 -0.00698117   0.00521819    -0.00000000   0.00000000     0.00000000  -0.00000000
  0.00000000   0.00000000     0.00847254  -0.01912895    -0.05397940  -0.02947450
  0.00000000  -0.00000000     0.01190613   0.02340988    -0.01157658   0.01479830
    1    7
 -0.00521819   0.00698117    -0.00000000   0.00000000     0.00000000  -0.00000000
 -0.00000000  -0.00000000     0.01912895  -0.00847254     0.02947450   0.05397940
  0.00000000  -0.00000000    -0.02340988  -0.01190613    -0.01479830   0.01157658
    2    1
  0.00000000   0.00000000    -0.01792853  -0.01792853    -0.01792853  -0.01792853
 -0.00655128  -0.00655128     0.00395896  -0.00395896     0.01549176  -0.01549176
 -0.00655128  -0.00655128    -0.01549176   0.01549176    -0.00395896   0.00395896
    2    2
  0.01777628  -0.00000000     0.00000000  -0.00253256    -0.00000000   0.00253256
 -0.00000000   0.00253256     0.03672212   0.00000000    -0.00175786   0.00000000
 -0.00000000  -0.00253256    -0.00175786   0.00000000     0.03672212  -0.00000000
    2    3
  0.00340310   0.00000000     0.00000000   0.00595174    -0.00000000  -0.00595174
  0.00000000   0.00595174     0.01229401  -0.00000000    -0.00822964   0.00000000
 -0.00000000  -0.00595174    -0.00822964   0.00000000     0.01229401  -0.00000000
    2    4
  0.00247872   0.00100118     0.00810832  -0.01006225    -0.00209871   0.00288209
  0.02363689   0.00005012     0.01769828  -0.00012466     0.00123234  -0.00507699
 -0.00599808   0.00149925     0.00569113  -0.00531969     0.00497307  -0.00120962
    2    5
 -0.00247872   0.00100118     0.00810832   0.01006225    -0.00209871  -0.00288209
  0.02363689  -0.00005012    -0.01769828  -0.00012466    -0.00123234  -0.00507699
 -0.00599808  -0.00149925    -0.00569113  -0.00531969    -0.00497307  -0.00120962
    2    6
  0.00247872  -0.00100118    -0.00209871  -0.00288209     0.00810832   0.01006225
 -0.00599808  -0.00149925     0.00497307   0.00120962     0.00569113   0.00531969
  0.02363689  -0.00005012     0.00123234   0.00507699     0.01769828   0.00012466
    2    7
 -0.00247872  -0.00100118    -0.00209871   0.00288209     0.00810832  -0.01006225
 -0.00599808   0.00149925    -0.00497307   0.00120962    -0.00569113   0.00531969
  0.02363689   0.00005012    -0.00123234   0.00507699    -0.01769828   0.00012466
    3    1
  0.00000000   0.00000000    -0.01792853  -0.01792853    -0.01792853  -0.01792853
 -0.00655128  -0.00655128    -0.00395896   0.00395896    -0.01549176   0.01549176
 -0.00655128  -0.00655128     0.01549176  -0.01549176     0.00395896  -0.00395896
    3    2
  0.00340310   0.00000000     0.00000000  -0.00595174    -0.00000000   0.00595174
  0.00000000  -0.00595174     0.01229401   0.00000000    -0.00822964  -0.00000000
 -0.00000000   0.00595174    -0.00822964  -0.00000000     0.01229401   0.00000000
    3    3
  0.01777628   0.00000000     0.00000000   0.00253256    -0.00000000  -0.00253256
 -0.00000000  -0.00253256     0.03672212  -0.00000000    -0.00175786   0.00000000
 -0.00000000   0.00253256    -0.00175786   0.00000000     0.03672212   0.00000000
    3    4
 -0.00247872  -0.00100118     0.00810832  -0.01006225    -0.00209871   0.00288209
  0.02363689   0.00005012    -0.01769828   0.00012466    -0.00123234   0.00507699
 -0.00599808   0.00149925    -0.00569113   0.00531969    -0.00497307   0.00120962
    3    5
  0.00247872  -0.00100118     0.00810832   0.01006225    -0.00209871  -0.00288209
  0.02363689  -0.00005012     0.01769828   0.00012466     0.00123234   0.00507699
 -0.00599808  -0.00149925     0.00569113   0.00531969     0.00497307   0.00120962
    3    6
 -0.00247872   0.00100118    -0.00209871  -0.00288209     0.00810832   0.01006225
 -0.00599808  -0.00149925    -0.00497307  -0.00120962    -0.00569113  -0.00531969
  0.02363689  -0.00005012    -0.00123234  -0.00507699    -0.01769828  -0.00012466
    3    7
  0.00247872   0.00100118    -0.00209871   0.00288209     0.00810832  -0.01006225
 -0.00599808   0.00149925     0.00497307  -0.00120962     0.00569113  -0.00531969
  0.02363689   0.00005012     0.00123234  -0.00507699     0.01769828  -0.00012466
    4    1
 -0.00521819  -0.00698117     0.00000000   0.00000000    -0.00000000   0.00000000
  0.00000000   0.00000000    -0.01479830  -0.01157658     0.02947450  -0.05397940
  0.00000000   0.00000000    -0.02340988   0.01190613     0.01912895   0.00847254
    4    2
  0.00247872  -0.00100118     0.02363689  -0.00005012    -0.00599808  -0.00149925
  0.00810832   0.01006225     0.01769828   0.00012466     0.00569113   0.00531969
 -0.00209871  -0.00288209     0.00123234   0.00507699     0.00497307   0.00120962
    4    3
 -0.00247872   0.00100118     0.02363689  -0.00005012    -0.00599808  -0.00149925
  0.00810832   0.01006225    -0.01769828  -0.00012466    -0.00569113  -0.00531969
 -0.00209871  -0.00288209    -0.00123234  -0.00507699    -0.00497307  -0.00120962
    4    4
  0.02973730   0.00000000    -0.00000000  -0.00000000    -0.00000000  -0.00000000
 -0.00000000   0.00000000     0.05563951   0.00000000     0.00151684  -0.00817700
 -0.00000000   0.00000000     0.00151684   0.00817700     0.04467842   0.00000000
    4    5
  0.02073391  -0.00180328     0.00000000   0.00000000     0.00000000   0.00000000
  0.00000000   0.00000000    -0.02625098   0.00150783    -0.00415610  -0.01349235
  0.00000000  -0.00000000    -0.00415610  -0.01349235    -0.00337859   0.01404928
    4    6
 -0.00847059  -0.00393374     0.00000000  -0.00000000    -0.00000000  -0.00000000
 -0.00000000  -0.00000000     0.01117967   0.00831013     0.01247702   0.02196958
 -0.00000000  -0.00000000    -0.00104353   0.03488709     0.01117967   0.00831013
    4    7
 -0.00765995   0.00000000    -0.00000000  -0.00000000     0.00000000   0.00000000
  0.00000000  -0.00000000    -0.02283733   0.00465818    -0.00532067   0.00000000
  0.00000000   0.00000000     0.01990158  -0.00000000    -0.02283733  -0.00465818
    5    1
 -0.00698117  -0.00521819     0.00000000   0.00000000    -0.00000000  -0.00000000
  0.00000000   0.00000000    -0.01157658  -0.01479830    -0.05397940   0.02947450
  0.00000000  -0.00000000     0.01190613  -0.02340988     0.00847254   0.01912895
    5    2
 -0.00247872  -0.00100118     0.02363689   0.00005012    -0.00599808   0.00149925
  0.00810832  -0.01006225    -0.01769828   0.00012466    -0.00569113   0.00531969
 -0.00209871   0.00288209    -0.00123234   0.00507699    -0.00497307   0.00120962
    5    3
  0.00247872   0.00100118     0.02363689   0.00005012    -0.00599808   0.00149925
  0.00810832  -0.01006225     0.01769828  -0.00012466     0.00569113  -0.00531969
 -0.00209871   0.00288209     0.00123234  -0.00507699     0.00497307  -0.00120962
    5    4
  0.02073391   0.00180328     0.00000000  -0.00000000     0.00000000   0.00000000
 -0.00000000  -0.00000000    -0.02625098  -0.00150783    -0.00415610   0.01349235
  0.00000000   0.00000000    -0.00415610   0.01349235    -0.00337859  -0.01404928
    5    5
  0.02973730  -0.00000000     0.00000000   0.00000000    -0.00000000   0.00000000
  0.00000000  -0.00000000     0.05563951  -0.00000000     0.00151684   0.00817700
 -0.00000000  -0.00000000     0.00151684  -0.00817700     0.04467842  -0.00000000
    5    6
 -0.00765995  -0.00000000    -0.00000000  -0.00000000     0.00000000  -0.00000000
  0.00000000   0.00000000    -0.02283733  -0.00465818    -0.00532067  -0.00000000
  0.00000000  -0.00000000     0.01990158   0.00000000    -0.02283733   0.00465818
    5    7
 -0.00847059   0.00393374     0.00000000   0.00000000    -0.00000000   0.00000000
 -0.00000000   0.00000000     0.01117967  -0.00831013     0.01247702  -0.02196958
 -0.00000000   0.00000000    -0.00104353  -0.03488709     0.01117967  -0.00831013
    6    1
 -0.00698117  -0.00521819     0.00000000  -0.00000000    -0.00000000   0.00000000
  0.00000000  -0.00000000     0.00847254   0.01912895     0.01190613  -0.02340988
  0.00000000  -0.00000000    -0.05397940   0.02947450    -0.01157658  -0.01479830
    6    2
  0.00247872   0.00100118    -0.00599808   0.00149925     0.02363689   0.00005012
 -0.00209871   0.00288209     0.00497307  -0.00120962     0.00123234  -0.00507699
  0.00810832  -0.01006225     0.00569113  -0.00531969     0.01769828  -0.00012466
    6    3
 -0.00247872  -0.00100118    -0.00599808   0.00149925     0.02363689   0.00005012
 -0.00209871   0.00288209    -0.00497307   0.00120962    -0.00123234   0.00507699
  0.00810832  -0.01006225    -0.00569113   0.00531969    -0.01769828   0.00012466
    6    4
 -0.00847059   0.00393374     0.00000000   0.00000000    -0.00000000   0.00000000
 -0.00000000   0.00000000     0.01117967  -0.00831013    -0.00104353  -0.03488709
 -0.00000000   0.00000000     0.01247702  -0.02196958     0.01117967  -0.00831013
    6    5
 -0.00765995   0.00000000     0.00000000  -0.00000000     0.00000000   0.00000000
  0.00000000   0.00000000    -0.02283733   0.00465818     0.01990158  -0.00000000
  0.00000000   0.00000000    -0.00532067   0.00000000    -0.02283733  -0.00465818
    6    6
  0.02973730  -0.00000000    -0.00000000  -0.00000000    -0.00000000   0.00000000
 -0.00000000   0.00000000     0.04467842  -0.00000000     0.00151684  -0.00817700
 -0.00000000   0.00000000     0.00151684   0.00817700     0.05563951  -0.00000000
    6    7
  0.02073391   0.00180328    -0.00000000  -0.00000000     0.00000000   0.00000000
  0.00000000  -0.00000000    -0.00337859  -0.01404928    -0.00415610   0.01349235
  0.00000000  -0.00000000    -0.00415610   0.01349235    -0.02625098  -0.00150783
    7    1
 -0.00521819  -0.00698117    -0.00000000   0.00000000     0.00000000   0.00000000
  0.00000000   0.00000000     0.01912895   0.00847254    -0.02340988   0.01190613
  0.00000000   0.00000000     0.02947450  -0.05397940    -0.01479830  -0.01157658
    7    2
 -0.00247872   0.00100118    -0.00599808  -0.00149925     0.02363689  -0.00005012
 -0.00209871  -0.00288209    -0.00497307  -0.00120962    -0.00123234  -0.00507699
  0.00810832   0.01006225    -0.00569113  -0.00531969    -0.01769828  -0.00012466
    7    3
  0.00247872  -0.00100118    -0.00599808  -0.00149925     0.02363689  -0.00005012
 -0.00209871  -0.00288209     0.00497307   0.00120962     0.00123234   0.00507699
  0.00810832   0.01006225     0.00569113   0.00531969     0.01769828   0.00012466
    7    4
 -0.00765995  -0.00000000     0.00000000   0.00000000     0.00000000  -0.00000000
  0.00000000   0.00000000    -0.02283733  -0.00465818     0.01990158   0.00000000
  0.00000000  -0.00000000    -0.00532067  -0.00000000    -0.02283733   0.00465818
    7    5
 -0.00847059  -0.00393374     0.00000000  -0.00000000    -0.00000000   0.00000000
  0.00000000  -0.00000000     0.01117967   0.00831013    -0.00104353   0.03488709
 -0.00000000   0.00000000     0.01247702   0.02196958     0.01117967   0.00831013
    7    6
  0.02073391  -0.00180328    -0.00000000   0.00000000     0.00000000   0.00000000
 -0.00000000   0.00000000    -0.00337859   0.01404928    -0.00415610  -0.01349235
  0.00000000   0.00000000    -0.00415610  -0.01349235    -0.02625098   0.00150783
    7    7
  0.02973730   0.00000000    -0.00000000   0.00000000    -0.00000000  -0.00000000
 -0.00000000  -0.00000000     0.04467842   0.00000000     0.00151684   0.00817700
 -0.00000000  -0.00000000     0.00151684  -0.00817700     0.05563951   0.00000000

     Dynamical  Matrix in cartesian axes

     q = (   -0.216506351   0.866025404  -0.216506351 ) 

    1    1
  0.14563990   0.00000000     0.00000000  -0.00000000     0.00327359   0.00000000
  0.00000000  -0.00000000     0.02889742   0.00000000    -0.00000000  -0.00000000
  0.00327359   0.00000000    -0.00000000  -0.00000000     0.14563990   0.00000000
    1    2
 -0.01157658   0.01479830     0.00000000  -0.00000000     0.01190613   0.02340988
  0.00000000   0.00000000    -0.00698117   0.00521819    -0.00000000   0.00000000
 -0.05397940  -0.02947450     0.00000000   0.00000000     0.00847254  -0.01912895
    1    3
 -0.01479830   0.01157658     0.00000000   0.00000000    -0.02340988  -0.01190613
 -0.00000000  -0.00000000    -0.00521819   0.00698117    -0.00000000   0.00000000
  0.02947450   0.05397940    -0.00000000   0.00000000     0.01912895  -0.00847254
    1    4
 -0.00395896  -0.00395896    -0.01792853   0.01792853     0.01549176   0.01549176
 -0.00655128   0.00655128     0.00000000  -0.00000000    -0.00655128   0.00655128
 -0.01549176  -0.01549176    -0.01792853   0.01792853     0.00395896   0.00395896
    1    5
  0.00395896   0.00395896    -0.01792853   0.01792853    -0.01549176  -0.01549176
 -0.00655128   0.00655128     0.00000000  -0.00000000    -0.00655128   0.00655128
  0.01549176   0.01549176    -0.01792853   0.01792853    -0.00395896  -0.00395896
    1    6
  0.01912895  -0.00847254    -0.00000000  -0.00000000     0.02947450   0.05397940
  0.00000000   0.00000000    -0.00521819   0.00698117     0.00000000  -0.00000000
 -0.02340988  -0.01190613     0.00000000   0.00000000    -0.01479830   0.01157658
    1    7
  0.00847254  -0.01912895     0.00000000   0.00000000    -0.05397940  -0.02947450
 -0.00000000   0.00000000    -0.00698117   0.00521819     0.00000000  -0.00000000
  0.01190613   0.02340988     0.00000000  -0.00000000    -0.01157658   0.01479830
    2    1
 -0.01157658  -0.01479830     0.00000000  -0.00000000    -0.05397940   0.02947450
  0.00000000   0.00000000    -0.00698117  -0.00521819     0.00000000  -0.00000000
  0.01190613  -0.02340988    -0.00000000  -0.00000000     0.00847254   0.01912895
    2    2
  0.05563951  -0.00000000    -0.00000000  -0.00000000     0.00151684   0.00817700
 -0.00000000   0.00000000     0.02973730  -0.00000000    -0.00000000   0.00000000
  0.00151684  -0.00817700    -0.00000000   0.00000000     0.04467842  -0.00000000
    2    3
 -0.02625098  -0.00150783     0.00000000   0.00000000    -0.00415610   0.01349235
  0.00000000   0.00000000     0.02073391   0.00180328     0.00000000   0.00000000
 -0.00415610   0.01349235     0.00000000   0.00000000    -0.00337859  -0.01404928
    2    4
  0.01769828  -0.00012466     0.00810832  -0.01006225     0.00569113  -0.00531969
  0.02363689   0.00005012     0.00247872   0.00100118    -0.00599808   0.00149925
  0.00123234  -0.00507699    -0.00209871   0.00288209     0.00497307  -0.00120962
    2    5
 -0.01769828   0.00012466     0.00810832  -0.01006225    -0.00569113   0.00531969
  0.02363689   0.00005012    -0.00247872  -0.00100118    -0.00599808   0.00149925
 -0.00123234   0.00507699    -0.00209871   0.00288209    -0.00497307   0.00120962
    2    6
  0.01117967  -0.00831013    -0.00000000   0.00000000     0.01247702  -0.02196958
  0.00000000   0.00000000    -0.00847059   0.00393374    -0.00000000   0.00000000
 -0.00104353  -0.03488709    -0.00000000   0.00000000     0.01117967  -0.00831013
    2    7
 -0.02283733  -0.00465818     0.00000000   0.00000000    -0.00532067   0.00000000
  0.00000000   0.00000000    -0.00765995   0.00000000     0.00000000  -0.00000000
  0.01990158  -0.00000000     0.00000000  -0.00000000    -0.02283733   0.00465818
    3    1
 -0.01479830  -0.01157658    -0.00000000   0.00000000     0.02947450  -0.05397940
  0.00000000   0.00000000    -0.00521819  -0.00698117    -0.00000000   0.00000000
 -0.02340988   0.01190613    -0.00000000  -0.00000000     0.01912895   0.00847254
    3    2
 -0.02625098   0.00150783     0.00000000   0.00000000    -0.00415610  -0.01349235
 -0.00000000   0.00000000     0.02073391  -0.00180328     0.00000000  -0.00000000
 -0.00415610  -0.01349235    -0.00000000  -0.00000000    -0.00337859   0.01404928
    3    3
  0.05563951   0.00000000     0.00000000   0.00000000     0.00151684  -0.00817700
  0.00000000  -0.00000000     0.02973730   0.00000000    -0.00000000   0.00000000
  0.00151684   0.00817700    -0.00000000   0.00000000     0.04467842  -0.00000000
    3    4
 -0.01769828  -0.00012466     0.00810832   0.01006225    -0.00569113  -0.00531969
  0.02363689  -0.00005012    -0.00247872   0.00100118    -0.00599808  -0.00149925
 -0.00123234  -0.00507699    -0.00209871  -0.00288209    -0.00497307  -0.00120962
    3    5
  0.01769828   0.00012466     0.00810832   0.01006225     0.00569113   0.00531969
  0.02363689  -0.00005012     0.00247872  -0.00100118    -0.00599808  -0.00149925
  0.00123234   0.00507699    -0.00209871  -0.00288209     0.00497307   0.00120962
    3    6
 -0.02283733   0.00465818     0.00000000  -0.00000000    -0.00532067   0.00000000
 -0.00000000  -0.00000000    -0.00765995   0.00000000     0.00000000   0.00000000
  0.01990158  -0.00000000     0.00000000   0.00000000    -0.02283733  -0.00465818
    3    7
  0.01117967   0.00831013    -0.00000000  -0.00000000     0.01247702   0.02196958
  0.00000000  -0.00000000    -0.00847059  -0.00393374    -0.00000000   0.00000000
 -0.00104353   0.03488709    -0.00000000  -0.00000000     0.01117967   0.00831013
    4    1
 -0.00395896   0.00395896    -0.00655128  -0.00655128    -0.01549176   0.01549176
 -0.01792853  -0.01792853     0.00000000   0.00000000    -0.01792853  -0.01792853
  0.01549176  -0.01549176    -0.00655128  -0.00655128     0.00395896  -0.00395896
    4    2
  0.01769828   0.00012466     0.02363689  -0.00005012     0.00123234   0.00507699
  0.00810832   0.01006225     0.00247872  -0.00100118    -0.00209871  -0.00288209
  0.00569113   0.00531969    -0.00599808  -0.00149925     0.00497307   0.00120962
    4    3
 -0.01769828   0.00012466     0.02363689   0.00005012    -0.00123234   0.00507699
  0.00810832  -0.01006225    -0.00247872  -0.00100118    -0.00209871   0.00288209
 -0.00569113   0.00531969    -0.00599808   0.00149925    -0.00497307   0.00120962
    4    4
  0.03672212  -0.00000000    -0.00000000  -0.00253256    -0.00175786   0.00000000
  0.00000000   0.00253256     0.01777628   0.00000000    -0.00000000  -0.00253256
 -0.00175786   0.00000000    -0.00000000   0.00253256     0.03672212   0.00000000
    4    5
  0.01229401  -0.00000000     0.00000000  -0.00595174    -0.00822964   0.00000000
  0.00000000  -0.00595174     0.00340310  -0.00000000    -0.00000000   0.00595174
 -0.00822964   0.00000000    -0.00000000   0.00595174     0.01229401  -0.00000000
    4    6
  0.00497307  -0.00120962    -0.00599808   0.00149925     0.00569113  -0.00531969
 -0.00209871   0.00288209     0.00247872   0.00100118     0.00810832  -0.01006225
  0.00123234  -0.00507699     0.02363689   0.00005012     0.01769828  -0.00012466
    4    7
 -0.00497307  -0.00120962    -0.00599808  -0.00149925    -0.00569113  -0.00531969
 -0.00209871  -0.00288209    -0.00247872   0.00100118     0.00810832   0.01006225
 -0.00123234  -0.00507699     0.02363689  -0.00005012    -0.01769828  -0.00012466
    5    1
  0.00395896  -0.00395896    -0.00655128  -0.00655128     0.01549176  -0.01549176
 -0.01792853  -0.01792853     0.00000000   0.00000000    -0.01792853  -0.01792853
 -0.01549176   0.01549176    -0.00655128  -0.00655128    -0.00395896   0.00395896
    5    2
 -0.01769828  -0.00012466     0.02363689  -0.00005012    -0.00123234  -0.00507699
  0.00810832   0.01006225    -0.00247872   0.00100118    -0.00209871  -0.00288209
 -0.00569113  -0.00531969    -0.00599808  -0.00149925    -0.00497307  -0.00120962
    5    3
  0.01769828  -0.00012466     0.02363689   0.00005012     0.00123234  -0.00507699
  0.00810832  -0.01006225     0.00247872   0.00100118    -0.00209871   0.00288209
  0.00569113  -0.00531969    -0.00599808   0.00149925     0.00497307  -0.00120962
    5    4
  0.01229401   0.00000000     0.00000000   0.00595174    -0.00822964  -0.00000000
  0.00000000   0.00595174     0.00340310   0.00000000     0.00000000  -0.00595174
 -0.00822964  -0.00000000    -0.00000000  -0.00595174     0.01229401   0.00000000
    5    5
  0.03672212   0.00000000    -0.00000000   0.00253256    -0.00175786   0.00000000
  0.00000000  -0.00253256     0.01777628  -0.00000000    -0.00000000   0.00253256
 -0.00175786   0.00000000    -0.00000000  -0.00253256     0.03672212  -0.00000000
    5    6
 -0.00497307   0.00120962    -0.00599808   0.00149925    -0.00569113   0.00531969
 -0.00209871   0.00288209    -0.00247872  -0.00100118     0.00810832  -0.01006225
 -0.00123234   0.00507699     0.02363689   0.00005012    -0.01769828   0.00012466
    5    7
  0.00497307   0.00120962    -0.00599808  -0.00149925     0.00569113   0.00531969
 -0.00209871  -0.00288209     0.00247872  -0.00100118     0.00810832   0.01006225
  0.00123234   0.00507699     0.02363689  -0.00005012     0.01769828   0.00012466
    6    1
  0.01912895   0.00847254    -0.00000000  -0.00000000    -0.02340988   0.01190613
 -0.00000000   0.00000000    -0.00521819  -0.00698117     0.00000000  -0.00000000
  0.02947450  -0.05397940    -0.00000000   0.00000000    -0.01479830  -0.01157658
    6    2
  0.01117967   0.00831013     0.00000000  -0.00000000    -0.00104353   0.03488709
 -0.00000000  -0.00000000    -0.00847059  -0.00393374    -0.00000000   0.00000000
  0.01247702   0.02196958    -0.00000000  -0.00000000     0.01117967   0.00831013
    6    3
 -0.02283733  -0.00465818     0.00000000   0.00000000     0.01990158   0.00000000
  0.00000000   0.00000000    -0.00765995  -0.00000000     0.00000000  -0.00000000
 -0.00532067  -0.00000000     0.00000000  -0.00000000    -0.02283733   0.00465818
    6    4
  0.00497307   0.00120962    -0.00209871  -0.00288209     0.00123234   0.00507699
 -0.00599808  -0.00149925     0.00247872  -0.00100118     0.02363689  -0.00005012
  0.00569113   0.00531969     0.00810832   0.01006225     0.01769828   0.00012466
    6    5
 -0.00497307  -0.00120962    -0.00209871  -0.00288209    -0.00123234  -0.00507699
 -0.00599808  -0.00149925    -0.00247872   0.00100118     0.02363689  -0.00005012
 -0.00569113  -0.00531969     0.00810832   0.01006225    -0.01769828  -0.00012466
    6    6
  0.04467842   0.00000000    -0.00000000  -0.00000000     0.00151684   0.00817700
 -0.00000000   0.00000000     0.02973730   0.00000000    -0.00000000   0.00000000
  0.00151684  -0.00817700    -0.00000000   0.00000000     0.05563951  -0.00000000
    6    7
 -0.00337859   0.01404928     0.00000000   0.00000000    -0.00415610  -0.01349235
  0.00000000   0.00000000     0.02073391  -0.00180328     0.00000000   0.00000000
 -0.00415610  -0.01349235     0.00000000  -0.00000000    -0.02625098   0.00150783
    7    1
  0.00847254   0.01912895    -0.00000000  -0.00000000     0.01190613  -0.02340988
  0.00000000  -0.00000000    -0.00698117  -0.00521819     0.00000000   0.00000000
 -0.05397940   0.02947450     0.00000000  -0.00000000    -0.01157658  -0.01479830
    7    2
 -0.02283733   0.00465818     0.00000000  -0.00000000     0.01990158   0.00000000
  0.00000000   0.00000000    -0.00765995  -0.00000000     0.00000000   0.00000000
 -0.00532067  -0.00000000     0.00000000   0.00000000    -0.02283733  -0.00465818
    7    3
  0.01117967  -0.00831013    -0.00000000   0.00000000    -0.00104353  -0.03488709
 -0.00000000   0.00000000    -0.00847059   0.00393374    -0.00000000   0.00000000
  0.01247702  -0.02196958    -0.00000000   0.00000000     0.01117967  -0.00831013
    7    4
 -0.00497307   0.00120962    -0.00209871   0.00288209    -0.00123234   0.00507699
 -0.00599808   0.00149925    -0.00247872  -0.00100118     0.02363689   0.00005012
 -0.00569113   0.00531969     0.00810832  -0.01006225    -0.01769828   0.00012466
    7    5
  0.00497307  -0.00120962    -0.00209871   0.00288209     0.00123234  -0.00507699
 -0.00599808   0.00149925     0.00247872   0.00100118     0.02363689   0.00005012
  0.00569113  -0.00531969     0.00810832  -0.01006225     0.01769828  -0.00012466
    7    6
 -0.00337859  -0.01404928     0.00000000  -0.00000000    -0.00415610   0.01349235
  0.00000000   0.00000000     0.02073391   0.00180328     0.00000000   0.00000000
 -0.00415610   0.01349235     0.00000000   0.00000000    -0.02625098  -0.00150783
    7    7
  0.04467842  -0.00000000    -0.00000000   0.00000000     0.00151684  -0.00817700
 -0.00000000  -0.00000000     0.02973730  -0.00000000    -0.00000000   0.00000000
  0.00151684   0.00817700    -0.00000000   0.00000000     0.05563951  -0.00000000

     Dynamical  Matrix in cartesian axes

     q = (    0.216506351   0.866025404  -0.216506351 ) 

    1    1
  0.14563990   0.00000000    -0.00000000   0.00000000    -0.00327359  -0.00000000
 -0.00000000   0.00000000     0.02889742   0.00000000    -0.00000000   0.00000000
 -0.00327359  -0.00000000    -0.00000000   0.00000000     0.14563990   0.00000000
    1    2
  0.01479830  -0.01157658     0.00000000   0.00000000    -0.02340988  -0.01190613
 -0.00000000   0.00000000     0.00521819  -0.00698117     0.00000000   0.00000000
  0.02947450   0.05397940     0.00000000   0.00000000    -0.01912895   0.00847254
    1    3
 -0.01479830  -0.01157658     0.00000000   0.00000000     0.02340988  -0.01190613
  0.00000000   0.00000000    -0.00521819  -0.00698117    -0.00000000   0.00000000
 -0.02947450   0.05397940    -0.00000000   0.00000000     0.01912895   0.00847254
    1    4
 -0.00395896   0.00395896    -0.01792853  -0.01792853    -0.01549176   0.01549176
 -0.00655128  -0.00655128     0.00000000  -0.00000000     0.00655128   0.00655128
  0.01549176  -0.01549176     0.01792853   0.01792853     0.00395896  -0.00395896
    1    5
  0.00395896   0.00395896     0.01792853  -0.01792853     0.01549176   0.01549176
  0.00655128  -0.00655128     0.00000000  -0.00000000    -0.00655128   0.00655128
 -0.01549176  -0.01549176    -0.01792853   0.01792853    -0.00395896  -0.00395896
    1    6
  0.01912895  -0.00847254     0.00000000   0.00000000    -0.02947450  -0.05397940
 -0.00000000  -0.00000000    -0.00521819   0.00698117     0.00000000  -0.00000000
  0.02340988   0.01190613     0.00000000  -0.00000000    -0.01479830   0.01157658
    1    7
 -0.01912895  -0.00847254    -0.00000000   0.00000000     0.02947450  -0.05397940
  0.00000000   0.00000000     0.00521819   0.00698117    -0.00000000  -0.00000000
 -0.02340988   0.01190613    -0.00000000   0.00000000     0.01479830   0.01157658
    2    1
  0.01479830   0.01157658    -0.00000000  -0.00000000     0.02947450  -0.05397940
 -0.00000000  -0.00000000     0.00521819   0.00698117     0.00000000  -0.00000000
 -0.02340988   0.01190613     0.00000000  -0.00000000    -0.01912895  -0.00847254
    2    2
  0.05563951  -0.00000000     0.00000000  -0.00000000    -0.00151684   0.00817700
 -0.00000000   0.00000000     0.02973730  -0.00000000    -0.00000000   0.00000000
 -0.00151684  -0.00817700    -0.00000000   0.00000000     0.04467842   0.00000000
    2    3
  0.00150783   0.02625098    -0.00000000   0.00000000     0.01349235  -0.00415610
 -0.00000000  -0.00000000    -0.00180328  -0.02073391    -0.00000000  -0.00000000
  0.01349235  -0.00415610    -0.00000000  -0.00000000     0.01404928   0.00337859
    2    4
  0.00012466  -0.01769828     0.01006225  -0.00810832    -0.00531969   0.00569113
 -0.00005012  -0.02363689    -0.00100118  -0.00247872     0.00149925  -0.00599808
 -0.00507699   0.00123234     0.00288209  -0.00209871     0.00120962  -0.00497307
    2    5
 -0.01769828  -0.00012466     0.00810832   0.01006225     0.00569113   0.00531969
  0.02363689  -0.00005012    -0.00247872   0.00100118     0.00599808   0.00149925
  0.00123234   0.00507699     0.00209871   0.00288209    -0.00497307  -0.00120962
    2    6
  0.02283733  -0.00465818    -0.00000000   0.00000000    -0.00532067  -0.00000000
 -0.00000000   0.00000000     0.00765995   0.00000000    -0.00000000  -0.00000000
  0.01990158   0.00000000    -0.00000000  -0.00000000     0.02283733   0.00465818
    2    7
 -0.00831013   0.01117967     0.00000000   0.00000000     0.02196958  -0.01247702
 -0.00000000   0.00000000     0.00393374  -0.00847059     0.00000000   0.00000000
  0.03488709   0.00104353     0.00000000  -0.00000000    -0.00831013   0.01117967
    3    1
 -0.01479830   0.01157658     0.00000000   0.00000000    -0.02947450  -0.05397940
 -0.00000000   0.00000000    -0.00521819   0.00698117    -0.00000000   0.00000000
  0.02340988   0.01190613    -0.00000000  -0.00000000     0.01912895  -0.00847254
    3    2
  0.00150783  -0.02625098    -0.00000000   0.00000000     0.01349235   0.00415610
 -0.00000000  -0.00000000    -0.00180328   0.02073391    -0.00000000   0.00000000
  0.01349235   0.00415610    -0.00000000   0.00000000     0.01404928  -0.00337859
    3    3
  0.05563951  -0.00000000     0.00000000   0.00000000    -0.00151684  -0.00817700
 -0.00000000  -0.00000000     0.02973730  -0.00000000    -0.00000000   0.00000000
 -0.00151684   0.00817700    -0.00000000   0.00000000     0.04467842  -0.00000000
    3    4
 -0.01769828   0.00012466     0.00810832  -0.01006225     0.00569113  -0.00531969
  0.02363689   0.00005012    -0.00247872  -0.00100118     0.00599808  -0.00149925
  0.00123234  -0.00507699     0.00209871  -0.00288209    -0.00497307   0.00120962
    3    5
  0.00012466   0.01769828     0.01006225   0.00810832    -0.00531969  -0.00569113
 -0.00005012   0.02363689    -0.00100118   0.00247872     0.00149925   0.00599808
 -0.00507699  -0.00123234     0.00288209   0.00209871     0.00120962   0.00497307
    3    6
 -0.00831013  -0.01117967    -0.00000000  -0.00000000     0.02196958   0.01247702
 -0.00000000   0.00000000     0.00393374   0.00847059     0.00000000   0.00000000
  0.03488709  -0.00104353     0.00000000   0.00000000    -0.00831013  -0.01117967
    3    7
  0.02283733   0.00465818     0.00000000  -0.00000000    -0.00532067   0.00000000
 -0.00000000  -0.00000000     0.00765995  -0.00000000    -0.00000000   0.00000000
  0.01990158  -0.00000000    -0.00000000   0.00000000     0.02283733  -0.00465818
    4    1
 -0.00395896  -0.00395896    -0.00655128   0.00655128     0.01549176   0.01549176
 -0.01792853   0.01792853    -0.00000000   0.00000000     0.01792853  -0.01792853
 -0.01549176  -0.01549176     0.00655128  -0.00655128     0.00395896   0.00395896
    4    2
  0.00012466   0.01769828    -0.00005012   0.02363689    -0.00507699  -0.00123234
  0.01006225   0.00810832    -0.00100118   0.00247872     0.00288209   0.00209871
 -0.00531969  -0.00569113     0.00149925   0.00599808     0.00120962   0.00497307
    4    3
 -0.01769828  -0.00012466     0.02363689  -0.00005012     0.00123234   0.00507699
  0.00810832   0.01006225    -0.00247872   0.00100118     0.00209871   0.00288209
  0.00569113   0.00531969     0.00599808   0.00149925    -0.00497307  -0.00120962
    4    4
  0.03672212  -0.00000000    -0.00000000   0.00253256     0.00175786  -0.00000000
  0.00000000  -0.00253256     0.01777628   0.00000000    -0.00000000  -0.00253256
  0.00175786  -0.00000000    -0.00000000   0.00253256     0.03672212  -0.00000000
    4    5
  0.00000000   0.01229401    -0.00595174   0.00000000     0.00000000   0.00822964
 -0.00595174   0.00000000     0.00000000   0.00340310    -0.00595174   0.00000000
  0.00000000   0.00822964    -0.00595174   0.00000000     0.00000000   0.01229401
    4    6
  0.00120962   0.00497307     0.00149925   0.00599808    -0.00531969  -0.00569113
  0.00288209   0.00209871    -0.00100118   0.00247872     0.01006225   0.00810832
 -0.00507699  -0.00123234    -0.00005012   0.02363689     0.00012466   0.01769828
    4    7
 -0.00497307  -0.00120962     0.00599808   0.00149925     0.00569113   0.00531969
  0.00209871   0.00288209    -0.00247872   0.00100118     0.00810832   0.01006225
  0.00123234   0.00507699     0.02363689  -0.00005012    -0.01769828  -0.00012466
    5    1
  0.00395896  -0.00395896     0.00655128   0.00655128    -0.01549176   0.01549176
  0.01792853   0.01792853     0.00000000   0.00000000    -0.01792853  -0.01792853
  0.01549176  -0.01549176    -0.00655128  -0.00655128    -0.00395896   0.00395896
    5    2
 -0.01769828   0.00012466     0.02363689   0.00005012     0.00123234  -0.00507699
  0.00810832  -0.01006225    -0.00247872  -0.00100118     0.00209871  -0.00288209
  0.00569113  -0.00531969     0.00599808  -0.00149925    -0.00497307   0.00120962
    5    3
  0.00012466  -0.01769828    -0.00005012  -0.02363689    -0.00507699   0.00123234
  0.01006225  -0.00810832    -0.00100118  -0.00247872     0.00288209  -0.00209871
 -0.00531969   0.00569113     0.00149925  -0.00599808     0.00120962  -0.00497307
    5    4
  0.00000000  -0.01229401    -0.00595174  -0.00000000     0.00000000  -0.00822964
 -0.00595174  -0.00000000     0.00000000  -0.00340310    -0.00595174  -0.00000000
  0.00000000  -0.00822964    -0.00595174  -0.00000000     0.00000000  -0.01229401
    5    5
  0.03672212   0.00000000    -0.00000000  -0.00253256     0.00175786   0.00000000
  0.00000000   0.00253256     0.01777628   0.00000000    -0.00000000   0.00253256
  0.00175786   0.00000000    -0.00000000  -0.00253256     0.03672212   0.00000000
    5    6
 -0.00497307   0.00120962     0.00599808  -0.00149925     0.00569113  -0.00531969
  0.00209871  -0.00288209    -0.00247872  -0.00100118     0.00810832  -0.01006225
  0.00123234  -0.00507699     0.02363689   0.00005012    -0.01769828   0.00012466
    5    7
  0.00120962  -0.00497307     0.00149925  -0.00599808    -0.00531969   0.00569113
  0.00288209  -0.00209871    -0.00100118  -0.00247872     0.01006225  -0.00810832
 -0.00507699   0.00123234    -0.00005012  -0.02363689     0.00012466  -0.01769828
    6    1
  0.01912895   0.00847254    -0.00000000   0.00000000     0.02340988  -0.01190613
  0.00000000   0.00000000    -0.00521819  -0.00698117     0.00000000   0.00000000
 -0.02947450   0.05397940     0.00000000   0.00000000    -0.01479830  -0.01157658
    6    2
  0.02283733   0.00465818    -0.00000000  -0.00000000     0.01990158  -0.00000000
  0.00000000  -0.00000000     0.00765995  -0.00000000    -0.00000000   0.00000000
 -0.00532067   0.00000000    -0.00000000   0.00000000     0.02283733  -0.00465818
    6    3
 -0.00831013   0.01117967    -0.00000000   0.00000000     0.03488709   0.00104353
 -0.00000000   0.00000000     0.00393374  -0.00847059    -0.00000000  -0.00000000
  0.02196958  -0.01247702    -0.00000000  -0.00000000    -0.00831013   0.01117967
    6    4
  0.00120962  -0.00497307     0.00288209  -0.00209871    -0.00507699   0.00123234
  0.00149925  -0.00599808    -0.00100118  -0.00247872    -0.00005012  -0.02363689
 -0.00531969   0.00569113     0.01006225  -0.00810832     0.00012466  -0.01769828
    6    5
 -0.00497307  -0.00120962     0.00209871   0.00288209     0.00123234   0.00507699
  0.00599808   0.00149925    -0.00247872   0.00100118     0.02363689  -0.00005012
  0.00569113   0.00531969     0.00810832   0.01006225    -0.01769828  -0.00012466
    6    6
  0.04467842  -0.00000000    -0.00000000   0.00000000    -0.00151684  -0.00817700
 -0.00000000  -0.00000000     0.02973730  -0.00000000    -0.00000000   0.00000000
 -0.00151684   0.00817700    -0.00000000   0.00000000     0.05563951   0.00000000
    6    7
  0.01404928   0.00337859    -0.00000000   0.00000000     0.01349235  -0.00415610
 -0.00000000   0.00000000    -0.00180328  -0.02073391     0.00000000  -0.00000000
  0.01349235  -0.00415610     0.00000000  -0.00000000     0.00150783   0.02625098
    7    1
 -0.01912895   0.00847254     0.00000000   0.00000000    -0.02340988  -0.01190613
  0.00000000   0.00000000     0.00521819  -0.00698117    -0.00000000   0.00000000
  0.02947450   0.05397940    -0.00000000   0.00000000     0.01479830  -0.01157658
    7    2
 -0.00831013  -0.01117967    -0.00000000  -0.00000000     0.03488709  -0.00104353
 -0.00000000   0.00000000     0.00393374   0.00847059    -0.00000000   0.00000000
  0.02196958   0.01247702     0.00000000   0.00000000    -0.00831013  -0.01117967
    7    3
  0.02283733  -0.00465818     0.00000000   0.00000000     0.01990158   0.00000000
 -0.00000000   0.00000000     0.00765995   0.00000000    -0.00000000  -0.00000000
 -0.00532067  -0.00000000    -0.00000000  -0.00000000     0.02283733   0.00465818
    7    4
 -0.00497307   0.00120962     0.00209871  -0.00288209     0.00123234  -0.00507699
  0.00599808  -0.00149925    -0.00247872  -0.00100118     0.02363689   0.00005012
  0.00569113  -0.00531969     0.00810832  -0.01006225    -0.01769828   0.00012466
    7    5
  0.00120962   0.00497307     0.00288209   0.00209871    -0.00507699  -0.00123234
  0.00149925   0.00599808    -0.00100118   0.00247872    -0.00005012   0.02363689
 -0.00531969  -0.00569113     0.01006225   0.00810832     0.00012466   0.01769828
    7    6
  0.01404928  -0.00337859    -0.00000000  -0.00000000     0.01349235   0.00415610
 -0.00000000  -0.00000000    -0.00180328   0.02073391     0.00000000   0.00000000
  0.01349235   0.00415610     0.00000000   0.00000000     0.00150783  -0.02625098
    7    7
  0.04467842  -0.00000000     0.00000000  -0.00000000    -0.00151684   0.00817700
  0.00000000   0.00000000     0.02973730  -0.00000000    -0.00000000   0.00000000
 -0.00151684  -0.00817700    -0.00000000   0.00000000     0.05563951  -0.00000000

     Dynamical  Matrix in cartesian axes

     q = (    0.866025404   0.216506351  -0.216506351 ) 

    1    1
  0.02889742   0.00000000    -0.00000000   0.00000000    -0.00000000   0.00000000
 -0.00000000   0.00000000     0.14563990   0.00000000    -0.00327359  -0.00000000
 -0.00000000   0.00000000    -0.00327359  -0.00000000     0.14563990   0.00000000
    1    2
  0.00000000  -0.00000000     0.00655128  -0.00655128    -0.00655128   0.00655128
  0.01792853  -0.01792853     0.00395896   0.00395896     0.01549176   0.01549176
 -0.01792853   0.01792853    -0.01549176  -0.01549176    -0.00395896  -0.00395896
    1    3
 -0.00000000  -0.00000000    -0.00655128  -0.00655128     0.00655128   0.00655128
 -0.01792853  -0.01792853    -0.00395896   0.00395896    -0.01549176   0.01549176
  0.01792853   0.01792853     0.01549176  -0.01549176     0.00395896  -0.00395896
    1    4
 -0.00521819  -0.00698117     0.00000000   0.00000000    -0.00000000   0.00000000
 -0.00000000   0.00000000    -0.01479830  -0.01157658     0.02340988  -0.01190613
 -0.00000000   0.00000000    -0.02947450   0.05397940     0.01912895   0.00847254
    1    5
  0.00521819  -0.00698117    -0.00000000  -0.00000000     0.00000000   0.00000000
  0.00000000   0.00000000     0.01479830  -0.01157658    -0.02340988  -0.01190613
  0.00000000   0.00000000     0.02947450   0.05397940    -0.01912895   0.00847254
    1    6
  0.00521819   0.00698117     0.00000000   0.00000000    -0.00000000   0.00000000
 -0.00000000   0.00000000    -0.01912895  -0.00847254     0.02947450  -0.05397940
 -0.00000000   0.00000000    -0.02340988   0.01190613     0.01479830   0.01157658
    1    7
 -0.00521819   0.00698117    -0.00000000   0.00000000     0.00000000   0.00000000
  0.00000000   0.00000000     0.01912895  -0.00847254    -0.02947450  -0.05397940
