  4.500000000000000E-002   1.25986529217407        2.41685017272211     
          12

     Dynamical  Matrix in cartesian axes

     q = (    0.216506351   0.216506351   0.000000000 ) 

    1    1
  0.07062332   0.00000000     0.04289069   0.00000000    -0.00000000   0.00000000
  0.04289069   0.00000000     0.07062332   0.00000000    -0.00000000   0.00000000
 -0.00000000   0.00000000    -0.00000000   0.00000000     0.01575689   0.00000000
    1    2
 -0.00552074   0.00899125     0.00213169   0.01074804     0.00000000   0.00000000
  0.00111879   0.00998011     0.00051999   0.01251915     0.00000000   0.00000000
  0.00000000   0.00000000     0.00000000   0.00000000    -0.00509918  -0.00695737
    1    3
 -0.00899125   0.00552074    -0.01074804  -0.00213169    -0.00000000  -0.00000000
 -0.00998011  -0.00111879    -0.01251915  -0.00051999    -0.00000000  -0.00000000
 -0.00000000  -0.00000000    -0.00000000  -0.00000000     0.00695737   0.00509918
    1    4
 -0.01251915  -0.00051999    -0.00998011  -0.00111879    -0.00000000  -0.00000000
 -0.01074804  -0.00213169    -0.00899125   0.00552074    -0.00000000  -0.00000000
 -0.00000000  -0.00000000    -0.00000000  -0.00000000     0.00695737   0.00509918
    1    5
  0.00051999   0.01251915     0.00111879   0.00998011     0.00000000   0.00000000
  0.00213169   0.01074804    -0.00552074   0.00899125     0.00000000   0.00000000
  0.00000000   0.00000000     0.00000000   0.00000000    -0.00509918  -0.00695737
    1    6
  0.00530041  -0.00530041     0.00391105  -0.00391105     0.00396575   0.00396575
  0.00391105  -0.00391105     0.00530041  -0.00530041    -0.00396575  -0.00396575
  0.00545233   0.00545233    -0.00545233  -0.00545233    -0.00276755   0.00276755
    1    7
  0.00530041  -0.00530041     0.00391105  -0.00391105    -0.00396575  -0.00396575
  0.00391105  -0.00391105     0.00530041  -0.00530041     0.00396575   0.00396575
 -0.00545233  -0.00545233     0.00545233   0.00545233    -0.00276755   0.00276755
    2    1
 -0.00552074  -0.00899125     0.00111879  -0.00998011     0.00000000  -0.00000000
  0.00213169  -0.01074804     0.00051999  -0.01251915     0.00000000  -0.00000000
  0.00000000  -0.00000000     0.00000000  -0.00000000    -0.00509918   0.00695737
    2    2
  0.02999097  -0.00000000     0.00782282  -0.00967576    -0.00000000   0.00000000
  0.00782282   0.00967576     0.06715941  -0.00000000    -0.00000000   0.00000000
 -0.00000000   0.00000000    -0.00000000   0.00000000     0.02832172   0.00000000
    2    3
  0.00816644  -0.01218765     0.01027907   0.00684950     0.00000000   0.00000000
  0.01027907   0.00684950    -0.01623023   0.05518175     0.00000000   0.00000000
  0.00000000   0.00000000     0.00000000   0.00000000    -0.02120620   0.00829712
    2    4
  0.01051991   0.01554614     0.00054915   0.01165328    -0.00000000  -0.00000000
 -0.01587419   0.05823546     0.01051991   0.01554614    -0.00000000   0.00000000
 -0.00000000  -0.00000000    -0.00000000  -0.00000000     0.00802467   0.00400587
    2    5
 -0.00101853  -0.01341219     0.00143074  -0.00000000    -0.00000000   0.00000000
  0.06121876   0.00000000    -0.00101853   0.01341219     0.00000000   0.00000000
  0.00000000   0.00000000     0.00000000   0.00000000    -0.00754285   0.00000000
    2    6
 -0.00786241   0.00316395     0.00015716  -0.00036928    -0.00299754  -0.00236953
 -0.00223570  -0.00429517    -0.00017986  -0.00651700    -0.00062336   0.00066677
 -0.02540573   0.00458954    -0.00917943  -0.00170541    -0.00256982  -0.00475913
    2    7
 -0.00786241   0.00316395     0.00015716  -0.00036928     0.00299754   0.00236953
 -0.00223570  -0.00429517    -0.00017986  -0.00651700     0.00062336  -0.00066677
  0.02540573  -0.00458954     0.00917943   0.00170541    -0.00256982  -0.00475913
    3    1
 -0.00899125  -0.00552074    -0.00998011   0.00111879    -0.00000000   0.00000000
 -0.01074804   0.00213169    -0.01251915   0.00051999    -0.00000000   0.00000000
 -0.00000000   0.00000000    -0.00000000   0.00000000     0.00695737  -0.00509918
    3    2
  0.00816644   0.01218765     0.01027907  -0.00684950     0.00000000   0.00000000
  0.01027907  -0.00684950    -0.01623023  -0.05518175     0.00000000   0.00000000
  0.00000000   0.00000000     0.00000000  -0.00000000    -0.02120620  -0.00829712
    3    3
  0.02999097   0.00000000     0.00782282   0.00967576    -0.00000000   0.00000000
  0.00782282  -0.00967576     0.06715941   0.00000000    -0.00000000   0.00000000
 -0.00000000   0.00000000    -0.00000000   0.00000000     0.02832172  -0.00000000
    3    4
 -0.00101853   0.01341219     0.00143074   0.00000000    -0.00000000   0.00000000
  0.06121876   0.00000000    -0.00101853  -0.01341219     0.00000000   0.00000000
 -0.00000000   0.00000000    -0.00000000   0.00000000    -0.00754285  -0.00000000
    3    5
  0.01051991  -0.01554614     0.00054915  -0.01165328    -0.00000000   0.00000000
 -0.01587419  -0.05823546     0.01051991  -0.01554614    -0.00000000   0.00000000
 -0.00000000   0.00000000    -0.00000000   0.00000000     0.00802467  -0.00400587
    3    6
 -0.00786241  -0.00316395     0.00015716   0.00036928     0.00299754  -0.00236953
 -0.00223570   0.00429517    -0.00017986   0.00651700     0.00062336   0.00066677
  0.02540573   0.00458954     0.00917943  -0.00170541    -0.00256982   0.00475913
    3    7
 -0.00786241  -0.00316395     0.00015716   0.00036928    -0.00299754   0.00236953
 -0.00223570   0.00429517    -0.00017986   0.00651700    -0.00062336  -0.00066677
 -0.02540573  -0.00458954    -0.00917943   0.00170541    -0.00256982   0.00475913
    4    1
 -0.01251915   0.00051999    -0.01074804   0.00213169    -0.00000000   0.00000000
 -0.00998011   0.00111879    -0.00899125  -0.00552074    -0.00000000   0.00000000
 -0.00000000   0.00000000    -0.00000000   0.00000000     0.00695737  -0.00509918
    4    2
  0.01051991  -0.01554614    -0.01587419  -0.05823546    -0.00000000   0.00000000
  0.00054915  -0.01165328     0.01051991  -0.01554614    -0.00000000   0.00000000
 -0.00000000   0.00000000    -0.00000000   0.00000000     0.00802467  -0.00400587
    4    3
 -0.00101853  -0.01341219     0.06121876   0.00000000    -0.00000000   0.00000000
  0.00143074   0.00000000    -0.00101853   0.01341219     0.00000000   0.00000000
  0.00000000   0.00000000     0.00000000   0.00000000    -0.00754285  -0.00000000
    4    4
  0.06715941   0.00000000     0.00782282  -0.00967576    -0.00000000   0.00000000
  0.00782282   0.00967576     0.02999097   0.00000000    -0.00000000   0.00000000
 -0.00000000   0.00000000    -0.00000000   0.00000000     0.02832172  -0.00000000
    4    5
 -0.01623023  -0.05518175     0.01027907  -0.00684950     0.00000000   0.00000000
  0.01027907  -0.00684950     0.00816644   0.01218765     0.00000000   0.00000000
  0.00000000  -0.00000000     0.00000000  -0.00000000    -0.02120620  -0.00829712
    4    6
 -0.00017986   0.00651700    -0.00223570   0.00429517    -0.00062336  -0.00066677
  0.00015716   0.00036928    -0.00786241  -0.00316395    -0.00299754   0.00236953
 -0.00917943   0.00170541    -0.02540573  -0.00458954    -0.00256982   0.00475913
    4    7
 -0.00017986   0.00651700    -0.00223570   0.00429517     0.00062336   0.00066677
  0.00015716   0.00036928    -0.00786241  -0.00316395     0.00299754  -0.00236953
  0.00917943  -0.00170541     0.02540573   0.00458954    -0.00256982   0.00475913
    5    1
  0.00051999  -0.01251915     0.00213169  -0.01074804     0.00000000  -0.00000000
  0.00111879  -0.00998011    -0.00552074  -0.00899125     0.00000000  -0.00000000
  0.00000000  -0.00000000     0.00000000  -0.00000000    -0.00509918   0.00695737
    5    2
 -0.00101853   0.01341219     0.06121876   0.00000000    -0.00000000   0.00000000
  0.00143074  -0.00000000    -0.00101853  -0.01341219     0.00000000   0.00000000
  0.00000000  -0.00000000     0.00000000  -0.00000000    -0.00754285   0.00000000
    5    3
  0.01051991   0.01554614    -0.01587419   0.05823546    -0.00000000  -0.00000000
  0.00054915   0.01165328     0.01051991   0.01554614    -0.00000000  -0.00000000
 -0.00000000  -0.00000000    -0.00000000  -0.00000000     0.00802467   0.00400587
    5    4
 -0.01623023   0.05518175     0.01027907   0.00684950     0.00000000   0.00000000
  0.01027907   0.00684950     0.00816644  -0.01218765     0.00000000   0.00000000
  0.00000000   0.00000000     0.00000000   0.00000000    -0.02120620   0.00829712
    5    5
  0.06715941  -0.00000000     0.00782282   0.00967576    -0.00000000   0.00000000
  0.00782282  -0.00967576     0.02999097  -0.00000000    -0.00000000   0.00000000
 -0.00000000  -0.00000000    -0.00000000  -0.00000000     0.02832172   0.00000000
    5    6
 -0.00017986  -0.00651700    -0.00223570  -0.00429517     0.00062336  -0.00066677
  0.00015716  -0.00036928    -0.00786241   0.00316395     0.00299754   0.00236953
  0.00917943   0.00170541     0.02540573  -0.00458954    -0.00256982  -0.00475913
    5    7
 -0.00017986  -0.00651700    -0.00223570  -0.00429517    -0.00062336   0.00066677
  0.00015716  -0.00036928    -0.00786241   0.00316395    -0.00299754  -0.00236953
 -0.00917943  -0.00170541    -0.02540573   0.00458954    -0.00256982  -0.00475913
    6    1
  0.00530041   0.00530041     0.00391105   0.00391105     0.00545233  -0.00545233
  0.00391105   0.00391105     0.00530041   0.00530041    -0.00545233   0.00545233
  0.00396575  -0.00396575    -0.00396575   0.00396575    -0.00276755  -0.00276755
    6    2
 -0.00786241  -0.00316395    -0.00223570   0.00429517    -0.02540573  -0.00458954
  0.00015716   0.00036928    -0.00017986   0.00651700    -0.00917943   0.00170541
 -0.00299754   0.00236953    -0.00062336  -0.00066677    -0.00256982   0.00475913
    6    3
 -0.00786241   0.00316395    -0.00223570  -0.00429517     0.02540573  -0.00458954
  0.00015716  -0.00036928    -0.00017986  -0.00651700     0.00917943   0.00170541
  0.00299754   0.00236953     0.00062336  -0.00066677    -0.00256982  -0.00475913
    6    4
 -0.00017986  -0.00651700     0.00015716  -0.00036928    -0.00917943  -0.00170541
 -0.00223570  -0.00429517    -0.00786241   0.00316395    -0.02540573   0.00458954
 -0.00062336   0.00066677    -0.00299754  -0.00236953    -0.00256982  -0.00475913
    6    5
 -0.00017986   0.00651700     0.00015716   0.00036928     0.00917943  -0.00170541
 -0.00223570   0.00429517    -0.00786241  -0.00316395     0.02540573   0.00458954
  0.00062336   0.00066677     0.00299754  -0.00236953    -0.00256982   0.00475913
    6    6
  0.03450587  -0.00000000     0.01283842  -0.00000000    -0.00000000   0.00458156
  0.01283842   0.00000000     0.03450587  -0.00000000    -0.00000000  -0.00458156
 -0.00000000  -0.00458156    -0.00000000   0.00458156     0.01013771   0.00000000
    6    7
 -0.02013920  -0.00000000    -0.00942263  -0.00000000    -0.00000000   0.00400460
 -0.00942263  -0.00000000    -0.02013920   0.00000000     0.00000000  -0.00400460
 -0.00000000   0.00400460     0.00000000  -0.00400460     0.00118905   0.00000000
    7    1
  0.00530041   0.00530041     0.00391105   0.00391105    -0.00545233   0.00545233
  0.00391105   0.00391105     0.00530041   0.00530041     0.00545233  -0.00545233
 -0.00396575   0.00396575     0.00396575  -0.00396575    -0.00276755  -0.00276755
    7    2
 -0.00786241  -0.00316395    -0.00223570   0.00429517     0.02540573   0.00458954
  0.00015716   0.00036928    -0.00017986   0.00651700     0.00917943  -0.00170541
  0.00299754  -0.00236953     0.00062336   0.00066677    -0.00256982   0.00475913
    7    3
 -0.00786241   0.00316395    -0.00223570  -0.00429517    -0.02540573   0.00458954
  0.00015716  -0.00036928    -0.00017986  -0.00651700    -0.00917943  -0.00170541
 -0.00299754  -0.00236953    -0.00062336   0.00066677    -0.00256982  -0.00475913
    7    4
 -0.00017986  -0.00651700     0.00015716  -0.00036928     0.00917943   0.00170541
 -0.00223570  -0.00429517    -0.00786241   0.00316395     0.02540573  -0.00458954
  0.00062336  -0.00066677     0.00299754   0.00236953    -0.00256982  -0.00475913
    7    5
 -0.00017986   0.00651700     0.00015716   0.00036928    -0.00917943   0.00170541
 -0.00223570   0.00429517    -0.00786241  -0.00316395    -0.02540573  -0.00458954
 -0.00062336  -0.00066677    -0.00299754   0.00236953    -0.00256982   0.00475913
    7    6
 -0.02013920   0.00000000    -0.00942263   0.00000000    -0.00000000  -0.00400460
 -0.00942263   0.00000000    -0.02013920  -0.00000000     0.00000000   0.00400460
 -0.00000000  -0.00400460     0.00000000   0.00400460     0.00118905   0.00000000
    7    7
  0.03450587  -0.00000000     0.01283842   0.00000000    -0.00000000  -0.00458156
  0.01283842  -0.00000000     0.03450587   0.00000000    -0.00000000   0.00458156
 -0.00000000   0.00458156    -0.00000000  -0.00458156     0.01013771  -0.00000000

     Dynamical  Matrix in cartesian axes

     q = (    0.216506351  -0.216506351   0.000000000 ) 

    1    1
  0.07062332   0.00000000    -0.04289069  -0.00000000    -0.00000000   0.00000000
 -0.04289069  -0.00000000     0.07062332   0.00000000    -0.00000000   0.00000000
 -0.00000000   0.00000000    -0.00000000  -0.00000000     0.01575689   0.00000000
    1    2
 -0.00552074   0.00899125    -0.00213169  -0.01074804     0.00000000  -0.00000000
 -0.00111879  -0.00998011     0.00051999   0.01251915     0.00000000  -0.00000000
  0.00000000  -0.00000000     0.00000000  -0.00000000    -0.00509918  -0.00695737
    1    3
 -0.00552074  -0.00899125    -0.00213169   0.01074804     0.00000000  -0.00000000
 -0.00111879   0.00998011     0.00051999  -0.01251915     0.00000000  -0.00000000
  0.00000000  -0.00000000     0.00000000  -0.00000000    -0.00509918   0.00695737
    1    4
  0.00051999   0.01251915    -0.00111879  -0.00998011     0.00000000  -0.00000000
 -0.00213169  -0.01074804    -0.00552074   0.00899125     0.00000000  -0.00000000
  0.00000000  -0.00000000     0.00000000  -0.00000000    -0.00509918  -0.00695737
    1    5
  0.00051999  -0.01251915    -0.00111879   0.00998011     0.00000000  -0.00000000
 -0.00213169   0.01074804    -0.00552074  -0.00899125     0.00000000  -0.00000000
  0.00000000  -0.00000000     0.00000000  -0.00000000    -0.00509918   0.00695737
    1    6
  0.00530041   0.00530041    -0.00391105  -0.00391105    -0.00396575   0.00396575
 -0.00391105  -0.00391105     0.00530041   0.00530041    -0.00396575   0.00396575
 -0.00545233   0.00545233    -0.00545233   0.00545233    -0.00276755  -0.00276755
    1    7
  0.00530041  -0.00530041    -0.00391105   0.00391105    -0.00396575  -0.00396575
 -0.00391105   0.00391105     0.00530041  -0.00530041    -0.00396575  -0.00396575
 -0.00545233  -0.00545233    -0.00545233  -0.00545233    -0.00276755   0.00276755
    2    1
 -0.00552074  -0.00899125    -0.00111879   0.00998011     0.00000000  -0.00000000
 -0.00213169   0.01074804     0.00051999  -0.01251915     0.00000000  -0.00000000
  0.00000000  -0.00000000     0.00000000  -0.00000000    -0.00509918   0.00695737
    2    2
  0.02999097  -0.00000000    -0.00782282   0.00967576    -0.00000000   0.00000000
 -0.00782282  -0.00967576     0.06715941  -0.00000000    -0.00000000   0.00000000
 -0.00000000   0.00000000     0.00000000   0.00000000     0.02832172  -0.00000000
    2    3
  0.01218765   0.00816644     0.00684950  -0.01027907     0.00000000   0.00000000
  0.00684950  -0.01027907    -0.05518175  -0.01623023    -0.00000000   0.00000000
 -0.00000000   0.00000000     0.00000000   0.00000000    -0.00829712  -0.02120620
    2    4
 -0.00101853  -0.01341219    -0.00143074  -0.00000000     0.00000000  -0.00000000
 -0.06121876  -0.00000000    -0.00101853   0.01341219     0.00000000  -0.00000000
  0.00000000  -0.00000000     0.00000000  -0.00000000    -0.00754285  -0.00000000
    2    5
 -0.01554614   0.01051991     0.01165328  -0.00054915    -0.00000000  -0.00000000
  0.05823546   0.01587419    -0.01554614   0.01051991     0.00000000  -0.00000000
 -0.00000000  -0.00000000     0.00000000  -0.00000000    -0.00400587   0.00802467
    2    6
 -0.00316395  -0.00786241    -0.00036928  -0.00015716     0.00236953  -0.00299754
 -0.00429517   0.00223570     0.00651700  -0.00017986     0.00066677   0.00062336
 -0.00458954  -0.02540573    -0.00170541   0.00917943     0.00475913  -0.00256982
    2    7
 -0.00786241   0.00316395    -0.00015716   0.00036928     0.00299754   0.00236953
  0.00223570   0.00429517    -0.00017986  -0.00651700    -0.00062336   0.00066677
  0.02540573  -0.00458954    -0.00917943  -0.00170541    -0.00256982  -0.00475913
    3    1
 -0.00552074   0.00899125    -0.00111879  -0.00998011     0.00000000   0.00000000
 -0.00213169  -0.01074804     0.00051999   0.01251915     0.00000000   0.00000000
  0.00000000   0.00000000     0.00000000   0.00000000    -0.00509918  -0.00695737
    3    2
  0.01218765  -0.00816644     0.00684950   0.01027907     0.00000000  -0.00000000
  0.00684950   0.01027907    -0.05518175   0.01623023     0.00000000  -0.00000000
  0.00000000  -0.00000000     0.00000000  -0.00000000    -0.00829712   0.02120620
    3    3
  0.02999097   0.00000000    -0.00782282  -0.00967576     0.00000000   0.00000000
 -0.00782282   0.00967576     0.06715941  -0.00000000    -0.00000000   0.00000000
  0.00000000   0.00000000    -0.00000000   0.00000000     0.02832172   0.00000000
    3    4
 -0.01554614  -0.01051991     0.01165328   0.00054915     0.00000000  -0.00000000
  0.05823546  -0.01587419    -0.01554614  -0.01051991     0.00000000   0.00000000
  0.00000000   0.00000000     0.00000000   0.00000000    -0.00400587  -0.00802467
    3    5
 -0.00101853   0.01341219    -0.00143074  -0.00000000     0.00000000  -0.00000000
 -0.06121876  -0.00000000    -0.00101853  -0.01341219     0.00000000  -0.00000000
  0.00000000   0.00000000     0.00000000   0.00000000    -0.00754285  -0.00000000
    3    6
 -0.00786241  -0.00316395    -0.00015716  -0.00036928     0.00299754  -0.00236953
  0.00223570  -0.00429517    -0.00017986   0.00651700    -0.00062336  -0.00066677
  0.02540573   0.00458954    -0.00917943   0.00170541    -0.00256982   0.00475913
    3    7
 -0.00316395   0.00786241    -0.00036928   0.00015716     0.00236953   0.00299754
 -0.00429517  -0.00223570     0.00651700   0.00017986     0.00066677  -0.00062336
 -0.00458954   0.02540573    -0.00170541  -0.00917943     0.00475913   0.00256982
    4    1
  0.00051999  -0.01251915    -0.00213169   0.01074804     0.00000000  -0.00000000
 -0.00111879   0.00998011    -0.00552074  -0.00899125     0.00000000  -0.00000000
  0.00000000  -0.00000000     0.00000000  -0.00000000    -0.00509918   0.00695737
    4    2
 -0.00101853   0.01341219    -0.06121876   0.00000000     0.00000000   0.00000000
 -0.00143074   0.00000000    -0.00101853  -0.01341219     0.00000000   0.00000000
  0.00000000   0.00000000     0.00000000   0.00000000    -0.00754285   0.00000000
    4    3
 -0.01554614   0.01051991     0.05823546   0.01587419    -0.00000000  -0.00000000
  0.01165328  -0.00054915    -0.01554614   0.01051991    -0.00000000  -0.00000000
 -0.00000000  -0.00000000     0.00000000  -0.00000000    -0.00400587   0.00802467
    4    4
  0.06715941  -0.00000000    -0.00782282  -0.00967576    -0.00000000   0.00000000
 -0.00782282   0.00967576     0.02999097  -0.00000000    -0.00000000   0.00000000
  0.00000000   0.00000000    -0.00000000   0.00000000     0.02832172  -0.00000000
    4    5
 -0.05518175  -0.01623023     0.00684950  -0.01027907     0.00000000   0.00000000
  0.00684950  -0.01027907     0.01218765   0.00816644     0.00000000   0.00000000
  0.00000000   0.00000000     0.00000000   0.00000000    -0.00829712  -0.02120620
    4    6
  0.00651700  -0.00017986    -0.00429517   0.00223570     0.00066677   0.00062336
 -0.00036928  -0.00015716    -0.00316395  -0.00786241     0.00236953  -0.00299754
 -0.00170541   0.00917943    -0.00458954  -0.02540573     0.00475913  -0.00256982
    4    7
 -0.00017986  -0.00651700     0.00223570   0.00429517    -0.00062336   0.00066677
 -0.00015716   0.00036928    -0.00786241   0.00316395     0.00299754   0.00236953
 -0.00917943  -0.00170541     0.02540573  -0.00458954    -0.00256982  -0.00475913
    5    1
  0.00051999   0.01251915    -0.00213169  -0.01074804     0.00000000   0.00000000
 -0.00111879  -0.00998011    -0.00552074   0.00899125     0.00000000   0.00000000
  0.00000000   0.00000000     0.00000000   0.00000000    -0.00509918  -0.00695737
    5    2
 -0.01554614  -0.01051991     0.05823546  -0.01587419    -0.00000000   0.00000000
  0.01165328   0.00054915    -0.01554614  -0.01051991     0.00000000   0.00000000
 -0.00000000  -0.00000000     0.00000000   0.00000000    -0.00400587  -0.00802467
    5    3
 -0.00101853  -0.01341219    -0.06121876   0.00000000     0.00000000   0.00000000
 -0.00143074  -0.00000000    -0.00101853   0.01341219     0.00000000   0.00000000
  0.00000000   0.00000000     0.00000000   0.00000000    -0.00754285   0.00000000
    5    4
 -0.05518175   0.01623023     0.00684950   0.01027907     0.00000000  -0.00000000
  0.00684950   0.01027907     0.01218765  -0.00816644     0.00000000  -0.00000000
  0.00000000  -0.00000000     0.00000000  -0.00000000    -0.00829712   0.02120620
    5    5
  0.06715941  -0.00000000    -0.00782282   0.00967576     0.00000000   0.00000000
 -0.00782282  -0.00967576     0.02999097  -0.00000000    -0.00000000   0.00000000
  0.00000000   0.00000000    -0.00000000   0.00000000     0.02832172   0.00000000
    5    6
 -0.00017986   0.00651700     0.00223570  -0.00429517    -0.00062336  -0.00066677
 -0.00015716  -0.00036928    -0.00786241  -0.00316395     0.00299754  -0.00236953
 -0.00917943   0.00170541     0.02540573   0.00458954    -0.00256982   0.00475913
    5    7
  0.00651700   0.00017986    -0.00429517  -0.00223570     0.00066677  -0.00062336
 -0.00036928   0.00015716    -0.00316395   0.00786241     0.00236953   0.00299754
 -0.00170541  -0.00917943    -0.00458954   0.02540573     0.00475913   0.00256982
    6    1
  0.00530041  -0.00530041    -0.00391105   0.00391105    -0.00545233  -0.00545233
 -0.00391105   0.00391105     0.00530041  -0.00530041    -0.00545233  -0.00545233
 -0.00396575  -0.00396575    -0.00396575  -0.00396575    -0.00276755   0.00276755
    6    2
 -0.00316395   0.00786241    -0.00429517  -0.00223570    -0.00458954   0.02540573
 -0.00036928   0.00015716     0.00651700   0.00017986    -0.00170541  -0.00917943
  0.00236953   0.00299754     0.00066677  -0.00062336     0.00475913   0.00256982
    6    3
 -0.00786241   0.00316395     0.00223570   0.00429517     0.02540573  -0.00458954
 -0.00015716   0.00036928    -0.00017986  -0.00651700    -0.00917943  -0.00170541
  0.00299754   0.00236953    -0.00062336   0.00066677    -0.00256982  -0.00475913
    6    4
  0.00651700   0.00017986    -0.00036928   0.00015716    -0.00170541  -0.00917943
 -0.00429517  -0.00223570    -0.00316395   0.00786241    -0.00458954   0.02540573
  0.00066677  -0.00062336     0.00236953   0.00299754     0.00475913   0.00256982
    6    5
 -0.00017986  -0.00651700    -0.00015716   0.00036928    -0.00917943  -0.00170541
  0.00223570   0.00429517    -0.00786241   0.00316395     0.02540573  -0.00458954
 -0.00062336   0.00066677     0.00299754   0.00236953    -0.00256982  -0.00475913
    6    6
  0.03450587  -0.00000000    -0.01283842  -0.00000000    -0.00000000   0.00458156
 -0.01283842  -0.00000000     0.03450587  -0.00000000    -0.00000000   0.00458156
 -0.00000000  -0.00458156    -0.00000000  -0.00458156     0.01013771  -0.00000000
    6    7
 -0.00000000   0.02013920     0.00000000  -0.00942263     0.00400460   0.00000000
 -0.00000000  -0.00942263    -0.00000000   0.02013920     0.00400460   0.00000000
  0.00400460   0.00000000     0.00400460   0.00000000     0.00000000  -0.00118905
    7    1
  0.00530041   0.00530041    -0.00391105  -0.00391105    -0.00545233   0.00545233
 -0.00391105  -0.00391105     0.00530041   0.00530041    -0.00545233   0.00545233
 -0.00396575   0.00396575    -0.00396575   0.00396575    -0.00276755  -0.00276755
    7    2
 -0.00786241  -0.00316395     0.00223570  -0.00429517     0.02540573   0.00458954
 -0.00015716  -0.00036928    -0.00017986   0.00651700    -0.00917943   0.00170541
  0.00299754  -0.00236953    -0.00062336  -0.00066677    -0.00256982   0.00475913
    7    3
 -0.00316395  -0.00786241    -0.00429517   0.00223570    -0.00458954  -0.02540573
 -0.00036928  -0.00015716     0.00651700  -0.00017986    -0.00170541   0.00917943
  0.00236953  -0.00299754     0.00066677   0.00062336     0.00475913  -0.00256982
    7    4
 -0.00017986   0.00651700    -0.00015716  -0.00036928    -0.00917943   0.00170541
  0.00223570  -0.00429517    -0.00786241  -0.00316395     0.02540573   0.00458954
 -0.00062336  -0.00066677     0.00299754  -0.00236953    -0.00256982   0.00475913
    7    5
  0.00651700  -0.00017986    -0.00036928  -0.00015716    -0.00170541   0.00917943
 -0.00429517   0.00223570    -0.00316395  -0.00786241    -0.00458954  -0.02540573
  0.00066677   0.00062336     0.00236953  -0.00299754     0.00475913  -0.00256982
    7    6
 -0.00000000  -0.02013920     0.00000000   0.00942263     0.00400460  -0.00000000
 -0.00000000   0.00942263    -0.00000000  -0.02013920     0.00400460  -0.00000000
  0.00400460  -0.00000000     0.00400460  -0.00000000     0.00000000   0.00118905
    7    7
  0.03450587   0.00000000    -0.01283842   0.00000000    -0.00000000  -0.00458156
 -0.01283842   0.00000000     0.03450587   0.00000000     0.00000000  -0.00458156
 -0.00000000   0.00458156     0.00000000   0.00458156     0.01013771  -0.00000000

     Dynamical  Matrix in cartesian axes

     q = (   -0.216506351  -0.216506351   0.000000000 ) 

    1    1
  0.07062332   0.00000000     0.04289069   0.00000000    -0.00000000   0.00000000
  0.04289069   0.00000000     0.07062332   0.00000000    -0.00000000   0.00000000
 -0.00000000   0.00000000    -0.00000000   0.00000000     0.01575689   0.00000000
    1    2
 -0.00552074  -0.00899125     0.00213169  -0.01074804     0.00000000  -0.00000000
  0.00111879  -0.00998011     0.00051999  -0.01251915     0.00000000  -0.00000000
  0.00000000  -0.00000000     0.00000000  -0.00000000    -0.00509918   0.00695737
    1    3
 -0.00899125  -0.00552074    -0.01074804   0.00213169    -0.00000000   0.00000000
 -0.00998011   0.00111879    -0.01251915   0.00051999    -0.00000000   0.00000000
 -0.00000000   0.00000000    -0.00000000   0.00000000     0.00695737  -0.00509918
    1    4
 -0.01251915   0.00051999    -0.00998011   0.00111879    -0.00000000   0.00000000
 -0.01074804   0.00213169    -0.00899125  -0.00552074    -0.00000000   0.00000000
 -0.00000000   0.00000000    -0.00000000   0.00000000     0.00695737  -0.00509918
    1    5
  0.00051999  -0.01251915     0.00111879  -0.00998011     0.00000000  -0.00000000
  0.00213169  -0.01074804    -0.00552074  -0.00899125     0.00000000  -0.00000000
  0.00000000  -0.00000000     0.00000000  -0.00000000    -0.00509918   0.00695737
    1    6
  0.00530041   0.00530041     0.00391105   0.00391105     0.00396575  -0.00396575
  0.00391105   0.00391105     0.00530041   0.00530041    -0.00396575   0.00396575
  0.00545233  -0.00545233    -0.00545233   0.00545233    -0.00276755  -0.00276755
    1    7
  0.00530041   0.00530041     0.00391105   0.00391105    -0.00396575   0.00396575
  0.00391105   0.00391105     0.00530041   0.00530041     0.00396575  -0.00396575
 -0.00545233   0.00545233     0.00545233  -0.00545233    -0.00276755  -0.00276755
    2    1
 -0.00552074   0.00899125     0.00111879   0.00998011     0.00000000   0.00000000
  0.00213169   0.01074804     0.00051999   0.01251915     0.00000000   0.00000000
  0.00000000   0.00000000     0.00000000   0.00000000    -0.00509918  -0.00695737
    2    2
  0.02999097   0.00000000     0.00782282   0.00967576    -0.00000000   0.00000000
  0.00782282  -0.00967576     0.06715941   0.00000000    -0.00000000   0.00000000
 -0.00000000   0.00000000    -0.00000000   0.00000000     0.02832172  -0.00000000
    2    3
  0.00816644   0.01218765     0.01027907  -0.00684950     0.00000000   0.00000000
  0.01027907  -0.00684950    -0.01623023  -0.05518175     0.00000000   0.00000000
  0.00000000   0.00000000     0.00000000   0.00000000    -0.02120620  -0.00829712
    2    4
  0.01051991  -0.01554614     0.00054915  -0.01165328    -0.00000000   0.00000000
 -0.01587419  -0.05823546     0.01051991  -0.01554614    -0.00000000   0.00000000
 -0.00000000   0.00000000    -0.00000000   0.00000000     0.00802467  -0.00400587
    2    5
 -0.00101853   0.01341219     0.00143074   0.00000000     0.00000000   0.00000000
  0.06121876   0.00000000    -0.00101853  -0.01341219     0.00000000   0.00000000
 -0.00000000   0.00000000    -0.00000000   0.00000000    -0.00754285  -0.00000000
    2    6
 -0.00786241  -0.00316395     0.00015716   0.00036928    -0.00299754   0.00236953
 -0.00223570   0.00429517    -0.00017986   0.00651700    -0.00062336  -0.00066677
 -0.02540573  -0.00458954    -0.00917943   0.00170541    -0.00256982   0.00475913
    2    7
 -0.00786241  -0.00316395     0.00015716   0.00036928     0.00299754  -0.00236953
 -0.00223570   0.00429517    -0.00017986   0.00651700     0.00062336   0.00066677
  0.02540573   0.00458954     0.00917943  -0.00170541    -0.00256982   0.00475913
    3    1
 -0.00899125   0.00552074    -0.00998011  -0.00111879    -0.00000000  -0.00000000
 -0.01074804  -0.00213169    -0.01251915  -0.00051999    -0.00000000  -0.00000000
 -0.00000000  -0.00000000    -0.00000000  -0.00000000     0.00695737   0.00509918
    3    2
  0.00816644  -0.01218765     0.01027907   0.00684950     0.00000000   0.00000000
  0.01027907   0.00684950    -0.01623023   0.05518175     0.00000000   0.00000000
  0.00000000   0.00000000     0.00000000   0.00000000    -0.02120620   0.00829712
    3    3
  0.02999097  -0.00000000     0.00782282  -0.00967576    -0.00000000   0.00000000
  0.00782282   0.00967576     0.06715941  -0.00000000    -0.00000000   0.00000000
 -0.00000000   0.00000000    -0.00000000   0.00000000     0.02832172   0.00000000
    3    4
 -0.00101853  -0.01341219     0.00143074   0.00000000    -0.00000000   0.00000000
  0.06121876   0.00000000    -0.00101853   0.01341219     0.00000000   0.00000000
 -0.00000000   0.00000000    -0.00000000   0.00000000    -0.00754285   0.00000000
    3    5
  0.01051991   0.01554614     0.00054915   0.01165328    -0.00000000   0.00000000
 -0.01587419   0.05823546     0.01051991   0.01554614    -0.00000000   0.00000000
 -0.00000000  -0.00000000    -0.00000000   0.00000000     0.00802467   0.00400587
    3    6
 -0.00786241   0.00316395     0.00015716  -0.00036928     0.00299754   0.00236953
 -0.00223570  -0.00429517    -0.00017986  -0.00651700     0.00062336  -0.00066677
  0.02540573  -0.00458954     0.00917943   0.00170541    -0.00256982  -0.00475913
    3    7
 -0.00786241   0.00316395     0.00015716  -0.00036928    -0.00299754  -0.00236953
 -0.00223570  -0.00429517    -0.00017986  -0.00651700    -0.00062336   0.00066677
 -0.02540573   0.00458954    -0.00917943  -0.00170541    -0.00256982  -0.00475913
    4    1
 -0.01251915  -0.00051999    -0.01074804  -0.00213169    -0.00000000  -0.00000000
 -0.00998011  -0.00111879    -0.00899125   0.00552074    -0.00000000  -0.00000000
 -0.00000000  -0.00000000    -0.00000000   0.00000000     0.00695737   0.00509918
    4    2
  0.01051991   0.01554614    -0.01587419   0.05823546    -0.00000000  -0.00000000
  0.00054915   0.01165328     0.01051991   0.01554614    -0.00000000  -0.00000000
 -0.00000000  -0.00000000    -0.00000000  -0.00000000     0.00802467   0.00400587
    4    3
 -0.00101853   0.01341219     0.06121876   0.00000000    -0.00000000   0.00000000
  0.00143074  -0.00000000    -0.00101853  -0.01341219     0.00000000   0.00000000
  0.00000000   0.00000000     0.00000000   0.00000000    -0.00754285   0.00000000
    4    4
  0.06715941  -0.00000000     0.00782282   0.00967576    -0.00000000   0.00000000
  0.00782282  -0.00967576     0.02999097  -0.00000000    -0.00000000   0.00000000
 -0.00000000  -0.00000000    -0.00000000  -0.00000000     0.02832172   0.00000000
    4    5
 -0.01623023   0.05518175     0.01027907   0.00684950     0.00000000   0.00000000
  0.01027907   0.00684950     0.00816644  -0.01218765     0.00000000   0.00000000
  0.00000000   0.00000000     0.00000000   0.00000000    -0.02120620   0.00829712
    4    6
 -0.00017986  -0.00651700    -0.00223570  -0.00429517    -0.00062336   0.00066677
  0.00015716  -0.00036928    -0.00786241   0.00316395    -0.00299754  -0.00236953
 -0.00917943  -0.00170541    -0.02540573   0.00458954    -0.00256982  -0.00475913
    4    7
 -0.00017986  -0.00651700    -0.00223570  -0.00429517     0.00062336  -0.00066677
  0.00015716  -0.00036928    -0.00786241   0.00316395     0.00299754   0.00236953
  0.00917943   0.00170541     0.02540573  -0.00458954    -0.00256982  -0.00475913
    5    1
  0.00051999   0.01251915     0.00213169   0.01074804     0.00000000   0.00000000
  0.00111879   0.00998011    -0.00552074   0.00899125     0.00000000   0.00000000
  0.00000000   0.00000000     0.00000000   0.00000000    -0.00509918  -0.00695737
    5    2
 -0.00101853  -0.01341219     0.06121876  -0.00000000     0.00000000   0.00000000
  0.00143074   0.00000000    -0.00101853   0.01341219     0.00000000   0.00000000
  0.00000000   0.00000000     0.00000000   0.00000000    -0.00754285  -0.00000000
    5    3
  0.01051991  -0.01554614    -0.01587419  -0.05823546    -0.00000000   0.00000000
  0.00054915  -0.01165328     0.01051991  -0.01554614    -0.00000000   0.00000000
 -0.00000000   0.00000000    -0.00000000   0.00000000     0.00802467  -0.00400587
    5    4
 -0.01623023  -0.05518175     0.01027907  -0.00684950     0.00000000   0.00000000
  0.01027907  -0.00684950     0.00816644   0.01218765     0.00000000   0.00000000
  0.00000000  -0.00000000     0.00000000  -0.00000000    -0.02120620  -0.00829712
    5    5
  0.06715941   0.00000000     0.00782282  -0.00967576    -0.00000000  -0.00000000
  0.00782282   0.00967576     0.02999097   0.00000000    -0.00000000  -0.00000000
 -0.00000000   0.00000000    -0.00000000   0.00000000     0.02832172  -0.00000000
    5    6
 -0.00017986   0.00651700    -0.00223570   0.00429517     0.00062336   0.00066677
  0.00015716   0.00036928    -0.00786241  -0.00316395     0.00299754  -0.00236953
  0.00917943  -0.00170541     0.02540573   0.00458954    -0.00256982   0.00475913
    5    7
 -0.00017986   0.00651700    -0.00223570   0.00429517    -0.00062336  -0.00066677
  0.00015716   0.00036928    -0.00786241  -0.00316395    -0.00299754   0.00236953
 -0.00917943   0.00170541    -0.02540573  -0.00458954    -0.00256982   0.00475913
    6    1
  0.00530041  -0.00530041     0.00391105  -0.00391105     0.00545233   0.00545233
  0.00391105  -0.00391105     0.00530041  -0.00530041    -0.00545233  -0.00545233
  0.00396575   0.00396575    -0.00396575  -0.00396575    -0.00276755   0.00276755
    6    2
 -0.00786241   0.00316395    -0.00223570  -0.00429517    -0.02540573   0.00458954
  0.00015716  -0.00036928    -0.00017986  -0.00651700    -0.00917943  -0.00170541
 -0.00299754  -0.00236953    -0.00062336   0.00066677    -0.00256982  -0.00475913
    6    3
 -0.00786241  -0.00316395    -0.00223570   0.00429517     0.02540573   0.00458954
  0.00015716   0.00036928    -0.00017986   0.00651700     0.00917943  -0.00170541
  0.00299754  -0.00236953     0.00062336   0.00066677    -0.00256982   0.00475913
    6    4
 -0.00017986   0.00651700     0.00015716   0.00036928    -0.00917943   0.00170541
 -0.00223570   0.00429517    -0.00786241  -0.00316395    -0.02540573  -0.00458954
 -0.00062336  -0.00066677    -0.00299754   0.00236953    -0.00256982   0.00475913
    6    5
 -0.00017986  -0.00651700     0.00015716  -0.00036928     0.00917943   0.00170541
 -0.00223570  -0.00429517    -0.00786241   0.00316395     0.02540573  -0.00458954
  0.00062336  -0.00066677     0.00299754   0.00236953    -0.00256982  -0.00475913
    6    6
  0.03450587  -0.00000000     0.01283842   0.00000000    -0.00000000  -0.00458156
  0.01283842  -0.00000000     0.03450587   0.00000000    -0.00000000   0.00458156
 -0.00000000   0.00458156    -0.00000000  -0.00458156     0.01013771  -0.00000000
    6    7
 -0.02013920   0.00000000    -0.00942263   0.00000000     0.00000000  -0.00400460
 -0.00942263   0.00000000    -0.02013920  -0.00000000    -0.00000000   0.00400460
  0.00000000  -0.00400460    -0.00000000   0.00400460     0.00118905   0.00000000
    7    1
  0.00530041  -0.00530041     0.00391105  -0.00391105    -0.00545233  -0.00545233
  0.00391105  -0.00391105     0.00530041  -0.00530041     0.00545233   0.00545233
 -0.00396575  -0.00396575     0.00396575   0.00396575    -0.00276755   0.00276755
    7    2
 -0.00786241   0.00316395    -0.00223570  -0.00429517     0.02540573  -0.00458954
  0.00015716  -0.00036928    -0.00017986  -0.00651700     0.00917943   0.00170541
  0.00299754   0.00236953     0.00062336  -0.00066677    -0.00256982  -0.00475913
    7    3
 -0.00786241  -0.00316395    -0.00223570   0.00429517    -0.02540573  -0.00458954
  0.00015716   0.00036928    -0.00017986   0.00651700    -0.00917943   0.00170541
 -0.00299754   0.00236953    -0.00062336  -0.00066677    -0.00256982   0.00475913
    7    4
 -0.00017986   0.00651700     0.00015716   0.00036928     0.00917943  -0.00170541
 -0.00223570   0.00429517    -0.00786241  -0.00316395     0.02540573   0.00458954
  0.00062336   0.00066677     0.00299754  -0.00236953    -0.00256982   0.00475913
    7    5
 -0.00017986  -0.00651700     0.00015716  -0.00036928    -0.00917943  -0.00170541
 -0.00223570  -0.00429517    -0.00786241   0.00316395    -0.02540573   0.00458954
 -0.00062336   0.00066677    -0.00299754  -0.00236953    -0.00256982  -0.00475913
    7    6
 -0.02013920  -0.00000000    -0.00942263  -0.00000000     0.00000000   0.00400460
 -0.00942263  -0.00000000    -0.02013920   0.00000000    -0.00000000  -0.00400460
  0.00000000   0.00400460    -0.00000000  -0.00400460     0.00118905   0.00000000
    7    7
  0.03450587  -0.00000000     0.01283842  -0.00000000    -0.00000000   0.00458156
  0.01283842   0.00000000     0.03450587  -0.00000000    -0.00000000  -0.00458156
 -0.00000000  -0.00458156    -0.00000000   0.00458156     0.01013771   0.00000000

     Dynamical  Matrix in cartesian axes

     q = (   -0.216506351   0.216506351   0.000000000 ) 

    1    1
  0.07062332   0.00000000    -0.04289069  -0.00000000    -0.00000000   0.00000000
 -0.04289069  -0.00000000     0.07062332   0.00000000    -0.00000000   0.00000000
 -0.00000000   0.00000000    -0.00000000  -0.00000000     0.01575689   0.00000000
    1    2
 -0.00552074  -0.00899125    -0.00213169   0.01074804     0.00000000   0.00000000
 -0.00111879   0.00998011     0.00051999  -0.01251915     0.00000000   0.00000000
  0.00000000   0.00000000     0.00000000   0.00000000    -0.00509918   0.00695737
    1    3
 -0.00552074   0.00899125    -0.00213169  -0.01074804     0.00000000  -0.00000000
 -0.00111879  -0.00998011     0.00051999   0.01251915     0.00000000  -0.00000000
  0.00000000  -0.00000000     0.00000000  -0.00000000    -0.00509918  -0.00695737
    1    4
  0.00051999  -0.01251915    -0.00111879   0.00998011     0.00000000   0.00000000
 -0.00213169   0.01074804    -0.00552074  -0.00899125     0.00000000  -0.00000000
  0.00000000  -0.00000000     0.00000000   0.00000000    -0.00509918   0.00695737
    1    5
  0.00051999   0.01251915    -0.00111879  -0.00998011     0.00000000  -0.00000000
 -0.00213169  -0.01074804    -0.00552074   0.00899125     0.00000000  -0.00000000
  0.00000000  -0.00000000     0.00000000  -0.00000000    -0.00509918  -0.00695737
    1    6
  0.00530041  -0.00530041    -0.00391105   0.00391105    -0.00396575  -0.00396575
 -0.00391105   0.00391105     0.00530041  -0.00530041    -0.00396575  -0.00396575
 -0.00545233  -0.00545233    -0.00545233  -0.00545233    -0.00276755   0.00276755
    1    7
  0.00530041   0.00530041    -0.00391105  -0.00391105    -0.00396575   0.00396575
 -0.00391105  -0.00391105     0.00530041   0.00530041    -0.00396575   0.00396575
