  2.500000000000000E-002   1.26011648066226        2.33218954087644     
           6

     Dynamical  Matrix in cartesian axes

     q = (    0.000000000   0.000000000   0.649519100 ) 

    1    1
  0.02301887   0.00000000     0.00000000   0.00000000    -0.00000000   0.00000000
  0.00000000   0.00000000     0.02301887   0.00000000    -0.00000000   0.00000000
 -0.00000000   0.00000000    -0.00000000   0.00000000     0.18385440   0.00000000
    1    2
  0.00010265   0.00010265     0.00000000  -0.00000000    -0.00390805   0.00390806
  0.00000000  -0.00000000    -0.00057243  -0.00057243     0.00000000   0.00000000
 -0.02859184   0.02859185     0.00000000   0.00000000    -0.01590694  -0.01590693
    1    3
 -0.00014517  -0.00000000    -0.00000000  -0.00000000     0.00000000   0.00552683
  0.00000000  -0.00000000     0.00080954  -0.00000000    -0.00000000   0.00000000
  0.00000000   0.04043497    -0.00000000  -0.00000000     0.02249580  -0.00000000
    1    4
  0.00080954   0.00000000     0.00000000  -0.00000000    -0.00000000   0.00000000
  0.00000000  -0.00000000    -0.00014517  -0.00000000     0.00000000   0.00552683
 -0.00000000   0.00000000     0.00000000   0.04043497     0.02249580  -0.00000000
    1    5
 -0.00057243  -0.00057243     0.00000000  -0.00000000     0.00000000   0.00000000
  0.00000000  -0.00000000     0.00010265   0.00010265    -0.00390805   0.00390806
  0.00000000   0.00000000    -0.02859184   0.02859185    -0.01590694  -0.01590693
    1    6
 -0.00007987   0.00405727     0.00000000  -0.00000000    -0.00000000   0.00000000
  0.00000000  -0.00000000    -0.00281245   0.00292540    -0.00000000   0.00000000
 -0.00000000   0.00000000    -0.00000000   0.00000000     0.01143706  -0.02761152
    1    7
 -0.00281245   0.00292540     0.00000000  -0.00000000    -0.00000000   0.00000000
  0.00000000  -0.00000000    -0.00007987   0.00405727    -0.00000000   0.00000000
 -0.00000000   0.00000000    -0.00000000   0.00000000     0.01143706  -0.02761152
    2    1
  0.00010265  -0.00010265     0.00000000   0.00000000    -0.02859184  -0.02859185
  0.00000000   0.00000000    -0.00057243   0.00057243     0.00000000   0.00000000
 -0.00390805  -0.00390806     0.00000000  -0.00000000    -0.01590694   0.01590693
    2    2
  0.02111999   0.00000000    -0.00000000  -0.00000000     0.00000000   0.00785774
  0.00000000   0.00000000     0.06357079   0.00000000     0.00000000   0.00000000
  0.00000000  -0.00785774     0.00000000   0.00000000     0.02806376  -0.00000000
    2    3
  0.00558713  -0.00558713    -0.00000000   0.00000000    -0.00344782  -0.00344782
  0.00000000   0.00000000     0.04192048  -0.04192047    -0.00000000  -0.00000000
 -0.00344782  -0.00344782    -0.00000000   0.00000000     0.00599875  -0.00599874
    2    4
  0.00099000  -0.00099000     0.00588246  -0.00588246    -0.00212384  -0.00212384
  0.04254306  -0.04254305     0.00099000  -0.00099000     0.00024976   0.00024976
  0.00024976   0.00024976    -0.00212384  -0.00212384    -0.00214940   0.00214940
    2    5
 -0.00140008   0.00000000     0.00831906   0.00000000     0.00000000   0.00300356
  0.06016496   0.00000000    -0.00140008  -0.00000000     0.00000000   0.00035322
  0.00000000  -0.00035322     0.00000000  -0.00300356     0.00303971   0.00000000
    2    6
  0.00456451  -0.00066947    -0.00000000  -0.00000000    -0.00368605   0.00242933
 -0.00000000   0.00000000    -0.00041636   0.00059021    -0.00000000  -0.00000000
  0.01373356  -0.01550336    -0.00000000   0.00000000     0.00478391   0.00002186
    2    7
 -0.00370098   0.00275421     0.00000000  -0.00000000    -0.00432423   0.00088863
 -0.00000000  -0.00000000     0.00071175   0.00012294     0.00000000  -0.00000000
  0.02067362   0.00125144     0.00000000  -0.00000000    -0.00336728   0.00339819
    3    1
 -0.00014517   0.00000000     0.00000000   0.00000000     0.00000000  -0.04043497
  0.00000000   0.00000000     0.00080954   0.00000000    -0.00000000   0.00000000
  0.00000000  -0.00552683    -0.00000000   0.00000000     0.02249580   0.00000000
    3    2
  0.00558713   0.00558713    -0.00000000   0.00000000    -0.00344782   0.00344782
  0.00000000   0.00000000     0.04192048   0.04192047    -0.00000000   0.00000000
 -0.00344782   0.00344782    -0.00000000  -0.00000000     0.00599875   0.00599874
    3    3
  0.02111999  -0.00000000    -0.00000000   0.00000000     0.00000000  -0.00785774
  0.00000000  -0.00000000     0.06357079  -0.00000000     0.00000000   0.00000000
  0.00000000   0.00785774     0.00000000   0.00000000     0.02806376   0.00000000
    3    4
 -0.00140008   0.00000000     0.00831906  -0.00000000     0.00000000  -0.00300356
  0.06016496  -0.00000000    -0.00140008   0.00000000     0.00000000  -0.00035322
  0.00000000   0.00035322     0.00000000   0.00300356     0.00303971  -0.00000000
    3    5
  0.00099000   0.00099000     0.00588246   0.00588246    -0.00212384   0.00212384
  0.04254306   0.04254305     0.00099000   0.00099000     0.00024976  -0.00024976
  0.00024976  -0.00024976    -0.00212384   0.00212384    -0.00214940  -0.00214940
    3    6
 -0.00370098  -0.00275421     0.00000000   0.00000000    -0.00432423  -0.00088863
 -0.00000000   0.00000000     0.00071175  -0.00012294     0.00000000   0.00000000
  0.02067362  -0.00125144     0.00000000   0.00000000    -0.00336728  -0.00339819
    3    7
  0.00456451   0.00066947    -0.00000000   0.00000000    -0.00368605  -0.00242933
 -0.00000000  -0.00000000    -0.00041636  -0.00059021    -0.00000000   0.00000000
  0.01373356   0.01550336    -0.00000000  -0.00000000     0.00478391  -0.00002186
    4    1
  0.00080954   0.00000000     0.00000000   0.00000000    -0.00000000   0.00000000
  0.00000000   0.00000000    -0.00014517   0.00000000     0.00000000  -0.04043497
 -0.00000000   0.00000000     0.00000000  -0.00552683     0.02249580   0.00000000
    4    2
  0.00099000   0.00099000     0.04254306   0.04254305     0.00024976  -0.00024976
  0.00588246   0.00588246     0.00099000   0.00099000    -0.00212384   0.00212384
 -0.00212384   0.00212384     0.00024976  -0.00024976    -0.00214940  -0.00214940
    4    3
 -0.00140008  -0.00000000     0.06016496   0.00000000     0.00000000  -0.00035322
  0.00831906   0.00000000    -0.00140008  -0.00000000     0.00000000  -0.00300356
  0.00000000   0.00300356     0.00000000   0.00035322     0.00303971   0.00000000
    4    4
  0.06357079  -0.00000000     0.00000000  -0.00000000    -0.00000000  -0.00000000
 -0.00000000   0.00000000     0.02111999  -0.00000000    -0.00000000  -0.00785774
 -0.00000000   0.00000000    -0.00000000   0.00785774     0.02806376   0.00000000
    4    5
  0.04192048   0.04192047    -0.00000000  -0.00000000    -0.00000000  -0.00000000
 -0.00000000   0.00000000     0.00558713   0.00558713    -0.00344782   0.00344782
 -0.00000000  -0.00000000    -0.00344782   0.00344782     0.00599875   0.00599874
    4    6
 -0.00041636  -0.00059021    -0.00000000  -0.00000000    -0.00000000   0.00000000
 -0.00000000  -0.00000000     0.00456451   0.00066947    -0.00368605  -0.00242933
 -0.00000000  -0.00000000     0.01373356   0.01550336     0.00478391  -0.00002186
    4    7
  0.00071175  -0.00012294    -0.00000000  -0.00000000     0.00000000   0.00000000
  0.00000000   0.00000000    -0.00370098  -0.00275421    -0.00432423  -0.00088863
  0.00000000   0.00000000     0.02067362  -0.00125144    -0.00336728  -0.00339819
    5    1
 -0.00057243   0.00057243     0.00000000   0.00000000     0.00000000   0.00000000
  0.00000000   0.00000000     0.00010265  -0.00010265    -0.02859184  -0.02859185
  0.00000000  -0.00000000    -0.00390805  -0.00390806    -0.01590694   0.01590693
    5    2
 -0.00140008  -0.00000000     0.06016496   0.00000000     0.00000000   0.00035322
  0.00831906   0.00000000    -0.00140008   0.00000000     0.00000000   0.00300356
  0.00000000  -0.00300356     0.00000000  -0.00035322     0.00303971   0.00000000
    5    3
  0.00099000  -0.00099000     0.04254306  -0.04254305     0.00024976   0.00024976
  0.00588246  -0.00588246     0.00099000  -0.00099000    -0.00212384  -0.00212384
 -0.00212384  -0.00212384     0.00024976   0.00024976    -0.00214940   0.00214940
    5    4
  0.04192048  -0.04192047    -0.00000000   0.00000000    -0.00000000   0.00000000
 -0.00000000  -0.00000000     0.00558713  -0.00558713    -0.00344782  -0.00344782
 -0.00000000   0.00000000    -0.00344782  -0.00344782     0.00599875  -0.00599874
    5    5
  0.06357079   0.00000000     0.00000000   0.00000000    -0.00000000   0.00000000
 -0.00000000  -0.00000000     0.02111999   0.00000000    -0.00000000   0.00785774
 -0.00000000  -0.00000000    -0.00000000  -0.00785774     0.02806376  -0.00000000
    5    6
  0.00071175   0.00012294    -0.00000000  -0.00000000     0.00000000  -0.00000000
  0.00000000   0.00000000    -0.00370098   0.00275421    -0.00432423   0.00088863
  0.00000000  -0.00000000     0.02067362   0.00125144    -0.00336728   0.00339819
    5    7
 -0.00041636   0.00059021    -0.00000000   0.00000000    -0.00000000   0.00000000
 -0.00000000   0.00000000     0.00456451  -0.00066947    -0.00368605   0.00242933
 -0.00000000   0.00000000     0.01373356  -0.01550336     0.00478391   0.00002186
    6    1
 -0.00007987  -0.00405727     0.00000000   0.00000000    -0.00000000  -0.00000000
  0.00000000   0.00000000    -0.00281245  -0.00292540    -0.00000000  -0.00000000
 -0.00000000  -0.00000000    -0.00000000  -0.00000000     0.01143706   0.02761152
    6    2
  0.00456451   0.00066947    -0.00000000  -0.00000000     0.01373356   0.01550336
 -0.00000000   0.00000000    -0.00041636  -0.00059021    -0.00000000   0.00000000
 -0.00368605  -0.00242933    -0.00000000   0.00000000     0.00478391  -0.00002186
    6    3
 -0.00370098   0.00275421    -0.00000000   0.00000000     0.02067362   0.00125144
  0.00000000   0.00000000     0.00071175   0.00012294     0.00000000  -0.00000000
 -0.00432423   0.00088863     0.00000000  -0.00000000    -0.00336728   0.00339819
    6    4
 -0.00041636   0.00059021     0.00000000  -0.00000000    -0.00000000  -0.00000000
 -0.00000000   0.00000000     0.00456451  -0.00066947     0.01373356  -0.01550336
 -0.00000000  -0.00000000    -0.00368605   0.00242933     0.00478391   0.00002186
    6    5
  0.00071175  -0.00012294     0.00000000   0.00000000     0.00000000   0.00000000
 -0.00000000   0.00000000    -0.00370098  -0.00275421     0.02067362  -0.00125144
  0.00000000   0.00000000    -0.00432423  -0.00088863    -0.00336728  -0.00339819
    6    6
  0.03014618   0.00000000    -0.00000000   0.00000000    -0.00000000   0.00000000
  0.00000000   0.00000000     0.03014618  -0.00000000    -0.00000000   0.00000000
 -0.00000000   0.00000000    -0.00000000   0.00000000     0.04110507  -0.00000000
    6    7
  0.01345698   0.01618277     0.00000000  -0.00000000    -0.00000000   0.00000000
  0.00000000   0.00000000     0.01345698  -0.01618277    -0.00000000   0.00000000
 -0.00000000   0.00000000    -0.00000000   0.00000000     0.02347315  -0.00000000
    7    1
 -0.00281245  -0.00292540     0.00000000   0.00000000    -0.00000000  -0.00000000
  0.00000000   0.00000000    -0.00007987  -0.00405727    -0.00000000   0.00000000
 -0.00000000  -0.00000000    -0.00000000  -0.00000000     0.01143706   0.02761152
    7    2
 -0.00370098  -0.00275421    -0.00000000   0.00000000     0.02067362  -0.00125144
  0.00000000   0.00000000     0.00071175  -0.00012294     0.00000000   0.00000000
 -0.00432423  -0.00088863     0.00000000   0.00000000    -0.00336728  -0.00339819
    7    3
  0.00456451  -0.00066947    -0.00000000   0.00000000     0.01373356  -0.01550336
  0.00000000   0.00000000    -0.00041636   0.00059021    -0.00000000   0.00000000
 -0.00368605   0.00242933    -0.00000000   0.00000000     0.00478391   0.00002186
    7    4
  0.00071175   0.00012294     0.00000000  -0.00000000     0.00000000  -0.00000000
 -0.00000000  -0.00000000    -0.00370098   0.00275421     0.02067362   0.00125144
  0.00000000  -0.00000000    -0.00432423   0.00088863    -0.00336728   0.00339819
    7    5
 -0.00041636  -0.00059021     0.00000000  -0.00000000    -0.00000000   0.00000000
 -0.00000000  -0.00000000     0.00456451   0.00066947     0.01373356   0.01550336
 -0.00000000   0.00000000    -0.00368605  -0.00242933     0.00478391  -0.00002186
    7    6
  0.01345698  -0.01618277     0.00000000   0.00000000    -0.00000000   0.00000000
  0.00000000  -0.00000000     0.01345698   0.01618277    -0.00000000   0.00000000
 -0.00000000   0.00000000    -0.00000000   0.00000000     0.02347315   0.00000000
    7    7
  0.03014618  -0.00000000    -0.00000000  -0.00000000    -0.00000000   0.00000000
  0.00000000  -0.00000000     0.03014618   0.00000000    -0.00000000   0.00000000
 -0.00000000   0.00000000    -0.00000000   0.00000000     0.04110507   0.00000000

     Dynamical  Matrix in cartesian axes

     q = (    0.649519100  -0.000000000   0.000000000 ) 

    1    1
  0.18385440   0.00000000     0.00000000   0.00000000     0.00000000   0.00000000
  0.00000000   0.00000000     0.02301887   0.00000000     0.00000000   0.00000000
  0.00000000   0.00000000     0.00000000   0.00000000     0.02301887   0.00000000
    1    2
  0.01143706  -0.02761152     0.00000000   0.00000000     0.00000000   0.00000000
  0.00000000  -0.00000000    -0.00007987   0.00405727     0.00000000  -0.00000000
  0.00000000  -0.00000000     0.00000000  -0.00000000    -0.00281245   0.00292540
    1    3
  0.01143706  -0.02761152    -0.00000000   0.00000000     0.00000000   0.00000000
  0.00000000  -0.00000000    -0.00281245   0.00292540     0.00000000   0.00000000
 -0.00000000  -0.00000000    -0.00000000  -0.00000000    -0.00007987   0.00405727
    1    4
 -0.01590694  -0.01590693    -0.02859184   0.02859185     0.00000000   0.00000000
 -0.00390805   0.00390806     0.00010265   0.00010265     0.00000000   0.00000000
 -0.00000000   0.00000000     0.00000000   0.00000000    -0.00057243  -0.00057243
    1    5
  0.02249580  -0.00000000     0.00000000   0.04043497    -0.00000000   0.00000000
  0.00000000   0.00552683    -0.00014517  -0.00000000    -0.00000000  -0.00000000
  0.00000000  -0.00000000    -0.00000000  -0.00000000     0.00080954  -0.00000000
    1    6
  0.02249580  -0.00000000    -0.00000000  -0.00000000     0.00000000   0.04043497
 -0.00000000   0.00000000     0.00080954  -0.00000000     0.00000000   0.00000000
  0.00000000   0.00552683     0.00000000   0.00000000    -0.00014517   0.00000000
    1    7
 -0.01590694  -0.01590693     0.00000000  -0.00000000    -0.02859184   0.02859185
  0.00000000   0.00000000    -0.00057243  -0.00057243     0.00000000   0.00000000
 -0.00390805   0.00390806     0.00000000   0.00000000     0.00010265   0.00010265
    2    1
  0.01143706   0.02761152     0.00000000  -0.00000000     0.00000000   0.00000000
  0.00000000   0.00000000    -0.00007987  -0.00405727     0.00000000   0.00000000
  0.00000000   0.00000000     0.00000000   0.00000000    -0.00281245  -0.00292540
    2    2
  0.04110507   0.00000000    -0.00000000   0.00000000    -0.00000000   0.00000000
 -0.00000000   0.00000000     0.03014618   0.00000000    -0.00000000   0.00000000
 -0.00000000   0.00000000    -0.00000000   0.00000000     0.03014618  -0.00000000
    2    3
  0.02347315   0.00000000     0.00000000  -0.00000000     0.00000000   0.00000000
  0.00000000  -0.00000000     0.01345698   0.01618277     0.00000000   0.00000000
 -0.00000000   0.00000000     0.00000000   0.00000000     0.01345698  -0.01618277
    2    4
  0.00478391  -0.00002186    -0.00368605  -0.00242933     0.00000000  -0.00000000
  0.01373356   0.01550336     0.00456451   0.00066947     0.00000000   0.00000000
  0.00000000   0.00000000     0.00000000   0.00000000    -0.00041636  -0.00059021
    2    5
 -0.00336728   0.00339819    -0.00432423   0.00088863     0.00000000  -0.00000000
  0.02067362   0.00125144    -0.00370098   0.00275421     0.00000000  -0.00000000
  0.00000000   0.00000000     0.00000000   0.00000000     0.00071175   0.00012294
    2    6
  0.00478391   0.00002186    -0.00000000   0.00000000    -0.00368605   0.00242933
 -0.00000000   0.00000000    -0.00041636   0.00059021     0.00000000   0.00000000
  0.01373356  -0.01550336    -0.00000000   0.00000000     0.00456451  -0.00066947
    2    7
 -0.00336728  -0.00339819     0.00000000   0.00000000    -0.00432423  -0.00088863
 -0.00000000   0.00000000     0.00071175  -0.00012294     0.00000000   0.00000000
  0.02067362  -0.00125144     0.00000000   0.00000000    -0.00370098  -0.00275421
    3    1
  0.01143706   0.02761152    -0.00000000  -0.00000000    -0.00000000   0.00000000
  0.00000000   0.00000000    -0.00281245  -0.00292540     0.00000000   0.00000000
 -0.00000000   0.00000000    -0.00000000   0.00000000    -0.00007987  -0.00405727
    3    2
  0.02347315  -0.00000000     0.00000000   0.00000000     0.00000000  -0.00000000
  0.00000000   0.00000000     0.01345698  -0.01618277     0.00000000  -0.00000000
 -0.00000000  -0.00000000     0.00000000  -0.00000000     0.01345698   0.01618277
    3    3
  0.04110507  -0.00000000    -0.00000000  -0.00000000    -0.00000000  -0.00000000
 -0.00000000  -0.00000000     0.03014618  -0.00000000    -0.00000000  -0.00000000
 -0.00000000  -0.00000000    -0.00000000  -0.00000000     0.03014618   0.00000000
    3    4
 -0.00336728  -0.00339819    -0.00432423  -0.00088863    -0.00000000  -0.00000000
  0.02067362  -0.00125144    -0.00370098  -0.00275421     0.00000000   0.00000000
  0.00000000  -0.00000000     0.00000000   0.00000000     0.00071175  -0.00012294
    3    5
  0.00478391   0.00002186    -0.00368605   0.00242933    -0.00000000   0.00000000
  0.01373356  -0.01550336     0.00456451  -0.00066947     0.00000000   0.00000000
  0.00000000   0.00000000     0.00000000   0.00000000    -0.00041636   0.00059021
    3    6
 -0.00336728   0.00339819     0.00000000  -0.00000000    -0.00432423   0.00088863
 -0.00000000  -0.00000000     0.00071175   0.00012294     0.00000000  -0.00000000
  0.02067362   0.00125144     0.00000000  -0.00000000    -0.00370098   0.00275421
    3    7
  0.00478391  -0.00002186     0.00000000  -0.00000000    -0.00368605  -0.00242933
 -0.00000000  -0.00000000    -0.00041636  -0.00059021    -0.00000000   0.00000000
  0.01373356   0.01550336    -0.00000000  -0.00000000     0.00456451   0.00066947
    4    1
 -0.01590694   0.01590693    -0.00390805  -0.00390806     0.00000000  -0.00000000
 -0.02859184  -0.02859185     0.00010265  -0.00010265     0.00000000  -0.00000000
 -0.00000000  -0.00000000     0.00000000   0.00000000    -0.00057243   0.00057243
    4    2
  0.00478391   0.00002186     0.01373356  -0.01550336     0.00000000   0.00000000
 -0.00368605   0.00242933     0.00456451  -0.00066947     0.00000000  -0.00000000
  0.00000000   0.00000000     0.00000000  -0.00000000    -0.00041636   0.00059021
    4    3
 -0.00336728   0.00339819     0.02067362   0.00125144     0.00000000   0.00000000
 -0.00432423   0.00088863    -0.00370098   0.00275421     0.00000000   0.00000000
 -0.00000000   0.00000000    -0.00000000   0.00000000     0.00071175   0.00012294
    4    4
  0.02806376  -0.00000000     0.00000000  -0.00785774    -0.00000000   0.00000000
  0.00000000   0.00785774     0.02111999   0.00000000    -0.00000000   0.00000000
 -0.00000000   0.00000000    -0.00000000   0.00000000     0.06357079   0.00000000
    4    5
  0.00599875  -0.00599874    -0.00344782  -0.00344782    -0.00000000   0.00000000
 -0.00344782  -0.00344782     0.00558713  -0.00558713    -0.00000000   0.00000000
 -0.00000000   0.00000000    -0.00000000   0.00000000     0.04192048  -0.04192047
    4    6
 -0.00214940   0.00214940     0.00024976   0.00024976    -0.00212384  -0.00212384
 -0.00212384  -0.00212384     0.00099000  -0.00099000     0.00588246  -0.00588246
  0.00024976   0.00024976     0.04254306  -0.04254305     0.00099000  -0.00099000
    4    7
  0.00303971  -0.00000000    -0.00000000  -0.00035322     0.00000000  -0.00300356
  0.00000000   0.00300356    -0.00140008   0.00000000     0.00831906  -0.00000000
 -0.00000000   0.00035322     0.06016496  -0.00000000    -0.00140008   0.00000000
    5    1
  0.02249580   0.00000000     0.00000000  -0.00552683    -0.00000000   0.00000000
  0.00000000  -0.04043497    -0.00014517   0.00000000     0.00000000   0.00000000
  0.00000000   0.00000000     0.00000000   0.00000000     0.00080954   0.00000000
    5    2
 -0.00336728  -0.00339819     0.02067362  -0.00125144     0.00000000  -0.00000000
 -0.00432423  -0.00088863    -0.00370098  -0.00275421     0.00000000  -0.00000000
 -0.00000000  -0.00000000     0.00000000  -0.00000000     0.00071175  -0.00012294
    5    3
  0.00478391  -0.00002186     0.01373356   0.01550336     0.00000000  -0.00000000
 -0.00368605  -0.00242933     0.00456451   0.00066947     0.00000000   0.00000000
  0.00000000  -0.00000000     0.00000000  -0.00000000    -0.00041636  -0.00059021
    5    4
  0.00599875   0.00599874    -0.00344782   0.00344782    -0.00000000  -0.00000000
 -0.00344782   0.00344782     0.00558713   0.00558713    -0.00000000  -0.00000000
 -0.00000000  -0.00000000    -0.00000000  -0.00000000     0.04192048   0.04192047
    5    5
  0.02806376   0.00000000     0.00000000   0.00785774    -0.00000000   0.00000000
  0.00000000  -0.00785774     0.02111999  -0.00000000    -0.00000000   0.00000000
 -0.00000000   0.00000000    -0.00000000   0.00000000     0.06357079  -0.00000000
    5    6
  0.00303971   0.00000000    -0.00000000   0.00035322     0.00000000   0.00300356
  0.00000000  -0.00300356    -0.00140008  -0.00000000     0.00831906   0.00000000
 -0.00000000  -0.00035322     0.06016496   0.00000000    -0.00140008  -0.00000000
    5    7
 -0.00214940  -0.00214940     0.00024976  -0.00024976    -0.00212384   0.00212384
 -0.00212384   0.00212384     0.00099000   0.00099000     0.00588246   0.00588246
  0.00024976  -0.00024976     0.04254306   0.04254305     0.00099000   0.00099000
    6    1
  0.02249580   0.00000000     0.00000000   0.00000000     0.00000000  -0.00552683
 -0.00000000   0.00000000     0.00080954   0.00000000     0.00000000   0.00000000
  0.00000000  -0.04043497     0.00000000   0.00000000    -0.00014517  -0.00000000
    6    2
  0.00478391  -0.00002186    -0.00000000  -0.00000000     0.01373356   0.01550336
  0.00000000  -0.00000000    -0.00041636  -0.00059021    -0.00000000  -0.00000000
 -0.00368605  -0.00242933     0.00000000  -0.00000000     0.00456451   0.00066947
    6    3
 -0.00336728  -0.00339819    -0.00000000   0.00000000     0.02067362  -0.00125144
 -0.00000000   0.00000000     0.00071175  -0.00012294    -0.00000000   0.00000000
 -0.00432423  -0.00088863     0.00000000   0.00000000    -0.00370098  -0.00275421
    6    4
 -0.00214940  -0.00214940    -0.00212384   0.00212384     0.00024976  -0.00024976
  0.00024976  -0.00024976     0.00099000   0.00099000     0.04254306   0.04254305
 -0.00212384   0.00212384     0.00588246   0.00588246     0.00099000   0.00099000
    6    5
  0.00303971  -0.00000000    -0.00000000   0.00300356    -0.00000000   0.00035322
 -0.00000000  -0.00035322    -0.00140008   0.00000000     0.06016496  -0.00000000
  0.00000000  -0.00300356     0.00831906  -0.00000000    -0.00140008  -0.00000000
    6    6
  0.02806376   0.00000000    -0.00000000  -0.00000000    -0.00000000   0.00785774
  0.00000000   0.00000000     0.06357079  -0.00000000    -0.00000000   0.00000000
  0.00000000  -0.00785774    -0.00000000   0.00000000     0.02111999   0.00000000
    6    7
  0.00599875   0.00599874    -0.00000000   0.00000000    -0.00344782   0.00344782
 -0.00000000   0.00000000     0.04192048   0.04192047    -0.00000000   0.00000000
 -0.00344782   0.00344782    -0.00000000   0.00000000     0.00558713   0.00558713
    7    1
 -0.01590694   0.01590693     0.00000000   0.00000000    -0.00390805  -0.00390806
  0.00000000   0.00000000    -0.00057243   0.00057243     0.00000000   0.00000000
 -0.02859184  -0.02859185     0.00000000   0.00000000     0.00010265  -0.00010265
    7    2
 -0.00336728   0.00339819    -0.00000000  -0.00000000     0.02067362   0.00125144
  0.00000000   0.00000000     0.00071175   0.00012294    -0.00000000  -0.00000000
 -0.00432423   0.00088863     0.00000000  -0.00000000    -0.00370098   0.00275421
    7    3
  0.00478391   0.00002186    -0.00000000   0.00000000     0.01373356  -0.01550336
  0.00000000   0.00000000    -0.00041636   0.00059021    -0.00000000   0.00000000
 -0.00368605   0.00242933    -0.00000000   0.00000000     0.00456451  -0.00066947
    7    4
  0.00303971   0.00000000    -0.00000000  -0.00300356    -0.00000000  -0.00035322
 -0.00000000   0.00035322    -0.00140008  -0.00000000     0.06016496   0.00000000
 -0.00000000   0.00300356     0.00831906   0.00000000    -0.00140008  -0.00000000
    7    5
 -0.00214940   0.00214940    -0.00212384  -0.00212384     0.00024976   0.00024976
  0.00024976   0.00024976     0.00099000  -0.00099000     0.04254306  -0.04254305
 -0.00212384  -0.00212384     0.00588246  -0.00588246     0.00099000  -0.00099000
    7    6
  0.00599875  -0.00599874    -0.00000000   0.00000000    -0.00344782  -0.00344782
 -0.00000000   0.00000000     0.04192048  -0.04192047    -0.00000000   0.00000000
 -0.00344782  -0.00344782    -0.00000000  -0.00000000     0.00558713  -0.00558713
    7    7
  0.02806376  -0.00000000    -0.00000000   0.00000000    -0.00000000  -0.00785774
  0.00000000  -0.00000000     0.06357079   0.00000000    -0.00000000  -0.00000000
  0.00000000   0.00785774    -0.00000000   0.00000000     0.02111999  -0.00000000

     Dynamical  Matrix in cartesian axes

     q = (   -0.649519100  -0.000000000  -0.000000000 ) 

    1    1
  0.18385440   0.00000000     0.00000000   0.00000000     0.00000000   0.00000000
  0.00000000   0.00000000     0.02301887   0.00000000     0.00000000   0.00000000
  0.00000000   0.00000000     0.00000000   0.00000000     0.02301887   0.00000000
    1    2
  0.01143706   0.02761152    -0.00000000  -0.00000000     0.00000000   0.00000000
 -0.00000000   0.00000000    -0.00007987  -0.00405727     0.00000000   0.00000000
  0.00000000   0.00000000     0.00000000   0.00000000    -0.00281245  -0.00292540
    1    3
  0.01143706   0.02761152     0.00000000   0.00000000     0.00000000   0.00000000
 -0.00000000   0.00000000    -0.00281245  -0.00292540     0.00000000   0.00000000
 -0.00000000   0.00000000     0.00000000   0.00000000    -0.00007987  -0.00405727
    1    4
 -0.01590694   0.01590693    -0.02859184  -0.02859185    -0.00000000  -0.00000000
 -0.00390805  -0.00390806     0.00010265  -0.00010265     0.00000000   0.00000000
 -0.00000000  -0.00000000     0.00000000  -0.00000000    -0.00057243   0.00057243
    1    5
  0.02249580   0.00000000     0.00000000  -0.04043497    -0.00000000   0.00000000
  0.00000000  -0.00552683    -0.00014517   0.00000000     0.00000000   0.00000000
  0.00000000   0.00000000    -0.00000000   0.00000000     0.00080954   0.00000000
    1    6
  0.02249580   0.00000000    -0.00000000   0.00000000     0.00000000  -0.04043497
 -0.00000000   0.00000000     0.00080954   0.00000000     0.00000000  -0.00000000
  0.00000000  -0.00552683     0.00000000  -0.00000000    -0.00014517   0.00000000
    1    7
 -0.01590694   0.01590693     0.00000000   0.00000000    -0.02859184  -0.02859185
  0.00000000  -0.00000000    -0.00057243   0.00057243     0.00000000  -0.00000000
 -0.00390805  -0.00390806     0.00000000  -0.00000000     0.00010265  -0.00010265
    2    1
  0.01143706  -0.02761152     0.00000000   0.00000000     0.00000000   0.00000000
 -0.00000000  -0.00000000    -0.00007987   0.00405727     0.00000000  -0.00000000
  0.00000000  -0.00000000     0.00000000   0.00000000    -0.00281245   0.00292540
    2    2
  0.04110507  -0.00000000    -0.00000000   0.00000000    -0.00000000  -0.00000000
 -0.00000000   0.00000000     0.03014618  -0.00000000    -0.00000000  -0.00000000
 -0.00000000  -0.00000000    -0.00000000  -0.00000000     0.03014618   0.00000000
    2    3
  0.02347315   0.00000000    -0.00000000   0.00000000    -0.00000000  -0.00000000
  0.00000000   0.00000000     0.01345698  -0.01618277    -0.00000000  -0.00000000
 -0.00000000  -0.00000000    -0.00000000  -0.00000000     0.01345698   0.01618277
    2    4
  0.00478391   0.00002186    -0.00368605   0.00242933     0.00000000   0.00000000
  0.01373356  -0.01550336     0.00456451  -0.00066947     0.00000000   0.00000000
  0.00000000   0.00000000     0.00000000   0.00000000    -0.00041636   0.00059021
    2    5
 -0.00336728  -0.00339819    -0.00432423  -0.00088863    -0.00000000  -0.00000000
  0.02067362  -0.00125144    -0.00370098  -0.00275421     0.00000000   0.00000000
 -0.00000000   0.00000000     0.00000000   0.00000000     0.00071175  -0.00012294
    2    6
  0.00478391  -0.00002186     0.00000000  -0.00000000    -0.00368605  -0.00242933
 -0.00000000  -0.00000000    -0.00041636  -0.00059021    -0.00000000   0.00000000
  0.01373356   0.01550336     0.00000000  -0.00000000     0.00456451   0.00066947
    2    7
 -0.00336728   0.00339819     0.00000000   0.00000000    -0.00432423   0.00088863
 -0.00000000   0.00000000     0.00071175   0.00012294     0.00000000  -0.00000000
  0.02067362   0.00125144     0.00000000  -0.00000000    -0.00370098   0.00275421
    3    1
  0.01143706  -0.02761152     0.00000000   0.00000000     0.00000000  -0.00000000
  0.00000000   0.00000000    -0.00281245   0.00292540     0.00000000  -0.00000000
  0.00000000  -0.00000000     0.00000000  -0.00000000    -0.00007987   0.00405727
    3    2
  0.02347315  -0.00000000    -0.00000000  -0.00000000    -0.00000000   0.00000000
  0.00000000  -0.00000000     0.01345698   0.01618277    -0.00000000   0.00000000
 -0.00000000   0.00000000    -0.00000000   0.00000000     0.01345698  -0.01618277
    3    3
  0.04110507   0.00000000    -0.00000000  -0.00000000    -0.00000000   0.00000000
 -0.00000000  -0.00000000     0.03014618   0.00000000    -0.00000000   0.00000000
 -0.00000000   0.00000000    -0.00000000   0.00000000     0.03014618  -0.00000000
    3    4
 -0.00336728   0.00339819    -0.00432423   0.00088863    -0.00000000   0.00000000
  0.02067362   0.00125144    -0.00370098   0.00275421    -0.00000000   0.00000000
 -0.00000000   0.00000000     0.00000000  -0.00000000     0.00071175   0.00012294
    3    5
  0.00478391  -0.00002186    -0.00368605  -0.00242933     0.00000000  -0.00000000
  0.01373356   0.01550336     0.00456451   0.00066947     0.00000000   0.00000000
  0.00000000  -0.00000000     0.00000000  -0.00000000    -0.00041636  -0.00059021
    3    6
 -0.00336728  -0.00339819     0.00000000   0.00000000    -0.00432423  -0.00088863
 -0.00000000   0.00000000     0.00071175  -0.00012294     0.00000000   0.00000000
  0.02067362  -0.00125144     0.00000000   0.00000000    -0.00370098  -0.00275421
    3    7
  0.00478391   0.00002186    -0.00000000   0.00000000    -0.00368605   0.00242933
 -0.00000000   0.00000000    -0.00041636   0.00059021    -0.00000000   0.00000000
  0.01373356  -0.01550336     0.00000000   0.00000000     0.00456451  -0.00066947
    4    1
 -0.01590694  -0.01590693    -0.00390805   0.00390806     0.00000000   0.00000000
 -0.02859184   0.02859185     0.00010265   0.00010265     0.00000000  -0.00000000
  0.00000000  -0.00000000     0.00000000   0.00000000    -0.00057243  -0.00057243
    4    2
  0.00478391  -0.00002186     0.01373356   0.01550336     0.00000000   0.00000000
 -0.00368605  -0.00242933     0.00456451   0.00066947     0.00000000   0.00000000
 -0.00000000  -0.00000000    -0.00000000   0.00000000    -0.00041636  -0.00059021
    4    3
 -0.00336728  -0.00339819     0.02067362  -0.00125144     0.00000000  -0.00000000
 -0.00432423  -0.00088863    -0.00370098  -0.00275421     0.00000000   0.00000000
 -0.00000000   0.00000000    -0.00000000   0.00000000     0.00071175  -0.00012294
    4    4
  0.02806376   0.00000000     0.00000000   0.00785774    -0.00000000   0.00000000
  0.00000000  -0.00785774     0.02111999  -0.00000000    -0.00000000   0.00000000
 -0.00000000  -0.00000000    -0.00000000  -0.00000000     0.06357079  -0.00000000
    4    5
  0.00599875   0.00599874    -0.00344782   0.00344782    -0.00000000  -0.00000000
 -0.00344782   0.00344782     0.00558713   0.00558713    -0.00000000  -0.00000000
 -0.00000000  -0.00000000    -0.00000000  -0.00000000     0.04192048   0.04192047
    4    6
 -0.00214940  -0.00214940     0.00024976  -0.00024976    -0.00212384   0.00212384
 -0.00212384   0.00212384     0.00099000   0.00099000     0.00588246   0.00588246
  0.00024976  -0.00024976     0.04254306   0.04254305     0.00099000   0.00099000
    4    7
  0.00303971  -0.00000000    -0.00000000   0.00035322     0.00000000   0.00300356
 -0.00000000  -0.00300356    -0.00140008   0.00000000     0.00831906  -0.00000000
  0.00000000  -0.00035322     0.06016496  -0.00000000    -0.00140008   0.00000000
    5    1
  0.02249580  -0.00000000     0.00000000   0.00552683     0.00000000   0.00000000
  0.00000000   0.04043497    -0.00014517  -0.00000000     0.00000000   0.00000000
  0.00000000   0.00000000     0.00000000   0.00000000     0.00080954   0.00000000
    5    2
 -0.00336728   0.00339819     0.02067362   0.00125144     0.00000000   0.00000000
 -0.00432423   0.00088863    -0.00370098   0.00275421     0.00000000   0.00000000
 -0.00000000   0.00000000     0.00000000   0.00000000     0.00071175   0.00012294
    5    3
  0.00478391   0.00002186     0.01373356  -0.01550336     0.00000000   0.00000000
 -0.00368605   0.00242933     0.00456451  -0.00066947     0.00000000   0.00000000
  0.00000000   0.00000000     0.00000000  -0.00000000    -0.00041636   0.00059021
    5    4
  0.00599875  -0.00599874    -0.00344782  -0.00344782    -0.00000000   0.00000000
 -0.00344782  -0.00344782     0.00558713  -0.00558713    -0.00000000   0.00000000
 -0.00000000   0.00000000    -0.00000000   0.00000000     0.04192048  -0.04192047
    5    5
  0.02806376  -0.00000000     0.00000000  -0.00785774    -0.00000000   0.00000000
  0.00000000   0.00785774     0.02111999   0.00000000    -0.00000000   0.00000000
 -0.00000000   0.00000000    -0.00000000   0.00000000     0.06357079   0.00000000
    5    6
  0.00303971   0.00000000    -0.00000000  -0.00035322     0.00000000  -0.00300356
 -0.00000000   0.00300356    -0.00140008  -0.00000000     0.00831906   0.00000000
  0.00000000   0.00035322     0.06016496   0.00000000    -0.00140008  -0.00000000
    5    7
 -0.00214940   0.00214940     0.00024976   0.00024976    -0.00212384  -0.00212384
 -0.00212384  -0.00212384     0.00099000  -0.00099000     0.00588246  -0.00588246
  0.00024976   0.00024976     0.04254306  -0.04254305     0.00099000  -0.00099000
    6    1
  0.02249580  -0.00000000    -0.00000000  -0.00000000     0.00000000   0.00552683
 -0.00000000  -0.00000000     0.00080954   0.00000000     0.00000000   0.00000000
  0.00000000   0.04043497     0.00000000   0.00000000    -0.00014517   0.00000000
    6    2
  0.00478391   0.00002186    -0.00000000   0.00000000     0.01373356  -0.01550336
 -0.00000000  -0.00000000    -0.00041636   0.00059021    -0.00000000   0.00000000
 -0.00368605   0.00242933    -0.00000000   0.00000000     0.00456451  -0.00066947
    6    3
 -0.00336728   0.00339819    -0.00000000   0.00000000     0.02067362   0.00125144
  0.00000000  -0.00000000     0.00071175   0.00012294    -0.00000000  -0.00000000
 -0.00432423   0.00088863     0.00000000  -0.00000000    -0.00370098   0.00275421
    6    4
 -0.00214940   0.00214940    -0.00212384  -0.00212384     0.00024976   0.00024976
  0.00024976   0.00024976     0.00099000  -0.00099000     0.04254306  -0.04254305
 -0.00212384  -0.00212384     0.00588246  -0.00588246     0.00099000  -0.00099000
    6    5
  0.00303971  -0.00000000     0.00000000  -0.00300356     0.00000000  -0.00035322
 -0.00000000   0.00035322    -0.00140008  -0.00000000     0.06016496  -0.00000000
  0.00000000   0.00300356     0.00831906  -0.00000000    -0.00140008   0.00000000
    6    6
  0.02806376   0.00000000    -0.00000000   0.00000000    -0.00000000  -0.00785774
  0.00000000  -0.00000000     0.06357079   0.00000000     0.00000000   0.00000000
  0.00000000   0.00785774    -0.00000000   0.00000000     0.02111999  -0.00000000
    6    7
  0.00599875  -0.00599874     0.00000000   0.00000000    -0.00344782  -0.00344782
 -0.00000000   0.00000000     0.04192048  -0.04192047    -0.00000000   0.00000000
 -0.00344782  -0.00344782     0.00000000  -0.00000000     0.00558713  -0.00558713
    7    1
 -0.01590694  -0.01590693     0.00000000   0.00000000    -0.00390805   0.00390806
  0.00000000  -0.00000000    -0.00057243  -0.00057243     0.00000000   0.00000000
 -0.02859184   0.02859185    -0.00000000   0.00000000     0.00010265   0.00010265
    7    2
 -0.00336728  -0.00339819    -0.00000000   0.00000000     0.02067362  -0.00125144
 -0.00000000   0.00000000     0.00071175  -0.00012294    -0.00000000   0.00000000
 -0.00432423  -0.00088863     0.00000000   0.00000000    -0.00370098  -0.00275421
    7    3
  0.00478391  -0.00002186    -0.00000000  -0.00000000     0.01373356   0.01550336
 -0.00000000   0.00000000    -0.00041636  -0.00059021    -0.00000000  -0.00000000
 -0.00368605  -0.00242933    -0.00000000   0.00000000     0.00456451   0.00066947
    7    4
  0.00303971   0.00000000     0.00000000   0.00300356     0.00000000   0.00035322
 -0.00000000  -0.00035322    -0.00140008   0.00000000     0.06016496   0.00000000
  0.00000000  -0.00300356     0.00831906   0.00000000    -0.00140008  -0.00000000
    7    5
 -0.00214940  -0.00214940    -0.00212384   0.00212384     0.00024976  -0.00024976
  0.00024976  -0.00024976     0.00099000   0.00099000     0.04254306   0.04254305
 -0.00212384   0.00212384     0.00588246   0.00588246     0.00099000   0.00099000
    7    6
  0.00599875   0.00599874     0.00000000  -0.00000000    -0.00344782   0.00344782
 -0.00000000  -0.00000000     0.04192048   0.04192047    -0.00000000  -0.00000000
 -0.00344782   0.00344782     0.00000000   0.00000000     0.00558713   0.00558713
    7    7
  0.02806376  -0.00000000    -0.00000000  -0.00000000    -0.00000000   0.00785774
  0.00000000   0.00000000     0.06357079  -0.00000000     0.00000000   0.00000000
  0.00000000  -0.00785774    -0.00000000   0.00000000     0.02111999   0.00000000

     Dynamical  Matrix in cartesian axes

     q = (   -0.000000000   0.649519100   0.000000000 ) 

    1    1
  0.02301887   0.00000000     0.00000000   0.00000000     0.00000000   0.00000000
  0.00000000   0.00000000     0.18385440   0.00000000     0.00000000   0.00000000
  0.00000000   0.00000000     0.00000000   0.00000000     0.02301887   0.00000000
    1    2
 -0.00014517  -0.00000000     0.00000000   0.00552683    -0.00000000   0.00000000
  0.00000000   0.04043497     0.02249580  -0.00000000    -0.00000000   0.00000000
 -0.00000000  -0.00000000    -0.00000000   0.00000000     0.00080954   0.00000000
    1    3
  0.00010265   0.00010265    -0.00390805   0.00390806     0.00000000   0.00000000
 -0.02859184   0.02859185    -0.01590694  -0.01590693    -0.00000000   0.00000000
  0.00000000  -0.00000000     0.00000000   0.00000000    -0.00057243  -0.00057243
    1    4
 -0.00281245   0.00292540    -0.00000000   0.00000000     0.00000000  -0.00000000
  0.00000000   0.00000000     0.01143706  -0.02761152     0.00000000  -0.00000000
  0.00000000  -0.00000000     0.00000000  -0.00000000    -0.00007987   0.00405727
    1    5
 -0.00007987   0.00405727    -0.00000000   0.00000000     0.00000000   0.00000000
  0.00000000  -0.00000000     0.01143706  -0.02761152     0.00000000  -0.00000000
  0.00000000   0.00000000     0.00000000   0.00000000    -0.00281245   0.00292540
    1    6
 -0.00057243  -0.00057243     0.00000000   0.00000000     0.00000000   0.00000000
  0.00000000   0.00000000    -0.01590694  -0.01590693    -0.02859184   0.02859185
  0.00000000   0.00000000    -0.00390805   0.00390806     0.00010265   0.00010265
    1    7
  0.00080954  -0.00000000    -0.00000000   0.00000000    -0.00000000   0.00000000
 -0.00000000  -0.00000000     0.02249580  -0.00000000     0.00000000   0.04043497
