  2.500000000000000E-002   1.26011648066226        2.33218954087644     
          24

     Dynamical  Matrix in cartesian axes

     q = (    0.216506400   0.108253200   0.108253200 ) 

    1    1
  0.06516805   0.00000000     0.01610192   0.00000000     0.01610192   0.00000000
  0.01610192   0.00000000     0.02345048   0.00000000     0.00048180   0.00000000
  0.01610192   0.00000000     0.00048180   0.00000000     0.02345048   0.00000000
    1    2
 -0.00171471   0.00171471     0.00800845   0.00149156    -0.00149156  -0.00800845
 -0.00219521   0.00310659     0.00396632   0.00706989     0.00041476  -0.00247122
 -0.00310659   0.00219521     0.00247122  -0.00041476    -0.00706989  -0.00396632
    1    3
 -0.00171471   0.00171471    -0.00149156  -0.00800845     0.00800845   0.00149156
 -0.00310659   0.00219521    -0.00706989  -0.00396632     0.00247122  -0.00041476
 -0.00219521   0.00310659     0.00041476  -0.00247122     0.00396632   0.00706989
    1    4
 -0.00284761  -0.00326582    -0.01091050   0.00962815     0.01900038   0.01067527
 -0.00665990  -0.00384303    -0.00260306   0.00227835     0.00499383   0.00332866
  0.00132146  -0.00148036    -0.00286037   0.00482791     0.00496472   0.00376509
    1    5
  0.00326582   0.00284761    -0.00962815   0.01091050    -0.01067528  -0.01900038
  0.00384303   0.00665989    -0.00227835   0.00260306    -0.00332866  -0.00499383
  0.00148036  -0.00132146    -0.00482790   0.00286037    -0.00376509  -0.00496472
    1    6
  0.00326582   0.00284761    -0.01067528  -0.01900038    -0.00962815   0.01091050
  0.00148036  -0.00132146    -0.00376509  -0.00496472    -0.00482790   0.00286037
  0.00384303   0.00665989    -0.00332866  -0.00499383    -0.00227835   0.00260306
    1    7
 -0.00284761  -0.00326582     0.01900038   0.01067527    -0.01091050   0.00962815
  0.00132146  -0.00148036     0.00496472   0.00376509    -0.00286037   0.00482791
 -0.00665990  -0.00384303     0.00499383   0.00332866    -0.00260306   0.00227835
    2    1
 -0.00171471  -0.00171471    -0.00219521  -0.00310659    -0.00310659  -0.00219521
  0.00800845  -0.00149156     0.00396632  -0.00706989     0.00247122   0.00041476
 -0.00149156   0.00800845     0.00041476   0.00247122    -0.00706989   0.00396632
    2    2
  0.02228083  -0.00000000     0.00371628  -0.00007977     0.00371628   0.00007977
  0.00371628   0.00007977     0.03046191  -0.00000000     0.00715778  -0.00332320
  0.00371628  -0.00007977     0.00715778   0.00332320     0.03046191   0.00000000
    2    3
  0.00786656   0.00000000    -0.00150888   0.00466353    -0.00150888  -0.00466353
 -0.00150888   0.00466353    -0.01978673   0.01423432    -0.00718080   0.00000000
 -0.00150888  -0.00466353    -0.00718080   0.00000000    -0.01978673  -0.01423432
    2    4
 -0.00519522   0.00647232    -0.00404240   0.00184126     0.00006929   0.00005788
 -0.02089335   0.01568345    -0.00227506   0.00523138    -0.00857814   0.00848108
 -0.00755615   0.00395841    -0.00186587  -0.00072759     0.00908380   0.00879693
    2    5
 -0.00141685  -0.00350638     0.00216983  -0.00069678     0.00115353  -0.00154670
  0.02716759   0.00026390    -0.00215651   0.00169877     0.00949491  -0.00869138
  0.00651139   0.00691129     0.00057368   0.00162178    -0.00725685  -0.00758034
    2    6
 -0.00519522  -0.00647232     0.00006929  -0.00005788    -0.00404240  -0.00184126
 -0.00755615  -0.00395841     0.00908380  -0.00879693    -0.00186587   0.00072759
 -0.02089335  -0.01568345    -0.00857814  -0.00848108    -0.00227506  -0.00523138
    2    7
 -0.00141685   0.00350638     0.00115353   0.00154670     0.00216983   0.00069678
  0.00651139  -0.00691129    -0.00725685   0.00758034     0.00057368  -0.00162178
  0.02716759  -0.00026390     0.00949491   0.00869138    -0.00215651  -0.00169877
    3    1
 -0.00171471  -0.00171471    -0.00310659  -0.00219521    -0.00219521  -0.00310659
 -0.00149156   0.00800845    -0.00706989   0.00396632     0.00041476   0.00247122
  0.00800845  -0.00149156     0.00247122   0.00041476     0.00396632  -0.00706989
    3    2
  0.00786656  -0.00000000    -0.00150888  -0.00466353    -0.00150888   0.00466353
 -0.00150888  -0.00466353    -0.01978673  -0.01423432    -0.00718080  -0.00000000
 -0.00150888   0.00466353    -0.00718080  -0.00000000    -0.01978673   0.01423432
    3    3
  0.02228083   0.00000000     0.00371628   0.00007977     0.00371628  -0.00007977
  0.00371628  -0.00007977     0.03046191   0.00000000     0.00715778   0.00332320
  0.00371628   0.00007977     0.00715778  -0.00332320     0.03046191  -0.00000000
    3    4
 -0.00141685   0.00350638     0.00216983   0.00069678     0.00115353   0.00154670
  0.02716759  -0.00026390    -0.00215651  -0.00169877     0.00949491   0.00869138
  0.00651139  -0.00691129     0.00057368  -0.00162178    -0.00725685   0.00758034
    3    5
 -0.00519522  -0.00647232    -0.00404240  -0.00184126     0.00006929  -0.00005788
 -0.02089335  -0.01568345    -0.00227506  -0.00523138    -0.00857814  -0.00848108
 -0.00755615  -0.00395841    -0.00186587   0.00072759     0.00908380  -0.00879693
    3    6
 -0.00141685  -0.00350638     0.00115353  -0.00154670     0.00216983  -0.00069678
  0.00651139   0.00691129    -0.00725685  -0.00758034     0.00057368   0.00162178
  0.02716759   0.00026390     0.00949491  -0.00869138    -0.00215651   0.00169877
    3    7
 -0.00519522   0.00647232     0.00006929   0.00005788    -0.00404240   0.00184126
 -0.00755615   0.00395841     0.00908380   0.00879693    -0.00186587  -0.00072759
 -0.02089335   0.01568345    -0.00857814   0.00848108    -0.00227506   0.00523138
    4    1
 -0.00284761   0.00326582    -0.00665990   0.00384303     0.00132146   0.00148036
 -0.01091050  -0.00962815    -0.00260306  -0.00227835    -0.00286037  -0.00482791
  0.01900038  -0.01067527     0.00499383  -0.00332866     0.00496472  -0.00376509
    4    2
 -0.00519522  -0.00647232    -0.02089335  -0.01568345    -0.00755615  -0.00395841
 -0.00404240  -0.00184126    -0.00227506  -0.00523138    -0.00186587   0.00072759
  0.00006929  -0.00005788    -0.00857814  -0.00848108     0.00908380  -0.00879693
    4    3
 -0.00141685  -0.00350638     0.02716759   0.00026390     0.00651139   0.00691129
  0.00216983  -0.00069678    -0.00215651   0.00169877     0.00057368   0.00162178
  0.00115353  -0.00154670     0.00949491  -0.00869138    -0.00725685  -0.00758034
    4    4
  0.03208201  -0.00000000     0.00127741   0.00037902     0.00994810   0.00481855
  0.00127741  -0.00037902     0.01343870  -0.00000000     0.00060083  -0.00505355
  0.00994810  -0.00481855     0.00060083   0.00505355     0.04605937  -0.00000000
    4    5
 -0.01845185  -0.01466186    -0.00020833  -0.00248292    -0.00933816  -0.00501343
 -0.00020833  -0.00248292     0.00499066   0.00213688    -0.00230038   0.00550298
 -0.00933816  -0.00501343    -0.00230038   0.00550298    -0.04220091  -0.00494414
    4    6
  0.00663692   0.01145848    -0.00867732  -0.00443306    -0.00002753  -0.00042237
 -0.00002753  -0.00042237    -0.00366781   0.00607680    -0.00076653  -0.00069646
 -0.00867732  -0.00443306    -0.04328785  -0.00511801    -0.00366781   0.00607680
    4    7
 -0.00622304  -0.00000000     0.00929659   0.00472836    -0.00134101   0.00145674
 -0.00134101  -0.00145674    -0.00119829  -0.00694411    -0.00090543  -0.00000000
  0.00929659  -0.00472836     0.04358901   0.00000000    -0.00119829   0.00694411
    5    1
  0.00326582  -0.00284761     0.00384303  -0.00665989     0.00148036   0.00132146
 -0.00962815  -0.01091050    -0.00227835  -0.00260306    -0.00482790  -0.00286037
 -0.01067528   0.01900038    -0.00332866   0.00499383    -0.00376509   0.00496472
    5    2
 -0.00141685   0.00350638     0.02716759  -0.00026390     0.00651139  -0.00691129
  0.00216983   0.00069678    -0.00215651  -0.00169877     0.00057368  -0.00162178
  0.00115353   0.00154670     0.00949491   0.00869138    -0.00725685   0.00758034
    5    3
 -0.00519522   0.00647232    -0.02089335   0.01568345    -0.00755615   0.00395841
 -0.00404240   0.00184126    -0.00227506   0.00523138    -0.00186587  -0.00072759
  0.00006929   0.00005788    -0.00857814   0.00848108     0.00908380   0.00879693
    5    4
 -0.01845185   0.01466186    -0.00020833   0.00248292    -0.00933816   0.00501343
 -0.00020833   0.00248292     0.00499066  -0.00213688    -0.00230038  -0.00550298
 -0.00933816   0.00501343    -0.00230038  -0.00550298    -0.04220091   0.00494414
    5    5
  0.03208201   0.00000000     0.00127741  -0.00037902     0.00994810  -0.00481855
  0.00127741   0.00037902     0.01343870   0.00000000     0.00060083   0.00505355
  0.00994810   0.00481855     0.00060083  -0.00505355     0.04605937   0.00000000
    5    6
 -0.00622304  -0.00000000     0.00929659  -0.00472836    -0.00134101  -0.00145674
 -0.00134101   0.00145674    -0.00119829   0.00694411    -0.00090543   0.00000000
  0.00929659   0.00472836     0.04358901   0.00000000    -0.00119829  -0.00694411
    5    7
  0.00663692  -0.01145848    -0.00867732   0.00443306    -0.00002753   0.00042237
 -0.00002753   0.00042237    -0.00366781  -0.00607680    -0.00076653   0.00069646
 -0.00867732   0.00443306    -0.04328785   0.00511801    -0.00366781  -0.00607680
    6    1
  0.00326582  -0.00284761     0.00148036   0.00132146     0.00384303  -0.00665989
 -0.01067528   0.01900038    -0.00376509   0.00496472    -0.00332866   0.00499383
 -0.00962815  -0.01091050    -0.00482790  -0.00286037    -0.00227835  -0.00260306
    6    2
 -0.00519522   0.00647232    -0.00755615   0.00395841    -0.02089335   0.01568345
  0.00006929   0.00005788     0.00908380   0.00879693    -0.00857814   0.00848108
 -0.00404240   0.00184126    -0.00186587  -0.00072759    -0.00227506   0.00523138
    6    3
 -0.00141685   0.00350638     0.00651139  -0.00691129     0.02716759  -0.00026390
  0.00115353   0.00154670    -0.00725685   0.00758034     0.00949491   0.00869138
  0.00216983   0.00069678     0.00057368  -0.00162178    -0.00215651  -0.00169877
    6    4
  0.00663692  -0.01145848    -0.00002753   0.00042237    -0.00867732   0.00443306
 -0.00867732   0.00443306    -0.00366781  -0.00607680    -0.04328785   0.00511801
 -0.00002753   0.00042237    -0.00076653   0.00069646    -0.00366781  -0.00607680
    6    5
 -0.00622304   0.00000000    -0.00134101  -0.00145674     0.00929659  -0.00472836
  0.00929659   0.00472836    -0.00119829  -0.00694411     0.04358901  -0.00000000
 -0.00134101   0.00145674    -0.00090543  -0.00000000    -0.00119829   0.00694411
    6    6
  0.03208201   0.00000000     0.00994810  -0.00481855     0.00127741  -0.00037902
  0.00994810   0.00481855     0.04605937  -0.00000000     0.00060083  -0.00505355
  0.00127741   0.00037902     0.00060083   0.00505355     0.01343870   0.00000000
    6    7
 -0.01845185   0.01466186    -0.00933816   0.00501343    -0.00020833   0.00248292
 -0.00933816   0.00501343    -0.04220091   0.00494414    -0.00230038  -0.00550298
 -0.00020833   0.00248292    -0.00230038  -0.00550298     0.00499066  -0.00213688
    7    1
 -0.00284761   0.00326582     0.00132146   0.00148036    -0.00665990   0.00384303
  0.01900038  -0.01067527     0.00496472  -0.00376509     0.00499383  -0.00332866
 -0.01091050  -0.00962815    -0.00286037  -0.00482791    -0.00260306  -0.00227835
    7    2
 -0.00141685  -0.00350638     0.00651139   0.00691129     0.02716759   0.00026390
  0.00115353  -0.00154670    -0.00725685  -0.00758034     0.00949491  -0.00869138
  0.00216983  -0.00069678     0.00057368   0.00162178    -0.00215651   0.00169877
    7    3
 -0.00519522  -0.00647232    -0.00755615  -0.00395841    -0.02089335  -0.01568345
  0.00006929  -0.00005788     0.00908380  -0.00879693    -0.00857814  -0.00848108
 -0.00404240  -0.00184126    -0.00186587   0.00072759    -0.00227506  -0.00523138
    7    4
 -0.00622304   0.00000000    -0.00134101   0.00145674     0.00929659   0.00472836
  0.00929659  -0.00472836    -0.00119829   0.00694411     0.04358901  -0.00000000
 -0.00134101  -0.00145674    -0.00090543   0.00000000    -0.00119829  -0.00694411
    7    5
  0.00663692   0.01145848    -0.00002753  -0.00042237    -0.00867732  -0.00443306
 -0.00867732  -0.00443306    -0.00366781   0.00607680    -0.04328785  -0.00511801
 -0.00002753  -0.00042237    -0.00076653  -0.00069646    -0.00366781   0.00607680
    7    6
 -0.01845185  -0.01466186    -0.00933816  -0.00501343    -0.00020833  -0.00248292
 -0.00933816  -0.00501343    -0.04220091  -0.00494414    -0.00230038   0.00550298
 -0.00020833  -0.00248292    -0.00230038   0.00550298     0.00499066   0.00213688
    7    7
  0.03208201  -0.00000000     0.00994810   0.00481855     0.00127741   0.00037902
  0.00994810  -0.00481855     0.04605937   0.00000000     0.00060083   0.00505355
  0.00127741  -0.00037902     0.00060083  -0.00505355     0.01343870  -0.00000000

     Dynamical  Matrix in cartesian axes

     q = (   -0.216506400   0.108253200  -0.108253200 ) 

    1    1
  0.06516805  -0.00000000    -0.01610192   0.00000000     0.01610192  -0.00000000
 -0.01610192   0.00000000     0.02345048  -0.00000000    -0.00048180   0.00000000
  0.01610192  -0.00000000    -0.00048180   0.00000000     0.02345048  -0.00000000
    1    2
 -0.00171471  -0.00171471    -0.00800845   0.00149156    -0.00149156   0.00800845
  0.00219521   0.00310659     0.00396632  -0.00706989    -0.00041476  -0.00247122
 -0.00310659  -0.00219521    -0.00247122  -0.00041476    -0.00706989   0.00396632
    1    3
 -0.00242496   0.00000000    -0.00460814  -0.00671752     0.00460814  -0.00671752
  0.00374894  -0.00064444    -0.00219455   0.00780378    -0.00204070   0.00145414
 -0.00374894  -0.00064444    -0.00204070  -0.00145414    -0.00219455  -0.00780378
    1    4
  0.00326582  -0.00284761     0.00962815   0.01091050    -0.01067528   0.01900038
 -0.00384303   0.00665989    -0.00227835  -0.00260306     0.00332866  -0.00499383
  0.00148036   0.00132146     0.00482790   0.00286037    -0.00376509   0.00496472
    1    5
  0.00029572   0.00432284     0.01452302  -0.00090676     0.00588674  -0.02098386
  0.00199182  -0.00742669    -0.00345168   0.00022960    -0.00117745   0.00588489
  0.00198118   0.00011236     0.00543643   0.00139126     0.00084827  -0.00617291
    1    6
  0.00029572  -0.00432284    -0.00588674  -0.02098386    -0.01452302  -0.00090676
 -0.00198118   0.00011236     0.00084827   0.00617291     0.00543643  -0.00139126
 -0.00199182  -0.00742669    -0.00117745  -0.00588489    -0.00345168  -0.00022960
    1    7
 -0.00284761   0.00326582    -0.01900038   0.01067527    -0.01091050  -0.00962815
 -0.00132146  -0.00148036     0.00496472  -0.00376509     0.00286037   0.00482791
 -0.00665990   0.00384303    -0.00499383   0.00332866    -0.00260306  -0.00227835
    2    1
 -0.00171471   0.00171471     0.00219521  -0.00310659    -0.00310659   0.00219521
 -0.00800845  -0.00149156     0.00396632   0.00706989    -0.00247122   0.00041476
 -0.00149156  -0.00800845    -0.00041476   0.00247122    -0.00706989  -0.00396632
    2    2
  0.02228083  -0.00000000    -0.00371628  -0.00007977     0.00371628  -0.00007977
 -0.00371628   0.00007977     0.03046191   0.00000000    -0.00715778  -0.00332320
  0.00371628   0.00007977    -0.00715778   0.00332320     0.03046191  -0.00000000
    2    3
  0.00556250  -0.00556250     0.00436455   0.00223067     0.00223068   0.00436455
  0.00436455   0.00223067    -0.02405651   0.00392616     0.00507759  -0.00507759
  0.00223068   0.00436455     0.00507759  -0.00507759    -0.00392615   0.02405651
    2    4
 -0.00141685   0.00350638    -0.00216983  -0.00069678     0.00115353   0.00154670
 -0.02716759   0.00026390    -0.00215651  -0.00169877    -0.00949491  -0.00869138
  0.00651139  -0.00691129    -0.00057368   0.00162178    -0.00725685   0.00758034
    2    5
 -0.00825019  -0.00090305     0.00416037  -0.00155644     0.00000807  -0.00008992
  0.02586371  -0.00368396    -0.00530786  -0.00209043     0.01206269  -0.00006863
 -0.00814202   0.00254398     0.00080489  -0.00183385     0.00020285  -0.01264359
    2    6
  0.00090305   0.00825019    -0.00008992   0.00000807    -0.00155644   0.00416037
  0.00254398  -0.00814202     0.01264359  -0.00020285     0.00183385  -0.00080489
 -0.00368395   0.02586371     0.00006863  -0.01206269     0.00209043   0.00530786
    2    7
 -0.00141685  -0.00350638    -0.00115353   0.00154670     0.00216983  -0.00069678
 -0.00651139  -0.00691129    -0.00725685  -0.00758034    -0.00057368  -0.00162178
  0.02716759   0.00026390    -0.00949491   0.00869138    -0.00215651   0.00169877
    3    1
 -0.00242496  -0.00000000     0.00374894   0.00064444    -0.00374894   0.00064444
 -0.00460814   0.00671752    -0.00219455  -0.00780378    -0.00204070   0.00145414
  0.00460814   0.00671752    -0.00204070  -0.00145414    -0.00219455   0.00780378
    3    2
  0.00556250   0.00556250     0.00436455  -0.00223067     0.00223068  -0.00436455
  0.00436455  -0.00223067    -0.02405651  -0.00392616     0.00507759   0.00507759
  0.00223068  -0.00436455     0.00507759   0.00507759    -0.00392615  -0.02405651
    3    3
  0.02228083  -0.00000000    -0.00371628   0.00007977     0.00371628   0.00007977
 -0.00371628  -0.00007977     0.03046191  -0.00000000    -0.00715778   0.00332320
  0.00371628  -0.00007977    -0.00715778  -0.00332320     0.03046191   0.00000000
    3    4
 -0.00825019   0.00090305     0.00416037   0.00155644     0.00000807   0.00008992
  0.02586371   0.00368396    -0.00530786   0.00209043     0.01206269   0.00006863
 -0.00814202  -0.00254398     0.00080489   0.00183385     0.00020285   0.01264359
    3    5
 -0.00141685  -0.00350638    -0.00216983   0.00069678     0.00115353  -0.00154670
 -0.02716759  -0.00026390    -0.00215651   0.00169877    -0.00949491   0.00869138
  0.00651139   0.00691129    -0.00057368  -0.00162178    -0.00725685  -0.00758034
    3    6
 -0.00141685   0.00350638    -0.00115353  -0.00154670     0.00216983   0.00069678
 -0.00651139   0.00691129    -0.00725685   0.00758034    -0.00057368   0.00162178
  0.02716759  -0.00026390    -0.00949491  -0.00869138    -0.00215651  -0.00169877
    3    7
  0.00090305  -0.00825019    -0.00008992  -0.00000807    -0.00155644  -0.00416037
  0.00254398   0.00814202     0.01264359   0.00020285     0.00183385   0.00080489
 -0.00368395  -0.02586371     0.00006863   0.01206269     0.00209043  -0.00530786
    4    1
  0.00326582   0.00284761    -0.00384303  -0.00665989     0.00148036  -0.00132146
  0.00962815  -0.01091050    -0.00227835   0.00260306     0.00482790  -0.00286037
 -0.01067528  -0.01900038     0.00332866   0.00499383    -0.00376509  -0.00496472
    4    2
 -0.00141685  -0.00350638    -0.02716759  -0.00026390     0.00651139   0.00691129
 -0.00216983   0.00069678    -0.00215651   0.00169877    -0.00057368  -0.00162178
  0.00115353  -0.00154670    -0.00949491   0.00869138    -0.00725685  -0.00758034
    4    3
 -0.00825019  -0.00090305     0.02586371  -0.00368396    -0.00814202   0.00254398
  0.00416037  -0.00155644    -0.00530786  -0.00209043     0.00080489  -0.00183385
  0.00000807  -0.00008992     0.01206269  -0.00006863     0.00020285  -0.01264359
    4    4
  0.03208201  -0.00000000    -0.00127741  -0.00037902     0.00994810   0.00481855
 -0.00127741   0.00037902     0.01343870   0.00000000    -0.00060083   0.00505355
  0.00994810  -0.00481855    -0.00060083  -0.00505355     0.04605937   0.00000000
    4    5
 -0.02341493   0.00267993     0.00190300   0.00160837    -0.01014811   0.00305805
  0.00190300   0.00160837     0.00503993  -0.00201793    -0.00226458  -0.00551781
 -0.01014811   0.00305805    -0.00226458  -0.00551781    -0.03333658   0.02634452
    4    6
 -0.00440035   0.00440036    -0.00991714   0.00323023     0.00008184   0.00197831
  0.00197831   0.00008183    -0.00575755  -0.00406291     0.00064024  -0.00064024
  0.00323022  -0.00991714    -0.03082208   0.03082209     0.00406291   0.00575754
    4    7
  0.00663692   0.01145848     0.00867732   0.00443306    -0.00002753  -0.00042237
  0.00002753   0.00042237    -0.00366781   0.00607680     0.00076653   0.00069646
 -0.00867732  -0.00443306     0.04328785   0.00511801    -0.00366781   0.00607680
    5    1
  0.00029572  -0.00432284     0.00199182   0.00742669     0.00198118  -0.00011236
  0.01452302   0.00090676    -0.00345168  -0.00022960     0.00543643  -0.00139126
  0.00588674   0.02098386    -0.00117745  -0.00588489     0.00084827   0.00617291
    5    2
 -0.00825019   0.00090305     0.02586371   0.00368396    -0.00814202  -0.00254398
  0.00416037   0.00155644    -0.00530786   0.00209043     0.00080489   0.00183385
  0.00000807   0.00008992     0.01206269   0.00006863     0.00020285   0.01264359
    5    3
 -0.00141685   0.00350638    -0.02716759   0.00026390     0.00651139  -0.00691129
 -0.00216983  -0.00069678    -0.00215651  -0.00169877    -0.00057368   0.00162178
  0.00115353   0.00154670    -0.00949491  -0.00869138    -0.00725685   0.00758034
    5    4
 -0.02341493  -0.00267993     0.00190300  -0.00160837    -0.01014811  -0.00305805
  0.00190300  -0.00160837     0.00503993   0.00201793    -0.00226458   0.00551781
 -0.01014811  -0.00305805    -0.00226458   0.00551781    -0.03333658  -0.02634452
    5    5
  0.03208201   0.00000000    -0.00127741   0.00037902     0.00994810  -0.00481855
 -0.00127741  -0.00037902     0.01343870  -0.00000000    -0.00060083  -0.00505355
  0.00994810   0.00481855    -0.00060083   0.00505355     0.04605937  -0.00000000
    5    6
  0.00663692  -0.01145848     0.00867732  -0.00443306    -0.00002753   0.00042237
  0.00002753  -0.00042237    -0.00366781  -0.00607680     0.00076653  -0.00069646
 -0.00867732   0.00443306     0.04328785  -0.00511801    -0.00366781  -0.00607680
    5    7
 -0.00440035  -0.00440036    -0.00991714  -0.00323023     0.00008184  -0.00197831
  0.00197831  -0.00008183    -0.00575755   0.00406291     0.00064024   0.00064024
  0.00323022   0.00991714    -0.03082208  -0.03082209     0.00406291  -0.00575754
    6    1
  0.00029572   0.00432284    -0.00198118  -0.00011236    -0.00199182   0.00742669
 -0.00588674   0.02098386     0.00084827  -0.00617291    -0.00117745   0.00588489
 -0.01452302   0.00090676     0.00543643   0.00139126    -0.00345168   0.00022960
    6    2
  0.00090305  -0.00825019     0.00254398   0.00814202    -0.00368395  -0.02586371
 -0.00008992  -0.00000807     0.01264359   0.00020285     0.00006863   0.01206269
 -0.00155644  -0.00416037     0.00183385   0.00080489     0.00209043  -0.00530786
    6    3
 -0.00141685  -0.00350638    -0.00651139  -0.00691129     0.02716759   0.00026390
 -0.00115353   0.00154670    -0.00725685  -0.00758034    -0.00949491   0.00869138
  0.00216983  -0.00069678    -0.00057368  -0.00162178    -0.00215651   0.00169877
    6    4
 -0.00440035  -0.00440036     0.00197831  -0.00008183     0.00323022   0.00991714
 -0.00991714  -0.00323023    -0.00575755   0.00406291    -0.03082208  -0.03082209
  0.00008184  -0.00197831     0.00064024   0.00064024     0.00406291  -0.00575754
    6    5
  0.00663692   0.01145848     0.00002753   0.00042237    -0.00867732  -0.00443306
  0.00867732   0.00443306    -0.00366781   0.00607680     0.04328785   0.00511801
 -0.00002753  -0.00042237     0.00076653   0.00069646    -0.00366781   0.00607680
    6    6
  0.03208201  -0.00000000    -0.00994810  -0.00481855     0.00127741   0.00037902
 -0.00994810   0.00481855     0.04605937  -0.00000000    -0.00060083  -0.00505355
  0.00127741  -0.00037902    -0.00060083   0.00505355     0.01343870  -0.00000000
    6    7
 -0.00267993  -0.02341493     0.00305805   0.01014811     0.00160837  -0.00190300
  0.00305805   0.01014811    -0.02634451  -0.03333659     0.00551781  -0.00226458
  0.00160837  -0.00190300     0.00551781  -0.00226458     0.00201793   0.00503993
    7    1
 -0.00284761  -0.00326582    -0.00132146   0.00148036    -0.00665990  -0.00384303
 -0.01900038  -0.01067527     0.00496472   0.00376509    -0.00499383  -0.00332866
 -0.01091050   0.00962815     0.00286037  -0.00482791    -0.00260306   0.00227835
    7    2
 -0.00141685   0.00350638    -0.00651139   0.00691129     0.02716759  -0.00026390
 -0.00115353  -0.00154670    -0.00725685   0.00758034    -0.00949491  -0.00869138
  0.00216983   0.00069678    -0.00057368   0.00162178    -0.00215651  -0.00169877
    7    3
  0.00090305   0.00825019     0.00254398  -0.00814202    -0.00368395   0.02586371
 -0.00008992   0.00000807     0.01264359  -0.00020285     0.00006863  -0.01206269
 -0.00155644   0.00416037     0.00183385  -0.00080489     0.00209043   0.00530786
    7    4
  0.00663692  -0.01145848     0.00002753  -0.00042237    -0.00867732   0.00443306
  0.00867732  -0.00443306    -0.00366781  -0.00607680     0.04328785  -0.00511801
 -0.00002753   0.00042237     0.00076653  -0.00069646    -0.00366781  -0.00607680
    7    5
 -0.00440035   0.00440036     0.00197831   0.00008183     0.00323022  -0.00991714
 -0.00991714   0.00323023    -0.00575755  -0.00406291    -0.03082208   0.03082209
  0.00008184   0.00197831     0.00064024  -0.00064024     0.00406291   0.00575754
    7    6
 -0.00267993   0.02341493     0.00305805  -0.01014811     0.00160837   0.00190300
  0.00305805  -0.01014811    -0.02634451   0.03333659     0.00551781   0.00226458
  0.00160837   0.00190300     0.00551781   0.00226458     0.00201793  -0.00503993
    7    7
  0.03208201   0.00000000    -0.00994810   0.00481855     0.00127741  -0.00037902
 -0.00994810  -0.00481855     0.04605937   0.00000000    -0.00060083   0.00505355
  0.00127741   0.00037902    -0.00060083  -0.00505355     0.01343870   0.00000000

     Dynamical  Matrix in cartesian axes

     q = (    0.216506400  -0.108253200  -0.108253200 ) 

    1    1
  0.06516805  -0.00000000    -0.01610192   0.00000000    -0.01610192   0.00000000
 -0.01610192   0.00000000     0.02345048  -0.00000000     0.00048180  -0.00000000
 -0.01610192   0.00000000     0.00048180  -0.00000000     0.02345048  -0.00000000
    1    2
 -0.00242496   0.00000000    -0.00460814  -0.00671752    -0.00460814   0.00671752
  0.00374894  -0.00064444    -0.00219455   0.00780378     0.00204070  -0.00145414
  0.00374894   0.00064444     0.00204070   0.00145414    -0.00219455  -0.00780378
    1    3
 -0.00242496   0.00000000    -0.00460814   0.00671752    -0.00460814  -0.00671752
  0.00374894   0.00064444    -0.00219455  -0.00780378     0.00204070   0.00145414
  0.00374894  -0.00064444     0.00204070  -0.00145414    -0.00219455   0.00780378
    1    4
  0.00326582   0.00284761     0.00962815  -0.01091050     0.01067528   0.01900038
 -0.00384303  -0.00665989    -0.00227835   0.00260306    -0.00332866  -0.00499383
 -0.00148036   0.00132146    -0.00482790   0.00286037    -0.00376509  -0.00496472
    1    5
  0.00326582  -0.00284761     0.00962815   0.01091050     0.01067528  -0.01900038
 -0.00384303   0.00665989    -0.00227835  -0.00260306    -0.00332866   0.00499383
 -0.00148036  -0.00132146    -0.00482790  -0.00286037    -0.00376509   0.00496472
    1    6
  0.00326582  -0.00284761     0.01067528  -0.01900038     0.00962815   0.01091050
 -0.00148036  -0.00132146    -0.00376509   0.00496472    -0.00482790  -0.00286037
 -0.00384303   0.00665989    -0.00332866   0.00499383    -0.00227835  -0.00260306
    1    7
  0.00326582   0.00284761     0.01067528   0.01900038     0.00962815  -0.01091050
 -0.00148036   0.00132146    -0.00376509  -0.00496472    -0.00482790   0.00286037
 -0.00384303  -0.00665989    -0.00332866  -0.00499383    -0.00227835   0.00260306
    2    1
 -0.00242496   0.00000000     0.00374894   0.00064444     0.00374894  -0.00064444
 -0.00460814   0.00671752    -0.00219455  -0.00780378     0.00204070  -0.00145414
 -0.00460814  -0.00671752     0.00204070   0.00145414    -0.00219455   0.00780378
    2    2
  0.02228083   0.00000000    -0.00371628   0.00007977    -0.00371628  -0.00007977
 -0.00371628  -0.00007977     0.03046191  -0.00000000     0.00715778  -0.00332320
 -0.00371628   0.00007977     0.00715778   0.00332320     0.03046191   0.00000000
    2    3
  0.00786656   0.00000000     0.00150888  -0.00466353     0.00150888   0.00466353
  0.00150888  -0.00466353    -0.01978673   0.01423432    -0.00718080   0.00000000
  0.00150888   0.00466353    -0.00718080   0.00000000    -0.01978673  -0.01423432
    2    4
 -0.00348125  -0.00147752    -0.00104160   0.00202700     0.00027802   0.00190935
 -0.01939699   0.01902379    -0.00032367   0.00272609     0.00056818  -0.01285965
 -0.00949127  -0.00028277     0.00155243   0.00074112    -0.01049148  -0.00022874
    2    5
 -0.00825019   0.00090305     0.00416037   0.00155644    -0.00000807  -0.00008992
  0.02586371   0.00368396    -0.00530786   0.00209043    -0.01206269  -0.00006863
  0.00814202   0.00254398    -0.00080489  -0.00183385     0.00020285   0.01264359
    2    6
 -0.00348125   0.00147752     0.00027802  -0.00190935    -0.00104160  -0.00202700
 -0.00949127   0.00028277    -0.01049148   0.00022874     0.00155243  -0.00074112
 -0.01939699  -0.01902379     0.00056818   0.01285965    -0.00032367  -0.00272609
    2    7
 -0.00825019  -0.00090305    -0.00000807   0.00008992     0.00416037  -0.00155644
  0.00814202  -0.00254398     0.00020285  -0.01264359    -0.00080489   0.00183385
  0.02586371  -0.00368396    -0.01206269   0.00006863    -0.00530786  -0.00209043
    3    1
 -0.00242496  -0.00000000     0.00374894  -0.00064444     0.00374894   0.00064444
 -0.00460814  -0.00671752    -0.00219455   0.00780378     0.00204070   0.00145414
 -0.00460814   0.00671752     0.00204070  -0.00145414    -0.00219455  -0.00780378
    3    2
  0.00786656  -0.00000000     0.00150888   0.00466353     0.00150888  -0.00466353
  0.00150888   0.00466353    -0.01978673  -0.01423432    -0.00718080  -0.00000000
  0.00150888  -0.00466353    -0.00718080  -0.00000000    -0.01978673   0.01423432
    3    3
  0.02228083  -0.00000000    -0.00371628  -0.00007977    -0.00371628   0.00007977
 -0.00371628   0.00007977     0.03046191   0.00000000     0.00715778   0.00332320
 -0.00371628  -0.00007977     0.00715778  -0.00332320     0.03046191  -0.00000000
    3    4
 -0.00825019  -0.00090305     0.00416037  -0.00155644    -0.00000807   0.00008992
  0.02586371  -0.00368396    -0.00530786  -0.00209043    -0.01206269   0.00006863
  0.00814202  -0.00254398    -0.00080489   0.00183385     0.00020285  -0.01264359
    3    5
 -0.00348125   0.00147752    -0.00104160  -0.00202700     0.00027802  -0.00190935
 -0.01939699  -0.01902379    -0.00032367  -0.00272609     0.00056818   0.01285965
 -0.00949127   0.00028277     0.00155243  -0.00074112    -0.01049148   0.00022874
    3    6
 -0.00825019   0.00090305    -0.00000807  -0.00008992     0.00416037   0.00155644
  0.00814202   0.00254398     0.00020285   0.01264359    -0.00080489  -0.00183385
  0.02586371   0.00368396    -0.01206269  -0.00006863    -0.00530786   0.00209043
    3    7
 -0.00348125  -0.00147752     0.00027802   0.00190935    -0.00104160   0.00202700
 -0.00949127  -0.00028277    -0.01049148  -0.00022874     0.00155243   0.00074112
 -0.01939699   0.01902379     0.00056818  -0.01285965    -0.00032367   0.00272609
    4    1
  0.00326582  -0.00284761    -0.00384303   0.00665989    -0.00148036  -0.00132146
  0.00962815   0.01091050    -0.00227835  -0.00260306    -0.00482790  -0.00286037
  0.01067528  -0.01900038    -0.00332866   0.00499383    -0.00376509   0.00496472
    4    2
 -0.00348125   0.00147752    -0.01939699  -0.01902379    -0.00949127   0.00028277
 -0.00104160  -0.00202700    -0.00032367  -0.00272609     0.00155243  -0.00074112
  0.00027802  -0.00190935     0.00056818   0.01285965    -0.01049148   0.00022874
    4    3
 -0.00825019   0.00090305     0.02586371   0.00368396     0.00814202   0.00254398
  0.00416037   0.00155644    -0.00530786   0.00209043    -0.00080489  -0.00183385
 -0.00000807  -0.00008992    -0.01206269  -0.00006863     0.00020285   0.01264359
    4    4
  0.03208201   0.00000000    -0.00127741   0.00037902    -0.00994810   0.00481855
 -0.00127741  -0.00037902     0.01343870  -0.00000000     0.00060083   0.00505355
 -0.00994810  -0.00481855     0.00060083  -0.00505355     0.04605937  -0.00000000
    4    5
 -0.01466185  -0.01845186     0.00248292   0.00020833     0.00501342   0.00933817
  0.00248292   0.00020833     0.00213688   0.00499066     0.00550298  -0.00230038
  0.00501342   0.00933817     0.00550298  -0.00230038    -0.00494413  -0.04220091
    4    6
  0.01145848   0.00663693     0.00443305   0.00867733     0.00042237   0.00002753
  0.00042237   0.00002753     0.00607680  -0.00366781    -0.00069646  -0.00076653
  0.00443305   0.00867733    -0.00511799  -0.04328785     0.00607680  -0.00366781
    4    7
 -0.00622304   0.00000000    -0.00929659   0.00472836     0.00134101   0.00145674
  0.00134101  -0.00145674    -0.00119829   0.00694411    -0.00090543   0.00000000
 -0.00929659  -0.00472836     0.04358901  -0.00000000    -0.00119829  -0.00694411
    5    1
  0.00326582   0.00284761    -0.00384303  -0.00665989    -0.00148036   0.00132146
  0.00962815  -0.01091050    -0.00227835   0.00260306    -0.00482790   0.00286037
  0.01067528   0.01900038    -0.00332866  -0.00499383    -0.00376509  -0.00496472
    5    2
 -0.00825019  -0.00090305     0.02586371  -0.00368396     0.00814202  -0.00254398
  0.00416037  -0.00155644    -0.00530786  -0.00209043    -0.00080489   0.00183385
 -0.00000807   0.00008992    -0.01206269   0.00006863     0.00020285  -0.01264359
    5    3
 -0.00348125  -0.00147752    -0.01939699   0.01902379    -0.00949127  -0.00028277
 -0.00104160   0.00202700    -0.00032367   0.00272609     0.00155243   0.00074112
  0.00027802   0.00190935     0.00056818  -0.01285965    -0.01049148  -0.00022874
    5    4
 -0.01466185   0.01845186     0.00248292  -0.00020833     0.00501342  -0.00933817
  0.00248292  -0.00020833     0.00213688  -0.00499066     0.00550298   0.00230038
  0.00501342  -0.00933817     0.00550298   0.00230038    -0.00494413   0.04220091
    5    5
  0.03208201  -0.00000000    -0.00127741  -0.00037902    -0.00994810  -0.00481855
 -0.00127741   0.00037902     0.01343870   0.00000000     0.00060083  -0.00505355
 -0.00994810   0.00481855     0.00060083   0.00505355     0.04605937   0.00000000
    5    6
 -0.00622304   0.00000000    -0.00929659  -0.00472836     0.00134101  -0.00145674
  0.00134101   0.00145674    -0.00119829  -0.00694411    -0.00090543  -0.00000000
 -0.00929659   0.00472836     0.04358901  -0.00000000    -0.00119829   0.00694411
    5    7
  0.01145848  -0.00663693     0.00443305  -0.00867733     0.00042237  -0.00002753
  0.00042237  -0.00002753     0.00607680   0.00366781    -0.00069646   0.00076653
  0.00443305  -0.00867733    -0.00511799   0.04328785     0.00607680   0.00366781
    6    1
  0.00326582   0.00284761    -0.00148036   0.00132146    -0.00384303  -0.00665989
  0.01067528   0.01900038    -0.00376509  -0.00496472    -0.00332866  -0.00499383
  0.00962815  -0.01091050    -0.00482790   0.00286037    -0.00227835   0.00260306
    6    2
 -0.00348125  -0.00147752    -0.00949127  -0.00028277    -0.01939699   0.01902379
  0.00027802   0.00190935    -0.01049148  -0.00022874     0.00056818  -0.01285965
 -0.00104160   0.00202700     0.00155243   0.00074112    -0.00032367   0.00272609
    6    3
 -0.00825019  -0.00090305     0.00814202  -0.00254398     0.02586371  -0.00368396
 -0.00000807   0.00008992     0.00020285  -0.01264359    -0.01206269   0.00006863
  0.00416037  -0.00155644    -0.00080489   0.00183385    -0.00530786  -0.00209043
    6    4
  0.01145848  -0.00663693     0.00042237  -0.00002753     0.00443305  -0.00867733
  0.00443305  -0.00867733     0.00607680   0.00366781    -0.00511799   0.04328785
  0.00042237  -0.00002753    -0.00069646   0.00076653     0.00607680   0.00366781
    6    5
 -0.00622304  -0.00000000     0.00134101  -0.00145674    -0.00929659  -0.00472836
 -0.00929659   0.00472836    -0.00119829   0.00694411     0.04358901   0.00000000
  0.00134101   0.00145674    -0.00090543   0.00000000    -0.00119829  -0.00694411
    6    6
  0.03208201  -0.00000000    -0.00994810  -0.00481855    -0.00127741  -0.00037902
 -0.00994810   0.00481855     0.04605937   0.00000000     0.00060083   0.00505355
 -0.00127741   0.00037902     0.00060083  -0.00505355     0.01343870   0.00000000
    6    7
 -0.01466185   0.01845186     0.00501342  -0.00933817     0.00248292  -0.00020833
  0.00501342  -0.00933817    -0.00494413   0.04220091     0.00550298   0.00230038
  0.00248292  -0.00020833     0.00550298   0.00230038     0.00213688  -0.00499066
    7    1
  0.00326582  -0.00284761    -0.00148036  -0.00132146    -0.00384303   0.00665989
  0.01067528  -0.01900038    -0.00376509   0.00496472    -0.00332866   0.00499383
  0.00962815   0.01091050    -0.00482790  -0.00286037    -0.00227835  -0.00260306
    7    2
 -0.00825019   0.00090305     0.00814202   0.00254398     0.02586371   0.00368396
 -0.00000807  -0.00008992     0.00020285   0.01264359    -0.01206269  -0.00006863
  0.00416037   0.00155644    -0.00080489  -0.00183385    -0.00530786   0.00209043
    7    3
 -0.00348125   0.00147752    -0.00949127   0.00028277    -0.01939699  -0.01902379
  0.00027802  -0.00190935    -0.01049148   0.00022874     0.00056818   0.01285965
 -0.00104160  -0.00202700     0.00155243  -0.00074112    -0.00032367  -0.00272609
    7    4
 -0.00622304  -0.00000000     0.00134101   0.00145674    -0.00929659   0.00472836
 -0.00929659  -0.00472836    -0.00119829  -0.00694411     0.04358901   0.00000000
  0.00134101  -0.00145674    -0.00090543  -0.00000000    -0.00119829   0.00694411
    7    5
  0.01145848   0.00663693     0.00042237   0.00002753     0.00443305   0.00867733
  0.00443305   0.00867733     0.00607680  -0.00366781    -0.00511799  -0.04328785
  0.00042237   0.00002753    -0.00069646  -0.00076653     0.00607680  -0.00366781
    7    6
 -0.01466185  -0.01845186     0.00501342   0.00933817     0.00248292   0.00020833
  0.00501342   0.00933817    -0.00494413  -0.04220091     0.00550298  -0.00230038
  0.00248292   0.00020833     0.00550298  -0.00230038     0.00213688   0.00499066
    7    7
  0.03208201   0.00000000    -0.00994810   0.00481855    -0.00127741   0.00037902
 -0.00994810  -0.00481855     0.04605937  -0.00000000     0.00060083  -0.00505355
 -0.00127741  -0.00037902     0.00060083   0.00505355     0.01343870  -0.00000000

     Dynamical  Matrix in cartesian axes

     q = (    0.108253200   0.216506400  -0.108253200 ) 

    1    1
  0.02345048  -0.00000000     0.01610192  -0.00000000    -0.00048180   0.00000000
  0.01610192  -0.00000000     0.06516805  -0.00000000    -0.01610192   0.00000000
 -0.00048180   0.00000000    -0.01610192   0.00000000     0.02345048   0.00000000
    1    2
 -0.00345168   0.00022960    -0.00199182   0.00742669    -0.00117745   0.00588489
 -0.01452302   0.00090676     0.00029572   0.00432284    -0.00588674   0.02098386
  0.00543643   0.00139126    -0.00198118  -0.00011236     0.00084827  -0.00617291
    1    3
 -0.00260306   0.00227835    -0.00665990  -0.00384303    -0.00499383  -0.00332866
 -0.01091050   0.00962815    -0.00284761  -0.00326582    -0.01900038  -0.01067527
  0.00286037  -0.00482791    -0.00132146   0.00148036     0.00496472   0.00376509
    1    4
 -0.00706989  -0.00396632    -0.00310659   0.00219521    -0.00247122   0.00041476
 -0.00149156  -0.00800845    -0.00171471   0.00171471    -0.00800845  -0.00149156
 -0.00041476   0.00247122     0.00219521  -0.00310659     0.00396632   0.00706989
    1    5
 -0.00219455   0.00780378    -0.00374894   0.00064444    -0.00204070   0.00145414
  0.00460814   0.00671752    -0.00242496  -0.00000000    -0.00460814   0.00671752
 -0.00204070  -0.00145414     0.00374894   0.00064444    -0.00219455  -0.00780378
    1    6
 -0.00376509  -0.00496472     0.00148036  -0.00132146     0.00482790  -0.00286037
 -0.01067528  -0.01900038     0.00326582   0.00284761     0.00962815  -0.01091050
  0.00332866   0.00499383    -0.00384303  -0.00665989    -0.00227835   0.00260306
    1    7
  0.00084827   0.00617291     0.00198118  -0.00011236     0.00543643  -0.00139126
  0.00588674   0.02098386     0.00029572  -0.00432284     0.01452302   0.00090676
