  1.500000000000000E-002   1.26023585003145        2.23508645248256     
          12

     Dynamical  Matrix in cartesian axes

     q = (    0.324759526   0.324759526   0.000000000 ) 

    1    1
  0.08972928   0.00000000     0.05378073   0.00000000    -0.00000000   0.00000000
  0.05378073   0.00000000     0.08972928   0.00000000    -0.00000000   0.00000000
 -0.00000000   0.00000000    -0.00000000   0.00000000     0.03289942   0.00000000
    1    2
 -0.00140364  -0.00407398     0.00563218   0.01362257     0.00000000   0.00000000
  0.00487707   0.00160808     0.00740000   0.02160636     0.00000000   0.00000000
  0.00000000   0.00000000     0.00000000   0.00000000    -0.01203851  -0.00785665
    1    3
  0.00387327  -0.00188822    -0.01361516   0.00565006    -0.00000000   0.00000000
 -0.00458570  -0.00231152    -0.02051060   0.01004541    -0.00000000   0.00000000
 -0.00000000  -0.00000000    -0.00000000  -0.00000000     0.01406800   0.00295703
    1    4
 -0.02051060   0.01004541    -0.00458570  -0.00231152    -0.00000000   0.00000000
 -0.01361516   0.00565006     0.00387327  -0.00188822    -0.00000000   0.00000000
 -0.00000000  -0.00000000    -0.00000000  -0.00000000     0.01406800   0.00295703
    1    5
  0.00740000   0.02160636     0.00487707   0.00160808     0.00000000   0.00000000
  0.00563218   0.01362257    -0.00140364  -0.00407398     0.00000000   0.00000000
  0.00000000   0.00000000     0.00000000   0.00000000    -0.01203851  -0.00785665
    1    6
  0.00030845  -0.00074466     0.00303825  -0.00733497     0.00552477   0.00228843
  0.00303825  -0.00733497     0.00030845  -0.00074466    -0.00552477  -0.00228843
  0.01455913   0.00603059    -0.01455913  -0.00603059     0.00129470  -0.00312568
    1    7
  0.00030845  -0.00074466     0.00303825  -0.00733497    -0.00552477  -0.00228843
  0.00303825  -0.00733497     0.00030845  -0.00074466     0.00552477   0.00228843
 -0.01455913  -0.00603059     0.01455913   0.00603059     0.00129470  -0.00312568
    2    1
 -0.00140364   0.00407398     0.00487707  -0.00160808     0.00000000  -0.00000000
  0.00563218  -0.01362257     0.00740000  -0.02160636     0.00000000  -0.00000000
  0.00000000   0.00000000     0.00000000   0.00000000    -0.01203851   0.00785665
    2    2
  0.03372209   0.00000000     0.00808159  -0.00428732    -0.00000000   0.00000000
  0.00808159   0.00428732     0.06152287  -0.00000000    -0.00000000   0.00000000
 -0.00000000   0.00000000    -0.00000000   0.00000000     0.03313824  -0.00000000
    2    3
  0.00299344  -0.01812359     0.00801496  -0.00347727     0.00000000   0.00000000
  0.00801496  -0.00347727     0.01326712   0.04277249     0.00000000   0.00000000
  0.00000000  -0.00000000     0.00000000   0.00000000    -0.02580192   0.00714829
    2    4
  0.01668103   0.00777121     0.00846396   0.00680419    -0.00000000   0.00000000
  0.01986640   0.04684171     0.01668103   0.00777121    -0.00000000   0.00000000
 -0.00000000   0.00000000    -0.00000000   0.00000000     0.01176950   0.00231210
    2    5
 -0.00841035  -0.01013214     0.00264939  -0.00000000     0.00000000   0.00000000
  0.04945725  -0.00000000    -0.00841035   0.01013214     0.00000000   0.00000000
  0.00000000   0.00000000    -0.00000000   0.00000000    -0.01163466  -0.00000000
    2    6
 -0.00983437   0.00673813    -0.00020946  -0.00009811    -0.00357591  -0.00175889
 -0.00350021  -0.00266672     0.00017522  -0.00737978    -0.00215172   0.00075841
 -0.03000889   0.00376234    -0.01266178  -0.00075926    -0.00208146  -0.00082141
    2    7
 -0.00983437   0.00673813    -0.00020946  -0.00009811     0.00357591   0.00175889
 -0.00350021  -0.00266672     0.00017522  -0.00737978     0.00215172  -0.00075841
  0.03000889  -0.00376234     0.01266178   0.00075926    -0.00208146  -0.00082141
    3    1
  0.00387327   0.00188822    -0.00458570   0.00231152    -0.00000000   0.00000000
 -0.01361516  -0.00565006    -0.02051060  -0.01004541    -0.00000000   0.00000000
 -0.00000000   0.00000000    -0.00000000   0.00000000     0.01406800  -0.00295703
    3    2
  0.00299344   0.01812359     0.00801496   0.00347727     0.00000000   0.00000000
  0.00801496   0.00347727     0.01326712  -0.04277249     0.00000000   0.00000000
  0.00000000   0.00000000     0.00000000   0.00000000    -0.02580192  -0.00714829
    3    3
  0.03372209  -0.00000000     0.00808159   0.00428732    -0.00000000   0.00000000
  0.00808159  -0.00428732     0.06152287  -0.00000000    -0.00000000   0.00000000
 -0.00000000   0.00000000    -0.00000000   0.00000000     0.03313824   0.00000000
    3    4
 -0.00841035   0.01013214     0.00264939   0.00000000     0.00000000   0.00000000
  0.04945725  -0.00000000    -0.00841035  -0.01013214     0.00000000   0.00000000
 -0.00000000  -0.00000000    -0.00000000  -0.00000000    -0.01163466   0.00000000
    3    5
  0.01668103  -0.00777121     0.00846396  -0.00680419    -0.00000000  -0.00000000
  0.01986640  -0.04684171     0.01668103  -0.00777121    -0.00000000  -0.00000000
 -0.00000000  -0.00000000    -0.00000000   0.00000000     0.01176950  -0.00231210
    3    6
 -0.00983437  -0.00673813    -0.00020946   0.00009811     0.00357591  -0.00175889
 -0.00350021   0.00266672     0.00017522   0.00737978     0.00215172   0.00075841
  0.03000889   0.00376234     0.01266178  -0.00075926    -0.00208146   0.00082141
    3    7
 -0.00983437  -0.00673813    -0.00020946   0.00009811    -0.00357591   0.00175889
 -0.00350021   0.00266672     0.00017522   0.00737978    -0.00215172  -0.00075841
 -0.03000889  -0.00376234    -0.01266178   0.00075926    -0.00208146   0.00082141
    4    1
 -0.02051060  -0.01004541    -0.01361516  -0.00565006    -0.00000000   0.00000000
 -0.00458570   0.00231152     0.00387327   0.00188822    -0.00000000   0.00000000
 -0.00000000   0.00000000     0.00000000   0.00000000     0.01406800  -0.00295703
    4    2
  0.01668103  -0.00777121     0.01986640  -0.04684171    -0.00000000  -0.00000000
  0.00846396  -0.00680419     0.01668103  -0.00777121    -0.00000000   0.00000000
 -0.00000000  -0.00000000    -0.00000000  -0.00000000     0.01176950  -0.00231210
    4    3
 -0.00841035  -0.01013214     0.04945725  -0.00000000     0.00000000   0.00000000
  0.00264939   0.00000000    -0.00841035   0.01013214     0.00000000   0.00000000
  0.00000000  -0.00000000    -0.00000000  -0.00000000    -0.01163466   0.00000000
    4    4
  0.06152287  -0.00000000     0.00808159  -0.00428732    -0.00000000   0.00000000
  0.00808159   0.00428732     0.03372209  -0.00000000    -0.00000000   0.00000000
 -0.00000000   0.00000000    -0.00000000   0.00000000     0.03313824   0.00000000
    4    5
  0.01326712  -0.04277249     0.00801496   0.00347727     0.00000000   0.00000000
  0.00801496   0.00347727     0.00299344   0.01812359     0.00000000  -0.00000000
  0.00000000   0.00000000     0.00000000   0.00000000    -0.02580192  -0.00714829
    4    6
  0.00017522   0.00737978    -0.00350021   0.00266672    -0.00215172  -0.00075841
 -0.00020946   0.00009811    -0.00983437  -0.00673813    -0.00357591   0.00175889
 -0.01266178   0.00075926    -0.03000889  -0.00376234    -0.00208146   0.00082141
    4    7
  0.00017522   0.00737978    -0.00350021   0.00266672     0.00215172   0.00075841
 -0.00020946   0.00009811    -0.00983437  -0.00673813     0.00357591  -0.00175889
  0.01266178  -0.00075926     0.03000889   0.00376234    -0.00208146   0.00082141
    5    1
  0.00740000  -0.02160636     0.00563218  -0.01362257     0.00000000  -0.00000000
  0.00487707  -0.00160808    -0.00140364   0.00407398     0.00000000  -0.00000000
  0.00000000  -0.00000000     0.00000000  -0.00000000    -0.01203851   0.00785665
    5    2
 -0.00841035   0.01013214     0.04945725  -0.00000000     0.00000000   0.00000000
  0.00264939   0.00000000    -0.00841035  -0.01013214     0.00000000   0.00000000
  0.00000000   0.00000000    -0.00000000   0.00000000    -0.01163466  -0.00000000
    5    3
  0.01668103   0.00777121     0.01986640   0.04684171    -0.00000000   0.00000000
  0.00846396   0.00680419     0.01668103   0.00777121    -0.00000000   0.00000000
 -0.00000000   0.00000000    -0.00000000   0.00000000     0.01176950   0.00231210
    5    4
  0.01326712   0.04277249     0.00801496  -0.00347727     0.00000000  -0.00000000
  0.00801496  -0.00347727     0.00299344  -0.01812359     0.00000000   0.00000000
  0.00000000  -0.00000000     0.00000000  -0.00000000    -0.02580192   0.00714829
    5    5
  0.06152287   0.00000000     0.00808159   0.00428732    -0.00000000   0.00000000
  0.00808159  -0.00428732     0.03372209   0.00000000    -0.00000000   0.00000000
 -0.00000000   0.00000000    -0.00000000   0.00000000     0.03313824  -0.00000000
    5    6
  0.00017522  -0.00737978    -0.00350021  -0.00266672     0.00215172  -0.00075841
 -0.00020946  -0.00009811    -0.00983437   0.00673813     0.00357591   0.00175889
  0.01266178   0.00075926     0.03000889  -0.00376234    -0.00208146  -0.00082141
    5    7
  0.00017522  -0.00737978    -0.00350021  -0.00266672    -0.00215172   0.00075841
 -0.00020946  -0.00009811    -0.00983437   0.00673813    -0.00357591  -0.00175889
 -0.01266178  -0.00075926    -0.03000889   0.00376234    -0.00208146  -0.00082141
    6    1
  0.00030845   0.00074466     0.00303825   0.00733497     0.01455913  -0.00603059
  0.00303825   0.00733497     0.00030845   0.00074466    -0.01455913   0.00603059
  0.00552477  -0.00228843    -0.00552477   0.00228843     0.00129470   0.00312568
    6    2
 -0.00983437  -0.00673813    -0.00350021   0.00266672    -0.03000889  -0.00376234
 -0.00020946   0.00009811     0.00017522   0.00737978    -0.01266178   0.00075926
 -0.00357591   0.00175889    -0.00215172  -0.00075841    -0.00208146   0.00082141
    6    3
 -0.00983437   0.00673813    -0.00350021  -0.00266672     0.03000889  -0.00376234
 -0.00020946  -0.00009811     0.00017522  -0.00737978     0.01266178   0.00075926
  0.00357591   0.00175889     0.00215172  -0.00075841    -0.00208146  -0.00082141
    6    4
  0.00017522  -0.00737978    -0.00020946  -0.00009811    -0.01266178  -0.00075926
 -0.00350021  -0.00266672    -0.00983437   0.00673813    -0.03000889   0.00376234
 -0.00215172   0.00075841    -0.00357591  -0.00175889    -0.00208146  -0.00082141
    6    5
  0.00017522   0.00737978    -0.00020946   0.00009811     0.01266178  -0.00075926
 -0.00350021   0.00266672    -0.00983437  -0.00673813     0.03000889   0.00376234
  0.00215172   0.00075841     0.00357591  -0.00175889    -0.00208146   0.00082141
    6    6
  0.04458005  -0.00000000     0.01665699  -0.00000000     0.00000000  -0.00003621
  0.01665699  -0.00000000     0.04458005  -0.00000000    -0.00000000   0.00003621
 -0.00000000   0.00003621     0.00000000  -0.00003621     0.00949475  -0.00000000
    6    7
 -0.02195860   0.00000000    -0.01255607   0.00000000    -0.00000000  -0.00103000
 -0.01255607  -0.00000000    -0.02195860  -0.00000000    -0.00000000   0.00103000
 -0.00000000  -0.00103000    -0.00000000   0.00103000     0.00161624  -0.00000000
    7    1
  0.00030845   0.00074466     0.00303825   0.00733497    -0.01455913   0.00603059
  0.00303825   0.00733497     0.00030845   0.00074466     0.01455913  -0.00603059
 -0.00552477   0.00228843     0.00552477  -0.00228843     0.00129470   0.00312568
    7    2
 -0.00983437  -0.00673813    -0.00350021   0.00266672     0.03000889   0.00376234
 -0.00020946   0.00009811     0.00017522   0.00737978     0.01266178  -0.00075926
  0.00357591  -0.00175889     0.00215172   0.00075841    -0.00208146   0.00082141
    7    3
 -0.00983437   0.00673813    -0.00350021  -0.00266672    -0.03000889   0.00376234
 -0.00020946  -0.00009811     0.00017522  -0.00737978    -0.01266178  -0.00075926
 -0.00357591  -0.00175889    -0.00215172   0.00075841    -0.00208146  -0.00082141
    7    4
  0.00017522  -0.00737978    -0.00020946  -0.00009811     0.01266178   0.00075926
 -0.00350021  -0.00266672    -0.00983437   0.00673813     0.03000889  -0.00376234
  0.00215172  -0.00075841     0.00357591   0.00175889    -0.00208146  -0.00082141
    7    5
  0.00017522   0.00737978    -0.00020946   0.00009811    -0.01266178   0.00075926
 -0.00350021   0.00266672    -0.00983437  -0.00673813    -0.03000889  -0.00376234
 -0.00215172  -0.00075841    -0.00357591   0.00175889    -0.00208146   0.00082141
    7    6
 -0.02195860  -0.00000000    -0.01255607  -0.00000000    -0.00000000   0.00103000
 -0.01255607  -0.00000000    -0.02195860   0.00000000    -0.00000000  -0.00103000
 -0.00000000   0.00103000    -0.00000000  -0.00103000     0.00161624   0.00000000
    7    7
  0.04458005  -0.00000000     0.01665699  -0.00000000     0.00000000   0.00003621
  0.01665699   0.00000000     0.04458005  -0.00000000    -0.00000000  -0.00003621
 -0.00000000  -0.00003621     0.00000000   0.00003621     0.00949475   0.00000000

     Dynamical  Matrix in cartesian axes

     q = (    0.324759526  -0.324759526   0.000000000 ) 

    1    1
  0.08972928   0.00000000    -0.05378073   0.00000000     0.00000000   0.00000000
 -0.05378073   0.00000000     0.08972928   0.00000000     0.00000000   0.00000000
  0.00000000   0.00000000     0.00000000   0.00000000     0.03289942   0.00000000
    1    2
 -0.00140364  -0.00407398    -0.00563218  -0.01362257     0.00000000   0.00000000
 -0.00487707  -0.00160808     0.00740000   0.02160636     0.00000000   0.00000000
  0.00000000   0.00000000     0.00000000   0.00000000    -0.01203851  -0.00785665
    1    3
 -0.00140364   0.00407398    -0.00563218   0.01362257     0.00000000  -0.00000000
 -0.00487707   0.00160808     0.00740000  -0.02160636     0.00000000  -0.00000000
  0.00000000  -0.00000000     0.00000000  -0.00000000    -0.01203851   0.00785665
    1    4
  0.00740000   0.02160636    -0.00487707  -0.00160808     0.00000000   0.00000000
 -0.00563218  -0.01362257    -0.00140364  -0.00407398     0.00000000   0.00000000
  0.00000000  -0.00000000     0.00000000   0.00000000    -0.01203851  -0.00785665
    1    5
  0.00740000  -0.02160636    -0.00487707   0.00160808     0.00000000  -0.00000000
 -0.00563218   0.01362257    -0.00140364   0.00407398     0.00000000  -0.00000000
  0.00000000   0.00000000     0.00000000  -0.00000000    -0.01203851   0.00785665
    1    6
  0.00030845   0.00074466    -0.00303825  -0.00733497    -0.00552477   0.00228843
 -0.00303825  -0.00733497     0.00030845   0.00074466    -0.00552477   0.00228843
 -0.01455913   0.00603059    -0.01455913   0.00603059     0.00129470   0.00312568
    1    7
  0.00030845  -0.00074466    -0.00303825   0.00733497    -0.00552477  -0.00228843
 -0.00303825   0.00733497     0.00030845  -0.00074466    -0.00552477  -0.00228843
 -0.01455913  -0.00603059    -0.01455913  -0.00603059     0.00129470  -0.00312568
    2    1
 -0.00140364   0.00407398    -0.00487707   0.00160808     0.00000000  -0.00000000
 -0.00563218   0.01362257     0.00740000  -0.02160636     0.00000000  -0.00000000
  0.00000000  -0.00000000     0.00000000  -0.00000000    -0.01203851   0.00785665
    2    2
  0.03372209   0.00000000    -0.00808159   0.00428732    -0.00000000   0.00000000
 -0.00808159  -0.00428732     0.06152287  -0.00000000    -0.00000000   0.00000000
 -0.00000000   0.00000000    -0.00000000   0.00000000     0.03313824  -0.00000000
    2    3
  0.01069863   0.01493200     0.00320863  -0.00812623    -0.00000000   0.00000000
  0.00320863  -0.00812623    -0.03962599  -0.02086345    -0.00000000   0.00000000
 -0.00000000   0.00000000    -0.00000000   0.00000000     0.01319011  -0.02329931
    2    4
 -0.00841035  -0.01013214    -0.00264939  -0.00000000     0.00000000   0.00000000
 -0.04945725  -0.00000000    -0.00841035   0.01013214     0.00000000   0.00000000
  0.00000000   0.00000000     0.00000000   0.00000000    -0.01163466  -0.00000000
    2    5
 -0.01729035   0.00630020     0.01079621  -0.00117363    -0.00000000  -0.00000000
  0.04716976   0.01907443    -0.01729035   0.00630020     0.00000000  -0.00000000
  0.00000000  -0.00000000    -0.00000000  -0.00000000    -0.00995720   0.00668739
    2    6
  0.00218938  -0.01171853    -0.00021748   0.00007874     0.00377227  -0.00128483
 -0.00436068   0.00058936     0.00509439   0.00534219    -0.00098522   0.00205778
  0.01855912  -0.02387986    -0.00949011   0.00841635     0.00205264  -0.00089099
    2    7
 -0.00983437   0.00673813     0.00020946   0.00009811     0.00357591   0.00175889
  0.00350021   0.00266672     0.00017522  -0.00737978    -0.00215172   0.00075841
  0.03000889  -0.00376234    -0.01266178  -0.00075926    -0.00208146  -0.00082141
    3    1
 -0.00140364  -0.00407398    -0.00487707  -0.00160808     0.00000000  -0.00000000
 -0.00563218  -0.01362257     0.00740000   0.02160636     0.00000000   0.00000000
  0.00000000  -0.00000000     0.00000000   0.00000000    -0.01203851  -0.00785665
    3    2
  0.01069863  -0.01493200     0.00320863   0.00812623    -0.00000000  -0.00000000
  0.00320863   0.00812623    -0.03962599   0.02086345    -0.00000000  -0.00000000
 -0.00000000  -0.00000000    -0.00000000  -0.00000000     0.01319011   0.02329931
    3    3
  0.03372209  -0.00000000    -0.00808159  -0.00428732    -0.00000000   0.00000000
 -0.00808159   0.00428732     0.06152287  -0.00000000    -0.00000000   0.00000000
 -0.00000000   0.00000000    -0.00000000   0.00000000     0.03313824   0.00000000
    3    4
 -0.01729035  -0.00630020     0.01079621   0.00117363    -0.00000000   0.00000000
  0.04716976  -0.01907443    -0.01729035  -0.00630020    -0.00000000   0.00000000
 -0.00000000   0.00000000    -0.00000000   0.00000000    -0.00995720  -0.00668739
    3    5
 -0.00841035   0.01013214    -0.00264939  -0.00000000     0.00000000   0.00000000
 -0.04945725  -0.00000000    -0.00841035  -0.01013214    -0.00000000   0.00000000
  0.00000000   0.00000000     0.00000000   0.00000000    -0.01163466  -0.00000000
    3    6
 -0.00983437  -0.00673813     0.00020946  -0.00009811     0.00357591  -0.00175889
  0.00350021  -0.00266672     0.00017522   0.00737978    -0.00215172  -0.00075841
  0.03000889   0.00376234    -0.01266178   0.00075926    -0.00208146   0.00082141
    3    7
  0.00218938   0.01171853    -0.00021748  -0.00007874     0.00377227   0.00128483
 -0.00436068  -0.00058936     0.00509439  -0.00534219    -0.00098522  -0.00205778
  0.01855912   0.02387986    -0.00949011  -0.00841635     0.00205264   0.00089099
    4    1
  0.00740000  -0.02160636    -0.00563218   0.01362257     0.00000000   0.00000000
 -0.00487707   0.00160808    -0.00140364   0.00407398     0.00000000  -0.00000000
  0.00000000  -0.00000000     0.00000000   0.00000000    -0.01203851   0.00785665
    4    2
 -0.00841035   0.01013214    -0.04945725   0.00000000    -0.00000000   0.00000000
 -0.00264939   0.00000000    -0.00841035  -0.01013214    -0.00000000   0.00000000
  0.00000000   0.00000000     0.00000000   0.00000000    -0.01163466   0.00000000
    4    3
 -0.01729035   0.00630020     0.04716976   0.01907443    -0.00000000  -0.00000000
  0.01079621  -0.00117363    -0.01729035   0.00630020    -0.00000000  -0.00000000
 -0.00000000  -0.00000000    -0.00000000  -0.00000000    -0.00995720   0.00668739
    4    4
  0.06152287   0.00000000    -0.00808159  -0.00428732    -0.00000000   0.00000000
 -0.00808159   0.00428732     0.03372209   0.00000000    -0.00000000   0.00000000
 -0.00000000   0.00000000    -0.00000000   0.00000000     0.03313824  -0.00000000
    4    5
 -0.03962599  -0.02086345     0.00320863  -0.00812623    -0.00000000   0.00000000
  0.00320863  -0.00812623     0.01069863   0.01493200     0.00000000   0.00000000
 -0.00000000   0.00000000    -0.00000000   0.00000000     0.01319011  -0.02329931
    4    6
  0.00509439   0.00534219    -0.00436068   0.00058936    -0.00098522   0.00205778
 -0.00021748   0.00007874     0.00218938  -0.01171853     0.00377227  -0.00128483
 -0.00949011   0.00841635     0.01855912  -0.02387986     0.00205264  -0.00089099
    4    7
  0.00017522  -0.00737978     0.00350021   0.00266672    -0.00215172   0.00075841
  0.00020946   0.00009811    -0.00983437   0.00673813     0.00357591   0.00175889
 -0.01266178  -0.00075926     0.03000889  -0.00376234    -0.00208146  -0.00082141
    5    1
  0.00740000   0.02160636    -0.00563218  -0.01362257     0.00000000   0.00000000
 -0.00487707  -0.00160808    -0.00140364  -0.00407398     0.00000000   0.00000000
  0.00000000   0.00000000     0.00000000   0.00000000    -0.01203851  -0.00785665
    5    2
 -0.01729035  -0.00630020     0.04716976  -0.01907443    -0.00000000   0.00000000
  0.01079621   0.00117363    -0.01729035  -0.00630020    -0.00000000   0.00000000
 -0.00000000   0.00000000    -0.00000000   0.00000000    -0.00995720  -0.00668739
    5    3
 -0.00841035  -0.01013214    -0.04945725   0.00000000     0.00000000  -0.00000000
 -0.00264939   0.00000000    -0.00841035   0.01013214     0.00000000  -0.00000000
  0.00000000   0.00000000     0.00000000   0.00000000    -0.01163466   0.00000000
    5    4
 -0.03962599   0.02086345     0.00320863   0.00812623    -0.00000000  -0.00000000
  0.00320863   0.00812623     0.01069863  -0.01493200    -0.00000000  -0.00000000
 -0.00000000  -0.00000000    -0.00000000  -0.00000000     0.01319011   0.02329931
    5    5
  0.06152287  -0.00000000    -0.00808159   0.00428732    -0.00000000   0.00000000
 -0.00808159  -0.00428732     0.03372209  -0.00000000    -0.00000000   0.00000000
 -0.00000000   0.00000000    -0.00000000   0.00000000     0.03313824   0.00000000
    5    6
  0.00017522   0.00737978     0.00350021  -0.00266672    -0.00215172  -0.00075841
  0.00020946  -0.00009811    -0.00983437  -0.00673813     0.00357591  -0.00175889
 -0.01266178   0.00075926     0.03000889   0.00376234    -0.00208146   0.00082141
    5    7
  0.00509439  -0.00534219    -0.00436068  -0.00058936    -0.00098522  -0.00205778
 -0.00021748  -0.00007874     0.00218938   0.01171853     0.00377227   0.00128483
 -0.00949011  -0.00841635     0.01855912   0.02387986     0.00205264   0.00089099
    6    1
  0.00030845  -0.00074466    -0.00303825   0.00733497    -0.01455913  -0.00603059
 -0.00303825   0.00733497     0.00030845  -0.00074466    -0.01455913  -0.00603059
 -0.00552477  -0.00228843    -0.00552477  -0.00228843     0.00129470  -0.00312568
    6    2
  0.00218938   0.01171853    -0.00436068  -0.00058936     0.01855912   0.02387986
 -0.00021748  -0.00007874     0.00509439  -0.00534219    -0.00949011  -0.00841635
  0.00377227   0.00128483    -0.00098522  -0.00205778     0.00205264   0.00089099
    6    3
 -0.00983437   0.00673813     0.00350021   0.00266672     0.03000889  -0.00376234
  0.00020946   0.00009811     0.00017522  -0.00737978    -0.01266178  -0.00075926
  0.00357591   0.00175889    -0.00215172   0.00075841    -0.00208146  -0.00082141
    6    4
  0.00509439  -0.00534219    -0.00021748  -0.00007874    -0.00949011  -0.00841635
 -0.00436068  -0.00058936     0.00218938   0.01171853     0.01855912   0.02387986
 -0.00098522  -0.00205778     0.00377227   0.00128483     0.00205264   0.00089099
    6    5
  0.00017522  -0.00737978     0.00020946   0.00009811    -0.01266178  -0.00075926
  0.00350021   0.00266672    -0.00983437   0.00673813     0.03000889  -0.00376234
 -0.00215172   0.00075841     0.00357591   0.00175889    -0.00208146  -0.00082141
    6    6
  0.04458005  -0.00000000    -0.01665699   0.00000000     0.00000000  -0.00003621
 -0.01665699   0.00000000     0.04458005  -0.00000000     0.00000000  -0.00003621
  0.00000000   0.00003621     0.00000000   0.00003621     0.00949475   0.00000000
    6    7
  0.01552708   0.01552708    -0.00887848  -0.00887848    -0.00072832   0.00072832
 -0.00887848  -0.00887848     0.01552708   0.01552708    -0.00072832   0.00072832
 -0.00072832   0.00072832    -0.00072832   0.00072832    -0.00114285  -0.00114285
    7    1
  0.00030845   0.00074466    -0.00303825  -0.00733497    -0.01455913   0.00603059
 -0.00303825  -0.00733497     0.00030845   0.00074466    -0.01455913   0.00603059
 -0.00552477   0.00228843    -0.00552477   0.00228843     0.00129470   0.00312568
    7    2
 -0.00983437  -0.00673813     0.00350021  -0.00266672     0.03000889   0.00376234
  0.00020946  -0.00009811     0.00017522   0.00737978    -0.01266178   0.00075926
  0.00357591  -0.00175889    -0.00215172  -0.00075841    -0.00208146   0.00082141
    7    3
  0.00218938  -0.01171853    -0.00436068   0.00058936     0.01855912  -0.02387986
 -0.00021748   0.00007874     0.00509439   0.00534219    -0.00949011   0.00841635
  0.00377227  -0.00128483    -0.00098522   0.00205778     0.00205264  -0.00089099
    7    4
  0.00017522   0.00737978     0.00020946  -0.00009811    -0.01266178   0.00075926
  0.00350021  -0.00266672    -0.00983437  -0.00673813     0.03000889   0.00376234
 -0.00215172  -0.00075841     0.00357591  -0.00175889    -0.00208146   0.00082141
    7    5
  0.00509439   0.00534219    -0.00021748   0.00007874    -0.00949011   0.00841635
 -0.00436068   0.00058936     0.00218938  -0.01171853     0.01855912  -0.02387986
 -0.00098522   0.00205778     0.00377227  -0.00128483     0.00205264  -0.00089099
    7    6
  0.01552708  -0.01552708    -0.00887848   0.00887848    -0.00072832  -0.00072832
 -0.00887848   0.00887848     0.01552708  -0.01552708    -0.00072832  -0.00072832
 -0.00072832  -0.00072832    -0.00072832  -0.00072832    -0.00114285   0.00114285
    7    7
  0.04458005  -0.00000000    -0.01665699   0.00000000     0.00000000   0.00003621
 -0.01665699   0.00000000     0.04458005  -0.00000000     0.00000000   0.00003621
  0.00000000  -0.00003621     0.00000000  -0.00003621     0.00949475   0.00000000

     Dynamical  Matrix in cartesian axes

     q = (   -0.324759526  -0.324759526   0.000000000 ) 

    1    1
  0.08972928   0.00000000     0.05378073   0.00000000    -0.00000000   0.00000000
  0.05378073   0.00000000     0.08972928   0.00000000    -0.00000000   0.00000000
 -0.00000000   0.00000000    -0.00000000   0.00000000     0.03289942   0.00000000
    1    2
 -0.00140364   0.00407398     0.00563218  -0.01362257     0.00000000   0.00000000
  0.00487707  -0.00160808     0.00740000  -0.02160636     0.00000000   0.00000000
  0.00000000  -0.00000000     0.00000000  -0.00000000    -0.01203851   0.00785665
    1    3
  0.00387327   0.00188822    -0.01361516  -0.00565006    -0.00000000   0.00000000
 -0.00458570   0.00231152    -0.02051060  -0.01004541    -0.00000000   0.00000000
 -0.00000000  -0.00000000    -0.00000000  -0.00000000     0.01406800  -0.00295703
    1    4
 -0.02051060  -0.01004541    -0.00458570   0.00231152    -0.00000000   0.00000000
 -0.01361516  -0.00565006     0.00387327   0.00188822    -0.00000000  -0.00000000
 -0.00000000   0.00000000    -0.00000000  -0.00000000     0.01406800  -0.00295703
    1    5
  0.00740000  -0.02160636     0.00487707  -0.00160808     0.00000000  -0.00000000
  0.00563218  -0.01362257    -0.00140364   0.00407398     0.00000000   0.00000000
  0.00000000  -0.00000000     0.00000000  -0.00000000    -0.01203851   0.00785665
    1    6
  0.00030845   0.00074466     0.00303825   0.00733497     0.00552477  -0.00228843
  0.00303825   0.00733497     0.00030845   0.00074466    -0.00552477   0.00228843
  0.01455913  -0.00603059    -0.01455913   0.00603059     0.00129470   0.00312568
    1    7
  0.00030845   0.00074466     0.00303825   0.00733497    -0.00552477   0.00228843
  0.00303825   0.00733497     0.00030845   0.00074466     0.00552477  -0.00228843
 -0.01455913   0.00603059     0.01455913  -0.00603059     0.00129470   0.00312568
    2    1
 -0.00140364  -0.00407398     0.00487707   0.00160808     0.00000000   0.00000000
  0.00563218   0.01362257     0.00740000   0.02160636     0.00000000   0.00000000
  0.00000000   0.00000000     0.00000000   0.00000000    -0.01203851  -0.00785665
    2    2
  0.03372209  -0.00000000     0.00808159   0.00428732    -0.00000000   0.00000000
  0.00808159  -0.00428732     0.06152287  -0.00000000    -0.00000000   0.00000000
 -0.00000000   0.00000000    -0.00000000   0.00000000     0.03313824   0.00000000
    2    3
  0.00299344   0.01812359     0.00801496   0.00347727     0.00000000   0.00000000
  0.00801496   0.00347727     0.01326712  -0.04277249     0.00000000   0.00000000
  0.00000000   0.00000000     0.00000000   0.00000000    -0.02580192  -0.00714829
    2    4
  0.01668103  -0.00777121     0.00846396  -0.00680419    -0.00000000  -0.00000000
  0.01986640  -0.04684171     0.01668103  -0.00777121    -0.00000000  -0.00000000
 -0.00000000  -0.00000000    -0.00000000  -0.00000000     0.01176950  -0.00231210
    2    5
 -0.00841035   0.01013214     0.00264939  -0.00000000     0.00000000  -0.00000000
  0.04945725   0.00000000    -0.00841035  -0.01013214     0.00000000  -0.00000000
 -0.00000000   0.00000000    -0.00000000   0.00000000    -0.01163466   0.00000000
    2    6
 -0.00983437  -0.00673813    -0.00020946   0.00009811    -0.00357591   0.00175889
 -0.00350021   0.00266672     0.00017522   0.00737978    -0.00215172  -0.00075841
 -0.03000889  -0.00376234    -0.01266178   0.00075926    -0.00208146   0.00082141
    2    7
 -0.00983437  -0.00673813    -0.00020946   0.00009811     0.00357591  -0.00175889
 -0.00350021   0.00266672     0.00017522   0.00737978     0.00215172   0.00075841
  0.03000889   0.00376234     0.01266178  -0.00075926    -0.00208146   0.00082141
    3    1
  0.00387327  -0.00188822    -0.00458570  -0.00231152    -0.00000000  -0.00000000
 -0.01361516   0.00565006    -0.02051060   0.01004541    -0.00000000  -0.00000000
 -0.00000000  -0.00000000    -0.00000000  -0.00000000     0.01406800   0.00295703
    3    2
  0.00299344  -0.01812359     0.00801496  -0.00347727     0.00000000  -0.00000000
  0.00801496  -0.00347727     0.01326712   0.04277249     0.00000000  -0.00000000
  0.00000000  -0.00000000     0.00000000  -0.00000000    -0.02580192   0.00714829
    3    3
  0.03372209   0.00000000     0.00808159  -0.00428732    -0.00000000   0.00000000
  0.00808159   0.00428732     0.06152287   0.00000000    -0.00000000   0.00000000
 -0.00000000   0.00000000    -0.00000000   0.00000000     0.03313824  -0.00000000
    3    4
 -0.00841035  -0.01013214     0.00264939  -0.00000000     0.00000000   0.00000000
  0.04945725  -0.00000000    -0.00841035   0.01013214     0.00000000   0.00000000
 -0.00000000   0.00000000     0.00000000   0.00000000    -0.01163466  -0.00000000
    3    5
  0.01668103   0.00777121     0.00846396   0.00680419    -0.00000000  -0.00000000
  0.01986640   0.04684171     0.01668103   0.00777121    -0.00000000   0.00000000
 -0.00000000   0.00000000    -0.00000000   0.00000000     0.01176950   0.00231210
    3    6
 -0.00983437   0.00673813    -0.00020946  -0.00009811     0.00357591   0.00175889
 -0.00350021  -0.00266672     0.00017522  -0.00737978     0.00215172  -0.00075841
  0.03000889  -0.00376234     0.01266178   0.00075926    -0.00208146  -0.00082141
    3    7
 -0.00983437   0.00673813    -0.00020946  -0.00009811    -0.00357591  -0.00175889
 -0.00350021  -0.00266672     0.00017522  -0.00737978    -0.00215172   0.00075841
 -0.03000889   0.00376234    -0.01266178  -0.00075926    -0.00208146  -0.00082141
    4    1
 -0.02051060   0.01004541    -0.01361516   0.00565006    -0.00000000  -0.00000000
 -0.00458570  -0.00231152     0.00387327  -0.00188822    -0.00000000  -0.00000000
 -0.00000000   0.00000000    -0.00000000   0.00000000     0.01406800   0.00295703
    4    2
  0.01668103   0.00777121     0.01986640   0.04684171    -0.00000000   0.00000000
  0.00846396   0.00680419     0.01668103   0.00777121    -0.00000000   0.00000000
 -0.00000000   0.00000000    -0.00000000   0.00000000     0.01176950   0.00231210
    4    3
 -0.00841035   0.01013214     0.04945725  -0.00000000     0.00000000   0.00000000
  0.00264939  -0.00000000    -0.00841035  -0.01013214     0.00000000   0.00000000
  0.00000000   0.00000000    -0.00000000   0.00000000    -0.01163466  -0.00000000
    4    4
  0.06152287   0.00000000     0.00808159   0.00428732    -0.00000000   0.00000000
  0.00808159  -0.00428732     0.03372209   0.00000000    -0.00000000   0.00000000
 -0.00000000   0.00000000    -0.00000000   0.00000000     0.03313824  -0.00000000
    4    5
  0.01326712   0.04277249     0.00801496  -0.00347727     0.00000000  -0.00000000
  0.00801496  -0.00347727     0.00299344  -0.01812359     0.00000000  -0.00000000
  0.00000000  -0.00000000     0.00000000  -0.00000000    -0.02580192   0.00714829
    4    6
  0.00017522  -0.00737978    -0.00350021  -0.00266672    -0.00215172   0.00075841
 -0.00020946  -0.00009811    -0.00983437   0.00673813    -0.00357591  -0.00175889
 -0.01266178  -0.00075926    -0.03000889   0.00376234    -0.00208146  -0.00082141
    4    7
  0.00017522  -0.00737978    -0.00350021  -0.00266672     0.00215172  -0.00075841
 -0.00020946  -0.00009811    -0.00983437   0.00673813     0.00357591   0.00175889
  0.01266178   0.00075926     0.03000889  -0.00376234    -0.00208146  -0.00082141
    5    1
  0.00740000   0.02160636     0.00563218   0.01362257     0.00000000   0.00000000
  0.00487707   0.00160808    -0.00140364  -0.00407398     0.00000000   0.00000000
  0.00000000   0.00000000     0.00000000   0.00000000    -0.01203851  -0.00785665
    5    2
 -0.00841035  -0.01013214     0.04945725   0.00000000     0.00000000  -0.00000000
  0.00264939  -0.00000000    -0.00841035   0.01013214     0.00000000  -0.00000000
  0.00000000   0.00000000     0.00000000   0.00000000    -0.01163466   0.00000000
    5    3
  0.01668103  -0.00777121     0.01986640  -0.04684171    -0.00000000   0.00000000
  0.00846396  -0.00680419     0.01668103  -0.00777121    -0.00000000  -0.00000000
 -0.00000000   0.00000000    -0.00000000   0.00000000     0.01176950  -0.00231210
    5    4
  0.01326712  -0.04277249     0.00801496   0.00347727     0.00000000  -0.00000000
  0.00801496   0.00347727     0.00299344   0.01812359     0.00000000   0.00000000
  0.00000000   0.00000000     0.00000000   0.00000000    -0.02580192  -0.00714829
    5    5
  0.06152287  -0.00000000     0.00808159  -0.00428732    -0.00000000   0.00000000
  0.00808159   0.00428732     0.03372209  -0.00000000    -0.00000000   0.00000000
 -0.00000000   0.00000000    -0.00000000   0.00000000     0.03313824   0.00000000
    5    6
  0.00017522   0.00737978    -0.00350021   0.00266672     0.00215172   0.00075841
 -0.00020946   0.00009811    -0.00983437  -0.00673813     0.00357591  -0.00175889
  0.01266178  -0.00075926     0.03000889   0.00376234    -0.00208146   0.00082141
    5    7
  0.00017522   0.00737978    -0.00350021   0.00266672    -0.00215172  -0.00075841
 -0.00020946   0.00009811    -0.00983437  -0.00673813    -0.00357591   0.00175889
 -0.01266178   0.00075926    -0.03000889  -0.00376234    -0.00208146   0.00082141
    6    1
  0.00030845  -0.00074466     0.00303825  -0.00733497     0.01455913   0.00603059
  0.00303825  -0.00733497     0.00030845  -0.00074466    -0.01455913  -0.00603059
  0.00552477   0.00228843    -0.00552477  -0.00228843     0.00129470  -0.00312568
    6    2
 -0.00983437   0.00673813    -0.00350021  -0.00266672    -0.03000889   0.00376234
 -0.00020946  -0.00009811     0.00017522  -0.00737978    -0.01266178  -0.00075926
 -0.00357591  -0.00175889    -0.00215172   0.00075841    -0.00208146  -0.00082141
    6    3
 -0.00983437  -0.00673813    -0.00350021   0.00266672     0.03000889   0.00376234
 -0.00020946   0.00009811     0.00017522   0.00737978     0.01266178  -0.00075926
  0.00357591  -0.00175889     0.00215172   0.00075841    -0.00208146   0.00082141
    6    4
  0.00017522   0.00737978    -0.00020946   0.00009811    -0.01266178   0.00075926
 -0.00350021   0.00266672    -0.00983437  -0.00673813    -0.03000889  -0.00376234
 -0.00215172  -0.00075841    -0.00357591   0.00175889    -0.00208146   0.00082141
    6    5
  0.00017522  -0.00737978    -0.00020946  -0.00009811     0.01266178   0.00075926
 -0.00350021  -0.00266672    -0.00983437   0.00673813     0.03000889  -0.00376234
  0.00215172  -0.00075841     0.00357591   0.00175889    -0.00208146  -0.00082141
    6    6
  0.04458005  -0.00000000     0.01665699  -0.00000000    -0.00000000   0.00003621
  0.01665699   0.00000000     0.04458005  -0.00000000    -0.00000000  -0.00003621
 -0.00000000  -0.00003621    -0.00000000   0.00003621     0.00949475   0.00000000
    6    7
 -0.02195860  -0.00000000    -0.01255607  -0.00000000    -0.00000000   0.00103000
 -0.01255607  -0.00000000    -0.02195860   0.00000000    -0.00000000  -0.00103000
 -0.00000000   0.00103000    -0.00000000  -0.00103000     0.00161624  -0.00000000
    7    1
  0.00030845  -0.00074466     0.00303825  -0.00733497    -0.01455913  -0.00603059
  0.00303825  -0.00733497     0.00030845  -0.00074466     0.01455913   0.00603059
 -0.00552477  -0.00228843     0.00552477   0.00228843     0.00129470  -0.00312568
    7    2
 -0.00983437   0.00673813    -0.00350021  -0.00266672     0.03000889  -0.00376234
 -0.00020946  -0.00009811     0.00017522  -0.00737978     0.01266178   0.00075926
  0.00357591   0.00175889     0.00215172  -0.00075841    -0.00208146  -0.00082141
    7    3
 -0.00983437  -0.00673813    -0.00350021   0.00266672    -0.03000889  -0.00376234
 -0.00020946   0.00009811     0.00017522   0.00737978    -0.01266178   0.00075926
 -0.00357591   0.00175889    -0.00215172  -0.00075841    -0.00208146   0.00082141
    7    4
  0.00017522   0.00737978    -0.00020946   0.00009811     0.01266178  -0.00075926
 -0.00350021   0.00266672    -0.00983437  -0.00673813     0.03000889   0.00376234
  0.00215172   0.00075841     0.00357591  -0.00175889    -0.00208146   0.00082141
    7    5
  0.00017522  -0.00737978    -0.00020946  -0.00009811    -0.01266178  -0.00075926
 -0.00350021  -0.00266672    -0.00983437   0.00673813    -0.03000889   0.00376234
 -0.00215172   0.00075841    -0.00357591  -0.00175889    -0.00208146  -0.00082141
    7    6
 -0.02195860   0.00000000    -0.01255607   0.00000000    -0.00000000  -0.00103000
 -0.01255607  -0.00000000    -0.02195860  -0.00000000    -0.00000000   0.00103000
 -0.00000000  -0.00103000    -0.00000000   0.00103000     0.00161624   0.00000000
    7    7
  0.04458005  -0.00000000     0.01665699  -0.00000000    -0.00000000  -0.00003621
  0.01665699  -0.00000000     0.04458005  -0.00000000    -0.00000000   0.00003621
 -0.00000000   0.00003621    -0.00000000  -0.00003621     0.00949475  -0.00000000

     Dynamical  Matrix in cartesian axes

     q = (   -0.324759526   0.324759526   0.000000000 ) 

    1    1
  0.08972928   0.00000000    -0.05378073   0.00000000     0.00000000   0.00000000
 -0.05378073   0.00000000     0.08972928   0.00000000     0.00000000   0.00000000
  0.00000000   0.00000000     0.00000000   0.00000000     0.03289942   0.00000000
    1    2
 -0.00140364   0.00407398    -0.00563218   0.01362257     0.00000000  -0.00000000
 -0.00487707   0.00160808     0.00740000  -0.02160636     0.00000000  -0.00000000
  0.00000000  -0.00000000     0.00000000  -0.00000000    -0.01203851   0.00785665
    1    3
 -0.00140364  -0.00407398    -0.00563218  -0.01362257     0.00000000  -0.00000000
 -0.00487707  -0.00160808     0.00740000   0.02160636     0.00000000   0.00000000
  0.00000000   0.00000000     0.00000000   0.00000000    -0.01203851  -0.00785665
    1    4
  0.00740000  -0.02160636    -0.00487707   0.00160808     0.00000000  -0.00000000
 -0.00563218   0.01362257    -0.00140364   0.00407398     0.00000000  -0.00000000
  0.00000000   0.00000000     0.00000000  -0.00000000    -0.01203851   0.00785665
    1    5
  0.00740000   0.02160636    -0.00487707  -0.00160808     0.00000000   0.00000000
 -0.00563218  -0.01362257    -0.00140364  -0.00407398     0.00000000   0.00000000
  0.00000000  -0.00000000     0.00000000   0.00000000    -0.01203851  -0.00785665
    1    6
  0.00030845  -0.00074466    -0.00303825   0.00733497    -0.00552477  -0.00228843
 -0.00303825   0.00733497     0.00030845  -0.00074466    -0.00552477  -0.00228843
 -0.01455913  -0.00603059    -0.01455913  -0.00603059     0.00129470  -0.00312568
    1    7
  0.00030845   0.00074466    -0.00303825  -0.00733497    -0.00552477   0.00228843
 -0.00303825  -0.00733497     0.00030845   0.00074466    -0.00552477   0.00228843
