  2.000000000000000E-002   1.26015754758087        2.29045391948694     
           6

     Dynamical  Matrix in cartesian axes

     q = (   -0.433012700  -0.433012700   0.000000000 ) 

    1    1
  0.13407078   0.00000000     0.07600969   0.00000000    -0.00000000   0.00000000
  0.07600969   0.00000000     0.13407078   0.00000000    -0.00000000   0.00000000
 -0.00000000   0.00000000    -0.00000000   0.00000000     0.04277648   0.00000000
    1    2
 -0.02880116   0.00000000     0.01862087  -0.00000000     0.00000000   0.00000000
 -0.00710075   0.00000000     0.02569797  -0.00000000     0.00000000   0.00000000
  0.00000000   0.00000000     0.00000000   0.00000000    -0.01308278   0.00000000
    1    3
  0.02880116  -0.00000000    -0.01862087   0.00000000    -0.00000000   0.00000000
  0.00710075  -0.00000000    -0.02569797   0.00000000    -0.00000000   0.00000000
  0.00000000   0.00000000     0.00000000   0.00000000     0.01308278  -0.00000000
    1    4
 -0.02569797   0.00000000     0.00710075  -0.00000000    -0.00000000   0.00000000
 -0.01862087   0.00000000     0.02880116  -0.00000000    -0.00000000   0.00000000
 -0.00000000  -0.00000000    -0.00000000   0.00000000     0.01308278  -0.00000000
    1    5
  0.02569797  -0.00000000    -0.00710075   0.00000000     0.00000000   0.00000000
  0.01862087  -0.00000000    -0.02880116   0.00000000     0.00000000   0.00000000
  0.00000000   0.00000000     0.00000000   0.00000000    -0.01308278   0.00000000
    1    6
 -0.00000000   0.00000000     0.00000000   0.00000000     0.00657139  -0.00000000
 -0.00000000   0.00000000    -0.00000000   0.00000000    -0.00657139   0.00000000
  0.01859620  -0.00000000    -0.01859620   0.00000000    -0.00000000   0.00000000
    1    7
  0.00000000   0.00000000    -0.00000000   0.00000000    -0.00657139   0.00000000
  0.00000000   0.00000000    -0.00000000   0.00000000     0.00657139  -0.00000000
 -0.01859620   0.00000000     0.01859620  -0.00000000     0.00000000   0.00000000
    2    1
 -0.02880116  -0.00000000    -0.00710075  -0.00000000     0.00000000  -0.00000000
  0.01862087   0.00000000     0.02569797   0.00000000     0.00000000  -0.00000000
  0.00000000  -0.00000000     0.00000000  -0.00000000    -0.01308278  -0.00000000
    2    2
  0.05871704   0.00000000     0.01129190   0.00000000    -0.00000000   0.00000000
  0.01129190   0.00000000     0.08283224   0.00000000    -0.00000000   0.00000000
 -0.00000000   0.00000000    -0.00000000   0.00000000     0.03169499   0.00000000
    2    3
  0.00898624   0.00000000     0.01963105   0.00000000     0.00000000   0.00000000
  0.01963105   0.00000000     0.04173375   0.00000000     0.00000000   0.00000000
  0.00000000   0.00000000     0.00000000   0.00000000    -0.02389459   0.00000000
    2    4
  0.03403901   0.00000000     0.03012401   0.00000000    -0.00000000   0.00000000
  0.05278624   0.00000000     0.03403901   0.00000000    -0.00000000   0.00000000
 -0.00000000   0.00000000    -0.00000000   0.00000000     0.01311903   0.00000000
    2    5
 -0.00753500   0.00000000     0.02923697   0.00000000     0.00000000   0.00000000
  0.06781148   0.00000000    -0.00753500   0.00000000     0.00000000   0.00000000
 -0.00000000   0.00000000     0.00000000   0.00000000    -0.01235821   0.00000000
    2    6
 -0.01888586   0.00000000    -0.01331641   0.00000000    -0.00785957   0.00000000
 -0.00487468   0.00000000    -0.00186468   0.00000000    -0.00504156   0.00000000
 -0.02666397   0.00000000    -0.01094023   0.00000000    -0.00353262   0.00000000
    2    7
 -0.01888586   0.00000000    -0.01331641   0.00000000     0.00785957   0.00000000
 -0.00487468   0.00000000    -0.00186468   0.00000000     0.00504156   0.00000000
  0.02666397   0.00000000     0.01094023   0.00000000    -0.00353262   0.00000000
    3    1
  0.02880116   0.00000000     0.00710075   0.00000000    -0.00000000  -0.00000000
 -0.01862087  -0.00000000    -0.02569797  -0.00000000    -0.00000000   0.00000000
 -0.00000000  -0.00000000    -0.00000000  -0.00000000     0.01308278   0.00000000
    3    2
  0.00898624   0.00000000     0.01963105   0.00000000     0.00000000   0.00000000
  0.01963105   0.00000000     0.04173375   0.00000000     0.00000000   0.00000000
  0.00000000   0.00000000     0.00000000   0.00000000    -0.02389459   0.00000000
    3    3
  0.05871704   0.00000000     0.01129190   0.00000000    -0.00000000   0.00000000
  0.01129190   0.00000000     0.08283224   0.00000000    -0.00000000   0.00000000
 -0.00000000   0.00000000    -0.00000000   0.00000000     0.03169499   0.00000000
    3    4
 -0.00753500   0.00000000     0.02923697   0.00000000     0.00000000   0.00000000
  0.06781148   0.00000000    -0.00753500   0.00000000     0.00000000   0.00000000
 -0.00000000   0.00000000     0.00000000   0.00000000    -0.01235821   0.00000000
    3    5
  0.03403901   0.00000000     0.03012401   0.00000000    -0.00000000   0.00000000
  0.05278624   0.00000000     0.03403901   0.00000000    -0.00000000   0.00000000
 -0.00000000   0.00000000    -0.00000000   0.00000000     0.01311903   0.00000000
    3    6
 -0.01888586   0.00000000    -0.01331641   0.00000000     0.00785957   0.00000000
 -0.00487468   0.00000000    -0.00186468   0.00000000     0.00504156   0.00000000
  0.02666397   0.00000000     0.01094023   0.00000000    -0.00353262   0.00000000
    3    7
 -0.01888586   0.00000000    -0.01331641   0.00000000    -0.00785957   0.00000000
 -0.00487468   0.00000000    -0.00186468   0.00000000    -0.00504156   0.00000000
 -0.02666397   0.00000000    -0.01094023   0.00000000    -0.00353262   0.00000000
    4    1
 -0.02569797  -0.00000000    -0.01862087  -0.00000000    -0.00000000   0.00000000
  0.00710075   0.00000000     0.02880116   0.00000000    -0.00000000  -0.00000000
  0.00000000  -0.00000000     0.00000000  -0.00000000     0.01308278   0.00000000
    4    2
  0.03403901   0.00000000     0.05278624   0.00000000    -0.00000000   0.00000000
  0.03012401   0.00000000     0.03403901   0.00000000    -0.00000000   0.00000000
 -0.00000000   0.00000000    -0.00000000   0.00000000     0.01311903   0.00000000
    4    3
 -0.00753500   0.00000000     0.06781148   0.00000000     0.00000000   0.00000000
  0.02923697   0.00000000    -0.00753500   0.00000000     0.00000000   0.00000000
  0.00000000   0.00000000     0.00000000   0.00000000    -0.01235821   0.00000000
    4    4
  0.08283224   0.00000000     0.01129190   0.00000000    -0.00000000   0.00000000
  0.01129190   0.00000000     0.05871704   0.00000000    -0.00000000   0.00000000
 -0.00000000   0.00000000    -0.00000000   0.00000000     0.03169499   0.00000000
    4    5
  0.04173375   0.00000000     0.01963105   0.00000000     0.00000000   0.00000000
  0.01963105   0.00000000     0.00898624   0.00000000     0.00000000   0.00000000
  0.00000000   0.00000000     0.00000000   0.00000000    -0.02389459   0.00000000
    4    6
 -0.00186468   0.00000000    -0.00487468   0.00000000    -0.00504156   0.00000000
 -0.01331641   0.00000000    -0.01888586   0.00000000    -0.00785957   0.00000000
 -0.01094023   0.00000000    -0.02666397   0.00000000    -0.00353262   0.00000000
    4    7
 -0.00186468   0.00000000    -0.00487468   0.00000000     0.00504156   0.00000000
 -0.01331641   0.00000000    -0.01888586   0.00000000     0.00785957   0.00000000
  0.01094023   0.00000000     0.02666397   0.00000000    -0.00353262   0.00000000
    5    1
  0.02569797   0.00000000     0.01862087   0.00000000     0.00000000  -0.00000000
 -0.00710075  -0.00000000    -0.02880116  -0.00000000     0.00000000  -0.00000000
  0.00000000  -0.00000000     0.00000000  -0.00000000    -0.01308278  -0.00000000
    5    2
 -0.00753500   0.00000000     0.06781148   0.00000000     0.00000000   0.00000000
  0.02923697   0.00000000    -0.00753500   0.00000000     0.00000000   0.00000000
  0.00000000   0.00000000     0.00000000   0.00000000    -0.01235821   0.00000000
    5    3
  0.03403901   0.00000000     0.05278624   0.00000000    -0.00000000   0.00000000
  0.03012401   0.00000000     0.03403901   0.00000000    -0.00000000   0.00000000
 -0.00000000   0.00000000    -0.00000000   0.00000000     0.01311903   0.00000000
    5    4
  0.04173375   0.00000000     0.01963105   0.00000000     0.00000000   0.00000000
  0.01963105   0.00000000     0.00898624   0.00000000     0.00000000   0.00000000
  0.00000000   0.00000000     0.00000000   0.00000000    -0.02389459   0.00000000
    5    5
  0.08283224   0.00000000     0.01129190   0.00000000    -0.00000000   0.00000000
  0.01129190   0.00000000     0.05871704   0.00000000    -0.00000000   0.00000000
 -0.00000000   0.00000000    -0.00000000   0.00000000     0.03169499   0.00000000
    5    6
 -0.00186468   0.00000000    -0.00487468   0.00000000     0.00504156   0.00000000
 -0.01331641   0.00000000    -0.01888586   0.00000000     0.00785957   0.00000000
  0.01094023   0.00000000     0.02666397   0.00000000    -0.00353262   0.00000000
    5    7
 -0.00186468   0.00000000    -0.00487468   0.00000000    -0.00504156   0.00000000
 -0.01331641   0.00000000    -0.01888586   0.00000000    -0.00785957   0.00000000
 -0.01094023   0.00000000    -0.02666397   0.00000000    -0.00353262   0.00000000
    6    1
 -0.00000000  -0.00000000     0.00000000  -0.00000000     0.01859620   0.00000000
  0.00000000  -0.00000000     0.00000000  -0.00000000    -0.01859620  -0.00000000
  0.00657139   0.00000000    -0.00657139  -0.00000000    -0.00000000  -0.00000000
    6    2
 -0.01888586   0.00000000    -0.00487468   0.00000000    -0.02666397   0.00000000
 -0.01331641   0.00000000    -0.00186468   0.00000000    -0.01094023   0.00000000
 -0.00785957   0.00000000    -0.00504156   0.00000000    -0.00353262   0.00000000
    6    3
 -0.01888586   0.00000000    -0.00487468   0.00000000     0.02666397   0.00000000
 -0.01331641   0.00000000    -0.00186468   0.00000000     0.01094023   0.00000000
  0.00785957   0.00000000     0.00504156   0.00000000    -0.00353262   0.00000000
    6    4
 -0.00186468   0.00000000    -0.01331641   0.00000000    -0.01094023   0.00000000
 -0.00487468   0.00000000    -0.01888586   0.00000000    -0.02666397   0.00000000
 -0.00504156   0.00000000    -0.00785957   0.00000000    -0.00353262   0.00000000
    6    5
 -0.00186468   0.00000000    -0.01331641   0.00000000     0.01094023   0.00000000
 -0.00487468   0.00000000    -0.01888586   0.00000000     0.02666397   0.00000000
  0.00504156   0.00000000     0.00785957   0.00000000    -0.00353262   0.00000000
    6    6
  0.04743345   0.00000000     0.01775803   0.00000000    -0.00000000   0.00000000
  0.01775803   0.00000000     0.04743345   0.00000000    -0.00000000   0.00000000
 -0.00000000   0.00000000    -0.00000000   0.00000000     0.01459744   0.00000000
    6    7
 -0.01264435   0.00000000    -0.00034701   0.00000000    -0.00000000   0.00000000
 -0.00034701   0.00000000    -0.01264435   0.00000000    -0.00000000   0.00000000
 -0.00000000   0.00000000    -0.00000000   0.00000000     0.00304901   0.00000000
    7    1
  0.00000000  -0.00000000     0.00000000  -0.00000000    -0.01859620  -0.00000000
 -0.00000000  -0.00000000    -0.00000000  -0.00000000     0.01859620   0.00000000
 -0.00657139  -0.00000000     0.00657139   0.00000000     0.00000000  -0.00000000
    7    2
 -0.01888586   0.00000000    -0.00487468   0.00000000     0.02666397   0.00000000
 -0.01331641   0.00000000    -0.00186468   0.00000000     0.01094023   0.00000000
  0.00785957   0.00000000     0.00504156   0.00000000    -0.00353262   0.00000000
    7    3
 -0.01888586   0.00000000    -0.00487468   0.00000000    -0.02666397   0.00000000
 -0.01331641   0.00000000    -0.00186468   0.00000000    -0.01094023   0.00000000
 -0.00785957   0.00000000    -0.00504156   0.00000000    -0.00353262   0.00000000
    7    4
 -0.00186468   0.00000000    -0.01331641   0.00000000     0.01094023   0.00000000
 -0.00487468   0.00000000    -0.01888586   0.00000000     0.02666397   0.00000000
  0.00504156   0.00000000     0.00785957   0.00000000    -0.00353262   0.00000000
    7    5
 -0.00186468   0.00000000    -0.01331641   0.00000000    -0.01094023   0.00000000
 -0.00487468   0.00000000    -0.01888586   0.00000000    -0.02666397   0.00000000
 -0.00504156   0.00000000    -0.00785957   0.00000000    -0.00353262   0.00000000
    7    6
 -0.01264435   0.00000000    -0.00034701   0.00000000     0.00000000   0.00000000
 -0.00034701   0.00000000    -0.01264435   0.00000000     0.00000000   0.00000000
  0.00000000   0.00000000     0.00000000   0.00000000     0.00304901   0.00000000
    7    7
  0.04743345   0.00000000     0.01775803   0.00000000    -0.00000000   0.00000000
  0.01775803   0.00000000     0.04743345   0.00000000    -0.00000000   0.00000000
 -0.00000000   0.00000000    -0.00000000   0.00000000     0.01459744   0.00000000

     Dynamical  Matrix in cartesian axes

     q = (    0.000000000   0.433012700  -0.433012700 ) 

    1    1
  0.04277648   0.00000000     0.00000000   0.00000000     0.00000000   0.00000000
  0.00000000   0.00000000     0.13407078   0.00000000    -0.07600969   0.00000000
  0.00000000   0.00000000    -0.07600969   0.00000000     0.13407078   0.00000000
    1    2
  0.00000000   0.00000000    -0.01859620   0.00000000    -0.01859620   0.00000000
 -0.00657139   0.00000000    -0.00000000   0.00000000    -0.00000000  -0.00000000
 -0.00657139   0.00000000    -0.00000000  -0.00000000    -0.00000000   0.00000000
    1    3
  0.00000000  -0.00000000    -0.01859620  -0.00000000    -0.01859620  -0.00000000
 -0.00657139  -0.00000000     0.00000000  -0.00000000     0.00000000   0.00000000
 -0.00657139  -0.00000000     0.00000000   0.00000000     0.00000000  -0.00000000
    1    4
 -0.01308278  -0.00000000     0.00000000   0.00000000     0.00000000   0.00000000
  0.00000000   0.00000000    -0.02880116  -0.00000000    -0.01862087  -0.00000000
 -0.00000000  -0.00000000     0.00710075   0.00000000     0.02569797   0.00000000
    1    5
 -0.01308278   0.00000000     0.00000000   0.00000000    -0.00000000   0.00000000
  0.00000000   0.00000000    -0.02880116   0.00000000    -0.01862087   0.00000000
 -0.00000000  -0.00000000     0.00710075  -0.00000000     0.02569797  -0.00000000
    1    6
 -0.01308278  -0.00000000    -0.00000000  -0.00000000     0.00000000  -0.00000000
 -0.00000000   0.00000000     0.02569797   0.00000000     0.00710075   0.00000000
  0.00000000  -0.00000000    -0.01862087  -0.00000000    -0.02880116  -0.00000000
    1    7
 -0.01308278   0.00000000     0.00000000   0.00000000     0.00000000   0.00000000
 -0.00000000  -0.00000000     0.02569797  -0.00000000     0.00710075  -0.00000000
  0.00000000   0.00000000    -0.01862087   0.00000000    -0.02880116   0.00000000
    2    1
  0.00000000  -0.00000000    -0.00657139  -0.00000000    -0.00657139  -0.00000000
 -0.01859620  -0.00000000    -0.00000000  -0.00000000    -0.00000000   0.00000000
 -0.01859620  -0.00000000    -0.00000000   0.00000000    -0.00000000  -0.00000000
    2    2
  0.01459744   0.00000000     0.00000000   0.00000000     0.00000000   0.00000000
  0.00000000   0.00000000     0.04743345   0.00000000    -0.01775803   0.00000000
  0.00000000   0.00000000    -0.01775803   0.00000000     0.04743345   0.00000000
    2    3
 -0.00304901  -0.00000000    -0.00000000   0.00000000    -0.00000000  -0.00000000
  0.00000000   0.00000000     0.01264435   0.00000000    -0.00034701  -0.00000000
 -0.00000000  -0.00000000    -0.00034701  -0.00000000     0.01264435   0.00000000
    2    4
  0.00353262   0.00000000     0.00785957   0.00000000    -0.00504156  -0.00000000
  0.02666397   0.00000000     0.01888586   0.00000000    -0.00487468  -0.00000000
 -0.01094023  -0.00000000    -0.01331641  -0.00000000     0.00186468   0.00000000
    2    5
 -0.00353262   0.00000000     0.00785957  -0.00000000    -0.00504156   0.00000000
  0.02666397  -0.00000000    -0.01888586   0.00000000     0.00487468  -0.00000000
 -0.01094023   0.00000000     0.01331641  -0.00000000    -0.00186468   0.00000000
    2    6
  0.00353262   0.00000000    -0.00504156  -0.00000000     0.00785957   0.00000000
 -0.01094023  -0.00000000     0.00186468   0.00000000    -0.01331641  -0.00000000
  0.02666397   0.00000000    -0.00487468  -0.00000000     0.01888586   0.00000000
    2    7
 -0.00353262   0.00000000    -0.00504156   0.00000000     0.00785957  -0.00000000
 -0.01094023   0.00000000    -0.00186468   0.00000000     0.01331641  -0.00000000
  0.02666397  -0.00000000     0.00487468  -0.00000000    -0.01888586   0.00000000
    3    1
  0.00000000   0.00000000    -0.00657139   0.00000000    -0.00657139   0.00000000
 -0.01859620   0.00000000     0.00000000   0.00000000    -0.00000000  -0.00000000
 -0.01859620   0.00000000     0.00000000  -0.00000000    -0.00000000   0.00000000
    3    2
 -0.00304901   0.00000000    -0.00000000  -0.00000000    -0.00000000   0.00000000
  0.00000000  -0.00000000     0.01264435  -0.00000000    -0.00034701   0.00000000
 -0.00000000   0.00000000    -0.00034701   0.00000000     0.01264435  -0.00000000
    3    3
  0.01459744   0.00000000     0.00000000   0.00000000    -0.00000000   0.00000000
  0.00000000   0.00000000     0.04743345   0.00000000    -0.01775803   0.00000000
 -0.00000000   0.00000000    -0.01775803   0.00000000     0.04743345   0.00000000
    3    4
 -0.00353262   0.00000000     0.00785957  -0.00000000    -0.00504156   0.00000000
  0.02666397  -0.00000000    -0.01888586   0.00000000     0.00487468  -0.00000000
 -0.01094023   0.00000000     0.01331641  -0.00000000    -0.00186468   0.00000000
    3    5
  0.00353262  -0.00000000     0.00785957  -0.00000000    -0.00504156   0.00000000
  0.02666397  -0.00000000     0.01888586  -0.00000000    -0.00487468   0.00000000
 -0.01094023   0.00000000    -0.01331641   0.00000000     0.00186468  -0.00000000
    3    6
 -0.00353262   0.00000000    -0.00504156   0.00000000     0.00785957  -0.00000000
 -0.01094023   0.00000000    -0.00186468   0.00000000     0.01331641  -0.00000000
  0.02666397  -0.00000000     0.00487468  -0.00000000    -0.01888586   0.00000000
    3    7
  0.00353262  -0.00000000    -0.00504156   0.00000000     0.00785957  -0.00000000
 -0.01094023   0.00000000     0.00186468  -0.00000000    -0.01331641   0.00000000
  0.02666397  -0.00000000    -0.00487468   0.00000000     0.01888586  -0.00000000
    4    1
 -0.01308278   0.00000000     0.00000000  -0.00000000    -0.00000000   0.00000000
  0.00000000  -0.00000000    -0.02880116   0.00000000     0.00710075  -0.00000000
 -0.00000000  -0.00000000    -0.01862087   0.00000000     0.02569797  -0.00000000
    4    2
  0.00353262  -0.00000000     0.02666397  -0.00000000    -0.01094023   0.00000000
  0.00785957  -0.00000000     0.01888586  -0.00000000    -0.01331641   0.00000000
 -0.00504156   0.00000000    -0.00487468   0.00000000     0.00186468  -0.00000000
    4    3
 -0.00353262  -0.00000000     0.02666397   0.00000000    -0.01094023  -0.00000000
  0.00785957   0.00000000    -0.01888586  -0.00000000     0.01331641   0.00000000
 -0.00504156  -0.00000000     0.00487468   0.00000000    -0.00186468  -0.00000000
    4    4
  0.03169499   0.00000000     0.00000000   0.00000000    -0.00000000   0.00000000
 -0.00000000   0.00000000     0.05871704   0.00000000    -0.01129190   0.00000000
 -0.00000000   0.00000000    -0.01129190   0.00000000     0.08283224   0.00000000
    4    5
  0.02389459  -0.00000000    -0.00000000   0.00000000     0.00000000  -0.00000000
 -0.00000000   0.00000000    -0.00898624   0.00000000     0.01963105  -0.00000000
  0.00000000  -0.00000000     0.01963105  -0.00000000    -0.04173375   0.00000000
    4    6
 -0.01235821  -0.00000000     0.00000000   0.00000000     0.00000000   0.00000000
  0.00000000   0.00000000    -0.00753500  -0.00000000    -0.02923697  -0.00000000
  0.00000000   0.00000000    -0.06781148  -0.00000000    -0.00753500  -0.00000000
    4    7
 -0.01311903   0.00000000    -0.00000000   0.00000000     0.00000000  -0.00000000
 -0.00000000  -0.00000000    -0.03403901   0.00000000     0.03012401  -0.00000000
  0.00000000  -0.00000000     0.05278624  -0.00000000    -0.03403901   0.00000000
    5    1
 -0.01308278  -0.00000000     0.00000000  -0.00000000    -0.00000000   0.00000000
  0.00000000  -0.00000000    -0.02880116  -0.00000000     0.00710075   0.00000000
 -0.00000000  -0.00000000    -0.01862087  -0.00000000     0.02569797   0.00000000
    5    2
 -0.00353262  -0.00000000     0.02666397   0.00000000    -0.01094023  -0.00000000
  0.00785957   0.00000000    -0.01888586  -0.00000000     0.01331641   0.00000000
 -0.00504156  -0.00000000     0.00487468   0.00000000    -0.00186468  -0.00000000
    5    3
  0.00353262   0.00000000     0.02666397   0.00000000    -0.01094023  -0.00000000
  0.00785957   0.00000000     0.01888586   0.00000000    -0.01331641  -0.00000000
 -0.00504156  -0.00000000    -0.00487468  -0.00000000     0.00186468   0.00000000
    5    4
  0.02389459   0.00000000    -0.00000000  -0.00000000     0.00000000   0.00000000
 -0.00000000  -0.00000000    -0.00898624  -0.00000000     0.01963105   0.00000000
  0.00000000   0.00000000     0.01963105   0.00000000    -0.04173375  -0.00000000
    5    5
  0.03169499   0.00000000     0.00000000   0.00000000    -0.00000000   0.00000000
  0.00000000   0.00000000     0.05871704   0.00000000    -0.01129190   0.00000000
  0.00000000   0.00000000    -0.01129190   0.00000000     0.08283224   0.00000000
    5    6
 -0.01311903  -0.00000000    -0.00000000   0.00000000     0.00000000  -0.00000000
 -0.00000000   0.00000000    -0.03403901  -0.00000000     0.03012401   0.00000000
  0.00000000  -0.00000000     0.05278624   0.00000000    -0.03403901  -0.00000000
    5    7
 -0.01235821   0.00000000     0.00000000  -0.00000000     0.00000000  -0.00000000
  0.00000000   0.00000000    -0.00753500   0.00000000    -0.02923697   0.00000000
  0.00000000  -0.00000000    -0.06781148   0.00000000    -0.00753500   0.00000000
    6    1
 -0.01308278   0.00000000    -0.00000000  -0.00000000     0.00000000   0.00000000
 -0.00000000   0.00000000     0.02569797  -0.00000000    -0.01862087   0.00000000
  0.00000000   0.00000000     0.00710075  -0.00000000    -0.02880116   0.00000000
    6    2
  0.00353262  -0.00000000    -0.01094023   0.00000000     0.02666397  -0.00000000
 -0.00504156   0.00000000     0.00186468  -0.00000000    -0.00487468   0.00000000
  0.00785957  -0.00000000    -0.01331641   0.00000000     0.01888586  -0.00000000
    6    3
 -0.00353262  -0.00000000    -0.01094023  -0.00000000     0.02666397   0.00000000
 -0.00504156  -0.00000000    -0.00186468  -0.00000000     0.00487468   0.00000000
  0.00785957   0.00000000     0.01331641   0.00000000    -0.01888586  -0.00000000
    6    4
 -0.01235821   0.00000000     0.00000000  -0.00000000     0.00000000  -0.00000000
  0.00000000  -0.00000000    -0.00753500   0.00000000    -0.06781148   0.00000000
  0.00000000  -0.00000000    -0.02923697   0.00000000    -0.00753500   0.00000000
    6    5
 -0.01311903   0.00000000    -0.00000000  -0.00000000     0.00000000   0.00000000
 -0.00000000  -0.00000000    -0.03403901   0.00000000     0.05278624  -0.00000000
  0.00000000   0.00000000     0.03012401  -0.00000000    -0.03403901   0.00000000
    6    6
  0.03169499   0.00000000     0.00000000   0.00000000    -0.00000000   0.00000000
  0.00000000   0.00000000     0.08283224   0.00000000    -0.01129190   0.00000000
 -0.00000000   0.00000000    -0.01129190   0.00000000     0.05871704   0.00000000
    6    7
  0.02389459  -0.00000000    -0.00000000  -0.00000000    -0.00000000   0.00000000
 -0.00000000  -0.00000000    -0.04173375   0.00000000     0.01963105  -0.00000000
 -0.00000000   0.00000000     0.01963105  -0.00000000    -0.00898624   0.00000000
    7    1
 -0.01308278  -0.00000000    -0.00000000   0.00000000     0.00000000  -0.00000000
 -0.00000000  -0.00000000     0.02569797   0.00000000    -0.01862087  -0.00000000
  0.00000000  -0.00000000     0.00710075   0.00000000    -0.02880116  -0.00000000
    7    2
 -0.00353262  -0.00000000    -0.01094023  -0.00000000     0.02666397   0.00000000
 -0.00504156  -0.00000000    -0.00186468  -0.00000000     0.00487468   0.00000000
  0.00785957   0.00000000     0.01331641   0.00000000    -0.01888586  -0.00000000
    7    3
  0.00353262   0.00000000    -0.01094023  -0.00000000     0.02666397   0.00000000
 -0.00504156  -0.00000000     0.00186468   0.00000000    -0.00487468  -0.00000000
  0.00785957   0.00000000    -0.01331641  -0.00000000     0.01888586   0.00000000
    7    4
 -0.01311903  -0.00000000    -0.00000000   0.00000000     0.00000000   0.00000000
 -0.00000000  -0.00000000    -0.03403901  -0.00000000     0.05278624   0.00000000
  0.00000000   0.00000000     0.03012401   0.00000000    -0.03403901  -0.00000000
    7    5
 -0.01235821  -0.00000000     0.00000000  -0.00000000     0.00000000   0.00000000
  0.00000000   0.00000000    -0.00753500  -0.00000000    -0.06781148  -0.00000000
  0.00000000   0.00000000    -0.02923697  -0.00000000    -0.00753500  -0.00000000
    7    6
  0.02389459   0.00000000    -0.00000000   0.00000000    -0.00000000  -0.00000000
 -0.00000000   0.00000000    -0.04173375  -0.00000000     0.01963105   0.00000000
 -0.00000000  -0.00000000     0.01963105   0.00000000    -0.00898624  -0.00000000
    7    7
  0.03169499   0.00000000    -0.00000000   0.00000000    -0.00000000   0.00000000
 -0.00000000   0.00000000     0.08283224   0.00000000    -0.01129190   0.00000000
 -0.00000000   0.00000000    -0.01129190   0.00000000     0.05871704   0.00000000

     Dynamical  Matrix in cartesian axes

     q = (   -0.000000000   0.433012700   0.433012700 ) 

    1    1
  0.04277648   0.00000000    -0.00000000   0.00000000    -0.00000000   0.00000000
 -0.00000000   0.00000000     0.13407078   0.00000000     0.07600969   0.00000000
 -0.00000000   0.00000000     0.07600969   0.00000000     0.13407078   0.00000000
    1    2
  0.00000000  -0.00000000     0.01859620   0.00000000    -0.01859620  -0.00000000
  0.00657139   0.00000000    -0.00000000  -0.00000000     0.00000000  -0.00000000
 -0.00657139  -0.00000000    -0.00000000  -0.00000000    -0.00000000  -0.00000000
    1    3
 -0.00000000  -0.00000000    -0.01859620  -0.00000000     0.01859620   0.00000000
 -0.00657139  -0.00000000     0.00000000  -0.00000000    -0.00000000  -0.00000000
  0.00657139   0.00000000     0.00000000  -0.00000000    -0.00000000  -0.00000000
    1    4
 -0.01308278  -0.00000000     0.00000000   0.00000000    -0.00000000  -0.00000000
  0.00000000   0.00000000    -0.02880116  -0.00000000     0.01862087   0.00000000
 -0.00000000   0.00000000    -0.00710075  -0.00000000     0.02569797   0.00000000
    1    5
  0.01308278   0.00000000    -0.00000000  -0.00000000     0.00000000   0.00000000
  0.00000000  -0.00000000     0.02880116   0.00000000    -0.01862087  -0.00000000
  0.00000000  -0.00000000     0.00710075   0.00000000    -0.02569797  -0.00000000
    1    6
  0.01308278   0.00000000     0.00000000   0.00000000    -0.00000000  -0.00000000
  0.00000000   0.00000000    -0.02569797  -0.00000000     0.00710075   0.00000000
 -0.00000000  -0.00000000    -0.01862087  -0.00000000     0.02880116   0.00000000
    1    7
 -0.01308278  -0.00000000    -0.00000000  -0.00000000     0.00000000   0.00000000
 -0.00000000   0.00000000     0.02569797   0.00000000    -0.00710075  -0.00000000
  0.00000000   0.00000000     0.01862087   0.00000000    -0.02880116  -0.00000000
    2    1
  0.00000000   0.00000000     0.00657139  -0.00000000    -0.00657139   0.00000000
  0.01859620  -0.00000000    -0.00000000   0.00000000     0.00000000   0.00000000
 -0.01859620   0.00000000     0.00000000   0.00000000     0.00000000   0.00000000
    2    2
  0.01459744   0.00000000    -0.00000000   0.00000000    -0.00000000   0.00000000
 -0.00000000   0.00000000     0.04743345   0.00000000     0.01775803   0.00000000
 -0.00000000   0.00000000     0.01775803   0.00000000     0.04743345   0.00000000
    2    3
  0.00304901   0.00000000    -0.00000000  -0.00000000     0.00000000  -0.00000000
  0.00000000  -0.00000000    -0.01264435  -0.00000000    -0.00034701  -0.00000000
  0.00000000  -0.00000000    -0.00034701  -0.00000000    -0.01264435  -0.00000000
    2    4
 -0.00353262   0.00000000    -0.00785957   0.00000000    -0.00504156   0.00000000
 -0.02666397   0.00000000    -0.01888586   0.00000000    -0.00487468   0.00000000
 -0.01094023   0.00000000    -0.01331641   0.00000000    -0.00186468   0.00000000
    2    5
 -0.00353262  -0.00000000     0.00785957   0.00000000     0.00504156   0.00000000
  0.02666397   0.00000000    -0.01888586  -0.00000000    -0.00487468  -0.00000000
  0.01094023   0.00000000    -0.01331641  -0.00000000    -0.00186468  -0.00000000
    2    6
 -0.00353262  -0.00000000    -0.00504156  -0.00000000    -0.00785957  -0.00000000
 -0.01094023  -0.00000000    -0.00186468  -0.00000000    -0.01331641  -0.00000000
 -0.02666397  -0.00000000    -0.00487468  -0.00000000    -0.01888586  -0.00000000
    2    7
 -0.00353262  -0.00000000     0.00504156   0.00000000     0.00785957   0.00000000
  0.01094023   0.00000000    -0.00186468  -0.00000000    -0.01331641  -0.00000000
  0.02666397   0.00000000    -0.00487468  -0.00000000    -0.01888586  -0.00000000
    3    1
 -0.00000000   0.00000000    -0.00657139   0.00000000     0.00657139  -0.00000000
 -0.01859620   0.00000000     0.00000000   0.00000000    -0.00000000   0.00000000
  0.01859620  -0.00000000    -0.00000000   0.00000000    -0.00000000   0.00000000
    3    2
  0.00304901  -0.00000000     0.00000000   0.00000000     0.00000000   0.00000000
  0.00000000   0.00000000    -0.01264435   0.00000000    -0.00034701   0.00000000
  0.00000000   0.00000000    -0.00034701   0.00000000    -0.01264435   0.00000000
    3    3
  0.01459744   0.00000000     0.00000000   0.00000000    -0.00000000   0.00000000
 -0.00000000   0.00000000     0.04743345   0.00000000     0.01775803   0.00000000
 -0.00000000   0.00000000     0.01775803   0.00000000     0.04743345   0.00000000
    3    4
 -0.00353262   0.00000000     0.00785957  -0.00000000     0.00504156  -0.00000000
  0.02666397  -0.00000000    -0.01888586   0.00000000    -0.00487468   0.00000000
  0.01094023  -0.00000000    -0.01331641   0.00000000    -0.00186468   0.00000000
    3    5
 -0.00353262   0.00000000    -0.00785957   0.00000000    -0.00504156   0.00000000
 -0.02666397   0.00000000    -0.01888586   0.00000000    -0.00487468   0.00000000
 -0.01094023   0.00000000    -0.01331641   0.00000000    -0.00186468   0.00000000
    3    6
 -0.00353262   0.00000000     0.00504156  -0.00000000     0.00785957  -0.00000000
  0.01094023  -0.00000000    -0.00186468   0.00000000    -0.01331641   0.00000000
  0.02666397  -0.00000000    -0.00487468   0.00000000    -0.01888586   0.00000000
    3    7
 -0.00353262   0.00000000    -0.00504156   0.00000000    -0.00785957   0.00000000
 -0.01094023   0.00000000    -0.00186468   0.00000000    -0.01331641   0.00000000
 -0.02666397   0.00000000    -0.00487468   0.00000000    -0.01888586   0.00000000
    4    1
 -0.01308278   0.00000000    -0.00000000  -0.00000000     0.00000000  -0.00000000
  0.00000000  -0.00000000    -0.02880116   0.00000000    -0.00710075   0.00000000
 -0.00000000   0.00000000     0.01862087  -0.00000000     0.02569797  -0.00000000
    4    2
 -0.00353262  -0.00000000    -0.02666397  -0.00000000    -0.01094023  -0.00000000
 -0.00785957  -0.00000000    -0.01888586  -0.00000000    -0.01331641  -0.00000000
 -0.00504156  -0.00000000    -0.00487468  -0.00000000    -0.00186468  -0.00000000
    4    3
 -0.00353262  -0.00000000     0.02666397   0.00000000     0.01094023   0.00000000
  0.00785957   0.00000000    -0.01888586  -0.00000000    -0.01331641  -0.00000000
  0.00504156   0.00000000    -0.00487468  -0.00000000    -0.00186468  -0.00000000
    4    4
  0.03169499   0.00000000     0.00000000   0.00000000    -0.00000000   0.00000000
  0.00000000   0.00000000     0.05871704   0.00000000     0.01129190   0.00000000
 -0.00000000   0.00000000     0.01129190   0.00000000     0.08283224   0.00000000
    4    5
 -0.02389459   0.00000000    -0.00000000   0.00000000    -0.00000000   0.00000000
  0.00000000   0.00000000     0.00898624  -0.00000000     0.01963105  -0.00000000
 -0.00000000   0.00000000     0.01963105  -0.00000000     0.04173375  -0.00000000
    4    6
  0.01311903   0.00000000    -0.00000000  -0.00000000    -0.00000000  -0.00000000
 -0.00000000  -0.00000000     0.03403901   0.00000000     0.03012401   0.00000000
 -0.00000000  -0.00000000     0.05278624   0.00000000     0.03403901   0.00000000
    4    7
 -0.01235821  -0.00000000    -0.00000000  -0.00000000     0.00000000   0.00000000
 -0.00000000   0.00000000    -0.00753500  -0.00000000     0.02923697   0.00000000
  0.00000000  -0.00000000     0.06781148   0.00000000    -0.00753500  -0.00000000
    5    1
  0.01308278  -0.00000000     0.00000000   0.00000000    -0.00000000   0.00000000
 -0.00000000   0.00000000     0.02880116  -0.00000000     0.00710075  -0.00000000
  0.00000000  -0.00000000    -0.01862087   0.00000000    -0.02569797   0.00000000
    5    2
 -0.00353262   0.00000000     0.02666397  -0.00000000     0.01094023  -0.00000000
  0.00785957  -0.00000000    -0.01888586   0.00000000    -0.01331641   0.00000000
  0.00504156  -0.00000000    -0.00487468   0.00000000    -0.00186468   0.00000000
    5    3
 -0.00353262  -0.00000000    -0.02666397  -0.00000000    -0.01094023  -0.00000000
 -0.00785957  -0.00000000    -0.01888586  -0.00000000    -0.01331641  -0.00000000
 -0.00504156  -0.00000000    -0.00487468  -0.00000000    -0.00186468  -0.00000000
    5    4
 -0.02389459  -0.00000000     0.00000000  -0.00000000    -0.00000000  -0.00000000
 -0.00000000  -0.00000000     0.00898624   0.00000000     0.01963105   0.00000000
 -0.00000000  -0.00000000     0.01963105   0.00000000     0.04173375   0.00000000
    5    5
  0.03169499   0.00000000     0.00000000   0.00000000    -0.00000000   0.00000000
  0.00000000   0.00000000     0.05871704   0.00000000     0.01129190   0.00000000
 -0.00000000   0.00000000     0.01129190   0.00000000     0.08283224   0.00000000
    5    6
 -0.01235821  -0.00000000    -0.00000000  -0.00000000     0.00000000   0.00000000
 -0.00000000   0.00000000    -0.00753500  -0.00000000     0.02923697   0.00000000
  0.00000000  -0.00000000     0.06781148   0.00000000    -0.00753500  -0.00000000
    5    7
  0.01311903   0.00000000    -0.00000000  -0.00000000    -0.00000000  -0.00000000
 -0.00000000  -0.00000000     0.03403901   0.00000000     0.03012401   0.00000000
 -0.00000000  -0.00000000     0.05278624   0.00000000     0.03403901   0.00000000
    6    1
  0.01308278  -0.00000000     0.00000000  -0.00000000    -0.00000000   0.00000000
  0.00000000  -0.00000000    -0.02569797   0.00000000    -0.01862087   0.00000000
 -0.00000000   0.00000000     0.00710075  -0.00000000     0.02880116  -0.00000000
    6    2
 -0.00353262   0.00000000    -0.01094023   0.00000000    -0.02666397   0.00000000
 -0.00504156   0.00000000    -0.00186468   0.00000000    -0.00487468   0.00000000
 -0.00785957   0.00000000    -0.01331641   0.00000000    -0.01888586   0.00000000
    6    3
 -0.00353262  -0.00000000     0.01094023   0.00000000     0.02666397   0.00000000
  0.00504156   0.00000000    -0.00186468  -0.00000000    -0.00487468  -0.00000000
  0.00785957   0.00000000    -0.01331641  -0.00000000    -0.01888586  -0.00000000
    6    4
  0.01311903  -0.00000000    -0.00000000   0.00000000    -0.00000000   0.00000000
 -0.00000000   0.00000000     0.03403901  -0.00000000     0.05278624  -0.00000000
 -0.00000000   0.00000000     0.03012401  -0.00000000     0.03403901  -0.00000000
    6    5
 -0.01235821   0.00000000    -0.00000000  -0.00000000     0.00000000   0.00000000
 -0.00000000   0.00000000    -0.00753500   0.00000000     0.06781148  -0.00000000
  0.00000000  -0.00000000     0.02923697  -0.00000000    -0.00753500   0.00000000
    6    6
  0.03169499   0.00000000    -0.00000000   0.00000000    -0.00000000   0.00000000
 -0.00000000   0.00000000     0.08283224   0.00000000     0.01129190   0.00000000
 -0.00000000   0.00000000     0.01129190   0.00000000     0.05871704   0.00000000
    6    7
 -0.02389459   0.00000000    -0.00000000  -0.00000000    -0.00000000  -0.00000000
 -0.00000000  -0.00000000     0.04173375  -0.00000000     0.01963105  -0.00000000
  0.00000000  -0.00000000     0.01963105  -0.00000000     0.00898624  -0.00000000
    7    1
 -0.01308278   0.00000000     0.00000000  -0.00000000     0.00000000  -0.00000000
 -0.00000000   0.00000000     0.02569797  -0.00000000     0.01862087  -0.00000000
  0.00000000  -0.00000000    -0.00710075   0.00000000    -0.02880116   0.00000000
    7    2
 -0.00353262   0.00000000     0.01094023  -0.00000000     0.02666397  -0.00000000
  0.00504156  -0.00000000    -0.00186468   0.00000000    -0.00487468   0.00000000
  0.00785957  -0.00000000    -0.01331641   0.00000000    -0.01888586   0.00000000
    7    3
 -0.00353262  -0.00000000    -0.01094023  -0.00000000    -0.02666397  -0.00000000
 -0.00504156  -0.00000000    -0.00186468  -0.00000000    -0.00487468  -0.00000000
 -0.00785957  -0.00000000    -0.01331641  -0.00000000    -0.01888586  -0.00000000
    7    4
 -0.01235821   0.00000000     0.00000000  -0.00000000     0.00000000   0.00000000
 -0.00000000   0.00000000    -0.00753500   0.00000000     0.06781148  -0.00000000
  0.00000000  -0.00000000     0.02923697  -0.00000000    -0.00753500   0.00000000
    7    5
  0.01311903  -0.00000000    -0.00000000   0.00000000    -0.00000000   0.00000000
 -0.00000000   0.00000000     0.03403901  -0.00000000     0.05278624  -0.00000000
 -0.00000000   0.00000000     0.03012401  -0.00000000     0.03403901  -0.00000000
    7    6
 -0.02389459  -0.00000000    -0.00000000   0.00000000     0.00000000   0.00000000
 -0.00000000   0.00000000     0.04173375   0.00000000     0.01963105   0.00000000
 -0.00000000   0.00000000     0.01963105   0.00000000     0.00898624   0.00000000
    7    7
  0.03169499   0.00000000     0.00000000   0.00000000    -0.00000000   0.00000000
 -0.00000000   0.00000000     0.08283224   0.00000000     0.01129190   0.00000000
 -0.00000000   0.00000000     0.01129190   0.00000000     0.05871704   0.00000000

     Dynamical  Matrix in cartesian axes

     q = (    0.433012700   0.000000000  -0.433012700 ) 

    1    1
  0.13407078   0.00000000     0.00000000   0.00000000    -0.07600969   0.00000000
  0.00000000   0.00000000     0.04277648   0.00000000     0.00000000   0.00000000
 -0.07600969   0.00000000     0.00000000   0.00000000     0.13407078   0.00000000
    1    2
 -0.02880116   0.00000000     0.00000000   0.00000000    -0.01862087   0.00000000
  0.00000000   0.00000000    -0.01308278   0.00000000    -0.00000000   0.00000000
  0.00710075  -0.00000000    -0.00000000  -0.00000000     0.02569797  -0.00000000
    1    3
 -0.02880116  -0.00000000     0.00000000   0.00000000    -0.01862087  -0.00000000
  0.00000000  -0.00000000    -0.01308278  -0.00000000    -0.00000000  -0.00000000
  0.00710075   0.00000000    -0.00000000   0.00000000     0.02569797   0.00000000
    1    4
  0.00000000  -0.00000000    -0.00657139  -0.00000000    -0.00000000   0.00000000
 -0.01859620  -0.00000000     0.00000000  -0.00000000    -0.01859620  -0.00000000
 -0.00000000   0.00000000    -0.00657139  -0.00000000    -0.00000000  -0.00000000
    1    5
  0.00000000   0.00000000    -0.00657139   0.00000000     0.00000000  -0.00000000
 -0.01859620   0.00000000     0.00000000   0.00000000    -0.01859620   0.00000000
 -0.00000000  -0.00000000    -0.00657139   0.00000000    -0.00000000   0.00000000
    1    6
  0.02569797  -0.00000000    -0.00000000  -0.00000000     0.00710075  -0.00000000
 -0.00000000   0.00000000    -0.01308278   0.00000000     0.00000000   0.00000000
 -0.01862087   0.00000000     0.00000000   0.00000000    -0.02880116   0.00000000
    1    7
  0.02569797   0.00000000    -0.00000000   0.00000000     0.00710075   0.00000000
 -0.00000000  -0.00000000    -0.01308278  -0.00000000     0.00000000  -0.00000000
