  4.000000000000000E-002   1.25994432394592        2.39890022168420     
          24

     Dynamical  Matrix in cartesian axes

     q = (    0.433012700   0.324759500   0.324759500 ) 

    1    1
  0.07038884   0.00000000    -0.01061601   0.00000000    -0.01061601   0.00000000
 -0.01061601   0.00000000     0.06987884   0.00000000     0.01285542   0.00000000
 -0.01061601   0.00000000     0.01285542   0.00000000     0.06987884   0.00000000
    1    2
  0.00005359   0.00012939     0.00189103  -0.01160419    -0.00954256  -0.00686824
 -0.01387000   0.00157398     0.00043740  -0.00913391     0.00299794   0.00534607
  0.01092055  -0.00869460     0.00166038   0.00590011    -0.00676793  -0.00614936
    1    3
  0.00005359   0.00012939    -0.00954256  -0.00686824     0.00189103  -0.01160419
  0.01092055  -0.00869460    -0.00676793  -0.00614936     0.00166038   0.00590011
 -0.01387000   0.00157398     0.00299794   0.00534607     0.00043740  -0.00913391
    1    4
 -0.00145213  -0.00263580     0.00409989  -0.00530169    -0.00451847   0.00779199
 -0.01224674  -0.01179742     0.01450749  -0.00853617     0.00637922  -0.00338665
 -0.00129396   0.00450290     0.00730286   0.00226498     0.01101872   0.00550847
    1    5
 -0.00083698  -0.00289060    -0.00664792  -0.00084981     0.00870481   0.00231473
  0.00031772  -0.01700179    -0.01629433   0.00422235    -0.00690551   0.00211607
  0.00409900   0.00226906    -0.00356232   0.00676548    -0.00389633   0.01168648
    1    6
 -0.00083698  -0.00289060     0.00870481   0.00231473    -0.00664792  -0.00084981
  0.00409900   0.00226906    -0.00389633   0.01168648    -0.00356232   0.00676548
  0.00031772  -0.01700179    -0.00690551   0.00211607    -0.01629433   0.00422235
    1    7
 -0.00145213  -0.00263580    -0.00451847   0.00779199     0.00409989  -0.00530169
 -0.00129396   0.00450290     0.01101872   0.00550847     0.00730286   0.00226498
 -0.01224674  -0.01179742     0.00637922  -0.00338665     0.01450749  -0.00853617
    2    1
  0.00005359  -0.00012939    -0.01387000  -0.00157398     0.01092055   0.00869460
  0.00189103   0.01160419     0.00043740   0.00913391     0.00166038  -0.00590011
 -0.00954256   0.00686824     0.00299794  -0.00534607    -0.00676793   0.00614936
    2    2
  0.07294491  -0.00000000     0.00319959   0.01595641     0.00319959  -0.01595641
  0.00319959  -0.01595641     0.04863325   0.00000000     0.00545960  -0.00398229
  0.00319959   0.01595641     0.00545960   0.00398229     0.04863325  -0.00000000
    2    3
  0.00297874   0.00000000     0.00435517   0.00235776     0.00435517  -0.00235776
  0.00435517   0.00235776    -0.00218858   0.01676055    -0.00729860  -0.00000000
  0.00435517  -0.00235776    -0.00729860  -0.00000000    -0.00218858  -0.01676055
    2    4
 -0.00455784   0.02371059    -0.00532061   0.03985218    -0.00204837   0.00241824
  0.00519548   0.02980965     0.01089622   0.01417216    -0.00968278  -0.00118883
 -0.01249215   0.00582228    -0.00691830   0.00512791     0.00470665   0.00238776
    2    5
 -0.01740826   0.00706418     0.01390550  -0.00964117    -0.00066283   0.00778167
  0.03480614   0.00579942    -0.01108441  -0.00757692     0.00156352  -0.00493601
  0.00069047   0.00313816     0.00328090  -0.00384637    -0.01566883  -0.00371758
    2    6
 -0.00455784  -0.02371059    -0.00204837  -0.00241824    -0.00532061  -0.03985218
 -0.01249215  -0.00582228     0.00470665  -0.00238776    -0.00691830  -0.00512791
  0.00519548  -0.02980965    -0.00968278   0.00118883     0.01089622  -0.01417216
    2    7
 -0.01740826  -0.00706418    -0.00066283  -0.00778167     0.01390550   0.00964117
  0.00069047  -0.00313816    -0.01566883   0.00371758     0.00328090   0.00384637
  0.03480614  -0.00579942     0.00156352   0.00493601    -0.01108441   0.00757692
    3    1
  0.00005359  -0.00012939     0.01092055   0.00869460    -0.01387000  -0.00157398
 -0.00954256   0.00686824    -0.00676793   0.00614936     0.00299794  -0.00534607
  0.00189103   0.01160419     0.00166038  -0.00590011     0.00043740   0.00913391
    3    2
  0.00297874  -0.00000000     0.00435517  -0.00235776     0.00435517   0.00235776
  0.00435517  -0.00235776    -0.00218858  -0.01676055    -0.00729860   0.00000000
  0.00435517   0.00235776    -0.00729860   0.00000000    -0.00218858   0.01676055
    3    3
  0.07294491   0.00000000     0.00319959  -0.01595641     0.00319959   0.01595641
  0.00319959   0.01595641     0.04863325  -0.00000000     0.00545960   0.00398229
  0.00319959  -0.01595641     0.00545960  -0.00398229     0.04863325   0.00000000
    3    4
 -0.01740826  -0.00706418     0.01390550   0.00964117    -0.00066283  -0.00778167
  0.03480614  -0.00579942    -0.01108441   0.00757692     0.00156352   0.00493601
  0.00069047  -0.00313816     0.00328090   0.00384637    -0.01566883   0.00371758
    3    5
 -0.00455784  -0.02371059    -0.00532061  -0.03985218    -0.00204837  -0.00241824
  0.00519548  -0.02980965     0.01089622  -0.01417216    -0.00968278   0.00118883
 -0.01249215  -0.00582228    -0.00691830  -0.00512791     0.00470665  -0.00238776
    3    6
 -0.01740826   0.00706418    -0.00066283   0.00778167     0.01390550  -0.00964117
  0.00069047   0.00313816    -0.01566883  -0.00371758     0.00328090  -0.00384637
  0.03480614   0.00579942     0.00156352  -0.00493601    -0.01108441  -0.00757692
    3    7
 -0.00455784   0.02371059    -0.00204837   0.00241824    -0.00532061   0.03985218
 -0.01249215   0.00582228     0.00470665   0.00238776    -0.00691830   0.00512791
  0.00519548   0.02980965    -0.00968278  -0.00118883     0.01089622   0.01417216
    4    1
 -0.00145213   0.00263580    -0.01224674   0.01179742    -0.00129396  -0.00450290
  0.00409989   0.00530169     0.01450749   0.00853617     0.00730286  -0.00226498
 -0.00451847  -0.00779199     0.00637922   0.00338665     0.01101872  -0.00550847
    4    2
 -0.00455784  -0.02371059     0.00519548  -0.02980965    -0.01249215  -0.00582228
 -0.00532061  -0.03985218     0.01089622  -0.01417216    -0.00691830  -0.00512791
 -0.00204837  -0.00241824    -0.00968278   0.00118883     0.00470665  -0.00238776
    4    3
 -0.01740826   0.00706418     0.03480614   0.00579942     0.00069047   0.00313816
  0.01390550  -0.00964117    -0.01108441  -0.00757692     0.00328090  -0.00384637
 -0.00066283   0.00778167     0.00156352  -0.00493601    -0.01566883  -0.00371758
    4    4
  0.05355864   0.00000000     0.00522099  -0.00010138    -0.00150772   0.00337693
  0.00522099   0.00010138     0.05291560  -0.00000000     0.00138077   0.00530773
 -0.00150772  -0.00337693     0.00138077  -0.00530773     0.04252702  -0.00000000
    4    5
  0.01096246  -0.01560255     0.00085582   0.00003917    -0.00708941  -0.00271279
  0.00085582   0.00003917    -0.01089675  -0.00451583     0.00547027  -0.00266436
 -0.00708941  -0.00271279     0.00547027  -0.00266436    -0.01170603   0.01080971
    4    6
 -0.00460576   0.00799040    -0.00768639  -0.00649513    -0.01192939   0.00426457
 -0.01192939   0.00426457    -0.00430237   0.00797743    -0.02960755   0.01192666
 -0.00768639  -0.00649513    -0.02023790   0.02132784    -0.00430237   0.00797743
    4    7
 -0.01047278   0.00000000    -0.00073948   0.01026459     0.00070458  -0.00666398
  0.00070458   0.00666398    -0.01425284   0.00633020     0.01658905   0.00000000
 -0.00073948  -0.01026459     0.02443009   0.00000000    -0.01425284  -0.00633020
    5    1
 -0.00083698   0.00289060     0.00031772   0.01700179     0.00409900  -0.00226906
 -0.00664792   0.00084981    -0.01629433  -0.00422235    -0.00356232  -0.00676548
  0.00870481  -0.00231473    -0.00690551  -0.00211607    -0.00389633  -0.01168648
    5    2
 -0.01740826  -0.00706418     0.03480614  -0.00579942     0.00069047  -0.00313816
  0.01390550   0.00964117    -0.01108441   0.00757692     0.00328090   0.00384637
 -0.00066283  -0.00778167     0.00156352   0.00493601    -0.01566883   0.00371758
    5    3
 -0.00455784   0.02371059     0.00519548   0.02980965    -0.01249215   0.00582228
 -0.00532061   0.03985218     0.01089622   0.01417216    -0.00691830   0.00512791
 -0.00204837   0.00241824    -0.00968278  -0.00118883     0.00470665   0.00238776
    5    4
  0.01096246   0.01560255     0.00085582  -0.00003917    -0.00708941   0.00271279
  0.00085582  -0.00003917    -0.01089675   0.00451583     0.00547027   0.00266436
 -0.00708941   0.00271279     0.00547027   0.00266436    -0.01170603  -0.01080971
    5    5
  0.05355864  -0.00000000     0.00522099   0.00010138    -0.00150772  -0.00337693
  0.00522099  -0.00010138     0.05291560   0.00000000     0.00138077  -0.00530773
 -0.00150772   0.00337693     0.00138077   0.00530773     0.04252702   0.00000000
    5    6
 -0.01047278  -0.00000000    -0.00073948  -0.01026459     0.00070458   0.00666398
  0.00070458  -0.00666398    -0.01425284  -0.00633020     0.01658905   0.00000000
 -0.00073948   0.01026459     0.02443009   0.00000000    -0.01425284   0.00633020
    5    7
 -0.00460576  -0.00799040    -0.00768639   0.00649513    -0.01192939  -0.00426457
 -0.01192939  -0.00426457    -0.00430237  -0.00797743    -0.02960755  -0.01192666
 -0.00768639   0.00649513    -0.02023790  -0.02132784    -0.00430237  -0.00797743
    6    1
 -0.00083698   0.00289060     0.00409900  -0.00226906     0.00031772   0.01700179
  0.00870481  -0.00231473    -0.00389633  -0.01168648    -0.00690551  -0.00211607
 -0.00664792   0.00084981    -0.00356232  -0.00676548    -0.01629433  -0.00422235
    6    2
 -0.00455784   0.02371059    -0.01249215   0.00582228     0.00519548   0.02980965
 -0.00204837   0.00241824     0.00470665   0.00238776    -0.00968278  -0.00118883
 -0.00532061   0.03985218    -0.00691830   0.00512791     0.01089622   0.01417216
    6    3
 -0.01740826  -0.00706418     0.00069047  -0.00313816     0.03480614  -0.00579942
 -0.00066283  -0.00778167    -0.01566883   0.00371758     0.00156352   0.00493601
  0.01390550   0.00964117     0.00328090   0.00384637    -0.01108441   0.00757692
    6    4
 -0.00460576  -0.00799040    -0.01192939  -0.00426457    -0.00768639   0.00649513
 -0.00768639   0.00649513    -0.00430237  -0.00797743    -0.02023790  -0.02132784
 -0.01192939  -0.00426457    -0.02960755  -0.01192666    -0.00430237  -0.00797743
    6    5
 -0.01047278   0.00000000     0.00070458   0.00666398    -0.00073948  -0.01026459
 -0.00073948   0.01026459    -0.01425284   0.00633020     0.02443009  -0.00000000
  0.00070458  -0.00666398     0.01658905  -0.00000000    -0.01425284  -0.00633020
    6    6
  0.05355864  -0.00000000    -0.00150772  -0.00337693     0.00522099   0.00010138
 -0.00150772   0.00337693     0.04252702   0.00000000     0.00138077   0.00530773
  0.00522099  -0.00010138     0.00138077  -0.00530773     0.05291560  -0.00000000
    6    7
  0.01096246   0.01560255    -0.00708941   0.00271279     0.00085582  -0.00003917
 -0.00708941   0.00271279    -0.01170603  -0.01080971     0.00547027   0.00266436
  0.00085582  -0.00003917     0.00547027   0.00266436    -0.01089675   0.00451583
    7    1
 -0.00145213   0.00263580    -0.00129396  -0.00450290    -0.01224674   0.01179742
 -0.00451847  -0.00779199     0.01101872  -0.00550847     0.00637922   0.00338665
  0.00409989   0.00530169     0.00730286  -0.00226498     0.01450749   0.00853617
    7    2
 -0.01740826   0.00706418     0.00069047   0.00313816     0.03480614   0.00579942
 -0.00066283   0.00778167    -0.01566883  -0.00371758     0.00156352  -0.00493601
  0.01390550  -0.00964117     0.00328090  -0.00384637    -0.01108441  -0.00757692
    7    3
 -0.00455784  -0.02371059    -0.01249215  -0.00582228     0.00519548  -0.02980965
 -0.00204837  -0.00241824     0.00470665  -0.00238776    -0.00968278   0.00118883
 -0.00532061  -0.03985218    -0.00691830  -0.00512791     0.01089622  -0.01417216
    7    4
 -0.01047278  -0.00000000     0.00070458  -0.00666398    -0.00073948   0.01026459
 -0.00073948  -0.01026459    -0.01425284  -0.00633020     0.02443009  -0.00000000
  0.00070458   0.00666398     0.01658905  -0.00000000    -0.01425284   0.00633020
    7    5
 -0.00460576   0.00799040    -0.01192939   0.00426457    -0.00768639  -0.00649513
 -0.00768639  -0.00649513    -0.00430237   0.00797743    -0.02023790   0.02132784
 -0.01192939   0.00426457    -0.02960755   0.01192666    -0.00430237   0.00797743
    7    6
  0.01096246  -0.01560255    -0.00708941  -0.00271279     0.00085582   0.00003917
 -0.00708941  -0.00271279    -0.01170603   0.01080971     0.00547027  -0.00266436
  0.00085582   0.00003917     0.00547027  -0.00266436    -0.01089675  -0.00451583
    7    7
  0.05355864   0.00000000    -0.00150772   0.00337693     0.00522099  -0.00010138
 -0.00150772  -0.00337693     0.04252702  -0.00000000     0.00138077  -0.00530773
  0.00522099   0.00010138     0.00138077   0.00530773     0.05291560   0.00000000

     Dynamical  Matrix in cartesian axes

     q = (   -0.433012700   0.324759500  -0.324759500 ) 

    1    1
  0.07038884   0.00000000     0.01061601  -0.00000000    -0.01061601   0.00000000
  0.01061601  -0.00000000     0.06987884   0.00000000    -0.01285542  -0.00000000
 -0.01061601   0.00000000    -0.01285542  -0.00000000     0.06987884   0.00000000
    1    2
  0.00005359  -0.00012939    -0.00189103  -0.01160419    -0.00954256   0.00686824
  0.01387000   0.00157398     0.00043740   0.00913391    -0.00299794   0.00534607
  0.01092055   0.00869460    -0.00166038   0.00590011    -0.00676793   0.00614936
    1    3
 -0.00012939   0.00005359    -0.01160419  -0.00189103     0.00686824  -0.00954256
  0.00157398   0.01387000     0.00913391   0.00043740     0.00534607  -0.00299794
  0.00869460   0.01092055     0.00590011  -0.00166038     0.00614936  -0.00676793
    1    4
  0.00145213   0.00263580     0.00409989  -0.00530169     0.00451847  -0.00779199
 -0.01224674  -0.01179742    -0.01450749   0.00853617     0.00637922  -0.00338665
  0.00129396  -0.00450290     0.00730286   0.00226498    -0.01101872  -0.00550847
    1    5
  0.00263580   0.00145213    -0.00530169   0.00409989    -0.00779199   0.00451847
 -0.01179742  -0.01224674     0.00853617  -0.01450749    -0.00338665   0.00637922
 -0.00450290   0.00129396     0.00226498   0.00730286    -0.00550847  -0.01101872
    1    6
  0.00263580  -0.00145213     0.00779199   0.00451847     0.00530169   0.00409989
  0.00450290   0.00129396    -0.00550847   0.01101872     0.00226498  -0.00730286
  0.01179742  -0.01224674    -0.00338665  -0.00637922     0.00853617   0.01450749
    1    7
 -0.00145213   0.00263580     0.00451847   0.00779199     0.00409989   0.00530169
  0.00129396   0.00450290     0.01101872  -0.00550847    -0.00730286   0.00226498
 -0.01224674   0.01179742    -0.00637922  -0.00338665     0.01450749   0.00853617
    2    1
  0.00005359   0.00012939     0.01387000  -0.00157398     0.01092055  -0.00869460
 -0.00189103   0.01160419     0.00043740  -0.00913391    -0.00166038  -0.00590011
 -0.00954256  -0.00686824    -0.00299794  -0.00534607    -0.00676793  -0.00614936
    2    2
  0.07294491  -0.00000000    -0.00319959   0.01595641     0.00319959   0.01595641
 -0.00319959  -0.01595641     0.04863325  -0.00000000    -0.00545960  -0.00398229
  0.00319959  -0.01595641    -0.00545960   0.00398229     0.04863325  -0.00000000
    2    3
 -0.00210629  -0.00210629     0.00474676   0.00141238    -0.00141238  -0.00474676
  0.00474676   0.00141238    -0.01030395   0.01339906    -0.00516089  -0.00516089
 -0.00141238  -0.00474676    -0.00516089  -0.00516089     0.01339906  -0.01030394
    2    4
 -0.01730463   0.00731436    -0.01665001   0.00301534    -0.00597116  -0.00503378
 -0.02051085   0.02871247    -0.00248017   0.01319555    -0.00459586  -0.00238471
 -0.00173078  -0.00270725    -0.00503975  -0.00039985    -0.00845081   0.01370826
    2    5
 -0.02371060   0.00455784     0.03985218  -0.00532061    -0.00241824   0.00204837
  0.02980965   0.00519548    -0.01417216  -0.01089622    -0.00118883  -0.00968278
 -0.00582228   0.01249215     0.00512791  -0.00691830    -0.00238776  -0.00470665
    2    6
  0.01998880  -0.01354304    -0.00315837   0.00026154     0.03194199  -0.02441750
 -0.01295025  -0.00471632    -0.00163970  -0.00501651    -0.00851796  -0.00126600
  0.01740485  -0.02475237    -0.00600612  -0.00768739     0.00231644  -0.01772602
    2    7
 -0.01740826   0.00706418     0.00066283  -0.00778167     0.01390550  -0.00964117
 -0.00069047  -0.00313816    -0.01566883  -0.00371758    -0.00328090   0.00384637
  0.03480614   0.00579942    -0.00156352   0.00493601    -0.01108441  -0.00757692
    3    1
 -0.00012939  -0.00005359     0.00157398  -0.01387000     0.00869460  -0.01092055
 -0.01160419   0.00189103     0.00913391  -0.00043740     0.00590011   0.00166038
  0.00686824   0.00954256     0.00534607   0.00299794     0.00614936   0.00676793
    3    2
 -0.00210629   0.00210629     0.00474676  -0.00141238    -0.00141238   0.00474676
  0.00474676  -0.00141238    -0.01030395  -0.01339906    -0.00516089   0.00516089
 -0.00141238   0.00474676    -0.00516089   0.00516089     0.01339906   0.01030394
    3    3
  0.07294491  -0.00000000    -0.00319959  -0.01595641     0.00319959  -0.01595641
 -0.00319959   0.01595641     0.04863325   0.00000000    -0.00545960   0.00398229
  0.00319959   0.01595641    -0.00545960  -0.00398229     0.04863325  -0.00000000
    3    4
 -0.02371060  -0.00455784     0.03985218   0.00532061    -0.00241824  -0.00204837
  0.02980965  -0.00519548    -0.01417216   0.01089622    -0.00118883   0.00968278
 -0.00582228  -0.01249215     0.00512791   0.00691830    -0.00238776   0.00470665
    3    5
 -0.01730463  -0.00731436    -0.01665001  -0.00301534    -0.00597116   0.00503378
 -0.02051085  -0.02871247    -0.00248017  -0.01319555    -0.00459586   0.00238471
 -0.00173078   0.00270725    -0.00503975   0.00039985    -0.00845081  -0.01370826
    3    6
 -0.01740826  -0.00706418     0.00066283   0.00778167     0.01390550   0.00964117
 -0.00069047   0.00313816    -0.01566883   0.00371758    -0.00328090  -0.00384637
  0.03480614  -0.00579942    -0.00156352  -0.00493601    -0.01108441   0.00757692
    3    7
  0.01998880   0.01354304    -0.00315837  -0.00026154     0.03194199   0.02441750
 -0.01295025   0.00471632    -0.00163970   0.00501651    -0.00851796   0.00126600
  0.01740485   0.02475237    -0.00600612   0.00768739     0.00231644   0.01772602
    4    1
  0.00145213  -0.00263580    -0.01224674   0.01179742     0.00129396   0.00450290
  0.00409989   0.00530169    -0.01450749  -0.00853617     0.00730286  -0.00226498
  0.00451847   0.00779199     0.00637922   0.00338665    -0.01101872   0.00550847
    4    2
 -0.01730463  -0.00731436    -0.02051085  -0.02871247    -0.00173078   0.00270725
 -0.01665001  -0.00301534    -0.00248017  -0.01319555    -0.00503975   0.00039985
 -0.00597116   0.00503378    -0.00459586   0.00238471    -0.00845081  -0.01370826
    4    3
 -0.02371060   0.00455784     0.02980965   0.00519548    -0.00582228   0.01249215
  0.03985218  -0.00532061    -0.01417216  -0.01089622     0.00512791  -0.00691830
 -0.00241824   0.00204837    -0.00118883  -0.00968278    -0.00238776  -0.00470665
    4    4
  0.05355864   0.00000000    -0.00522099   0.00010138    -0.00150772   0.00337693
 -0.00522099  -0.00010138     0.05291560  -0.00000000    -0.00138077  -0.00530773
 -0.00150772  -0.00337693    -0.00138077   0.00530773     0.04252702  -0.00000000
    4    5
 -0.00328104  -0.01878430    -0.00063285   0.00057746    -0.00693120   0.00309474
 -0.00063285   0.00057746    -0.01089834   0.00451199    -0.00198408   0.00575205
 -0.00693120   0.00309474    -0.00198408   0.00575205    -0.00063379   0.01592104
    4    6
 -0.00000000   0.01047278    -0.01026459  -0.00073948    -0.00666398  -0.00070458
 -0.00666398   0.00070458     0.00633020   0.01425284    -0.00000000   0.01658905
 -0.01026459   0.00073948    -0.00000000   0.02443009    -0.00633020   0.01425284
    4    7
 -0.00890683   0.00239330     0.00084235   0.01002785    -0.01145086  -0.00541984
  0.01145086   0.00541984    -0.00868313   0.00259866     0.02936912   0.01250227
 -0.00084235  -0.01002785     0.02939141  -0.00077071    -0.00868313   0.00259866
    5    1
  0.00263580  -0.00145213    -0.01179742   0.01224674    -0.00450290  -0.00129396
 -0.00530169  -0.00409989     0.00853617   0.01450749     0.00226498  -0.00730286
 -0.00779199  -0.00451847    -0.00338665  -0.00637922    -0.00550847   0.01101872
    5    2
 -0.02371060  -0.00455784     0.02980965  -0.00519548    -0.00582228  -0.01249215
  0.03985218   0.00532061    -0.01417216   0.01089622     0.00512791   0.00691830
 -0.00241824  -0.00204837    -0.00118883   0.00968278    -0.00238776   0.00470665
    5    3
 -0.01730463   0.00731436    -0.02051085   0.02871247    -0.00173078  -0.00270725
 -0.01665001   0.00301534    -0.00248017   0.01319555    -0.00503975  -0.00039985
 -0.00597116  -0.00503378    -0.00459586  -0.00238471    -0.00845081   0.01370826
    5    4
 -0.00328104   0.01878430    -0.00063285  -0.00057746    -0.00693120  -0.00309474
 -0.00063285  -0.00057746    -0.01089834  -0.00451199    -0.00198408  -0.00575205
 -0.00693120  -0.00309474    -0.00198408  -0.00575205    -0.00063379  -0.01592104
    5    5
  0.05355864  -0.00000000    -0.00522099  -0.00010138    -0.00150772  -0.00337693
 -0.00522099   0.00010138     0.05291560   0.00000000    -0.00138077   0.00530773
 -0.00150772   0.00337693    -0.00138077  -0.00530773     0.04252702   0.00000000
    5    6
 -0.00890683  -0.00239330     0.00084235  -0.01002785    -0.01145086   0.00541984
  0.01145086  -0.00541984    -0.00868313  -0.00259866     0.02936912  -0.01250227
 -0.00084235   0.01002785     0.02939141   0.00077071    -0.00868313  -0.00259866
    5    7
 -0.00000000  -0.01047278    -0.01026459   0.00073948    -0.00666398   0.00070458
 -0.00666398  -0.00070458     0.00633020  -0.01425284    -0.00000000  -0.01658905
 -0.01026459  -0.00073948    -0.00000000  -0.02443009    -0.00633020  -0.01425284
    6    1
  0.00263580   0.00145213     0.00450290  -0.00129396     0.01179742   0.01224674
  0.00779199  -0.00451847    -0.00550847  -0.01101872    -0.00338665   0.00637922
  0.00530169  -0.00409989     0.00226498   0.00730286     0.00853617  -0.01450749
    6    2
  0.01998880   0.01354304    -0.01295025   0.00471632     0.01740485   0.02475237
 -0.00315837  -0.00026154    -0.00163970   0.00501651    -0.00600612   0.00768739
  0.03194199   0.02441750    -0.00851796   0.00126600     0.00231644   0.01772602
    6    3
 -0.01740826   0.00706418    -0.00069047  -0.00313816     0.03480614   0.00579942
  0.00066283  -0.00778167    -0.01566883  -0.00371758    -0.00156352   0.00493601
  0.01390550  -0.00964117    -0.00328090   0.00384637    -0.01108441  -0.00757692
    6    4
 -0.00000000  -0.01047278    -0.00666398  -0.00070458    -0.01026459  -0.00073948
 -0.01026459   0.00073948     0.00633020  -0.01425284    -0.00000000  -0.02443009
 -0.00666398   0.00070458    -0.00000000  -0.01658905    -0.00633020  -0.01425284
    6    5
 -0.00890683   0.00239330     0.01145086   0.00541984    -0.00084235  -0.01002785
  0.00084235   0.01002785    -0.00868313   0.00259866     0.02939141  -0.00077071
 -0.01145086  -0.00541984     0.02936912   0.01250227    -0.00868313   0.00259866
    6    6
  0.05355864   0.00000000     0.00150772  -0.00337693     0.00522099  -0.00010138
  0.00150772   0.00337693     0.04252702  -0.00000000    -0.00138077   0.00530773
  0.00522099   0.00010138    -0.00138077  -0.00530773     0.05291560   0.00000000
    6    7
  0.00328104   0.01878430    -0.00693120   0.00309474    -0.00063285   0.00057746
 -0.00693120   0.00309474     0.00063379  -0.01592104     0.00198408  -0.00575205
 -0.00063285   0.00057746     0.00198408  -0.00575205     0.01089834  -0.00451199
    7    1
 -0.00145213  -0.00263580     0.00129396  -0.00450290    -0.01224674  -0.01179742
  0.00451847  -0.00779199     0.01101872   0.00550847    -0.00637922   0.00338665
  0.00409989  -0.00530169    -0.00730286  -0.00226498     0.01450749  -0.00853617
    7    2
 -0.01740826  -0.00706418    -0.00069047   0.00313816     0.03480614  -0.00579942
  0.00066283   0.00778167    -0.01566883   0.00371758    -0.00156352  -0.00493601
  0.01390550   0.00964117    -0.00328090  -0.00384637    -0.01108441   0.00757692
    7    3
  0.01998880  -0.01354304    -0.01295025  -0.00471632     0.01740485  -0.02475237
 -0.00315837   0.00026154    -0.00163970  -0.00501651    -0.00600612  -0.00768739
  0.03194199  -0.02441750    -0.00851796  -0.00126600     0.00231644  -0.01772602
    7    4
 -0.00890683  -0.00239330     0.01145086  -0.00541984    -0.00084235   0.01002785
  0.00084235  -0.01002785    -0.00868313  -0.00259866     0.02939141   0.00077071
 -0.01145086   0.00541984     0.02936912  -0.01250227    -0.00868313  -0.00259866
    7    5
 -0.00000000   0.01047278    -0.00666398   0.00070458    -0.01026459   0.00073948
 -0.01026459  -0.00073948     0.00633020   0.01425284    -0.00000000   0.02443009
 -0.00666398  -0.00070458    -0.00000000   0.01658905    -0.00633020   0.01425284
    7    6
  0.00328104  -0.01878430    -0.00693120  -0.00309474    -0.00063285  -0.00057746
 -0.00693120  -0.00309474     0.00063379   0.01592104     0.00198408   0.00575205
 -0.00063285  -0.00057746     0.00198408   0.00575205     0.01089834   0.00451199
    7    7
  0.05355864  -0.00000000     0.00150772   0.00337693     0.00522099   0.00010138
  0.00150772  -0.00337693     0.04252702   0.00000000    -0.00138077  -0.00530773
  0.00522099  -0.00010138    -0.00138077   0.00530773     0.05291560   0.00000000

     Dynamical  Matrix in cartesian axes

     q = (    0.433012700  -0.324759500  -0.324759500 ) 

    1    1
  0.07038884   0.00000000     0.01061601  -0.00000000     0.01061601  -0.00000000
  0.01061601  -0.00000000     0.06987884   0.00000000     0.01285542   0.00000000
  0.01061601  -0.00000000     0.01285542   0.00000000     0.06987884   0.00000000
    1    2
 -0.00012939  -0.00005359    -0.00686824  -0.00954256    -0.01160419   0.00189103
 -0.00869460   0.01092055     0.00614936   0.00676793    -0.00590011  -0.00166038
  0.00157398  -0.01387000    -0.00534607  -0.00299794     0.00913391  -0.00043740
    1    3
 -0.00012939  -0.00005359    -0.01160419   0.00189103    -0.00686824  -0.00954256
  0.00157398  -0.01387000     0.00913391  -0.00043740    -0.00534607  -0.00299794
 -0.00869460   0.01092055    -0.00590011  -0.00166038     0.00614936   0.00676793
    1    4
  0.00145213  -0.00263580     0.00409989   0.00530169    -0.00451847  -0.00779199
 -0.01224674   0.01179742    -0.01450749  -0.00853617    -0.00637922  -0.00338665
 -0.00129396  -0.00450290    -0.00730286   0.00226498    -0.01101872   0.00550847
    1    5
 -0.00083698   0.00289060     0.00664792  -0.00084981    -0.00870481   0.00231473
 -0.00031772  -0.01700179    -0.01629433  -0.00422235    -0.00690551  -0.00211607
 -0.00409900   0.00226906    -0.00356232  -0.00676548    -0.00389633  -0.01168648
    1    6
 -0.00083698   0.00289060    -0.00870481   0.00231473     0.00664792  -0.00084981
 -0.00409900   0.00226906    -0.00389633  -0.01168648    -0.00356232  -0.00676548
 -0.00031772  -0.01700179    -0.00690551  -0.00211607    -0.01629433  -0.00422235
    1    7
  0.00145213  -0.00263580    -0.00451847  -0.00779199     0.00409989   0.00530169
 -0.00129396  -0.00450290    -0.01101872   0.00550847    -0.00730286   0.00226498
 -0.01224674   0.01179742    -0.00637922  -0.00338665    -0.01450749  -0.00853617
    2    1
 -0.00012939   0.00005359    -0.00869460  -0.01092055     0.00157398   0.01387000
 -0.00686824   0.00954256     0.00614936  -0.00676793    -0.00534607   0.00299794
 -0.01160419  -0.00189103    -0.00590011   0.00166038     0.00913391   0.00043740
    2    2
  0.07294491  -0.00000000    -0.00319959  -0.01595641    -0.00319959   0.01595641
 -0.00319959   0.01595641     0.04863325   0.00000000     0.00545960  -0.00398229
 -0.00319959  -0.01595641     0.00545960   0.00398229     0.04863325  -0.00000000
    2    3
  0.00297874   0.00000000    -0.00435517  -0.00235776    -0.00435517   0.00235776
 -0.00435517  -0.00235776    -0.00218858   0.01676055    -0.00729860  -0.00000000
 -0.00435517   0.00235776    -0.00729860  -0.00000000    -0.00218858  -0.01676055
    2    4
  0.00706418   0.01740826     0.00964117   0.01390550    -0.00778167  -0.00066283
 -0.00579942   0.03480614    -0.00757692   0.01108441    -0.00493601  -0.00156352
 -0.00313816   0.00069047    -0.00384637  -0.00328090    -0.00371758   0.01566883
    2    5
 -0.02371060  -0.00455784     0.03985218   0.00532061     0.00241824   0.00204837
  0.02980965  -0.00519548    -0.01417216   0.01089622     0.00118883  -0.00968278
  0.00582228   0.01249215    -0.00512791  -0.00691830    -0.00238776   0.00470665
    2    6
  0.00706418  -0.01740826    -0.00778167   0.00066283     0.00964117  -0.01390550
 -0.00313816  -0.00069047    -0.00371758  -0.01566883    -0.00384637   0.00328090
 -0.00579942  -0.03480614    -0.00493601   0.00156352    -0.00757692  -0.01108441
    2    7
 -0.02371060   0.00455784     0.00241824  -0.00204837     0.03985218  -0.00532061
  0.00582228  -0.01249215    -0.00238776  -0.00470665    -0.00512791   0.00691830
  0.02980965   0.00519548     0.00118883   0.00968278    -0.01417216  -0.01089622
    3    1
 -0.00012939   0.00005359     0.00157398   0.01387000    -0.00869460  -0.01092055
 -0.01160419  -0.00189103     0.00913391   0.00043740    -0.00590011   0.00166038
 -0.00686824   0.00954256    -0.00534607   0.00299794     0.00614936  -0.00676793
    3    2
  0.00297874  -0.00000000    -0.00435517   0.00235776    -0.00435517  -0.00235776
 -0.00435517   0.00235776    -0.00218858  -0.01676055    -0.00729860   0.00000000
 -0.00435517  -0.00235776    -0.00729860   0.00000000    -0.00218858   0.01676055
    3    3
  0.07294491   0.00000000    -0.00319959   0.01595641    -0.00319959  -0.01595641
 -0.00319959  -0.01595641     0.04863325  -0.00000000     0.00545960   0.00398229
 -0.00319959   0.01595641     0.00545960  -0.00398229     0.04863325   0.00000000
    3    4
 -0.02371060   0.00455784     0.03985218  -0.00532061     0.00241824  -0.00204837
  0.02980965   0.00519548    -0.01417216  -0.01089622     0.00118883   0.00968278
  0.00582228  -0.01249215    -0.00512791   0.00691830    -0.00238776  -0.00470665
    3    5
  0.00706418  -0.01740826     0.00964117  -0.01390550    -0.00778167   0.00066283
 -0.00579942  -0.03480614    -0.00757692  -0.01108441    -0.00493601   0.00156352
 -0.00313816  -0.00069047    -0.00384637   0.00328090    -0.00371758  -0.01566883
    3    6
 -0.02371060  -0.00455784     0.00241824   0.00204837     0.03985218   0.00532061
  0.00582228   0.01249215    -0.00238776   0.00470665    -0.00512791  -0.00691830
  0.02980965  -0.00519548     0.00118883  -0.00968278    -0.01417216   0.01089622
    3    7
  0.00706418   0.01740826    -0.00778167  -0.00066283     0.00964117   0.01390550
 -0.00313816   0.00069047    -0.00371758   0.01566883    -0.00384637  -0.00328090
 -0.00579942   0.03480614    -0.00493601  -0.00156352    -0.00757692   0.01108441
    4    1
  0.00145213   0.00263580    -0.01224674  -0.01179742    -0.00129396   0.00450290
  0.00409989  -0.00530169    -0.01450749   0.00853617    -0.00730286  -0.00226498
 -0.00451847   0.00779199    -0.00637922   0.00338665    -0.01101872  -0.00550847
    4    2
  0.00706418  -0.01740826    -0.00579942  -0.03480614    -0.00313816  -0.00069047
  0.00964117  -0.01390550    -0.00757692  -0.01108441    -0.00384637   0.00328090
 -0.00778167   0.00066283    -0.00493601   0.00156352    -0.00371758  -0.01566883
    4    3
 -0.02371060  -0.00455784     0.02980965  -0.00519548     0.00582228   0.01249215
  0.03985218   0.00532061    -0.01417216   0.01089622    -0.00512791  -0.00691830
  0.00241824   0.00204837     0.00118883  -0.00968278    -0.00238776   0.00470665
    4    4
  0.05355864  -0.00000000    -0.00522099  -0.00010138     0.00150772   0.00337693
 -0.00522099   0.00010138     0.05291560  -0.00000000     0.00138077  -0.00530773
  0.00150772  -0.00337693     0.00138077   0.00530773     0.04252702   0.00000000
    4    5
 -0.01096246  -0.01560255     0.00085582  -0.00003917    -0.00708941   0.00271279
  0.00085582  -0.00003917     0.01089675  -0.00451583    -0.00547027  -0.00266436
 -0.00708941   0.00271279    -0.00547027  -0.00266436     0.01170603   0.01080971
    4    6
  0.00460576   0.00799040    -0.00768639   0.00649513    -0.01192939  -0.00426457
 -0.01192939  -0.00426457     0.00430237   0.00797743     0.02960755   0.01192666
 -0.00768639   0.00649513     0.02023790   0.02132784     0.00430237   0.00797743
    4    7
 -0.01047278   0.00000000     0.00073948   0.01026459    -0.00070458  -0.00666398
 -0.00070458   0.00666398    -0.01425284  -0.00633020     0.01658905  -0.00000000
  0.00073948  -0.01026459     0.02443009  -0.00000000    -0.01425284   0.00633020
    5    1
 -0.00083698  -0.00289060    -0.00031772   0.01700179    -0.00409900  -0.00226906
  0.00664792   0.00084981    -0.01629433   0.00422235    -0.00356232   0.00676548
 -0.00870481  -0.00231473    -0.00690551   0.00211607    -0.00389633   0.01168648
    5    2
 -0.02371060   0.00455784     0.02980965   0.00519548     0.00582228  -0.01249215
  0.03985218  -0.00532061    -0.01417216  -0.01089622    -0.00512791   0.00691830
  0.00241824  -0.00204837     0.00118883   0.00968278    -0.00238776  -0.00470665
    5    3
  0.00706418   0.01740826    -0.00579942   0.03480614    -0.00313816   0.00069047
  0.00964117   0.01390550    -0.00757692   0.01108441    -0.00384637  -0.00328090
 -0.00778167  -0.00066283    -0.00493601  -0.00156352    -0.00371758   0.01566883
    5    4
 -0.01096246   0.01560255     0.00085582   0.00003917    -0.00708941  -0.00271279
  0.00085582   0.00003917     0.01089675   0.00451583    -0.00547027   0.00266436
 -0.00708941  -0.00271279    -0.00547027   0.00266436     0.01170603  -0.01080971
    5    5
  0.05355864   0.00000000    -0.00522099   0.00010138     0.00150772  -0.00337693
 -0.00522099  -0.00010138     0.05291560   0.00000000     0.00138077   0.00530773
  0.00150772   0.00337693     0.00138077  -0.00530773     0.04252702  -0.00000000
    5    6
 -0.01047278   0.00000000     0.00073948  -0.01026459    -0.00070458   0.00666398
 -0.00070458  -0.00666398    -0.01425284   0.00633020     0.01658905  -0.00000000
  0.00073948   0.01026459     0.02443009  -0.00000000    -0.01425284  -0.00633020
    5    7
  0.00460576  -0.00799040    -0.00768639  -0.00649513    -0.01192939   0.00426457
 -0.01192939   0.00426457     0.00430237  -0.00797743     0.02960755  -0.01192666
 -0.00768639  -0.00649513     0.02023790  -0.02132784     0.00430237  -0.00797743
    6    1
 -0.00083698  -0.00289060    -0.00409900  -0.00226906    -0.00031772   0.01700179
 -0.00870481  -0.00231473    -0.00389633   0.01168648    -0.00690551   0.00211607
  0.00664792   0.00084981    -0.00356232   0.00676548    -0.01629433   0.00422235
    6    2
  0.00706418   0.01740826    -0.00313816   0.00069047    -0.00579942   0.03480614
 -0.00778167  -0.00066283    -0.00371758   0.01566883    -0.00493601  -0.00156352
  0.00964117   0.01390550    -0.00384637  -0.00328090    -0.00757692   0.01108441
    6    3
 -0.02371060   0.00455784     0.00582228  -0.01249215     0.02980965   0.00519548
  0.00241824  -0.00204837    -0.00238776  -0.00470665     0.00118883   0.00968278
  0.03985218  -0.00532061    -0.00512791   0.00691830    -0.01417216  -0.01089622
    6    4
  0.00460576  -0.00799040    -0.01192939   0.00426457    -0.00768639  -0.00649513
 -0.00768639  -0.00649513     0.00430237  -0.00797743     0.02023790  -0.02132784
 -0.01192939   0.00426457     0.02960755  -0.01192666     0.00430237  -0.00797743
    6    5
 -0.01047278  -0.00000000    -0.00070458   0.00666398     0.00073948  -0.01026459
  0.00073948   0.01026459    -0.01425284  -0.00633020     0.02443009   0.00000000
 -0.00070458  -0.00666398     0.01658905   0.00000000    -0.01425284   0.00633020
    6    6
  0.05355864   0.00000000     0.00150772  -0.00337693    -0.00522099   0.00010138
  0.00150772   0.00337693     0.04252702  -0.00000000     0.00138077  -0.00530773
 -0.00522099  -0.00010138     0.00138077   0.00530773     0.05291560   0.00000000
    6    7
 -0.01096246   0.01560255    -0.00708941  -0.00271279     0.00085582   0.00003917
 -0.00708941  -0.00271279     0.01170603  -0.01080971    -0.00547027   0.00266436
  0.00085582   0.00003917    -0.00547027   0.00266436     0.01089675   0.00451583
    7    1
  0.00145213   0.00263580    -0.00129396   0.00450290    -0.01224674  -0.01179742
 -0.00451847   0.00779199    -0.01101872  -0.00550847    -0.00637922   0.00338665
  0.00409989  -0.00530169    -0.00730286  -0.00226498    -0.01450749   0.00853617
    7    2
 -0.02371060  -0.00455784     0.00582228   0.01249215     0.02980965  -0.00519548
  0.00241824   0.00204837    -0.00238776   0.00470665     0.00118883  -0.00968278
  0.03985218   0.00532061    -0.00512791  -0.00691830    -0.01417216   0.01089622
    7    3
  0.00706418  -0.01740826    -0.00313816  -0.00069047    -0.00579942  -0.03480614
 -0.00778167   0.00066283    -0.00371758  -0.01566883    -0.00493601   0.00156352
  0.00964117  -0.01390550    -0.00384637   0.00328090    -0.00757692  -0.01108441
    7    4
 -0.01047278  -0.00000000    -0.00070458  -0.00666398     0.00073948   0.01026459
  0.00073948  -0.01026459    -0.01425284   0.00633020     0.02443009   0.00000000
 -0.00070458   0.00666398     0.01658905   0.00000000    -0.01425284  -0.00633020
    7    5
  0.00460576   0.00799040    -0.01192939  -0.00426457    -0.00768639   0.00649513
 -0.00768639   0.00649513     0.00430237   0.00797743     0.02023790   0.02132784
 -0.01192939  -0.00426457     0.02960755   0.01192666     0.00430237   0.00797743
    7    6
 -0.01096246  -0.01560255    -0.00708941   0.00271279     0.00085582  -0.00003917
 -0.00708941   0.00271279     0.01170603   0.01080971    -0.00547027  -0.00266436
  0.00085582  -0.00003917    -0.00547027  -0.00266436     0.01089675  -0.00451583
    7    7
  0.05355864  -0.00000000     0.00150772   0.00337693    -0.00522099  -0.00010138
  0.00150772  -0.00337693     0.04252702   0.00000000     0.00138077   0.00530773
 -0.00522099   0.00010138     0.00138077  -0.00530773     0.05291560   0.00000000

     Dynamical  Matrix in cartesian axes

     q = (    0.324759500   0.433012700  -0.324759500 ) 

    1    1
  0.06987884   0.00000000    -0.01061601   0.00000000    -0.01285542   0.00000000
 -0.01061601   0.00000000     0.07038884   0.00000000     0.01061601   0.00000000
 -0.01285542   0.00000000     0.01061601   0.00000000     0.06987884   0.00000000
    1    2
  0.00853617  -0.01450749     0.01179742   0.01224674    -0.00338665   0.00637922
  0.00530169  -0.00409989     0.00263580   0.00145213     0.00779199  -0.00451847
  0.00226498   0.00730286     0.00450290  -0.00129396    -0.00550847  -0.01101872
    1    3
  0.01450749  -0.00853617    -0.01224674  -0.01179742    -0.00637922   0.00338665
  0.00409989  -0.00530169    -0.00145213  -0.00263580     0.00451847  -0.00779199
 -0.00730286  -0.00226498     0.00129396  -0.00450290     0.01101872   0.00550847
    1    4
 -0.00676793  -0.00614936     0.01092055  -0.00869460    -0.00166038  -0.00590011
 -0.00954256  -0.00686824     0.00005359   0.00012939    -0.00189103   0.01160419
 -0.00299794  -0.00534607     0.01387000  -0.00157398     0.00043740  -0.00913391
    1    5
  0.00614936   0.00676793     0.00869460  -0.01092055     0.00590011   0.00166038
  0.00686824   0.00954256    -0.00012939  -0.00005359    -0.01160419   0.00189103
  0.00534607   0.00299794     0.00157398  -0.01387000     0.00913391  -0.00043740
    1    6
 -0.01101872   0.00550847     0.00129396   0.00450290     0.00730286  -0.00226498
  0.00451847   0.00779199     0.00145213  -0.00263580     0.00409989   0.00530169
  0.00637922   0.00338665    -0.01224674   0.01179742    -0.01450749  -0.00853617
    1    7
 -0.00550847   0.01101872    -0.00450290  -0.00129396     0.00226498  -0.00730286
 -0.00779199  -0.00451847     0.00263580  -0.00145213    -0.00530169  -0.00409989
