  5.000000000000000E-003   1.26088367795901        1.90067469670089     
          24

     Dynamical  Matrix in cartesian axes

     q = (    0.433012700   0.324759500   0.324759500 ) 

    1    1
  0.04641937   0.00000000     0.00329939   0.00000000     0.00329939   0.00000000
  0.00329939   0.00000000     0.02761859   0.00000000    -0.00968879   0.00000000
  0.00329939   0.00000000    -0.00968879   0.00000000     0.02761859   0.00000000
    1    2
  0.00224610   0.00542257    -0.00603900  -0.00794274    -0.00134614  -0.00988658
 -0.00715872  -0.00251926     0.00434737  -0.00871840     0.00674884  -0.00351493
  0.00328060  -0.00684336    -0.00725759   0.00228672    -0.00923889  -0.00309079
    1    3
  0.00224610   0.00542257    -0.00134614  -0.00988658    -0.00603900  -0.00794274
  0.00328060  -0.00684336    -0.00923889  -0.00309079    -0.00725759   0.00228672
 -0.00715872  -0.00251926     0.00674884  -0.00351493     0.00434737  -0.00871840
    1    4
 -0.00422539  -0.00908659    -0.00438387  -0.00551875     0.00806559   0.00661037
 -0.00383340  -0.00239257     0.00940918   0.00136832     0.00266263  -0.00021283
  0.00855792  -0.00362526     0.00167831  -0.00240771     0.00470169  -0.00027109
    1    5
 -0.00343739  -0.00941299    -0.00080248  -0.00700221    -0.00102900   0.01037747
  0.00101882  -0.00440243    -0.00568575   0.00762084    -0.00203326   0.00173227
 -0.00861481   0.00348792    -0.00288925  -0.00051576    -0.00351628   0.00313291
    1    6
 -0.00343739  -0.00941299    -0.00102900   0.01037747    -0.00080248  -0.00700221
 -0.00861481   0.00348792    -0.00351628   0.00313291    -0.00288925  -0.00051576
  0.00101882  -0.00440243    -0.00203326   0.00173227    -0.00568575   0.00762084
    1    7
 -0.00422539  -0.00908659     0.00806559   0.00661037    -0.00438387  -0.00551875
  0.00855792  -0.00362526     0.00470169  -0.00027109     0.00167831  -0.00240771
 -0.00383340  -0.00239257     0.00266263  -0.00021283     0.00940918   0.00136832
    2    1
  0.00224610  -0.00542257    -0.00715872   0.00251926     0.00328060   0.00684336
 -0.00603900   0.00794274     0.00434737   0.00871840    -0.00725759  -0.00228672
 -0.00134614   0.00988658     0.00674884   0.00351493    -0.00923889   0.00309079
    2    2
  0.02962079   0.00000000     0.00722314   0.00608967     0.00722314  -0.00608967
  0.00722314  -0.00608967     0.03283027   0.00000000     0.01483386  -0.00128743
  0.00722314   0.00608967     0.01483386   0.00128743     0.03283027  -0.00000000
    2    3
 -0.01311622  -0.00000000    -0.00286817   0.00762991    -0.00286817  -0.00762991
 -0.00286817   0.00762991    -0.01411911   0.01414241    -0.01234570  -0.00000000
 -0.00286817  -0.00762991    -0.01234570  -0.00000000    -0.01411911  -0.01414241
    2    4
  0.00144104   0.01763008    -0.00534937   0.01258779     0.00248164   0.00091583
 -0.00868023   0.01821064     0.00759918   0.01901821    -0.01490969   0.00826469
 -0.01336903   0.00755310    -0.00316262   0.01197638     0.00350932   0.01479802
    2    5
 -0.00246031   0.00839830     0.00241772   0.00171222    -0.00148529  -0.00445335
  0.02948319   0.00625329     0.00325035   0.01382722     0.00815060  -0.00503489
  0.00990470   0.00421022     0.00041073   0.01252940    -0.01216822   0.00086980
    2    6
  0.00144104  -0.01763008     0.00248164  -0.00091583    -0.00534937  -0.01258779
 -0.01336903  -0.00755310     0.00350932  -0.01479802    -0.00316262  -0.01197638
 -0.00868023  -0.01821064    -0.01490969  -0.00826469     0.00759918  -0.01901821
    2    7
 -0.00246031  -0.00839830    -0.00148529   0.00445335     0.00241772  -0.00171222
  0.00990470  -0.00421022    -0.01216822  -0.00086980     0.00041073  -0.01252940
  0.02948319  -0.00625329     0.00815060   0.00503489     0.00325035  -0.01382722
    3    1
  0.00224610  -0.00542257     0.00328060   0.00684336    -0.00715872   0.00251926
 -0.00134614   0.00988658    -0.00923889   0.00309079     0.00674884   0.00351493
 -0.00603900   0.00794274    -0.00725759  -0.00228672     0.00434737   0.00871840
    3    2
 -0.01311622   0.00000000    -0.00286817  -0.00762991    -0.00286817   0.00762991
 -0.00286817  -0.00762991    -0.01411911  -0.01414241    -0.01234570   0.00000000
 -0.00286817   0.00762991    -0.01234570   0.00000000    -0.01411911   0.01414241
    3    3
  0.02962079  -0.00000000     0.00722314  -0.00608967     0.00722314   0.00608967
  0.00722314   0.00608967     0.03283027  -0.00000000     0.01483386   0.00128743
  0.00722314  -0.00608967     0.01483386  -0.00128743     0.03283027   0.00000000
    3    4
 -0.00246031  -0.00839830     0.00241772  -0.00171222    -0.00148529   0.00445335
  0.02948319  -0.00625329     0.00325035  -0.01382722     0.00815060   0.00503489
  0.00990470  -0.00421022     0.00041073  -0.01252940    -0.01216822  -0.00086980
    3    5
  0.00144104  -0.01763008    -0.00534937  -0.01258779     0.00248164  -0.00091583
 -0.00868023  -0.01821064     0.00759918  -0.01901821    -0.01490969  -0.00826469
 -0.01336903  -0.00755310    -0.00316262  -0.01197638     0.00350932  -0.01479802
    3    6
 -0.00246031   0.00839830    -0.00148529  -0.00445335     0.00241772   0.00171222
  0.00990470   0.00421022    -0.01216822   0.00086980     0.00041073   0.01252940
  0.02948319   0.00625329     0.00815060  -0.00503489     0.00325035   0.01382722
    3    7
  0.00144104   0.01763008     0.00248164   0.00091583    -0.00534937   0.01258779
 -0.01336903   0.00755310     0.00350932   0.01479802    -0.00316262   0.01197638
 -0.00868023   0.01821064    -0.01490969   0.00826469     0.00759918   0.01901821
    4    1
 -0.00422539   0.00908659    -0.00383340   0.00239257     0.00855792   0.00362526
 -0.00438387   0.00551875     0.00940918  -0.00136832     0.00167831   0.00240771
  0.00806559  -0.00661037     0.00266263   0.00021283     0.00470169   0.00027109
    4    2
  0.00144104  -0.01763008    -0.00868023  -0.01821064    -0.01336903  -0.00755310
 -0.00534937  -0.01258779     0.00759918  -0.01901821    -0.00316262  -0.01197638
  0.00248164  -0.00091583    -0.01490969  -0.00826469     0.00350932  -0.01479802
    4    3
 -0.00246031   0.00839830     0.02948319   0.00625329     0.00990470   0.00421022
  0.00241772   0.00171222     0.00325035   0.01382722     0.00041073   0.01252940
 -0.00148529  -0.00445335     0.00815060  -0.00503489    -0.01216822   0.00086980
    4    4
  0.03649697   0.00000000     0.01115997  -0.01065650     0.00843728   0.00215364
  0.01115997   0.01065650     0.02272640  -0.00000000    -0.00080436   0.00378286
  0.00843728  -0.00215364    -0.00080436  -0.00378286     0.03190720   0.00000000
    4    5
 -0.00573886  -0.01417221     0.00970083  -0.01347178    -0.01466709  -0.01011368
  0.00970083  -0.01347178     0.00891641   0.00303414     0.00521395  -0.00520007
 -0.01466709  -0.01011368     0.00521395  -0.00520007    -0.01562545   0.00990389
    4    6
  0.00396035   0.00432269    -0.01040221   0.00150615    -0.00854238   0.01397700
 -0.00854238   0.01397700    -0.00492773  -0.00286013    -0.01519454   0.00544332
 -0.01040221   0.00150615    -0.02241909   0.01676288    -0.00492773  -0.00286013
    4    7
 -0.01685918  -0.00000000     0.00108994   0.01542990    -0.00303069   0.00822732
 -0.00303069  -0.00822732    -0.00937859  -0.00029831    -0.00563188   0.00000000
  0.00108994  -0.01542990     0.02137660   0.00000000    -0.00937859   0.00029831
    5    1
 -0.00343739   0.00941299     0.00101882   0.00440243    -0.00861481  -0.00348792
 -0.00080248   0.00700221    -0.00568575  -0.00762084    -0.00288925   0.00051576
 -0.00102900  -0.01037747    -0.00203326  -0.00173227    -0.00351628  -0.00313291
    5    2
 -0.00246031  -0.00839830     0.02948319  -0.00625329     0.00990470  -0.00421022
  0.00241772  -0.00171222     0.00325035  -0.01382722     0.00041073  -0.01252940
 -0.00148529   0.00445335     0.00815060   0.00503489    -0.01216822  -0.00086980
    5    3
  0.00144104   0.01763008    -0.00868023   0.01821064    -0.01336903   0.00755310
 -0.00534937   0.01258779     0.00759918   0.01901821    -0.00316262   0.01197638
  0.00248164   0.00091583    -0.01490969   0.00826469     0.00350932   0.01479802
    5    4
 -0.00573886   0.01417221     0.00970083   0.01347178    -0.01466709   0.01011368
  0.00970083   0.01347178     0.00891641  -0.00303414     0.00521395   0.00520007
 -0.01466709   0.01011368     0.00521395   0.00520007    -0.01562545  -0.00990389
    5    5
  0.03649697  -0.00000000     0.01115997   0.01065650     0.00843728  -0.00215364
  0.01115997  -0.01065650     0.02272640   0.00000000    -0.00080436  -0.00378286
  0.00843728   0.00215364    -0.00080436   0.00378286     0.03190720  -0.00000000
    5    6
 -0.01685918  -0.00000000     0.00108994  -0.01542990    -0.00303069  -0.00822732
 -0.00303069   0.00822732    -0.00937859   0.00029831    -0.00563188  -0.00000000
  0.00108994   0.01542990     0.02137660   0.00000000    -0.00937859  -0.00029831
    5    7
  0.00396035  -0.00432269    -0.01040221  -0.00150615    -0.00854238  -0.01397700
 -0.00854238  -0.01397700    -0.00492773   0.00286013    -0.01519454  -0.00544332
 -0.01040221  -0.00150615    -0.02241909  -0.01676288    -0.00492773   0.00286013
    6    1
 -0.00343739   0.00941299    -0.00861481  -0.00348792     0.00101882   0.00440243
 -0.00102900  -0.01037747    -0.00351628  -0.00313291    -0.00203326  -0.00173227
 -0.00080248   0.00700221    -0.00288925   0.00051576    -0.00568575  -0.00762084
    6    2
  0.00144104   0.01763008    -0.01336903   0.00755310    -0.00868023   0.01821064
  0.00248164   0.00091583     0.00350932   0.01479802    -0.01490969   0.00826469
 -0.00534937   0.01258779    -0.00316262   0.01197638     0.00759918   0.01901821
    6    3
 -0.00246031  -0.00839830     0.00990470  -0.00421022     0.02948319  -0.00625329
 -0.00148529   0.00445335    -0.01216822  -0.00086980     0.00815060   0.00503489
  0.00241772  -0.00171222     0.00041073  -0.01252940     0.00325035  -0.01382722
    6    4
  0.00396035  -0.00432269    -0.00854238  -0.01397700    -0.01040221  -0.00150615
 -0.01040221  -0.00150615    -0.00492773   0.00286013    -0.02241909  -0.01676288
 -0.00854238  -0.01397700    -0.01519454  -0.00544332    -0.00492773   0.00286013
    6    5
 -0.01685918   0.00000000    -0.00303069  -0.00822732     0.00108994  -0.01542990
  0.00108994   0.01542990    -0.00937859  -0.00029831     0.02137660  -0.00000000
 -0.00303069   0.00822732    -0.00563188  -0.00000000    -0.00937859   0.00029831
    6    6
  0.03649697  -0.00000000     0.00843728  -0.00215364     0.01115997   0.01065650
  0.00843728   0.00215364     0.03190720  -0.00000000    -0.00080436   0.00378286
  0.01115997  -0.01065650    -0.00080436  -0.00378286     0.02272640   0.00000000
    6    7
 -0.00573886   0.01417221    -0.01466709   0.01011368     0.00970083   0.01347178
 -0.01466709   0.01011368    -0.01562545  -0.00990389     0.00521395   0.00520007
  0.00970083   0.01347178     0.00521395   0.00520007     0.00891641  -0.00303414
    7    1
 -0.00422539   0.00908659     0.00855792   0.00362526    -0.00383340   0.00239257
  0.00806559  -0.00661037     0.00470169   0.00027109     0.00266263   0.00021283
 -0.00438387   0.00551875     0.00167831   0.00240771     0.00940918  -0.00136832
    7    2
 -0.00246031   0.00839830     0.00990470   0.00421022     0.02948319   0.00625329
 -0.00148529  -0.00445335    -0.01216822   0.00086980     0.00815060  -0.00503489
  0.00241772   0.00171222     0.00041073   0.01252940     0.00325035   0.01382722
    7    3
  0.00144104  -0.01763008    -0.01336903  -0.00755310    -0.00868023  -0.01821064
  0.00248164  -0.00091583     0.00350932  -0.01479802    -0.01490969  -0.00826469
 -0.00534937  -0.01258779    -0.00316262  -0.01197638     0.00759918  -0.01901821
    7    4
 -0.01685918  -0.00000000    -0.00303069   0.00822732     0.00108994   0.01542990
  0.00108994  -0.01542990    -0.00937859   0.00029831     0.02137660   0.00000000
 -0.00303069  -0.00822732    -0.00563188   0.00000000    -0.00937859  -0.00029831
    7    5
  0.00396035   0.00432269    -0.00854238   0.01397700    -0.01040221   0.00150615
 -0.01040221   0.00150615    -0.00492773  -0.00286013    -0.02241909   0.01676288
 -0.00854238   0.01397700    -0.01519454   0.00544332    -0.00492773  -0.00286013
    7    6
 -0.00573886  -0.01417221    -0.01466709  -0.01011368     0.00970083  -0.01347178
 -0.01466709  -0.01011368    -0.01562545   0.00990389     0.00521395  -0.00520007
  0.00970083  -0.01347178     0.00521395  -0.00520007     0.00891641   0.00303414
    7    7
  0.03649697   0.00000000     0.00843728   0.00215364     0.01115997  -0.01065650
  0.00843728  -0.00215364     0.03190720   0.00000000    -0.00080436  -0.00378286
  0.01115997   0.01065650    -0.00080436   0.00378286     0.02272640  -0.00000000

     Dynamical  Matrix in cartesian axes

     q = (   -0.433012700   0.324759500  -0.324759500 ) 

    1    1
  0.04641937   0.00000000    -0.00329939  -0.00000000     0.00329939   0.00000000
 -0.00329939  -0.00000000     0.02761859   0.00000000     0.00968879  -0.00000000
  0.00329939   0.00000000     0.00968879  -0.00000000     0.02761859  -0.00000000
    1    2
  0.00224610  -0.00542257     0.00603900  -0.00794274    -0.00134614   0.00988658
  0.00715872  -0.00251926     0.00434737   0.00871840    -0.00674884  -0.00351493
  0.00328060   0.00684336     0.00725759   0.00228672    -0.00923889   0.00309079
    1    3
 -0.00542257   0.00224610    -0.00794274   0.00603900     0.00988658  -0.00134614
 -0.00251926   0.00715872     0.00871840   0.00434737    -0.00351493  -0.00674884
  0.00684336   0.00328060     0.00228672   0.00725759     0.00309079  -0.00923889
    1    4
  0.00422539   0.00908659    -0.00438387  -0.00551875    -0.00806559  -0.00661037
 -0.00383340  -0.00239257    -0.00940918  -0.00136832     0.00266263  -0.00021283
 -0.00855792   0.00362526     0.00167831  -0.00240771    -0.00470169   0.00027109
    1    5
  0.00908659   0.00422539    -0.00551875  -0.00438387    -0.00661037  -0.00806559
 -0.00239257  -0.00383340    -0.00136832  -0.00940918    -0.00021283   0.00266263
  0.00362526  -0.00855792    -0.00240771   0.00167831     0.00027109  -0.00470169
    1    6
  0.00908659  -0.00422539     0.00661037  -0.00806559     0.00551875  -0.00438387
 -0.00362526  -0.00855792     0.00027109   0.00470169    -0.00240771  -0.00167831
  0.00239257  -0.00383340    -0.00021283  -0.00266263    -0.00136832   0.00940918
    1    7
 -0.00422539   0.00908659    -0.00806559   0.00661037    -0.00438387   0.00551875
 -0.00855792  -0.00362526     0.00470169   0.00027109    -0.00167831  -0.00240771
 -0.00383340   0.00239257    -0.00266263  -0.00021283     0.00940918  -0.00136832
    2    1
  0.00224610   0.00542257     0.00715872   0.00251926     0.00328060  -0.00684336
  0.00603900   0.00794274     0.00434737  -0.00871840     0.00725759  -0.00228672
 -0.00134614  -0.00988658    -0.00674884   0.00351493    -0.00923889  -0.00309079
    2    2
  0.02962079  -0.00000000    -0.00722314   0.00608967     0.00722314   0.00608967
 -0.00722314  -0.00608967     0.03283027   0.00000000    -0.01483386  -0.00128743
  0.00722314  -0.00608967    -0.01483386   0.00128743     0.03283027  -0.00000000
    2    3
  0.00927457   0.00927457     0.00336706  -0.00742327     0.00742327  -0.00336706
  0.00336706  -0.00742327    -0.00001648   0.01998391    -0.00872972  -0.00872973
  0.00742327  -0.00336706    -0.00872972  -0.00872973     0.01998391  -0.00001647
    2    4
 -0.00767819  -0.00419880    -0.00049886   0.00292031     0.00209873   0.00419925
 -0.01642602   0.02526950    -0.00747897  -0.01207567    -0.00932355   0.00220313
  0.00402661  -0.00998075     0.00856919   0.00915005    -0.00921927   0.00798919
    2    5
 -0.01763008  -0.00144104     0.01258779  -0.00534937    -0.00091583  -0.00248164
  0.01821064  -0.00868023    -0.01901821  -0.00759918     0.00826469  -0.01490969
 -0.00755310   0.01336903     0.01197638  -0.00316262    -0.01479802  -0.00350932
    2    6
  0.01144738  -0.01348531     0.00110719   0.00240237     0.01268348  -0.00511833
 -0.01479418  -0.00411248     0.00798232  -0.01294525    -0.01070489   0.00623227
  0.01901472  -0.00673901    -0.01638676  -0.00469873     0.00807448  -0.01882133
    2    7
 -0.00246031   0.00839830     0.00148529   0.00445335     0.00241772   0.00171222
 -0.00990470  -0.00421022    -0.01216822   0.00086980    -0.00041073  -0.01252940
  0.02948319   0.00625329    -0.00815060   0.00503489     0.00325035   0.01382722
    3    1
 -0.00542257  -0.00224610    -0.00251926  -0.00715872     0.00684336  -0.00328060
 -0.00794274  -0.00603900     0.00871840  -0.00434737     0.00228672  -0.00725759
  0.00988658   0.00134614    -0.00351493   0.00674884     0.00309079   0.00923889
    3    2
  0.00927457  -0.00927457     0.00336706   0.00742327     0.00742327   0.00336706
  0.00336706   0.00742327    -0.00001648  -0.01998391    -0.00872972   0.00872973
  0.00742327   0.00336706    -0.00872972   0.00872973     0.01998391   0.00001647
    3    3
  0.02962079  -0.00000000    -0.00722314  -0.00608967     0.00722314  -0.00608967
 -0.00722314   0.00608967     0.03283027   0.00000000    -0.01483386   0.00128743
  0.00722314   0.00608967    -0.01483386  -0.00128743     0.03283027   0.00000000
    3    4
 -0.01763008   0.00144104     0.01258779   0.00534937    -0.00091583   0.00248164
  0.01821064   0.00868023    -0.01901821   0.00759918     0.00826469   0.01490969
 -0.00755310  -0.01336903     0.01197638   0.00316262    -0.01479802   0.00350932
    3    5
 -0.00767819   0.00419880    -0.00049886  -0.00292031     0.00209873  -0.00419925
 -0.01642602  -0.02526950    -0.00747897   0.01207567    -0.00932355  -0.00220313
  0.00402661   0.00998075     0.00856919  -0.00915005    -0.00921927  -0.00798919
    3    6
 -0.00246031  -0.00839830     0.00148529  -0.00445335     0.00241772  -0.00171222
 -0.00990470   0.00421022    -0.01216822  -0.00086980    -0.00041073   0.01252940
  0.02948319  -0.00625329    -0.00815060  -0.00503489     0.00325035  -0.01382722
    3    7
  0.01144738   0.01348531     0.00110719  -0.00240237     0.01268348   0.00511833
 -0.01479418   0.00411248     0.00798232   0.01294525    -0.01070489  -0.00623227
  0.01901472   0.00673901    -0.01638676   0.00469873     0.00807448   0.01882133
    4    1
  0.00422539  -0.00908659    -0.00383340   0.00239257    -0.00855792  -0.00362526
 -0.00438387   0.00551875    -0.00940918   0.00136832     0.00167831   0.00240771
 -0.00806559   0.00661037     0.00266263   0.00021283    -0.00470169  -0.00027109
    4    2
 -0.00767819   0.00419880    -0.01642602  -0.02526950     0.00402661   0.00998075
 -0.00049886  -0.00292031    -0.00747897   0.01207567     0.00856919  -0.00915005
  0.00209873  -0.00419925    -0.00932355  -0.00220313    -0.00921927  -0.00798919
    4    3
 -0.01763008  -0.00144104     0.01821064  -0.00868023    -0.00755310   0.01336903
  0.01258779  -0.00534937    -0.01901821  -0.00759918     0.01197638  -0.00316262
 -0.00091583  -0.00248164     0.00826469  -0.01490969    -0.01479802  -0.00350932
    4    4
  0.03649697   0.00000000    -0.01115997   0.01065650     0.00843728   0.00215364
 -0.01115997  -0.01065650     0.02272640  -0.00000000     0.00080436  -0.00378286
  0.00843728  -0.00215364     0.00080436   0.00378286     0.03190720   0.00000000
    4    5
 -0.01407925  -0.00596327     0.00266647   0.01638550    -0.01752265   0.00321975
  0.00266647   0.01638550     0.00845031  -0.00415940    -0.00000981   0.00736382
 -0.01752265   0.00321975    -0.00000981   0.00736382    -0.00404575   0.01805197
    4    6
 -0.00000000   0.01685918    -0.01542990   0.00108994     0.00822732   0.00303069
  0.00822732  -0.00303069    -0.00029831   0.00937859     0.00000000  -0.00563188
 -0.01542990  -0.00108994    -0.00000000   0.02137660     0.00029831   0.00937859
    4    7
 -0.00025621   0.00585699     0.00842048   0.00629046    -0.01592360   0.00384286
  0.01592360  -0.00384286    -0.00146202  -0.00550685     0.01459318   0.00689515
 -0.00842048  -0.00629046     0.02770584   0.00399953    -0.00146202  -0.00550685
    5    1
  0.00908659  -0.00422539    -0.00239257   0.00383340     0.00362526   0.00855792
 -0.00551875   0.00438387    -0.00136832   0.00940918    -0.00240771  -0.00167831
 -0.00661037   0.00806559    -0.00021283  -0.00266263     0.00027109   0.00470169
    5    2
 -0.01763008   0.00144104     0.01821064   0.00868023    -0.00755310  -0.01336903
  0.01258779   0.00534937    -0.01901821   0.00759918     0.01197638   0.00316262
 -0.00091583   0.00248164     0.00826469   0.01490969    -0.01479802   0.00350932
    5    3
 -0.00767819  -0.00419880    -0.01642602   0.02526950     0.00402661  -0.00998075
 -0.00049886   0.00292031    -0.00747897  -0.01207567     0.00856919   0.00915005
  0.00209873   0.00419925    -0.00932355   0.00220313    -0.00921927   0.00798919
    5    4
 -0.01407925   0.00596327     0.00266647  -0.01638550    -0.01752265  -0.00321975
  0.00266647  -0.01638550     0.00845031   0.00415940    -0.00000981  -0.00736382
 -0.01752265  -0.00321975    -0.00000981  -0.00736382    -0.00404575  -0.01805197
    5    5
  0.03649697   0.00000000    -0.01115997  -0.01065650     0.00843728  -0.00215364
 -0.01115997   0.01065650     0.02272640   0.00000000     0.00080436   0.00378286
  0.00843728   0.00215364     0.00080436  -0.00378286     0.03190720  -0.00000000
    5    6
 -0.00025621  -0.00585699     0.00842048  -0.00629046    -0.01592360  -0.00384286
  0.01592360   0.00384286    -0.00146202   0.00550685     0.01459318  -0.00689515
 -0.00842048   0.00629046     0.02770584  -0.00399953    -0.00146202   0.00550685
    5    7
 -0.00000000  -0.01685918    -0.01542990  -0.00108994     0.00822732  -0.00303069
  0.00822732   0.00303069    -0.00029831  -0.00937859     0.00000000   0.00563188
 -0.01542990   0.00108994    -0.00000000  -0.02137660     0.00029831  -0.00937859
    6    1
  0.00908659   0.00422539    -0.00362526   0.00855792     0.00239257   0.00383340
  0.00661037   0.00806559     0.00027109  -0.00470169    -0.00021283   0.00266263
  0.00551875   0.00438387    -0.00240771   0.00167831    -0.00136832  -0.00940918
    6    2
  0.01144738   0.01348531    -0.01479418   0.00411248     0.01901472   0.00673901
  0.00110719  -0.00240237     0.00798232   0.01294525    -0.01638676   0.00469873
  0.01268348   0.00511833    -0.01070489  -0.00623227     0.00807448   0.01882133
    6    3
 -0.00246031   0.00839830    -0.00990470  -0.00421022     0.02948319   0.00625329
  0.00148529   0.00445335    -0.01216822   0.00086980    -0.00815060   0.00503489
  0.00241772   0.00171222    -0.00041073  -0.01252940     0.00325035   0.01382722
    6    4
 -0.00000000  -0.01685918     0.00822732   0.00303069    -0.01542990   0.00108994
 -0.01542990  -0.00108994    -0.00029831  -0.00937859    -0.00000000  -0.02137660
  0.00822732  -0.00303069     0.00000000   0.00563188     0.00029831  -0.00937859
    6    5
 -0.00025621   0.00585699     0.01592360  -0.00384286    -0.00842048  -0.00629046
  0.00842048   0.00629046    -0.00146202  -0.00550685     0.02770584   0.00399953
 -0.01592360   0.00384286     0.01459318   0.00689515    -0.00146202  -0.00550685
    6    6
  0.03649697   0.00000000    -0.00843728  -0.00215364     0.01115997  -0.01065650
 -0.00843728   0.00215364     0.03190720   0.00000000     0.00080436   0.00378286
  0.01115997   0.01065650     0.00080436  -0.00378286     0.02272640  -0.00000000
    6    7
  0.01407925   0.00596327    -0.01752265   0.00321975     0.00266647   0.01638550
 -0.01752265   0.00321975     0.00404575  -0.01805197     0.00000981  -0.00736382
  0.00266647   0.01638550     0.00000981  -0.00736382    -0.00845031   0.00415940
    7    1
 -0.00422539  -0.00908659    -0.00855792   0.00362526    -0.00383340  -0.00239257
 -0.00806559  -0.00661037     0.00470169  -0.00027109    -0.00266263   0.00021283
 -0.00438387  -0.00551875    -0.00167831   0.00240771     0.00940918   0.00136832
    7    2
 -0.00246031  -0.00839830    -0.00990470   0.00421022     0.02948319  -0.00625329
  0.00148529  -0.00445335    -0.01216822  -0.00086980    -0.00815060  -0.00503489
  0.00241772  -0.00171222    -0.00041073   0.01252940     0.00325035  -0.01382722
    7    3
  0.01144738  -0.01348531    -0.01479418  -0.00411248     0.01901472  -0.00673901
  0.00110719   0.00240237     0.00798232  -0.01294525    -0.01638676  -0.00469873
  0.01268348  -0.00511833    -0.01070489   0.00623227     0.00807448  -0.01882133
    7    4
 -0.00025621  -0.00585699     0.01592360   0.00384286    -0.00842048   0.00629046
  0.00842048  -0.00629046    -0.00146202   0.00550685     0.02770584  -0.00399953
 -0.01592360  -0.00384286     0.01459318  -0.00689515    -0.00146202   0.00550685
    7    5
 -0.00000000   0.01685918     0.00822732  -0.00303069    -0.01542990  -0.00108994
 -0.01542990   0.00108994    -0.00029831   0.00937859    -0.00000000   0.02137660
  0.00822732   0.00303069     0.00000000  -0.00563188     0.00029831   0.00937859
    7    6
  0.01407925  -0.00596327    -0.01752265  -0.00321975     0.00266647  -0.01638550
 -0.01752265  -0.00321975     0.00404575   0.01805197     0.00000981   0.00736382
  0.00266647  -0.01638550     0.00000981   0.00736382    -0.00845031  -0.00415940
    7    7
  0.03649697  -0.00000000    -0.00843728   0.00215364     0.01115997   0.01065650
 -0.00843728  -0.00215364     0.03190720  -0.00000000     0.00080436  -0.00378286
  0.01115997  -0.01065650     0.00080436   0.00378286     0.02272640   0.00000000

     Dynamical  Matrix in cartesian axes

     q = (    0.433012700  -0.324759500  -0.324759500 ) 

    1    1
  0.04641937   0.00000000    -0.00329939  -0.00000000    -0.00329939  -0.00000000
 -0.00329939  -0.00000000     0.02761859  -0.00000000    -0.00968879  -0.00000000
 -0.00329939  -0.00000000    -0.00968879  -0.00000000     0.02761859  -0.00000000
    1    2
 -0.00542257  -0.00224610    -0.00988658  -0.00134614    -0.00794274  -0.00603900
 -0.00684336   0.00328060     0.00309079   0.00923889    -0.00228672   0.00725759
 -0.00251926  -0.00715872     0.00351493  -0.00674884     0.00871840  -0.00434737
    1    3
 -0.00542257  -0.00224610    -0.00794274  -0.00603900    -0.00988658  -0.00134614
 -0.00251926  -0.00715872     0.00871840  -0.00434737     0.00351493  -0.00674884
 -0.00684336   0.00328060    -0.00228672   0.00725759     0.00309079   0.00923889
    1    4
  0.00422539  -0.00908659    -0.00438387   0.00551875     0.00806559  -0.00661037
 -0.00383340   0.00239257    -0.00940918   0.00136832    -0.00266263  -0.00021283
  0.00855792   0.00362526    -0.00167831  -0.00240771    -0.00470169  -0.00027109
    1    5
 -0.00343739   0.00941299     0.00080248  -0.00700221     0.00102900   0.01037747
 -0.00101882  -0.00440243    -0.00568575  -0.00762084    -0.00203326  -0.00173227
  0.00861481   0.00348792    -0.00288925   0.00051576    -0.00351628  -0.00313291
    1    6
 -0.00343739   0.00941299     0.00102900   0.01037747     0.00080248  -0.00700221
  0.00861481   0.00348792    -0.00351628  -0.00313291    -0.00288925   0.00051576
 -0.00101882  -0.00440243    -0.00203326  -0.00173227    -0.00568575  -0.00762084
    1    7
  0.00422539  -0.00908659     0.00806559  -0.00661037    -0.00438387   0.00551875
  0.00855792   0.00362526    -0.00470169  -0.00027109    -0.00167831  -0.00240771
 -0.00383340   0.00239257    -0.00266263  -0.00021283    -0.00940918   0.00136832
    2    1
 -0.00542257   0.00224610    -0.00684336  -0.00328060    -0.00251926   0.00715872
 -0.00988658   0.00134614     0.00309079  -0.00923889     0.00351493   0.00674884
 -0.00794274   0.00603900    -0.00228672  -0.00725759     0.00871840   0.00434737
    2    2
  0.02962079   0.00000000    -0.00722314  -0.00608967    -0.00722314   0.00608967
 -0.00722314   0.00608967     0.03283027   0.00000000     0.01483386  -0.00128743
 -0.00722314  -0.00608967     0.01483386   0.00128743     0.03283027  -0.00000000
    2    3
 -0.01311622  -0.00000000     0.00286817  -0.00762991     0.00286817   0.00762991
  0.00286817  -0.00762991    -0.01411911   0.01414241    -0.01234570  -0.00000000
  0.00286817   0.00762991    -0.01234570  -0.00000000    -0.01411911  -0.01414241
    2    4
  0.00839830   0.00246031    -0.00171222   0.00241772     0.00445335  -0.00148529
 -0.00625329   0.02948319     0.01382722  -0.00325035    -0.00503489  -0.00815060
 -0.00421022   0.00990470     0.01252940  -0.00041073     0.00086980   0.01216822
    2    5
 -0.01763008   0.00144104     0.01258779   0.00534937     0.00091583  -0.00248164
  0.01821064   0.00868023    -0.01901821   0.00759918    -0.00826469  -0.01490969
  0.00755310   0.01336903    -0.01197638  -0.00316262    -0.01479802   0.00350932
    2    6
  0.00839830  -0.00246031     0.00445335   0.00148529    -0.00171222  -0.00241772
 -0.00421022  -0.00990470     0.00086980  -0.01216822     0.01252940   0.00041073
 -0.00625329  -0.02948319    -0.00503489   0.00815060     0.01382722   0.00325035
    2    7
 -0.01763008  -0.00144104     0.00091583   0.00248164     0.01258779  -0.00534937
  0.00755310  -0.01336903    -0.01479802  -0.00350932    -0.01197638   0.00316262
  0.01821064  -0.00868023    -0.00826469   0.01490969    -0.01901821  -0.00759918
    3    1
 -0.00542257   0.00224610    -0.00251926   0.00715872    -0.00684336  -0.00328060
 -0.00794274   0.00603900     0.00871840   0.00434737    -0.00228672  -0.00725759
 -0.00988658   0.00134614     0.00351493   0.00674884     0.00309079  -0.00923889
    3    2
 -0.01311622   0.00000000     0.00286817   0.00762991     0.00286817  -0.00762991
  0.00286817   0.00762991    -0.01411911  -0.01414241    -0.01234570   0.00000000
  0.00286817  -0.00762991    -0.01234570   0.00000000    -0.01411911   0.01414241
    3    3
  0.02962079  -0.00000000    -0.00722314   0.00608967    -0.00722314  -0.00608967
 -0.00722314  -0.00608967     0.03283027  -0.00000000     0.01483386   0.00128743
 -0.00722314   0.00608967     0.01483386  -0.00128743     0.03283027  -0.00000000
    3    4
 -0.01763008  -0.00144104     0.01258779  -0.00534937     0.00091583   0.00248164
  0.01821064  -0.00868023    -0.01901821  -0.00759918    -0.00826469   0.01490969
  0.00755310  -0.01336903    -0.01197638   0.00316262    -0.01479802  -0.00350932
    3    5
  0.00839830  -0.00246031    -0.00171222  -0.00241772     0.00445335   0.00148529
 -0.00625329  -0.02948319     0.01382722   0.00325035    -0.00503489   0.00815060
 -0.00421022  -0.00990470     0.01252940   0.00041073     0.00086980  -0.01216822
    3    6
 -0.01763008   0.00144104     0.00091583  -0.00248164     0.01258779   0.00534937
  0.00755310   0.01336903    -0.01479802   0.00350932    -0.01197638  -0.00316262
  0.01821064   0.00868023    -0.00826469  -0.01490969    -0.01901821   0.00759918
    3    7
  0.00839830   0.00246031     0.00445335  -0.00148529    -0.00171222   0.00241772
 -0.00421022   0.00990470     0.00086980   0.01216822     0.01252940  -0.00041073
 -0.00625329   0.02948319    -0.00503489  -0.00815060     0.01382722  -0.00325035
    4    1
  0.00422539   0.00908659    -0.00383340  -0.00239257     0.00855792  -0.00362526
 -0.00438387  -0.00551875    -0.00940918  -0.00136832    -0.00167831   0.00240771
  0.00806559   0.00661037    -0.00266263   0.00021283    -0.00470169   0.00027109
    4    2
  0.00839830  -0.00246031    -0.00625329  -0.02948319    -0.00421022  -0.00990470
 -0.00171222  -0.00241772     0.01382722   0.00325035     0.01252940   0.00041073
  0.00445335   0.00148529    -0.00503489   0.00815060     0.00086980  -0.01216822
    4    3
 -0.01763008   0.00144104     0.01821064   0.00868023     0.00755310   0.01336903
  0.01258779   0.00534937    -0.01901821   0.00759918    -0.01197638  -0.00316262
  0.00091583  -0.00248164    -0.00826469  -0.01490969    -0.01479802   0.00350932
    4    4
  0.03649697  -0.00000000    -0.01115997  -0.01065650    -0.00843728   0.00215364
 -0.01115997   0.01065650     0.02272640   0.00000000    -0.00080436  -0.00378286
 -0.00843728  -0.00215364    -0.00080436   0.00378286     0.03190720  -0.00000000
    4    5
  0.00573886  -0.01417221     0.00970083   0.01347178    -0.01466709   0.01011368
  0.00970083   0.01347178    -0.00891641   0.00303414    -0.00521395  -0.00520007
 -0.01466709   0.01011368    -0.00521395  -0.00520007     0.01562545   0.00990389
    4    6
 -0.00396035   0.00432269    -0.01040221  -0.00150615    -0.00854238  -0.01397700
 -0.00854238  -0.01397700     0.00492773  -0.00286013     0.01519454   0.00544332
 -0.01040221  -0.00150615     0.02241909   0.01676288     0.00492773  -0.00286013
    4    7
 -0.01685918   0.00000000    -0.00108994   0.01542990     0.00303069   0.00822732
  0.00303069  -0.00822732    -0.00937859   0.00029831    -0.00563188   0.00000000
 -0.00108994  -0.01542990     0.02137660  -0.00000000    -0.00937859  -0.00029831
    5    1
 -0.00343739  -0.00941299    -0.00101882   0.00440243     0.00861481  -0.00348792
  0.00080248   0.00700221    -0.00568575   0.00762084    -0.00288925  -0.00051576
  0.00102900  -0.01037747    -0.00203326   0.00173227    -0.00351628   0.00313291
    5    2
 -0.01763008  -0.00144104     0.01821064  -0.00868023     0.00755310  -0.01336903
  0.01258779  -0.00534937    -0.01901821  -0.00759918    -0.01197638   0.00316262
  0.00091583   0.00248164    -0.00826469   0.01490969    -0.01479802  -0.00350932
    5    3
  0.00839830   0.00246031    -0.00625329   0.02948319    -0.00421022   0.00990470
 -0.00171222   0.00241772     0.01382722  -0.00325035     0.01252940  -0.00041073
  0.00445335  -0.00148529    -0.00503489  -0.00815060     0.00086980   0.01216822
    5    4
  0.00573886   0.01417221     0.00970083  -0.01347178    -0.01466709  -0.01011368
  0.00970083  -0.01347178    -0.00891641  -0.00303414    -0.00521395   0.00520007
 -0.01466709  -0.01011368    -0.00521395   0.00520007     0.01562545  -0.00990389
    5    5
  0.03649697   0.00000000    -0.01115997   0.01065650    -0.00843728  -0.00215364
 -0.01115997  -0.01065650     0.02272640   0.00000000    -0.00080436   0.00378286
 -0.00843728   0.00215364    -0.00080436  -0.00378286     0.03190720   0.00000000
    5    6
 -0.01685918   0.00000000    -0.00108994  -0.01542990     0.00303069  -0.00822732
  0.00303069   0.00822732    -0.00937859  -0.00029831    -0.00563188   0.00000000
 -0.00108994   0.01542990     0.02137660  -0.00000000    -0.00937859   0.00029831
    5    7
 -0.00396035  -0.00432269    -0.01040221   0.00150615    -0.00854238   0.01397700
 -0.00854238   0.01397700     0.00492773   0.00286013     0.01519454  -0.00544332
 -0.01040221   0.00150615     0.02241909  -0.01676288     0.00492773   0.00286013
    6    1
 -0.00343739  -0.00941299     0.00861481  -0.00348792    -0.00101882   0.00440243
  0.00102900  -0.01037747    -0.00351628   0.00313291    -0.00203326   0.00173227
  0.00080248   0.00700221    -0.00288925  -0.00051576    -0.00568575   0.00762084
    6    2
  0.00839830   0.00246031    -0.00421022   0.00990470    -0.00625329   0.02948319
  0.00445335  -0.00148529     0.00086980   0.01216822    -0.00503489  -0.00815060
 -0.00171222   0.00241772     0.01252940  -0.00041073     0.01382722  -0.00325035
    6    3
 -0.01763008  -0.00144104     0.00755310  -0.01336903     0.01821064  -0.00868023
  0.00091583   0.00248164    -0.01479802  -0.00350932    -0.00826469   0.01490969
  0.01258779  -0.00534937    -0.01197638   0.00316262    -0.01901821  -0.00759918
    6    4
 -0.00396035  -0.00432269    -0.00854238   0.01397700    -0.01040221   0.00150615
 -0.01040221   0.00150615     0.00492773   0.00286013     0.02241909  -0.01676288
 -0.00854238   0.01397700     0.01519454  -0.00544332     0.00492773   0.00286013
    6    5
 -0.01685918  -0.00000000     0.00303069  -0.00822732    -0.00108994  -0.01542990
 -0.00108994   0.01542990    -0.00937859   0.00029831     0.02137660   0.00000000
  0.00303069   0.00822732    -0.00563188  -0.00000000    -0.00937859  -0.00029831
    6    6
  0.03649697   0.00000000    -0.00843728  -0.00215364    -0.01115997   0.01065650
 -0.00843728   0.00215364     0.03190720   0.00000000    -0.00080436  -0.00378286
 -0.01115997  -0.01065650    -0.00080436   0.00378286     0.02272640  -0.00000000
    6    7
  0.00573886   0.01417221    -0.01466709  -0.01011368     0.00970083  -0.01347178
 -0.01466709  -0.01011368     0.01562545  -0.00990389    -0.00521395   0.00520007
  0.00970083  -0.01347178    -0.00521395   0.00520007    -0.00891641  -0.00303414
    7    1
  0.00422539   0.00908659     0.00855792  -0.00362526    -0.00383340  -0.00239257
  0.00806559   0.00661037    -0.00470169   0.00027109    -0.00266263   0.00021283
 -0.00438387  -0.00551875    -0.00167831   0.00240771    -0.00940918  -0.00136832
    7    2
 -0.01763008   0.00144104     0.00755310   0.01336903     0.01821064   0.00868023
  0.00091583  -0.00248164    -0.01479802   0.00350932    -0.00826469  -0.01490969
  0.01258779   0.00534937    -0.01197638  -0.00316262    -0.01901821   0.00759918
    7    3
  0.00839830  -0.00246031    -0.00421022  -0.00990470    -0.00625329  -0.02948319
  0.00445335   0.00148529     0.00086980  -0.01216822    -0.00503489   0.00815060
 -0.00171222  -0.00241772     0.01252940   0.00041073     0.01382722   0.00325035
    7    4
 -0.01685918  -0.00000000     0.00303069   0.00822732    -0.00108994   0.01542990
 -0.00108994  -0.01542990    -0.00937859  -0.00029831     0.02137660   0.00000000
  0.00303069  -0.00822732    -0.00563188  -0.00000000    -0.00937859   0.00029831
    7    5
 -0.00396035   0.00432269    -0.00854238  -0.01397700    -0.01040221  -0.00150615
 -0.01040221  -0.00150615     0.00492773  -0.00286013     0.02241909   0.01676288
 -0.00854238  -0.01397700     0.01519454   0.00544332     0.00492773  -0.00286013
    7    6
  0.00573886  -0.01417221    -0.01466709   0.01011368     0.00970083   0.01347178
 -0.01466709   0.01011368     0.01562545   0.00990389    -0.00521395  -0.00520007
  0.00970083   0.01347178    -0.00521395  -0.00520007    -0.00891641   0.00303414
    7    7
  0.03649697  -0.00000000    -0.00843728   0.00215364    -0.01115997  -0.01065650
 -0.00843728  -0.00215364     0.03190720  -0.00000000    -0.00080436   0.00378286
 -0.01115997   0.01065650    -0.00080436  -0.00378286     0.02272640   0.00000000

     Dynamical  Matrix in cartesian axes

     q = (    0.324759500   0.433012700  -0.324759500 ) 

    1    1
  0.02761859  -0.00000000     0.00329939   0.00000000     0.00968879  -0.00000000
  0.00329939   0.00000000     0.04641937   0.00000000    -0.00329939  -0.00000000
  0.00968879  -0.00000000    -0.00329939  -0.00000000     0.02761859   0.00000000
    1    2
 -0.00136832  -0.00940918     0.00239257   0.00383340    -0.00021283   0.00266263
  0.00551875   0.00438387     0.00908659   0.00422539     0.00661037   0.00806559
 -0.00240771   0.00167831    -0.00362526   0.00855792     0.00027109  -0.00470169
    1    3
  0.00940918   0.00136832    -0.00383340  -0.00239257    -0.00266263   0.00021283
 -0.00438387  -0.00551875    -0.00422539  -0.00908659    -0.00806559  -0.00661037
 -0.00167831   0.00240771    -0.00855792   0.00362526     0.00470169  -0.00027109
    1    4
 -0.00923889  -0.00309079     0.00328060  -0.00684336     0.00725759  -0.00228672
 -0.00134614  -0.00988658     0.00224610   0.00542257     0.00603900   0.00794274
 -0.00674884   0.00351493     0.00715872   0.00251926     0.00434737  -0.00871840
    1    5
  0.00309079   0.00923889     0.00684336  -0.00328060     0.00228672  -0.00725759
  0.00988658   0.00134614    -0.00542257  -0.00224610    -0.00794274  -0.00603900
 -0.00351493   0.00674884    -0.00251926  -0.00715872     0.00871840  -0.00434737
    1    6
 -0.00470169  -0.00027109    -0.00855792  -0.00362526     0.00167831   0.00240771
 -0.00806559   0.00661037     0.00422539  -0.00908659    -0.00438387   0.00551875
  0.00266263   0.00021283    -0.00383340   0.00239257    -0.00940918   0.00136832
    1    7
  0.00027109   0.00470169     0.00362526   0.00855792    -0.00240771  -0.00167831
 -0.00661037   0.00806559     0.00908659  -0.00422539    -0.00551875   0.00438387
