  3.500000000000000E-002   1.26001304832687        2.38111420361614     
          12

     Dynamical  Matrix in cartesian axes

     q = (   -0.866025404  -0.216506351  -0.216506351 ) 

    1    1
  0.02719847  -0.00000000     0.00000000   0.00000000    -0.00000000   0.00000000
  0.00000000   0.00000000     0.14548067  -0.00000000     0.00335157  -0.00000000
 -0.00000000   0.00000000     0.00335157  -0.00000000     0.14548067  -0.00000000
    1    2
  0.00000000  -0.00000000    -0.00625100   0.00625100    -0.00625100   0.00625100
 -0.01787738   0.01787738     0.00375473   0.00375473    -0.01602675  -0.01602675
 -0.01787738   0.01787738     0.01602675   0.01602675    -0.00375473  -0.00375473
    1    3
  0.00000000  -0.00000000    -0.00625100   0.00625100    -0.00625100   0.00625100
 -0.01787738   0.01787738    -0.00375473  -0.00375473     0.01602675   0.01602675
 -0.01787738   0.01787738    -0.01602675  -0.01602675     0.00375473   0.00375473
    1    4
 -0.00496858   0.00665182     0.00000000  -0.00000000     0.00000000   0.00000000
  0.00000000  -0.00000000    -0.01530163   0.01147553    -0.02341286  -0.01218239
 -0.00000000  -0.00000000     0.03051608   0.05418809     0.01906936  -0.00888472
    1    5
 -0.00665182   0.00496858     0.00000000  -0.00000000     0.00000000   0.00000000
  0.00000000  -0.00000000    -0.01147553   0.01530163     0.01218239   0.02341286
  0.00000000   0.00000000    -0.05418809  -0.03051608     0.00888472  -0.01906936
    1    6
 -0.00665182   0.00496858     0.00000000   0.00000000     0.00000000  -0.00000000
  0.00000000   0.00000000     0.00888472  -0.01906936    -0.05418809  -0.03051608
  0.00000000  -0.00000000     0.01218239   0.02341286    -0.01147553   0.01530163
    1    7
 -0.00496858   0.00665182     0.00000000  -0.00000000     0.00000000  -0.00000000
 -0.00000000  -0.00000000     0.01906936  -0.00888472     0.03051608   0.05418809
  0.00000000  -0.00000000    -0.02341286  -0.01218239    -0.01530163   0.01147553
    2    1
  0.00000000   0.00000000    -0.01787738  -0.01787738    -0.01787738  -0.01787738
 -0.00625100  -0.00625100     0.00375473  -0.00375473     0.01602675  -0.01602675
 -0.00625100  -0.00625100    -0.01602675   0.01602675    -0.00375473   0.00375473
    2    2
  0.01720956   0.00000000     0.00000000  -0.00264185    -0.00000000   0.00264185
  0.00000000   0.00264185     0.03629144   0.00000000    -0.00167578   0.00000000
 -0.00000000  -0.00264185    -0.00167578   0.00000000     0.03629144  -0.00000000
    2    3
  0.00347065   0.00000000     0.00000000   0.00607573    -0.00000000  -0.00607573
  0.00000000   0.00607573     0.01176721  -0.00000000    -0.00851386   0.00000000
  0.00000000  -0.00607573    -0.00851386   0.00000000     0.01176721  -0.00000000
    2    4
  0.00236991   0.00103025     0.00792656  -0.01008610    -0.00224850   0.00293805
  0.02322760   0.00011295     0.01793351   0.00000404     0.00118009  -0.00522113
 -0.00615545   0.00145388     0.00593371  -0.00551701     0.00499469  -0.00122523
    2    5
 -0.00236991   0.00103025     0.00792656   0.01008610    -0.00224850  -0.00293805
  0.02322760  -0.00011295    -0.01793351   0.00000404    -0.00118009  -0.00522113
 -0.00615545  -0.00145388    -0.00593371  -0.00551701    -0.00499469  -0.00122523
    2    6
  0.00236991  -0.00103025    -0.00224850  -0.00293805     0.00792656   0.01008610
 -0.00615545  -0.00145388     0.00499469   0.00122523     0.00593371   0.00551701
  0.02322760  -0.00011295     0.00118009   0.00522113     0.01793351  -0.00000404
    2    7
 -0.00236991  -0.00103025    -0.00224850   0.00293805     0.00792656  -0.01008610
 -0.00615545   0.00145388    -0.00499469   0.00122523    -0.00593371   0.00551701
  0.02322760   0.00011295    -0.00118009   0.00522113    -0.01793351  -0.00000404
    3    1
  0.00000000   0.00000000    -0.01787738  -0.01787738    -0.01787738  -0.01787738
 -0.00625100  -0.00625100    -0.00375473   0.00375473    -0.01602675   0.01602675
 -0.00625100  -0.00625100     0.01602675  -0.01602675     0.00375473  -0.00375473
    3    2
  0.00347065   0.00000000     0.00000000  -0.00607573    -0.00000000   0.00607573
  0.00000000  -0.00607573     0.01176721   0.00000000    -0.00851386  -0.00000000
 -0.00000000   0.00607573    -0.00851386  -0.00000000     0.01176721   0.00000000
    3    3
  0.01720956  -0.00000000     0.00000000   0.00264185    -0.00000000  -0.00264185
  0.00000000  -0.00264185     0.03629144  -0.00000000    -0.00167578  -0.00000000
 -0.00000000   0.00264185    -0.00167578   0.00000000     0.03629144   0.00000000
    3    4
 -0.00236991  -0.00103025     0.00792656  -0.01008610    -0.00224850   0.00293805
  0.02322760   0.00011295    -0.01793351  -0.00000404    -0.00118009   0.00522113
 -0.00615545   0.00145388    -0.00593371   0.00551701    -0.00499469   0.00122523
    3    5
  0.00236991  -0.00103025     0.00792656   0.01008610    -0.00224850  -0.00293805
  0.02322760  -0.00011295     0.01793351  -0.00000404     0.00118009   0.00522113
 -0.00615545  -0.00145388     0.00593371   0.00551701     0.00499469   0.00122523
    3    6
 -0.00236991   0.00103025    -0.00224850  -0.00293805     0.00792656   0.01008610
 -0.00615545  -0.00145388    -0.00499469  -0.00122523    -0.00593371  -0.00551701
  0.02322760  -0.00011295    -0.00118009  -0.00522113    -0.01793351   0.00000404
    3    7
  0.00236991   0.00103025    -0.00224850   0.00293805     0.00792656  -0.01008610
 -0.00615545   0.00145388     0.00499469  -0.00122523     0.00593371  -0.00551701
  0.02322760   0.00011295     0.00118009  -0.00522113     0.01793351   0.00000404
    4    1
 -0.00496858  -0.00665182     0.00000000  -0.00000000    -0.00000000  -0.00000000
  0.00000000   0.00000000    -0.01530163  -0.01147553     0.03051608  -0.05418809
 -0.00000000  -0.00000000    -0.02341286   0.01218239     0.01906936   0.00888472
    4    2
  0.00236991  -0.00103025     0.02322760  -0.00011295    -0.00615545  -0.00145388
  0.00792656   0.01008610     0.01793351  -0.00000404     0.00593371   0.00551701
 -0.00224850  -0.00293805     0.00118009   0.00522113     0.00499469   0.00122523
    4    3
 -0.00236991   0.00103025     0.02322760  -0.00011295    -0.00615545  -0.00145388
  0.00792656   0.01008610    -0.01793351   0.00000404    -0.00593371  -0.00551701
 -0.00224850  -0.00293805    -0.00118009  -0.00522113    -0.00499469  -0.00122523
    4    4
  0.02901109   0.00000000    -0.00000000  -0.00000000    -0.00000000   0.00000000
  0.00000000   0.00000000     0.05553991   0.00000000     0.00140609  -0.00828026
 -0.00000000  -0.00000000     0.00140609   0.00828026     0.04406517   0.00000000
    4    5
  0.02052999  -0.00170235     0.00000000   0.00000000     0.00000000  -0.00000000
  0.00000000   0.00000000    -0.02694168   0.00156833    -0.00392917  -0.01361789
  0.00000000  -0.00000000    -0.00392917  -0.01361789    -0.00323190   0.01399504
    4    6
 -0.00858631  -0.00383305     0.00000000  -0.00000000    -0.00000000   0.00000000
 -0.00000000  -0.00000000     0.01095440   0.00821612     0.01256941   0.02234404
 -0.00000000  -0.00000000    -0.00142390   0.03453399     0.01095440   0.00821612
    4    7
 -0.00785536   0.00000000     0.00000000  -0.00000000     0.00000000   0.00000000
  0.00000000  -0.00000000    -0.02273080   0.00480340    -0.00584511   0.00000000
  0.00000000   0.00000000     0.01983429  -0.00000000    -0.02273080  -0.00480340
    5    1
 -0.00665182  -0.00496858    -0.00000000   0.00000000    -0.00000000  -0.00000000
  0.00000000   0.00000000    -0.01147553  -0.01530163    -0.05418809   0.03051608
 -0.00000000  -0.00000000     0.01218239  -0.02341286     0.00888472   0.01906936
    5    2
 -0.00236991  -0.00103025     0.02322760   0.00011295    -0.00615545   0.00145388
  0.00792656  -0.01008610    -0.01793351  -0.00000404    -0.00593371   0.00551701
 -0.00224850   0.00293805    -0.00118009   0.00522113    -0.00499469   0.00122523
    5    3
  0.00236991   0.00103025     0.02322760   0.00011295    -0.00615545   0.00145388
  0.00792656  -0.01008610     0.01793351   0.00000404     0.00593371  -0.00551701
 -0.00224850   0.00293805     0.00118009  -0.00522113     0.00499469  -0.00122523
    5    4
  0.02052999   0.00170235     0.00000000  -0.00000000     0.00000000   0.00000000
  0.00000000  -0.00000000    -0.02694168  -0.00156833    -0.00392917   0.01361789
  0.00000000   0.00000000    -0.00392917   0.01361789    -0.00323190  -0.01399504
    5    5
  0.02901109  -0.00000000    -0.00000000   0.00000000    -0.00000000  -0.00000000
  0.00000000  -0.00000000     0.05553991  -0.00000000     0.00140609   0.00828026
 -0.00000000  -0.00000000     0.00140609  -0.00828026     0.04406517  -0.00000000
    5    6
 -0.00785536  -0.00000000    -0.00000000   0.00000000     0.00000000  -0.00000000
  0.00000000   0.00000000    -0.02273080  -0.00480340    -0.00584511  -0.00000000
  0.00000000  -0.00000000     0.01983429   0.00000000    -0.02273080   0.00480340
    5    7
 -0.00858631   0.00383305     0.00000000   0.00000000    -0.00000000   0.00000000
 -0.00000000   0.00000000     0.01095440  -0.00821612     0.01256941  -0.02234404
 -0.00000000   0.00000000    -0.00142390  -0.03453399     0.01095440  -0.00821612
    6    1
 -0.00665182  -0.00496858     0.00000000  -0.00000000    -0.00000000   0.00000000
 -0.00000000  -0.00000000     0.00888472   0.01906936     0.01218239  -0.02341286
  0.00000000  -0.00000000    -0.05418809   0.03051608    -0.01147553  -0.01530163
    6    2
  0.00236991   0.00103025    -0.00615545   0.00145388     0.02322760   0.00011295
 -0.00224850   0.00293805     0.00499469  -0.00122523     0.00118009  -0.00522113
  0.00792656  -0.01008610     0.00593371  -0.00551701     0.01793351   0.00000404
    6    3
 -0.00236991  -0.00103025    -0.00615545   0.00145388     0.02322760   0.00011295
 -0.00224850   0.00293805    -0.00499469   0.00122523    -0.00118009   0.00522113
  0.00792656  -0.01008610    -0.00593371   0.00551701    -0.01793351  -0.00000404
    6    4
 -0.00858631   0.00383305    -0.00000000   0.00000000    -0.00000000   0.00000000
  0.00000000   0.00000000     0.01095440  -0.00821612    -0.00142390  -0.03453399
 -0.00000000   0.00000000     0.01256941  -0.02234404     0.01095440  -0.00821612
    6    5
 -0.00785536   0.00000000     0.00000000  -0.00000000     0.00000000   0.00000000
  0.00000000   0.00000000    -0.02273080   0.00480340     0.01983429  -0.00000000
  0.00000000   0.00000000    -0.00584511   0.00000000    -0.02273080  -0.00480340
    6    6
  0.02901109  -0.00000000     0.00000000  -0.00000000    -0.00000000  -0.00000000
  0.00000000   0.00000000     0.04406517  -0.00000000     0.00140609  -0.00828026
 -0.00000000   0.00000000     0.00140609   0.00828026     0.05553991  -0.00000000
    6    7
  0.02052999   0.00170235    -0.00000000   0.00000000     0.00000000   0.00000000
 -0.00000000  -0.00000000    -0.00323190  -0.01399504    -0.00392917   0.01361789
  0.00000000   0.00000000    -0.00392917   0.01361789    -0.02694168  -0.00156833
    7    1
 -0.00496858  -0.00665182    -0.00000000   0.00000000     0.00000000   0.00000000
  0.00000000  -0.00000000     0.01906936   0.00888472    -0.02341286   0.01218239
  0.00000000   0.00000000     0.03051608  -0.05418809    -0.01530163  -0.01147553
    7    2
 -0.00236991   0.00103025    -0.00615545  -0.00145388     0.02322760  -0.00011295
 -0.00224850  -0.00293805    -0.00499469  -0.00122523    -0.00118009  -0.00522113
  0.00792656   0.01008610    -0.00593371  -0.00551701    -0.01793351   0.00000404
    7    3
  0.00236991  -0.00103025    -0.00615545  -0.00145388     0.02322760  -0.00011295
 -0.00224850  -0.00293805     0.00499469   0.00122523     0.00118009   0.00522113
  0.00792656   0.01008610     0.00593371   0.00551701     0.01793351  -0.00000404
    7    4
 -0.00785536  -0.00000000     0.00000000   0.00000000     0.00000000  -0.00000000
  0.00000000   0.00000000    -0.02273080  -0.00480340     0.01983429   0.00000000
  0.00000000  -0.00000000    -0.00584511  -0.00000000    -0.02273080   0.00480340
    7    5
 -0.00858631  -0.00383305    -0.00000000  -0.00000000    -0.00000000  -0.00000000
  0.00000000  -0.00000000     0.01095440   0.00821612    -0.00142390   0.03453399
 -0.00000000   0.00000000     0.01256941   0.02234404     0.01095440   0.00821612
    7    6
  0.02052999  -0.00170235    -0.00000000   0.00000000     0.00000000  -0.00000000
 -0.00000000   0.00000000    -0.00323190   0.01399504    -0.00392917  -0.01361789
  0.00000000  -0.00000000    -0.00392917  -0.01361789    -0.02694168   0.00156833
    7    7
  0.02901109   0.00000000     0.00000000   0.00000000    -0.00000000   0.00000000
  0.00000000  -0.00000000     0.04406517   0.00000000     0.00140609   0.00828026
 -0.00000000  -0.00000000     0.00140609  -0.00828026     0.05553991   0.00000000

     Dynamical  Matrix in cartesian axes

     q = (   -0.216506351   0.866025404  -0.216506351 ) 

    1    1
  0.14548067  -0.00000000     0.00000000   0.00000000     0.00335157  -0.00000000
  0.00000000   0.00000000     0.02719847  -0.00000000    -0.00000000   0.00000000
  0.00335157  -0.00000000    -0.00000000   0.00000000     0.14548067  -0.00000000
    1    2
 -0.01147553   0.01530163     0.00000000  -0.00000000     0.01218239   0.02341286
  0.00000000  -0.00000000    -0.00665182   0.00496858     0.00000000   0.00000000
 -0.05418809  -0.03051608     0.00000000   0.00000000     0.00888472  -0.01906936
    1    3
 -0.01530163   0.01147553     0.00000000   0.00000000    -0.02341286  -0.01218239
 -0.00000000  -0.00000000    -0.00496858   0.00665182    -0.00000000   0.00000000
  0.03051608   0.05418809    -0.00000000   0.00000000     0.01906936  -0.00888472
    1    4
 -0.00375473  -0.00375473    -0.01787738   0.01787738     0.01602675   0.01602675
 -0.00625100   0.00625100     0.00000000  -0.00000000    -0.00625100   0.00625100
 -0.01602675  -0.01602675    -0.01787738   0.01787738     0.00375473   0.00375473
    1    5
  0.00375473   0.00375473    -0.01787738   0.01787738    -0.01602675  -0.01602675
 -0.00625100   0.00625100     0.00000000  -0.00000000    -0.00625100   0.00625100
  0.01602675   0.01602675    -0.01787738   0.01787738    -0.00375473  -0.00375473
    1    6
  0.01906936  -0.00888472    -0.00000000  -0.00000000     0.03051608   0.05418809
 -0.00000000   0.00000000    -0.00496858   0.00665182     0.00000000  -0.00000000
 -0.02341286  -0.01218239     0.00000000  -0.00000000    -0.01530163   0.01147553
    1    7
  0.00888472  -0.01906936     0.00000000   0.00000000    -0.05418809  -0.03051608
 -0.00000000   0.00000000    -0.00665182   0.00496858     0.00000000   0.00000000
  0.01218239   0.02341286     0.00000000  -0.00000000    -0.01147553   0.01530163
    2    1
 -0.01147553  -0.01530163     0.00000000  -0.00000000    -0.05418809   0.03051608
  0.00000000   0.00000000    -0.00665182  -0.00496858    -0.00000000  -0.00000000
  0.01218239  -0.02341286    -0.00000000  -0.00000000     0.00888472   0.01906936
    2    2
  0.05553991  -0.00000000     0.00000000  -0.00000000     0.00140609   0.00828026
  0.00000000   0.00000000     0.02901109  -0.00000000    -0.00000000   0.00000000
  0.00140609  -0.00828026    -0.00000000   0.00000000     0.04406517  -0.00000000
    2    3
 -0.02694168  -0.00156833    -0.00000000  -0.00000000    -0.00392917   0.01361789
  0.00000000  -0.00000000     0.02052999   0.00170235    -0.00000000   0.00000000
 -0.00392917   0.01361789     0.00000000   0.00000000    -0.00323190  -0.01399504
    2    4
  0.01793351   0.00000404     0.00792656  -0.01008610     0.00593371  -0.00551701
  0.02322760   0.00011295     0.00236991   0.00103025    -0.00615545   0.00145388
  0.00118009  -0.00522113    -0.00224850   0.00293805     0.00499469  -0.00122523
    2    5
 -0.01793351  -0.00000404     0.00792656  -0.01008610    -0.00593371   0.00551701
  0.02322760   0.00011295    -0.00236991  -0.00103025    -0.00615545   0.00145388
 -0.00118009   0.00522113    -0.00224850   0.00293805    -0.00499469   0.00122523
    2    6
  0.01095440  -0.00821612    -0.00000000   0.00000000     0.01256941  -0.02234404
  0.00000000   0.00000000    -0.00858631   0.00383305    -0.00000000   0.00000000
 -0.00142390  -0.03453399    -0.00000000   0.00000000     0.01095440  -0.00821612
    2    7
 -0.02273080  -0.00480340     0.00000000   0.00000000    -0.00584511   0.00000000
  0.00000000   0.00000000    -0.00785536   0.00000000     0.00000000  -0.00000000
  0.01983429  -0.00000000     0.00000000  -0.00000000    -0.02273080   0.00480340
    3    1
 -0.01530163  -0.01147553     0.00000000   0.00000000     0.03051608  -0.05418809
  0.00000000  -0.00000000    -0.00496858  -0.00665182    -0.00000000  -0.00000000
 -0.02341286   0.01218239     0.00000000  -0.00000000     0.01906936   0.00888472
    3    2
 -0.02694168   0.00156833     0.00000000   0.00000000    -0.00392917  -0.01361789
 -0.00000000   0.00000000     0.02052999  -0.00170235     0.00000000  -0.00000000
 -0.00392917  -0.01361789    -0.00000000  -0.00000000    -0.00323190   0.01399504
    3    3
  0.05553991   0.00000000     0.00000000   0.00000000     0.00140609  -0.00828026
  0.00000000  -0.00000000     0.02901109   0.00000000    -0.00000000   0.00000000
  0.00140609   0.00828026    -0.00000000   0.00000000     0.04406517   0.00000000
    3    4
 -0.01793351   0.00000404     0.00792656   0.01008610    -0.00593371  -0.00551701
  0.02322760  -0.00011295    -0.00236991   0.00103025    -0.00615545  -0.00145388
 -0.00118009  -0.00522113    -0.00224850  -0.00293805    -0.00499469  -0.00122523
    3    5
  0.01793351  -0.00000404     0.00792656   0.01008610     0.00593371   0.00551701
  0.02322760  -0.00011295     0.00236991  -0.00103025    -0.00615545  -0.00145388
  0.00118009   0.00522113    -0.00224850  -0.00293805     0.00499469   0.00122523
    3    6
 -0.02273080   0.00480340     0.00000000  -0.00000000    -0.00584511   0.00000000
 -0.00000000  -0.00000000    -0.00785536   0.00000000     0.00000000   0.00000000
  0.01983429  -0.00000000     0.00000000   0.00000000    -0.02273080  -0.00480340
    3    7
  0.01095440   0.00821612    -0.00000000  -0.00000000     0.01256941   0.02234404
  0.00000000  -0.00000000    -0.00858631  -0.00383305    -0.00000000  -0.00000000
 -0.00142390   0.03453399    -0.00000000  -0.00000000     0.01095440   0.00821612
    4    1
 -0.00375473   0.00375473    -0.00625100  -0.00625100    -0.01602675   0.01602675
 -0.01787738  -0.01787738     0.00000000   0.00000000    -0.01787738  -0.01787738
  0.01602675  -0.01602675    -0.00625100  -0.00625100     0.00375473  -0.00375473
    4    2
  0.01793351  -0.00000404     0.02322760  -0.00011295     0.00118009   0.00522113
  0.00792656   0.01008610     0.00236991  -0.00103025    -0.00224850  -0.00293805
  0.00593371   0.00551701    -0.00615545  -0.00145388     0.00499469   0.00122523
    4    3
 -0.01793351  -0.00000404     0.02322760   0.00011295    -0.00118009   0.00522113
  0.00792656  -0.01008610    -0.00236991  -0.00103025    -0.00224850   0.00293805
 -0.00593371   0.00551701    -0.00615545   0.00145388    -0.00499469   0.00122523
    4    4
  0.03629144  -0.00000000     0.00000000  -0.00264185    -0.00167578   0.00000000
  0.00000000   0.00264185     0.01720956   0.00000000    -0.00000000  -0.00264185
 -0.00167578   0.00000000    -0.00000000   0.00264185     0.03629144   0.00000000
    4    5
  0.01176721  -0.00000000     0.00000000  -0.00607573    -0.00851386   0.00000000
  0.00000000  -0.00607573     0.00347065  -0.00000000     0.00000000   0.00607573
 -0.00851386   0.00000000     0.00000000   0.00607573     0.01176721  -0.00000000
    4    6
  0.00499469  -0.00122523    -0.00615545   0.00145388     0.00593371  -0.00551701
 -0.00224850   0.00293805     0.00236991   0.00103025     0.00792656  -0.01008610
  0.00118009  -0.00522113     0.02322760   0.00011295     0.01793351   0.00000404
    4    7
 -0.00499469  -0.00122523    -0.00615545  -0.00145388    -0.00593371  -0.00551701
 -0.00224850  -0.00293805    -0.00236991   0.00103025     0.00792656   0.01008610
 -0.00118009  -0.00522113     0.02322760  -0.00011295    -0.01793351   0.00000404
    5    1
  0.00375473  -0.00375473    -0.00625100  -0.00625100     0.01602675  -0.01602675
 -0.01787738  -0.01787738     0.00000000   0.00000000    -0.01787738  -0.01787738
 -0.01602675   0.01602675    -0.00625100  -0.00625100    -0.00375473   0.00375473
    5    2
 -0.01793351   0.00000404     0.02322760  -0.00011295    -0.00118009  -0.00522113
  0.00792656   0.01008610    -0.00236991   0.00103025    -0.00224850  -0.00293805
 -0.00593371  -0.00551701    -0.00615545  -0.00145388    -0.00499469  -0.00122523
    5    3
  0.01793351   0.00000404     0.02322760   0.00011295     0.00118009  -0.00522113
  0.00792656  -0.01008610     0.00236991   0.00103025    -0.00224850   0.00293805
  0.00593371  -0.00551701    -0.00615545   0.00145388     0.00499469  -0.00122523
    5    4
  0.01176721   0.00000000     0.00000000   0.00607573    -0.00851386  -0.00000000
  0.00000000   0.00607573     0.00347065   0.00000000     0.00000000  -0.00607573
 -0.00851386  -0.00000000     0.00000000  -0.00607573     0.01176721   0.00000000
    5    5
  0.03629144   0.00000000     0.00000000   0.00264185    -0.00167578   0.00000000
  0.00000000  -0.00264185     0.01720956  -0.00000000    -0.00000000   0.00264185
 -0.00167578  -0.00000000    -0.00000000  -0.00264185     0.03629144  -0.00000000
    5    6
 -0.00499469   0.00122523    -0.00615545   0.00145388    -0.00593371   0.00551701
 -0.00224850   0.00293805    -0.00236991  -0.00103025     0.00792656  -0.01008610
 -0.00118009   0.00522113     0.02322760   0.00011295    -0.01793351  -0.00000404
    5    7
  0.00499469   0.00122523    -0.00615545  -0.00145388     0.00593371   0.00551701
 -0.00224850  -0.00293805     0.00236991  -0.00103025     0.00792656   0.01008610
  0.00118009   0.00522113     0.02322760  -0.00011295     0.01793351  -0.00000404
    6    1
  0.01906936   0.00888472     0.00000000  -0.00000000    -0.02341286   0.01218239
 -0.00000000   0.00000000    -0.00496858  -0.00665182     0.00000000   0.00000000
  0.03051608  -0.05418809     0.00000000   0.00000000    -0.01530163  -0.01147553
    6    2
  0.01095440   0.00821612    -0.00000000  -0.00000000    -0.00142390   0.03453399
 -0.00000000  -0.00000000    -0.00858631  -0.00383305    -0.00000000  -0.00000000
  0.01256941   0.02234404    -0.00000000   0.00000000     0.01095440   0.00821612
    6    3
 -0.02273080  -0.00480340     0.00000000   0.00000000     0.01983429   0.00000000
 -0.00000000   0.00000000    -0.00785536  -0.00000000     0.00000000  -0.00000000
 -0.00584511  -0.00000000     0.00000000  -0.00000000    -0.02273080   0.00480340
    6    4
  0.00499469   0.00122523    -0.00224850  -0.00293805     0.00118009   0.00522113
 -0.00615545  -0.00145388     0.00236991  -0.00103025     0.02322760  -0.00011295
  0.00593371   0.00551701     0.00792656   0.01008610     0.01793351  -0.00000404
    6    5
 -0.00499469  -0.00122523    -0.00224850  -0.00293805    -0.00118009  -0.00522113
 -0.00615545  -0.00145388    -0.00236991   0.00103025     0.02322760  -0.00011295
 -0.00593371  -0.00551701     0.00792656   0.01008610    -0.01793351   0.00000404
    6    6
  0.04406517   0.00000000     0.00000000  -0.00000000     0.00140609   0.00828026
  0.00000000   0.00000000     0.02901109   0.00000000    -0.00000000   0.00000000
  0.00140609  -0.00828026    -0.00000000   0.00000000     0.05553991   0.00000000
    6    7
 -0.00323190   0.01399504    -0.00000000   0.00000000    -0.00392917  -0.01361789
  0.00000000   0.00000000     0.02052999  -0.00170235     0.00000000  -0.00000000
 -0.00392917  -0.01361789     0.00000000  -0.00000000    -0.02694168   0.00156833
    7    1
  0.00888472   0.01906936    -0.00000000  -0.00000000     0.01218239  -0.02341286
 -0.00000000  -0.00000000    -0.00665182  -0.00496858    -0.00000000   0.00000000
 -0.05418809   0.03051608     0.00000000   0.00000000    -0.01147553  -0.01530163
    7    2
 -0.02273080   0.00480340     0.00000000  -0.00000000     0.01983429   0.00000000
  0.00000000   0.00000000    -0.00785536  -0.00000000     0.00000000   0.00000000
 -0.00584511  -0.00000000     0.00000000   0.00000000    -0.02273080  -0.00480340
    7    3
  0.01095440  -0.00821612    -0.00000000   0.00000000    -0.00142390  -0.03453399
 -0.00000000   0.00000000    -0.00858631   0.00383305    -0.00000000   0.00000000
  0.01256941  -0.02234404    -0.00000000   0.00000000     0.01095440  -0.00821612
    7    4
 -0.00499469   0.00122523    -0.00224850   0.00293805    -0.00118009   0.00522113
 -0.00615545   0.00145388    -0.00236991  -0.00103025     0.02322760   0.00011295
 -0.00593371   0.00551701     0.00792656  -0.01008610    -0.01793351  -0.00000404
    7    5
  0.00499469  -0.00122523    -0.00224850   0.00293805     0.00118009  -0.00522113
 -0.00615545   0.00145388     0.00236991   0.00103025     0.02322760   0.00011295
  0.00593371  -0.00551701     0.00792656  -0.01008610     0.01793351   0.00000404
    7    6
 -0.00323190  -0.01399504    -0.00000000  -0.00000000    -0.00392917   0.01361789
  0.00000000   0.00000000     0.02052999   0.00170235     0.00000000   0.00000000
 -0.00392917   0.01361789     0.00000000   0.00000000    -0.02694168  -0.00156833
    7    7
  0.04406517  -0.00000000     0.00000000   0.00000000     0.00140609  -0.00828026
  0.00000000  -0.00000000     0.02901109  -0.00000000    -0.00000000   0.00000000
  0.00140609   0.00828026    -0.00000000   0.00000000     0.05553991  -0.00000000

     Dynamical  Matrix in cartesian axes

     q = (    0.216506351   0.866025404  -0.216506351 ) 

    1    1
  0.14548067  -0.00000000     0.00000000  -0.00000000    -0.00335157   0.00000000
  0.00000000  -0.00000000     0.02719847  -0.00000000    -0.00000000   0.00000000
 -0.00335157   0.00000000    -0.00000000   0.00000000     0.14548067  -0.00000000
    1    2
  0.01530163  -0.01147553     0.00000000   0.00000000    -0.02341286  -0.01218239
 -0.00000000   0.00000000     0.00496858  -0.00665182     0.00000000  -0.00000000
  0.03051608   0.05418809     0.00000000  -0.00000000    -0.01906936   0.00888472
    1    3
 -0.01530163  -0.01147553    -0.00000000  -0.00000000     0.02341286  -0.01218239
  0.00000000   0.00000000    -0.00496858  -0.00665182    -0.00000000   0.00000000
 -0.03051608   0.05418809    -0.00000000  -0.00000000     0.01906936   0.00888472
    1    4
 -0.00375473   0.00375473    -0.01787738  -0.01787738    -0.01602675   0.01602675
 -0.00625100  -0.00625100    -0.00000000  -0.00000000     0.00625100   0.00625100
  0.01602675  -0.01602675     0.01787738   0.01787738     0.00375473  -0.00375473
    1    5
  0.00375473   0.00375473     0.01787738  -0.01787738     0.01602675   0.01602675
  0.00625100  -0.00625100     0.00000000  -0.00000000    -0.00625100   0.00625100
 -0.01602675  -0.01602675    -0.01787738   0.01787738    -0.00375473  -0.00375473
    1    6
  0.01906936  -0.00888472     0.00000000   0.00000000    -0.03051608  -0.05418809
 -0.00000000   0.00000000    -0.00496858   0.00665182     0.00000000  -0.00000000
  0.02341286   0.01218239     0.00000000  -0.00000000    -0.01530163   0.01147553
    1    7
 -0.01906936  -0.00888472     0.00000000   0.00000000     0.03051608  -0.05418809
  0.00000000   0.00000000     0.00496858   0.00665182    -0.00000000  -0.00000000
 -0.02341286   0.01218239     0.00000000   0.00000000     0.01530163   0.01147553
    2    1
  0.01530163   0.01147553    -0.00000000   0.00000000     0.03051608  -0.05418809
 -0.00000000   0.00000000     0.00496858   0.00665182     0.00000000   0.00000000
 -0.02341286   0.01218239     0.00000000   0.00000000    -0.01906936  -0.00888472
    2    2
  0.05553991   0.00000000     0.00000000  -0.00000000    -0.00140609   0.00828026
  0.00000000   0.00000000     0.02901109   0.00000000    -0.00000000  -0.00000000
 -0.00140609  -0.00828026    -0.00000000   0.00000000     0.04406517  -0.00000000
    2    3
  0.00156833   0.02694168    -0.00000000  -0.00000000     0.01361789  -0.00392917
 -0.00000000  -0.00000000    -0.00170235  -0.02052999    -0.00000000  -0.00000000
  0.01361789  -0.00392917    -0.00000000  -0.00000000     0.01399504   0.00323190
    2    4
 -0.00000404  -0.01793351     0.01008610  -0.00792656    -0.00551701   0.00593371
 -0.00011295  -0.02322760    -0.00103025  -0.00236991     0.00145388  -0.00615545
 -0.00522113   0.00118009     0.00293805  -0.00224850     0.00122523  -0.00499469
    2    5
 -0.01793351   0.00000404     0.00792656   0.01008610     0.00593371   0.00551701
  0.02322760  -0.00011295    -0.00236991   0.00103025     0.00615545   0.00145388
  0.00118009   0.00522113     0.00224850   0.00293805    -0.00499469  -0.00122523
    2    6
  0.02273080  -0.00480340    -0.00000000   0.00000000    -0.00584511  -0.00000000
 -0.00000000   0.00000000     0.00785536   0.00000000    -0.00000000  -0.00000000
  0.01983429   0.00000000    -0.00000000  -0.00000000     0.02273080   0.00480340
    2    7
 -0.00821612   0.01095440    -0.00000000   0.00000000     0.02234404  -0.01256941
 -0.00000000   0.00000000     0.00383305  -0.00858631     0.00000000  -0.00000000
  0.03453399   0.00142390     0.00000000   0.00000000    -0.00821612   0.01095440
    3    1
 -0.01530163   0.01147553     0.00000000   0.00000000    -0.03051608  -0.05418809
 -0.00000000   0.00000000    -0.00496858   0.00665182    -0.00000000   0.00000000
  0.02341286   0.01218239    -0.00000000   0.00000000     0.01906936  -0.00888472
    3    2
  0.00156833  -0.02694168    -0.00000000   0.00000000     0.01361789   0.00392917
 -0.00000000   0.00000000    -0.00170235   0.02052999    -0.00000000   0.00000000
  0.01361789   0.00392917    -0.00000000   0.00000000     0.01399504  -0.00323190
    3    3
  0.05553991  -0.00000000     0.00000000   0.00000000    -0.00140609  -0.00828026
  0.00000000  -0.00000000     0.02901109   0.00000000    -0.00000000   0.00000000
 -0.00140609   0.00828026    -0.00000000   0.00000000     0.04406517  -0.00000000
    3    4
 -0.01793351  -0.00000404     0.00792656  -0.01008610     0.00593371  -0.00551701
  0.02322760   0.00011295    -0.00236991  -0.00103025     0.00615545  -0.00145388
  0.00118009  -0.00522113     0.00224850  -0.00293805    -0.00499469   0.00122523
    3    5
 -0.00000404   0.01793351     0.01008610   0.00792656    -0.00551701  -0.00593371
 -0.00011295   0.02322760    -0.00103025   0.00236991     0.00145388   0.00615545
 -0.00522113  -0.00118009     0.00293805   0.00224850     0.00122523   0.00499469
    3    6
 -0.00821612  -0.01095440    -0.00000000  -0.00000000     0.02234404   0.01256941
 -0.00000000  -0.00000000     0.00383305   0.00858631    -0.00000000   0.00000000
  0.03453399  -0.00142390    -0.00000000   0.00000000    -0.00821612  -0.01095440
    3    7
  0.02273080   0.00480340    -0.00000000  -0.00000000    -0.00584511   0.00000000
 -0.00000000  -0.00000000     0.00785536  -0.00000000    -0.00000000   0.00000000
  0.01983429  -0.00000000    -0.00000000   0.00000000     0.02273080  -0.00480340
    4    1
 -0.00375473  -0.00375473    -0.00625100   0.00625100     0.01602675   0.01602675
 -0.01787738   0.01787738    -0.00000000   0.00000000     0.01787738  -0.01787738
 -0.01602675  -0.01602675     0.00625100  -0.00625100     0.00375473   0.00375473
    4    2
 -0.00000404   0.01793351    -0.00011295   0.02322760    -0.00522113  -0.00118009
  0.01008610   0.00792656    -0.00103025   0.00236991     0.00293805   0.00224850
 -0.00551701  -0.00593371     0.00145388   0.00615545     0.00122523   0.00499469
    4    3
 -0.01793351   0.00000404     0.02322760  -0.00011295     0.00118009   0.00522113
  0.00792656   0.01008610    -0.00236991   0.00103025     0.00224850   0.00293805
  0.00593371   0.00551701     0.00615545   0.00145388    -0.00499469  -0.00122523
    4    4
  0.03629144  -0.00000000    -0.00000000   0.00264185     0.00167578   0.00000000
 -0.00000000  -0.00264185     0.01720956  -0.00000000    -0.00000000  -0.00264185
  0.00167578  -0.00000000    -0.00000000   0.00264185     0.03629144  -0.00000000
    4    5
  0.00000000   0.01176721    -0.00607573   0.00000000     0.00000000   0.00851386
 -0.00607573   0.00000000     0.00000000   0.00347065    -0.00607573   0.00000000
  0.00000000   0.00851386    -0.00607573   0.00000000     0.00000000   0.01176721
    4    6
  0.00122523   0.00499469     0.00145388   0.00615545    -0.00551701  -0.00593371
  0.00293805   0.00224850    -0.00103025   0.00236991     0.01008610   0.00792656
 -0.00522113  -0.00118009    -0.00011295   0.02322760    -0.00000404   0.01793351
    4    7
 -0.00499469  -0.00122523     0.00615545   0.00145388     0.00593371   0.00551701
  0.00224850   0.00293805    -0.00236991   0.00103025     0.00792656   0.01008610
  0.00118009   0.00522113     0.02322760  -0.00011295    -0.01793351   0.00000404
    5    1
  0.00375473  -0.00375473     0.00625100   0.00625100    -0.01602675   0.01602675
  0.01787738   0.01787738     0.00000000   0.00000000    -0.01787738  -0.01787738
  0.01602675  -0.01602675    -0.00625100  -0.00625100    -0.00375473   0.00375473
    5    2
 -0.01793351  -0.00000404     0.02322760   0.00011295     0.00118009  -0.00522113
  0.00792656  -0.01008610    -0.00236991  -0.00103025     0.00224850  -0.00293805
  0.00593371  -0.00551701     0.00615545  -0.00145388    -0.00499469   0.00122523
    5    3
 -0.00000404  -0.01793351    -0.00011295  -0.02322760    -0.00522113   0.00118009
  0.01008610  -0.00792656    -0.00103025  -0.00236991     0.00293805  -0.00224850
 -0.00551701   0.00593371     0.00145388  -0.00615545     0.00122523  -0.00499469
    5    4
  0.00000000  -0.01176721    -0.00607573  -0.00000000     0.00000000  -0.00851386
 -0.00607573  -0.00000000     0.00000000  -0.00347065    -0.00607573  -0.00000000
  0.00000000  -0.00851386    -0.00607573  -0.00000000     0.00000000  -0.01176721
    5    5
  0.03629144  -0.00000000    -0.00000000  -0.00264185     0.00167578   0.00000000
  0.00000000   0.00264185     0.01720956  -0.00000000    -0.00000000   0.00264185
  0.00167578   0.00000000    -0.00000000  -0.00264185     0.03629144   0.00000000
    5    6
 -0.00499469   0.00122523     0.00615545  -0.00145388     0.00593371  -0.00551701
  0.00224850  -0.00293805    -0.00236991  -0.00103025     0.00792656  -0.01008610
  0.00118009  -0.00522113     0.02322760   0.00011295    -0.01793351  -0.00000404
    5    7
  0.00122523  -0.00499469     0.00145388  -0.00615545    -0.00551701   0.00593371
  0.00293805  -0.00224850    -0.00103025  -0.00236991     0.01008610  -0.00792656
 -0.00522113   0.00118009    -0.00011295  -0.02322760    -0.00000404  -0.01793351
    6    1
  0.01906936   0.00888472    -0.00000000   0.00000000     0.02341286  -0.01218239
  0.00000000  -0.00000000    -0.00496858  -0.00665182     0.00000000   0.00000000
 -0.03051608   0.05418809     0.00000000   0.00000000    -0.01530163  -0.01147553
    6    2
  0.02273080   0.00480340    -0.00000000  -0.00000000     0.01983429  -0.00000000
 -0.00000000  -0.00000000     0.00785536  -0.00000000    -0.00000000   0.00000000
 -0.00584511   0.00000000    -0.00000000   0.00000000     0.02273080  -0.00480340
    6    3
 -0.00821612   0.01095440    -0.00000000   0.00000000     0.03453399   0.00142390
 -0.00000000   0.00000000     0.00383305  -0.00858631    -0.00000000  -0.00000000
  0.02234404  -0.01256941    -0.00000000  -0.00000000    -0.00821612   0.01095440
    6    4
  0.00122523  -0.00499469     0.00293805  -0.00224850    -0.00522113   0.00118009
  0.00145388  -0.00615545    -0.00103025  -0.00236991    -0.00011295  -0.02322760
 -0.00551701   0.00593371     0.01008610  -0.00792656    -0.00000404  -0.01793351
    6    5
 -0.00499469  -0.00122523     0.00224850   0.00293805     0.00118009   0.00522113
  0.00615545   0.00145388    -0.00236991   0.00103025     0.02322760  -0.00011295
  0.00593371   0.00551701     0.00792656   0.01008610    -0.01793351   0.00000404
    6    6
  0.04406517   0.00000000     0.00000000   0.00000000    -0.00140609  -0.00828026
  0.00000000  -0.00000000     0.02901109   0.00000000    -0.00000000   0.00000000
 -0.00140609   0.00828026    -0.00000000   0.00000000     0.05553991   0.00000000
    6    7
  0.01399504   0.00323190    -0.00000000  -0.00000000     0.01361789  -0.00392917
 -0.00000000   0.00000000    -0.00170235  -0.02052999    -0.00000000  -0.00000000
  0.01361789  -0.00392917     0.00000000  -0.00000000     0.00156833   0.02694168
    7    1
 -0.01906936   0.00888472     0.00000000  -0.00000000    -0.02341286  -0.01218239
  0.00000000  -0.00000000     0.00496858  -0.00665182     0.00000000   0.00000000
  0.03051608   0.05418809    -0.00000000   0.00000000     0.01530163  -0.01147553
    7    2
 -0.00821612  -0.01095440    -0.00000000  -0.00000000     0.03453399  -0.00142390
 -0.00000000  -0.00000000     0.00383305   0.00858631     0.00000000   0.00000000
  0.02234404   0.01256941     0.00000000   0.00000000    -0.00821612  -0.01095440
    7    3
  0.02273080  -0.00480340    -0.00000000   0.00000000     0.01983429   0.00000000
  0.00000000   0.00000000     0.00785536   0.00000000    -0.00000000  -0.00000000
 -0.00584511  -0.00000000    -0.00000000  -0.00000000     0.02273080   0.00480340
    7    4
 -0.00499469   0.00122523     0.00224850  -0.00293805     0.00118009  -0.00522113
  0.00615545  -0.00145388    -0.00236991  -0.00103025     0.02322760   0.00011295
  0.00593371  -0.00551701     0.00792656  -0.01008610    -0.01793351  -0.00000404
    7    5
  0.00122523   0.00499469     0.00293805   0.00224850    -0.00522113  -0.00118009
  0.00145388   0.00615545    -0.00103025   0.00236991    -0.00011295   0.02322760
 -0.00551701  -0.00593371     0.01008610   0.00792656    -0.00000404   0.01793351
    7    6
  0.01399504  -0.00323190    -0.00000000  -0.00000000     0.01361789   0.00392917
 -0.00000000  -0.00000000    -0.00170235   0.02052999     0.00000000   0.00000000
  0.01361789   0.00392917    -0.00000000   0.00000000     0.00156833  -0.02694168
    7    7
  0.04406517  -0.00000000     0.00000000  -0.00000000    -0.00140609   0.00828026
  0.00000000   0.00000000     0.02901109   0.00000000    -0.00000000   0.00000000
 -0.00140609  -0.00828026     0.00000000   0.00000000     0.05553991  -0.00000000

     Dynamical  Matrix in cartesian axes

     q = (    0.866025404   0.216506351  -0.216506351 ) 

    1    1
  0.02719847  -0.00000000     0.00000000  -0.00000000     0.00000000   0.00000000
  0.00000000  -0.00000000     0.14548067  -0.00000000    -0.00335157   0.00000000
 -0.00000000   0.00000000    -0.00335157   0.00000000     0.14548067  -0.00000000
    1    2
  0.00000000  -0.00000000     0.00625100  -0.00625100    -0.00625100   0.00625100
  0.01787738  -0.01787738     0.00375473   0.00375473     0.01602675   0.01602675
 -0.01787738   0.01787738    -0.01602675  -0.01602675    -0.00375473  -0.00375473
    1    3
 -0.00000000  -0.00000000    -0.00625100  -0.00625100     0.00625100   0.00625100
 -0.01787738  -0.01787738    -0.00375473   0.00375473    -0.01602675   0.01602675
  0.01787738   0.01787738     0.01602675  -0.01602675     0.00375473  -0.00375473
    1    4
 -0.00496858  -0.00665182     0.00000000   0.00000000    -0.00000000   0.00000000
  0.00000000   0.00000000    -0.01530163  -0.01147553     0.02341286  -0.01218239
 -0.00000000  -0.00000000    -0.03051608   0.05418809     0.01906936   0.00888472
    1    5
  0.00496858  -0.00665182    -0.00000000  -0.00000000     0.00000000  -0.00000000
 -0.00000000   0.00000000     0.01530163  -0.01147553    -0.02341286  -0.01218239
  0.00000000  -0.00000000     0.03051608   0.05418809    -0.01906936   0.00888472
    1    6
  0.00496858   0.00665182     0.00000000   0.00000000    -0.00000000   0.00000000
 -0.00000000   0.00000000    -0.01906936  -0.00888472     0.03051608  -0.05418809
  0.00000000  -0.00000000    -0.02341286   0.01218239     0.01530163   0.01147553
    1    7
 -0.00496858   0.00665182    -0.00000000   0.00000000     0.00000000   0.00000000
  0.00000000   0.00000000     0.01906936  -0.00888472    -0.03051608  -0.05418809
