  1.000000000000000E-002   1.26045764302382        2.13065582614097     
           8

     Dynamical  Matrix in cartesian axes

     q = (    0.216506400   0.216506400   0.216506400 ) 

    1    1
  0.02560256   0.00000000    -0.00086059  -0.00000000    -0.00086059  -0.00000000
 -0.00086059   0.00000000     0.02560256  -0.00000000    -0.00086059   0.00000000
 -0.00086059   0.00000000    -0.00086059   0.00000000     0.02560256  -0.00000000
    1    2
 -0.00164874   0.00398042    -0.00010985  -0.00237225     0.00175511  -0.00159976
  0.00559274   0.00142057    -0.00189376   0.00005407    -0.00646825  -0.00023539
 -0.00495916  -0.00295017     0.00474020   0.00440730     0.00130086   0.00137732
    1    3
 -0.00164874   0.00398042     0.00175511  -0.00159976    -0.00010985  -0.00237225
 -0.00495916  -0.00295017     0.00130086   0.00137732     0.00474020   0.00440730
  0.00559274   0.00142057    -0.00646825  -0.00023539    -0.00189376   0.00005407
    1    4
  0.00130086   0.00137732    -0.00495916  -0.00295017     0.00474020   0.00440730
  0.00175511  -0.00159976    -0.00164874   0.00398042    -0.00010985  -0.00237225
 -0.00646825  -0.00023539     0.00559274   0.00142057    -0.00189376   0.00005407
    1    5
 -0.00189376   0.00005407     0.00559274   0.00142057    -0.00646825  -0.00023539
 -0.00010985  -0.00237225    -0.00164874   0.00398042     0.00175511  -0.00159976
  0.00474020   0.00440730    -0.00495916  -0.00295017     0.00130086   0.00137732
    1    6
 -0.00189376   0.00005407    -0.00646825  -0.00023539     0.00559274   0.00142057
  0.00474020   0.00440730     0.00130086   0.00137732    -0.00495916  -0.00295017
 -0.00010985  -0.00237225     0.00175511  -0.00159976    -0.00164874   0.00398042
    1    7
  0.00130086   0.00137732     0.00474020   0.00440730    -0.00495916  -0.00295017
 -0.00646825  -0.00023539    -0.00189376   0.00005407     0.00559274   0.00142057
  0.00175511  -0.00159976    -0.00010985  -0.00237225    -0.00164874   0.00398042
    2    1
 -0.00164874  -0.00398042     0.00559274  -0.00142057    -0.00495916   0.00295017
 -0.00010985   0.00237225    -0.00189376  -0.00005407     0.00474020  -0.00440730
  0.00175511   0.00159976    -0.00646825   0.00023539     0.00130086  -0.00137732
    2    2
  0.04807270   0.00000000     0.00374687  -0.00179460     0.00374687   0.00179460
  0.00374687   0.00179460     0.02408323   0.00000000     0.00804579   0.00333580
  0.00374687  -0.00179460     0.00804579  -0.00333580     0.02408323  -0.00000000
    2    3
  0.03290493   0.00000000     0.00650727   0.00069208     0.00650727  -0.00069208
  0.00650727   0.00069208    -0.01092639   0.00319124    -0.00747704  -0.00000000
  0.00650727  -0.00069208    -0.00747704  -0.00000000    -0.01092639  -0.00319124
    2    4
 -0.01168434   0.00892241    -0.02018578   0.00540193     0.00375767   0.00787597
 -0.01469850   0.00877300    -0.01168434   0.00892241    -0.00685223   0.00605252
 -0.00685223   0.00605252     0.00375767   0.00787597     0.00599954   0.01115578
    2    5
 -0.01303803  -0.01007689    -0.01295117  -0.00000000     0.00255238  -0.00831418
  0.01434482   0.00000000    -0.01303803   0.01007689     0.00389339  -0.00115250
  0.00389339   0.00115250     0.00255238   0.00831418     0.00011691   0.00000000
    2    6
 -0.01168434  -0.00892241     0.00375767  -0.00787597    -0.02018578  -0.00540193
 -0.00685223  -0.00605252     0.00599954  -0.01115578     0.00375767  -0.00787597
 -0.01469850  -0.00877300    -0.00685223  -0.00605252    -0.01168434  -0.00892241
    2    7
 -0.01303803   0.01007689     0.00255238   0.00831418    -0.01295117   0.00000000
  0.00389339  -0.00115250     0.00011691   0.00000000     0.00255238  -0.00831418
  0.01434482   0.00000000     0.00389339   0.00115250    -0.01303803  -0.01007689
    3    1
 -0.00164874  -0.00398042    -0.00495916   0.00295017     0.00559274  -0.00142057
  0.00175511   0.00159976     0.00130086  -0.00137732    -0.00646825   0.00023539
 -0.00010985   0.00237225     0.00474020  -0.00440730    -0.00189376  -0.00005407
    3    2
  0.03290493  -0.00000000     0.00650727  -0.00069208     0.00650727   0.00069208
  0.00650727  -0.00069208    -0.01092639  -0.00319124    -0.00747704   0.00000000
  0.00650727   0.00069208    -0.00747704   0.00000000    -0.01092639   0.00319124
    3    3
  0.04807270  -0.00000000     0.00374687   0.00179460     0.00374687  -0.00179460
  0.00374687  -0.00179460     0.02408323  -0.00000000     0.00804579  -0.00333580
  0.00374687   0.00179460     0.00804579   0.00333580     0.02408323   0.00000000
    3    4
 -0.01303803   0.01007689    -0.01295117   0.00000000     0.00255238   0.00831418
  0.01434482  -0.00000000    -0.01303803  -0.01007689     0.00389339   0.00115250
  0.00389339  -0.00115250     0.00255238  -0.00831418     0.00011691  -0.00000000
    3    5
 -0.01168434  -0.00892241    -0.02018578  -0.00540193     0.00375767  -0.00787597
 -0.01469850  -0.00877300    -0.01168434  -0.00892241    -0.00685223  -0.00605252
 -0.00685223  -0.00605252     0.00375767  -0.00787597     0.00599954  -0.01115578
    3    6
 -0.01303803  -0.01007689     0.00255238  -0.00831418    -0.01295117  -0.00000000
  0.00389339   0.00115250     0.00011691  -0.00000000     0.00255238   0.00831418
  0.01434482  -0.00000000     0.00389339  -0.00115250    -0.01303803   0.01007689
    3    7
 -0.01168434   0.00892241     0.00375767   0.00787597    -0.02018578   0.00540193
 -0.00685223   0.00605252     0.00599954   0.01115578     0.00375767   0.00787597
 -0.01469850   0.00877300    -0.00685223   0.00605252    -0.01168434   0.00892241
    4    1
  0.00130086  -0.00137732     0.00175511   0.00159976    -0.00646825   0.00023539
 -0.00495916   0.00295017    -0.00164874  -0.00398042     0.00559274  -0.00142057
  0.00474020  -0.00440730    -0.00010985   0.00237225    -0.00189376  -0.00005407
    4    2
 -0.01168434  -0.00892241    -0.01469850  -0.00877300    -0.00685223  -0.00605252
 -0.02018578  -0.00540193    -0.01168434  -0.00892241     0.00375767  -0.00787597
  0.00375767  -0.00787597    -0.00685223  -0.00605252     0.00599954  -0.01115578
    4    3
 -0.01303803  -0.01007689     0.01434482   0.00000000     0.00389339   0.00115250
 -0.01295117  -0.00000000    -0.01303803   0.01007689     0.00255238   0.00831418
  0.00255238  -0.00831418     0.00389339  -0.00115250     0.00011691   0.00000000
    4    4
  0.02408323  -0.00000000     0.00374687  -0.00179460     0.00804579  -0.00333580
  0.00374687   0.00179460     0.04807270  -0.00000000     0.00374687  -0.00179460
  0.00804579   0.00333580     0.00374687   0.00179460     0.02408323   0.00000000
    4    5
 -0.01092639  -0.00319124     0.00650727  -0.00069208    -0.00747704   0.00000000
  0.00650727  -0.00069208     0.03290493  -0.00000000     0.00650727   0.00069208
 -0.00747704   0.00000000     0.00650727   0.00069208    -0.01092639   0.00319124
    4    6
  0.00599954   0.01115578    -0.00685223   0.00605252     0.00375767   0.00787597
  0.00375767   0.00787597    -0.01168434   0.00892241    -0.02018578   0.00540193
 -0.00685223   0.00605252    -0.01469850   0.00877300    -0.01168434   0.00892241
    4    7
  0.00011691  -0.00000000     0.00389339   0.00115250     0.00255238   0.00831418
  0.00255238  -0.00831418    -0.01303803  -0.01007689    -0.01295117  -0.00000000
  0.00389339  -0.00115250     0.01434482   0.00000000    -0.01303803   0.01007689
    5    1
 -0.00189376  -0.00005407    -0.00010985   0.00237225     0.00474020  -0.00440730
  0.00559274  -0.00142057    -0.00164874  -0.00398042    -0.00495916   0.00295017
 -0.00646825   0.00023539     0.00175511   0.00159976     0.00130086  -0.00137732
    5    2
 -0.01303803   0.01007689     0.01434482  -0.00000000     0.00389339  -0.00115250
 -0.01295117  -0.00000000    -0.01303803  -0.01007689     0.00255238  -0.00831418
  0.00255238   0.00831418     0.00389339   0.00115250     0.00011691  -0.00000000
    5    3
 -0.01168434   0.00892241    -0.01469850   0.00877300    -0.00685223   0.00605252
 -0.02018578   0.00540193    -0.01168434   0.00892241     0.00375767   0.00787597
  0.00375767   0.00787597    -0.00685223   0.00605252     0.00599954   0.01115578
    5    4
 -0.01092639   0.00319124     0.00650727   0.00069208    -0.00747704  -0.00000000
  0.00650727   0.00069208     0.03290493   0.00000000     0.00650727  -0.00069208
 -0.00747704   0.00000000     0.00650727  -0.00069208    -0.01092639  -0.00319124
    5    5
  0.02408323   0.00000000     0.00374687   0.00179460     0.00804579   0.00333580
  0.00374687  -0.00179460     0.04807270   0.00000000     0.00374687   0.00179460
  0.00804579  -0.00333580     0.00374687  -0.00179460     0.02408323   0.00000000
    5    6
  0.00011691   0.00000000     0.00389339  -0.00115250     0.00255238  -0.00831418
  0.00255238   0.00831418    -0.01303803   0.01007689    -0.01295117   0.00000000
  0.00389339   0.00115250     0.01434482   0.00000000    -0.01303803  -0.01007689
    5    7
  0.00599954  -0.01115578    -0.00685223  -0.00605252     0.00375767  -0.00787597
  0.00375767  -0.00787597    -0.01168434  -0.00892241    -0.02018578  -0.00540193
 -0.00685223  -0.00605252    -0.01469850  -0.00877300    -0.01168434  -0.00892241
    6    1
 -0.00189376  -0.00005407     0.00474020  -0.00440730    -0.00010985   0.00237225
 -0.00646825   0.00023539     0.00130086  -0.00137732     0.00175511   0.00159976
  0.00559274  -0.00142057    -0.00495916   0.00295017    -0.00164874  -0.00398042
    6    2
 -0.01168434   0.00892241    -0.00685223   0.00605252    -0.01469850   0.00877300
  0.00375767   0.00787597     0.00599954   0.01115578    -0.00685223   0.00605252
 -0.02018578   0.00540193     0.00375767   0.00787597    -0.01168434   0.00892241
    6    3
 -0.01303803   0.01007689     0.00389339  -0.00115250     0.01434482   0.00000000
  0.00255238   0.00831418     0.00011691   0.00000000     0.00389339   0.00115250
 -0.01295117  -0.00000000     0.00255238  -0.00831418    -0.01303803  -0.01007689
    6    4
  0.00599954  -0.01115578     0.00375767  -0.00787597    -0.00685223  -0.00605252
 -0.00685223  -0.00605252    -0.01168434  -0.00892241    -0.01469850  -0.00877300
  0.00375767  -0.00787597    -0.02018578  -0.00540193    -0.01168434  -0.00892241
    6    5
  0.00011691  -0.00000000     0.00255238  -0.00831418     0.00389339  -0.00115250
  0.00389339   0.00115250    -0.01303803  -0.01007689     0.01434482  -0.00000000
  0.00255238   0.00831418    -0.01295117   0.00000000    -0.01303803   0.01007689
    6    6
  0.02408323   0.00000000     0.00804579   0.00333580     0.00374687   0.00179460
  0.00804579  -0.00333580     0.02408323   0.00000000     0.00374687  -0.00179460
  0.00374687  -0.00179460     0.00374687   0.00179460     0.04807270   0.00000000
    6    7
 -0.01092639   0.00319124    -0.00747704  -0.00000000     0.00650727   0.00069208
 -0.00747704   0.00000000    -0.01092639  -0.00319124     0.00650727  -0.00069208
  0.00650727   0.00069208     0.00650727  -0.00069208     0.03290493  -0.00000000
    7    1
  0.00130086  -0.00137732    -0.00646825   0.00023539     0.00175511   0.00159976
  0.00474020  -0.00440730    -0.00189376  -0.00005407    -0.00010985   0.00237225
 -0.00495916   0.00295017     0.00559274  -0.00142057    -0.00164874  -0.00398042
    7    2
 -0.01303803  -0.01007689     0.00389339   0.00115250     0.01434482  -0.00000000
  0.00255238  -0.00831418     0.00011691  -0.00000000     0.00389339  -0.00115250
 -0.01295117   0.00000000     0.00255238   0.00831418    -0.01303803   0.01007689
    7    3
 -0.01168434  -0.00892241    -0.00685223  -0.00605252    -0.01469850  -0.00877300
  0.00375767  -0.00787597     0.00599954  -0.01115578    -0.00685223  -0.00605252
 -0.02018578  -0.00540193     0.00375767  -0.00787597    -0.01168434  -0.00892241
    7    4
  0.00011691   0.00000000     0.00255238   0.00831418     0.00389339   0.00115250
  0.00389339  -0.00115250    -0.01303803   0.01007689     0.01434482  -0.00000000
  0.00255238  -0.00831418    -0.01295117   0.00000000    -0.01303803  -0.01007689
    7    5
  0.00599954   0.01115578     0.00375767   0.00787597    -0.00685223   0.00605252
 -0.00685223   0.00605252    -0.01168434   0.00892241    -0.01469850   0.00877300
  0.00375767   0.00787597    -0.02018578   0.00540193    -0.01168434   0.00892241
    7    6
 -0.01092639  -0.00319124    -0.00747704  -0.00000000     0.00650727  -0.00069208
 -0.00747704   0.00000000    -0.01092639   0.00319124     0.00650727   0.00069208
  0.00650727  -0.00069208     0.00650727   0.00069208     0.03290493   0.00000000
    7    7
  0.02408323  -0.00000000     0.00804579  -0.00333580     0.00374687  -0.00179460
  0.00804579   0.00333580     0.02408323  -0.00000000     0.00374687   0.00179460
  0.00374687   0.00179460     0.00374687  -0.00179460     0.04807270  -0.00000000

     Dynamical  Matrix in cartesian axes

     q = (    0.216506400  -0.216506400   0.216506400 ) 

    1    1
  0.02560256  -0.00000000     0.00086059   0.00000000    -0.00086059   0.00000000
  0.00086059   0.00000000     0.02560256   0.00000000     0.00086059   0.00000000
 -0.00086059   0.00000000     0.00086059   0.00000000     0.02560256  -0.00000000
    1    2
 -0.00164874   0.00398042     0.00010985   0.00237225     0.00175511  -0.00159976
 -0.00559274  -0.00142057    -0.00189376   0.00005407     0.00646825   0.00023539
 -0.00495916  -0.00295017    -0.00474020  -0.00440730     0.00130086   0.00137732
    1    3
 -0.00398042  -0.00164874    -0.00159976  -0.00175511     0.00237225  -0.00010985
 -0.00295017   0.00495916    -0.00137732   0.00130086     0.00440730  -0.00474020
 -0.00142057   0.00559274    -0.00023540   0.00646825    -0.00005407  -0.00189376
    1    4
 -0.00137732  -0.00130086    -0.00295017  -0.00495916    -0.00440730  -0.00474020
 -0.00159976   0.00175511    -0.00398042   0.00164874    -0.00237225  -0.00010985
  0.00023540   0.00646825     0.00142057   0.00559274    -0.00005407   0.00189376
    1    5
 -0.00005407   0.00189376     0.00142057   0.00559274     0.00023540   0.00646825
 -0.00237225  -0.00010985    -0.00398042   0.00164874    -0.00159976   0.00175511
 -0.00440730  -0.00474020    -0.00295017  -0.00495916    -0.00137732  -0.00130086
    1    6
 -0.00005407  -0.00189376    -0.00023540   0.00646825    -0.00142057   0.00559274
  0.00440730  -0.00474020    -0.00137732   0.00130086    -0.00295017   0.00495916
  0.00237225  -0.00010985    -0.00159976  -0.00175511    -0.00398042  -0.00164874
    1    7
  0.00130086   0.00137732    -0.00474020  -0.00440730    -0.00495916  -0.00295017
  0.00646825   0.00023539    -0.00189376   0.00005407    -0.00559274  -0.00142057
  0.00175511  -0.00159976     0.00010985   0.00237225    -0.00164874   0.00398042
    2    1
 -0.00164874  -0.00398042    -0.00559274   0.00142057    -0.00495916   0.00295017
  0.00010985  -0.00237225    -0.00189376  -0.00005407    -0.00474020   0.00440730
  0.00175511   0.00159976     0.00646825  -0.00023539     0.00130086  -0.00137732
    2    2
  0.04807270   0.00000000    -0.00374687   0.00179460     0.00374687   0.00179460
 -0.00374687  -0.00179460     0.02408323   0.00000000    -0.00804579  -0.00333580
  0.00374687  -0.00179460    -0.00804579   0.00333580     0.02408323   0.00000000
    2    3
 -0.00000001   0.03290493     0.00069208  -0.00650727     0.00069208   0.00650727
  0.00069208  -0.00650727    -0.00319124  -0.01092639    -0.00000000   0.00747704
  0.00069208   0.00650727    -0.00000000   0.00747704     0.00319125  -0.01092639
    2    4
 -0.00209384  -0.01634472     0.00915785   0.00915786     0.00768382  -0.00407421
 -0.01014332  -0.01014332    -0.01634472  -0.00209384    -0.00356798  -0.00193810
  0.00193810   0.00356798     0.00407421  -0.00768382     0.00008267   0.00008267
    2    5
 -0.01457118  -0.00195298     0.01809324   0.01045377    -0.00291208   0.00822623
  0.01659686   0.00418996    -0.01457118  -0.00195298     0.00912504   0.00056549
 -0.00912504  -0.00056549     0.00291208  -0.00822623    -0.00364601   0.01213064
    2    6
  0.00892242  -0.01168434    -0.00787597  -0.00375768     0.00540194  -0.02018578
 -0.00605252   0.00685223     0.01115577   0.00599954    -0.00787597  -0.00375768
  0.00877301  -0.01469850    -0.00605252   0.00685223     0.00892242  -0.01168434
    2    7
 -0.01303803   0.01007689    -0.00255238  -0.00831418    -0.01295117  -0.00000000
 -0.00389339   0.00115250     0.00011691   0.00000000    -0.00255238   0.00831418
  0.01434482   0.00000000    -0.00389339  -0.00115250    -0.01303803  -0.01007689
    3    1
 -0.00398042   0.00164874    -0.00295017  -0.00495916    -0.00142057  -0.00559274
 -0.00159976   0.00175511    -0.00137732  -0.00130086    -0.00023540  -0.00646825
  0.00237225   0.00010985     0.00440730   0.00474020    -0.00005407   0.00189376
    3    2
 -0.00000001  -0.03290493     0.00069208   0.00650727     0.00069208  -0.00650727
  0.00069208   0.00650727    -0.00319124   0.01092639    -0.00000000  -0.00747704
  0.00069208  -0.00650727    -0.00000000  -0.00747704     0.00319125   0.01092639
    3    3
  0.04807270   0.00000000    -0.00374687  -0.00179460     0.00374687  -0.00179460
 -0.00374687   0.00179460     0.02408323   0.00000000    -0.00804579   0.00333580
  0.00374687   0.00179460    -0.00804579  -0.00333580     0.02408323   0.00000000
    3    4
 -0.01457118   0.00195298     0.01809324  -0.01045377    -0.00291208  -0.00822623
  0.01659686  -0.00418996    -0.01457118   0.00195298     0.00912504  -0.00056549
 -0.00912504   0.00056549     0.00291208   0.00822623    -0.00364601  -0.01213064
    3    5
 -0.00209384   0.01634472     0.00915785  -0.00915786     0.00768382   0.00407421
 -0.01014332   0.01014332    -0.01634472   0.00209384    -0.00356798   0.00193810
  0.00193810  -0.00356798     0.00407421   0.00768382     0.00008267  -0.00008267
    3    6
 -0.01303803  -0.01007689    -0.00255238   0.00831418    -0.01295117   0.00000000
 -0.00389339  -0.00115250     0.00011691  -0.00000000    -0.00255238  -0.00831418
  0.01434482  -0.00000000    -0.00389339   0.00115250    -0.01303803   0.01007689
    3    7
  0.00892242   0.01168434    -0.00787597   0.00375768     0.00540194   0.02018578
 -0.00605252  -0.00685223     0.01115577  -0.00599954    -0.00787597   0.00375768
  0.00877301   0.01469850    -0.00605252  -0.00685223     0.00892242   0.01168434
    4    1
 -0.00137732   0.00130086    -0.00159976  -0.00175511     0.00023540  -0.00646825
 -0.00295017   0.00495916    -0.00398042  -0.00164874     0.00142057  -0.00559274
 -0.00440730   0.00474020    -0.00237225   0.00010985    -0.00005407  -0.00189376
    4    2
 -0.00209384   0.01634472    -0.01014332   0.01014332     0.00193810  -0.00356798
  0.00915785  -0.00915786    -0.01634472   0.00209384     0.00407421   0.00768382
  0.00768382   0.00407421    -0.00356798   0.00193810     0.00008267  -0.00008267
    4    3
 -0.01457118  -0.00195298     0.01659686   0.00418996    -0.00912504  -0.00056549
  0.01809324   0.01045377    -0.01457118  -0.00195298     0.00291208  -0.00822623
 -0.00291208   0.00822623     0.00912504   0.00056549    -0.00364601   0.01213064
    4    4
  0.02408323  -0.00000000    -0.00374687  -0.00179460     0.00804579   0.00333580
 -0.00374687   0.00179460     0.04807270  -0.00000000    -0.00374687  -0.00179460
  0.00804579  -0.00333580    -0.00374687   0.00179460     0.02408323   0.00000000
    4    5
 -0.01092639   0.00319124    -0.00650727  -0.00069208    -0.00747704  -0.00000000
 -0.00650727  -0.00069208     0.03290493   0.00000000    -0.00650727   0.00069208
 -0.00747704  -0.00000000    -0.00650727   0.00069208    -0.01092639  -0.00319124
    4    6
  0.00008267   0.00008267    -0.00356798  -0.00193810     0.00768382  -0.00407421
  0.00407421  -0.00768382    -0.01634472  -0.00209384     0.00915785   0.00915786
  0.00193810   0.00356798    -0.01014332  -0.01014332    -0.00209384  -0.01634472
    4    7
 -0.00364601  -0.01213064     0.00912504  -0.00056549    -0.00291208  -0.00822623
  0.00291208   0.00822623    -0.01457118   0.00195298     0.01809324  -0.01045377
 -0.00912504   0.00056549     0.01659686  -0.00418996    -0.01457118   0.00195298
    5    1
 -0.00005407  -0.00189376    -0.00237225   0.00010985    -0.00440730   0.00474020
  0.00142057  -0.00559274    -0.00398042  -0.00164874    -0.00295017   0.00495916
  0.00023540  -0.00646825    -0.00159976  -0.00175511    -0.00137732   0.00130086
    5    2
 -0.01457118   0.00195298     0.01659686  -0.00418996    -0.00912504   0.00056549
  0.01809324  -0.01045377    -0.01457118   0.00195298     0.00291208   0.00822623
 -0.00291208  -0.00822623     0.00912504  -0.00056549    -0.00364601  -0.01213064
    5    3
 -0.00209384  -0.01634472    -0.01014332  -0.01014332     0.00193810   0.00356798
  0.00915785   0.00915786    -0.01634472  -0.00209384     0.00407421  -0.00768382
  0.00768382  -0.00407421    -0.00356798  -0.00193810     0.00008267   0.00008267
    5    4
 -0.01092639  -0.00319124    -0.00650727   0.00069208    -0.00747704   0.00000000
 -0.00650727   0.00069208     0.03290493  -0.00000000    -0.00650727  -0.00069208
 -0.00747704   0.00000000    -0.00650727  -0.00069208    -0.01092639   0.00319124
    5    5
  0.02408323   0.00000000    -0.00374687   0.00179460     0.00804579  -0.00333580
 -0.00374687  -0.00179460     0.04807270   0.00000000    -0.00374687   0.00179460
  0.00804579   0.00333580    -0.00374687  -0.00179460     0.02408323   0.00000000
    5    6
 -0.00364601   0.01213064     0.00912504   0.00056549    -0.00291208   0.00822623
  0.00291208  -0.00822623    -0.01457118  -0.00195298     0.01809324   0.01045377
 -0.00912504  -0.00056549     0.01659686   0.00418996    -0.01457118  -0.00195298
    5    7
  0.00008267  -0.00008267    -0.00356798   0.00193810     0.00768382   0.00407421
  0.00407421   0.00768382    -0.01634472   0.00209384     0.00915785  -0.00915786
  0.00193810  -0.00356798    -0.01014332   0.01014332    -0.00209384   0.01634472
    6    1
 -0.00005407   0.00189376     0.00440730   0.00474020     0.00237225   0.00010985
 -0.00023540  -0.00646825    -0.00137732  -0.00130086    -0.00159976   0.00175511
 -0.00142057  -0.00559274    -0.00295017  -0.00495916    -0.00398042   0.00164874
    6    2
  0.00892242   0.01168434    -0.00605252  -0.00685223     0.00877301   0.01469850
 -0.00787597   0.00375768     0.01115577  -0.00599954    -0.00605252  -0.00685223
  0.00540194   0.02018578    -0.00787597   0.00375768     0.00892242   0.01168434
    6    3
 -0.01303803   0.01007689    -0.00389339   0.00115250     0.01434482   0.00000000
 -0.00255238  -0.00831418     0.00011691  -0.00000000    -0.00389339  -0.00115250
 -0.01295117  -0.00000000    -0.00255238   0.00831418    -0.01303803  -0.01007689
    6    4
  0.00008267  -0.00008267     0.00407421   0.00768382     0.00193810  -0.00356798
 -0.00356798   0.00193810    -0.01634472   0.00209384    -0.01014332   0.01014332
  0.00768382   0.00407421     0.00915785  -0.00915786    -0.00209384   0.01634472
    6    5
 -0.00364601  -0.01213064     0.00291208   0.00822623    -0.00912504   0.00056549
  0.00912504  -0.00056549    -0.01457118   0.00195298     0.01659686  -0.00418996
 -0.00291208  -0.00822623     0.01809324  -0.01045377    -0.01457118   0.00195298
    6    6
  0.02408323  -0.00000000    -0.00804579  -0.00333580     0.00374687   0.00179460
 -0.00804579   0.00333580     0.02408323  -0.00000000    -0.00374687   0.00179460
  0.00374687  -0.00179460    -0.00374687  -0.00179460     0.04807270   0.00000000
    6    7
  0.00319125   0.01092639    -0.00000000  -0.00747704     0.00069208  -0.00650727
 -0.00000000  -0.00747704    -0.00319124   0.01092639     0.00069208   0.00650727
  0.00069208  -0.00650727     0.00069208   0.00650727    -0.00000001  -0.03290493
    7    1
  0.00130086  -0.00137732     0.00646825  -0.00023539     0.00175511   0.00159976
 -0.00474020   0.00440730    -0.00189376  -0.00005407     0.00010985  -0.00237225
 -0.00495916   0.00295017    -0.00559274   0.00142057    -0.00164874  -0.00398042
    7    2
 -0.01303803  -0.01007689    -0.00389339  -0.00115250     0.01434482  -0.00000000
 -0.00255238   0.00831418     0.00011691   0.00000000    -0.00389339   0.00115250
 -0.01295117   0.00000000    -0.00255238  -0.00831418    -0.01303803   0.01007689
    7    3
  0.00892242  -0.01168434    -0.00605252   0.00685223     0.00877301  -0.01469850
 -0.00787597  -0.00375768     0.01115577   0.00599954    -0.00605252   0.00685223
  0.00540194  -0.02018578    -0.00787597  -0.00375768     0.00892242  -0.01168434
    7    4
 -0.00364601   0.01213064     0.00291208  -0.00822623    -0.00912504  -0.00056549
  0.00912504   0.00056549    -0.01457118  -0.00195298     0.01659686   0.00418996
 -0.00291208   0.00822623     0.01809324   0.01045377    -0.01457118  -0.00195298
    7    5
  0.00008267   0.00008267     0.00407421  -0.00768382     0.00193810   0.00356798
 -0.00356798  -0.00193810    -0.01634472  -0.00209384    -0.01014332  -0.01014332
  0.00768382  -0.00407421     0.00915785   0.00915786    -0.00209384  -0.01634472
    7    6
  0.00319125  -0.01092639    -0.00000000   0.00747704     0.00069208   0.00650727
 -0.00000000   0.00747704    -0.00319124  -0.01092639     0.00069208  -0.00650727
  0.00069208   0.00650727     0.00069208  -0.00650727    -0.00000001   0.03290493
    7    7
  0.02408323   0.00000000    -0.00804579   0.00333580     0.00374687  -0.00179460
 -0.00804579  -0.00333580     0.02408323   0.00000000    -0.00374687  -0.00179460
  0.00374687   0.00179460    -0.00374687   0.00179460     0.04807270   0.00000000

     Dynamical  Matrix in cartesian axes

     q = (   -0.216506400   0.216506400   0.216506400 ) 

    1    1
  0.02560256  -0.00000000     0.00086059   0.00000000     0.00086059   0.00000000
  0.00086059   0.00000000     0.02560256  -0.00000000    -0.00086059  -0.00000000
  0.00086059   0.00000000    -0.00086059  -0.00000000     0.02560256  -0.00000000
    1    2
 -0.00398042   0.00164874    -0.00237225  -0.00010985    -0.00159976   0.00175511
  0.00142057   0.00559274    -0.00005407   0.00189376     0.00023540   0.00646825
 -0.00295017  -0.00495916    -0.00440730  -0.00474020    -0.00137732  -0.00130086
    1    3
 -0.00398042   0.00164874    -0.00159976   0.00175511    -0.00237225  -0.00010985
 -0.00295017  -0.00495916    -0.00137732  -0.00130086    -0.00440730  -0.00474020
  0.00142057   0.00559274     0.00023540   0.00646825    -0.00005407   0.00189376
    1    4
 -0.00137732   0.00130086    -0.00295017   0.00495916     0.00440730  -0.00474020
 -0.00159976  -0.00175511    -0.00398042  -0.00164874     0.00237225  -0.00010985
 -0.00023540   0.00646825    -0.00142057   0.00559274    -0.00005407  -0.00189376
    1    5
 -0.00189376   0.00005407    -0.00559274  -0.00142057     0.00646825   0.00023539
  0.00010985   0.00237225    -0.00164874   0.00398042     0.00175511  -0.00159976
 -0.00474020  -0.00440730    -0.00495916  -0.00295017     0.00130086   0.00137732
    1    6
 -0.00189376   0.00005407     0.00646825   0.00023539    -0.00559274  -0.00142057
 -0.00474020  -0.00440730     0.00130086   0.00137732    -0.00495916  -0.00295017
  0.00010985   0.00237225     0.00175511  -0.00159976    -0.00164874   0.00398042
    1    7
 -0.00137732   0.00130086     0.00440730  -0.00474020    -0.00295017   0.00495916
 -0.00023540   0.00646825    -0.00005407  -0.00189376    -0.00142057   0.00559274
 -0.00159976  -0.00175511     0.00237225  -0.00010985    -0.00398042  -0.00164874
    2    1
 -0.00398042  -0.00164874     0.00142057  -0.00559274    -0.00295017   0.00495916
 -0.00237225   0.00010985    -0.00005407  -0.00189376    -0.00440730   0.00474020
 -0.00159976  -0.00175511     0.00023540  -0.00646825    -0.00137732   0.00130086
    2    2
  0.04807270   0.00000000    -0.00374687  -0.00179460    -0.00374687   0.00179460
 -0.00374687   0.00179460     0.02408323   0.00000000     0.00804579  -0.00333580
 -0.00374687  -0.00179460     0.00804579   0.00333580     0.02408323  -0.00000000
    2    3
  0.03290493  -0.00000000    -0.00650727   0.00069208    -0.00650727  -0.00069208
 -0.00650727   0.00069208    -0.01092639  -0.00319124    -0.00747704   0.00000000
 -0.00650727  -0.00069208    -0.00747704   0.00000000    -0.01092639   0.00319124
    2    4
 -0.01634472  -0.00209384     0.00915785   0.00915786     0.00407421  -0.00768382
 -0.01014332  -0.01014332    -0.00209384  -0.01634472     0.00193810   0.00356798
 -0.00356798  -0.00193810     0.00768382  -0.00407421     0.00008267   0.00008267
    2    5
 -0.01457118   0.00195298     0.01809324  -0.01045377     0.00291208   0.00822623
  0.01659686  -0.00418996    -0.01457118   0.00195298    -0.00912504   0.00056549
  0.00912504  -0.00056549    -0.00291208  -0.00822623    -0.00364601  -0.01213064
    2    6
 -0.01634472   0.00209384     0.00407421   0.00768382     0.00915785  -0.00915786
 -0.00356798   0.00193810     0.00008267  -0.00008267     0.00768382   0.00407421
 -0.01014332   0.01014332     0.00193810  -0.00356798    -0.00209384   0.01634472
    2    7
 -0.01457118  -0.00195298     0.00291208  -0.00822623     0.01809324   0.01045377
  0.00912504   0.00056549    -0.00364601   0.01213064    -0.00291208   0.00822623
  0.01659686   0.00418996    -0.00912504  -0.00056549    -0.01457118  -0.00195298
    3    1
 -0.00398042  -0.00164874    -0.00295017   0.00495916     0.00142057  -0.00559274
 -0.00159976  -0.00175511    -0.00137732   0.00130086     0.00023540  -0.00646825
 -0.00237225   0.00010985    -0.00440730   0.00474020    -0.00005407  -0.00189376
    3    2
  0.03290493   0.00000000    -0.00650727  -0.00069208    -0.00650727   0.00069208
 -0.00650727  -0.00069208    -0.01092639   0.00319124    -0.00747704  -0.00000000
 -0.00650727   0.00069208    -0.00747704  -0.00000000    -0.01092639  -0.00319124
    3    3
  0.04807270  -0.00000000    -0.00374687   0.00179460    -0.00374687  -0.00179460
 -0.00374687  -0.00179460     0.02408323  -0.00000000     0.00804579   0.00333580
 -0.00374687   0.00179460     0.00804579  -0.00333580     0.02408323   0.00000000
    3    4
 -0.01457118  -0.00195298     0.01809324   0.01045377     0.00291208  -0.00822623
  0.01659686   0.00418996    -0.01457118  -0.00195298    -0.00912504  -0.00056549
  0.00912504   0.00056549    -0.00291208   0.00822623    -0.00364601   0.01213064
    3    5
 -0.01634472   0.00209384     0.00915785  -0.00915786     0.00407421   0.00768382
 -0.01014332   0.01014332    -0.00209384   0.01634472     0.00193810  -0.00356798
 -0.00356798   0.00193810     0.00768382   0.00407421     0.00008267  -0.00008267
    3    6
 -0.01457118   0.00195298     0.00291208   0.00822623     0.01809324  -0.01045377
  0.00912504  -0.00056549    -0.00364601  -0.01213064    -0.00291208  -0.00822623
  0.01659686  -0.00418996    -0.00912504   0.00056549    -0.01457118   0.00195298
    3    7
 -0.01634472  -0.00209384     0.00407421  -0.00768382     0.00915785   0.00915786
 -0.00356798  -0.00193810     0.00008267   0.00008267     0.00768382  -0.00407421
 -0.01014332  -0.01014332     0.00193810   0.00356798    -0.00209384  -0.01634472
    4    1
 -0.00137732  -0.00130086    -0.00159976   0.00175511    -0.00023540  -0.00646825
 -0.00295017  -0.00495916    -0.00398042   0.00164874    -0.00142057  -0.00559274
  0.00440730   0.00474020     0.00237225   0.00010985    -0.00005407   0.00189376
    4    2
 -0.01634472   0.00209384    -0.01014332   0.01014332    -0.00356798   0.00193810
  0.00915785  -0.00915786    -0.00209384   0.01634472     0.00768382   0.00407421
  0.00407421   0.00768382     0.00193810  -0.00356798     0.00008267  -0.00008267
    4    3
 -0.01457118   0.00195298     0.01659686  -0.00418996     0.00912504  -0.00056549
  0.01809324  -0.01045377    -0.01457118   0.00195298    -0.00291208  -0.00822623
  0.00291208   0.00822623    -0.00912504   0.00056549    -0.00364601  -0.01213064
    4    4
  0.02408323   0.00000000    -0.00374687   0.00179460    -0.00804579   0.00333580
 -0.00374687  -0.00179460     0.04807270   0.00000000     0.00374687  -0.00179460
 -0.00804579  -0.00333580     0.00374687   0.00179460     0.02408323  -0.00000000
    4    5
 -0.00319124   0.01092639     0.00069208   0.00650727    -0.00000000  -0.00747704
  0.00069208   0.00650727    -0.00000001  -0.03290493     0.00069208  -0.00650727
 -0.00000000  -0.00747704     0.00069208  -0.00650727     0.00319125   0.01092639
    4    6
  0.01115577  -0.00599954    -0.00605252  -0.00685223    -0.00787597   0.00375768
 -0.00787597   0.00375768     0.00892242   0.01168434     0.00540194   0.02018578
 -0.00605252  -0.00685223     0.00877301   0.01469850     0.00892242   0.01168434
    4    7
  0.00011691   0.00000000    -0.00389339  -0.00115250    -0.00255238  -0.00831418
 -0.00255238   0.00831418    -0.01303803  -0.01007689    -0.01295117   0.00000000
 -0.00389339   0.00115250     0.01434482  -0.00000000    -0.01303803   0.01007689
    5    1
 -0.00189376  -0.00005407     0.00010985  -0.00237225    -0.00474020   0.00440730
 -0.00559274   0.00142057    -0.00164874  -0.00398042    -0.00495916   0.00295017
  0.00646825  -0.00023539     0.00175511   0.00159976     0.00130086  -0.00137732
    5    2
 -0.01457118  -0.00195298     0.01659686   0.00418996     0.00912504   0.00056549
  0.01809324   0.01045377    -0.01457118  -0.00195298    -0.00291208   0.00822623
  0.00291208  -0.00822623    -0.00912504  -0.00056549    -0.00364601   0.01213064
    5    3
 -0.01634472  -0.00209384    -0.01014332  -0.01014332    -0.00356798  -0.00193810
  0.00915785   0.00915786    -0.00209384  -0.01634472     0.00768382  -0.00407421
  0.00407421  -0.00768382     0.00193810   0.00356798     0.00008267   0.00008267
    5    4
 -0.00319124  -0.01092639     0.00069208  -0.00650727    -0.00000000   0.00747704
  0.00069208  -0.00650727    -0.00000001   0.03290493     0.00069208   0.00650727
 -0.00000000   0.00747704     0.00069208   0.00650727     0.00319125  -0.01092639
    5    5
  0.02408323   0.00000000    -0.00374687  -0.00179460    -0.00804579  -0.00333580
 -0.00374687   0.00179460     0.04807270   0.00000000     0.00374687   0.00179460
 -0.00804579   0.00333580     0.00374687  -0.00179460     0.02408323   0.00000000
    5    6
  0.00011691   0.00000000    -0.00389339   0.00115250    -0.00255238   0.00831418
 -0.00255238  -0.00831418    -0.01303803   0.01007689    -0.01295117  -0.00000000
 -0.00389339  -0.00115250     0.01434482   0.00000000    -0.01303803  -0.01007689
    5    7
  0.01115577   0.00599954    -0.00605252   0.00685223    -0.00787597  -0.00375768
 -0.00787597  -0.00375768     0.00892242  -0.01168434     0.00540194  -0.02018578
 -0.00605252   0.00685223     0.00877301  -0.01469850     0.00892242  -0.01168434
    6    1
 -0.00189376  -0.00005407    -0.00474020   0.00440730     0.00010985  -0.00237225
  0.00646825  -0.00023539     0.00130086  -0.00137732     0.00175511   0.00159976
 -0.00559274   0.00142057    -0.00495916   0.00295017    -0.00164874  -0.00398042
    6    2
 -0.01634472  -0.00209384    -0.00356798  -0.00193810    -0.01014332  -0.01014332
  0.00407421  -0.00768382     0.00008267   0.00008267     0.00193810   0.00356798
  0.00915785   0.00915786     0.00768382  -0.00407421    -0.00209384  -0.01634472
    6    3
 -0.01457118  -0.00195298     0.00912504   0.00056549     0.01659686   0.00418996
  0.00291208  -0.00822623    -0.00364601   0.01213064    -0.00912504  -0.00056549
  0.01809324   0.01045377    -0.00291208   0.00822623    -0.01457118  -0.00195298
    6    4
  0.01115577   0.00599954    -0.00787597  -0.00375768    -0.00605252   0.00685223
 -0.00605252   0.00685223     0.00892242  -0.01168434     0.00877301  -0.01469850
 -0.00787597  -0.00375768     0.00540194  -0.02018578     0.00892242  -0.01168434
    6    5
  0.00011691   0.00000000    -0.00255238   0.00831418    -0.00389339   0.00115250
 -0.00389339  -0.00115250    -0.01303803  -0.01007689     0.01434482  -0.00000000
 -0.00255238  -0.00831418    -0.01295117   0.00000000    -0.01303803   0.01007689
    6    6
  0.02408323   0.00000000    -0.00804579  -0.00333580    -0.00374687  -0.00179460
 -0.00804579   0.00333580     0.02408323  -0.00000000     0.00374687  -0.00179460
 -0.00374687   0.00179460     0.00374687   0.00179460     0.04807270   0.00000000
    6    7
 -0.00319124  -0.01092639    -0.00000000   0.00747704     0.00069208  -0.00650727
 -0.00000000   0.00747704     0.00319125  -0.01092639     0.00069208   0.00650727
  0.00069208  -0.00650727     0.00069208   0.00650727    -0.00000001   0.03290493
    7    1
 -0.00137732  -0.00130086    -0.00023540  -0.00646825    -0.00159976   0.00175511
  0.00440730   0.00474020    -0.00005407   0.00189376     0.00237225   0.00010985
 -0.00295017  -0.00495916    -0.00142057  -0.00559274    -0.00398042   0.00164874
    7    2
 -0.01457118   0.00195298     0.00912504  -0.00056549     0.01659686  -0.00418996
  0.00291208   0.00822623    -0.00364601  -0.01213064    -0.00912504   0.00056549
  0.01809324  -0.01045377    -0.00291208  -0.00822623    -0.01457118   0.00195298
    7    3
 -0.01634472   0.00209384    -0.00356798   0.00193810    -0.01014332   0.01014332
  0.00407421   0.00768382     0.00008267  -0.00008267     0.00193810  -0.00356798
  0.00915785  -0.00915786     0.00768382   0.00407421    -0.00209384   0.01634472
    7    4
  0.00011691  -0.00000000    -0.00255238  -0.00831418    -0.00389339  -0.00115250
 -0.00389339   0.00115250    -0.01303803   0.01007689     0.01434482   0.00000000
 -0.00255238   0.00831418    -0.01295117  -0.00000000    -0.01303803  -0.01007689
    7    5
  0.01115577  -0.00599954    -0.00787597   0.00375768    -0.00605252  -0.00685223
 -0.00605252  -0.00685223     0.00892242   0.01168434     0.00877301   0.01469850
 -0.00787597   0.00375768     0.00540194   0.02018578     0.00892242   0.01168434
    7    6
 -0.00319124   0.01092639    -0.00000000  -0.00747704     0.00069208   0.00650727
 -0.00000000  -0.00747704     0.00319125   0.01092639     0.00069208  -0.00650727
  0.00069208   0.00650727     0.00069208  -0.00650727    -0.00000001  -0.03290493
    7    7
  0.02408323  -0.00000000    -0.00804579   0.00333580    -0.00374687   0.00179460
 -0.00804579  -0.00333580     0.02408323   0.00000000     0.00374687   0.00179460
 -0.00374687  -0.00179460     0.00374687  -0.00179460     0.04807270   0.00000000

     Dynamical  Matrix in cartesian axes

     q = (   -0.216506400  -0.216506400  -0.216506400 ) 

    1    1
  0.02560256   0.00000000    -0.00086059  -0.00000000    -0.00086059   0.00000000
 -0.00086059   0.00000000     0.02560256  -0.00000000    -0.00086059  -0.00000000
 -0.00086059   0.00000000    -0.00086059   0.00000000     0.02560256  -0.00000000
    1    2
 -0.00164874  -0.00398042    -0.00010985   0.00237225     0.00175511   0.00159976
  0.00559274  -0.00142057    -0.00189376  -0.00005407    -0.00646825   0.00023539
 -0.00495916   0.00295017     0.00474020  -0.00440730     0.00130086  -0.00137732
    1    3
 -0.00164874  -0.00398042     0.00175511   0.00159976    -0.00010985   0.00237225
 -0.00495916   0.00295017     0.00130086  -0.00137732     0.00474020  -0.00440730
  0.00559274  -0.00142057    -0.00646825   0.00023539    -0.00189376  -0.00005407
    1    4
  0.00130086  -0.00137732    -0.00495916   0.00295017     0.00474020  -0.00440730
  0.00175511   0.00159976    -0.00164874  -0.00398042    -0.00010985   0.00237225
 -0.00646825   0.00023539     0.00559274  -0.00142057    -0.00189376  -0.00005407
    1    5
 -0.00189376  -0.00005407     0.00559274  -0.00142057    -0.00646825   0.00023539
 -0.00010985   0.00237225    -0.00164874  -0.00398042     0.00175511   0.00159976
  0.00474020  -0.00440730    -0.00495916   0.00295017     0.00130086  -0.00137732
    1    6
 -0.00189376  -0.00005407    -0.00646825   0.00023539     0.00559274  -0.00142057
  0.00474020  -0.00440730     0.00130086  -0.00137732    -0.00495916   0.00295017
 -0.00010985   0.00237225     0.00175511   0.00159976    -0.00164874  -0.00398042
    1    7
  0.00130086  -0.00137732     0.00474020  -0.00440730    -0.00495916   0.00295017
 -0.00646825   0.00023539    -0.00189376  -0.00005407     0.00559274  -0.00142057
