  1.500000000000000E-002   1.26023585003145        2.23508645248256     
          12

     Dynamical  Matrix in cartesian axes

     q = (   -0.866025404  -0.216506351  -0.216506351 ) 

    1    1
  0.01933999   0.00000000     0.00000000  -0.00000000    -0.00000000  -0.00000000
  0.00000000  -0.00000000     0.14523718   0.00000000     0.00614629   0.00000000
 -0.00000000  -0.00000000     0.00614629   0.00000000     0.14523718   0.00000000
    1    2
  0.00000000  -0.00000000    -0.00497801   0.00497801    -0.00497801   0.00497801
 -0.01779434   0.01779434     0.00199757   0.00199757    -0.01790587  -0.01790587
 -0.01779434   0.01779434     0.01790587   0.01790587    -0.00199757  -0.00199757
    1    3
  0.00000000  -0.00000000    -0.00497801   0.00497801    -0.00497801   0.00497801
 -0.01779434   0.01779434    -0.00199757  -0.00199757     0.01790587   0.01790587
 -0.01779434   0.01779434    -0.01790587  -0.01790587     0.00199757   0.00199757
    1    4
 -0.00329591   0.00531713    -0.00000000  -0.00000000    -0.00000000   0.00000000
  0.00000000  -0.00000000    -0.01955443   0.01251556    -0.02391976  -0.01471860
 -0.00000000  -0.00000000     0.03624074   0.05429239     0.01809153  -0.01304308
    1    5
 -0.00531713   0.00329591     0.00000000   0.00000000    -0.00000000   0.00000000
  0.00000000  -0.00000000    -0.01251556   0.01955443     0.01471860   0.02391976
  0.00000000   0.00000000    -0.05429239  -0.03624074     0.01304308  -0.01809153
    1    6
 -0.00531713   0.00329591    -0.00000000  -0.00000000     0.00000000  -0.00000000
  0.00000000   0.00000000     0.01304308  -0.01809153    -0.05429239  -0.03624074
  0.00000000  -0.00000000     0.01471860   0.02391976    -0.01251556   0.01955443
    1    7
 -0.00329591   0.00531713    -0.00000000  -0.00000000    -0.00000000  -0.00000000
 -0.00000000  -0.00000000     0.01809153  -0.01304308     0.03624074   0.05429239
  0.00000000  -0.00000000    -0.02391976  -0.01471860    -0.01955443   0.01251556
    2    1
  0.00000000   0.00000000    -0.01779434  -0.01779434    -0.01779434  -0.01779434
 -0.00497801  -0.00497801     0.00199757  -0.00199757     0.01790587  -0.01790587
 -0.00497801  -0.00497801    -0.01790587   0.01790587    -0.00199757   0.00199757
    2    2
  0.01254603   0.00000000     0.00000000  -0.00339346    -0.00000000   0.00339346
  0.00000000   0.00339346     0.03030226   0.00000000     0.00033624   0.00000000
 -0.00000000  -0.00339346     0.00033624   0.00000000     0.03030226  -0.00000000
    2    3
  0.00581330  -0.00000000     0.00000000   0.00568136    -0.00000000  -0.00568136
  0.00000000   0.00568136     0.00679904  -0.00000000    -0.00683783   0.00000000
 -0.00000000  -0.00568136    -0.00683783   0.00000000     0.00679904  -0.00000000
    2    4
  0.00123915   0.00099789     0.00687893  -0.00982965    -0.00303654   0.00382629
  0.01701901   0.00053925     0.01846365   0.00002599    -0.00000703  -0.00594387
 -0.00407321   0.00060149     0.00687380  -0.00637924     0.00513147  -0.00060318
    2    5
 -0.00123915   0.00099789     0.00687893   0.00982965    -0.00303654  -0.00382629
  0.01701901  -0.00053925    -0.01846365   0.00002599     0.00000703  -0.00594387
 -0.00407321  -0.00060149    -0.00687380  -0.00637924    -0.00513147  -0.00060318
    2    6
  0.00123915  -0.00099789    -0.00303654  -0.00382629     0.00687893   0.00982965
 -0.00407321  -0.00060149     0.00513147   0.00060318     0.00687380   0.00637924
  0.01701901  -0.00053925    -0.00000703   0.00594387     0.01846365  -0.00002599
    2    7
 -0.00123915  -0.00099789    -0.00303654   0.00382629     0.00687893  -0.00982965
 -0.00407321   0.00060149    -0.00513147   0.00060318    -0.00687380   0.00637924
  0.01701901   0.00053925     0.00000703   0.00594387    -0.01846365  -0.00002599
    3    1
  0.00000000   0.00000000    -0.01779434  -0.01779434    -0.01779434  -0.01779434
 -0.00497801  -0.00497801    -0.00199757   0.00199757    -0.01790587   0.01790587
 -0.00497801  -0.00497801     0.01790587  -0.01790587     0.00199757  -0.00199757
    3    2
  0.00581330   0.00000000     0.00000000  -0.00568136    -0.00000000   0.00568136
  0.00000000  -0.00568136     0.00679904   0.00000000    -0.00683783  -0.00000000
 -0.00000000   0.00568136    -0.00683783  -0.00000000     0.00679904   0.00000000
    3    3
  0.01254603  -0.00000000     0.00000000   0.00339346    -0.00000000  -0.00339346
  0.00000000  -0.00339346     0.03030226  -0.00000000     0.00033624   0.00000000
 -0.00000000   0.00339346     0.00033624   0.00000000     0.03030226   0.00000000
    3    4
 -0.00123915  -0.00099789     0.00687893  -0.00982965    -0.00303654   0.00382629
  0.01701901   0.00053925    -0.01846365  -0.00002599     0.00000703   0.00594387
 -0.00407321   0.00060149    -0.00687380   0.00637924    -0.00513147   0.00060318
    3    5
  0.00123915  -0.00099789     0.00687893   0.00982965    -0.00303654  -0.00382629
  0.01701901  -0.00053925     0.01846365  -0.00002599    -0.00000703   0.00594387
 -0.00407321  -0.00060149     0.00687380   0.00637924     0.00513147   0.00060318
    3    6
 -0.00123915   0.00099789    -0.00303654  -0.00382629     0.00687893   0.00982965
 -0.00407321  -0.00060149    -0.00513147  -0.00060318    -0.00687380  -0.00637924
  0.01701901  -0.00053925     0.00000703  -0.00594387    -0.01846365   0.00002599
    3    7
  0.00123915   0.00099789    -0.00303654   0.00382629     0.00687893  -0.00982965
 -0.00407321   0.00060149     0.00513147  -0.00060318     0.00687380  -0.00637924
  0.01701901   0.00053925    -0.00000703  -0.00594387     0.01846365   0.00002599
    4    1
 -0.00329591  -0.00531713     0.00000000   0.00000000    -0.00000000   0.00000000
 -0.00000000   0.00000000    -0.01955443  -0.01251556     0.03624074  -0.05429239
 -0.00000000  -0.00000000    -0.02391976   0.01471860     0.01809153   0.01304308
    4    2
  0.00123915  -0.00099789     0.01701901  -0.00053925    -0.00407321  -0.00060149
  0.00687893   0.00982965     0.01846365  -0.00002599     0.00687380   0.00637924
 -0.00303654  -0.00382629    -0.00000703   0.00594387     0.00513147   0.00060318
    4    3
 -0.00123915   0.00099789     0.01701901  -0.00053925    -0.00407321  -0.00060149
  0.00687893   0.00982965    -0.01846365   0.00002599    -0.00687380  -0.00637924
 -0.00303654  -0.00382629     0.00000703  -0.00594387    -0.00513147  -0.00060318
    4    4
  0.01973168   0.00000000    -0.00000000  -0.00000000     0.00000000  -0.00000000
 -0.00000000   0.00000000     0.05373610  -0.00000000     0.00052930  -0.00852429
 -0.00000000  -0.00000000     0.00052930   0.00852429     0.03767848   0.00000000
    4    5
  0.01426519  -0.00191273     0.00000000   0.00000000     0.00000000  -0.00000000
  0.00000000   0.00000000    -0.03024504  -0.00101014    -0.00151370  -0.01524974
  0.00000000  -0.00000000    -0.00151370  -0.01524974    -0.00265195   0.01092695
    4    6
 -0.00559918  -0.00190197     0.00000000  -0.00000000    -0.00000000  -0.00000000
 -0.00000000  -0.00000000     0.01029604   0.00733433     0.01405507   0.02523374
 -0.00000000  -0.00000000    -0.00271860   0.02942760     0.01029604   0.00733433
    4    7
 -0.00462515   0.00000000    -0.00000000  -0.00000000     0.00000000   0.00000000
  0.00000000  -0.00000000    -0.02240560   0.00472136    -0.00931556   0.00000000
  0.00000000   0.00000000     0.01613067  -0.00000000    -0.02240560  -0.00472136
    5    1
 -0.00531713  -0.00329591     0.00000000   0.00000000    -0.00000000  -0.00000000
  0.00000000  -0.00000000    -0.01251556  -0.01955443    -0.05429239   0.03624074
 -0.00000000  -0.00000000     0.01471860  -0.02391976     0.01304308   0.01809153
    5    2
 -0.00123915  -0.00099789     0.01701901   0.00053925    -0.00407321   0.00060149
  0.00687893  -0.00982965    -0.01846365  -0.00002599    -0.00687380   0.00637924
 -0.00303654   0.00382629     0.00000703   0.00594387    -0.00513147   0.00060318
    5    3
  0.00123915   0.00099789     0.01701901   0.00053925    -0.00407321   0.00060149
  0.00687893  -0.00982965     0.01846365   0.00002599     0.00687380  -0.00637924
 -0.00303654   0.00382629    -0.00000703  -0.00594387     0.00513147  -0.00060318
    5    4
  0.01426519   0.00191273     0.00000000  -0.00000000     0.00000000   0.00000000
  0.00000000  -0.00000000    -0.03024504   0.00101014    -0.00151370   0.01524974
  0.00000000   0.00000000    -0.00151370   0.01524974    -0.00265195  -0.01092695
    5    5
  0.01973168  -0.00000000     0.00000000   0.00000000     0.00000000  -0.00000000
  0.00000000  -0.00000000     0.05373610  -0.00000000     0.00052930   0.00852429
  0.00000000   0.00000000     0.00052930  -0.00852429     0.03767848  -0.00000000
    5    6
 -0.00462515  -0.00000000    -0.00000000   0.00000000     0.00000000  -0.00000000
  0.00000000   0.00000000    -0.02240560  -0.00472136    -0.00931556  -0.00000000
  0.00000000  -0.00000000     0.01613067   0.00000000    -0.02240560   0.00472136
    5    7
 -0.00559918   0.00190197     0.00000000   0.00000000    -0.00000000   0.00000000
 -0.00000000   0.00000000     0.01029604  -0.00733433     0.01405507  -0.02523374
 -0.00000000   0.00000000    -0.00271860  -0.02942760     0.01029604  -0.00733433
    6    1
 -0.00531713  -0.00329591     0.00000000  -0.00000000     0.00000000   0.00000000
 -0.00000000  -0.00000000     0.01304308   0.01809153     0.01471860  -0.02391976
  0.00000000  -0.00000000    -0.05429239   0.03624074    -0.01251556  -0.01955443
    6    2
  0.00123915   0.00099789    -0.00407321   0.00060149     0.01701901   0.00053925
 -0.00303654   0.00382629     0.00513147  -0.00060318    -0.00000703  -0.00594387
  0.00687893  -0.00982965     0.00687380  -0.00637924     0.01846365   0.00002599
    6    3
 -0.00123915  -0.00099789    -0.00407321   0.00060149     0.01701901   0.00053925
 -0.00303654   0.00382629    -0.00513147   0.00060318     0.00000703   0.00594387
  0.00687893  -0.00982965    -0.00687380   0.00637924    -0.01846365  -0.00002599
    6    4
 -0.00559918   0.00190197    -0.00000000   0.00000000    -0.00000000   0.00000000
 -0.00000000   0.00000000     0.01029604  -0.00733433    -0.00271860  -0.02942760
 -0.00000000   0.00000000     0.01405507  -0.02523374     0.01029604  -0.00733433
    6    5
 -0.00462515   0.00000000     0.00000000  -0.00000000     0.00000000   0.00000000
 -0.00000000  -0.00000000    -0.02240560   0.00472136     0.01613067  -0.00000000
  0.00000000   0.00000000    -0.00931556   0.00000000    -0.02240560  -0.00472136
    6    6
  0.01973168  -0.00000000     0.00000000  -0.00000000    -0.00000000   0.00000000
  0.00000000   0.00000000     0.03767848  -0.00000000     0.00052930  -0.00852429
 -0.00000000  -0.00000000     0.00052930   0.00852429     0.05373610  -0.00000000
    6    7
  0.01426519   0.00191273    -0.00000000  -0.00000000     0.00000000   0.00000000
  0.00000000  -0.00000000    -0.00265195  -0.01092695    -0.00151370   0.01524974
  0.00000000   0.00000000    -0.00151370   0.01524974    -0.03024504   0.00101014
    7    1
 -0.00329591  -0.00531713    -0.00000000   0.00000000     0.00000000   0.00000000
  0.00000000   0.00000000     0.01809153   0.01304308    -0.02391976   0.01471860
  0.00000000   0.00000000     0.03624074  -0.05429239    -0.01955443  -0.01251556
    7    2
 -0.00123915   0.00099789    -0.00407321  -0.00060149     0.01701901  -0.00053925
 -0.00303654  -0.00382629    -0.00513147  -0.00060318     0.00000703  -0.00594387
  0.00687893   0.00982965    -0.00687380  -0.00637924    -0.01846365   0.00002599
    7    3
  0.00123915  -0.00099789    -0.00407321  -0.00060149     0.01701901  -0.00053925
 -0.00303654  -0.00382629     0.00513147   0.00060318    -0.00000703   0.00594387
  0.00687893   0.00982965     0.00687380   0.00637924     0.01846365  -0.00002599
    7    4
 -0.00462515  -0.00000000     0.00000000  -0.00000000     0.00000000  -0.00000000
 -0.00000000   0.00000000    -0.02240560  -0.00472136     0.01613067   0.00000000
  0.00000000  -0.00000000    -0.00931556  -0.00000000    -0.02240560   0.00472136
    7    5
 -0.00559918  -0.00190197    -0.00000000  -0.00000000    -0.00000000  -0.00000000
  0.00000000  -0.00000000     0.01029604   0.00733433    -0.00271860   0.02942760
 -0.00000000  -0.00000000     0.01405507   0.02523374     0.01029604   0.00733433
    7    6
  0.01426519  -0.00191273    -0.00000000   0.00000000     0.00000000  -0.00000000
 -0.00000000   0.00000000    -0.00265195   0.01092695    -0.00151370  -0.01524974
  0.00000000   0.00000000    -0.00151370  -0.01524974    -0.03024504  -0.00101014
    7    7
  0.01973168   0.00000000     0.00000000   0.00000000    -0.00000000  -0.00000000
  0.00000000  -0.00000000     0.03767848   0.00000000     0.00052930   0.00852429
 -0.00000000   0.00000000     0.00052930  -0.00852429     0.05373610   0.00000000

     Dynamical  Matrix in cartesian axes

     q = (   -0.216506351   0.866025404  -0.216506351 ) 

    1    1
  0.14523718   0.00000000    -0.00000000  -0.00000000     0.00614629   0.00000000
  0.00000000  -0.00000000     0.01933999   0.00000000    -0.00000000  -0.00000000
  0.00614629   0.00000000    -0.00000000  -0.00000000     0.14523718   0.00000000
    1    2
 -0.01251556   0.01955443     0.00000000  -0.00000000     0.01471860   0.02391976
  0.00000000  -0.00000000    -0.00531713   0.00329591     0.00000000   0.00000000
 -0.05429239  -0.03624074     0.00000000   0.00000000     0.01304308  -0.01809153
    1    3
 -0.01955443   0.01251556     0.00000000  -0.00000000    -0.02391976  -0.01471860
  0.00000000  -0.00000000    -0.00329591   0.00531713     0.00000000   0.00000000
  0.03624074   0.05429239    -0.00000000   0.00000000     0.01809153  -0.01304308
    1    4
 -0.00199757  -0.00199757    -0.01779434   0.01779434     0.01790587   0.01790587
 -0.00497801   0.00497801     0.00000000  -0.00000000    -0.00497801   0.00497801
 -0.01790587  -0.01790587    -0.01779434   0.01779434     0.00199757   0.00199757
    1    5
  0.00199757   0.00199757    -0.01779434   0.01779434    -0.01790587  -0.01790587
 -0.00497801   0.00497801     0.00000000  -0.00000000    -0.00497801   0.00497801
  0.01790587   0.01790587    -0.01779434   0.01779434    -0.00199757  -0.00199757
    1    6
  0.01809153  -0.01304308    -0.00000000  -0.00000000     0.03624074   0.05429239
 -0.00000000   0.00000000    -0.00329591   0.00531713     0.00000000  -0.00000000
 -0.02391976  -0.01471860     0.00000000  -0.00000000    -0.01955443   0.01251556
    1    7
  0.01304308  -0.01809153     0.00000000   0.00000000    -0.05429239  -0.03624074
 -0.00000000   0.00000000    -0.00531713   0.00329591     0.00000000  -0.00000000
  0.01471860   0.02391976     0.00000000  -0.00000000    -0.01251556   0.01955443
    2    1
 -0.01251556  -0.01955443     0.00000000  -0.00000000    -0.05429239   0.03624074
  0.00000000   0.00000000    -0.00531713  -0.00329591    -0.00000000  -0.00000000
  0.01471860  -0.02391976     0.00000000  -0.00000000     0.01304308   0.01809153
    2    2
  0.05373610  -0.00000000     0.00000000  -0.00000000     0.00052930   0.00852429
  0.00000000   0.00000000     0.01973168  -0.00000000    -0.00000000   0.00000000
  0.00052930  -0.00852429    -0.00000000   0.00000000     0.03767848  -0.00000000
    2    3
 -0.03024504   0.00101014     0.00000000  -0.00000000    -0.00151370   0.01524974
  0.00000000  -0.00000000     0.01426519   0.00191273     0.00000000   0.00000000
 -0.00151370   0.01524974     0.00000000   0.00000000    -0.00265195  -0.01092695
    2    4
  0.01846365   0.00002599     0.00687893  -0.00982965     0.00687380  -0.00637924
  0.01701901   0.00053925     0.00123915   0.00099789    -0.00407321   0.00060149
 -0.00000703  -0.00594387    -0.00303654   0.00382629     0.00513147  -0.00060318
    2    5
 -0.01846365  -0.00002599     0.00687893  -0.00982965    -0.00687380   0.00637924
  0.01701901   0.00053925    -0.00123915  -0.00099789    -0.00407321   0.00060149
  0.00000703   0.00594387    -0.00303654   0.00382629    -0.00513147   0.00060318
    2    6
  0.01029604  -0.00733433    -0.00000000   0.00000000     0.01405507  -0.02523374
  0.00000000   0.00000000    -0.00559918   0.00190197    -0.00000000   0.00000000
 -0.00271860  -0.02942760    -0.00000000   0.00000000     0.01029604  -0.00733433
    2    7
 -0.02240560  -0.00472136     0.00000000   0.00000000    -0.00931556   0.00000000
  0.00000000   0.00000000    -0.00462515   0.00000000     0.00000000  -0.00000000
  0.01613067  -0.00000000     0.00000000  -0.00000000    -0.02240560   0.00472136
    3    1
 -0.01955443  -0.01251556    -0.00000000   0.00000000     0.03624074  -0.05429239
  0.00000000   0.00000000    -0.00329591  -0.00531713    -0.00000000  -0.00000000
 -0.02391976   0.01471860    -0.00000000  -0.00000000     0.01809153   0.01304308
    3    2
 -0.03024504  -0.00101014    -0.00000000   0.00000000    -0.00151370  -0.01524974
  0.00000000   0.00000000     0.01426519  -0.00191273     0.00000000  -0.00000000
 -0.00151370  -0.01524974    -0.00000000   0.00000000    -0.00265195   0.01092695
    3    3
  0.05373610   0.00000000    -0.00000000   0.00000000     0.00052930  -0.00852429
  0.00000000  -0.00000000     0.01973168   0.00000000    -0.00000000   0.00000000
  0.00052930   0.00852429    -0.00000000  -0.00000000     0.03767848  -0.00000000
    3    4
 -0.01846365   0.00002599     0.00687893   0.00982965    -0.00687380  -0.00637924
  0.01701901  -0.00053925    -0.00123915   0.00099789    -0.00407321  -0.00060149
  0.00000703  -0.00594387    -0.00303654  -0.00382629    -0.00513147  -0.00060318
    3    5
  0.01846365  -0.00002599     0.00687893   0.00982965     0.00687380   0.00637924
  0.01701901  -0.00053925     0.00123915  -0.00099789    -0.00407321  -0.00060149
 -0.00000703   0.00594387    -0.00303654  -0.00382629     0.00513147   0.00060318
    3    6
 -0.02240560   0.00472136    -0.00000000   0.00000000    -0.00931556   0.00000000
  0.00000000  -0.00000000    -0.00462515   0.00000000     0.00000000   0.00000000
  0.01613067  -0.00000000     0.00000000   0.00000000    -0.02240560  -0.00472136
    3    7
  0.01029604   0.00733433    -0.00000000  -0.00000000     0.01405507   0.02523374
  0.00000000  -0.00000000    -0.00559918  -0.00190197    -0.00000000  -0.00000000
 -0.00271860   0.02942760    -0.00000000  -0.00000000     0.01029604   0.00733433
    4    1
 -0.00199757   0.00199757    -0.00497801  -0.00497801    -0.01790587   0.01790587
 -0.01779434  -0.01779434     0.00000000   0.00000000    -0.01779434  -0.01779434
  0.01790587  -0.01790587    -0.00497801  -0.00497801     0.00199757  -0.00199757
    4    2
  0.01846365  -0.00002599     0.01701901  -0.00053925    -0.00000703   0.00594387
  0.00687893   0.00982965     0.00123915  -0.00099789    -0.00303654  -0.00382629
  0.00687380   0.00637924    -0.00407321  -0.00060149     0.00513147   0.00060318
    4    3
 -0.01846365  -0.00002599     0.01701901   0.00053925     0.00000703   0.00594387
  0.00687893  -0.00982965    -0.00123915  -0.00099789    -0.00303654   0.00382629
 -0.00687380   0.00637924    -0.00407321   0.00060149    -0.00513147   0.00060318
    4    4
  0.03030226   0.00000000    -0.00000000  -0.00339346     0.00033624  -0.00000000
 -0.00000000   0.00339346     0.01254603   0.00000000    -0.00000000  -0.00339346
  0.00033624   0.00000000    -0.00000000   0.00339346     0.03030226   0.00000000
    4    5
  0.00679904  -0.00000000    -0.00000000  -0.00568136    -0.00683783   0.00000000
  0.00000000  -0.00568136     0.00581330  -0.00000000     0.00000000   0.00568136
 -0.00683783   0.00000000     0.00000000   0.00568136     0.00679904  -0.00000000
    4    6
  0.00513147  -0.00060318    -0.00407321   0.00060149     0.00687380  -0.00637924
 -0.00303654   0.00382629     0.00123915   0.00099789     0.00687893  -0.00982965
 -0.00000703  -0.00594387     0.01701901   0.00053925     0.01846365   0.00002599
    4    7
 -0.00513147  -0.00060318    -0.00407321  -0.00060149    -0.00687380  -0.00637924
 -0.00303654  -0.00382629    -0.00123915   0.00099789     0.00687893   0.00982965
  0.00000703  -0.00594387     0.01701901  -0.00053925    -0.01846365   0.00002599
    5    1
  0.00199757  -0.00199757    -0.00497801  -0.00497801     0.01790587  -0.01790587
 -0.01779434  -0.01779434     0.00000000   0.00000000    -0.01779434  -0.01779434
 -0.01790587   0.01790587    -0.00497801  -0.00497801    -0.00199757   0.00199757
    5    2
 -0.01846365   0.00002599     0.01701901  -0.00053925     0.00000703  -0.00594387
  0.00687893   0.00982965    -0.00123915   0.00099789    -0.00303654  -0.00382629
 -0.00687380  -0.00637924    -0.00407321  -0.00060149    -0.00513147  -0.00060318
    5    3
  0.01846365   0.00002599     0.01701901   0.00053925    -0.00000703  -0.00594387
  0.00687893  -0.00982965     0.00123915   0.00099789    -0.00303654   0.00382629
  0.00687380  -0.00637924    -0.00407321   0.00060149     0.00513147  -0.00060318
    5    4
  0.00679904   0.00000000    -0.00000000   0.00568136    -0.00683783  -0.00000000
  0.00000000   0.00568136     0.00581330   0.00000000     0.00000000  -0.00568136
 -0.00683783  -0.00000000     0.00000000  -0.00568136     0.00679904   0.00000000
    5    5
  0.03030226   0.00000000    -0.00000000   0.00339346     0.00033624   0.00000000
 -0.00000000  -0.00339346     0.01254603  -0.00000000    -0.00000000   0.00339346
  0.00033624  -0.00000000    -0.00000000  -0.00339346     0.03030226   0.00000000
    5    6
 -0.00513147   0.00060318    -0.00407321   0.00060149    -0.00687380   0.00637924
 -0.00303654   0.00382629    -0.00123915  -0.00099789     0.00687893  -0.00982965
  0.00000703   0.00594387     0.01701901   0.00053925    -0.01846365  -0.00002599
    5    7
  0.00513147   0.00060318    -0.00407321  -0.00060149     0.00687380   0.00637924
 -0.00303654  -0.00382629     0.00123915  -0.00099789     0.00687893   0.00982965
 -0.00000703   0.00594387     0.01701901  -0.00053925     0.01846365  -0.00002599
    6    1
  0.01809153   0.01304308     0.00000000  -0.00000000    -0.02391976   0.01471860
 -0.00000000   0.00000000    -0.00329591  -0.00531713     0.00000000   0.00000000
  0.03624074  -0.05429239     0.00000000   0.00000000    -0.01955443  -0.01251556
    6    2
  0.01029604   0.00733433     0.00000000  -0.00000000    -0.00271860   0.02942760
 -0.00000000  -0.00000000    -0.00559918  -0.00190197    -0.00000000  -0.00000000
  0.01405507   0.02523374    -0.00000000  -0.00000000     0.01029604   0.00733433
    6    3
 -0.02240560  -0.00472136    -0.00000000   0.00000000     0.01613067   0.00000000
  0.00000000  -0.00000000    -0.00462515  -0.00000000     0.00000000  -0.00000000
 -0.00931556  -0.00000000     0.00000000  -0.00000000    -0.02240560   0.00472136
    6    4
  0.00513147   0.00060318    -0.00303654  -0.00382629    -0.00000703   0.00594387
 -0.00407321  -0.00060149     0.00123915  -0.00099789     0.01701901  -0.00053925
  0.00687380   0.00637924     0.00687893   0.00982965     0.01846365  -0.00002599
    6    5
 -0.00513147  -0.00060318    -0.00303654  -0.00382629     0.00000703  -0.00594387
 -0.00407321  -0.00060149    -0.00123915   0.00099789     0.01701901  -0.00053925
 -0.00687380  -0.00637924     0.00687893   0.00982965    -0.01846365   0.00002599
    6    6
  0.03767848  -0.00000000    -0.00000000  -0.00000000     0.00052930   0.00852429
  0.00000000   0.00000000     0.01973168   0.00000000    -0.00000000  -0.00000000
  0.00052930  -0.00852429    -0.00000000   0.00000000     0.05373610  -0.00000000
    6    7
 -0.00265195   0.01092695     0.00000000   0.00000000    -0.00151370  -0.01524974
 -0.00000000   0.00000000     0.01426519  -0.00191273     0.00000000  -0.00000000
 -0.00151370  -0.01524974     0.00000000  -0.00000000    -0.03024504  -0.00101014
    7    1
  0.01304308   0.01809153     0.00000000   0.00000000     0.01471860  -0.02391976
 -0.00000000  -0.00000000    -0.00531713  -0.00329591     0.00000000   0.00000000
 -0.05429239   0.03624074     0.00000000   0.00000000    -0.01251556  -0.01955443
    7    2
 -0.02240560   0.00472136    -0.00000000  -0.00000000     0.01613067   0.00000000
  0.00000000  -0.00000000    -0.00462515  -0.00000000     0.00000000   0.00000000
 -0.00931556  -0.00000000     0.00000000   0.00000000    -0.02240560  -0.00472136
    7    3
  0.01029604  -0.00733433    -0.00000000   0.00000000    -0.00271860  -0.02942760
 -0.00000000   0.00000000    -0.00559918   0.00190197    -0.00000000   0.00000000
  0.01405507  -0.02523374    -0.00000000   0.00000000     0.01029604  -0.00733433
    7    4
 -0.00513147   0.00060318    -0.00303654   0.00382629     0.00000703   0.00594387
 -0.00407321   0.00060149    -0.00123915  -0.00099789     0.01701901   0.00053925
 -0.00687380   0.00637924     0.00687893  -0.00982965    -0.01846365  -0.00002599
    7    5
  0.00513147  -0.00060318    -0.00303654   0.00382629    -0.00000703  -0.00594387
 -0.00407321   0.00060149     0.00123915   0.00099789     0.01701901   0.00053925
  0.00687380  -0.00637924     0.00687893  -0.00982965     0.01846365   0.00002599
    7    6
 -0.00265195  -0.01092695    -0.00000000  -0.00000000    -0.00151370   0.01524974
 -0.00000000  -0.00000000     0.01426519   0.00191273     0.00000000   0.00000000
 -0.00151370   0.01524974     0.00000000   0.00000000    -0.03024504   0.00101014
    7    7
  0.03767848  -0.00000000     0.00000000   0.00000000     0.00052930  -0.00852429
  0.00000000  -0.00000000     0.01973168  -0.00000000    -0.00000000   0.00000000
  0.00052930   0.00852429    -0.00000000   0.00000000     0.05373610  -0.00000000

     Dynamical  Matrix in cartesian axes

     q = (    0.216506351   0.866025404  -0.216506351 ) 

    1    1
  0.14523718   0.00000000     0.00000000   0.00000000    -0.00614629  -0.00000000
  0.00000000   0.00000000     0.01933999   0.00000000    -0.00000000  -0.00000000
 -0.00614629  -0.00000000    -0.00000000  -0.00000000     0.14523718   0.00000000
    1    2
  0.01955443  -0.01251556     0.00000000  -0.00000000    -0.02391976  -0.01471860
 -0.00000000  -0.00000000     0.00329591  -0.00531713     0.00000000  -0.00000000
  0.03624074   0.05429239     0.00000000  -0.00000000    -0.01809153   0.01304308
    1    3
 -0.01955443  -0.01251556    -0.00000000  -0.00000000     0.02391976  -0.01471860
  0.00000000   0.00000000    -0.00329591  -0.00531713    -0.00000000   0.00000000
 -0.03624074   0.05429239    -0.00000000  -0.00000000     0.01809153   0.01304308
    1    4
 -0.00199757   0.00199757    -0.01779434  -0.01779434    -0.01790587   0.01790587
 -0.00497801  -0.00497801    -0.00000000  -0.00000000     0.00497801   0.00497801
  0.01790587  -0.01790587     0.01779434   0.01779434     0.00199757  -0.00199757
    1    5
  0.00199757   0.00199757     0.01779434  -0.01779434     0.01790587   0.01790587
  0.00497801  -0.00497801     0.00000000   0.00000000    -0.00497801   0.00497801
 -0.01790587  -0.01790587    -0.01779434   0.01779434    -0.00199757  -0.00199757
    1    6
  0.01809153  -0.01304308    -0.00000000   0.00000000    -0.03624074  -0.05429239
 -0.00000000   0.00000000    -0.00329591   0.00531713     0.00000000  -0.00000000
  0.02391976   0.01471860    -0.00000000   0.00000000    -0.01955443   0.01251556
    1    7
 -0.01809153  -0.01304308    -0.00000000   0.00000000     0.03624074  -0.05429239
  0.00000000  -0.00000000     0.00329591   0.00531713    -0.00000000  -0.00000000
 -0.02391976   0.01471860     0.00000000   0.00000000     0.01955443   0.01251556
    2    1
  0.01955443   0.01251556    -0.00000000   0.00000000     0.03624074  -0.05429239
  0.00000000  -0.00000000     0.00329591   0.00531713     0.00000000   0.00000000
 -0.02391976   0.01471860     0.00000000   0.00000000    -0.01809153  -0.01304308
    2    2
  0.05373610  -0.00000000    -0.00000000  -0.00000000    -0.00052930   0.00852429
  0.00000000   0.00000000     0.01973168   0.00000000    -0.00000000   0.00000000
 -0.00052930  -0.00852429    -0.00000000   0.00000000     0.03767848   0.00000000
    2    3
 -0.00101014   0.03024504    -0.00000000   0.00000000     0.01524974  -0.00151370
 -0.00000000  -0.00000000    -0.00191273  -0.01426519    -0.00000000   0.00000000
  0.01524974  -0.00151370    -0.00000000  -0.00000000     0.01092695   0.00265195
    2    4
 -0.00002599  -0.01846365     0.00982965  -0.00687893    -0.00637924   0.00687380
 -0.00053925  -0.01701901    -0.00099789  -0.00123915     0.00060149  -0.00407321
 -0.00594387  -0.00000703     0.00382629  -0.00303654     0.00060318  -0.00513147
    2    5
 -0.01846365   0.00002599     0.00687893   0.00982965     0.00687380   0.00637924
  0.01701901  -0.00053925    -0.00123915   0.00099789     0.00407321   0.00060149
 -0.00000703   0.00594387     0.00303654   0.00382629    -0.00513147  -0.00060318
    2    6
  0.02240560  -0.00472136     0.00000000   0.00000000    -0.00931556  -0.00000000
  0.00000000   0.00000000     0.00462515   0.00000000    -0.00000000   0.00000000
  0.01613067   0.00000000    -0.00000000  -0.00000000     0.02240560   0.00472136
    2    7
 -0.00733433   0.01029604    -0.00000000   0.00000000     0.02523374  -0.01405507
 -0.00000000   0.00000000     0.00190197  -0.00559918     0.00000000  -0.00000000
  0.02942760   0.00271860     0.00000000  -0.00000000    -0.00733433   0.01029604
    3    1
 -0.01955443   0.01251556     0.00000000   0.00000000    -0.03624074  -0.05429239
  0.00000000  -0.00000000    -0.00329591   0.00531713    -0.00000000   0.00000000
  0.02391976   0.01471860    -0.00000000   0.00000000     0.01809153  -0.01304308
    3    2
 -0.00101014  -0.03024504     0.00000000   0.00000000     0.01524974   0.00151370
 -0.00000000  -0.00000000    -0.00191273   0.01426519    -0.00000000  -0.00000000
  0.01524974   0.00151370     0.00000000  -0.00000000     0.01092695  -0.00265195
    3    3
  0.05373610  -0.00000000     0.00000000  -0.00000000    -0.00052930  -0.00852429
  0.00000000  -0.00000000     0.01973168  -0.00000000    -0.00000000   0.00000000
 -0.00052930   0.00852429    -0.00000000  -0.00000000     0.03767848  -0.00000000
    3    4
 -0.01846365  -0.00002599     0.00687893  -0.00982965     0.00687380  -0.00637924
  0.01701901   0.00053925    -0.00123915  -0.00099789     0.00407321  -0.00060149
 -0.00000703  -0.00594387     0.00303654  -0.00382629    -0.00513147   0.00060318
    3    5
 -0.00002599   0.01846365     0.00982965   0.00687893    -0.00637924  -0.00687380
 -0.00053925   0.01701901    -0.00099789   0.00123915     0.00060149   0.00407321
 -0.00594387   0.00000703     0.00382629   0.00303654     0.00060318   0.00513147
    3    6
 -0.00733433  -0.01029604    -0.00000000   0.00000000     0.02523374   0.01405507
 -0.00000000  -0.00000000     0.00190197   0.00559918    -0.00000000   0.00000000
  0.02942760  -0.00271860     0.00000000   0.00000000    -0.00733433  -0.01029604
    3    7
  0.02240560   0.00472136     0.00000000  -0.00000000    -0.00931556   0.00000000
 -0.00000000   0.00000000     0.00462515  -0.00000000    -0.00000000   0.00000000
  0.01613067  -0.00000000    -0.00000000   0.00000000     0.02240560  -0.00472136
    4    1
 -0.00199757  -0.00199757    -0.00497801   0.00497801     0.01790587   0.01790587
 -0.01779434   0.01779434    -0.00000000   0.00000000     0.01779434  -0.01779434
 -0.01790587  -0.01790587     0.00497801  -0.00497801     0.00199757   0.00199757
    4    2
 -0.00002599   0.01846365    -0.00053925   0.01701901    -0.00594387   0.00000703
  0.00982965   0.00687893    -0.00099789   0.00123915     0.00382629   0.00303654
 -0.00637924  -0.00687380     0.00060149   0.00407321     0.00060318   0.00513147
    4    3
 -0.01846365   0.00002599     0.01701901  -0.00053925    -0.00000703   0.00594387
  0.00687893   0.00982965    -0.00123915   0.00099789     0.00303654   0.00382629
  0.00687380   0.00637924     0.00407321   0.00060149    -0.00513147  -0.00060318
    4    4
  0.03030226   0.00000000    -0.00000000   0.00339346    -0.00033624  -0.00000000
 -0.00000000  -0.00339346     0.01254603   0.00000000    -0.00000000  -0.00339346
 -0.00033624   0.00000000    -0.00000000   0.00339346     0.03030226  -0.00000000
    4    5
  0.00000000   0.00679904    -0.00568136   0.00000000     0.00000000   0.00683783
 -0.00568136   0.00000000     0.00000000   0.00581330    -0.00568136   0.00000000
  0.00000000   0.00683783    -0.00568136   0.00000000     0.00000000   0.00679904
    4    6
  0.00060318   0.00513147     0.00060149   0.00407321    -0.00637924  -0.00687380
  0.00382629   0.00303654    -0.00099789   0.00123915     0.00982965   0.00687893
 -0.00594387   0.00000703    -0.00053925   0.01701901    -0.00002599   0.01846365
    4    7
 -0.00513147  -0.00060318     0.00407321   0.00060149     0.00687380   0.00637924
  0.00303654   0.00382629    -0.00123915   0.00099789     0.00687893   0.00982965
 -0.00000703   0.00594387     0.01701901  -0.00053925    -0.01846365   0.00002599
    5    1
  0.00199757  -0.00199757     0.00497801   0.00497801    -0.01790587   0.01790587
  0.01779434   0.01779434     0.00000000   0.00000000    -0.01779434  -0.01779434
  0.01790587  -0.01790587    -0.00497801  -0.00497801    -0.00199757   0.00199757
    5    2
 -0.01846365  -0.00002599     0.01701901   0.00053925    -0.00000703  -0.00594387
  0.00687893  -0.00982965    -0.00123915  -0.00099789     0.00303654  -0.00382629
  0.00687380  -0.00637924     0.00407321  -0.00060149    -0.00513147   0.00060318
    5    3
 -0.00002599  -0.01846365    -0.00053925  -0.01701901    -0.00594387  -0.00000703
  0.00982965  -0.00687893    -0.00099789  -0.00123915     0.00382629  -0.00303654
 -0.00637924   0.00687380     0.00060149  -0.00407321     0.00060318  -0.00513147
    5    4
  0.00000000  -0.00679904    -0.00568136  -0.00000000     0.00000000  -0.00683783
 -0.00568136  -0.00000000     0.00000000  -0.00581330    -0.00568136  -0.00000000
  0.00000000  -0.00683783    -0.00568136  -0.00000000     0.00000000  -0.00679904
    5    5
  0.03030226   0.00000000    -0.00000000  -0.00339346    -0.00033624   0.00000000
 -0.00000000   0.00339346     0.01254603   0.00000000    -0.00000000   0.00339346
 -0.00033624  -0.00000000    -0.00000000  -0.00339346     0.03030226   0.00000000
    5    6
 -0.00513147   0.00060318     0.00407321  -0.00060149     0.00687380  -0.00637924
  0.00303654  -0.00382629    -0.00123915  -0.00099789     0.00687893  -0.00982965
 -0.00000703  -0.00594387     0.01701901   0.00053925    -0.01846365  -0.00002599
    5    7
  0.00060318  -0.00513147     0.00060149  -0.00407321    -0.00637924   0.00687380
  0.00382629  -0.00303654    -0.00099789  -0.00123915     0.00982965  -0.00687893
 -0.00594387  -0.00000703    -0.00053925  -0.01701901    -0.00002599  -0.01846365
    6    1
  0.01809153   0.01304308    -0.00000000  -0.00000000     0.02391976  -0.01471860
  0.00000000  -0.00000000    -0.00329591  -0.00531713     0.00000000   0.00000000
 -0.03624074   0.05429239     0.00000000  -0.00000000    -0.01955443  -0.01251556
    6    2
  0.02240560   0.00472136     0.00000000  -0.00000000     0.01613067  -0.00000000
 -0.00000000  -0.00000000     0.00462515  -0.00000000    -0.00000000   0.00000000
 -0.00931556   0.00000000    -0.00000000   0.00000000     0.02240560  -0.00472136
    6    3
 -0.00733433   0.01029604    -0.00000000   0.00000000     0.02942760   0.00271860
 -0.00000000   0.00000000     0.00190197  -0.00559918    -0.00000000   0.00000000
  0.02523374  -0.01405507    -0.00000000   0.00000000    -0.00733433   0.01029604
    6    4
  0.00060318  -0.00513147     0.00382629  -0.00303654    -0.00594387  -0.00000703
  0.00060149  -0.00407321    -0.00099789  -0.00123915    -0.00053925  -0.01701901
 -0.00637924   0.00687380     0.00982965  -0.00687893    -0.00002599  -0.01846365
    6    5
 -0.00513147  -0.00060318     0.00303654   0.00382629    -0.00000703   0.00594387
  0.00407321   0.00060149    -0.00123915   0.00099789     0.01701901  -0.00053925
  0.00687380   0.00637924     0.00687893   0.00982965    -0.01846365   0.00002599
    6    6
  0.03767848  -0.00000000    -0.00000000   0.00000000    -0.00052930  -0.00852429
 -0.00000000  -0.00000000     0.01973168   0.00000000    -0.00000000   0.00000000
 -0.00052930   0.00852429    -0.00000000  -0.00000000     0.05373610   0.00000000
    6    7
  0.01092695   0.00265195    -0.00000000   0.00000000     0.01524974  -0.00151370
 -0.00000000   0.00000000    -0.00191273  -0.01426519     0.00000000  -0.00000000
  0.01524974  -0.00151370    -0.00000000  -0.00000000    -0.00101014   0.03024504
    7    1
 -0.01809153   0.01304308     0.00000000   0.00000000    -0.02391976  -0.01471860
  0.00000000  -0.00000000     0.00329591  -0.00531713     0.00000000   0.00000000
  0.03624074   0.05429239    -0.00000000   0.00000000     0.01955443  -0.01251556
    7    2
 -0.00733433  -0.01029604    -0.00000000   0.00000000     0.02942760  -0.00271860
 -0.00000000  -0.00000000     0.00190197   0.00559918     0.00000000   0.00000000
  0.02523374   0.01405507     0.00000000   0.00000000    -0.00733433  -0.01029604
    7    3
  0.02240560  -0.00472136     0.00000000   0.00000000     0.01613067   0.00000000
 -0.00000000   0.00000000     0.00462515   0.00000000    -0.00000000  -0.00000000
 -0.00931556  -0.00000000    -0.00000000  -0.00000000     0.02240560   0.00472136
    7    4
 -0.00513147   0.00060318     0.00303654  -0.00382629    -0.00000703  -0.00594387
  0.00407321  -0.00060149    -0.00123915  -0.00099789     0.01701901   0.00053925
  0.00687380  -0.00637924     0.00687893  -0.00982965    -0.01846365  -0.00002599
    7    5
  0.00060318   0.00513147     0.00382629   0.00303654    -0.00594387   0.00000703
  0.00060149   0.00407321    -0.00099789   0.00123915    -0.00053925   0.01701901
 -0.00637924  -0.00687380     0.00982965   0.00687893    -0.00002599   0.01846365
    7    6
  0.01092695  -0.00265195    -0.00000000  -0.00000000     0.01524974   0.00151370
 -0.00000000  -0.00000000    -0.00191273   0.01426519     0.00000000   0.00000000
  0.01524974   0.00151370     0.00000000   0.00000000    -0.00101014  -0.03024504
    7    7
  0.03767848  -0.00000000     0.00000000  -0.00000000    -0.00052930   0.00852429
  0.00000000   0.00000000     0.01973168  -0.00000000    -0.00000000  -0.00000000
 -0.00052930  -0.00852429    -0.00000000   0.00000000     0.05373610  -0.00000000

     Dynamical  Matrix in cartesian axes

     q = (    0.866025404   0.216506351  -0.216506351 ) 

    1    1
  0.01933999   0.00000000     0.00000000   0.00000000    -0.00000000  -0.00000000
  0.00000000   0.00000000     0.14523718   0.00000000    -0.00614629  -0.00000000
 -0.00000000  -0.00000000    -0.00614629  -0.00000000     0.14523718   0.00000000
    1    2
  0.00000000   0.00000000     0.00497801  -0.00497801    -0.00497801   0.00497801
  0.01779434  -0.01779434     0.00199757   0.00199757     0.01790587   0.01790587
 -0.01779434   0.01779434    -0.01790587  -0.01790587    -0.00199757  -0.00199757
    1    3
 -0.00000000   0.00000000    -0.00497801  -0.00497801     0.00497801   0.00497801
 -0.01779434  -0.01779434    -0.00199757   0.00199757    -0.01790587   0.01790587
  0.01779434   0.01779434     0.01790587  -0.01790587     0.00199757  -0.00199757
    1    4
 -0.00329591  -0.00531713     0.00000000   0.00000000    -0.00000000   0.00000000
  0.00000000   0.00000000    -0.01955443  -0.01251556     0.02391976  -0.01471860
  0.00000000  -0.00000000    -0.03624074   0.05429239     0.01809153   0.01304308
    1    5
  0.00329591  -0.00531713    -0.00000000  -0.00000000     0.00000000  -0.00000000
 -0.00000000   0.00000000     0.01955443  -0.01251556    -0.02391976  -0.01471860
 -0.00000000  -0.00000000     0.03624074   0.05429239    -0.01809153   0.01304308
    1    6
  0.00329591   0.00531713     0.00000000  -0.00000000    -0.00000000  -0.00000000
 -0.00000000   0.00000000    -0.01809153  -0.01304308     0.03624074  -0.05429239
 -0.00000000   0.00000000    -0.02391976   0.01471860     0.01955443   0.01251556
    1    7
 -0.00329591   0.00531713    -0.00000000  -0.00000000     0.00000000  -0.00000000
  0.00000000   0.00000000     0.01809153  -0.01304308    -0.03624074  -0.05429239
