  3.000000000000000E-002   1.26007061404212        2.36059544634539     
          12

     Dynamical  Matrix in cartesian axes

     q = (   -0.866025404  -0.216506351  -0.216506351 ) 

    1    1
  0.02547506   0.00000000     0.00000000  -0.00000000    -0.00000000  -0.00000000
  0.00000000  -0.00000000     0.14503342   0.00000000     0.00354631   0.00000000
 -0.00000000  -0.00000000     0.00354631   0.00000000     0.14503342   0.00000000
    1    2
  0.00000000  -0.00000000    -0.00592346   0.00592346    -0.00592346   0.00592346
 -0.01778232   0.01778232     0.00346288   0.00346288    -0.01650116  -0.01650116
 -0.01778232   0.01778232     0.01650116   0.01650116    -0.00346288  -0.00346288
    1    3
  0.00000000  -0.00000000    -0.00592346   0.00592346    -0.00592346   0.00592346
 -0.01778232   0.01778232    -0.00346288  -0.00346288     0.01650116   0.01650116
 -0.01778232   0.01778232    -0.01650116  -0.01650116     0.00346288   0.00346288
    1    4
 -0.00465545   0.00629405    -0.00000000  -0.00000000    -0.00000000   0.00000000
  0.00000000  -0.00000000    -0.01593673   0.01139040    -0.02332077  -0.01249270
 -0.00000000  -0.00000000     0.03153108   0.05425924     0.01892474  -0.00937442
    1    5
 -0.00629405   0.00465545     0.00000000   0.00000000    -0.00000000   0.00000000
  0.00000000  -0.00000000    -0.01139040   0.01593673     0.01249270   0.02332077
  0.00000000   0.00000000    -0.05425924  -0.03153108     0.00937442  -0.01892474
    1    6
 -0.00629405   0.00465545    -0.00000000  -0.00000000    -0.00000000  -0.00000000
  0.00000000   0.00000000     0.00937442  -0.01892474    -0.05425924  -0.03153108
  0.00000000  -0.00000000     0.01249270   0.02332077    -0.01139040   0.01593673
    1    7
 -0.00465545   0.00629405    -0.00000000   0.00000000     0.00000000  -0.00000000
 -0.00000000  -0.00000000     0.01892474  -0.00937442     0.03153108   0.05425924
  0.00000000  -0.00000000    -0.02332077  -0.01249270    -0.01593673   0.01139040
    2    1
  0.00000000   0.00000000    -0.01778232  -0.01778232    -0.01778232  -0.01778232
 -0.00592346  -0.00592346     0.00346288  -0.00346288     0.01650116  -0.01650116
 -0.00592346  -0.00592346    -0.01650116   0.01650116    -0.00346288   0.00346288
    2    2
  0.01655746   0.00000000     0.00000000  -0.00272170    -0.00000000   0.00272170
 -0.00000000   0.00272170     0.03566660  -0.00000000    -0.00154255  -0.00000000
 -0.00000000  -0.00272170    -0.00154255   0.00000000     0.03566660   0.00000000
    2    3
  0.00357119   0.00000000     0.00000000   0.00615446    -0.00000000  -0.00615446
  0.00000000   0.00615446     0.01109591  -0.00000000    -0.00872107   0.00000000
 -0.00000000  -0.00615446    -0.00872107   0.00000000     0.01109591  -0.00000000
    2    4
  0.00223640   0.00108132     0.00773066  -0.01004502    -0.00241141   0.00300670
  0.02260587   0.00017530     0.01813064   0.00008568     0.00108214  -0.00536888
 -0.00623882   0.00138299     0.00619285  -0.00570135     0.00499922  -0.00121573
    2    5
 -0.00223640   0.00108132     0.00773066   0.01004502    -0.00241141  -0.00300670
  0.02260587  -0.00017530    -0.01813064   0.00008568    -0.00108214  -0.00536888
 -0.00623882  -0.00138299    -0.00619285  -0.00570135    -0.00499922  -0.00121573
    2    6
  0.00223640  -0.00108132    -0.00241141  -0.00300670     0.00773066   0.01004502
 -0.00623882  -0.00138299     0.00499922   0.00121573     0.00619285   0.00570135
  0.02260587  -0.00017530     0.00108214   0.00536888     0.01813064  -0.00008568
    2    7
 -0.00223640  -0.00108132    -0.00241141   0.00300670     0.00773066  -0.01004502
 -0.00623882   0.00138299    -0.00499922   0.00121573    -0.00619285   0.00570135
  0.02260587   0.00017530    -0.00108214   0.00536888    -0.01813064  -0.00008568
    3    1
  0.00000000   0.00000000    -0.01778232  -0.01778232    -0.01778232  -0.01778232
 -0.00592346  -0.00592346    -0.00346288   0.00346288    -0.01650116   0.01650116
 -0.00592346  -0.00592346     0.01650116  -0.01650116     0.00346288  -0.00346288
    3    2
  0.00357119  -0.00000000     0.00000000  -0.00615446    -0.00000000   0.00615446
  0.00000000  -0.00615446     0.01109591   0.00000000    -0.00872107  -0.00000000
 -0.00000000   0.00615446    -0.00872107  -0.00000000     0.01109591   0.00000000
    3    3
  0.01655746  -0.00000000     0.00000000   0.00272170    -0.00000000  -0.00272170
 -0.00000000  -0.00272170     0.03566660   0.00000000    -0.00154255   0.00000000
 -0.00000000   0.00272170    -0.00154255   0.00000000     0.03566660   0.00000000
    3    4
 -0.00223640  -0.00108132     0.00773066  -0.01004502    -0.00241141   0.00300670
  0.02260587   0.00017530    -0.01813064  -0.00008568    -0.00108214   0.00536888
 -0.00623882   0.00138299    -0.00619285   0.00570135    -0.00499922   0.00121573
    3    5
  0.00223640  -0.00108132     0.00773066   0.01004502    -0.00241141  -0.00300670
  0.02260587  -0.00017530     0.01813064  -0.00008568     0.00108214   0.00536888
 -0.00623882  -0.00138299     0.00619285   0.00570135     0.00499922   0.00121573
    3    6
 -0.00223640   0.00108132    -0.00241141  -0.00300670     0.00773066   0.01004502
 -0.00623882  -0.00138299    -0.00499922  -0.00121573    -0.00619285  -0.00570135
  0.02260587  -0.00017530    -0.00108214  -0.00536888    -0.01813064   0.00008568
    3    7
  0.00223640   0.00108132    -0.00241141   0.00300670     0.00773066  -0.01004502
 -0.00623882   0.00138299     0.00499922  -0.00121573     0.00619285  -0.00570135
  0.02260587   0.00017530     0.00108214  -0.00536888     0.01813064   0.00008568
    4    1
 -0.00465545  -0.00629405     0.00000000   0.00000000    -0.00000000   0.00000000
 -0.00000000   0.00000000    -0.01593673  -0.01139040     0.03153108  -0.05425924
 -0.00000000  -0.00000000    -0.02332077   0.01249270     0.01892474   0.00937442
    4    2
  0.00223640  -0.00108132     0.02260587  -0.00017530    -0.00623882  -0.00138299
  0.00773066   0.01004502     0.01813064  -0.00008568     0.00619285   0.00570135
 -0.00241141  -0.00300670     0.00108214   0.00536888     0.00499922   0.00121573
    4    3
 -0.00223640   0.00108132     0.02260587  -0.00017530    -0.00623882  -0.00138299
  0.00773066   0.01004502    -0.01813064   0.00008568    -0.00619285  -0.00570135
 -0.00241141  -0.00300670    -0.00108214  -0.00536888    -0.00499922  -0.00121573
    4    4
  0.02800247   0.00000000    -0.00000000  -0.00000000    -0.00000000  -0.00000000
 -0.00000000   0.00000000     0.05536481  -0.00000000     0.00126803  -0.00837084
 -0.00000000   0.00000000     0.00126803   0.00837084     0.04319696   0.00000000
    4    5
  0.02008476  -0.00160211    -0.00000000   0.00000000     0.00000000  -0.00000000
  0.00000000   0.00000000    -0.02757522   0.00141881    -0.00361724  -0.01372168
  0.00000000  -0.00000000    -0.00361724  -0.01372168    -0.00311409   0.01378977
    4    6
 -0.00860093  -0.00369117     0.00000000  -0.00000000    -0.00000000  -0.00000000
 -0.00000000  -0.00000000     0.01069321   0.00812681     0.01274158   0.02270541
 -0.00000000  -0.00000000    -0.00183252   0.03391586     0.01069321   0.00812681
    4    7
 -0.00793384   0.00000000     0.00000000  -0.00000000     0.00000000   0.00000000
  0.00000000  -0.00000000    -0.02257577   0.00489185    -0.00642353   0.00000000
  0.00000000   0.00000000     0.01959701  -0.00000000    -0.02257577  -0.00489185
    5    1
 -0.00629405  -0.00465545     0.00000000   0.00000000     0.00000000  -0.00000000
  0.00000000  -0.00000000    -0.01139040  -0.01593673    -0.05425924   0.03153108
 -0.00000000  -0.00000000     0.01249270  -0.02332077     0.00937442   0.01892474
    5    2
 -0.00223640  -0.00108132     0.02260587   0.00017530    -0.00623882   0.00138299
  0.00773066  -0.01004502    -0.01813064  -0.00008568    -0.00619285   0.00570135
 -0.00241141   0.00300670    -0.00108214   0.00536888    -0.00499922   0.00121573
    5    3
  0.00223640   0.00108132     0.02260587   0.00017530    -0.00623882   0.00138299
  0.00773066  -0.01004502     0.01813064   0.00008568     0.00619285  -0.00570135
 -0.00241141   0.00300670     0.00108214  -0.00536888     0.00499922  -0.00121573
    5    4
  0.02008476   0.00160211     0.00000000  -0.00000000     0.00000000   0.00000000
 -0.00000000  -0.00000000    -0.02757522  -0.00141881    -0.00361724   0.01372168
  0.00000000   0.00000000    -0.00361724   0.01372168    -0.00311409  -0.01378977
    5    5
  0.02800247  -0.00000000    -0.00000000   0.00000000    -0.00000000   0.00000000
 -0.00000000  -0.00000000     0.05536481   0.00000000     0.00126803   0.00837084
 -0.00000000  -0.00000000     0.00126803  -0.00837084     0.04319696  -0.00000000
    5    6
 -0.00793384  -0.00000000     0.00000000   0.00000000     0.00000000  -0.00000000
  0.00000000   0.00000000    -0.02257577  -0.00489185    -0.00642353  -0.00000000
  0.00000000  -0.00000000     0.01959701   0.00000000    -0.02257577   0.00489185
    5    7
 -0.00860093   0.00369117    -0.00000000   0.00000000    -0.00000000   0.00000000
 -0.00000000   0.00000000     0.01069321  -0.00812681     0.01274158  -0.02270541
 -0.00000000   0.00000000    -0.00183252  -0.03391586     0.01069321  -0.00812681
    6    1
 -0.00629405  -0.00465545     0.00000000  -0.00000000     0.00000000   0.00000000
 -0.00000000   0.00000000     0.00937442   0.01892474     0.01249270  -0.02332077
  0.00000000   0.00000000    -0.05425924   0.03153108    -0.01139040  -0.01593673
    6    2
  0.00223640   0.00108132    -0.00623882   0.00138299     0.02260587   0.00017530
 -0.00241141   0.00300670     0.00499922  -0.00121573     0.00108214  -0.00536888
  0.00773066  -0.01004502     0.00619285  -0.00570135     0.01813064   0.00008568
    6    3
 -0.00223640  -0.00108132    -0.00623882   0.00138299     0.02260587   0.00017530
 -0.00241141   0.00300670    -0.00499922   0.00121573    -0.00108214   0.00536888
  0.00773066  -0.01004502    -0.00619285   0.00570135    -0.01813064  -0.00008568
    6    4
 -0.00860093   0.00369117    -0.00000000   0.00000000    -0.00000000   0.00000000
 -0.00000000   0.00000000     0.01069321  -0.00812681    -0.00183252  -0.03391586
 -0.00000000   0.00000000     0.01274158  -0.02270541     0.01069321  -0.00812681
    6    5
 -0.00793384   0.00000000     0.00000000  -0.00000000     0.00000000   0.00000000
 -0.00000000  -0.00000000    -0.02257577   0.00489185     0.01959701  -0.00000000
  0.00000000   0.00000000    -0.00642353   0.00000000    -0.02257577  -0.00489185
    6    6
  0.02800247  -0.00000000     0.00000000  -0.00000000    -0.00000000  -0.00000000
  0.00000000   0.00000000     0.04319696  -0.00000000     0.00126803  -0.00837084
 -0.00000000   0.00000000     0.00126803   0.00837084     0.05536481  -0.00000000
    6    7
  0.02008476   0.00160211    -0.00000000   0.00000000     0.00000000  -0.00000000
 -0.00000000  -0.00000000    -0.00311409  -0.01378977    -0.00361724   0.01372168
  0.00000000  -0.00000000    -0.00361724   0.01372168    -0.02757522  -0.00141881
    7    1
 -0.00465545  -0.00629405    -0.00000000   0.00000000     0.00000000  -0.00000000
 -0.00000000  -0.00000000     0.01892474   0.00937442    -0.02332077   0.01249270
 -0.00000000   0.00000000     0.03153108  -0.05425924    -0.01593673  -0.01139040
    7    2
 -0.00223640   0.00108132    -0.00623882  -0.00138299     0.02260587  -0.00017530
 -0.00241141  -0.00300670    -0.00499922  -0.00121573    -0.00108214  -0.00536888
  0.00773066   0.01004502    -0.00619285  -0.00570135    -0.01813064   0.00008568
    7    3
  0.00223640  -0.00108132    -0.00623882  -0.00138299     0.02260587  -0.00017530
 -0.00241141  -0.00300670     0.00499922   0.00121573     0.00108214   0.00536888
  0.00773066   0.01004502     0.00619285   0.00570135     0.01813064  -0.00008568
    7    4
 -0.00793384  -0.00000000     0.00000000   0.00000000     0.00000000  -0.00000000
  0.00000000   0.00000000    -0.02257577  -0.00489185     0.01959701   0.00000000
  0.00000000  -0.00000000    -0.00642353  -0.00000000    -0.02257577   0.00489185
    7    5
 -0.00860093  -0.00369117    -0.00000000  -0.00000000    -0.00000000  -0.00000000
 -0.00000000  -0.00000000     0.01069321   0.00812681    -0.00183252   0.03391586
 -0.00000000  -0.00000000     0.01274158   0.02270541     0.01069321   0.00812681
    7    6
  0.02008476  -0.00160211    -0.00000000   0.00000000     0.00000000   0.00000000
 -0.00000000   0.00000000    -0.00311409   0.01378977    -0.00361724  -0.01372168
  0.00000000   0.00000000    -0.00361724  -0.01372168    -0.02757522   0.00141881
    7    7
  0.02800247   0.00000000     0.00000000  -0.00000000    -0.00000000  -0.00000000
  0.00000000  -0.00000000     0.04319696   0.00000000     0.00126803   0.00837084
 -0.00000000  -0.00000000     0.00126803  -0.00837084     0.05536481  -0.00000000

     Dynamical  Matrix in cartesian axes

     q = (   -0.216506351   0.866025404  -0.216506351 ) 

    1    1
  0.14503342   0.00000000     0.00000000  -0.00000000     0.00354631   0.00000000
  0.00000000  -0.00000000     0.02547506   0.00000000    -0.00000000  -0.00000000
  0.00354631   0.00000000    -0.00000000  -0.00000000     0.14503342   0.00000000
    1    2
 -0.01139040   0.01593673     0.00000000  -0.00000000     0.01249270   0.02332077
  0.00000000   0.00000000    -0.00629405   0.00465545    -0.00000000   0.00000000
 -0.05425924  -0.03153108     0.00000000   0.00000000     0.00937442  -0.01892474
    1    3
 -0.01593673   0.01139040     0.00000000   0.00000000    -0.02332077  -0.01249270
 -0.00000000  -0.00000000    -0.00465545   0.00629405    -0.00000000  -0.00000000
  0.03153108   0.05425924    -0.00000000   0.00000000     0.01892474  -0.00937442
    1    4
 -0.00346288  -0.00346288    -0.01778232   0.01778232     0.01650116   0.01650116
 -0.00592346   0.00592346     0.00000000  -0.00000000    -0.00592346   0.00592346
 -0.01650116  -0.01650116    -0.01778232   0.01778232     0.00346288   0.00346288
    1    5
  0.00346288   0.00346288    -0.01778232   0.01778232    -0.01650116  -0.01650116
 -0.00592346   0.00592346     0.00000000  -0.00000000    -0.00592346   0.00592346
  0.01650116   0.01650116    -0.01778232   0.01778232    -0.00346288  -0.00346288
    1    6
  0.01892474  -0.00937442    -0.00000000  -0.00000000     0.03153108   0.05425924
 -0.00000000   0.00000000    -0.00465545   0.00629405     0.00000000  -0.00000000
 -0.02332077  -0.01249270     0.00000000  -0.00000000    -0.01593673   0.01139040
    1    7
  0.00937442  -0.01892474     0.00000000   0.00000000    -0.05425924  -0.03153108
 -0.00000000  -0.00000000    -0.00629405   0.00465545     0.00000000  -0.00000000
  0.01249270   0.02332077     0.00000000  -0.00000000    -0.01139040   0.01593673
    2    1
 -0.01139040  -0.01593673     0.00000000  -0.00000000    -0.05425924   0.03153108
  0.00000000   0.00000000    -0.00629405  -0.00465545    -0.00000000  -0.00000000
  0.01249270  -0.02332077    -0.00000000  -0.00000000     0.00937442   0.01892474
    2    2
  0.05536481  -0.00000000    -0.00000000  -0.00000000     0.00126803   0.00837084
 -0.00000000   0.00000000     0.02800247  -0.00000000    -0.00000000   0.00000000
  0.00126803  -0.00837084    -0.00000000   0.00000000     0.04319696  -0.00000000
    2    3
 -0.02757522  -0.00141881     0.00000000  -0.00000000    -0.00361724   0.01372168
 -0.00000000  -0.00000000     0.02008476   0.00160211     0.00000000   0.00000000
 -0.00361724   0.01372168     0.00000000   0.00000000    -0.00311409  -0.01378977
    2    4
  0.01813064   0.00008568     0.00773066  -0.01004502     0.00619285  -0.00570135
  0.02260587   0.00017530     0.00223640   0.00108132    -0.00623882   0.00138299
  0.00108214  -0.00536888    -0.00241141   0.00300670     0.00499922  -0.00121573
    2    5
 -0.01813064  -0.00008568     0.00773066  -0.01004502    -0.00619285   0.00570135
  0.02260587   0.00017530    -0.00223640  -0.00108132    -0.00623882   0.00138299
 -0.00108214   0.00536888    -0.00241141   0.00300670    -0.00499922   0.00121573
    2    6
  0.01069321  -0.00812681    -0.00000000   0.00000000     0.01274158  -0.02270541
  0.00000000   0.00000000    -0.00860093   0.00369117    -0.00000000   0.00000000
 -0.00183252  -0.03391586    -0.00000000   0.00000000     0.01069321  -0.00812681
    2    7
 -0.02257577  -0.00489185     0.00000000   0.00000000    -0.00642353   0.00000000
 -0.00000000   0.00000000    -0.00793384   0.00000000     0.00000000  -0.00000000
  0.01959701  -0.00000000     0.00000000  -0.00000000    -0.02257577   0.00489185
    3    1
 -0.01593673  -0.01139040    -0.00000000   0.00000000     0.03153108  -0.05425924
  0.00000000  -0.00000000    -0.00465545  -0.00629405    -0.00000000  -0.00000000
 -0.02332077   0.01249270    -0.00000000  -0.00000000     0.01892474   0.00937442
    3    2
 -0.02757522   0.00141881     0.00000000   0.00000000    -0.00361724  -0.01372168
 -0.00000000   0.00000000     0.02008476  -0.00160211     0.00000000  -0.00000000
 -0.00361724  -0.01372168     0.00000000  -0.00000000    -0.00311409   0.01378977
    3    3
  0.05536481  -0.00000000    -0.00000000   0.00000000     0.00126803  -0.00837084
 -0.00000000  -0.00000000     0.02800247   0.00000000    -0.00000000  -0.00000000
  0.00126803   0.00837084    -0.00000000   0.00000000     0.04319696   0.00000000
    3    4
 -0.01813064   0.00008568     0.00773066   0.01004502    -0.00619285  -0.00570135
  0.02260587  -0.00017530    -0.00223640   0.00108132    -0.00623882  -0.00138299
 -0.00108214  -0.00536888    -0.00241141  -0.00300670    -0.00499922  -0.00121573
    3    5
  0.01813064  -0.00008568     0.00773066   0.01004502     0.00619285   0.00570135
  0.02260587  -0.00017530     0.00223640  -0.00108132    -0.00623882  -0.00138299
  0.00108214   0.00536888    -0.00241141  -0.00300670     0.00499922   0.00121573
    3    6
 -0.02257577   0.00489185     0.00000000  -0.00000000    -0.00642353   0.00000000
  0.00000000  -0.00000000    -0.00793384   0.00000000     0.00000000   0.00000000
  0.01959701  -0.00000000     0.00000000   0.00000000    -0.02257577  -0.00489185
    3    7
  0.01069321   0.00812681    -0.00000000  -0.00000000     0.01274158   0.02270541
  0.00000000  -0.00000000    -0.00860093  -0.00369117    -0.00000000  -0.00000000
 -0.00183252   0.03391586    -0.00000000  -0.00000000     0.01069321   0.00812681
    4    1
 -0.00346288   0.00346288    -0.00592346  -0.00592346    -0.01650116   0.01650116
 -0.01778232  -0.01778232     0.00000000   0.00000000    -0.01778232  -0.01778232
  0.01650116  -0.01650116    -0.00592346  -0.00592346     0.00346288  -0.00346288
    4    2
  0.01813064  -0.00008568     0.02260587  -0.00017530     0.00108214   0.00536888
  0.00773066   0.01004502     0.00223640  -0.00108132    -0.00241141  -0.00300670
  0.00619285   0.00570135    -0.00623882  -0.00138299     0.00499922   0.00121573
    4    3
 -0.01813064  -0.00008568     0.02260587   0.00017530    -0.00108214   0.00536888
  0.00773066  -0.01004502    -0.00223640  -0.00108132    -0.00241141   0.00300670
 -0.00619285   0.00570135    -0.00623882   0.00138299    -0.00499922   0.00121573
    4    4
  0.03566660   0.00000000    -0.00000000  -0.00272170    -0.00154255   0.00000000
 -0.00000000   0.00272170     0.01655746   0.00000000    -0.00000000  -0.00272170
 -0.00154255   0.00000000    -0.00000000   0.00272170     0.03566660   0.00000000
    4    5
  0.01109591  -0.00000000     0.00000000  -0.00615446    -0.00872107   0.00000000
  0.00000000  -0.00615446     0.00357119  -0.00000000     0.00000000   0.00615446
 -0.00872107   0.00000000    -0.00000000   0.00615446     0.01109591  -0.00000000
    4    6
  0.00499922  -0.00121573    -0.00623882   0.00138299     0.00619285  -0.00570135
 -0.00241141   0.00300670     0.00223640   0.00108132     0.00773066  -0.01004502
  0.00108214  -0.00536888     0.02260587   0.00017530     0.01813064   0.00008568
    4    7
 -0.00499922  -0.00121573    -0.00623882  -0.00138299    -0.00619285  -0.00570135
 -0.00241141  -0.00300670    -0.00223640   0.00108132     0.00773066   0.01004502
 -0.00108214  -0.00536888     0.02260587  -0.00017530    -0.01813064   0.00008568
    5    1
  0.00346288  -0.00346288    -0.00592346  -0.00592346     0.01650116  -0.01650116
 -0.01778232  -0.01778232     0.00000000   0.00000000    -0.01778232  -0.01778232
 -0.01650116   0.01650116    -0.00592346  -0.00592346    -0.00346288   0.00346288
    5    2
 -0.01813064   0.00008568     0.02260587  -0.00017530    -0.00108214  -0.00536888
  0.00773066   0.01004502    -0.00223640   0.00108132    -0.00241141  -0.00300670
 -0.00619285  -0.00570135    -0.00623882  -0.00138299    -0.00499922  -0.00121573
    5    3
  0.01813064   0.00008568     0.02260587   0.00017530     0.00108214  -0.00536888
  0.00773066  -0.01004502     0.00223640   0.00108132    -0.00241141   0.00300670
  0.00619285  -0.00570135    -0.00623882   0.00138299     0.00499922  -0.00121573
    5    4
  0.01109591   0.00000000     0.00000000   0.00615446    -0.00872107  -0.00000000
  0.00000000   0.00615446     0.00357119   0.00000000     0.00000000  -0.00615446
 -0.00872107  -0.00000000    -0.00000000  -0.00615446     0.01109591   0.00000000
    5    5
  0.03566660   0.00000000    -0.00000000   0.00272170    -0.00154255  -0.00000000
 -0.00000000  -0.00272170     0.01655746  -0.00000000    -0.00000000   0.00272170
 -0.00154255   0.00000000    -0.00000000  -0.00272170     0.03566660   0.00000000
    5    6
 -0.00499922   0.00121573    -0.00623882   0.00138299    -0.00619285   0.00570135
 -0.00241141   0.00300670    -0.00223640  -0.00108132     0.00773066  -0.01004502
 -0.00108214   0.00536888     0.02260587   0.00017530    -0.01813064  -0.00008568
    5    7
  0.00499922   0.00121573    -0.00623882  -0.00138299     0.00619285   0.00570135
 -0.00241141  -0.00300670     0.00223640  -0.00108132     0.00773066   0.01004502
  0.00108214   0.00536888     0.02260587  -0.00017530     0.01813064  -0.00008568
    6    1
  0.01892474   0.00937442     0.00000000   0.00000000    -0.02332077   0.01249270
 -0.00000000   0.00000000    -0.00465545  -0.00629405     0.00000000   0.00000000
  0.03153108  -0.05425924     0.00000000   0.00000000    -0.01593673  -0.01139040
    6    2
  0.01069321   0.00812681     0.00000000  -0.00000000    -0.00183252   0.03391586
 -0.00000000  -0.00000000    -0.00860093  -0.00369117    -0.00000000  -0.00000000
  0.01274158   0.02270541    -0.00000000  -0.00000000     0.01069321   0.00812681
    6    3
 -0.02257577  -0.00489185     0.00000000   0.00000000     0.01959701   0.00000000
  0.00000000   0.00000000    -0.00793384  -0.00000000     0.00000000  -0.00000000
 -0.00642353  -0.00000000     0.00000000  -0.00000000    -0.02257577   0.00489185
    6    4
  0.00499922   0.00121573    -0.00241141  -0.00300670     0.00108214   0.00536888
 -0.00623882  -0.00138299     0.00223640  -0.00108132     0.02260587  -0.00017530
  0.00619285   0.00570135     0.00773066   0.01004502     0.01813064  -0.00008568
    6    5
 -0.00499922  -0.00121573    -0.00241141  -0.00300670    -0.00108214  -0.00536888
 -0.00623882  -0.00138299    -0.00223640   0.00108132     0.02260587  -0.00017530
 -0.00619285  -0.00570135     0.00773066   0.01004502    -0.01813064   0.00008568
    6    6
  0.04319696   0.00000000     0.00000000  -0.00000000     0.00126803   0.00837084
  0.00000000  -0.00000000     0.02800247   0.00000000    -0.00000000  -0.00000000
  0.00126803  -0.00837084    -0.00000000   0.00000000     0.05536481  -0.00000000
    6    7
 -0.00311409   0.01378977    -0.00000000   0.00000000    -0.00361724  -0.01372168
 -0.00000000  -0.00000000     0.02008476  -0.00160211     0.00000000   0.00000000
 -0.00361724  -0.01372168     0.00000000  -0.00000000    -0.02757522   0.00141881
    7    1
  0.00937442   0.01892474     0.00000000  -0.00000000     0.01249270  -0.02332077
  0.00000000  -0.00000000    -0.00629405  -0.00465545     0.00000000   0.00000000
 -0.05425924   0.03153108     0.00000000   0.00000000    -0.01139040  -0.01593673
    7    2
 -0.02257577   0.00489185     0.00000000  -0.00000000     0.01959701   0.00000000
  0.00000000  -0.00000000    -0.00793384  -0.00000000     0.00000000   0.00000000
 -0.00642353  -0.00000000     0.00000000   0.00000000    -0.02257577  -0.00489185
    7    3
  0.01069321  -0.00812681    -0.00000000   0.00000000    -0.00183252  -0.03391586
 -0.00000000   0.00000000    -0.00860093   0.00369117    -0.00000000   0.00000000
  0.01274158  -0.02270541    -0.00000000   0.00000000     0.01069321  -0.00812681
    7    4
 -0.00499922   0.00121573    -0.00241141   0.00300670    -0.00108214   0.00536888
 -0.00623882   0.00138299    -0.00223640  -0.00108132     0.02260587   0.00017530
 -0.00619285   0.00570135     0.00773066  -0.01004502    -0.01813064  -0.00008568
    7    5
  0.00499922  -0.00121573    -0.00241141   0.00300670     0.00108214  -0.00536888
 -0.00623882   0.00138299     0.00223640   0.00108132     0.02260587   0.00017530
  0.00619285  -0.00570135     0.00773066  -0.01004502     0.01813064   0.00008568
    7    6
 -0.00311409  -0.01378977    -0.00000000  -0.00000000    -0.00361724   0.01372168
 -0.00000000  -0.00000000     0.02008476   0.00160211     0.00000000  -0.00000000
 -0.00361724   0.01372168     0.00000000   0.00000000    -0.02757522  -0.00141881
    7    7
  0.04319696  -0.00000000     0.00000000   0.00000000     0.00126803  -0.00837084
 -0.00000000   0.00000000     0.02800247  -0.00000000    -0.00000000   0.00000000
  0.00126803   0.00837084    -0.00000000   0.00000000     0.05536481   0.00000000

     Dynamical  Matrix in cartesian axes

     q = (    0.216506351   0.866025404  -0.216506351 ) 

    1    1
  0.14503342   0.00000000    -0.00000000   0.00000000    -0.00354631  -0.00000000
  0.00000000   0.00000000     0.02547506   0.00000000    -0.00000000   0.00000000
 -0.00354631  -0.00000000    -0.00000000   0.00000000     0.14503342   0.00000000
    1    2
  0.01593673  -0.01139040    -0.00000000   0.00000000    -0.02332077  -0.01249270
 -0.00000000   0.00000000     0.00465545  -0.00629405     0.00000000   0.00000000
  0.03153108   0.05425924     0.00000000  -0.00000000    -0.01892474   0.00937442
    1    3
 -0.01593673  -0.01139040    -0.00000000   0.00000000     0.02332077  -0.01249270
  0.00000000   0.00000000    -0.00465545  -0.00629405    -0.00000000   0.00000000
 -0.03153108   0.05425924    -0.00000000  -0.00000000     0.01892474   0.00937442
    1    4
 -0.00346288   0.00346288    -0.01778232  -0.01778232    -0.01650116   0.01650116
 -0.00592346  -0.00592346    -0.00000000   0.00000000     0.00592346   0.00592346
  0.01650116  -0.01650116     0.01778232   0.01778232     0.00346288  -0.00346288
    1    5
  0.00346288   0.00346288     0.01778232  -0.01778232     0.01650116   0.01650116
  0.00592346  -0.00592346     0.00000000  -0.00000000    -0.00592346   0.00592346
 -0.01650116  -0.01650116    -0.01778232   0.01778232    -0.00346288  -0.00346288
    1    6
  0.01892474  -0.00937442     0.00000000   0.00000000    -0.03153108  -0.05425924
 -0.00000000  -0.00000000    -0.00465545   0.00629405     0.00000000  -0.00000000
  0.02332077   0.01249270     0.00000000  -0.00000000    -0.01593673   0.01139040
    1    7
 -0.01892474  -0.00937442     0.00000000   0.00000000     0.03153108  -0.05425924
  0.00000000  -0.00000000     0.00465545   0.00629405    -0.00000000  -0.00000000
 -0.02332077   0.01249270     0.00000000  -0.00000000     0.01593673   0.01139040
    2    1
  0.01593673   0.01139040    -0.00000000   0.00000000     0.03153108  -0.05425924
  0.00000000   0.00000000     0.00465545   0.00629405     0.00000000   0.00000000
 -0.02332077   0.01249270     0.00000000   0.00000000    -0.01892474  -0.00937442
    2    2
  0.05536481  -0.00000000    -0.00000000  -0.00000000    -0.00126803   0.00837084
  0.00000000   0.00000000     0.02800247   0.00000000     0.00000000   0.00000000
 -0.00126803  -0.00837084     0.00000000  -0.00000000     0.04319696   0.00000000
    2    3
  0.00141881   0.02757522    -0.00000000   0.00000000     0.01372168  -0.00361724
 -0.00000000  -0.00000000    -0.00160211  -0.02008476    -0.00000000   0.00000000
  0.01372168  -0.00361724    -0.00000000   0.00000000     0.01378977   0.00311409
    2    4
 -0.00008568  -0.01813064     0.01004502  -0.00773066    -0.00570135   0.00619285
 -0.00017530  -0.02260587    -0.00108132  -0.00223640     0.00138299  -0.00623882
 -0.00536888   0.00108214     0.00300670  -0.00241141     0.00121573  -0.00499922
    2    5
 -0.01813064   0.00008568     0.00773066   0.01004502     0.00619285   0.00570135
  0.02260587  -0.00017530    -0.00223640   0.00108132     0.00623882   0.00138299
  0.00108214   0.00536888     0.00241141   0.00300670    -0.00499922  -0.00121573
    2    6
  0.02257577  -0.00489185    -0.00000000   0.00000000    -0.00642353  -0.00000000
 -0.00000000   0.00000000     0.00793384   0.00000000    -0.00000000   0.00000000
  0.01959701   0.00000000    -0.00000000  -0.00000000     0.02257577   0.00489185
    2    7
 -0.00812681   0.01069321    -0.00000000   0.00000000     0.02270541  -0.01274158
 -0.00000000   0.00000000     0.00369117  -0.00860093     0.00000000  -0.00000000
  0.03391586   0.00183252     0.00000000   0.00000000    -0.00812681   0.01069321
    3    1
 -0.01593673   0.01139040     0.00000000   0.00000000    -0.03153108  -0.05425924
  0.00000000   0.00000000    -0.00465545   0.00629405     0.00000000   0.00000000
  0.02332077   0.01249270    -0.00000000   0.00000000     0.01892474  -0.00937442
    3    2
  0.00141881  -0.02757522    -0.00000000  -0.00000000     0.01372168   0.00361724
 -0.00000000   0.00000000    -0.00160211   0.02008476    -0.00000000  -0.00000000
  0.01372168   0.00361724    -0.00000000   0.00000000     0.01378977  -0.00311409
    3    3
  0.05536481   0.00000000     0.00000000   0.00000000    -0.00126803  -0.00837084
  0.00000000  -0.00000000     0.02800247  -0.00000000    -0.00000000  -0.00000000
 -0.00126803   0.00837084    -0.00000000   0.00000000     0.04319696  -0.00000000
    3    4
 -0.01813064  -0.00008568     0.00773066  -0.01004502     0.00619285  -0.00570135
  0.02260587   0.00017530    -0.00223640  -0.00108132     0.00623882  -0.00138299
  0.00108214  -0.00536888     0.00241141  -0.00300670    -0.00499922   0.00121573
    3    5
 -0.00008568   0.01813064     0.01004502   0.00773066    -0.00570135  -0.00619285
 -0.00017530   0.02260587    -0.00108132   0.00223640     0.00138299   0.00623882
 -0.00536888  -0.00108214     0.00300670   0.00241141     0.00121573   0.00499922
    3    6
 -0.00812681  -0.01069321    -0.00000000  -0.00000000     0.02270541   0.01274158
 -0.00000000  -0.00000000     0.00369117   0.00860093    -0.00000000   0.00000000
  0.03391586  -0.00183252    -0.00000000   0.00000000    -0.00812681  -0.01069321
    3    7
  0.02257577   0.00489185     0.00000000  -0.00000000    -0.00642353   0.00000000
 -0.00000000  -0.00000000     0.00793384  -0.00000000    -0.00000000   0.00000000
  0.01959701  -0.00000000    -0.00000000   0.00000000     0.02257577  -0.00489185
    4    1
 -0.00346288  -0.00346288    -0.00592346   0.00592346     0.01650116   0.01650116
 -0.01778232   0.01778232     0.00000000   0.00000000     0.01778232  -0.01778232
 -0.01650116  -0.01650116     0.00592346  -0.00592346     0.00346288   0.00346288
    4    2
 -0.00008568   0.01813064    -0.00017530   0.02260587    -0.00536888  -0.00108214
  0.01004502   0.00773066    -0.00108132   0.00223640     0.00300670   0.00241141
 -0.00570135  -0.00619285     0.00138299   0.00623882     0.00121573   0.00499922
    4    3
 -0.01813064   0.00008568     0.02260587  -0.00017530     0.00108214   0.00536888
  0.00773066   0.01004502    -0.00223640   0.00108132     0.00241141   0.00300670
  0.00619285   0.00570135     0.00623882   0.00138299    -0.00499922  -0.00121573
    4    4
  0.03566660   0.00000000    -0.00000000   0.00272170     0.00154255   0.00000000
 -0.00000000  -0.00272170     0.01655746   0.00000000    -0.00000000  -0.00272170
  0.00154255   0.00000000    -0.00000000   0.00272170     0.03566660   0.00000000
    4    5
  0.00000000   0.01109591    -0.00615446   0.00000000     0.00000000   0.00872107
 -0.00615446   0.00000000     0.00000000   0.00357119    -0.00615446   0.00000000
  0.00000000   0.00872107    -0.00615446   0.00000000     0.00000000   0.01109591
    4    6
  0.00121573   0.00499922     0.00138299   0.00623882    -0.00570135  -0.00619285
  0.00300670   0.00241141    -0.00108132   0.00223640     0.01004502   0.00773066
 -0.00536888  -0.00108214    -0.00017530   0.02260587    -0.00008568   0.01813064
    4    7
 -0.00499922  -0.00121573     0.00623882   0.00138299     0.00619285   0.00570135
  0.00241141   0.00300670    -0.00223640   0.00108132     0.00773066   0.01004502
  0.00108214   0.00536888     0.02260587  -0.00017530    -0.01813064   0.00008568
    5    1
  0.00346288  -0.00346288     0.00592346   0.00592346    -0.01650116   0.01650116
  0.01778232   0.01778232     0.00000000   0.00000000    -0.01778232  -0.01778232
  0.01650116  -0.01650116    -0.00592346  -0.00592346    -0.00346288   0.00346288
    5    2
 -0.01813064  -0.00008568     0.02260587   0.00017530     0.00108214  -0.00536888
  0.00773066  -0.01004502    -0.00223640  -0.00108132     0.00241141  -0.00300670
  0.00619285  -0.00570135     0.00623882  -0.00138299    -0.00499922   0.00121573
    5    3
 -0.00008568  -0.01813064    -0.00017530  -0.02260587    -0.00536888   0.00108214
  0.01004502  -0.00773066    -0.00108132  -0.00223640     0.00300670  -0.00241141
 -0.00570135   0.00619285     0.00138299  -0.00623882     0.00121573  -0.00499922
    5    4
  0.00000000  -0.01109591    -0.00615446  -0.00000000     0.00000000  -0.00872107
 -0.00615446  -0.00000000     0.00000000  -0.00357119    -0.00615446  -0.00000000
  0.00000000  -0.00872107    -0.00615446  -0.00000000     0.00000000  -0.01109591
    5    5
  0.03566660   0.00000000    -0.00000000  -0.00272170     0.00154255  -0.00000000
  0.00000000   0.00272170     0.01655746   0.00000000    -0.00000000   0.00272170
  0.00154255   0.00000000    -0.00000000  -0.00272170     0.03566660  -0.00000000
    5    6
 -0.00499922   0.00121573     0.00623882  -0.00138299     0.00619285  -0.00570135
  0.00241141  -0.00300670    -0.00223640  -0.00108132     0.00773066  -0.01004502
  0.00108214  -0.00536888     0.02260587   0.00017530    -0.01813064  -0.00008568
    5    7
  0.00121573  -0.00499922     0.00138299  -0.00623882    -0.00570135   0.00619285
  0.00300670  -0.00241141    -0.00108132  -0.00223640     0.01004502  -0.00773066
 -0.00536888   0.00108214    -0.00017530  -0.02260587    -0.00008568  -0.01813064
    6    1
  0.01892474   0.00937442    -0.00000000   0.00000000     0.02332077  -0.01249270
 -0.00000000  -0.00000000    -0.00465545  -0.00629405     0.00000000   0.00000000
 -0.03153108   0.05425924     0.00000000   0.00000000    -0.01593673  -0.01139040
    6    2
  0.02257577   0.00489185    -0.00000000  -0.00000000     0.01959701  -0.00000000
 -0.00000000  -0.00000000     0.00793384  -0.00000000    -0.00000000   0.00000000
 -0.00642353   0.00000000    -0.00000000   0.00000000     0.02257577  -0.00489185
    6    3
 -0.00812681   0.01069321     0.00000000   0.00000000     0.03391586   0.00183252
 -0.00000000   0.00000000     0.00369117  -0.00860093     0.00000000  -0.00000000
  0.02270541  -0.01274158    -0.00000000  -0.00000000    -0.00812681   0.01069321
    6    4
  0.00121573  -0.00499922     0.00300670  -0.00241141    -0.00536888   0.00108214
  0.00138299  -0.00623882    -0.00108132  -0.00223640    -0.00017530  -0.02260587
 -0.00570135   0.00619285     0.01004502  -0.00773066    -0.00008568  -0.01813064
    6    5
 -0.00499922  -0.00121573     0.00241141   0.00300670     0.00108214   0.00536888
  0.00623882   0.00138299    -0.00223640   0.00108132     0.02260587  -0.00017530
  0.00619285   0.00570135     0.00773066   0.01004502    -0.01813064   0.00008568
    6    6
  0.04319696   0.00000000     0.00000000  -0.00000000    -0.00126803  -0.00837084
  0.00000000  -0.00000000     0.02800247   0.00000000     0.00000000   0.00000000
 -0.00126803   0.00837084     0.00000000  -0.00000000     0.05536481  -0.00000000
    6    7
  0.01378977   0.00311409    -0.00000000   0.00000000     0.01372168  -0.00361724
 -0.00000000   0.00000000    -0.00160211  -0.02008476     0.00000000  -0.00000000
  0.01372168  -0.00361724     0.00000000  -0.00000000     0.00141881   0.02757522
    7    1
 -0.01892474   0.00937442     0.00000000  -0.00000000    -0.02332077  -0.01249270
 -0.00000000  -0.00000000     0.00465545  -0.00629405    -0.00000000   0.00000000
  0.03153108   0.05425924    -0.00000000   0.00000000     0.01593673  -0.01139040
    7    2
 -0.00812681  -0.01069321    -0.00000000  -0.00000000     0.03391586  -0.00183252
 -0.00000000  -0.00000000     0.00369117   0.00860093     0.00000000   0.00000000
  0.02270541   0.01274158     0.00000000   0.00000000    -0.00812681  -0.01069321
    7    3
  0.02257577  -0.00489185    -0.00000000   0.00000000     0.01959701   0.00000000
  0.00000000   0.00000000     0.00793384   0.00000000    -0.00000000  -0.00000000
 -0.00642353  -0.00000000    -0.00000000  -0.00000000     0.02257577   0.00489185
    7    4
 -0.00499922   0.00121573     0.00241141  -0.00300670     0.00108214  -0.00536888
  0.00623882  -0.00138299    -0.00223640  -0.00108132     0.02260587   0.00017530
  0.00619285  -0.00570135     0.00773066  -0.01004502    -0.01813064  -0.00008568
    7    5
  0.00121573   0.00499922     0.00300670   0.00241141    -0.00536888  -0.00108214
  0.00138299   0.00623882    -0.00108132   0.00223640    -0.00017530   0.02260587
 -0.00570135  -0.00619285     0.01004502   0.00773066    -0.00008568   0.01813064
    7    6
  0.01378977  -0.00311409    -0.00000000  -0.00000000     0.01372168   0.00361724
 -0.00000000  -0.00000000    -0.00160211   0.02008476    -0.00000000   0.00000000
  0.01372168   0.00361724    -0.00000000   0.00000000     0.00141881  -0.02757522
    7    7
  0.04319696  -0.00000000    -0.00000000   0.00000000    -0.00126803   0.00837084
 -0.00000000   0.00000000     0.02800247  -0.00000000    -0.00000000  -0.00000000
 -0.00126803  -0.00837084    -0.00000000   0.00000000     0.05536481   0.00000000

     Dynamical  Matrix in cartesian axes

     q = (    0.866025404   0.216506351  -0.216506351 ) 

    1    1
  0.02547506   0.00000000     0.00000000   0.00000000    -0.00000000   0.00000000
 -0.00000000   0.00000000     0.14503342   0.00000000    -0.00354631  -0.00000000
 -0.00000000   0.00000000    -0.00354631  -0.00000000     0.14503342   0.00000000
    1    2
  0.00000000  -0.00000000     0.00592346  -0.00592346    -0.00592346   0.00592346
  0.01778232  -0.01778232     0.00346288   0.00346288     0.01650116   0.01650116
 -0.01778232   0.01778232    -0.01650116  -0.01650116    -0.00346288  -0.00346288
    1    3
 -0.00000000  -0.00000000    -0.00592346  -0.00592346     0.00592346   0.00592346
 -0.01778232  -0.01778232    -0.00346288   0.00346288    -0.01650116   0.01650116
  0.01778232   0.01778232     0.01650116  -0.01650116     0.00346288  -0.00346288
    1    4
 -0.00465545  -0.00629405     0.00000000   0.00000000    -0.00000000   0.00000000
  0.00000000  -0.00000000    -0.01593673  -0.01139040     0.02332077  -0.01249270
 -0.00000000  -0.00000000    -0.03153108   0.05425924     0.01892474   0.00937442
    1    5
  0.00465545  -0.00629405    -0.00000000   0.00000000     0.00000000   0.00000000
  0.00000000   0.00000000     0.01593673  -0.01139040    -0.02332077  -0.01249270
  0.00000000  -0.00000000     0.03153108   0.05425924    -0.01892474   0.00937442
    1    6
  0.00465545   0.00629405     0.00000000   0.00000000    -0.00000000   0.00000000
 -0.00000000   0.00000000    -0.01892474  -0.00937442     0.03153108  -0.05425924
 -0.00000000   0.00000000    -0.02332077   0.01249270     0.01593673   0.01139040
    1    7
 -0.00465545   0.00629405    -0.00000000  -0.00000000     0.00000000  -0.00000000
  0.00000000   0.00000000     0.01892474  -0.00937442    -0.03153108  -0.05425924
