  1.000000000000000E-002   1.26045764302382        2.13065582614097     
          12

     Dynamical  Matrix in cartesian axes

     q = (   -0.866025400  -0.324759500  -0.324759500 ) 

    1    1
  0.00964328  -0.00000000     0.00000000   0.00000000    -0.00000000   0.00000000
  0.00000000   0.00000000     0.12119516   0.00000000    -0.02752922   0.00000000
 -0.00000000   0.00000000    -0.02752922   0.00000000     0.12119516   0.00000000
    1    2
  0.00000000   0.00000000    -0.00169547   0.00070229    -0.00169547   0.00070229
 -0.00970160   0.00401853     0.00533060   0.01286921    -0.00266949  -0.00644472
 -0.00970160   0.00401853     0.00266949   0.00644472    -0.00533060  -0.01286921
    1    3
  0.00000000   0.00000000    -0.00169547   0.00070229    -0.00169547   0.00070229
 -0.00970160   0.00401853    -0.00533060  -0.01286921     0.00266949   0.00644472
 -0.00970160   0.00401853    -0.00266949  -0.00644472     0.00533060   0.01286921
    1    4
 -0.00074918   0.00240175     0.00000000  -0.00000000     0.00000000  -0.00000000
 -0.00000000   0.00000000    -0.01633811   0.01751392    -0.01022655  -0.01991197
 -0.00000000  -0.00000000     0.00555439   0.02709493     0.01974546  -0.01265637
    1    5
 -0.00222805  -0.00116854     0.00000000   0.00000000    -0.00000000   0.00000000
 -0.00000000  -0.00000000    -0.02393700  -0.00083142     0.00684864   0.02131115
 -0.00000000   0.00000000    -0.01523147  -0.02308655     0.02291155  -0.00501275
    1    6
 -0.00222805  -0.00116854    -0.00000000  -0.00000000     0.00000000   0.00000000
  0.00000000   0.00000000     0.02291155  -0.00501275    -0.01523147  -0.02308655
  0.00000000   0.00000000     0.00684864   0.02131115    -0.02393700  -0.00083142
    1    7
 -0.00074918   0.00240175     0.00000000  -0.00000000     0.00000000  -0.00000000
 -0.00000000  -0.00000000     0.01974546  -0.01265637     0.00555439   0.02709493
 -0.00000000   0.00000000    -0.01022655  -0.01991197    -0.01633811   0.01751392
    2    1
  0.00000000  -0.00000000    -0.00970160  -0.00401853    -0.00970160  -0.00401853
 -0.00169547  -0.00070229     0.00533060  -0.01286921     0.00266949  -0.00644472
 -0.00169547  -0.00070229    -0.00266949   0.00644472    -0.00533060   0.01286921
    2    2
  0.00627404  -0.00000000     0.00000000  -0.00106440    -0.00000000   0.00106440
  0.00000000   0.00106440     0.02816881  -0.00000000    -0.01671090  -0.00000000
 -0.00000000  -0.00106440    -0.01671090   0.00000000     0.02816881   0.00000000
    2    3
 -0.00034015   0.00000000     0.00000000   0.00302140    -0.00000000  -0.00302140
  0.00000000   0.00302140     0.01049054  -0.00000000    -0.01447260   0.00000000
 -0.00000000  -0.00302140    -0.01447260   0.00000000     0.01049054  -0.00000000
    2    4
  0.00090615   0.00035310     0.00417767  -0.00388844    -0.00268978   0.00158772
  0.01914317   0.00007027     0.00845098   0.00032871    -0.00446506  -0.00207958
 -0.01515680   0.00064952    -0.00268428  -0.00202128     0.00371154   0.00106845
    2    5
 -0.00090615   0.00035310     0.00417767   0.00388844    -0.00268978  -0.00158772
  0.01914317  -0.00007027    -0.00845098   0.00032871     0.00446506  -0.00207958
 -0.01515680  -0.00064952     0.00268428  -0.00202128    -0.00371154   0.00106845
    2    6
  0.00090615  -0.00035310    -0.00268978  -0.00158772     0.00417767   0.00388844
 -0.01515680  -0.00064952     0.00371154  -0.00106845    -0.00268428   0.00202128
  0.01914317  -0.00007027    -0.00446506   0.00207958     0.00845098  -0.00032871
    2    7
 -0.00090615  -0.00035310    -0.00268978   0.00158772     0.00417767  -0.00388844
 -0.01515680   0.00064952    -0.00371154  -0.00106845     0.00268428   0.00202128
  0.01914317   0.00007027     0.00446506   0.00207958    -0.00845098  -0.00032871
    3    1
  0.00000000  -0.00000000    -0.00970160  -0.00401853    -0.00970160  -0.00401853
 -0.00169547  -0.00070229    -0.00533060   0.01286921    -0.00266949   0.00644472
 -0.00169547  -0.00070229     0.00266949  -0.00644472     0.00533060  -0.01286921
    3    2
 -0.00034015  -0.00000000    -0.00000000  -0.00302140    -0.00000000   0.00302140
  0.00000000  -0.00302140     0.01049054   0.00000000    -0.01447260  -0.00000000
 -0.00000000   0.00302140    -0.01447260  -0.00000000     0.01049054   0.00000000
    3    3
  0.00627404   0.00000000    -0.00000000   0.00106440    -0.00000000  -0.00106440
  0.00000000  -0.00106440     0.02816881   0.00000000    -0.01671090   0.00000000
 -0.00000000   0.00106440    -0.01671090   0.00000000     0.02816881  -0.00000000
    3    4
 -0.00090615  -0.00035310     0.00417767  -0.00388844    -0.00268978   0.00158772
  0.01914317   0.00007027    -0.00845098  -0.00032871     0.00446506   0.00207958
 -0.01515680   0.00064952     0.00268428   0.00202128    -0.00371154  -0.00106845
    3    5
  0.00090615  -0.00035310     0.00417767   0.00388844    -0.00268978  -0.00158772
  0.01914317  -0.00007027     0.00845098  -0.00032871    -0.00446506   0.00207958
 -0.01515680  -0.00064952    -0.00268428   0.00202128     0.00371154  -0.00106845
    3    6
 -0.00090615   0.00035310    -0.00268978  -0.00158772     0.00417767   0.00388844
 -0.01515680  -0.00064952    -0.00371154   0.00106845     0.00268428  -0.00202128
  0.01914317  -0.00007027     0.00446506  -0.00207958    -0.00845098   0.00032871
    3    7
  0.00090615   0.00035310    -0.00268978   0.00158772     0.00417767  -0.00388844
 -0.01515680   0.00064952     0.00371154   0.00106845    -0.00268428  -0.00202128
  0.01914317   0.00007027    -0.00446506  -0.00207958     0.00845098   0.00032871
    4    1
 -0.00074918  -0.00240175    -0.00000000  -0.00000000    -0.00000000   0.00000000
  0.00000000   0.00000000    -0.01633811  -0.01751392     0.00555439  -0.02709493
  0.00000000   0.00000000    -0.01022655   0.01991197     0.01974546   0.01265637
    4    2
  0.00090615  -0.00035310     0.01914317  -0.00007027    -0.01515680  -0.00064952
  0.00417767   0.00388844     0.00845098  -0.00032871    -0.00268428   0.00202128
 -0.00268978  -0.00158772    -0.00446506   0.00207958     0.00371154  -0.00106845
    4    3
 -0.00090615   0.00035310     0.01914317  -0.00007027    -0.01515680  -0.00064952
  0.00417767   0.00388844    -0.00845098   0.00032871     0.00268428  -0.00202128
 -0.00268978  -0.00158772     0.00446506  -0.00207958    -0.00371154   0.00106845
    4    4
  0.02223338  -0.00000000     0.00000000  -0.00000000     0.00000000   0.00000000
  0.00000000   0.00000000     0.02729880   0.00000000    -0.00872275  -0.00506351
 -0.00000000   0.00000000    -0.00872275   0.00506351     0.03974444  -0.00000000
    4    5
  0.01893037   0.00004165     0.00000000  -0.00000000     0.00000000   0.00000000
  0.00000000  -0.00000000    -0.00226509   0.00301822     0.01153182  -0.01230461
  0.00000000   0.00000000     0.01153182  -0.01230461    -0.01393662   0.01036908
    4    6
 -0.01598248  -0.00199996    -0.00000000   0.00000000    -0.00000000  -0.00000000
 -0.00000000  -0.00000000     0.00210500  -0.00112864    -0.00423915   0.01439010
 -0.00000000   0.00000000    -0.02555127   0.02221432     0.00210500  -0.00112864
    4    7
 -0.01494346   0.00000000    -0.00000000   0.00000000     0.00000000  -0.00000000
  0.00000000   0.00000000    -0.02342449  -0.00283116     0.00858770  -0.00000000
  0.00000000  -0.00000000     0.02127028  -0.00000000    -0.02342449   0.00283116
    5    1
 -0.00222805   0.00116854    -0.00000000   0.00000000    -0.00000000   0.00000000
  0.00000000  -0.00000000    -0.02393700   0.00083142    -0.01523147   0.02308655
 -0.00000000   0.00000000     0.00684864  -0.02131115     0.02291155   0.00501275
    5    2
 -0.00090615  -0.00035310     0.01914317   0.00007027    -0.01515680   0.00064952
  0.00417767  -0.00388844    -0.00845098  -0.00032871     0.00268428   0.00202128
 -0.00268978   0.00158772     0.00446506   0.00207958    -0.00371154  -0.00106845
    5    3
  0.00090615   0.00035310     0.01914317   0.00007027    -0.01515680   0.00064952
  0.00417767  -0.00388844     0.00845098   0.00032871    -0.00268428  -0.00202128
 -0.00268978   0.00158772    -0.00446506  -0.00207958     0.00371154   0.00106845
    5    4
  0.01893037  -0.00004165     0.00000000   0.00000000     0.00000000  -0.00000000
  0.00000000   0.00000000    -0.00226509  -0.00301822     0.01153182   0.01230461
  0.00000000  -0.00000000     0.01153182   0.01230461    -0.01393662  -0.01036908
    5    5
  0.02223338   0.00000000     0.00000000   0.00000000    -0.00000000   0.00000000
  0.00000000  -0.00000000     0.02729880   0.00000000    -0.00872275   0.00506351
 -0.00000000   0.00000000    -0.00872275  -0.00506351     0.03974444   0.00000000
    5    6
 -0.01494346   0.00000000    -0.00000000  -0.00000000     0.00000000   0.00000000
  0.00000000  -0.00000000    -0.02342449   0.00283116     0.00858770   0.00000000
  0.00000000   0.00000000     0.02127028  -0.00000000    -0.02342449  -0.00283116
    5    7
 -0.01598248   0.00199996    -0.00000000  -0.00000000    -0.00000000   0.00000000
 -0.00000000   0.00000000     0.00210500   0.00112864    -0.00423915  -0.01439010
 -0.00000000  -0.00000000    -0.02555127  -0.02221432     0.00210500   0.00112864
    6    1
 -0.00222805   0.00116854     0.00000000  -0.00000000     0.00000000  -0.00000000
 -0.00000000   0.00000000     0.02291155   0.00501275     0.00684864  -0.02131115
  0.00000000   0.00000000    -0.01523147   0.02308655    -0.02393700   0.00083142
    6    2
  0.00090615   0.00035310    -0.01515680   0.00064952     0.01914317   0.00007027
 -0.00268978   0.00158772     0.00371154   0.00106845    -0.00446506  -0.00207958
  0.00417767  -0.00388844    -0.00268428  -0.00202128     0.00845098   0.00032871
    6    3
 -0.00090615  -0.00035310    -0.01515680   0.00064952     0.01914317   0.00007027
 -0.00268978   0.00158772    -0.00371154  -0.00106845     0.00446506   0.00207958
  0.00417767  -0.00388844     0.00268428   0.00202128    -0.00845098  -0.00032871
    6    4
 -0.01598248   0.00199996    -0.00000000   0.00000000    -0.00000000  -0.00000000
 -0.00000000  -0.00000000     0.00210500   0.00112864    -0.02555127  -0.02221432
 -0.00000000   0.00000000    -0.00423915  -0.01439010     0.00210500   0.00112864
    6    5
 -0.01494346   0.00000000     0.00000000   0.00000000     0.00000000  -0.00000000
  0.00000000   0.00000000    -0.02342449  -0.00283116     0.02127028  -0.00000000
  0.00000000  -0.00000000     0.00858770  -0.00000000    -0.02342449   0.00283116
    6    6
  0.02223338   0.00000000     0.00000000  -0.00000000    -0.00000000  -0.00000000
  0.00000000   0.00000000     0.03974444   0.00000000    -0.00872275  -0.00506351
 -0.00000000  -0.00000000    -0.00872275   0.00506351     0.02729880  -0.00000000
    6    7
  0.01893037  -0.00004165     0.00000000  -0.00000000     0.00000000   0.00000000
  0.00000000  -0.00000000    -0.01393662  -0.01036908     0.01153182   0.01230461
  0.00000000   0.00000000     0.01153182   0.01230461    -0.00226509  -0.00301822
    7    1
 -0.00074918  -0.00240175    -0.00000000   0.00000000    -0.00000000  -0.00000000
  0.00000000   0.00000000     0.01974546   0.01265637    -0.01022655   0.01991197
  0.00000000   0.00000000     0.00555439  -0.02709493    -0.01633811  -0.01751392
    7    2
 -0.00090615   0.00035310    -0.01515680  -0.00064952     0.01914317  -0.00007027
 -0.00268978  -0.00158772    -0.00371154   0.00106845     0.00446506  -0.00207958
  0.00417767   0.00388844     0.00268428  -0.00202128    -0.00845098   0.00032871
    7    3
  0.00090615  -0.00035310    -0.01515680  -0.00064952     0.01914317  -0.00007027
 -0.00268978  -0.00158772     0.00371154  -0.00106845    -0.00446506   0.00207958
  0.00417767   0.00388844    -0.00268428   0.00202128     0.00845098  -0.00032871
    7    4
 -0.01494346  -0.00000000    -0.00000000  -0.00000000     0.00000000   0.00000000
  0.00000000  -0.00000000    -0.02342449   0.00283116     0.02127028   0.00000000
  0.00000000   0.00000000     0.00858770   0.00000000    -0.02342449  -0.00283116
    7    5
 -0.01598248  -0.00199996    -0.00000000  -0.00000000    -0.00000000   0.00000000
 -0.00000000   0.00000000     0.00210500  -0.00112864    -0.02555127   0.02221432
 -0.00000000  -0.00000000    -0.00423915   0.01439010     0.00210500  -0.00112864
    7    6
  0.01893037   0.00004165     0.00000000   0.00000000     0.00000000  -0.00000000
  0.00000000   0.00000000    -0.01393662   0.01036908     0.01153182  -0.01230461
  0.00000000  -0.00000000     0.01153182  -0.01230461    -0.00226509   0.00301822
    7    7
  0.02223338  -0.00000000     0.00000000   0.00000000    -0.00000000  -0.00000000
 -0.00000000  -0.00000000     0.03974444  -0.00000000    -0.00872275   0.00506351
 -0.00000000  -0.00000000    -0.00872275  -0.00506351     0.02729880  -0.00000000

     Dynamical  Matrix in cartesian axes

     q = (   -0.324759500  -0.866025400   0.324759500 ) 

    1    1
  0.12119516   0.00000000    -0.00000000   0.00000000     0.02752922   0.00000000
  0.00000000   0.00000000     0.00964328  -0.00000000    -0.00000000   0.00000000
  0.02752922   0.00000000    -0.00000000   0.00000000     0.12119516   0.00000000
    1    2
  0.01633811   0.01751392    -0.00000000  -0.00000000    -0.01022654   0.01991197
 -0.00000000  -0.00000000     0.00074918   0.00240175     0.00000000  -0.00000000
  0.00555439  -0.02709493     0.00000000   0.00000000    -0.01974546  -0.01265637
    1    3
 -0.01633811   0.01751392    -0.00000000   0.00000000     0.01022655   0.01991197
  0.00000000  -0.00000000    -0.00074918   0.00240175    -0.00000000   0.00000000
 -0.00555439  -0.02709493     0.00000000   0.00000000     0.01974546  -0.01265637
    1    4
 -0.00533060  -0.01286921    -0.00970160   0.00401853    -0.00266949  -0.00644472
 -0.00169547   0.00070229     0.00000000   0.00000000     0.00169547  -0.00070229
  0.00266949   0.00644472     0.00970160  -0.00401853     0.00533060   0.01286921
    1    5
  0.00533060  -0.01286921     0.00970160   0.00401853     0.00266949  -0.00644472
  0.00169547   0.00070229     0.00000000  -0.00000000    -0.00169547  -0.00070229
 -0.00266949   0.00644472    -0.00970160  -0.00401853    -0.00533060   0.01286921
    1    6
  0.01974546   0.01265637     0.00000000  -0.00000000    -0.00555439   0.02709493
 -0.00000000  -0.00000000    -0.00074918  -0.00240175     0.00000000   0.00000000
  0.01022654  -0.01991197     0.00000000   0.00000000    -0.01633811  -0.01751392
    1    7
 -0.01974546   0.01265637     0.00000000   0.00000000     0.00555439   0.02709493
 -0.00000000   0.00000000     0.00074918  -0.00240175     0.00000000  -0.00000000
 -0.01022654  -0.01991197    -0.00000000   0.00000000     0.01633811  -0.01751392
    2    1
  0.01633811  -0.01751392    -0.00000000  -0.00000000     0.00555439   0.02709493
  0.00000000   0.00000000     0.00074918  -0.00240175     0.00000000  -0.00000000
 -0.01022654  -0.01991197     0.00000000  -0.00000000    -0.01974546   0.01265637
    2    2
  0.02729880  -0.00000000    -0.00000000   0.00000000     0.00872275  -0.00506351
 -0.00000000  -0.00000000     0.02223338   0.00000000    -0.00000000   0.00000000
  0.00872275   0.00506351    -0.00000000  -0.00000000     0.03974444   0.00000000
    2    3
  0.00373586   0.00053254    -0.00000000   0.00000000     0.01685490   0.00054644
 -0.00000000   0.00000000    -0.01335634   0.01341525     0.00000000  -0.00000000
  0.01685490   0.00054644     0.00000000  -0.00000000     0.01718673  -0.00252264
    2    4
 -0.00620817   0.00574332    -0.00020452   0.00570360    -0.00332734   0.00046881
 -0.01358595   0.01348658    -0.00089042   0.00039107    -0.01025820   0.01117676
 -0.00462776   0.00168679    -0.00077927   0.00302465    -0.00337997   0.00186895
    2    5
 -0.00845098  -0.00032871     0.00417767  -0.00388844    -0.00268428  -0.00202128
  0.01914317   0.00007027    -0.00090615  -0.00035310     0.01515680  -0.00064952
 -0.00446506  -0.00207958     0.00268978  -0.00158772    -0.00371154  -0.00106845
    2    6
  0.02342449  -0.00283116     0.00000000   0.00000000     0.00858770  -0.00000000
 -0.00000000   0.00000000     0.01494346  -0.00000000    -0.00000000  -0.00000000
  0.02127028  -0.00000000    -0.00000000  -0.00000000     0.02342449   0.00283116
    2    7
  0.00228653  -0.00069039     0.00000000   0.00000000     0.01317287   0.00717780
 -0.00000000   0.00000000    -0.00988713   0.01271551    -0.00000000  -0.00000000
  0.03377537  -0.00235959     0.00000000  -0.00000000     0.00228653  -0.00069039
    3    1
 -0.01633811  -0.01751392     0.00000000   0.00000000    -0.00555439   0.02709493
 -0.00000000  -0.00000000    -0.00074918  -0.00240175     0.00000000  -0.00000000
  0.01022655  -0.01991197    -0.00000000  -0.00000000     0.01974546   0.01265637
    3    2
  0.00373586  -0.00053254    -0.00000000  -0.00000000     0.01685490  -0.00054644
 -0.00000000  -0.00000000    -0.01335634  -0.01341525     0.00000000   0.00000000
  0.01685490  -0.00054644     0.00000000   0.00000000     0.01718673   0.00252264
    3    3
  0.02729880   0.00000000     0.00000000   0.00000000     0.00872275   0.00506351
  0.00000000   0.00000000     0.02223338   0.00000000    -0.00000000   0.00000000
  0.00872275  -0.00506351    -0.00000000   0.00000000     0.03974444  -0.00000000
    3    4
 -0.00845098   0.00032871     0.00417767   0.00388844    -0.00268428   0.00202128
  0.01914317  -0.00007027    -0.00090615   0.00035310     0.01515680   0.00064952
 -0.00446506   0.00207958     0.00268978   0.00158772    -0.00371154   0.00106845
    3    5
 -0.00620817  -0.00574332    -0.00020452  -0.00570360    -0.00332734  -0.00046881
 -0.01358595  -0.01348658    -0.00089042  -0.00039107    -0.01025820  -0.01117676
 -0.00462776  -0.00168679    -0.00077927  -0.00302465    -0.00337997  -0.00186895
    3    6
  0.00228653   0.00069039     0.00000000  -0.00000000     0.01317287  -0.00717780
 -0.00000000  -0.00000000    -0.00988713  -0.01271551    -0.00000000   0.00000000
  0.03377537   0.00235959     0.00000000   0.00000000     0.00228653   0.00069039
    3    7
  0.02342449   0.00283116    -0.00000000  -0.00000000     0.00858770   0.00000000
 -0.00000000   0.00000000     0.01494346   0.00000000    -0.00000000   0.00000000
  0.02127028   0.00000000    -0.00000000   0.00000000     0.02342449  -0.00283116
    4    1
 -0.00533060   0.01286921    -0.00169547  -0.00070229     0.00266949  -0.00644472
 -0.00970160  -0.00401853     0.00000000  -0.00000000     0.00970160   0.00401853
 -0.00266949   0.00644472     0.00169547   0.00070229     0.00533060  -0.01286921
    4    2
 -0.00620817  -0.00574332    -0.01358595  -0.01348658    -0.00462776  -0.00168679
 -0.00020452  -0.00570360    -0.00089042  -0.00039107    -0.00077927  -0.00302465
 -0.00332734  -0.00046881    -0.01025820  -0.01117676    -0.00337997  -0.00186895
    4    3
 -0.00845098  -0.00032871     0.01914317   0.00007027    -0.00446506  -0.00207958
  0.00417767  -0.00388844    -0.00090615  -0.00035310     0.00268978  -0.00158772
 -0.00268428  -0.00202128     0.01515680  -0.00064952    -0.00371154  -0.00106845
    4    4
  0.02816881   0.00000000    -0.00000000  -0.00106440     0.01671090  -0.00000000
 -0.00000000   0.00106440     0.00627404   0.00000000    -0.00000000   0.00106440
  0.01671090   0.00000000    -0.00000000  -0.00106440     0.02816881  -0.00000000
    4    5
 -0.00741793  -0.00741793    -0.00213645   0.00213645    -0.01023367  -0.01023367
 -0.00213645   0.00213645     0.00024052   0.00024052    -0.00213645   0.00213645
 -0.01023367  -0.01023367    -0.00213645   0.00213645    -0.00741793  -0.00741793
    4    6
 -0.00337997  -0.00186895    -0.01025820  -0.01117676    -0.00332734  -0.00046881
 -0.00077927  -0.00302465    -0.00089042  -0.00039107    -0.00020452  -0.00570360
 -0.00462776  -0.00168679    -0.01358595  -0.01348658    -0.00620817  -0.00574331
    4    7
 -0.00371154  -0.00106845     0.01515680  -0.00064952    -0.00268428  -0.00202128
  0.00268978  -0.00158772    -0.00090615  -0.00035310     0.00417767  -0.00388844
 -0.00446506  -0.00207958     0.01914317   0.00007027    -0.00845098  -0.00032871
    5    1
  0.00533060   0.01286921     0.00169547  -0.00070229    -0.00266949  -0.00644472
  0.00970160  -0.00401853     0.00000000   0.00000000    -0.00970160   0.00401853
  0.00266949   0.00644472    -0.00169547   0.00070229    -0.00533060  -0.01286921
    5    2
 -0.00845098   0.00032871     0.01914317  -0.00007027    -0.00446506   0.00207958
  0.00417767   0.00388844    -0.00090615   0.00035310     0.00268978   0.00158772
 -0.00268428   0.00202128     0.01515680   0.00064952    -0.00371154   0.00106845
    5    3
 -0.00620817   0.00574332    -0.01358595   0.01348658    -0.00462776   0.00168679
 -0.00020452   0.00570360    -0.00089042   0.00039107    -0.00077927   0.00302465
 -0.00332734   0.00046881    -0.01025820   0.01117676    -0.00337997   0.00186895
    5    4
 -0.00741793   0.00741793    -0.00213645  -0.00213645    -0.01023367   0.01023367
 -0.00213645  -0.00213645     0.00024052  -0.00024052    -0.00213645  -0.00213645
 -0.01023367   0.01023367    -0.00213645  -0.00213645    -0.00741793   0.00741793
    5    5
  0.02816881  -0.00000000    -0.00000000   0.00106440     0.01671090   0.00000000
 -0.00000000  -0.00106440     0.00627404   0.00000000    -0.00000000  -0.00106440
  0.01671090  -0.00000000    -0.00000000   0.00106440     0.02816881   0.00000000
    5    6
 -0.00371154   0.00106845     0.01515680   0.00064952    -0.00268428   0.00202128
  0.00268978   0.00158772    -0.00090615   0.00035310     0.00417767   0.00388844
 -0.00446506   0.00207958     0.01914317  -0.00007027    -0.00845098   0.00032871
    5    7
 -0.00337997   0.00186895    -0.01025820   0.01117676    -0.00332734   0.00046881
 -0.00077927   0.00302465    -0.00089042   0.00039107    -0.00020452   0.00570360
 -0.00462776   0.00168679    -0.01358595   0.01348658    -0.00620817   0.00574331
    6    1
  0.01974546  -0.01265637    -0.00000000  -0.00000000     0.01022654   0.01991197
  0.00000000   0.00000000    -0.00074918   0.00240175     0.00000000  -0.00000000
 -0.00555439  -0.02709493     0.00000000  -0.00000000    -0.01633811   0.01751392
    6    2
  0.02342449   0.00283116    -0.00000000  -0.00000000     0.02127028   0.00000000
 -0.00000000  -0.00000000     0.01494346   0.00000000    -0.00000000   0.00000000
  0.00858770   0.00000000    -0.00000000   0.00000000     0.02342449  -0.00283116
    6    3
  0.00228653  -0.00069039    -0.00000000   0.00000000     0.03377537  -0.00235959
  0.00000000   0.00000000    -0.00988713   0.01271551     0.00000000  -0.00000000
  0.01317287   0.00717780    -0.00000000  -0.00000000     0.00228653  -0.00069039
    6    4
 -0.00337997   0.00186895    -0.00077927   0.00302465    -0.00462776   0.00168679
 -0.01025820   0.01117676    -0.00089042   0.00039107    -0.01358595   0.01348658
 -0.00332734   0.00046881    -0.00020452   0.00570360    -0.00620817   0.00574331
    6    5
 -0.00371154  -0.00106845     0.00268978  -0.00158772    -0.00446506  -0.00207958
  0.01515680  -0.00064952    -0.00090615  -0.00035310     0.01914317   0.00007027
 -0.00268428  -0.00202128     0.00417767  -0.00388844    -0.00845098  -0.00032871
    6    6
  0.03974444   0.00000000    -0.00000000  -0.00000000     0.00872275   0.00506351
 -0.00000000  -0.00000000     0.02223338   0.00000000    -0.00000000  -0.00000000
  0.00872275  -0.00506351    -0.00000000  -0.00000000     0.02729880  -0.00000000
    6    7
  0.01718673  -0.00252264    -0.00000000   0.00000000     0.01685490   0.00054644
 -0.00000000   0.00000000    -0.01335634   0.01341525     0.00000000  -0.00000000
  0.01685490   0.00054644     0.00000000  -0.00000000     0.00373586   0.00053254
    7    1
 -0.01974546  -0.01265637    -0.00000000  -0.00000000    -0.01022654   0.01991197
  0.00000000  -0.00000000     0.00074918   0.00240175    -0.00000000  -0.00000000
  0.00555439  -0.02709493     0.00000000   0.00000000     0.01633811   0.01751392
    7    2
  0.00228653   0.00069039    -0.00000000  -0.00000000     0.03377537   0.00235959
  0.00000000  -0.00000000    -0.00988713  -0.01271551     0.00000000   0.00000000
  0.01317287  -0.00717780    -0.00000000   0.00000000     0.00228653   0.00069039
    7    3
  0.02342449  -0.00283116    -0.00000000   0.00000000     0.02127028  -0.00000000
 -0.00000000   0.00000000     0.01494346  -0.00000000    -0.00000000  -0.00000000
  0.00858770  -0.00000000    -0.00000000  -0.00000000     0.02342449   0.00283116
    7    4
 -0.00371154   0.00106845     0.00268978   0.00158772    -0.00446506   0.00207958
  0.01515680   0.00064952    -0.00090615   0.00035310     0.01914317  -0.00007027
 -0.00268428   0.00202128     0.00417767   0.00388844    -0.00845098   0.00032871
    7    5
 -0.00337997  -0.00186895    -0.00077927  -0.00302465    -0.00462776  -0.00168679
 -0.01025820  -0.01117676    -0.00089042  -0.00039107    -0.01358595  -0.01348658
 -0.00332734  -0.00046881    -0.00020452  -0.00570360    -0.00620817  -0.00574331
    7    6
  0.01718673   0.00252264    -0.00000000  -0.00000000     0.01685490  -0.00054644
 -0.00000000  -0.00000000    -0.01335634  -0.01341525     0.00000000   0.00000000
  0.01685490  -0.00054644     0.00000000   0.00000000     0.00373586  -0.00053254
    7    7
  0.03974444  -0.00000000     0.00000000   0.00000000     0.00872275  -0.00506351
  0.00000000  -0.00000000     0.02223338   0.00000000    -0.00000000   0.00000000
  0.00872275   0.00506351    -0.00000000   0.00000000     0.02729880  -0.00000000

     Dynamical  Matrix in cartesian axes

     q = (    0.324759500   0.866025400   0.324759500 ) 

    1    1
  0.12119516   0.00000000     0.00000000   0.00000000    -0.02752922   0.00000000
  0.00000000   0.00000000     0.00964328  -0.00000000    -0.00000000   0.00000000
 -0.02752922   0.00000000    -0.00000000   0.00000000     0.12119516   0.00000000
    1    2
 -0.02393700   0.00083142    -0.00000000   0.00000000     0.00684864  -0.02131115
  0.00000000   0.00000000    -0.00222805   0.00116854     0.00000000  -0.00000000
 -0.01523147   0.02308655     0.00000000  -0.00000000     0.02291155   0.00501275
    1    3
 -0.01633811  -0.01751392     0.00000000  -0.00000000    -0.01022654   0.01991197
 -0.00000000   0.00000000    -0.00074918  -0.00240175    -0.00000000  -0.00000000
  0.00555439  -0.02709493    -0.00000000  -0.00000000     0.01974546   0.01265637
    1    4
 -0.00533060   0.01286921    -0.00970160  -0.00401853     0.00266949  -0.00644472
 -0.00169547  -0.00070229    -0.00000000   0.00000000    -0.00169547  -0.00070229
 -0.00266949   0.00644472    -0.00970160  -0.00401853     0.00533060  -0.01286921
    1    5
  0.00533060  -0.01286921    -0.00970160  -0.00401853    -0.00266949   0.00644472
 -0.00169547  -0.00070229    -0.00000000   0.00000000    -0.00169547  -0.00070229
  0.00266949  -0.00644472    -0.00970160  -0.00401853    -0.00533060   0.01286921
    1    6
  0.01974546   0.01265637    -0.00000000   0.00000000     0.00555439  -0.02709493
 -0.00000000  -0.00000000    -0.00074918  -0.00240175     0.00000000   0.00000000
 -0.01022654   0.01991197     0.00000000   0.00000000    -0.01633811  -0.01751392
    1    7
  0.02291155   0.00501275     0.00000000  -0.00000000    -0.01523147   0.02308655
  0.00000000  -0.00000000    -0.00222805   0.00116854     0.00000000   0.00000000
  0.00684864  -0.02131115    -0.00000000   0.00000000    -0.02393700   0.00083142
    2    1
 -0.02393700  -0.00083142     0.00000000  -0.00000000    -0.01523147  -0.02308655
 -0.00000000  -0.00000000    -0.00222805  -0.00116854     0.00000000   0.00000000
  0.00684864   0.02131115     0.00000000   0.00000000     0.02291155  -0.00501275
    2    2
  0.02729880   0.00000000     0.00000000   0.00000000    -0.00872275  -0.00506351
  0.00000000  -0.00000000     0.02223338  -0.00000000    -0.00000000   0.00000000
 -0.00872275   0.00506351    -0.00000000   0.00000000     0.03974444  -0.00000000
    2    3
 -0.00226509   0.00301822     0.00000000  -0.00000000     0.01153182  -0.01230461
  0.00000000  -0.00000000     0.01893037   0.00004165     0.00000000   0.00000000
  0.01153182  -0.01230461     0.00000000   0.00000000    -0.01393662   0.01036908
    2    4
  0.00845098  -0.00032871     0.00417767   0.00388844    -0.00268428   0.00202128
  0.01914317  -0.00007027     0.00090615  -0.00035310    -0.01515680  -0.00064952
 -0.00446506   0.00207958    -0.00268978  -0.00158772     0.00371154  -0.00106845
    2    5
 -0.00845098   0.00032871     0.00417767   0.00388844     0.00268428  -0.00202128
  0.01914317  -0.00007027    -0.00090615   0.00035310    -0.01515680  -0.00064952
  0.00446506  -0.00207958    -0.00268978  -0.00158772    -0.00371154   0.00106845
    2    6
  0.00210500  -0.00112864    -0.00000000  -0.00000000    -0.00423915   0.01439010
 -0.00000000   0.00000000    -0.01598248  -0.00199996    -0.00000000  -0.00000000
 -0.02555127   0.02221432    -0.00000000   0.00000000     0.00210500  -0.00112864
    2    7
 -0.02342449  -0.00283116     0.00000000   0.00000000     0.00858770  -0.00000000
 -0.00000000  -0.00000000    -0.01494346   0.00000000     0.00000000  -0.00000000
  0.02127028  -0.00000000     0.00000000  -0.00000000    -0.02342449   0.00283116
    3    1
 -0.01633811   0.01751392     0.00000000  -0.00000000     0.00555439   0.02709493
  0.00000000   0.00000000    -0.00074918   0.00240175    -0.00000000   0.00000000
 -0.01022654  -0.01991197    -0.00000000   0.00000000     0.01974546  -0.01265637
    3    2
 -0.00226509  -0.00301822     0.00000000   0.00000000     0.01153182   0.01230461
  0.00000000   0.00000000     0.01893037  -0.00004165     0.00000000  -0.00000000
  0.01153182   0.01230461     0.00000000  -0.00000000    -0.01393662  -0.01036908
    3    3
  0.02729880   0.00000000     0.00000000  -0.00000000    -0.00872275   0.00506351
  0.00000000   0.00000000     0.02223338   0.00000000    -0.00000000   0.00000000
 -0.00872275  -0.00506351    -0.00000000   0.00000000     0.03974444   0.00000000
    3    4
 -0.00845098  -0.00032871     0.00417767  -0.00388844     0.00268428   0.00202128
  0.01914317   0.00007027    -0.00090615  -0.00035310    -0.01515680   0.00064952
  0.00446506   0.00207958    -0.00268978   0.00158772    -0.00371154  -0.00106845
    3    5
  0.00845098   0.00032871     0.00417767  -0.00388844    -0.00268428  -0.00202128
  0.01914317   0.00007027     0.00090615   0.00035310    -0.01515680   0.00064952
 -0.00446506  -0.00207958    -0.00268978   0.00158772     0.00371154   0.00106845
    3    6
 -0.02342449   0.00283116     0.00000000  -0.00000000     0.00858770  -0.00000000
 -0.00000000  -0.00000000    -0.01494346   0.00000000     0.00000000   0.00000000
  0.02127028  -0.00000000     0.00000000   0.00000000    -0.02342449  -0.00283116
    3    7
  0.00210500   0.00112864    -0.00000000   0.00000000    -0.00423915  -0.01439010
 -0.00000000  -0.00000000    -0.01598248   0.00199996    -0.00000000   0.00000000
 -0.02555127  -0.02221432    -0.00000000  -0.00000000     0.00210500   0.00112864
    4    1
 -0.00533060  -0.01286921    -0.00169547   0.00070229    -0.00266949  -0.00644472
 -0.00970160   0.00401853    -0.00000000  -0.00000000    -0.00970160   0.00401853
  0.00266949   0.00644472    -0.00169547   0.00070229     0.00533060   0.01286921
    4    2
  0.00845098   0.00032871     0.01914317   0.00007027    -0.00446506  -0.00207958
  0.00417767  -0.00388844     0.00090615   0.00035310    -0.00268978   0.00158772
 -0.00268428  -0.00202128    -0.01515680   0.00064952     0.00371154   0.00106845
    4    3
 -0.00845098   0.00032871     0.01914317  -0.00007027     0.00446506  -0.00207958
  0.00417767   0.00388844    -0.00090615   0.00035310    -0.00268978  -0.00158772
  0.00268428  -0.00202128    -0.01515680  -0.00064952    -0.00371154   0.00106845
    4    4
  0.02816881  -0.00000000     0.00000000   0.00106440    -0.01671090  -0.00000000
  0.00000000  -0.00106440     0.00627404  -0.00000000    -0.00000000   0.00106440
 -0.01671090   0.00000000    -0.00000000  -0.00106440     0.02816881   0.00000000
    4    5
  0.01049054   0.00000000     0.00000000   0.00302140    -0.01447260  -0.00000000
  0.00000000   0.00302140    -0.00034015  -0.00000000    -0.00000000  -0.00302140
 -0.01447260  -0.00000000     0.00000000  -0.00302140     0.01049054   0.00000000
    4    6
  0.00371154  -0.00106845    -0.01515680  -0.00064952    -0.00268428   0.00202128
 -0.00268978  -0.00158772     0.00090615  -0.00035310     0.00417767   0.00388844
 -0.00446506   0.00207958     0.01914317  -0.00007027     0.00845098  -0.00032871
    4    7
 -0.00371154  -0.00106845    -0.01515680   0.00064952     0.00268428   0.00202128
 -0.00268978   0.00158772    -0.00090615  -0.00035310     0.00417767  -0.00388844
  0.00446506   0.00207958     0.01914317   0.00007027    -0.00845098  -0.00032871
    5    1
  0.00533060   0.01286921    -0.00169547   0.00070229     0.00266949   0.00644472
 -0.00970160   0.00401853    -0.00000000  -0.00000000    -0.00970160   0.00401853
 -0.00266949  -0.00644472    -0.00169547   0.00070229    -0.00533060  -0.01286921
    5    2
 -0.00845098  -0.00032871     0.01914317   0.00007027     0.00446506   0.00207958
  0.00417767  -0.00388844    -0.00090615  -0.00035310    -0.00268978   0.00158772
  0.00268428   0.00202128    -0.01515680   0.00064952    -0.00371154  -0.00106845
    5    3
  0.00845098  -0.00032871     0.01914317  -0.00007027    -0.00446506   0.00207958
  0.00417767   0.00388844     0.00090615  -0.00035310    -0.00268978  -0.00158772
 -0.00268428   0.00202128    -0.01515680  -0.00064952     0.00371154  -0.00106845
    5    4
  0.01049054  -0.00000000     0.00000000  -0.00302140    -0.01447260   0.00000000
  0.00000000  -0.00302140    -0.00034015   0.00000000    -0.00000000   0.00302140
 -0.01447260   0.00000000     0.00000000   0.00302140     0.01049054  -0.00000000
    5    5
  0.02816881   0.00000000     0.00000000  -0.00106440    -0.01671090   0.00000000
  0.00000000   0.00106440     0.00627404   0.00000000    -0.00000000  -0.00106440
 -0.01671090  -0.00000000    -0.00000000   0.00106440     0.02816881  -0.00000000
    5    6
 -0.00371154   0.00106845    -0.01515680  -0.00064952     0.00268428  -0.00202128
 -0.00268978  -0.00158772    -0.00090615   0.00035310     0.00417767   0.00388844
  0.00446506  -0.00207958     0.01914317  -0.00007027    -0.00845098   0.00032871
    5    7
  0.00371154   0.00106845    -0.01515680   0.00064952    -0.00268428  -0.00202128
 -0.00268978   0.00158772     0.00090615   0.00035310     0.00417767  -0.00388844
 -0.00446506  -0.00207958     0.01914317   0.00007027     0.00845098   0.00032871
    6    1
  0.01974546  -0.01265637    -0.00000000   0.00000000    -0.01022654  -0.01991197
 -0.00000000  -0.00000000    -0.00074918   0.00240175     0.00000000  -0.00000000
  0.00555439   0.02709493     0.00000000  -0.00000000    -0.01633811   0.01751392
    6    2
  0.00210500   0.00112864    -0.00000000  -0.00000000    -0.02555127  -0.02221432
 -0.00000000   0.00000000    -0.01598248   0.00199996    -0.00000000  -0.00000000
 -0.00423915  -0.01439010    -0.00000000   0.00000000     0.00210500   0.00112864
    6    3
 -0.02342449  -0.00283116     0.00000000   0.00000000     0.02127028   0.00000000
  0.00000000   0.00000000    -0.01494346  -0.00000000     0.00000000  -0.00000000
  0.00858770   0.00000000     0.00000000  -0.00000000    -0.02342449   0.00283116
    6    4
  0.00371154   0.00106845    -0.00268978   0.00158772    -0.00446506  -0.00207958
 -0.01515680   0.00064952     0.00090615   0.00035310     0.01914317   0.00007027
 -0.00268428  -0.00202128     0.00417767  -0.00388844     0.00845098   0.00032871
    6    5
 -0.00371154  -0.00106845    -0.00268978   0.00158772     0.00446506   0.00207958
 -0.01515680   0.00064952    -0.00090615  -0.00035310     0.01914317   0.00007027
  0.00268428   0.00202128     0.00417767  -0.00388844    -0.00845098  -0.00032871
    6    6
  0.03974444   0.00000000     0.00000000   0.00000000    -0.00872275  -0.00506351
  0.00000000  -0.00000000     0.02223338   0.00000000    -0.00000000  -0.00000000
 -0.00872275   0.00506351    -0.00000000  -0.00000000     0.02729880  -0.00000000
    6    7
 -0.01393662  -0.01036908     0.00000000  -0.00000000     0.01153182   0.01230461
  0.00000000  -0.00000000     0.01893037  -0.00004165     0.00000000   0.00000000
  0.01153182   0.01230461     0.00000000   0.00000000    -0.00226509  -0.00301822
    7    1
  0.02291155  -0.00501275     0.00000000   0.00000000     0.00684864   0.02131115
  0.00000000   0.00000000    -0.00222805  -0.00116854    -0.00000000  -0.00000000
 -0.01523147  -0.02308655     0.00000000  -0.00000000    -0.02393700  -0.00083142
    7    2
 -0.02342449   0.00283116     0.00000000   0.00000000     0.02127028   0.00000000
  0.00000000  -0.00000000    -0.01494346  -0.00000000     0.00000000   0.00000000
  0.00858770   0.00000000     0.00000000   0.00000000    -0.02342449  -0.00283116
    7    3
  0.00210500  -0.00112864    -0.00000000   0.00000000    -0.02555127   0.02221432
 -0.00000000  -0.00000000    -0.01598248  -0.00199996    -0.00000000   0.00000000
 -0.00423915   0.01439010    -0.00000000  -0.00000000     0.00210500  -0.00112864
    7    4
 -0.00371154   0.00106845    -0.00268978  -0.00158772     0.00446506  -0.00207958
 -0.01515680  -0.00064952    -0.00090615   0.00035310     0.01914317  -0.00007027
  0.00268428  -0.00202128     0.00417767   0.00388844    -0.00845098   0.00032871
    7    5
  0.00371154  -0.00106845    -0.00268978  -0.00158772    -0.00446506   0.00207958
 -0.01515680  -0.00064952     0.00090615  -0.00035310     0.01914317  -0.00007027
 -0.00268428   0.00202128     0.00417767   0.00388844     0.00845098  -0.00032871
    7    6
 -0.01393662   0.01036908     0.00000000   0.00000000     0.01153182  -0.01230461
  0.00000000   0.00000000     0.01893037   0.00004165     0.00000000  -0.00000000
  0.01153182  -0.01230461     0.00000000  -0.00000000    -0.00226509   0.00301822
    7    7
  0.03974444  -0.00000000     0.00000000  -0.00000000    -0.00872275   0.00506351
  0.00000000   0.00000000     0.02223338  -0.00000000    -0.00000000   0.00000000
 -0.00872275  -0.00506351    -0.00000000   0.00000000     0.02729880  -0.00000000

     Dynamical  Matrix in cartesian axes

     q = (   -0.324759500   0.866025400  -0.324759500 ) 

    1    1
  0.12119516   0.00000000     0.00000000   0.00000000    -0.02752922   0.00000000
  0.00000000   0.00000000     0.00964328  -0.00000000    -0.00000000   0.00000000
 -0.02752922   0.00000000    -0.00000000   0.00000000     0.12119516   0.00000000
    1    2
 -0.02393700  -0.00083142    -0.00000000  -0.00000000     0.00684864   0.02131115
  0.00000000   0.00000000    -0.00222805  -0.00116854    -0.00000000   0.00000000
 -0.01523147  -0.02308655    -0.00000000  -0.00000000     0.02291155  -0.00501275
    1    3
 -0.01633811   0.01751392     0.00000000  -0.00000000    -0.01022654  -0.01991197
 -0.00000000   0.00000000    -0.00074918   0.00240175    -0.00000000   0.00000000
  0.00555439   0.02709493     0.00000000   0.00000000     0.01974546  -0.01265637
    1    4
 -0.00533060  -0.01286921    -0.00970160   0.00401853     0.00266949   0.00644472
 -0.00169547   0.00070229    -0.00000000  -0.00000000    -0.00169547   0.00070229
 -0.00266949  -0.00644472    -0.00970160   0.00401853     0.00533060   0.01286921
    1    5
  0.00533060   0.01286921    -0.00970160   0.00401853    -0.00266949  -0.00644472
 -0.00169547   0.00070229    -0.00000000  -0.00000000    -0.00169547   0.00070229
  0.00266949   0.00644472    -0.00970160   0.00401853    -0.00533060  -0.01286921
    1    6
  0.01974546  -0.01265637     0.00000000   0.00000000     0.00555439   0.02709493
 -0.00000000   0.00000000    -0.00074918   0.00240175    -0.00000000   0.00000000
 -0.01022654  -0.01991197     0.00000000  -0.00000000    -0.01633811   0.01751392
    1    7
  0.02291155  -0.00501275     0.00000000   0.00000000    -0.01523147  -0.02308655
 -0.00000000  -0.00000000    -0.00222805  -0.00116854     0.00000000   0.00000000
