  4.000000000000000E-002   1.25994432394592        2.39890022168420     
          12

     Dynamical  Matrix in cartesian axes

     q = (   -0.866025400  -0.324759500  -0.324759500 ) 

    1    1
  0.02242198   0.00000000     0.00000000  -0.00000000    -0.00000000  -0.00000000
  0.00000000  -0.00000000     0.15939328   0.00000000    -0.01723337   0.00000000
 -0.00000000  -0.00000000    -0.01723337   0.00000000     0.15939328   0.00000000
    1    2
  0.00000000   0.00000000    -0.00790898   0.00327601    -0.00790898   0.00327601
 -0.01452326   0.00601573     0.00586141   0.01415070    -0.00575908  -0.01390365
 -0.01452326   0.00601573     0.00575908   0.01390365    -0.00586141  -0.01415070
    1    3
  0.00000000   0.00000000    -0.00790898   0.00327601    -0.00790898   0.00327601
 -0.01452326   0.00601573    -0.00586141  -0.01415070     0.00575908   0.01390365
 -0.01452326   0.00601573    -0.00575908  -0.01390365     0.00586141   0.01415070
    1    4
 -0.00594159   0.00336263    -0.00000000   0.00000000     0.00000000  -0.00000000
 -0.00000000  -0.00000000    -0.02245025   0.02689176    -0.02137899  -0.02490660
  0.00000000  -0.00000000     0.01482134   0.04215054     0.02357579  -0.01856607
    1    5
 -0.00657908   0.00182361     0.00000000   0.00000000    -0.00000000   0.00000000
 -0.00000000  -0.00000000    -0.03489007  -0.00314061     0.00249441   0.03272885
 -0.00000000  -0.00000000    -0.01932467  -0.04028520     0.02979879  -0.00354241
    1    6
 -0.00657908   0.00182361    -0.00000000  -0.00000000     0.00000000  -0.00000000
 -0.00000000   0.00000000     0.02979879  -0.00354241    -0.01932467  -0.04028520
  0.00000000  -0.00000000     0.00249441   0.03272885    -0.03489007  -0.00314061
    1    7
 -0.00594159   0.00336263     0.00000000  -0.00000000    -0.00000000   0.00000000
  0.00000000  -0.00000000     0.02357579  -0.01856607     0.01482134   0.04215054
 -0.00000000  -0.00000000    -0.02137899  -0.02490660    -0.02245025   0.02689176
    2    1
  0.00000000  -0.00000000    -0.01452326  -0.00601573    -0.01452326  -0.00601573
 -0.00790898  -0.00327601     0.00586141  -0.01415070     0.00575908  -0.01390365
 -0.00790898  -0.00327601    -0.00575908   0.01390365    -0.00586141   0.01415070
    2    2
  0.01368476   0.00000000     0.00000000  -0.00290603    -0.00000000   0.00290603
  0.00000000   0.00290603     0.04201359   0.00000000    -0.01015102   0.00000000
  0.00000000  -0.00290603    -0.01015102   0.00000000     0.04201359  -0.00000000
    2    3
 -0.00264356   0.00000000     0.00000000   0.00292251     0.00000000  -0.00292251
  0.00000000   0.00292251     0.00438557  -0.00000000    -0.01103808   0.00000000
  0.00000000  -0.00292251    -0.01103808   0.00000000     0.00438557  -0.00000000
    2    4
  0.00199021  -0.00132535     0.00662783  -0.00649205    -0.00361138   0.00271229
  0.02331976   0.00024058     0.02068136  -0.00490914    -0.00658140  -0.00442979
 -0.01280751   0.00084372    -0.00321603  -0.00450122     0.00777993  -0.00239378
    2    5
 -0.00199021  -0.00132535     0.00662783   0.00649205    -0.00361138  -0.00271229
  0.02331976  -0.00024058    -0.02068136  -0.00490914     0.00658140  -0.00442979
 -0.01280751  -0.00084372     0.00321603  -0.00450122    -0.00777993  -0.00239378
    2    6
  0.00199021   0.00132535    -0.00361138  -0.00271229     0.00662783   0.00649205
 -0.01280751  -0.00084372     0.00777993   0.00239378    -0.00321603   0.00450122
  0.02331976  -0.00024058    -0.00658140   0.00442979     0.02068136   0.00490914
    2    7
 -0.00199021   0.00132535    -0.00361138   0.00271229     0.00662783  -0.00649205
 -0.01280751   0.00084372    -0.00777993   0.00239378     0.00321603   0.00450122
  0.02331976   0.00024058     0.00658140   0.00442979    -0.02068136   0.00490914
    3    1
  0.00000000  -0.00000000    -0.01452326  -0.00601573    -0.01452326  -0.00601573
 -0.00790898  -0.00327601    -0.00586141   0.01415070    -0.00575908   0.01390365
 -0.00790898  -0.00327601     0.00575908  -0.01390365     0.00586141  -0.01415070
    3    2
 -0.00264356  -0.00000000     0.00000000  -0.00292251    -0.00000000   0.00292251
  0.00000000  -0.00292251     0.00438557   0.00000000    -0.01103808  -0.00000000
  0.00000000   0.00292251    -0.01103808  -0.00000000     0.00438557   0.00000000
    3    3
  0.01368476  -0.00000000     0.00000000   0.00290603    -0.00000000  -0.00290603
  0.00000000  -0.00290603     0.04201359   0.00000000    -0.01015102   0.00000000
 -0.00000000   0.00290603    -0.01015102   0.00000000     0.04201359  -0.00000000
    3    4
 -0.00199021   0.00132535     0.00662783  -0.00649205    -0.00361138   0.00271229
  0.02331976   0.00024058    -0.02068136   0.00490914     0.00658140   0.00442979
 -0.01280751   0.00084372     0.00321603   0.00450122    -0.00777993   0.00239378
    3    5
  0.00199021   0.00132535     0.00662783   0.00649205    -0.00361138  -0.00271229
  0.02331976  -0.00024058     0.02068136   0.00490914    -0.00658140   0.00442979
 -0.01280751  -0.00084372    -0.00321603   0.00450122     0.00777993   0.00239378
    3    6
 -0.00199021  -0.00132535    -0.00361138  -0.00271229     0.00662783   0.00649205
 -0.01280751  -0.00084372    -0.00777993  -0.00239378     0.00321603  -0.00450122
  0.02331976  -0.00024058     0.00658140  -0.00442979    -0.02068136  -0.00490914
    3    7
  0.00199021  -0.00132535    -0.00361138   0.00271229     0.00662783  -0.00649205
 -0.01280751   0.00084372     0.00777993  -0.00239378    -0.00321603  -0.00450122
  0.02331976   0.00024058    -0.00658140  -0.00442979     0.02068136  -0.00490914
    4    1
 -0.00594159  -0.00336263    -0.00000000   0.00000000     0.00000000   0.00000000
 -0.00000000  -0.00000000    -0.02245025  -0.02689176     0.01482134  -0.04215054
  0.00000000   0.00000000    -0.02137899   0.02490660     0.02357579   0.01856607
    4    2
  0.00199021   0.00132535     0.02331976  -0.00024058    -0.01280751  -0.00084372
  0.00662783   0.00649205     0.02068136   0.00490914    -0.00321603   0.00450122
 -0.00361138  -0.00271229    -0.00658140   0.00442979     0.00777993   0.00239378
    4    3
 -0.00199021  -0.00132535     0.02331976  -0.00024058    -0.01280751  -0.00084372
  0.00662783   0.00649205    -0.02068136  -0.00490914     0.00321603  -0.00450122
 -0.00361138  -0.00271229     0.00658140  -0.00442979    -0.00777993  -0.00239378
    4    4
  0.03099834  -0.00000000     0.00000000  -0.00000000    -0.00000000  -0.00000000
  0.00000000   0.00000000     0.06043897  -0.00000000    -0.01038534  -0.00770635
 -0.00000000   0.00000000    -0.01038534   0.00770635     0.06350460  -0.00000000
    4    5
  0.02514200  -0.00012494     0.00000000  -0.00000000     0.00000000  -0.00000000
  0.00000000  -0.00000000    -0.01363312  -0.00763067     0.01590717  -0.01643817
  0.00000000  -0.00000000     0.01590717  -0.01643817    -0.01717030   0.01513916
    4    6
 -0.01642502  -0.00269125    -0.00000000   0.00000000    -0.00000000   0.00000000
 -0.00000000   0.00000000     0.00135207   0.00653056    -0.01304044   0.02392990
 -0.00000000   0.00000000    -0.03623849   0.03472446     0.00135207   0.00653056
    4    7
 -0.01683964   0.00000000     0.00000000   0.00000000    -0.00000000   0.00000000
 -0.00000000  -0.00000000    -0.03645147   0.00040831     0.01686665  -0.00000000
  0.00000000   0.00000000     0.03195140  -0.00000000    -0.03645147  -0.00040831
    5    1
 -0.00657908  -0.00182361     0.00000000   0.00000000    -0.00000000  -0.00000000
  0.00000000  -0.00000000    -0.03489007   0.00314061    -0.01932467   0.04028520
 -0.00000000  -0.00000000     0.00249441  -0.03272885     0.02979879   0.00354241
    5    2
 -0.00199021   0.00132535     0.02331976   0.00024058    -0.01280751   0.00084372
  0.00662783  -0.00649205    -0.02068136   0.00490914     0.00321603   0.00450122
 -0.00361138   0.00271229     0.00658140   0.00442979    -0.00777993   0.00239378
    5    3
  0.00199021  -0.00132535     0.02331976   0.00024058    -0.01280751   0.00084372
  0.00662783  -0.00649205     0.02068136  -0.00490914    -0.00321603  -0.00450122
 -0.00361138   0.00271229    -0.00658140  -0.00442979     0.00777993  -0.00239378
    5    4
  0.02514200   0.00012494     0.00000000   0.00000000     0.00000000   0.00000000
  0.00000000   0.00000000    -0.01363312   0.00763067     0.01590717   0.01643817
  0.00000000   0.00000000     0.01590717   0.01643817    -0.01717030  -0.01513916
    5    5
  0.03099834   0.00000000     0.00000000   0.00000000    -0.00000000  -0.00000000
  0.00000000  -0.00000000     0.06043897   0.00000000    -0.01038534   0.00770635
 -0.00000000  -0.00000000    -0.01038534  -0.00770635     0.06350460  -0.00000000
    5    6
 -0.01683964  -0.00000000    -0.00000000   0.00000000     0.00000000  -0.00000000
  0.00000000   0.00000000    -0.03645147  -0.00040831     0.01686665   0.00000000
  0.00000000  -0.00000000     0.03195140  -0.00000000    -0.03645147   0.00040831
    5    7
 -0.01642502   0.00269125    -0.00000000  -0.00000000    -0.00000000  -0.00000000
 -0.00000000  -0.00000000     0.00135207  -0.00653056    -0.01304044  -0.02392990
 -0.00000000  -0.00000000    -0.03623849  -0.03472446     0.00135207  -0.00653056
    6    1
 -0.00657908  -0.00182361     0.00000000  -0.00000000     0.00000000  -0.00000000
 -0.00000000   0.00000000     0.02979879   0.00354241     0.00249441  -0.03272885
  0.00000000  -0.00000000    -0.01932467   0.04028520    -0.03489007   0.00314061
    6    2
  0.00199021  -0.00132535    -0.01280751   0.00084372     0.02331976   0.00024058
 -0.00361138   0.00271229     0.00777993  -0.00239378    -0.00658140  -0.00442979
  0.00662783  -0.00649205    -0.00321603  -0.00450122     0.02068136  -0.00490914
    6    3
 -0.00199021   0.00132535    -0.01280751   0.00084372     0.02331976   0.00024058
 -0.00361138   0.00271229    -0.00777993   0.00239378     0.00658140   0.00442979
  0.00662783  -0.00649205     0.00321603   0.00450122    -0.02068136   0.00490914
    6    4
 -0.01642502   0.00269125    -0.00000000  -0.00000000    -0.00000000  -0.00000000
 -0.00000000  -0.00000000     0.00135207  -0.00653056    -0.03623849  -0.03472446
 -0.00000000  -0.00000000    -0.01304044  -0.02392990     0.00135207  -0.00653056
    6    5
 -0.01683964  -0.00000000    -0.00000000  -0.00000000     0.00000000   0.00000000
  0.00000000  -0.00000000    -0.03645147   0.00040831     0.03195140  -0.00000000
  0.00000000   0.00000000     0.01686665   0.00000000    -0.03645147  -0.00040831
    6    6
  0.03099834   0.00000000     0.00000000  -0.00000000    -0.00000000   0.00000000
  0.00000000   0.00000000     0.06350460   0.00000000    -0.01038534  -0.00770635
 -0.00000000   0.00000000    -0.01038534   0.00770635     0.06043897  -0.00000000
    6    7
  0.02514200   0.00012494     0.00000000   0.00000000     0.00000000   0.00000000
  0.00000000   0.00000000    -0.01717030  -0.01513916     0.01590717   0.01643817
  0.00000000   0.00000000     0.01590717   0.01643817    -0.01363312   0.00763067
    7    1
 -0.00594159  -0.00336263     0.00000000   0.00000000    -0.00000000   0.00000000
  0.00000000   0.00000000     0.02357579   0.01856607    -0.02137899   0.02490660
 -0.00000000  -0.00000000     0.01482134  -0.04215054    -0.02245025  -0.02689176
    7    2
 -0.00199021  -0.00132535    -0.01280751  -0.00084372     0.02331976  -0.00024058
 -0.00361138  -0.00271229    -0.00777993  -0.00239378     0.00658140  -0.00442979
  0.00662783   0.00649205     0.00321603  -0.00450122    -0.02068136  -0.00490914
    7    3
  0.00199021   0.00132535    -0.01280751  -0.00084372     0.02331976  -0.00024058
 -0.00361138  -0.00271229     0.00777993   0.00239378    -0.00658140   0.00442979
  0.00662783   0.00649205    -0.00321603   0.00450122     0.02068136   0.00490914
    7    4
 -0.01683964  -0.00000000     0.00000000   0.00000000     0.00000000  -0.00000000
 -0.00000000   0.00000000    -0.03645147  -0.00040831     0.03195140   0.00000000
  0.00000000   0.00000000     0.01686665   0.00000000    -0.03645147   0.00040831
    7    5
 -0.01642502  -0.00269125    -0.00000000   0.00000000    -0.00000000   0.00000000
 -0.00000000   0.00000000     0.00135207   0.00653056    -0.03623849   0.03472446
 -0.00000000   0.00000000    -0.01304044   0.02392990     0.00135207   0.00653056
    7    6
  0.02514200  -0.00012494     0.00000000  -0.00000000     0.00000000  -0.00000000
  0.00000000  -0.00000000    -0.01717030   0.01513916     0.01590717  -0.01643817
  0.00000000  -0.00000000     0.01590717  -0.01643817    -0.01363312  -0.00763067
    7    7
  0.03099834  -0.00000000     0.00000000   0.00000000    -0.00000000   0.00000000
  0.00000000  -0.00000000     0.06350460  -0.00000000    -0.01038534   0.00770635
 -0.00000000   0.00000000    -0.01038534  -0.00770635     0.06043897   0.00000000

     Dynamical  Matrix in cartesian axes

     q = (   -0.324759500  -0.866025400   0.324759500 ) 

    1    1
  0.15939328   0.00000000    -0.00000000   0.00000000     0.01723337  -0.00000000
 -0.00000000   0.00000000     0.02242198   0.00000000    -0.00000000   0.00000000
  0.01723337  -0.00000000    -0.00000000   0.00000000     0.15939328   0.00000000
    1    2
  0.02245026   0.02689176    -0.00000000  -0.00000000    -0.02137899   0.02490660
 -0.00000000  -0.00000000     0.00594159   0.00336263     0.00000000   0.00000000
  0.01482134  -0.04215054     0.00000000   0.00000000    -0.02357579  -0.01856607
    1    3
 -0.02245025   0.02689176    -0.00000000  -0.00000000     0.02137899   0.02490660
 -0.00000000   0.00000000    -0.00594159   0.00336263    -0.00000000   0.00000000
 -0.01482134  -0.04215054    -0.00000000   0.00000000     0.02357579  -0.01856607
    1    4
 -0.00586141  -0.01415070    -0.01452326   0.00601573    -0.00575908  -0.01390365
 -0.00790898   0.00327601     0.00000000   0.00000000     0.00790898  -0.00327601
  0.00575908   0.01390365     0.01452326  -0.00601573     0.00586141   0.01415070
    1    5
  0.00586141  -0.01415070     0.01452326   0.00601573     0.00575908  -0.01390365
  0.00790898   0.00327601     0.00000000  -0.00000000    -0.00790898  -0.00327601
 -0.00575908   0.01390365    -0.01452326  -0.00601573    -0.00586141   0.01415070
    1    6
  0.02357579   0.01856607    -0.00000000  -0.00000000    -0.01482134   0.04215054
 -0.00000000   0.00000000    -0.00594159  -0.00336263     0.00000000   0.00000000
  0.02137899  -0.02490660     0.00000000   0.00000000    -0.02245026  -0.02689175
    1    7
 -0.02357579   0.01856607    -0.00000000   0.00000000     0.01482134   0.04215054
 -0.00000000   0.00000000     0.00594159  -0.00336263    -0.00000000   0.00000000
 -0.02137899  -0.02490660    -0.00000000  -0.00000000     0.02245026  -0.02689176
    2    1
  0.02245026  -0.02689176    -0.00000000  -0.00000000     0.01482134   0.04215054
 -0.00000000   0.00000000     0.00594159  -0.00336263     0.00000000  -0.00000000
 -0.02137899  -0.02490660     0.00000000  -0.00000000    -0.02357579   0.01856607
    2    2
  0.06043897   0.00000000    -0.00000000   0.00000000     0.01038534  -0.00770635
 -0.00000000  -0.00000000     0.03099834   0.00000000    -0.00000000  -0.00000000
  0.01038534   0.00770635    -0.00000000  -0.00000000     0.06350460  -0.00000000
    2    3
  0.00424437  -0.01503577    -0.00000000   0.00000000     0.02287161   0.00037547
 -0.00000000   0.00000000    -0.01786642   0.01768974     0.00000000   0.00000000
  0.02287161   0.00037547     0.00000000   0.00000000     0.02284624  -0.00143624
    2    4
 -0.01115264   0.01809522    -0.00009601   0.00927716    -0.00545692  -0.00090877
 -0.01665967   0.01631944    -0.00047013   0.00234446    -0.00845968   0.00965287
 -0.00778608   0.00152142    -0.00063575   0.00447151    -0.00380858   0.00719390
    2    5
 -0.02068136   0.00490914     0.00662783  -0.00649205    -0.00321603  -0.00450122
  0.02331976   0.00024058    -0.00199021   0.00132535     0.01280751  -0.00084372
 -0.00658140  -0.00442979     0.00361138  -0.00271229    -0.00777993   0.00239378
    2    6
  0.03645147   0.00040831    -0.00000000  -0.00000000     0.01686665  -0.00000000
 -0.00000000  -0.00000000     0.01683964  -0.00000000    -0.00000000   0.00000000
  0.03195140  -0.00000000    -0.00000000   0.00000000     0.03645147  -0.00040831
    2    7
 -0.00366175  -0.00557386    -0.00000000  -0.00000000     0.02614198   0.00770001
 -0.00000000  -0.00000000    -0.00971124   0.01351724     0.00000000   0.00000000
  0.05017838  -0.00107059     0.00000000   0.00000000    -0.00366175  -0.00557386
    3    1
 -0.02245025  -0.02689176    -0.00000000  -0.00000000    -0.01482134   0.04215054
 -0.00000000   0.00000000    -0.00594159  -0.00336263    -0.00000000  -0.00000000
  0.02137899  -0.02490660    -0.00000000  -0.00000000     0.02357579   0.01856607
    3    2
  0.00424437   0.01503577    -0.00000000  -0.00000000     0.02287161  -0.00037547
 -0.00000000  -0.00000000    -0.01786642  -0.01768974     0.00000000  -0.00000000
  0.02287161  -0.00037547     0.00000000  -0.00000000     0.02284624   0.00143624
    3    3
  0.06043897  -0.00000000    -0.00000000  -0.00000000     0.01038534   0.00770635
  0.00000000   0.00000000     0.03099834  -0.00000000    -0.00000000   0.00000000
  0.01038534  -0.00770635    -0.00000000   0.00000000     0.06350460  -0.00000000
    3    4
 -0.02068136  -0.00490914     0.00662783   0.00649205    -0.00321603   0.00450122
  0.02331976  -0.00024058    -0.00199021  -0.00132535     0.01280751   0.00084372
 -0.00658140   0.00442979     0.00361138   0.00271229    -0.00777993  -0.00239378
    3    5
 -0.01115264  -0.01809522    -0.00009601  -0.00927716    -0.00545692   0.00090877
 -0.01665967  -0.01631944    -0.00047013  -0.00234446    -0.00845968  -0.00965287
 -0.00778608  -0.00152142    -0.00063575  -0.00447151    -0.00380858  -0.00719390
    3    6
 -0.00366175   0.00557386    -0.00000000   0.00000000     0.02614198  -0.00770001
 -0.00000000   0.00000000    -0.00971124  -0.01351724     0.00000000  -0.00000000
  0.05017838   0.00107059     0.00000000  -0.00000000    -0.00366175   0.00557386
    3    7
  0.03645147  -0.00040831     0.00000000  -0.00000000     0.01686665   0.00000000
 -0.00000000   0.00000000     0.01683964   0.00000000    -0.00000000   0.00000000
  0.03195140   0.00000000    -0.00000000  -0.00000000     0.03645147   0.00040831
    4    1
 -0.00586141   0.01415070    -0.00790898  -0.00327601     0.00575908  -0.01390365
 -0.01452326  -0.00601573     0.00000000  -0.00000000     0.01452326   0.00601573
 -0.00575908   0.01390365     0.00790898   0.00327601     0.00586141  -0.01415070
    4    2
 -0.01115264  -0.01809522    -0.01665967  -0.01631944    -0.00778608  -0.00152142
 -0.00009601  -0.00927716    -0.00047013  -0.00234446    -0.00063575  -0.00447151
 -0.00545692   0.00090877    -0.00845968  -0.00965287    -0.00380858  -0.00719390
    4    3
 -0.02068136   0.00490914     0.02331976   0.00024058    -0.00658140  -0.00442979
  0.00662783  -0.00649205    -0.00199021   0.00132535     0.00361138  -0.00271229
 -0.00321603  -0.00450122     0.01280751  -0.00084372    -0.00777993   0.00239378
    4    4
  0.04201359   0.00000000    -0.00000000  -0.00290603     0.01015102  -0.00000000
  0.00000000   0.00290603     0.01368476   0.00000000    -0.00000000   0.00290603
  0.01015102   0.00000000    -0.00000000  -0.00290603     0.04201359  -0.00000000
    4    5
 -0.00310107  -0.00310107    -0.00206652   0.00206652    -0.00780510  -0.00780510
 -0.00206652   0.00206652     0.00186928   0.00186928    -0.00206652   0.00206652
 -0.00780510  -0.00780510    -0.00206652   0.00206652    -0.00310107  -0.00310107
    4    6
 -0.00380859  -0.00719390    -0.00845968  -0.00965287    -0.00545692   0.00090877
 -0.00063575  -0.00447151    -0.00047013  -0.00234446    -0.00009601  -0.00927716
 -0.00778608  -0.00152142    -0.01665967  -0.01631944    -0.01115264  -0.01809522
    4    7
 -0.00777993   0.00239378     0.01280751  -0.00084372    -0.00321603  -0.00450122
  0.00361138  -0.00271229    -0.00199021   0.00132535     0.00662783  -0.00649205
 -0.00658140  -0.00442979     0.02331976   0.00024058    -0.02068136   0.00490914
    5    1
  0.00586141   0.01415070     0.00790898  -0.00327601    -0.00575908  -0.01390365
  0.01452326  -0.00601573     0.00000000   0.00000000    -0.01452326   0.00601573
  0.00575908   0.01390365    -0.00790898   0.00327601    -0.00586141  -0.01415070
    5    2
 -0.02068136  -0.00490914     0.02331976  -0.00024058    -0.00658140   0.00442979
  0.00662783   0.00649205    -0.00199021  -0.00132535     0.00361138   0.00271229
 -0.00321603   0.00450122     0.01280751   0.00084372    -0.00777993  -0.00239378
    5    3
 -0.01115264   0.01809522    -0.01665967   0.01631944    -0.00778608   0.00152142
 -0.00009601   0.00927716    -0.00047013   0.00234446    -0.00063575   0.00447151
 -0.00545692  -0.00090877    -0.00845968   0.00965287    -0.00380858   0.00719390
    5    4
 -0.00310107   0.00310107    -0.00206652  -0.00206652    -0.00780510   0.00780510
 -0.00206652  -0.00206652     0.00186928  -0.00186928    -0.00206652  -0.00206652
 -0.00780510   0.00780510    -0.00206652  -0.00206652    -0.00310107   0.00310107
    5    5
  0.04201359  -0.00000000     0.00000000   0.00290603     0.01015102  -0.00000000
  0.00000000  -0.00290603     0.01368476   0.00000000    -0.00000000  -0.00290603
  0.01015102  -0.00000000    -0.00000000   0.00290603     0.04201359  -0.00000000
    5    6
 -0.00777993  -0.00239378     0.01280751   0.00084372    -0.00321603   0.00450122
  0.00361138   0.00271229    -0.00199021  -0.00132535     0.00662783   0.00649205
 -0.00658140   0.00442979     0.02331976  -0.00024058    -0.02068136  -0.00490914
    5    7
 -0.00380859   0.00719390    -0.00845968   0.00965287    -0.00545692  -0.00090877
 -0.00063575   0.00447151    -0.00047013   0.00234446    -0.00009601   0.00927716
 -0.00778608   0.00152142    -0.01665967   0.01631944    -0.01115264   0.01809522
    6    1
  0.02357579  -0.01856607    -0.00000000  -0.00000000     0.02137899   0.02490660
 -0.00000000   0.00000000    -0.00594159   0.00336263     0.00000000  -0.00000000
 -0.01482134  -0.04215054     0.00000000  -0.00000000    -0.02245026   0.02689175
    6    2
  0.03645147  -0.00040831    -0.00000000   0.00000000     0.03195140   0.00000000
 -0.00000000   0.00000000     0.01683964   0.00000000    -0.00000000  -0.00000000
  0.01686665   0.00000000    -0.00000000   0.00000000     0.03645147   0.00040831
    6    3
 -0.00366175  -0.00557386    -0.00000000  -0.00000000     0.05017838  -0.00107059
 -0.00000000  -0.00000000    -0.00971124   0.01351724     0.00000000   0.00000000
  0.02614198   0.00770001     0.00000000   0.00000000    -0.00366175  -0.00557386
    6    4
 -0.00380859   0.00719390    -0.00063575   0.00447151    -0.00778608   0.00152142
 -0.00845968   0.00965287    -0.00047013   0.00234446    -0.01665967   0.01631944
 -0.00545692  -0.00090877    -0.00009601   0.00927716    -0.01115264   0.01809522
    6    5
 -0.00777993   0.00239378     0.00361138  -0.00271229    -0.00658140  -0.00442979
  0.01280751  -0.00084372    -0.00199021   0.00132535     0.02331976   0.00024058
 -0.00321603  -0.00450122     0.00662783  -0.00649205    -0.02068136   0.00490914
    6    6
  0.06350460   0.00000000    -0.00000000  -0.00000000     0.01038534   0.00770635
 -0.00000000   0.00000000     0.03099834   0.00000000    -0.00000000  -0.00000000
  0.01038534  -0.00770635    -0.00000000  -0.00000000     0.06043897  -0.00000000
    6    7
  0.02284624  -0.00143623    -0.00000000  -0.00000000     0.02287161   0.00037547
 -0.00000000  -0.00000000    -0.01786642   0.01768974     0.00000000  -0.00000000
  0.02287161   0.00037547     0.00000000  -0.00000000     0.00424437  -0.01503577
    7    1
 -0.02357579  -0.01856607    -0.00000000  -0.00000000    -0.02137899   0.02490660
 -0.00000000  -0.00000000     0.00594159   0.00336263    -0.00000000   0.00000000
  0.01482134  -0.04215054    -0.00000000  -0.00000000     0.02245026   0.02689176
    7    2
 -0.00366175   0.00557386    -0.00000000   0.00000000     0.05017838   0.00107059
 -0.00000000   0.00000000    -0.00971124  -0.01351724     0.00000000  -0.00000000
  0.02614198  -0.00770001     0.00000000  -0.00000000    -0.00366175   0.00557386
    7    3
  0.03645147   0.00040831    -0.00000000  -0.00000000     0.03195140  -0.00000000
 -0.00000000   0.00000000     0.01683964  -0.00000000    -0.00000000   0.00000000
  0.01686665  -0.00000000    -0.00000000  -0.00000000     0.03645147  -0.00040831
    7    4
 -0.00777993  -0.00239378     0.00361138   0.00271229    -0.00658140   0.00442979
  0.01280751   0.00084372    -0.00199021  -0.00132535     0.02331976  -0.00024058
 -0.00321603   0.00450122     0.00662783   0.00649205    -0.02068136  -0.00490914
    7    5
 -0.00380859  -0.00719390    -0.00063575  -0.00447151    -0.00778608  -0.00152142
 -0.00845968  -0.00965287    -0.00047013  -0.00234446    -0.01665967  -0.01631944
 -0.00545692   0.00090877    -0.00009601  -0.00927716    -0.01115264  -0.01809522
    7    6
  0.02284624   0.00143623    -0.00000000   0.00000000     0.02287161  -0.00037547
 -0.00000000   0.00000000    -0.01786642  -0.01768974     0.00000000   0.00000000
  0.02287161  -0.00037547     0.00000000   0.00000000     0.00424437   0.01503577
    7    7
  0.06350460  -0.00000000    -0.00000000   0.00000000     0.01038534  -0.00770635
 -0.00000000  -0.00000000     0.03099834  -0.00000000    -0.00000000   0.00000000
  0.01038534   0.00770635    -0.00000000  -0.00000000     0.06043897   0.00000000

     Dynamical  Matrix in cartesian axes

     q = (    0.324759500   0.866025400   0.324759500 ) 

    1    1
  0.15939328   0.00000000     0.00000000  -0.00000000    -0.01723337   0.00000000
  0.00000000  -0.00000000     0.02242198   0.00000000    -0.00000000  -0.00000000
 -0.01723337   0.00000000    -0.00000000  -0.00000000     0.15939328   0.00000000
    1    2
 -0.03489007   0.00314061    -0.00000000  -0.00000000     0.00249441  -0.03272885
 -0.00000000   0.00000000    -0.00657908  -0.00182361     0.00000000  -0.00000000
 -0.01932467   0.04028520     0.00000000  -0.00000000     0.02979879   0.00354241
    1    3
 -0.02245026  -0.02689176     0.00000000  -0.00000000    -0.02137899   0.02490660
 -0.00000000   0.00000000    -0.00594159  -0.00336263    -0.00000000  -0.00000000
  0.01482134  -0.04215054    -0.00000000  -0.00000000     0.02357579   0.01856607
    1    4
 -0.00586141   0.01415070    -0.01452326  -0.00601573     0.00575908  -0.01390365
 -0.00790898  -0.00327601    -0.00000000   0.00000000    -0.00790898  -0.00327601
 -0.00575908   0.01390365    -0.01452326  -0.00601573     0.00586141  -0.01415070
    1    5
  0.00586141  -0.01415070    -0.01452326  -0.00601573    -0.00575908   0.01390365
 -0.00790898  -0.00327601    -0.00000000   0.00000000    -0.00790898  -0.00327601
  0.00575908  -0.01390365    -0.01452326  -0.00601573    -0.00586141   0.01415070
    1    6
  0.02357579   0.01856607    -0.00000000   0.00000000     0.01482134  -0.04215054
  0.00000000  -0.00000000    -0.00594159  -0.00336263     0.00000000   0.00000000
 -0.02137899   0.02490660     0.00000000   0.00000000    -0.02245026  -0.02689176
    1    7
  0.02979879   0.00354241     0.00000000  -0.00000000    -0.01932467   0.04028520
  0.00000000  -0.00000000    -0.00657908  -0.00182361    -0.00000000   0.00000000
  0.00249441  -0.03272885    -0.00000000  -0.00000000    -0.03489007   0.00314061
    2    1
 -0.03489007  -0.00314061    -0.00000000  -0.00000000    -0.01932467  -0.04028520
 -0.00000000   0.00000000    -0.00657908   0.00182361     0.00000000   0.00000000
  0.00249441   0.03272885     0.00000000   0.00000000     0.02979879  -0.00354241
    2    2
  0.06043897  -0.00000000     0.00000000   0.00000000    -0.01038534  -0.00770635
  0.00000000  -0.00000000     0.03099834  -0.00000000    -0.00000000  -0.00000000
 -0.01038534   0.00770635    -0.00000000   0.00000000     0.06350460  -0.00000000
    2    3
 -0.01363312  -0.00763067     0.00000000  -0.00000000     0.01590717  -0.01643817
  0.00000000  -0.00000000     0.02514200  -0.00012494     0.00000000  -0.00000000
  0.01590717  -0.01643817     0.00000000  -0.00000000    -0.01717030   0.01513916
    2    4
  0.02068136   0.00490914     0.00662783   0.00649205    -0.00321603   0.00450122
  0.02331976  -0.00024058     0.00199021   0.00132535    -0.01280751  -0.00084372
 -0.00658140   0.00442979    -0.00361138  -0.00271229     0.00777993   0.00239378
    2    5
 -0.02068136  -0.00490914     0.00662783   0.00649205     0.00321603  -0.00450122
  0.02331976  -0.00024058    -0.00199021  -0.00132535    -0.01280751  -0.00084372
  0.00658140  -0.00442979    -0.00361138  -0.00271229    -0.00777993  -0.00239378
    2    6
  0.00135207   0.00653056    -0.00000000   0.00000000    -0.01304044   0.02392990
 -0.00000000   0.00000000    -0.01642502  -0.00269125    -0.00000000   0.00000000
 -0.03623849   0.03472446    -0.00000000   0.00000000     0.00135207   0.00653056
    2    7
 -0.03645147   0.00040831    -0.00000000   0.00000000     0.01686665  -0.00000000
  0.00000000   0.00000000    -0.01683964   0.00000000    -0.00000000   0.00000000
  0.03195140  -0.00000000     0.00000000   0.00000000    -0.03645147  -0.00040831
    3    1
 -0.02245026   0.02689176    -0.00000000  -0.00000000     0.01482134   0.04215054
  0.00000000  -0.00000000    -0.00594159   0.00336263    -0.00000000   0.00000000
 -0.02137899  -0.02490660    -0.00000000   0.00000000     0.02357579  -0.01856607
    3    2
 -0.01363312   0.00763067     0.00000000   0.00000000     0.01590717   0.01643817
  0.00000000   0.00000000     0.02514200   0.00012494     0.00000000   0.00000000
  0.01590717   0.01643817     0.00000000   0.00000000    -0.01717030  -0.01513916
    3    3
  0.06043897   0.00000000     0.00000000  -0.00000000    -0.01038534   0.00770635
  0.00000000   0.00000000     0.03099834   0.00000000    -0.00000000   0.00000000
 -0.01038534  -0.00770635    -0.00000000  -0.00000000     0.06350460   0.00000000
    3    4
 -0.02068136   0.00490914     0.00662783  -0.00649205     0.00321603   0.00450122
  0.02331976   0.00024058    -0.00199021   0.00132535    -0.01280751   0.00084372
  0.00658140   0.00442979    -0.00361138   0.00271229    -0.00777993   0.00239378
    3    5
  0.02068136  -0.00490914     0.00662783  -0.00649205    -0.00321603  -0.00450122
  0.02331976   0.00024058     0.00199021  -0.00132535    -0.01280751   0.00084372
 -0.00658140  -0.00442979    -0.00361138   0.00271229     0.00777993  -0.00239378
    3    6
 -0.03645147  -0.00040831     0.00000000   0.00000000     0.01686665  -0.00000000
 -0.00000000   0.00000000    -0.01683964   0.00000000     0.00000000  -0.00000000
  0.03195140  -0.00000000     0.00000000  -0.00000000    -0.03645147   0.00040831
    3    7
  0.00135207  -0.00653056    -0.00000000  -0.00000000    -0.01304044  -0.02392990
 -0.00000000  -0.00000000    -0.01642502   0.00269125    -0.00000000  -0.00000000
 -0.03623849  -0.03472446    -0.00000000  -0.00000000     0.00135207  -0.00653056
    4    1
 -0.00586141  -0.01415070    -0.00790898   0.00327601    -0.00575908  -0.01390365
 -0.01452326   0.00601573    -0.00000000  -0.00000000    -0.01452326   0.00601573
  0.00575908   0.01390365    -0.00790898   0.00327601     0.00586141   0.01415070
    4    2
  0.02068136  -0.00490914     0.02331976   0.00024058    -0.00658140  -0.00442979
  0.00662783  -0.00649205     0.00199021  -0.00132535    -0.00361138   0.00271229
 -0.00321603  -0.00450122    -0.01280751   0.00084372     0.00777993  -0.00239378
    4    3
 -0.02068136  -0.00490914     0.02331976  -0.00024058     0.00658140  -0.00442979
  0.00662783   0.00649205    -0.00199021  -0.00132535    -0.00361138  -0.00271229
  0.00321603  -0.00450122    -0.01280751  -0.00084372    -0.00777993  -0.00239378
    4    4
  0.04201359   0.00000000     0.00000000   0.00290603    -0.01015102   0.00000000
  0.00000000  -0.00290603     0.01368476   0.00000000    -0.00000000   0.00290603
 -0.01015102   0.00000000    -0.00000000  -0.00290603     0.04201359  -0.00000000
    4    5
  0.00438557   0.00000000     0.00000000   0.00292251    -0.01103808  -0.00000000
  0.00000000   0.00292251    -0.00264356  -0.00000000     0.00000000  -0.00292251
 -0.01103808  -0.00000000     0.00000000  -0.00292251     0.00438557   0.00000000
    4    6
  0.00777993   0.00239378    -0.01280751  -0.00084372    -0.00321603   0.00450122
 -0.00361138  -0.00271229     0.00199021   0.00132535     0.00662783   0.00649205
 -0.00658140   0.00442979     0.02331976  -0.00024058     0.02068136   0.00490914
    4    7
 -0.00777993   0.00239378    -0.01280751   0.00084372     0.00321603   0.00450122
 -0.00361138   0.00271229    -0.00199021   0.00132535     0.00662783  -0.00649205
  0.00658140   0.00442979     0.02331976   0.00024058    -0.02068136   0.00490914
    5    1
  0.00586141   0.01415070    -0.00790898   0.00327601     0.00575908   0.01390365
 -0.01452326   0.00601573    -0.00000000  -0.00000000    -0.01452326   0.00601573
 -0.00575908  -0.01390365    -0.00790898   0.00327601    -0.00586141  -0.01415070
    5    2
 -0.02068136   0.00490914     0.02331976   0.00024058     0.00658140   0.00442979
  0.00662783  -0.00649205    -0.00199021   0.00132535    -0.00361138   0.00271229
  0.00321603   0.00450122    -0.01280751   0.00084372    -0.00777993   0.00239378
    5    3
  0.02068136   0.00490914     0.02331976  -0.00024058    -0.00658140   0.00442979
  0.00662783   0.00649205     0.00199021   0.00132535    -0.00361138  -0.00271229
 -0.00321603   0.00450122    -0.01280751  -0.00084372     0.00777993   0.00239378
    5    4
  0.00438557  -0.00000000     0.00000000  -0.00292251    -0.01103808   0.00000000
  0.00000000  -0.00292251    -0.00264356   0.00000000     0.00000000   0.00292251
 -0.01103808   0.00000000     0.00000000   0.00292251     0.00438557  -0.00000000
    5    5
  0.04201359   0.00000000     0.00000000  -0.00290603    -0.01015102   0.00000000
  0.00000000   0.00290603     0.01368476  -0.00000000    -0.00000000  -0.00290603
 -0.01015102   0.00000000    -0.00000000   0.00290603     0.04201359  -0.00000000
    5    6
 -0.00777993  -0.00239378    -0.01280751  -0.00084372     0.00321603  -0.00450122
 -0.00361138  -0.00271229    -0.00199021  -0.00132535     0.00662783   0.00649205
  0.00658140  -0.00442979     0.02331976  -0.00024058    -0.02068136  -0.00490914
    5    7
  0.00777993  -0.00239378    -0.01280751   0.00084372    -0.00321603  -0.00450122
 -0.00361138   0.00271229     0.00199021  -0.00132535     0.00662783  -0.00649205
 -0.00658140  -0.00442979     0.02331976   0.00024058     0.02068136  -0.00490914
    6    1
  0.02357579  -0.01856607     0.00000000   0.00000000    -0.02137899  -0.02490660
 -0.00000000  -0.00000000    -0.00594159   0.00336263     0.00000000  -0.00000000
  0.01482134   0.04215054     0.00000000  -0.00000000    -0.02245026   0.02689176
    6    2
  0.00135207  -0.00653056    -0.00000000  -0.00000000    -0.03623849  -0.03472446
 -0.00000000  -0.00000000    -0.01642502   0.00269125    -0.00000000  -0.00000000
 -0.01304044  -0.02392990    -0.00000000  -0.00000000     0.00135207  -0.00653056
    6    3
 -0.03645147   0.00040831     0.00000000  -0.00000000     0.03195140   0.00000000
 -0.00000000  -0.00000000    -0.01683964  -0.00000000     0.00000000   0.00000000
  0.01686665   0.00000000    -0.00000000   0.00000000    -0.03645147  -0.00040831
    6    4
  0.00777993  -0.00239378    -0.00361138   0.00271229    -0.00658140  -0.00442979
 -0.01280751   0.00084372     0.00199021  -0.00132535     0.02331976   0.00024058
 -0.00321603  -0.00450122     0.00662783  -0.00649205     0.02068136  -0.00490914
    6    5
 -0.00777993   0.00239378    -0.00361138   0.00271229     0.00658140   0.00442979
 -0.01280751   0.00084372    -0.00199021   0.00132535     0.02331976   0.00024058
  0.00321603   0.00450122     0.00662783  -0.00649205    -0.02068136   0.00490914
    6    6
  0.06350460   0.00000000     0.00000000   0.00000000    -0.01038534  -0.00770635
  0.00000000  -0.00000000     0.03099834   0.00000000    -0.00000000   0.00000000
 -0.01038534   0.00770635    -0.00000000   0.00000000     0.06043897   0.00000000
    6    7
 -0.01717030  -0.01513916     0.00000000   0.00000000     0.01590717   0.01643817
  0.00000000   0.00000000     0.02514200   0.00012494     0.00000000   0.00000000
  0.01590717   0.01643817     0.00000000   0.00000000    -0.01363312   0.00763067
    7    1
  0.02979879  -0.00354241     0.00000000   0.00000000     0.00249441   0.03272885
  0.00000000   0.00000000    -0.00657908   0.00182361    -0.00000000   0.00000000
 -0.01932467  -0.04028520    -0.00000000  -0.00000000    -0.03489007  -0.00314061
    7    2
 -0.03645147  -0.00040831     0.00000000  -0.00000000     0.03195140   0.00000000
  0.00000000   0.00000000    -0.01683964  -0.00000000     0.00000000  -0.00000000
  0.01686665   0.00000000     0.00000000  -0.00000000    -0.03645147   0.00040831
    7    3
  0.00135207   0.00653056    -0.00000000   0.00000000    -0.03623849   0.03472446
 -0.00000000   0.00000000    -0.01642502  -0.00269125    -0.00000000   0.00000000
 -0.01304044   0.02392990    -0.00000000   0.00000000     0.00135207   0.00653056
    7    4
 -0.00777993  -0.00239378    -0.00361138  -0.00271229     0.00658140  -0.00442979
 -0.01280751  -0.00084372    -0.00199021  -0.00132535     0.02331976  -0.00024058
  0.00321603  -0.00450122     0.00662783   0.00649205    -0.02068136  -0.00490914
    7    5
  0.00777993   0.00239378    -0.00361138  -0.00271229    -0.00658140   0.00442979
 -0.01280751  -0.00084372     0.00199021   0.00132535     0.02331976  -0.00024058
 -0.00321603   0.00450122     0.00662783   0.00649205     0.02068136   0.00490914
    7    6
 -0.01717030   0.01513916     0.00000000  -0.00000000     0.01590717  -0.01643817
  0.00000000  -0.00000000     0.02514200  -0.00012494     0.00000000  -0.00000000
  0.01590717  -0.01643817     0.00000000  -0.00000000    -0.01363312  -0.00763067
    7    7
  0.06350460  -0.00000000     0.00000000  -0.00000000    -0.01038534   0.00770635
  0.00000000   0.00000000     0.03099834  -0.00000000    -0.00000000   0.00000000
 -0.01038534  -0.00770635    -0.00000000   0.00000000     0.06043897  -0.00000000

     Dynamical  Matrix in cartesian axes

     q = (   -0.324759500   0.866025400  -0.324759500 ) 

    1    1
  0.15939328   0.00000000     0.00000000  -0.00000000    -0.01723337   0.00000000
  0.00000000  -0.00000000     0.02242198   0.00000000    -0.00000000  -0.00000000
 -0.01723337   0.00000000    -0.00000000  -0.00000000     0.15939328   0.00000000
    1    2
 -0.03489007  -0.00314061    -0.00000000   0.00000000     0.00249441   0.03272885
  0.00000000   0.00000000    -0.00657908   0.00182361    -0.00000000   0.00000000
 -0.01932467  -0.04028520    -0.00000000   0.00000000     0.02979879  -0.00354241
    1    3
 -0.02245026   0.02689176     0.00000000   0.00000000    -0.02137899  -0.02490660
  0.00000000  -0.00000000    -0.00594159   0.00336263    -0.00000000   0.00000000
  0.01482134   0.04215054    -0.00000000   0.00000000     0.02357579  -0.01856607
    1    4
 -0.00586141  -0.01415070    -0.01452326   0.00601573     0.00575908   0.01390365
 -0.00790898   0.00327601    -0.00000000  -0.00000000    -0.00790898   0.00327601
 -0.00575908  -0.01390365    -0.01452326   0.00601573     0.00586141   0.01415070
    1    5
  0.00586141   0.01415070    -0.01452326   0.00601573    -0.00575908  -0.01390365
 -0.00790898   0.00327601    -0.00000000  -0.00000000    -0.00790898   0.00327601
  0.00575908   0.01390365    -0.01452326   0.00601573    -0.00586141  -0.01415070
    1    6
  0.02357579  -0.01856607    -0.00000000   0.00000000     0.01482134   0.04215054
 -0.00000000   0.00000000    -0.00594159   0.00336263     0.00000000  -0.00000000
 -0.02137899  -0.02490660     0.00000000   0.00000000    -0.02245026   0.02689176
    1    7
  0.02979879  -0.00354241    -0.00000000   0.00000000    -0.01932467  -0.04028520
 -0.00000000  -0.00000000    -0.00657908   0.00182361     0.00000000   0.00000000
