  4.000000000000000E-002   1.25994432394592        2.39890022168420     
          12

     Dynamical  Matrix in cartesian axes

     q = (    0.433012700   0.433012700   0.216506400 ) 

    1    1
  0.11849109   0.00000000     0.04071604   0.00000000    -0.00000000   0.00000000
  0.04071604   0.00000000     0.11849109   0.00000000    -0.00000000   0.00000000
 -0.00000000   0.00000000    -0.00000000   0.00000000     0.06499969   0.00000000
    1    2
 -0.01694194   0.01694195     0.01867153  -0.01867154    -0.00981031  -0.00981031
 -0.00627147   0.00627147     0.01378974  -0.01378975    -0.00747367  -0.00747366
 -0.00414046  -0.00414045    -0.00208849  -0.00208849    -0.01082409   0.01082410
    1    3
  0.02395953   0.00000000    -0.02640554  -0.00000000     0.00000000  -0.01387387
  0.00886919   0.00000000    -0.01950165  -0.00000000     0.00000000  -0.01056936
  0.00000000  -0.00585549     0.00000000  -0.00295357     0.01530758   0.00000000
    1    4
 -0.01950165  -0.00000000     0.00886919   0.00000000     0.00000000  -0.01056936
 -0.02640554  -0.00000000     0.02395953   0.00000000     0.00000000  -0.01387387
  0.00000000  -0.00295357     0.00000000  -0.00585549     0.01530758   0.00000000
    1    5
  0.01378974  -0.01378975    -0.00627147   0.00627147    -0.00747367  -0.00747366
  0.01867153  -0.01867154    -0.01694194   0.01694195    -0.00981031  -0.00981031
 -0.00208849  -0.00208849    -0.00414046  -0.00414045    -0.01082409   0.01082410
    1    6
  0.00000000   0.00000000    -0.00000000   0.00000000     0.01561366   0.01835037
  0.00000000   0.00000000    -0.00000000   0.00000000     0.00193515   0.02401619
  0.01776169  -0.00507790    -0.01615003   0.00896880     0.00000000   0.00000000
    1    7
 -0.00000000   0.00000000     0.00000000   0.00000000     0.00193515   0.02401619
 -0.00000000   0.00000000     0.00000000   0.00000000     0.01561366   0.01835037
 -0.01615003   0.00896880     0.01776169  -0.00507790     0.00000000   0.00000000
    2    1
 -0.01694194  -0.01694195    -0.00627147  -0.00627147    -0.00414046   0.00414045
  0.01867153   0.01867154     0.01378974   0.01378975    -0.00208849   0.00208849
 -0.00981031   0.00981031    -0.00747367   0.00747366    -0.01082409  -0.01082410
    2    2
  0.07495711   0.00000000     0.00243262   0.00000000    -0.00000000  -0.00798167
  0.00243262  -0.00000000     0.07309103  -0.00000000    -0.00000000  -0.00534468
 -0.00000000   0.00798167     0.00000000   0.00534468     0.03841434   0.00000000
    2    3
  0.00317075   0.00317075     0.00612227   0.00612227    -0.00199313   0.00199313
  0.00612227   0.00612227     0.01760264   0.01760265    -0.00752063   0.00752062
 -0.00199313   0.00199313    -0.00752063   0.00752062    -0.01104681  -0.01104682
    2    4
  0.01992617   0.01992617     0.02553425   0.02553426     0.00361449  -0.00361449
  0.02909048   0.02909049     0.01992617   0.01992617    -0.00560582   0.00560581
 -0.00560582   0.00560581     0.00361449  -0.00361449     0.01194364   0.01194364
    2    5
 -0.01883835   0.00000000     0.03099358   0.00000000    -0.00000000  -0.00467126
  0.05370560   0.00000000    -0.01883835   0.00000000    -0.00000000  -0.00596864
 -0.00000000   0.00596864    -0.00000000   0.00467126    -0.00243778   0.00000000
    2    6
 -0.01714717  -0.00950737    -0.00948301  -0.00164719    -0.01383285  -0.00507718
 -0.00911736   0.00397894    -0.00136825  -0.00815194    -0.00743971  -0.00024608
 -0.01604824  -0.02131549    -0.00724603   0.00460794    -0.01360661  -0.00491086
    2    7
 -0.01884761  -0.00540216    -0.00787024  -0.00554076     0.01337141   0.00619120
 -0.00363341  -0.00926048    -0.00673179   0.00479680     0.00543467   0.00508666
  0.02642015  -0.00372451     0.00186540   0.00838202    -0.01309383  -0.00614883
    3    1
  0.02395953  -0.00000000     0.00886919  -0.00000000     0.00000000   0.00585549
 -0.02640554   0.00000000    -0.01950165   0.00000000     0.00000000   0.00295357
  0.00000000   0.01387387     0.00000000   0.01056936     0.01530758  -0.00000000
    3    2
  0.00317075  -0.00317075     0.00612227  -0.00612227    -0.00199313  -0.00199313
  0.00612227  -0.00612227     0.01760264  -0.01760265    -0.00752063  -0.00752062
 -0.00199313  -0.00199313    -0.00752063  -0.00752062    -0.01104681   0.01104682
    3    3
  0.07495711  -0.00000000     0.00243262  -0.00000000    -0.00000000   0.00798167
  0.00243262   0.00000000     0.07309103   0.00000000    -0.00000000   0.00534468
 -0.00000000  -0.00798167     0.00000000  -0.00534468     0.03841434   0.00000000
    3    4
 -0.01883835   0.00000000     0.03099358  -0.00000000    -0.00000000   0.00467126
  0.05370560  -0.00000000    -0.01883835   0.00000000    -0.00000000   0.00596864
 -0.00000000  -0.00596864    -0.00000000  -0.00467126    -0.00243778   0.00000000
    3    5
  0.01992617  -0.01992617     0.02553425  -0.02553426     0.00361449   0.00361449
  0.02909048  -0.02909049     0.01992617  -0.01992617    -0.00560582  -0.00560581
 -0.00560582  -0.00560581     0.00361449   0.00361449     0.01194364  -0.01194364
    3    6
 -0.01884761   0.00540216    -0.00787024   0.00554076     0.01337141  -0.00619120
 -0.00363341   0.00926048    -0.00673179  -0.00479680     0.00543467  -0.00508666
  0.02642015   0.00372451     0.00186540  -0.00838202    -0.01309383   0.00614883
    3    7
 -0.01714717   0.00950737    -0.00948301   0.00164719    -0.01383285   0.00507718
 -0.00911736  -0.00397894    -0.00136825   0.00815194    -0.00743971   0.00024608
 -0.01604824   0.02131549    -0.00724603  -0.00460794    -0.01360661   0.00491086
    4    1
 -0.01950165   0.00000000    -0.02640554   0.00000000     0.00000000   0.00295357
  0.00886919  -0.00000000     0.02395953  -0.00000000     0.00000000   0.00585549
  0.00000000   0.01056936     0.00000000   0.01387387     0.01530758  -0.00000000
    4    2
  0.01992617  -0.01992617     0.02909048  -0.02909049    -0.00560582  -0.00560581
  0.02553425  -0.02553426     0.01992617  -0.01992617     0.00361449   0.00361449
  0.00361449   0.00361449    -0.00560582  -0.00560581     0.01194364  -0.01194364
    4    3
 -0.01883835  -0.00000000     0.05370560   0.00000000    -0.00000000   0.00596864
  0.03099358   0.00000000    -0.01883835  -0.00000000    -0.00000000   0.00467126
 -0.00000000  -0.00467126    -0.00000000  -0.00596864    -0.00243778  -0.00000000
    4    4
  0.07309103  -0.00000000     0.00243262  -0.00000000    -0.00000000   0.00534468
  0.00243262  -0.00000000     0.07495711  -0.00000000    -0.00000000   0.00798167
 -0.00000000  -0.00534468     0.00000000  -0.00798167     0.03841434  -0.00000000
    4    5
  0.01760264  -0.01760265     0.00612227  -0.00612227    -0.00752063  -0.00752062
  0.00612227  -0.00612227     0.00317075  -0.00317075    -0.00199313  -0.00199313
 -0.00752063  -0.00752062    -0.00199313  -0.00199313    -0.01104681   0.01104682
    4    6
 -0.00136825   0.00815194    -0.00911736  -0.00397894    -0.00743971   0.00024608
 -0.00948301   0.00164719    -0.01714717   0.00950737    -0.01383285   0.00507718
 -0.00724603  -0.00460794    -0.01604824   0.02131549    -0.01360661   0.00491086
    4    7
 -0.00673179  -0.00479680    -0.00363341   0.00926048     0.00543467  -0.00508666
 -0.00787024   0.00554076    -0.01884761   0.00540216     0.01337141  -0.00619120
  0.00186540  -0.00838202     0.02642015   0.00372451    -0.01309383   0.00614883
    5    1
  0.01378974   0.01378975     0.01867153   0.01867154    -0.00208849   0.00208849
 -0.00627147  -0.00627147    -0.01694194  -0.01694195    -0.00414046   0.00414045
 -0.00747367   0.00747366    -0.00981031   0.00981031    -0.01082409  -0.01082410
    5    2
 -0.01883835   0.00000000     0.05370560  -0.00000000    -0.00000000  -0.00596864
  0.03099358   0.00000000    -0.01883835  -0.00000000    -0.00000000  -0.00467126
 -0.00000000   0.00467126    -0.00000000   0.00596864    -0.00243778   0.00000000
    5    3
  0.01992617   0.01992617     0.02909048   0.02909049    -0.00560582   0.00560581
  0.02553425   0.02553426     0.01992617   0.01992617     0.00361449  -0.00361449
  0.00361449  -0.00361449    -0.00560582   0.00560581     0.01194364   0.01194364
    5    4
  0.01760264   0.01760265     0.00612227   0.00612227    -0.00752063   0.00752062
  0.00612227   0.00612227     0.00317075   0.00317075    -0.00199313   0.00199313
 -0.00752063   0.00752062    -0.00199313   0.00199313    -0.01104681  -0.01104682
    5    5
  0.07309103   0.00000000     0.00243262  -0.00000000    -0.00000000  -0.00534468
  0.00243262   0.00000000     0.07495711   0.00000000    -0.00000000  -0.00798167
 -0.00000000   0.00534468     0.00000000   0.00798167     0.03841434  -0.00000000
    5    6
 -0.00673179   0.00479680    -0.00363341  -0.00926048     0.00543467   0.00508666
 -0.00787024  -0.00554076    -0.01884761  -0.00540216     0.01337141   0.00619120
  0.00186540   0.00838202     0.02642015  -0.00372451    -0.01309383  -0.00614883
    5    7
 -0.00136825  -0.00815194    -0.00911736   0.00397894    -0.00743971  -0.00024608
 -0.00948301  -0.00164719    -0.01714717  -0.00950737    -0.01383285  -0.00507718
 -0.00724603   0.00460794    -0.01604824  -0.02131549    -0.01360661  -0.00491086
    6    1
  0.00000000  -0.00000000     0.00000000  -0.00000000     0.01776169   0.00507790
 -0.00000000  -0.00000000    -0.00000000  -0.00000000    -0.01615003  -0.00896880
  0.01561366  -0.01835037     0.00193515  -0.02401619     0.00000000  -0.00000000
    6    2
 -0.01714717   0.00950737    -0.00911736  -0.00397894    -0.01604824   0.02131549
 -0.00948301   0.00164719    -0.00136825   0.00815194    -0.00724603  -0.00460794
 -0.01383285   0.00507718    -0.00743971   0.00024608    -0.01360661   0.00491086
    6    3
 -0.01884761  -0.00540216    -0.00363341  -0.00926048     0.02642015  -0.00372451
 -0.00787024  -0.00554076    -0.00673179   0.00479680     0.00186540   0.00838202
  0.01337141   0.00619120     0.00543467   0.00508666    -0.01309383  -0.00614883
    6    4
 -0.00136825  -0.00815194    -0.00948301  -0.00164719    -0.00724603   0.00460794
 -0.00911736   0.00397894    -0.01714717  -0.00950737    -0.01604824  -0.02131549
 -0.00743971  -0.00024608    -0.01383285  -0.00507718    -0.01360661  -0.00491086
    6    5
 -0.00673179  -0.00479680    -0.00787024   0.00554076     0.00186540  -0.00838202
 -0.00363341   0.00926048    -0.01884761   0.00540216     0.02642015   0.00372451
  0.00543467  -0.00508666     0.01337141  -0.00619120    -0.01309383   0.00614883
    6    6
  0.04658317   0.00000000    -0.00174656  -0.00507785    -0.00000000   0.00000000
 -0.00174656   0.00507785     0.04658317  -0.00000000    -0.00000000   0.00000000
 -0.00000000   0.00000000    -0.00000000   0.00000000     0.04331564   0.00000000
    6    7
 -0.00601939   0.01276599    -0.00412083  -0.00000000    -0.00000000  -0.00000000
 -0.00412083  -0.00000000    -0.00601939  -0.01276599    -0.00000000  -0.00000000
 -0.00000000   0.00000000    -0.00000000   0.00000000     0.01680641   0.00000000
    7    1
 -0.00000000  -0.00000000    -0.00000000  -0.00000000    -0.01615003  -0.00896880
  0.00000000  -0.00000000     0.00000000  -0.00000000     0.01776169   0.00507790
  0.00193515  -0.02401619     0.01561366  -0.01835037     0.00000000  -0.00000000
    7    2
 -0.01884761   0.00540216    -0.00363341   0.00926048     0.02642015   0.00372451
 -0.00787024   0.00554076    -0.00673179  -0.00479680     0.00186540  -0.00838202
  0.01337141  -0.00619120     0.00543467  -0.00508666    -0.01309383   0.00614883
    7    3
 -0.01714717  -0.00950737    -0.00911736   0.00397894    -0.01604824  -0.02131549
 -0.00948301  -0.00164719    -0.00136825  -0.00815194    -0.00724603   0.00460794
 -0.01383285  -0.00507718    -0.00743971  -0.00024608    -0.01360661  -0.00491086
    7    4
 -0.00673179   0.00479680    -0.00787024  -0.00554076     0.00186540   0.00838202
 -0.00363341  -0.00926048    -0.01884761  -0.00540216     0.02642015  -0.00372451
  0.00543467   0.00508666     0.01337141   0.00619120    -0.01309383  -0.00614883
    7    5
 -0.00136825   0.00815194    -0.00948301   0.00164719    -0.00724603  -0.00460794
 -0.00911736  -0.00397894    -0.01714717   0.00950737    -0.01604824   0.02131549
 -0.00743971   0.00024608    -0.01383285   0.00507718    -0.01360661   0.00491086
    7    6
 -0.00601939  -0.01276599    -0.00412083   0.00000000    -0.00000000   0.00000000
 -0.00412083  -0.00000000    -0.00601939   0.01276599    -0.00000000   0.00000000
 -0.00000000   0.00000000    -0.00000000   0.00000000     0.01680641   0.00000000
    7    7
  0.04658317  -0.00000000    -0.00174656   0.00507785    -0.00000000   0.00000000
 -0.00174656  -0.00507785     0.04658317   0.00000000    -0.00000000   0.00000000
 -0.00000000   0.00000000    -0.00000000   0.00000000     0.04331564   0.00000000

     Dynamical  Matrix in cartesian axes

     q = (    0.433012700   0.433012700  -0.216506400 ) 

    1    1
  0.11849109   0.00000000     0.04071604   0.00000000    -0.00000000   0.00000000
  0.04071604   0.00000000     0.11849109   0.00000000    -0.00000000   0.00000000
 -0.00000000   0.00000000    -0.00000000   0.00000000     0.06499969   0.00000000
    1    2
 -0.01694194  -0.01694195     0.01867153   0.01867154    -0.00981031   0.00981031
 -0.00627147  -0.00627147     0.01378974   0.01378975    -0.00747367   0.00747366
 -0.00414046   0.00414045    -0.00208849   0.00208849    -0.01082409  -0.01082410
    1    3
  0.02395953   0.00000000    -0.02640554  -0.00000000    -0.00000000   0.01387387
  0.00886919   0.00000000    -0.01950165  -0.00000000    -0.00000000   0.01056936
 -0.00000000   0.00585549    -0.00000000   0.00295357     0.01530758   0.00000000
    1    4
 -0.01950165  -0.00000000     0.00886919   0.00000000    -0.00000000   0.01056936
 -0.02640554  -0.00000000     0.02395953   0.00000000    -0.00000000   0.01387387
 -0.00000000   0.00295357    -0.00000000   0.00585549     0.01530758   0.00000000
    1    5
  0.01378974   0.01378975    -0.00627147  -0.00627147    -0.00747367   0.00747366
  0.01867153   0.01867154    -0.01694194  -0.01694195    -0.00981031   0.00981031
 -0.00208849   0.00208849    -0.00414046   0.00414045    -0.01082409  -0.01082410
    1    6
 -0.00000000   0.00000000     0.00000000   0.00000000     0.01561366  -0.01835037
 -0.00000000   0.00000000     0.00000000   0.00000000     0.00193515  -0.02401619
  0.01776169   0.00507790    -0.01615003  -0.00896880    -0.00000000   0.00000000
    1    7
  0.00000000   0.00000000    -0.00000000   0.00000000     0.00193515  -0.02401619
  0.00000000   0.00000000    -0.00000000   0.00000000     0.01561366  -0.01835037
 -0.01615003  -0.00896880     0.01776169   0.00507790    -0.00000000   0.00000000
    2    1
 -0.01694194   0.01694195    -0.00627147   0.00627147    -0.00414046  -0.00414045
  0.01867153  -0.01867154     0.01378974  -0.01378975    -0.00208849  -0.00208849
 -0.00981031  -0.00981031    -0.00747367  -0.00747366    -0.01082409   0.01082410
    2    2
  0.07495711  -0.00000000     0.00243262  -0.00000000    -0.00000000   0.00798167
  0.00243262   0.00000000     0.07309103   0.00000000    -0.00000000   0.00534468
 -0.00000000  -0.00798167     0.00000000  -0.00534468     0.03841434  -0.00000000
    2    3
  0.00317075  -0.00317075     0.00612227  -0.00612227    -0.00199313  -0.00199313
  0.00612227  -0.00612227     0.01760264  -0.01760265    -0.00752063  -0.00752062
 -0.00199313  -0.00199313    -0.00752063  -0.00752062    -0.01104681   0.01104682
    2    4
  0.01992617  -0.01992617     0.02553425  -0.02553426     0.00361449   0.00361449
  0.02909048  -0.02909049     0.01992617  -0.01992617    -0.00560582  -0.00560581
 -0.00560582  -0.00560581     0.00361449   0.00361449     0.01194364  -0.01194364
    2    5
 -0.01883835   0.00000000     0.03099358  -0.00000000    -0.00000000   0.00467126
  0.05370560   0.00000000    -0.01883835  -0.00000000    -0.00000000   0.00596864
 -0.00000000  -0.00596864    -0.00000000  -0.00467126    -0.00243778   0.00000000
    2    6
 -0.01714717   0.00950737    -0.00948301   0.00164719    -0.01383285   0.00507718
 -0.00911736  -0.00397894    -0.00136825   0.00815194    -0.00743971   0.00024608
 -0.01604824   0.02131549    -0.00724603  -0.00460794    -0.01360661   0.00491086
    2    7
 -0.01884761   0.00540216    -0.00787024   0.00554076     0.01337141  -0.00619120
 -0.00363341   0.00926048    -0.00673179  -0.00479680     0.00543467  -0.00508666
  0.02642015   0.00372451     0.00186540  -0.00838202    -0.01309383   0.00614883
    3    1
  0.02395953  -0.00000000     0.00886919  -0.00000000    -0.00000000  -0.00585549
 -0.02640554   0.00000000    -0.01950165   0.00000000    -0.00000000  -0.00295357
 -0.00000000  -0.01387387    -0.00000000  -0.01056936     0.01530758  -0.00000000
    3    2
  0.00317075   0.00317075     0.00612227   0.00612227    -0.00199313   0.00199313
  0.00612227   0.00612227     0.01760264   0.01760265    -0.00752063   0.00752062
 -0.00199313   0.00199313    -0.00752063   0.00752062    -0.01104681  -0.01104682
    3    3
  0.07495711   0.00000000     0.00243262   0.00000000    -0.00000000  -0.00798167
  0.00243262  -0.00000000     0.07309103   0.00000000    -0.00000000  -0.00534468
 -0.00000000   0.00798167     0.00000000   0.00534468     0.03841434  -0.00000000
    3    4
 -0.01883835  -0.00000000     0.03099358   0.00000000    -0.00000000  -0.00467126
  0.05370560   0.00000000    -0.01883835  -0.00000000    -0.00000000  -0.00596864
 -0.00000000   0.00596864    -0.00000000   0.00467126    -0.00243778   0.00000000
    3    5
  0.01992617   0.01992617     0.02553425   0.02553426     0.00361449  -0.00361449
  0.02909048   0.02909049     0.01992617   0.01992617    -0.00560582   0.00560581
 -0.00560582   0.00560581     0.00361449  -0.00361449     0.01194364   0.01194364
    3    6
 -0.01884761  -0.00540216    -0.00787024  -0.00554076     0.01337141   0.00619120
 -0.00363341  -0.00926048    -0.00673179   0.00479680     0.00543467   0.00508666
  0.02642015  -0.00372451     0.00186540   0.00838202    -0.01309383  -0.00614883
    3    7
 -0.01714717  -0.00950737    -0.00948301  -0.00164719    -0.01383285  -0.00507718
 -0.00911736   0.00397894    -0.00136825  -0.00815194    -0.00743971  -0.00024608
 -0.01604824  -0.02131549    -0.00724603   0.00460794    -0.01360661  -0.00491086
    4    1
 -0.01950165   0.00000000    -0.02640554   0.00000000    -0.00000000  -0.00295357
  0.00886919  -0.00000000     0.02395953  -0.00000000    -0.00000000  -0.00585549
 -0.00000000  -0.01056936    -0.00000000  -0.01387387     0.01530758  -0.00000000
    4    2
  0.01992617   0.01992617     0.02909048   0.02909049    -0.00560582   0.00560581
  0.02553425   0.02553426     0.01992617   0.01992617     0.00361449  -0.00361449
  0.00361449  -0.00361449    -0.00560582   0.00560581     0.01194364   0.01194364
    4    3
 -0.01883835   0.00000000     0.05370560  -0.00000000    -0.00000000  -0.00596864
  0.03099358  -0.00000000    -0.01883835   0.00000000    -0.00000000  -0.00467126
 -0.00000000   0.00467126    -0.00000000   0.00596864    -0.00243778   0.00000000
    4    4
  0.07309103  -0.00000000     0.00243262  -0.00000000    -0.00000000  -0.00534468
  0.00243262   0.00000000     0.07495711   0.00000000    -0.00000000  -0.00798167
 -0.00000000   0.00534468     0.00000000   0.00798167     0.03841434   0.00000000
    4    5
  0.01760264   0.01760265     0.00612227   0.00612227    -0.00752063   0.00752062
  0.00612227   0.00612227     0.00317075   0.00317075    -0.00199313   0.00199313
 -0.00752063   0.00752062    -0.00199313   0.00199313    -0.01104681  -0.01104682
    4    6
 -0.00136825  -0.00815194    -0.00911736   0.00397894    -0.00743971  -0.00024608
 -0.00948301  -0.00164719    -0.01714717  -0.00950737    -0.01383285  -0.00507718
 -0.00724603   0.00460794    -0.01604824  -0.02131549    -0.01360661  -0.00491086
    4    7
 -0.00673179   0.00479680    -0.00363341  -0.00926048     0.00543467   0.00508666
 -0.00787024  -0.00554076    -0.01884761  -0.00540216     0.01337141   0.00619120
  0.00186540   0.00838202     0.02642015  -0.00372451    -0.01309383  -0.00614883
    5    1
  0.01378974  -0.01378975     0.01867153  -0.01867154    -0.00208849  -0.00208849
 -0.00627147   0.00627147    -0.01694194   0.01694195    -0.00414046  -0.00414045
 -0.00747367  -0.00747366    -0.00981031  -0.00981031    -0.01082409   0.01082410
    5    2
 -0.01883835   0.00000000     0.05370560   0.00000000    -0.00000000   0.00596864
  0.03099358   0.00000000    -0.01883835   0.00000000    -0.00000000   0.00467126
 -0.00000000  -0.00467126    -0.00000000  -0.00596864    -0.00243778   0.00000000
    5    3
  0.01992617  -0.01992617     0.02909048  -0.02909049    -0.00560582  -0.00560581
  0.02553425  -0.02553426     0.01992617  -0.01992617     0.00361449   0.00361449
  0.00361449   0.00361449    -0.00560582  -0.00560581     0.01194364  -0.01194364
    5    4
  0.01760264  -0.01760265     0.00612227  -0.00612227    -0.00752063  -0.00752062
  0.00612227  -0.00612227     0.00317075  -0.00317075    -0.00199313  -0.00199313
 -0.00752063  -0.00752062    -0.00199313  -0.00199313    -0.01104681   0.01104682
    5    5
  0.07309103  -0.00000000     0.00243262  -0.00000000    -0.00000000   0.00534468
  0.00243262  -0.00000000     0.07495711  -0.00000000    -0.00000000   0.00798167
 -0.00000000  -0.00534468     0.00000000  -0.00798167     0.03841434   0.00000000
    5    6
 -0.00673179  -0.00479680    -0.00363341   0.00926048     0.00543467  -0.00508666
 -0.00787024   0.00554076    -0.01884761   0.00540216     0.01337141  -0.00619120
  0.00186540  -0.00838202     0.02642015   0.00372451    -0.01309383   0.00614883
    5    7
 -0.00136825   0.00815194    -0.00911736  -0.00397894    -0.00743971   0.00024608
 -0.00948301   0.00164719    -0.01714717   0.00950737    -0.01383285   0.00507718
 -0.00724603  -0.00460794    -0.01604824   0.02131549    -0.01360661   0.00491086
    6    1
 -0.00000000  -0.00000000    -0.00000000  -0.00000000     0.01776169  -0.00507790
  0.00000000  -0.00000000     0.00000000  -0.00000000    -0.01615003   0.00896880
  0.01561366   0.01835037     0.00193515   0.02401619    -0.00000000  -0.00000000
    6    2
 -0.01714717  -0.00950737    -0.00911736   0.00397894    -0.01604824  -0.02131549
 -0.00948301  -0.00164719    -0.00136825  -0.00815194    -0.00724603   0.00460794
 -0.01383285  -0.00507718    -0.00743971  -0.00024608    -0.01360661  -0.00491086
    6    3
 -0.01884761   0.00540216    -0.00363341   0.00926048     0.02642015   0.00372451
 -0.00787024   0.00554076    -0.00673179  -0.00479680     0.00186540  -0.00838202
  0.01337141  -0.00619120     0.00543467  -0.00508666    -0.01309383   0.00614883
    6    4
 -0.00136825   0.00815194    -0.00948301   0.00164719    -0.00724603  -0.00460794
 -0.00911736  -0.00397894    -0.01714717   0.00950737    -0.01604824   0.02131549
 -0.00743971   0.00024608    -0.01383285   0.00507718    -0.01360661   0.00491086
    6    5
 -0.00673179   0.00479680    -0.00787024  -0.00554076     0.00186540   0.00838202
 -0.00363341  -0.00926048    -0.01884761  -0.00540216     0.02642015  -0.00372451
  0.00543467   0.00508666     0.01337141   0.00619120    -0.01309383  -0.00614883
    6    6
  0.04658317  -0.00000000    -0.00174656   0.00507785    -0.00000000   0.00000000
 -0.00174656  -0.00507785     0.04658317   0.00000000    -0.00000000   0.00000000
 -0.00000000   0.00000000    -0.00000000   0.00000000     0.04331564   0.00000000
    6    7
 -0.00601939  -0.01276599    -0.00412083   0.00000000    -0.00000000   0.00000000
 -0.00412083  -0.00000000    -0.00601939   0.01276599    -0.00000000   0.00000000
 -0.00000000   0.00000000    -0.00000000   0.00000000     0.01680641   0.00000000
    7    1
  0.00000000  -0.00000000     0.00000000  -0.00000000    -0.01615003   0.00896880
 -0.00000000  -0.00000000    -0.00000000  -0.00000000     0.01776169  -0.00507790
  0.00193515   0.02401619     0.01561366   0.01835037    -0.00000000  -0.00000000
    7    2
 -0.01884761  -0.00540216    -0.00363341  -0.00926048     0.02642015  -0.00372451
 -0.00787024  -0.00554076    -0.00673179   0.00479680     0.00186540   0.00838202
  0.01337141   0.00619120     0.00543467   0.00508666    -0.01309383  -0.00614883
    7    3
 -0.01714717   0.00950737    -0.00911736  -0.00397894    -0.01604824   0.02131549
 -0.00948301   0.00164719    -0.00136825   0.00815194    -0.00724603  -0.00460794
 -0.01383285   0.00507718    -0.00743971   0.00024608    -0.01360661   0.00491086
    7    4
 -0.00673179  -0.00479680    -0.00787024   0.00554076     0.00186540  -0.00838202
 -0.00363341   0.00926048    -0.01884761   0.00540216     0.02642015   0.00372451
  0.00543467  -0.00508666     0.01337141  -0.00619120    -0.01309383   0.00614883
    7    5
 -0.00136825  -0.00815194    -0.00948301  -0.00164719    -0.00724603   0.00460794
 -0.00911736   0.00397894    -0.01714717  -0.00950737    -0.01604824  -0.02131549
 -0.00743971  -0.00024608    -0.01383285  -0.00507718    -0.01360661  -0.00491086
    7    6
 -0.00601939   0.01276599    -0.00412083  -0.00000000    -0.00000000   0.00000000
 -0.00412083   0.00000000    -0.00601939  -0.01276599    -0.00000000   0.00000000
 -0.00000000   0.00000000    -0.00000000   0.00000000     0.01680641   0.00000000
    7    7
  0.04658317   0.00000000    -0.00174656  -0.00507785    -0.00000000   0.00000000
 -0.00174656   0.00507785     0.04658317  -0.00000000    -0.00000000   0.00000000
 -0.00000000   0.00000000    -0.00000000   0.00000000     0.04331564   0.00000000

     Dynamical  Matrix in cartesian axes

     q = (    0.433012700  -0.433012700   0.216506400 ) 

    1    1
  0.11849109   0.00000000    -0.04071604   0.00000000     0.00000000   0.00000000
 -0.04071604   0.00000000     0.11849109   0.00000000     0.00000000   0.00000000
  0.00000000   0.00000000     0.00000000   0.00000000     0.06499969   0.00000000
    1    2
 -0.01694194   0.01694195    -0.01867153   0.01867154    -0.00981031  -0.00981031
  0.00627147  -0.00627147     0.01378974  -0.01378975     0.00747367   0.00747366
 -0.00414046  -0.00414045     0.00208849   0.00208849    -0.01082409   0.01082410
    1    3
 -0.02395953   0.00000000    -0.02640554   0.00000000     0.00000000   0.01387387
  0.00886919  -0.00000000     0.01950165  -0.00000000    -0.00000000  -0.01056936
  0.00000000   0.00585549    -0.00000000  -0.00295357    -0.01530758   0.00000000
    1    4
  0.01950165   0.00000000     0.00886919   0.00000000     0.00000000  -0.01056936
 -0.02640554  -0.00000000    -0.02395953  -0.00000000    -0.00000000   0.01387387
  0.00000000  -0.00295357    -0.00000000   0.00585549    -0.01530758  -0.00000000
    1    5
  0.01378974  -0.01378975     0.00627147  -0.00627147     0.00747367   0.00747366
 -0.01867153   0.01867154    -0.01694194   0.01694195    -0.00981031  -0.00981031
  0.00208849   0.00208849    -0.00414046  -0.00414045    -0.01082409   0.01082410
    1    6
 -0.00000000  -0.00000000    -0.00000000   0.00000000    -0.01561366  -0.01835037
  0.00000000   0.00000000     0.00000000  -0.00000000     0.00193515   0.02401619
 -0.01776169   0.00507790    -0.01615003   0.00896880    -0.00000000  -0.00000000
    1    7
 -0.00000000   0.00000000    -0.00000000  -0.00000000     0.00193515   0.02401619
  0.00000000  -0.00000000     0.00000000   0.00000000    -0.01561366  -0.01835037
 -0.01615003   0.00896880    -0.01776169   0.00507790     0.00000000   0.00000000
    2    1
 -0.01694194  -0.01694195     0.00627147   0.00627147    -0.00414046   0.00414045
 -0.01867153  -0.01867154     0.01378974   0.01378975     0.00208849  -0.00208849
 -0.00981031   0.00981031     0.00747367  -0.00747366    -0.01082409  -0.01082410
    2    2
  0.07495711  -0.00000000    -0.00243262   0.00000000    -0.00000000  -0.00798167
 -0.00243262  -0.00000000     0.07309103  -0.00000000    -0.00000000   0.00534468
 -0.00000000   0.00798167    -0.00000000  -0.00534468     0.03841434   0.00000000
    2    3
 -0.00317075  -0.00317075     0.00612227   0.00612227     0.00199313  -0.00199313
  0.00612227   0.00612227    -0.01760264  -0.01760265    -0.00752063   0.00752062
  0.00199313  -0.00199313    -0.00752063   0.00752062     0.01104681   0.01104682
    2    4
 -0.01332073  -0.01332073    -0.02191576  -0.02191577     0.00330308  -0.00330308
 -0.03797559  -0.03797560    -0.01332073  -0.01332073    -0.00422047   0.00422047
 -0.00422047   0.00422047     0.00330308  -0.00330308    -0.00172377  -0.00172377
    2    5
 -0.02817986   0.00000000     0.03611089  -0.00000000     0.00000000   0.00511166
  0.04114016  -0.00000000    -0.02817986   0.00000000     0.00000000   0.00792782
 -0.00000000  -0.00792782    -0.00000000  -0.00511166    -0.01689086   0.00000000
    2    6
  0.01714717   0.00950737    -0.00948301  -0.00164719     0.01383285   0.00507718
 -0.00911736   0.00397894     0.00136825   0.00815194    -0.00743971  -0.00024608
  0.01604824   0.02131549    -0.00724603   0.00460794     0.01360661   0.00491086
    2    7
 -0.01884761  -0.00540216     0.00787024   0.00554076     0.01337141   0.00619120
  0.00363341   0.00926048    -0.00673179   0.00479680    -0.00543467  -0.00508666
  0.02642015  -0.00372451    -0.00186540  -0.00838202    -0.01309383  -0.00614883
    3    1
 -0.02395953  -0.00000000     0.00886919   0.00000000     0.00000000  -0.00585549
 -0.02640554  -0.00000000     0.01950165   0.00000000    -0.00000000   0.00295357
  0.00000000  -0.01387387    -0.00000000   0.01056936    -0.01530758  -0.00000000
    3    2
 -0.00317075   0.00317075     0.00612227  -0.00612227     0.00199313   0.00199313
  0.00612227  -0.00612227    -0.01760264   0.01760265    -0.00752063  -0.00752062
  0.00199313   0.00199313    -0.00752063  -0.00752062     0.01104681  -0.01104682
    3    3
  0.07495711   0.00000000    -0.00243262  -0.00000000    -0.00000000   0.00798167
 -0.00243262   0.00000000     0.07309103   0.00000000    -0.00000000  -0.00534468
 -0.00000000  -0.00798167    -0.00000000   0.00534468     0.03841434  -0.00000000
    3    4
 -0.02817986  -0.00000000     0.03611089   0.00000000     0.00000000  -0.00511166
  0.04114016   0.00000000    -0.02817986  -0.00000000     0.00000000  -0.00792782
 -0.00000000   0.00792782    -0.00000000   0.00511166    -0.01689086  -0.00000000
    3    5
 -0.01332073   0.01332073    -0.02191576   0.02191577     0.00330308   0.00330308
 -0.03797559   0.03797560    -0.01332073   0.01332073    -0.00422047  -0.00422047
 -0.00422047  -0.00422047     0.00330308   0.00330308    -0.00172377   0.00172377
    3    6
 -0.01884761   0.00540216     0.00787024  -0.00554076     0.01337141  -0.00619120
  0.00363341  -0.00926048    -0.00673179  -0.00479680    -0.00543467   0.00508666
  0.02642015   0.00372451    -0.00186540   0.00838202    -0.01309383   0.00614883
    3    7
  0.01714717  -0.00950737    -0.00948301   0.00164719     0.01383285  -0.00507718
 -0.00911736  -0.00397894     0.00136825  -0.00815194    -0.00743971   0.00024608
  0.01604824  -0.02131549    -0.00724603  -0.00460794     0.01360661  -0.00491086
    4    1
  0.01950165  -0.00000000    -0.02640554   0.00000000     0.00000000   0.00295357
  0.00886919  -0.00000000    -0.02395953   0.00000000    -0.00000000  -0.00585549
  0.00000000   0.01056936    -0.00000000  -0.01387387    -0.01530758   0.00000000
    4    2
 -0.01332073   0.01332073    -0.03797559   0.03797560    -0.00422047  -0.00422047
 -0.02191576   0.02191577    -0.01332073   0.01332073     0.00330308   0.00330308
  0.00330308   0.00330308    -0.00422047  -0.00422047    -0.00172377   0.00172377
    4    3
 -0.02817986   0.00000000     0.04114016  -0.00000000    -0.00000000  -0.00792782
  0.03611089  -0.00000000    -0.02817986   0.00000000    -0.00000000  -0.00511166
  0.00000000   0.00511166     0.00000000   0.00792782    -0.01689086   0.00000000
    4    4
  0.07309103  -0.00000000    -0.00243262   0.00000000    -0.00000000  -0.00534468
 -0.00243262  -0.00000000     0.07495711  -0.00000000    -0.00000000   0.00798167
  0.00000000   0.00534468    -0.00000000  -0.00798167     0.03841434  -0.00000000
    4    5
 -0.01760264   0.01760265     0.00612227  -0.00612227    -0.00752063  -0.00752062
  0.00612227  -0.00612227    -0.00317075   0.00317075     0.00199313   0.00199313
 -0.00752063  -0.00752062     0.00199313   0.00199313     0.01104681  -0.01104682
    4    6
  0.00136825  -0.00815194    -0.00911736  -0.00397894    -0.00743971   0.00024608
 -0.00948301   0.00164719     0.01714717  -0.00950737     0.01383285  -0.00507718
 -0.00724603  -0.00460794     0.01604824  -0.02131550     0.01360661  -0.00491086
    4    7
 -0.00673179  -0.00479680     0.00363341  -0.00926048    -0.00543467   0.00508666
  0.00787024  -0.00554076    -0.01884761   0.00540216     0.01337141  -0.00619120
 -0.00186540   0.00838202     0.02642015   0.00372451    -0.01309383   0.00614883
    5    1
  0.01378974   0.01378975    -0.01867153  -0.01867154     0.00208849  -0.00208849
  0.00627147   0.00627147    -0.01694194  -0.01694195    -0.00414046   0.00414045
  0.00747367  -0.00747366    -0.00981031   0.00981031    -0.01082409  -0.01082410
    5    2
 -0.02817986  -0.00000000     0.04114016   0.00000000    -0.00000000   0.00792782
  0.03611089   0.00000000    -0.02817986  -0.00000000    -0.00000000   0.00511166
  0.00000000  -0.00511166     0.00000000  -0.00792782    -0.01689086  -0.00000000
    5    3
 -0.01332073  -0.01332073    -0.03797559  -0.03797560    -0.00422047   0.00422047
 -0.02191576  -0.02191577    -0.01332073  -0.01332073     0.00330308  -0.00330308
  0.00330308  -0.00330308    -0.00422047   0.00422047    -0.00172377  -0.00172377
    5    4
 -0.01760264  -0.01760265     0.00612227   0.00612227    -0.00752063   0.00752062
  0.00612227   0.00612227    -0.00317075  -0.00317075     0.00199313  -0.00199313
 -0.00752063   0.00752062     0.00199313  -0.00199313     0.01104681   0.01104682
    5    5
  0.07309103  -0.00000000    -0.00243262  -0.00000000    -0.00000000   0.00534468
 -0.00243262   0.00000000     0.07495711   0.00000000    -0.00000000  -0.00798167
  0.00000000  -0.00534468    -0.00000000   0.00798167     0.03841434  -0.00000000
    5    6
 -0.00673179   0.00479680     0.00363341   0.00926048    -0.00543467  -0.00508666
  0.00787024   0.00554076    -0.01884761  -0.00540216     0.01337141   0.00619120
 -0.00186540  -0.00838202     0.02642015  -0.00372451    -0.01309383  -0.00614883
    5    7
  0.00136825   0.00815194    -0.00911736   0.00397894    -0.00743971  -0.00024608
 -0.00948301  -0.00164719     0.01714717   0.00950737     0.01383285   0.00507718
 -0.00724603   0.00460794     0.01604824   0.02131550     0.01360661   0.00491086
    6    1
 -0.00000000   0.00000000     0.00000000  -0.00000000    -0.01776169  -0.00507790
 -0.00000000  -0.00000000     0.00000000   0.00000000    -0.01615003  -0.00896880
 -0.01561366   0.01835037     0.00193515  -0.02401619    -0.00000000   0.00000000
    6    2
  0.01714717  -0.00950737    -0.00911736  -0.00397894     0.01604824  -0.02131549
 -0.00948301   0.00164719     0.00136825  -0.00815194    -0.00724603  -0.00460794
  0.01383285  -0.00507718    -0.00743971   0.00024608     0.01360661  -0.00491086
    6    3
 -0.01884761  -0.00540216     0.00363341   0.00926048     0.02642015  -0.00372451
  0.00787024   0.00554076    -0.00673179   0.00479680    -0.00186540  -0.00838202
  0.01337141   0.00619120    -0.00543467  -0.00508666    -0.01309383  -0.00614883
    6    4
  0.00136825   0.00815194    -0.00948301  -0.00164719    -0.00724603   0.00460794
 -0.00911736   0.00397894     0.01714717   0.00950737     0.01604824   0.02131550
 -0.00743971  -0.00024608     0.01383285   0.00507718     0.01360661   0.00491086
    6    5
 -0.00673179  -0.00479680     0.00787024  -0.00554076    -0.00186540   0.00838202
  0.00363341  -0.00926048    -0.01884761   0.00540216     0.02642015   0.00372451
 -0.00543467   0.00508666     0.01337141  -0.00619120    -0.01309383   0.00614883
    6    6
  0.04658317   0.00000000     0.00174656   0.00507785    -0.00000000   0.00000000
  0.00174656  -0.00507785     0.04658317  -0.00000000    -0.00000000   0.00000000
 -0.00000000   0.00000000    -0.00000000   0.00000000     0.04331564   0.00000000
    6    7
  0.00601939  -0.01276599    -0.00412083  -0.00000000     0.00000000   0.00000000
 -0.00412083  -0.00000000     0.00601939   0.01276599     0.00000000   0.00000000
  0.00000000   0.00000000     0.00000000   0.00000000    -0.01680641  -0.00000000
    7    1
 -0.00000000  -0.00000000     0.00000000   0.00000000    -0.01615003  -0.00896880
 -0.00000000   0.00000000     0.00000000  -0.00000000    -0.01776169  -0.00507790
  0.00193515  -0.02401619    -0.01561366   0.01835037     0.00000000  -0.00000000
    7    2
 -0.01884761   0.00540216     0.00363341  -0.00926048     0.02642015   0.00372451
  0.00787024  -0.00554076    -0.00673179  -0.00479680    -0.00186540   0.00838202
  0.01337141  -0.00619120    -0.00543467   0.00508666    -0.01309383   0.00614883
    7    3
  0.01714717   0.00950737    -0.00911736   0.00397894     0.01604824   0.02131549
 -0.00948301  -0.00164719     0.00136825   0.00815194    -0.00724603   0.00460794
  0.01383285   0.00507718    -0.00743971  -0.00024608     0.01360661   0.00491086
    7    4
 -0.00673179   0.00479680     0.00787024   0.00554076    -0.00186540  -0.00838202
  0.00363341   0.00926048    -0.01884761  -0.00540216     0.02642015  -0.00372451
 -0.00543467  -0.00508666     0.01337141   0.00619120    -0.01309383  -0.00614883
    7    5
  0.00136825  -0.00815194    -0.00948301   0.00164719    -0.00724603  -0.00460794
 -0.00911736  -0.00397894     0.01714717  -0.00950737     0.01604824  -0.02131550
 -0.00743971   0.00024608     0.01383285  -0.00507718     0.01360661  -0.00491086
    7    6
  0.00601939   0.01276599    -0.00412083   0.00000000     0.00000000   0.00000000
 -0.00412083   0.00000000     0.00601939  -0.01276599     0.00000000   0.00000000
  0.00000000  -0.00000000     0.00000000  -0.00000000    -0.01680641   0.00000000
    7    7
  0.04658317  -0.00000000     0.00174656  -0.00507785    -0.00000000   0.00000000
  0.00174656   0.00507785     0.04658317   0.00000000    -0.00000000   0.00000000
 -0.00000000   0.00000000    -0.00000000   0.00000000     0.04331564   0.00000000

     Dynamical  Matrix in cartesian axes

     q = (    0.216506400  -0.433012700   0.433012700 ) 

    1    1
  0.06499969   0.00000000     0.00000000   0.00000000     0.00000000   0.00000000
  0.00000000   0.00000000     0.11849109   0.00000000    -0.04071604   0.00000000
 -0.00000000   0.00000000    -0.04071604   0.00000000     0.11849109   0.00000000
    1    2
  0.00000000   0.00000000    -0.01776169   0.00507790    -0.01615003   0.00896880
 -0.01561366  -0.01835037     0.00000000   0.00000000     0.00000000  -0.00000000
  0.00193515   0.02401619    -0.00000000  -0.00000000    -0.00000000   0.00000000
    1    3
 -0.00000000  -0.00000000    -0.01615003   0.00896880    -0.01776169   0.00507790
  0.00193515   0.02401619     0.00000000  -0.00000000     0.00000000   0.00000000
 -0.01561366  -0.01835037    -0.00000000   0.00000000    -0.00000000  -0.00000000
    1    4
 -0.01082409   0.01082410    -0.00414046  -0.00414045     0.00208849   0.00208849
 -0.00981031  -0.00981031    -0.01694194   0.01694195    -0.01867153   0.01867154
  0.00747367   0.00747366     0.00627147  -0.00627147     0.01378974  -0.01378975
    1    5
 -0.01530758  -0.00000000    -0.00000000   0.00585549     0.00000000  -0.00295357
 -0.00000000   0.01387387    -0.02395953  -0.00000000    -0.02640554  -0.00000000
  0.00000000  -0.01056936     0.00886919   0.00000000     0.01950165   0.00000000
    1    6
 -0.01530758   0.00000000    -0.00000000  -0.00295357     0.00000000   0.00585549
 -0.00000000  -0.01056936     0.01950165  -0.00000000     0.00886919  -0.00000000
  0.00000000   0.01387387    -0.02640554   0.00000000    -0.02395953   0.00000000
    1    7
 -0.01082409   0.01082410     0.00208849   0.00208849    -0.00414046  -0.00414045
  0.00747367   0.00747366     0.01378974  -0.01378975     0.00627147  -0.00627147
