  2.500000000000000E-002   1.26011648066226        2.33218954087644     
          12

     Dynamical  Matrix in cartesian axes

     q = (   -0.866025400  -0.108253200  -0.108253200 ) 

    1    1
  0.01646123   0.00000000     0.00000000  -0.00000000    -0.00000000  -0.00000000
  0.00000000  -0.00000000     0.04601494   0.00000000    -0.00403830   0.00000000
 -0.00000000  -0.00000000    -0.00403830   0.00000000     0.04601494   0.00000000
    1    2
 -0.00000000  -0.00000000    -0.00283313   0.00683978    -0.00283313   0.00683978
 -0.00523574   0.01264019     0.00647528   0.00268215    -0.00493347  -0.00204351
 -0.00523574   0.01264019     0.00493347   0.00204351    -0.00647528  -0.00268215
    1    3
 -0.00000000  -0.00000000    -0.00283313   0.00683978    -0.00283313   0.00683978
 -0.00523574   0.01264019    -0.00647528  -0.00268215     0.00493347   0.00204351
 -0.00523574   0.01264019    -0.00493347  -0.00204351     0.00647528   0.00268215
    1    4
 -0.00323195   0.00616098    -0.00000000   0.00000000    -0.00000000  -0.00000000
 -0.00000000   0.00000000     0.00165783  -0.00585470    -0.00465408   0.00323358
  0.00000000  -0.00000000     0.00355898   0.02306695     0.00897896   0.00226277
    1    5
 -0.00207114   0.00664181     0.00000000  -0.00000000     0.00000000   0.00000000
  0.00000000  -0.00000000     0.00296764  -0.00531216     0.00100445   0.00557742
  0.00000000   0.00000000    -0.01882738   0.01379422    -0.00794910  -0.00474906
    1    6
 -0.00207114   0.00664181     0.00000000  -0.00000000    -0.00000000  -0.00000000
  0.00000000  -0.00000000    -0.00794910  -0.00474906    -0.01882738   0.01379422
  0.00000000   0.00000000     0.00100445   0.00557742     0.00296764  -0.00531216
    1    7
 -0.00323195   0.00616098    -0.00000000  -0.00000000    -0.00000000   0.00000000
  0.00000000  -0.00000000     0.00897896   0.00226277     0.00355898   0.02306695
 -0.00000000   0.00000000    -0.00465408   0.00323358     0.00165783  -0.00585470
    2    1
 -0.00000000   0.00000000    -0.00523574  -0.01264019    -0.00523574  -0.01264019
 -0.00283313  -0.00683978     0.00647528  -0.00268215     0.00493347  -0.00204351
 -0.00283313  -0.00683978    -0.00493347   0.00204351    -0.00647528   0.00268215
    2    2
  0.01892558   0.00000000     0.00000000  -0.00130951    -0.00000000   0.00130951
  0.00000000   0.00130951     0.03637924   0.00000000    -0.00306105   0.00000000
 -0.00000000  -0.00130951    -0.00306105   0.00000000     0.03637924  -0.00000000
    2    3
  0.00583300   0.00000000    -0.00000000   0.00769235    -0.00000000  -0.00769235
  0.00000000   0.00769235     0.02562826  -0.00000000    -0.00098261   0.00000000
 -0.00000000  -0.00769235    -0.00098261  -0.00000000     0.02562826  -0.00000000
    2    4
  0.00204135   0.00197758     0.00639107  -0.00534434     0.00039654  -0.00105891
  0.02938257   0.00051235     0.00370412   0.00259701     0.00041188   0.00027504
 -0.00183882   0.00131244    -0.00125090  -0.00160874    -0.00236432   0.00047622
    2    5
 -0.00204135   0.00197758     0.00639107   0.00534434     0.00039654   0.00105891
  0.02938257  -0.00051235    -0.00370412   0.00259701    -0.00041188   0.00027504
 -0.00183882  -0.00131244     0.00125090  -0.00160874     0.00236432   0.00047622
    2    6
  0.00204135  -0.00197758     0.00039654   0.00105891     0.00639107   0.00534434
 -0.00183882  -0.00131244    -0.00236432  -0.00047622    -0.00125090   0.00160874
  0.02938257  -0.00051235     0.00041188  -0.00027504     0.00370412  -0.00259701
    2    7
 -0.00204135  -0.00197758     0.00039654  -0.00105891     0.00639107  -0.00534434
 -0.00183882   0.00131244     0.00236432  -0.00047622     0.00125090   0.00160874
  0.02938257   0.00051235    -0.00041188  -0.00027504    -0.00370412  -0.00259701
    3    1
 -0.00000000   0.00000000    -0.00523574  -0.01264019    -0.00523574  -0.01264019
 -0.00283313  -0.00683978    -0.00647528   0.00268215    -0.00493347   0.00204351
 -0.00283313  -0.00683978     0.00493347  -0.00204351     0.00647528  -0.00268215
    3    2
  0.00583300  -0.00000000    -0.00000000  -0.00769235    -0.00000000   0.00769235
  0.00000000  -0.00769235     0.02562826   0.00000000    -0.00098261  -0.00000000
 -0.00000000   0.00769235    -0.00098261   0.00000000     0.02562826   0.00000000
    3    3
  0.01892558  -0.00000000     0.00000000   0.00130951    -0.00000000  -0.00130951
  0.00000000  -0.00130951     0.03637924   0.00000000    -0.00306105   0.00000000
 -0.00000000   0.00130951    -0.00306105  -0.00000000     0.03637924   0.00000000
    3    4
 -0.00204135  -0.00197758     0.00639107  -0.00534434     0.00039654  -0.00105891
  0.02938257   0.00051235    -0.00370412  -0.00259701    -0.00041188  -0.00027504
 -0.00183882   0.00131244     0.00125090   0.00160874     0.00236432  -0.00047622
    3    5
  0.00204135  -0.00197758     0.00639107   0.00534434     0.00039654   0.00105891
  0.02938257  -0.00051235     0.00370412  -0.00259701     0.00041188  -0.00027504
 -0.00183882  -0.00131244    -0.00125090   0.00160874    -0.00236432  -0.00047622
    3    6
 -0.00204135   0.00197758     0.00039654   0.00105891     0.00639107   0.00534434
 -0.00183882  -0.00131244     0.00236432   0.00047622     0.00125090  -0.00160874
  0.02938257  -0.00051235    -0.00041188   0.00027504    -0.00370412   0.00259701
    3    7
  0.00204135   0.00197758     0.00039654  -0.00105891     0.00639107  -0.00534434
 -0.00183882   0.00131244    -0.00236432   0.00047622    -0.00125090  -0.00160874
  0.02938257   0.00051235     0.00041188   0.00027504     0.00370412   0.00259701
    4    1
 -0.00323195  -0.00616098    -0.00000000  -0.00000000     0.00000000   0.00000000
 -0.00000000  -0.00000000     0.00165783   0.00585470     0.00355898  -0.02306695
 -0.00000000   0.00000000    -0.00465408  -0.00323358     0.00897896  -0.00226277
    4    2
  0.00204135  -0.00197758     0.02938257  -0.00051235    -0.00183882  -0.00131244
  0.00639107   0.00534434     0.00370412  -0.00259701    -0.00125090   0.00160874
  0.00039654   0.00105891     0.00041188  -0.00027504    -0.00236432  -0.00047622
    4    3
 -0.00204135   0.00197758     0.02938257  -0.00051235    -0.00183882  -0.00131244
  0.00639107   0.00534434    -0.00370412   0.00259701     0.00125090  -0.00160874
  0.00039654   0.00105891    -0.00041188   0.00027504     0.00236432   0.00047622
    4    4
  0.03280941   0.00000000     0.00000000   0.00000000    -0.00000000   0.00000000
  0.00000000   0.00000000     0.02908564   0.00000000    -0.00317603  -0.00403997
 -0.00000000  -0.00000000    -0.00317603   0.00403997     0.03213271   0.00000000
    4    5
  0.02682305  -0.00126626    -0.00000000  -0.00000000    -0.00000000  -0.00000000
 -0.00000000  -0.00000000     0.00883877   0.00908596    -0.00641558   0.00243814
 -0.00000000  -0.00000000    -0.00641558   0.00243814     0.01040337   0.01348911
    4    6
 -0.00346160  -0.00233417     0.00000000  -0.00000000     0.00000000  -0.00000000
  0.00000000  -0.00000000     0.00204558  -0.00080144    -0.00273641  -0.00407802
  0.00000000  -0.00000000     0.01608492   0.01906317     0.00204558  -0.00080144
    4    7
 -0.00131472   0.00000000    -0.00000000  -0.00000000     0.00000000   0.00000000
  0.00000000   0.00000000    -0.00674571   0.00176676    -0.00270047   0.00000000
  0.00000000   0.00000000     0.02125842  -0.00000000    -0.00674571  -0.00176676
    5    1
 -0.00207114  -0.00664181    -0.00000000   0.00000000     0.00000000   0.00000000
  0.00000000   0.00000000     0.00296764   0.00531216    -0.01882738  -0.01379422
  0.00000000  -0.00000000     0.00100445  -0.00557742    -0.00794910   0.00474906
    5    2
 -0.00204135  -0.00197758     0.02938257   0.00051235    -0.00183882   0.00131244
  0.00639107  -0.00534434    -0.00370412  -0.00259701     0.00125090   0.00160874
  0.00039654  -0.00105891    -0.00041188  -0.00027504     0.00236432  -0.00047622
    5    3
  0.00204135   0.00197758     0.02938257   0.00051235    -0.00183882   0.00131244
  0.00639107  -0.00534434     0.00370412   0.00259701    -0.00125090  -0.00160874
  0.00039654  -0.00105891     0.00041188   0.00027504    -0.00236432   0.00047622
    5    4
  0.02682305   0.00126626    -0.00000000   0.00000000    -0.00000000   0.00000000
 -0.00000000   0.00000000     0.00883877  -0.00908596    -0.00641558  -0.00243814
 -0.00000000   0.00000000    -0.00641558  -0.00243814     0.01040337  -0.01348911
    5    5
  0.03280941  -0.00000000     0.00000000   0.00000000    -0.00000000  -0.00000000
 -0.00000000  -0.00000000     0.02908564   0.00000000    -0.00317603   0.00403997
 -0.00000000  -0.00000000    -0.00317603  -0.00403997     0.03213271   0.00000000
    5    6
 -0.00131472  -0.00000000    -0.00000000   0.00000000     0.00000000  -0.00000000
  0.00000000   0.00000000    -0.00674571  -0.00176676    -0.00270047  -0.00000000
  0.00000000  -0.00000000     0.02125842   0.00000000    -0.00674571   0.00176676
    5    7
 -0.00346160   0.00233417     0.00000000   0.00000000     0.00000000   0.00000000
  0.00000000   0.00000000     0.00204558   0.00080144    -0.00273641   0.00407802
  0.00000000   0.00000000     0.01608492  -0.01906317     0.00204558   0.00080144
    6    1
 -0.00207114  -0.00664181     0.00000000   0.00000000    -0.00000000   0.00000000
  0.00000000   0.00000000    -0.00794910   0.00474906     0.00100445  -0.00557742
  0.00000000   0.00000000    -0.01882738  -0.01379422     0.00296764   0.00531216
    6    2
  0.00204135   0.00197758    -0.00183882   0.00131244     0.02938257   0.00051235
  0.00039654  -0.00105891    -0.00236432   0.00047622     0.00041188   0.00027504
  0.00639107  -0.00534434    -0.00125090  -0.00160874     0.00370412   0.00259701
    6    3
 -0.00204135  -0.00197758    -0.00183882   0.00131244     0.02938257   0.00051235
  0.00039654  -0.00105891     0.00236432  -0.00047622    -0.00041188  -0.00027504
  0.00639107  -0.00534434     0.00125090   0.00160874    -0.00370412  -0.00259701
    6    4
 -0.00346160   0.00233417     0.00000000   0.00000000     0.00000000   0.00000000
  0.00000000   0.00000000     0.00204558   0.00080144     0.01608492  -0.01906317
  0.00000000   0.00000000    -0.00273641   0.00407802     0.00204558   0.00080144
    6    5
 -0.00131472   0.00000000     0.00000000  -0.00000000     0.00000000   0.00000000
 -0.00000000  -0.00000000    -0.00674571   0.00176676     0.02125842  -0.00000000
  0.00000000   0.00000000    -0.00270047   0.00000000    -0.00674571  -0.00176676
    6    6
  0.03280941  -0.00000000    -0.00000000  -0.00000000    -0.00000000  -0.00000000
 -0.00000000   0.00000000     0.03213271  -0.00000000    -0.00317603  -0.00403997
 -0.00000000  -0.00000000    -0.00317603   0.00403997     0.02908564  -0.00000000
    6    7
  0.02682305   0.00126626    -0.00000000   0.00000000    -0.00000000   0.00000000
 -0.00000000   0.00000000     0.01040337  -0.01348911    -0.00641558  -0.00243814
 -0.00000000   0.00000000    -0.00641558  -0.00243814     0.00883877  -0.00908596
    7    1
 -0.00323195  -0.00616098     0.00000000   0.00000000    -0.00000000  -0.00000000
 -0.00000000   0.00000000     0.00897896  -0.00226277    -0.00465408  -0.00323358
 -0.00000000  -0.00000000     0.00355898  -0.02306695     0.00165783   0.00585470
    7    2
 -0.00204135   0.00197758    -0.00183882  -0.00131244     0.02938257  -0.00051235
  0.00039654   0.00105891     0.00236432   0.00047622    -0.00041188   0.00027504
  0.00639107   0.00534434     0.00125090  -0.00160874    -0.00370412   0.00259701
    7    3
  0.00204135  -0.00197758    -0.00183882  -0.00131244     0.02938257  -0.00051235
  0.00039654   0.00105891    -0.00236432  -0.00047622     0.00041188  -0.00027504
  0.00639107   0.00534434    -0.00125090   0.00160874     0.00370412  -0.00259701
    7    4
 -0.00131472  -0.00000000     0.00000000   0.00000000     0.00000000  -0.00000000
 -0.00000000   0.00000000    -0.00674571  -0.00176676     0.02125842   0.00000000
  0.00000000  -0.00000000    -0.00270047  -0.00000000    -0.00674571   0.00176676
    7    5
 -0.00346160  -0.00233417     0.00000000  -0.00000000     0.00000000  -0.00000000
  0.00000000  -0.00000000     0.00204558  -0.00080144     0.01608492   0.01906317
  0.00000000  -0.00000000    -0.00273641  -0.00407802     0.00204558  -0.00080144
    7    6
  0.02682305  -0.00126626    -0.00000000  -0.00000000    -0.00000000  -0.00000000
 -0.00000000  -0.00000000     0.01040337   0.01348911    -0.00641558   0.00243814
 -0.00000000  -0.00000000    -0.00641558   0.00243814     0.00883877   0.00908596
    7    7
  0.03280941   0.00000000    -0.00000000   0.00000000    -0.00000000   0.00000000
  0.00000000  -0.00000000     0.03213271   0.00000000    -0.00317603   0.00403997
 -0.00000000   0.00000000    -0.00317603  -0.00403997     0.02908564   0.00000000

     Dynamical  Matrix in cartesian axes

     q = (   -0.108253200  -0.866025400   0.108253200 ) 

    1    1
  0.04601494  -0.00000000    -0.00000000   0.00000000     0.00403830  -0.00000000
  0.00000000   0.00000000     0.01646123   0.00000000    -0.00000000   0.00000000
  0.00403830  -0.00000000    -0.00000000   0.00000000     0.04601494   0.00000000
    1    2
 -0.00165783  -0.00585470     0.00000000   0.00000000    -0.00465408  -0.00323358
 -0.00000000   0.00000000     0.00323195   0.00616098     0.00000000  -0.00000000
  0.00355898  -0.02306695     0.00000000   0.00000000    -0.00897896   0.00226278
    1    3
  0.00165783  -0.00585470    -0.00000000   0.00000000     0.00465408  -0.00323358
 -0.00000000   0.00000000    -0.00323195   0.00616098     0.00000000   0.00000000
 -0.00355898  -0.02306695    -0.00000000   0.00000000     0.00897896   0.00226277
    1    4
 -0.00647528  -0.00268215    -0.00523574   0.01264019    -0.00493347  -0.00204351
 -0.00283313   0.00683978    -0.00000000  -0.00000000     0.00283313  -0.00683978
  0.00493347   0.00204351     0.00523574  -0.01264019     0.00647528   0.00268215
    1    5
  0.00647528  -0.00268215     0.00523574   0.01264019     0.00493347  -0.00204351
  0.00283313   0.00683978    -0.00000000   0.00000000    -0.00283313  -0.00683978
 -0.00493347   0.00204351    -0.00523574  -0.01264019    -0.00647528   0.00268215
    1    6
  0.00897896  -0.00226278     0.00000000  -0.00000000    -0.00355898   0.02306695
 -0.00000000  -0.00000000    -0.00323195  -0.00616098    -0.00000000  -0.00000000
  0.00465408   0.00323358    -0.00000000  -0.00000000     0.00165783   0.00585470
    1    7
 -0.00897896  -0.00226277    -0.00000000   0.00000000     0.00355898   0.02306695
  0.00000000   0.00000000     0.00323195  -0.00616098    -0.00000000   0.00000000
 -0.00465408   0.00323358    -0.00000000   0.00000000    -0.00165783   0.00585470
    2    1
 -0.00165783   0.00585470    -0.00000000  -0.00000000     0.00355898   0.02306695
 -0.00000000  -0.00000000     0.00323195  -0.00616098     0.00000000   0.00000000
 -0.00465408   0.00323358     0.00000000   0.00000000    -0.00897896  -0.00226278
    2    2
  0.02908564  -0.00000000    -0.00000000   0.00000000     0.00317603  -0.00403997
  0.00000000  -0.00000000     0.03280941  -0.00000000    -0.00000000   0.00000000
  0.00317603   0.00403997    -0.00000000   0.00000000     0.03213271   0.00000000
    2    3
  0.01267469  -0.00017479    -0.00000000  -0.00000000     0.00281248   0.00626053
 -0.00000000  -0.00000000     0.01807138   0.01986214     0.00000000  -0.00000000
  0.00281248   0.00626053     0.00000000  -0.00000000     0.01689454  -0.00218195
    2    4
  0.00078284   0.00445558     0.00829819   0.00074015    -0.00025303   0.00202207
  0.02041432   0.02113891     0.00004510   0.00284181     0.00222828   0.00037221
 -0.00009676  -0.00048573    -0.00102916   0.00046836    -0.00200857  -0.00133509
    2    5
 -0.00370412  -0.00259701     0.00639107  -0.00534434    -0.00125090  -0.00160874
  0.02938257   0.00051235    -0.00204135  -0.00197758     0.00183882  -0.00131244
  0.00041188   0.00027504    -0.00039654   0.00105891     0.00236432  -0.00047622
    2    6
  0.00674571   0.00176676    -0.00000000  -0.00000000    -0.00270047   0.00000000
 -0.00000000  -0.00000000     0.00131472  -0.00000000    -0.00000000   0.00000000
  0.02125842  -0.00000000    -0.00000000   0.00000000     0.00674571  -0.00176676
    2    7
 -0.00087974  -0.00201314     0.00000000  -0.00000000    -0.00481853   0.00094866
 -0.00000000  -0.00000000     0.00409823   0.00079721    -0.00000000   0.00000000
  0.02485345  -0.00210593     0.00000000   0.00000000    -0.00087974  -0.00201314
    3    1
  0.00165783   0.00585470    -0.00000000  -0.00000000    -0.00355898   0.02306695
 -0.00000000  -0.00000000    -0.00323195  -0.00616098    -0.00000000  -0.00000000
  0.00465408   0.00323358     0.00000000  -0.00000000     0.00897896  -0.00226277
    3    2
  0.01267469   0.00017479    -0.00000000   0.00000000     0.00281248  -0.00626053
 -0.00000000   0.00000000     0.01807138  -0.01986214     0.00000000   0.00000000
  0.00281248  -0.00626053     0.00000000   0.00000000     0.01689454   0.00218195
    3    3
  0.02908564   0.00000000    -0.00000000   0.00000000     0.00317603   0.00403997
 -0.00000000   0.00000000     0.03280941   0.00000000    -0.00000000   0.00000000
  0.00317603  -0.00403997    -0.00000000   0.00000000     0.03213271   0.00000000
    3    4
 -0.00370412   0.00259701     0.00639107   0.00534434    -0.00125090   0.00160874
  0.02938257  -0.00051235    -0.00204135   0.00197758     0.00183882   0.00131244
  0.00041188  -0.00027504    -0.00039654  -0.00105891     0.00236432   0.00047622
    3    5
  0.00078284  -0.00445558     0.00829819  -0.00074015    -0.00025303  -0.00202207
  0.02041432  -0.02113891     0.00004510  -0.00284181     0.00222828  -0.00037221
 -0.00009676   0.00048573    -0.00102916  -0.00046836    -0.00200857   0.00133509
    3    6
 -0.00087974   0.00201314     0.00000000   0.00000000    -0.00481853  -0.00094866
 -0.00000000   0.00000000     0.00409823  -0.00079721    -0.00000000  -0.00000000
  0.02485345   0.00210593     0.00000000  -0.00000000    -0.00087974   0.00201314
    3    7
  0.00674571  -0.00176676     0.00000000   0.00000000    -0.00270047  -0.00000000
 -0.00000000   0.00000000     0.00131472   0.00000000    -0.00000000  -0.00000000
  0.02125842   0.00000000     0.00000000  -0.00000000     0.00674571   0.00176676
    4    1
 -0.00647528   0.00268215    -0.00283313  -0.00683978     0.00493347  -0.00204351
 -0.00523574  -0.01264019    -0.00000000   0.00000000     0.00523574   0.01264019
 -0.00493347   0.00204351     0.00283313   0.00683978     0.00647528  -0.00268215
    4    2
  0.00078284  -0.00445558     0.02041432  -0.02113891    -0.00009676   0.00048573
  0.00829819  -0.00074015     0.00004510  -0.00284181    -0.00102916  -0.00046836
 -0.00025303  -0.00202207     0.00222828  -0.00037221    -0.00200857   0.00133509
    4    3
 -0.00370412  -0.00259701     0.02938257   0.00051235     0.00041188   0.00027504
  0.00639107  -0.00534434    -0.00204135  -0.00197758    -0.00039654   0.00105891
 -0.00125090  -0.00160874     0.00183882  -0.00131244     0.00236432  -0.00047622
    4    4
  0.03637924  -0.00000000    -0.00000000  -0.00130951     0.00306105  -0.00000000
  0.00000000   0.00130951     0.01892558   0.00000000    -0.00000000   0.00130951
  0.00306105   0.00000000    -0.00000000  -0.00130951     0.03637924   0.00000000
    4    5
  0.01812191  -0.01812192    -0.00543932  -0.00543931     0.00069481  -0.00069481
 -0.00543932  -0.00543931     0.00412455  -0.00412456    -0.00543932  -0.00543931
  0.00069481  -0.00069481    -0.00543932  -0.00543931     0.01812191  -0.01812192
    4    6
 -0.00200857   0.00133509     0.00222828  -0.00037221    -0.00025303  -0.00202207
 -0.00102916  -0.00046836     0.00004510  -0.00284181     0.00829819  -0.00074015
 -0.00009676   0.00048573     0.02041432  -0.02113891     0.00078284  -0.00445558
    4    7
  0.00236432  -0.00047622     0.00183883  -0.00131244    -0.00125090  -0.00160874
 -0.00039654   0.00105891    -0.00204135  -0.00197758     0.00639107  -0.00534434
  0.00041188   0.00027504     0.02938257   0.00051235    -0.00370412  -0.00259701
    5    1
  0.00647528   0.00268215     0.00283313  -0.00683978    -0.00493347  -0.00204351
  0.00523574  -0.01264019    -0.00000000  -0.00000000    -0.00523574   0.01264019
  0.00493347   0.00204351    -0.00283313   0.00683978    -0.00647528  -0.00268215
    5    2
 -0.00370412   0.00259701     0.02938257  -0.00051235     0.00041188  -0.00027504
  0.00639107   0.00534434    -0.00204135   0.00197758    -0.00039654  -0.00105891
 -0.00125090   0.00160874     0.00183882   0.00131244     0.00236432   0.00047622
    5    3
  0.00078284   0.00445558     0.02041432   0.02113891    -0.00009676  -0.00048573
  0.00829819   0.00074015     0.00004510   0.00284181    -0.00102916   0.00046836
 -0.00025303   0.00202207     0.00222828   0.00037221    -0.00200857  -0.00133509
    5    4
  0.01812191   0.01812192    -0.00543932   0.00543931     0.00069481   0.00069481
 -0.00543932   0.00543931     0.00412455   0.00412456    -0.00543932   0.00543931
  0.00069481   0.00069481    -0.00543932   0.00543931     0.01812191   0.01812192
    5    5
  0.03637924   0.00000000    -0.00000000   0.00130951     0.00306105   0.00000000
  0.00000000  -0.00130951     0.01892558   0.00000000    -0.00000000  -0.00130951
  0.00306105   0.00000000    -0.00000000   0.00130951     0.03637924  -0.00000000
    5    6
  0.00236432   0.00047622     0.00183883   0.00131244    -0.00125090   0.00160874
 -0.00039654  -0.00105891    -0.00204135   0.00197758     0.00639107   0.00534434
  0.00041188  -0.00027504     0.02938257  -0.00051235    -0.00370412   0.00259701
    5    7
 -0.00200857  -0.00133509     0.00222828   0.00037221    -0.00025303   0.00202207
 -0.00102916   0.00046836     0.00004510   0.00284181     0.00829819   0.00074015
 -0.00009676  -0.00048573     0.02041432   0.02113891     0.00078284   0.00445558
    6    1
  0.00897896   0.00226278    -0.00000000   0.00000000     0.00465408  -0.00323358
  0.00000000   0.00000000    -0.00323195   0.00616098    -0.00000000   0.00000000
 -0.00355898  -0.02306695    -0.00000000   0.00000000     0.00165783  -0.00585470
    6    2
  0.00674571  -0.00176676    -0.00000000   0.00000000     0.02125842   0.00000000
 -0.00000000   0.00000000     0.00131472   0.00000000    -0.00000000  -0.00000000
 -0.00270047  -0.00000000    -0.00000000  -0.00000000     0.00674571   0.00176676
    6    3
 -0.00087974  -0.00201314    -0.00000000  -0.00000000     0.02485345  -0.00210593
  0.00000000  -0.00000000     0.00409823   0.00079721     0.00000000   0.00000000
 -0.00481853   0.00094866    -0.00000000   0.00000000    -0.00087974  -0.00201314
    6    4
 -0.00200857  -0.00133509    -0.00102916   0.00046836    -0.00009676  -0.00048573
  0.00222828   0.00037221     0.00004510   0.00284181     0.02041432   0.02113891
 -0.00025303   0.00202207     0.00829819   0.00074015     0.00078284   0.00445558
    6    5
  0.00236432  -0.00047622    -0.00039654   0.00105891     0.00041188   0.00027504
  0.00183883  -0.00131244    -0.00204135  -0.00197758     0.02938257   0.00051235
 -0.00125090  -0.00160874     0.00639107  -0.00534434    -0.00370412  -0.00259701
    6    6
  0.03213271  -0.00000000     0.00000000  -0.00000000     0.00317603   0.00403997
  0.00000000   0.00000000     0.03280941  -0.00000000    -0.00000000   0.00000000
  0.00317603  -0.00403997    -0.00000000  -0.00000000     0.02908564  -0.00000000
    6    7
  0.01689454  -0.00218194    -0.00000000   0.00000000     0.00281248   0.00626053
 -0.00000000   0.00000000     0.01807138   0.01986214     0.00000000   0.00000000
  0.00281248   0.00626053     0.00000000   0.00000000     0.01267469  -0.00017479
    7    1
 -0.00897896   0.00226277     0.00000000  -0.00000000    -0.00465408  -0.00323358
 -0.00000000  -0.00000000     0.00323195   0.00616098    -0.00000000  -0.00000000
  0.00355898  -0.02306695    -0.00000000  -0.00000000    -0.00165783  -0.00585470
    7    2
 -0.00087974   0.00201314    -0.00000000   0.00000000     0.02485345   0.00210593
  0.00000000   0.00000000     0.00409823  -0.00079721     0.00000000  -0.00000000
 -0.00481853  -0.00094866    -0.00000000  -0.00000000    -0.00087974   0.00201314
    7    3
  0.00674571   0.00176676    -0.00000000  -0.00000000     0.02125842  -0.00000000
  0.00000000  -0.00000000     0.00131472  -0.00000000     0.00000000   0.00000000
 -0.00270047   0.00000000    -0.00000000   0.00000000     0.00674571  -0.00176676
    7    4
  0.00236432   0.00047622    -0.00039654  -0.00105891     0.00041188  -0.00027504
  0.00183883   0.00131244    -0.00204135   0.00197758     0.02938257  -0.00051235
 -0.00125090   0.00160874     0.00639107   0.00534434    -0.00370412   0.00259701
    7    5
 -0.00200857   0.00133509    -0.00102916  -0.00046836    -0.00009676   0.00048573
  0.00222828  -0.00037221     0.00004510  -0.00284181     0.02041432  -0.02113891
 -0.00025303  -0.00202207     0.00829819  -0.00074015     0.00078284  -0.00445558
    7    6
  0.01689454   0.00218194    -0.00000000  -0.00000000     0.00281248  -0.00626053
 -0.00000000  -0.00000000     0.01807138  -0.01986214     0.00000000  -0.00000000
  0.00281248  -0.00626053     0.00000000  -0.00000000     0.01267469   0.00017479
    7    7
  0.03213271   0.00000000    -0.00000000   0.00000000     0.00317603  -0.00403997
  0.00000000  -0.00000000     0.03280941   0.00000000    -0.00000000   0.00000000
  0.00317603   0.00403997    -0.00000000   0.00000000     0.02908564   0.00000000

     Dynamical  Matrix in cartesian axes

     q = (    0.108253200   0.866025400   0.108253200 ) 

    1    1
  0.04601494   0.00000000     0.00000000  -0.00000000    -0.00403830   0.00000000
  0.00000000  -0.00000000     0.01646123   0.00000000    -0.00000000  -0.00000000
 -0.00403830   0.00000000    -0.00000000  -0.00000000     0.04601494   0.00000000
    1    2
  0.00296764   0.00531216     0.00000000  -0.00000000     0.00100445  -0.00557742
  0.00000000  -0.00000000    -0.00207114  -0.00664181     0.00000000  -0.00000000
 -0.01882738  -0.01379422     0.00000000   0.00000000    -0.00794910   0.00474906
    1    3
  0.00165783   0.00585470     0.00000000   0.00000000    -0.00465408  -0.00323358
 -0.00000000   0.00000000    -0.00323195  -0.00616098     0.00000000   0.00000000
  0.00355898  -0.02306695    -0.00000000   0.00000000     0.00897896  -0.00226277
    1    4
 -0.00647528   0.00268215    -0.00523574  -0.01264019     0.00493347  -0.00204351
 -0.00283313  -0.00683978     0.00000000  -0.00000000    -0.00283313  -0.00683978
 -0.00493347   0.00204351    -0.00523574  -0.01264019     0.00647528  -0.00268215
    1    5
  0.00647528  -0.00268215    -0.00523574  -0.01264019    -0.00493347   0.00204351
 -0.00283313  -0.00683978     0.00000000  -0.00000000    -0.00283313  -0.00683978
  0.00493347  -0.00204351    -0.00523574  -0.01264019    -0.00647528   0.00268215
    1    6
  0.00897896  -0.00226277    -0.00000000   0.00000000     0.00355898  -0.02306695
  0.00000000   0.00000000    -0.00323195  -0.00616098     0.00000000   0.00000000
 -0.00465408  -0.00323358    -0.00000000  -0.00000000     0.00165783   0.00585470
    1    7
 -0.00794910   0.00474906     0.00000000   0.00000000    -0.01882738  -0.01379422
  0.00000000  -0.00000000    -0.00207114  -0.00664181     0.00000000  -0.00000000
  0.00100445  -0.00557742     0.00000000  -0.00000000     0.00296764   0.00531216
    2    1
  0.00296764  -0.00531216     0.00000000   0.00000000    -0.01882738   0.01379422
  0.00000000   0.00000000    -0.00207114   0.00664181     0.00000000  -0.00000000
  0.00100445   0.00557742     0.00000000   0.00000000    -0.00794910  -0.00474906
    2    2
  0.02908564   0.00000000     0.00000000   0.00000000    -0.00317603  -0.00403997
  0.00000000   0.00000000     0.03280941   0.00000000    -0.00000000   0.00000000
 -0.00317603   0.00403997    -0.00000000   0.00000000     0.03213271   0.00000000
    2    3
  0.00883877   0.00908596    -0.00000000  -0.00000000    -0.00641558   0.00243814
 -0.00000000  -0.00000000     0.02682305  -0.00126626    -0.00000000  -0.00000000
 -0.00641558   0.00243814    -0.00000000  -0.00000000     0.01040337   0.01348911
    2    4
  0.00370412  -0.00259701     0.00639107   0.00534434    -0.00125090   0.00160874
  0.02938257  -0.00051235     0.00204135  -0.00197758    -0.00183882  -0.00131244
  0.00041188  -0.00027504     0.00039654   0.00105891    -0.00236432  -0.00047622
    2    5
 -0.00370412   0.00259701     0.00639107   0.00534434     0.00125090  -0.00160874
  0.02938257  -0.00051235    -0.00204135   0.00197758    -0.00183882  -0.00131244
 -0.00041188   0.00027504     0.00039654   0.00105891     0.00236432   0.00047622
    2    6
  0.00204558  -0.00080144     0.00000000  -0.00000000    -0.00273641  -0.00407802
  0.00000000  -0.00000000    -0.00346160  -0.00233417     0.00000000  -0.00000000
  0.01608492   0.01906317     0.00000000  -0.00000000     0.00204558  -0.00080144
    2    7
 -0.00674571   0.00176676     0.00000000   0.00000000    -0.00270047   0.00000000
 -0.00000000  -0.00000000    -0.00131472   0.00000000     0.00000000   0.00000000
  0.02125842  -0.00000000     0.00000000   0.00000000    -0.00674571  -0.00176676
    3    1
  0.00165783  -0.00585470     0.00000000  -0.00000000     0.00355898   0.02306695
  0.00000000  -0.00000000    -0.00323195   0.00616098    -0.00000000  -0.00000000
 -0.00465408   0.00323358    -0.00000000  -0.00000000     0.00897896   0.00226277
    3    2
  0.00883877  -0.00908596    -0.00000000   0.00000000    -0.00641558  -0.00243814
 -0.00000000   0.00000000     0.02682305   0.00126626    -0.00000000   0.00000000
 -0.00641558  -0.00243814    -0.00000000   0.00000000     0.01040337  -0.01348911
    3    3
  0.02908564   0.00000000    -0.00000000  -0.00000000    -0.00317603   0.00403997
  0.00000000   0.00000000     0.03280941  -0.00000000    -0.00000000  -0.00000000
 -0.00317603  -0.00403997    -0.00000000  -0.00000000     0.03213271  -0.00000000
    3    4
 -0.00370412  -0.00259701     0.00639107  -0.00534434     0.00125090   0.00160874
  0.02938257   0.00051235    -0.00204135  -0.00197758    -0.00183882   0.00131244
 -0.00041188  -0.00027504     0.00039654  -0.00105891     0.00236432  -0.00047622
    3    5
  0.00370412   0.00259701     0.00639107  -0.00534434    -0.00125090  -0.00160874
  0.02938257   0.00051235     0.00204135   0.00197758    -0.00183882   0.00131244
  0.00041188   0.00027504     0.00039654  -0.00105891    -0.00236432   0.00047622
    3    6
 -0.00674571  -0.00176676     0.00000000   0.00000000    -0.00270047   0.00000000
 -0.00000000   0.00000000    -0.00131472   0.00000000     0.00000000  -0.00000000
  0.02125842  -0.00000000     0.00000000  -0.00000000    -0.00674571   0.00176676
    3    7
  0.00204558   0.00080144     0.00000000   0.00000000    -0.00273641   0.00407802
  0.00000000   0.00000000    -0.00346160   0.00233417     0.00000000   0.00000000
  0.01608492  -0.01906317     0.00000000   0.00000000     0.00204558   0.00080144
    4    1
 -0.00647528  -0.00268215    -0.00283313   0.00683978    -0.00493347  -0.00204351
 -0.00523574   0.01264019     0.00000000   0.00000000    -0.00523574   0.01264019
  0.00493347   0.00204351    -0.00283313   0.00683978     0.00647528   0.00268215
    4    2
  0.00370412   0.00259701     0.02938257   0.00051235     0.00041188   0.00027504
  0.00639107  -0.00534434     0.00204135   0.00197758     0.00039654  -0.00105891
 -0.00125090  -0.00160874    -0.00183882   0.00131244    -0.00236432   0.00047622
    4    3
 -0.00370412   0.00259701     0.02938257  -0.00051235    -0.00041188   0.00027504
  0.00639107   0.00534434    -0.00204135   0.00197758     0.00039654   0.00105891
  0.00125090  -0.00160874    -0.00183882  -0.00131244     0.00236432   0.00047622
    4    4
  0.03637924   0.00000000     0.00000000   0.00130951    -0.00306105   0.00000000
  0.00000000  -0.00130951     0.01892558  -0.00000000    -0.00000000   0.00130951
 -0.00306105   0.00000000    -0.00000000  -0.00130951     0.03637924   0.00000000
    4    5
  0.02562826  -0.00000000    -0.00000000   0.00769235    -0.00098261   0.00000000
 -0.00000000   0.00769235     0.00583300   0.00000000    -0.00000000  -0.00769235
 -0.00098261  -0.00000000    -0.00000000  -0.00769235     0.02562826  -0.00000000
    4    6
 -0.00236432  -0.00047622    -0.00183882  -0.00131244    -0.00125090   0.00160874
  0.00039654   0.00105891     0.00204135  -0.00197758     0.00639107   0.00534434
  0.00041188  -0.00027504     0.02938257  -0.00051235     0.00370412  -0.00259701
    4    7
  0.00236432  -0.00047622    -0.00183882   0.00131244     0.00125090   0.00160874
  0.00039654  -0.00105891    -0.00204135  -0.00197758     0.00639107  -0.00534434
 -0.00041188  -0.00027504     0.02938257   0.00051235    -0.00370412  -0.00259701
    5    1
  0.00647528   0.00268215    -0.00283313   0.00683978     0.00493347   0.00204351
 -0.00523574   0.01264019     0.00000000   0.00000000    -0.00523574   0.01264019
 -0.00493347  -0.00204351    -0.00283313   0.00683978    -0.00647528  -0.00268215
    5    2
 -0.00370412  -0.00259701     0.02938257   0.00051235    -0.00041188  -0.00027504
  0.00639107  -0.00534434    -0.00204135  -0.00197758     0.00039654  -0.00105891
  0.00125090   0.00160874    -0.00183882   0.00131244     0.00236432  -0.00047622
    5    3
  0.00370412  -0.00259701     0.02938257  -0.00051235     0.00041188  -0.00027504
  0.00639107   0.00534434     0.00204135  -0.00197758     0.00039654   0.00105891
 -0.00125090   0.00160874    -0.00183882  -0.00131244    -0.00236432  -0.00047622
    5    4
  0.02562826   0.00000000    -0.00000000  -0.00769235    -0.00098261   0.00000000
 -0.00000000  -0.00769235     0.00583300  -0.00000000    -0.00000000   0.00769235
 -0.00098261   0.00000000    -0.00000000   0.00769235     0.02562826   0.00000000
    5    5
  0.03637924   0.00000000     0.00000000  -0.00130951    -0.00306105   0.00000000
  0.00000000   0.00130951     0.01892558   0.00000000    -0.00000000  -0.00130951
 -0.00306105  -0.00000000    -0.00000000   0.00130951     0.03637924   0.00000000
    5    6
  0.00236432   0.00047622    -0.00183882  -0.00131244     0.00125090  -0.00160874
  0.00039654   0.00105891    -0.00204135   0.00197758     0.00639107   0.00534434
 -0.00041188   0.00027504     0.02938257  -0.00051235    -0.00370412   0.00259701
    5    7
 -0.00236432   0.00047622    -0.00183882   0.00131244    -0.00125090  -0.00160874
  0.00039654  -0.00105891     0.00204135   0.00197758     0.00639107  -0.00534434
  0.00041188   0.00027504     0.02938257   0.00051235     0.00370412   0.00259701
    6    1
  0.00897896   0.00226277     0.00000000  -0.00000000    -0.00465408   0.00323358
 -0.00000000  -0.00000000    -0.00323195   0.00616098    -0.00000000   0.00000000
  0.00355898   0.02306695     0.00000000   0.00000000     0.00165783  -0.00585470
    6    2
  0.00204558   0.00080144     0.00000000   0.00000000     0.01608492  -0.01906317
  0.00000000   0.00000000    -0.00346160   0.00233417     0.00000000   0.00000000
 -0.00273641   0.00407802     0.00000000   0.00000000     0.00204558   0.00080144
    6    3
 -0.00674571   0.00176676    -0.00000000  -0.00000000     0.02125842   0.00000000
  0.00000000  -0.00000000    -0.00131472  -0.00000000     0.00000000   0.00000000
 -0.00270047  -0.00000000     0.00000000   0.00000000    -0.00674571  -0.00176676
    6    4
 -0.00236432   0.00047622     0.00039654  -0.00105891     0.00041188   0.00027504
 -0.00183882   0.00131244     0.00204135   0.00197758     0.02938257   0.00051235
 -0.00125090  -0.00160874     0.00639107  -0.00534434     0.00370412   0.00259701
    6    5
  0.00236432  -0.00047622     0.00039654  -0.00105891    -0.00041188  -0.00027504
 -0.00183882   0.00131244    -0.00204135  -0.00197758     0.02938257   0.00051235
  0.00125090   0.00160874     0.00639107  -0.00534434    -0.00370412  -0.00259701
    6    6
  0.03213271   0.00000000    -0.00000000   0.00000000    -0.00317603  -0.00403997
 -0.00000000  -0.00000000     0.03280941  -0.00000000    -0.00000000  -0.00000000
 -0.00317603   0.00403997    -0.00000000   0.00000000     0.02908564  -0.00000000
    6    7
  0.01040337  -0.01348911    -0.00000000   0.00000000    -0.00641558  -0.00243814
 -0.00000000   0.00000000     0.02682305   0.00126626    -0.00000000   0.00000000
 -0.00641558  -0.00243814    -0.00000000   0.00000000     0.00883877  -0.00908596
    7    1
 -0.00794910  -0.00474906     0.00000000   0.00000000     0.00100445   0.00557742
  0.00000000  -0.00000000    -0.00207114   0.00664181     0.00000000   0.00000000
 -0.01882738   0.01379422     0.00000000   0.00000000     0.00296764  -0.00531216
    7    2
 -0.00674571  -0.00176676    -0.00000000   0.00000000     0.02125842   0.00000000
  0.00000000   0.00000000    -0.00131472  -0.00000000     0.00000000  -0.00000000
 -0.00270047  -0.00000000     0.00000000  -0.00000000    -0.00674571   0.00176676
    7    3
  0.00204558  -0.00080144     0.00000000  -0.00000000     0.01608492   0.01906317
  0.00000000  -0.00000000    -0.00346160  -0.00233417     0.00000000  -0.00000000
 -0.00273641  -0.00407802     0.00000000  -0.00000000     0.00204558  -0.00080144
    7    4
  0.00236432   0.00047622     0.00039654   0.00105891    -0.00041188   0.00027504
 -0.00183882  -0.00131244    -0.00204135   0.00197758     0.02938257  -0.00051235
  0.00125090  -0.00160874     0.00639107   0.00534434    -0.00370412   0.00259701
    7    5
 -0.00236432  -0.00047622     0.00039654   0.00105891     0.00041188  -0.00027504
 -0.00183882  -0.00131244     0.00204135  -0.00197758     0.02938257  -0.00051235
 -0.00125090   0.00160874     0.00639107   0.00534434     0.00370412  -0.00259701
    7    6
  0.01040337   0.01348911    -0.00000000  -0.00000000    -0.00641558   0.00243814
 -0.00000000  -0.00000000     0.02682305  -0.00126626    -0.00000000  -0.00000000
 -0.00641558   0.00243814    -0.00000000  -0.00000000     0.00883877   0.00908596
    7    7
  0.03213271   0.00000000     0.00000000  -0.00000000    -0.00317603   0.00403997
 -0.00000000   0.00000000     0.03280941   0.00000000    -0.00000000   0.00000000
 -0.00317603  -0.00403997    -0.00000000   0.00000000     0.02908564   0.00000000

     Dynamical  Matrix in cartesian axes

     q = (   -0.108253200   0.866025400  -0.108253200 ) 

    1    1
  0.04601494  -0.00000000     0.00000000  -0.00000000    -0.00403830   0.00000000
  0.00000000  -0.00000000     0.01646123   0.00000000    -0.00000000  -0.00000000
 -0.00403830   0.00000000    -0.00000000  -0.00000000     0.04601494   0.00000000
    1    2
  0.00296764  -0.00531216     0.00000000  -0.00000000     0.00100445   0.00557742
  0.00000000  -0.00000000    -0.00207114   0.00664181     0.00000000   0.00000000
 -0.01882738   0.01379422     0.00000000  -0.00000000    -0.00794910  -0.00474906
    1    3
  0.00165783  -0.00585470     0.00000000  -0.00000000    -0.00465408   0.00323358
  0.00000000  -0.00000000    -0.00323195   0.00616098     0.00000000   0.00000000
  0.00355898   0.02306695    -0.00000000   0.00000000     0.00897896   0.00226278
    1    4
 -0.00647528  -0.00268215    -0.00523574   0.01264019     0.00493347   0.00204351
 -0.00283313   0.00683978     0.00000000   0.00000000    -0.00283313   0.00683978
 -0.00493347  -0.00204351    -0.00523574   0.01264019     0.00647528   0.00268215
    1    5
  0.00647528   0.00268215    -0.00523574   0.01264019    -0.00493347  -0.00204351
 -0.00283313   0.00683978     0.00000000   0.00000000    -0.00283313   0.00683978
  0.00493347   0.00204351    -0.00523574   0.01264019    -0.00647528  -0.00268215
    1    6
  0.00897896   0.00226278    -0.00000000   0.00000000     0.00355898   0.02306695
  0.00000000   0.00000000    -0.00323195   0.00616098     0.00000000  -0.00000000
 -0.00465408   0.00323358     0.00000000  -0.00000000     0.00165783  -0.00585470
    1    7
 -0.00794910  -0.00474906     0.00000000  -0.00000000    -0.01882738   0.01379422
  0.00000000  -0.00000000    -0.00207114   0.00664181     0.00000000   0.00000000
