  2.500000000000000E-002   1.26011648066226        2.33218954087644     
          12

     Dynamical  Matrix in cartesian axes

     q = (   -0.866025404  -0.216506351  -0.216506351 ) 

    1    1
  0.02356284  -0.00000000     0.00000000   0.00000000    -0.00000000   0.00000000
  0.00000000   0.00000000     0.14404564  -0.00000000     0.00385801  -0.00000000
 -0.00000000   0.00000000     0.00385801  -0.00000000     0.14404564  -0.00000000
    1    2
  0.00000000  -0.00000000    -0.00554414   0.00554414    -0.00554414   0.00554414
 -0.01761101   0.01761101     0.00305716   0.00305716    -0.01687461  -0.01687461
 -0.01761101   0.01761101     0.01687461   0.01687461    -0.00305716  -0.00305716
    1    3
  0.00000000  -0.00000000    -0.00554414   0.00554414    -0.00554414   0.00554414
 -0.01761101   0.01761101    -0.00305716  -0.00305716     0.01687461   0.01687461
 -0.01761101   0.01761101    -0.01687461  -0.01687461     0.00305716   0.00305716
    1    4
 -0.00422824   0.00589704    -0.00000000  -0.00000000    -0.00000000   0.00000000
  0.00000000   0.00000000    -0.01675704   0.01134509    -0.02315483  -0.01292097
 -0.00000000   0.00000000     0.03256329   0.05405753     0.01865234  -0.01005257
    1    5
 -0.00589704   0.00422824     0.00000000  -0.00000000    -0.00000000   0.00000000
  0.00000000  -0.00000000    -0.01134509   0.01675704     0.01292097   0.02315483
  0.00000000   0.00000000    -0.05405753  -0.03256329     0.01005257  -0.01865234
    1    6
 -0.00589704   0.00422824    -0.00000000   0.00000000     0.00000000  -0.00000000
  0.00000000   0.00000000     0.01005257  -0.01865234    -0.05405753  -0.03256329
  0.00000000  -0.00000000     0.01292097   0.02315483    -0.01134509   0.01675704
    1    7
 -0.00422824   0.00589704     0.00000000   0.00000000     0.00000000   0.00000000
 -0.00000000  -0.00000000     0.01865234  -0.01005257     0.03256329   0.05405753
  0.00000000   0.00000000    -0.02315483  -0.01292097    -0.01675704   0.01134509
    2    1
  0.00000000   0.00000000    -0.01761101  -0.01761101    -0.01761101  -0.01761101
 -0.00554414  -0.00554414     0.00305716  -0.00305716     0.01687461  -0.01687461
 -0.00554414  -0.00554414    -0.01687461   0.01687461    -0.00305716   0.00305716
    2    2
  0.01563844   0.00000000    -0.00000000  -0.00278769    -0.00000000   0.00278769
 -0.00000000   0.00278769     0.03454515  -0.00000000    -0.00130016   0.00000000
 -0.00000000  -0.00278769    -0.00130016   0.00000000     0.03454515  -0.00000000
    2    3
  0.00381177  -0.00000000     0.00000000   0.00614867    -0.00000000  -0.00614867
  0.00000000   0.00614867     0.01014744  -0.00000000    -0.00869028   0.00000000
 -0.00000000  -0.00614867    -0.00869028   0.00000000     0.01014744  -0.00000000
    2    4
  0.00203571   0.00114805     0.00747388  -0.00991673    -0.00259397   0.00312263
  0.02150839   0.00025143     0.01821496   0.00011634     0.00089209  -0.00551782
 -0.00610300   0.00125278     0.00643045  -0.00587095     0.00498790  -0.00113756
    2    5
 -0.00203571   0.00114805     0.00747388   0.00991673    -0.00259397  -0.00312263
  0.02150839  -0.00025143    -0.01821496   0.00011634    -0.00089209  -0.00551782
 -0.00610300  -0.00125278    -0.00643045  -0.00587095    -0.00498790  -0.00113756
    2    6
  0.00203571  -0.00114805    -0.00259397  -0.00312263     0.00747388   0.00991673
 -0.00610300  -0.00125278     0.00498790   0.00113756     0.00643045   0.00587095
  0.02150839  -0.00025143     0.00089209   0.00551782     0.01821496  -0.00011634
    2    7
 -0.00203571  -0.00114805    -0.00259397   0.00312263     0.00747388  -0.00991673
 -0.00610300   0.00125278    -0.00498790   0.00113756    -0.00643045   0.00587095
  0.02150839   0.00025143    -0.00089209   0.00551782    -0.01821496  -0.00011634
    3    1
  0.00000000   0.00000000    -0.01761101  -0.01761101    -0.01761101  -0.01761101
 -0.00554414  -0.00554414    -0.00305716   0.00305716    -0.01687461   0.01687461
 -0.00554414  -0.00554414     0.01687461  -0.01687461     0.00305716  -0.00305716
    3    2
  0.00381177  -0.00000000     0.00000000  -0.00614867    -0.00000000   0.00614867
  0.00000000  -0.00614867     0.01014744   0.00000000    -0.00869028  -0.00000000
 -0.00000000   0.00614867    -0.00869028  -0.00000000     0.01014744   0.00000000
    3    3
  0.01563844  -0.00000000     0.00000000   0.00278769    -0.00000000  -0.00278769
  0.00000000  -0.00278769     0.03454515   0.00000000    -0.00130016   0.00000000
 -0.00000000   0.00278769    -0.00130016   0.00000000     0.03454515   0.00000000
    3    4
 -0.00203571  -0.00114805     0.00747388  -0.00991673    -0.00259397   0.00312263
  0.02150839   0.00025143    -0.01821496  -0.00011634    -0.00089209   0.00551782
 -0.00610300   0.00125278    -0.00643045   0.00587095    -0.00498790   0.00113756
    3    5
  0.00203571  -0.00114805     0.00747388   0.00991673    -0.00259397  -0.00312263
  0.02150839  -0.00025143     0.01821496  -0.00011634     0.00089209   0.00551782
 -0.00610300  -0.00125278     0.00643045   0.00587095     0.00498790   0.00113756
    3    6
 -0.00203571   0.00114805    -0.00259397  -0.00312263     0.00747388   0.00991673
 -0.00610300  -0.00125278    -0.00498790  -0.00113756    -0.00643045  -0.00587095
  0.02150839  -0.00025143    -0.00089209  -0.00551782    -0.01821496   0.00011634
    3    7
  0.00203571   0.00114805    -0.00259397   0.00312263     0.00747388  -0.00991673
 -0.00610300   0.00125278     0.00498790  -0.00113756     0.00643045  -0.00587095
  0.02150839   0.00025143     0.00089209  -0.00551782     0.01821496   0.00011634
    4    1
 -0.00422824  -0.00589704     0.00000000   0.00000000    -0.00000000  -0.00000000
 -0.00000000   0.00000000    -0.01675704  -0.01134509     0.03256329  -0.05405753
 -0.00000000  -0.00000000    -0.02315483   0.01292097     0.01865234   0.01005257
    4    2
  0.00203571  -0.00114805     0.02150839  -0.00025143    -0.00610300  -0.00125278
  0.00747388   0.00991673     0.01821496  -0.00011634     0.00643045   0.00587095
 -0.00259397  -0.00312263     0.00089209   0.00551782     0.00498790   0.00113756
    4    3
 -0.00203571   0.00114805     0.02150839  -0.00025143    -0.00610300  -0.00125278
  0.00747388   0.00991673    -0.01821496   0.00011634    -0.00643045  -0.00587095
 -0.00259397  -0.00312263    -0.00089209  -0.00551782    -0.00498790  -0.00113756
    4    4
  0.02634830   0.00000000    -0.00000000  -0.00000000    -0.00000000  -0.00000000
 -0.00000000   0.00000000     0.05487965  -0.00000000     0.00108174  -0.00843519
 -0.00000000   0.00000000     0.00108174   0.00843519     0.04185140  -0.00000000
    4    5
  0.01909076  -0.00154237     0.00000000   0.00000000     0.00000000  -0.00000000
  0.00000000   0.00000000    -0.02816019   0.00097189    -0.00314236  -0.01387580
 -0.00000000  -0.00000000    -0.00314236  -0.01387580    -0.00303306   0.01330679
    4    6
 -0.00832473  -0.00342047     0.00000000  -0.00000000    -0.00000000  -0.00000000
 -0.00000000  -0.00000000     0.01042724   0.00796466     0.01297290   0.02308266
 -0.00000000  -0.00000000    -0.00226390   0.03286581     0.01042724   0.00796466
    4    7
 -0.00767388   0.00000000    -0.00000000  -0.00000000     0.00000000   0.00000000
  0.00000000  -0.00000000    -0.02236335   0.00488076    -0.00712052   0.00000000
  0.00000000   0.00000000     0.01900699  -0.00000000    -0.02236335  -0.00488076
    5    1
 -0.00589704  -0.00422824     0.00000000   0.00000000    -0.00000000  -0.00000000
  0.00000000   0.00000000    -0.01134509  -0.01675704    -0.05405753   0.03256329
  0.00000000   0.00000000     0.01292097  -0.02315483     0.01005257   0.01865234
    5    2
 -0.00203571  -0.00114805     0.02150839   0.00025143    -0.00610300   0.00125278
  0.00747388  -0.00991673    -0.01821496  -0.00011634    -0.00643045   0.00587095
 -0.00259397   0.00312263    -0.00089209   0.00551782    -0.00498790   0.00113756
    5    3
  0.00203571   0.00114805     0.02150839   0.00025143    -0.00610300   0.00125278
  0.00747388  -0.00991673     0.01821496   0.00011634     0.00643045  -0.00587095
 -0.00259397   0.00312263     0.00089209  -0.00551782     0.00498790  -0.00113756
    5    4
  0.01909076   0.00154237    -0.00000000  -0.00000000    -0.00000000   0.00000000
  0.00000000  -0.00000000    -0.02816019  -0.00097189    -0.00314236   0.01387580
  0.00000000   0.00000000    -0.00314236   0.01387580    -0.00303306  -0.01330679
    5    5
  0.02634830  -0.00000000    -0.00000000   0.00000000    -0.00000000  -0.00000000
 -0.00000000  -0.00000000     0.05487965  -0.00000000     0.00108174   0.00843519
 -0.00000000  -0.00000000     0.00108174  -0.00843519     0.04185140  -0.00000000
    5    6
 -0.00767388  -0.00000000    -0.00000000   0.00000000     0.00000000  -0.00000000
  0.00000000   0.00000000    -0.02236335  -0.00488076    -0.00712052  -0.00000000
  0.00000000  -0.00000000     0.01900699   0.00000000    -0.02236335   0.00488076
    5    7
 -0.00832473   0.00342047    -0.00000000   0.00000000    -0.00000000   0.00000000
 -0.00000000   0.00000000     0.01042724  -0.00796466     0.01297290  -0.02308266
 -0.00000000   0.00000000    -0.00226390  -0.03286581     0.01042724  -0.00796466
    6    1
 -0.00589704  -0.00422824     0.00000000  -0.00000000     0.00000000   0.00000000
  0.00000000   0.00000000     0.01005257   0.01865234     0.01292097  -0.02315483
  0.00000000   0.00000000    -0.05405753   0.03256329    -0.01134509  -0.01675704
    6    2
  0.00203571   0.00114805    -0.00610300   0.00125278     0.02150839   0.00025143
 -0.00259397   0.00312263     0.00498790  -0.00113756     0.00089209  -0.00551782
  0.00747388  -0.00991673     0.00643045  -0.00587095     0.01821496   0.00011634
    6    3
 -0.00203571  -0.00114805    -0.00610300   0.00125278     0.02150839   0.00025143
 -0.00259397   0.00312263    -0.00498790   0.00113756    -0.00089209   0.00551782
  0.00747388  -0.00991673    -0.00643045   0.00587095    -0.01821496  -0.00011634
    6    4
 -0.00832473   0.00342047    -0.00000000   0.00000000    -0.00000000   0.00000000
  0.00000000   0.00000000     0.01042724  -0.00796466    -0.00226390  -0.03286581
 -0.00000000   0.00000000     0.01297290  -0.02308266     0.01042724  -0.00796466
    6    5
 -0.00767388   0.00000000     0.00000000  -0.00000000     0.00000000   0.00000000
  0.00000000  -0.00000000    -0.02236335   0.00488076     0.01900699  -0.00000000
  0.00000000   0.00000000    -0.00712052   0.00000000    -0.02236335  -0.00488076
    6    6
  0.02634830  -0.00000000     0.00000000  -0.00000000    -0.00000000  -0.00000000
  0.00000000   0.00000000     0.04185140  -0.00000000     0.00108174  -0.00843519
 -0.00000000   0.00000000     0.00108174   0.00843519     0.05487965   0.00000000
    6    7
  0.01909076   0.00154237    -0.00000000  -0.00000000     0.00000000   0.00000000
 -0.00000000  -0.00000000    -0.00303306  -0.01330679    -0.00314236   0.01387580
  0.00000000  -0.00000000    -0.00314236   0.01387580    -0.02816019  -0.00097189
    7    1
 -0.00422824  -0.00589704    -0.00000000   0.00000000     0.00000000   0.00000000
  0.00000000  -0.00000000     0.01865234   0.01005257    -0.02315483   0.01292097
  0.00000000   0.00000000     0.03256329  -0.05405753    -0.01675704  -0.01134509
    7    2
 -0.00203571   0.00114805    -0.00610300  -0.00125278     0.02150839  -0.00025143
 -0.00259397  -0.00312263    -0.00498790  -0.00113756    -0.00089209  -0.00551782
  0.00747388   0.00991673    -0.00643045  -0.00587095    -0.01821496   0.00011634
    7    3
  0.00203571  -0.00114805    -0.00610300  -0.00125278     0.02150839  -0.00025143
 -0.00259397  -0.00312263     0.00498790   0.00113756     0.00089209   0.00551782
  0.00747388   0.00991673     0.00643045   0.00587095     0.01821496  -0.00011634
    7    4
 -0.00767388  -0.00000000     0.00000000   0.00000000     0.00000000  -0.00000000
  0.00000000   0.00000000    -0.02236335  -0.00488076     0.01900699   0.00000000
  0.00000000  -0.00000000    -0.00712052  -0.00000000    -0.02236335   0.00488076
    7    5
 -0.00832473  -0.00342047    -0.00000000  -0.00000000    -0.00000000   0.00000000
  0.00000000  -0.00000000     0.01042724   0.00796466    -0.00226390   0.03286581
 -0.00000000   0.00000000     0.01297290   0.02308266     0.01042724   0.00796466
    7    6
  0.01909076  -0.00154237     0.00000000   0.00000000     0.00000000   0.00000000
 -0.00000000   0.00000000    -0.00303306   0.01330679    -0.00314236  -0.01387580
  0.00000000   0.00000000    -0.00314236  -0.01387580    -0.02816019   0.00097189
    7    7
  0.02634830   0.00000000     0.00000000  -0.00000000    -0.00000000  -0.00000000
 -0.00000000  -0.00000000     0.04185140  -0.00000000     0.00108174   0.00843519
 -0.00000000  -0.00000000     0.00108174  -0.00843519     0.05487965  -0.00000000

     Dynamical  Matrix in cartesian axes

     q = (   -0.216506351   0.866025404  -0.216506351 ) 

    1    1
  0.14404564  -0.00000000     0.00000000   0.00000000     0.00385801  -0.00000000
  0.00000000   0.00000000     0.02356284  -0.00000000    -0.00000000   0.00000000
  0.00385801  -0.00000000    -0.00000000   0.00000000     0.14404564  -0.00000000
    1    2
 -0.01134509   0.01675704     0.00000000  -0.00000000     0.01292097   0.02315483
  0.00000000   0.00000000    -0.00589704   0.00422824    -0.00000000   0.00000000
 -0.05405753  -0.03256329     0.00000000   0.00000000     0.01005257  -0.01865234
    1    3
 -0.01675704   0.01134509     0.00000000  -0.00000000    -0.02315483  -0.01292097
  0.00000000  -0.00000000    -0.00422824   0.00589704     0.00000000  -0.00000000
  0.03256329   0.05405753    -0.00000000   0.00000000     0.01865234  -0.01005257
    1    4
 -0.00305716  -0.00305716    -0.01761101   0.01761101     0.01687461   0.01687461
 -0.00554414   0.00554414     0.00000000  -0.00000000    -0.00554414   0.00554414
 -0.01687461  -0.01687461    -0.01761101   0.01761101     0.00305716   0.00305716
    1    5
  0.00305716   0.00305716    -0.01761101   0.01761101    -0.01687461  -0.01687461
 -0.00554414   0.00554414     0.00000000  -0.00000000    -0.00554414   0.00554414
  0.01687461   0.01687461    -0.01761101   0.01761101    -0.00305716  -0.00305716
    1    6
  0.01865234  -0.01005257    -0.00000000  -0.00000000     0.03256329   0.05405753
  0.00000000  -0.00000000    -0.00422824   0.00589704     0.00000000  -0.00000000
 -0.02315483  -0.01292097     0.00000000  -0.00000000    -0.01675704   0.01134509
    1    7
  0.01005257  -0.01865234     0.00000000   0.00000000    -0.05405753  -0.03256329
  0.00000000  -0.00000000    -0.00589704   0.00422824     0.00000000  -0.00000000
  0.01292097   0.02315483     0.00000000  -0.00000000    -0.01134509   0.01675704
    2    1
 -0.01134509  -0.01675704     0.00000000   0.00000000    -0.05405753   0.03256329
  0.00000000   0.00000000    -0.00589704  -0.00422824    -0.00000000  -0.00000000
  0.01292097  -0.02315483    -0.00000000   0.00000000     0.01005257   0.01865234
    2    2
  0.05487965  -0.00000000    -0.00000000  -0.00000000     0.00108174   0.00843519
 -0.00000000   0.00000000     0.02634830  -0.00000000    -0.00000000  -0.00000000
  0.00108174  -0.00843519    -0.00000000   0.00000000     0.04185140  -0.00000000
    2    3
 -0.02816019  -0.00097189    -0.00000000  -0.00000000    -0.00314236   0.01387580
 -0.00000000  -0.00000000     0.01909076   0.00154237    -0.00000000   0.00000000
 -0.00314236   0.01387580    -0.00000000   0.00000000    -0.00303306  -0.01330679
    2    4
  0.01821496   0.00011634     0.00747388  -0.00991673     0.00643045  -0.00587095
  0.02150839   0.00025143     0.00203571   0.00114805    -0.00610300   0.00125278
  0.00089209  -0.00551782    -0.00259397   0.00312263     0.00498790  -0.00113756
    2    5
 -0.01821496  -0.00011634     0.00747388  -0.00991673    -0.00643045   0.00587095
  0.02150839   0.00025143    -0.00203571  -0.00114805    -0.00610300   0.00125278
 -0.00089209   0.00551782    -0.00259397   0.00312263    -0.00498790   0.00113756
    2    6
  0.01042724  -0.00796466    -0.00000000   0.00000000     0.01297290  -0.02308266
 -0.00000000   0.00000000    -0.00832473   0.00342047    -0.00000000  -0.00000000
 -0.00226390  -0.03286581    -0.00000000  -0.00000000     0.01042724  -0.00796466
    2    7
 -0.02236335  -0.00488076     0.00000000   0.00000000    -0.00712052   0.00000000
  0.00000000   0.00000000    -0.00767388   0.00000000     0.00000000  -0.00000000
  0.01900699  -0.00000000     0.00000000  -0.00000000    -0.02236335   0.00488076
    3    1
 -0.01675704  -0.01134509     0.00000000   0.00000000     0.03256329  -0.05405753
  0.00000000   0.00000000    -0.00422824  -0.00589704    -0.00000000  -0.00000000
 -0.02315483   0.01292097     0.00000000   0.00000000     0.01865234   0.01005257
    3    2
 -0.02816019   0.00097189    -0.00000000   0.00000000    -0.00314236  -0.01387580
 -0.00000000   0.00000000     0.01909076  -0.00154237    -0.00000000  -0.00000000
 -0.00314236  -0.01387580    -0.00000000  -0.00000000    -0.00303306   0.01330679
    3    3
  0.05487965  -0.00000000    -0.00000000   0.00000000     0.00108174  -0.00843519
 -0.00000000  -0.00000000     0.02634830   0.00000000    -0.00000000  -0.00000000
  0.00108174   0.00843519    -0.00000000   0.00000000     0.04185140   0.00000000
    3    4
 -0.01821496   0.00011634     0.00747388   0.00991673    -0.00643045  -0.00587095
  0.02150839  -0.00025143    -0.00203571   0.00114805    -0.00610300  -0.00125278
 -0.00089209  -0.00551782    -0.00259397  -0.00312263    -0.00498790  -0.00113756
    3    5
  0.01821496  -0.00011634     0.00747388   0.00991673     0.00643045   0.00587095
  0.02150839  -0.00025143     0.00203571  -0.00114805    -0.00610300  -0.00125278
  0.00089209   0.00551782    -0.00259397  -0.00312263     0.00498790   0.00113756
    3    6
 -0.02236335   0.00488076     0.00000000  -0.00000000    -0.00712052   0.00000000
 -0.00000000  -0.00000000    -0.00767388   0.00000000     0.00000000   0.00000000
  0.01900699  -0.00000000     0.00000000   0.00000000    -0.02236335  -0.00488076
    3    7
  0.01042724   0.00796466    -0.00000000  -0.00000000     0.01297290   0.02308266
  0.00000000  -0.00000000    -0.00832473  -0.00342047    -0.00000000  -0.00000000
 -0.00226390   0.03286581    -0.00000000  -0.00000000     0.01042724   0.00796466
    4    1
 -0.00305716   0.00305716    -0.00554414  -0.00554414    -0.01687461   0.01687461
 -0.01761101  -0.01761101     0.00000000   0.00000000    -0.01761101  -0.01761101
  0.01687461  -0.01687461    -0.00554414  -0.00554414     0.00305716  -0.00305716
    4    2
  0.01821496  -0.00011634     0.02150839  -0.00025143     0.00089209   0.00551782
  0.00747388   0.00991673     0.00203571  -0.00114805    -0.00259397  -0.00312263
  0.00643045   0.00587095    -0.00610300  -0.00125278     0.00498790   0.00113756
    4    3
 -0.01821496  -0.00011634     0.02150839   0.00025143    -0.00089209   0.00551782
  0.00747388  -0.00991673    -0.00203571  -0.00114805    -0.00259397   0.00312263
 -0.00643045   0.00587095    -0.00610300   0.00125278    -0.00498790   0.00113756
    4    4
  0.03454515  -0.00000000     0.00000000  -0.00278769    -0.00130016   0.00000000
  0.00000000   0.00278769     0.01563844  -0.00000000    -0.00000000  -0.00278769
 -0.00130016  -0.00000000    -0.00000000   0.00278769     0.03454515  -0.00000000
    4    5
  0.01014744  -0.00000000     0.00000000  -0.00614867    -0.00869028   0.00000000
  0.00000000  -0.00614867     0.00381177  -0.00000000    -0.00000000   0.00614867
 -0.00869028   0.00000000    -0.00000000   0.00614867     0.01014744  -0.00000000
    4    6
  0.00498790  -0.00113756    -0.00610300   0.00125278     0.00643045  -0.00587095
 -0.00259397   0.00312263     0.00203571   0.00114805     0.00747388  -0.00991673
  0.00089209  -0.00551782     0.02150839   0.00025143     0.01821496   0.00011634
    4    7
 -0.00498790  -0.00113756    -0.00610300  -0.00125278    -0.00643045  -0.00587095
 -0.00259397  -0.00312263    -0.00203571   0.00114805     0.00747388   0.00991673
 -0.00089209  -0.00551782     0.02150839  -0.00025143    -0.01821496   0.00011634
    5    1
  0.00305716  -0.00305716    -0.00554414  -0.00554414     0.01687461  -0.01687461
 -0.01761101  -0.01761101     0.00000000   0.00000000    -0.01761101  -0.01761101
 -0.01687461   0.01687461    -0.00554414  -0.00554414    -0.00305716   0.00305716
    5    2
 -0.01821496   0.00011634     0.02150839  -0.00025143    -0.00089209  -0.00551782
  0.00747388   0.00991673    -0.00203571   0.00114805    -0.00259397  -0.00312263
 -0.00643045  -0.00587095    -0.00610300  -0.00125278    -0.00498790  -0.00113756
    5    3
  0.01821496   0.00011634     0.02150839   0.00025143     0.00089209  -0.00551782
  0.00747388  -0.00991673     0.00203571   0.00114805    -0.00259397   0.00312263
  0.00643045  -0.00587095    -0.00610300   0.00125278     0.00498790  -0.00113756
    5    4
  0.01014744   0.00000000     0.00000000   0.00614867    -0.00869028  -0.00000000
  0.00000000   0.00614867     0.00381177   0.00000000    -0.00000000  -0.00614867
 -0.00869028  -0.00000000    -0.00000000  -0.00614867     0.01014744   0.00000000
    5    5
  0.03454515   0.00000000     0.00000000   0.00278769    -0.00130016  -0.00000000
  0.00000000  -0.00278769     0.01563844   0.00000000    -0.00000000   0.00278769
 -0.00130016   0.00000000    -0.00000000  -0.00278769     0.03454515  -0.00000000
    5    6
 -0.00498790   0.00113756    -0.00610300   0.00125278    -0.00643045   0.00587095
 -0.00259397   0.00312263    -0.00203571  -0.00114805     0.00747388  -0.00991673
 -0.00089209   0.00551782     0.02150839   0.00025143    -0.01821496  -0.00011634
    5    7
  0.00498790   0.00113756    -0.00610300  -0.00125278     0.00643045   0.00587095
 -0.00259397  -0.00312263     0.00203571  -0.00114805     0.00747388   0.00991673
  0.00089209   0.00551782     0.02150839  -0.00025143     0.01821496  -0.00011634
    6    1
  0.01865234   0.01005257     0.00000000   0.00000000    -0.02315483   0.01292097
 -0.00000000   0.00000000    -0.00422824  -0.00589704     0.00000000   0.00000000
  0.03256329  -0.05405753     0.00000000   0.00000000    -0.01675704  -0.01134509
    6    2
  0.01042724   0.00796466     0.00000000  -0.00000000    -0.00226390   0.03286581
 -0.00000000  -0.00000000    -0.00832473  -0.00342047    -0.00000000  -0.00000000
  0.01297290   0.02308266    -0.00000000  -0.00000000     0.01042724   0.00796466
    6    3
 -0.02236335  -0.00488076     0.00000000  -0.00000000     0.01900699   0.00000000
  0.00000000   0.00000000    -0.00767388  -0.00000000     0.00000000  -0.00000000
 -0.00712052  -0.00000000     0.00000000  -0.00000000    -0.02236335   0.00488076
    6    4
  0.00498790   0.00113756    -0.00259397  -0.00312263     0.00089209   0.00551782
 -0.00610300  -0.00125278     0.00203571  -0.00114805     0.02150839  -0.00025143
  0.00643045   0.00587095     0.00747388   0.00991673     0.01821496  -0.00011634
    6    5
 -0.00498790  -0.00113756    -0.00259397  -0.00312263    -0.00089209  -0.00551782
 -0.00610300  -0.00125278    -0.00203571   0.00114805     0.02150839  -0.00025143
 -0.00643045  -0.00587095     0.00747388   0.00991673    -0.01821496   0.00011634
    6    6
  0.04185140  -0.00000000    -0.00000000  -0.00000000     0.00108174   0.00843519
 -0.00000000  -0.00000000     0.02634830   0.00000000    -0.00000000  -0.00000000
  0.00108174  -0.00843519    -0.00000000  -0.00000000     0.05487965  -0.00000000
    6    7
 -0.00303306   0.01330679    -0.00000000   0.00000000    -0.00314236  -0.01387580
 -0.00000000   0.00000000     0.01909076  -0.00154237     0.00000000  -0.00000000
 -0.00314236  -0.01387580     0.00000000  -0.00000000    -0.02816019   0.00097189
    7    1
  0.01005257   0.01865234    -0.00000000   0.00000000     0.01292097  -0.02315483
  0.00000000  -0.00000000    -0.00589704  -0.00422824     0.00000000   0.00000000
 -0.05405753   0.03256329     0.00000000   0.00000000    -0.01134509  -0.01675704
    7    2
 -0.02236335   0.00488076     0.00000000  -0.00000000     0.01900699   0.00000000
  0.00000000  -0.00000000    -0.00767388  -0.00000000     0.00000000   0.00000000
 -0.00712052  -0.00000000     0.00000000   0.00000000    -0.02236335  -0.00488076
    7    3
  0.01042724  -0.00796466     0.00000000   0.00000000    -0.00226390  -0.03286581
 -0.00000000   0.00000000    -0.00832473   0.00342047    -0.00000000   0.00000000
  0.01297290  -0.02308266    -0.00000000   0.00000000     0.01042724  -0.00796466
    7    4
 -0.00498790   0.00113756    -0.00259397   0.00312263    -0.00089209   0.00551782
 -0.00610300   0.00125278    -0.00203571  -0.00114805     0.02150839   0.00025143
 -0.00643045   0.00587095     0.00747388  -0.00991673    -0.01821496  -0.00011634
    7    5
  0.00498790  -0.00113756    -0.00259397   0.00312263     0.00089209  -0.00551782
 -0.00610300   0.00125278     0.00203571   0.00114805     0.02150839   0.00025143
  0.00643045  -0.00587095     0.00747388  -0.00991673     0.01821496   0.00011634
    7    6
 -0.00303306  -0.01330679    -0.00000000  -0.00000000    -0.00314236   0.01387580
 -0.00000000   0.00000000     0.01909076   0.00154237     0.00000000   0.00000000
 -0.00314236   0.01387580     0.00000000   0.00000000    -0.02816019  -0.00097189
    7    7
  0.04185140  -0.00000000    -0.00000000   0.00000000     0.00108174  -0.00843519
 -0.00000000  -0.00000000     0.02634830  -0.00000000    -0.00000000   0.00000000
  0.00108174   0.00843519    -0.00000000   0.00000000     0.05487965  -0.00000000

     Dynamical  Matrix in cartesian axes

     q = (    0.216506351   0.866025404  -0.216506351 ) 

    1    1
  0.14404564  -0.00000000     0.00000000  -0.00000000    -0.00385801   0.00000000
  0.00000000  -0.00000000     0.02356284  -0.00000000    -0.00000000   0.00000000
 -0.00385801   0.00000000    -0.00000000   0.00000000     0.14404564  -0.00000000
    1    2
  0.01675704  -0.01134509     0.00000000   0.00000000    -0.02315483  -0.01292097
 -0.00000000   0.00000000     0.00422824  -0.00589704     0.00000000   0.00000000
  0.03256329   0.05405753     0.00000000  -0.00000000    -0.01865234   0.01005257
    1    3
 -0.01675704  -0.01134509     0.00000000   0.00000000     0.02315483  -0.01292097
  0.00000000  -0.00000000    -0.00422824  -0.00589704    -0.00000000  -0.00000000
 -0.03256329   0.05405753     0.00000000   0.00000000     0.01865234   0.01005257
    1    4
 -0.00305716   0.00305716    -0.01761101  -0.01761101    -0.01687461   0.01687461
 -0.00554414  -0.00554414    -0.00000000  -0.00000000     0.00554414   0.00554414
  0.01687461  -0.01687461     0.01761101   0.01761101     0.00305716  -0.00305716
    1    5
  0.00305716   0.00305716     0.01761101  -0.01761101     0.01687461   0.01687461
  0.00554414  -0.00554414     0.00000000  -0.00000000    -0.00554414   0.00554414
 -0.01687461  -0.01687461    -0.01761101   0.01761101    -0.00305716  -0.00305716
    1    6
  0.01865234  -0.01005257    -0.00000000   0.00000000    -0.03256329  -0.05405753
 -0.00000000   0.00000000    -0.00422824   0.00589704     0.00000000   0.00000000
  0.02315483   0.01292097     0.00000000  -0.00000000    -0.01675704   0.01134509
    1    7
 -0.01865234  -0.01005257    -0.00000000   0.00000000     0.03256329  -0.05405753
  0.00000000   0.00000000     0.00422824   0.00589704    -0.00000000  -0.00000000
 -0.02315483   0.01292097    -0.00000000  -0.00000000     0.01675704   0.01134509
    2    1
  0.01675704   0.01134509    -0.00000000   0.00000000     0.03256329  -0.05405753
 -0.00000000   0.00000000     0.00422824   0.00589704     0.00000000   0.00000000
 -0.02315483   0.01292097     0.00000000   0.00000000    -0.01865234  -0.01005257
    2    2
  0.05487965  -0.00000000     0.00000000  -0.00000000    -0.00108174   0.00843519
  0.00000000   0.00000000     0.02634830   0.00000000    -0.00000000   0.00000000
 -0.00108174  -0.00843519    -0.00000000  -0.00000000     0.04185140  -0.00000000
    2    3
  0.00097189   0.02816019    -0.00000000   0.00000000     0.01387580  -0.00314236
 -0.00000000   0.00000000    -0.00154237  -0.01909076    -0.00000000   0.00000000
  0.01387580  -0.00314236    -0.00000000   0.00000000     0.01330679   0.00303306
    2    4
 -0.00011634  -0.01821496     0.00991673  -0.00747388    -0.00587095   0.00643045
 -0.00025143  -0.02150839    -0.00114805  -0.00203571     0.00125278  -0.00610300
 -0.00551782   0.00089209     0.00312263  -0.00259397     0.00113756  -0.00498790
    2    5
 -0.01821496   0.00011634     0.00747388   0.00991673     0.00643045   0.00587095
  0.02150839  -0.00025143    -0.00203571   0.00114805     0.00610300   0.00125278
  0.00089209   0.00551782     0.00259397   0.00312263    -0.00498790  -0.00113756
    2    6
  0.02236335  -0.00488076     0.00000000   0.00000000    -0.00712052  -0.00000000
 -0.00000000   0.00000000     0.00767388   0.00000000    -0.00000000  -0.00000000
  0.01900699   0.00000000    -0.00000000  -0.00000000     0.02236335   0.00488076
    2    7
 -0.00796466   0.01042724     0.00000000   0.00000000     0.02308266  -0.01297290
 -0.00000000   0.00000000     0.00342047  -0.00832473     0.00000000  -0.00000000
  0.03286581   0.00226390     0.00000000  -0.00000000    -0.00796466   0.01042724
    3    1
 -0.01675704   0.01134509     0.00000000   0.00000000    -0.03256329  -0.05405753
  0.00000000   0.00000000    -0.00422824   0.00589704    -0.00000000   0.00000000
  0.02315483   0.01292097    -0.00000000   0.00000000     0.01865234  -0.01005257
    3    2
  0.00097189  -0.02816019    -0.00000000  -0.00000000     0.01387580   0.00314236
 -0.00000000  -0.00000000    -0.00154237   0.01909076    -0.00000000   0.00000000
  0.01387580   0.00314236    -0.00000000  -0.00000000     0.01330679  -0.00303306
    3    3
  0.05487965   0.00000000    -0.00000000   0.00000000    -0.00108174  -0.00843519
  0.00000000   0.00000000     0.02634830  -0.00000000    -0.00000000   0.00000000
 -0.00108174   0.00843519    -0.00000000   0.00000000     0.04185140  -0.00000000
    3    4
 -0.01821496  -0.00011634     0.00747388  -0.00991673     0.00643045  -0.00587095
  0.02150839   0.00025143    -0.00203571  -0.00114805     0.00610300  -0.00125278
  0.00089209  -0.00551782     0.00259397  -0.00312263    -0.00498790   0.00113756
    3    5
 -0.00011634   0.01821496     0.00991673   0.00747388    -0.00587095  -0.00643045
 -0.00025143   0.02150839    -0.00114805   0.00203571     0.00125278   0.00610300
 -0.00551782  -0.00089209     0.00312263   0.00259397     0.00113756   0.00498790
    3    6
 -0.00796466  -0.01042724    -0.00000000  -0.00000000     0.02308266   0.01297290
 -0.00000000   0.00000000     0.00342047   0.00832473    -0.00000000   0.00000000
  0.03286581  -0.00226390    -0.00000000   0.00000000    -0.00796466  -0.01042724
    3    7
  0.02236335   0.00488076     0.00000000  -0.00000000    -0.00712052   0.00000000
 -0.00000000  -0.00000000     0.00767388  -0.00000000    -0.00000000   0.00000000
  0.01900699  -0.00000000    -0.00000000   0.00000000     0.02236335  -0.00488076
    4    1
 -0.00305716  -0.00305716    -0.00554414   0.00554414     0.01687461   0.01687461
 -0.01761101   0.01761101    -0.00000000   0.00000000     0.01761101  -0.01761101
 -0.01687461  -0.01687461     0.00554414  -0.00554414     0.00305716   0.00305716
    4    2
 -0.00011634   0.01821496    -0.00025143   0.02150839    -0.00551782  -0.00089209
  0.00991673   0.00747388    -0.00114805   0.00203571     0.00312263   0.00259397
 -0.00587095  -0.00643045     0.00125278   0.00610300     0.00113756   0.00498790
    4    3
 -0.01821496   0.00011634     0.02150839  -0.00025143     0.00089209   0.00551782
  0.00747388   0.00991673    -0.00203571   0.00114805     0.00259397   0.00312263
  0.00643045   0.00587095     0.00610300   0.00125278    -0.00498790  -0.00113756
    4    4
  0.03454515  -0.00000000    -0.00000000   0.00278769     0.00130016  -0.00000000
  0.00000000  -0.00278769     0.01563844   0.00000000    -0.00000000  -0.00278769
  0.00130016   0.00000000    -0.00000000   0.00278769     0.03454515  -0.00000000
    4    5
  0.00000000   0.01014744    -0.00614867   0.00000000     0.00000000   0.00869028
 -0.00614867   0.00000000     0.00000000   0.00381177    -0.00614867   0.00000000
  0.00000000   0.00869028    -0.00614867   0.00000000     0.00000000   0.01014744
    4    6
  0.00113756   0.00498790     0.00125278   0.00610300    -0.00587095  -0.00643045
  0.00312263   0.00259397    -0.00114805   0.00203571     0.00991673   0.00747388
 -0.00551782  -0.00089209    -0.00025143   0.02150839    -0.00011634   0.01821496
    4    7
 -0.00498790  -0.00113756     0.00610300   0.00125278     0.00643045   0.00587095
  0.00259397   0.00312263    -0.00203571   0.00114805     0.00747388   0.00991673
  0.00089209   0.00551782     0.02150839  -0.00025143    -0.01821496   0.00011634
    5    1
  0.00305716  -0.00305716     0.00554414   0.00554414    -0.01687461   0.01687461
  0.01761101   0.01761101     0.00000000  -0.00000000    -0.01761101  -0.01761101
  0.01687461  -0.01687461    -0.00554414  -0.00554414    -0.00305716   0.00305716
    5    2
 -0.01821496  -0.00011634     0.02150839   0.00025143     0.00089209  -0.00551782
  0.00747388  -0.00991673    -0.00203571  -0.00114805     0.00259397  -0.00312263
  0.00643045  -0.00587095     0.00610300  -0.00125278    -0.00498790   0.00113756
    5    3
 -0.00011634  -0.01821496    -0.00025143  -0.02150839    -0.00551782   0.00089209
  0.00991673  -0.00747388    -0.00114805  -0.00203571     0.00312263  -0.00259397
 -0.00587095   0.00643045     0.00125278  -0.00610300     0.00113756  -0.00498790
    5    4
  0.00000000  -0.01014744    -0.00614867  -0.00000000     0.00000000  -0.00869028
 -0.00614867  -0.00000000     0.00000000  -0.00381177    -0.00614867  -0.00000000
  0.00000000  -0.00869028    -0.00614867  -0.00000000     0.00000000  -0.01014744
    5    5
  0.03454515  -0.00000000    -0.00000000  -0.00278769     0.00130016   0.00000000
 -0.00000000   0.00278769     0.01563844   0.00000000    -0.00000000   0.00278769
  0.00130016   0.00000000    -0.00000000  -0.00278769     0.03454515   0.00000000
    5    6
 -0.00498790   0.00113756     0.00610300  -0.00125278     0.00643045  -0.00587095
  0.00259397  -0.00312263    -0.00203571  -0.00114805     0.00747388  -0.00991673
  0.00089209  -0.00551782     0.02150839   0.00025143    -0.01821496  -0.00011634
    5    7
  0.00113756  -0.00498790     0.00125278  -0.00610300    -0.00587095   0.00643045
  0.00312263  -0.00259397    -0.00114805  -0.00203571     0.00991673  -0.00747388
 -0.00551782   0.00089209    -0.00025143  -0.02150839    -0.00011634  -0.01821496
    6    1
  0.01865234   0.01005257    -0.00000000  -0.00000000     0.02315483  -0.01292097
  0.00000000  -0.00000000    -0.00422824  -0.00589704     0.00000000   0.00000000
 -0.03256329   0.05405753     0.00000000  -0.00000000    -0.01675704  -0.01134509
    6    2
  0.02236335   0.00488076     0.00000000  -0.00000000     0.01900699  -0.00000000
  0.00000000  -0.00000000     0.00767388  -0.00000000    -0.00000000   0.00000000
 -0.00712052   0.00000000    -0.00000000   0.00000000     0.02236335  -0.00488076
    6    3
 -0.00796466   0.01042724    -0.00000000   0.00000000     0.03286581   0.00226390
 -0.00000000   0.00000000     0.00342047  -0.00832473     0.00000000  -0.00000000
  0.02308266  -0.01297290     0.00000000  -0.00000000    -0.00796466   0.01042724
    6    4
  0.00113756  -0.00498790     0.00312263  -0.00259397    -0.00551782   0.00089209
  0.00125278  -0.00610300    -0.00114805  -0.00203571    -0.00025143  -0.02150839
 -0.00587095   0.00643045     0.00991673  -0.00747388    -0.00011634  -0.01821496
    6    5
 -0.00498790  -0.00113756     0.00259397   0.00312263     0.00089209   0.00551782
  0.00610300   0.00125278    -0.00203571   0.00114805     0.02150839  -0.00025143
  0.00643045   0.00587095     0.00747388   0.00991673    -0.01821496   0.00011634
    6    6
  0.04185140   0.00000000     0.00000000  -0.00000000    -0.00108174  -0.00843519
  0.00000000  -0.00000000     0.02634830   0.00000000    -0.00000000  -0.00000000
 -0.00108174   0.00843519    -0.00000000  -0.00000000     0.05487965  -0.00000000
    6    7
  0.01330679   0.00303306    -0.00000000   0.00000000     0.01387580  -0.00314236
 -0.00000000   0.00000000    -0.00154237  -0.01909076     0.00000000  -0.00000000
  0.01387580  -0.00314236    -0.00000000  -0.00000000     0.00097189   0.02816019
    7    1
 -0.01865234   0.01005257     0.00000000   0.00000000    -0.02315483  -0.01292097
 -0.00000000  -0.00000000     0.00422824  -0.00589704    -0.00000000  -0.00000000
  0.03256329   0.05405753    -0.00000000   0.00000000     0.01675704  -0.01134509
    7    2
 -0.00796466  -0.01042724    -0.00000000   0.00000000     0.03286581  -0.00226390
 -0.00000000  -0.00000000     0.00342047   0.00832473     0.00000000   0.00000000
  0.02308266   0.01297290    -0.00000000   0.00000000    -0.00796466  -0.01042724
    7    3
  0.02236335  -0.00488076    -0.00000000   0.00000000     0.01900699   0.00000000
  0.00000000  -0.00000000     0.00767388   0.00000000    -0.00000000  -0.00000000
 -0.00712052  -0.00000000    -0.00000000  -0.00000000     0.02236335   0.00488076
    7    4
 -0.00498790   0.00113756     0.00259397  -0.00312263     0.00089209  -0.00551782
  0.00610300  -0.00125278    -0.00203571  -0.00114805     0.02150839   0.00025143
  0.00643045  -0.00587095     0.00747388  -0.00991673    -0.01821496  -0.00011634
    7    5
  0.00113756   0.00498790     0.00312263   0.00259397    -0.00551782  -0.00089209
  0.00125278   0.00610300    -0.00114805   0.00203571    -0.00025143   0.02150839
 -0.00587095  -0.00643045     0.00991673   0.00747388    -0.00011634   0.01821496
    7    6
  0.01330679  -0.00303306    -0.00000000  -0.00000000     0.01387580   0.00314236
 -0.00000000  -0.00000000    -0.00154237   0.01909076     0.00000000   0.00000000
  0.01387580   0.00314236    -0.00000000   0.00000000     0.00097189  -0.02816019
    7    7
  0.04185140   0.00000000     0.00000000  -0.00000000    -0.00108174   0.00843519
  0.00000000   0.00000000     0.02634830  -0.00000000    -0.00000000   0.00000000
 -0.00108174  -0.00843519    -0.00000000   0.00000000     0.05487965  -0.00000000

     Dynamical  Matrix in cartesian axes

     q = (    0.866025404   0.216506351  -0.216506351 ) 

    1    1
  0.02356284  -0.00000000     0.00000000  -0.00000000    -0.00000000   0.00000000
  0.00000000  -0.00000000     0.14404564  -0.00000000    -0.00385801   0.00000000
 -0.00000000   0.00000000    -0.00385801   0.00000000     0.14404564  -0.00000000
    1    2
  0.00000000  -0.00000000     0.00554414  -0.00554414    -0.00554414   0.00554414
  0.01761101  -0.01761101     0.00305716   0.00305716     0.01687461   0.01687461
 -0.01761101   0.01761101    -0.01687461  -0.01687461    -0.00305716  -0.00305716
    1    3
 -0.00000000   0.00000000    -0.00554414  -0.00554414     0.00554414   0.00554414
 -0.01761101  -0.01761101    -0.00305716   0.00305716    -0.01687461   0.01687461
  0.01761101   0.01761101     0.01687461  -0.01687461     0.00305716  -0.00305716
    1    4
 -0.00422824  -0.00589704     0.00000000  -0.00000000    -0.00000000   0.00000000
 -0.00000000   0.00000000    -0.01675704  -0.01134509     0.02315483  -0.01292097
 -0.00000000   0.00000000    -0.03256329   0.05405753     0.01865234   0.01005257
    1    5
  0.00422824  -0.00589704    -0.00000000  -0.00000000     0.00000000  -0.00000000
  0.00000000   0.00000000     0.01675704  -0.01134509    -0.02315483  -0.01292097
  0.00000000  -0.00000000     0.03256329   0.05405753    -0.01865234   0.01005257
    1    6
  0.00422824   0.00589704     0.00000000   0.00000000    -0.00000000  -0.00000000
  0.00000000   0.00000000    -0.01865234  -0.01005257     0.03256329  -0.05405753
  0.00000000   0.00000000    -0.02315483   0.01292097     0.01675704   0.01134509
    1    7
 -0.00422824   0.00589704    -0.00000000   0.00000000     0.00000000   0.00000000
 -0.00000000   0.00000000     0.01865234  -0.01005257    -0.03256329  -0.05405753
