  1.500000000000000E-002   1.26023585003145        2.23508645248256     
          12

     Dynamical  Matrix in cartesian axes

     q = (   -0.866025400  -0.324759500  -0.324759500 ) 

    1    1
  0.01293116   0.00000000     0.00000000  -0.00000000    -0.00000000   0.00000000
  0.00000000  -0.00000000     0.12398107   0.00000000    -0.02437536   0.00000000
 -0.00000000   0.00000000    -0.02437536  -0.00000000     0.12398107  -0.00000000
    1    2
  0.00000000   0.00000000    -0.00351112   0.00145435    -0.00351112   0.00145435
 -0.01015009   0.00420431     0.00538066   0.01299005    -0.00351414  -0.00848388
 -0.01015009   0.00420431     0.00351414   0.00848388    -0.00538066  -0.01299005
    1    3
  0.00000000   0.00000000    -0.00351112   0.00145435    -0.00351112   0.00145435
 -0.01015009   0.00420431    -0.00538066  -0.01299005     0.00351414   0.00848388
 -0.01015009   0.00420431    -0.00351414  -0.00848388     0.00538066   0.01299005
    1    4
 -0.00229385   0.00252101     0.00000000   0.00000000     0.00000000  -0.00000000
 -0.00000000   0.00000000    -0.01711859   0.01793163    -0.01231052  -0.01899904
 -0.00000000  -0.00000000     0.00710665   0.02885778     0.02000189  -0.01177495
    1    5
 -0.00340462  -0.00016063     0.00000000   0.00000000    -0.00000000   0.00000000
 -0.00000000  -0.00000000    -0.02478425  -0.00057490     0.00472950   0.02213920
 -0.00000000   0.00000000    -0.01538038  -0.02543069     0.02246962  -0.00581733
    1    6
 -0.00340462  -0.00016063    -0.00000000  -0.00000000     0.00000000   0.00000000
 -0.00000000   0.00000000     0.02246962  -0.00581733    -0.01538038  -0.02543069
  0.00000000   0.00000000     0.00472950   0.02213920    -0.02478425  -0.00057490
    1    7
 -0.00229385   0.00252101     0.00000000  -0.00000000     0.00000000   0.00000000
 -0.00000000  -0.00000000     0.02000189  -0.01177495     0.00710665   0.02885778
 -0.00000000   0.00000000    -0.01231052  -0.01899904    -0.01711859   0.01793163
    2    1
  0.00000000  -0.00000000    -0.01015009  -0.00420431    -0.01015009  -0.00420431
 -0.00351112  -0.00145435     0.00538066  -0.01299005     0.00351414  -0.00848388
 -0.00351112  -0.00145435    -0.00351414   0.00848388    -0.00538066   0.01299005
    2    2
  0.00836286   0.00000000     0.00000000  -0.00166419    -0.00000000   0.00166419
  0.00000000   0.00166419     0.03180160   0.00000000    -0.01436159   0.00000000
 -0.00000000  -0.00166419    -0.01436159  -0.00000000     0.03180160   0.00000000
    2    3
 -0.00162493   0.00000000     0.00000000   0.00306425     0.00000000  -0.00306425
  0.00000000   0.00306425     0.00782353  -0.00000000    -0.01288569   0.00000000
  0.00000000  -0.00306425    -0.01288569   0.00000000     0.00782353  -0.00000000
    2    4
  0.00121047  -0.00003147     0.00455532  -0.00429189    -0.00285063   0.00158894
  0.01995319   0.00003515     0.01184409  -0.00123424    -0.00472593  -0.00283972
 -0.01415112   0.00072901    -0.00251251  -0.00260516     0.00479220  -0.00017833
    2    5
 -0.00121047  -0.00003147     0.00455532   0.00429189    -0.00285063  -0.00158894
  0.01995319  -0.00003515    -0.01184409  -0.00123424     0.00472593  -0.00283972
 -0.01415112  -0.00072901     0.00251251  -0.00260516    -0.00479220  -0.00017833
    2    6
  0.00121047   0.00003147    -0.00285063  -0.00158894     0.00455532   0.00429189
 -0.01415112  -0.00072901     0.00479220   0.00017833    -0.00251251   0.00260516
  0.01995319  -0.00003515    -0.00472593   0.00283972     0.01184409   0.00123424
    2    7
 -0.00121047   0.00003147    -0.00285063   0.00158894     0.00455532  -0.00429189
 -0.01415112   0.00072901    -0.00479220   0.00017833     0.00251251   0.00260516
  0.01995319   0.00003515     0.00472593   0.00283972    -0.01184409   0.00123424
    3    1
  0.00000000  -0.00000000    -0.01015009  -0.00420431    -0.01015009  -0.00420431
 -0.00351112  -0.00145435    -0.00538066   0.01299005    -0.00351414   0.00848388
 -0.00351112  -0.00145435     0.00351414  -0.00848388     0.00538066  -0.01299005
    3    2
 -0.00162493  -0.00000000     0.00000000  -0.00306425     0.00000000   0.00306425
  0.00000000  -0.00306425     0.00782353   0.00000000    -0.01288569  -0.00000000
  0.00000000   0.00306425    -0.01288569  -0.00000000     0.00782353   0.00000000
    3    3
  0.00836286  -0.00000000     0.00000000   0.00166419    -0.00000000  -0.00166419
  0.00000000  -0.00166419     0.03180160  -0.00000000    -0.01436159  -0.00000000
 -0.00000000   0.00166419    -0.01436159   0.00000000     0.03180160  -0.00000000
    3    4
 -0.00121047   0.00003147     0.00455532  -0.00429189    -0.00285063   0.00158894
  0.01995319   0.00003515    -0.01184409   0.00123424     0.00472593   0.00283972
 -0.01415112   0.00072901     0.00251251   0.00260516    -0.00479220   0.00017833
    3    5
  0.00121047   0.00003147     0.00455532   0.00429189    -0.00285063  -0.00158894
  0.01995319  -0.00003515     0.01184409   0.00123424    -0.00472593   0.00283972
 -0.01415112  -0.00072901    -0.00251251   0.00260516     0.00479220   0.00017833
    3    6
 -0.00121047  -0.00003147    -0.00285063  -0.00158894     0.00455532   0.00429189
 -0.01415112  -0.00072901    -0.00479220  -0.00017833     0.00251251  -0.00260516
  0.01995319  -0.00003515     0.00472593  -0.00283972    -0.01184409  -0.00123424
    3    7
  0.00121047  -0.00003147    -0.00285063   0.00158894     0.00455532  -0.00429189
 -0.01415112   0.00072901     0.00479220  -0.00017833    -0.00251251  -0.00260516
  0.01995319   0.00003515    -0.00472593  -0.00283972     0.01184409  -0.00123424
    4    1
 -0.00229385  -0.00252101    -0.00000000  -0.00000000    -0.00000000   0.00000000
  0.00000000  -0.00000000    -0.01711859  -0.01793163     0.00710665  -0.02885778
  0.00000000   0.00000000    -0.01231052   0.01899904     0.02000189   0.01177495
    4    2
  0.00121047   0.00003147     0.01995319  -0.00003515    -0.01415112  -0.00072901
  0.00455532   0.00429189     0.01184409   0.00123424    -0.00251251   0.00260516
 -0.00285063  -0.00158894    -0.00472593   0.00283972     0.00479220   0.00017833
    4    3
 -0.00121047  -0.00003147     0.01995319  -0.00003515    -0.01415112  -0.00072901
  0.00455532   0.00429189    -0.01184409  -0.00123424     0.00251251  -0.00260516
 -0.00285063  -0.00158894     0.00472593  -0.00283972    -0.00479220  -0.00017833
    4    4
  0.02446057  -0.00000000     0.00000000   0.00000000    -0.00000000   0.00000000
  0.00000000   0.00000000     0.03510041   0.00000000    -0.00765391  -0.00593251
 -0.00000000  -0.00000000    -0.00765391   0.00593251     0.04369581   0.00000000
    4    5
  0.02084122   0.00034982     0.00000000  -0.00000000     0.00000000   0.00000000
  0.00000000  -0.00000000    -0.00463836  -0.00054898     0.01120235  -0.01255946
  0.00000000   0.00000000     0.01120235  -0.01255946    -0.01320097   0.01011089
    4    6
 -0.01604013  -0.00226584    -0.00000000   0.00000000    -0.00000000   0.00000000
 -0.00000000   0.00000000     0.00069844   0.00200529    -0.00530117   0.01597482
 -0.00000000   0.00000000    -0.02674862   0.02369159     0.00069844   0.00200529
    4    7
 -0.01559888   0.00000000    -0.00000000   0.00000000     0.00000000  -0.00000000
 -0.00000000   0.00000000    -0.02555262  -0.00167246     0.00974342  -0.00000000
  0.00000000  -0.00000000     0.02195626  -0.00000000    -0.02555262   0.00167246
    5    1
 -0.00340462   0.00016063    -0.00000000   0.00000000    -0.00000000  -0.00000000
  0.00000000  -0.00000000    -0.02478425   0.00057490    -0.01538038   0.02543069
 -0.00000000  -0.00000000     0.00472950  -0.02213920     0.02246962   0.00581733
    5    2
 -0.00121047   0.00003147     0.01995319   0.00003515    -0.01415112   0.00072901
  0.00455532  -0.00429189    -0.01184409   0.00123424     0.00251251   0.00260516
 -0.00285063   0.00158894     0.00472593   0.00283972    -0.00479220   0.00017833
    5    3
  0.00121047  -0.00003147     0.01995319   0.00003515    -0.01415112   0.00072901
  0.00455532  -0.00429189     0.01184409  -0.00123424    -0.00251251  -0.00260516
 -0.00285063   0.00158894    -0.00472593  -0.00283972     0.00479220  -0.00017833
    5    4
  0.02084122  -0.00034982     0.00000000   0.00000000     0.00000000  -0.00000000
  0.00000000   0.00000000    -0.00463836   0.00054898     0.01120235   0.01255946
  0.00000000  -0.00000000     0.01120235   0.01255946    -0.01320097  -0.01011089
    5    5
  0.02446057   0.00000000     0.00000000  -0.00000000    -0.00000000  -0.00000000
  0.00000000  -0.00000000     0.03510041  -0.00000000    -0.00765391   0.00593251
 -0.00000000   0.00000000    -0.00765391  -0.00593251     0.04369581  -0.00000000
    5    6
 -0.01559888  -0.00000000    -0.00000000   0.00000000     0.00000000   0.00000000
 -0.00000000  -0.00000000    -0.02555262   0.00167246     0.00974342   0.00000000
  0.00000000   0.00000000     0.02195626  -0.00000000    -0.02555262  -0.00167246
    5    7
 -0.01604013   0.00226584    -0.00000000  -0.00000000    -0.00000000  -0.00000000
 -0.00000000  -0.00000000     0.00069844  -0.00200529    -0.00530117  -0.01597482
 -0.00000000  -0.00000000    -0.02674862  -0.02369159     0.00069844  -0.00200529
    6    1
 -0.00340462   0.00016063    -0.00000000  -0.00000000     0.00000000   0.00000000
 -0.00000000   0.00000000     0.02246962   0.00581733     0.00472950  -0.02213920
  0.00000000  -0.00000000    -0.01538038   0.02543069    -0.02478425   0.00057490
    6    2
  0.00121047  -0.00003147    -0.01415112   0.00072901     0.01995319   0.00003515
 -0.00285063   0.00158894     0.00479220  -0.00017833    -0.00472593  -0.00283972
  0.00455532  -0.00429189    -0.00251251  -0.00260516     0.01184409  -0.00123424
    6    3
 -0.00121047   0.00003147    -0.01415112   0.00072901     0.01995319   0.00003515
 -0.00285063   0.00158894    -0.00479220   0.00017833     0.00472593   0.00283972
  0.00455532  -0.00429189     0.00251251   0.00260516    -0.01184409   0.00123424
    6    4
 -0.01604013   0.00226584    -0.00000000  -0.00000000    -0.00000000  -0.00000000
 -0.00000000  -0.00000000     0.00069844  -0.00200529    -0.02674862  -0.02369159
 -0.00000000  -0.00000000    -0.00530117  -0.01597482     0.00069844  -0.00200529
    6    5
 -0.01559888  -0.00000000    -0.00000000   0.00000000     0.00000000  -0.00000000
 -0.00000000   0.00000000    -0.02555262  -0.00167246     0.02195626  -0.00000000
  0.00000000  -0.00000000     0.00974342  -0.00000000    -0.02555262   0.00167246
    6    6
  0.02446057   0.00000000    -0.00000000  -0.00000000    -0.00000000  -0.00000000
 -0.00000000   0.00000000     0.04369581  -0.00000000    -0.00765391  -0.00593251
 -0.00000000   0.00000000    -0.00765391   0.00593251     0.03510041   0.00000000
    6    7
  0.02084122  -0.00034982     0.00000000  -0.00000000     0.00000000   0.00000000
  0.00000000  -0.00000000    -0.01320097  -0.01011089     0.01120235   0.01255946
  0.00000000   0.00000000     0.01120235   0.01255946    -0.00463836   0.00054898
    7    1
 -0.00229385  -0.00252101    -0.00000000   0.00000000    -0.00000000  -0.00000000
  0.00000000   0.00000000     0.02000189   0.01177495    -0.01231052   0.01899904
  0.00000000  -0.00000000     0.00710665  -0.02885778    -0.01711859  -0.01793163
    7    2
 -0.00121047  -0.00003147    -0.01415112  -0.00072901     0.01995319  -0.00003515
 -0.00285063  -0.00158894    -0.00479220  -0.00017833     0.00472593  -0.00283972
  0.00455532   0.00429189     0.00251251  -0.00260516    -0.01184409  -0.00123424
    7    3
  0.00121047   0.00003147    -0.01415112  -0.00072901     0.01995319  -0.00003515
 -0.00285063  -0.00158894     0.00479220   0.00017833    -0.00472593   0.00283972
  0.00455532   0.00429189    -0.00251251   0.00260516     0.01184409   0.00123424
    7    4
 -0.01559888  -0.00000000    -0.00000000   0.00000000     0.00000000   0.00000000
 -0.00000000  -0.00000000    -0.02555262   0.00167246     0.02195626   0.00000000
  0.00000000   0.00000000     0.00974342   0.00000000    -0.02555262  -0.00167246
    7    5
 -0.01604013  -0.00226584    -0.00000000   0.00000000    -0.00000000   0.00000000
 -0.00000000   0.00000000     0.00069844   0.00200529    -0.02674862   0.02369159
 -0.00000000   0.00000000    -0.00530117   0.01597482     0.00069844   0.00200529
    7    6
  0.02084122   0.00034982     0.00000000   0.00000000     0.00000000  -0.00000000
  0.00000000   0.00000000    -0.01320097   0.01011089     0.01120235  -0.01255946
  0.00000000  -0.00000000     0.01120235  -0.01255946    -0.00463836  -0.00054898
    7    7
  0.02446057  -0.00000000    -0.00000000   0.00000000    -0.00000000   0.00000000
 -0.00000000  -0.00000000     0.04369581   0.00000000    -0.00765391   0.00593251
 -0.00000000  -0.00000000    -0.00765391  -0.00593251     0.03510041   0.00000000

     Dynamical  Matrix in cartesian axes

     q = (   -0.324759500  -0.866025400   0.324759500 ) 

    1    1
  0.12398107  -0.00000000    -0.00000000  -0.00000000     0.02437536  -0.00000000
 -0.00000000  -0.00000000     0.01293116  -0.00000000    -0.00000000  -0.00000000
  0.02437536  -0.00000000    -0.00000000  -0.00000000     0.12398107  -0.00000000
    1    2
  0.01711859   0.01793163    -0.00000000  -0.00000000    -0.01231052   0.01899904
 -0.00000000  -0.00000000     0.00229385   0.00252101     0.00000000   0.00000000
  0.00710665  -0.02885778     0.00000000   0.00000000    -0.02000189  -0.01177495
    1    3
 -0.01711859   0.01793163    -0.00000000   0.00000000     0.01231052   0.01899904
  0.00000000   0.00000000    -0.00229385   0.00252101    -0.00000000   0.00000000
 -0.00710665  -0.02885778     0.00000000   0.00000000     0.02000189  -0.01177495
    1    4
 -0.00538066  -0.01299005    -0.01015009   0.00420431    -0.00351414  -0.00848388
 -0.00351112   0.00145435     0.00000000   0.00000000     0.00351112  -0.00145435
  0.00351414   0.00848388     0.01015009  -0.00420431     0.00538066   0.01299005
    1    5
  0.00538066  -0.01299005     0.01015009   0.00420430     0.00351414  -0.00848388
  0.00351112   0.00145435     0.00000000  -0.00000000    -0.00351112  -0.00145435
 -0.00351414   0.00848388    -0.01015009  -0.00420430    -0.00538066   0.01299005
    1    6
  0.02000189   0.01177495    -0.00000000  -0.00000000    -0.00710665   0.02885778
 -0.00000000  -0.00000000    -0.00229385  -0.00252101     0.00000000   0.00000000
  0.01231052  -0.01899904     0.00000000   0.00000000    -0.01711859  -0.01793163
    1    7
 -0.02000189   0.01177495     0.00000000   0.00000000     0.00710665   0.02885778
 -0.00000000   0.00000000     0.00229385  -0.00252101     0.00000000   0.00000000
 -0.01231052  -0.01899904    -0.00000000   0.00000000     0.01711859  -0.01793163
    2    1
  0.01711859  -0.01793163     0.00000000   0.00000000     0.00710665   0.02885778
  0.00000000   0.00000000     0.00229385  -0.00252101     0.00000000  -0.00000000
 -0.01231052  -0.01899904     0.00000000   0.00000000    -0.02000189   0.01177495
    2    2
  0.03510041  -0.00000000     0.00000000  -0.00000000     0.00765391  -0.00593251
  0.00000000  -0.00000000     0.02446057   0.00000000    -0.00000000  -0.00000000
  0.00765391   0.00593251    -0.00000000  -0.00000000     0.04369581  -0.00000000
    2    3
  0.00289162  -0.00366800    -0.00000000   0.00000000     0.01680214   0.00095962
 -0.00000000   0.00000000    -0.01448960   0.01498433     0.00000000  -0.00000000
  0.01680214   0.00095962     0.00000000  -0.00000000     0.01648398  -0.00218501
    2    4
 -0.00750230   0.00924778    -0.00018627   0.00625592    -0.00361874  -0.00006552
 -0.01413389   0.01408418    -0.00083368   0.00087819    -0.00949086   0.01052184
 -0.00534972   0.00133375    -0.00089215   0.00313925    -0.00326250   0.00351470
    2    5
 -0.01184409   0.00123424     0.00455532  -0.00429189    -0.00251251  -0.00260516
  0.01995319   0.00003515    -0.00121047   0.00003147     0.01415112  -0.00072901
 -0.00472593  -0.00283972     0.00285063  -0.00158894    -0.00479220   0.00017833
    2    6
  0.02555262  -0.00167246    -0.00000000   0.00000000     0.00974342  -0.00000000
 -0.00000000  -0.00000000     0.01559888  -0.00000000     0.00000000  -0.00000000
  0.02195626  -0.00000000    -0.00000000  -0.00000000     0.02555262   0.00167246
    2    7
 -0.00092408  -0.00191183    -0.00000000   0.00000000     0.01504440   0.00754741
 -0.00000000   0.00000000    -0.00973990   0.01294428     0.00000000  -0.00000000
  0.03566662  -0.00216165     0.00000000  -0.00000000    -0.00092408  -0.00191183
    3    1
 -0.01711859  -0.01793163     0.00000000  -0.00000000    -0.00710665   0.02885778
 -0.00000000  -0.00000000    -0.00229385  -0.00252101     0.00000000  -0.00000000
  0.01231052  -0.01899904    -0.00000000  -0.00000000     0.02000189   0.01177495
    3    2
  0.00289162   0.00366800    -0.00000000  -0.00000000     0.01680214  -0.00095962
 -0.00000000  -0.00000000    -0.01448960  -0.01498433     0.00000000   0.00000000
  0.01680214  -0.00095962     0.00000000   0.00000000     0.01648398   0.00218501
    3    3
  0.03510041  -0.00000000    -0.00000000   0.00000000     0.00765391   0.00593251
  0.00000000   0.00000000     0.02446057  -0.00000000    -0.00000000   0.00000000
  0.00765391  -0.00593251    -0.00000000   0.00000000     0.04369581   0.00000000
    3    4
 -0.01184409  -0.00123424     0.00455532   0.00429189    -0.00251251   0.00260516
  0.01995319  -0.00003515    -0.00121047  -0.00003147     0.01415112   0.00072901
 -0.00472593   0.00283972     0.00285063   0.00158894    -0.00479220  -0.00017833
    3    5
 -0.00750230  -0.00924778    -0.00018627  -0.00625592    -0.00361874   0.00006552
 -0.01413389  -0.01408418    -0.00083368  -0.00087819    -0.00949086  -0.01052184
 -0.00534972  -0.00133375    -0.00089215  -0.00313925    -0.00326250  -0.00351470
    3    6
 -0.00092408   0.00191183    -0.00000000  -0.00000000     0.01504440  -0.00754741
 -0.00000000  -0.00000000    -0.00973990  -0.01294428     0.00000000   0.00000000
  0.03566662   0.00216165     0.00000000   0.00000000    -0.00092408   0.00191183
    3    7
  0.02555262   0.00167246     0.00000000  -0.00000000     0.00974342   0.00000000
 -0.00000000  -0.00000000     0.01559888   0.00000000    -0.00000000   0.00000000
  0.02195626   0.00000000    -0.00000000   0.00000000     0.02555262  -0.00167246
    4    1
 -0.00538066   0.01299005    -0.00351112  -0.00145435     0.00351414  -0.00848388
 -0.01015009  -0.00420431     0.00000000  -0.00000000     0.01015009   0.00420431
 -0.00351414   0.00848388     0.00351112   0.00145435     0.00538066  -0.01299005
    4    2
 -0.00750230  -0.00924778    -0.01413389  -0.01408418    -0.00534972  -0.00133375
 -0.00018627  -0.00625592    -0.00083368  -0.00087819    -0.00089215  -0.00313925
 -0.00361874   0.00006552    -0.00949086  -0.01052184    -0.00326250  -0.00351470
    4    3
 -0.01184409   0.00123424     0.01995319   0.00003515    -0.00472593  -0.00283972
  0.00455532  -0.00429189    -0.00121047   0.00003147     0.00285063  -0.00158894
 -0.00251251  -0.00260516     0.01415112  -0.00072901    -0.00479220   0.00017833
    4    4
  0.03180160  -0.00000000    -0.00000000  -0.00166419     0.01436159   0.00000000
 -0.00000000   0.00166419     0.00836286  -0.00000000    -0.00000000   0.00166419
  0.01436159   0.00000000    -0.00000000  -0.00166419     0.03180160  -0.00000000
    4    5
 -0.00553207  -0.00553207    -0.00216675   0.00216675    -0.00911156  -0.00911156
 -0.00216675   0.00216675     0.00114900   0.00114900    -0.00216675   0.00216675
 -0.00911156  -0.00911156    -0.00216675   0.00216675    -0.00553207  -0.00553207
    4    6
 -0.00326250  -0.00351470    -0.00949086  -0.01052184    -0.00361874   0.00006552
 -0.00089215  -0.00313925    -0.00083368  -0.00087819    -0.00018627  -0.00625592
 -0.00534972  -0.00133375    -0.01413389  -0.01408418    -0.00750230  -0.00924778
    4    7
 -0.00479220   0.00017833     0.01415112  -0.00072901    -0.00251251  -0.00260516
  0.00285063  -0.00158894    -0.00121047   0.00003147     0.00455532  -0.00429189
 -0.00472593  -0.00283972     0.01995319   0.00003515    -0.01184409   0.00123424
    5    1
  0.00538066   0.01299005     0.00351112  -0.00145435    -0.00351414  -0.00848388
  0.01015009  -0.00420430     0.00000000   0.00000000    -0.01015009   0.00420430
  0.00351414   0.00848388    -0.00351112   0.00145435    -0.00538066  -0.01299005
    5    2
 -0.01184409  -0.00123424     0.01995319  -0.00003515    -0.00472593   0.00283972
  0.00455532   0.00429189    -0.00121047  -0.00003147     0.00285063   0.00158894
 -0.00251251   0.00260516     0.01415112   0.00072901    -0.00479220  -0.00017833
    5    3
 -0.00750230   0.00924778    -0.01413389   0.01408418    -0.00534972   0.00133375
 -0.00018627   0.00625592    -0.00083368   0.00087819    -0.00089215   0.00313925
 -0.00361874  -0.00006552    -0.00949086   0.01052184    -0.00326250   0.00351470
    5    4
 -0.00553207   0.00553207    -0.00216675  -0.00216675    -0.00911156   0.00911156
 -0.00216675  -0.00216675     0.00114900  -0.00114900    -0.00216675  -0.00216675
 -0.00911156   0.00911156    -0.00216675  -0.00216675    -0.00553207   0.00553207
    5    5
  0.03180160  -0.00000000    -0.00000000   0.00166419     0.01436159   0.00000000
 -0.00000000  -0.00166419     0.00836286  -0.00000000    -0.00000000  -0.00166419
  0.01436159   0.00000000    -0.00000000   0.00166419     0.03180160   0.00000000
    5    6
 -0.00479220  -0.00017833     0.01415112   0.00072901    -0.00251251   0.00260516
  0.00285063   0.00158894    -0.00121047  -0.00003147     0.00455532   0.00429189
 -0.00472593   0.00283972     0.01995319  -0.00003515    -0.01184409  -0.00123424
    5    7
 -0.00326250   0.00351470    -0.00949086   0.01052184    -0.00361874  -0.00006552
 -0.00089215   0.00313925    -0.00083368   0.00087819    -0.00018627   0.00625592
 -0.00534972   0.00133375    -0.01413389   0.01408418    -0.00750230   0.00924778
    6    1
  0.02000189  -0.01177495    -0.00000000   0.00000000     0.01231052   0.01899904
  0.00000000   0.00000000    -0.00229385   0.00252101     0.00000000  -0.00000000
 -0.00710665  -0.02885778     0.00000000  -0.00000000    -0.01711859   0.01793163
    6    2
  0.02555262   0.00167246    -0.00000000  -0.00000000     0.02195626   0.00000000
 -0.00000000  -0.00000000     0.01559888   0.00000000    -0.00000000   0.00000000
  0.00974342   0.00000000    -0.00000000   0.00000000     0.02555262  -0.00167246
    6    3
 -0.00092408  -0.00191183    -0.00000000   0.00000000     0.03566662  -0.00216165
 -0.00000000   0.00000000    -0.00973990   0.01294428     0.00000000  -0.00000000
  0.01504440   0.00754741     0.00000000  -0.00000000    -0.00092408  -0.00191183
    6    4
 -0.00326250   0.00351470    -0.00089215   0.00313925    -0.00534972   0.00133375
 -0.00949086   0.01052184    -0.00083368   0.00087819    -0.01413389   0.01408418
 -0.00361874  -0.00006552    -0.00018627   0.00625592    -0.00750230   0.00924778
    6    5
 -0.00479220   0.00017833     0.00285063  -0.00158894    -0.00472593  -0.00283972
  0.01415112  -0.00072901    -0.00121047   0.00003147     0.01995319   0.00003515
 -0.00251251  -0.00260516     0.00455532  -0.00429189    -0.01184409   0.00123424
    6    6
  0.04369581  -0.00000000     0.00000000  -0.00000000     0.00765391   0.00593251
  0.00000000   0.00000000     0.02446057   0.00000000    -0.00000000   0.00000000
  0.00765391  -0.00593251    -0.00000000  -0.00000000     0.03510041   0.00000000
    6    7
  0.01648398  -0.00218501    -0.00000000   0.00000000     0.01680214   0.00095962
 -0.00000000   0.00000000    -0.01448960   0.01498433     0.00000000  -0.00000000
  0.01680214   0.00095962     0.00000000  -0.00000000     0.00289162  -0.00366800
    7    1
 -0.02000189  -0.01177495    -0.00000000  -0.00000000    -0.01231052   0.01899904
  0.00000000  -0.00000000     0.00229385   0.00252101    -0.00000000  -0.00000000
  0.00710665  -0.02885778     0.00000000  -0.00000000     0.01711859   0.01793163
    7    2
 -0.00092408   0.00191183    -0.00000000  -0.00000000     0.03566662   0.00216165
 -0.00000000  -0.00000000    -0.00973990  -0.01294428     0.00000000   0.00000000
  0.01504440  -0.00754741     0.00000000   0.00000000    -0.00092408   0.00191183
    7    3
  0.02555262  -0.00167246     0.00000000   0.00000000     0.02195626  -0.00000000
  0.00000000   0.00000000     0.01559888  -0.00000000    -0.00000000  -0.00000000
  0.00974342  -0.00000000    -0.00000000  -0.00000000     0.02555262   0.00167246
    7    4
 -0.00479220  -0.00017833     0.00285063   0.00158894    -0.00472593   0.00283972
  0.01415112   0.00072901    -0.00121047  -0.00003147     0.01995319  -0.00003515
 -0.00251251   0.00260516     0.00455532   0.00429189    -0.01184409  -0.00123424
    7    5
 -0.00326250  -0.00351470    -0.00089215  -0.00313925    -0.00534972  -0.00133375
 -0.00949086  -0.01052184    -0.00083368  -0.00087819    -0.01413389  -0.01408418
 -0.00361874   0.00006552    -0.00018627  -0.00625592    -0.00750230  -0.00924778
    7    6
  0.01648398   0.00218501    -0.00000000  -0.00000000     0.01680214  -0.00095962
 -0.00000000  -0.00000000    -0.01448960  -0.01498433     0.00000000   0.00000000
  0.01680214  -0.00095962     0.00000000   0.00000000     0.00289162   0.00366800
    7    7
  0.04369581   0.00000000    -0.00000000   0.00000000     0.00765391  -0.00593251
  0.00000000  -0.00000000     0.02446057  -0.00000000    -0.00000000   0.00000000
  0.00765391   0.00593251    -0.00000000   0.00000000     0.03510041   0.00000000

     Dynamical  Matrix in cartesian axes

     q = (    0.324759500   0.866025400   0.324759500 ) 

    1    1
  0.12398107   0.00000000     0.00000000  -0.00000000    -0.02437536   0.00000000
  0.00000000  -0.00000000     0.01293116   0.00000000    -0.00000000   0.00000000
 -0.02437536  -0.00000000    -0.00000000   0.00000000     0.12398107  -0.00000000
    1    2
 -0.02478425   0.00057490    -0.00000000  -0.00000000     0.00472950  -0.02213920
 -0.00000000   0.00000000    -0.00340462   0.00016063     0.00000000   0.00000000
 -0.01538038   0.02543069     0.00000000  -0.00000000     0.02246962   0.00581733
    1    3
 -0.01711859  -0.01793163     0.00000000  -0.00000000    -0.01231052   0.01899904
  0.00000000   0.00000000    -0.00229385  -0.00252101     0.00000000  -0.00000000
  0.00710665  -0.02885778    -0.00000000   0.00000000     0.02000189   0.01177495
    1    4
 -0.00538066   0.01299005    -0.01015009  -0.00420430     0.00351414  -0.00848388
 -0.00351112  -0.00145435    -0.00000000   0.00000000    -0.00351112  -0.00145435
 -0.00351414   0.00848388    -0.01015009  -0.00420430     0.00538066  -0.01299005
    1    5
  0.00538066  -0.01299005    -0.01015009  -0.00420430    -0.00351414   0.00848388
 -0.00351112  -0.00145435    -0.00000000   0.00000000    -0.00351112  -0.00145435
  0.00351414  -0.00848388    -0.01015009  -0.00420430    -0.00538066   0.01299005
    1    6
  0.02000189   0.01177495    -0.00000000  -0.00000000     0.00710665  -0.02885778
  0.00000000  -0.00000000    -0.00229385  -0.00252101     0.00000000   0.00000000
 -0.01231052   0.01899904     0.00000000   0.00000000    -0.01711859  -0.01793163
    1    7
  0.02246962   0.00581733     0.00000000  -0.00000000    -0.01538038   0.02543069
  0.00000000   0.00000000    -0.00340462   0.00016063    -0.00000000   0.00000000
  0.00472950  -0.02213920    -0.00000000  -0.00000000    -0.02478425   0.00057490
    2    1
 -0.02478425  -0.00057490    -0.00000000  -0.00000000    -0.01538038  -0.02543069
 -0.00000000   0.00000000    -0.00340462  -0.00016063     0.00000000   0.00000000
  0.00472950   0.02213920     0.00000000  -0.00000000     0.02246962  -0.00581733
    2    2
  0.03510041   0.00000000    -0.00000000   0.00000000    -0.00765391  -0.00593251
 -0.00000000   0.00000000     0.02446057  -0.00000000    -0.00000000   0.00000000
 -0.00765391   0.00593251    -0.00000000  -0.00000000     0.04369581   0.00000000
    2    3
 -0.00463836  -0.00054898     0.00000000  -0.00000000     0.01120235  -0.01255946
  0.00000000  -0.00000000     0.02084122   0.00034982     0.00000000   0.00000000
  0.01120235  -0.01255946     0.00000000   0.00000000    -0.01320097   0.01011089
    2    4
  0.01184409   0.00123424     0.00455532   0.00429189    -0.00251251   0.00260516
  0.01995319  -0.00003515     0.00121047   0.00003147    -0.01415112  -0.00072901
 -0.00472593   0.00283972    -0.00285063  -0.00158894     0.00479220   0.00017833
    2    5
 -0.01184409  -0.00123424     0.00455532   0.00429189     0.00251251  -0.00260516
  0.01995319  -0.00003515    -0.00121047  -0.00003147    -0.01415112  -0.00072901
  0.00472593  -0.00283972    -0.00285063  -0.00158894    -0.00479220  -0.00017833
    2    6
  0.00069844   0.00200529    -0.00000000   0.00000000    -0.00530117   0.01597482
 -0.00000000   0.00000000    -0.01604013  -0.00226584    -0.00000000   0.00000000
 -0.02674862   0.02369159    -0.00000000   0.00000000     0.00069844   0.00200529
    2    7
 -0.02555262  -0.00167246    -0.00000000   0.00000000     0.00974342  -0.00000000
 -0.00000000   0.00000000    -0.01559888   0.00000000     0.00000000  -0.00000000
  0.02195626  -0.00000000     0.00000000  -0.00000000    -0.02555262   0.00167246
    3    1
 -0.01711859   0.01793163     0.00000000  -0.00000000     0.00710665   0.02885778
  0.00000000   0.00000000    -0.00229385   0.00252101    -0.00000000   0.00000000
 -0.01231052  -0.01899904    -0.00000000   0.00000000     0.02000189  -0.01177495
    3    2
 -0.00463836   0.00054898     0.00000000   0.00000000     0.01120235   0.01255946
  0.00000000   0.00000000     0.02084122  -0.00034982     0.00000000  -0.00000000
  0.01120235   0.01255946     0.00000000  -0.00000000    -0.01320097  -0.01011089
    3    3
  0.03510041   0.00000000    -0.00000000  -0.00000000    -0.00765391   0.00593251
 -0.00000000  -0.00000000     0.02446057   0.00000000    -0.00000000  -0.00000000
 -0.00765391  -0.00593251    -0.00000000   0.00000000     0.04369581  -0.00000000
    3    4
 -0.01184409   0.00123424     0.00455532  -0.00429189     0.00251251   0.00260516
  0.01995319   0.00003515    -0.00121047   0.00003147    -0.01415112   0.00072901
  0.00472593   0.00283972    -0.00285063   0.00158894    -0.00479220   0.00017833
    3    5
  0.01184409  -0.00123424     0.00455532  -0.00429189    -0.00251251  -0.00260516
  0.01995319   0.00003515     0.00121047  -0.00003147    -0.01415112   0.00072901
 -0.00472593  -0.00283972    -0.00285063   0.00158894     0.00479220  -0.00017833
    3    6
 -0.02555262   0.00167246    -0.00000000   0.00000000     0.00974342  -0.00000000
 -0.00000000  -0.00000000    -0.01559888   0.00000000     0.00000000   0.00000000
  0.02195626  -0.00000000     0.00000000   0.00000000    -0.02555262  -0.00167246
    3    7
  0.00069844  -0.00200529    -0.00000000  -0.00000000    -0.00530117  -0.01597482
 -0.00000000  -0.00000000    -0.01604013   0.00226584    -0.00000000  -0.00000000
 -0.02674862  -0.02369159    -0.00000000  -0.00000000     0.00069844  -0.00200529
    4    1
 -0.00538066  -0.01299005    -0.00351112   0.00145435    -0.00351414  -0.00848388
 -0.01015009   0.00420430    -0.00000000  -0.00000000    -0.01015009   0.00420430
  0.00351414   0.00848388    -0.00351112   0.00145435     0.00538066   0.01299005
    4    2
  0.01184409  -0.00123424     0.01995319   0.00003515    -0.00472593  -0.00283972
  0.00455532  -0.00429189     0.00121047  -0.00003147    -0.00285063   0.00158894
 -0.00251251  -0.00260516    -0.01415112   0.00072901     0.00479220  -0.00017833
    4    3
 -0.01184409  -0.00123424     0.01995319  -0.00003515     0.00472593  -0.00283972
  0.00455532   0.00429189    -0.00121047  -0.00003147    -0.00285063  -0.00158894
  0.00251251  -0.00260516    -0.01415112  -0.00072901    -0.00479220  -0.00017833
    4    4
  0.03180160  -0.00000000     0.00000000   0.00166419    -0.01436159   0.00000000
 -0.00000000  -0.00166419     0.00836286   0.00000000    -0.00000000   0.00166419
 -0.01436159  -0.00000000    -0.00000000  -0.00166419     0.03180160  -0.00000000
    4    5
  0.00782353   0.00000000     0.00000000   0.00306425    -0.01288569  -0.00000000
 -0.00000000   0.00306425    -0.00162493   0.00000000     0.00000000  -0.00306425
 -0.01288569  -0.00000000     0.00000000  -0.00306425     0.00782353   0.00000000
    4    6
  0.00479220   0.00017833    -0.01415112  -0.00072901    -0.00251251   0.00260516
 -0.00285063  -0.00158894     0.00121047   0.00003147     0.00455532   0.00429189
 -0.00472593   0.00283972     0.01995319  -0.00003515     0.01184409   0.00123424
    4    7
 -0.00479220   0.00017833    -0.01415112   0.00072901     0.00251251   0.00260516
 -0.00285063   0.00158894    -0.00121047   0.00003147     0.00455532  -0.00429189
  0.00472593   0.00283972     0.01995319   0.00003515    -0.01184409   0.00123424
    5    1
  0.00538066   0.01299005    -0.00351112   0.00145435     0.00351414   0.00848388
 -0.01015009   0.00420430    -0.00000000  -0.00000000    -0.01015009   0.00420430
 -0.00351414  -0.00848388    -0.00351112   0.00145435    -0.00538066  -0.01299005
    5    2
 -0.01184409   0.00123424     0.01995319   0.00003515     0.00472593   0.00283972
  0.00455532  -0.00429189    -0.00121047   0.00003147    -0.00285063   0.00158894
  0.00251251   0.00260516    -0.01415112   0.00072901    -0.00479220   0.00017833
    5    3
  0.01184409   0.00123424     0.01995319  -0.00003515    -0.00472593   0.00283972
  0.00455532   0.00429189     0.00121047   0.00003147    -0.00285063  -0.00158894
 -0.00251251   0.00260516    -0.01415112  -0.00072901     0.00479220   0.00017833
    5    4
  0.00782353  -0.00000000     0.00000000  -0.00306425    -0.01288569   0.00000000
  0.00000000  -0.00306425    -0.00162493   0.00000000     0.00000000   0.00306425
 -0.01288569   0.00000000     0.00000000   0.00306425     0.00782353  -0.00000000
    5    5
  0.03180160   0.00000000     0.00000000  -0.00166419    -0.01436159  -0.00000000
 -0.00000000   0.00166419     0.00836286  -0.00000000    -0.00000000  -0.00166419
 -0.01436159   0.00000000    -0.00000000   0.00166419     0.03180160  -0.00000000
    5    6
 -0.00479220  -0.00017833    -0.01415112  -0.00072901     0.00251251  -0.00260516
 -0.00285063  -0.00158894    -0.00121047  -0.00003147     0.00455532   0.00429189
  0.00472593  -0.00283972     0.01995319  -0.00003515    -0.01184409  -0.00123424
    5    7
  0.00479220  -0.00017833    -0.01415112   0.00072901    -0.00251251  -0.00260516
 -0.00285063   0.00158894     0.00121047  -0.00003147     0.00455532  -0.00429189
 -0.00472593  -0.00283972     0.01995319   0.00003515     0.01184409  -0.00123424
    6    1
  0.02000189  -0.01177495     0.00000000   0.00000000    -0.01231052  -0.01899904
 -0.00000000  -0.00000000    -0.00229385   0.00252101     0.00000000  -0.00000000
  0.00710665   0.02885778     0.00000000  -0.00000000    -0.01711859   0.01793163
    6    2
  0.00069844  -0.00200529    -0.00000000  -0.00000000    -0.02674862  -0.02369159
 -0.00000000  -0.00000000    -0.01604013   0.00226584    -0.00000000  -0.00000000
 -0.00530117  -0.01597482    -0.00000000  -0.00000000     0.00069844  -0.00200529
    6    3
 -0.02555262  -0.00167246    -0.00000000   0.00000000     0.02195626   0.00000000
 -0.00000000   0.00000000    -0.01559888  -0.00000000     0.00000000  -0.00000000
  0.00974342   0.00000000     0.00000000  -0.00000000    -0.02555262   0.00167246
    6    4
  0.00479220  -0.00017833    -0.00285063   0.00158894    -0.00472593  -0.00283972
 -0.01415112   0.00072901     0.00121047  -0.00003147     0.01995319   0.00003515
 -0.00251251  -0.00260516     0.00455532  -0.00429189     0.01184409  -0.00123424
    6    5
 -0.00479220   0.00017833    -0.00285063   0.00158894     0.00472593   0.00283972
 -0.01415112   0.00072901    -0.00121047   0.00003147     0.01995319   0.00003515
  0.00251251   0.00260516     0.00455532  -0.00429189    -0.01184409   0.00123424
    6    6
  0.04369581  -0.00000000    -0.00000000   0.00000000    -0.00765391  -0.00593251
  0.00000000  -0.00000000     0.02446057   0.00000000    -0.00000000  -0.00000000
 -0.00765391   0.00593251    -0.00000000   0.00000000     0.03510041   0.00000000
    6    7
 -0.01320097  -0.01011089     0.00000000  -0.00000000     0.01120235   0.01255946
  0.00000000  -0.00000000     0.02084122  -0.00034982     0.00000000   0.00000000
  0.01120235   0.01255946     0.00000000   0.00000000    -0.00463836   0.00054898
    7    1
  0.02246962  -0.00581733     0.00000000  -0.00000000     0.00472950   0.02213920
  0.00000000   0.00000000    -0.00340462  -0.00016063    -0.00000000   0.00000000
 -0.01538038  -0.02543069    -0.00000000  -0.00000000    -0.02478425  -0.00057490
    7    2
 -0.02555262   0.00167246    -0.00000000  -0.00000000     0.02195626   0.00000000
 -0.00000000  -0.00000000    -0.01559888  -0.00000000     0.00000000   0.00000000
  0.00974342   0.00000000     0.00000000   0.00000000    -0.02555262  -0.00167246
    7    3
  0.00069844   0.00200529    -0.00000000   0.00000000    -0.02674862   0.02369159
 -0.00000000   0.00000000    -0.01604013  -0.00226584    -0.00000000   0.00000000
 -0.00530117   0.01597482    -0.00000000   0.00000000     0.00069844   0.00200529
    7    4
 -0.00479220  -0.00017833    -0.00285063  -0.00158894     0.00472593  -0.00283972
 -0.01415112  -0.00072901    -0.00121047  -0.00003147     0.01995319  -0.00003515
  0.00251251  -0.00260516     0.00455532   0.00429189    -0.01184409  -0.00123424
    7    5
  0.00479220   0.00017833    -0.00285063  -0.00158894    -0.00472593   0.00283972
 -0.01415112  -0.00072901     0.00121047   0.00003147     0.01995319  -0.00003515
 -0.00251251   0.00260516     0.00455532   0.00429189     0.01184409   0.00123424
    7    6
 -0.01320097   0.01011089     0.00000000   0.00000000     0.01120235  -0.01255946
  0.00000000   0.00000000     0.02084122   0.00034982     0.00000000  -0.00000000
  0.01120235  -0.01255946     0.00000000  -0.00000000    -0.00463836  -0.00054898
    7    7
  0.04369581   0.00000000    -0.00000000  -0.00000000    -0.00765391   0.00593251
 -0.00000000   0.00000000     0.02446057  -0.00000000    -0.00000000   0.00000000
 -0.00765391  -0.00593251    -0.00000000   0.00000000     0.03510041  -0.00000000

     Dynamical  Matrix in cartesian axes

     q = (   -0.324759500   0.866025400  -0.324759500 ) 

    1    1
  0.12398107  -0.00000000     0.00000000   0.00000000    -0.02437536  -0.00000000
  0.00000000   0.00000000     0.01293116  -0.00000000    -0.00000000   0.00000000
 -0.02437536  -0.00000000    -0.00000000   0.00000000     0.12398107  -0.00000000
    1    2
 -0.02478425  -0.00057490     0.00000000  -0.00000000     0.00472950   0.02213920
  0.00000000   0.00000000    -0.00340462  -0.00016063    -0.00000000   0.00000000
 -0.01538038  -0.02543069    -0.00000000   0.00000000     0.02246962  -0.00581733
    1    3
 -0.01711859   0.01793163     0.00000000  -0.00000000    -0.01231052  -0.01899904
 -0.00000000  -0.00000000    -0.00229385   0.00252101    -0.00000000   0.00000000
  0.00710665   0.02885778     0.00000000   0.00000000     0.02000189  -0.01177495
    1    4
 -0.00538066  -0.01299005    -0.01015009   0.00420430     0.00351414   0.00848388
 -0.00351112   0.00145435    -0.00000000  -0.00000000    -0.00351112   0.00145435
 -0.00351414  -0.00848388    -0.01015009   0.00420430     0.00538066   0.01299005
    1    5
  0.00538066   0.01299005    -0.01015009   0.00420430    -0.00351414  -0.00848388
 -0.00351112   0.00145435    -0.00000000  -0.00000000    -0.00351112   0.00145435
  0.00351414   0.00848388    -0.01015009   0.00420430    -0.00538066  -0.01299005
    1    6
  0.02000189  -0.01177495     0.00000000   0.00000000     0.00710665   0.02885778
 -0.00000000   0.00000000    -0.00229385   0.00252101    -0.00000000  -0.00000000
 -0.01231052  -0.01899904     0.00000000  -0.00000000    -0.01711859   0.01793163
    1    7
  0.02246962  -0.00581733    -0.00000000   0.00000000    -0.01538038  -0.02543069
 -0.00000000  -0.00000000    -0.00340462  -0.00016063     0.00000000  -0.00000000
