  4.000000000000000E-002   1.25994432394592        2.39890022168420     
          12

     Dynamical  Matrix in cartesian axes

     q = (    0.216506351   0.216506351   0.000000000 ) 

    1    1
  0.07066683   0.00000000     0.04427294   0.00000000    -0.00000000   0.00000000
  0.04427294   0.00000000     0.07066683   0.00000000    -0.00000000   0.00000000
 -0.00000000   0.00000000    -0.00000000   0.00000000     0.01487127   0.00000000
    1    2
 -0.00532573   0.00913831     0.00211922   0.01049130     0.00000000   0.00000000
  0.00070239   0.00995979     0.00055418   0.01220917     0.00000000   0.00000000
  0.00000000   0.00000000     0.00000000   0.00000000    -0.00485607  -0.00689198
    1    3
 -0.00913831   0.00532573    -0.01049130  -0.00211922    -0.00000000  -0.00000000
 -0.00995979  -0.00070239    -0.01220917  -0.00055418    -0.00000000  -0.00000000
 -0.00000000  -0.00000000    -0.00000000  -0.00000000     0.00689198   0.00485607
    1    4
 -0.01220917  -0.00055418    -0.00995979  -0.00070239    -0.00000000  -0.00000000
 -0.01049130  -0.00211922    -0.00913831   0.00532573    -0.00000000  -0.00000000
 -0.00000000  -0.00000000    -0.00000000  -0.00000000     0.00689198   0.00485607
    1    5
  0.00055418   0.01220917     0.00070239   0.00995979     0.00000000   0.00000000
  0.00211922   0.01049130    -0.00532573   0.00913831     0.00000000   0.00000000
  0.00000000   0.00000000     0.00000000   0.00000000    -0.00485607  -0.00689198
    1    6
  0.00561955  -0.00561955     0.00414682  -0.00414682     0.00377273   0.00377273
  0.00414682  -0.00414682     0.00561955  -0.00561955    -0.00377273  -0.00377273
  0.00530494   0.00530494    -0.00530494  -0.00530494    -0.00279418   0.00279418
    1    7
  0.00561955  -0.00561955     0.00414682  -0.00414682    -0.00377273  -0.00377273
  0.00414682  -0.00414682     0.00561955  -0.00561955     0.00377273   0.00377273
 -0.00530494  -0.00530494     0.00530494   0.00530494    -0.00279418   0.00279418
    2    1
 -0.00532573  -0.00913831     0.00070239  -0.00995979     0.00000000  -0.00000000
  0.00211922  -0.01049130     0.00055418  -0.01220917     0.00000000  -0.00000000
  0.00000000  -0.00000000     0.00000000  -0.00000000    -0.00485607   0.00689198
    2    2
  0.02888260   0.00000000     0.00775064  -0.01067096     0.00000000   0.00000000
  0.00775064   0.01067096     0.06947028   0.00000000     0.00000000   0.00000000
 -0.00000000   0.00000000     0.00000000   0.00000000     0.02822000   0.00000000
    2    3
  0.00856968  -0.01220547     0.01091334   0.00745679     0.00000000   0.00000000
  0.01091334   0.00745679    -0.01706742   0.05755791     0.00000000   0.00000000
  0.00000000  -0.00000000     0.00000000   0.00000000    -0.02111540   0.00858044
    2    4
  0.01128698   0.01578076     0.00159284   0.01044289    -0.00000000   0.00000000
 -0.01672415   0.06045906     0.01128698   0.01578076    -0.00000000   0.00000000
 -0.00000000  -0.00000000    -0.00000000   0.00000000     0.00805427   0.00404141
    2    5
 -0.00069031  -0.01424186     0.00187538   0.00000000     0.00000000   0.00000000
  0.06380529  -0.00000000    -0.00069031   0.01424186     0.00000000   0.00000000
  0.00000000   0.00000000     0.00000000   0.00000000    -0.00762364   0.00000000
    2    6
 -0.00786719   0.00303602    -0.00026085  -0.00031496    -0.00288336  -0.00235632
 -0.00227330  -0.00455778    -0.00033359  -0.00669446    -0.00063706   0.00065214
 -0.02536841   0.00476244    -0.00921762  -0.00168667    -0.00253639  -0.00483116
    2    7
 -0.00786719   0.00303602    -0.00026085  -0.00031496     0.00288336   0.00235632
 -0.00227330  -0.00455778    -0.00033359  -0.00669446     0.00063706  -0.00065214
  0.02536841  -0.00476244     0.00921762   0.00168667    -0.00253639  -0.00483116
    3    1
 -0.00913831  -0.00532573    -0.00995979   0.00070239    -0.00000000   0.00000000
 -0.01049130   0.00211922    -0.01220917   0.00055418    -0.00000000   0.00000000
 -0.00000000   0.00000000    -0.00000000   0.00000000     0.00689198  -0.00485607
    3    2
  0.00856968   0.01220547     0.01091334  -0.00745679     0.00000000   0.00000000
  0.01091334  -0.00745679    -0.01706742  -0.05755791     0.00000000   0.00000000
  0.00000000  -0.00000000     0.00000000   0.00000000    -0.02111540  -0.00858044
    3    3
  0.02888260  -0.00000000     0.00775064   0.01067096    -0.00000000  -0.00000000
  0.00775064  -0.01067096     0.06947028  -0.00000000     0.00000000  -0.00000000
  0.00000000   0.00000000     0.00000000   0.00000000     0.02822000  -0.00000000
    3    4
 -0.00069031   0.01424186     0.00187538  -0.00000000     0.00000000   0.00000000
  0.06380529   0.00000000    -0.00069031  -0.01424186     0.00000000   0.00000000
  0.00000000   0.00000000     0.00000000   0.00000000    -0.00762364  -0.00000000
    3    5
  0.01128698  -0.01578076     0.00159284  -0.01044289     0.00000000   0.00000000
 -0.01672415  -0.06045906     0.01128698  -0.01578076     0.00000000   0.00000000
  0.00000000   0.00000000     0.00000000   0.00000000     0.00805427  -0.00404141
    3    6
 -0.00786719  -0.00303602    -0.00026085   0.00031496     0.00288336  -0.00235632
 -0.00227330   0.00455778    -0.00033359   0.00669446     0.00063706   0.00065214
  0.02536841   0.00476244     0.00921762  -0.00168667    -0.00253639   0.00483116
    3    7
 -0.00786719  -0.00303602    -0.00026085   0.00031496    -0.00288336   0.00235632
 -0.00227330   0.00455778    -0.00033359   0.00669446    -0.00063706  -0.00065214
 -0.02536841  -0.00476244    -0.00921762   0.00168667    -0.00253639   0.00483116
    4    1
 -0.01220917   0.00055418    -0.01049130   0.00211922    -0.00000000   0.00000000
 -0.00995979   0.00070239    -0.00913831  -0.00532573    -0.00000000   0.00000000
 -0.00000000   0.00000000    -0.00000000   0.00000000     0.00689198  -0.00485607
    4    2
  0.01128698  -0.01578076    -0.01672415  -0.06045906    -0.00000000   0.00000000
  0.00159284  -0.01044289     0.01128698  -0.01578076    -0.00000000   0.00000000
 -0.00000000   0.00000000    -0.00000000   0.00000000     0.00805427  -0.00404141
    4    3
 -0.00069031  -0.01424186     0.06380529   0.00000000     0.00000000  -0.00000000
  0.00187538   0.00000000    -0.00069031   0.01424186     0.00000000  -0.00000000
  0.00000000   0.00000000     0.00000000   0.00000000    -0.00762364  -0.00000000
    4    4
  0.06947028  -0.00000000     0.00775064  -0.01067096    -0.00000000   0.00000000
  0.00775064   0.01067096     0.02888260   0.00000000    -0.00000000   0.00000000
 -0.00000000   0.00000000    -0.00000000   0.00000000     0.02822000  -0.00000000
    4    5
 -0.01706742  -0.05755791     0.01091334  -0.00745679     0.00000000   0.00000000
  0.01091334  -0.00745679     0.00856968   0.01220547     0.00000000   0.00000000
  0.00000000   0.00000000     0.00000000   0.00000000    -0.02111540  -0.00858044
    4    6
 -0.00033359   0.00669446    -0.00227330   0.00455778    -0.00063706  -0.00065214
 -0.00026085   0.00031496    -0.00786719  -0.00303602    -0.00288336   0.00235632
 -0.00921762   0.00168667    -0.02536841  -0.00476244    -0.00253639   0.00483116
    4    7
 -0.00033359   0.00669446    -0.00227330   0.00455778     0.00063706   0.00065214
 -0.00026085   0.00031496    -0.00786719  -0.00303602     0.00288336  -0.00235632
  0.00921762  -0.00168667     0.02536841   0.00476244    -0.00253639   0.00483116
    5    1
  0.00055418  -0.01220917     0.00211922  -0.01049130     0.00000000   0.00000000
  0.00070239  -0.00995979    -0.00532573  -0.00913831     0.00000000  -0.00000000
  0.00000000   0.00000000    -0.00000000  -0.00000000    -0.00485607   0.00689198
    5    2
 -0.00069031   0.01424186     0.06380529  -0.00000000     0.00000000   0.00000000
  0.00187538   0.00000000    -0.00069031  -0.01424186    -0.00000000   0.00000000
  0.00000000   0.00000000     0.00000000   0.00000000    -0.00762364   0.00000000
    5    3
  0.01128698   0.01578076    -0.01672415   0.06045906    -0.00000000  -0.00000000
  0.00159284   0.01044289     0.01128698   0.01578076    -0.00000000  -0.00000000
 -0.00000000  -0.00000000    -0.00000000  -0.00000000     0.00805427   0.00404141
    5    4
 -0.01706742   0.05755791     0.01091334   0.00745679     0.00000000  -0.00000000
  0.01091334   0.00745679     0.00856968  -0.01220547     0.00000000  -0.00000000
  0.00000000   0.00000000     0.00000000   0.00000000    -0.02111540   0.00858044
    5    5
  0.06947028   0.00000000     0.00775064   0.01067096     0.00000000   0.00000000
  0.00775064  -0.01067096     0.02888260   0.00000000     0.00000000   0.00000000
  0.00000000   0.00000000     0.00000000   0.00000000     0.02822000   0.00000000
    5    6
 -0.00033359  -0.00669446    -0.00227330  -0.00455778     0.00063706  -0.00065214
 -0.00026085  -0.00031496    -0.00786719   0.00303602     0.00288336   0.00235632
  0.00921762   0.00168667     0.02536841  -0.00476244    -0.00253639  -0.00483116
    5    7
 -0.00033359  -0.00669446    -0.00227330  -0.00455778    -0.00063706   0.00065214
 -0.00026085  -0.00031496    -0.00786719   0.00303602    -0.00288336  -0.00235632
 -0.00921762  -0.00168667    -0.02536841   0.00476244    -0.00253639  -0.00483116
    6    1
  0.00561955   0.00561955     0.00414682   0.00414682     0.00530494  -0.00530494
  0.00414682   0.00414682     0.00561955   0.00561955    -0.00530494   0.00530494
  0.00377273  -0.00377273    -0.00377273   0.00377273    -0.00279418  -0.00279418
    6    2
 -0.00786719  -0.00303602    -0.00227330   0.00455778    -0.02536841  -0.00476244
 -0.00026085   0.00031496    -0.00033359   0.00669446    -0.00921762   0.00168667
 -0.00288336   0.00235632    -0.00063706  -0.00065214    -0.00253639   0.00483116
    6    3
 -0.00786719   0.00303602    -0.00227330  -0.00455778     0.02536841  -0.00476244
 -0.00026085  -0.00031496    -0.00033359  -0.00669446     0.00921762   0.00168667
  0.00288336   0.00235632     0.00063706  -0.00065214    -0.00253639  -0.00483116
    6    4
 -0.00033359  -0.00669446    -0.00026085  -0.00031496    -0.00921762  -0.00168667
 -0.00227330  -0.00455778    -0.00786719   0.00303602    -0.02536841   0.00476244
 -0.00063706   0.00065214    -0.00288336  -0.00235632    -0.00253639  -0.00483116
    6    5
 -0.00033359   0.00669446    -0.00026085   0.00031496     0.00921762  -0.00168667
 -0.00227330   0.00455778    -0.00786719  -0.00303602     0.02536841   0.00476244
  0.00063706   0.00065214     0.00288336  -0.00235632    -0.00253639   0.00483116
    6    6
  0.03452751  -0.00000000     0.01312848  -0.00000000    -0.00000000   0.00469344
  0.01312848   0.00000000     0.03452751  -0.00000000    -0.00000000  -0.00469344
 -0.00000000  -0.00469344    -0.00000000   0.00469344     0.00978561   0.00000000
    6    7
 -0.02003965  -0.00000000    -0.00919651   0.00000000    -0.00000000   0.00405407
 -0.00919651  -0.00000000    -0.02003965   0.00000000    -0.00000000  -0.00405407
 -0.00000000   0.00405407    -0.00000000  -0.00405407     0.00118613   0.00000000
    7    1
  0.00561955   0.00561955     0.00414682   0.00414682    -0.00530494   0.00530494
  0.00414682   0.00414682     0.00561955   0.00561955     0.00530494  -0.00530494
 -0.00377273   0.00377273     0.00377273  -0.00377273    -0.00279418  -0.00279418
    7    2
 -0.00786719  -0.00303602    -0.00227330   0.00455778     0.02536841   0.00476244
 -0.00026085   0.00031496    -0.00033359   0.00669446     0.00921762  -0.00168667
  0.00288336  -0.00235632     0.00063706   0.00065214    -0.00253639   0.00483116
    7    3
 -0.00786719   0.00303602    -0.00227330  -0.00455778    -0.02536841   0.00476244
 -0.00026085  -0.00031496    -0.00033359  -0.00669446    -0.00921762  -0.00168667
 -0.00288336  -0.00235632    -0.00063706   0.00065214    -0.00253639  -0.00483116
    7    4
 -0.00033359  -0.00669446    -0.00026085  -0.00031496     0.00921762   0.00168667
 -0.00227330  -0.00455778    -0.00786719   0.00303602     0.02536841  -0.00476244
  0.00063706  -0.00065214     0.00288336   0.00235632    -0.00253639  -0.00483116
    7    5
 -0.00033359   0.00669446    -0.00026085   0.00031496    -0.00921762   0.00168667
 -0.00227330   0.00455778    -0.00786719  -0.00303602    -0.02536841  -0.00476244
 -0.00063706  -0.00065214    -0.00288336   0.00235632    -0.00253639   0.00483116
    7    6
 -0.02003965   0.00000000    -0.00919651  -0.00000000    -0.00000000  -0.00405407
 -0.00919651   0.00000000    -0.02003965  -0.00000000    -0.00000000   0.00405407
 -0.00000000  -0.00405407    -0.00000000   0.00405407     0.00118613   0.00000000
    7    7
  0.03452751   0.00000000     0.01312848   0.00000000    -0.00000000  -0.00469344
  0.01312848  -0.00000000     0.03452751  -0.00000000    -0.00000000   0.00469344
 -0.00000000   0.00469344    -0.00000000  -0.00469344     0.00978561   0.00000000

     Dynamical  Matrix in cartesian axes

     q = (    0.216506351  -0.216506351   0.000000000 ) 

    1    1
  0.07066683   0.00000000    -0.04427294   0.00000000    -0.00000000   0.00000000
 -0.04427294   0.00000000     0.07066683   0.00000000    -0.00000000   0.00000000
 -0.00000000   0.00000000    -0.00000000   0.00000000     0.01487127   0.00000000
    1    2
 -0.00532573   0.00913831    -0.00211922  -0.01049130     0.00000000  -0.00000000
 -0.00070239  -0.00995979     0.00055418   0.01220917     0.00000000   0.00000000
  0.00000000  -0.00000000     0.00000000   0.00000000    -0.00485607  -0.00689198
    1    3
 -0.00532573  -0.00913831    -0.00211922   0.01049130     0.00000000   0.00000000
 -0.00070239   0.00995979     0.00055418  -0.01220917     0.00000000  -0.00000000
  0.00000000   0.00000000     0.00000000  -0.00000000    -0.00485607   0.00689198
    1    4
  0.00055418   0.01220917    -0.00070239  -0.00995979     0.00000000  -0.00000000
 -0.00211922  -0.01049130    -0.00532573   0.00913831     0.00000000   0.00000000
  0.00000000   0.00000000     0.00000000   0.00000000    -0.00485607  -0.00689198
    1    5
  0.00055418  -0.01220917    -0.00070239   0.00995979     0.00000000   0.00000000
 -0.00211922   0.01049130    -0.00532573  -0.00913831     0.00000000  -0.00000000
  0.00000000   0.00000000     0.00000000  -0.00000000    -0.00485607   0.00689198
    1    6
  0.00561955   0.00561955    -0.00414682  -0.00414682    -0.00377273   0.00377273
 -0.00414682  -0.00414682     0.00561955   0.00561955    -0.00377273   0.00377273
 -0.00530494   0.00530494    -0.00530494   0.00530494    -0.00279418  -0.00279418
    1    7
  0.00561955  -0.00561955    -0.00414682   0.00414682    -0.00377273  -0.00377273
 -0.00414682   0.00414682     0.00561955  -0.00561955    -0.00377273  -0.00377273
 -0.00530494  -0.00530494    -0.00530494  -0.00530494    -0.00279418   0.00279418
    2    1
 -0.00532573  -0.00913831    -0.00070239   0.00995979     0.00000000   0.00000000
 -0.00211922   0.01049130     0.00055418  -0.01220917     0.00000000   0.00000000
  0.00000000   0.00000000     0.00000000   0.00000000    -0.00485607   0.00689198
    2    2
  0.02888260  -0.00000000    -0.00775064   0.01067096    -0.00000000   0.00000000
 -0.00775064  -0.01067096     0.06947028   0.00000000     0.00000000   0.00000000
 -0.00000000   0.00000000     0.00000000   0.00000000     0.02822000   0.00000000
    2    3
  0.01220547   0.00856968     0.00745679  -0.01091334    -0.00000000   0.00000000
  0.00745679  -0.01091334    -0.05755791  -0.01706742    -0.00000000   0.00000000
  0.00000000   0.00000000    -0.00000000   0.00000000    -0.00858044  -0.02111540
    2    4
 -0.00069031  -0.01424186    -0.00187538  -0.00000000    -0.00000000  -0.00000000
 -0.06380529  -0.00000000    -0.00069031   0.01424186    -0.00000000  -0.00000000
 -0.00000000   0.00000000     0.00000000   0.00000000    -0.00762364  -0.00000000
    2    5
 -0.01578076   0.01128698     0.01044289  -0.00159284     0.00000000  -0.00000000
  0.06045906   0.01672415    -0.01578076   0.01128698    -0.00000000  -0.00000000
 -0.00000000  -0.00000000    -0.00000000  -0.00000000    -0.00404141   0.00805427
    2    6
 -0.00303602  -0.00786719    -0.00031496   0.00026085     0.00235632  -0.00288336
 -0.00455778   0.00227330     0.00669446  -0.00033359     0.00065214   0.00063706
 -0.00476244  -0.02536841    -0.00168667   0.00921762     0.00483116  -0.00253639
    2    7
 -0.00786719   0.00303602     0.00026085   0.00031496     0.00288336   0.00235632
  0.00227330   0.00455778    -0.00033359  -0.00669446    -0.00063706   0.00065214
  0.02536841  -0.00476244    -0.00921762  -0.00168667    -0.00253639  -0.00483116
    3    1
 -0.00532573   0.00913831    -0.00070239  -0.00995979     0.00000000   0.00000000
 -0.00211922  -0.01049130     0.00055418   0.01220917     0.00000000   0.00000000
  0.00000000  -0.00000000     0.00000000  -0.00000000    -0.00485607  -0.00689198
    3    2
  0.01220547  -0.00856968     0.00745679   0.01091334    -0.00000000  -0.00000000
  0.00745679   0.01091334    -0.05755791   0.01706742    -0.00000000  -0.00000000
 -0.00000000  -0.00000000    -0.00000000  -0.00000000    -0.00858044   0.02111540
    3    3
  0.02888260   0.00000000    -0.00775064  -0.01067096    -0.00000000   0.00000000
 -0.00775064   0.01067096     0.06947028  -0.00000000    -0.00000000   0.00000000
 -0.00000000   0.00000000     0.00000000   0.00000000     0.02822000  -0.00000000
    3    4
 -0.01578076  -0.01128698     0.01044289   0.00159284     0.00000000   0.00000000
  0.06045906  -0.01672415    -0.01578076  -0.01128698    -0.00000000   0.00000000
 -0.00000000   0.00000000     0.00000000   0.00000000    -0.00404141  -0.00805427
    3    5
 -0.00069031   0.01424186    -0.00187538  -0.00000000     0.00000000   0.00000000
 -0.06380529  -0.00000000    -0.00069031  -0.01424186     0.00000000   0.00000000
  0.00000000  -0.00000000     0.00000000  -0.00000000    -0.00762364  -0.00000000
    3    6
 -0.00786719  -0.00303602     0.00026085  -0.00031496     0.00288336  -0.00235632
  0.00227330  -0.00455778    -0.00033359   0.00669446    -0.00063706  -0.00065214
  0.02536841   0.00476244    -0.00921762   0.00168667    -0.00253639   0.00483116
    3    7
 -0.00303602   0.00786719    -0.00031496  -0.00026085     0.00235632   0.00288336
 -0.00455778  -0.00227330     0.00669446   0.00033359     0.00065214  -0.00063706
 -0.00476244   0.02536841    -0.00168667  -0.00921762     0.00483116   0.00253639
    4    1
  0.00055418  -0.01220917    -0.00211922   0.01049130     0.00000000   0.00000000
 -0.00070239   0.00995979    -0.00532573  -0.00913831     0.00000000  -0.00000000
  0.00000000   0.00000000     0.00000000  -0.00000000    -0.00485607   0.00689198
    4    2
 -0.00069031   0.01424186    -0.06380529   0.00000000     0.00000000   0.00000000
 -0.00187538   0.00000000    -0.00069031  -0.01424186     0.00000000   0.00000000
  0.00000000   0.00000000     0.00000000   0.00000000    -0.00762364   0.00000000
    4    3
 -0.01578076   0.01128698     0.06045906   0.01672415    -0.00000000  -0.00000000
  0.01044289  -0.00159284    -0.01578076   0.01128698    -0.00000000  -0.00000000
 -0.00000000  -0.00000000    -0.00000000  -0.00000000    -0.00404141   0.00805427
    4    4
  0.06947028   0.00000000    -0.00775064  -0.01067096    -0.00000000   0.00000000
 -0.00775064   0.01067096     0.02888260  -0.00000000    -0.00000000   0.00000000
 -0.00000000   0.00000000    -0.00000000   0.00000000     0.02822000   0.00000000
    4    5
 -0.05755791  -0.01706742     0.00745679  -0.01091334     0.00000000   0.00000000
  0.00745679  -0.01091334     0.01220547   0.00856968     0.00000000   0.00000000
  0.00000000   0.00000000     0.00000000   0.00000000    -0.00858044  -0.02111540
    4    6
  0.00669446  -0.00033359    -0.00455778   0.00227330     0.00065214   0.00063706
 -0.00031496   0.00026085    -0.00303602  -0.00786719     0.00235632  -0.00288336
 -0.00168667   0.00921762    -0.00476244  -0.02536841     0.00483116  -0.00253639
    4    7
 -0.00033359  -0.00669446     0.00227330   0.00455778    -0.00063706   0.00065214
  0.00026085   0.00031496    -0.00786719   0.00303602     0.00288336   0.00235632
 -0.00921762  -0.00168667     0.02536841  -0.00476244    -0.00253639  -0.00483116
    5    1
  0.00055418   0.01220917    -0.00211922  -0.01049130     0.00000000  -0.00000000
 -0.00070239  -0.00995979    -0.00532573   0.00913831     0.00000000   0.00000000
  0.00000000  -0.00000000     0.00000000   0.00000000    -0.00485607  -0.00689198
    5    2
 -0.01578076  -0.01128698     0.06045906  -0.01672415     0.00000000   0.00000000
  0.01044289   0.00159284    -0.01578076  -0.01128698     0.00000000   0.00000000
  0.00000000   0.00000000     0.00000000   0.00000000    -0.00404141  -0.00805427
    5    3
 -0.00069031  -0.01424186    -0.06380529   0.00000000     0.00000000  -0.00000000
 -0.00187538  -0.00000000    -0.00069031   0.01424186     0.00000000  -0.00000000
  0.00000000   0.00000000     0.00000000   0.00000000    -0.00762364   0.00000000
    5    4
 -0.05755791   0.01706742     0.00745679   0.01091334     0.00000000  -0.00000000
  0.00745679   0.01091334     0.01220547  -0.00856968     0.00000000  -0.00000000
 -0.00000000  -0.00000000    -0.00000000  -0.00000000    -0.00858044   0.02111540
    5    5
  0.06947028  -0.00000000    -0.00775064   0.01067096    -0.00000000   0.00000000
 -0.00775064  -0.01067096     0.02888260   0.00000000    -0.00000000   0.00000000
  0.00000000   0.00000000    -0.00000000   0.00000000     0.02822000  -0.00000000
    5    6
 -0.00033359   0.00669446     0.00227330  -0.00455778    -0.00063706  -0.00065214
  0.00026085  -0.00031496    -0.00786719  -0.00303602     0.00288336  -0.00235632
 -0.00921762   0.00168667     0.02536841   0.00476244    -0.00253639   0.00483116
    5    7
  0.00669446   0.00033359    -0.00455778  -0.00227330     0.00065214  -0.00063706
 -0.00031496  -0.00026085    -0.00303602   0.00786719     0.00235632   0.00288336
 -0.00168667  -0.00921762    -0.00476244   0.02536841     0.00483116   0.00253639
    6    1
  0.00561955  -0.00561955    -0.00414682   0.00414682    -0.00530494  -0.00530494
 -0.00414682   0.00414682     0.00561955  -0.00561955    -0.00530494  -0.00530494
 -0.00377273  -0.00377273    -0.00377273  -0.00377273    -0.00279418   0.00279418
    6    2
 -0.00303602   0.00786719    -0.00455778  -0.00227330    -0.00476244   0.02536841
 -0.00031496  -0.00026085     0.00669446   0.00033359    -0.00168667  -0.00921762
  0.00235632   0.00288336     0.00065214  -0.00063706     0.00483116   0.00253639
    6    3
 -0.00786719   0.00303602     0.00227330   0.00455778     0.02536841  -0.00476244
  0.00026085   0.00031496    -0.00033359  -0.00669446    -0.00921762  -0.00168667
  0.00288336   0.00235632    -0.00063706   0.00065214    -0.00253639  -0.00483116
    6    4
  0.00669446   0.00033359    -0.00031496  -0.00026085    -0.00168667  -0.00921762
 -0.00455778  -0.00227330    -0.00303602   0.00786719    -0.00476244   0.02536841
  0.00065214  -0.00063706     0.00235632   0.00288336     0.00483116   0.00253639
    6    5
 -0.00033359  -0.00669446     0.00026085   0.00031496    -0.00921762  -0.00168667
  0.00227330   0.00455778    -0.00786719   0.00303602     0.02536841  -0.00476244
 -0.00063706   0.00065214     0.00288336   0.00235632    -0.00253639  -0.00483116
    6    6
  0.03452751  -0.00000000    -0.01312848   0.00000000    -0.00000000   0.00469344
 -0.01312848  -0.00000000     0.03452751   0.00000000    -0.00000000   0.00469344
 -0.00000000  -0.00469344    -0.00000000  -0.00469344     0.00978561   0.00000000
    6    7
 -0.00000000   0.02003965     0.00000000  -0.00919651     0.00405407  -0.00000000
  0.00000000  -0.00919651    -0.00000000   0.02003965     0.00405407   0.00000000
  0.00405407  -0.00000000     0.00405407   0.00000000     0.00000000  -0.00118613
    7    1
  0.00561955   0.00561955    -0.00414682  -0.00414682    -0.00530494   0.00530494
 -0.00414682  -0.00414682     0.00561955   0.00561955    -0.00530494   0.00530494
 -0.00377273   0.00377273    -0.00377273   0.00377273    -0.00279418  -0.00279418
    7    2
 -0.00786719  -0.00303602     0.00227330  -0.00455778     0.02536841   0.00476244
  0.00026085  -0.00031496    -0.00033359   0.00669446    -0.00921762   0.00168667
  0.00288336  -0.00235632    -0.00063706  -0.00065214    -0.00253639   0.00483116
    7    3
 -0.00303602  -0.00786719    -0.00455778   0.00227330    -0.00476244  -0.02536841
 -0.00031496   0.00026085     0.00669446  -0.00033359    -0.00168667   0.00921762
  0.00235632  -0.00288336     0.00065214   0.00063706     0.00483116  -0.00253639
    7    4
 -0.00033359   0.00669446     0.00026085  -0.00031496    -0.00921762   0.00168667
  0.00227330  -0.00455778    -0.00786719  -0.00303602     0.02536841   0.00476244
 -0.00063706  -0.00065214     0.00288336  -0.00235632    -0.00253639   0.00483116
    7    5
  0.00669446  -0.00033359    -0.00031496   0.00026085    -0.00168667   0.00921762
 -0.00455778   0.00227330    -0.00303602  -0.00786719    -0.00476244  -0.02536841
  0.00065214   0.00063706     0.00235632  -0.00288336     0.00483116  -0.00253639
    7    6
 -0.00000000  -0.02003965     0.00000000   0.00919651     0.00405407   0.00000000
  0.00000000   0.00919651    -0.00000000  -0.02003965     0.00405407   0.00000000
  0.00405407   0.00000000     0.00405407   0.00000000     0.00000000   0.00118613
    7    7
  0.03452751   0.00000000    -0.01312848   0.00000000    -0.00000000  -0.00469344
 -0.01312848   0.00000000     0.03452751   0.00000000    -0.00000000  -0.00469344
 -0.00000000   0.00469344    -0.00000000   0.00469344     0.00978561   0.00000000

     Dynamical  Matrix in cartesian axes

     q = (   -0.216506351  -0.216506351   0.000000000 ) 

    1    1
  0.07066683   0.00000000     0.04427294   0.00000000    -0.00000000   0.00000000
  0.04427294   0.00000000     0.07066683   0.00000000    -0.00000000   0.00000000
 -0.00000000   0.00000000    -0.00000000   0.00000000     0.01487127   0.00000000
    1    2
 -0.00532573  -0.00913831     0.00211922  -0.01049130     0.00000000  -0.00000000
  0.00070239  -0.00995979     0.00055418  -0.01220917     0.00000000  -0.00000000
  0.00000000  -0.00000000     0.00000000  -0.00000000    -0.00485607   0.00689198
    1    3
 -0.00913831  -0.00532573    -0.01049130   0.00211922    -0.00000000   0.00000000
 -0.00995979   0.00070239    -0.01220917   0.00055418    -0.00000000   0.00000000
 -0.00000000   0.00000000    -0.00000000   0.00000000     0.00689198  -0.00485607
    1    4
 -0.01220917   0.00055418    -0.00995979   0.00070239    -0.00000000   0.00000000
 -0.01049130   0.00211922    -0.00913831  -0.00532573    -0.00000000   0.00000000
 -0.00000000   0.00000000    -0.00000000   0.00000000     0.00689198  -0.00485607
    1    5
  0.00055418  -0.01220917     0.00070239  -0.00995979     0.00000000  -0.00000000
  0.00211922  -0.01049130    -0.00532573  -0.00913831     0.00000000  -0.00000000
  0.00000000  -0.00000000     0.00000000  -0.00000000    -0.00485607   0.00689198
    1    6
  0.00561955   0.00561955     0.00414682   0.00414682     0.00377273  -0.00377273
  0.00414682   0.00414682     0.00561955   0.00561955    -0.00377273   0.00377273
  0.00530494  -0.00530494    -0.00530494   0.00530494    -0.00279418  -0.00279418
    1    7
  0.00561955   0.00561955     0.00414682   0.00414682    -0.00377273   0.00377273
  0.00414682   0.00414682     0.00561955   0.00561955     0.00377273  -0.00377273
 -0.00530494   0.00530494     0.00530494  -0.00530494    -0.00279418  -0.00279418
    2    1
 -0.00532573   0.00913831     0.00070239   0.00995979     0.00000000   0.00000000
  0.00211922   0.01049130     0.00055418   0.01220917     0.00000000   0.00000000
  0.00000000   0.00000000     0.00000000   0.00000000    -0.00485607  -0.00689198
    2    2
  0.02888260   0.00000000     0.00775064   0.01067096     0.00000000   0.00000000
  0.00775064  -0.01067096     0.06947028  -0.00000000    -0.00000000   0.00000000
 -0.00000000   0.00000000     0.00000000   0.00000000     0.02822000  -0.00000000
    2    3
  0.00856968   0.01220547     0.01091334  -0.00745679     0.00000000   0.00000000
  0.01091334  -0.00745679    -0.01706742  -0.05755791     0.00000000   0.00000000
  0.00000000   0.00000000     0.00000000   0.00000000    -0.02111540  -0.00858044
    2    4
  0.01128698  -0.01578076     0.00159284  -0.01044289     0.00000000   0.00000000
 -0.01672415  -0.06045906     0.01128698  -0.01578076     0.00000000   0.00000000
 -0.00000000   0.00000000    -0.00000000   0.00000000     0.00805427  -0.00404141
    2    5
 -0.00069031   0.01424186     0.00187538  -0.00000000    -0.00000000   0.00000000
  0.06380529   0.00000000    -0.00069031  -0.01424186     0.00000000   0.00000000
  0.00000000   0.00000000     0.00000000   0.00000000    -0.00762364  -0.00000000
    2    6
 -0.00786719  -0.00303602    -0.00026085   0.00031496    -0.00288336   0.00235632
 -0.00227330   0.00455778    -0.00033359   0.00669446    -0.00063706  -0.00065214
 -0.02536841  -0.00476244    -0.00921762   0.00168667    -0.00253639   0.00483116
    2    7
 -0.00786719  -0.00303602    -0.00026085   0.00031496     0.00288336  -0.00235632
 -0.00227330   0.00455778    -0.00033359   0.00669446     0.00063706   0.00065214
  0.02536841   0.00476244     0.00921762  -0.00168667    -0.00253639   0.00483116
    3    1
 -0.00913831   0.00532573    -0.00995979  -0.00070239    -0.00000000  -0.00000000
 -0.01049130  -0.00211922    -0.01220917  -0.00055418    -0.00000000  -0.00000000
 -0.00000000  -0.00000000    -0.00000000   0.00000000     0.00689198   0.00485607
    3    2
  0.00856968  -0.01220547     0.01091334   0.00745679     0.00000000   0.00000000
  0.01091334   0.00745679    -0.01706742   0.05755791     0.00000000   0.00000000
  0.00000000  -0.00000000     0.00000000   0.00000000    -0.02111540   0.00858044
    3    3
  0.02888260  -0.00000000     0.00775064  -0.01067096    -0.00000000   0.00000000
  0.00775064   0.01067096     0.06947028   0.00000000    -0.00000000   0.00000000
 -0.00000000   0.00000000     0.00000000   0.00000000     0.02822000   0.00000000
    3    4
 -0.00069031  -0.01424186     0.00187538   0.00000000     0.00000000   0.00000000
  0.06380529  -0.00000000    -0.00069031   0.01424186     0.00000000   0.00000000
  0.00000000   0.00000000     0.00000000   0.00000000    -0.00762364   0.00000000
    3    5
  0.01128698   0.01578076     0.00159284   0.01044289    -0.00000000  -0.00000000
 -0.01672415   0.06045906     0.01128698   0.01578076    -0.00000000   0.00000000
 -0.00000000   0.00000000    -0.00000000  -0.00000000     0.00805427   0.00404141
    3    6
 -0.00786719   0.00303602    -0.00026085  -0.00031496     0.00288336   0.00235632
 -0.00227330  -0.00455778    -0.00033359  -0.00669446     0.00063706  -0.00065214
  0.02536841  -0.00476244     0.00921762   0.00168667    -0.00253639  -0.00483116
    3    7
 -0.00786719   0.00303602    -0.00026085  -0.00031496    -0.00288336  -0.00235632
 -0.00227330  -0.00455778    -0.00033359  -0.00669446    -0.00063706   0.00065214
 -0.02536841   0.00476244    -0.00921762  -0.00168667    -0.00253639  -0.00483116
    4    1
 -0.01220917  -0.00055418    -0.01049130  -0.00211922    -0.00000000   0.00000000
 -0.00995979  -0.00070239    -0.00913831   0.00532573    -0.00000000  -0.00000000
 -0.00000000   0.00000000    -0.00000000  -0.00000000     0.00689198   0.00485607
    4    2
  0.01128698   0.01578076    -0.01672415   0.06045906    -0.00000000   0.00000000
  0.00159284   0.01044289     0.01128698   0.01578076    -0.00000000   0.00000000
 -0.00000000  -0.00000000     0.00000000  -0.00000000     0.00805427   0.00404141
    4    3
 -0.00069031   0.01424186     0.06380529  -0.00000000    -0.00000000   0.00000000
  0.00187538   0.00000000    -0.00069031  -0.01424186     0.00000000   0.00000000
  0.00000000   0.00000000     0.00000000   0.00000000    -0.00762364   0.00000000
    4    4
  0.06947028   0.00000000     0.00775064   0.01067096     0.00000000   0.00000000
  0.00775064  -0.01067096     0.02888260  -0.00000000    -0.00000000   0.00000000
  0.00000000   0.00000000     0.00000000   0.00000000     0.02822000   0.00000000
    4    5
 -0.01706742   0.05755791     0.01091334   0.00745679     0.00000000   0.00000000
  0.01091334   0.00745679     0.00856968  -0.01220547     0.00000000   0.00000000
  0.00000000  -0.00000000     0.00000000   0.00000000    -0.02111540   0.00858044
    4    6
 -0.00033359  -0.00669446    -0.00227330  -0.00455778    -0.00063706   0.00065214
 -0.00026085  -0.00031496    -0.00786719   0.00303602    -0.00288336  -0.00235632
 -0.00921762  -0.00168667    -0.02536841   0.00476244    -0.00253639  -0.00483116
    4    7
 -0.00033359  -0.00669446    -0.00227330  -0.00455778     0.00063706  -0.00065214
 -0.00026085  -0.00031496    -0.00786719   0.00303602     0.00288336   0.00235632
  0.00921762   0.00168667     0.02536841  -0.00476244    -0.00253639  -0.00483116
    5    1
  0.00055418   0.01220917     0.00211922   0.01049130     0.00000000   0.00000000
  0.00070239   0.00995979    -0.00532573   0.00913831     0.00000000   0.00000000
  0.00000000   0.00000000    -0.00000000   0.00000000    -0.00485607  -0.00689198
    5    2
 -0.00069031  -0.01424186     0.06380529   0.00000000     0.00000000   0.00000000
  0.00187538   0.00000000    -0.00069031   0.01424186     0.00000000   0.00000000
  0.00000000   0.00000000     0.00000000   0.00000000    -0.00762364  -0.00000000
    5    3
  0.01128698  -0.01578076    -0.01672415  -0.06045906    -0.00000000   0.00000000
  0.00159284  -0.01044289     0.01128698  -0.01578076    -0.00000000  -0.00000000
 -0.00000000   0.00000000    -0.00000000   0.00000000     0.00805427  -0.00404141
    5    4
 -0.01706742  -0.05755791     0.01091334  -0.00745679     0.00000000   0.00000000
  0.01091334  -0.00745679     0.00856968   0.01220547     0.00000000   0.00000000
  0.00000000  -0.00000000     0.00000000  -0.00000000    -0.02111540  -0.00858044
    5    5
  0.06947028  -0.00000000     0.00775064  -0.01067096    -0.00000000   0.00000000
  0.00775064   0.01067096     0.02888260  -0.00000000    -0.00000000   0.00000000
 -0.00000000  -0.00000000    -0.00000000  -0.00000000     0.02822000  -0.00000000
    5    6
 -0.00033359   0.00669446    -0.00227330   0.00455778     0.00063706   0.00065214
 -0.00026085   0.00031496    -0.00786719  -0.00303602     0.00288336  -0.00235632
  0.00921762  -0.00168667     0.02536841   0.00476244    -0.00253639   0.00483116
    5    7
 -0.00033359   0.00669446    -0.00227330   0.00455778    -0.00063706  -0.00065214
 -0.00026085   0.00031496    -0.00786719  -0.00303602    -0.00288336   0.00235632
 -0.00921762   0.00168667    -0.02536841  -0.00476244    -0.00253639   0.00483116
    6    1
  0.00561955  -0.00561955     0.00414682  -0.00414682     0.00530494   0.00530494
  0.00414682  -0.00414682     0.00561955  -0.00561955    -0.00530494  -0.00530494
  0.00377273   0.00377273    -0.00377273  -0.00377273    -0.00279418   0.00279418
    6    2
 -0.00786719   0.00303602    -0.00227330  -0.00455778    -0.02536841   0.00476244
 -0.00026085  -0.00031496    -0.00033359  -0.00669446    -0.00921762  -0.00168667
 -0.00288336  -0.00235632    -0.00063706   0.00065214    -0.00253639  -0.00483116
    6    3
 -0.00786719  -0.00303602    -0.00227330   0.00455778     0.02536841   0.00476244
 -0.00026085   0.00031496    -0.00033359   0.00669446     0.00921762  -0.00168667
  0.00288336  -0.00235632     0.00063706   0.00065214    -0.00253639   0.00483116
    6    4
 -0.00033359   0.00669446    -0.00026085   0.00031496    -0.00921762   0.00168667
 -0.00227330   0.00455778    -0.00786719  -0.00303602    -0.02536841  -0.00476244
 -0.00063706  -0.00065214    -0.00288336   0.00235632    -0.00253639   0.00483116
    6    5
 -0.00033359  -0.00669446    -0.00026085  -0.00031496     0.00921762   0.00168667
 -0.00227330  -0.00455778    -0.00786719   0.00303602     0.02536841  -0.00476244
  0.00063706  -0.00065214     0.00288336   0.00235632    -0.00253639  -0.00483116
    6    6
  0.03452751  -0.00000000     0.01312848  -0.00000000    -0.00000000  -0.00469344
  0.01312848  -0.00000000     0.03452751  -0.00000000    -0.00000000   0.00469344
 -0.00000000   0.00469344    -0.00000000  -0.00469344     0.00978561   0.00000000
    6    7
 -0.02003965   0.00000000    -0.00919651  -0.00000000    -0.00000000  -0.00405407
 -0.00919651   0.00000000    -0.02003965  -0.00000000    -0.00000000   0.00405407
 -0.00000000  -0.00405407    -0.00000000   0.00405407     0.00118613   0.00000000
    7    1
  0.00561955  -0.00561955     0.00414682  -0.00414682    -0.00530494  -0.00530494
  0.00414682  -0.00414682     0.00561955  -0.00561955     0.00530494   0.00530494
 -0.00377273  -0.00377273     0.00377273   0.00377273    -0.00279418   0.00279418
    7    2
 -0.00786719   0.00303602    -0.00227330  -0.00455778     0.02536841  -0.00476244
 -0.00026085  -0.00031496    -0.00033359  -0.00669446     0.00921762   0.00168667
  0.00288336   0.00235632     0.00063706  -0.00065214    -0.00253639  -0.00483116
    7    3
 -0.00786719  -0.00303602    -0.00227330   0.00455778    -0.02536841  -0.00476244
 -0.00026085   0.00031496    -0.00033359   0.00669446    -0.00921762   0.00168667
 -0.00288336   0.00235632    -0.00063706  -0.00065214    -0.00253639   0.00483116
    7    4
 -0.00033359   0.00669446    -0.00026085   0.00031496     0.00921762  -0.00168667
 -0.00227330   0.00455778    -0.00786719  -0.00303602     0.02536841   0.00476244
  0.00063706   0.00065214     0.00288336  -0.00235632    -0.00253639   0.00483116
    7    5
 -0.00033359  -0.00669446    -0.00026085  -0.00031496    -0.00921762  -0.00168667
 -0.00227330  -0.00455778    -0.00786719   0.00303602    -0.02536841   0.00476244
 -0.00063706   0.00065214    -0.00288336  -0.00235632    -0.00253639  -0.00483116
    7    6
 -0.02003965  -0.00000000    -0.00919651   0.00000000    -0.00000000   0.00405407
 -0.00919651  -0.00000000    -0.02003965   0.00000000    -0.00000000  -0.00405407
 -0.00000000   0.00405407    -0.00000000  -0.00405407     0.00118613   0.00000000
    7    7
  0.03452751  -0.00000000     0.01312848  -0.00000000    -0.00000000   0.00469344
  0.01312848   0.00000000     0.03452751  -0.00000000    -0.00000000  -0.00469344
 -0.00000000  -0.00469344    -0.00000000   0.00469344     0.00978561   0.00000000

     Dynamical  Matrix in cartesian axes

     q = (   -0.216506351   0.216506351   0.000000000 ) 

    1    1
  0.07066683   0.00000000    -0.04427294   0.00000000    -0.00000000   0.00000000
 -0.04427294   0.00000000     0.07066683   0.00000000    -0.00000000   0.00000000
 -0.00000000   0.00000000    -0.00000000   0.00000000     0.01487127   0.00000000
    1    2
 -0.00532573  -0.00913831    -0.00211922   0.01049130     0.00000000   0.00000000
 -0.00070239   0.00995979     0.00055418  -0.01220917     0.00000000  -0.00000000
  0.00000000   0.00000000     0.00000000  -0.00000000    -0.00485607   0.00689198
    1    3
 -0.00532573   0.00913831    -0.00211922  -0.01049130     0.00000000  -0.00000000
 -0.00070239  -0.00995979     0.00055418   0.01220917     0.00000000   0.00000000
  0.00000000  -0.00000000     0.00000000   0.00000000    -0.00485607  -0.00689198
    1    4
  0.00055418  -0.01220917    -0.00070239   0.00995979     0.00000000   0.00000000
 -0.00211922   0.01049130    -0.00532573  -0.00913831     0.00000000  -0.00000000
  0.00000000   0.00000000     0.00000000  -0.00000000    -0.00485607   0.00689198
    1    5
  0.00055418   0.01220917    -0.00070239  -0.00995979     0.00000000  -0.00000000
 -0.00211922  -0.01049130    -0.00532573   0.00913831     0.00000000   0.00000000
  0.00000000  -0.00000000     0.00000000  -0.00000000    -0.00485607  -0.00689198
    1    6
  0.00561955  -0.00561955    -0.00414682   0.00414682    -0.00377273  -0.00377273
 -0.00414682   0.00414682     0.00561955  -0.00561955    -0.00377273  -0.00377273
 -0.00530494  -0.00530494    -0.00530494  -0.00530494    -0.00279418   0.00279418
    1    7
  0.00561955   0.00561955    -0.00414682  -0.00414682    -0.00377273   0.00377273
 -0.00414682  -0.00414682     0.00561955   0.00561955    -0.00377273   0.00377273
