  5.000000000000000E-003   1.26088367795901        1.90067469670089     
           6

     Dynamical  Matrix in cartesian axes

     q = (    0.000000000   0.000000000   0.216506400 ) 

    1    1
  0.00309294   0.00000000     0.00000000   0.00000000    -0.00000000   0.00000000
  0.00000000   0.00000000     0.00309294   0.00000000    -0.00000000   0.00000000
 -0.00000000   0.00000000    -0.00000000   0.00000000     0.11147107   0.00000000
    1    2
 -0.00021408   0.00021408     0.00000000  -0.00000000    -0.00444937  -0.00444937
  0.00000000   0.00000000    -0.00004588   0.00004588    -0.00000000   0.00000000
 -0.00613348  -0.00613347    -0.00000000   0.00000000     0.01306681  -0.01306682
    1    3
 -0.00030275  -0.00000000     0.00000000  -0.00000000    -0.00000000   0.00629236
  0.00000000  -0.00000000    -0.00006489  -0.00000000    -0.00000000  -0.00000000
 -0.00000000   0.00867404    -0.00000000  -0.00000000     0.01847927  -0.00000000
    1    4
 -0.00006489  -0.00000000    -0.00000000  -0.00000000    -0.00000000   0.00000000
 -0.00000000  -0.00000000    -0.00030275   0.00000000     0.00000000   0.00629236
 -0.00000000  -0.00000000    -0.00000000   0.00867404     0.01847927  -0.00000000
    1    5
 -0.00004588   0.00004588     0.00000000   0.00000000    -0.00000000   0.00000000
  0.00000000  -0.00000000    -0.00021408   0.00021408    -0.00444937  -0.00444937
 -0.00000000   0.00000000    -0.00613348  -0.00613347     0.01306681  -0.01306682
    1    6
  0.00083852   0.00602277    -0.00000000   0.00000000     0.00000000  -0.00000000
 -0.00000000  -0.00000000    -0.00366582  -0.00485166     0.00000000  -0.00000000
  0.00000000  -0.00000000     0.00000000  -0.00000000    -0.00805341   0.00333583
    1    7
 -0.00366582  -0.00485166     0.00000000   0.00000000     0.00000000  -0.00000000
  0.00000000  -0.00000000     0.00083852   0.00602277     0.00000000  -0.00000000
  0.00000000  -0.00000000     0.00000000  -0.00000000    -0.00805341   0.00333583
    2    1
 -0.00021408  -0.00021408     0.00000000   0.00000000    -0.00613348   0.00613347
  0.00000000   0.00000000    -0.00004588  -0.00004588    -0.00000000  -0.00000000
 -0.00444937   0.00444937    -0.00000000  -0.00000000     0.01306681   0.01306682
    2    2
  0.01479107  -0.00000000    -0.00000000  -0.00000000     0.00000000  -0.00669015
 -0.00000000  -0.00000000     0.13677958  -0.00000000    -0.00000000  -0.00000000
  0.00000000   0.00669015     0.00000000  -0.00000000     0.03889832  -0.00000000
    2    3
 -0.00901271  -0.00901272    -0.00000000   0.00000000     0.00479364  -0.00479364
 -0.00000000   0.00000000    -0.09628521  -0.09628524    -0.00000000   0.00000000
  0.00479364  -0.00479364    -0.00000000   0.00000000    -0.00033112  -0.00033112
    2    4
 -0.00026834  -0.00026834    -0.00200066  -0.00200066     0.00414658  -0.00414657
 -0.09583535  -0.09583539    -0.00026834  -0.00026834     0.00051080  -0.00051080
  0.00051080  -0.00051080     0.00414658  -0.00414657     0.01274194   0.01274194
    2    5
 -0.00037949   0.00000000     0.00282936  -0.00000000     0.00000000  -0.00586414
  0.13553168  -0.00000000    -0.00037949  -0.00000000     0.00000000   0.00072238
  0.00000000  -0.00072238     0.00000000   0.00586414     0.01801983  -0.00000000
    2    6
 -0.00023977  -0.00024607     0.00000000   0.00000000    -0.01573124   0.00259872
  0.00000000   0.00000000     0.00005920   0.00066139     0.00000000   0.00000000
 -0.01527228  -0.01194832     0.00000000   0.00000000    -0.01809088  -0.00892457
    2    7
 -0.00034354   0.00000446    -0.00000000  -0.00000000     0.00928609   0.01296124
 -0.00000000  -0.00000000     0.00050954  -0.00042581     0.00000000   0.00000000
  0.01924787   0.00235040     0.00000000   0.00000000    -0.01910281  -0.00648156
    3    1
 -0.00030275   0.00000000     0.00000000   0.00000000    -0.00000000  -0.00867404
  0.00000000   0.00000000    -0.00006489   0.00000000    -0.00000000   0.00000000
 -0.00000000  -0.00629236    -0.00000000   0.00000000     0.01847927   0.00000000
    3    2
 -0.00901271   0.00901272    -0.00000000  -0.00000000     0.00479364   0.00479364
 -0.00000000  -0.00000000    -0.09628521   0.09628524    -0.00000000   0.00000000
  0.00479364   0.00479364    -0.00000000   0.00000000    -0.00033112   0.00033112
    3    3
  0.01479107   0.00000000    -0.00000000   0.00000000     0.00000000   0.00669015
 -0.00000000   0.00000000     0.13677958   0.00000000    -0.00000000   0.00000000
  0.00000000  -0.00669015     0.00000000   0.00000000     0.03889832   0.00000000
    3    4
 -0.00037949   0.00000000     0.00282936   0.00000000     0.00000000   0.00586414
  0.13553168  -0.00000000    -0.00037949   0.00000000     0.00000000  -0.00072238
  0.00000000   0.00072238     0.00000000  -0.00586414     0.01801983  -0.00000000
    3    5
 -0.00026834   0.00026834    -0.00200066   0.00200066     0.00414658   0.00414657
 -0.09583535   0.09583539    -0.00026834   0.00026834     0.00051080   0.00051080
  0.00051080   0.00051080     0.00414658   0.00414657     0.01274194  -0.01274194
    3    6
 -0.00034354  -0.00000446    -0.00000000   0.00000000     0.00928609  -0.01296124
 -0.00000000   0.00000000     0.00050954   0.00042581     0.00000000  -0.00000000
  0.01924787  -0.00235040     0.00000000  -0.00000000    -0.01910281   0.00648156
    3    7
 -0.00023977   0.00024607     0.00000000   0.00000000    -0.01573124  -0.00259872
  0.00000000  -0.00000000     0.00005920  -0.00066139     0.00000000  -0.00000000
 -0.01527228   0.01194832     0.00000000  -0.00000000    -0.01809088   0.00892457
    4    1
 -0.00006489   0.00000000     0.00000000   0.00000000    -0.00000000   0.00000000
  0.00000000   0.00000000    -0.00030275   0.00000000     0.00000000  -0.00867404
 -0.00000000   0.00000000    -0.00000000  -0.00629236     0.01847927   0.00000000
    4    2
 -0.00026834   0.00026834    -0.09583535   0.09583539     0.00051080   0.00051080
 -0.00200066   0.00200066    -0.00026834   0.00026834     0.00414658   0.00414657
  0.00414658   0.00414657     0.00051080   0.00051080     0.01274194  -0.01274194
    4    3
 -0.00037949   0.00000000     0.13553168   0.00000000     0.00000000  -0.00072238
  0.00282936   0.00000000    -0.00037949  -0.00000000     0.00000000   0.00586414
  0.00000000  -0.00586414     0.00000000   0.00072238     0.01801983   0.00000000
    4    4
  0.13677958   0.00000000     0.00000000   0.00000000     0.00000000   0.00000000
 -0.00000000  -0.00000000     0.01479107  -0.00000000    -0.00000000   0.00669015
 -0.00000000  -0.00000000     0.00000000  -0.00669015     0.03889832  -0.00000000
    4    5
 -0.09628521   0.09628524     0.00000000  -0.00000000     0.00000000   0.00000000
 -0.00000000  -0.00000000    -0.00901271   0.00901272     0.00479364   0.00479364
 -0.00000000   0.00000000     0.00479364   0.00479364    -0.00033112   0.00033112
    4    6
  0.00005920  -0.00066139     0.00000000  -0.00000000     0.00000000  -0.00000000
  0.00000000   0.00000000    -0.00023977   0.00024607    -0.01573124  -0.00259872
  0.00000000  -0.00000000    -0.01527228   0.01194832    -0.01809088   0.00892457
    4    7
  0.00050954   0.00042581    -0.00000000   0.00000000     0.00000000  -0.00000000
 -0.00000000   0.00000000    -0.00034354  -0.00000446     0.00928609  -0.01296124
  0.00000000   0.00000000     0.01924787  -0.00235040    -0.01910281   0.00648156
    5    1
 -0.00004588  -0.00004588     0.00000000   0.00000000     0.00000000  -0.00000000
  0.00000000  -0.00000000    -0.00021408  -0.00021408    -0.00613348   0.00613347
 -0.00000000  -0.00000000    -0.00444937   0.00444937     0.01306681   0.01306682
    5    2
 -0.00037949  -0.00000000     0.13553168  -0.00000000     0.00000000   0.00072238
  0.00282936  -0.00000000    -0.00037949   0.00000000     0.00000000  -0.00586414
  0.00000000   0.00586414     0.00000000  -0.00072238     0.01801983  -0.00000000
    5    3
 -0.00026834  -0.00026834    -0.09583535  -0.09583539     0.00051080  -0.00051080
 -0.00200066  -0.00200066    -0.00026834  -0.00026834     0.00414658  -0.00414657
  0.00414658  -0.00414657     0.00051080  -0.00051080     0.01274194   0.01274194
    5    4
 -0.09628521  -0.09628524     0.00000000   0.00000000     0.00000000  -0.00000000
 -0.00000000   0.00000000    -0.00901271  -0.00901272     0.00479364  -0.00479364
 -0.00000000  -0.00000000     0.00479364  -0.00479364    -0.00033112  -0.00033112
    5    5
  0.13677958  -0.00000000     0.00000000  -0.00000000     0.00000000  -0.00000000
 -0.00000000   0.00000000     0.01479107   0.00000000    -0.00000000  -0.00669015
 -0.00000000   0.00000000     0.00000000   0.00669015     0.03889832   0.00000000
    5    6
  0.00050954  -0.00042581    -0.00000000  -0.00000000     0.00000000   0.00000000
 -0.00000000  -0.00000000    -0.00034354   0.00000446     0.00928609   0.01296124
  0.00000000   0.00000000     0.01924787   0.00235040    -0.01910281  -0.00648156
    5    7
  0.00005920   0.00066139     0.00000000   0.00000000     0.00000000   0.00000000
  0.00000000  -0.00000000    -0.00023977  -0.00024607    -0.01573124   0.00259872
  0.00000000   0.00000000    -0.01527228  -0.01194832    -0.01809088  -0.00892457
    6    1
  0.00083852  -0.00602277    -0.00000000   0.00000000     0.00000000   0.00000000
 -0.00000000  -0.00000000    -0.00366582   0.00485166     0.00000000   0.00000000
  0.00000000  -0.00000000     0.00000000   0.00000000    -0.00805341  -0.00333583
    6    2
 -0.00023977   0.00024607     0.00000000  -0.00000000    -0.01527228   0.01194832
  0.00000000   0.00000000     0.00005920  -0.00066139     0.00000000  -0.00000000
 -0.01573124  -0.00259872     0.00000000  -0.00000000    -0.01809088   0.00892457
    6    3
 -0.00034354   0.00000446    -0.00000000   0.00000000     0.01924787   0.00235040
 -0.00000000  -0.00000000     0.00050954  -0.00042581     0.00000000   0.00000000
  0.00928609   0.01296124     0.00000000   0.00000000    -0.01910281  -0.00648156
    6    4
  0.00005920   0.00066139     0.00000000   0.00000000     0.00000000   0.00000000
  0.00000000   0.00000000    -0.00023977  -0.00024607    -0.01527228  -0.01194832
  0.00000000   0.00000000    -0.01573124   0.00259872    -0.01809088  -0.00892457
    6    5
  0.00050954   0.00042581    -0.00000000   0.00000000     0.00000000  -0.00000000
 -0.00000000   0.00000000    -0.00034354  -0.00000446     0.01924787  -0.00235040
  0.00000000  -0.00000000     0.00928609  -0.01296124    -0.01910281   0.00648156
    6    6
  0.01984318  -0.00000000     0.00000000   0.00000000    -0.00000000   0.00000000
  0.00000000  -0.00000000     0.01984318   0.00000000    -0.00000000   0.00000000
 -0.00000000  -0.00000000     0.00000000  -0.00000000     0.05893303   0.00000000
    6    7
 -0.01603173   0.00990992     0.00000000   0.00000000     0.00000000   0.00000000
  0.00000000   0.00000000    -0.01603173  -0.00990992     0.00000000   0.00000000
  0.00000000   0.00000000     0.00000000   0.00000000    -0.00956917  -0.00000000
    7    1
 -0.00366582   0.00485166     0.00000000  -0.00000000     0.00000000   0.00000000
  0.00000000   0.00000000     0.00083852  -0.00602277     0.00000000   0.00000000
  0.00000000   0.00000000     0.00000000   0.00000000    -0.00805341  -0.00333583
    7    2
 -0.00034354  -0.00000446    -0.00000000   0.00000000     0.01924787  -0.00235040
 -0.00000000   0.00000000     0.00050954   0.00042581     0.00000000  -0.00000000
  0.00928609  -0.01296124     0.00000000  -0.00000000    -0.01910281   0.00648156
    7    3
 -0.00023977  -0.00024607     0.00000000   0.00000000    -0.01527228  -0.01194832
  0.00000000  -0.00000000     0.00005920   0.00066139     0.00000000   0.00000000
 -0.01573124   0.00259872     0.00000000   0.00000000    -0.01809088  -0.00892457
    7    4
  0.00050954  -0.00042581    -0.00000000  -0.00000000     0.00000000   0.00000000
 -0.00000000  -0.00000000    -0.00034354   0.00000446     0.01924787   0.00235040
  0.00000000   0.00000000     0.00928609   0.01296124    -0.01910281  -0.00648156
    7    5
  0.00005920  -0.00066139     0.00000000  -0.00000000     0.00000000  -0.00000000
  0.00000000   0.00000000    -0.00023977   0.00024607    -0.01527228   0.01194832
  0.00000000  -0.00000000    -0.01573124  -0.00259872    -0.01809088   0.00892457
    7    6
 -0.01603173  -0.00990992     0.00000000  -0.00000000     0.00000000  -0.00000000
  0.00000000  -0.00000000    -0.01603173   0.00990992     0.00000000  -0.00000000
  0.00000000  -0.00000000     0.00000000  -0.00000000    -0.00956917   0.00000000
    7    7
  0.01984318   0.00000000     0.00000000  -0.00000000    -0.00000000   0.00000000
  0.00000000   0.00000000     0.01984318  -0.00000000    -0.00000000   0.00000000
 -0.00000000   0.00000000     0.00000000   0.00000000     0.05893303   0.00000000

     Dynamical  Matrix in cartesian axes

     q = (    0.216506400  -0.000000000   0.000000000 ) 

    1    1
  0.11147107   0.00000000    -0.00000000   0.00000000    -0.00000000   0.00000000
 -0.00000000   0.00000000     0.00309294   0.00000000    -0.00000000   0.00000000
  0.00000000   0.00000000    -0.00000000   0.00000000     0.00309294   0.00000000
    1    2
 -0.00805341   0.00333583     0.00000000   0.00000000     0.00000000   0.00000000
  0.00000000   0.00000000     0.00083852   0.00602277     0.00000000   0.00000000
  0.00000000   0.00000000     0.00000000   0.00000000    -0.00366582  -0.00485166
    1    3
 -0.00805341   0.00333583     0.00000000   0.00000000     0.00000000  -0.00000000
  0.00000000   0.00000000    -0.00366582  -0.00485166     0.00000000  -0.00000000
  0.00000000  -0.00000000     0.00000000  -0.00000000     0.00083852   0.00602277
    1    4
  0.01306681  -0.01306682    -0.00613348  -0.00613347    -0.00000000   0.00000000
 -0.00444937  -0.00444937    -0.00021408   0.00021408     0.00000000   0.00000000
  0.00000000   0.00000000    -0.00000000   0.00000000    -0.00004588   0.00004588
    1    5
  0.01847927  -0.00000000    -0.00000000   0.00867404    -0.00000000   0.00000000
  0.00000000   0.00629236    -0.00030275  -0.00000000     0.00000000   0.00000000
 -0.00000000   0.00000000    -0.00000000   0.00000000    -0.00006489   0.00000000
    1    6
  0.01847927  -0.00000000    -0.00000000  -0.00000000     0.00000000   0.00867404
 -0.00000000  -0.00000000    -0.00006489  -0.00000000     0.00000000  -0.00000000
 -0.00000000   0.00629236     0.00000000  -0.00000000    -0.00030275   0.00000000
    1    7
  0.01306681  -0.01306682     0.00000000   0.00000000    -0.00613348  -0.00613347
  0.00000000   0.00000000    -0.00004588   0.00004588     0.00000000  -0.00000000
 -0.00444937  -0.00444937     0.00000000   0.00000000    -0.00021408   0.00021408
    2    1
 -0.00805341  -0.00333583     0.00000000   0.00000000     0.00000000  -0.00000000
  0.00000000   0.00000000     0.00083852  -0.00602277     0.00000000  -0.00000000
  0.00000000  -0.00000000     0.00000000  -0.00000000    -0.00366582   0.00485166
    2    2
  0.05893303  -0.00000000    -0.00000000  -0.00000000    -0.00000000  -0.00000000
 -0.00000000   0.00000000     0.01984318  -0.00000000    -0.00000000  -0.00000000
 -0.00000000   0.00000000     0.00000000   0.00000000     0.01984318   0.00000000
    2    3
 -0.00956917  -0.00000000     0.00000000  -0.00000000     0.00000000   0.00000000
  0.00000000  -0.00000000    -0.01603173   0.00990992     0.00000000   0.00000000
  0.00000000   0.00000000     0.00000000   0.00000000    -0.01603173  -0.00990992
    2    4
 -0.01809088   0.00892457    -0.01573124  -0.00259872     0.00000000  -0.00000000
 -0.01527228   0.01194832    -0.00023977   0.00024607     0.00000000  -0.00000000
  0.00000000  -0.00000000     0.00000000  -0.00000000     0.00005920  -0.00066139
    2    5
 -0.01910281  -0.00648156     0.00928609   0.01296124     0.00000000   0.00000000
  0.01924787   0.00235040    -0.00034354   0.00000446    -0.00000000   0.00000000
  0.00000000   0.00000000     0.00000000   0.00000000     0.00050954  -0.00042581
    2    6
 -0.01809088  -0.00892457     0.00000000   0.00000000    -0.01573124   0.00259872
  0.00000000   0.00000000     0.00005920   0.00066139     0.00000000   0.00000000
 -0.01527228  -0.01194832     0.00000000   0.00000000    -0.00023977  -0.00024607
    2    7
 -0.01910281   0.00648156     0.00000000   0.00000000     0.00928609  -0.01296124
  0.00000000   0.00000000     0.00050954   0.00042581     0.00000000  -0.00000000
  0.01924787  -0.00235040     0.00000000   0.00000000    -0.00034354  -0.00000446
    3    1
 -0.00805341  -0.00333583     0.00000000  -0.00000000    -0.00000000   0.00000000
  0.00000000  -0.00000000    -0.00366582   0.00485166    -0.00000000   0.00000000
 -0.00000000   0.00000000    -0.00000000   0.00000000     0.00083852  -0.00602277
    3    2
 -0.00956917   0.00000000     0.00000000   0.00000000     0.00000000  -0.00000000
  0.00000000   0.00000000    -0.01603173  -0.00990992     0.00000000  -0.00000000
  0.00000000  -0.00000000     0.00000000  -0.00000000    -0.01603173   0.00990992
    3    3
  0.05893303   0.00000000    -0.00000000   0.00000000    -0.00000000   0.00000000
 -0.00000000  -0.00000000     0.01984318   0.00000000    -0.00000000   0.00000000
 -0.00000000  -0.00000000     0.00000000  -0.00000000     0.01984318  -0.00000000
    3    4
 -0.01910281   0.00648156     0.00928609  -0.01296124     0.00000000   0.00000000
  0.01924787  -0.00235040    -0.00034354  -0.00000446     0.00000000  -0.00000000
  0.00000000  -0.00000000     0.00000000  -0.00000000     0.00050954   0.00042581
    3    5
 -0.01809088  -0.00892457    -0.01573124   0.00259872     0.00000000  -0.00000000
 -0.01527228  -0.01194832    -0.00023977  -0.00024607     0.00000000  -0.00000000
  0.00000000   0.00000000     0.00000000   0.00000000     0.00005920   0.00066139
    3    6
 -0.01910281  -0.00648156     0.00000000   0.00000000     0.00928609   0.01296124
 -0.00000000   0.00000000     0.00050954  -0.00042581     0.00000000   0.00000000
  0.01924787   0.00235040    -0.00000000   0.00000000    -0.00034354   0.00000446
    3    7
 -0.01809088   0.00892457     0.00000000  -0.00000000    -0.01573124  -0.00259872
  0.00000000  -0.00000000     0.00005920  -0.00066139     0.00000000  -0.00000000
 -0.01527228   0.01194832     0.00000000  -0.00000000    -0.00023977   0.00024607
    4    1
  0.01306681   0.01306682    -0.00444937   0.00444937     0.00000000   0.00000000
 -0.00613348   0.00613347    -0.00021408  -0.00021408     0.00000000   0.00000000
  0.00000000   0.00000000     0.00000000   0.00000000    -0.00004588  -0.00004588
    4    2
 -0.01809088  -0.00892457    -0.01527228  -0.01194832     0.00000000  -0.00000000
 -0.01573124   0.00259872    -0.00023977  -0.00024607     0.00000000  -0.00000000
  0.00000000   0.00000000     0.00000000   0.00000000     0.00005920   0.00066139
    4    3
 -0.01910281  -0.00648156     0.01924787   0.00235040    -0.00000000  -0.00000000
  0.00928609   0.01296124    -0.00034354   0.00000446    -0.00000000   0.00000000
 -0.00000000  -0.00000000     0.00000000  -0.00000000     0.00050954  -0.00042581
    4    4
  0.03889832   0.00000000     0.00000000   0.00669015    -0.00000000   0.00000000
  0.00000000  -0.00669015     0.01479107  -0.00000000    -0.00000000   0.00000000
 -0.00000000   0.00000000    -0.00000000   0.00000000     0.13677958  -0.00000000
    4    5
 -0.00033112  -0.00033112     0.00479364  -0.00479364     0.00000000   0.00000000
  0.00479364  -0.00479364    -0.00901271  -0.00901272     0.00000000   0.00000000
  0.00000000   0.00000000     0.00000000   0.00000000    -0.09628521  -0.09628524
    4    6
  0.01274194   0.01274194     0.00051080  -0.00051080     0.00414658  -0.00414657
  0.00414658  -0.00414657    -0.00026834  -0.00026834    -0.00200066  -0.00200066
  0.00051080  -0.00051080    -0.09583535  -0.09583539    -0.00026834  -0.00026834
    4    7
  0.01801983  -0.00000000    -0.00000000  -0.00072238     0.00000000   0.00586414
  0.00000000  -0.00586414    -0.00037949   0.00000000     0.00282936  -0.00000000
  0.00000000   0.00072238     0.13553168  -0.00000000    -0.00037949  -0.00000000
    5    1
  0.01847927   0.00000000     0.00000000  -0.00629236     0.00000000   0.00000000
  0.00000000  -0.00867404    -0.00030275   0.00000000     0.00000000   0.00000000
  0.00000000  -0.00000000     0.00000000   0.00000000    -0.00006489   0.00000000
    5    2
 -0.01910281   0.00648156     0.01924787  -0.00235040    -0.00000000   0.00000000
  0.00928609  -0.01296124    -0.00034354  -0.00000446    -0.00000000  -0.00000000
 -0.00000000   0.00000000    -0.00000000   0.00000000     0.00050954   0.00042581
    5    3
 -0.01809088   0.00892457    -0.01527228   0.01194832     0.00000000   0.00000000
 -0.01573124  -0.00259872    -0.00023977   0.00024607    -0.00000000   0.00000000
 -0.00000000   0.00000000    -0.00000000   0.00000000     0.00005920  -0.00066139
    5    4
 -0.00033112   0.00033112     0.00479364   0.00479364     0.00000000  -0.00000000
  0.00479364   0.00479364    -0.00901271   0.00901272     0.00000000  -0.00000000
  0.00000000  -0.00000000     0.00000000  -0.00000000    -0.09628521   0.09628524
    5    5
  0.03889832  -0.00000000     0.00000000  -0.00669015    -0.00000000   0.00000000
  0.00000000   0.00669015     0.01479107   0.00000000    -0.00000000   0.00000000
 -0.00000000   0.00000000    -0.00000000   0.00000000     0.13677958   0.00000000
    5    6
  0.01801983   0.00000000    -0.00000000   0.00072238     0.00000000  -0.00586414
  0.00000000   0.00586414    -0.00037949  -0.00000000     0.00282936   0.00000000
  0.00000000  -0.00072238     0.13553168   0.00000000    -0.00037949   0.00000000
    5    7
  0.01274194  -0.01274194     0.00051080   0.00051080     0.00414658   0.00414657
  0.00414658   0.00414657    -0.00026834   0.00026834    -0.00200066   0.00200066
  0.00051080   0.00051080    -0.09583535   0.09583539    -0.00026834   0.00026834
    6    1
  0.01847927   0.00000000    -0.00000000   0.00000000     0.00000000  -0.00629236
  0.00000000   0.00000000    -0.00006489   0.00000000     0.00000000   0.00000000
  0.00000000  -0.00867404    -0.00000000   0.00000000    -0.00030275  -0.00000000
    6    2
 -0.01809088   0.00892457     0.00000000  -0.00000000    -0.01527228   0.01194832
  0.00000000  -0.00000000     0.00005920  -0.00066139     0.00000000  -0.00000000
 -0.01573124  -0.00259872     0.00000000   0.00000000    -0.00023977   0.00024607
    6    3
 -0.01910281   0.00648156    -0.00000000   0.00000000     0.01924787  -0.00235040
  0.00000000   0.00000000     0.00050954   0.00042581    -0.00000000   0.00000000
  0.00928609  -0.01296124     0.00000000   0.00000000    -0.00034354  -0.00000446
    6    4
  0.01274194  -0.01274194     0.00414658   0.00414657     0.00051080   0.00051080
  0.00051080   0.00051080    -0.00026834   0.00026834    -0.09583535   0.09583539
  0.00414658   0.00414657    -0.00200066   0.00200066    -0.00026834   0.00026834
    6    5
  0.01801983  -0.00000000     0.00000000  -0.00586414     0.00000000   0.00072238
 -0.00000000  -0.00072238    -0.00037949   0.00000000     0.13553168  -0.00000000
  0.00000000   0.00586414     0.00282936   0.00000000    -0.00037949  -0.00000000
    6    6
  0.03889832   0.00000000    -0.00000000   0.00000000    -0.00000000  -0.00669015
 -0.00000000  -0.00000000     0.13677958   0.00000000    -0.00000000  -0.00000000
 -0.00000000   0.00669015     0.00000000   0.00000000     0.01479107  -0.00000000
    6    7
 -0.00033112   0.00033112     0.00000000  -0.00000000     0.00479364   0.00479364
  0.00000000  -0.00000000    -0.09628521   0.09628524     0.00000000  -0.00000000
  0.00479364   0.00479364     0.00000000  -0.00000000    -0.00901271   0.00901272
    7    1
  0.01306681   0.01306682     0.00000000  -0.00000000    -0.00444937   0.00444937
  0.00000000  -0.00000000    -0.00004588  -0.00004588    -0.00000000   0.00000000
 -0.00613348   0.00613347    -0.00000000  -0.00000000    -0.00021408  -0.00021408
    7    2
 -0.01910281  -0.00648156    -0.00000000  -0.00000000     0.01924787   0.00235040
  0.00000000  -0.00000000     0.00050954  -0.00042581    -0.00000000   0.00000000
  0.00928609   0.01296124     0.00000000  -0.00000000    -0.00034354   0.00000446
    7    3
 -0.01809088  -0.00892457     0.00000000   0.00000000    -0.01527228  -0.01194832
  0.00000000   0.00000000     0.00005920   0.00066139     0.00000000   0.00000000
 -0.01573124   0.00259872     0.00000000   0.00000000    -0.00023977  -0.00024607
    7    4
  0.01801983   0.00000000     0.00000000   0.00586414     0.00000000  -0.00072238
 -0.00000000   0.00072238    -0.00037949  -0.00000000     0.13553168   0.00000000
  0.00000000  -0.00586414     0.00282936   0.00000000    -0.00037949   0.00000000
    7    5
  0.01274194   0.01274194     0.00414658  -0.00414657     0.00051080  -0.00051080
  0.00051080  -0.00051080    -0.00026834  -0.00026834    -0.09583535  -0.09583539
  0.00414658  -0.00414657    -0.00200066  -0.00200066    -0.00026834  -0.00026834
    7    6
 -0.00033112  -0.00033112     0.00000000   0.00000000     0.00479364  -0.00479364
  0.00000000   0.00000000    -0.09628521  -0.09628524     0.00000000   0.00000000
  0.00479364  -0.00479364     0.00000000   0.00000000    -0.00901271  -0.00901272
    7    7
  0.03889832  -0.00000000    -0.00000000  -0.00000000    -0.00000000   0.00669015
 -0.00000000   0.00000000     0.13677958  -0.00000000    -0.00000000   0.00000000
 -0.00000000  -0.00669015     0.00000000   0.00000000     0.01479107   0.00000000

     Dynamical  Matrix in cartesian axes

     q = (   -0.216506400  -0.000000000  -0.000000000 ) 

    1    1
  0.11147107   0.00000000    -0.00000000   0.00000000     0.00000000   0.00000000
 -0.00000000   0.00000000     0.00309294   0.00000000     0.00000000   0.00000000
  0.00000000   0.00000000     0.00000000   0.00000000     0.00309294   0.00000000
    1    2
 -0.00805341  -0.00333583     0.00000000   0.00000000     0.00000000  -0.00000000
  0.00000000   0.00000000     0.00083852  -0.00602277     0.00000000  -0.00000000
  0.00000000  -0.00000000     0.00000000  -0.00000000    -0.00366582   0.00485166
    1    3
 -0.00805341  -0.00333583     0.00000000  -0.00000000    -0.00000000   0.00000000
  0.00000000  -0.00000000    -0.00366582   0.00485166    -0.00000000   0.00000000
 -0.00000000   0.00000000     0.00000000   0.00000000     0.00083852  -0.00602277
    1    4
  0.01306681   0.01306682    -0.00613348   0.00613347    -0.00000000  -0.00000000
 -0.00444937   0.00444937    -0.00021408  -0.00021408     0.00000000  -0.00000000
  0.00000000  -0.00000000     0.00000000   0.00000000    -0.00004588  -0.00004588
    1    5
  0.01847927   0.00000000     0.00000000  -0.00867404     0.00000000  -0.00000000
 -0.00000000  -0.00629236    -0.00030275   0.00000000    -0.00000000  -0.00000000
 -0.00000000  -0.00000000     0.00000000  -0.00000000    -0.00006489  -0.00000000
    1    6
  0.01847927   0.00000000    -0.00000000   0.00000000     0.00000000  -0.00867404
 -0.00000000   0.00000000    -0.00006489   0.00000000    -0.00000000   0.00000000
 -0.00000000  -0.00629236    -0.00000000   0.00000000    -0.00030275   0.00000000
    1    7
  0.01306681   0.01306682    -0.00000000  -0.00000000    -0.00613348   0.00613347
  0.00000000  -0.00000000    -0.00004588  -0.00004588     0.00000000   0.00000000
 -0.00444937   0.00444937     0.00000000   0.00000000    -0.00021408  -0.00021408
    2    1
 -0.00805341   0.00333583     0.00000000  -0.00000000     0.00000000   0.00000000
  0.00000000  -0.00000000     0.00083852   0.00602277     0.00000000  -0.00000000
  0.00000000   0.00000000     0.00000000   0.00000000    -0.00366582  -0.00485166
    2    2
  0.05893303   0.00000000     0.00000000  -0.00000000     0.00000000   0.00000000
  0.00000000  -0.00000000     0.01984318   0.00000000    -0.00000000   0.00000000
  0.00000000   0.00000000    -0.00000000   0.00000000     0.01984318  -0.00000000
    2    3
 -0.00956917  -0.00000000     0.00000000   0.00000000     0.00000000  -0.00000000
  0.00000000   0.00000000    -0.01603173  -0.00990992     0.00000000  -0.00000000
  0.00000000  -0.00000000     0.00000000  -0.00000000    -0.01603173   0.00990992
    2    4
 -0.01809088  -0.00892457    -0.01573124   0.00259872    -0.00000000   0.00000000
 -0.01527228  -0.01194832    -0.00023977  -0.00024607     0.00000000   0.00000000
  0.00000000  -0.00000000     0.00000000  -0.00000000     0.00005920   0.00066139
    2    5
 -0.01910281   0.00648156     0.00928609  -0.01296124    -0.00000000   0.00000000
  0.01924787  -0.00235040    -0.00034354  -0.00000446    -0.00000000   0.00000000
 -0.00000000  -0.00000000     0.00000000  -0.00000000     0.00050954   0.00042581
    2    6
 -0.01809088   0.00892457     0.00000000  -0.00000000    -0.01573124  -0.00259872
  0.00000000  -0.00000000     0.00005920  -0.00066139     0.00000000  -0.00000000
 -0.01527228   0.01194832     0.00000000  -0.00000000    -0.00023977   0.00024607
    2    7
 -0.01910281  -0.00648156     0.00000000   0.00000000     0.00928609   0.01296124
  0.00000000   0.00000000     0.00050954  -0.00042581     0.00000000   0.00000000
  0.01924787   0.00235040     0.00000000   0.00000000    -0.00034354   0.00000446
    3    1
 -0.00805341   0.00333583     0.00000000   0.00000000     0.00000000  -0.00000000
  0.00000000   0.00000000    -0.00366582  -0.00485166    -0.00000000  -0.00000000
 -0.00000000  -0.00000000    -0.00000000  -0.00000000     0.00083852   0.00602277
    3    2
 -0.00956917   0.00000000     0.00000000  -0.00000000     0.00000000   0.00000000
  0.00000000  -0.00000000    -0.01603173   0.00990992     0.00000000   0.00000000
  0.00000000   0.00000000     0.00000000   0.00000000    -0.01603173  -0.00990992
    3    3
  0.05893303   0.00000000     0.00000000   0.00000000     0.00000000  -0.00000000
  0.00000000   0.00000000     0.01984318  -0.00000000    -0.00000000  -0.00000000
  0.00000000  -0.00000000    -0.00000000  -0.00000000     0.01984318   0.00000000
    3    4
 -0.01910281  -0.00648156     0.00928609   0.01296124     0.00000000  -0.00000000
  0.01924787   0.00235040    -0.00034354   0.00000446     0.00000000   0.00000000
  0.00000000   0.00000000     0.00000000   0.00000000     0.00050954  -0.00042581
    3    5
 -0.01809088   0.00892457    -0.01573124  -0.00259872     0.00000000   0.00000000
 -0.01527228   0.01194832    -0.00023977   0.00024607     0.00000000   0.00000000
 -0.00000000   0.00000000    -0.00000000   0.00000000     0.00005920  -0.00066139
    3    6
 -0.01910281   0.00648156     0.00000000   0.00000000     0.00928609  -0.01296124
  0.00000000   0.00000000     0.00050954   0.00042581     0.00000000   0.00000000
  0.01924787  -0.00235040    -0.00000000   0.00000000    -0.00034354  -0.00000446
    3    7
 -0.01809088  -0.00892457     0.00000000   0.00000000    -0.01573124   0.00259872
  0.00000000   0.00000000     0.00005920   0.00066139     0.00000000   0.00000000
 -0.01527228  -0.01194832     0.00000000   0.00000000    -0.00023977  -0.00024607
    4    1
  0.01306681  -0.01306682    -0.00444937  -0.00444937     0.00000000   0.00000000
 -0.00613348  -0.00613347    -0.00021408   0.00021408     0.00000000   0.00000000
  0.00000000   0.00000000     0.00000000   0.00000000    -0.00004588   0.00004588
    4    2
 -0.01809088   0.00892457    -0.01527228   0.01194832     0.00000000   0.00000000
 -0.01573124  -0.00259872    -0.00023977   0.00024607     0.00000000   0.00000000
 -0.00000000  -0.00000000    -0.00000000  -0.00000000     0.00005920  -0.00066139
    4    3
 -0.01910281   0.00648156     0.01924787  -0.00235040     0.00000000   0.00000000
  0.00928609  -0.01296124    -0.00034354  -0.00000446     0.00000000  -0.00000000
 -0.00000000  -0.00000000     0.00000000   0.00000000     0.00050954   0.00042581
    4    4
  0.03889832   0.00000000     0.00000000  -0.00669015    -0.00000000   0.00000000
  0.00000000   0.00669015     0.01479107   0.00000000    -0.00000000   0.00000000
 -0.00000000   0.00000000    -0.00000000   0.00000000     0.13677958   0.00000000
    4    5
 -0.00033112   0.00033112     0.00479364   0.00479364     0.00000000  -0.00000000
  0.00479364   0.00479364    -0.00901271   0.00901272     0.00000000  -0.00000000
  0.00000000  -0.00000000     0.00000000  -0.00000000    -0.09628521   0.09628524
    4    6
  0.01274194  -0.01274194     0.00051080   0.00051080     0.00414658   0.00414657
  0.00414658   0.00414657    -0.00026834   0.00026834    -0.00200066   0.00200066
  0.00051080   0.00051080    -0.09583535   0.09583539    -0.00026834   0.00026834
    4    7
  0.01801983  -0.00000000    -0.00000000   0.00072238     0.00000000  -0.00586414
  0.00000000   0.00586414    -0.00037949  -0.00000000     0.00282936   0.00000000
 -0.00000000  -0.00072238     0.13553168  -0.00000000    -0.00037949   0.00000000
    5    1
  0.01847927  -0.00000000    -0.00000000   0.00629236     0.00000000   0.00000000
  0.00000000   0.00867404    -0.00030275   0.00000000    -0.00000000  -0.00000000
 -0.00000000  -0.00000000     0.00000000   0.00000000    -0.00006489   0.00000000
    5    2
 -0.01910281  -0.00648156     0.01924787   0.00235040     0.00000000   0.00000000
  0.00928609   0.01296124    -0.00034354   0.00000446     0.00000000   0.00000000
  0.00000000   0.00000000    -0.00000000   0.00000000     0.00050954  -0.00042581
    5    3
 -0.01809088  -0.00892457    -0.01527228  -0.01194832    -0.00000000  -0.00000000
 -0.01573124   0.00259872    -0.00023977  -0.00024607     0.00000000  -0.00000000
 -0.00000000   0.00000000     0.00000000   0.00000000     0.00005920   0.00066139
    5    4
 -0.00033112  -0.00033112     0.00479364  -0.00479364     0.00000000   0.00000000
  0.00479364  -0.00479364    -0.00901271  -0.00901272     0.00000000   0.00000000
  0.00000000   0.00000000     0.00000000   0.00000000    -0.09628521  -0.09628524
    5    5
  0.03889832  -0.00000000     0.00000000   0.00669015    -0.00000000   0.00000000
  0.00000000  -0.00669015     0.01479107  -0.00000000    -0.00000000   0.00000000
 -0.00000000  -0.00000000    -0.00000000  -0.00000000     0.13677958  -0.00000000
    5    6
  0.01801983   0.00000000    -0.00000000  -0.00072238     0.00000000   0.00586414
  0.00000000  -0.00586414    -0.00037949   0.00000000     0.00282936  -0.00000000
 -0.00000000   0.00072238     0.13553168   0.00000000    -0.00037949  -0.00000000
    5    7
  0.01274194   0.01274194     0.00051080  -0.00051080     0.00414658  -0.00414657
  0.00414658  -0.00414657    -0.00026834  -0.00026834    -0.00200066  -0.00200066
  0.00051080  -0.00051080    -0.09583535  -0.09583539    -0.00026834  -0.00026834
    6    1
  0.01847927  -0.00000000     0.00000000   0.00000000     0.00000000   0.00629236
  0.00000000  -0.00000000    -0.00006489   0.00000000    -0.00000000   0.00000000
  0.00000000   0.00867404     0.00000000  -0.00000000    -0.00030275   0.00000000
    6    2
 -0.01809088  -0.00892457     0.00000000   0.00000000    -0.01527228  -0.01194832
  0.00000000   0.00000000     0.00005920   0.00066139    -0.00000000   0.00000000
 -0.01573124   0.00259872     0.00000000  -0.00000000    -0.00023977  -0.00024607
    6    3
 -0.01910281  -0.00648156    -0.00000000  -0.00000000     0.01924787   0.00235040
  0.00000000  -0.00000000     0.00050954  -0.00042581     0.00000000   0.00000000
  0.00928609   0.01296124     0.00000000  -0.00000000    -0.00034354   0.00000446
    6    4
  0.01274194   0.01274194     0.00414658  -0.00414657     0.00051080  -0.00051080
  0.00051080  -0.00051080    -0.00026834  -0.00026834    -0.09583535  -0.09583539
  0.00414658  -0.00414657    -0.00200066  -0.00200066    -0.00026834  -0.00026834
    6    5
  0.01801983  -0.00000000     0.00000000   0.00586414     0.00000000  -0.00072238
 -0.00000000   0.00072238    -0.00037949  -0.00000000     0.13553168  -0.00000000
  0.00000000  -0.00586414     0.00282936  -0.00000000    -0.00037949   0.00000000
    6    6
  0.03889832   0.00000000    -0.00000000  -0.00000000    -0.00000000   0.00669015
 -0.00000000   0.00000000     0.13677958  -0.00000000    -0.00000000   0.00000000
 -0.00000000  -0.00669015    -0.00000000  -0.00000000     0.01479107  -0.00000000
    6    7
 -0.00033112  -0.00033112     0.00000000  -0.00000000     0.00479364  -0.00479364
  0.00000000  -0.00000000    -0.09628521  -0.09628524     0.00000000  -0.00000000
  0.00479364  -0.00479364     0.00000000  -0.00000000    -0.00901271  -0.00901272
    7    1
  0.01306681  -0.01306682     0.00000000   0.00000000    -0.00444937  -0.00444937
  0.00000000   0.00000000    -0.00004588   0.00004588     0.00000000   0.00000000
 -0.00613348  -0.00613347     0.00000000   0.00000000    -0.00021408   0.00021408
    7    2
 -0.01910281   0.00648156    -0.00000000   0.00000000     0.01924787  -0.00235040
  0.00000000   0.00000000     0.00050954   0.00042581    -0.00000000   0.00000000
  0.00928609  -0.01296124    -0.00000000   0.00000000    -0.00034354  -0.00000446
    7    3
 -0.01809088   0.00892457     0.00000000  -0.00000000    -0.01527228   0.01194832
  0.00000000  -0.00000000     0.00005920  -0.00066139     0.00000000  -0.00000000
 -0.01573124  -0.00259872    -0.00000000   0.00000000    -0.00023977   0.00024607
    7    4
  0.01801983   0.00000000     0.00000000  -0.00586414     0.00000000   0.00072238
 -0.00000000  -0.00072238    -0.00037949   0.00000000     0.13553168   0.00000000
  0.00000000   0.00586414     0.00282936   0.00000000    -0.00037949  -0.00000000
    7    5
  0.01274194  -0.01274194     0.00414658   0.00414657     0.00051080   0.00051080
  0.00051080   0.00051080    -0.00026834   0.00026834    -0.09583535   0.09583539
  0.00414658   0.00414657    -0.00200066   0.00200066    -0.00026834   0.00026834
    7    6
 -0.00033112   0.00033112     0.00000000   0.00000000     0.00479364   0.00479364
  0.00000000   0.00000000    -0.09628521   0.09628524     0.00000000   0.00000000
  0.00479364   0.00479364     0.00000000   0.00000000    -0.00901271   0.00901272
    7    7
  0.03889832  -0.00000000    -0.00000000   0.00000000    -0.00000000  -0.00669015
 -0.00000000  -0.00000000     0.13677958   0.00000000    -0.00000000   0.00000000
 -0.00000000   0.00669015    -0.00000000   0.00000000     0.01479107   0.00000000

     Dynamical  Matrix in cartesian axes

     q = (   -0.000000000   0.216506400   0.000000000 ) 

    1    1
  0.00309294   0.00000000    -0.00000000   0.00000000    -0.00000000   0.00000000
 -0.00000000   0.00000000     0.11147107   0.00000000    -0.00000000   0.00000000
 -0.00000000   0.00000000    -0.00000000   0.00000000     0.00309294   0.00000000
    1    2
 -0.00030275   0.00000000    -0.00000000   0.00629236    -0.00000000   0.00000000
  0.00000000   0.00867404     0.01847927  -0.00000000    -0.00000000   0.00000000
  0.00000000   0.00000000    -0.00000000   0.00000000    -0.00006489   0.00000000
    1    3
 -0.00021408   0.00021408    -0.00444937  -0.00444937    -0.00000000   0.00000000
 -0.00613348  -0.00613347     0.01306681  -0.01306682    -0.00000000   0.00000000
 -0.00000000   0.00000000    -0.00000000   0.00000000    -0.00004588   0.00004588
    1    4
 -0.00366582  -0.00485166     0.00000000   0.00000000    -0.00000000  -0.00000000
  0.00000000   0.00000000    -0.00805341   0.00333583    -0.00000000  -0.00000000
 -0.00000000  -0.00000000    -0.00000000  -0.00000000     0.00083852   0.00602277
    1    5
  0.00083852   0.00602277    -0.00000000  -0.00000000     0.00000000   0.00000000
  0.00000000  -0.00000000    -0.00805341   0.00333583     0.00000000   0.00000000
  0.00000000   0.00000000     0.00000000   0.00000000    -0.00366582  -0.00485166
    1    6
 -0.00004588   0.00004588    -0.00000000   0.00000000     0.00000000  -0.00000000
  0.00000000   0.00000000     0.01306681  -0.01306682    -0.00613348  -0.00613347
  0.00000000   0.00000000    -0.00444937  -0.00444937    -0.00021408   0.00021408
    1    7
 -0.00006489  -0.00000000    -0.00000000   0.00000000     0.00000000  -0.00000000
 -0.00000000  -0.00000000     0.01847927  -0.00000000     0.00000000   0.00867404
