  4.000000000000000E-002   1.25994432394592        2.39890022168420     
           2

     Dynamical  Matrix in cartesian axes

     q = (    0.433012700   0.433012700   0.433012700 ) 

    1    1
  0.06068232   0.00000000     0.00000000   0.00000000    -0.00000000   0.00000000
  0.00000000   0.00000000     0.06068232   0.00000000    -0.00000000   0.00000000
 -0.00000000   0.00000000    -0.00000000   0.00000000     0.06068232   0.00000000
    1    2
  0.00000000  -0.00000000     0.00000000  -0.00776670    -0.00776670  -0.00000000
 -0.00000000   0.00601317    -0.00000000   0.00000000     0.00000000  -0.00000000
  0.00601317   0.00000000     0.00000000   0.00000000    -0.00000000   0.00000000
    1    3
  0.00000000  -0.00000000    -0.00776670  -0.00000000     0.00000000  -0.00776670
  0.00601317   0.00000000    -0.00000000   0.00000000     0.00000000   0.00000000
 -0.00000000   0.00601317     0.00000000  -0.00000000    -0.00000000   0.00000000
    1    4
 -0.00000000   0.00000000     0.00601317   0.00000000     0.00000000   0.00000000
 -0.00776670  -0.00000000     0.00000000  -0.00000000     0.00000000  -0.00776670
  0.00000000  -0.00000000    -0.00000000   0.00601317    -0.00000000   0.00000000
    1    5
  0.00000000   0.00000000    -0.00000000   0.00601317     0.00000000   0.00000000
  0.00000000  -0.00776670     0.00000000  -0.00000000    -0.00776670  -0.00000000
  0.00000000   0.00000000     0.00601317   0.00000000     0.00000000   0.00000000
    1    6
  0.00000000   0.00000000     0.00000000  -0.00000000    -0.00000000   0.00601317
  0.00000000   0.00000000    -0.00000000   0.00000000     0.00601317   0.00000000
  0.00000000  -0.00776670    -0.00776670  -0.00000000     0.00000000  -0.00000000
    1    7
 -0.00000000   0.00000000     0.00000000   0.00000000     0.00601317   0.00000000
  0.00000000   0.00000000    -0.00000000   0.00000000    -0.00000000   0.00601317
 -0.00776670  -0.00000000     0.00000000  -0.00776670     0.00000000  -0.00000000
    2    1
  0.00000000   0.00000000    -0.00000000  -0.00601317     0.00601317  -0.00000000
  0.00000000   0.00776670    -0.00000000  -0.00000000     0.00000000  -0.00000000
 -0.00776670   0.00000000     0.00000000   0.00000000    -0.00000000  -0.00000000
    2    2
  0.06358009   0.00000000     0.00000000  -0.00000000    -0.00000000  -0.00000000
  0.00000000  -0.00000000     0.05824295   0.00000000    -0.00000000   0.00247558
 -0.00000000  -0.00000000    -0.00000000  -0.00247558     0.05824295  -0.00000000
    2    3
  0.00000000  -0.00000000     0.00000000   0.00000000     0.00000000  -0.00000000
  0.00000000   0.00000000     0.00000000   0.02621566    -0.00689841   0.00000000
  0.00000000  -0.00000000    -0.00689841   0.00000000    -0.00000000  -0.02621566
    2    4
  0.00000000   0.01552074     0.00000000   0.02774101    -0.00768660  -0.00000000
 -0.00000000   0.04037456     0.00000000   0.01552074    -0.00939378  -0.00000000
 -0.00939378  -0.00000000    -0.00768660  -0.00000000    -0.00000000   0.01476727
    2    5
 -0.01552074  -0.00000000     0.02774101   0.00000000    -0.00000000   0.00768660
  0.04037456   0.00000000    -0.01552074   0.00000000    -0.00000000  -0.00939378
 -0.00000000   0.00939378    -0.00000000  -0.00768660    -0.01476727   0.00000000
    2    6
  0.00000000  -0.01552074    -0.00768660   0.00000000     0.00000000  -0.02774101
 -0.00939378   0.00000000    -0.00000000  -0.01476727    -0.00768660   0.00000000
 -0.00000000  -0.04037456    -0.00939378   0.00000000     0.00000000  -0.01552074
    2    7
 -0.01552074   0.00000000    -0.00000000  -0.00768660     0.02774101   0.00000000
  0.00000000  -0.00939378    -0.01476727  -0.00000000     0.00000000   0.00768660
  0.04037456  -0.00000000     0.00000000   0.00939378    -0.01552074  -0.00000000
    3    1
  0.00000000   0.00000000     0.00601317  -0.00000000    -0.00000000  -0.00601317
 -0.00776670   0.00000000     0.00000000  -0.00000000     0.00000000   0.00000000
  0.00000000   0.00776670     0.00000000  -0.00000000    -0.00000000  -0.00000000
    3    2
  0.00000000   0.00000000     0.00000000  -0.00000000     0.00000000   0.00000000
  0.00000000  -0.00000000     0.00000000  -0.02621566    -0.00689841  -0.00000000
  0.00000000   0.00000000    -0.00689841  -0.00000000    -0.00000000   0.02621566
    3    3
  0.06358009  -0.00000000     0.00000000   0.00000000    -0.00000000   0.00000000
  0.00000000   0.00000000     0.05824295  -0.00000000    -0.00000000  -0.00247558
 -0.00000000   0.00000000    -0.00000000   0.00247558     0.05824295   0.00000000
    3    4
 -0.01552074   0.00000000     0.02774101  -0.00000000    -0.00000000  -0.00768660
  0.04037456  -0.00000000    -0.01552074   0.00000000    -0.00000000   0.00939378
 -0.00000000  -0.00939378    -0.00000000   0.00768660    -0.01476727   0.00000000
    3    5
  0.00000000  -0.01552074     0.00000000  -0.02774101    -0.00768660   0.00000000
 -0.00000000  -0.04037456     0.00000000  -0.01552074    -0.00939378   0.00000000
 -0.00939378   0.00000000    -0.00768660   0.00000000    -0.00000000  -0.01476727
    3    6
 -0.01552074  -0.00000000    -0.00000000   0.00768660     0.02774101   0.00000000
  0.00000000   0.00939378    -0.01476727   0.00000000     0.00000000  -0.00768660
  0.04037456   0.00000000     0.00000000  -0.00939378    -0.01552074  -0.00000000
    3    7
  0.00000000   0.01552074    -0.00768660  -0.00000000     0.00000000   0.02774101
 -0.00939378  -0.00000000    -0.00000000   0.01476727    -0.00768660  -0.00000000
 -0.00000000   0.04037456    -0.00939378  -0.00000000     0.00000000   0.01552074
    4    1
  0.00000000  -0.00000000    -0.00776670   0.00000000     0.00000000  -0.00000000
  0.00601317  -0.00000000     0.00000000   0.00000000    -0.00000000  -0.00601317
  0.00000000  -0.00000000     0.00000000   0.00776670    -0.00000000  -0.00000000
    4    2
  0.00000000  -0.01552074    -0.00000000  -0.04037456    -0.00939378   0.00000000
  0.00000000  -0.02774101     0.00000000  -0.01552074    -0.00768660   0.00000000
 -0.00768660   0.00000000    -0.00939378   0.00000000    -0.00000000  -0.01476727
    4    3
 -0.01552074  -0.00000000     0.04037456   0.00000000    -0.00000000   0.00939378
  0.02774101   0.00000000    -0.01552074  -0.00000000     0.00000000  -0.00768660
 -0.00000000   0.00768660     0.00000000  -0.00939378    -0.01476727  -0.00000000
    4    4
  0.05824295   0.00000000    -0.00000000  -0.00000000    -0.00000000  -0.00247558
 -0.00000000  -0.00000000     0.06358009  -0.00000000    -0.00000000   0.00000000
 -0.00000000   0.00247558    -0.00000000  -0.00000000     0.05824295  -0.00000000
    4    5
  0.00000000  -0.02621566     0.00000000  -0.00000000    -0.00689841  -0.00000000
  0.00000000  -0.00000000     0.00000000   0.00000000     0.00000000   0.00000000
 -0.00689841  -0.00000000     0.00000000   0.00000000    -0.00000000   0.02621566
    4    6
 -0.00000000   0.01476727    -0.00939378  -0.00000000    -0.00768660  -0.00000000
 -0.00768660  -0.00000000     0.00000000   0.01552074     0.00000000   0.02774101
 -0.00939378  -0.00000000    -0.00000000   0.04037456     0.00000000   0.01552074
    4    7
 -0.01476727  -0.00000000    -0.00000000   0.00939378     0.00000000  -0.00768660
 -0.00000000   0.00768660    -0.01552074  -0.00000000     0.02774101   0.00000000
  0.00000000  -0.00939378     0.04037456   0.00000000    -0.01552074  -0.00000000
    5    1
  0.00000000  -0.00000000     0.00000000   0.00776670     0.00000000  -0.00000000
 -0.00000000  -0.00601317     0.00000000   0.00000000     0.00601317  -0.00000000
  0.00000000   0.00000000    -0.00776670   0.00000000     0.00000000  -0.00000000
    5    2
 -0.01552074   0.00000000     0.04037456   0.00000000     0.00000000  -0.00939378
  0.02774101  -0.00000000    -0.01552074   0.00000000    -0.00000000   0.00768660
  0.00000000  -0.00768660    -0.00000000   0.00939378    -0.01476727   0.00000000
    5    3
  0.00000000   0.01552074    -0.00000000   0.04037456    -0.00939378  -0.00000000
  0.00000000   0.02774101     0.00000000   0.01552074    -0.00768660  -0.00000000
 -0.00768660  -0.00000000    -0.00939378  -0.00000000    -0.00000000   0.01476727
    5    4
  0.00000000   0.02621566     0.00000000   0.00000000    -0.00689841   0.00000000
  0.00000000   0.00000000     0.00000000  -0.00000000     0.00000000  -0.00000000
 -0.00689841   0.00000000     0.00000000  -0.00000000    -0.00000000  -0.02621566
    5    5
  0.05824295  -0.00000000    -0.00000000   0.00000000    -0.00000000   0.00247558
 -0.00000000   0.00000000     0.06358009   0.00000000    -0.00000000   0.00000000
 -0.00000000  -0.00247558    -0.00000000   0.00000000     0.05824295   0.00000000
    5    6
 -0.01476727  -0.00000000    -0.00000000  -0.00939378    -0.00000000   0.00768660
 -0.00000000  -0.00768660    -0.01552074   0.00000000     0.02774101  -0.00000000
 -0.00000000   0.00939378     0.04037456  -0.00000000    -0.01552074  -0.00000000
    5    7
 -0.00000000  -0.01476727    -0.00939378   0.00000000    -0.00768660   0.00000000
 -0.00768660   0.00000000     0.00000000  -0.01552074     0.00000000  -0.02774101
 -0.00939378   0.00000000    -0.00000000  -0.04037456     0.00000000  -0.01552074
    6    1
 -0.00000000  -0.00000000     0.00000000  -0.00000000     0.00000000   0.00776670
  0.00000000   0.00000000    -0.00000000  -0.00000000    -0.00776670   0.00000000
 -0.00000000  -0.00601317     0.00601317  -0.00000000     0.00000000   0.00000000
    6    2
  0.00000000   0.01552074    -0.00939378  -0.00000000    -0.00000000   0.04037456
 -0.00768660  -0.00000000    -0.00000000   0.01476727    -0.00939378  -0.00000000
  0.00000000   0.02774101    -0.00768660  -0.00000000     0.00000000   0.01552074
    6    3
 -0.01552074   0.00000000    -0.00000000  -0.00939378     0.04037456  -0.00000000
 -0.00000000  -0.00768660    -0.01476727  -0.00000000    -0.00000000   0.00939378
  0.02774101  -0.00000000    -0.00000000   0.00768660    -0.01552074  -0.00000000
    6    4
 -0.00000000  -0.01476727    -0.00768660   0.00000000    -0.00939378   0.00000000
 -0.00939378   0.00000000     0.00000000  -0.01552074    -0.00000000  -0.04037456
 -0.00768660   0.00000000     0.00000000  -0.02774101     0.00000000  -0.01552074
    6    5
 -0.01476727   0.00000000    -0.00000000   0.00768660     0.00000000  -0.00939378
 -0.00000000   0.00939378    -0.01552074   0.00000000     0.04037456   0.00000000
  0.00000000  -0.00768660     0.02774101   0.00000000    -0.01552074   0.00000000
    6    6
  0.05824295   0.00000000     0.00000000   0.00247558    -0.00000000  -0.00000000
  0.00000000  -0.00247558     0.05824295  -0.00000000    -0.00000000  -0.00000000
 -0.00000000   0.00000000    -0.00000000   0.00000000     0.06358009  -0.00000000
    6    7
  0.00000000   0.02621566    -0.00689841  -0.00000000     0.00000000   0.00000000
 -0.00689841  -0.00000000     0.00000000  -0.02621566     0.00000000  -0.00000000
  0.00000000   0.00000000     0.00000000  -0.00000000     0.00000000  -0.00000000
    7    1
 -0.00000000  -0.00000000     0.00000000   0.00000000    -0.00776670   0.00000000
  0.00000000  -0.00000000    -0.00000000  -0.00000000     0.00000000   0.00776670
  0.00601317  -0.00000000    -0.00000000  -0.00601317    -0.00000000   0.00000000
    7    2
 -0.01552074   0.00000000    -0.00000000   0.00939378     0.04037456   0.00000000
 -0.00000000   0.00768660    -0.01476727   0.00000000    -0.00000000  -0.00939378
  0.02774101   0.00000000    -0.00000000  -0.00768660    -0.01552074  -0.00000000
    7    3
  0.00000000  -0.01552074    -0.00939378   0.00000000    -0.00000000  -0.04037456
 -0.00768660   0.00000000    -0.00000000  -0.01476727    -0.00939378   0.00000000
  0.00000000  -0.02774101    -0.00768660   0.00000000     0.00000000  -0.01552074
    7    4
 -0.01476727   0.00000000    -0.00000000  -0.00768660     0.00000000   0.00939378
 -0.00000000  -0.00939378    -0.01552074   0.00000000     0.04037456  -0.00000000
  0.00000000   0.00768660     0.02774101  -0.00000000    -0.01552074   0.00000000
    7    5
 -0.00000000   0.01476727    -0.00768660  -0.00000000    -0.00939378  -0.00000000
 -0.00939378  -0.00000000     0.00000000   0.01552074    -0.00000000   0.04037456
 -0.00768660  -0.00000000     0.00000000   0.02774101     0.00000000   0.01552074
    7    6
  0.00000000  -0.02621566    -0.00689841   0.00000000     0.00000000  -0.00000000
 -0.00689841   0.00000000     0.00000000   0.02621566     0.00000000   0.00000000
  0.00000000  -0.00000000     0.00000000   0.00000000     0.00000000   0.00000000
    7    7
  0.05824295  -0.00000000     0.00000000  -0.00247558    -0.00000000   0.00000000
  0.00000000   0.00247558     0.05824295   0.00000000    -0.00000000   0.00000000
 -0.00000000   0.00000000    -0.00000000   0.00000000     0.06358009   0.00000000

     Dynamical  Matrix in cartesian axes

     q = (   -0.433012700  -0.433012700  -0.433012700 ) 

    1    1
  0.06068232   0.00000000    -0.00000000   0.00000000    -0.00000000   0.00000000
 -0.00000000   0.00000000     0.06068232   0.00000000    -0.00000000   0.00000000
 -0.00000000   0.00000000    -0.00000000   0.00000000     0.06068232   0.00000000
    1    2
 -0.00000000  -0.00000000     0.00000000   0.00776670    -0.00776670   0.00000000
 -0.00000000  -0.00601317     0.00000000   0.00000000    -0.00000000  -0.00000000
  0.00601317  -0.00000000    -0.00000000  -0.00000000     0.00000000   0.00000000
    1    3
 -0.00000000   0.00000000    -0.00776670   0.00000000     0.00000000   0.00776670
  0.00601317  -0.00000000     0.00000000   0.00000000    -0.00000000  -0.00000000
 -0.00000000  -0.00601317    -0.00000000  -0.00000000     0.00000000   0.00000000
    1    4
  0.00000000   0.00000000     0.00601317   0.00000000     0.00000000  -0.00000000
 -0.00776670  -0.00000000    -0.00000000  -0.00000000    -0.00000000   0.00776670
 -0.00000000  -0.00000000     0.00000000  -0.00601317     0.00000000   0.00000000
    1    5
  0.00000000  -0.00000000    -0.00000000  -0.00601317    -0.00000000  -0.00000000
  0.00000000   0.00776670    -0.00000000  -0.00000000    -0.00776670   0.00000000
  0.00000000  -0.00000000     0.00601317  -0.00000000     0.00000000   0.00000000
    1    6
  0.00000000   0.00000000     0.00000000  -0.00000000     0.00000000  -0.00601317
  0.00000000  -0.00000000     0.00000000   0.00000000     0.00601317  -0.00000000
  0.00000000   0.00776670    -0.00776670   0.00000000    -0.00000000   0.00000000
    1    7
  0.00000000   0.00000000     0.00000000  -0.00000000     0.00601317  -0.00000000
  0.00000000  -0.00000000     0.00000000   0.00000000     0.00000000  -0.00601317
 -0.00776670   0.00000000     0.00000000   0.00776670    -0.00000000   0.00000000
    2    1
 -0.00000000   0.00000000    -0.00000000   0.00601317     0.00601317   0.00000000
  0.00000000  -0.00776670     0.00000000  -0.00000000     0.00000000   0.00000000
 -0.00776670  -0.00000000     0.00000000   0.00000000     0.00000000   0.00000000
    2    2
  0.06358009  -0.00000000    -0.00000000   0.00000000    -0.00000000   0.00000000
 -0.00000000   0.00000000     0.05824295   0.00000000    -0.00000000  -0.00247558
 -0.00000000   0.00000000    -0.00000000   0.00247558     0.05824295   0.00000000
    2    3
  0.00000000  -0.00000000     0.00000000  -0.00000000     0.00000000   0.00000000
  0.00000000  -0.00000000     0.00000000  -0.02621566    -0.00689841  -0.00000000
  0.00000000   0.00000000    -0.00689841  -0.00000000    -0.00000000   0.02621566
    2    4
  0.00000000  -0.01552074     0.00000000  -0.02774101    -0.00768660   0.00000000
 -0.00000000  -0.04037456     0.00000000  -0.01552074    -0.00939378   0.00000000
 -0.00939378   0.00000000    -0.00768660   0.00000000    -0.00000000  -0.01476727
    2    5
 -0.01552074   0.00000000     0.02774101  -0.00000000    -0.00000000  -0.00768660
  0.04037456  -0.00000000    -0.01552074  -0.00000000    -0.00000000   0.00939378
 -0.00000000  -0.00939378    -0.00000000   0.00768660    -0.01476727   0.00000000
    2    6
  0.00000000   0.01552074    -0.00768660  -0.00000000     0.00000000   0.02774101
 -0.00939378  -0.00000000    -0.00000000   0.01476727    -0.00768660  -0.00000000
 -0.00000000   0.04037456    -0.00939378  -0.00000000     0.00000000   0.01552074
    2    7
 -0.01552074  -0.00000000    -0.00000000   0.00768660     0.02774101   0.00000000
 -0.00000000   0.00939378    -0.01476727  -0.00000000    -0.00000000  -0.00768660
  0.04037456   0.00000000     0.00000000  -0.00939378    -0.01552074  -0.00000000
    3    1
 -0.00000000   0.00000000     0.00601317  -0.00000000    -0.00000000   0.00601317
 -0.00776670  -0.00000000     0.00000000   0.00000000     0.00000000   0.00000000
  0.00000000  -0.00776670    -0.00000000   0.00000000     0.00000000  -0.00000000
    3    2
  0.00000000   0.00000000     0.00000000   0.00000000     0.00000000  -0.00000000
  0.00000000   0.00000000     0.00000000   0.02621566    -0.00689841   0.00000000
  0.00000000  -0.00000000    -0.00689841   0.00000000    -0.00000000  -0.02621566
    3    3
  0.06358009   0.00000000    -0.00000000  -0.00000000    -0.00000000  -0.00000000
 -0.00000000  -0.00000000     0.05824295  -0.00000000    -0.00000000   0.00247558
 -0.00000000  -0.00000000    -0.00000000  -0.00247558     0.05824295   0.00000000
    3    4
 -0.01552074  -0.00000000     0.02774101   0.00000000    -0.00000000   0.00768660
  0.04037456   0.00000000    -0.01552074  -0.00000000    -0.00000000  -0.00939378
 -0.00000000   0.00939378     0.00000000  -0.00768660    -0.01476727  -0.00000000
    3    5
  0.00000000   0.01552074     0.00000000   0.02774101    -0.00768660  -0.00000000
 -0.00000000   0.04037456     0.00000000   0.01552074    -0.00939378  -0.00000000
 -0.00939378  -0.00000000    -0.00768660  -0.00000000    -0.00000000   0.01476727
    3    6
 -0.01552074   0.00000000    -0.00000000  -0.00768660     0.02774101  -0.00000000
 -0.00000000  -0.00939378    -0.01476727   0.00000000    -0.00000000   0.00768660
  0.04037456  -0.00000000     0.00000000   0.00939378    -0.01552074   0.00000000
    3    7
  0.00000000  -0.01552074    -0.00768660   0.00000000     0.00000000  -0.02774101
 -0.00939378   0.00000000    -0.00000000  -0.01476727    -0.00768660   0.00000000
 -0.00000000  -0.04037456    -0.00939378   0.00000000     0.00000000  -0.01552074
    4    1
  0.00000000   0.00000000    -0.00776670   0.00000000     0.00000000   0.00000000
  0.00601317  -0.00000000    -0.00000000   0.00000000     0.00000000   0.00601317
 -0.00000000   0.00000000    -0.00000000  -0.00776670     0.00000000   0.00000000
    4    2
  0.00000000   0.01552074    -0.00000000   0.04037456    -0.00939378  -0.00000000
  0.00000000   0.02774101     0.00000000   0.01552074    -0.00768660  -0.00000000
 -0.00768660  -0.00000000    -0.00939378  -0.00000000    -0.00000000   0.01476727
    4    3
 -0.01552074   0.00000000     0.04037456  -0.00000000    -0.00000000  -0.00939378
  0.02774101  -0.00000000    -0.01552074   0.00000000    -0.00000000   0.00768660
 -0.00000000  -0.00768660    -0.00000000   0.00939378    -0.01476727   0.00000000
    4    4
  0.05824295   0.00000000    -0.00000000   0.00000000    -0.00000000   0.00247558
  0.00000000  -0.00000000     0.06358009   0.00000000    -0.00000000  -0.00000000
 -0.00000000  -0.00247558    -0.00000000   0.00000000     0.05824295  -0.00000000
    4    5
  0.00000000   0.02621566     0.00000000   0.00000000    -0.00689841   0.00000000
  0.00000000   0.00000000     0.00000000  -0.00000000     0.00000000  -0.00000000
 -0.00689841   0.00000000     0.00000000  -0.00000000    -0.00000000  -0.02621566
    4    6
 -0.00000000  -0.01476727    -0.00939378   0.00000000    -0.00768660   0.00000000
 -0.00768660   0.00000000     0.00000000  -0.01552074     0.00000000  -0.02774101
 -0.00939378   0.00000000    -0.00000000  -0.04037456     0.00000000  -0.01552074
    4    7
 -0.01476727   0.00000000    -0.00000000  -0.00939378     0.00000000   0.00768660
  0.00000000  -0.00768660    -0.01552074   0.00000000     0.02774101  -0.00000000
  0.00000000   0.00939378     0.04037456  -0.00000000    -0.01552074   0.00000000
    5    1
  0.00000000   0.00000000     0.00000000  -0.00776670     0.00000000   0.00000000
 -0.00000000   0.00601317    -0.00000000   0.00000000     0.00601317   0.00000000
 -0.00000000   0.00000000    -0.00776670  -0.00000000     0.00000000   0.00000000
    5    2
 -0.01552074  -0.00000000     0.04037456  -0.00000000    -0.00000000   0.00939378
  0.02774101  -0.00000000    -0.01552074   0.00000000    -0.00000000  -0.00768660
 -0.00000000   0.00768660    -0.00000000  -0.00939378    -0.01476727   0.00000000
    5    3
  0.00000000  -0.01552074    -0.00000000  -0.04037456    -0.00939378   0.00000000
  0.00000000  -0.02774101     0.00000000  -0.01552074    -0.00768660   0.00000000
 -0.00768660   0.00000000    -0.00939378   0.00000000    -0.00000000  -0.01476727
    5    4
  0.00000000  -0.02621566     0.00000000  -0.00000000    -0.00689841  -0.00000000
  0.00000000  -0.00000000     0.00000000   0.00000000     0.00000000   0.00000000
 -0.00689841  -0.00000000     0.00000000   0.00000000    -0.00000000   0.02621566
    5    5
  0.05824295   0.00000000    -0.00000000  -0.00000000    -0.00000000  -0.00247558
  0.00000000   0.00000000     0.06358009  -0.00000000    -0.00000000   0.00000000
 -0.00000000   0.00247558    -0.00000000  -0.00000000     0.05824295   0.00000000
    5    6
 -0.01476727   0.00000000    -0.00000000   0.00939378     0.00000000  -0.00768660
 -0.00000000   0.00768660    -0.01552074  -0.00000000     0.02774101   0.00000000
  0.00000000  -0.00939378     0.04037456   0.00000000    -0.01552074  -0.00000000
    5    7
 -0.00000000   0.01476727    -0.00939378  -0.00000000    -0.00768660  -0.00000000
 -0.00768660  -0.00000000     0.00000000   0.01552074     0.00000000   0.02774101
 -0.00939378  -0.00000000    -0.00000000   0.04037456     0.00000000   0.01552074
    6    1
  0.00000000   0.00000000     0.00000000   0.00000000     0.00000000  -0.00776670
  0.00000000   0.00000000     0.00000000  -0.00000000    -0.00776670  -0.00000000
 -0.00000000   0.00601317     0.00601317   0.00000000    -0.00000000   0.00000000
    6    2
  0.00000000  -0.01552074    -0.00939378   0.00000000    -0.00000000  -0.04037456
 -0.00768660   0.00000000    -0.00000000  -0.01476727    -0.00939378   0.00000000
  0.00000000  -0.02774101    -0.00768660   0.00000000     0.00000000  -0.01552074
    6    3
 -0.01552074  -0.00000000    -0.00000000   0.00939378     0.04037456   0.00000000
 -0.00000000   0.00768660    -0.01476727  -0.00000000     0.00000000  -0.00939378
  0.02774101   0.00000000    -0.00000000  -0.00768660    -0.01552074  -0.00000000
    6    4
 -0.00000000   0.01476727    -0.00768660  -0.00000000    -0.00939378  -0.00000000
 -0.00939378  -0.00000000     0.00000000   0.01552074    -0.00000000   0.04037456
 -0.00768660  -0.00000000     0.00000000   0.02774101     0.00000000   0.01552074
    6    5
 -0.01476727  -0.00000000    -0.00000000  -0.00768660    -0.00000000   0.00939378
 -0.00000000  -0.00939378    -0.01552074   0.00000000     0.04037456  -0.00000000
  0.00000000   0.00768660     0.02774101  -0.00000000    -0.01552074   0.00000000
    6    6
  0.05824295   0.00000000    -0.00000000  -0.00247558    -0.00000000   0.00000000
 -0.00000000   0.00247558     0.05824295   0.00000000    -0.00000000   0.00000000
 -0.00000000   0.00000000    -0.00000000   0.00000000     0.06358009  -0.00000000
    6    7
  0.00000000  -0.02621566    -0.00689841   0.00000000     0.00000000  -0.00000000
 -0.00689841  -0.00000000     0.00000000   0.02621566     0.00000000   0.00000000
  0.00000000  -0.00000000     0.00000000   0.00000000     0.00000000   0.00000000
    7    1
  0.00000000   0.00000000     0.00000000   0.00000000    -0.00776670  -0.00000000
  0.00000000   0.00000000     0.00000000   0.00000000     0.00000000  -0.00776670
  0.00601317   0.00000000     0.00000000   0.00601317    -0.00000000   0.00000000
    7    2
 -0.01552074   0.00000000    -0.00000000  -0.00939378     0.04037456  -0.00000000
 -0.00000000  -0.00768660    -0.01476727   0.00000000     0.00000000   0.00939378
  0.02774101  -0.00000000    -0.00000000   0.00768660    -0.01552074   0.00000000
    7    3
  0.00000000   0.01552074    -0.00939378  -0.00000000    -0.00000000   0.04037456
 -0.00768660  -0.00000000    -0.00000000   0.01476727    -0.00939378  -0.00000000
  0.00000000   0.02774101    -0.00768660  -0.00000000     0.00000000   0.01552074
    7    4
 -0.01476727  -0.00000000    -0.00000000   0.00768660    -0.00000000  -0.00939378
 -0.00000000   0.00939378    -0.01552074  -0.00000000     0.04037456   0.00000000
  0.00000000  -0.00768660     0.02774101   0.00000000    -0.01552074  -0.00000000
    7    5
 -0.00000000  -0.01476727    -0.00768660   0.00000000    -0.00939378   0.00000000
 -0.00939378   0.00000000     0.00000000  -0.01552074    -0.00000000  -0.04037456
 -0.00768660   0.00000000     0.00000000  -0.02774101     0.00000000  -0.01552074
    7    6
  0.00000000   0.02621566    -0.00689841  -0.00000000     0.00000000   0.00000000
 -0.00689841   0.00000000     0.00000000  -0.02621566     0.00000000  -0.00000000
  0.00000000   0.00000000     0.00000000  -0.00000000     0.00000000  -0.00000000
    7    7
  0.05824295  -0.00000000    -0.00000000   0.00247558    -0.00000000  -0.00000000
 -0.00000000  -0.00247558     0.05824295  -0.00000000    -0.00000000  -0.00000000
 -0.00000000   0.00000000    -0.00000000   0.00000000     0.06358009   0.00000000
