  5.000000000000000E-002   1.25977579764806        2.43615232611498     
          24

     Dynamical  Matrix in cartesian axes

     q = (    0.433012702   0.216506351   0.216506351 ) 

    1    1
  0.12761538   0.00000000     0.00570294   0.00000000     0.00570294   0.00000000
  0.00570294   0.00000000     0.05085424   0.00000000     0.01077483   0.00000000
  0.00570294   0.00000000     0.01077483   0.00000000     0.05085424   0.00000000
    1    2
 -0.00000000   0.02577178     0.01594191  -0.00617638    -0.01594191  -0.00617638
 -0.00110725  -0.00888274     0.00537064  -0.00041788    -0.01024893  -0.00527564
  0.00110725  -0.00888274     0.01024893  -0.00527564    -0.00537064  -0.00041788
    1    3
 -0.00000000   0.02577178    -0.01594191  -0.00617638     0.01594191  -0.00617638
  0.00110725  -0.00888274    -0.00537064  -0.00041788     0.01024893  -0.00527564
 -0.00110725  -0.00888274    -0.01024893  -0.00527564     0.00537064  -0.00041788
    1    4
 -0.01518734  -0.00291226    -0.00788535   0.01704136    -0.00007890  -0.00685084
 -0.00632017  -0.00406186     0.00932586  -0.00048996     0.00792572  -0.00894885
 -0.00391510   0.00025977     0.01579312   0.01356985     0.01053921   0.00251689
    1    5
  0.01518734  -0.00291226     0.00788535   0.01704136     0.00007890  -0.00685084
  0.00632017  -0.00406186    -0.00932586  -0.00048996    -0.00792572  -0.00894885
  0.00391510   0.00025977    -0.01579312   0.01356985    -0.01053921   0.00251689
    1    6
  0.01518734  -0.00291226     0.00007890  -0.00685084     0.00788535   0.01704136
  0.00391510   0.00025977    -0.01053921   0.00251689    -0.01579312   0.01356985
  0.00632017  -0.00406186    -0.00792572  -0.00894885    -0.00932586  -0.00048996
    1    7
 -0.01518734  -0.00291226    -0.00007890  -0.00685084    -0.00788535   0.01704136
 -0.00391510   0.00025977     0.01053921   0.00251689     0.01579312   0.01356985
 -0.00632017  -0.00406186     0.00792572  -0.00894885     0.00932586  -0.00048996
    2    1
 -0.00000000  -0.02577178    -0.00110725   0.00888274     0.00110725   0.00888274
  0.01594191   0.00617638     0.00537064   0.00041788     0.01024893   0.00527564
 -0.01594191   0.00617638    -0.01024893   0.00527564    -0.00537064   0.00041788
    2    2
  0.06875351  -0.00000000     0.00337035   0.00666924     0.00337035  -0.00666924
  0.00337035  -0.00666924     0.03651076  -0.00000000     0.00376668  -0.00115219
  0.00337035   0.00666924     0.00376668   0.00115219     0.03651076   0.00000000
    2    3
  0.00892387   0.00000000    -0.00026103   0.00198801    -0.00026103  -0.00198801
 -0.00026103   0.00198801    -0.01127772   0.01193479    -0.00106040   0.00000000
 -0.00026103  -0.00198801    -0.00106040   0.00000000    -0.01127772  -0.01193479
    2    4
 -0.00291651   0.02313293    -0.00095185   0.01991543     0.00476275  -0.00411127
 -0.00311729   0.02065128     0.00534667   0.01730754    -0.00686183   0.00895191
 -0.00179790   0.00382960    -0.00048758   0.00517107     0.00941740   0.01105859
    2    5
 -0.01925578   0.00122736     0.00917523  -0.00951178     0.00253227  -0.00045178
  0.02417209   0.00561644    -0.01137234   0.00911299     0.00683292  -0.00324669
  0.00078486   0.00330271    -0.00004718   0.00491027    -0.00532117  -0.00058171
    2    6
 -0.00291651  -0.02313293     0.00476275   0.00411127    -0.00095185  -0.01991543
 -0.00179790  -0.00382960     0.00941740  -0.01105859    -0.00048758  -0.00517107
 -0.00311729  -0.02065128    -0.00686183  -0.00895191     0.00534667  -0.01730754
    2    7
 -0.01925578  -0.00122736     0.00253227   0.00045178     0.00917523   0.00951178
  0.00078486  -0.00330271    -0.00532117   0.00058171    -0.00004718  -0.00491027
  0.02417209  -0.00561644     0.00683292   0.00324669    -0.01137234  -0.00911299
    3    1
 -0.00000000  -0.02577178     0.00110725   0.00888274    -0.00110725   0.00888274
 -0.01594191   0.00617638    -0.00537064   0.00041788    -0.01024893   0.00527564
  0.01594191   0.00617638     0.01024893   0.00527564     0.00537064   0.00041788
    3    2
  0.00892387  -0.00000000    -0.00026103  -0.00198801    -0.00026103   0.00198801
 -0.00026103  -0.00198801    -0.01127772  -0.01193479    -0.00106040  -0.00000000
 -0.00026103   0.00198801    -0.00106040  -0.00000000    -0.01127772   0.01193479
    3    3
  0.06875351   0.00000000     0.00337035  -0.00666924     0.00337035   0.00666924
  0.00337035   0.00666924     0.03651076   0.00000000     0.00376668   0.00115219
  0.00337035  -0.00666924     0.00376668  -0.00115219     0.03651076  -0.00000000
    3    4
 -0.01925578  -0.00122736     0.00917523   0.00951178     0.00253227   0.00045178
  0.02417209  -0.00561644    -0.01137234  -0.00911299     0.00683292   0.00324669
  0.00078486  -0.00330271    -0.00004718  -0.00491027    -0.00532117   0.00058171
    3    5
 -0.00291651  -0.02313293    -0.00095185  -0.01991543     0.00476275   0.00411127
 -0.00311729  -0.02065128     0.00534667  -0.01730754    -0.00686183  -0.00895191
 -0.00179790  -0.00382960    -0.00048758  -0.00517107     0.00941740  -0.01105859
    3    6
 -0.01925578   0.00122736     0.00253227  -0.00045178     0.00917523  -0.00951178
  0.00078486   0.00330271    -0.00532117  -0.00058171    -0.00004718   0.00491027
  0.02417209   0.00561644     0.00683292  -0.00324669    -0.01137234   0.00911299
    3    7
 -0.00291651   0.02313293     0.00476275  -0.00411127    -0.00095185   0.01991543
 -0.00179790   0.00382960     0.00941740   0.01105859    -0.00048758   0.00517107
 -0.00311729   0.02065128    -0.00686183   0.00895191     0.00534667   0.01730754
    4    1
 -0.01518734   0.00291226    -0.00632017   0.00406186    -0.00391510  -0.00025977
 -0.00788535  -0.01704136     0.00932586   0.00048996     0.01579312  -0.01356985
 -0.00007890   0.00685084     0.00792572   0.00894885     0.01053921  -0.00251689
    4    2
 -0.00291651  -0.02313293    -0.00311729  -0.02065128    -0.00179790  -0.00382960
 -0.00095185  -0.01991543     0.00534667  -0.01730754    -0.00048758  -0.00517107
  0.00476275   0.00411127    -0.00686183  -0.00895191     0.00941740  -0.01105859
    4    3
 -0.01925578   0.00122736     0.02417209   0.00561644     0.00078486   0.00330271
  0.00917523  -0.00951178    -0.01137234   0.00911299    -0.00004718   0.00491027
  0.00253227  -0.00045178     0.00683292  -0.00324669    -0.00532117  -0.00058171
    4    4
  0.04503940  -0.00000000     0.00377947  -0.00596764     0.00537555   0.00285473
  0.00377947   0.00596764     0.04056340   0.00000000     0.00354988   0.00191528
  0.00537555  -0.00285473     0.00354988  -0.00191528     0.04270173   0.00000000
    4    5
 -0.00005128  -0.00511043     0.00383238  -0.00203603    -0.00439462  -0.01111182
  0.00383238  -0.00203603     0.00738268   0.01400018     0.00486532   0.00399247
 -0.00439462  -0.01111182     0.00486532   0.00399247    -0.02108149  -0.00450861
    4    6
 -0.00001341   0.00568334    -0.00633140  -0.00660316    -0.01014692   0.00033119
 -0.01014692   0.00033119    -0.01057279  -0.00469230    -0.01424503  -0.01121798
 -0.00633140  -0.00660316    -0.03350781  -0.00442114    -0.01057279  -0.00469230
    4    7
 -0.00131964   0.00000000     0.00143386   0.01049356    -0.00345940  -0.00439871
 -0.00345940   0.00439871    -0.01201756  -0.00597765    -0.00192523  -0.00000000
  0.00143386  -0.01049356     0.02716390   0.00000000    -0.01201756   0.00597765
    5    1
  0.01518734   0.00291226     0.00632017   0.00406186     0.00391510  -0.00025977
  0.00788535  -0.01704136    -0.00932586   0.00048996    -0.01579312  -0.01356985
  0.00007890   0.00685084    -0.00792572   0.00894885    -0.01053921  -0.00251689
    5    2
 -0.01925578  -0.00122736     0.02417209  -0.00561644     0.00078486  -0.00330271
  0.00917523   0.00951178    -0.01137234  -0.00911299    -0.00004718  -0.00491027
  0.00253227   0.00045178     0.00683292   0.00324669    -0.00532117   0.00058171
    5    3
 -0.00291651   0.02313293    -0.00311729   0.02065128    -0.00179790   0.00382960
 -0.00095185   0.01991543     0.00534667   0.01730754    -0.00048758   0.00517107
  0.00476275  -0.00411127    -0.00686183   0.00895191     0.00941740   0.01105859
    5    4
 -0.00005128   0.00511043     0.00383238   0.00203603    -0.00439462   0.01111182
  0.00383238   0.00203603     0.00738268  -0.01400018     0.00486532  -0.00399247
 -0.00439462   0.01111182     0.00486532  -0.00399247    -0.02108149   0.00450861
    5    5
  0.04503940   0.00000000     0.00377947   0.00596764     0.00537555  -0.00285473
  0.00377947  -0.00596764     0.04056340  -0.00000000     0.00354988  -0.00191528
  0.00537555   0.00285473     0.00354988   0.00191528     0.04270173  -0.00000000
    5    6
 -0.00131964  -0.00000000     0.00143386  -0.01049356    -0.00345940   0.00439871
 -0.00345940  -0.00439871    -0.01201756   0.00597765    -0.00192523   0.00000000
  0.00143386   0.01049356     0.02716390   0.00000000    -0.01201756  -0.00597765
    5    7
 -0.00001341  -0.00568334    -0.00633140   0.00660316    -0.01014692  -0.00033119
 -0.01014692  -0.00033119    -0.01057279   0.00469230    -0.01424503   0.01121798
 -0.00633140   0.00660316    -0.03350781   0.00442114    -0.01057279   0.00469230
    6    1
  0.01518734   0.00291226     0.00391510  -0.00025977     0.00632017   0.00406186
  0.00007890   0.00685084    -0.01053921  -0.00251689    -0.00792572   0.00894885
  0.00788535  -0.01704136    -0.01579312  -0.01356985    -0.00932586   0.00048996
    6    2
 -0.00291651   0.02313293    -0.00179790   0.00382960    -0.00311729   0.02065128
  0.00476275  -0.00411127     0.00941740   0.01105859    -0.00686183   0.00895191
 -0.00095185   0.01991543    -0.00048758   0.00517107     0.00534667   0.01730754
    6    3
 -0.01925578  -0.00122736     0.00078486  -0.00330271     0.02417209  -0.00561644
  0.00253227   0.00045178    -0.00532117   0.00058171     0.00683292   0.00324669
  0.00917523   0.00951178    -0.00004718  -0.00491027    -0.01137234  -0.00911299
    6    4
 -0.00001341  -0.00568334    -0.01014692  -0.00033119    -0.00633140   0.00660316
 -0.00633140   0.00660316    -0.01057279   0.00469230    -0.03350781   0.00442114
 -0.01014692  -0.00033119    -0.01424503   0.01121798    -0.01057279   0.00469230
    6    5
 -0.00131964   0.00000000    -0.00345940   0.00439871     0.00143386  -0.01049356
  0.00143386   0.01049356    -0.01201756  -0.00597765     0.02716390  -0.00000000
 -0.00345940  -0.00439871    -0.00192523  -0.00000000    -0.01201756   0.00597765
    6    6
  0.04503940   0.00000000     0.00537555  -0.00285473     0.00377947   0.00596764
  0.00537555   0.00285473     0.04270173  -0.00000000     0.00354988   0.00191528
  0.00377947  -0.00596764     0.00354988  -0.00191528     0.04056340  -0.00000000
    6    7
 -0.00005128   0.00511043    -0.00439462   0.01111182     0.00383238   0.00203603
 -0.00439462   0.01111182    -0.02108149   0.00450861     0.00486532  -0.00399247
  0.00383238   0.00203603     0.00486532  -0.00399247     0.00738268  -0.01400018
    7    1
 -0.01518734   0.00291226    -0.00391510  -0.00025977    -0.00632017   0.00406186
 -0.00007890   0.00685084     0.01053921  -0.00251689     0.00792572   0.00894885
 -0.00788535  -0.01704136     0.01579312  -0.01356985     0.00932586   0.00048996
    7    2
 -0.01925578   0.00122736     0.00078486   0.00330271     0.02417209   0.00561644
  0.00253227  -0.00045178    -0.00532117  -0.00058171     0.00683292  -0.00324669
  0.00917523  -0.00951178    -0.00004718   0.00491027    -0.01137234   0.00911299
    7    3
 -0.00291651  -0.02313293    -0.00179790  -0.00382960    -0.00311729  -0.02065128
  0.00476275   0.00411127     0.00941740  -0.01105859    -0.00686183  -0.00895191
 -0.00095185  -0.01991543    -0.00048758  -0.00517107     0.00534667  -0.01730754
    7    4
 -0.00131964   0.00000000    -0.00345940  -0.00439871     0.00143386   0.01049356
  0.00143386  -0.01049356    -0.01201756   0.00597765     0.02716390  -0.00000000
 -0.00345940   0.00439871    -0.00192523   0.00000000    -0.01201756  -0.00597765
    7    5
 -0.00001341   0.00568334    -0.01014692   0.00033119    -0.00633140  -0.00660316
 -0.00633140  -0.00660316    -0.01057279  -0.00469230    -0.03350781  -0.00442114
 -0.01014692   0.00033119    -0.01424503  -0.01121798    -0.01057279  -0.00469230
    7    6
 -0.00005128  -0.00511043    -0.00439462  -0.01111182     0.00383238  -0.00203603
 -0.00439462  -0.01111182    -0.02108149  -0.00450861     0.00486532   0.00399247
  0.00383238  -0.00203603     0.00486532   0.00399247     0.00738268   0.01400018
    7    7
  0.04503940  -0.00000000     0.00537555   0.00285473     0.00377947  -0.00596764
  0.00537555  -0.00285473     0.04270173   0.00000000     0.00354988  -0.00191528
  0.00377947   0.00596764     0.00354988   0.00191528     0.04056340   0.00000000

     Dynamical  Matrix in cartesian axes

     q = (   -0.433012702   0.216506351   0.216506351 ) 

    1    1
  0.12761538   0.00000000    -0.00570294  -0.00000000    -0.00570294  -0.00000000
 -0.00570294  -0.00000000     0.05085424   0.00000000     0.01077483   0.00000000
 -0.00570294  -0.00000000     0.01077483   0.00000000     0.05085424   0.00000000
    1    2
 -0.02577178   0.00000000    -0.00617638   0.01594191    -0.00617638  -0.01594191
 -0.00888274  -0.00110725     0.00041788  -0.00537064     0.00527564   0.01024893
 -0.00888274   0.00110725     0.00527564  -0.01024893     0.00041788   0.00537064
    1    3
 -0.02577178  -0.00000000    -0.00617638  -0.01594191    -0.00617638   0.01594191
 -0.00888274   0.00110725     0.00041788   0.00537064     0.00527564  -0.01024893
 -0.00888274  -0.00110725     0.00527564   0.01024893     0.00041788  -0.00537064
    1    4
  0.01518734   0.00291226    -0.00788535   0.01704136    -0.00007890  -0.00685084
 -0.00632017  -0.00406186    -0.00932586   0.00048996    -0.00792572   0.00894885
 -0.00391510   0.00025977    -0.01579312  -0.01356985    -0.01053921  -0.00251689
    1    5
  0.01518734  -0.00291226    -0.00788535  -0.01704136    -0.00007890   0.00685084
 -0.00632017   0.00406186    -0.00932586  -0.00048996    -0.00792572  -0.00894885
 -0.00391510  -0.00025977    -0.01579312   0.01356985    -0.01053921   0.00251689
    1    6
  0.01518734  -0.00291226    -0.00007890   0.00685084    -0.00788535  -0.01704136
 -0.00391510  -0.00025977    -0.01053921   0.00251689    -0.01579312   0.01356985
 -0.00632017   0.00406186    -0.00792572  -0.00894885    -0.00932586  -0.00048996
    1    7
  0.01518734   0.00291226    -0.00007890  -0.00685084    -0.00788535   0.01704136
 -0.00391510   0.00025977    -0.01053921  -0.00251689    -0.01579312  -0.01356985
 -0.00632017  -0.00406186    -0.00792572   0.00894885    -0.00932586   0.00048996
    2    1
 -0.02577178  -0.00000000    -0.00888274   0.00110725    -0.00888274  -0.00110725
 -0.00617638  -0.01594191     0.00041788   0.00537064     0.00527564   0.01024893
 -0.00617638   0.01594191     0.00527564  -0.01024893     0.00041788  -0.00537064
    2    2
  0.06875351  -0.00000000    -0.00337035   0.00666924    -0.00337035  -0.00666924
 -0.00337035  -0.00666924     0.03651076   0.00000000     0.00376668   0.00115219
 -0.00337035   0.00666924     0.00376668  -0.00115219     0.03651076  -0.00000000
    2    3
  0.00892387   0.00000000     0.00026103   0.00198801     0.00026103  -0.00198801
  0.00026103   0.00198801    -0.01127772  -0.01193479    -0.00106040  -0.00000000
  0.00026103  -0.00198801    -0.00106040  -0.00000000    -0.01127772   0.01193479
    2    4
  0.00122736  -0.01925578     0.00951178  -0.00917523     0.00045178  -0.00253227
 -0.00561644  -0.02417209     0.00911299  -0.01137234    -0.00324669   0.00683292
 -0.00330271  -0.00078486     0.00491027  -0.00004718    -0.00058171  -0.00532117
    2    5
 -0.02313293   0.00291651     0.01991543  -0.00095185    -0.00411127   0.00476275
  0.02065128  -0.00311729    -0.01730754  -0.00534667    -0.00895191   0.00686183
  0.00382960  -0.00179790    -0.00517107   0.00048758    -0.01105859  -0.00941740
    2    6
  0.00122736   0.01925578     0.00045178   0.00253227     0.00951178   0.00917523
 -0.00330271   0.00078486    -0.00058171   0.00532117     0.00491027   0.00004718
 -0.00561644   0.02417209    -0.00324669  -0.00683292     0.00911299   0.01137234
    2    7
 -0.02313293  -0.00291651    -0.00411127  -0.00476275     0.01991543   0.00095185
  0.00382960   0.00179790    -0.01105859   0.00941740    -0.00517107  -0.00048758
  0.02065128   0.00311729    -0.00895191  -0.00686183    -0.01730754   0.00534667
    3    1
 -0.02577178   0.00000000    -0.00888274  -0.00110725    -0.00888274   0.00110725
 -0.00617638   0.01594191     0.00041788  -0.00537064     0.00527564  -0.01024893
 -0.00617638  -0.01594191     0.00527564   0.01024893     0.00041788   0.00537064
    3    2
  0.00892387  -0.00000000     0.00026103  -0.00198801     0.00026103   0.00198801
  0.00026103  -0.00198801    -0.01127772   0.01193479    -0.00106040   0.00000000
  0.00026103   0.00198801    -0.00106040   0.00000000    -0.01127772  -0.01193479
    3    3
  0.06875351   0.00000000    -0.00337035  -0.00666924    -0.00337035   0.00666924
 -0.00337035   0.00666924     0.03651076  -0.00000000     0.00376668  -0.00115219
 -0.00337035  -0.00666924     0.00376668   0.00115219     0.03651076   0.00000000
    3    4
 -0.02313293  -0.00291651     0.01991543   0.00095185    -0.00411127  -0.00476275
  0.02065128   0.00311729    -0.01730754   0.00534667    -0.00895191  -0.00686183
  0.00382960   0.00179790    -0.00517107  -0.00048758    -0.01105859   0.00941740
    3    5
  0.00122736   0.01925578     0.00951178   0.00917523     0.00045178   0.00253227
 -0.00561644   0.02417209     0.00911299   0.01137234    -0.00324669  -0.00683292
 -0.00330271   0.00078486     0.00491027   0.00004718    -0.00058171   0.00532117
    3    6
 -0.02313293   0.00291651    -0.00411127   0.00476275     0.01991543  -0.00095185
  0.00382960  -0.00179790    -0.01105859  -0.00941740    -0.00517107   0.00048758
  0.02065128  -0.00311729    -0.00895191   0.00686183    -0.01730754  -0.00534667
    3    7
  0.00122736  -0.01925578     0.00045178  -0.00253227     0.00951178  -0.00917523
 -0.00330271  -0.00078486    -0.00058171  -0.00532117     0.00491027  -0.00004718
 -0.00561644  -0.02417209    -0.00324669   0.00683292     0.00911299  -0.01137234
    4    1
  0.01518734  -0.00291226    -0.00632017   0.00406186    -0.00391510  -0.00025977
 -0.00788535  -0.01704136    -0.00932586  -0.00048996    -0.01579312   0.01356985
 -0.00007890   0.00685084    -0.00792572  -0.00894885    -0.01053921   0.00251689
    4    2
  0.00122736   0.01925578    -0.00561644   0.02417209    -0.00330271   0.00078486
  0.00951178   0.00917523     0.00911299   0.01137234     0.00491027   0.00004718
  0.00045178   0.00253227    -0.00324669  -0.00683292    -0.00058171   0.00532117
    4    3
 -0.02313293   0.00291651     0.02065128  -0.00311729     0.00382960  -0.00179790
  0.01991543  -0.00095185    -0.01730754  -0.00534667    -0.00517107   0.00048758
 -0.00411127   0.00476275    -0.00895191   0.00686183    -0.01105859  -0.00941740
    4    4
  0.04503940  -0.00000000    -0.00377947   0.00596764    -0.00537555  -0.00285473
 -0.00377947  -0.00596764     0.04056340  -0.00000000     0.00354988   0.00191528
 -0.00537555   0.00285473     0.00354988  -0.00191528     0.04270173  -0.00000000
    4    5
  0.00005128   0.00511043     0.00383238  -0.00203603    -0.00439462  -0.01111182
  0.00383238  -0.00203603    -0.00738268  -0.01400018    -0.00486532  -0.00399247
 -0.00439462  -0.01111182    -0.00486532  -0.00399247     0.02108149   0.00450861
    4    6
  0.00001341  -0.00568334    -0.00633140  -0.00660316    -0.01014692   0.00033119
 -0.01014692   0.00033119     0.01057279   0.00469230     0.01424503   0.01121798
 -0.00633140  -0.00660316     0.03350781   0.00442114     0.01057279   0.00469230
    4    7
 -0.00131964   0.00000000    -0.00143386  -0.01049356     0.00345940   0.00439871
  0.00345940  -0.00439871    -0.01201756  -0.00597765    -0.00192523   0.00000000
 -0.00143386   0.01049356     0.02716390  -0.00000000    -0.01201756   0.00597765
    5    1
  0.01518734   0.00291226    -0.00632017  -0.00406186    -0.00391510   0.00025977
 -0.00788535   0.01704136    -0.00932586   0.00048996    -0.01579312  -0.01356985
 -0.00007890  -0.00685084    -0.00792572   0.00894885    -0.01053921  -0.00251689
    5    2
 -0.02313293  -0.00291651     0.02065128   0.00311729     0.00382960   0.00179790
  0.01991543   0.00095185    -0.01730754   0.00534667    -0.00517107  -0.00048758
 -0.00411127  -0.00476275    -0.00895191  -0.00686183    -0.01105859   0.00941740
    5    3
  0.00122736  -0.01925578    -0.00561644  -0.02417209    -0.00330271  -0.00078486
  0.00951178  -0.00917523     0.00911299  -0.01137234     0.00491027  -0.00004718
  0.00045178  -0.00253227    -0.00324669   0.00683292    -0.00058171  -0.00532117
    5    4
  0.00005128  -0.00511043     0.00383238   0.00203603    -0.00439462   0.01111182
  0.00383238   0.00203603    -0.00738268   0.01400018    -0.00486532   0.00399247
 -0.00439462   0.01111182    -0.00486532   0.00399247     0.02108149  -0.00450861
    5    5
  0.04503940   0.00000000    -0.00377947  -0.00596764    -0.00537555   0.00285473
 -0.00377947   0.00596764     0.04056340   0.00000000     0.00354988  -0.00191528
 -0.00537555  -0.00285473     0.00354988   0.00191528     0.04270173   0.00000000
    5    6
 -0.00131964   0.00000000    -0.00143386   0.01049356     0.00345940  -0.00439871
  0.00345940   0.00439871    -0.01201756   0.00597765    -0.00192523  -0.00000000
 -0.00143386  -0.01049356     0.02716390   0.00000000    -0.01201756  -0.00597765
    5    7
  0.00001341   0.00568334    -0.00633140   0.00660316    -0.01014692  -0.00033119
 -0.01014692  -0.00033119     0.01057279  -0.00469230     0.01424503  -0.01121798
 -0.00633140   0.00660316     0.03350781  -0.00442114     0.01057279  -0.00469230
    6    1
  0.01518734   0.00291226    -0.00391510   0.00025977    -0.00632017  -0.00406186
 -0.00007890  -0.00685084    -0.01053921  -0.00251689    -0.00792572   0.00894885
 -0.00788535   0.01704136    -0.01579312  -0.01356985    -0.00932586   0.00048996
    6    2
  0.00122736  -0.01925578    -0.00330271  -0.00078486    -0.00561644  -0.02417209
  0.00045178  -0.00253227    -0.00058171  -0.00532117    -0.00324669   0.00683292
  0.00951178  -0.00917523     0.00491027  -0.00004718     0.00911299  -0.01137234
    6    3
 -0.02313293  -0.00291651     0.00382960   0.00179790     0.02065128   0.00311729
 -0.00411127  -0.00476275    -0.01105859   0.00941740    -0.00895191  -0.00686183
  0.01991543   0.00095185    -0.00517107  -0.00048758    -0.01730754   0.00534667
    6    4
  0.00001341   0.00568334    -0.01014692  -0.00033119    -0.00633140   0.00660316
 -0.00633140   0.00660316     0.01057279  -0.00469230     0.03350781  -0.00442114
 -0.01014692  -0.00033119     0.01424503  -0.01121798     0.01057279  -0.00469230
    6    5
 -0.00131964  -0.00000000     0.00345940  -0.00439871    -0.00143386   0.01049356
 -0.00143386  -0.01049356    -0.01201756  -0.00597765     0.02716390  -0.00000000
  0.00345940   0.00439871    -0.00192523  -0.00000000    -0.01201756   0.00597765
    6    6
  0.04503940   0.00000000    -0.00537555   0.00285473    -0.00377947  -0.00596764
 -0.00537555  -0.00285473     0.04270173   0.00000000     0.00354988   0.00191528
 -0.00377947   0.00596764     0.00354988  -0.00191528     0.04056340   0.00000000
    6    7
  0.00005128  -0.00511043    -0.00439462   0.01111182     0.00383238   0.00203603
 -0.00439462   0.01111182     0.02108149  -0.00450861    -0.00486532   0.00399247
  0.00383238   0.00203603    -0.00486532   0.00399247    -0.00738268   0.01400018
    7    1
  0.01518734  -0.00291226    -0.00391510  -0.00025977    -0.00632017   0.00406186
 -0.00007890   0.00685084    -0.01053921   0.00251689    -0.00792572  -0.00894885
 -0.00788535  -0.01704136    -0.01579312   0.01356985    -0.00932586  -0.00048996
    7    2
 -0.02313293   0.00291651     0.00382960  -0.00179790     0.02065128  -0.00311729
 -0.00411127   0.00476275    -0.01105859  -0.00941740    -0.00895191   0.00686183
  0.01991543  -0.00095185    -0.00517107   0.00048758    -0.01730754  -0.00534667
    7    3
  0.00122736   0.01925578    -0.00330271   0.00078486    -0.00561644   0.02417209
  0.00045178   0.00253227    -0.00058171   0.00532117    -0.00324669  -0.00683292
  0.00951178   0.00917523     0.00491027   0.00004718     0.00911299   0.01137234
    7    4
 -0.00131964   0.00000000     0.00345940   0.00439871    -0.00143386  -0.01049356
 -0.00143386   0.01049356    -0.01201756   0.00597765     0.02716390   0.00000000
  0.00345940  -0.00439871    -0.00192523   0.00000000    -0.01201756  -0.00597765
    7    5
  0.00001341  -0.00568334    -0.01014692   0.00033119    -0.00633140  -0.00660316
 -0.00633140  -0.00660316     0.01057279   0.00469230     0.03350781   0.00442114
 -0.01014692   0.00033119     0.01424503   0.01121798     0.01057279   0.00469230
    7    6
  0.00005128   0.00511043    -0.00439462  -0.01111182     0.00383238  -0.00203603
 -0.00439462  -0.01111182     0.02108149   0.00450861    -0.00486532  -0.00399247
  0.00383238  -0.00203603    -0.00486532  -0.00399247    -0.00738268  -0.01400018
    7    7
  0.04503940  -0.00000000    -0.00537555  -0.00285473    -0.00377947   0.00596764
 -0.00537555   0.00285473     0.04270173  -0.00000000     0.00354988  -0.00191528
 -0.00377947  -0.00596764     0.00354988   0.00191528     0.04056340  -0.00000000

     Dynamical  Matrix in cartesian axes

     q = (    0.216506351  -0.433012702   0.216506351 ) 

    1    1
  0.05085424   0.00000000    -0.00570294  -0.00000000     0.01077483   0.00000000
 -0.00570294  -0.00000000     0.12761538   0.00000000    -0.00570294  -0.00000000
  0.01077483   0.00000000    -0.00570294  -0.00000000     0.05085424   0.00000000
    1    2
 -0.00932586  -0.00048996    -0.00632017   0.00406186    -0.00792572  -0.00894885
 -0.00788535  -0.01704136     0.01518734  -0.00291226    -0.00007890   0.00685084
 -0.01579312   0.01356985    -0.00391510  -0.00025977    -0.01053921   0.00251689
    1    3
 -0.00932586   0.00048996    -0.00632017  -0.00406186    -0.00792572   0.00894885
 -0.00788535   0.01704136     0.01518734   0.00291226    -0.00007890  -0.00685084
 -0.01579312  -0.01356985    -0.00391510   0.00025977    -0.01053921  -0.00251689
    1    4
  0.00041788   0.00537064    -0.00888274   0.00110725     0.00527564  -0.01024893
 -0.00617638  -0.01594191    -0.02577178   0.00000000    -0.00617638   0.01594191
  0.00527564   0.01024893    -0.00888274  -0.00110725     0.00041788  -0.00537064
    1    5
  0.00041788  -0.00537064    -0.00888274  -0.00110725     0.00527564   0.01024893
 -0.00617638   0.01594191    -0.02577178  -0.00000000    -0.00617638  -0.01594191
  0.00527564  -0.01024893    -0.00888274   0.00110725     0.00041788   0.00537064
    1    6
 -0.01053921  -0.00251689    -0.00391510   0.00025977    -0.01579312  -0.01356985
 -0.00007890  -0.00685084     0.01518734   0.00291226    -0.00788535   0.01704136
 -0.00792572   0.00894885    -0.00632017  -0.00406186    -0.00932586   0.00048996
    1    7
 -0.01053921   0.00251689    -0.00391510  -0.00025977    -0.01579312   0.01356985
 -0.00007890   0.00685084     0.01518734  -0.00291226    -0.00788535  -0.01704136
 -0.00792572  -0.00894885    -0.00632017   0.00406186    -0.00932586  -0.00048996
    2    1
 -0.00932586   0.00048996    -0.00788535   0.01704136    -0.01579312  -0.01356985
 -0.00632017  -0.00406186     0.01518734   0.00291226    -0.00391510   0.00025977
 -0.00792572   0.00894885    -0.00007890  -0.00685084    -0.01053921  -0.00251689
    2    2
  0.04056340   0.00000000    -0.00377947   0.00596764     0.00354988  -0.00191528
 -0.00377947  -0.00596764     0.04503940  -0.00000000    -0.00537555   0.00285473
  0.00354988   0.00191528    -0.00537555  -0.00285473     0.04270173   0.00000000
    2    3
 -0.00738268   0.01400018     0.00383238   0.00203603    -0.00486532   0.00399247
  0.00383238   0.00203603     0.00005128  -0.00511043    -0.00439462   0.01111182
 -0.00486532   0.00399247    -0.00439462   0.01111182     0.02108149  -0.00450861
    2    4
  0.00911299  -0.01137234     0.00951178  -0.00917523     0.00491027  -0.00004718
 -0.00561644  -0.02417209     0.00122736  -0.01925578    -0.00330271  -0.00078486
 -0.00324669   0.00683292     0.00045178  -0.00253227    -0.00058171  -0.00532117
    2    5
 -0.01730754   0.00534667     0.01991543   0.00095185    -0.00517107  -0.00048758
  0.02065128   0.00311729    -0.02313293  -0.00291651     0.00382960   0.00179790
 -0.00895191  -0.00686183    -0.00411127  -0.00476275    -0.01105859   0.00941740
    2    6
  0.01057279  -0.00469230    -0.01014692  -0.00033119     0.01424503  -0.01121798
 -0.00633140   0.00660316     0.00001341   0.00568334    -0.01014692  -0.00033119
  0.03350781  -0.00442114    -0.00633140   0.00660316     0.01057279  -0.00469230
    2    7
 -0.01201756   0.00597765     0.00345940   0.00439871    -0.00192523  -0.00000000
 -0.00143386   0.01049356    -0.00131964   0.00000000     0.00345940  -0.00439871
  0.02716390   0.00000000    -0.00143386  -0.01049356    -0.01201756  -0.00597765
    3    1
 -0.00932586  -0.00048996    -0.00788535  -0.01704136    -0.01579312   0.01356985
 -0.00632017   0.00406186     0.01518734  -0.00291226    -0.00391510  -0.00025977
 -0.00792572  -0.00894885    -0.00007890   0.00685084    -0.01053921   0.00251689
    3    2
 -0.00738268  -0.01400018     0.00383238  -0.00203603    -0.00486532  -0.00399247
  0.00383238  -0.00203603     0.00005128   0.00511043    -0.00439462  -0.01111182
 -0.00486532  -0.00399247    -0.00439462  -0.01111182     0.02108149   0.00450861
    3    3
  0.04056340  -0.00000000    -0.00377947  -0.00596764     0.00354988   0.00191528
 -0.00377947   0.00596764     0.04503940   0.00000000    -0.00537555  -0.00285473
  0.00354988  -0.00191528    -0.00537555   0.00285473     0.04270173  -0.00000000
    3    4
 -0.01730754  -0.00534667     0.01991543  -0.00095185    -0.00517107   0.00048758
  0.02065128  -0.00311729    -0.02313293   0.00291651     0.00382960  -0.00179790
 -0.00895191   0.00686183    -0.00411127   0.00476275    -0.01105859  -0.00941740
    3    5
  0.00911299   0.01137234     0.00951178   0.00917523     0.00491027   0.00004718
 -0.00561644   0.02417209     0.00122736   0.01925578    -0.00330271   0.00078486
 -0.00324669  -0.00683292     0.00045178   0.00253227    -0.00058171   0.00532117
    3    6
 -0.01201756  -0.00597765     0.00345940  -0.00439871    -0.00192523  -0.00000000
 -0.00143386  -0.01049356    -0.00131964   0.00000000     0.00345940   0.00439871
  0.02716390   0.00000000    -0.00143386   0.01049356    -0.01201756   0.00597765
    3    7
  0.01057279   0.00469230    -0.01014692   0.00033119     0.01424503   0.01121798
 -0.00633140  -0.00660316     0.00001341  -0.00568334    -0.01014692   0.00033119
  0.03350781   0.00442114    -0.00633140  -0.00660316     0.01057279   0.00469230
    4    1
  0.00041788  -0.00537064    -0.00617638   0.01594191     0.00527564  -0.01024893
 -0.00888274  -0.00110725    -0.02577178  -0.00000000    -0.00888274   0.00110725
  0.00527564   0.01024893    -0.00617638  -0.01594191     0.00041788   0.00537064
    4    2
  0.00911299   0.01137234    -0.00561644   0.02417209    -0.00324669  -0.00683292
  0.00951178   0.00917523     0.00122736   0.01925578     0.00045178   0.00253227
  0.00491027   0.00004718    -0.00330271   0.00078486    -0.00058171   0.00532117
    4    3
 -0.01730754   0.00534667     0.02065128   0.00311729    -0.00895191  -0.00686183
  0.01991543   0.00095185    -0.02313293  -0.00291651    -0.00411127  -0.00476275
 -0.00517107  -0.00048758     0.00382960   0.00179790    -0.01105859   0.00941740
    4    4
  0.03651076  -0.00000000    -0.00337035   0.00666924     0.00376668  -0.00115219
 -0.00337035  -0.00666924     0.06875351   0.00000000    -0.00337035   0.00666924
  0.00376668   0.00115219    -0.00337035  -0.00666924     0.03651076   0.00000000
    4    5
 -0.01127772   0.01193479     0.00026103  -0.00198801    -0.00106040   0.00000000
  0.00026103  -0.00198801     0.00892387   0.00000000     0.00026103   0.00198801
 -0.00106040   0.00000000     0.00026103   0.00198801    -0.01127772  -0.01193479
    4    6
 -0.00058171  -0.00532117    -0.00330271  -0.00078486     0.00491027  -0.00004718
  0.00045178  -0.00253227     0.00122736  -0.01925578     0.00951178  -0.00917523
 -0.00324669   0.00683292    -0.00561644  -0.02417209     0.00911299  -0.01137234
    4    7
 -0.01105859  -0.00941740     0.00382960  -0.00179790    -0.00517107   0.00048758
 -0.00411127   0.00476275    -0.02313293   0.00291651     0.01991543  -0.00095185
 -0.00895191   0.00686183     0.02065128  -0.00311729    -0.01730754  -0.00534667
    5    1
  0.00041788   0.00537064    -0.00617638  -0.01594191     0.00527564   0.01024893
 -0.00888274   0.00110725    -0.02577178   0.00000000    -0.00888274  -0.00110725
  0.00527564  -0.01024893    -0.00617638   0.01594191     0.00041788  -0.00537064
    5    2
 -0.01730754  -0.00534667     0.02065128  -0.00311729    -0.00895191   0.00686183
  0.01991543  -0.00095185    -0.02313293   0.00291651    -0.00411127   0.00476275
 -0.00517107   0.00048758     0.00382960  -0.00179790    -0.01105859  -0.00941740
    5    3
  0.00911299  -0.01137234    -0.00561644  -0.02417209    -0.00324669   0.00683292
  0.00951178  -0.00917523     0.00122736  -0.01925578     0.00045178  -0.00253227
  0.00491027  -0.00004718    -0.00330271  -0.00078486    -0.00058171  -0.00532117
    5    4
 -0.01127772  -0.01193479     0.00026103   0.00198801    -0.00106040  -0.00000000
  0.00026103   0.00198801     0.00892387  -0.00000000     0.00026103  -0.00198801
 -0.00106040  -0.00000000     0.00026103  -0.00198801    -0.01127772   0.01193479
    5    5
  0.03651076   0.00000000    -0.00337035  -0.00666924     0.00376668   0.00115219
 -0.00337035   0.00666924     0.06875351  -0.00000000    -0.00337035  -0.00666924
  0.00376668  -0.00115219    -0.00337035   0.00666924     0.03651076   0.00000000
    5    6
 -0.01105859   0.00941740     0.00382960   0.00179790    -0.00517107  -0.00048758
 -0.00411127  -0.00476275    -0.02313293  -0.00291651     0.01991543   0.00095185
 -0.00895191  -0.00686183     0.02065128   0.00311729    -0.01730754   0.00534667
    5    7
 -0.00058171   0.00532117    -0.00330271   0.00078486     0.00491027   0.00004718
  0.00045178   0.00253227     0.00122736   0.01925578     0.00951178   0.00917523
 -0.00324669  -0.00683292    -0.00561644   0.02417209     0.00911299   0.01137234
    6    1
 -0.01053921   0.00251689    -0.00007890   0.00685084    -0.00792572  -0.00894885
 -0.00391510  -0.00025977     0.01518734  -0.00291226    -0.00632017   0.00406186
 -0.01579312   0.01356985    -0.00788535  -0.01704136    -0.00932586  -0.00048996
    6    2
  0.01057279   0.00469230    -0.00633140  -0.00660316     0.03350781   0.00442114
 -0.01014692   0.00033119     0.00001341  -0.00568334    -0.00633140  -0.00660316
  0.01424503   0.01121798    -0.01014692   0.00033119     0.01057279   0.00469230
    6    3
 -0.01201756   0.00597765    -0.00143386   0.01049356     0.02716390  -0.00000000
  0.00345940   0.00439871    -0.00131964   0.00000000    -0.00143386  -0.01049356
 -0.00192523   0.00000000     0.00345940  -0.00439871    -0.01201756  -0.00597765
    6    4
 -0.00058171   0.00532117     0.00045178   0.00253227    -0.00324669  -0.00683292
 -0.00330271   0.00078486     0.00122736   0.01925578    -0.00561644   0.02417209
  0.00491027   0.00004718     0.00951178   0.00917523     0.00911299   0.01137234
    6    5
 -0.01105859  -0.00941740    -0.00411127   0.00476275    -0.00895191   0.00686183
  0.00382960  -0.00179790    -0.02313293   0.00291651     0.02065128  -0.00311729
 -0.00517107   0.00048758     0.01991543  -0.00095185    -0.01730754  -0.00534667
    6    6
  0.04270173  -0.00000000    -0.00537555   0.00285473     0.00354988  -0.00191528
 -0.00537555  -0.00285473     0.04503940   0.00000000    -0.00377947   0.00596764
  0.00354988   0.00191528    -0.00377947  -0.00596764     0.04056340  -0.00000000
    6    7
  0.02108149   0.00450861    -0.00439462  -0.01111182    -0.00486532  -0.00399247
 -0.00439462  -0.01111182     0.00005128   0.00511043     0.00383238  -0.00203603
 -0.00486532  -0.00399247     0.00383238  -0.00203603    -0.00738268  -0.01400018
    7    1
 -0.01053921  -0.00251689    -0.00007890  -0.00685084    -0.00792572   0.00894885
 -0.00391510   0.00025977     0.01518734   0.00291226    -0.00632017  -0.00406186
 -0.01579312  -0.01356985    -0.00788535   0.01704136    -0.00932586   0.00048996
    7    2
 -0.01201756  -0.00597765    -0.00143386  -0.01049356     0.02716390  -0.00000000
  0.00345940  -0.00439871    -0.00131964  -0.00000000    -0.00143386   0.01049356
 -0.00192523  -0.00000000     0.00345940   0.00439871    -0.01201756   0.00597765
    7    3
  0.01057279  -0.00469230    -0.00633140   0.00660316     0.03350781  -0.00442114
 -0.01014692  -0.00033119     0.00001341   0.00568334    -0.00633140   0.00660316
  0.01424503  -0.01121798    -0.01014692  -0.00033119     0.01057279  -0.00469230
    7    4
 -0.01105859   0.00941740    -0.00411127  -0.00476275    -0.00895191  -0.00686183
  0.00382960   0.00179790    -0.02313293  -0.00291651     0.02065128   0.00311729
 -0.00517107  -0.00048758     0.01991543   0.00095185    -0.01730754   0.00534667
    7    5
 -0.00058171  -0.00532117     0.00045178  -0.00253227    -0.00324669   0.00683292
 -0.00330271  -0.00078486     0.00122736  -0.01925578    -0.00561644  -0.02417209
  0.00491027  -0.00004718     0.00951178  -0.00917523     0.00911299  -0.01137234
    7    6
  0.02108149  -0.00450861    -0.00439462   0.01111182    -0.00486532   0.00399247
 -0.00439462   0.01111182     0.00005128  -0.00511043     0.00383238   0.00203603
 -0.00486532   0.00399247     0.00383238   0.00203603    -0.00738268   0.01400018
    7    7
  0.04270173   0.00000000    -0.00537555  -0.00285473     0.00354988   0.00191528
 -0.00537555   0.00285473     0.04503940  -0.00000000    -0.00377947  -0.00596764
  0.00354988  -0.00191528    -0.00377947   0.00596764     0.04056340   0.00000000

     Dynamical  Matrix in cartesian axes

     q = (   -0.216506351  -0.433012702   0.216506351 ) 

    1    1
  0.05085424   0.00000000     0.00570294   0.00000000    -0.01077483  -0.00000000
  0.00570294   0.00000000     0.12761538   0.00000000    -0.00570294  -0.00000000
 -0.01077483  -0.00000000    -0.00570294  -0.00000000     0.05085424   0.00000000
    1    2
  0.00048996   0.00932586     0.00406186  -0.00632017    -0.00894885  -0.00792572
 -0.01704136  -0.00788535     0.00291226  -0.01518734    -0.00685084   0.00007890
  0.01356985  -0.01579312     0.00025977   0.00391510    -0.00251689   0.01053921
    1    3
  0.00932586   0.00048996    -0.00632017   0.00406186    -0.00792572  -0.00894885
 -0.00788535  -0.01704136    -0.01518734   0.00291226     0.00007890  -0.00685084
 -0.01579312   0.01356985     0.00391510   0.00025977     0.01053921  -0.00251689
    1    4
 -0.00537064   0.00041788     0.00110725   0.00888274    -0.01024893  -0.00527564
 -0.01594191   0.00617638    -0.00000000  -0.02577178    -0.01594191  -0.00617638
  0.01024893  -0.00527564     0.00110725  -0.00888274     0.00537064   0.00041788
    1    5
  0.00041788  -0.00537064     0.00888274   0.00110725    -0.00527564  -0.01024893
  0.00617638  -0.01594191    -0.02577178  -0.00000000    -0.00617638  -0.01594191
 -0.00527564   0.01024893    -0.00888274   0.00110725     0.00041788   0.00537064
    1    6
 -0.01053921  -0.00251689     0.00391510  -0.00025977     0.01579312   0.01356985
  0.00007890   0.00685084     0.01518734   0.00291226    -0.00788535   0.01704136
  0.00792572  -0.00894885    -0.00632017  -0.00406186    -0.00932586   0.00048996
    1    7
 -0.00251689  -0.01053921    -0.00025977   0.00391510     0.01356985   0.01579312
  0.00685084   0.00007890     0.00291226   0.01518734     0.01704136  -0.00788535
