  1.000000000000000E-002   1.26045764302382        2.13065582614097     
          24

     Dynamical  Matrix in cartesian axes

     q = (    0.433012702   0.216506351   0.216506351 ) 

    1    1
  0.09110822   0.00000000    -0.01033453   0.00000000    -0.01033453   0.00000000
 -0.01033453   0.00000000     0.03436853   0.00000000     0.01479316   0.00000000
 -0.01033453   0.00000000     0.01479316   0.00000000     0.03436853   0.00000000
    1    2
 -0.00000000   0.00863614     0.01503481   0.00086589    -0.01503481   0.00086589
 -0.00030906  -0.00221326    -0.00255631  -0.00255352    -0.00486644  -0.00407711
  0.00030906  -0.00221326     0.00486644  -0.00407711     0.00255631  -0.00255352
    1    3
 -0.00000000   0.00863614    -0.01503481   0.00086589     0.01503481   0.00086589
  0.00030906  -0.00221326     0.00255631  -0.00255352     0.00486644  -0.00407711
 -0.00030906  -0.00221326    -0.00486644  -0.00407711    -0.00255631  -0.00255352
    1    4
 -0.01018925   0.00481977    -0.00496710   0.00083605    -0.01304426  -0.00202673
 -0.00302905  -0.00729607     0.00588971   0.00155688     0.00981378  -0.00574224
 -0.00549132  -0.00243148     0.01078791   0.01240484     0.01066425   0.00168666
    1    5
  0.01018925   0.00481977     0.00496710   0.00083605     0.01304426  -0.00202673
  0.00302905  -0.00729607    -0.00588971   0.00155688    -0.00981378  -0.00574224
  0.00549132  -0.00243148    -0.01078791   0.01240484    -0.01066425   0.00168666
    1    6
  0.01018925   0.00481977     0.01304426  -0.00202673     0.00496710   0.00083605
  0.00549132  -0.00243148    -0.01066425   0.00168666    -0.01078791   0.01240484
  0.00302905  -0.00729607    -0.00981378  -0.00574224    -0.00588971   0.00155688
    1    7
 -0.01018925   0.00481977    -0.01304426  -0.00202673    -0.00496710   0.00083605
 -0.00549132  -0.00243148     0.01066425   0.00168666     0.01078791   0.01240484
 -0.00302905  -0.00729607     0.00981378  -0.00574224     0.00588971   0.00155688
    2    1
  0.00000000  -0.00863614    -0.00030906   0.00221326     0.00030906   0.00221326
  0.01503481  -0.00086589    -0.00255631   0.00255352     0.00486644   0.00407711
 -0.01503481  -0.00086589    -0.00486644   0.00407711     0.00255631   0.00255352
    2    2
  0.05451765  -0.00000000     0.00023329   0.00496710     0.00023329  -0.00496710
  0.00023329  -0.00496710     0.02705099  -0.00000000     0.00498902   0.00281614
  0.00023329   0.00496710     0.00498902  -0.00281614     0.02705099   0.00000000
    2    3
  0.02318576   0.00000000     0.00210527  -0.00049942     0.00210527   0.00049942
  0.00210527  -0.00049942    -0.01183972   0.00945388    -0.00102786   0.00000000
  0.00210527   0.00049942    -0.00102786   0.00000000    -0.01183972  -0.00945388
    2    4
 -0.00950150   0.01835894     0.00023875   0.01141515     0.00838078  -0.00512320
 -0.00433023   0.01655986     0.00433769   0.01403095    -0.00729757   0.00865260
 -0.00095568   0.00113629     0.00276370   0.00891633     0.00937270   0.01021217
    2    5
 -0.01826154  -0.00698481     0.00812600  -0.01072496     0.00637378   0.00092283
  0.01836304   0.00608103    -0.00912251   0.00733346     0.00821250  -0.00005436
  0.00366076   0.00031752    -0.00279611   0.00798008    -0.00680978   0.00107741
    2    6
 -0.00950150  -0.01835894     0.00838078   0.00512320     0.00023875  -0.01141515
 -0.00095568  -0.00113629     0.00937270  -0.01021217     0.00276370  -0.00891633
 -0.00433023  -0.01655986    -0.00729757  -0.00865260     0.00433769  -0.01403095
    2    7
 -0.01826154   0.00698481     0.00637378  -0.00092283     0.00812600   0.01072496
  0.00366076  -0.00031752    -0.00680978  -0.00107741    -0.00279611  -0.00798008
  0.01836304  -0.00608103     0.00821250   0.00005436    -0.00912251  -0.00733346
    3    1
 -0.00000000  -0.00863614     0.00030906   0.00221326    -0.00030906   0.00221326
 -0.01503481  -0.00086589     0.00255631   0.00255352    -0.00486644   0.00407711
  0.01503481  -0.00086589     0.00486644   0.00407711    -0.00255631   0.00255352
    3    2
  0.02318576  -0.00000000     0.00210527   0.00049942     0.00210527  -0.00049942
  0.00210527   0.00049942    -0.01183972  -0.00945388    -0.00102786  -0.00000000
  0.00210527  -0.00049942    -0.00102786  -0.00000000    -0.01183972   0.00945388
    3    3
  0.05451765   0.00000000     0.00023329  -0.00496710     0.00023329   0.00496710
  0.00023329   0.00496710     0.02705099   0.00000000     0.00498902  -0.00281614
  0.00023329  -0.00496710     0.00498902   0.00281614     0.02705099  -0.00000000
    3    4
 -0.01826154   0.00698481     0.00812600   0.01072496     0.00637378  -0.00092283
  0.01836304  -0.00608103    -0.00912251  -0.00733346     0.00821250   0.00005436
  0.00366076  -0.00031752    -0.00279611  -0.00798008    -0.00680978  -0.00107741
    3    5
 -0.00950150  -0.01835894     0.00023875  -0.01141515     0.00838078   0.00512320
 -0.00433023  -0.01655986     0.00433769  -0.01403095    -0.00729757  -0.00865260
 -0.00095568  -0.00113629     0.00276370  -0.00891633     0.00937270  -0.01021217
    3    6
 -0.01826154  -0.00698481     0.00637378   0.00092283     0.00812600  -0.01072496
  0.00366076   0.00031752    -0.00680978   0.00107741    -0.00279611   0.00798008
  0.01836304   0.00608103     0.00821250  -0.00005436    -0.00912251   0.00733346
    3    7
 -0.00950150   0.01835894     0.00838078  -0.00512320     0.00023875   0.01141515
 -0.00095568   0.00113629     0.00937270   0.01021217     0.00276370   0.00891633
 -0.00433023   0.01655986    -0.00729757   0.00865260     0.00433769   0.01403095
    4    1
 -0.01018925  -0.00481977    -0.00302905   0.00729607    -0.00549132   0.00243148
 -0.00496710  -0.00083605     0.00588971  -0.00155688     0.01078791  -0.01240484
 -0.01304426   0.00202673     0.00981378   0.00574224     0.01066425  -0.00168666
    4    2
 -0.00950150  -0.01835894    -0.00433023  -0.01655986    -0.00095568  -0.00113629
  0.00023875  -0.01141515     0.00433769  -0.01403095     0.00276370  -0.00891633
  0.00838078   0.00512320    -0.00729757  -0.00865260     0.00937270  -0.01021217
    4    3
 -0.01826154  -0.00698481     0.01836304   0.00608103     0.00366076   0.00031752
  0.00812600  -0.01072496    -0.00912251   0.00733346    -0.00279611   0.00798008
  0.00637378   0.00092283     0.00821250  -0.00005436    -0.00680978   0.00107741
    4    4
  0.03652535   0.00000000     0.00086129  -0.00823738     0.00317521   0.00099075
  0.00086129   0.00823738     0.03084820   0.00000000     0.00581376  -0.00014234
  0.00317521  -0.00099075     0.00581376   0.00014234     0.03350708   0.00000000
    4    5
 -0.00058656  -0.00268315     0.00008016  -0.00362909    -0.00309823  -0.01267978
  0.00008016  -0.00362909     0.00644528   0.01674997     0.00659258   0.00260514
 -0.00309823  -0.01267978     0.00659258   0.00260514    -0.01695608  -0.00197480
    4    6
  0.00297572   0.00970989    -0.00665378  -0.00721161    -0.01075130   0.00131450
 -0.01075130   0.00131450    -0.00781639  -0.00442030    -0.01203516  -0.01077356
 -0.00665378  -0.00721161    -0.02623707  -0.00184667    -0.00781639  -0.00442030
    4    7
  0.00554847   0.00000000    -0.00044179   0.00927335    -0.00359187  -0.00199400
 -0.00359187   0.00199400    -0.00742446  -0.00780822    -0.00747518  -0.00000000
 -0.00044179  -0.00927335     0.02182604   0.00000000    -0.00742446   0.00780822
    5    1
  0.01018925  -0.00481977     0.00302905   0.00729607     0.00549132   0.00243148
  0.00496710  -0.00083605    -0.00588971  -0.00155688    -0.01078791  -0.01240484
  0.01304426   0.00202673    -0.00981378   0.00574224    -0.01066425  -0.00168666
    5    2
 -0.01826154   0.00698481     0.01836304  -0.00608103     0.00366076  -0.00031752
  0.00812600   0.01072496    -0.00912251  -0.00733346    -0.00279611  -0.00798008
  0.00637378  -0.00092283     0.00821250   0.00005436    -0.00680978  -0.00107741
    5    3
 -0.00950150   0.01835894    -0.00433023   0.01655986    -0.00095568   0.00113629
  0.00023875   0.01141515     0.00433769   0.01403095     0.00276370   0.00891633
  0.00838078  -0.00512320    -0.00729757   0.00865260     0.00937270   0.01021217
    5    4
 -0.00058656   0.00268315     0.00008016   0.00362909    -0.00309823   0.01267978
  0.00008016   0.00362909     0.00644528  -0.01674997     0.00659258  -0.00260514
 -0.00309823   0.01267978     0.00659258  -0.00260514    -0.01695608   0.00197480
    5    5
  0.03652535  -0.00000000     0.00086129   0.00823738     0.00317521  -0.00099075
  0.00086129  -0.00823738     0.03084820  -0.00000000     0.00581376   0.00014234
  0.00317521   0.00099075     0.00581376  -0.00014234     0.03350708  -0.00000000
    5    6
  0.00554847   0.00000000    -0.00044179  -0.00927335    -0.00359187   0.00199400
 -0.00359187  -0.00199400    -0.00742446   0.00780822    -0.00747518  -0.00000000
 -0.00044179   0.00927335     0.02182604   0.00000000    -0.00742446  -0.00780822
    5    7
  0.00297572  -0.00970989    -0.00665378   0.00721161    -0.01075130  -0.00131450
 -0.01075130  -0.00131450    -0.00781639   0.00442030    -0.01203516   0.01077356
 -0.00665378   0.00721161    -0.02623707   0.00184667    -0.00781639   0.00442030
    6    1
  0.01018925  -0.00481977     0.00549132   0.00243148     0.00302905   0.00729607
  0.01304426   0.00202673    -0.01066425  -0.00168666    -0.00981378   0.00574224
  0.00496710  -0.00083605    -0.01078791  -0.01240484    -0.00588971  -0.00155688
    6    2
 -0.00950150   0.01835894    -0.00095568   0.00113629    -0.00433023   0.01655986
  0.00838078  -0.00512320     0.00937270   0.01021217    -0.00729757   0.00865260
  0.00023875   0.01141515     0.00276370   0.00891633     0.00433769   0.01403095
    6    3
 -0.01826154   0.00698481     0.00366076  -0.00031752     0.01836304  -0.00608103
  0.00637378  -0.00092283    -0.00680978  -0.00107741     0.00821250   0.00005436
  0.00812600   0.01072496    -0.00279611  -0.00798008    -0.00912251  -0.00733346
    6    4
  0.00297572  -0.00970989    -0.01075130  -0.00131450    -0.00665378   0.00721161
 -0.00665378   0.00721161    -0.00781639   0.00442030    -0.02623707   0.00184667
 -0.01075130  -0.00131450    -0.01203516   0.01077356    -0.00781639   0.00442030
    6    5
  0.00554847   0.00000000    -0.00359187   0.00199400    -0.00044179  -0.00927335
 -0.00044179   0.00927335    -0.00742446  -0.00780822     0.02182604  -0.00000000
 -0.00359187  -0.00199400    -0.00747518  -0.00000000    -0.00742446   0.00780822
    6    6
  0.03652535   0.00000000     0.00317521  -0.00099075     0.00086129   0.00823738
  0.00317521   0.00099075     0.03350708  -0.00000000     0.00581376  -0.00014234
  0.00086129  -0.00823738     0.00581376   0.00014234     0.03084820  -0.00000000
    6    7
 -0.00058656   0.00268315    -0.00309823   0.01267978     0.00008016   0.00362909
 -0.00309823   0.01267978    -0.01695608   0.00197480     0.00659258  -0.00260514
  0.00008016   0.00362909     0.00659258  -0.00260514     0.00644528  -0.01674997
    7    1
 -0.01018925  -0.00481977    -0.00549132   0.00243148    -0.00302905   0.00729607
 -0.01304426   0.00202673     0.01066425  -0.00168666     0.00981378   0.00574224
 -0.00496710  -0.00083605     0.01078791  -0.01240484     0.00588971  -0.00155688
    7    2
 -0.01826154  -0.00698481     0.00366076   0.00031752     0.01836304   0.00608103
  0.00637378   0.00092283    -0.00680978   0.00107741     0.00821250  -0.00005436
  0.00812600  -0.01072496    -0.00279611   0.00798008    -0.00912251   0.00733346
    7    3
 -0.00950150  -0.01835894    -0.00095568  -0.00113629    -0.00433023  -0.01655986
  0.00838078   0.00512320     0.00937270  -0.01021217    -0.00729757  -0.00865260
  0.00023875  -0.01141515     0.00276370  -0.00891633     0.00433769  -0.01403095
    7    4
  0.00554847   0.00000000    -0.00359187  -0.00199400    -0.00044179   0.00927335
 -0.00044179  -0.00927335    -0.00742446   0.00780822     0.02182604  -0.00000000
 -0.00359187   0.00199400    -0.00747518   0.00000000    -0.00742446  -0.00780822
    7    5
  0.00297572   0.00970989    -0.01075130   0.00131450    -0.00665378  -0.00721161
 -0.00665378  -0.00721161    -0.00781639  -0.00442030    -0.02623707  -0.00184667
 -0.01075130   0.00131450    -0.01203516  -0.01077356    -0.00781639  -0.00442030
    7    6
 -0.00058656  -0.00268315    -0.00309823  -0.01267978     0.00008016  -0.00362909
 -0.00309823  -0.01267978    -0.01695608  -0.00197480     0.00659258   0.00260514
  0.00008016  -0.00362909     0.00659258   0.00260514     0.00644528   0.01674997
    7    7
  0.03652535  -0.00000000     0.00317521   0.00099075     0.00086129  -0.00823738
  0.00317521  -0.00099075     0.03350708   0.00000000     0.00581376   0.00014234
  0.00086129   0.00823738     0.00581376  -0.00014234     0.03084820   0.00000000

     Dynamical  Matrix in cartesian axes

     q = (   -0.433012702   0.216506351   0.216506351 ) 

    1    1
  0.09110822  -0.00000000     0.01033453   0.00000000     0.01033453   0.00000000
  0.01033453   0.00000000     0.03436853  -0.00000000     0.01479316  -0.00000000
  0.01033453   0.00000000     0.01479316  -0.00000000     0.03436853  -0.00000000
    1    2
 -0.00863614   0.00000000     0.00086589   0.01503481     0.00086589  -0.01503481
 -0.00221326  -0.00030906     0.00255352   0.00255631     0.00407711   0.00486644
 -0.00221326   0.00030906     0.00407711  -0.00486644     0.00255352  -0.00255631
    1    3
 -0.00863614  -0.00000000     0.00086589  -0.01503481     0.00086589   0.01503481
 -0.00221326   0.00030906     0.00255352  -0.00255631     0.00407711  -0.00486644
 -0.00221326  -0.00030906     0.00407711   0.00486644     0.00255352   0.00255631
    1    4
  0.01018925  -0.00481977    -0.00496710   0.00083605    -0.01304426  -0.00202673
 -0.00302905  -0.00729607    -0.00588971  -0.00155688    -0.00981378   0.00574224
 -0.00549132  -0.00243148    -0.01078791  -0.01240484    -0.01066425  -0.00168666
    1    5
  0.01018925   0.00481977    -0.00496710  -0.00083605    -0.01304426   0.00202673
 -0.00302905   0.00729607    -0.00588971   0.00155688    -0.00981378  -0.00574224
 -0.00549132   0.00243148    -0.01078791   0.01240484    -0.01066425   0.00168666
    1    6
  0.01018925   0.00481977    -0.01304426   0.00202673    -0.00496710  -0.00083605
 -0.00549132   0.00243148    -0.01066425   0.00168666    -0.01078791   0.01240484
 -0.00302905   0.00729607    -0.00981378  -0.00574224    -0.00588971   0.00155688
    1    7
  0.01018925  -0.00481977    -0.01304426  -0.00202673    -0.00496710   0.00083605
 -0.00549132  -0.00243148    -0.01066425  -0.00168666    -0.01078791  -0.01240484
 -0.00302905  -0.00729607    -0.00981378   0.00574224    -0.00588971  -0.00155688
    2    1
 -0.00863614  -0.00000000    -0.00221326   0.00030906    -0.00221326  -0.00030906
  0.00086589  -0.01503481     0.00255352  -0.00255631     0.00407711   0.00486644
  0.00086589   0.01503481     0.00407711  -0.00486644     0.00255352   0.00255631
    2    2
  0.05451765   0.00000000    -0.00023329   0.00496710    -0.00023329  -0.00496710
 -0.00023329  -0.00496710     0.02705099  -0.00000000     0.00498902  -0.00281614
 -0.00023329   0.00496710     0.00498902   0.00281614     0.02705099  -0.00000000
    2    3
  0.02318576   0.00000000    -0.00210527  -0.00049942    -0.00210527   0.00049942
 -0.00210527  -0.00049942    -0.01183972  -0.00945388    -0.00102786  -0.00000000
 -0.00210527   0.00049942    -0.00102786  -0.00000000    -0.01183972   0.00945388
    2    4
 -0.00698481  -0.01826154     0.01072496  -0.00812600    -0.00092283  -0.00637378
 -0.00608103  -0.01836304     0.00733346  -0.00912251    -0.00005436   0.00821250
 -0.00031752  -0.00366076     0.00798008  -0.00279611     0.00107741  -0.00680978
    2    5
 -0.01835894   0.00950150     0.01141515   0.00023875    -0.00512320   0.00838078
  0.01655986  -0.00433023    -0.01403095  -0.00433769    -0.00865260   0.00729757
  0.00113629  -0.00095568    -0.00891633  -0.00276370    -0.01021217  -0.00937270
    2    6
 -0.00698481   0.01826154    -0.00092283   0.00637378     0.01072496   0.00812600
 -0.00031752   0.00366076     0.00107741   0.00680978     0.00798008   0.00279611
 -0.00608103   0.01836304    -0.00005436  -0.00821250     0.00733346   0.00912251
    2    7
 -0.01835894  -0.00950150    -0.00512320  -0.00838078     0.01141515  -0.00023875
  0.00113629   0.00095568    -0.01021217   0.00937270    -0.00891633   0.00276370
  0.01655986   0.00433023    -0.00865260  -0.00729757    -0.01403095   0.00433769
    3    1
 -0.00863614   0.00000000    -0.00221326  -0.00030906    -0.00221326   0.00030906
  0.00086589   0.01503481     0.00255352   0.00255631     0.00407711  -0.00486644
  0.00086589  -0.01503481     0.00407711   0.00486644     0.00255352  -0.00255631
    3    2
  0.02318576  -0.00000000    -0.00210527   0.00049942    -0.00210527  -0.00049942
 -0.00210527   0.00049942    -0.01183972   0.00945388    -0.00102786   0.00000000
 -0.00210527  -0.00049942    -0.00102786   0.00000000    -0.01183972  -0.00945388
    3    3
  0.05451765  -0.00000000    -0.00023329  -0.00496710    -0.00023329   0.00496710
 -0.00023329   0.00496710     0.02705099  -0.00000000     0.00498902   0.00281614
 -0.00023329  -0.00496710     0.00498902  -0.00281614     0.02705099  -0.00000000
    3    4
 -0.01835894  -0.00950150     0.01141515  -0.00023875    -0.00512320  -0.00838078
  0.01655986   0.00433023    -0.01403095   0.00433769    -0.00865260  -0.00729757
  0.00113629   0.00095568    -0.00891633   0.00276370    -0.01021217   0.00937270
    3    5
 -0.00698481   0.01826154     0.01072496   0.00812600    -0.00092283   0.00637378
 -0.00608103   0.01836304     0.00733346   0.00912251    -0.00005436  -0.00821250
 -0.00031752   0.00366076     0.00798008   0.00279611     0.00107741   0.00680978
    3    6
 -0.01835894   0.00950150    -0.00512320   0.00838078     0.01141515   0.00023875
  0.00113629  -0.00095568    -0.01021217  -0.00937270    -0.00891633  -0.00276370
  0.01655986  -0.00433023    -0.00865260   0.00729757    -0.01403095  -0.00433769
    3    7
 -0.00698481  -0.01826154    -0.00092283  -0.00637378     0.01072496  -0.00812600
 -0.00031752  -0.00366076     0.00107741  -0.00680978     0.00798008  -0.00279611
 -0.00608103  -0.01836304    -0.00005436   0.00821250     0.00733346  -0.00912251
    4    1
  0.01018925   0.00481977    -0.00302905   0.00729607    -0.00549132   0.00243148
 -0.00496710  -0.00083605    -0.00588971   0.00155688    -0.01078791   0.01240484
 -0.01304426   0.00202673    -0.00981378  -0.00574224    -0.01066425   0.00168666
    4    2
 -0.00698481   0.01826154    -0.00608103   0.01836304    -0.00031752   0.00366076
  0.01072496   0.00812600     0.00733346   0.00912251     0.00798008   0.00279611
 -0.00092283   0.00637378    -0.00005436  -0.00821250     0.00107741   0.00680978
    4    3
 -0.01835894   0.00950150     0.01655986  -0.00433023     0.00113629  -0.00095568
  0.01141515   0.00023875    -0.01403095  -0.00433769    -0.00891633  -0.00276370
 -0.00512320   0.00838078    -0.00865260   0.00729757    -0.01021217  -0.00937270
    4    4
  0.03652535  -0.00000000    -0.00086129   0.00823738    -0.00317521  -0.00099075
 -0.00086129  -0.00823738     0.03084820  -0.00000000     0.00581376  -0.00014234
 -0.00317521   0.00099075     0.00581376   0.00014234     0.03350708   0.00000000
    4    5
  0.00058656   0.00268315     0.00008016  -0.00362909    -0.00309823  -0.01267978
  0.00008016  -0.00362909    -0.00644528  -0.01674997    -0.00659258  -0.00260514
 -0.00309823  -0.01267978    -0.00659258  -0.00260514     0.01695608   0.00197480
    4    6
 -0.00297572  -0.00970989    -0.00665378  -0.00721161    -0.01075130   0.00131450
 -0.01075130   0.00131450     0.00781639   0.00442030     0.01203516   0.01077356
 -0.00665378  -0.00721161     0.02623707   0.00184667     0.00781639   0.00442030
    4    7
  0.00554847  -0.00000000     0.00044179  -0.00927335     0.00359187   0.00199400
  0.00359187  -0.00199400    -0.00742446  -0.00780822    -0.00747518   0.00000000
  0.00044179   0.00927335     0.02182604  -0.00000000    -0.00742446   0.00780822
    5    1
  0.01018925  -0.00481977    -0.00302905  -0.00729607    -0.00549132  -0.00243148
 -0.00496710   0.00083605    -0.00588971  -0.00155688    -0.01078791  -0.01240484
 -0.01304426  -0.00202673    -0.00981378   0.00574224    -0.01066425  -0.00168666
    5    2
 -0.01835894  -0.00950150     0.01655986   0.00433023     0.00113629   0.00095568
  0.01141515  -0.00023875    -0.01403095   0.00433769    -0.00891633   0.00276370
 -0.00512320  -0.00838078    -0.00865260  -0.00729757    -0.01021217   0.00937270
    5    3
 -0.00698481  -0.01826154    -0.00608103  -0.01836304    -0.00031752  -0.00366076
  0.01072496  -0.00812600     0.00733346  -0.00912251     0.00798008  -0.00279611
 -0.00092283  -0.00637378    -0.00005436   0.00821250     0.00107741  -0.00680978
    5    4
  0.00058656  -0.00268315     0.00008016   0.00362909    -0.00309823   0.01267978
  0.00008016   0.00362909    -0.00644528   0.01674997    -0.00659258   0.00260514
 -0.00309823   0.01267978    -0.00659258   0.00260514     0.01695608  -0.00197480
    5    5
  0.03652535   0.00000000    -0.00086129  -0.00823738    -0.00317521   0.00099075
 -0.00086129   0.00823738     0.03084820   0.00000000     0.00581376   0.00014234
 -0.00317521  -0.00099075     0.00581376  -0.00014234     0.03350708   0.00000000
    5    6
  0.00554847   0.00000000     0.00044179   0.00927335     0.00359187  -0.00199400
  0.00359187   0.00199400    -0.00742446   0.00780822    -0.00747518  -0.00000000
  0.00044179  -0.00927335     0.02182604   0.00000000    -0.00742446  -0.00780822
    5    7
 -0.00297572   0.00970989    -0.00665378   0.00721161    -0.01075130  -0.00131450
 -0.01075130  -0.00131450     0.00781639  -0.00442030     0.01203516  -0.01077356
 -0.00665378   0.00721161     0.02623707  -0.00184667     0.00781639  -0.00442030
    6    1
  0.01018925  -0.00481977    -0.00549132  -0.00243148    -0.00302905  -0.00729607
 -0.01304426  -0.00202673    -0.01066425  -0.00168666    -0.00981378   0.00574224
 -0.00496710   0.00083605    -0.01078791  -0.01240484    -0.00588971  -0.00155688
    6    2
 -0.00698481  -0.01826154    -0.00031752  -0.00366076    -0.00608103  -0.01836304
 -0.00092283  -0.00637378     0.00107741  -0.00680978    -0.00005436   0.00821250
  0.01072496  -0.00812600     0.00798008  -0.00279611     0.00733346  -0.00912251
    6    3
 -0.01835894  -0.00950150     0.00113629   0.00095568     0.01655986   0.00433023
 -0.00512320  -0.00838078    -0.01021217   0.00937270    -0.00865260  -0.00729757
  0.01141515  -0.00023875    -0.00891633   0.00276370    -0.01403095   0.00433769
    6    4
 -0.00297572   0.00970989    -0.01075130  -0.00131450    -0.00665378   0.00721161
 -0.00665378   0.00721161     0.00781639  -0.00442030     0.02623707  -0.00184667
 -0.01075130  -0.00131450     0.01203516  -0.01077356     0.00781639  -0.00442030
    6    5
  0.00554847  -0.00000000     0.00359187  -0.00199400     0.00044179   0.00927335
  0.00044179  -0.00927335    -0.00742446  -0.00780822     0.02182604  -0.00000000
  0.00359187   0.00199400    -0.00747518  -0.00000000    -0.00742446   0.00780822
    6    6
  0.03652535   0.00000000    -0.00317521   0.00099075    -0.00086129  -0.00823738
 -0.00317521  -0.00099075     0.03350708   0.00000000     0.00581376  -0.00014234
 -0.00086129   0.00823738     0.00581376   0.00014234     0.03084820   0.00000000
    6    7
  0.00058656  -0.00268315    -0.00309823   0.01267978     0.00008016   0.00362909
 -0.00309823   0.01267978     0.01695608  -0.00197480    -0.00659258   0.00260514
  0.00008016   0.00362909    -0.00659258   0.00260514    -0.00644528   0.01674997
    7    1
  0.01018925   0.00481977    -0.00549132   0.00243148    -0.00302905   0.00729607
 -0.01304426   0.00202673    -0.01066425   0.00168666    -0.00981378  -0.00574224
 -0.00496710  -0.00083605    -0.01078791   0.01240484    -0.00588971   0.00155688
    7    2
 -0.01835894   0.00950150     0.00113629  -0.00095568     0.01655986  -0.00433023
 -0.00512320   0.00838078    -0.01021217  -0.00937270    -0.00865260   0.00729757
  0.01141515   0.00023875    -0.00891633  -0.00276370    -0.01403095  -0.00433769
    7    3
 -0.00698481   0.01826154    -0.00031752   0.00366076    -0.00608103   0.01836304
 -0.00092283   0.00637378     0.00107741   0.00680978    -0.00005436  -0.00821250
  0.01072496   0.00812600     0.00798008   0.00279611     0.00733346   0.00912251
    7    4
  0.00554847   0.00000000     0.00359187   0.00199400     0.00044179  -0.00927335
  0.00044179   0.00927335    -0.00742446   0.00780822     0.02182604   0.00000000
  0.00359187  -0.00199400    -0.00747518   0.00000000    -0.00742446  -0.00780822
    7    5
 -0.00297572  -0.00970989    -0.01075130   0.00131450    -0.00665378  -0.00721161
 -0.00665378  -0.00721161     0.00781639   0.00442030     0.02623707   0.00184667
 -0.01075130   0.00131450     0.01203516   0.01077356     0.00781639   0.00442030
    7    6
  0.00058656   0.00268315    -0.00309823  -0.01267978     0.00008016  -0.00362909
 -0.00309823  -0.01267978     0.01695608   0.00197480    -0.00659258  -0.00260514
  0.00008016  -0.00362909    -0.00659258  -0.00260514    -0.00644528  -0.01674997
    7    7
  0.03652535  -0.00000000    -0.00317521  -0.00099075    -0.00086129   0.00823738
 -0.00317521   0.00099075     0.03350708   0.00000000     0.00581376   0.00014234
 -0.00086129  -0.00823738     0.00581376  -0.00014234     0.03084820  -0.00000000

     Dynamical  Matrix in cartesian axes

     q = (    0.216506351  -0.433012702   0.216506351 ) 

    1    1
  0.03436853  -0.00000000     0.01033453   0.00000000     0.01479316  -0.00000000
  0.01033453   0.00000000     0.09110822  -0.00000000     0.01033453   0.00000000
  0.01479316  -0.00000000     0.01033453   0.00000000     0.03436853  -0.00000000
    1    2
 -0.00588971   0.00155688    -0.00302905   0.00729607    -0.00981378  -0.00574224
 -0.00496710  -0.00083605     0.01018925   0.00481977    -0.01304426   0.00202673
 -0.01078791   0.01240484    -0.00549132   0.00243148    -0.01066425   0.00168666
    1    3
 -0.00588971  -0.00155688    -0.00302905  -0.00729607    -0.00981378   0.00574224
 -0.00496710   0.00083605     0.01018925  -0.00481977    -0.01304426  -0.00202673
 -0.01078791  -0.01240484    -0.00549132  -0.00243148    -0.01066425  -0.00168666
    1    4
  0.00255352  -0.00255631    -0.00221326   0.00030906     0.00407711  -0.00486644
  0.00086589  -0.01503481    -0.00863614   0.00000000     0.00086589   0.01503481
  0.00407711   0.00486644    -0.00221326  -0.00030906     0.00255352   0.00255631
    1    5
  0.00255352   0.00255631    -0.00221326  -0.00030906     0.00407711   0.00486644
  0.00086589   0.01503481    -0.00863614  -0.00000000     0.00086589  -0.01503481
  0.00407711  -0.00486644    -0.00221326   0.00030906     0.00255352  -0.00255631
    1    6
 -0.01066425  -0.00168666    -0.00549132  -0.00243148    -0.01078791  -0.01240484
 -0.01304426  -0.00202673     0.01018925  -0.00481977    -0.00496710   0.00083605
 -0.00981378   0.00574224    -0.00302905  -0.00729607    -0.00588971  -0.00155688
    1    7
 -0.01066425   0.00168666    -0.00549132   0.00243148    -0.01078791   0.01240484
 -0.01304426   0.00202673     0.01018925   0.00481977    -0.00496710  -0.00083605
 -0.00981378  -0.00574224    -0.00302905   0.00729607    -0.00588971   0.00155688
    2    1
 -0.00588971  -0.00155688    -0.00496710   0.00083605    -0.01078791  -0.01240484
 -0.00302905  -0.00729607     0.01018925  -0.00481977    -0.00549132  -0.00243148
 -0.00981378   0.00574224    -0.01304426  -0.00202673    -0.01066425  -0.00168666
    2    2
  0.03084820   0.00000000    -0.00086129   0.00823738     0.00581376   0.00014234
 -0.00086129  -0.00823738     0.03652535   0.00000000    -0.00317521   0.00099075
  0.00581376  -0.00014234    -0.00317521  -0.00099075     0.03350708   0.00000000
    2    3
 -0.00644528   0.01674997     0.00008016   0.00362909    -0.00659258   0.00260514
  0.00008016   0.00362909     0.00058656  -0.00268315    -0.00309823   0.01267978
 -0.00659258   0.00260514    -0.00309823   0.01267978     0.01695608  -0.00197480
    2    4
  0.00733346  -0.00912251     0.01072496  -0.00812600     0.00798008  -0.00279611
 -0.00608103  -0.01836304    -0.00698481  -0.01826154    -0.00031752  -0.00366076
 -0.00005436   0.00821250    -0.00092283  -0.00637378     0.00107741  -0.00680978
    2    5
 -0.01403095   0.00433769     0.01141515  -0.00023875    -0.00891633   0.00276370
  0.01655986   0.00433023    -0.01835894  -0.00950150     0.00113629   0.00095568
 -0.00865260  -0.00729757    -0.00512320  -0.00838078    -0.01021217   0.00937270
    2    6
  0.00781639  -0.00442030    -0.01075130  -0.00131450     0.01203516  -0.01077356
 -0.00665378   0.00721161    -0.00297572   0.00970989    -0.01075130  -0.00131450
  0.02623707  -0.00184667    -0.00665378   0.00721161     0.00781639  -0.00442030
    2    7
 -0.00742446   0.00780822     0.00359187   0.00199400    -0.00747518  -0.00000000
  0.00044179   0.00927335     0.00554847   0.00000000     0.00359187  -0.00199400
  0.02182604   0.00000000     0.00044179  -0.00927335    -0.00742446  -0.00780822
    3    1
 -0.00588971   0.00155688    -0.00496710  -0.00083605    -0.01078791   0.01240484
 -0.00302905   0.00729607     0.01018925   0.00481977    -0.00549132   0.00243148
 -0.00981378  -0.00574224    -0.01304426   0.00202673    -0.01066425   0.00168666
    3    2
 -0.00644528  -0.01674997     0.00008016  -0.00362909    -0.00659258  -0.00260514
  0.00008016  -0.00362909     0.00058656   0.00268315    -0.00309823  -0.01267978
 -0.00659258  -0.00260514    -0.00309823  -0.01267978     0.01695608   0.00197480
    3    3
  0.03084820  -0.00000000    -0.00086129  -0.00823738     0.00581376  -0.00014234
 -0.00086129   0.00823738     0.03652535  -0.00000000    -0.00317521  -0.00099075
  0.00581376   0.00014234    -0.00317521   0.00099075     0.03350708   0.00000000
    3    4
 -0.01403095  -0.00433769     0.01141515   0.00023875    -0.00891633  -0.00276370
  0.01655986  -0.00433023    -0.01835894   0.00950150     0.00113629  -0.00095568
 -0.00865260   0.00729757    -0.00512320   0.00838078    -0.01021217  -0.00937270
    3    5
  0.00733346   0.00912251     0.01072496   0.00812600     0.00798008   0.00279611
 -0.00608103   0.01836304    -0.00698481   0.01826154    -0.00031752   0.00366076
 -0.00005436  -0.00821250    -0.00092283   0.00637378     0.00107741   0.00680978
    3    6
 -0.00742446  -0.00780822     0.00359187  -0.00199400    -0.00747518  -0.00000000
  0.00044179  -0.00927335     0.00554847   0.00000000     0.00359187   0.00199400
  0.02182604   0.00000000     0.00044179   0.00927335    -0.00742446   0.00780822
    3    7
  0.00781639   0.00442030    -0.01075130   0.00131450     0.01203516   0.01077356
 -0.00665378  -0.00721161    -0.00297572  -0.00970989    -0.01075130   0.00131450
  0.02623707   0.00184667    -0.00665378  -0.00721161     0.00781639   0.00442030
    4    1
  0.00255352   0.00255631     0.00086589   0.01503481     0.00407711  -0.00486644
 -0.00221326  -0.00030906    -0.00863614   0.00000000    -0.00221326   0.00030906
  0.00407711   0.00486644     0.00086589  -0.01503481     0.00255352  -0.00255631
    4    2
  0.00733346   0.00912251    -0.00608103   0.01836304    -0.00005436  -0.00821250
  0.01072496   0.00812600    -0.00698481   0.01826154    -0.00092283   0.00637378
  0.00798008   0.00279611    -0.00031752   0.00366076     0.00107741   0.00680978
    4    3
 -0.01403095   0.00433769     0.01655986   0.00433023    -0.00865260  -0.00729757
  0.01141515  -0.00023875    -0.01835894  -0.00950150    -0.00512320  -0.00838078
 -0.00891633   0.00276370     0.00113629   0.00095568    -0.01021217   0.00937270
    4    4
  0.02705099  -0.00000000    -0.00023329   0.00496710     0.00498902   0.00281614
 -0.00023329  -0.00496710     0.05451765  -0.00000000    -0.00023329   0.00496710
  0.00498902  -0.00281614    -0.00023329  -0.00496710     0.02705099   0.00000000
    4    5
 -0.01183972   0.00945388    -0.00210527   0.00049942    -0.00102786   0.00000000
 -0.00210527   0.00049942     0.02318576   0.00000000    -0.00210527  -0.00049942
 -0.00102786   0.00000000    -0.00210527  -0.00049942    -0.01183972  -0.00945388
    4    6
  0.00107741  -0.00680978    -0.00031752  -0.00366076     0.00798008  -0.00279611
 -0.00092283  -0.00637378    -0.00698481  -0.01826154     0.01072496  -0.00812600
 -0.00005436   0.00821250    -0.00608103  -0.01836304     0.00733346  -0.00912251
    4    7
 -0.01021217  -0.00937270     0.00113629  -0.00095568    -0.00891633  -0.00276370
 -0.00512320   0.00838078    -0.01835894   0.00950150     0.01141515   0.00023875
 -0.00865260   0.00729757     0.01655986  -0.00433023    -0.01403095  -0.00433769
    5    1
  0.00255352  -0.00255631     0.00086589  -0.01503481     0.00407711   0.00486644
 -0.00221326   0.00030906    -0.00863614   0.00000000    -0.00221326  -0.00030906
  0.00407711  -0.00486644     0.00086589   0.01503481     0.00255352   0.00255631
    5    2
 -0.01403095  -0.00433769     0.01655986  -0.00433023    -0.00865260   0.00729757
  0.01141515   0.00023875    -0.01835894   0.00950150    -0.00512320   0.00838078
 -0.00891633  -0.00276370     0.00113629  -0.00095568    -0.01021217  -0.00937270
    5    3
  0.00733346  -0.00912251    -0.00608103  -0.01836304    -0.00005436   0.00821250
  0.01072496  -0.00812600    -0.00698481  -0.01826154    -0.00092283  -0.00637378
  0.00798008  -0.00279611    -0.00031752  -0.00366076     0.00107741  -0.00680978
    5    4
 -0.01183972  -0.00945388    -0.00210527  -0.00049942    -0.00102786  -0.00000000
 -0.00210527  -0.00049942     0.02318576  -0.00000000    -0.00210527   0.00049942
 -0.00102786   0.00000000    -0.00210527   0.00049942    -0.01183972   0.00945388
    5    5
  0.02705099  -0.00000000    -0.00023329  -0.00496710     0.00498902  -0.00281614
 -0.00023329   0.00496710     0.05451765   0.00000000    -0.00023329  -0.00496710
  0.00498902   0.00281614    -0.00023329   0.00496710     0.02705099  -0.00000000
    5    6
 -0.01021217   0.00937270     0.00113629   0.00095568    -0.00891633   0.00276370
 -0.00512320  -0.00838078    -0.01835894  -0.00950150     0.01141515  -0.00023875
 -0.00865260  -0.00729757     0.01655986   0.00433023    -0.01403095   0.00433769
    5    7
  0.00107741   0.00680978    -0.00031752   0.00366076     0.00798008   0.00279611
 -0.00092283   0.00637378    -0.00698481   0.01826154     0.01072496   0.00812600
 -0.00005436  -0.00821250    -0.00608103   0.01836304     0.00733346   0.00912251
    6    1
 -0.01066425   0.00168666    -0.01304426   0.00202673    -0.00981378  -0.00574224
 -0.00549132   0.00243148     0.01018925   0.00481977    -0.00302905   0.00729607
 -0.01078791   0.01240484    -0.00496710  -0.00083605    -0.00588971   0.00155688
    6    2
  0.00781639   0.00442030    -0.00665378  -0.00721161     0.02623707   0.00184667
 -0.01075130   0.00131450    -0.00297572  -0.00970989    -0.00665378  -0.00721161
  0.01203516   0.01077356    -0.01075130   0.00131450     0.00781639   0.00442030
    6    3
 -0.00742446   0.00780822     0.00044179   0.00927335     0.02182604  -0.00000000
  0.00359187   0.00199400     0.00554847  -0.00000000     0.00044179  -0.00927335
 -0.00747518   0.00000000     0.00359187  -0.00199400    -0.00742446  -0.00780822
    6    4
  0.00107741   0.00680978    -0.00092283   0.00637378    -0.00005436  -0.00821250
 -0.00031752   0.00366076    -0.00698481   0.01826154    -0.00608103   0.01836304
  0.00798008   0.00279611     0.01072496   0.00812600     0.00733346   0.00912251
    6    5
 -0.01021217  -0.00937270    -0.00512320   0.00838078    -0.00865260   0.00729757
  0.00113629  -0.00095568    -0.01835894   0.00950150     0.01655986  -0.00433023
 -0.00891633  -0.00276370     0.01141515   0.00023875    -0.01403095  -0.00433769
    6    6
  0.03350708   0.00000000    -0.00317521   0.00099075     0.00581376   0.00014234
 -0.00317521  -0.00099075     0.03652535   0.00000000    -0.00086129   0.00823738
  0.00581376  -0.00014234    -0.00086129  -0.00823738     0.03084820  -0.00000000
    6    7
  0.01695608   0.00197480    -0.00309823  -0.01267978    -0.00659258  -0.00260514
 -0.00309823  -0.01267978     0.00058656   0.00268315     0.00008016  -0.00362909
 -0.00659258  -0.00260514     0.00008016  -0.00362909    -0.00644528  -0.01674997
    7    1
 -0.01066425  -0.00168666    -0.01304426  -0.00202673    -0.00981378   0.00574224
 -0.00549132  -0.00243148     0.01018925  -0.00481977    -0.00302905  -0.00729607
 -0.01078791  -0.01240484    -0.00496710   0.00083605    -0.00588971  -0.00155688
    7    2
 -0.00742446  -0.00780822     0.00044179  -0.00927335     0.02182604  -0.00000000
  0.00359187  -0.00199400     0.00554847  -0.00000000     0.00044179   0.00927335
 -0.00747518  -0.00000000     0.00359187   0.00199400    -0.00742446   0.00780822
    7    3
  0.00781639  -0.00442030    -0.00665378   0.00721161     0.02623707  -0.00184667
 -0.01075130  -0.00131450    -0.00297572   0.00970989    -0.00665378   0.00721161
  0.01203516  -0.01077356    -0.01075130  -0.00131450     0.00781639  -0.00442030
    7    4
 -0.01021217   0.00937270    -0.00512320  -0.00838078    -0.00865260  -0.00729757
  0.00113629   0.00095568    -0.01835894  -0.00950150     0.01655986   0.00433023
 -0.00891633   0.00276370     0.01141515  -0.00023875    -0.01403095   0.00433769
    7    5
  0.00107741  -0.00680978    -0.00092283  -0.00637378    -0.00005436   0.00821250
 -0.00031752  -0.00366076    -0.00698481  -0.01826154    -0.00608103  -0.01836304
  0.00798008  -0.00279611     0.01072496  -0.00812600     0.00733346  -0.00912251
    7    6
  0.01695608  -0.00197480    -0.00309823   0.01267978    -0.00659258   0.00260514
 -0.00309823   0.01267978     0.00058656  -0.00268315     0.00008016   0.00362909
 -0.00659258   0.00260514     0.00008016   0.00362909    -0.00644528   0.01674997
    7    7
  0.03350708   0.00000000    -0.00317521  -0.00099075     0.00581376  -0.00014234
 -0.00317521   0.00099075     0.03652535  -0.00000000    -0.00086129  -0.00823738
  0.00581376   0.00014234    -0.00086129   0.00823738     0.03084820  -0.00000000

     Dynamical  Matrix in cartesian axes

     q = (   -0.216506351  -0.433012702   0.216506351 ) 

    1    1
  0.03436853  -0.00000000    -0.01033453  -0.00000000    -0.01479316   0.00000000
 -0.01033453  -0.00000000     0.09110822  -0.00000000     0.01033453   0.00000000
 -0.01479316   0.00000000     0.01033453   0.00000000     0.03436853   0.00000000
    1    2
 -0.00155688   0.00588971     0.00729607  -0.00302905    -0.00574224  -0.00981378
 -0.00083605  -0.00496710    -0.00481977  -0.01018925    -0.00202673   0.01304426
  0.01240484  -0.01078791    -0.00243148   0.00549132    -0.00168666   0.01066425
    1    3
  0.00588971  -0.00155688    -0.00302905   0.00729607    -0.00981378  -0.00574224
 -0.00496710  -0.00083605    -0.01018925  -0.00481977     0.01304426  -0.00202673
 -0.01078791   0.01240484     0.00549132  -0.00243148     0.01066425  -0.00168666
    1    4
  0.00255631   0.00255352     0.00030906   0.00221326    -0.00486644  -0.00407711
 -0.01503481  -0.00086589    -0.00000000  -0.00863614    -0.01503481   0.00086589
  0.00486644  -0.00407711     0.00030906  -0.00221326    -0.00255631   0.00255352
    1    5
  0.00255352   0.00255631     0.00221326   0.00030906    -0.00407711  -0.00486644
 -0.00086589  -0.01503481    -0.00863614   0.00000000     0.00086589  -0.01503481
 -0.00407711   0.00486644    -0.00221326   0.00030906     0.00255352  -0.00255631
    1    6
 -0.01066425  -0.00168666     0.00549132   0.00243148     0.01078791   0.01240484
  0.01304426   0.00202673     0.01018925  -0.00481977    -0.00496710   0.00083605
  0.00981378  -0.00574224    -0.00302905  -0.00729607    -0.00588971  -0.00155688
    1    7
 -0.00168666  -0.01066425     0.00243148   0.00549132     0.01240484   0.01078791
  0.00202673   0.01304426    -0.00481977   0.01018925     0.00083605  -0.00496710
