  2.000000000000000E-002   1.26015754758087        2.29045391948694     
           2

     Dynamical  Matrix in cartesian axes

     q = (    0.433012700   0.433012700   0.433012700 ) 

    1    1
  0.05067148   0.00000000     0.00000000   0.00000000     0.00000000   0.00000000
  0.00000000   0.00000000     0.05067148   0.00000000    -0.00000000   0.00000000
 -0.00000000   0.00000000    -0.00000000   0.00000000     0.05067148   0.00000000
    1    2
  0.00000000  -0.00000000     0.00000000  -0.00539943    -0.00539943  -0.00000000
  0.00000000  -0.00047662     0.00000000   0.00000000     0.00000000   0.00000000
 -0.00047662  -0.00000000     0.00000000  -0.00000000     0.00000000   0.00000000
    1    3
  0.00000000  -0.00000000    -0.00539943  -0.00000000     0.00000000  -0.00539943
 -0.00047662  -0.00000000    -0.00000000   0.00000000     0.00000000  -0.00000000
  0.00000000  -0.00047662     0.00000000   0.00000000     0.00000000   0.00000000
    1    4
  0.00000000   0.00000000    -0.00047662  -0.00000000     0.00000000  -0.00000000
 -0.00539943  -0.00000000     0.00000000  -0.00000000     0.00000000  -0.00539943
  0.00000000   0.00000000     0.00000000  -0.00047662    -0.00000000   0.00000000
    1    5
 -0.00000000   0.00000000     0.00000000  -0.00047662     0.00000000   0.00000000
  0.00000000  -0.00539943     0.00000000  -0.00000000    -0.00539943  -0.00000000
  0.00000000   0.00000000    -0.00047662  -0.00000000    -0.00000000   0.00000000
    1    6
  0.00000000   0.00000000     0.00000000   0.00000000     0.00000000  -0.00047662
  0.00000000   0.00000000     0.00000000   0.00000000    -0.00047662  -0.00000000
  0.00000000  -0.00539943    -0.00539943  -0.00000000     0.00000000  -0.00000000
    1    7
  0.00000000   0.00000000     0.00000000  -0.00000000    -0.00047662  -0.00000000
  0.00000000   0.00000000     0.00000000   0.00000000     0.00000000  -0.00047662
 -0.00539943  -0.00000000     0.00000000  -0.00539943     0.00000000  -0.00000000
    2    1
  0.00000000   0.00000000     0.00000000   0.00047662    -0.00047662   0.00000000
  0.00000000   0.00539943    -0.00000000  -0.00000000     0.00000000   0.00000000
 -0.00539943   0.00000000     0.00000000   0.00000000     0.00000000  -0.00000000
    2    2
  0.06406849  -0.00000000    -0.00000000  -0.00000000    -0.00000000  -0.00000000
 -0.00000000   0.00000000     0.06064246   0.00000000    -0.00000000   0.00711482
 -0.00000000   0.00000000    -0.00000000  -0.00711482     0.06064246   0.00000000
    2    3
 -0.00000000  -0.00000000    -0.00000000   0.00000000    -0.00000000  -0.00000000
 -0.00000000   0.00000000     0.00000000   0.02826403    -0.00259271  -0.00000000
 -0.00000000  -0.00000000    -0.00259271  -0.00000000    -0.00000000  -0.02826403
    2    4
 -0.00000000   0.01542258     0.00000000   0.02783014    -0.00760898  -0.00000000
 -0.00000000   0.04212479    -0.00000000   0.01542258    -0.00639449   0.00000000
 -0.00639449   0.00000000    -0.00760898  -0.00000000    -0.00000000   0.01275539
    2    5
 -0.01542258  -0.00000000     0.02783014   0.00000000    -0.00000000   0.00760898
  0.04212479  -0.00000000    -0.01542258   0.00000000    -0.00000000  -0.00639449
 -0.00000000   0.00639449    -0.00000000  -0.00760898    -0.01275539   0.00000000
    2    6
 -0.00000000  -0.01542258    -0.00760898   0.00000000     0.00000000  -0.02783014
 -0.00639449  -0.00000000    -0.00000000  -0.01275539    -0.00760898   0.00000000
 -0.00000000  -0.04212479    -0.00639449  -0.00000000    -0.00000000  -0.01542258
    2    7
 -0.01542258   0.00000000    -0.00000000  -0.00760898     0.02783014  -0.00000000
 -0.00000000  -0.00639449    -0.01275539  -0.00000000    -0.00000000   0.00760898
  0.04212479  -0.00000000    -0.00000000   0.00639449    -0.01542258  -0.00000000
    3    1
 -0.00000000   0.00000000    -0.00047662   0.00000000     0.00000000   0.00047662
 -0.00539943   0.00000000    -0.00000000  -0.00000000     0.00000000  -0.00000000
  0.00000000   0.00539943     0.00000000   0.00000000     0.00000000  -0.00000000
    3    2
 -0.00000000   0.00000000    -0.00000000  -0.00000000    -0.00000000   0.00000000
 -0.00000000  -0.00000000     0.00000000  -0.02826403    -0.00259271   0.00000000
 -0.00000000   0.00000000    -0.00259271   0.00000000    -0.00000000   0.02826403
    3    3
  0.06406849   0.00000000    -0.00000000   0.00000000    -0.00000000   0.00000000
 -0.00000000  -0.00000000     0.06064246  -0.00000000    -0.00000000  -0.00711482
 -0.00000000  -0.00000000    -0.00000000   0.00711482     0.06064246   0.00000000
    3    4
 -0.01542258   0.00000000     0.02783014  -0.00000000    -0.00000000  -0.00760898
  0.04212479  -0.00000000    -0.01542258   0.00000000    -0.00000000   0.00639449
 -0.00000000  -0.00639449    -0.00000000   0.00760898    -0.01275539   0.00000000
    3    5
 -0.00000000  -0.01542258     0.00000000  -0.02783014    -0.00760898   0.00000000
 -0.00000000  -0.04212479    -0.00000000  -0.01542258    -0.00639449  -0.00000000
 -0.00639449  -0.00000000    -0.00760898   0.00000000    -0.00000000  -0.01275539
    3    6
 -0.01542258  -0.00000000    -0.00000000   0.00760898     0.02783014   0.00000000
 -0.00000000   0.00639449    -0.01275539   0.00000000    -0.00000000  -0.00760898
  0.04212479   0.00000000    -0.00000000  -0.00639449    -0.01542258  -0.00000000
    3    7
 -0.00000000   0.01542258    -0.00760898  -0.00000000     0.00000000   0.02783014
 -0.00639449   0.00000000    -0.00000000   0.01275539    -0.00760898  -0.00000000
 -0.00000000   0.04212479    -0.00639449   0.00000000    -0.00000000   0.01542258
    4    1
  0.00000000  -0.00000000    -0.00539943   0.00000000     0.00000000  -0.00000000
 -0.00047662   0.00000000     0.00000000   0.00000000     0.00000000   0.00047662
  0.00000000  -0.00000000     0.00000000   0.00539943     0.00000000  -0.00000000
    4    2
 -0.00000000  -0.01542258    -0.00000000  -0.04212479    -0.00639449  -0.00000000
  0.00000000  -0.02783014    -0.00000000  -0.01542258    -0.00760898   0.00000000
 -0.00760898   0.00000000    -0.00639449  -0.00000000    -0.00000000  -0.01275539
    4    3
 -0.01542258  -0.00000000     0.04212479   0.00000000    -0.00000000   0.00639449
  0.02783014   0.00000000    -0.01542258  -0.00000000    -0.00000000  -0.00760898
 -0.00000000   0.00760898    -0.00000000  -0.00639449    -0.01275539  -0.00000000
    4    4
  0.06064246  -0.00000000     0.00000000   0.00000000     0.00000000  -0.00711482
  0.00000000  -0.00000000     0.06406849   0.00000000     0.00000000   0.00000000
  0.00000000   0.00711482     0.00000000  -0.00000000     0.06064246   0.00000000
    4    5
  0.00000000  -0.02826403    -0.00000000  -0.00000000    -0.00259271  -0.00000000
 -0.00000000  -0.00000000     0.00000000   0.00000000    -0.00000000   0.00000000
 -0.00259271  -0.00000000    -0.00000000   0.00000000    -0.00000000   0.02826403
    4    6
 -0.00000000   0.01275539    -0.00639449   0.00000000    -0.00760898  -0.00000000
 -0.00760898  -0.00000000    -0.00000000   0.01542258     0.00000000   0.02783014
 -0.00639449   0.00000000    -0.00000000   0.04212479    -0.00000000   0.01542258
    4    7
 -0.01275539  -0.00000000    -0.00000000   0.00639449     0.00000000  -0.00760898
 -0.00000000   0.00760898    -0.01542258  -0.00000000     0.02783014   0.00000000
  0.00000000  -0.00639449     0.04212479   0.00000000    -0.01542258  -0.00000000
    5    1
 -0.00000000  -0.00000000     0.00000000   0.00539943     0.00000000   0.00000000
  0.00000000   0.00047662     0.00000000   0.00000000    -0.00047662   0.00000000
  0.00000000  -0.00000000    -0.00539943   0.00000000    -0.00000000  -0.00000000
    5    2
 -0.01542258   0.00000000     0.04212479   0.00000000    -0.00000000  -0.00639449
  0.02783014  -0.00000000    -0.01542258  -0.00000000    -0.00000000   0.00760898
 -0.00000000  -0.00760898    -0.00000000   0.00639449    -0.01275539   0.00000000
    5    3
 -0.00000000   0.01542258    -0.00000000   0.04212479    -0.00639449   0.00000000
  0.00000000   0.02783014    -0.00000000   0.01542258    -0.00760898  -0.00000000
 -0.00760898  -0.00000000    -0.00639449   0.00000000    -0.00000000   0.01275539
    5    4
  0.00000000   0.02826403    -0.00000000   0.00000000    -0.00259271   0.00000000
 -0.00000000   0.00000000     0.00000000  -0.00000000    -0.00000000  -0.00000000
 -0.00259271   0.00000000    -0.00000000  -0.00000000    -0.00000000  -0.02826403
    5    5
  0.06064246   0.00000000     0.00000000  -0.00000000     0.00000000   0.00711482
  0.00000000   0.00000000     0.06406849  -0.00000000     0.00000000   0.00000000
  0.00000000  -0.00711482     0.00000000   0.00000000     0.06064246  -0.00000000
    5    6
 -0.01275539  -0.00000000     0.00000000  -0.00639449     0.00000000   0.00760898
 -0.00000000  -0.00760898    -0.01542258   0.00000000     0.02783014   0.00000000
  0.00000000   0.00639449     0.04212479  -0.00000000    -0.01542258  -0.00000000
    5    7
 -0.00000000  -0.01275539    -0.00639449  -0.00000000    -0.00760898   0.00000000
 -0.00760898   0.00000000    -0.00000000  -0.01542258     0.00000000  -0.02783014
 -0.00639449  -0.00000000    -0.00000000  -0.04212479    -0.00000000  -0.01542258
    6    1
  0.00000000  -0.00000000     0.00000000  -0.00000000     0.00000000   0.00539943
  0.00000000  -0.00000000     0.00000000  -0.00000000    -0.00539943   0.00000000
  0.00000000   0.00047662    -0.00047662   0.00000000    -0.00000000   0.00000000
    6    2
 -0.00000000   0.01542258    -0.00639449   0.00000000    -0.00000000   0.04212479
 -0.00760898  -0.00000000    -0.00000000   0.01275539    -0.00639449   0.00000000
  0.00000000   0.02783014    -0.00760898  -0.00000000    -0.00000000   0.01542258
    6    3
 -0.01542258   0.00000000    -0.00000000  -0.00639449     0.04212479  -0.00000000
 -0.00000000  -0.00760898    -0.01275539   0.00000000     0.00000000   0.00639449
  0.02783014  -0.00000000     0.00000000   0.00760898    -0.01542258   0.00000000
    6    4
 -0.00000000  -0.01275539    -0.00760898   0.00000000    -0.00639449  -0.00000000
 -0.00639449  -0.00000000    -0.00000000  -0.01542258    -0.00000000  -0.04212479
 -0.00760898   0.00000000     0.00000000  -0.02783014    -0.00000000  -0.01542258
    6    5
 -0.01275539   0.00000000    -0.00000000   0.00760898     0.00000000  -0.00639449
 -0.00000000   0.00639449    -0.01542258  -0.00000000     0.04212479   0.00000000
  0.00000000  -0.00760898     0.02783014   0.00000000    -0.01542258   0.00000000
    6    6
  0.06064246   0.00000000    -0.00000000   0.00711482    -0.00000000   0.00000000
 -0.00000000  -0.00711482     0.06064246   0.00000000    -0.00000000   0.00000000
 -0.00000000  -0.00000000    -0.00000000  -0.00000000     0.06406849   0.00000000
    6    7
  0.00000000   0.02826403    -0.00259271  -0.00000000    -0.00000000   0.00000000
 -0.00259271  -0.00000000    -0.00000000  -0.02826403    -0.00000000  -0.00000000
 -0.00000000   0.00000000    -0.00000000  -0.00000000    -0.00000000  -0.00000000
    7    1
  0.00000000  -0.00000000     0.00000000   0.00000000    -0.00539943   0.00000000
  0.00000000  -0.00000000     0.00000000  -0.00000000     0.00000000   0.00539943
 -0.00047662   0.00000000     0.00000000   0.00047662     0.00000000   0.00000000
    7    2
 -0.01542258   0.00000000    -0.00000000   0.00639449     0.04212479  -0.00000000
 -0.00000000   0.00760898    -0.01275539   0.00000000     0.00000000  -0.00639449
  0.02783014   0.00000000     0.00000000  -0.00760898    -0.01542258   0.00000000
    7    3
 -0.00000000  -0.01542258    -0.00639449  -0.00000000    -0.00000000  -0.04212479
 -0.00760898   0.00000000    -0.00000000  -0.01275539    -0.00639449  -0.00000000
  0.00000000  -0.02783014    -0.00760898   0.00000000    -0.00000000  -0.01542258
    7    4
 -0.01275539   0.00000000    -0.00000000  -0.00760898     0.00000000   0.00639449
 -0.00000000  -0.00639449    -0.01542258   0.00000000     0.04212479  -0.00000000
  0.00000000   0.00760898     0.02783014  -0.00000000    -0.01542258   0.00000000
    7    5
 -0.00000000   0.01275539    -0.00760898  -0.00000000    -0.00639449   0.00000000
 -0.00639449   0.00000000    -0.00000000   0.01542258    -0.00000000   0.04212479
 -0.00760898  -0.00000000     0.00000000   0.02783014    -0.00000000   0.01542258
    7    6
  0.00000000  -0.02826403    -0.00259271   0.00000000    -0.00000000  -0.00000000
 -0.00259271   0.00000000    -0.00000000   0.02826403    -0.00000000   0.00000000
 -0.00000000  -0.00000000    -0.00000000   0.00000000    -0.00000000   0.00000000
    7    7
  0.06064246  -0.00000000    -0.00000000  -0.00711482    -0.00000000  -0.00000000
 -0.00000000   0.00711482     0.06064246  -0.00000000    -0.00000000  -0.00000000
 -0.00000000   0.00000000    -0.00000000   0.00000000     0.06406849  -0.00000000

     Dynamical  Matrix in cartesian axes

     q = (   -0.433012700  -0.433012700  -0.433012700 ) 

    1    1
  0.05067148   0.00000000     0.00000000   0.00000000    -0.00000000   0.00000000
  0.00000000   0.00000000     0.05067148   0.00000000    -0.00000000   0.00000000
 -0.00000000   0.00000000    -0.00000000   0.00000000     0.05067148   0.00000000
    1    2
 -0.00000000  -0.00000000     0.00000000   0.00539943    -0.00539943   0.00000000
  0.00000000   0.00047662     0.00000000  -0.00000000    -0.00000000  -0.00000000
 -0.00047662   0.00000000    -0.00000000  -0.00000000     0.00000000   0.00000000
    1    3
 -0.00000000  -0.00000000    -0.00539943   0.00000000     0.00000000   0.00539943
 -0.00047662   0.00000000     0.00000000   0.00000000     0.00000000  -0.00000000
  0.00000000   0.00047662    -0.00000000  -0.00000000     0.00000000   0.00000000
    1    4
  0.00000000  -0.00000000    -0.00047662  -0.00000000    -0.00000000  -0.00000000
 -0.00539943  -0.00000000    -0.00000000  -0.00000000    -0.00000000   0.00539943
  0.00000000  -0.00000000     0.00000000   0.00047662     0.00000000   0.00000000
    1    5
  0.00000000   0.00000000     0.00000000   0.00047662     0.00000000  -0.00000000
  0.00000000   0.00539943    -0.00000000  -0.00000000    -0.00539943   0.00000000
  0.00000000  -0.00000000    -0.00047662   0.00000000     0.00000000   0.00000000
    1    6
  0.00000000  -0.00000000     0.00000000  -0.00000000    -0.00000000   0.00047662
  0.00000000  -0.00000000     0.00000000   0.00000000    -0.00047662   0.00000000
  0.00000000   0.00539943    -0.00539943   0.00000000    -0.00000000   0.00000000
    1    7
  0.00000000  -0.00000000     0.00000000  -0.00000000    -0.00047662   0.00000000
  0.00000000  -0.00000000     0.00000000  -0.00000000    -0.00000000   0.00047662
 -0.00539943   0.00000000     0.00000000   0.00539943    -0.00000000  -0.00000000
    2    1
 -0.00000000   0.00000000     0.00000000  -0.00047662    -0.00047662  -0.00000000
  0.00000000  -0.00539943     0.00000000   0.00000000     0.00000000   0.00000000
 -0.00539943  -0.00000000     0.00000000   0.00000000     0.00000000  -0.00000000
    2    2
  0.06406849   0.00000000     0.00000000  -0.00000000    -0.00000000  -0.00000000
  0.00000000   0.00000000     0.06064246  -0.00000000    -0.00000000  -0.00711482
 -0.00000000   0.00000000    -0.00000000   0.00711482     0.06064246   0.00000000
    2    3
  0.00000000  -0.00000000    -0.00000000  -0.00000000    -0.00000000   0.00000000
 -0.00000000  -0.00000000     0.00000000  -0.02826403    -0.00259271  -0.00000000
 -0.00000000   0.00000000    -0.00259271  -0.00000000    -0.00000000   0.02826403
    2    4
 -0.00000000  -0.01542258     0.00000000  -0.02783014    -0.00760898   0.00000000
 -0.00000000  -0.04212479    -0.00000000  -0.01542258    -0.00639449  -0.00000000
 -0.00639449  -0.00000000    -0.00760898   0.00000000    -0.00000000  -0.01275539
    2    5
 -0.01542258   0.00000000     0.02783014   0.00000000     0.00000000  -0.00760898
  0.04212479   0.00000000    -0.01542258  -0.00000000    -0.00000000   0.00639449
  0.00000000  -0.00639449    -0.00000000   0.00760898    -0.01275539   0.00000000
    2    6
 -0.00000000   0.01542258    -0.00760898  -0.00000000     0.00000000   0.02783014
 -0.00639449   0.00000000    -0.00000000   0.01275539    -0.00760898  -0.00000000
 -0.00000000   0.04212479    -0.00639449   0.00000000    -0.00000000   0.01542258
    2    7
 -0.01542258  -0.00000000    -0.00000000   0.00760898     0.02783014   0.00000000
 -0.00000000   0.00639449    -0.01275539  -0.00000000     0.00000000  -0.00760898
  0.04212479   0.00000000     0.00000000  -0.00639449    -0.01542258  -0.00000000
    3    1
 -0.00000000   0.00000000    -0.00047662  -0.00000000     0.00000000  -0.00047662
 -0.00539943  -0.00000000     0.00000000  -0.00000000    -0.00000000   0.00000000
  0.00000000  -0.00539943     0.00000000   0.00000000     0.00000000   0.00000000
    3    2
  0.00000000   0.00000000    -0.00000000   0.00000000    -0.00000000  -0.00000000
 -0.00000000   0.00000000     0.00000000   0.02826403    -0.00259271   0.00000000
 -0.00000000  -0.00000000    -0.00259271   0.00000000    -0.00000000  -0.02826403
    3    3
  0.06406849  -0.00000000     0.00000000   0.00000000    -0.00000000   0.00000000
  0.00000000  -0.00000000     0.06064246   0.00000000    -0.00000000   0.00711482
 -0.00000000  -0.00000000    -0.00000000  -0.00711482     0.06064246   0.00000000
    3    4
 -0.01542258  -0.00000000     0.02783014   0.00000000    -0.00000000   0.00760898
  0.04212479   0.00000000    -0.01542258  -0.00000000    -0.00000000  -0.00639449
 -0.00000000   0.00639449    -0.00000000  -0.00760898    -0.01275539  -0.00000000
    3    5
 -0.00000000   0.01542258     0.00000000   0.02783014    -0.00760898  -0.00000000
 -0.00000000   0.04212479    -0.00000000   0.01542258    -0.00639449   0.00000000
 -0.00639449   0.00000000    -0.00760898  -0.00000000    -0.00000000   0.01275539
    3    6
 -0.01542258   0.00000000    -0.00000000  -0.00760898     0.02783014  -0.00000000
 -0.00000000  -0.00639449    -0.01275539   0.00000000     0.00000000   0.00760898
  0.04212479  -0.00000000     0.00000000   0.00639449    -0.01542258   0.00000000
    3    7
 -0.00000000  -0.01542258    -0.00760898   0.00000000     0.00000000  -0.02783014
 -0.00639449  -0.00000000    -0.00000000  -0.01275539    -0.00760898   0.00000000
 -0.00000000  -0.04212479    -0.00639449  -0.00000000    -0.00000000  -0.01542258
    4    1
  0.00000000   0.00000000    -0.00539943   0.00000000    -0.00000000   0.00000000
 -0.00047662   0.00000000    -0.00000000   0.00000000     0.00000000  -0.00047662
 -0.00000000   0.00000000    -0.00000000  -0.00539943     0.00000000   0.00000000
    4    2
 -0.00000000   0.01542258    -0.00000000   0.04212479    -0.00639449   0.00000000
  0.00000000   0.02783014    -0.00000000   0.01542258    -0.00760898  -0.00000000
 -0.00760898  -0.00000000    -0.00639449   0.00000000    -0.00000000   0.01275539
    4    3
 -0.01542258   0.00000000     0.04212479  -0.00000000     0.00000000  -0.00639449
  0.02783014  -0.00000000    -0.01542258   0.00000000    -0.00000000   0.00760898
  0.00000000  -0.00760898    -0.00000000   0.00639449    -0.01275539   0.00000000
    4    4
  0.06064246   0.00000000    -0.00000000  -0.00000000    -0.00000000   0.00711482
  0.00000000   0.00000000     0.06406849  -0.00000000     0.00000000   0.00000000
 -0.00000000  -0.00711482    -0.00000000   0.00000000     0.06064246  -0.00000000
    4    5
  0.00000000   0.02826403    -0.00000000   0.00000000    -0.00259271  -0.00000000
 -0.00000000   0.00000000    -0.00000000   0.00000000    -0.00000000  -0.00000000
 -0.00259271   0.00000000    -0.00000000  -0.00000000    -0.00000000  -0.02826403
    4    6
 -0.00000000  -0.01275539    -0.00639449  -0.00000000    -0.00760898   0.00000000
 -0.00760898   0.00000000    -0.00000000  -0.01542258     0.00000000  -0.02783014
 -0.00639449  -0.00000000    -0.00000000  -0.04212479    -0.00000000  -0.01542258
    4    7
 -0.01275539   0.00000000    -0.00000000  -0.00639449     0.00000000   0.00760898
 -0.00000000  -0.00760898    -0.01542258   0.00000000     0.02783014  -0.00000000
  0.00000000   0.00639449     0.04212479  -0.00000000    -0.01542258   0.00000000
    5    1
  0.00000000   0.00000000     0.00000000  -0.00539943     0.00000000   0.00000000
  0.00000000  -0.00047662    -0.00000000   0.00000000    -0.00047662   0.00000000
  0.00000000   0.00000000    -0.00539943  -0.00000000     0.00000000   0.00000000
    5    2
 -0.01542258  -0.00000000     0.04212479  -0.00000000     0.00000000   0.00639449
  0.02783014   0.00000000    -0.01542258   0.00000000    -0.00000000  -0.00760898
  0.00000000   0.00760898    -0.00000000  -0.00639449    -0.01275539   0.00000000
    5    3
 -0.00000000  -0.01542258    -0.00000000  -0.04212479    -0.00639449  -0.00000000
  0.00000000  -0.02783014    -0.00000000  -0.01542258    -0.00760898   0.00000000
 -0.00760898   0.00000000    -0.00639449  -0.00000000    -0.00000000  -0.01275539
    5    4
  0.00000000  -0.02826403    -0.00000000  -0.00000000    -0.00259271   0.00000000
 -0.00000000  -0.00000000    -0.00000000  -0.00000000    -0.00000000   0.00000000
 -0.00259271  -0.00000000    -0.00000000   0.00000000    -0.00000000   0.02826403
    5    5
  0.06064246   0.00000000    -0.00000000   0.00000000    -0.00000000  -0.00711482
  0.00000000  -0.00000000     0.06406849   0.00000000     0.00000000   0.00000000
 -0.00000000   0.00711482    -0.00000000   0.00000000     0.06064246   0.00000000
    5    6
 -0.01275539   0.00000000    -0.00000000   0.00639449     0.00000000  -0.00760898
 -0.00000000   0.00760898    -0.01542258  -0.00000000     0.02783014   0.00000000
  0.00000000  -0.00639449     0.04212479   0.00000000    -0.01542258  -0.00000000
    5    7
 -0.00000000   0.01275539    -0.00639449   0.00000000    -0.00760898  -0.00000000
 -0.00760898  -0.00000000    -0.00000000   0.01542258     0.00000000   0.02783014
 -0.00639449   0.00000000    -0.00000000   0.04212479    -0.00000000   0.01542258
    6    1
  0.00000000   0.00000000     0.00000000   0.00000000     0.00000000  -0.00539943
  0.00000000   0.00000000     0.00000000  -0.00000000    -0.00539943  -0.00000000
  0.00000000  -0.00047662    -0.00047662  -0.00000000    -0.00000000   0.00000000
    6    2
 -0.00000000  -0.01542258    -0.00639449  -0.00000000    -0.00000000  -0.04212479
 -0.00760898   0.00000000    -0.00000000  -0.01275539    -0.00639449  -0.00000000
  0.00000000  -0.02783014    -0.00760898   0.00000000    -0.00000000  -0.01542258
    6    3
 -0.01542258  -0.00000000     0.00000000   0.00639449     0.04212479   0.00000000
 -0.00000000   0.00760898    -0.01275539  -0.00000000     0.00000000  -0.00639449
  0.02783014   0.00000000    -0.00000000  -0.00760898    -0.01542258  -0.00000000
    6    4
 -0.00000000   0.01275539    -0.00760898  -0.00000000    -0.00639449   0.00000000
 -0.00639449   0.00000000    -0.00000000   0.01542258    -0.00000000   0.04212479
 -0.00760898  -0.00000000     0.00000000   0.02783014    -0.00000000   0.01542258
    6    5
 -0.01275539   0.00000000    -0.00000000  -0.00760898    -0.00000000   0.00639449
 -0.00000000  -0.00639449    -0.01542258   0.00000000     0.04212479  -0.00000000
 -0.00000000   0.00760898     0.02783014  -0.00000000    -0.01542258   0.00000000
    6    6
  0.06064246   0.00000000     0.00000000  -0.00711482    -0.00000000   0.00000000
  0.00000000   0.00711482     0.06064246  -0.00000000    -0.00000000   0.00000000
  0.00000000   0.00000000    -0.00000000   0.00000000     0.06406849  -0.00000000
    6    7
 -0.00000000  -0.02826403    -0.00259271  -0.00000000    -0.00000000  -0.00000000
 -0.00259271  -0.00000000     0.00000000   0.02826403    -0.00000000   0.00000000
 -0.00000000  -0.00000000    -0.00000000   0.00000000    -0.00000000   0.00000000
    7    1
  0.00000000   0.00000000     0.00000000   0.00000000    -0.00539943  -0.00000000
  0.00000000   0.00000000     0.00000000   0.00000000     0.00000000  -0.00539943
 -0.00047662   0.00000000     0.00000000  -0.00047662    -0.00000000   0.00000000
    7    2
 -0.01542258   0.00000000     0.00000000  -0.00639449     0.04212479  -0.00000000
 -0.00000000  -0.00760898    -0.01275539   0.00000000     0.00000000   0.00639449
  0.02783014  -0.00000000     0.00000000   0.00760898    -0.01542258   0.00000000
    7    3
 -0.00000000   0.01542258    -0.00639449   0.00000000    -0.00000000   0.04212479
 -0.00760898  -0.00000000    -0.00000000   0.01275539    -0.00639449   0.00000000
  0.00000000   0.02783014    -0.00760898  -0.00000000    -0.00000000   0.01542258
    7    4
 -0.01275539  -0.00000000    -0.00000000   0.00760898    -0.00000000  -0.00639449
 -0.00000000   0.00639449    -0.01542258  -0.00000000     0.04212479   0.00000000
 -0.00000000  -0.00760898     0.02783014   0.00000000    -0.01542258  -0.00000000
    7    5
 -0.00000000  -0.01275539    -0.00760898   0.00000000    -0.00639449  -0.00000000
 -0.00639449  -0.00000000    -0.00000000  -0.01542258    -0.00000000  -0.04212479
 -0.00760898   0.00000000     0.00000000  -0.02783014    -0.00000000  -0.01542258
    7    6
 -0.00000000   0.02826403    -0.00259271   0.00000000    -0.00000000   0.00000000
 -0.00259271   0.00000000     0.00000000  -0.02826403    -0.00000000  -0.00000000
 -0.00000000   0.00000000    -0.00000000  -0.00000000    -0.00000000  -0.00000000
    7    7
  0.06064246  -0.00000000     0.00000000   0.00711482    -0.00000000   0.00000000
  0.00000000  -0.00711482     0.06064246   0.00000000    -0.00000000   0.00000000
  0.00000000   0.00000000    -0.00000000   0.00000000     0.06406849   0.00000000
