  1.000000000000000E-002   1.26045764302382        2.13065582614097     
           2

     Dynamical  Matrix in cartesian axes

     q = (    0.433012700   0.433012700   0.433012700 ) 

    1    1
  0.07069822   0.00000000    -0.00000000   0.00000000    -0.00000000   0.00000000
 -0.00000000   0.00000000     0.07069822   0.00000000    -0.00000000   0.00000000
 -0.00000000   0.00000000    -0.00000000   0.00000000     0.07069822   0.00000000
    1    2
  0.00000000  -0.00000000     0.00000000  -0.00667161    -0.00667161  -0.00000000
  0.00000000  -0.01075331     0.00000000   0.00000000     0.00000000   0.00000000
 -0.01075331  -0.00000000     0.00000000   0.00000000     0.00000000   0.00000000
    1    3
  0.00000000  -0.00000000    -0.00667161  -0.00000000     0.00000000  -0.00667161
 -0.01075331  -0.00000000     0.00000000   0.00000000     0.00000000   0.00000000
  0.00000000  -0.01075331     0.00000000   0.00000000     0.00000000   0.00000000
    1    4
  0.00000000   0.00000000    -0.01075331  -0.00000000     0.00000000   0.00000000
 -0.00667161  -0.00000000     0.00000000  -0.00000000     0.00000000  -0.00667161
  0.00000000   0.00000000     0.00000000  -0.01075331    -0.00000000   0.00000000
    1    5
 -0.00000000   0.00000000     0.00000000  -0.01075331     0.00000000  -0.00000000
  0.00000000  -0.00667161     0.00000000  -0.00000000    -0.00667161  -0.00000000
  0.00000000   0.00000000    -0.01075331  -0.00000000     0.00000000   0.00000000
    1    6
  0.00000000   0.00000000     0.00000000   0.00000000     0.00000000  -0.01075331
  0.00000000   0.00000000     0.00000000   0.00000000    -0.01075331  -0.00000000
  0.00000000  -0.00667161    -0.00667161  -0.00000000     0.00000000  -0.00000000
    1    7
  0.00000000   0.00000000     0.00000000   0.00000000    -0.01075331  -0.00000000
  0.00000000   0.00000000    -0.00000000   0.00000000     0.00000000  -0.01075331
 -0.00667161  -0.00000000     0.00000000  -0.00667161    -0.00000000  -0.00000000
    2    1
  0.00000000   0.00000000     0.00000000   0.01075331    -0.01075331   0.00000000
  0.00000000   0.00667161     0.00000000  -0.00000000     0.00000000  -0.00000000
 -0.00667161   0.00000000     0.00000000  -0.00000000     0.00000000  -0.00000000
    2    2
  0.07529946  -0.00000000     0.00000000  -0.00000000    -0.00000000  -0.00000000
  0.00000000   0.00000000     0.07800464  -0.00000000    -0.00000000   0.02596667
 -0.00000000   0.00000000    -0.00000000  -0.02596667     0.07800464  -0.00000000
    2    3
 -0.00000000  -0.00000000     0.00000000  -0.00000000     0.00000000   0.00000000
  0.00000000  -0.00000000     0.00000000   0.04344638     0.01727891   0.00000000
  0.00000000   0.00000000     0.01727891   0.00000000    -0.00000000  -0.04344638
    2    4
 -0.00000000   0.01617340     0.00000000   0.03327940    -0.00843648  -0.00000000
 -0.00000000   0.05781685    -0.00000000   0.01617340     0.01110023   0.00000000
  0.01110023   0.00000000    -0.00843648  -0.00000000    -0.00000000  -0.00345497
    2    5
 -0.01617340   0.00000000     0.03327940  -0.00000000    -0.00000000   0.00843648
  0.05781685  -0.00000000    -0.01617340  -0.00000000     0.00000000   0.01110023
  0.00000000  -0.01110023    -0.00000000  -0.00843648     0.00345497  -0.00000000
    2    6
 -0.00000000  -0.01617340    -0.00843648   0.00000000     0.00000000  -0.03327940
  0.01110023  -0.00000000    -0.00000000   0.00345497    -0.00843648   0.00000000
 -0.00000000  -0.05781685     0.01110023  -0.00000000    -0.00000000  -0.01617340
    2    7
 -0.01617340  -0.00000000    -0.00000000  -0.00843648     0.03327940  -0.00000000
 -0.00000000   0.01110023     0.00345497   0.00000000    -0.00000000   0.00843648
  0.05781685  -0.00000000     0.00000000  -0.01110023    -0.01617340   0.00000000
    3    1
  0.00000000   0.00000000    -0.01075331   0.00000000     0.00000000   0.01075331
 -0.00667161   0.00000000     0.00000000  -0.00000000     0.00000000   0.00000000
  0.00000000   0.00667161     0.00000000  -0.00000000     0.00000000  -0.00000000
    3    2
 -0.00000000   0.00000000     0.00000000   0.00000000     0.00000000  -0.00000000
  0.00000000   0.00000000     0.00000000  -0.04344638     0.01727891  -0.00000000
  0.00000000  -0.00000000     0.01727891  -0.00000000    -0.00000000   0.04344638
    3    3
  0.07529946   0.00000000     0.00000000   0.00000000    -0.00000000   0.00000000
  0.00000000  -0.00000000     0.07800464   0.00000000    -0.00000000  -0.02596667
 -0.00000000  -0.00000000    -0.00000000   0.02596667     0.07800464   0.00000000
    3    4
 -0.01617340   0.00000000     0.03327940  -0.00000000    -0.00000000  -0.00843648
  0.05781685  -0.00000000    -0.01617340   0.00000000    -0.00000000  -0.01110023
  0.00000000   0.01110023    -0.00000000   0.00843648     0.00345497  -0.00000000
    3    5
 -0.00000000  -0.01617340     0.00000000  -0.03327940    -0.00843648   0.00000000
 -0.00000000  -0.05781685    -0.00000000  -0.01617340     0.01110023  -0.00000000
  0.01110023  -0.00000000    -0.00843648   0.00000000    -0.00000000   0.00345497
    3    6
 -0.01617340  -0.00000000    -0.00000000   0.00843648     0.03327940   0.00000000
 -0.00000000  -0.01110023     0.00345497   0.00000000    -0.00000000  -0.00843648
  0.05781685   0.00000000     0.00000000   0.01110023    -0.01617340  -0.00000000
    3    7
 -0.00000000   0.01617340    -0.00843648  -0.00000000     0.00000000   0.03327940
  0.01110023   0.00000000    -0.00000000  -0.00345497    -0.00843648  -0.00000000
 -0.00000000   0.05781685     0.01110023   0.00000000    -0.00000000   0.01617340
    4    1
 -0.00000000  -0.00000000    -0.00667161   0.00000000     0.00000000   0.00000000
 -0.01075331   0.00000000     0.00000000   0.00000000     0.00000000   0.01075331
  0.00000000   0.00000000     0.00000000   0.00667161    -0.00000000  -0.00000000
    4    2
 -0.00000000  -0.01617340    -0.00000000  -0.05781685     0.01110023  -0.00000000
  0.00000000  -0.03327940    -0.00000000  -0.01617340    -0.00843648   0.00000000
 -0.00843648   0.00000000     0.01110023  -0.00000000    -0.00000000   0.00345497
    4    3
 -0.01617340  -0.00000000     0.05781685   0.00000000     0.00000000  -0.01110023
  0.03327940   0.00000000    -0.01617340  -0.00000000    -0.00000000  -0.00843648
 -0.00000000   0.00843648    -0.00000000   0.01110023     0.00345497   0.00000000
    4    4
  0.07800464   0.00000000     0.00000000   0.00000000     0.00000000  -0.02596667
  0.00000000  -0.00000000     0.07529946  -0.00000000     0.00000000  -0.00000000
 -0.00000000   0.02596667    -0.00000000   0.00000000     0.07800464   0.00000000
    4    5
  0.00000000  -0.04344638     0.00000000   0.00000000     0.01727891   0.00000000
  0.00000000   0.00000000    -0.00000000   0.00000000     0.00000000  -0.00000000
  0.01727891   0.00000000     0.00000000  -0.00000000    -0.00000000   0.04344638
    4    6
 -0.00000000  -0.00345497     0.01110023   0.00000000    -0.00843648  -0.00000000
 -0.00843648  -0.00000000    -0.00000000   0.01617340     0.00000000   0.03327940
  0.01110023   0.00000000    -0.00000000   0.05781685    -0.00000000   0.01617340
    4    7
  0.00345497   0.00000000     0.00000000  -0.01110023     0.00000000  -0.00843648
 -0.00000000   0.00843648    -0.01617340  -0.00000000     0.03327940   0.00000000
  0.00000000   0.01110023     0.05781685   0.00000000    -0.01617340  -0.00000000
    5    1
 -0.00000000  -0.00000000     0.00000000   0.00667161     0.00000000  -0.00000000
  0.00000000   0.01075331     0.00000000   0.00000000    -0.01075331   0.00000000
  0.00000000   0.00000000    -0.00667161   0.00000000     0.00000000  -0.00000000
    5    2
 -0.01617340  -0.00000000     0.05781685   0.00000000     0.00000000   0.01110023
  0.03327940   0.00000000    -0.01617340   0.00000000    -0.00000000   0.00843648
 -0.00000000  -0.00843648    -0.00000000  -0.01110023     0.00345497  -0.00000000
    5    3
 -0.00000000   0.01617340    -0.00000000   0.05781685     0.01110023   0.00000000
  0.00000000   0.03327940    -0.00000000   0.01617340    -0.00843648  -0.00000000
 -0.00843648  -0.00000000     0.01110023   0.00000000    -0.00000000  -0.00345497
    5    4
  0.00000000   0.04344638     0.00000000  -0.00000000     0.01727891  -0.00000000
  0.00000000  -0.00000000    -0.00000000  -0.00000000     0.00000000   0.00000000
  0.01727891  -0.00000000     0.00000000   0.00000000    -0.00000000  -0.04344638
    5    5
  0.07800464  -0.00000000     0.00000000  -0.00000000     0.00000000   0.02596667
  0.00000000   0.00000000     0.07529946   0.00000000     0.00000000   0.00000000
 -0.00000000  -0.02596667    -0.00000000  -0.00000000     0.07800464   0.00000000
    5    6
  0.00345497   0.00000000    -0.00000000   0.01110023     0.00000000   0.00843648
 -0.00000000  -0.00843648    -0.01617340  -0.00000000     0.03327940  -0.00000000
  0.00000000  -0.01110023     0.05781685  -0.00000000    -0.01617340   0.00000000
    5    7
 -0.00000000   0.00345497     0.01110023  -0.00000000    -0.00843648   0.00000000
 -0.00843648   0.00000000    -0.00000000  -0.01617340     0.00000000  -0.03327940
  0.01110023  -0.00000000    -0.00000000  -0.05781685    -0.00000000  -0.01617340
    6    1
  0.00000000  -0.00000000     0.00000000  -0.00000000     0.00000000   0.00667161
  0.00000000  -0.00000000     0.00000000  -0.00000000    -0.00667161   0.00000000
  0.00000000   0.01075331    -0.01075331   0.00000000     0.00000000   0.00000000
    6    2
 -0.00000000   0.01617340     0.01110023   0.00000000    -0.00000000   0.05781685
 -0.00843648  -0.00000000    -0.00000000  -0.00345497     0.01110023   0.00000000
  0.00000000   0.03327940    -0.00843648  -0.00000000    -0.00000000   0.01617340
    6    3
 -0.01617340   0.00000000    -0.00000000   0.01110023     0.05781685  -0.00000000
 -0.00000000  -0.00843648     0.00345497  -0.00000000     0.00000000  -0.01110023
  0.03327940  -0.00000000    -0.00000000   0.00843648    -0.01617340   0.00000000
    6    4
 -0.00000000   0.00345497    -0.00843648   0.00000000     0.01110023  -0.00000000
  0.01110023  -0.00000000    -0.00000000  -0.01617340    -0.00000000  -0.05781685
 -0.00843648   0.00000000     0.00000000  -0.03327940    -0.00000000  -0.01617340
    6    5
  0.00345497   0.00000000    -0.00000000   0.00843648     0.00000000   0.01110023
 -0.00000000  -0.01110023    -0.01617340  -0.00000000     0.05781685   0.00000000
  0.00000000  -0.00843648     0.03327940  -0.00000000    -0.01617340  -0.00000000
    6    6
  0.07800464   0.00000000     0.00000000   0.02596667    -0.00000000   0.00000000
 -0.00000000  -0.02596667     0.07800464   0.00000000    -0.00000000   0.00000000
 -0.00000000  -0.00000000    -0.00000000  -0.00000000     0.07529946   0.00000000
    6    7
 -0.00000000   0.04344638     0.01727891   0.00000000     0.00000000  -0.00000000
  0.01727891   0.00000000    -0.00000000  -0.04344638     0.00000000   0.00000000
  0.00000000  -0.00000000     0.00000000   0.00000000     0.00000000   0.00000000
    7    1
  0.00000000  -0.00000000     0.00000000  -0.00000000    -0.00667161   0.00000000
  0.00000000  -0.00000000     0.00000000  -0.00000000     0.00000000   0.00667161
 -0.01075331   0.00000000     0.00000000   0.01075331     0.00000000   0.00000000
    7    2
 -0.01617340  -0.00000000    -0.00000000  -0.01110023     0.05781685   0.00000000
 -0.00000000   0.00843648     0.00345497  -0.00000000     0.00000000   0.01110023
  0.03327940   0.00000000    -0.00000000  -0.00843648    -0.01617340  -0.00000000
    7    3
 -0.00000000  -0.01617340     0.01110023  -0.00000000    -0.00000000  -0.05781685
 -0.00843648   0.00000000    -0.00000000   0.00345497     0.01110023  -0.00000000
  0.00000000  -0.03327940    -0.00843648   0.00000000    -0.00000000  -0.01617340
    7    4
  0.00345497  -0.00000000    -0.00000000  -0.00843648     0.00000000  -0.01110023
  0.00000000   0.01110023    -0.01617340   0.00000000     0.05781685  -0.00000000
  0.00000000   0.00843648     0.03327940  -0.00000000    -0.01617340   0.00000000
    7    5
 -0.00000000  -0.00345497    -0.00843648  -0.00000000     0.01110023   0.00000000
  0.01110023   0.00000000    -0.00000000   0.01617340    -0.00000000   0.05781685
 -0.00843648  -0.00000000     0.00000000   0.03327940    -0.00000000   0.01617340
    7    6
 -0.00000000  -0.04344638     0.01727891  -0.00000000     0.00000000   0.00000000
  0.01727891  -0.00000000    -0.00000000   0.04344638     0.00000000  -0.00000000
  0.00000000   0.00000000     0.00000000  -0.00000000     0.00000000  -0.00000000
    7    7
  0.07800464   0.00000000     0.00000000  -0.02596667    -0.00000000  -0.00000000
 -0.00000000   0.02596667     0.07800464  -0.00000000    -0.00000000  -0.00000000
 -0.00000000   0.00000000    -0.00000000   0.00000000     0.07529946  -0.00000000

     Dynamical  Matrix in cartesian axes

     q = (   -0.433012700  -0.433012700  -0.433012700 ) 

    1    1
  0.07069822   0.00000000     0.00000000   0.00000000     0.00000000   0.00000000
  0.00000000   0.00000000     0.07069822   0.00000000    -0.00000000   0.00000000
 -0.00000000   0.00000000    -0.00000000   0.00000000     0.07069822   0.00000000
    1    2
 -0.00000000  -0.00000000     0.00000000   0.00667161    -0.00667161  -0.00000000
  0.00000000   0.01075331     0.00000000  -0.00000000    -0.00000000  -0.00000000
 -0.01075331   0.00000000     0.00000000  -0.00000000     0.00000000  -0.00000000
    1    3
 -0.00000000  -0.00000000    -0.00667161   0.00000000     0.00000000   0.00667161
 -0.01075331   0.00000000     0.00000000   0.00000000    -0.00000000  -0.00000000
  0.00000000   0.01075331    -0.00000000  -0.00000000     0.00000000  -0.00000000
    1    4
  0.00000000  -0.00000000    -0.01075331  -0.00000000    -0.00000000  -0.00000000
 -0.00667161  -0.00000000    -0.00000000  -0.00000000    -0.00000000   0.00667161
 -0.00000000  -0.00000000    -0.00000000   0.01075331     0.00000000  -0.00000000
    1    5
  0.00000000   0.00000000     0.00000000   0.01075331     0.00000000  -0.00000000
  0.00000000   0.00667161    -0.00000000  -0.00000000    -0.00667161   0.00000000
  0.00000000  -0.00000000    -0.01075331   0.00000000     0.00000000   0.00000000
    1    6
  0.00000000  -0.00000000     0.00000000  -0.00000000     0.00000000   0.01075331
  0.00000000  -0.00000000     0.00000000  -0.00000000    -0.01075331   0.00000000
  0.00000000   0.00667161    -0.00667161   0.00000000    -0.00000000   0.00000000
    1    7
  0.00000000   0.00000000     0.00000000  -0.00000000    -0.01075331   0.00000000
  0.00000000  -0.00000000     0.00000000  -0.00000000     0.00000000   0.01075331
 -0.00667161   0.00000000     0.00000000   0.00667161    -0.00000000   0.00000000
    2    1
 -0.00000000   0.00000000     0.00000000  -0.01075331    -0.01075331  -0.00000000
  0.00000000  -0.00667161     0.00000000   0.00000000     0.00000000   0.00000000
 -0.00667161  -0.00000000     0.00000000   0.00000000     0.00000000   0.00000000
    2    2
  0.07529946   0.00000000    -0.00000000   0.00000000    -0.00000000   0.00000000
 -0.00000000   0.00000000     0.07800464   0.00000000    -0.00000000  -0.02596667
 -0.00000000  -0.00000000    -0.00000000   0.02596667     0.07800464   0.00000000
    2    3
  0.00000000   0.00000000     0.00000000   0.00000000     0.00000000  -0.00000000
  0.00000000   0.00000000     0.00000000  -0.04344638     0.01727891  -0.00000000
  0.00000000  -0.00000000     0.01727891  -0.00000000    -0.00000000   0.04344638
    2    4
 -0.00000000  -0.01617340     0.00000000  -0.03327940    -0.00843648   0.00000000
 -0.00000000  -0.05781685    -0.00000000  -0.01617340     0.01110023  -0.00000000
  0.01110023  -0.00000000    -0.00843648   0.00000000    -0.00000000   0.00345497
    2    5
 -0.01617340   0.00000000     0.03327940   0.00000000    -0.00000000  -0.00843648
  0.05781685   0.00000000    -0.01617340   0.00000000    -0.00000000  -0.01110023
 -0.00000000   0.01110023    -0.00000000   0.00843648     0.00345497  -0.00000000
    2    6
 -0.00000000   0.01617340    -0.00843648  -0.00000000     0.00000000   0.03327940
  0.01110023   0.00000000    -0.00000000  -0.00345497    -0.00843648  -0.00000000
 -0.00000000   0.05781685     0.01110023   0.00000000    -0.00000000   0.01617340
    2    7
 -0.01617340   0.00000000    -0.00000000   0.00843648     0.03327940   0.00000000
  0.00000000  -0.01110023     0.00345497   0.00000000     0.00000000  -0.00843648
  0.05781685   0.00000000     0.00000000   0.01110023    -0.01617340  -0.00000000
    3    1
 -0.00000000   0.00000000    -0.01075331  -0.00000000     0.00000000  -0.01075331
 -0.00667161   0.00000000     0.00000000   0.00000000    -0.00000000   0.00000000
  0.00000000  -0.00667161    -0.00000000   0.00000000     0.00000000   0.00000000
    3    2
  0.00000000  -0.00000000     0.00000000  -0.00000000     0.00000000   0.00000000
  0.00000000  -0.00000000     0.00000000   0.04344638     0.01727891   0.00000000
  0.00000000   0.00000000     0.01727891   0.00000000    -0.00000000  -0.04344638
    3    3
  0.07529946  -0.00000000    -0.00000000  -0.00000000    -0.00000000  -0.00000000
 -0.00000000  -0.00000000     0.07800464  -0.00000000    -0.00000000   0.02596667
 -0.00000000   0.00000000    -0.00000000  -0.02596667     0.07800464  -0.00000000
    3    4
 -0.01617340  -0.00000000     0.03327940   0.00000000    -0.00000000   0.00843648
  0.05781685   0.00000000    -0.01617340  -0.00000000    -0.00000000   0.01110023
 -0.00000000  -0.01110023    -0.00000000  -0.00843648     0.00345497   0.00000000
    3    5
 -0.00000000   0.01617340     0.00000000   0.03327940    -0.00843648  -0.00000000
 -0.00000000   0.05781685    -0.00000000   0.01617340     0.01110023   0.00000000
  0.01110023   0.00000000    -0.00843648  -0.00000000    -0.00000000  -0.00345497
    3    6
 -0.01617340   0.00000000    -0.00000000  -0.00843648     0.03327940  -0.00000000
  0.00000000   0.01110023     0.00345497   0.00000000     0.00000000   0.00843648
  0.05781685  -0.00000000     0.00000000  -0.01110023    -0.01617340   0.00000000
    3    7
 -0.00000000  -0.01617340    -0.00843648   0.00000000     0.00000000  -0.03327940
  0.01110023  -0.00000000    -0.00000000   0.00345497    -0.00843648   0.00000000
 -0.00000000  -0.05781685     0.01110023  -0.00000000    -0.00000000  -0.01617340
    4    1
  0.00000000   0.00000000    -0.00667161   0.00000000     0.00000000   0.00000000
 -0.01075331   0.00000000    -0.00000000   0.00000000    -0.00000000  -0.01075331
  0.00000000   0.00000000    -0.00000000  -0.00667161     0.00000000   0.00000000
    4    2
 -0.00000000   0.01617340    -0.00000000   0.05781685     0.01110023   0.00000000
  0.00000000   0.03327940    -0.00000000   0.01617340    -0.00843648  -0.00000000
 -0.00843648  -0.00000000     0.01110023   0.00000000    -0.00000000  -0.00345497
    4    3
 -0.01617340   0.00000000     0.05781685  -0.00000000    -0.00000000   0.01110023
  0.03327940  -0.00000000    -0.01617340   0.00000000    -0.00000000   0.00843648
 -0.00000000  -0.00843648    -0.00000000  -0.01110023     0.00345497  -0.00000000
    4    4
  0.07800464   0.00000000     0.00000000   0.00000000    -0.00000000   0.02596667
 -0.00000000  -0.00000000     0.07529946   0.00000000    -0.00000000  -0.00000000
 -0.00000000  -0.02596667    -0.00000000   0.00000000     0.07800464   0.00000000
    4    5
  0.00000000   0.04344638     0.00000000  -0.00000000     0.01727891   0.00000000
  0.00000000  -0.00000000     0.00000000  -0.00000000     0.00000000   0.00000000
  0.01727891   0.00000000     0.00000000   0.00000000    -0.00000000  -0.04344638
    4    6
 -0.00000000   0.00345497     0.01110023  -0.00000000    -0.00843648   0.00000000
 -0.00843648   0.00000000    -0.00000000  -0.01617340     0.00000000  -0.03327940
  0.01110023  -0.00000000    -0.00000000  -0.05781685    -0.00000000  -0.01617340
    4    7
  0.00345497  -0.00000000     0.00000000   0.01110023     0.00000000   0.00843648
  0.00000000  -0.00843648    -0.01617340   0.00000000     0.03327940  -0.00000000
  0.00000000  -0.01110023     0.05781685  -0.00000000    -0.01617340   0.00000000
    5    1
  0.00000000   0.00000000     0.00000000  -0.00667161     0.00000000   0.00000000
  0.00000000  -0.01075331    -0.00000000   0.00000000    -0.01075331  -0.00000000
  0.00000000   0.00000000    -0.00667161  -0.00000000     0.00000000   0.00000000
    5    2
 -0.01617340  -0.00000000     0.05781685   0.00000000    -0.00000000  -0.01110023
  0.03327940  -0.00000000    -0.01617340   0.00000000    -0.00000000  -0.00843648
 -0.00000000   0.00843648    -0.00000000   0.01110023     0.00345497   0.00000000
    5    3
 -0.00000000  -0.01617340    -0.00000000  -0.05781685     0.01110023  -0.00000000
  0.00000000  -0.03327940    -0.00000000  -0.01617340    -0.00843648   0.00000000
 -0.00843648   0.00000000     0.01110023  -0.00000000    -0.00000000   0.00345497
    5    4
  0.00000000  -0.04344638     0.00000000   0.00000000     0.01727891  -0.00000000
  0.00000000   0.00000000     0.00000000   0.00000000     0.00000000  -0.00000000
  0.01727891   0.00000000     0.00000000  -0.00000000    -0.00000000   0.04344638
    5    5
  0.07800464  -0.00000000     0.00000000  -0.00000000    -0.00000000  -0.02596667
 -0.00000000   0.00000000     0.07529946  -0.00000000    -0.00000000   0.00000000
 -0.00000000   0.02596667    -0.00000000  -0.00000000     0.07800464  -0.00000000
    5    6
  0.00345497  -0.00000000     0.00000000  -0.01110023     0.00000000  -0.00843648
  0.00000000   0.00843648    -0.01617340   0.00000000     0.03327940   0.00000000
  0.00000000   0.01110023     0.05781685   0.00000000    -0.01617340  -0.00000000
    5    7
 -0.00000000  -0.00345497     0.01110023   0.00000000    -0.00843648  -0.00000000
 -0.00843648  -0.00000000    -0.00000000   0.01617340     0.00000000   0.03327940
  0.01110023   0.00000000    -0.00000000   0.05781685    -0.00000000   0.01617340
    6    1
  0.00000000   0.00000000     0.00000000   0.00000000     0.00000000  -0.00667161
  0.00000000   0.00000000     0.00000000   0.00000000    -0.00667161   0.00000000
  0.00000000  -0.01075331    -0.01075331  -0.00000000    -0.00000000   0.00000000
    6    2
 -0.00000000  -0.01617340     0.01110023  -0.00000000    -0.00000000  -0.05781685
 -0.00843648   0.00000000    -0.00000000   0.00345497     0.01110023  -0.00000000
  0.00000000  -0.03327940    -0.00843648   0.00000000    -0.00000000  -0.01617340
    6    3
 -0.01617340  -0.00000000    -0.00000000  -0.01110023     0.05781685   0.00000000
 -0.00000000   0.00843648     0.00345497   0.00000000     0.00000000   0.01110023
  0.03327940   0.00000000     0.00000000  -0.00843648    -0.01617340  -0.00000000
    6    4
 -0.00000000  -0.00345497    -0.00843648  -0.00000000     0.01110023   0.00000000
  0.01110023   0.00000000    -0.00000000   0.01617340    -0.00000000   0.05781685
 -0.00843648  -0.00000000     0.00000000   0.03327940    -0.00000000   0.01617340
    6    5
  0.00345497   0.00000000     0.00000000  -0.00843648     0.00000000  -0.01110023
  0.00000000   0.01110023    -0.01617340   0.00000000     0.05781685  -0.00000000
  0.00000000   0.00843648     0.03327940  -0.00000000    -0.01617340   0.00000000
    6    6
  0.07800464   0.00000000    -0.00000000  -0.02596667    -0.00000000   0.00000000
 -0.00000000   0.02596667     0.07800464  -0.00000000    -0.00000000   0.00000000
 -0.00000000   0.00000000    -0.00000000   0.00000000     0.07529946  -0.00000000
    6    7
 -0.00000000  -0.04344638     0.01727891   0.00000000     0.00000000   0.00000000
  0.01727891   0.00000000    -0.00000000   0.04344638     0.00000000  -0.00000000
  0.00000000   0.00000000     0.00000000  -0.00000000     0.00000000   0.00000000
    7    1
  0.00000000   0.00000000     0.00000000   0.00000000    -0.00667161   0.00000000
  0.00000000   0.00000000     0.00000000   0.00000000     0.00000000  -0.00667161
 -0.01075331  -0.00000000     0.00000000  -0.01075331    -0.00000000   0.00000000
    7    2
 -0.01617340   0.00000000     0.00000000   0.01110023     0.05781685  -0.00000000
 -0.00000000  -0.00843648     0.00345497   0.00000000     0.00000000  -0.01110023
  0.03327940  -0.00000000     0.00000000   0.00843648    -0.01617340   0.00000000
    7    3
 -0.00000000   0.01617340     0.01110023   0.00000000    -0.00000000   0.05781685
 -0.00843648  -0.00000000    -0.00000000  -0.00345497     0.01110023   0.00000000
  0.00000000   0.03327940    -0.00843648  -0.00000000    -0.00000000   0.01617340
    7    4
  0.00345497   0.00000000     0.00000000   0.00843648     0.00000000   0.01110023
  0.00000000  -0.01110023    -0.01617340  -0.00000000     0.05781685   0.00000000
  0.00000000  -0.00843648     0.03327940   0.00000000    -0.01617340  -0.00000000
    7    5
 -0.00000000   0.00345497    -0.00843648   0.00000000     0.01110023  -0.00000000
  0.01110023  -0.00000000    -0.00000000  -0.01617340    -0.00000000  -0.05781685
 -0.00843648   0.00000000     0.00000000  -0.03327940    -0.00000000  -0.01617340
    7    6
 -0.00000000   0.04344638     0.01727891  -0.00000000     0.00000000  -0.00000000
  0.01727891  -0.00000000    -0.00000000  -0.04344638     0.00000000   0.00000000
  0.00000000  -0.00000000     0.00000000   0.00000000     0.00000000  -0.00000000
    7    7
  0.07800464   0.00000000    -0.00000000   0.02596667    -0.00000000   0.00000000
 -0.00000000  -0.02596667     0.07800464   0.00000000    -0.00000000   0.00000000
 -0.00000000   0.00000000    -0.00000000   0.00000000     0.07529946   0.00000000
