  5.000000000000000E-003   1.26088367795901        1.90067469670089     
           6

     Dynamical  Matrix in cartesian axes

     q = (    0.000000000   0.000000000   0.649519100 ) 

    1    1
  0.04143748   0.00000000     0.00000000   0.00000000    -0.00000000   0.00000000
  0.00000000   0.00000000     0.04143748   0.00000000    -0.00000000   0.00000000
 -0.00000000   0.00000000    -0.00000000   0.00000000     0.31201206   0.00000000
    1    2
  0.00475322   0.00475322     0.00000000  -0.00000000    -0.01496765   0.01496766
  0.00000000  -0.00000000    -0.00700843  -0.00700843     0.00000000   0.00000000
 -0.04503992   0.04503993     0.00000000   0.00000000    -0.01822581  -0.01822581
    1    3
 -0.00672207  -0.00000000     0.00000000  -0.00000000     0.00000000   0.02116746
  0.00000000  -0.00000000     0.00991141  -0.00000000    -0.00000000   0.00000000
  0.00000000   0.06369607    -0.00000000  -0.00000000     0.02577519  -0.00000000
    1    4
  0.00991141  -0.00000000     0.00000000  -0.00000000    -0.00000000  -0.00000000
  0.00000000  -0.00000000    -0.00672207   0.00000000     0.00000000   0.02116746
 -0.00000000  -0.00000000     0.00000000   0.06369607     0.02577519  -0.00000000
    1    5
 -0.00700843  -0.00700843     0.00000000  -0.00000000     0.00000000   0.00000000
  0.00000000   0.00000000     0.00475322   0.00475322    -0.01496765   0.01496766
  0.00000000   0.00000000    -0.04503992   0.04503993    -0.01822581  -0.01822581
    1    6
 -0.00349348   0.02357628     0.00000000  -0.00000000     0.00000000   0.00000000
  0.00000000   0.00000000    -0.01420068   0.01914121    -0.00000000   0.00000000
  0.00000000   0.00000000     0.00000000   0.00000000     0.00084702  -0.00204488
    1    7
 -0.01420068   0.01914121     0.00000000  -0.00000000     0.00000000  -0.00000000
  0.00000000  -0.00000000    -0.00349348   0.02357628    -0.00000000   0.00000000
  0.00000000   0.00000000     0.00000000  -0.00000000     0.00084702  -0.00204488
    2    1
  0.00475322  -0.00475322     0.00000000   0.00000000    -0.04503992  -0.04503993
  0.00000000   0.00000000    -0.00700843   0.00700843    -0.00000000  -0.00000000
 -0.01496765  -0.01496766     0.00000000  -0.00000000    -0.01822581   0.01822581
    2    2
  0.02381331   0.00000000     0.00000000   0.00000000    -0.00000000   0.01410739
 -0.00000000   0.00000000     0.08887339  -0.00000000    -0.00000000   0.00000000
  0.00000000  -0.01410739    -0.00000000   0.00000000     0.03135869   0.00000000
    2    3
  0.00362447  -0.00362447    -0.00000000   0.00000000     0.00409766   0.00409766
 -0.00000000   0.00000000     0.05895298  -0.05895296    -0.00000000   0.00000000
  0.00409766   0.00409766     0.00000000   0.00000000     0.00527485  -0.00527485
    2    4
  0.00116076  -0.00116076     0.00926465  -0.00926465    -0.00413178  -0.00413178
  0.06006874  -0.06006872     0.00116076  -0.00116076    -0.00358819  -0.00358819
 -0.00358819  -0.00358819    -0.00413178  -0.00413178    -0.00461114   0.00461114
    2    5
 -0.00164156  -0.00000000     0.01310219  -0.00000000    -0.00000000   0.00584321
  0.08495001   0.00000000    -0.00164156   0.00000000    -0.00000000  -0.00507446
 -0.00000000   0.00507446    -0.00000000  -0.00584321     0.00652114   0.00000000
    2    6
  0.01165849   0.00934490    -0.00000000   0.00000000     0.00189093  -0.00183747
 -0.00000000   0.00000000    -0.00084508  -0.00544957    -0.00000000  -0.00000000
  0.01827826  -0.01752530    -0.00000000   0.00000000     0.00198463  -0.00384014
    2    7
 -0.00163596   0.01485163    -0.00000000   0.00000000     0.00263638  -0.00003780
 -0.00000000  -0.00000000    -0.00325587  -0.00445099     0.00000000   0.00000000
  0.02531694  -0.00053241    -0.00000000   0.00000000    -0.00411874  -0.00131205
    3    1
 -0.00672207   0.00000000     0.00000000   0.00000000     0.00000000  -0.06369607
  0.00000000   0.00000000     0.00991141   0.00000000    -0.00000000   0.00000000
  0.00000000  -0.02116746    -0.00000000   0.00000000     0.02577519   0.00000000
    3    2
  0.00362447   0.00362447    -0.00000000  -0.00000000     0.00409766  -0.00409766
 -0.00000000  -0.00000000     0.05895298   0.05895296    -0.00000000  -0.00000000
  0.00409766  -0.00409766     0.00000000   0.00000000     0.00527485   0.00527485
    3    3
  0.02381331  -0.00000000     0.00000000  -0.00000000    -0.00000000  -0.01410739
 -0.00000000  -0.00000000     0.08887339   0.00000000    -0.00000000   0.00000000
  0.00000000   0.01410739    -0.00000000  -0.00000000     0.03135869  -0.00000000
    3    4
 -0.00164156   0.00000000     0.01310219  -0.00000000    -0.00000000  -0.00584321
  0.08495001  -0.00000000    -0.00164156   0.00000000     0.00000000   0.00507446
 -0.00000000  -0.00507446     0.00000000   0.00584321     0.00652114  -0.00000000
    3    5
  0.00116076   0.00116076     0.00926465   0.00926465    -0.00413178   0.00413178
  0.06006874   0.06006872     0.00116076   0.00116076    -0.00358819   0.00358819
 -0.00358819   0.00358819    -0.00413178   0.00413178    -0.00461114  -0.00461114
    3    6
 -0.00163596  -0.01485163     0.00000000   0.00000000     0.00263638   0.00003780
  0.00000000   0.00000000    -0.00325587   0.00445099     0.00000000   0.00000000
  0.02531694   0.00053241     0.00000000  -0.00000000    -0.00411874   0.00131205
    3    7
  0.01165849  -0.00934490    -0.00000000   0.00000000     0.00189093   0.00183747
 -0.00000000  -0.00000000    -0.00084508   0.00544957    -0.00000000   0.00000000
  0.01827826   0.01752530    -0.00000000  -0.00000000     0.00198463   0.00384014
    4    1
  0.00991141   0.00000000     0.00000000   0.00000000    -0.00000000  -0.00000000
  0.00000000   0.00000000    -0.00672207   0.00000000     0.00000000  -0.06369607
 -0.00000000  -0.00000000     0.00000000  -0.02116746     0.02577519   0.00000000
    4    2
  0.00116076   0.00116076     0.06006874   0.06006872    -0.00358819   0.00358819
  0.00926465   0.00926465     0.00116076   0.00116076    -0.00413178   0.00413178
 -0.00413178   0.00413178    -0.00358819   0.00358819    -0.00461114  -0.00461114
    4    3
 -0.00164156  -0.00000000     0.08495001   0.00000000    -0.00000000   0.00507446
  0.01310219   0.00000000    -0.00164156   0.00000000     0.00000000  -0.00584321
  0.00000000   0.00584321     0.00000000  -0.00507446     0.00652114   0.00000000
    4    4
  0.08887339   0.00000000     0.00000000  -0.00000000    -0.00000000  -0.00000000
  0.00000000   0.00000000     0.02381331   0.00000000    -0.00000000  -0.01410739
 -0.00000000  -0.00000000    -0.00000000   0.01410739     0.03135869  -0.00000000
    4    5
  0.05895298   0.05895296    -0.00000000  -0.00000000    -0.00000000  -0.00000000
 -0.00000000  -0.00000000     0.00362447   0.00362447     0.00409766  -0.00409766
 -0.00000000  -0.00000000     0.00409766  -0.00409766     0.00527485   0.00527485
    4    6
 -0.00084508   0.00544957    -0.00000000  -0.00000000    -0.00000000  -0.00000000
 -0.00000000   0.00000000     0.01165849  -0.00934490     0.00189093   0.00183747
 -0.00000000  -0.00000000     0.01827826   0.01752530     0.00198463   0.00384014
    4    7
 -0.00325587   0.00445099    -0.00000000   0.00000000    -0.00000000   0.00000000
 -0.00000000   0.00000000    -0.00163596  -0.01485163     0.00263638   0.00003780
 -0.00000000  -0.00000000     0.02531694   0.00053241    -0.00411874   0.00131205
    5    1
 -0.00700843   0.00700843     0.00000000   0.00000000     0.00000000  -0.00000000
  0.00000000   0.00000000     0.00475322  -0.00475322    -0.04503992  -0.04503993
  0.00000000  -0.00000000    -0.01496765  -0.01496766    -0.01822581   0.01822581
    5    2
 -0.00164156   0.00000000     0.08495001   0.00000000     0.00000000  -0.00507446
  0.01310219   0.00000000    -0.00164156   0.00000000     0.00000000   0.00584321
  0.00000000  -0.00584321     0.00000000   0.00507446     0.00652114   0.00000000
    5    3
  0.00116076  -0.00116076     0.06006874  -0.06006872    -0.00358819  -0.00358819
  0.00926465  -0.00926465     0.00116076  -0.00116076    -0.00413178  -0.00413178
 -0.00413178  -0.00413178    -0.00358819  -0.00358819    -0.00461114   0.00461114
    5    4
  0.05895298  -0.05895296    -0.00000000   0.00000000    -0.00000000   0.00000000
 -0.00000000   0.00000000     0.00362447  -0.00362447     0.00409766   0.00409766
 -0.00000000   0.00000000     0.00409766   0.00409766     0.00527485  -0.00527485
    5    5
  0.08887339  -0.00000000     0.00000000   0.00000000    -0.00000000   0.00000000
  0.00000000  -0.00000000     0.02381331  -0.00000000    -0.00000000   0.01410739
 -0.00000000   0.00000000    -0.00000000  -0.01410739     0.03135869   0.00000000
    5    6
 -0.00325587  -0.00445099    -0.00000000  -0.00000000     0.00000000   0.00000000
 -0.00000000   0.00000000    -0.00163596   0.01485163     0.00263638  -0.00003780
  0.00000000   0.00000000     0.02531694  -0.00053241    -0.00411874  -0.00131205
    5    7
 -0.00084508  -0.00544957    -0.00000000   0.00000000    -0.00000000   0.00000000
 -0.00000000   0.00000000     0.01165849   0.00934490     0.00189093  -0.00183747
 -0.00000000   0.00000000     0.01827826  -0.01752530     0.00198463  -0.00384014
    6    1
 -0.00349348  -0.02357628     0.00000000   0.00000000     0.00000000  -0.00000000
  0.00000000   0.00000000    -0.01420068  -0.01914121     0.00000000  -0.00000000
  0.00000000  -0.00000000     0.00000000  -0.00000000     0.00084702   0.00204488
    6    2
  0.01165849  -0.00934490    -0.00000000  -0.00000000     0.01827826   0.01752530
 -0.00000000   0.00000000    -0.00084508   0.00544957    -0.00000000  -0.00000000
  0.00189093   0.00183747    -0.00000000   0.00000000     0.00198463   0.00384014
    6    3
 -0.00163596   0.01485163    -0.00000000  -0.00000000     0.02531694  -0.00053241
 -0.00000000  -0.00000000    -0.00325587  -0.00445099     0.00000000   0.00000000
  0.00263638  -0.00003780     0.00000000  -0.00000000    -0.00411874  -0.00131205
    6    4
 -0.00084508  -0.00544957    -0.00000000  -0.00000000    -0.00000000   0.00000000
 -0.00000000   0.00000000     0.01165849   0.00934490     0.01827826  -0.01752530
 -0.00000000   0.00000000     0.00189093  -0.00183747     0.00198463  -0.00384014
    6    5
 -0.00325587   0.00445099    -0.00000000   0.00000000     0.00000000   0.00000000
 -0.00000000   0.00000000    -0.00163596  -0.01485163     0.02531694   0.00053241
  0.00000000   0.00000000     0.00263638   0.00003780    -0.00411874   0.00131205
    6    6
  0.03594447  -0.00000000     0.00000000   0.00000000    -0.00000000   0.00000000
  0.00000000   0.00000000     0.03594447   0.00000000    -0.00000000   0.00000000
 -0.00000000   0.00000000     0.00000000   0.00000000     0.02914530  -0.00000000
    6    7
  0.02361143   0.02382505     0.00000000  -0.00000000    -0.00000000  -0.00000000
  0.00000000  -0.00000000     0.02361143  -0.02382505    -0.00000000  -0.00000000
 -0.00000000   0.00000000    -0.00000000   0.00000000     0.02095800  -0.00000000
    7    1
 -0.01420068  -0.01914121     0.00000000   0.00000000     0.00000000  -0.00000000
  0.00000000   0.00000000    -0.00349348  -0.02357628     0.00000000   0.00000000
  0.00000000   0.00000000     0.00000000  -0.00000000     0.00084702   0.00204488
    7    2
 -0.00163596  -0.01485163    -0.00000000   0.00000000     0.02531694   0.00053241
 -0.00000000   0.00000000    -0.00325587   0.00445099     0.00000000   0.00000000
  0.00263638   0.00003780     0.00000000   0.00000000    -0.00411874   0.00131205
    7    3
  0.01165849   0.00934490    -0.00000000   0.00000000     0.01827826  -0.01752530
 -0.00000000  -0.00000000    -0.00084508  -0.00544957    -0.00000000   0.00000000
  0.00189093  -0.00183747    -0.00000000   0.00000000     0.00198463  -0.00384014
    7    4
 -0.00325587  -0.00445099    -0.00000000  -0.00000000     0.00000000   0.00000000
 -0.00000000  -0.00000000    -0.00163596   0.01485163     0.02531694  -0.00053241
  0.00000000  -0.00000000     0.00263638  -0.00003780    -0.00411874  -0.00131205
    7    5
 -0.00084508   0.00544957    -0.00000000   0.00000000    -0.00000000  -0.00000000
 -0.00000000  -0.00000000     0.01165849  -0.00934490     0.01827826   0.01752530
  0.00000000   0.00000000     0.00189093   0.00183747     0.00198463   0.00384014
    7    6
  0.02361143  -0.02382505     0.00000000   0.00000000    -0.00000000   0.00000000
  0.00000000   0.00000000     0.02361143   0.02382505    -0.00000000   0.00000000
 -0.00000000   0.00000000    -0.00000000   0.00000000     0.02095800   0.00000000
    7    7
  0.03594447   0.00000000     0.00000000  -0.00000000    -0.00000000   0.00000000
  0.00000000   0.00000000     0.03594447  -0.00000000    -0.00000000   0.00000000
 -0.00000000   0.00000000     0.00000000   0.00000000     0.02914530   0.00000000

     Dynamical  Matrix in cartesian axes

     q = (    0.649519100  -0.000000000   0.000000000 ) 

    1    1
  0.31201206   0.00000000     0.00000000   0.00000000    -0.00000000   0.00000000
  0.00000000   0.00000000     0.04143748   0.00000000    -0.00000000   0.00000000
 -0.00000000   0.00000000    -0.00000000   0.00000000     0.04143748   0.00000000
    1    2
  0.00084702  -0.00204488    -0.00000000  -0.00000000     0.00000000  -0.00000000
 -0.00000000  -0.00000000    -0.00349348   0.02357628     0.00000000  -0.00000000
  0.00000000  -0.00000000     0.00000000  -0.00000000    -0.01420068   0.01914121
    1    3
  0.00084702  -0.00204488     0.00000000   0.00000000     0.00000000  -0.00000000
  0.00000000   0.00000000    -0.01420068   0.01914121     0.00000000  -0.00000000
  0.00000000  -0.00000000     0.00000000  -0.00000000    -0.00349348   0.02357628
    1    4
 -0.01822581  -0.01822581    -0.04503992   0.04503993     0.00000000  -0.00000000
 -0.01496765   0.01496766     0.00475322   0.00475322     0.00000000   0.00000000
 -0.00000000  -0.00000000     0.00000000   0.00000000    -0.00700843  -0.00700843
    1    5
  0.02577519  -0.00000000     0.00000000   0.06369607    -0.00000000  -0.00000000
  0.00000000   0.02116746    -0.00672207   0.00000000    -0.00000000  -0.00000000
  0.00000000  -0.00000000    -0.00000000  -0.00000000     0.00991141  -0.00000000
    1    6
  0.02577519  -0.00000000    -0.00000000  -0.00000000     0.00000000   0.06369607
 -0.00000000  -0.00000000     0.00991141  -0.00000000     0.00000000   0.00000000
  0.00000000   0.02116746    -0.00000000   0.00000000    -0.00672207   0.00000000
    1    7
 -0.01822581  -0.01822581     0.00000000  -0.00000000    -0.04503992   0.04503993
  0.00000000  -0.00000000    -0.00700843  -0.00700843    -0.00000000  -0.00000000
 -0.01496765   0.01496766    -0.00000000  -0.00000000     0.00475322   0.00475322
    2    1
  0.00084702   0.00204488    -0.00000000   0.00000000     0.00000000   0.00000000
  0.00000000   0.00000000    -0.00349348  -0.02357628     0.00000000   0.00000000
  0.00000000   0.00000000     0.00000000   0.00000000    -0.01420068  -0.01914121
    2    2
  0.02914530  -0.00000000     0.00000000  -0.00000000     0.00000000  -0.00000000
  0.00000000  -0.00000000     0.03594447  -0.00000000    -0.00000000  -0.00000000
 -0.00000000  -0.00000000    -0.00000000  -0.00000000     0.03594447   0.00000000
    2    3
  0.02095800   0.00000000     0.00000000  -0.00000000    -0.00000000   0.00000000
  0.00000000  -0.00000000     0.02361143   0.02382505    -0.00000000   0.00000000
 -0.00000000   0.00000000    -0.00000000   0.00000000     0.02361143  -0.02382505
    2    4
  0.00198463   0.00384014     0.00189093   0.00183747    -0.00000000  -0.00000000
  0.01827826   0.01752530     0.01165849  -0.00934490     0.00000000  -0.00000000
  0.00000000  -0.00000000     0.00000000   0.00000000    -0.00084508   0.00544957
    2    5
 -0.00411874  -0.00131205     0.00263638  -0.00003780     0.00000000   0.00000000
  0.02531694  -0.00053241    -0.00163596   0.01485163     0.00000000   0.00000000
  0.00000000   0.00000000     0.00000000   0.00000000    -0.00325587  -0.00445099
    2    6
  0.00198463  -0.00384014     0.00000000   0.00000000     0.00189093  -0.00183747
 -0.00000000   0.00000000    -0.00084508  -0.00544957    -0.00000000  -0.00000000
  0.01827826  -0.01752530    -0.00000000  -0.00000000     0.01165849   0.00934490
    2    7
 -0.00411874   0.00131205    -0.00000000   0.00000000     0.00263638   0.00003780
 -0.00000000  -0.00000000    -0.00325587   0.00445099     0.00000000   0.00000000
  0.02531694   0.00053241    -0.00000000   0.00000000    -0.00163596  -0.01485163
    3    1
  0.00084702   0.00204488     0.00000000   0.00000000    -0.00000000   0.00000000
 -0.00000000   0.00000000    -0.01420068  -0.01914121     0.00000000   0.00000000
  0.00000000   0.00000000     0.00000000   0.00000000    -0.00349348  -0.02357628
    3    2
  0.02095800  -0.00000000     0.00000000   0.00000000    -0.00000000  -0.00000000
  0.00000000   0.00000000     0.02361143  -0.02382505    -0.00000000  -0.00000000
 -0.00000000  -0.00000000    -0.00000000  -0.00000000     0.02361143   0.02382505
    3    3
  0.02914530   0.00000000     0.00000000   0.00000000     0.00000000   0.00000000
  0.00000000   0.00000000     0.03594447   0.00000000    -0.00000000   0.00000000
 -0.00000000   0.00000000    -0.00000000   0.00000000     0.03594447  -0.00000000
    3    4
 -0.00411874   0.00131205     0.00263638   0.00003780     0.00000000   0.00000000
  0.02531694   0.00053241    -0.00163596  -0.01485163     0.00000000  -0.00000000
  0.00000000  -0.00000000     0.00000000  -0.00000000    -0.00325587   0.00445099
    3    5
  0.00198463  -0.00384014     0.00189093  -0.00183747    -0.00000000   0.00000000
  0.01827826  -0.01752530     0.01165849   0.00934490     0.00000000   0.00000000
 -0.00000000   0.00000000     0.00000000  -0.00000000    -0.00084508  -0.00544957
    3    6
 -0.00411874  -0.00131205     0.00000000   0.00000000     0.00263638  -0.00003780
 -0.00000000   0.00000000    -0.00325587  -0.00445099     0.00000000  -0.00000000
  0.02531694  -0.00053241     0.00000000  -0.00000000    -0.00163596   0.01485163
    3    7
  0.00198463   0.00384014     0.00000000  -0.00000000     0.00189093   0.00183747
 -0.00000000  -0.00000000    -0.00084508   0.00544957    -0.00000000  -0.00000000
  0.01827826   0.01752530    -0.00000000   0.00000000     0.01165849  -0.00934490
    4    1
 -0.01822581   0.01822581    -0.01496765  -0.01496766     0.00000000  -0.00000000
 -0.04503992  -0.04503993     0.00475322  -0.00475322    -0.00000000  -0.00000000
 -0.00000000  -0.00000000     0.00000000  -0.00000000    -0.00700843   0.00700843
    4    2
  0.00198463  -0.00384014     0.01827826  -0.01752530     0.00000000   0.00000000
  0.00189093  -0.00183747     0.01165849   0.00934490     0.00000000   0.00000000
  0.00000000   0.00000000     0.00000000   0.00000000    -0.00084508  -0.00544957
    4    3
 -0.00411874  -0.00131205     0.02531694  -0.00053241    -0.00000000   0.00000000
  0.00263638  -0.00003780    -0.00163596   0.01485163    -0.00000000   0.00000000
  0.00000000   0.00000000     0.00000000   0.00000000    -0.00325587  -0.00445099
    4    4
  0.03135869   0.00000000     0.00000000  -0.01410739    -0.00000000  -0.00000000
  0.00000000   0.01410739     0.02381331  -0.00000000    -0.00000000  -0.00000000
 -0.00000000   0.00000000    -0.00000000   0.00000000     0.08887339  -0.00000000
    4    5
  0.00527485  -0.00527485     0.00409766   0.00409766    -0.00000000   0.00000000
  0.00409766   0.00409766     0.00362447  -0.00362447    -0.00000000   0.00000000
 -0.00000000   0.00000000    -0.00000000   0.00000000     0.05895298  -0.05895296
    4    6
 -0.00461114   0.00461114    -0.00358819  -0.00358819    -0.00413178  -0.00413178
 -0.00413178  -0.00413178     0.00116076  -0.00116076     0.00926465  -0.00926465
 -0.00358819  -0.00358819     0.06006874  -0.06006872     0.00116076  -0.00116076
    4    7
  0.00652114  -0.00000000    -0.00000000   0.00507446    -0.00000000  -0.00584321
 -0.00000000   0.00584321    -0.00164156   0.00000000     0.01310219  -0.00000000
  0.00000000  -0.00507446     0.08495001  -0.00000000    -0.00164156   0.00000000
    5    1
  0.02577519   0.00000000     0.00000000  -0.02116746    -0.00000000  -0.00000000
  0.00000000  -0.06369607    -0.00672207  -0.00000000    -0.00000000   0.00000000
 -0.00000000   0.00000000    -0.00000000  -0.00000000     0.00991141   0.00000000
    5    2
 -0.00411874   0.00131205     0.02531694   0.00053241     0.00000000   0.00000000
  0.00263638   0.00003780    -0.00163596  -0.01485163     0.00000000   0.00000000
  0.00000000  -0.00000000     0.00000000  -0.00000000    -0.00325587   0.00445099
    5    3
  0.00198463   0.00384014     0.01827826   0.01752530    -0.00000000  -0.00000000
  0.00189093   0.00183747     0.01165849  -0.00934490    -0.00000000  -0.00000000
 -0.00000000   0.00000000    -0.00000000   0.00000000    -0.00084508   0.00544957
    5    4
  0.00527485   0.00527485     0.00409766  -0.00409766    -0.00000000  -0.00000000
  0.00409766  -0.00409766     0.00362447   0.00362447    -0.00000000  -0.00000000
 -0.00000000  -0.00000000    -0.00000000  -0.00000000     0.05895298   0.05895296
    5    5
  0.03135869  -0.00000000     0.00000000   0.01410739    -0.00000000   0.00000000
  0.00000000  -0.01410739     0.02381331   0.00000000    -0.00000000   0.00000000
 -0.00000000  -0.00000000    -0.00000000  -0.00000000     0.08887339   0.00000000
    5    6
  0.00652114   0.00000000    -0.00000000  -0.00507446    -0.00000000   0.00584321
 -0.00000000  -0.00584321    -0.00164156  -0.00000000     0.01310219   0.00000000
 -0.00000000   0.00507446     0.08495001   0.00000000    -0.00164156  -0.00000000
    5    7
 -0.00461114  -0.00461114    -0.00358819   0.00358819    -0.00413178   0.00413178
 -0.00413178   0.00413178     0.00116076   0.00116076     0.00926465   0.00926465
 -0.00358819   0.00358819     0.06006874   0.06006872     0.00116076   0.00116076
    6    1
  0.02577519   0.00000000    -0.00000000   0.00000000     0.00000000  -0.02116746
 -0.00000000   0.00000000     0.00991141   0.00000000    -0.00000000  -0.00000000
  0.00000000  -0.06369607     0.00000000   0.00000000    -0.00672207  -0.00000000
    6    2
  0.00198463   0.00384014    -0.00000000  -0.00000000     0.01827826   0.01752530
 -0.00000000  -0.00000000    -0.00084508   0.00544957    -0.00000000   0.00000000
  0.00189093   0.00183747    -0.00000000   0.00000000     0.01165849  -0.00934490
    6    3
 -0.00411874   0.00131205    -0.00000000  -0.00000000     0.02531694   0.00053241
  0.00000000  -0.00000000    -0.00325587   0.00445099     0.00000000   0.00000000
  0.00263638   0.00003780    -0.00000000   0.00000000    -0.00163596  -0.01485163
    6    4
 -0.00461114  -0.00461114    -0.00413178   0.00413178    -0.00358819   0.00358819
 -0.00358819   0.00358819     0.00116076   0.00116076     0.06006874   0.06006872
 -0.00413178   0.00413178     0.00926465   0.00926465     0.00116076   0.00116076
    6    5
  0.00652114  -0.00000000    -0.00000000   0.00584321    -0.00000000  -0.00507446
 -0.00000000   0.00507446    -0.00164156   0.00000000     0.08495001  -0.00000000
 -0.00000000  -0.00584321     0.01310219  -0.00000000    -0.00164156   0.00000000
    6    6
  0.03135869   0.00000000    -0.00000000  -0.00000000    -0.00000000   0.01410739
 -0.00000000   0.00000000     0.08887339   0.00000000    -0.00000000   0.00000000
 -0.00000000  -0.01410739    -0.00000000   0.00000000     0.02381331  -0.00000000
    6    7
  0.00527485   0.00527485    -0.00000000   0.00000000     0.00409766  -0.00409766
 -0.00000000  -0.00000000     0.05895298   0.05895296    -0.00000000  -0.00000000
  0.00409766  -0.00409766    -0.00000000  -0.00000000     0.00362447   0.00362447
    7    1
 -0.01822581   0.01822581     0.00000000   0.00000000    -0.01496765  -0.01496766
  0.00000000  -0.00000000    -0.00700843   0.00700843    -0.00000000   0.00000000
 -0.04503992  -0.04503993    -0.00000000   0.00000000     0.00475322  -0.00475322
    7    2
 -0.00411874  -0.00131205    -0.00000000   0.00000000     0.02531694  -0.00053241
  0.00000000   0.00000000    -0.00325587  -0.00445099     0.00000000  -0.00000000
  0.00263638  -0.00003780    -0.00000000  -0.00000000    -0.00163596   0.01485163
    7    3
  0.00198463  -0.00384014    -0.00000000   0.00000000     0.01827826  -0.01752530
 -0.00000000   0.00000000    -0.00084508  -0.00544957    -0.00000000   0.00000000
  0.00189093  -0.00183747    -0.00000000   0.00000000     0.01165849   0.00934490
    7    4
  0.00652114   0.00000000     0.00000000  -0.00584321    -0.00000000   0.00507446
 -0.00000000  -0.00507446    -0.00164156  -0.00000000     0.08495001   0.00000000
 -0.00000000   0.00584321     0.01310219   0.00000000    -0.00164156  -0.00000000
    7    5
 -0.00461114   0.00461114    -0.00413178  -0.00413178    -0.00358819  -0.00358819
 -0.00358819  -0.00358819     0.00116076  -0.00116076     0.06006874  -0.06006872
 -0.00413178  -0.00413178     0.00926465  -0.00926465     0.00116076  -0.00116076
    7    6
  0.00527485  -0.00527485    -0.00000000   0.00000000     0.00409766   0.00409766
 -0.00000000   0.00000000     0.05895298  -0.05895296    -0.00000000   0.00000000
  0.00409766   0.00409766    -0.00000000   0.00000000     0.00362447  -0.00362447
    7    7
  0.03135869  -0.00000000    -0.00000000   0.00000000    -0.00000000  -0.01410739
 -0.00000000  -0.00000000     0.08887339  -0.00000000    -0.00000000   0.00000000
 -0.00000000   0.01410739    -0.00000000  -0.00000000     0.02381331   0.00000000

     Dynamical  Matrix in cartesian axes

     q = (   -0.649519100  -0.000000000  -0.000000000 ) 

    1    1
  0.31201206   0.00000000     0.00000000   0.00000000    -0.00000000   0.00000000
  0.00000000   0.00000000     0.04143748   0.00000000     0.00000000   0.00000000
 -0.00000000   0.00000000     0.00000000   0.00000000     0.04143748   0.00000000
    1    2
  0.00084702   0.00204488    -0.00000000  -0.00000000     0.00000000   0.00000000
 -0.00000000   0.00000000    -0.00349348  -0.02357628     0.00000000   0.00000000
  0.00000000   0.00000000     0.00000000   0.00000000    -0.01420068  -0.01914121
    1    3
  0.00084702   0.00204488     0.00000000   0.00000000    -0.00000000   0.00000000
  0.00000000   0.00000000    -0.01420068  -0.01914121     0.00000000   0.00000000
  0.00000000   0.00000000     0.00000000   0.00000000    -0.00349348  -0.02357628
    1    4
 -0.01822581   0.01822581    -0.04503992  -0.04503993     0.00000000   0.00000000
 -0.01496765  -0.01496766     0.00475322  -0.00475322     0.00000000  -0.00000000
 -0.00000000  -0.00000000    -0.00000000  -0.00000000    -0.00700843   0.00700843
    1    5
  0.02577519   0.00000000     0.00000000  -0.06369607    -0.00000000   0.00000000
  0.00000000  -0.02116746    -0.00672207   0.00000000    -0.00000000   0.00000000
 -0.00000000   0.00000000    -0.00000000   0.00000000     0.00991141   0.00000000
    1    6
  0.02577519   0.00000000     0.00000000   0.00000000     0.00000000  -0.06369607
 -0.00000000   0.00000000     0.00991141   0.00000000    -0.00000000   0.00000000
  0.00000000  -0.02116746     0.00000000   0.00000000    -0.00672207   0.00000000
    1    7
 -0.01822581   0.01822581     0.00000000   0.00000000    -0.04503992  -0.04503993
  0.00000000   0.00000000    -0.00700843   0.00700843    -0.00000000  -0.00000000
 -0.01496765  -0.01496766    -0.00000000   0.00000000     0.00475322  -0.00475322
    2    1
  0.00084702  -0.00204488    -0.00000000  -0.00000000     0.00000000  -0.00000000
 -0.00000000   0.00000000    -0.00349348   0.02357628     0.00000000  -0.00000000
  0.00000000  -0.00000000     0.00000000  -0.00000000    -0.01420068   0.01914121
    2    2
  0.02914530  -0.00000000     0.00000000  -0.00000000     0.00000000   0.00000000
  0.00000000  -0.00000000     0.03594447   0.00000000    -0.00000000   0.00000000
 -0.00000000   0.00000000    -0.00000000   0.00000000     0.03594447  -0.00000000
    2    3
  0.02095800   0.00000000    -0.00000000   0.00000000    -0.00000000  -0.00000000
  0.00000000   0.00000000     0.02361143  -0.02382505    -0.00000000  -0.00000000
 -0.00000000  -0.00000000    -0.00000000  -0.00000000     0.02361143   0.02382505
    2    4
  0.00198463  -0.00384014     0.00189093  -0.00183747     0.00000000   0.00000000
  0.01827826  -0.01752530     0.01165849   0.00934490     0.00000000   0.00000000
  0.00000000   0.00000000     0.00000000   0.00000000    -0.00084508  -0.00544957
    2    5
 -0.00411874   0.00131205     0.00263638   0.00003780     0.00000000   0.00000000
  0.02531694   0.00053241    -0.00163596  -0.01485163     0.00000000   0.00000000
  0.00000000  -0.00000000     0.00000000   0.00000000    -0.00325587   0.00445099
    2    6
  0.00198463   0.00384014    -0.00000000   0.00000000     0.00189093   0.00183747
 -0.00000000  -0.00000000    -0.00084508   0.00544957    -0.00000000   0.00000000
  0.01827826   0.01752530    -0.00000000   0.00000000     0.01165849  -0.00934490
    2    7
 -0.00411874  -0.00131205    -0.00000000   0.00000000     0.00263638  -0.00003780
 -0.00000000   0.00000000    -0.00325587  -0.00445099    -0.00000000  -0.00000000
  0.02531694  -0.00053241     0.00000000  -0.00000000    -0.00163596   0.01485163
    3    1
  0.00084702  -0.00204488     0.00000000  -0.00000000     0.00000000  -0.00000000
  0.00000000  -0.00000000    -0.01420068   0.01914121     0.00000000  -0.00000000
 -0.00000000  -0.00000000     0.00000000  -0.00000000    -0.00349348   0.02357628
    3    2
  0.02095800  -0.00000000    -0.00000000  -0.00000000    -0.00000000   0.00000000
  0.00000000  -0.00000000     0.02361143   0.02382505    -0.00000000   0.00000000
 -0.00000000   0.00000000    -0.00000000   0.00000000     0.02361143  -0.02382505
    3    3
  0.02914530   0.00000000     0.00000000   0.00000000     0.00000000  -0.00000000
  0.00000000   0.00000000     0.03594447  -0.00000000    -0.00000000  -0.00000000
 -0.00000000  -0.00000000    -0.00000000  -0.00000000     0.03594447   0.00000000
    3    4
 -0.00411874  -0.00131205     0.00263638  -0.00003780     0.00000000   0.00000000
  0.02531694  -0.00053241    -0.00163596   0.01485163     0.00000000   0.00000000
 -0.00000000   0.00000000    -0.00000000   0.00000000    -0.00325587  -0.00445099
    3    5
  0.00198463   0.00384014     0.00189093   0.00183747    -0.00000000  -0.00000000
  0.01827826   0.01752530     0.01165849  -0.00934490     0.00000000  -0.00000000
  0.00000000  -0.00000000     0.00000000  -0.00000000    -0.00084508   0.00544957
    3    6
 -0.00411874   0.00131205     0.00000000  -0.00000000     0.00263638   0.00003780
 -0.00000000  -0.00000000    -0.00325587   0.00445099    -0.00000000   0.00000000
  0.02531694   0.00053241     0.00000000   0.00000000    -0.00163596  -0.01485163
    3    7
  0.00198463  -0.00384014    -0.00000000  -0.00000000     0.00189093  -0.00183747
 -0.00000000   0.00000000    -0.00084508  -0.00544957    -0.00000000  -0.00000000
  0.01827826  -0.01752530    -0.00000000  -0.00000000     0.01165849   0.00934490
    4    1
 -0.01822581  -0.01822581    -0.01496765   0.01496766     0.00000000   0.00000000
 -0.04503992   0.04503993     0.00475322   0.00475322     0.00000000  -0.00000000
 -0.00000000  -0.00000000     0.00000000   0.00000000    -0.00700843  -0.00700843
    4    2
  0.00198463   0.00384014     0.01827826   0.01752530    -0.00000000   0.00000000
  0.00189093   0.00183747     0.01165849  -0.00934490    -0.00000000  -0.00000000
 -0.00000000  -0.00000000     0.00000000   0.00000000    -0.00084508   0.00544957
    4    3
 -0.00411874   0.00131205     0.02531694   0.00053241     0.00000000  -0.00000000
  0.00263638   0.00003780    -0.00163596  -0.01485163     0.00000000  -0.00000000
  0.00000000  -0.00000000     0.00000000   0.00000000    -0.00325587   0.00445099
    4    4
  0.03135869  -0.00000000     0.00000000   0.01410739    -0.00000000  -0.00000000
  0.00000000  -0.01410739     0.02381331  -0.00000000    -0.00000000  -0.00000000
 -0.00000000  -0.00000000    -0.00000000  -0.00000000     0.08887339   0.00000000
    4    5
  0.00527485   0.00527485     0.00409766  -0.00409766    -0.00000000  -0.00000000
  0.00409766  -0.00409766     0.00362447   0.00362447    -0.00000000  -0.00000000
 -0.00000000  -0.00000000    -0.00000000  -0.00000000     0.05895298   0.05895296
    4    6
 -0.00461114  -0.00461114    -0.00358819   0.00358819    -0.00413178   0.00413178
 -0.00413178   0.00413178     0.00116076   0.00116076     0.00926465   0.00926465
 -0.00358819   0.00358819     0.06006874   0.06006872     0.00116076   0.00116076
    4    7
  0.00652114  -0.00000000    -0.00000000  -0.00507446     0.00000000   0.00584321
 -0.00000000  -0.00584321    -0.00164156  -0.00000000     0.01310219  -0.00000000
  0.00000000   0.00507446     0.08495001  -0.00000000    -0.00164156   0.00000000
    5    1
  0.02577519  -0.00000000     0.00000000   0.02116746    -0.00000000  -0.00000000
  0.00000000   0.06369607    -0.00672207  -0.00000000    -0.00000000  -0.00000000
 -0.00000000  -0.00000000    -0.00000000  -0.00000000     0.00991141  -0.00000000
    5    2
 -0.00411874  -0.00131205     0.02531694  -0.00053241     0.00000000   0.00000000
  0.00263638  -0.00003780    -0.00163596   0.01485163     0.00000000   0.00000000
  0.00000000  -0.00000000     0.00000000   0.00000000    -0.00325587  -0.00445099
    5    3
  0.00198463  -0.00384014     0.01827826  -0.01752530    -0.00000000   0.00000000
  0.00189093  -0.00183747     0.01165849   0.00934490    -0.00000000   0.00000000
 -0.00000000   0.00000000     0.00000000   0.00000000    -0.00084508  -0.00544957
    5    4
  0.00527485  -0.00527485     0.00409766   0.00409766    -0.00000000   0.00000000
  0.00409766   0.00409766     0.00362447  -0.00362447    -0.00000000   0.00000000
 -0.00000000   0.00000000    -0.00000000   0.00000000     0.05895298  -0.05895296
    5    5
  0.03135869   0.00000000     0.00000000  -0.01410739    -0.00000000   0.00000000
  0.00000000   0.01410739     0.02381331   0.00000000    -0.00000000   0.00000000
 -0.00000000   0.00000000    -0.00000000   0.00000000     0.08887339  -0.00000000
    5    6
  0.00652114   0.00000000    -0.00000000   0.00507446     0.00000000  -0.00584321
 -0.00000000   0.00584321    -0.00164156  -0.00000000     0.01310219   0.00000000
  0.00000000  -0.00507446     0.08495001   0.00000000    -0.00164156   0.00000000
    5    7
 -0.00461114   0.00461114    -0.00358819  -0.00358819    -0.00413178  -0.00413178
 -0.00413178  -0.00413178     0.00116076  -0.00116076     0.00926465  -0.00926465
 -0.00358819  -0.00358819     0.06006874  -0.06006872     0.00116076  -0.00116076
    6    1
  0.02577519  -0.00000000    -0.00000000  -0.00000000     0.00000000   0.02116746
 -0.00000000  -0.00000000     0.00991141  -0.00000000     0.00000000  -0.00000000
  0.00000000   0.06369607     0.00000000  -0.00000000    -0.00672207   0.00000000
    6    2
  0.00198463  -0.00384014    -0.00000000   0.00000000     0.01827826  -0.01752530
 -0.00000000   0.00000000    -0.00084508  -0.00544957    -0.00000000   0.00000000
  0.00189093  -0.00183747    -0.00000000  -0.00000000     0.01165849   0.00934490
    6    3
 -0.00411874  -0.00131205    -0.00000000  -0.00000000     0.02531694  -0.00053241
 -0.00000000   0.00000000    -0.00325587  -0.00445099    -0.00000000  -0.00000000
  0.00263638  -0.00003780    -0.00000000  -0.00000000    -0.00163596   0.01485163
    6    4
 -0.00461114   0.00461114    -0.00413178  -0.00413178    -0.00358819  -0.00358819
 -0.00358819  -0.00358819     0.00116076  -0.00116076     0.06006874  -0.06006872
 -0.00413178  -0.00413178     0.00926465  -0.00926465     0.00116076  -0.00116076
    6    5
  0.00652114  -0.00000000    -0.00000000  -0.00584321     0.00000000   0.00507446
 -0.00000000  -0.00507446    -0.00164156  -0.00000000     0.08495001  -0.00000000
  0.00000000   0.00584321     0.01310219  -0.00000000    -0.00164156   0.00000000
    6    6
  0.03135869   0.00000000    -0.00000000   0.00000000    -0.00000000  -0.01410739
 -0.00000000   0.00000000     0.08887339  -0.00000000    -0.00000000   0.00000000
 -0.00000000   0.01410739    -0.00000000   0.00000000     0.02381331   0.00000000
    6    7
  0.00527485  -0.00527485    -0.00000000  -0.00000000     0.00409766   0.00409766
 -0.00000000   0.00000000     0.05895298  -0.05895296     0.00000000   0.00000000
  0.00409766   0.00409766    -0.00000000  -0.00000000     0.00362447  -0.00362447
    7    1
 -0.01822581  -0.01822581     0.00000000  -0.00000000    -0.01496765   0.01496766
  0.00000000   0.00000000    -0.00700843  -0.00700843    -0.00000000  -0.00000000
 -0.04503992   0.04503993    -0.00000000  -0.00000000     0.00475322   0.00475322
    7    2
 -0.00411874   0.00131205    -0.00000000   0.00000000     0.02531694   0.00053241
 -0.00000000  -0.00000000    -0.00325587   0.00445099     0.00000000   0.00000000
  0.00263638   0.00003780     0.00000000   0.00000000    -0.00163596  -0.01485163
    7    3
  0.00198463   0.00384014    -0.00000000  -0.00000000     0.01827826   0.01752530
 -0.00000000   0.00000000    -0.00084508   0.00544957    -0.00000000   0.00000000
  0.00189093   0.00183747    -0.00000000   0.00000000     0.01165849  -0.00934490
    7    4
  0.00652114   0.00000000    -0.00000000   0.00584321     0.00000000  -0.00507446
 -0.00000000   0.00507446    -0.00164156  -0.00000000     0.08495001   0.00000000
  0.00000000  -0.00584321     0.01310219   0.00000000    -0.00164156  -0.00000000
    7    5
 -0.00461114  -0.00461114    -0.00413178   0.00413178    -0.00358819   0.00358819
 -0.00358819   0.00358819     0.00116076   0.00116076     0.06006874   0.06006872
 -0.00413178   0.00413178     0.00926465   0.00926465     0.00116076   0.00116076
    7    6
  0.00527485   0.00527485    -0.00000000   0.00000000     0.00409766  -0.00409766
 -0.00000000   0.00000000     0.05895298   0.05895296     0.00000000   0.00000000
  0.00409766  -0.00409766    -0.00000000   0.00000000     0.00362447   0.00362447
    7    7
  0.03135869  -0.00000000    -0.00000000  -0.00000000    -0.00000000   0.01410739
 -0.00000000  -0.00000000     0.08887339   0.00000000    -0.00000000  -0.00000000
 -0.00000000  -0.01410739    -0.00000000  -0.00000000     0.02381331  -0.00000000

     Dynamical  Matrix in cartesian axes

     q = (   -0.000000000   0.649519100   0.000000000 ) 

    1    1
  0.04143748   0.00000000    -0.00000000   0.00000000    -0.00000000   0.00000000
 -0.00000000   0.00000000     0.31201206   0.00000000     0.00000000   0.00000000
 -0.00000000   0.00000000     0.00000000   0.00000000     0.04143748   0.00000000
    1    2
 -0.00672207   0.00000000     0.00000000   0.02116746     0.00000000  -0.00000000
  0.00000000   0.06369607     0.02577519  -0.00000000     0.00000000   0.00000000
  0.00000000  -0.00000000    -0.00000000   0.00000000     0.00991141  -0.00000000
    1    3
  0.00475322   0.00475322    -0.01496765   0.01496766     0.00000000  -0.00000000
 -0.04503992   0.04503993    -0.01822581  -0.01822581     0.00000000  -0.00000000
 -0.00000000   0.00000000     0.00000000  -0.00000000    -0.00700843  -0.00700843
    1    4
 -0.01420068   0.01914121     0.00000000   0.00000000     0.00000000  -0.00000000
  0.00000000  -0.00000000     0.00084702  -0.00204488     0.00000000  -0.00000000
  0.00000000  -0.00000000     0.00000000  -0.00000000    -0.00349348   0.02357628
    1    5
 -0.00349348   0.02357628     0.00000000   0.00000000     0.00000000   0.00000000
  0.00000000   0.00000000     0.00084702  -0.00204488     0.00000000   0.00000000
  0.00000000  -0.00000000     0.00000000  -0.00000000    -0.01420068   0.01914121
    1    6
 -0.00700843  -0.00700843     0.00000000  -0.00000000     0.00000000  -0.00000000
  0.00000000  -0.00000000    -0.01822581  -0.01822581    -0.04503992   0.04503993
 -0.00000000   0.00000000    -0.01496765   0.01496766     0.00475322   0.00475322
    1    7
  0.00991141  -0.00000000     0.00000000   0.00000000     0.00000000  -0.00000000
 -0.00000000  -0.00000000     0.02577519  -0.00000000     0.00000000   0.06369607
