  3.000000000000000E-002   1.26007061404212        2.36059544634539     
          24

     Dynamical  Matrix in cartesian axes

     q = (    0.433012702   0.216506351   0.216506351 ) 

    1    1
  0.11928148   0.00000000     0.00477210   0.00000000     0.00477210   0.00000000
  0.00477210   0.00000000     0.04685489   0.00000000     0.01370945   0.00000000
  0.00477210   0.00000000     0.01370945   0.00000000     0.04685489   0.00000000
    1    2
 -0.00000000   0.02303503     0.01576286  -0.00539335    -0.01576286  -0.00539335
 -0.00099389  -0.00834754     0.00526332  -0.00072021    -0.00936840  -0.00549570
  0.00099389  -0.00834754     0.00936840  -0.00549570    -0.00526332  -0.00072021
    1    3
 -0.00000000   0.02303503    -0.01576286  -0.00539335     0.01576286  -0.00539335
  0.00099389  -0.00834754    -0.00526332  -0.00072021     0.00936840  -0.00549570
 -0.00099389  -0.00834754    -0.00936840  -0.00549570     0.00526332  -0.00072021
    1    4
 -0.01546833  -0.00305168    -0.00599331   0.01326232    -0.00112024  -0.00515251
 -0.00642194  -0.00381011     0.00963946   0.00116394     0.00835928  -0.00866367
 -0.00413984  -0.00036280     0.01546487   0.01390190     0.01058430   0.00122810
    1    5
  0.01546833  -0.00305168     0.00599331   0.01326232     0.00112024  -0.00515251
  0.00642194  -0.00381011    -0.00963946   0.00116394    -0.00835928  -0.00866367
  0.00413984  -0.00036280    -0.01546487   0.01390190    -0.01058430   0.00122810
    1    6
  0.01546833  -0.00305168     0.00112024  -0.00515251     0.00599331   0.01326232
  0.00413984  -0.00036280    -0.01058430   0.00122810    -0.01546487   0.01390190
  0.00642194  -0.00381011    -0.00835928  -0.00866367    -0.00963946   0.00116394
    1    7
 -0.01546833  -0.00305168    -0.00112024  -0.00515251    -0.00599331   0.01326232
 -0.00413984  -0.00036280     0.01058430   0.00122810     0.01546487   0.01390190
 -0.00642194  -0.00381011     0.00835928  -0.00866367     0.00963946   0.00116394
    2    1
 -0.00000000  -0.02303503    -0.00099389   0.00834754     0.00099389   0.00834754
  0.01576286   0.00539335     0.00526332   0.00072021     0.00936840   0.00549570
 -0.01576286   0.00539335    -0.00936840   0.00549570    -0.00526332   0.00072021
    2    2
  0.06825432  -0.00000000     0.00275209   0.00710299     0.00275209  -0.00710299
  0.00275209  -0.00710299     0.03473792   0.00000000     0.00397468  -0.00066026
  0.00275209   0.00710299     0.00397468   0.00066026     0.03473792  -0.00000000
    2    3
  0.01152645   0.00000000    -0.00010139   0.00161567    -0.00010139  -0.00161567
 -0.00010139   0.00161567    -0.01147669   0.01167576    -0.00012994   0.00000000
 -0.00010139  -0.00161567    -0.00012994   0.00000000    -0.01147669  -0.01167576
    2    4
 -0.00443065   0.02326069    -0.00079897   0.01954494     0.00589243  -0.00493958
 -0.00293665   0.01978575     0.00611080   0.01707927    -0.00713086   0.00914624
 -0.00097826   0.00349511    -0.00072144   0.00579453     0.00951880   0.01129160
    2    5
 -0.02028044   0.00056059     0.00855431  -0.00977148     0.00318126   0.00039713
  0.02359009   0.00628139    -0.01119336   0.00903237     0.00740804  -0.00304904
  0.00122151   0.00277693    -0.00026184   0.00526923    -0.00592587  -0.00055148
    2    6
 -0.00443065  -0.02326069     0.00589243   0.00493958    -0.00079897  -0.01954494
 -0.00097826  -0.00349511     0.00951880  -0.01129160    -0.00072144  -0.00579453
 -0.00293665  -0.01978575    -0.00713086  -0.00914624     0.00611080  -0.01707927
    2    7
 -0.02028044  -0.00056059     0.00318126  -0.00039713     0.00855431   0.00977148
  0.00122151  -0.00277693    -0.00592587   0.00055148    -0.00026184  -0.00526923
  0.02359009  -0.00628139     0.00740804   0.00304904    -0.01119336  -0.00903237
    3    1
 -0.00000000  -0.02303503     0.00099389   0.00834754    -0.00099389   0.00834754
 -0.01576286   0.00539335    -0.00526332   0.00072021    -0.00936840   0.00549570
  0.01576286   0.00539335     0.00936840   0.00549570     0.00526332   0.00072021
    3    2
  0.01152645  -0.00000000    -0.00010139  -0.00161567    -0.00010139   0.00161567
 -0.00010139  -0.00161567    -0.01147669  -0.01167576    -0.00012994  -0.00000000
 -0.00010139   0.00161567    -0.00012994  -0.00000000    -0.01147669   0.01167576
    3    3
  0.06825432   0.00000000     0.00275209  -0.00710299     0.00275209   0.00710299
  0.00275209   0.00710299     0.03473792  -0.00000000     0.00397468   0.00066026
  0.00275209  -0.00710299     0.00397468  -0.00066026     0.03473792   0.00000000
    3    4
 -0.02028044  -0.00056059     0.00855431   0.00977148     0.00318126  -0.00039713
  0.02359009  -0.00628139    -0.01119336  -0.00903237     0.00740804   0.00304904
  0.00122151  -0.00277693    -0.00026184  -0.00526923    -0.00592587   0.00055148
    3    5
 -0.00443065  -0.02326069    -0.00079897  -0.01954494     0.00589243   0.00493958
 -0.00293665  -0.01978575     0.00611080  -0.01707927    -0.00713086  -0.00914624
 -0.00097826  -0.00349511    -0.00072144  -0.00579453     0.00951880  -0.01129160
    3    6
 -0.02028044   0.00056059     0.00318126   0.00039713     0.00855431  -0.00977148
  0.00122151   0.00277693    -0.00592587  -0.00055148    -0.00026184   0.00526923
  0.02359009   0.00628139     0.00740804  -0.00304904    -0.01119336   0.00903237
    3    7
 -0.00443065   0.02326069     0.00589243  -0.00493958    -0.00079897   0.01954494
 -0.00097826   0.00349511     0.00951880   0.01129160    -0.00072144   0.00579453
 -0.00293665   0.01978575    -0.00713086   0.00914624     0.00611080   0.01707927
    4    1
 -0.01546833   0.00305168    -0.00642194   0.00381011    -0.00413984   0.00036280
 -0.00599331  -0.01326232     0.00963946  -0.00116394     0.01546487  -0.01390190
 -0.00112024   0.00515251     0.00835928   0.00866367     0.01058430  -0.00122810
    4    2
 -0.00443065  -0.02326069    -0.00293665  -0.01978575    -0.00097826  -0.00349511
 -0.00079897  -0.01954494     0.00611080  -0.01707927    -0.00072144  -0.00579453
  0.00589243   0.00493958    -0.00713086  -0.00914624     0.00951880  -0.01129160
    4    3
 -0.02028044   0.00056059     0.02359009   0.00628139     0.00122151   0.00277693
  0.00855431  -0.00977148    -0.01119336   0.00903237    -0.00026184   0.00526923
  0.00318126   0.00039713     0.00740804  -0.00304904    -0.00592587  -0.00055148
    4    4
  0.04433488   0.00000000     0.00357480  -0.00674280     0.00523486   0.00310066
  0.00357480   0.00674280     0.03853907   0.00000000     0.00356677   0.00086539
  0.00523486  -0.00310066     0.00356677  -0.00086539     0.04231023   0.00000000
    4    5
  0.00028835  -0.00385667     0.00329151  -0.00199712    -0.00406967  -0.01178605
  0.00329151  -0.00199712     0.00637410   0.01558351     0.00535987   0.00340774
 -0.00406967  -0.01178605     0.00535987   0.00340774    -0.02205382  -0.00477915
    4    6
  0.00042638   0.00566847    -0.00606854  -0.00706027    -0.01070941   0.00018591
 -0.01070941   0.00018591    -0.00951181  -0.00483943    -0.01415980  -0.00992925
 -0.00606854  -0.00706027    -0.03380575  -0.00420210    -0.00951181  -0.00483943
    4    7
 -0.00022920   0.00000000     0.00113353   0.01107828    -0.00450159  -0.00479414
 -0.00450159   0.00479414    -0.01096074  -0.00680885    -0.00261744  -0.00000000
  0.00113353  -0.01107828     0.02769399   0.00000000    -0.01096074   0.00680885
    5    1
  0.01546833   0.00305168     0.00642194   0.00381011     0.00413984   0.00036280
  0.00599331  -0.01326232    -0.00963946  -0.00116394    -0.01546487  -0.01390190
  0.00112024   0.00515251    -0.00835928   0.00866367    -0.01058430  -0.00122810
    5    2
 -0.02028044  -0.00056059     0.02359009  -0.00628139     0.00122151  -0.00277693
  0.00855431   0.00977148    -0.01119336  -0.00903237    -0.00026184  -0.00526923
  0.00318126  -0.00039713     0.00740804   0.00304904    -0.00592587   0.00055148
    5    3
 -0.00443065   0.02326069    -0.00293665   0.01978575    -0.00097826   0.00349511
 -0.00079897   0.01954494     0.00611080   0.01707927    -0.00072144   0.00579453
  0.00589243  -0.00493958    -0.00713086   0.00914624     0.00951880   0.01129160
    5    4
  0.00028835   0.00385667     0.00329151   0.00199712    -0.00406967   0.01178605
  0.00329151   0.00199712     0.00637410  -0.01558351     0.00535987  -0.00340774
 -0.00406967   0.01178605     0.00535987  -0.00340774    -0.02205382   0.00477915
    5    5
  0.04433488  -0.00000000     0.00357480   0.00674280     0.00523486  -0.00310066
  0.00357480  -0.00674280     0.03853907  -0.00000000     0.00356677  -0.00086539
  0.00523486   0.00310066     0.00356677   0.00086539     0.04231023  -0.00000000
    5    6
 -0.00022920   0.00000000     0.00113353  -0.01107828    -0.00450159   0.00479414
 -0.00450159  -0.00479414    -0.01096074   0.00680885    -0.00261744  -0.00000000
  0.00113353   0.01107828     0.02769399   0.00000000    -0.01096074  -0.00680885
    5    7
  0.00042638  -0.00566847    -0.00606854   0.00706027    -0.01070941  -0.00018591
 -0.01070941  -0.00018591    -0.00951181   0.00483943    -0.01415980   0.00992925
 -0.00606854   0.00706027    -0.03380575   0.00420210    -0.00951181   0.00483943
    6    1
  0.01546833   0.00305168     0.00413984   0.00036280     0.00642194   0.00381011
  0.00112024   0.00515251    -0.01058430  -0.00122810    -0.00835928   0.00866367
  0.00599331  -0.01326232    -0.01546487  -0.01390190    -0.00963946  -0.00116394
    6    2
 -0.00443065   0.02326069    -0.00097826   0.00349511    -0.00293665   0.01978575
  0.00589243  -0.00493958     0.00951880   0.01129160    -0.00713086   0.00914624
 -0.00079897   0.01954494    -0.00072144   0.00579453     0.00611080   0.01707927
    6    3
 -0.02028044  -0.00056059     0.00122151  -0.00277693     0.02359009  -0.00628139
  0.00318126  -0.00039713    -0.00592587   0.00055148     0.00740804   0.00304904
  0.00855431   0.00977148    -0.00026184  -0.00526923    -0.01119336  -0.00903237
    6    4
  0.00042638  -0.00566847    -0.01070941  -0.00018591    -0.00606854   0.00706027
 -0.00606854   0.00706027    -0.00951181   0.00483943    -0.03380575   0.00420210
 -0.01070941  -0.00018591    -0.01415980   0.00992925    -0.00951181   0.00483943
    6    5
 -0.00022920   0.00000000    -0.00450159   0.00479414     0.00113353  -0.01107828
  0.00113353   0.01107828    -0.01096074  -0.00680885     0.02769399  -0.00000000
 -0.00450159  -0.00479414    -0.00261744  -0.00000000    -0.01096074   0.00680885
    6    6
  0.04433488   0.00000000     0.00523486  -0.00310066     0.00357480   0.00674280
  0.00523486   0.00310066     0.04231023   0.00000000     0.00356677   0.00086539
  0.00357480  -0.00674280     0.00356677  -0.00086539     0.03853907   0.00000000
    6    7
  0.00028835   0.00385667    -0.00406967   0.01178605     0.00329151   0.00199712
 -0.00406967   0.01178605    -0.02205382   0.00477915     0.00535987  -0.00340774
  0.00329151   0.00199712     0.00535987  -0.00340774     0.00637410  -0.01558351
    7    1
 -0.01546833   0.00305168    -0.00413984   0.00036280    -0.00642194   0.00381011
 -0.00112024   0.00515251     0.01058430  -0.00122810     0.00835928   0.00866367
 -0.00599331  -0.01326232     0.01546487  -0.01390190     0.00963946  -0.00116394
    7    2
 -0.02028044   0.00056059     0.00122151   0.00277693     0.02359009   0.00628139
  0.00318126   0.00039713    -0.00592587  -0.00055148     0.00740804  -0.00304904
  0.00855431  -0.00977148    -0.00026184   0.00526923    -0.01119336   0.00903237
    7    3
 -0.00443065  -0.02326069    -0.00097826  -0.00349511    -0.00293665  -0.01978575
  0.00589243   0.00493958     0.00951880  -0.01129160    -0.00713086  -0.00914624
 -0.00079897  -0.01954494    -0.00072144  -0.00579453     0.00611080  -0.01707927
    7    4
 -0.00022920  -0.00000000    -0.00450159  -0.00479414     0.00113353   0.01107828
  0.00113353  -0.01107828    -0.01096074   0.00680885     0.02769399  -0.00000000
 -0.00450159   0.00479414    -0.00261744   0.00000000    -0.01096074  -0.00680885
    7    5
  0.00042638   0.00566847    -0.01070941   0.00018591    -0.00606854  -0.00706027
 -0.00606854  -0.00706027    -0.00951181  -0.00483943    -0.03380575  -0.00420210
 -0.01070941   0.00018591    -0.01415980  -0.00992925    -0.00951181  -0.00483943
    7    6
  0.00028835  -0.00385667    -0.00406967  -0.01178605     0.00329151  -0.00199712
 -0.00406967  -0.01178605    -0.02205382  -0.00477915     0.00535987   0.00340774
  0.00329151  -0.00199712     0.00535987   0.00340774     0.00637410   0.01558351
    7    7
  0.04433488  -0.00000000     0.00523486   0.00310066     0.00357480  -0.00674280
  0.00523486  -0.00310066     0.04231023  -0.00000000     0.00356677  -0.00086539
  0.00357480   0.00674280     0.00356677   0.00086539     0.03853907  -0.00000000

     Dynamical  Matrix in cartesian axes

     q = (   -0.433012702   0.216506351   0.216506351 ) 

    1    1
  0.11928148  -0.00000000    -0.00477210   0.00000000    -0.00477210   0.00000000
 -0.00477210   0.00000000     0.04685489  -0.00000000     0.01370945   0.00000000
 -0.00477210   0.00000000     0.01370945  -0.00000000     0.04685489   0.00000000
    1    2
 -0.02303503   0.00000000    -0.00539335   0.01576286    -0.00539335  -0.01576286
 -0.00834754  -0.00099389     0.00072021  -0.00526332     0.00549570   0.00936840
 -0.00834754   0.00099389     0.00549570  -0.00936840     0.00072021   0.00526332
    1    3
 -0.02303503  -0.00000000    -0.00539335  -0.01576286    -0.00539335   0.01576286
 -0.00834754   0.00099389     0.00072021   0.00526332     0.00549570  -0.00936840
 -0.00834754  -0.00099389     0.00549570   0.00936840     0.00072021  -0.00526332
    1    4
  0.01546833   0.00305168    -0.00599331   0.01326232    -0.00112024  -0.00515251
 -0.00642194  -0.00381011    -0.00963946  -0.00116394    -0.00835928   0.00866367
 -0.00413984  -0.00036280    -0.01546487  -0.01390190    -0.01058430  -0.00122810
    1    5
  0.01546833  -0.00305168    -0.00599331  -0.01326232    -0.00112024   0.00515251
 -0.00642194   0.00381011    -0.00963946   0.00116394    -0.00835928  -0.00866367
 -0.00413984   0.00036280    -0.01546487   0.01390190    -0.01058430   0.00122810
    1    6
  0.01546833  -0.00305168    -0.00112024   0.00515251    -0.00599331  -0.01326232
 -0.00413984   0.00036280    -0.01058430   0.00122810    -0.01546487   0.01390190
 -0.00642194   0.00381011    -0.00835928  -0.00866367    -0.00963946   0.00116394
    1    7
  0.01546833   0.00305168    -0.00112024  -0.00515251    -0.00599331   0.01326232
 -0.00413984  -0.00036280    -0.01058430  -0.00122810    -0.01546487  -0.01390190
 -0.00642194  -0.00381011    -0.00835928   0.00866367    -0.00963946  -0.00116394
    2    1
 -0.02303503  -0.00000000    -0.00834754   0.00099389    -0.00834754  -0.00099389
 -0.00539335  -0.01576286     0.00072021   0.00526332     0.00549570   0.00936840
 -0.00539335   0.01576286     0.00549570  -0.00936840     0.00072021  -0.00526332
    2    2
  0.06825432  -0.00000000    -0.00275209   0.00710299    -0.00275209  -0.00710299
 -0.00275209  -0.00710299     0.03473792  -0.00000000     0.00397468   0.00066026
 -0.00275209   0.00710299     0.00397468  -0.00066026     0.03473792  -0.00000000
    2    3
  0.01152645   0.00000000     0.00010139   0.00161567     0.00010139  -0.00161567
  0.00010139   0.00161567    -0.01147669  -0.01167576    -0.00012994  -0.00000000
  0.00010139  -0.00161567    -0.00012994  -0.00000000    -0.01147669   0.01167576
    2    4
  0.00056059  -0.02028044     0.00977148  -0.00855431    -0.00039713  -0.00318126
 -0.00628139  -0.02359009     0.00903237  -0.01119336    -0.00304904   0.00740804
 -0.00277693  -0.00122151     0.00526923  -0.00026184    -0.00055148  -0.00592587
    2    5
 -0.02326069   0.00443065     0.01954494  -0.00079897    -0.00493958   0.00589243
  0.01978575  -0.00293665    -0.01707927  -0.00611080    -0.00914624   0.00713086
  0.00349511  -0.00097826    -0.00579453   0.00072144    -0.01129160  -0.00951880
    2    6
  0.00056059   0.02028044    -0.00039713   0.00318126     0.00977148   0.00855431
 -0.00277693   0.00122151    -0.00055148   0.00592587     0.00526923   0.00026184
 -0.00628139   0.02359009    -0.00304904  -0.00740804     0.00903237   0.01119336
    2    7
 -0.02326069  -0.00443065    -0.00493958  -0.00589243     0.01954494   0.00079897
  0.00349511   0.00097826    -0.01129160   0.00951880    -0.00579453  -0.00072144
  0.01978575   0.00293665    -0.00914624  -0.00713086    -0.01707927   0.00611080
    3    1
 -0.02303503   0.00000000    -0.00834754  -0.00099389    -0.00834754   0.00099389
 -0.00539335   0.01576286     0.00072021  -0.00526332     0.00549570  -0.00936840
 -0.00539335  -0.01576286     0.00549570   0.00936840     0.00072021   0.00526332
    3    2
  0.01152645  -0.00000000     0.00010139  -0.00161567     0.00010139   0.00161567
  0.00010139  -0.00161567    -0.01147669   0.01167576    -0.00012994   0.00000000
  0.00010139   0.00161567    -0.00012994   0.00000000    -0.01147669  -0.01167576
    3    3
  0.06825432   0.00000000    -0.00275209  -0.00710299    -0.00275209   0.00710299
 -0.00275209   0.00710299     0.03473792   0.00000000     0.00397468  -0.00066026
 -0.00275209  -0.00710299     0.00397468   0.00066026     0.03473792  -0.00000000
    3    4
 -0.02326069  -0.00443065     0.01954494   0.00079897    -0.00493958  -0.00589243
  0.01978575   0.00293665    -0.01707927   0.00611080    -0.00914624  -0.00713086
  0.00349511   0.00097826    -0.00579453  -0.00072144    -0.01129160   0.00951880
    3    5
  0.00056059   0.02028044     0.00977148   0.00855431    -0.00039713   0.00318126
 -0.00628139   0.02359009     0.00903237   0.01119336    -0.00304904  -0.00740804
 -0.00277693   0.00122151     0.00526923   0.00026184    -0.00055148   0.00592587
    3    6
 -0.02326069   0.00443065    -0.00493958   0.00589243     0.01954494  -0.00079897
  0.00349511  -0.00097826    -0.01129160  -0.00951880    -0.00579453   0.00072144
  0.01978575  -0.00293665    -0.00914624   0.00713086    -0.01707927  -0.00611080
    3    7
  0.00056059  -0.02028044    -0.00039713  -0.00318126     0.00977148  -0.00855431
 -0.00277693  -0.00122151    -0.00055148  -0.00592587     0.00526923  -0.00026184
 -0.00628139  -0.02359009    -0.00304904   0.00740804     0.00903237  -0.01119336
    4    1
  0.01546833  -0.00305168    -0.00642194   0.00381011    -0.00413984   0.00036280
 -0.00599331  -0.01326232    -0.00963946   0.00116394    -0.01546487   0.01390190
 -0.00112024   0.00515251    -0.00835928  -0.00866367    -0.01058430   0.00122810
    4    2
  0.00056059   0.02028044    -0.00628139   0.02359009    -0.00277693   0.00122151
  0.00977148   0.00855431     0.00903237   0.01119336     0.00526923   0.00026184
 -0.00039713   0.00318126    -0.00304904  -0.00740804    -0.00055148   0.00592587
    4    3
 -0.02326069   0.00443065     0.01978575  -0.00293665     0.00349511  -0.00097826
  0.01954494  -0.00079897    -0.01707927  -0.00611080    -0.00579453   0.00072144
 -0.00493958   0.00589243    -0.00914624   0.00713086    -0.01129160  -0.00951880
    4    4
  0.04433488  -0.00000000    -0.00357480   0.00674280    -0.00523486  -0.00310066
 -0.00357480  -0.00674280     0.03853907  -0.00000000     0.00356677   0.00086539
 -0.00523486   0.00310066     0.00356677  -0.00086539     0.04231023   0.00000000
    4    5
 -0.00028835   0.00385667     0.00329151  -0.00199712    -0.00406967  -0.01178605
  0.00329151  -0.00199712    -0.00637410  -0.01558351    -0.00535987  -0.00340774
 -0.00406967  -0.01178605    -0.00535987  -0.00340774     0.02205382   0.00477915
    4    6
 -0.00042638  -0.00566847    -0.00606854  -0.00706027    -0.01070941   0.00018591
 -0.01070941   0.00018591     0.00951181   0.00483943     0.01415980   0.00992925
 -0.00606854  -0.00706027     0.03380575   0.00420210     0.00951181   0.00483943
    4    7
 -0.00022920  -0.00000000    -0.00113353  -0.01107828     0.00450159   0.00479414
  0.00450159  -0.00479414    -0.01096074  -0.00680885    -0.00261744   0.00000000
 -0.00113353   0.01107828     0.02769399  -0.00000000    -0.01096074   0.00680885
    5    1
  0.01546833   0.00305168    -0.00642194  -0.00381011    -0.00413984  -0.00036280
 -0.00599331   0.01326232    -0.00963946  -0.00116394    -0.01546487  -0.01390190
 -0.00112024  -0.00515251    -0.00835928   0.00866367    -0.01058430  -0.00122810
    5    2
 -0.02326069  -0.00443065     0.01978575   0.00293665     0.00349511   0.00097826
  0.01954494   0.00079897    -0.01707927   0.00611080    -0.00579453  -0.00072144
 -0.00493958  -0.00589243    -0.00914624  -0.00713086    -0.01129160   0.00951880
    5    3
  0.00056059  -0.02028044    -0.00628139  -0.02359009    -0.00277693  -0.00122151
  0.00977148  -0.00855431     0.00903237  -0.01119336     0.00526923  -0.00026184
 -0.00039713  -0.00318126    -0.00304904   0.00740804    -0.00055148  -0.00592587
    5    4
 -0.00028835  -0.00385667     0.00329151   0.00199712    -0.00406967   0.01178605
  0.00329151   0.00199712    -0.00637410   0.01558351    -0.00535987   0.00340774
 -0.00406967   0.01178605    -0.00535987   0.00340774     0.02205382  -0.00477915
    5    5
  0.04433488   0.00000000    -0.00357480  -0.00674280    -0.00523486   0.00310066
 -0.00357480   0.00674280     0.03853907   0.00000000     0.00356677  -0.00086539
 -0.00523486  -0.00310066     0.00356677   0.00086539     0.04231023  -0.00000000
    5    6
 -0.00022920   0.00000000    -0.00113353   0.01107828     0.00450159  -0.00479414
  0.00450159   0.00479414    -0.01096074   0.00680885    -0.00261744   0.00000000
 -0.00113353  -0.01107828     0.02769399   0.00000000    -0.01096074  -0.00680885
    5    7
 -0.00042638   0.00566847    -0.00606854   0.00706027    -0.01070941  -0.00018591
 -0.01070941  -0.00018591     0.00951181  -0.00483943     0.01415980  -0.00992925
 -0.00606854   0.00706027     0.03380575  -0.00420210     0.00951181  -0.00483943
    6    1
  0.01546833   0.00305168    -0.00413984  -0.00036280    -0.00642194  -0.00381011
 -0.00112024  -0.00515251    -0.01058430  -0.00122810    -0.00835928   0.00866367
 -0.00599331   0.01326232    -0.01546487  -0.01390190    -0.00963946  -0.00116394
    6    2
  0.00056059  -0.02028044    -0.00277693  -0.00122151    -0.00628139  -0.02359009
 -0.00039713  -0.00318126    -0.00055148  -0.00592587    -0.00304904   0.00740804
  0.00977148  -0.00855431     0.00526923  -0.00026184     0.00903237  -0.01119336
    6    3
 -0.02326069  -0.00443065     0.00349511   0.00097826     0.01978575   0.00293665
 -0.00493958  -0.00589243    -0.01129160   0.00951880    -0.00914624  -0.00713086
  0.01954494   0.00079897    -0.00579453  -0.00072144    -0.01707927   0.00611080
    6    4
 -0.00042638   0.00566847    -0.01070941  -0.00018591    -0.00606854   0.00706027
 -0.00606854   0.00706027     0.00951181  -0.00483943     0.03380575  -0.00420210
 -0.01070941  -0.00018591     0.01415980  -0.00992925     0.00951181  -0.00483943
    6    5
 -0.00022920   0.00000000     0.00450159  -0.00479414    -0.00113353   0.01107828
 -0.00113353  -0.01107828    -0.01096074  -0.00680885     0.02769399  -0.00000000
  0.00450159   0.00479414    -0.00261744  -0.00000000    -0.01096074   0.00680885
    6    6
  0.04433488   0.00000000    -0.00523486   0.00310066    -0.00357480  -0.00674280
 -0.00523486  -0.00310066     0.04231023  -0.00000000     0.00356677   0.00086539
 -0.00357480   0.00674280     0.00356677  -0.00086539     0.03853907   0.00000000
    6    7
 -0.00028835  -0.00385667    -0.00406967   0.01178605     0.00329151   0.00199712
 -0.00406967   0.01178605     0.02205382  -0.00477915    -0.00535987   0.00340774
  0.00329151   0.00199712    -0.00535987   0.00340774    -0.00637410   0.01558351
    7    1
  0.01546833  -0.00305168    -0.00413984   0.00036280    -0.00642194   0.00381011
 -0.00112024   0.00515251    -0.01058430   0.00122810    -0.00835928  -0.00866367
 -0.00599331  -0.01326232    -0.01546487   0.01390190    -0.00963946   0.00116394
    7    2
 -0.02326069   0.00443065     0.00349511  -0.00097826     0.01978575  -0.00293665
 -0.00493958   0.00589243    -0.01129160  -0.00951880    -0.00914624   0.00713086
  0.01954494  -0.00079897    -0.00579453   0.00072144    -0.01707927  -0.00611080
    7    3
  0.00056059   0.02028044    -0.00277693   0.00122151    -0.00628139   0.02359009
 -0.00039713   0.00318126    -0.00055148   0.00592587    -0.00304904  -0.00740804
  0.00977148   0.00855431     0.00526923   0.00026184     0.00903237   0.01119336
    7    4
 -0.00022920  -0.00000000     0.00450159   0.00479414    -0.00113353  -0.01107828
 -0.00113353   0.01107828    -0.01096074   0.00680885     0.02769399   0.00000000
  0.00450159  -0.00479414    -0.00261744   0.00000000    -0.01096074  -0.00680885
    7    5
 -0.00042638  -0.00566847    -0.01070941   0.00018591    -0.00606854  -0.00706027
 -0.00606854  -0.00706027     0.00951181   0.00483943     0.03380575   0.00420210
 -0.01070941   0.00018591     0.01415980   0.00992925     0.00951181   0.00483943
    7    6
 -0.00028835   0.00385667    -0.00406967  -0.01178605     0.00329151  -0.00199712
 -0.00406967  -0.01178605     0.02205382   0.00477915    -0.00535987  -0.00340774
  0.00329151  -0.00199712    -0.00535987  -0.00340774    -0.00637410  -0.01558351
    7    7
  0.04433488  -0.00000000    -0.00523486  -0.00310066    -0.00357480   0.00674280
 -0.00523486   0.00310066     0.04231023   0.00000000     0.00356677  -0.00086539
 -0.00357480  -0.00674280     0.00356677   0.00086539     0.03853907  -0.00000000

     Dynamical  Matrix in cartesian axes

     q = (    0.216506351  -0.433012702   0.216506351 ) 

    1    1
  0.04685489  -0.00000000    -0.00477210   0.00000000     0.01370945   0.00000000
 -0.00477210   0.00000000     0.11928148  -0.00000000    -0.00477210   0.00000000
  0.01370945   0.00000000    -0.00477210   0.00000000     0.04685489   0.00000000
    1    2
 -0.00963946   0.00116394    -0.00642194   0.00381011    -0.00835928  -0.00866367
 -0.00599331  -0.01326232     0.01546833  -0.00305168    -0.00112024   0.00515251
 -0.01546487   0.01390190    -0.00413984   0.00036280    -0.01058430   0.00122810
    1    3
 -0.00963946  -0.00116394    -0.00642194  -0.00381011    -0.00835928   0.00866367
 -0.00599331   0.01326232     0.01546833   0.00305168    -0.00112024  -0.00515251
 -0.01546487  -0.01390190    -0.00413984  -0.00036280    -0.01058430  -0.00122810
    1    4
  0.00072021   0.00526332    -0.00834754   0.00099389     0.00549570  -0.00936840
 -0.00539335  -0.01576286    -0.02303503   0.00000000    -0.00539335   0.01576286
  0.00549570   0.00936840    -0.00834754  -0.00099389     0.00072021  -0.00526332
    1    5
  0.00072021  -0.00526332    -0.00834754  -0.00099389     0.00549570   0.00936840
 -0.00539335   0.01576286    -0.02303503  -0.00000000    -0.00539335  -0.01576286
  0.00549570  -0.00936840    -0.00834754   0.00099389     0.00072021   0.00526332
    1    6
 -0.01058430  -0.00122810    -0.00413984  -0.00036280    -0.01546487  -0.01390190
 -0.00112024  -0.00515251     0.01546833   0.00305168    -0.00599331   0.01326232
 -0.00835928   0.00866367    -0.00642194  -0.00381011    -0.00963946  -0.00116394
    1    7
 -0.01058430   0.00122810    -0.00413984   0.00036280    -0.01546487   0.01390190
 -0.00112024   0.00515251     0.01546833  -0.00305168    -0.00599331  -0.01326232
 -0.00835928  -0.00866367    -0.00642194   0.00381011    -0.00963946   0.00116394
    2    1
 -0.00963946  -0.00116394    -0.00599331   0.01326232    -0.01546487  -0.01390190
 -0.00642194  -0.00381011     0.01546833   0.00305168    -0.00413984  -0.00036280
 -0.00835928   0.00866367    -0.00112024  -0.00515251    -0.01058430  -0.00122810
    2    2
  0.03853907   0.00000000    -0.00357480   0.00674280     0.00356677  -0.00086539
 -0.00357480  -0.00674280     0.04433488   0.00000000    -0.00523486   0.00310066
  0.00356677   0.00086539    -0.00523486  -0.00310066     0.04231023  -0.00000000
    2    3
 -0.00637410   0.01558351     0.00329151   0.00199712    -0.00535987   0.00340774
  0.00329151   0.00199712    -0.00028835  -0.00385667    -0.00406967   0.01178605
 -0.00535987   0.00340774    -0.00406967   0.01178605     0.02205382  -0.00477915
    2    4
  0.00903237  -0.01119336     0.00977148  -0.00855431     0.00526923  -0.00026184
 -0.00628139  -0.02359009     0.00056059  -0.02028044    -0.00277693  -0.00122151
 -0.00304904   0.00740804    -0.00039713  -0.00318126    -0.00055148  -0.00592587
    2    5
 -0.01707927   0.00611080     0.01954494   0.00079897    -0.00579453  -0.00072144
  0.01978575   0.00293665    -0.02326069  -0.00443065     0.00349511   0.00097826
 -0.00914624  -0.00713086    -0.00493958  -0.00589243    -0.01129160   0.00951880
    2    6
  0.00951181  -0.00483943    -0.01070941  -0.00018591     0.01415980  -0.00992925
 -0.00606854   0.00706027    -0.00042638   0.00566847    -0.01070941  -0.00018591
  0.03380575  -0.00420210    -0.00606854   0.00706027     0.00951181  -0.00483943
    2    7
 -0.01096074   0.00680885     0.00450159   0.00479414    -0.00261744   0.00000000
 -0.00113353   0.01107828    -0.00022920   0.00000000     0.00450159  -0.00479414
  0.02769399   0.00000000    -0.00113353  -0.01107828    -0.01096074  -0.00680885
    3    1
 -0.00963946   0.00116394    -0.00599331  -0.01326232    -0.01546487   0.01390190
 -0.00642194   0.00381011     0.01546833  -0.00305168    -0.00413984   0.00036280
 -0.00835928  -0.00866367    -0.00112024   0.00515251    -0.01058430   0.00122810
    3    2
 -0.00637410  -0.01558351     0.00329151  -0.00199712    -0.00535987  -0.00340774
  0.00329151  -0.00199712    -0.00028835   0.00385667    -0.00406967  -0.01178605
 -0.00535987  -0.00340774    -0.00406967  -0.01178605     0.02205382   0.00477915
    3    3
  0.03853907  -0.00000000    -0.00357480  -0.00674280     0.00356677   0.00086539
 -0.00357480   0.00674280     0.04433488  -0.00000000    -0.00523486  -0.00310066
  0.00356677  -0.00086539    -0.00523486   0.00310066     0.04231023   0.00000000
    3    4
 -0.01707927  -0.00611080     0.01954494  -0.00079897    -0.00579453   0.00072144
  0.01978575  -0.00293665    -0.02326069   0.00443065     0.00349511  -0.00097826
 -0.00914624   0.00713086    -0.00493958   0.00589243    -0.01129160  -0.00951880
    3    5
  0.00903237   0.01119336     0.00977148   0.00855431     0.00526923   0.00026184
 -0.00628139   0.02359009     0.00056059   0.02028044    -0.00277693   0.00122151
 -0.00304904  -0.00740804    -0.00039713   0.00318126    -0.00055148   0.00592587
    3    6
 -0.01096074  -0.00680885     0.00450159  -0.00479414    -0.00261744  -0.00000000
 -0.00113353  -0.01107828    -0.00022920  -0.00000000     0.00450159   0.00479414
  0.02769399   0.00000000    -0.00113353   0.01107828    -0.01096074   0.00680885
    3    7
  0.00951181   0.00483943    -0.01070941   0.00018591     0.01415980   0.00992925
 -0.00606854  -0.00706027    -0.00042638  -0.00566847    -0.01070941   0.00018591
  0.03380575   0.00420210    -0.00606854  -0.00706027     0.00951181   0.00483943
    4    1
  0.00072021  -0.00526332    -0.00539335   0.01576286     0.00549570  -0.00936840
 -0.00834754  -0.00099389    -0.02303503   0.00000000    -0.00834754   0.00099389
  0.00549570   0.00936840    -0.00539335  -0.01576286     0.00072021   0.00526332
    4    2
  0.00903237   0.01119336    -0.00628139   0.02359009    -0.00304904  -0.00740804
  0.00977148   0.00855431     0.00056059   0.02028044    -0.00039713   0.00318126
  0.00526923   0.00026184    -0.00277693   0.00122151    -0.00055148   0.00592587
    4    3
 -0.01707927   0.00611080     0.01978575   0.00293665    -0.00914624  -0.00713086
  0.01954494   0.00079897    -0.02326069  -0.00443065    -0.00493958  -0.00589243
 -0.00579453  -0.00072144     0.00349511   0.00097826    -0.01129160   0.00951880
    4    4
  0.03473792  -0.00000000    -0.00275209   0.00710299     0.00397468  -0.00066026
 -0.00275209  -0.00710299     0.06825432   0.00000000    -0.00275209   0.00710299
  0.00397468   0.00066026    -0.00275209  -0.00710299     0.03473792  -0.00000000
    4    5
 -0.01147669   0.01167576     0.00010139  -0.00161567    -0.00012994   0.00000000
  0.00010139  -0.00161567     0.01152645   0.00000000     0.00010139   0.00161567
 -0.00012994   0.00000000     0.00010139   0.00161567    -0.01147669  -0.01167576
    4    6
 -0.00055148  -0.00592587    -0.00277693  -0.00122151     0.00526923  -0.00026184
 -0.00039713  -0.00318126     0.00056059  -0.02028044     0.00977148  -0.00855431
 -0.00304904   0.00740804    -0.00628139  -0.02359009     0.00903237  -0.01119336
    4    7
 -0.01129160  -0.00951880     0.00349511  -0.00097826    -0.00579453   0.00072144
 -0.00493958   0.00589243    -0.02326069   0.00443065     0.01954494  -0.00079897
 -0.00914624   0.00713086     0.01978575  -0.00293665    -0.01707927  -0.00611080
    5    1
  0.00072021   0.00526332    -0.00539335  -0.01576286     0.00549570   0.00936840
 -0.00834754   0.00099389    -0.02303503   0.00000000    -0.00834754  -0.00099389
  0.00549570  -0.00936840    -0.00539335   0.01576286     0.00072021  -0.00526332
    5    2
 -0.01707927  -0.00611080     0.01978575  -0.00293665    -0.00914624   0.00713086
  0.01954494  -0.00079897    -0.02326069   0.00443065    -0.00493958   0.00589243
 -0.00579453   0.00072144     0.00349511  -0.00097826    -0.01129160  -0.00951880
    5    3
  0.00903237  -0.01119336    -0.00628139  -0.02359009    -0.00304904   0.00740804
  0.00977148  -0.00855431     0.00056059  -0.02028044    -0.00039713  -0.00318126
  0.00526923  -0.00026184    -0.00277693  -0.00122151    -0.00055148  -0.00592587
    5    4
 -0.01147669  -0.01167576     0.00010139   0.00161567    -0.00012994   0.00000000
  0.00010139   0.00161567     0.01152645  -0.00000000     0.00010139  -0.00161567
 -0.00012994   0.00000000     0.00010139  -0.00161567    -0.01147669   0.01167576
    5    5
  0.03473792  -0.00000000    -0.00275209  -0.00710299     0.00397468   0.00066026
 -0.00275209   0.00710299     0.06825432  -0.00000000    -0.00275209  -0.00710299
  0.00397468  -0.00066026    -0.00275209   0.00710299     0.03473792   0.00000000
    5    6
 -0.01129160   0.00951880     0.00349511   0.00097826    -0.00579453  -0.00072144
 -0.00493958  -0.00589243    -0.02326069  -0.00443065     0.01954494   0.00079897
 -0.00914624  -0.00713086     0.01978575   0.00293665    -0.01707927   0.00611080
    5    7
 -0.00055148   0.00592587    -0.00277693   0.00122151     0.00526923   0.00026184
 -0.00039713   0.00318126     0.00056059   0.02028044     0.00977148   0.00855431
 -0.00304904  -0.00740804    -0.00628139   0.02359009     0.00903237   0.01119336
    6    1
 -0.01058430   0.00122810    -0.00112024   0.00515251    -0.00835928  -0.00866367
 -0.00413984   0.00036280     0.01546833  -0.00305168    -0.00642194   0.00381011
 -0.01546487   0.01390190    -0.00599331  -0.01326232    -0.00963946   0.00116394
    6    2
  0.00951181   0.00483943    -0.00606854  -0.00706027     0.03380575   0.00420210
 -0.01070941   0.00018591    -0.00042638  -0.00566847    -0.00606854  -0.00706027
  0.01415980   0.00992925    -0.01070941   0.00018591     0.00951181   0.00483943
    6    3
 -0.01096074   0.00680885    -0.00113353   0.01107828     0.02769399  -0.00000000
  0.00450159   0.00479414    -0.00022920   0.00000000    -0.00113353  -0.01107828
 -0.00261744   0.00000000     0.00450159  -0.00479414    -0.01096074  -0.00680885
    6    4
 -0.00055148   0.00592587    -0.00039713   0.00318126    -0.00304904  -0.00740804
 -0.00277693   0.00122151     0.00056059   0.02028044    -0.00628139   0.02359009
  0.00526923   0.00026184     0.00977148   0.00855431     0.00903237   0.01119336
    6    5
 -0.01129160  -0.00951880    -0.00493958   0.00589243    -0.00914624   0.00713086
  0.00349511  -0.00097826    -0.02326069   0.00443065     0.01978575  -0.00293665
 -0.00579453   0.00072144     0.01954494  -0.00079897    -0.01707927  -0.00611080
    6    6
  0.04231023   0.00000000    -0.00523486   0.00310066     0.00356677  -0.00086539
 -0.00523486  -0.00310066     0.04433488   0.00000000    -0.00357480   0.00674280
  0.00356677   0.00086539    -0.00357480  -0.00674280     0.03853907  -0.00000000
    6    7
  0.02205382   0.00477915    -0.00406967  -0.01178605    -0.00535987  -0.00340774
 -0.00406967  -0.01178605    -0.00028835   0.00385667     0.00329151  -0.00199712
 -0.00535987  -0.00340774     0.00329151  -0.00199712    -0.00637410  -0.01558351
    7    1
 -0.01058430  -0.00122810    -0.00112024  -0.00515251    -0.00835928   0.00866367
 -0.00413984  -0.00036280     0.01546833   0.00305168    -0.00642194  -0.00381011
 -0.01546487  -0.01390190    -0.00599331   0.01326232    -0.00963946  -0.00116394
    7    2
 -0.01096074  -0.00680885    -0.00113353  -0.01107828     0.02769399  -0.00000000
  0.00450159  -0.00479414    -0.00022920   0.00000000    -0.00113353   0.01107828
 -0.00261744   0.00000000     0.00450159   0.00479414    -0.01096074   0.00680885
    7    3
  0.00951181  -0.00483943    -0.00606854   0.00706027     0.03380575  -0.00420210
 -0.01070941  -0.00018591    -0.00042638   0.00566847    -0.00606854   0.00706027
  0.01415980  -0.00992925    -0.01070941  -0.00018591     0.00951181  -0.00483943
    7    4
 -0.01129160   0.00951880    -0.00493958  -0.00589243    -0.00914624  -0.00713086
  0.00349511   0.00097826    -0.02326069  -0.00443065     0.01978575   0.00293665
 -0.00579453  -0.00072144     0.01954494   0.00079897    -0.01707927   0.00611080
    7    5
 -0.00055148  -0.00592587    -0.00039713  -0.00318126    -0.00304904   0.00740804
 -0.00277693  -0.00122151     0.00056059  -0.02028044    -0.00628139  -0.02359009
  0.00526923  -0.00026184     0.00977148  -0.00855431     0.00903237  -0.01119336
    7    6
  0.02205382  -0.00477915    -0.00406967   0.01178605    -0.00535987   0.00340774
 -0.00406967   0.01178605    -0.00028835  -0.00385667     0.00329151   0.00199712
 -0.00535987   0.00340774     0.00329151   0.00199712    -0.00637410   0.01558351
    7    7
  0.04231023  -0.00000000    -0.00523486  -0.00310066     0.00356677   0.00086539
 -0.00523486   0.00310066     0.04433488  -0.00000000    -0.00357480  -0.00674280
  0.00356677  -0.00086539    -0.00357480   0.00674280     0.03853907   0.00000000

     Dynamical  Matrix in cartesian axes

     q = (   -0.216506351  -0.433012702   0.216506351 ) 

    1    1
  0.04685489  -0.00000000     0.00477210  -0.00000000    -0.01370945   0.00000000
  0.00477210  -0.00000000     0.11928148  -0.00000000    -0.00477210   0.00000000
 -0.01370945   0.00000000    -0.00477210   0.00000000     0.04685489   0.00000000
    1    2
 -0.00116394   0.00963946     0.00381011  -0.00642194    -0.00866367  -0.00835928
 -0.01326232  -0.00599331     0.00305168  -0.01546833    -0.00515251   0.00112024
  0.01390190  -0.01546487    -0.00036280   0.00413984    -0.00122810   0.01058430
    1    3
  0.00963946  -0.00116394    -0.00642194   0.00381011    -0.00835928  -0.00866367
 -0.00599331  -0.01326232    -0.01546833   0.00305168     0.00112024  -0.00515251
 -0.01546487   0.01390190     0.00413984  -0.00036280     0.01058430  -0.00122810
    1    4
 -0.00526332   0.00072021     0.00099389   0.00834754    -0.00936840  -0.00549570
 -0.01576286   0.00539335    -0.00000000  -0.02303503    -0.01576286  -0.00539335
  0.00936840  -0.00549570     0.00099389  -0.00834754     0.00526332   0.00072021
    1    5
  0.00072021  -0.00526332     0.00834754   0.00099389    -0.00549570  -0.00936840
  0.00539335  -0.01576286    -0.02303503  -0.00000000    -0.00539335  -0.01576286
 -0.00549570   0.00936840    -0.00834754   0.00099389     0.00072021   0.00526332
    1    6
 -0.01058430  -0.00122810     0.00413984   0.00036280     0.01546487   0.01390190
  0.00112024   0.00515251     0.01546833   0.00305168    -0.00599331   0.01326232
  0.00835928  -0.00866367    -0.00642194  -0.00381011    -0.00963946  -0.00116394
    1    7
 -0.00122810  -0.01058430     0.00036280   0.00413984     0.01390190   0.01546487
  0.00515251   0.00112024     0.00305168   0.01546833     0.01326232  -0.00599331
