  2.000000000000000E-002   1.26015754758087        2.29045391948694     
           8

     Dynamical  Matrix in cartesian axes

     q = (   -0.649519100  -0.216506400  -0.216506400 ) 

    1    1
  0.13775221   0.00000000    -0.00640202   0.00000000    -0.00640202  -0.00000000
 -0.00640202  -0.00000000     0.13775221   0.00000000     0.00640202  -0.00000000
 -0.00640202   0.00000000     0.00640202   0.00000000     0.13775221   0.00000000
    1    2
  0.00902746  -0.02179419     0.01021810   0.01174878    -0.01553293   0.00108234
 -0.03935977   0.01376435     0.00865488   0.00772616    -0.01711253  -0.00445965
  0.01809867   0.03756443     0.01525383   0.00894695    -0.01158314  -0.00065671
    1    3
  0.00902746  -0.02179419    -0.01553293   0.00108234     0.01021810   0.01174878
  0.01809867   0.03756443    -0.01158314  -0.00065671     0.01525383   0.00894695
 -0.03935977   0.01376435    -0.01711253  -0.00445965     0.00865488   0.00772616
    1    4
 -0.01158314   0.00065671     0.01809869  -0.03756442    -0.01525384   0.00894694
 -0.01553293  -0.00108235     0.00902744   0.02179419    -0.01021810   0.01174877
  0.01711254  -0.00445964     0.03935976   0.01376437     0.00865488  -0.00772615
    1    5
  0.00772615   0.00865488     0.01376438  -0.03935976     0.00445964   0.01711254
  0.01174877   0.01021811    -0.02179419   0.00902744    -0.00108235   0.01553293
 -0.00894694  -0.01525384    -0.03756442  -0.01809870    -0.00065670  -0.01158314
    1    6
  0.00772615   0.00865488     0.00445964   0.01711254     0.01376438  -0.03935976
 -0.00894694  -0.01525384    -0.00065670  -0.01158314    -0.03756442  -0.01809870
  0.01174877   0.01021811    -0.00108235   0.01553293    -0.02179419   0.00902744
    1    7
 -0.01158314   0.00065671    -0.01525384   0.00894694     0.01809869  -0.03756442
  0.01711254  -0.00445964     0.00865488  -0.00772615     0.03935976   0.01376437
 -0.01553293  -0.00108235    -0.01021810   0.01174877     0.00902744   0.02179419
    2    1
  0.00902746   0.02179419    -0.03935977  -0.01376435     0.01809867  -0.03756443
  0.01021810  -0.01174878     0.00865488  -0.00772616     0.01525383  -0.00894695
 -0.01553293  -0.00108234    -0.01711253   0.00445965    -0.01158314   0.00065671
    2    2
  0.06191669  -0.00000000    -0.00269148  -0.00743283    -0.00269148   0.00743283
 -0.00269148   0.00743283     0.04423699  -0.00000000    -0.00003563   0.00501061
 -0.00269148  -0.00743283    -0.00003563  -0.00501061     0.04423699   0.00000000
    2    3
 -0.02329201   0.00000000     0.00913765  -0.00240317     0.00913765   0.00240317
  0.00913765  -0.00240317     0.00885306  -0.01019288    -0.00491701  -0.00000000
  0.00913765   0.00240317    -0.00491701  -0.00000000     0.00885306   0.01019288
    2    4
  0.01724684  -0.01538093     0.00313593  -0.00313593    -0.00479880   0.00346037
  0.01572857  -0.01572857     0.01538092  -0.01724684    -0.00309804  -0.00806135
 -0.00806135  -0.00309804     0.00346037  -0.00479880     0.00915443  -0.00915443
    2    5
 -0.01739873  -0.00609117     0.01941944   0.02194533     0.00052718   0.00206047
  0.03125611   0.00100820    -0.01739873  -0.00609117     0.00323271   0.00113550
 -0.00323271  -0.00113550    -0.00052718  -0.00206047    -0.00339815   0.00065917
    2    6
  0.01724684   0.01538093    -0.00479880  -0.00346037     0.00313593   0.00313593
 -0.00806135   0.00309804     0.00915443   0.00915443     0.00346037   0.00479880
  0.01572857   0.01572857    -0.00309804   0.00806135     0.01538092   0.01724684
    2    7
 -0.01739873   0.00609117     0.00052718  -0.00206047     0.01941944  -0.02194533
 -0.00323271   0.00113550    -0.00339815  -0.00065917    -0.00052718   0.00206047
  0.03125611  -0.00100820     0.00323271  -0.00113550    -0.01739873   0.00609117
    3    1
  0.00902746   0.02179419     0.01809867  -0.03756443    -0.03935977  -0.01376435
 -0.01553293  -0.00108234    -0.01158314   0.00065671    -0.01711253   0.00445965
  0.01021810  -0.01174878     0.01525383  -0.00894695     0.00865488  -0.00772616
    3    2
 -0.02329201  -0.00000000     0.00913765   0.00240317     0.00913765  -0.00240317
  0.00913765   0.00240317     0.00885306   0.01019288    -0.00491701   0.00000000
  0.00913765  -0.00240317    -0.00491701   0.00000000     0.00885306  -0.01019288
    3    3
  0.06191669   0.00000000    -0.00269148   0.00743283    -0.00269148  -0.00743283
 -0.00269148  -0.00743283     0.04423699   0.00000000    -0.00003563  -0.00501061
 -0.00269148   0.00743283    -0.00003563   0.00501061     0.04423699  -0.00000000
    3    4
 -0.01739873   0.00609117     0.01941944  -0.02194533     0.00052718  -0.00206047
  0.03125611  -0.00100820    -0.01739873   0.00609117     0.00323271  -0.00113550
 -0.00323271   0.00113550    -0.00052718   0.00206047    -0.00339815  -0.00065917
    3    5
  0.01724684   0.01538093     0.00313593   0.00313593    -0.00479880  -0.00346037
  0.01572857   0.01572857     0.01538092   0.01724684    -0.00309804   0.00806135
 -0.00806135   0.00309804     0.00346037   0.00479880     0.00915443   0.00915443
    3    6
 -0.01739873  -0.00609117     0.00052718   0.00206047     0.01941944   0.02194533
 -0.00323271  -0.00113550    -0.00339815   0.00065917    -0.00052718  -0.00206047
  0.03125611   0.00100820     0.00323271   0.00113550    -0.01739873  -0.00609117
    3    7
  0.01724684  -0.01538093    -0.00479880   0.00346037     0.00313593  -0.00313593
 -0.00806135  -0.00309804     0.00915443  -0.00915443     0.00346037  -0.00479880
  0.01572857  -0.01572857    -0.00309804  -0.00806135     0.01538092  -0.01724684
    4    1
 -0.01158314  -0.00065671    -0.01553293   0.00108235     0.01711254   0.00445964
  0.01809869   0.03756442     0.00902744  -0.02179419     0.03935976  -0.01376437
 -0.01525384  -0.00894694    -0.01021810  -0.01174877     0.00865488   0.00772615
    4    2
  0.01724684   0.01538093     0.01572857   0.01572857    -0.00806135   0.00309804
  0.00313593   0.00313593     0.01538092   0.01724684     0.00346037   0.00479880
 -0.00479880  -0.00346037    -0.00309804   0.00806135     0.00915443   0.00915443
    4    3
 -0.01739873  -0.00609117     0.03125611   0.00100820    -0.00323271  -0.00113550
  0.01941944   0.02194533    -0.01739873  -0.00609117    -0.00052718  -0.00206047
  0.00052718   0.00206047     0.00323271   0.00113550    -0.00339815   0.00065917
    4    4
  0.04423699  -0.00000000    -0.00269148   0.00743283     0.00003563  -0.00501061
 -0.00269148  -0.00743283     0.06191669   0.00000000     0.00269148  -0.00743283
  0.00003563   0.00501061     0.00269148   0.00743283     0.04423699   0.00000000
    4    5
  0.01019288   0.00885306     0.00240317   0.00913765    -0.00000000   0.00491701
  0.00240317   0.00913765     0.00000000  -0.02329201     0.00240317  -0.00913765
 -0.00000000   0.00491701     0.00240317  -0.00913765    -0.01019288   0.00885306
    4    6
 -0.00286896   0.00193675    -0.00148295   0.00308879    -0.00108420  -0.00182975
 -0.00108420  -0.00182975    -0.00799566   0.01660987     0.00178606   0.02924931
 -0.00148295   0.00308879    -0.02138850   0.02281431    -0.00799566   0.01660987
    4    7
 -0.01294632  -0.00000000     0.00350959  -0.00789089     0.00584011   0.00094641
  0.00584011  -0.00094641    -0.02307132   0.00131940     0.00443487  -0.00000000
  0.00350959   0.00789089     0.02224356  -0.00000000    -0.02307132  -0.00131940
    5    1
  0.00772615  -0.00865488     0.01174877  -0.01021811    -0.00894694   0.01525384
  0.01376438   0.03935976    -0.02179419  -0.00902744    -0.03756442   0.01809870
  0.00445964  -0.01711254    -0.00108235  -0.01553293    -0.00065670   0.01158314
    5    2
 -0.01739873   0.00609117     0.03125611  -0.00100820    -0.00323271   0.00113550
  0.01941944  -0.02194533    -0.01739873   0.00609117    -0.00052718   0.00206047
  0.00052718  -0.00206047     0.00323271  -0.00113550    -0.00339815  -0.00065917
    5    3
  0.01724684  -0.01538093     0.01572857  -0.01572857    -0.00806135  -0.00309804
  0.00313593  -0.00313593     0.01538092  -0.01724684     0.00346037  -0.00479880
 -0.00479880   0.00346037    -0.00309804  -0.00806135     0.00915443  -0.00915443
    5    4
  0.01019288  -0.00885306     0.00240317  -0.00913765    -0.00000000  -0.00491701
  0.00240317  -0.00913765     0.00000000   0.02329201     0.00240317   0.00913765
 -0.00000000  -0.00491701     0.00240317   0.00913765    -0.01019288  -0.00885306
    5    5
  0.04423699   0.00000000    -0.00269148  -0.00743283     0.00003563   0.00501061
 -0.00269148   0.00743283     0.06191669   0.00000000     0.00269148   0.00743283
  0.00003563  -0.00501061     0.00269148  -0.00743283     0.04423699  -0.00000000
    5    6
 -0.01294632   0.00000000     0.00350959   0.00789089     0.00584011  -0.00094641
  0.00584011   0.00094641    -0.02307132  -0.00131940     0.00443487  -0.00000000
  0.00350959  -0.00789089     0.02224356  -0.00000000    -0.02307132   0.00131940
    5    7
 -0.00286896  -0.00193675    -0.00148295  -0.00308879    -0.00108420   0.00182975
 -0.00108420   0.00182975    -0.00799566  -0.01660987     0.00178606  -0.02924931
 -0.00148295  -0.00308879    -0.02138850  -0.02281431    -0.00799566  -0.01660987
    6    1
  0.00772615  -0.00865488    -0.00894694   0.01525384     0.01174877  -0.01021811
  0.00445964  -0.01711254    -0.00065670   0.01158314    -0.00108235  -0.01553293
  0.01376438   0.03935976    -0.03756442   0.01809870    -0.02179419  -0.00902744
    6    2
  0.01724684  -0.01538093    -0.00806135  -0.00309804     0.01572857  -0.01572857
 -0.00479880   0.00346037     0.00915443  -0.00915443    -0.00309804  -0.00806135
  0.00313593  -0.00313593     0.00346037  -0.00479880     0.01538092  -0.01724684
    6    3
 -0.01739873   0.00609117    -0.00323271   0.00113550     0.03125611  -0.00100820
  0.00052718  -0.00206047    -0.00339815  -0.00065917     0.00323271  -0.00113550
  0.01941944  -0.02194533    -0.00052718   0.00206047    -0.01739873   0.00609117
    6    4
 -0.00286896  -0.00193675    -0.00108420   0.00182975    -0.00148295  -0.00308879
 -0.00148295  -0.00308879    -0.00799566  -0.01660987    -0.02138850  -0.02281431
 -0.00108420   0.00182975     0.00178606  -0.02924931    -0.00799566  -0.01660987
    6    5
 -0.01294632  -0.00000000     0.00584011  -0.00094641     0.00350959   0.00789089
  0.00350959  -0.00789089    -0.02307132   0.00131940     0.02224356   0.00000000
  0.00584011   0.00094641     0.00443487   0.00000000    -0.02307132  -0.00131940
    6    6
  0.04423699   0.00000000     0.00003563   0.00501061    -0.00269148  -0.00743283
  0.00003563  -0.00501061     0.04423699  -0.00000000     0.00269148  -0.00743283
 -0.00269148   0.00743283     0.00269148   0.00743283     0.06191669   0.00000000
    6    7
  0.01019288  -0.00885306    -0.00000000  -0.00491701     0.00240317  -0.00913765
 -0.00000000  -0.00491701    -0.01019288  -0.00885306     0.00240317   0.00913765
  0.00240317  -0.00913765     0.00240317   0.00913765     0.00000000   0.02329201
    7    1
 -0.01158314  -0.00065671     0.01711254   0.00445964    -0.01553293   0.00108235
 -0.01525384  -0.00894694     0.00865488   0.00772615    -0.01021810  -0.01174877
  0.01809869   0.03756442     0.03935976  -0.01376437     0.00902744  -0.02179419
    7    2
 -0.01739873  -0.00609117    -0.00323271  -0.00113550     0.03125611   0.00100820
  0.00052718   0.00206047    -0.00339815   0.00065917     0.00323271   0.00113550
  0.01941944   0.02194533    -0.00052718  -0.00206047    -0.01739873  -0.00609117
    7    3
  0.01724684   0.01538093    -0.00806135   0.00309804     0.01572857   0.01572857
 -0.00479880  -0.00346037     0.00915443   0.00915443    -0.00309804   0.00806135
  0.00313593   0.00313593     0.00346037   0.00479880     0.01538092   0.01724684
    7    4
 -0.01294632   0.00000000     0.00584011   0.00094641     0.00350959  -0.00789089
  0.00350959   0.00789089    -0.02307132  -0.00131940     0.02224356  -0.00000000
  0.00584011  -0.00094641     0.00443487  -0.00000000    -0.02307132   0.00131940
    7    5
 -0.00286896   0.00193675    -0.00108420  -0.00182975    -0.00148295   0.00308879
 -0.00148295   0.00308879    -0.00799566   0.01660987    -0.02138850   0.02281431
 -0.00108420  -0.00182975     0.00178606   0.02924931    -0.00799566   0.01660987
    7    6
  0.01019288   0.00885306    -0.00000000   0.00491701     0.00240317   0.00913765
 -0.00000000   0.00491701    -0.01019288   0.00885306     0.00240317  -0.00913765
  0.00240317   0.00913765     0.00240317  -0.00913765     0.00000000  -0.02329201
    7    7
  0.04423699   0.00000000     0.00003563  -0.00501061    -0.00269148   0.00743283
  0.00003563   0.00501061     0.04423699   0.00000000     0.00269148   0.00743283
 -0.00269148  -0.00743283     0.00269148  -0.00743283     0.06191669   0.00000000

     Dynamical  Matrix in cartesian axes

     q = (   -0.216506400   0.649519100  -0.216506400 ) 

    1    1
  0.13775221   0.00000000     0.00640202   0.00000000     0.00640202   0.00000000
  0.00640202  -0.00000000     0.13775221   0.00000000     0.00640202  -0.00000000
  0.00640202  -0.00000000     0.00640202   0.00000000     0.13775221   0.00000000
    1    2
 -0.02179419   0.00902744    -0.01174877  -0.01021811    -0.00108235   0.01553293
 -0.01376438   0.03935976     0.00772615   0.00865488    -0.00445964  -0.01711254
 -0.03756442  -0.01809870     0.00894694   0.01525384    -0.00065670  -0.01158314
    1    3
 -0.02179419   0.00902745    -0.00108235   0.01553293    -0.01174877  -0.01021810
 -0.03756443  -0.01809868    -0.00065671  -0.01158314     0.00894695   0.01525383
 -0.01376436   0.03935976    -0.00445964  -0.01711254     0.00772616   0.00865488
    1    4
 -0.00065671  -0.01158314    -0.03756442  -0.01809869     0.00894694   0.01525383
 -0.00108235   0.01553293    -0.02179419   0.00902745    -0.01174877  -0.01021810
 -0.00445964  -0.01711254    -0.01376437   0.03935976     0.00772615   0.00865488
    1    5
  0.00772615   0.00865488    -0.01376437   0.03935976    -0.00445964  -0.01711254
 -0.01174877  -0.01021810    -0.02179419   0.00902745    -0.00108235   0.01553293
  0.00894694   0.01525383    -0.03756442  -0.01809869    -0.00065671  -0.01158314
    1    6
  0.00772616   0.00865488    -0.00445964  -0.01711254    -0.01376436   0.03935976
  0.00894695   0.01525383    -0.00065671  -0.01158314    -0.03756443  -0.01809868
 -0.01174877  -0.01021810    -0.00108235   0.01553293    -0.02179419   0.00902745
    1    7
 -0.00065670  -0.01158314     0.00894694   0.01525384    -0.03756442  -0.01809870
 -0.00445964  -0.01711254     0.00772615   0.00865488    -0.01376438   0.03935976
 -0.00108235   0.01553293    -0.01174877  -0.01021811    -0.02179419   0.00902744
    2    1
 -0.02179419  -0.00902744    -0.01376438  -0.03935976    -0.03756442   0.01809870
 -0.01174877   0.01021811     0.00772615  -0.00865488     0.00894694  -0.01525384
 -0.00108235  -0.01553293    -0.00445964   0.01711254    -0.00065670   0.01158314
    2    2
  0.06191669  -0.00000000     0.00269148  -0.00743283     0.00269148   0.00743283
  0.00269148   0.00743283     0.04423699   0.00000000    -0.00003563  -0.00501061
  0.00269148  -0.00743283    -0.00003563   0.00501061     0.04423699  -0.00000000
    2    3
 -0.02329201   0.00000001    -0.00913765  -0.00240317    -0.00913765   0.00240318
 -0.00913765  -0.00240317     0.00885306   0.01019288    -0.00491701   0.00000000
 -0.00913765   0.00240318    -0.00491701   0.00000000     0.00885305  -0.01019289
    2    4
  0.01660987   0.00799565     0.02924931  -0.00178607     0.00182975  -0.00108420
  0.02281432   0.02138849     0.01660987   0.00799565    -0.00308879  -0.00148295
 -0.00308879  -0.00148295     0.00182975  -0.00108420     0.00193675   0.00286896
    2    5
 -0.02307132   0.00131941     0.00443487  -0.00000000    -0.00584011   0.00094641
  0.02224356  -0.00000001    -0.02307132  -0.00131940    -0.00350959  -0.00789088
 -0.00350959   0.00789089    -0.00584012  -0.00094641    -0.01294632   0.00000000
    2    6
  0.01660986  -0.00799567     0.00182975   0.00108420     0.02924931   0.00178605
 -0.00308879   0.00148295     0.00193675  -0.00286896     0.00182975   0.00108420
  0.02281430  -0.02138851    -0.00308879   0.00148295     0.01660986  -0.00799567
    2    7
 -0.02307132  -0.00131940    -0.00584011  -0.00094641     0.00443487  -0.00000000
 -0.00350959  -0.00789089    -0.01294632   0.00000000    -0.00584011   0.00094641
  0.02224356  -0.00000000    -0.00350959   0.00789089    -0.02307132   0.00131940
    3    1
 -0.02179419  -0.00902745    -0.03756443   0.01809868    -0.01376436  -0.03935976
 -0.00108235  -0.01553293    -0.00065671   0.01158314    -0.00445964   0.01711254
 -0.01174877   0.01021810     0.00894695  -0.01525383     0.00772616  -0.00865488
    3    2
 -0.02329201  -0.00000001    -0.00913765   0.00240317    -0.00913765  -0.00240318
 -0.00913765   0.00240317     0.00885306  -0.01019288    -0.00491701  -0.00000000
 -0.00913765  -0.00240318    -0.00491701  -0.00000000     0.00885305   0.01019289
    3    3
  0.06191669   0.00000000     0.00269148   0.00743283     0.00269148  -0.00743283
  0.00269148  -0.00743283     0.04423699  -0.00000000    -0.00003563   0.00501061
  0.00269148   0.00743283    -0.00003563  -0.00501061     0.04423699   0.00000000
    3    4
 -0.02307132  -0.00131941     0.00443487   0.00000000    -0.00584011  -0.00094641
  0.02224356   0.00000001    -0.02307132   0.00131940    -0.00350959   0.00789088
 -0.00350959  -0.00789089    -0.00584012   0.00094641    -0.01294632  -0.00000000
    3    5
  0.01660987  -0.00799565     0.02924931   0.00178607     0.00182975   0.00108420
  0.02281432  -0.02138849     0.01660987  -0.00799565    -0.00308879   0.00148295
 -0.00308879   0.00148295     0.00182975   0.00108420     0.00193675  -0.00286896
    3    6
 -0.02307132   0.00131940    -0.00584011   0.00094641     0.00443487  -0.00000000
 -0.00350959   0.00789089    -0.01294632   0.00000000    -0.00584011  -0.00094641
  0.02224356  -0.00000000    -0.00350959  -0.00789089    -0.02307132  -0.00131940
    3    7
  0.01660986   0.00799567     0.00182975  -0.00108420     0.02924931  -0.00178605
 -0.00308879  -0.00148295     0.00193675   0.00286896     0.00182975  -0.00108420
  0.02281430   0.02138851    -0.00308879  -0.00148295     0.01660986   0.00799567
    4    1
 -0.00065671   0.01158314    -0.00108235  -0.01553293    -0.00445964   0.01711254
 -0.03756442   0.01809869    -0.02179419  -0.00902745    -0.01376437  -0.03935976
  0.00894694  -0.01525383    -0.01174877   0.01021810     0.00772615  -0.00865488
    4    2
  0.01660987  -0.00799565     0.02281432  -0.02138849    -0.00308879   0.00148295
  0.02924931   0.00178607     0.01660987  -0.00799565     0.00182975   0.00108420
  0.00182975   0.00108420    -0.00308879   0.00148295     0.00193675  -0.00286896
    4    3
 -0.02307132   0.00131941     0.02224356  -0.00000001    -0.00350959   0.00789089
  0.00443487  -0.00000000    -0.02307132  -0.00131940    -0.00584012  -0.00094641
 -0.00584011   0.00094641    -0.00350959  -0.00789088    -0.01294632   0.00000000
    4    4
  0.04423699  -0.00000000     0.00269148  -0.00743283    -0.00003563   0.00501061
  0.00269148   0.00743283     0.06191669   0.00000000     0.00269148  -0.00743283
 -0.00003563  -0.00501061     0.00269148   0.00743283     0.04423699   0.00000000
    4    5
  0.00885306  -0.01019288    -0.00913765   0.00240317    -0.00491701   0.00000000
 -0.00913765   0.00240317    -0.02329201   0.00000000    -0.00913765  -0.00240317
 -0.00491701  -0.00000000    -0.00913765  -0.00240317     0.00885306   0.01019288
    4    6
  0.00193675   0.00286896    -0.00308879  -0.00148295     0.00182975  -0.00108420
  0.00182975  -0.00108420     0.01660987   0.00799565     0.02924931  -0.00178607
 -0.00308879  -0.00148295     0.02281432   0.02138849     0.01660987   0.00799565
    4    7
 -0.01294632  -0.00000000    -0.00350959   0.00789088    -0.00584011  -0.00094641
 -0.00584012   0.00094641    -0.02307132   0.00131940     0.00443487   0.00000000
 -0.00350959  -0.00789089     0.02224356   0.00000001    -0.02307132  -0.00131941
    5    1
  0.00772615  -0.00865488    -0.01174877   0.01021810     0.00894694  -0.01525383
 -0.01376437  -0.03935976    -0.02179419  -0.00902745    -0.03756442   0.01809869
 -0.00445964   0.01711254    -0.00108235  -0.01553293    -0.00065671   0.01158314
    5    2
 -0.02307132  -0.00131941     0.02224356   0.00000001    -0.00350959  -0.00789089
  0.00443487   0.00000000    -0.02307132   0.00131940    -0.00584012   0.00094641
 -0.00584011  -0.00094641    -0.00350959   0.00789088    -0.01294632  -0.00000000
    5    3
  0.01660987   0.00799565     0.02281432   0.02138849    -0.00308879  -0.00148295
  0.02924931  -0.00178607     0.01660987   0.00799565     0.00182975  -0.00108420
  0.00182975  -0.00108420    -0.00308879  -0.00148295     0.00193675   0.00286896
    5    4
  0.00885306   0.01019288    -0.00913765  -0.00240317    -0.00491701   0.00000000
 -0.00913765  -0.00240317    -0.02329201  -0.00000000    -0.00913765   0.00240317
 -0.00491701   0.00000000    -0.00913765   0.00240317     0.00885306  -0.01019288
    5    5
  0.04423699   0.00000000     0.00269148   0.00743283    -0.00003563  -0.00501061
  0.00269148  -0.00743283     0.06191669  -0.00000000     0.00269148   0.00743283
 -0.00003563   0.00501061     0.00269148  -0.00743283     0.04423699  -0.00000000
    5    6
 -0.01294632   0.00000000    -0.00350959  -0.00789088    -0.00584011   0.00094641
 -0.00584012  -0.00094641    -0.02307132  -0.00131940     0.00443487  -0.00000000
 -0.00350959   0.00789089     0.02224356  -0.00000001    -0.02307132   0.00131941
    5    7
  0.00193675  -0.00286896    -0.00308879   0.00148295     0.00182975   0.00108420
  0.00182975   0.00108420     0.01660987  -0.00799565     0.02924931   0.00178607
 -0.00308879   0.00148295     0.02281432  -0.02138849     0.01660987  -0.00799565
    6    1
  0.00772616  -0.00865488     0.00894695  -0.01525383    -0.01174877   0.01021810
 -0.00445964   0.01711254    -0.00065671   0.01158314    -0.00108235  -0.01553293
 -0.01376436  -0.03935976    -0.03756443   0.01809868    -0.02179419  -0.00902745
    6    2
  0.01660986   0.00799567    -0.00308879  -0.00148295     0.02281430   0.02138851
  0.00182975  -0.00108420     0.00193675   0.00286896    -0.00308879  -0.00148295
  0.02924931  -0.00178605     0.00182975  -0.00108420     0.01660986   0.00799567
    6    3
 -0.02307132  -0.00131940    -0.00350959  -0.00789089     0.02224356  -0.00000000
 -0.00584011  -0.00094641    -0.01294632  -0.00000000    -0.00350959   0.00789089
  0.00443487  -0.00000000    -0.00584011   0.00094641    -0.02307132   0.00131940
    6    4
  0.00193675  -0.00286896     0.00182975   0.00108420    -0.00308879   0.00148295
 -0.00308879   0.00148295     0.01660987  -0.00799565     0.02281432  -0.02138849
  0.00182975   0.00108420     0.02924931   0.00178607     0.01660987  -0.00799565
    6    5
 -0.01294632  -0.00000000    -0.00584012   0.00094641    -0.00350959  -0.00789089
 -0.00350959   0.00789088    -0.02307132   0.00131940     0.02224356   0.00000001
 -0.00584011  -0.00094641     0.00443487   0.00000000    -0.02307132  -0.00131941
    6    6
  0.04423699   0.00000000    -0.00003563  -0.00501061     0.00269148   0.00743283
 -0.00003563   0.00501061     0.04423699   0.00000000     0.00269148  -0.00743283
  0.00269148  -0.00743283     0.00269148   0.00743283     0.06191669  -0.00000000
    6    7
  0.00885305   0.01019289    -0.00491701  -0.00000000    -0.00913765  -0.00240318
 -0.00491701  -0.00000000     0.00885306  -0.01019288    -0.00913765   0.00240317
 -0.00913765  -0.00240318    -0.00913765   0.00240317    -0.02329201  -0.00000001
    7    1
 -0.00065670   0.01158314    -0.00445964   0.01711254    -0.00108235  -0.01553293
  0.00894694  -0.01525384     0.00772615  -0.00865488    -0.01174877   0.01021811
 -0.03756442   0.01809870    -0.01376438  -0.03935976    -0.02179419  -0.00902744
    7    2
 -0.02307132   0.00131940    -0.00350959   0.00789089     0.02224356   0.00000000
 -0.00584011   0.00094641    -0.01294632  -0.00000000    -0.00350959  -0.00789089
  0.00443487   0.00000000    -0.00584011  -0.00094641    -0.02307132  -0.00131940
    7    3
  0.01660986  -0.00799567    -0.00308879   0.00148295     0.02281430  -0.02138851
  0.00182975   0.00108420     0.00193675  -0.00286896    -0.00308879   0.00148295
  0.02924931   0.00178605     0.00182975   0.00108420     0.01660986  -0.00799567
    7    4
 -0.01294632   0.00000000    -0.00584012  -0.00094641    -0.00350959   0.00789089
 -0.00350959  -0.00789088    -0.02307132  -0.00131940     0.02224356  -0.00000001
 -0.00584011   0.00094641     0.00443487  -0.00000000    -0.02307132   0.00131941
    7    5
  0.00193675   0.00286896     0.00182975  -0.00108420    -0.00308879  -0.00148295
 -0.00308879  -0.00148295     0.01660987   0.00799565     0.02281432   0.02138849
  0.00182975  -0.00108420     0.02924931  -0.00178607     0.01660987   0.00799565
    7    6
  0.00885305  -0.01019289    -0.00491701   0.00000000    -0.00913765   0.00240318
 -0.00491701   0.00000000     0.00885306   0.01019288    -0.00913765  -0.00240317
 -0.00913765   0.00240318    -0.00913765  -0.00240317    -0.02329201   0.00000001
    7    7
  0.04423699  -0.00000000    -0.00003563   0.00501061     0.00269148  -0.00743283
 -0.00003563  -0.00501061     0.04423699   0.00000000     0.00269148   0.00743283
  0.00269148   0.00743283     0.00269148  -0.00743283     0.06191669  -0.00000000

     Dynamical  Matrix in cartesian axes

     q = (    0.216506400  -0.649519100  -0.216506400 ) 

    1    1
  0.13775221   0.00000000     0.00640202  -0.00000000    -0.00640202  -0.00000000
  0.00640202   0.00000000     0.13775221   0.00000000    -0.00640202   0.00000000
 -0.00640202   0.00000000    -0.00640202  -0.00000000     0.13775221   0.00000000
    1    2
  0.00902745  -0.02179419    -0.01021810  -0.01174877    -0.01553293   0.00108235
  0.03935976  -0.01376436     0.00865488   0.00772616     0.01711254   0.00445964
  0.01809868   0.03756443    -0.01525383  -0.00894695    -0.01158314  -0.00065671
    1    3
 -0.02179419  -0.00902745    -0.00108234  -0.01553293     0.01174877  -0.01021810
 -0.03756443   0.01809867    -0.00065671   0.01158314    -0.00894695   0.01525383
  0.01376435   0.03935976     0.00445965  -0.01711253     0.00772616  -0.00865488
    1    4
 -0.00065671   0.01158314    -0.03756443   0.01809868    -0.00894695   0.01525383
 -0.00108235  -0.01553293    -0.02179419  -0.00902745     0.01174877  -0.01021810
  0.00445964  -0.01711254     0.01376436   0.03935976     0.00772615  -0.00865488
    1    5
  0.00865488   0.00772616     0.03935977  -0.01376435     0.01711253   0.00445965
 -0.01021810  -0.01174878     0.00902746  -0.02179419    -0.01553293   0.00108234
 -0.01525383  -0.00894695     0.01809867   0.03756443    -0.01158314  -0.00065671
    1    6
  0.00865488  -0.00772615    -0.01711254   0.00445964    -0.03935976  -0.01376437
  0.01525384  -0.00894694    -0.01158314   0.00065671     0.01809869  -0.03756442
  0.01021810  -0.01174877    -0.01553293  -0.00108235     0.00902744   0.02179419
    1    7
 -0.01158314   0.00065671     0.01525383  -0.00894695     0.01809868  -0.03756443
 -0.01711254   0.00445964     0.00865488  -0.00772615    -0.03935976  -0.01376436
 -0.01553293  -0.00108235     0.01021810  -0.01174877     0.00902745   0.02179419
    2    1
  0.00902745   0.02179419     0.03935976   0.01376436     0.01809868  -0.03756443
 -0.01021810   0.01174877     0.00865488  -0.00772616    -0.01525383   0.00894695
 -0.01553293  -0.00108235     0.01711254  -0.00445964    -0.01158314   0.00065671
    2    2
  0.06191669   0.00000000     0.00269148   0.00743283    -0.00269148   0.00743283
  0.00269148  -0.00743283     0.04423699  -0.00000000     0.00003563  -0.00501061
 -0.00269148  -0.00743283     0.00003563   0.00501061     0.04423699   0.00000000
    2    3
 -0.00000000   0.02329201     0.00240317   0.00913765     0.00240317  -0.00913765
  0.00240317   0.00913765    -0.01019288  -0.00885306     0.00000000  -0.00491701
  0.00240317  -0.00913765     0.00000000  -0.00491701     0.01019288  -0.00885306
    2    4
 -0.00799566  -0.01660987     0.00178606  -0.02924931    -0.00108420   0.00182975
 -0.02138850  -0.02281431    -0.00799566  -0.01660987    -0.00148295  -0.00308879
 -0.00148295  -0.00308879    -0.00108420   0.00182975    -0.00286896  -0.00193675
    2    5
 -0.02307132  -0.00131941     0.00443487   0.00000000     0.00584011   0.00094641
  0.02224356   0.00000001    -0.02307132   0.00131940     0.00350959  -0.00789088
  0.00350959   0.00789089     0.00584012  -0.00094641    -0.01294632  -0.00000000
    2    6
  0.01538093  -0.01724684     0.00346037  -0.00479880     0.00313593  -0.00313593
 -0.00309804  -0.00806135     0.00915443  -0.00915443    -0.00479880   0.00346037
  0.01572857  -0.01572857    -0.00806135  -0.00309804     0.01724685  -0.01538092
    2    7
 -0.01739873   0.00609117    -0.00052718   0.00206047     0.01941944  -0.02194533
  0.00323271  -0.00113550    -0.00339815  -0.00065917     0.00052718  -0.00206047
  0.03125611  -0.00100820    -0.00323271   0.00113550    -0.01739873   0.00609117
    3    1
 -0.02179419   0.00902745    -0.03756443  -0.01809867     0.01376435  -0.03935976
 -0.00108234   0.01553293    -0.00065671  -0.01158314     0.00445965   0.01711253
  0.01174877   0.01021810    -0.00894695  -0.01525383     0.00772616   0.00865488
    3    2
 -0.00000000  -0.02329201     0.00240317  -0.00913765     0.00240317   0.00913765
  0.00240317  -0.00913765    -0.01019288   0.00885306     0.00000000   0.00491701
  0.00240317   0.00913765     0.00000000   0.00491701     0.01019288   0.00885306
    3    3
  0.06191669   0.00000000     0.00269148  -0.00743283    -0.00269148  -0.00743283
  0.00269148   0.00743283     0.04423699   0.00000000     0.00003563   0.00501061
 -0.00269148   0.00743283     0.00003563  -0.00501061     0.04423699  -0.00000000
    3    4
 -0.02307132   0.00131941     0.00443487  -0.00000000     0.00584011  -0.00094641
  0.02224356  -0.00000001    -0.02307132  -0.00131940     0.00350959   0.00789088
  0.00350959  -0.00789089     0.00584012   0.00094641    -0.01294632   0.00000000
    3    5
 -0.00799566   0.01660987     0.00178606   0.02924931    -0.00108420  -0.00182975
 -0.02138850   0.02281431    -0.00799566   0.01660987    -0.00148295   0.00308879
 -0.00148295   0.00308879    -0.00108420  -0.00182975    -0.00286896   0.00193675
    3    6
 -0.01739873  -0.00609117    -0.00052718  -0.00206047     0.01941944   0.02194533
  0.00323271   0.00113550    -0.00339815   0.00065917     0.00052718   0.00206047
  0.03125611   0.00100820    -0.00323271  -0.00113550    -0.01739873  -0.00609117
    3    7
  0.01538093   0.01724684     0.00346037   0.00479880     0.00313593   0.00313593
 -0.00309804   0.00806135     0.00915443   0.00915443    -0.00479880  -0.00346037
  0.01572857   0.01572857    -0.00806135   0.00309804     0.01724685   0.01538092
    4    1
 -0.00065671  -0.01158314    -0.00108235   0.01553293     0.00445964   0.01711254
 -0.03756443  -0.01809868    -0.02179419   0.00902745     0.01376436  -0.03935976
 -0.00894695  -0.01525383     0.01174877   0.01021810     0.00772615   0.00865488
    4    2
 -0.00799566   0.01660987    -0.02138850   0.02281431    -0.00148295   0.00308879
  0.00178606   0.02924931    -0.00799566   0.01660987    -0.00108420  -0.00182975
 -0.00108420  -0.00182975    -0.00148295   0.00308879    -0.00286896   0.00193675
    4    3
 -0.02307132  -0.00131941     0.02224356   0.00000001     0.00350959   0.00789089
  0.00443487   0.00000000    -0.02307132   0.00131940     0.00584012  -0.00094641
  0.00584011   0.00094641     0.00350959  -0.00789088    -0.01294632  -0.00000000
    4    4
  0.04423699   0.00000000     0.00269148   0.00743283     0.00003563   0.00501061
  0.00269148  -0.00743283     0.06191669   0.00000000    -0.00269148  -0.00743283
  0.00003563  -0.00501061    -0.00269148   0.00743283     0.04423699  -0.00000000
    4    5
 -0.01019288   0.00885305     0.00240318  -0.00913765    -0.00000000   0.00491701
  0.00240318  -0.00913765     0.00000001  -0.02329201     0.00240317   0.00913765
 -0.00000000   0.00491701     0.00240317   0.00913765     0.01019288   0.00885306
    4    6
  0.00915443   0.00915443    -0.00309805   0.00806135    -0.00479880  -0.00346037
  0.00346037   0.00479880     0.01538092   0.01724685     0.00313593   0.00313593
 -0.00806135   0.00309804     0.01572856   0.01572857     0.01724684   0.01538093
    4    7
 -0.00339815   0.00065917     0.00323271   0.00113550     0.00052718   0.00206047
 -0.00052718  -0.00206047    -0.01739873  -0.00609117     0.01941944   0.02194533
 -0.00323271  -0.00113550     0.03125611   0.00100820    -0.01739873  -0.00609117
    5    1
  0.00865488  -0.00772616    -0.01021810   0.01174878    -0.01525383   0.00894695
  0.03935977   0.01376435     0.00902746   0.02179419     0.01809867  -0.03756443
  0.01711253  -0.00445965    -0.01553293  -0.00108234    -0.01158314   0.00065671
    5    2
 -0.02307132   0.00131941     0.02224356  -0.00000001     0.00350959  -0.00789089
  0.00443487  -0.00000000    -0.02307132  -0.00131940     0.00584012   0.00094641
  0.00584011  -0.00094641     0.00350959   0.00789088    -0.01294632   0.00000000
    5    3
 -0.00799566  -0.01660987    -0.02138850  -0.02281431    -0.00148295  -0.00308879
  0.00178606  -0.02924931    -0.00799566  -0.01660987    -0.00108420   0.00182975
 -0.00108420   0.00182975    -0.00148295  -0.00308879    -0.00286896  -0.00193675
    5    4
 -0.01019288  -0.00885305     0.00240318   0.00913765    -0.00000000  -0.00491701
  0.00240318   0.00913765     0.00000001   0.02329201     0.00240317  -0.00913765
 -0.00000000  -0.00491701     0.00240317  -0.00913765     0.01019288  -0.00885306
    5    5
  0.04423699  -0.00000000     0.00269148  -0.00743283     0.00003563  -0.00501061
  0.00269148   0.00743283     0.06191669   0.00000000    -0.00269148   0.00743283
  0.00003563   0.00501061    -0.00269148  -0.00743283     0.04423699   0.00000000
    5    6
 -0.00339815  -0.00065917     0.00323271  -0.00113550     0.00052718  -0.00206047
 -0.00052718   0.00206047    -0.01739873   0.00609117     0.01941944  -0.02194533
 -0.00323271   0.00113550     0.03125611  -0.00100820    -0.01739873   0.00609117
    5    7
  0.00915443  -0.00915443    -0.00309805  -0.00806135    -0.00479880   0.00346037
  0.00346037  -0.00479880     0.01538092  -0.01724685     0.00313593  -0.00313593
 -0.00806135  -0.00309804     0.01572856  -0.01572857     0.01724684  -0.01538093
    6    1
  0.00865488   0.00772615     0.01525384   0.00894694     0.01021810   0.01174877
 -0.01711254  -0.00445964    -0.01158314  -0.00065671    -0.01553293   0.00108235
 -0.03935976   0.01376437     0.01809869   0.03756442     0.00902744  -0.02179419
    6    2
  0.01538093   0.01724684    -0.00309804   0.00806135     0.01572857   0.01572857
  0.00346037   0.00479880     0.00915443   0.00915443    -0.00806135   0.00309804
  0.00313593   0.00313593    -0.00479880  -0.00346037     0.01724685   0.01538092
    6    3
 -0.01739873   0.00609117     0.00323271  -0.00113550     0.03125611  -0.00100820
 -0.00052718   0.00206047    -0.00339815  -0.00065917    -0.00323271   0.00113550
  0.01941944  -0.02194533     0.00052718  -0.00206047    -0.01739873   0.00609117
    6    4
  0.00915443  -0.00915443     0.00346037  -0.00479880    -0.00806135  -0.00309804
 -0.00309805  -0.00806135     0.01538092  -0.01724685     0.01572856  -0.01572857
 -0.00479880   0.00346037     0.00313593  -0.00313593     0.01724684  -0.01538093
    6    5
 -0.00339815   0.00065917    -0.00052718  -0.00206047    -0.00323271  -0.00113550
  0.00323271   0.00113550    -0.01739873  -0.00609117     0.03125611   0.00100820
  0.00052718   0.00206047     0.01941944   0.02194533    -0.01739873  -0.00609117
    6    6
  0.04423699   0.00000000    -0.00003563  -0.00501061    -0.00269148  -0.00743283
 -0.00003563   0.00501061     0.04423699  -0.00000000    -0.00269148   0.00743283
 -0.00269148   0.00743283    -0.00269148  -0.00743283     0.06191669  -0.00000000
    6    7
  0.00885306   0.01019288    -0.00491701   0.00000000     0.00913765   0.00240317
 -0.00491701   0.00000000     0.00885305  -0.01019288     0.00913765  -0.00240318
  0.00913765   0.00240317     0.00913765  -0.00240318    -0.02329201   0.00000001
    7    1
 -0.01158314  -0.00065671    -0.01711254  -0.00445964    -0.01553293   0.00108235
  0.01525383   0.00894695     0.00865488   0.00772615     0.01021810   0.01174877
  0.01809868   0.03756443    -0.03935976   0.01376436     0.00902745  -0.02179419
    7    2
 -0.01739873  -0.00609117     0.00323271   0.00113550     0.03125611   0.00100820
 -0.00052718  -0.00206047    -0.00339815   0.00065917    -0.00323271  -0.00113550
  0.01941944   0.02194533     0.00052718   0.00206047    -0.01739873  -0.00609117
    7    3
  0.01538093  -0.01724684    -0.00309804  -0.00806135     0.01572857  -0.01572857
  0.00346037  -0.00479880     0.00915443  -0.00915443    -0.00806135  -0.00309804
  0.00313593  -0.00313593    -0.00479880   0.00346037     0.01724685  -0.01538092
    7    4
 -0.00339815  -0.00065917    -0.00052718   0.00206047    -0.00323271   0.00113550
  0.00323271  -0.00113550    -0.01739873   0.00609117     0.03125611  -0.00100820
  0.00052718  -0.00206047     0.01941944  -0.02194533    -0.01739873   0.00609117
    7    5
  0.00915443   0.00915443     0.00346037   0.00479880    -0.00806135   0.00309804
 -0.00309805   0.00806135     0.01538092   0.01724685     0.01572856   0.01572857
 -0.00479880  -0.00346037     0.00313593   0.00313593     0.01724684   0.01538093
    7    6
  0.00885306  -0.01019288    -0.00491701  -0.00000000     0.00913765  -0.00240317
 -0.00491701  -0.00000000     0.00885305   0.01019288     0.00913765   0.00240318
  0.00913765  -0.00240317     0.00913765   0.00240318    -0.02329201  -0.00000001
    7    7
  0.04423699  -0.00000000    -0.00003563   0.00501061    -0.00269148   0.00743283
 -0.00003563  -0.00501061     0.04423699   0.00000000    -0.00269148  -0.00743283
 -0.00269148  -0.00743283    -0.00269148   0.00743283     0.06191669  -0.00000000

     Dynamical  Matrix in cartesian axes

     q = (   -0.216506400   0.216506400  -0.649519100 ) 

    1    1
  0.13775221   0.00000000    -0.00640202  -0.00000000    -0.00640202   0.00000000
 -0.00640202   0.00000000     0.13775221   0.00000000     0.00640202   0.00000000
 -0.00640202  -0.00000000     0.00640202  -0.00000000     0.13775221   0.00000000
    1    2
  0.00902744   0.02179419     0.01021810  -0.01174877    -0.01553293  -0.00108235
 -0.03935976  -0.01376437     0.00865488  -0.00772615    -0.01711254   0.00445964
  0.01809869  -0.03756442     0.01525384  -0.00894694    -0.01158314   0.00065671
    1    3
  0.00902745   0.02179419    -0.01553293  -0.00108235     0.01021810  -0.01174877
  0.01809868  -0.03756443    -0.01158314   0.00065671     0.01525383  -0.00894695
 -0.03935976  -0.01376436    -0.01711254   0.00445964     0.00865488  -0.00772615
    1    4
 -0.01158314  -0.00065671     0.01809868   0.03756443    -0.01525383  -0.00894695
 -0.01553293   0.00108235     0.00902745  -0.02179419    -0.01021810  -0.01174877
  0.01711254   0.00445964     0.03935976  -0.01376436     0.00865488   0.00772616
    1    5
  0.00772616  -0.00865488     0.01376435   0.03935976     0.00445965  -0.01711253
  0.01174877  -0.01021810    -0.02179419  -0.00902745    -0.00108234  -0.01553293
 -0.00894695   0.01525383    -0.03756443   0.01809867    -0.00065671   0.01158314
    1    6
  0.00772615  -0.00865488     0.00445964  -0.01711254     0.01376436   0.03935976
 -0.00894695   0.01525383    -0.00065671   0.01158314    -0.03756443   0.01809868
  0.01174877  -0.01021810    -0.00108235  -0.01553293    -0.02179419  -0.00902745
    1    7
 -0.01158314  -0.00065671    -0.01525383  -0.00894695     0.01809867   0.03756443
  0.01711253   0.00445965     0.00865488   0.00772616     0.03935977  -0.01376435
