  3.000000000000000E-002   1.26007061404212        2.36059544634539     
          24

     Dynamical  Matrix in cartesian axes

     q = (    0.324759526   0.324759526   0.216506351 ) 

    1    1
  0.06546330   0.00000000     0.00678851   0.00000000     0.00417867   0.00000000
  0.00678851   0.00000000     0.06546330   0.00000000     0.00417867   0.00000000
  0.00417867   0.00000000     0.00417867   0.00000000     0.04238290   0.00000000
    1    2
 -0.01146087  -0.00376821     0.01031937  -0.00386720    -0.00713737  -0.00884243
 -0.00156720  -0.00503431     0.00823634   0.00423791    -0.00345572  -0.00739783
 -0.00711527   0.00370391     0.00560312  -0.00331928    -0.00634692   0.00268945
    1    3
  0.01146087  -0.00376821    -0.01031937  -0.00386720     0.00713737  -0.00884243
  0.00156720  -0.00503431    -0.00823634   0.00423791     0.00345572  -0.00739783
  0.00711527   0.00370391    -0.00560312  -0.00331928     0.00634692   0.00268945
    1    4
 -0.00823634   0.00423791     0.00156720  -0.00503431     0.00345572  -0.00739783
 -0.01031937  -0.00386720     0.01146087  -0.00376821     0.00713737  -0.00884243
 -0.00560312  -0.00331928     0.00711527   0.00370391     0.00634692   0.00268945
    1    5
  0.00823634   0.00423791    -0.00156720  -0.00503431    -0.00345572  -0.00739783
  0.01031937  -0.00386720    -0.01146087  -0.00376821    -0.00713737  -0.00884243
  0.00560312  -0.00331928    -0.00711527   0.00370391    -0.00634692   0.00268945
    1    6
  0.00444623   0.00809153     0.00065126  -0.00095355     0.00734770   0.01671916
 -0.00065126  -0.00095355    -0.00444623   0.00809153    -0.00734770   0.01671916
  0.00521018  -0.00392622    -0.00521018  -0.00392622    -0.00000000   0.00799994
    1    7
 -0.00444623   0.00809153    -0.00065126  -0.00095355    -0.00734770   0.01671916
  0.00065126  -0.00095355     0.00444623   0.00809153     0.00734770   0.01671916
 -0.00521018  -0.00392622     0.00521018  -0.00392622    -0.00000000   0.00799994
    2    1
 -0.01146087   0.00376821    -0.00156720   0.00503431    -0.00711527  -0.00370391
  0.01031937   0.00386720     0.00823634  -0.00423791     0.00560312   0.00331928
 -0.00713737   0.00884243    -0.00345572   0.00739783    -0.00634692  -0.00268945
    2    2
  0.06070517   0.00000000    -0.00038820   0.00148964     0.00688223  -0.00022711
 -0.00038820  -0.00148964     0.04839691   0.00000000     0.00696381  -0.00225276
  0.00688223   0.00022711     0.00696381   0.00225276     0.03963371  -0.00000000
    2    3
  0.01357407  -0.01009299     0.00565960  -0.00839574     0.00702548   0.00410819
  0.00565960  -0.00839574    -0.01221324   0.01536814    -0.00856770   0.00436456
  0.00702548   0.00410819    -0.00856770   0.00436456    -0.01981506  -0.00386876
    2    4
  0.00380595   0.01315445    -0.00243616   0.02916268     0.00808890   0.00467174
 -0.00886308   0.03131024     0.00380595   0.01315445    -0.00606907   0.00649421
 -0.00606907   0.00649421     0.00808890   0.00467174     0.01699423   0.01320660
    2    5
 -0.02435870  -0.00432603     0.00822950   0.00000000     0.00750871  -0.00403464
  0.02755560   0.00000000    -0.02435870   0.00432603     0.00493582  -0.00636067
  0.00493582   0.00636067     0.00750871   0.00403464    -0.00854208   0.00000000
    2    6
 -0.00965741  -0.00860039    -0.00530882  -0.00311774    -0.02671674  -0.01755864
 -0.01233888   0.00229080     0.01181438  -0.01160410    -0.00550435  -0.00284203
 -0.02605202  -0.01669742    -0.01477427  -0.00061076    -0.01274898  -0.00858228
    2    7
 -0.02071886   0.00689694     0.00351543  -0.00455941    -0.00722418   0.00359522
  0.00643207  -0.00854389    -0.00866673   0.00324136     0.00448307   0.00427528
  0.02280611  -0.00251711     0.00754751   0.00584643    -0.01407777  -0.00975710
    3    1
  0.01146087   0.00376821     0.00156720   0.00503431     0.00711527  -0.00370391
 -0.01031937   0.00386720    -0.00823634  -0.00423791    -0.00560312   0.00331928
  0.00713737   0.00884243     0.00345572   0.00739783     0.00634692  -0.00268945
    3    2
  0.01357407   0.01009299     0.00565960   0.00839574     0.00702548  -0.00410819
  0.00565960   0.00839574    -0.01221324  -0.01536814    -0.00856770  -0.00436456
  0.00702548  -0.00410819    -0.00856770  -0.00436456    -0.01981506   0.00386876
    3    3
  0.06070517  -0.00000000    -0.00038820  -0.00148964     0.00688223   0.00022711
 -0.00038820   0.00148964     0.04839691  -0.00000000     0.00696381   0.00225276
  0.00688223  -0.00022711     0.00696381  -0.00225276     0.03963371   0.00000000
    3    4
 -0.02435870   0.00432603     0.00822950  -0.00000000     0.00750871   0.00403464
  0.02755560  -0.00000000    -0.02435870  -0.00432603     0.00493582   0.00636067
  0.00493582  -0.00636067     0.00750871  -0.00403464    -0.00854208   0.00000000
    3    5
  0.00380595  -0.01315445    -0.00243616  -0.02916268     0.00808890  -0.00467174
 -0.00886308  -0.03131024     0.00380595  -0.01315445    -0.00606907  -0.00649421
 -0.00606907  -0.00649421     0.00808890  -0.00467174     0.01699423  -0.01320660
    3    6
 -0.02071886  -0.00689694     0.00351543   0.00455941    -0.00722418  -0.00359522
  0.00643207   0.00854389    -0.00866673  -0.00324136     0.00448307  -0.00427528
  0.02280611   0.00251711     0.00754751  -0.00584643    -0.01407777   0.00975710
    3    7
 -0.00965741   0.00860039    -0.00530882   0.00311774    -0.02671674   0.01755864
 -0.01233888  -0.00229080     0.01181438   0.01160410    -0.00550435   0.00284203
 -0.02605202   0.01669742    -0.01477427   0.00061076    -0.01274898   0.00858228
    4    1
 -0.00823634  -0.00423791    -0.01031937   0.00386720    -0.00560312   0.00331928
  0.00156720   0.00503431     0.01146087   0.00376821     0.00711527  -0.00370391
  0.00345572   0.00739783     0.00713737   0.00884243     0.00634692  -0.00268945
    4    2
  0.00380595  -0.01315445    -0.00886308  -0.03131024    -0.00606907  -0.00649421
 -0.00243616  -0.02916268     0.00380595  -0.01315445     0.00808890  -0.00467174
  0.00808890  -0.00467174    -0.00606907  -0.00649421     0.01699423  -0.01320660
    4    3
 -0.02435870  -0.00432603     0.02755560   0.00000000     0.00493582   0.00636067
  0.00822950   0.00000000    -0.02435870   0.00432603     0.00750871   0.00403464
  0.00750871  -0.00403464     0.00493582  -0.00636067    -0.00854208  -0.00000000
    4    4
  0.04839691  -0.00000000    -0.00038820   0.00148964     0.00696381   0.00225276
 -0.00038820  -0.00148964     0.06070517  -0.00000000     0.00688223   0.00022711
  0.00696381  -0.00225276     0.00688223  -0.00022711     0.03963371   0.00000000
    4    5
 -0.01221324  -0.01536814     0.00565960   0.00839574    -0.00856770  -0.00436456
  0.00565960   0.00839574     0.01357407   0.01009299     0.00702548  -0.00410819
 -0.00856770  -0.00436456     0.00702548  -0.00410819    -0.01981506   0.00386876
    4    6
  0.01181438   0.01160410    -0.01233888  -0.00229080    -0.00550435   0.00284203
 -0.00530882   0.00311774    -0.00965741   0.00860039    -0.02671674   0.01755864
 -0.01477427   0.00061076    -0.02605202   0.01669742    -0.01274898   0.00858228
    4    7
 -0.00866673  -0.00324136     0.00643207   0.00854389     0.00448307  -0.00427528
  0.00351543   0.00455941    -0.02071886  -0.00689694    -0.00722418  -0.00359522
  0.00754751  -0.00584643     0.02280611   0.00251711    -0.01407777   0.00975710
    5    1
  0.00823634  -0.00423791     0.01031937   0.00386720     0.00560312   0.00331928
 -0.00156720   0.00503431    -0.01146087   0.00376821    -0.00711527  -0.00370391
 -0.00345572   0.00739783    -0.00713737   0.00884243    -0.00634692  -0.00268945
    5    2
 -0.02435870   0.00432603     0.02755560   0.00000000     0.00493582  -0.00636067
  0.00822950   0.00000000    -0.02435870  -0.00432603     0.00750871  -0.00403464
  0.00750871   0.00403464     0.00493582   0.00636067    -0.00854208   0.00000000
    5    3
  0.00380595   0.01315445    -0.00886308   0.03131024    -0.00606907   0.00649421
 -0.00243616   0.02916268     0.00380595   0.01315445     0.00808890   0.00467174
  0.00808890   0.00467174    -0.00606907   0.00649421     0.01699423   0.01320660
    5    4
 -0.01221324   0.01536814     0.00565960  -0.00839574    -0.00856770   0.00436456
  0.00565960  -0.00839574     0.01357407  -0.01009299     0.00702548   0.00410819
 -0.00856770   0.00436456     0.00702548   0.00410819    -0.01981506  -0.00386876
    5    5
  0.04839691   0.00000000    -0.00038820  -0.00148964     0.00696381  -0.00225276
 -0.00038820   0.00148964     0.06070517   0.00000000     0.00688223  -0.00022711
  0.00696381   0.00225276     0.00688223   0.00022711     0.03963371  -0.00000000
    5    6
 -0.00866673   0.00324136     0.00643207  -0.00854389     0.00448307   0.00427528
  0.00351543  -0.00455941    -0.02071886   0.00689694    -0.00722418   0.00359522
  0.00754751   0.00584643     0.02280611  -0.00251711    -0.01407777  -0.00975710
    5    7
  0.01181438  -0.01160410    -0.01233888   0.00229080    -0.00550435  -0.00284203
 -0.00530882  -0.00311774    -0.00965741  -0.00860039    -0.02671674  -0.01755864
 -0.01477427  -0.00061076    -0.02605202  -0.01669742    -0.01274898  -0.00858228
    6    1
  0.00444623  -0.00809153    -0.00065126   0.00095355     0.00521018   0.00392622
  0.00065126   0.00095355    -0.00444623  -0.00809153    -0.00521018   0.00392622
  0.00734770  -0.01671916    -0.00734770  -0.01671916    -0.00000000  -0.00799994
    6    2
 -0.00965741   0.00860039    -0.01233888  -0.00229080    -0.02605202   0.01669742
 -0.00530882   0.00311774     0.01181438   0.01160410    -0.01477427   0.00061076
 -0.02671674   0.01755864    -0.00550435   0.00284203    -0.01274898   0.00858228
    6    3
 -0.02071886   0.00689694     0.00643207  -0.00854389     0.02280611  -0.00251711
  0.00351543  -0.00455941    -0.00866673   0.00324136     0.00754751   0.00584643
 -0.00722418   0.00359522     0.00448307   0.00427528    -0.01407777  -0.00975710
    6    4
  0.01181438  -0.01160410    -0.00530882  -0.00311774    -0.01477427  -0.00061076
 -0.01233888   0.00229080    -0.00965741  -0.00860039    -0.02605202  -0.01669742
 -0.00550435  -0.00284203    -0.02671674  -0.01755864    -0.01274898  -0.00858228
    6    5
 -0.00866673  -0.00324136     0.00351543   0.00455941     0.00754751  -0.00584643
  0.00643207   0.00854389    -0.02071886  -0.00689694     0.02280611   0.00251711
  0.00448307  -0.00427528    -0.00722418  -0.00359522    -0.01407777   0.00975710
    6    6
  0.04571198   0.00000000     0.00601293  -0.00155279     0.00584257  -0.00039816
  0.00601293   0.00155279     0.04571198   0.00000000     0.00584257   0.00039816
  0.00584257   0.00039816     0.00584257  -0.00039816     0.04718716  -0.00000000
    6    7
 -0.01690970   0.00587893    -0.01043572  -0.00000000     0.00617727  -0.00446332
 -0.01043572   0.00000000    -0.01690970  -0.00587893     0.00617727   0.00446332
  0.00617727  -0.00446332     0.00617727   0.00446332     0.02244495   0.00000000
    7    1
 -0.00444623  -0.00809153     0.00065126   0.00095355    -0.00521018   0.00392622
 -0.00065126   0.00095355     0.00444623  -0.00809153     0.00521018   0.00392622
 -0.00734770  -0.01671916     0.00734770  -0.01671916    -0.00000000  -0.00799994
    7    2
 -0.02071886  -0.00689694     0.00643207   0.00854389     0.02280611   0.00251711
  0.00351543   0.00455941    -0.00866673  -0.00324136     0.00754751  -0.00584643
 -0.00722418  -0.00359522     0.00448307  -0.00427528    -0.01407777   0.00975710
    7    3
 -0.00965741  -0.00860039    -0.01233888   0.00229080    -0.02605202  -0.01669742
 -0.00530882  -0.00311774     0.01181438  -0.01160410    -0.01477427  -0.00061076
 -0.02671674  -0.01755864    -0.00550435  -0.00284203    -0.01274898  -0.00858228
    7    4
 -0.00866673   0.00324136     0.00351543  -0.00455941     0.00754751   0.00584643
  0.00643207  -0.00854389    -0.02071886   0.00689694     0.02280611  -0.00251711
  0.00448307   0.00427528    -0.00722418   0.00359522    -0.01407777  -0.00975710
    7    5
  0.01181438   0.01160410    -0.00530882   0.00311774    -0.01477427   0.00061076
 -0.01233888  -0.00229080    -0.00965741   0.00860039    -0.02605202   0.01669742
 -0.00550435   0.00284203    -0.02671674   0.01755864    -0.01274898   0.00858228
    7    6
 -0.01690970  -0.00587893    -0.01043572   0.00000000     0.00617727   0.00446332
 -0.01043572  -0.00000000    -0.01690970   0.00587893     0.00617727  -0.00446332
  0.00617727   0.00446332     0.00617727  -0.00446332     0.02244495   0.00000000
    7    7
  0.04571198  -0.00000000     0.00601293   0.00155279     0.00584257   0.00039816
  0.00601293  -0.00155279     0.04571198  -0.00000000     0.00584257  -0.00039816
  0.00584257  -0.00039816     0.00584257   0.00039816     0.04718716   0.00000000

     Dynamical  Matrix in cartesian axes

     q = (   -0.324759526   0.216506351   0.324759526 ) 

    1    1
  0.06546330   0.00000000    -0.00417867   0.00000000    -0.00678851   0.00000000
 -0.00417867   0.00000000     0.04238290   0.00000000     0.00417867   0.00000000
 -0.00678851   0.00000000     0.00417867   0.00000000     0.06546330   0.00000000
    1    2
 -0.00543953  -0.01076858    -0.00120566   0.01129943    -0.01003142  -0.00456237
  0.00765032   0.00241220    -0.00638968  -0.00258623     0.00630909   0.00161492
 -0.00245161   0.00466797     0.00278749  -0.00767462     0.00282732   0.00882062
    1    3
  0.00376821   0.01146087    -0.00884243  -0.00713737    -0.00386720   0.01031937
  0.00370391  -0.00711527    -0.00268945   0.00634692     0.00331928  -0.00560312
 -0.00503431  -0.00156720     0.00739783   0.00345572    -0.00423791  -0.00823634
    1    4
 -0.00257762  -0.00886554     0.00662662   0.01701784    -0.00113477  -0.00021375
 -0.00646042   0.00090790    -0.00565681  -0.00565681    -0.00090790   0.00646042
 -0.00021375  -0.00113477    -0.01701784  -0.00662662    -0.00886554  -0.00257762
    1    5
  0.00444623   0.00809153    -0.00734770  -0.01671916    -0.00065126   0.00095355
 -0.00521018   0.00392622     0.00000000   0.00799994    -0.00521018  -0.00392622
  0.00065126   0.00095355    -0.00734770   0.01671916    -0.00444623   0.00809153
    1    6
  0.00823634   0.00423791     0.00345572   0.00739783     0.00156720   0.00503431
 -0.00560312   0.00331928    -0.00634692   0.00268945    -0.00711527   0.00370391
 -0.01031937   0.00386720    -0.00713737  -0.00884243    -0.01146087  -0.00376821
    1    7
  0.00282732  -0.00882062    -0.00278749  -0.00767462    -0.00245161  -0.00466797
 -0.00630909   0.00161492    -0.00638968   0.00258623    -0.00765032   0.00241220
 -0.01003142   0.00456237     0.00120566   0.01129943    -0.00543953   0.01076858
    2    1
 -0.00543953   0.01076858     0.00765032  -0.00241220    -0.00245161  -0.00466797
 -0.00120566  -0.01129943    -0.00638968   0.00258623     0.00278749   0.00767462
 -0.01003142   0.00456237     0.00630909  -0.00161492     0.00282732  -0.00882062
    2    2
  0.06070517   0.00000000    -0.00688223   0.00022711     0.00038820  -0.00148964
 -0.00688223  -0.00022711     0.03963371  -0.00000000     0.00696381   0.00225276
  0.00038820   0.00148964     0.00696381  -0.00225276     0.04839691   0.00000000
    2    3
  0.01673513   0.00246150    -0.00206283  -0.00787269    -0.00993863   0.00193474
 -0.00206283  -0.00787269    -0.01127573  -0.01674699    -0.00914449  -0.00297207
 -0.00993863   0.00193474    -0.00914449  -0.00297207    -0.01950298   0.00223085
    2    4
 -0.00689694  -0.02071886     0.00359522   0.00722418    -0.00455941  -0.00351543
 -0.00251711  -0.02280611     0.00975710  -0.01407777    -0.00584643   0.00754751
 -0.00854389  -0.00643207    -0.00427528   0.00448307    -0.00324136  -0.00866673
    2    5
 -0.01291021   0.00074743     0.03130742  -0.00647576     0.00595848  -0.00154933
  0.03022841  -0.00661470    -0.01508348   0.00294630    -0.01087886   0.01001511
  0.00710506  -0.01034475    -0.00590178   0.00188254     0.00014869  -0.01655937
    2    6
 -0.02028317   0.01416523    -0.00245653   0.00816238    -0.00581913   0.00581913
 -0.00798782  -0.00100752    -0.00604016   0.00604016     0.00816238  -0.00245653
 -0.01948475   0.01948475    -0.00100752  -0.00798782    -0.01416523   0.02028317
    2    7
 -0.01315445   0.00380595     0.00467174  -0.00808890     0.02916268   0.00243616
  0.00649421   0.00606907    -0.01320660   0.01699423    -0.00467174   0.00808890
  0.03131024   0.00886308    -0.00649421  -0.00606907    -0.01315445   0.00380595
    3    1
  0.00376821  -0.01146087     0.00370391   0.00711527    -0.00503431   0.00156720
 -0.00884243   0.00713737    -0.00268945  -0.00634692     0.00739783  -0.00345572
 -0.00386720  -0.01031937     0.00331928   0.00560312    -0.00423791   0.00823634
    3    2
  0.01673513  -0.00246150    -0.00206283   0.00787269    -0.00993863  -0.00193474
 -0.00206283   0.00787269    -0.01127573   0.01674699    -0.00914449   0.00297207
 -0.00993863  -0.00193474    -0.00914449   0.00297207    -0.01950298  -0.00223085
    3    3
  0.06070517  -0.00000000    -0.00688223  -0.00022711     0.00038820   0.00148964
 -0.00688223   0.00022711     0.03963371   0.00000000     0.00696381  -0.00225276
  0.00038820  -0.00148964     0.00696381   0.00225276     0.04839691  -0.00000000
    3    4
 -0.01291021  -0.00074743     0.03130742   0.00647576     0.00595848   0.00154933
  0.03022841   0.00661470    -0.01508348  -0.00294630    -0.01087886  -0.01001511
  0.00710506   0.01034475    -0.00590178  -0.00188254     0.00014869   0.01655937
    3    5
 -0.00689694   0.02071886     0.00359522  -0.00722418    -0.00455941   0.00351543
 -0.00251711   0.02280611     0.00975710   0.01407777    -0.00584643  -0.00754751
 -0.00854389   0.00643207    -0.00427528  -0.00448307    -0.00324136   0.00866673
    3    6
 -0.01315445  -0.00380595     0.00467174   0.00808890     0.02916268  -0.00243616
  0.00649421  -0.00606907    -0.01320660  -0.01699423    -0.00467174  -0.00808890
  0.03131024  -0.00886308    -0.00649421   0.00606907    -0.01315445  -0.00380595
    3    7
 -0.02028317  -0.01416523    -0.00245653  -0.00816238    -0.00581913  -0.00581913
 -0.00798782   0.00100752    -0.00604016  -0.00604016     0.00816238   0.00245653
 -0.01948475  -0.01948475    -0.00100752   0.00798782    -0.01416523  -0.02028317
    4    1
 -0.00257762   0.00886554    -0.00646042  -0.00090790    -0.00021375   0.00113477
  0.00662662  -0.01701784    -0.00565681   0.00565681    -0.01701784   0.00662662
 -0.00113477   0.00021375    -0.00090790  -0.00646042    -0.00886554   0.00257762
    4    2
 -0.00689694   0.02071886    -0.00251711   0.02280611    -0.00854389   0.00643207
  0.00359522  -0.00722418     0.00975710   0.01407777    -0.00427528  -0.00448307
 -0.00455941   0.00351543    -0.00584643  -0.00754751    -0.00324136   0.00866673
    4    3
 -0.01291021   0.00074743     0.03022841  -0.00661470     0.00710506  -0.01034475
  0.03130742  -0.00647576    -0.01508348   0.00294630    -0.00590178   0.00188254
  0.00595848  -0.00154933    -0.01087886   0.01001511     0.00014869  -0.01655937
    4    4
  0.04571198   0.00000000    -0.00584257  -0.00039816    -0.00601293  -0.00155279
 -0.00584257   0.00039816     0.04718716  -0.00000000     0.00584257   0.00039816
 -0.00601293   0.00155279     0.00584257  -0.00039816     0.04571198   0.00000000
    4    5
  0.00779993   0.01611400     0.00121194   0.00752403    -0.00737917  -0.00737917
  0.00121194   0.00752403    -0.01587098  -0.01587098    -0.00752403  -0.00121194
 -0.00737917  -0.00737917    -0.00752403  -0.00121194     0.01611400   0.00779993
    4    6
 -0.00014869  -0.01655937    -0.01087886  -0.01001511    -0.00595848  -0.00154933
 -0.00590178  -0.00188254     0.01508348   0.00294630     0.03130742   0.00647576
 -0.00710506  -0.01034475     0.03022841   0.00661470     0.01291021   0.00074743
    4    7
 -0.00866673   0.00324136    -0.00754751  -0.00584643    -0.00351543   0.00455941
 -0.00448307  -0.00427528    -0.01407777  -0.00975710    -0.00722418   0.00359522
 -0.00643207   0.00854389     0.02280611  -0.00251711    -0.02071886   0.00689694
    5    1
  0.00444623  -0.00809153    -0.00521018  -0.00392622     0.00065126  -0.00095355
 -0.00734770   0.01671916     0.00000000  -0.00799994    -0.00734770  -0.01671916
 -0.00065126  -0.00095355    -0.00521018   0.00392622    -0.00444623  -0.00809153
    5    2
 -0.01291021  -0.00074743     0.03022841   0.00661470     0.00710506   0.01034475
  0.03130742   0.00647576    -0.01508348  -0.00294630    -0.00590178  -0.00188254
  0.00595848   0.00154933    -0.01087886  -0.01001511     0.00014869   0.01655937
    5    3
 -0.00689694  -0.02071886    -0.00251711  -0.02280611    -0.00854389  -0.00643207
  0.00359522   0.00722418     0.00975710  -0.01407777    -0.00427528   0.00448307
 -0.00455941  -0.00351543    -0.00584643   0.00754751    -0.00324136  -0.00866673
    5    4
  0.00779993  -0.01611400     0.00121194  -0.00752403    -0.00737917   0.00737917
  0.00121194  -0.00752403    -0.01587098   0.01587098    -0.00752403   0.00121194
 -0.00737917   0.00737917    -0.00752403   0.00121194     0.01611400  -0.00779993
    5    5
  0.04571198   0.00000000    -0.00584257   0.00039816    -0.00601293   0.00155279
 -0.00584257  -0.00039816     0.04718716   0.00000000     0.00584257  -0.00039816
 -0.00601293  -0.00155279     0.00584257   0.00039816     0.04571198  -0.00000000
    5    6
 -0.00866673  -0.00324136    -0.00754751   0.00584643    -0.00351543  -0.00455941
 -0.00448307   0.00427528    -0.01407777   0.00975710    -0.00722418  -0.00359522
 -0.00643207  -0.00854389     0.02280611   0.00251711    -0.02071886  -0.00689694
    5    7
 -0.00014869   0.01655937    -0.01087886   0.01001511    -0.00595848   0.00154933
 -0.00590178   0.00188254     0.01508348  -0.00294630     0.03130742  -0.00647576
 -0.00710506   0.01034475     0.03022841  -0.00661470     0.01291021  -0.00074743
    6    1
  0.00823634  -0.00423791    -0.00560312  -0.00331928    -0.01031937  -0.00386720
  0.00345572  -0.00739783    -0.00634692  -0.00268945    -0.00713737   0.00884243
  0.00156720  -0.00503431    -0.00711527  -0.00370391    -0.01146087   0.00376821
    6    2
 -0.02028317  -0.01416523    -0.00798782   0.00100752    -0.01948475  -0.01948475
 -0.00245653  -0.00816238    -0.00604016  -0.00604016    -0.00100752   0.00798782
 -0.00581913  -0.00581913     0.00816238   0.00245653    -0.01416523  -0.02028317
    6    3
 -0.01315445   0.00380595     0.00649421   0.00606907     0.03131024   0.00886308
  0.00467174  -0.00808890    -0.01320660   0.01699423    -0.00649421  -0.00606907
  0.02916268   0.00243616    -0.00467174   0.00808890    -0.01315445   0.00380595
    6    4
 -0.00014869   0.01655937    -0.00590178   0.00188254    -0.00710506   0.01034475
 -0.01087886   0.01001511     0.01508348  -0.00294630     0.03022841  -0.00661470
 -0.00595848   0.00154933     0.03130742  -0.00647576     0.01291021  -0.00074743
    6    5
 -0.00866673   0.00324136    -0.00448307  -0.00427528    -0.00643207   0.00854389
 -0.00754751  -0.00584643    -0.01407777  -0.00975710     0.02280611  -0.00251711
 -0.00351543   0.00455941    -0.00722418   0.00359522    -0.02071886   0.00689694
    6    6
  0.04839691   0.00000000    -0.00696381   0.00225276     0.00038820   0.00148964
 -0.00696381  -0.00225276     0.03963371  -0.00000000     0.00688223   0.00022711
  0.00038820  -0.00148964     0.00688223  -0.00022711     0.06070517  -0.00000000
    6    7
 -0.00223085  -0.01950298    -0.00297207   0.00914449    -0.00193474  -0.00993863
 -0.00297207   0.00914449     0.01674699  -0.01127573    -0.00787269   0.00206283
 -0.00193474  -0.00993863    -0.00787269   0.00206283    -0.00246150   0.01673513
    7    1
  0.00282732   0.00882062    -0.00630909  -0.00161492    -0.01003142  -0.00456237
 -0.00278749   0.00767462    -0.00638968  -0.00258623     0.00120566  -0.01129943
 -0.00245161   0.00466797    -0.00765032  -0.00241220    -0.00543953  -0.01076858
    7    2
 -0.01315445  -0.00380595     0.00649421  -0.00606907     0.03131024  -0.00886308
  0.00467174   0.00808890    -0.01320660  -0.01699423    -0.00649421   0.00606907
  0.02916268  -0.00243616    -0.00467174  -0.00808890    -0.01315445  -0.00380595
    7    3
 -0.02028317   0.01416523    -0.00798782  -0.00100752    -0.01948475   0.01948475
 -0.00245653   0.00816238    -0.00604016   0.00604016    -0.00100752  -0.00798782
 -0.00581913   0.00581913     0.00816238  -0.00245653    -0.01416523   0.02028317
    7    4
 -0.00866673  -0.00324136    -0.00448307   0.00427528    -0.00643207  -0.00854389
 -0.00754751   0.00584643    -0.01407777   0.00975710     0.02280611   0.00251711
 -0.00351543  -0.00455941    -0.00722418  -0.00359522    -0.02071886  -0.00689694
    7    5
 -0.00014869  -0.01655937    -0.00590178  -0.00188254    -0.00710506  -0.01034475
 -0.01087886  -0.01001511     0.01508348   0.00294630     0.03022841   0.00661470
 -0.00595848  -0.00154933     0.03130742   0.00647576     0.01291021   0.00074743
    7    6
 -0.00223085   0.01950298    -0.00297207  -0.00914449    -0.00193474   0.00993863
 -0.00297207  -0.00914449     0.01674699   0.01127573    -0.00787269  -0.00206283
 -0.00193474   0.00993863    -0.00787269  -0.00206283    -0.00246150  -0.01673513
    7    7
  0.04839691  -0.00000000    -0.00696381  -0.00225276     0.00038820  -0.00148964
 -0.00696381   0.00225276     0.03963371   0.00000000     0.00688223  -0.00022711
  0.00038820   0.00148964     0.00688223   0.00022711     0.06070517   0.00000000

     Dynamical  Matrix in cartesian axes

     q = (    0.324759526   0.216506351   0.324759526 ) 

    1    1
  0.06546330   0.00000000     0.00417867   0.00000000     0.00678851   0.00000000
  0.00417867   0.00000000     0.04238290   0.00000000     0.00417867   0.00000000
  0.00678851   0.00000000     0.00417867   0.00000000     0.06546330   0.00000000
    1    2
  0.01146087  -0.00376821     0.00713737  -0.00884243    -0.01031937  -0.00386720
  0.00711527   0.00370391     0.00634692   0.00268945    -0.00560312  -0.00331928
  0.00156720  -0.00503431     0.00345572  -0.00739783    -0.00823634   0.00423791
    1    3
 -0.01146087  -0.00376821    -0.00713737  -0.00884243     0.01031937  -0.00386720
 -0.00711527   0.00370391    -0.00634692   0.00268945     0.00560312  -0.00331928
 -0.00156720  -0.00503431    -0.00345572  -0.00739783     0.00823634   0.00423791
    1    4
 -0.00444623   0.00809153    -0.00734770   0.01671916    -0.00065126  -0.00095355
 -0.00521018  -0.00392622    -0.00000000   0.00799994     0.00521018  -0.00392622
  0.00065126  -0.00095355     0.00734770   0.01671916     0.00444623   0.00809153
    1    5
  0.00444623   0.00809153     0.00734770   0.01671916     0.00065126  -0.00095355
  0.00521018  -0.00392622     0.00000000   0.00799994    -0.00521018  -0.00392622
 -0.00065126  -0.00095355    -0.00734770   0.01671916    -0.00444623   0.00809153
    1    6
  0.00823634   0.00423791    -0.00345572  -0.00739783    -0.00156720  -0.00503431
  0.00560312  -0.00331928    -0.00634692   0.00268945    -0.00711527   0.00370391
  0.01031937  -0.00386720    -0.00713737  -0.00884243    -0.01146087  -0.00376821
    1    7
 -0.00823634   0.00423791     0.00345572  -0.00739783     0.00156720  -0.00503431
 -0.00560312  -0.00331928     0.00634692   0.00268945     0.00711527   0.00370391
 -0.01031937  -0.00386720     0.00713737  -0.00884243     0.01146087  -0.00376821
    2    1
  0.01146087   0.00376821     0.00711527  -0.00370391     0.00156720   0.00503431
  0.00713737   0.00884243     0.00634692  -0.00268945     0.00345572   0.00739783
 -0.01031937   0.00386720    -0.00560312   0.00331928    -0.00823634  -0.00423791
    2    2
  0.06070517   0.00000000     0.00688223   0.00022711    -0.00038820  -0.00148964
  0.00688223  -0.00022711     0.03963371   0.00000000     0.00696381  -0.00225276
 -0.00038820   0.00148964     0.00696381   0.00225276     0.04839691  -0.00000000
    2    3
  0.01357407   0.01009299     0.00702548  -0.00410819     0.00565960   0.00839574
  0.00702548  -0.00410819    -0.01981506   0.00386876    -0.00856770  -0.00436456
  0.00565960   0.00839574    -0.00856770  -0.00436456    -0.01221324  -0.01536814
    2    4
 -0.00965741   0.00860039    -0.02671674   0.01755864    -0.00530882   0.00311774
 -0.02605202   0.01669742    -0.01274898   0.00858228    -0.01477427   0.00061076
 -0.01233888  -0.00229080    -0.00550435   0.00284203     0.01181438   0.01160410
    2    5
 -0.02071886  -0.00689694    -0.00722418  -0.00359522     0.00351543   0.00455941
  0.02280611   0.00251711    -0.01407777   0.00975710     0.00754751  -0.00584643
  0.00643207   0.00854389     0.00448307  -0.00427528    -0.00866673  -0.00324136
    2    6
  0.00380595  -0.01315445     0.00808890  -0.00467174    -0.00243616  -0.02916268
 -0.00606907  -0.00649421     0.01699423  -0.01320660     0.00808890  -0.00467174
 -0.00886308  -0.03131024    -0.00606907  -0.00649421     0.00380595  -0.01315445
    2    7
 -0.02435870   0.00432603     0.00750871   0.00403464     0.00822950   0.00000000
  0.00493582  -0.00636067    -0.00854208  -0.00000000     0.00750871  -0.00403464
  0.02755560   0.00000000     0.00493582   0.00636067    -0.02435870  -0.00432603
    3    1
 -0.01146087   0.00376821    -0.00711527  -0.00370391    -0.00156720   0.00503431
 -0.00713737   0.00884243    -0.00634692  -0.00268945    -0.00345572   0.00739783
  0.01031937   0.00386720     0.00560312   0.00331928     0.00823634  -0.00423791
    3    2
  0.01357407  -0.01009299     0.00702548   0.00410819     0.00565960  -0.00839574
  0.00702548   0.00410819    -0.01981506  -0.00386876    -0.00856770   0.00436456
  0.00565960  -0.00839574    -0.00856770   0.00436456    -0.01221324   0.01536814
    3    3
  0.06070517  -0.00000000     0.00688223  -0.00022711    -0.00038820   0.00148964
  0.00688223   0.00022711     0.03963371  -0.00000000     0.00696381   0.00225276
 -0.00038820  -0.00148964     0.00696381  -0.00225276     0.04839691   0.00000000
    3    4
 -0.02071886   0.00689694    -0.00722418   0.00359522     0.00351543  -0.00455941
  0.02280611  -0.00251711    -0.01407777  -0.00975710     0.00754751   0.00584643
  0.00643207  -0.00854389     0.00448307   0.00427528    -0.00866673   0.00324136
    3    5
 -0.00965741  -0.00860039    -0.02671674  -0.01755864    -0.00530882  -0.00311774
 -0.02605202  -0.01669742    -0.01274898  -0.00858228    -0.01477427  -0.00061076
 -0.01233888   0.00229080    -0.00550435  -0.00284203     0.01181438  -0.01160410
    3    6
 -0.02435870  -0.00432603     0.00750871  -0.00403464     0.00822950  -0.00000000
  0.00493582   0.00636067    -0.00854208   0.00000000     0.00750871   0.00403464
  0.02755560  -0.00000000     0.00493582  -0.00636067    -0.02435870   0.00432603
    3    7
  0.00380595   0.01315445     0.00808890   0.00467174    -0.00243616   0.02916268
 -0.00606907   0.00649421     0.01699423   0.01320660     0.00808890   0.00467174
 -0.00886308   0.03131024    -0.00606907   0.00649421     0.00380595   0.01315445
    4    1
 -0.00444623  -0.00809153    -0.00521018   0.00392622     0.00065126   0.00095355
 -0.00734770  -0.01671916    -0.00000000  -0.00799994     0.00734770  -0.01671916
 -0.00065126   0.00095355     0.00521018   0.00392622     0.00444623  -0.00809153
    4    2
 -0.00965741  -0.00860039    -0.02605202  -0.01669742    -0.01233888   0.00229080
 -0.02671674  -0.01755864    -0.01274898  -0.00858228    -0.00550435  -0.00284203
 -0.00530882  -0.00311774    -0.01477427  -0.00061076     0.01181438  -0.01160410
    4    3
 -0.02071886  -0.00689694     0.02280611   0.00251711     0.00643207   0.00854389
 -0.00722418  -0.00359522    -0.01407777   0.00975710     0.00448307  -0.00427528
  0.00351543   0.00455941     0.00754751  -0.00584643    -0.00866673  -0.00324136
    4    4
  0.04571198  -0.00000000     0.00584257   0.00039816     0.00601293   0.00155279
  0.00584257  -0.00039816     0.04718716   0.00000000     0.00584257   0.00039816
  0.00601293  -0.00155279     0.00584257  -0.00039816     0.04571198   0.00000000
    4    5
 -0.01690970  -0.00587893     0.00617727   0.00446332    -0.01043572   0.00000000
  0.00617727   0.00446332     0.02244495   0.00000000     0.00617727  -0.00446332
 -0.01043572  -0.00000000     0.00617727  -0.00446332    -0.01690970   0.00587893
    4    6
  0.01181438   0.01160410    -0.01477427   0.00061076    -0.00530882   0.00311774
 -0.00550435   0.00284203    -0.01274898   0.00858228    -0.02671674   0.01755864
 -0.01233888  -0.00229080    -0.02605202   0.01669742    -0.00965741   0.00860039
    4    7
 -0.00866673   0.00324136     0.00754751   0.00584643     0.00351543  -0.00455941
  0.00448307   0.00427528    -0.01407777  -0.00975710    -0.00722418   0.00359522
  0.00643207  -0.00854389     0.02280611  -0.00251711    -0.02071886   0.00689694
    5    1
  0.00444623  -0.00809153     0.00521018   0.00392622    -0.00065126   0.00095355
  0.00734770  -0.01671916    -0.00000000  -0.00799994    -0.00734770  -0.01671916
  0.00065126   0.00095355    -0.00521018   0.00392622    -0.00444623  -0.00809153
    5    2
 -0.02071886   0.00689694     0.02280611  -0.00251711     0.00643207  -0.00854389
 -0.00722418   0.00359522    -0.01407777  -0.00975710     0.00448307   0.00427528
  0.00351543  -0.00455941     0.00754751   0.00584643    -0.00866673   0.00324136
    5    3
 -0.00965741   0.00860039    -0.02605202   0.01669742    -0.01233888  -0.00229080
 -0.02671674   0.01755864    -0.01274898   0.00858228    -0.00550435   0.00284203
 -0.00530882   0.00311774    -0.01477427   0.00061076     0.01181438   0.01160410
    5    4
 -0.01690970   0.00587893     0.00617727  -0.00446332    -0.01043572   0.00000000
  0.00617727  -0.00446332     0.02244495   0.00000000     0.00617727   0.00446332
 -0.01043572   0.00000000     0.00617727   0.00446332    -0.01690970  -0.00587893
    5    5
  0.04571198   0.00000000     0.00584257  -0.00039816     0.00601293  -0.00155279
  0.00584257   0.00039816     0.04718716  -0.00000000     0.00584257  -0.00039816
  0.00601293   0.00155279     0.00584257   0.00039816     0.04571198   0.00000000
    5    6
 -0.00866673  -0.00324136     0.00754751  -0.00584643     0.00351543   0.00455941
  0.00448307  -0.00427528    -0.01407777   0.00975710    -0.00722418  -0.00359522
  0.00643207   0.00854389     0.02280611   0.00251711    -0.02071886  -0.00689694
    5    7
  0.01181438  -0.01160410    -0.01477427  -0.00061076    -0.00530882  -0.00311774
 -0.00550435  -0.00284203    -0.01274898  -0.00858228    -0.02671674  -0.01755864
 -0.01233888   0.00229080    -0.02605202  -0.01669742    -0.00965741  -0.00860039
    6    1
  0.00823634  -0.00423791     0.00560312   0.00331928     0.01031937   0.00386720
 -0.00345572   0.00739783    -0.00634692  -0.00268945    -0.00713737   0.00884243
 -0.00156720   0.00503431    -0.00711527  -0.00370391    -0.01146087   0.00376821
    6    2
  0.00380595   0.01315445    -0.00606907   0.00649421    -0.00886308   0.03131024
  0.00808890   0.00467174     0.01699423   0.01320660    -0.00606907   0.00649421
 -0.00243616   0.02916268     0.00808890   0.00467174     0.00380595   0.01315445
    6    3
 -0.02435870   0.00432603     0.00493582  -0.00636067     0.02755560   0.00000000
  0.00750871   0.00403464    -0.00854208  -0.00000000     0.00493582   0.00636067
  0.00822950   0.00000000     0.00750871  -0.00403464    -0.02435870  -0.00432603
    6    4
  0.01181438  -0.01160410    -0.00550435  -0.00284203    -0.01233888   0.00229080
 -0.01477427  -0.00061076    -0.01274898  -0.00858228    -0.02605202  -0.01669742
 -0.00530882  -0.00311774    -0.02671674  -0.01755864    -0.00965741  -0.00860039
    6    5
 -0.00866673   0.00324136     0.00448307   0.00427528     0.00643207  -0.00854389
  0.00754751   0.00584643    -0.01407777  -0.00975710     0.02280611  -0.00251711
  0.00351543  -0.00455941    -0.00722418   0.00359522    -0.02071886   0.00689694
    6    6
  0.04839691   0.00000000     0.00696381  -0.00225276    -0.00038820  -0.00148964
  0.00696381   0.00225276     0.03963371  -0.00000000     0.00688223   0.00022711
 -0.00038820   0.00148964     0.00688223  -0.00022711     0.06070517   0.00000000
    6    7
 -0.01221324   0.01536814    -0.00856770   0.00436456     0.00565960  -0.00839574
 -0.00856770   0.00436456    -0.01981506  -0.00386876     0.00702548   0.00410819
  0.00565960  -0.00839574     0.00702548   0.00410819     0.01357407  -0.01009299
    7    1
 -0.00823634  -0.00423791    -0.00560312   0.00331928    -0.01031937   0.00386720
  0.00345572   0.00739783     0.00634692  -0.00268945     0.00713737   0.00884243
  0.00156720   0.00503431     0.00711527  -0.00370391     0.01146087   0.00376821
    7    2
 -0.02435870  -0.00432603     0.00493582   0.00636067     0.02755560  -0.00000000
  0.00750871  -0.00403464    -0.00854208   0.00000000     0.00493582  -0.00636067
  0.00822950  -0.00000000     0.00750871   0.00403464    -0.02435870   0.00432603
    7    3
  0.00380595  -0.01315445    -0.00606907  -0.00649421    -0.00886308  -0.03131024
  0.00808890  -0.00467174     0.01699423  -0.01320660    -0.00606907  -0.00649421
 -0.00243616  -0.02916268     0.00808890  -0.00467174     0.00380595  -0.01315445
    7    4
 -0.00866673  -0.00324136     0.00448307  -0.00427528     0.00643207   0.00854389
  0.00754751  -0.00584643    -0.01407777   0.00975710     0.02280611   0.00251711
  0.00351543   0.00455941    -0.00722418  -0.00359522    -0.02071886  -0.00689694
    7    5
  0.01181438   0.01160410    -0.00550435   0.00284203    -0.01233888  -0.00229080
 -0.01477427   0.00061076    -0.01274898   0.00858228    -0.02605202   0.01669742
 -0.00530882   0.00311774    -0.02671674   0.01755864    -0.00965741   0.00860039
    7    6
 -0.01221324  -0.01536814    -0.00856770  -0.00436456     0.00565960   0.00839574
 -0.00856770  -0.00436456    -0.01981506   0.00386876     0.00702548  -0.00410819
  0.00565960   0.00839574     0.00702548  -0.00410819     0.01357407   0.01009299
    7    7
  0.04839691  -0.00000000     0.00696381   0.00225276    -0.00038820   0.00148964
  0.00696381  -0.00225276     0.03963371   0.00000000     0.00688223  -0.00022711
 -0.00038820  -0.00148964     0.00688223   0.00022711     0.06070517  -0.00000000

     Dynamical  Matrix in cartesian axes

     q = (    0.324759526  -0.324759526   0.216506351 ) 

    1    1
  0.06546330   0.00000000    -0.00678851   0.00000000     0.00417867   0.00000000
 -0.00678851   0.00000000     0.06546330   0.00000000    -0.00417867   0.00000000
  0.00417867   0.00000000    -0.00417867   0.00000000     0.04238290   0.00000000
    1    2
 -0.01146087  -0.00376821    -0.01031937   0.00386720    -0.00713737  -0.00884243
  0.00156720   0.00503431     0.00823634   0.00423791     0.00345572   0.00739783
 -0.00711527   0.00370391    -0.00560312   0.00331928    -0.00634692   0.00268945
    1    3
 -0.00543953   0.01076858    -0.01003142   0.00456237     0.00120566   0.01129943
 -0.00245161  -0.00466797     0.00282732  -0.00882062    -0.00278749  -0.00767462
 -0.00765032   0.00241220    -0.00630909   0.00161492    -0.00638968   0.00258623
    1    4
  0.00282732   0.00882062    -0.00245161   0.00466797     0.00278749  -0.00767462
 -0.01003142  -0.00456237    -0.00543953  -0.01076858    -0.00120566   0.01129943
  0.00630909   0.00161492     0.00765032   0.00241220    -0.00638968  -0.00258623
    1    5
 -0.00423791  -0.00823634    -0.00503431  -0.00156720     0.00739783   0.00345572
 -0.00386720   0.01031937     0.00376821   0.01146087    -0.00884243  -0.00713737
  0.00331928  -0.00560312     0.00370391  -0.00711527    -0.00268945   0.00634692
    1    6
 -0.00886554  -0.00257762    -0.00021375  -0.00113477    -0.01701784  -0.00662662
 -0.00113477  -0.00021375    -0.00257762  -0.00886554     0.00662662   0.01701784
 -0.00090790   0.00646042    -0.00646042   0.00090790    -0.00565681  -0.00565681
    1    7
 -0.00444623   0.00809153     0.00065126   0.00095355    -0.00734770   0.01671916
 -0.00065126   0.00095355     0.00444623   0.00809153    -0.00734770  -0.01671916
