  1.500000000000000E-002   1.26023585003145        2.23508645248256     
           6

     Dynamical  Matrix in cartesian axes

     q = (    0.000000000   0.000000000   0.433012700 ) 

    1    1
  0.02778087   0.00000000    -0.00000000   0.00000000    -0.00000000   0.00000000
 -0.00000000   0.00000000     0.02778087   0.00000000    -0.00000000   0.00000000
 -0.00000000   0.00000000    -0.00000000   0.00000000     0.36941825   0.00000000
    1    2
  0.00000000  -0.00111699     0.00000000  -0.00000000    -0.01464365  -0.00000000
  0.00000000  -0.00000000    -0.00000000   0.00050167     0.00000000   0.00000000
 -0.07363934  -0.00000000     0.00000000   0.00000000     0.00000000  -0.02771951
    1    3
  0.00111699  -0.00000000     0.00000000  -0.00000000     0.00000000   0.01464365
  0.00000000  -0.00000000    -0.00050167   0.00000000    -0.00000000   0.00000000
  0.00000000   0.07363934    -0.00000000   0.00000000     0.02771951  -0.00000000
    1    4
 -0.00050167  -0.00000000     0.00000000  -0.00000000    -0.00000000   0.00000000
  0.00000000  -0.00000000     0.00111699  -0.00000000     0.00000000   0.01464365
 -0.00000000   0.00000000     0.00000000   0.07363934     0.02771951  -0.00000000
    1    5
 -0.00000000   0.00050167     0.00000000  -0.00000000     0.00000000   0.00000000
  0.00000000  -0.00000000     0.00000000  -0.00111699    -0.01464365  -0.00000000
  0.00000000   0.00000000    -0.07363934  -0.00000000     0.00000000  -0.02771951
    1    6
 -0.00221269   0.01086047     0.00000000  -0.00000000     0.00000000  -0.00000000
  0.00000000  -0.00000000    -0.01086047   0.00221269     0.00000000  -0.00000000
  0.00000000  -0.00000000     0.00000000  -0.00000000    -0.01193843   0.01193843
    1    7
 -0.01086047   0.00221269     0.00000000  -0.00000000     0.00000000  -0.00000000
  0.00000000  -0.00000000    -0.00221269   0.01086047     0.00000000  -0.00000000
  0.00000000  -0.00000000     0.00000000  -0.00000000    -0.01193843   0.01193843
    2    1
  0.00000000   0.00111699     0.00000000   0.00000000    -0.07363934   0.00000000
  0.00000000   0.00000000    -0.00000000  -0.00050167    -0.00000000  -0.00000000
 -0.01464365   0.00000000    -0.00000000  -0.00000000     0.00000000   0.02771951
    2    2
  0.03389772   0.00000000     0.00000000  -0.00000000    -0.00000000   0.00104370
  0.00000000   0.00000000     0.07050502   0.00000000    -0.00000000   0.00000000
 -0.00000000  -0.00104370    -0.00000000   0.00000000     0.05733104  -0.00000000
    2    3
 -0.00000000  -0.01818479     0.00000000   0.00000000    -0.00654155   0.00000000
  0.00000000   0.00000000    -0.00000000  -0.06681236     0.00000000  -0.00000000
 -0.00654155   0.00000000    -0.00000000   0.00000000     0.00000000   0.01220132
    2    4
 -0.00000000  -0.00220297    -0.00000000  -0.02088417    -0.00780340   0.00000000
 -0.00000000  -0.06740797    -0.00000000  -0.00220297     0.00106757  -0.00000000
  0.00106757  -0.00000000    -0.00780340   0.00000000     0.00000000   0.01218191
    2    5
 -0.00220297   0.00000000     0.02088417   0.00000000     0.00000000   0.00780340
  0.06740797  -0.00000000    -0.00220297   0.00000000     0.00000000   0.00106757
  0.00000000  -0.00106757     0.00000000  -0.00780340     0.01218191   0.00000000
    2    6
  0.00060005  -0.00358187    -0.00000000   0.00000000     0.00161375  -0.01118589
 -0.00000000   0.00000000     0.00095543   0.00011894    -0.00000000   0.00000000
  0.00273154  -0.01812147    -0.00000000   0.00000000     0.00146143  -0.02984360
    2    7
 -0.00358187   0.00060005    -0.00000000   0.00000000     0.01118589  -0.00161375
 -0.00000000   0.00000000     0.00011894   0.00095543     0.00000000  -0.00000000
  0.01812147  -0.00273154     0.00000000  -0.00000000    -0.02984360   0.00146144
    3    1
  0.00111699   0.00000000    -0.00000000   0.00000000     0.00000000  -0.07363934
  0.00000000   0.00000000    -0.00050167   0.00000000    -0.00000000   0.00000000
  0.00000000  -0.01464365    -0.00000000   0.00000000     0.02771951   0.00000000
    3    2
 -0.00000000   0.01818479     0.00000000  -0.00000000    -0.00654155  -0.00000000
  0.00000000  -0.00000000    -0.00000000   0.06681236     0.00000000   0.00000000
 -0.00654155  -0.00000000    -0.00000000  -0.00000000     0.00000000  -0.01220132
    3    3
  0.03389772  -0.00000000     0.00000000   0.00000000    -0.00000000  -0.00104370
  0.00000000  -0.00000000     0.07050502  -0.00000000    -0.00000000  -0.00000000
 -0.00000000   0.00104370    -0.00000000   0.00000000     0.05733104   0.00000000
    3    4
 -0.00220297   0.00000000     0.02088417  -0.00000000     0.00000000  -0.00780340
  0.06740797  -0.00000000    -0.00220297  -0.00000000     0.00000000  -0.00106757
  0.00000000   0.00106757     0.00000000   0.00780340     0.01218191  -0.00000000
    3    5
 -0.00000000   0.00220297    -0.00000000   0.02088417    -0.00780340  -0.00000000
 -0.00000000   0.06740797    -0.00000000   0.00220297     0.00106757   0.00000000
  0.00106757   0.00000000    -0.00780340  -0.00000000     0.00000000  -0.01218191
    3    6
 -0.00358187  -0.00060005    -0.00000000  -0.00000000     0.01118589   0.00161375
 -0.00000000  -0.00000000     0.00011894  -0.00095543     0.00000000   0.00000000
  0.01812147   0.00273154     0.00000000   0.00000000    -0.02984360  -0.00146144
    3    7
  0.00060005   0.00358187    -0.00000000  -0.00000000     0.00161375   0.01118589
 -0.00000000  -0.00000000     0.00095543  -0.00011894    -0.00000000  -0.00000000
  0.00273154   0.01812147    -0.00000000  -0.00000000     0.00146143   0.02984360
    4    1
 -0.00050167   0.00000000    -0.00000000   0.00000000    -0.00000000   0.00000000
  0.00000000   0.00000000     0.00111699   0.00000000     0.00000000  -0.07363934
 -0.00000000   0.00000000     0.00000000  -0.01464365     0.02771951   0.00000000
    4    2
 -0.00000000   0.00220297    -0.00000000   0.06740797     0.00106757   0.00000000
 -0.00000000   0.02088417    -0.00000000   0.00220297    -0.00780340  -0.00000000
 -0.00780340  -0.00000000     0.00106757   0.00000000     0.00000000  -0.01218191
    4    3
 -0.00220297  -0.00000000     0.06740797   0.00000000    -0.00000000  -0.00106757
  0.02088417   0.00000000    -0.00220297   0.00000000    -0.00000000  -0.00780340
 -0.00000000   0.00780340    -0.00000000   0.00106757     0.01218191   0.00000000
    4    4
  0.07050502  -0.00000000     0.00000000  -0.00000000    -0.00000000   0.00000000
  0.00000000   0.00000000     0.03389772  -0.00000000    -0.00000000  -0.00104370
 -0.00000000   0.00000000    -0.00000000   0.00104370     0.05733104   0.00000000
    4    5
 -0.00000000   0.06681236     0.00000000  -0.00000000    -0.00000000   0.00000000
  0.00000000   0.00000000    -0.00000000   0.01818479    -0.00654155  -0.00000000
 -0.00000000   0.00000000    -0.00654155  -0.00000000     0.00000000  -0.01220132
    4    6
  0.00095543  -0.00011894    -0.00000000  -0.00000000    -0.00000000  -0.00000000
 -0.00000000  -0.00000000     0.00060005   0.00358187     0.00161375   0.01118589
 -0.00000000  -0.00000000     0.00273154   0.01812147     0.00146143   0.02984360
    4    7
  0.00011894  -0.00095543     0.00000000  -0.00000000     0.00000000   0.00000000
  0.00000000  -0.00000000    -0.00358187  -0.00060005     0.01118589   0.00161375
  0.00000000   0.00000000     0.01812147   0.00273154    -0.02984360  -0.00146144
    5    1
 -0.00000000  -0.00050167     0.00000000   0.00000000     0.00000000  -0.00000000
  0.00000000   0.00000000     0.00000000   0.00111699    -0.07363934   0.00000000
  0.00000000  -0.00000000    -0.01464365   0.00000000     0.00000000   0.02771951
    5    2
 -0.00220297   0.00000000     0.06740797  -0.00000000     0.00000000   0.00106757
  0.02088417  -0.00000000    -0.00220297  -0.00000000     0.00000000   0.00780340
  0.00000000  -0.00780340    -0.00000000  -0.00106757     0.01218191   0.00000000
    5    3
 -0.00000000  -0.00220297    -0.00000000  -0.06740797     0.00106757  -0.00000000
 -0.00000000  -0.02088417    -0.00000000  -0.00220297    -0.00780340   0.00000000
 -0.00780340   0.00000000     0.00106757  -0.00000000     0.00000000   0.01218191
    5    4
 -0.00000000  -0.06681236     0.00000000   0.00000000    -0.00000000  -0.00000000
  0.00000000   0.00000000    -0.00000000  -0.01818479    -0.00654155   0.00000000
 -0.00000000  -0.00000000    -0.00654155   0.00000000     0.00000000   0.01220132
    5    5
  0.07050502   0.00000000     0.00000000   0.00000000    -0.00000000  -0.00000000
  0.00000000  -0.00000000     0.03389772   0.00000000    -0.00000000   0.00104370
 -0.00000000  -0.00000000    -0.00000000  -0.00104370     0.05733104  -0.00000000
    5    6
  0.00011894   0.00095543     0.00000000   0.00000000     0.00000000   0.00000000
  0.00000000   0.00000000    -0.00358187   0.00060005     0.01118589  -0.00161375
  0.00000000   0.00000000     0.01812147  -0.00273154    -0.02984360   0.00146144
    5    7
  0.00095543   0.00011894    -0.00000000   0.00000000    -0.00000000   0.00000000
 -0.00000000   0.00000000     0.00060005  -0.00358187     0.00161375  -0.01118589
 -0.00000000   0.00000000     0.00273154  -0.01812147     0.00146143  -0.02984360
    6    1
 -0.00221269  -0.01086047     0.00000000   0.00000000     0.00000000   0.00000000
  0.00000000   0.00000000    -0.01086047  -0.00221269     0.00000000   0.00000000
  0.00000000   0.00000000     0.00000000   0.00000000    -0.01193843  -0.01193843
    6    2
  0.00060005   0.00358187    -0.00000000  -0.00000000     0.00273154   0.01812147
 -0.00000000  -0.00000000     0.00095543  -0.00011894    -0.00000000  -0.00000000
  0.00161375   0.01118589    -0.00000000  -0.00000000     0.00146143   0.02984360
    6    3
 -0.00358187   0.00060005     0.00000000   0.00000000     0.01812147  -0.00273154
 -0.00000000   0.00000000     0.00011894   0.00095543     0.00000000  -0.00000000
  0.01118589  -0.00161375    -0.00000000  -0.00000000    -0.02984360   0.00146144
    6    4
  0.00095543   0.00011894    -0.00000000   0.00000000    -0.00000000   0.00000000
 -0.00000000   0.00000000     0.00060005  -0.00358187     0.00273154  -0.01812147
 -0.00000000   0.00000000     0.00161375  -0.01118589     0.00146143  -0.02984360
    6    5
  0.00011894  -0.00095543     0.00000000  -0.00000000     0.00000000   0.00000000
 -0.00000000   0.00000000    -0.00358187  -0.00060005     0.01812147   0.00273154
  0.00000000   0.00000000     0.01118589   0.00161375    -0.02984360  -0.00146144
    6    6
  0.02465382  -0.00000000     0.00000000  -0.00000000    -0.00000000   0.00000000
  0.00000000  -0.00000000     0.02465382   0.00000000    -0.00000000   0.00000000
 -0.00000000  -0.00000000    -0.00000000  -0.00000000     0.09093799  -0.00000000
    6    7
  0.00269792   0.01697111    -0.00000000   0.00000000     0.00000000   0.00000000
 -0.00000000  -0.00000000     0.00269792  -0.01697111     0.00000000  -0.00000000
  0.00000000   0.00000000     0.00000000   0.00000000    -0.00882092  -0.00000000
    7    1
 -0.01086047  -0.00221269     0.00000000   0.00000000     0.00000000   0.00000000
 -0.00000000   0.00000000    -0.00221269  -0.01086047     0.00000000   0.00000000
  0.00000000   0.00000000     0.00000000   0.00000000    -0.01193843  -0.01193843
    7    2
 -0.00358187  -0.00060005     0.00000000  -0.00000000     0.01812147   0.00273154
 -0.00000000  -0.00000000     0.00011894  -0.00095543     0.00000000   0.00000000
  0.01118589   0.00161375    -0.00000000   0.00000000    -0.02984360  -0.00146144
    7    3
  0.00060005  -0.00358187    -0.00000000   0.00000000     0.00273154  -0.01812147
 -0.00000000   0.00000000     0.00095543   0.00011894    -0.00000000   0.00000000
  0.00161375  -0.01118589    -0.00000000   0.00000000     0.00146143  -0.02984360
    7    4
  0.00011894   0.00095543     0.00000000   0.00000000     0.00000000  -0.00000000
 -0.00000000   0.00000000    -0.00358187   0.00060005     0.01812147  -0.00273154
  0.00000000  -0.00000000     0.01118589  -0.00161375    -0.02984360   0.00146144
    7    5
  0.00095543  -0.00011894    -0.00000000  -0.00000000    -0.00000000  -0.00000000
 -0.00000000  -0.00000000     0.00060005   0.00358187     0.00273154   0.01812147
 -0.00000000  -0.00000000     0.00161375   0.01118589     0.00146143   0.02984360
    7    6
  0.00269792  -0.01697111    -0.00000000  -0.00000000     0.00000000   0.00000000
 -0.00000000   0.00000000     0.00269792   0.01697111     0.00000000   0.00000000
  0.00000000  -0.00000000     0.00000000  -0.00000000    -0.00882092   0.00000000
    7    7
  0.02465382   0.00000000     0.00000000   0.00000000    -0.00000000   0.00000000
  0.00000000   0.00000000     0.02465382  -0.00000000    -0.00000000   0.00000000
 -0.00000000   0.00000000    -0.00000000   0.00000000     0.09093799   0.00000000

     Dynamical  Matrix in cartesian axes

     q = (    0.433012700  -0.000000000   0.000000000 ) 

    1    1
  0.36941825   0.00000000    -0.00000000   0.00000000    -0.00000000   0.00000000
 -0.00000000   0.00000000     0.02778087   0.00000000    -0.00000000   0.00000000
  0.00000000   0.00000000    -0.00000000   0.00000000     0.02778087   0.00000000
    1    2
 -0.01193843   0.01193843     0.00000000  -0.00000000     0.00000000  -0.00000000
  0.00000000   0.00000000    -0.00221269   0.01086047     0.00000000   0.00000000
  0.00000000  -0.00000000     0.00000000   0.00000000    -0.01086047   0.00221269
    1    3
 -0.01193843   0.01193843     0.00000000   0.00000000     0.00000000  -0.00000000
  0.00000000   0.00000000    -0.01086047   0.00221269     0.00000000  -0.00000000
  0.00000000  -0.00000000     0.00000000  -0.00000000    -0.00221269   0.01086047
    1    4
  0.00000000  -0.02771951    -0.07363934  -0.00000000     0.00000000  -0.00000000
 -0.01464365  -0.00000000     0.00000000  -0.00111699     0.00000000  -0.00000000
  0.00000000  -0.00000000    -0.00000000  -0.00000000    -0.00000000   0.00050167
    1    5
  0.02771951  -0.00000000     0.00000000   0.07363934     0.00000000   0.00000000
  0.00000000   0.01464365     0.00111699  -0.00000000     0.00000000   0.00000000
  0.00000000   0.00000000     0.00000000   0.00000000    -0.00050167   0.00000000
    1    6
  0.02771951  -0.00000000    -0.00000000  -0.00000000     0.00000000   0.07363934
 -0.00000000  -0.00000000    -0.00050167  -0.00000000    -0.00000000  -0.00000000
  0.00000000   0.01464365    -0.00000000   0.00000000     0.00111699   0.00000000
    1    7
  0.00000000  -0.02771951     0.00000000   0.00000000    -0.07363934  -0.00000000
  0.00000000   0.00000000    -0.00000000   0.00050167    -0.00000000  -0.00000000
 -0.01464365  -0.00000000     0.00000000  -0.00000000     0.00000000  -0.00111699
    2    1
 -0.01193843  -0.01193843     0.00000000   0.00000000     0.00000000   0.00000000
  0.00000000   0.00000000    -0.00221269  -0.01086047     0.00000000  -0.00000000
  0.00000000  -0.00000000     0.00000000  -0.00000000    -0.01086047  -0.00221269
    2    2
  0.09093799  -0.00000000     0.00000000  -0.00000000     0.00000000  -0.00000000
  0.00000000   0.00000000     0.02465382  -0.00000000     0.00000000   0.00000000
  0.00000000   0.00000000     0.00000000  -0.00000000     0.02465382   0.00000000
    2    3
 -0.00882092  -0.00000000     0.00000000  -0.00000000     0.00000000   0.00000000
  0.00000000  -0.00000000     0.00269792   0.01697111     0.00000000   0.00000000
  0.00000000   0.00000000     0.00000000   0.00000000     0.00269792  -0.01697111
    2    4
  0.00146143   0.02984360     0.00161375   0.01118589    -0.00000000   0.00000000
  0.00273154   0.01812147     0.00060005   0.00358187    -0.00000000   0.00000000
 -0.00000000   0.00000000     0.00000000   0.00000000     0.00095543  -0.00011894
    2    5
 -0.02984360   0.00146144     0.01118589  -0.00161375     0.00000000   0.00000000
  0.01812147  -0.00273154    -0.00358187   0.00060005     0.00000000  -0.00000000
  0.00000000   0.00000000     0.00000000   0.00000000     0.00011894   0.00095543
    2    6
  0.00146143  -0.02984360    -0.00000000   0.00000000     0.00161375  -0.01118589
 -0.00000000   0.00000000     0.00095543   0.00011894     0.00000000   0.00000000
  0.00273154  -0.01812147    -0.00000000   0.00000000     0.00060005  -0.00358187
    2    7
 -0.02984360  -0.00146144     0.00000000  -0.00000000     0.01118589   0.00161375
 -0.00000000  -0.00000000     0.00011894  -0.00095543    -0.00000000   0.00000000
  0.01812147   0.00273154    -0.00000000  -0.00000000    -0.00358187  -0.00060005
    3    1
 -0.01193843  -0.01193843     0.00000000   0.00000000     0.00000000   0.00000000
  0.00000000   0.00000000    -0.01086047  -0.00221269    -0.00000000   0.00000000
 -0.00000000   0.00000000    -0.00000000   0.00000000    -0.00221269  -0.01086047
    3    2
 -0.00882092   0.00000000     0.00000000   0.00000000     0.00000000  -0.00000000
  0.00000000   0.00000000     0.00269792  -0.01697111     0.00000000  -0.00000000
  0.00000000  -0.00000000     0.00000000  -0.00000000     0.00269792   0.01697111
    3    3
  0.09093799   0.00000000     0.00000000   0.00000000     0.00000000   0.00000000
  0.00000000  -0.00000000     0.02465382   0.00000000     0.00000000  -0.00000000
  0.00000000  -0.00000000     0.00000000   0.00000000     0.02465382  -0.00000000
    3    4
 -0.02984360  -0.00146144     0.01118589   0.00161375     0.00000000   0.00000000
  0.01812147   0.00273154    -0.00358187  -0.00060005     0.00000000   0.00000000
  0.00000000  -0.00000000     0.00000000   0.00000000     0.00011894  -0.00095543
    3    5
  0.00146143  -0.02984360     0.00161375  -0.01118589    -0.00000000   0.00000000
  0.00273154  -0.01812147     0.00060005  -0.00358187     0.00000000   0.00000000
  0.00000000  -0.00000000    -0.00000000  -0.00000000     0.00095543   0.00011894
    3    6
 -0.02984360   0.00146144     0.00000000   0.00000000     0.01118589  -0.00161375
 -0.00000000   0.00000000     0.00011894   0.00095543    -0.00000000  -0.00000000
  0.01812147  -0.00273154    -0.00000000   0.00000000    -0.00358187   0.00060005
    3    7
  0.00146143   0.02984360    -0.00000000  -0.00000000     0.00161375   0.01118589
 -0.00000000  -0.00000000     0.00095543  -0.00011894     0.00000000  -0.00000000
  0.00273154   0.01812147    -0.00000000   0.00000000     0.00060005   0.00358187
    4    1
  0.00000000   0.02771951    -0.01464365   0.00000000     0.00000000   0.00000000
 -0.07363934   0.00000000     0.00000000   0.00111699     0.00000000   0.00000000
  0.00000000   0.00000000     0.00000000   0.00000000    -0.00000000  -0.00050167
    4    2
  0.00146143  -0.02984360     0.00273154  -0.01812147    -0.00000000   0.00000000
  0.00161375  -0.01118589     0.00060005  -0.00358187    -0.00000000   0.00000000
 -0.00000000   0.00000000     0.00000000  -0.00000000     0.00095543   0.00011894
    4    3
 -0.02984360   0.00146144     0.01812147  -0.00273154     0.00000000   0.00000000
  0.01118589  -0.00161375    -0.00358187   0.00060005     0.00000000   0.00000000
  0.00000000   0.00000000     0.00000000   0.00000000     0.00011894   0.00095543
    4    4
  0.05733104  -0.00000000     0.00000000  -0.00104370    -0.00000000   0.00000000
  0.00000000   0.00104370     0.03389772   0.00000000    -0.00000000   0.00000000
 -0.00000000   0.00000000    -0.00000000   0.00000000     0.07050502   0.00000000
    4    5
  0.00000000   0.01220132    -0.00654155   0.00000000     0.00000000   0.00000000
 -0.00654155   0.00000000    -0.00000000  -0.01818479     0.00000000   0.00000000
  0.00000000   0.00000000     0.00000000   0.00000000    -0.00000000  -0.06681236
    4    6
  0.00000000   0.01218191     0.00106757  -0.00000000    -0.00780340   0.00000000
 -0.00780340   0.00000000    -0.00000000  -0.00220297    -0.00000000  -0.02088417
  0.00106757  -0.00000000    -0.00000000  -0.06740797    -0.00000000  -0.00220297
    4    7
  0.01218191  -0.00000000    -0.00000000  -0.00106757     0.00000000  -0.00780340
  0.00000000   0.00780340    -0.00220297   0.00000000     0.02088417  -0.00000000
  0.00000000   0.00106757     0.06740797  -0.00000000    -0.00220297   0.00000000
    5    1
  0.02771951   0.00000000     0.00000000  -0.01464365    -0.00000000   0.00000000
  0.00000000  -0.07363934     0.00111699   0.00000000     0.00000000   0.00000000
  0.00000000   0.00000000     0.00000000  -0.00000000    -0.00050167   0.00000000
    5    2
 -0.02984360  -0.00146144     0.01812147   0.00273154     0.00000000   0.00000000
  0.01118589   0.00161375    -0.00358187  -0.00060005     0.00000000  -0.00000000
  0.00000000   0.00000000     0.00000000   0.00000000     0.00011894  -0.00095543
    5    3
  0.00146143   0.02984360     0.00273154   0.01812147    -0.00000000   0.00000000
  0.00161375   0.01118589     0.00060005   0.00358187    -0.00000000   0.00000000
 -0.00000000   0.00000000    -0.00000000   0.00000000     0.00095543  -0.00011894
    5    4
  0.00000000  -0.01220132    -0.00654155  -0.00000000     0.00000000  -0.00000000
 -0.00654155  -0.00000000    -0.00000000   0.01818479     0.00000000  -0.00000000
  0.00000000  -0.00000000     0.00000000  -0.00000000    -0.00000000   0.06681236
    5    5
  0.05733104   0.00000000     0.00000000   0.00104370    -0.00000000   0.00000000
  0.00000000  -0.00104370     0.03389772  -0.00000000    -0.00000000   0.00000000
 -0.00000000  -0.00000000    -0.00000000  -0.00000000     0.07050502  -0.00000000
    5    6
  0.01218191   0.00000000    -0.00000000   0.00106757     0.00000000   0.00780340
  0.00000000  -0.00780340    -0.00220297  -0.00000000     0.02088417   0.00000000
  0.00000000  -0.00106757     0.06740797   0.00000000    -0.00220297  -0.00000000
    5    7
  0.00000000  -0.01218191     0.00106757   0.00000000    -0.00780340  -0.00000000
 -0.00780340  -0.00000000    -0.00000000   0.00220297    -0.00000000   0.02088417
  0.00106757   0.00000000    -0.00000000   0.06740797    -0.00000000   0.00220297
    6    1
  0.02771951   0.00000000    -0.00000000   0.00000000     0.00000000  -0.01464365
 -0.00000000   0.00000000    -0.00050167   0.00000000    -0.00000000   0.00000000
  0.00000000  -0.07363934    -0.00000000  -0.00000000     0.00111699   0.00000000
    6    2
  0.00146143   0.02984360    -0.00000000  -0.00000000     0.00273154   0.01812147
 -0.00000000  -0.00000000     0.00095543  -0.00011894    -0.00000000  -0.00000000
  0.00161375   0.01118589     0.00000000   0.00000000     0.00060005   0.00358187
    6    3
 -0.02984360  -0.00146144    -0.00000000  -0.00000000     0.01812147   0.00273154
 -0.00000000   0.00000000     0.00011894  -0.00095543    -0.00000000  -0.00000000
  0.01118589   0.00161375    -0.00000000   0.00000000    -0.00358187  -0.00060005
    6    4
  0.00000000  -0.01218191    -0.00780340  -0.00000000     0.00106757   0.00000000
  0.00106757   0.00000000    -0.00000000   0.00220297    -0.00000000   0.06740797
 -0.00780340  -0.00000000    -0.00000000   0.02088417    -0.00000000   0.00220297
    6    5
  0.01218191  -0.00000000     0.00000000   0.00780340     0.00000000   0.00106757
 -0.00000000  -0.00106757    -0.00220297   0.00000000     0.06740797  -0.00000000
  0.00000000  -0.00780340     0.02088417  -0.00000000    -0.00220297   0.00000000
    6    6
  0.05733104  -0.00000000    -0.00000000  -0.00000000    -0.00000000   0.00104370
  0.00000000   0.00000000     0.07050502  -0.00000000     0.00000000   0.00000000
 -0.00000000  -0.00104370    -0.00000000   0.00000000     0.03389772   0.00000000
    6    7
  0.00000000  -0.01220132     0.00000000  -0.00000000    -0.00654155  -0.00000000
  0.00000000   0.00000000    -0.00000000   0.06681236    -0.00000000   0.00000000
 -0.00654155  -0.00000000    -0.00000000  -0.00000000    -0.00000000   0.01818479
    7    1
  0.00000000   0.02771951     0.00000000  -0.00000000    -0.01464365   0.00000000
  0.00000000  -0.00000000    -0.00000000  -0.00050167    -0.00000000  -0.00000000
 -0.07363934   0.00000000    -0.00000000  -0.00000000     0.00000000   0.00111699
    7    2
 -0.02984360   0.00146144    -0.00000000   0.00000000     0.01812147  -0.00273154
 -0.00000000   0.00000000     0.00011894   0.00095543    -0.00000000  -0.00000000
  0.01118589  -0.00161375    -0.00000000  -0.00000000    -0.00358187   0.00060005
    7    3
  0.00146143  -0.02984360    -0.00000000   0.00000000     0.00273154  -0.01812147
 -0.00000000   0.00000000     0.00095543   0.00011894    -0.00000000   0.00000000
  0.00161375  -0.01118589    -0.00000000   0.00000000     0.00060005  -0.00358187
    7    4
  0.01218191   0.00000000     0.00000000  -0.00780340     0.00000000  -0.00106757
 -0.00000000   0.00106757    -0.00220297  -0.00000000     0.06740797   0.00000000
 -0.00000000   0.00780340     0.02088417   0.00000000    -0.00220297  -0.00000000
    7    5
  0.00000000   0.01218191    -0.00780340   0.00000000     0.00106757  -0.00000000
  0.00106757  -0.00000000    -0.00000000  -0.00220297    -0.00000000  -0.06740797
 -0.00780340   0.00000000    -0.00000000  -0.02088417    -0.00000000  -0.00220297
    7    6
  0.00000000   0.01220132     0.00000000   0.00000000    -0.00654155   0.00000000
  0.00000000   0.00000000    -0.00000000  -0.06681236    -0.00000000   0.00000000
 -0.00654155   0.00000000    -0.00000000   0.00000000    -0.00000000  -0.01818479
    7    7
  0.05733104   0.00000000    -0.00000000   0.00000000    -0.00000000  -0.00104370
  0.00000000  -0.00000000     0.07050502   0.00000000     0.00000000   0.00000000
 -0.00000000   0.00104370    -0.00000000  -0.00000000     0.03389772  -0.00000000

     Dynamical  Matrix in cartesian axes

     q = (   -0.433012700  -0.000000000  -0.000000000 ) 

    1    1
  0.36941825   0.00000000    -0.00000000   0.00000000    -0.00000000   0.00000000
 -0.00000000   0.00000000     0.02778087   0.00000000    -0.00000000   0.00000000
 -0.00000000   0.00000000    -0.00000000   0.00000000     0.02778087   0.00000000
    1    2
 -0.01193843  -0.01193843    -0.00000000   0.00000000    -0.00000000   0.00000000
  0.00000000   0.00000000    -0.00221269  -0.01086047     0.00000000   0.00000000
  0.00000000   0.00000000     0.00000000   0.00000000    -0.01086047  -0.00221269
    1    3
 -0.01193843  -0.01193843     0.00000000   0.00000000    -0.00000000   0.00000000
  0.00000000   0.00000000    -0.01086047  -0.00221269    -0.00000000   0.00000000
 -0.00000000   0.00000000    -0.00000000   0.00000000    -0.00221269  -0.01086047
    1    4
  0.00000000   0.02771951    -0.07363934   0.00000000     0.00000000   0.00000000
 -0.01464365   0.00000000     0.00000000   0.00111699     0.00000000   0.00000000
 -0.00000000  -0.00000000    -0.00000000  -0.00000000    -0.00000000  -0.00050167
    1    5
  0.02771951   0.00000000     0.00000000  -0.07363934     0.00000000   0.00000000
  0.00000000  -0.01464365     0.00111699   0.00000000     0.00000000   0.00000000
  0.00000000  -0.00000000     0.00000000  -0.00000000    -0.00050167   0.00000000
    1    6
  0.02771951   0.00000000     0.00000000   0.00000000     0.00000000  -0.07363934
  0.00000000   0.00000000    -0.00050167   0.00000000     0.00000000   0.00000000
  0.00000000  -0.01464365     0.00000000  -0.00000000     0.00111699   0.00000000
    1    7
  0.00000000   0.02771951     0.00000000  -0.00000000    -0.07363934   0.00000000
  0.00000000  -0.00000000    -0.00000000  -0.00050167     0.00000000   0.00000000
 -0.01464365   0.00000000    -0.00000000   0.00000000     0.00000000   0.00111699
    2    1
 -0.01193843   0.01193843     0.00000000   0.00000000     0.00000000   0.00000000
 -0.00000000  -0.00000000    -0.00221269   0.01086047     0.00000000  -0.00000000
  0.00000000  -0.00000000     0.00000000   0.00000000    -0.01086047   0.00221269
    2    2
  0.09093799  -0.00000000    -0.00000000  -0.00000000    -0.00000000  -0.00000000
 -0.00000000   0.00000000     0.02465382   0.00000000    -0.00000000   0.00000000
 -0.00000000   0.00000000    -0.00000000   0.00000000     0.02465382  -0.00000000
    2    3
 -0.00882092  -0.00000000    -0.00000000   0.00000000    -0.00000000  -0.00000000
 -0.00000000  -0.00000000     0.00269792  -0.01697111    -0.00000000  -0.00000000
 -0.00000000  -0.00000000    -0.00000000  -0.00000000     0.00269792   0.01697111
    2    4
  0.00146143  -0.02984360     0.00161375  -0.01118589    -0.00000000  -0.00000000
  0.00273154  -0.01812147     0.00060005  -0.00358187     0.00000000  -0.00000000
 -0.00000000   0.00000000    -0.00000000   0.00000000     0.00095543   0.00011894
    2    5
 -0.02984360  -0.00146144     0.01118589   0.00161375     0.00000000   0.00000000
  0.01812147   0.00273154    -0.00358187  -0.00060005     0.00000000   0.00000000
  0.00000000  -0.00000000     0.00000000  -0.00000000     0.00011894  -0.00095543
    2    6
  0.00146143   0.02984360    -0.00000000  -0.00000000     0.00161375   0.01118589
 -0.00000000  -0.00000000     0.00095543  -0.00011894    -0.00000000   0.00000000
  0.00273154   0.01812147     0.00000000  -0.00000000     0.00060005   0.00358187
    2    7
 -0.02984360   0.00146144     0.00000000   0.00000000     0.01118589  -0.00161375
  0.00000000   0.00000000     0.00011894   0.00095543     0.00000000  -0.00000000
  0.01812147  -0.00273154     0.00000000   0.00000000    -0.00358187   0.00060005
    3    1
 -0.01193843   0.01193843     0.00000000   0.00000000    -0.00000000  -0.00000000
 -0.00000000   0.00000000    -0.01086047   0.00221269    -0.00000000  -0.00000000
 -0.00000000  -0.00000000    -0.00000000  -0.00000000    -0.00221269   0.01086047
    3    2
 -0.00882092   0.00000000    -0.00000000  -0.00000000    -0.00000000   0.00000000
 -0.00000000   0.00000000     0.00269792   0.01697111    -0.00000000   0.00000000
 -0.00000000   0.00000000    -0.00000000   0.00000000     0.00269792  -0.01697111
    3    3
  0.09093799   0.00000000    -0.00000000   0.00000000    -0.00000000   0.00000000
 -0.00000000  -0.00000000     0.02465382  -0.00000000    -0.00000000  -0.00000000
 -0.00000000  -0.00000000    -0.00000000  -0.00000000     0.02465382   0.00000000
    3    4
 -0.02984360   0.00146144     0.01118589  -0.00161375     0.00000000  -0.00000000
  0.01812147  -0.00273154    -0.00358187   0.00060005     0.00000000  -0.00000000
  0.00000000   0.00000000     0.00000000  -0.00000000     0.00011894   0.00095543
    3    5
  0.00146143   0.02984360     0.00161375   0.01118589    -0.00000000   0.00000000
  0.00273154   0.01812147     0.00060005   0.00358187     0.00000000   0.00000000
 -0.00000000   0.00000000    -0.00000000   0.00000000     0.00095543  -0.00011894
    3    6
 -0.02984360  -0.00146144     0.00000000  -0.00000000     0.01118589   0.00161375
  0.00000000  -0.00000000     0.00011894  -0.00095543     0.00000000   0.00000000
  0.01812147   0.00273154     0.00000000   0.00000000    -0.00358187  -0.00060005
    3    7
  0.00146143  -0.02984360    -0.00000000   0.00000000     0.00161375  -0.01118589
 -0.00000000   0.00000000     0.00095543   0.00011894    -0.00000000   0.00000000
  0.00273154  -0.01812147     0.00000000   0.00000000     0.00060005  -0.00358187
    4    1
  0.00000000  -0.02771951    -0.01464365  -0.00000000    -0.00000000   0.00000000
 -0.07363934  -0.00000000     0.00000000  -0.00111699    -0.00000000   0.00000000
  0.00000000  -0.00000000     0.00000000  -0.00000000    -0.00000000   0.00050167
    4    2
  0.00146143   0.02984360     0.00273154   0.01812147    -0.00000000   0.00000000
  0.00161375   0.01118589     0.00060005   0.00358187    -0.00000000   0.00000000
 -0.00000000   0.00000000     0.00000000   0.00000000     0.00095543  -0.00011894
    4    3
 -0.02984360  -0.00146144     0.01812147   0.00273154     0.00000000  -0.00000000
  0.01118589   0.00161375    -0.00358187  -0.00060005     0.00000000  -0.00000000
  0.00000000  -0.00000000     0.00000000   0.00000000     0.00011894  -0.00095543
    4    4
  0.05733104   0.00000000     0.00000000   0.00104370    -0.00000000   0.00000000
  0.00000000  -0.00104370     0.03389772  -0.00000000    -0.00000000   0.00000000
 -0.00000000   0.00000000    -0.00000000   0.00000000     0.07050502  -0.00000000
    4    5
  0.00000000  -0.01220132    -0.00654155  -0.00000000    -0.00000000  -0.00000000
 -0.00654155  -0.00000000    -0.00000000   0.01818479    -0.00000000  -0.00000000
 -0.00000000  -0.00000000    -0.00000000  -0.00000000    -0.00000000   0.06681236
    4    6
  0.00000000  -0.01218191     0.00106757   0.00000000    -0.00780340  -0.00000000
 -0.00780340  -0.00000000    -0.00000000   0.00220297    -0.00000000   0.02088417
  0.00106757   0.00000000    -0.00000000   0.06740797    -0.00000000   0.00220297
    4    7
  0.01218191  -0.00000000    -0.00000000   0.00106757     0.00000000   0.00780340
 -0.00000000  -0.00780340    -0.00220297   0.00000000     0.02088417  -0.00000000
  0.00000000  -0.00106757     0.06740797  -0.00000000    -0.00220297  -0.00000000
    5    1
  0.02771951  -0.00000000     0.00000000   0.01464365     0.00000000   0.00000000
  0.00000000   0.07363934     0.00111699  -0.00000000     0.00000000   0.00000000
  0.00000000  -0.00000000     0.00000000  -0.00000000    -0.00050167  -0.00000000
    5    2
 -0.02984360   0.00146144     0.01812147  -0.00273154     0.00000000   0.00000000
  0.01118589  -0.00161375    -0.00358187   0.00060005     0.00000000  -0.00000000
  0.00000000   0.00000000     0.00000000  -0.00000000     0.00011894   0.00095543
    5    3
  0.00146143  -0.02984360     0.00273154  -0.01812147    -0.00000000   0.00000000
  0.00161375  -0.01118589     0.00060005  -0.00358187    -0.00000000   0.00000000
  0.00000000   0.00000000     0.00000000   0.00000000     0.00095543   0.00011894
    5    4
  0.00000000   0.01220132    -0.00654155   0.00000000    -0.00000000   0.00000000
 -0.00654155   0.00000000    -0.00000000  -0.01818479    -0.00000000   0.00000000
 -0.00000000   0.00000000    -0.00000000   0.00000000    -0.00000000  -0.06681236
    5    5
  0.05733104  -0.00000000     0.00000000  -0.00104370    -0.00000000  -0.00000000
  0.00000000   0.00104370     0.03389772   0.00000000    -0.00000000  -0.00000000
 -0.00000000   0.00000000    -0.00000000   0.00000000     0.07050502   0.00000000
    5    6
  0.01218191   0.00000000    -0.00000000  -0.00106757     0.00000000  -0.00780340
 -0.00000000   0.00780340    -0.00220297  -0.00000000     0.02088417   0.00000000
 -0.00000000   0.00106757     0.06740797   0.00000000    -0.00220297   0.00000000
    5    7
  0.00000000   0.01218191     0.00106757  -0.00000000    -0.00780340   0.00000000
 -0.00780340   0.00000000    -0.00000000  -0.00220297    -0.00000000  -0.02088417
  0.00106757  -0.00000000    -0.00000000  -0.06740797    -0.00000000  -0.00220297
    6    1
  0.02771951  -0.00000000     0.00000000  -0.00000000     0.00000000   0.01464365
 -0.00000000  -0.00000000    -0.00050167  -0.00000000     0.00000000  -0.00000000
  0.00000000   0.07363934    -0.00000000  -0.00000000     0.00111699  -0.00000000
    6    2
  0.00146143  -0.02984360    -0.00000000   0.00000000     0.00273154  -0.01812147
  0.00000000   0.00000000     0.00095543   0.00011894     0.00000000   0.00000000
  0.00161375  -0.01118589     0.00000000   0.00000000     0.00060005  -0.00358187
    6    3
 -0.02984360   0.00146144    -0.00000000   0.00000000     0.01812147  -0.00273154
 -0.00000000   0.00000000     0.00011894   0.00095543    -0.00000000   0.00000000
  0.01118589  -0.00161375     0.00000000   0.00000000    -0.00358187   0.00060005
    6    4
  0.00000000   0.01218191    -0.00780340   0.00000000     0.00106757  -0.00000000
  0.00106757  -0.00000000    -0.00000000  -0.00220297    -0.00000000  -0.06740797
 -0.00780340   0.00000000    -0.00000000  -0.02088417    -0.00000000  -0.00220297
    6    5
  0.01218191  -0.00000000     0.00000000  -0.00780340     0.00000000  -0.00106757
 -0.00000000   0.00106757    -0.00220297  -0.00000000     0.06740797  -0.00000000
  0.00000000   0.00780340     0.02088417  -0.00000000    -0.00220297   0.00000000
    6    6
  0.05733104   0.00000000    -0.00000000   0.00000000    -0.00000000  -0.00104370
  0.00000000  -0.00000000     0.07050502   0.00000000    -0.00000000   0.00000000
 -0.00000000   0.00104370    -0.00000000   0.00000000     0.03389772  -0.00000000
    6    7
  0.00000000   0.01220132     0.00000000   0.00000000    -0.00654155   0.00000000
  0.00000000   0.00000000    -0.00000000  -0.06681236    -0.00000000   0.00000000
 -0.00654155   0.00000000    -0.00000000   0.00000000    -0.00000000  -0.01818479
    7    1
  0.00000000  -0.02771951     0.00000000   0.00000000    -0.01464365  -0.00000000
  0.00000000   0.00000000    -0.00000000   0.00050167     0.00000000  -0.00000000
 -0.07363934  -0.00000000     0.00000000   0.00000000     0.00000000  -0.00111699
    7    2
 -0.02984360  -0.00146144    -0.00000000  -0.00000000     0.01812147   0.00273154
 -0.00000000   0.00000000     0.00011894  -0.00095543    -0.00000000  -0.00000000
  0.01118589   0.00161375     0.00000000   0.00000000    -0.00358187  -0.00060005
    7    3
  0.00146143   0.02984360    -0.00000000  -0.00000000     0.00273154   0.01812147
 -0.00000000  -0.00000000     0.00095543  -0.00011894     0.00000000   0.00000000
  0.00161375   0.01118589    -0.00000000  -0.00000000     0.00060005   0.00358187
    7    4
  0.01218191   0.00000000    -0.00000000   0.00780340     0.00000000   0.00106757
 -0.00000000  -0.00106757    -0.00220297  -0.00000000     0.06740797   0.00000000
  0.00000000  -0.00780340     0.02088417   0.00000000    -0.00220297  -0.00000000
    7    5
  0.00000000  -0.01218191    -0.00780340  -0.00000000     0.00106757   0.00000000
  0.00106757   0.00000000    -0.00000000   0.00220297    -0.00000000   0.06740797
 -0.00780340  -0.00000000    -0.00000000   0.02088417    -0.00000000   0.00220297
    7    6
  0.00000000  -0.01220132     0.00000000  -0.00000000    -0.00654155  -0.00000000
  0.00000000  -0.00000000    -0.00000000   0.06681236    -0.00000000  -0.00000000
 -0.00654155  -0.00000000    -0.00000000  -0.00000000    -0.00000000   0.01818479
    7    7
  0.05733104  -0.00000000    -0.00000000  -0.00000000    -0.00000000   0.00104370
  0.00000000   0.00000000     0.07050502  -0.00000000    -0.00000000   0.00000000
 -0.00000000  -0.00104370    -0.00000000   0.00000000     0.03389772   0.00000000

     Dynamical  Matrix in cartesian axes

     q = (   -0.000000000   0.433012700   0.000000000 ) 

    1    1
  0.02778087   0.00000000    -0.00000000   0.00000000    -0.00000000   0.00000000
 -0.00000000   0.00000000     0.36941825   0.00000000    -0.00000000   0.00000000
 -0.00000000   0.00000000    -0.00000000   0.00000000     0.02778087   0.00000000
    1    2
  0.00111699  -0.00000000     0.00000000   0.01464365     0.00000000  -0.00000000
  0.00000000   0.07363934     0.02771951  -0.00000000     0.00000000   0.00000000
 -0.00000000  -0.00000000    -0.00000000  -0.00000000    -0.00050167   0.00000000
    1    3
  0.00000000  -0.00111699    -0.01464365  -0.00000000     0.00000000  -0.00000000
 -0.07363934  -0.00000000     0.00000000  -0.02771951     0.00000000   0.00000000
  0.00000000   0.00000000     0.00000000  -0.00000000    -0.00000000   0.00050167
    1    4
 -0.01086047   0.00221269     0.00000000  -0.00000000    -0.00000000  -0.00000000
  0.00000000  -0.00000000    -0.01193843   0.01193843     0.00000000  -0.00000000
  0.00000000  -0.00000000     0.00000000  -0.00000000    -0.00221269   0.01086047
    1    5
 -0.00221269   0.01086047     0.00000000   0.00000000     0.00000000  -0.00000000
  0.00000000   0.00000000    -0.01193843   0.01193843     0.00000000   0.00000000
  0.00000000  -0.00000000     0.00000000  -0.00000000    -0.01086047   0.00221269
    1    6
 -0.00000000   0.00050167     0.00000000   0.00000000     0.00000000   0.00000000
  0.00000000   0.00000000     0.00000000  -0.02771951    -0.07363934  -0.00000000
  0.00000000  -0.00000000    -0.01464365  -0.00000000     0.00000000  -0.00111699
    1    7
 -0.00050167   0.00000000     0.00000000   0.00000000     0.00000000   0.00000000
  0.00000000  -0.00000000     0.02771951  -0.00000000     0.00000000   0.07363934
