  4.000000000000000E-002   1.25994432394592        2.39890022168420     
           8

     Dynamical  Matrix in cartesian axes

     q = (   -0.649519100  -0.216506400  -0.216506400 ) 

    1    1
  0.13039103  -0.00000000    -0.00264465  -0.00000000    -0.00264465  -0.00000000
 -0.00264465  -0.00000000     0.13039103  -0.00000000     0.00264465   0.00000000
 -0.00264465  -0.00000000     0.00264465  -0.00000000     0.13039103  -0.00000000
    1    2
  0.00864895  -0.02088040     0.01101756   0.01075894    -0.01539832  -0.00018288
 -0.03814036   0.01257844     0.00901835   0.00877932    -0.01691942  -0.00466658
  0.01807498   0.03586362     0.01526360   0.00866408    -0.01258486  -0.00016903
    1    3
  0.00864895  -0.02088040    -0.01539832  -0.00018288     0.01101756   0.01075894
  0.01807498   0.03586362    -0.01258486  -0.00016903     0.01526360   0.00866408
 -0.03814036   0.01257844    -0.01691942  -0.00466658     0.00901835   0.00877932
    1    4
 -0.01258486   0.00016902     0.01807501  -0.03586361    -0.01526361   0.00866407
 -0.01539832   0.00018287     0.00864894   0.02088041    -0.01101757   0.01075894
  0.01691942  -0.00466657     0.03814035   0.01257846     0.00901836  -0.00877932
    1    5
  0.00877931   0.00901836     0.01257847  -0.03814035     0.00466657   0.01691942
  0.01075894   0.01101757    -0.02088041   0.00864894     0.00018287   0.01539832
 -0.00866407  -0.01526361    -0.03586361  -0.01807501    -0.00016902  -0.01258486
    1    6
  0.00877931   0.00901836     0.00466657   0.01691942     0.01257847  -0.03814035
 -0.00866407  -0.01526361    -0.00016902  -0.01258486    -0.03586361  -0.01807501
  0.01075894   0.01101757     0.00018287   0.01539832    -0.02088041   0.00864894
    1    7
 -0.01258486   0.00016902    -0.01526361   0.00866407     0.01807501  -0.03586361
  0.01691942  -0.00466657     0.00901836  -0.00877932     0.03814035   0.01257846
 -0.01539832   0.00018287    -0.01101757   0.01075894     0.00864894   0.02088041
    2    1
  0.00864895   0.02088040    -0.03814036  -0.01257844     0.01807498  -0.03586362
  0.01101756  -0.01075894     0.00901835  -0.00877932     0.01526360  -0.00866408
 -0.01539832   0.00018288    -0.01691942   0.00466658    -0.01258486   0.00016903
    2    2
  0.06117123  -0.00000000    -0.00320640  -0.00670480    -0.00320640   0.00670480
 -0.00320640   0.00670480     0.04462377   0.00000000    -0.00016127   0.00463342
 -0.00320640  -0.00670480    -0.00016127  -0.00463342     0.04462377   0.00000000
    2    3
 -0.02259009   0.00000000     0.00941861  -0.00112386     0.00941861   0.00112386
  0.00941861  -0.00112386     0.00844963  -0.00984389    -0.00410549  -0.00000000
  0.00941861   0.00112386    -0.00410549  -0.00000000     0.00844963   0.00984389
    2    4
  0.01714899  -0.01521395     0.00362884  -0.00362884    -0.00490105   0.00258628
  0.01563804  -0.01563804     0.01521395  -0.01714899    -0.00209104  -0.00747213
 -0.00747213  -0.00209104     0.00258628  -0.00490105     0.00922574  -0.00922574
    2    5
 -0.01749234  -0.00566426     0.01891042   0.02088268     0.00050955   0.00140306
  0.03084425   0.00182803    -0.01749234  -0.00566426     0.00315503   0.00111330
 -0.00315503  -0.00111330    -0.00050955  -0.00140306    -0.00334568   0.00056455
    2    6
  0.01714899   0.01521395    -0.00490105  -0.00258628     0.00362884   0.00362884
 -0.00747213   0.00209104     0.00922574   0.00922574     0.00258628   0.00490105
  0.01563804   0.01563804    -0.00209104   0.00747213     0.01521395   0.01714899
    2    7
 -0.01749234   0.00566426     0.00050955  -0.00140306     0.01891042  -0.02088268
 -0.00315503   0.00111330    -0.00334568  -0.00056455    -0.00050955   0.00140306
  0.03084425  -0.00182803     0.00315503  -0.00111330    -0.01749234   0.00566426
    3    1
  0.00864895   0.02088040     0.01807498  -0.03586362    -0.03814036  -0.01257844
 -0.01539832   0.00018288    -0.01258486   0.00016903    -0.01691942   0.00466658
  0.01101756  -0.01075894     0.01526360  -0.00866408     0.00901835  -0.00877932
    3    2
 -0.02259009  -0.00000000     0.00941861   0.00112386     0.00941861  -0.00112386
  0.00941861   0.00112386     0.00844963   0.00984389    -0.00410549   0.00000000
  0.00941861  -0.00112386    -0.00410549  -0.00000000     0.00844963  -0.00984389
    3    3
  0.06117123  -0.00000000    -0.00320640   0.00670480    -0.00320640  -0.00670480
 -0.00320640  -0.00670480     0.04462377   0.00000000    -0.00016127  -0.00463342
 -0.00320640   0.00670480    -0.00016127   0.00463342     0.04462377  -0.00000000
    3    4
 -0.01749234   0.00566426     0.01891042  -0.02088268     0.00050955  -0.00140306
  0.03084425  -0.00182803    -0.01749234   0.00566426     0.00315503  -0.00111330
 -0.00315503   0.00111330    -0.00050955   0.00140306    -0.00334568  -0.00056455
    3    5
  0.01714899   0.01521395     0.00362884   0.00362884    -0.00490105  -0.00258628
  0.01563804   0.01563804     0.01521395   0.01714899    -0.00209104   0.00747213
 -0.00747213   0.00209104     0.00258628   0.00490105     0.00922574   0.00922574
    3    6
 -0.01749234  -0.00566426     0.00050955   0.00140306     0.01891042   0.02088268
 -0.00315503  -0.00111330    -0.00334568   0.00056455    -0.00050955  -0.00140306
  0.03084425   0.00182803     0.00315503   0.00111330    -0.01749234  -0.00566426
    3    7
  0.01714899  -0.01521395    -0.00490105   0.00258628     0.00362884  -0.00362884
 -0.00747213  -0.00209104     0.00922574  -0.00922574     0.00258628  -0.00490105
  0.01563804  -0.01563804    -0.00209104  -0.00747213     0.01521395  -0.01714899
    4    1
 -0.01258486  -0.00016902    -0.01539832  -0.00018287     0.01691942   0.00466657
  0.01807501   0.03586361     0.00864894  -0.02088041     0.03814035  -0.01257846
 -0.01526361  -0.00866407    -0.01101757  -0.01075894     0.00901836   0.00877932
    4    2
  0.01714899   0.01521395     0.01563804   0.01563804    -0.00747213   0.00209104
  0.00362884   0.00362884     0.01521395   0.01714899     0.00258628   0.00490105
 -0.00490105  -0.00258628    -0.00209104   0.00747213     0.00922574   0.00922574
    4    3
 -0.01749234  -0.00566426     0.03084425   0.00182803    -0.00315503  -0.00111330
  0.01891042   0.02088268    -0.01749234  -0.00566426    -0.00050955  -0.00140306
  0.00050955   0.00140306     0.00315503   0.00111330    -0.00334568   0.00056455
    4    4
  0.04462377   0.00000000    -0.00320640   0.00670480     0.00016127  -0.00463342
 -0.00320640  -0.00670480     0.06117123   0.00000000     0.00320640  -0.00670480
  0.00016127   0.00463342     0.00320640   0.00670480     0.04462377   0.00000000
    4    5
  0.00984389   0.00844963     0.00112386   0.00941861    -0.00000000   0.00410549
  0.00112386   0.00941861     0.00000000  -0.02259009     0.00112386  -0.00941861
 -0.00000000   0.00410549     0.00112386  -0.00941861    -0.00984389   0.00844963
    4    6
 -0.00276495   0.00196655    -0.00144372   0.00301817    -0.00063181  -0.00135242
 -0.00063181  -0.00135242    -0.00836372   0.01637419     0.00139459   0.02813797
 -0.00144372   0.00301817    -0.02051757   0.02310279    -0.00836372   0.01637419
    4    7
 -0.01304717  -0.00000000     0.00380500  -0.00676218     0.00529434   0.00163679
  0.00529434  -0.00163679    -0.02288405   0.00136828     0.00513196   0.00000000
  0.00380500   0.00676218     0.02211552   0.00000000    -0.02288405  -0.00136828
    5    1
  0.00877931  -0.00901836     0.01075894  -0.01101757    -0.00866407   0.01526361
  0.01257847   0.03814035    -0.02088041  -0.00864894    -0.03586361   0.01807501
  0.00466657  -0.01691942     0.00018287  -0.01539832    -0.00016902   0.01258486
    5    2
 -0.01749234   0.00566426     0.03084425  -0.00182803    -0.00315503   0.00111330
  0.01891042  -0.02088268    -0.01749234   0.00566426    -0.00050955   0.00140306
  0.00050955  -0.00140306     0.00315503  -0.00111330    -0.00334568  -0.00056455
    5    3
  0.01714899  -0.01521395     0.01563804  -0.01563804    -0.00747213  -0.00209104
  0.00362884  -0.00362884     0.01521395  -0.01714899     0.00258628  -0.00490105
 -0.00490105   0.00258628    -0.00209104  -0.00747213     0.00922574  -0.00922574
    5    4
  0.00984389  -0.00844963     0.00112386  -0.00941861    -0.00000000  -0.00410549
  0.00112386  -0.00941861     0.00000000   0.02259009     0.00112386   0.00941861
 -0.00000000  -0.00410549     0.00112386   0.00941861    -0.00984389  -0.00844963
    5    5
  0.04462377   0.00000000    -0.00320640  -0.00670480     0.00016127   0.00463342
 -0.00320640   0.00670480     0.06117123   0.00000000     0.00320640   0.00670480
  0.00016127  -0.00463342     0.00320640  -0.00670480     0.04462377  -0.00000000
    5    6
 -0.01304717   0.00000000     0.00380500   0.00676218     0.00529434  -0.00163679
  0.00529434   0.00163679    -0.02288405  -0.00136828     0.00513196  -0.00000000
  0.00380500  -0.00676218     0.02211552  -0.00000000    -0.02288405   0.00136828
    5    7
 -0.00276495  -0.00196655    -0.00144372  -0.00301817    -0.00063181   0.00135242
 -0.00063181   0.00135242    -0.00836372  -0.01637419     0.00139459  -0.02813797
 -0.00144372  -0.00301817    -0.02051757  -0.02310279    -0.00836372  -0.01637419
    6    1
  0.00877931  -0.00901836    -0.00866407   0.01526361     0.01075894  -0.01101757
  0.00466657  -0.01691942    -0.00016902   0.01258486     0.00018287  -0.01539832
  0.01257847   0.03814035    -0.03586361   0.01807501    -0.02088041  -0.00864894
    6    2
  0.01714899  -0.01521395    -0.00747213  -0.00209104     0.01563804  -0.01563804
 -0.00490105   0.00258628     0.00922574  -0.00922574    -0.00209104  -0.00747213
  0.00362884  -0.00362884     0.00258628  -0.00490105     0.01521395  -0.01714899
    6    3
 -0.01749234   0.00566426    -0.00315503   0.00111330     0.03084425  -0.00182803
  0.00050955  -0.00140306    -0.00334568  -0.00056455     0.00315503  -0.00111330
  0.01891042  -0.02088268    -0.00050955   0.00140306    -0.01749234   0.00566426
    6    4
 -0.00276495  -0.00196655    -0.00063181   0.00135242    -0.00144372  -0.00301817
 -0.00144372  -0.00301817    -0.00836372  -0.01637419    -0.02051757  -0.02310279
 -0.00063181   0.00135242     0.00139459  -0.02813797    -0.00836372  -0.01637419
    6    5
 -0.01304717  -0.00000000     0.00529434  -0.00163679     0.00380500   0.00676218
  0.00380500  -0.00676218    -0.02288405   0.00136828     0.02211552   0.00000000
  0.00529434   0.00163679     0.00513196   0.00000000    -0.02288405  -0.00136828
    6    6
  0.04462377   0.00000000     0.00016127   0.00463342    -0.00320640  -0.00670480
  0.00016127  -0.00463342     0.04462377  -0.00000000     0.00320640  -0.00670480
 -0.00320640   0.00670480     0.00320640   0.00670480     0.06117123   0.00000000
    6    7
  0.00984389  -0.00844963    -0.00000000  -0.00410549     0.00112386  -0.00941861
 -0.00000000  -0.00410549    -0.00984389  -0.00844963     0.00112386   0.00941861
  0.00112386  -0.00941861     0.00112386   0.00941861     0.00000000   0.02259009
    7    1
 -0.01258486  -0.00016902     0.01691942   0.00466657    -0.01539832  -0.00018287
 -0.01526361  -0.00866407     0.00901836   0.00877932    -0.01101757  -0.01075894
  0.01807501   0.03586361     0.03814035  -0.01257846     0.00864894  -0.02088041
    7    2
 -0.01749234  -0.00566426    -0.00315503  -0.00111330     0.03084425   0.00182803
  0.00050955   0.00140306    -0.00334568   0.00056455     0.00315503   0.00111330
  0.01891042   0.02088268    -0.00050955  -0.00140306    -0.01749234  -0.00566426
    7    3
  0.01714899   0.01521395    -0.00747213   0.00209104     0.01563804   0.01563804
 -0.00490105  -0.00258628     0.00922574   0.00922574    -0.00209104   0.00747213
  0.00362884   0.00362884     0.00258628   0.00490105     0.01521395   0.01714899
    7    4
 -0.01304717   0.00000000     0.00529434   0.00163679     0.00380500  -0.00676218
  0.00380500   0.00676218    -0.02288405  -0.00136828     0.02211552  -0.00000000
  0.00529434  -0.00163679     0.00513196   0.00000000    -0.02288405   0.00136828
    7    5
 -0.00276495   0.00196655    -0.00063181  -0.00135242    -0.00144372   0.00301817
 -0.00144372   0.00301817    -0.00836372   0.01637419    -0.02051757   0.02310279
 -0.00063181  -0.00135242     0.00139459   0.02813797    -0.00836372   0.01637419
    7    6
  0.00984389   0.00844963    -0.00000000   0.00410549     0.00112386   0.00941861
 -0.00000000   0.00410549    -0.00984389   0.00844963     0.00112386  -0.00941861
  0.00112386   0.00941861     0.00112386  -0.00941861     0.00000000  -0.02259009
    7    7
  0.04462377   0.00000000     0.00016127  -0.00463342    -0.00320640   0.00670480
  0.00016127   0.00463342     0.04462377   0.00000000     0.00320640   0.00670480
 -0.00320640  -0.00670480     0.00320640  -0.00670480     0.06117123   0.00000000

     Dynamical  Matrix in cartesian axes

     q = (   -0.216506400   0.649519100  -0.216506400 ) 

    1    1
  0.13039103  -0.00000000     0.00264465  -0.00000000     0.00264465   0.00000000
  0.00264465  -0.00000000     0.13039103  -0.00000000     0.00264465  -0.00000000
  0.00264465  -0.00000000     0.00264465   0.00000000     0.13039103  -0.00000000
    1    2
 -0.02088041   0.00864894    -0.01075894  -0.01101757     0.00018287   0.01539832
 -0.01257847   0.03814035     0.00877931   0.00901836    -0.00466657  -0.01691942
 -0.03586361  -0.01807501     0.00866407   0.01526361    -0.00016902  -0.01258486
    1    3
 -0.02088040   0.00864895     0.00018288   0.01539832    -0.01075894  -0.01101757
 -0.03586362  -0.01807499    -0.00016903  -0.01258486     0.00866407   0.01526360
 -0.01257845   0.03814036    -0.00466658  -0.01691942     0.00877932   0.00901836
    1    4
 -0.00016902  -0.01258486    -0.03586361  -0.01807500     0.00866407   0.01526361
  0.00018287   0.01539832    -0.02088040   0.00864894    -0.01075894  -0.01101757
 -0.00466657  -0.01691942    -0.01257846   0.03814036     0.00877932   0.00901836
    1    5
  0.00877932   0.00901836    -0.01257846   0.03814036    -0.00466657  -0.01691942
 -0.01075894  -0.01101757    -0.02088040   0.00864894     0.00018287   0.01539832
  0.00866407   0.01526361    -0.03586361  -0.01807500    -0.00016902  -0.01258486
    1    6
  0.00877932   0.00901836    -0.00466658  -0.01691942    -0.01257845   0.03814036
  0.00866407   0.01526360    -0.00016903  -0.01258486    -0.03586362  -0.01807499
 -0.01075894  -0.01101757     0.00018288   0.01539832    -0.02088040   0.00864895
    1    7
 -0.00016902  -0.01258486     0.00866407   0.01526361    -0.03586361  -0.01807501
 -0.00466657  -0.01691942     0.00877931   0.00901836    -0.01257847   0.03814035
  0.00018287   0.01539832    -0.01075894  -0.01101757    -0.02088041   0.00864894
    2    1
 -0.02088041  -0.00864894    -0.01257847  -0.03814035    -0.03586361   0.01807501
 -0.01075894   0.01101757     0.00877931  -0.00901836     0.00866407  -0.01526361
  0.00018287  -0.01539832    -0.00466657   0.01691942    -0.00016902   0.01258486
    2    2
  0.06117123  -0.00000000     0.00320640  -0.00670480     0.00320640   0.00670480
  0.00320640   0.00670480     0.04462377  -0.00000000    -0.00016127  -0.00463342
  0.00320640  -0.00670480    -0.00016127   0.00463342     0.04462377  -0.00000000
    2    3
 -0.02259009   0.00000001    -0.00941861  -0.00112386    -0.00941861   0.00112386
 -0.00941861  -0.00112386     0.00844964   0.00984389    -0.00410549   0.00000000
 -0.00941861   0.00112386    -0.00410549   0.00000000     0.00844963  -0.00984389
    2    4
  0.01637419   0.00836371     0.02813797  -0.00139460     0.00135242  -0.00063181
  0.02310280   0.02051756     0.01637419   0.00836371    -0.00301817  -0.00144372
 -0.00301817  -0.00144372     0.00135242  -0.00063181     0.00196655   0.00276495
    2    5
 -0.02288405   0.00136828     0.00513196  -0.00000000    -0.00529434   0.00163679
  0.02211552  -0.00000001    -0.02288405  -0.00136827    -0.00380501  -0.00676218
 -0.00380500   0.00676219    -0.00529434  -0.00163679    -0.01304717   0.00000000
    2    6
  0.01637419  -0.00836372     0.00135242   0.00063181     0.02813797   0.00139458
 -0.00301816   0.00144372     0.00196655  -0.00276495     0.00135242   0.00063181
  0.02310278  -0.02051758    -0.00301816   0.00144372     0.01637419  -0.00836372
    2    7
 -0.02288405  -0.00136828    -0.00529434  -0.00163679     0.00513196  -0.00000000
 -0.00380500  -0.00676218    -0.01304717   0.00000000    -0.00529434   0.00163679
  0.02211552  -0.00000000    -0.00380500   0.00676218    -0.02288405   0.00136828
    3    1
 -0.02088040  -0.00864895    -0.03586362   0.01807499    -0.01257845  -0.03814036
  0.00018288  -0.01539832    -0.00016903   0.01258486    -0.00466658   0.01691942
 -0.01075894   0.01101757     0.00866407  -0.01526360     0.00877932  -0.00901836
    3    2
 -0.02259009  -0.00000001    -0.00941861   0.00112386    -0.00941861  -0.00112386
 -0.00941861   0.00112386     0.00844964  -0.00984389    -0.00410549  -0.00000000
 -0.00941861  -0.00112386    -0.00410549  -0.00000000     0.00844963   0.00984389
    3    3
  0.06117123   0.00000000     0.00320640   0.00670480     0.00320640  -0.00670480
  0.00320640  -0.00670480     0.04462377  -0.00000000    -0.00016127   0.00463342
  0.00320640   0.00670480    -0.00016127  -0.00463342     0.04462377   0.00000000
    3    4
 -0.02288405  -0.00136828     0.00513196   0.00000000    -0.00529434  -0.00163679
  0.02211552   0.00000001    -0.02288405   0.00136827    -0.00380501   0.00676218
 -0.00380500  -0.00676219    -0.00529434   0.00163679    -0.01304717  -0.00000000
    3    5
  0.01637419  -0.00836371     0.02813797   0.00139460     0.00135242   0.00063181
  0.02310280  -0.02051756     0.01637419  -0.00836371    -0.00301817   0.00144372
 -0.00301817   0.00144372     0.00135242   0.00063181     0.00196655  -0.00276495
    3    6
 -0.02288405   0.00136828    -0.00529434   0.00163679     0.00513196   0.00000000
 -0.00380500   0.00676218    -0.01304717   0.00000000    -0.00529434  -0.00163679
  0.02211552  -0.00000000    -0.00380500  -0.00676218    -0.02288405  -0.00136828
    3    7
  0.01637419   0.00836372     0.00135242  -0.00063181     0.02813797  -0.00139458
 -0.00301816  -0.00144372     0.00196655   0.00276495     0.00135242  -0.00063181
  0.02310278   0.02051758    -0.00301816  -0.00144372     0.01637419   0.00836372
    4    1
 -0.00016902   0.01258486     0.00018287  -0.01539832    -0.00466657   0.01691942
 -0.03586361   0.01807500    -0.02088040  -0.00864894    -0.01257846  -0.03814036
  0.00866407  -0.01526361    -0.01075894   0.01101757     0.00877932  -0.00901836
    4    2
  0.01637419  -0.00836371     0.02310280  -0.02051756    -0.00301817   0.00144372
  0.02813797   0.00139460     0.01637419  -0.00836371     0.00135242   0.00063181
  0.00135242   0.00063181    -0.00301817   0.00144372     0.00196655  -0.00276495
    4    3
 -0.02288405   0.00136828     0.02211552  -0.00000001    -0.00380500   0.00676219
  0.00513196  -0.00000000    -0.02288405  -0.00136827    -0.00529434  -0.00163679
 -0.00529434   0.00163679    -0.00380501  -0.00676218    -0.01304717   0.00000000
    4    4
  0.04462377   0.00000000     0.00320640  -0.00670480    -0.00016127   0.00463342
  0.00320640   0.00670480     0.06117123  -0.00000000     0.00320640  -0.00670480
 -0.00016127  -0.00463342     0.00320640   0.00670480     0.04462377   0.00000000
    4    5
  0.00844963  -0.00984389    -0.00941861   0.00112386    -0.00410549  -0.00000000
 -0.00941861   0.00112386    -0.02259009   0.00000000    -0.00941861  -0.00112386
 -0.00410549  -0.00000000    -0.00941861  -0.00112386     0.00844963   0.00984389
    4    6
  0.00196655   0.00276495    -0.00301817  -0.00144372     0.00135242  -0.00063181
  0.00135242  -0.00063181     0.01637419   0.00836371     0.02813797  -0.00139460
 -0.00301817  -0.00144372     0.02310280   0.02051756     0.01637419   0.00836371
    4    7
 -0.01304717  -0.00000000    -0.00380501   0.00676218    -0.00529434  -0.00163679
 -0.00529434   0.00163679    -0.02288405   0.00136827     0.00513196   0.00000000
 -0.00380500  -0.00676219     0.02211552   0.00000001    -0.02288405  -0.00136828
    5    1
  0.00877932  -0.00901836    -0.01075894   0.01101757     0.00866407  -0.01526361
 -0.01257846  -0.03814036    -0.02088040  -0.00864894    -0.03586361   0.01807500
 -0.00466657   0.01691942     0.00018287  -0.01539832    -0.00016902   0.01258486
    5    2
 -0.02288405  -0.00136828     0.02211552   0.00000001    -0.00380500  -0.00676219
  0.00513196   0.00000000    -0.02288405   0.00136827    -0.00529434   0.00163679
 -0.00529434  -0.00163679    -0.00380501   0.00676218    -0.01304717  -0.00000000
    5    3
  0.01637419   0.00836371     0.02310280   0.02051756    -0.00301817  -0.00144372
  0.02813797  -0.00139460     0.01637419   0.00836371     0.00135242  -0.00063181
  0.00135242  -0.00063181    -0.00301817  -0.00144372     0.00196655   0.00276495
    5    4
  0.00844963   0.00984389    -0.00941861  -0.00112386    -0.00410549   0.00000000
 -0.00941861  -0.00112386    -0.02259009  -0.00000000    -0.00941861   0.00112386
 -0.00410549   0.00000000    -0.00941861   0.00112386     0.00844963  -0.00984389
    5    5
  0.04462377   0.00000000     0.00320640   0.00670480    -0.00016127  -0.00463342
  0.00320640  -0.00670480     0.06117123  -0.00000000     0.00320640   0.00670480
 -0.00016127   0.00463342     0.00320640  -0.00670480     0.04462377  -0.00000000
    5    6
 -0.01304717   0.00000000    -0.00380501  -0.00676218    -0.00529434   0.00163679
 -0.00529434  -0.00163679    -0.02288405  -0.00136827     0.00513196  -0.00000000
 -0.00380500   0.00676219     0.02211552  -0.00000001    -0.02288405   0.00136828
    5    7
  0.00196655  -0.00276495    -0.00301817   0.00144372     0.00135242   0.00063181
  0.00135242   0.00063181     0.01637419  -0.00836371     0.02813797   0.00139460
 -0.00301817   0.00144372     0.02310280  -0.02051756     0.01637419  -0.00836371
    6    1
  0.00877932  -0.00901836     0.00866407  -0.01526360    -0.01075894   0.01101757
 -0.00466658   0.01691942    -0.00016903   0.01258486     0.00018288  -0.01539832
 -0.01257845  -0.03814036    -0.03586362   0.01807499    -0.02088040  -0.00864895
    6    2
  0.01637419   0.00836372    -0.00301816  -0.00144372     0.02310278   0.02051758
  0.00135242  -0.00063181     0.00196655   0.00276495    -0.00301816  -0.00144372
  0.02813797  -0.00139458     0.00135242  -0.00063181     0.01637419   0.00836372
    6    3
 -0.02288405  -0.00136828    -0.00380500  -0.00676218     0.02211552  -0.00000000
 -0.00529434  -0.00163679    -0.01304717  -0.00000000    -0.00380500   0.00676218
  0.00513196   0.00000000    -0.00529434   0.00163679    -0.02288405   0.00136828
    6    4
  0.00196655  -0.00276495     0.00135242   0.00063181    -0.00301817   0.00144372
 -0.00301817   0.00144372     0.01637419  -0.00836371     0.02310280  -0.02051756
  0.00135242   0.00063181     0.02813797   0.00139460     0.01637419  -0.00836371
    6    5
 -0.01304717  -0.00000000    -0.00529434   0.00163679    -0.00380500  -0.00676219
 -0.00380501   0.00676218    -0.02288405   0.00136827     0.02211552   0.00000001
 -0.00529434  -0.00163679     0.00513196   0.00000000    -0.02288405  -0.00136828
    6    6
  0.04462377   0.00000000    -0.00016127  -0.00463342     0.00320640   0.00670480
 -0.00016127   0.00463342     0.04462377   0.00000000     0.00320640  -0.00670480
  0.00320640  -0.00670480     0.00320640   0.00670480     0.06117123   0.00000000
    6    7
  0.00844963   0.00984389    -0.00410549  -0.00000000    -0.00941861  -0.00112386
 -0.00410549  -0.00000000     0.00844964  -0.00984389    -0.00941861   0.00112386
 -0.00941861  -0.00112386    -0.00941861   0.00112386    -0.02259009  -0.00000001
    7    1
 -0.00016902   0.01258486    -0.00466657   0.01691942     0.00018287  -0.01539832
  0.00866407  -0.01526361     0.00877931  -0.00901836    -0.01075894   0.01101757
 -0.03586361   0.01807501    -0.01257847  -0.03814035    -0.02088041  -0.00864894
    7    2
 -0.02288405   0.00136828    -0.00380500   0.00676218     0.02211552   0.00000000
 -0.00529434   0.00163679    -0.01304717  -0.00000000    -0.00380500  -0.00676218
  0.00513196   0.00000000    -0.00529434  -0.00163679    -0.02288405  -0.00136828
    7    3
  0.01637419  -0.00836372    -0.00301816   0.00144372     0.02310278  -0.02051758
  0.00135242   0.00063181     0.00196655  -0.00276495    -0.00301816   0.00144372
  0.02813797   0.00139458     0.00135242   0.00063181     0.01637419  -0.00836372
    7    4
 -0.01304717   0.00000000    -0.00529434  -0.00163679    -0.00380500   0.00676219
 -0.00380501  -0.00676218    -0.02288405  -0.00136827     0.02211552  -0.00000001
 -0.00529434   0.00163679     0.00513196  -0.00000000    -0.02288405   0.00136828
    7    5
  0.00196655   0.00276495     0.00135242  -0.00063181    -0.00301817  -0.00144372
 -0.00301817  -0.00144372     0.01637419   0.00836371     0.02310280   0.02051756
  0.00135242  -0.00063181     0.02813797  -0.00139460     0.01637419   0.00836371
    7    6
  0.00844963  -0.00984389    -0.00410549   0.00000000    -0.00941861   0.00112386
 -0.00410549   0.00000000     0.00844964   0.00984389    -0.00941861  -0.00112386
 -0.00941861   0.00112386    -0.00941861  -0.00112386    -0.02259009   0.00000001
    7    7
  0.04462377   0.00000000    -0.00016127   0.00463342     0.00320640  -0.00670480
 -0.00016127  -0.00463342     0.04462377   0.00000000     0.00320640   0.00670480
  0.00320640   0.00670480     0.00320640  -0.00670480     0.06117123   0.00000000

     Dynamical  Matrix in cartesian axes

     q = (    0.216506400  -0.649519100  -0.216506400 ) 

    1    1
  0.13039103  -0.00000000     0.00264465  -0.00000000    -0.00264465  -0.00000000
  0.00264465   0.00000000     0.13039103  -0.00000000    -0.00264465   0.00000000
 -0.00264465   0.00000000    -0.00264465  -0.00000000     0.13039103  -0.00000000
    1    2
  0.00864895  -0.02088040    -0.01101757  -0.01075894    -0.01539832  -0.00018288
  0.03814036  -0.01257845     0.00901836   0.00877932     0.01691942   0.00466658
  0.01807499   0.03586362    -0.01526360  -0.00866407    -0.01258486  -0.00016903
    1    3
 -0.02088040  -0.00864895     0.00018288  -0.01539832     0.01075894  -0.01101757
 -0.03586362   0.01807499    -0.00016903   0.01258486    -0.00866407   0.01526360
  0.01257845   0.03814036     0.00466658  -0.01691942     0.00877932  -0.00901836
    1    4
 -0.00016903   0.01258486    -0.03586361   0.01807500    -0.00866407   0.01526360
  0.00018288  -0.01539832    -0.02088040  -0.00864895     0.01075894  -0.01101757
  0.00466657  -0.01691942     0.01257845   0.03814036     0.00877932  -0.00901836
    1    5
  0.00901835   0.00877932     0.03814036  -0.01257844     0.01691942   0.00466658
 -0.01101756  -0.01075894     0.00864895  -0.02088040    -0.01539832  -0.00018288
 -0.01526360  -0.00866408     0.01807498   0.03586362    -0.01258486  -0.00016903
    1    6
  0.00901836  -0.00877932    -0.01691942   0.00466657    -0.03814035  -0.01257846
  0.01526361  -0.00866407    -0.01258486   0.00016902     0.01807501  -0.03586361
  0.01101757  -0.01075894    -0.01539832   0.00018287     0.00864894   0.02088041
    1    7
 -0.01258486   0.00016903     0.01526360  -0.00866407     0.01807500  -0.03586361
 -0.01691942   0.00466657     0.00901836  -0.00877932    -0.03814036  -0.01257845
 -0.01539832   0.00018288     0.01101757  -0.01075894     0.00864895   0.02088040
    2    1
  0.00864895   0.02088040     0.03814036   0.01257845     0.01807499  -0.03586362
 -0.01101757   0.01075894     0.00901836  -0.00877932    -0.01526360   0.00866407
 -0.01539832   0.00018288     0.01691942  -0.00466658    -0.01258486   0.00016903
    2    2
  0.06117123   0.00000000     0.00320640   0.00670480    -0.00320640   0.00670480
  0.00320640  -0.00670480     0.04462377  -0.00000000     0.00016127  -0.00463342
 -0.00320640  -0.00670480     0.00016127   0.00463342     0.04462377   0.00000000
    2    3
 -0.00000000   0.02259009     0.00112386   0.00941861     0.00112386  -0.00941861
  0.00112386   0.00941861    -0.00984389  -0.00844963     0.00000000  -0.00410549
  0.00112386  -0.00941861     0.00000000  -0.00410549     0.00984389  -0.00844963
    2    4
 -0.00836372  -0.01637419     0.00139459  -0.02813797    -0.00063181   0.00135242
 -0.02051757  -0.02310279    -0.00836372  -0.01637419    -0.00144372  -0.00301817
 -0.00144372  -0.00301817    -0.00063181   0.00135242    -0.00276495  -0.00196655
    2    5
 -0.02288405  -0.00136828     0.00513196   0.00000000     0.00529434   0.00163679
  0.02211552   0.00000001    -0.02288405   0.00136827     0.00380501  -0.00676218
  0.00380500   0.00676219     0.00529434  -0.00163679    -0.01304717  -0.00000000
    2    6
  0.01521395  -0.01714898     0.00258628  -0.00490105     0.00362884  -0.00362884
 -0.00209104  -0.00747213     0.00922574  -0.00922574    -0.00490105   0.00258628
  0.01563804  -0.01563803    -0.00747213  -0.00209104     0.01714899  -0.01521395
    2    7
 -0.01749234   0.00566426    -0.00050955   0.00140306     0.01891042  -0.02088268
  0.00315503  -0.00111330    -0.00334568  -0.00056455     0.00050955  -0.00140306
  0.03084425  -0.00182803    -0.00315503   0.00111330    -0.01749234   0.00566426
    3    1
 -0.02088040   0.00864895    -0.03586362  -0.01807499     0.01257845  -0.03814036
  0.00018288   0.01539832    -0.00016903  -0.01258486     0.00466658   0.01691942
  0.01075894   0.01101757    -0.00866407  -0.01526360     0.00877932   0.00901836
    3    2
 -0.00000000  -0.02259009     0.00112386  -0.00941861     0.00112386   0.00941861
  0.00112386  -0.00941861    -0.00984389   0.00844963     0.00000000   0.00410549
  0.00112386   0.00941861     0.00000000   0.00410549     0.00984389   0.00844963
    3    3
  0.06117123   0.00000000     0.00320640  -0.00670480    -0.00320640  -0.00670480
  0.00320640   0.00670480     0.04462377   0.00000000     0.00016127   0.00463342
 -0.00320640   0.00670480     0.00016127  -0.00463342     0.04462377   0.00000000
    3    4
 -0.02288405   0.00136828     0.00513196  -0.00000000     0.00529434  -0.00163679
  0.02211552  -0.00000001    -0.02288405  -0.00136827     0.00380501   0.00676218
  0.00380500  -0.00676219     0.00529434   0.00163679    -0.01304717   0.00000000
    3    5
 -0.00836372   0.01637419     0.00139459   0.02813797    -0.00063181  -0.00135242
 -0.02051757   0.02310279    -0.00836372   0.01637419    -0.00144372   0.00301817
 -0.00144372   0.00301817    -0.00063181  -0.00135242    -0.00276495   0.00196655
    3    6
 -0.01749234  -0.00566426    -0.00050955  -0.00140306     0.01891042   0.02088268
  0.00315503   0.00111330    -0.00334568   0.00056455     0.00050955   0.00140306
  0.03084425   0.00182803    -0.00315503  -0.00111330    -0.01749234  -0.00566426
    3    7
  0.01521395   0.01714898     0.00258628   0.00490105     0.00362884   0.00362884
 -0.00209104   0.00747213     0.00922574   0.00922574    -0.00490105  -0.00258628
  0.01563804   0.01563803    -0.00747213   0.00209104     0.01714899   0.01521395
    4    1
 -0.00016903  -0.01258486     0.00018288   0.01539832     0.00466657   0.01691942
 -0.03586361  -0.01807500    -0.02088040   0.00864895     0.01257845  -0.03814036
 -0.00866407  -0.01526360     0.01075894   0.01101757     0.00877932   0.00901836
    4    2
 -0.00836372   0.01637419    -0.02051757   0.02310279    -0.00144372   0.00301817
  0.00139459   0.02813797    -0.00836372   0.01637419    -0.00063181  -0.00135242
 -0.00063181  -0.00135242    -0.00144372   0.00301817    -0.00276495   0.00196655
    4    3
 -0.02288405  -0.00136828     0.02211552   0.00000001     0.00380500   0.00676219
  0.00513196   0.00000000    -0.02288405   0.00136827     0.00529434  -0.00163679
  0.00529434   0.00163679     0.00380501  -0.00676218    -0.01304717  -0.00000000
    4    4
  0.04462377   0.00000000     0.00320640   0.00670480     0.00016127   0.00463342
  0.00320640  -0.00670480     0.06117123   0.00000000    -0.00320640  -0.00670480
  0.00016127  -0.00463342    -0.00320640   0.00670480     0.04462377  -0.00000000
    4    5
 -0.00984389   0.00844963     0.00112386  -0.00941861    -0.00000000   0.00410549
  0.00112386  -0.00941861     0.00000001  -0.02259009     0.00112386   0.00941861
 -0.00000000   0.00410549     0.00112386   0.00941861     0.00984389   0.00844964
    4    6
  0.00922574   0.00922574    -0.00209104   0.00747213    -0.00490105  -0.00258628
  0.00258628   0.00490105     0.01521395   0.01714899     0.00362884   0.00362884
 -0.00747213   0.00209104     0.01563803   0.01563804     0.01714898   0.01521396
    4    7
 -0.00334568   0.00056455     0.00315503   0.00111330     0.00050955   0.00140306
 -0.00050955  -0.00140306    -0.01749234  -0.00566426     0.01891042   0.02088268
 -0.00315503  -0.00111330     0.03084425   0.00182803    -0.01749234  -0.00566426
    5    1
  0.00901835  -0.00877932    -0.01101756   0.01075894    -0.01526360   0.00866408
  0.03814036   0.01257844     0.00864895   0.02088040     0.01807498  -0.03586362
  0.01691942  -0.00466658    -0.01539832   0.00018288    -0.01258486   0.00016903
    5    2
 -0.02288405   0.00136828     0.02211552  -0.00000001     0.00380500  -0.00676219
  0.00513196  -0.00000000    -0.02288405  -0.00136827     0.00529434   0.00163679
  0.00529434  -0.00163679     0.00380501   0.00676218    -0.01304717   0.00000000
    5    3
 -0.00836372  -0.01637419    -0.02051757  -0.02310279    -0.00144372  -0.00301817
  0.00139459  -0.02813797    -0.00836372  -0.01637419    -0.00063181   0.00135242
 -0.00063181   0.00135242    -0.00144372  -0.00301817    -0.00276495  -0.00196655
    5    4
 -0.00984389  -0.00844963     0.00112386   0.00941861    -0.00000000  -0.00410549
  0.00112386   0.00941861     0.00000001   0.02259009     0.00112386  -0.00941861
 -0.00000000  -0.00410549     0.00112386  -0.00941861     0.00984389  -0.00844964
    5    5
  0.04462377   0.00000000     0.00320640  -0.00670480     0.00016127  -0.00463342
  0.00320640   0.00670480     0.06117123   0.00000000    -0.00320640   0.00670480
  0.00016127   0.00463342    -0.00320640  -0.00670480     0.04462377  -0.00000000
    5    6
 -0.00334568  -0.00056455     0.00315503  -0.00111330     0.00050955  -0.00140306
 -0.00050955   0.00140306    -0.01749234   0.00566426     0.01891042  -0.02088268
 -0.00315503   0.00111330     0.03084425  -0.00182803    -0.01749234   0.00566426
    5    7
  0.00922574  -0.00922574    -0.00209104  -0.00747213    -0.00490105   0.00258628
  0.00258628  -0.00490105     0.01521395  -0.01714899     0.00362884  -0.00362884
 -0.00747213  -0.00209104     0.01563803  -0.01563804     0.01714898  -0.01521396
    6    1
  0.00901836   0.00877932     0.01526361   0.00866407     0.01101757   0.01075894
 -0.01691942  -0.00466657    -0.01258486  -0.00016902    -0.01539832  -0.00018287
 -0.03814035   0.01257846     0.01807501   0.03586361     0.00864894  -0.02088041
    6    2
  0.01521395   0.01714898    -0.00209104   0.00747213     0.01563804   0.01563803
  0.00258628   0.00490105     0.00922574   0.00922574    -0.00747213   0.00209104
  0.00362884   0.00362884    -0.00490105  -0.00258628     0.01714899   0.01521395
    6    3
 -0.01749234   0.00566426     0.00315503  -0.00111330     0.03084425  -0.00182803
 -0.00050955   0.00140306    -0.00334568  -0.00056455    -0.00315503   0.00111330
  0.01891042  -0.02088268     0.00050955  -0.00140306    -0.01749234   0.00566426
    6    4
  0.00922574  -0.00922574     0.00258628  -0.00490105    -0.00747213  -0.00209104
 -0.00209104  -0.00747213     0.01521395  -0.01714899     0.01563803  -0.01563804
 -0.00490105   0.00258628     0.00362884  -0.00362884     0.01714898  -0.01521396
    6    5
 -0.00334568   0.00056455    -0.00050955  -0.00140306    -0.00315503  -0.00111330
  0.00315503   0.00111330    -0.01749234  -0.00566426     0.03084425   0.00182803
  0.00050955   0.00140306     0.01891042   0.02088268    -0.01749234  -0.00566426
    6    6
  0.04462377   0.00000000    -0.00016127  -0.00463342    -0.00320640  -0.00670480
 -0.00016127   0.00463342     0.04462377  -0.00000000    -0.00320640   0.00670480
 -0.00320640   0.00670480    -0.00320640  -0.00670480     0.06117123   0.00000000
    6    7
  0.00844963   0.00984389    -0.00410549   0.00000000     0.00941861   0.00112386
 -0.00410549   0.00000000     0.00844963  -0.00984389     0.00941861  -0.00112386
  0.00941861   0.00112386     0.00941861  -0.00112386    -0.02259009   0.00000001
    7    1
 -0.01258486  -0.00016903    -0.01691942  -0.00466657    -0.01539832  -0.00018288
  0.01526360   0.00866407     0.00901836   0.00877932     0.01101757   0.01075894
  0.01807500   0.03586361    -0.03814036   0.01257845     0.00864895  -0.02088040
    7    2
 -0.01749234  -0.00566426     0.00315503   0.00111330     0.03084425   0.00182803
 -0.00050955  -0.00140306    -0.00334568   0.00056455    -0.00315503  -0.00111330
  0.01891042   0.02088268     0.00050955   0.00140306    -0.01749234  -0.00566426
    7    3
  0.01521395  -0.01714898    -0.00209104  -0.00747213     0.01563804  -0.01563803
  0.00258628  -0.00490105     0.00922574  -0.00922574    -0.00747213  -0.00209104
  0.00362884  -0.00362884    -0.00490105   0.00258628     0.01714899  -0.01521395
    7    4
 -0.00334568  -0.00056455    -0.00050955   0.00140306    -0.00315503   0.00111330
  0.00315503  -0.00111330    -0.01749234   0.00566426     0.03084425  -0.00182803
  0.00050955  -0.00140306     0.01891042  -0.02088268    -0.01749234   0.00566426
    7    5
  0.00922574   0.00922574     0.00258628   0.00490105    -0.00747213   0.00209104
 -0.00209104   0.00747213     0.01521395   0.01714899     0.01563803   0.01563804
 -0.00490105  -0.00258628     0.00362884   0.00362884     0.01714898   0.01521396
    7    6
  0.00844963  -0.00984389    -0.00410549  -0.00000000     0.00941861  -0.00112386
 -0.00410549  -0.00000000     0.00844963   0.00984389     0.00941861   0.00112386
  0.00941861  -0.00112386     0.00941861   0.00112386    -0.02259009  -0.00000001
    7    7
  0.04462377  -0.00000000    -0.00016127   0.00463342    -0.00320640   0.00670480
 -0.00016127  -0.00463342     0.04462377   0.00000000    -0.00320640  -0.00670480
 -0.00320640  -0.00670480    -0.00320640   0.00670480     0.06117123   0.00000000

     Dynamical  Matrix in cartesian axes

     q = (   -0.216506400   0.216506400  -0.649519100 ) 

    1    1
  0.13039103  -0.00000000    -0.00264465   0.00000000    -0.00264465  -0.00000000
 -0.00264465  -0.00000000     0.13039103  -0.00000000     0.00264465  -0.00000000
 -0.00264465   0.00000000     0.00264465   0.00000000     0.13039103  -0.00000000
    1    2
  0.00864894   0.02088041     0.01101757  -0.01075894    -0.01539832   0.00018287
 -0.03814035  -0.01257846     0.00901836  -0.00877932    -0.01691942   0.00466657
  0.01807501  -0.03586361     0.01526361  -0.00866407    -0.01258486   0.00016902
    1    3
  0.00864895   0.02088040    -0.01539832   0.00018288     0.01101757  -0.01075894
  0.01807500  -0.03586361    -0.01258486   0.00016903     0.01526360  -0.00866407
 -0.03814036  -0.01257845    -0.01691942   0.00466657     0.00901836  -0.00877932
    1    4
 -0.01258486  -0.00016903     0.01807499   0.03586362    -0.01526360  -0.00866407
 -0.01539832  -0.00018288     0.00864895  -0.02088040    -0.01101757  -0.01075894
  0.01691942   0.00466658     0.03814036  -0.01257845     0.00901836   0.00877932
    1    5
  0.00877932  -0.00901836     0.01257845   0.03814036     0.00466658  -0.01691942
  0.01075894  -0.01101757    -0.02088040  -0.00864895     0.00018288  -0.01539832
 -0.00866407   0.01526360    -0.03586362   0.01807499    -0.00016903   0.01258486
    1    6
  0.00877932  -0.00901836     0.00466657  -0.01691942     0.01257845   0.03814036
 -0.00866407   0.01526360    -0.00016903   0.01258486    -0.03586361   0.01807500
  0.01075894  -0.01101757     0.00018288  -0.01539832    -0.02088040  -0.00864895
    1    7
 -0.01258486  -0.00016903    -0.01526360  -0.00866408     0.01807498   0.03586362
  0.01691942   0.00466658     0.00901835   0.00877932     0.03814036  -0.01257844
