  1.000000000000000E-002   1.26045764302382        2.13065582614097     
          12

     Dynamical  Matrix in cartesian axes

     q = (    0.433012700   0.433012700   0.216506400 ) 

    1    1
  0.07854362   0.00000000     0.01870191   0.00000000    -0.00000000   0.00000000
  0.01870191   0.00000000     0.07854362   0.00000000    -0.00000000   0.00000000
 -0.00000000   0.00000000    -0.00000000   0.00000000     0.04702650   0.00000000
    1    2
 -0.00952951   0.00952952     0.01393406  -0.01393407    -0.00396732  -0.00396731
 -0.00499896   0.00499896     0.00768801  -0.00768802    -0.00431968  -0.00431968
 -0.00261971  -0.00261971    -0.01071745  -0.01071745    -0.01028218   0.01028219
    1    3
  0.01347677   0.00000000    -0.01970574  -0.00000000     0.00000000  -0.00561063
  0.00706960   0.00000000    -0.01087249  -0.00000000     0.00000000  -0.00610894
  0.00000000  -0.00370483     0.00000000  -0.01515677     0.01454120   0.00000000
    1    4
 -0.01087249  -0.00000000     0.00706960   0.00000000     0.00000000  -0.00610894
 -0.01970574  -0.00000000     0.01347677   0.00000000     0.00000000  -0.00561063
  0.00000000  -0.01515677     0.00000000  -0.00370483     0.01454120   0.00000000
    1    5
  0.00768801  -0.00768802    -0.00499896   0.00499896    -0.00431968  -0.00431968
  0.01393406  -0.01393407    -0.00952951   0.00952952    -0.00396732  -0.00396731
 -0.01071745  -0.01071745    -0.00261971  -0.00261971    -0.01028218   0.01028219
    1    6
  0.00000000   0.00000000     0.00000000   0.00000000     0.00685689   0.00696662
  0.00000000   0.00000000     0.00000000   0.00000000     0.00007760   0.00977470
  0.01771751  -0.00236540    -0.01420076   0.01085558     0.00000000  -0.00000000
    1    7
  0.00000000   0.00000000     0.00000000   0.00000000     0.00007760   0.00977470
  0.00000000   0.00000000     0.00000000   0.00000000     0.00685689   0.00696662
 -0.01420076   0.01085558     0.01771751  -0.00236540    -0.00000000  -0.00000000
    2    1
 -0.00952951  -0.00952952    -0.00499896  -0.00499896    -0.00261971   0.00261971
  0.01393406   0.01393407     0.00768801   0.00768802    -0.01071745   0.01071745
 -0.00396732   0.00396731    -0.00431968   0.00431968    -0.01028218  -0.01028219
    2    2
  0.06189849  -0.00000000    -0.00165783  -0.00000000    -0.00000000  -0.00870264
 -0.00165783  -0.00000000     0.07125094  -0.00000000     0.00000000  -0.00640439
  0.00000000   0.00870264    -0.00000000   0.00640439     0.03136347  -0.00000000
    2    3
  0.00560040   0.00560040     0.00673214   0.00673215     0.00037181  -0.00037181
  0.00673214   0.00673215     0.01861437   0.01861438    -0.01410911   0.01410910
  0.00037181  -0.00037181    -0.01410911   0.01410910    -0.00816184  -0.00816184
    2    4
  0.01645467   0.01645468     0.01929586   0.01929586     0.00455058  -0.00455058
  0.02739192   0.02739193     0.01645467   0.01645468    -0.01204145   0.01204144
 -0.01204145   0.01204144     0.00455058  -0.00455058     0.00806628   0.00806628
    2    5
 -0.01725449  -0.00000000     0.03372465  -0.00000000     0.00000000  -0.00860137
  0.05600688  -0.00000000    -0.01725449  -0.00000000     0.00000000  -0.00847846
  0.00000000   0.00847846     0.00000000   0.00860137     0.00434313   0.00000000
    2    6
 -0.01308519  -0.00985705    -0.00967079  -0.00055046    -0.01147222   0.00270339
 -0.01410722   0.00953513    -0.00103153  -0.01616122    -0.00279450  -0.00775197
 -0.01388278  -0.01719190    -0.00121557   0.00190165    -0.01346367  -0.00420758
    2    7
 -0.01622261  -0.00228264    -0.00722752  -0.00644905     0.00620050   0.01002367
 -0.00323295  -0.01671767    -0.01215711   0.01069830     0.00745748  -0.00350546
  0.02197312  -0.00233990    -0.00048513   0.00220421    -0.01249546  -0.00654504
    3    1
  0.01347677  -0.00000000     0.00706960  -0.00000000     0.00000000   0.00370483
 -0.01970574   0.00000000    -0.01087249   0.00000000     0.00000000   0.01515677
  0.00000000   0.00561063     0.00000000   0.00610894     0.01454120  -0.00000000
    3    2
  0.00560040  -0.00560040     0.00673214  -0.00673215     0.00037181   0.00037181
  0.00673214  -0.00673215     0.01861437  -0.01861438    -0.01410911  -0.01410910
  0.00037181   0.00037181    -0.01410911  -0.01410910    -0.00816184   0.00816184
    3    3
  0.06189849  -0.00000000    -0.00165783   0.00000000     0.00000000   0.00870264
 -0.00165783  -0.00000000     0.07125094   0.00000000    -0.00000000   0.00640439
  0.00000000  -0.00870264     0.00000000  -0.00640439     0.03136347   0.00000000
    3    4
 -0.01725449   0.00000000     0.03372465  -0.00000000     0.00000000   0.00860137
  0.05600688  -0.00000000    -0.01725449   0.00000000     0.00000000   0.00847846
  0.00000000  -0.00847846    -0.00000000  -0.00860137     0.00434313  -0.00000000
    3    5
  0.01645467  -0.01645468     0.01929586  -0.01929586     0.00455058   0.00455058
  0.02739192  -0.02739193     0.01645467  -0.01645468    -0.01204145  -0.01204144
 -0.01204145  -0.01204144     0.00455058   0.00455058     0.00806628  -0.00806628
    3    6
 -0.01622261   0.00228264    -0.00722752   0.00644905     0.00620050  -0.01002367
 -0.00323295   0.01671767    -0.01215711  -0.01069830     0.00745748   0.00350546
  0.02197312   0.00233990    -0.00048513  -0.00220421    -0.01249546   0.00654504
    3    7
 -0.01308519   0.00985705    -0.00967079   0.00055046    -0.01147222  -0.00270339
 -0.01410722  -0.00953513    -0.00103153   0.01616122    -0.00279450   0.00775197
 -0.01388278   0.01719190    -0.00121557  -0.00190165    -0.01346367   0.00420758
    4    1
 -0.01087249   0.00000000    -0.01970574   0.00000000     0.00000000   0.01515677
  0.00706960  -0.00000000     0.01347677  -0.00000000     0.00000000   0.00370483
  0.00000000   0.00610894     0.00000000   0.00561063     0.01454120  -0.00000000
    4    2
  0.01645467  -0.01645468     0.02739192  -0.02739193    -0.01204145  -0.01204144
  0.01929586  -0.01929586     0.01645467  -0.01645468     0.00455058   0.00455058
  0.00455058   0.00455058    -0.01204145  -0.01204144     0.00806628  -0.00806628
    4    3
 -0.01725449  -0.00000000     0.05600688   0.00000000     0.00000000   0.00847846
  0.03372465   0.00000000    -0.01725449  -0.00000000     0.00000000   0.00860137
  0.00000000  -0.00860137     0.00000000  -0.00847846     0.00434313   0.00000000
    4    4
  0.07125094  -0.00000000    -0.00165783  -0.00000000     0.00000000   0.00640439
 -0.00165783  -0.00000000     0.06189849  -0.00000000    -0.00000000   0.00870264
 -0.00000000  -0.00640439     0.00000000  -0.00870264     0.03136347  -0.00000000
    4    5
  0.01861437  -0.01861438     0.00673214  -0.00673215    -0.01410911  -0.01410910
  0.00673214  -0.00673215     0.00560040  -0.00560040     0.00037181   0.00037181
 -0.01410911  -0.01410910     0.00037181   0.00037181    -0.00816184   0.00816184
    4    6
 -0.00103153   0.01616122    -0.01410722  -0.00953513    -0.00279450   0.00775197
 -0.00967079   0.00055046    -0.01308519   0.00985705    -0.01147222  -0.00270339
 -0.00121557  -0.00190165    -0.01388278   0.01719190    -0.01346367   0.00420758
    4    7
 -0.01215711  -0.01069830    -0.00323295   0.01671767     0.00745748   0.00350546
 -0.00722752   0.00644905    -0.01622261   0.00228264     0.00620050  -0.01002367
 -0.00048513  -0.00220421     0.02197312   0.00233990    -0.01249546   0.00654504
    5    1
  0.00768801   0.00768802     0.01393406   0.01393407    -0.01071745   0.01071745
 -0.00499896  -0.00499896    -0.00952951  -0.00952952    -0.00261971   0.00261971
 -0.00431968   0.00431968    -0.00396732   0.00396731    -0.01028218  -0.01028219
    5    2
 -0.01725449   0.00000000     0.05600688  -0.00000000     0.00000000  -0.00847846
  0.03372465   0.00000000    -0.01725449  -0.00000000     0.00000000  -0.00860137
  0.00000000   0.00860137     0.00000000   0.00847846     0.00434313   0.00000000
    5    3
  0.01645467   0.01645468     0.02739192   0.02739193    -0.01204145   0.01204144
  0.01929586   0.01929586     0.01645467   0.01645468     0.00455058  -0.00455058
  0.00455058  -0.00455058    -0.01204145   0.01204144     0.00806628   0.00806628
    5    4
  0.01861437   0.01861438     0.00673214   0.00673215    -0.01410911   0.01410910
  0.00673214   0.00673215     0.00560040   0.00560040     0.00037181  -0.00037181
 -0.01410911   0.01410910     0.00037181  -0.00037181    -0.00816184  -0.00816184
    5    5
  0.07125094   0.00000000    -0.00165783   0.00000000    -0.00000000  -0.00640439
 -0.00165783   0.00000000     0.06189849   0.00000000     0.00000000  -0.00870264
  0.00000000   0.00640439    -0.00000000   0.00870264     0.03136347   0.00000000
    5    6
 -0.01215711   0.01069830    -0.00323295  -0.01671767     0.00745748  -0.00350546
 -0.00722752  -0.00644905    -0.01622261  -0.00228264     0.00620050   0.01002367
 -0.00048513   0.00220421     0.02197312  -0.00233990    -0.01249546  -0.00654504
    5    7
 -0.00103153  -0.01616122    -0.01410722   0.00953513    -0.00279450  -0.00775197
 -0.00967079  -0.00055046    -0.01308519  -0.00985705    -0.01147222   0.00270339
 -0.00121557   0.00190165    -0.01388278  -0.01719190    -0.01346367  -0.00420758
    6    1
  0.00000000  -0.00000000     0.00000000  -0.00000000     0.01771751   0.00236540
  0.00000000  -0.00000000     0.00000000  -0.00000000    -0.01420076  -0.01085558
  0.00685689  -0.00696662     0.00007760  -0.00977470    -0.00000000   0.00000000
    6    2
 -0.01308519   0.00985705    -0.01410722  -0.00953513    -0.01388278   0.01719190
 -0.00967079   0.00055046    -0.00103153   0.01616122    -0.00121557  -0.00190165
 -0.01147222  -0.00270339    -0.00279450   0.00775197    -0.01346367   0.00420758
    6    3
 -0.01622261  -0.00228264    -0.00323295  -0.01671767     0.02197312  -0.00233990
 -0.00722752  -0.00644905    -0.01215711   0.01069830    -0.00048513   0.00220421
  0.00620050   0.01002367     0.00745748  -0.00350546    -0.01249546  -0.00654504
    6    4
 -0.00103153  -0.01616122    -0.00967079  -0.00055046    -0.00121557   0.00190165
 -0.01410722   0.00953513    -0.01308519  -0.00985705    -0.01388278  -0.01719190
 -0.00279450  -0.00775197    -0.01147222   0.00270339    -0.01346367  -0.00420758
    6    5
 -0.01215711  -0.01069830    -0.00722752   0.00644905    -0.00048513  -0.00220421
 -0.00323295   0.01671767    -0.01622261   0.00228264     0.02197312   0.00233990
  0.00745748   0.00350546     0.00620050  -0.01002367    -0.01249546   0.00654504
    6    6
  0.03813582   0.00000000    -0.00349762  -0.00013210    -0.00000000   0.00000000
 -0.00349762   0.00013210     0.03813582  -0.00000000    -0.00000000   0.00000000
 -0.00000000   0.00000000    -0.00000000   0.00000000     0.03613050   0.00000000
    6    7
 -0.00817800   0.01027804     0.00289580  -0.00000000    -0.00000000  -0.00000000
  0.00289580  -0.00000000    -0.00817800  -0.01027804    -0.00000000  -0.00000000
 -0.00000000   0.00000000    -0.00000000   0.00000000     0.01868923   0.00000000
    7    1
  0.00000000  -0.00000000     0.00000000  -0.00000000    -0.01420076  -0.01085558
  0.00000000  -0.00000000     0.00000000  -0.00000000     0.01771751   0.00236540
  0.00007760  -0.00977470     0.00685689  -0.00696662    -0.00000000   0.00000000
    7    2
 -0.01622261   0.00228264    -0.00323295   0.01671767     0.02197312   0.00233990
 -0.00722752   0.00644905    -0.01215711  -0.01069830    -0.00048513  -0.00220421
  0.00620050  -0.01002367     0.00745748   0.00350546    -0.01249546   0.00654504
    7    3
 -0.01308519  -0.00985705    -0.01410722   0.00953513    -0.01388278  -0.01719190
 -0.00967079  -0.00055046    -0.00103153  -0.01616122    -0.00121557   0.00190165
 -0.01147222   0.00270339    -0.00279450  -0.00775197    -0.01346367  -0.00420758
    7    4
 -0.01215711   0.01069830    -0.00722752  -0.00644905    -0.00048513   0.00220421
 -0.00323295  -0.01671767    -0.01622261  -0.00228264     0.02197312  -0.00233990
  0.00745748  -0.00350546     0.00620050   0.01002367    -0.01249546  -0.00654504
    7    5
 -0.00103153   0.01616122    -0.00967079   0.00055046    -0.00121557  -0.00190165
 -0.01410722  -0.00953513    -0.01308519   0.00985705    -0.01388278   0.01719190
 -0.00279450   0.00775197    -0.01147222  -0.00270339    -0.01346367   0.00420758
    7    6
 -0.00817800  -0.01027804     0.00289580  -0.00000000    -0.00000000  -0.00000000
  0.00289580  -0.00000000    -0.00817800   0.01027804    -0.00000000  -0.00000000
 -0.00000000   0.00000000    -0.00000000   0.00000000     0.01868923   0.00000000
    7    7
  0.03813582  -0.00000000    -0.00349762   0.00013210    -0.00000000   0.00000000
 -0.00349762  -0.00013210     0.03813582   0.00000000    -0.00000000   0.00000000
  0.00000000   0.00000000    -0.00000000   0.00000000     0.03613050   0.00000000

     Dynamical  Matrix in cartesian axes

     q = (    0.433012700   0.433012700  -0.216506400 ) 

    1    1
  0.07854362   0.00000000     0.01870191   0.00000000    -0.00000000   0.00000000
  0.01870191   0.00000000     0.07854362   0.00000000    -0.00000000   0.00000000
 -0.00000000   0.00000000    -0.00000000   0.00000000     0.04702650   0.00000000
    1    2
 -0.00952951  -0.00952952     0.01393406   0.01393407    -0.00396732   0.00396731
 -0.00499896  -0.00499896     0.00768801   0.00768802    -0.00431968   0.00431968
 -0.00261971   0.00261971    -0.01071746   0.01071745    -0.01028218  -0.01028219
    1    3
  0.01347677   0.00000000    -0.01970574  -0.00000000    -0.00000000   0.00561063
  0.00706960   0.00000000    -0.01087249  -0.00000000    -0.00000000   0.00610894
 -0.00000000   0.00370483    -0.00000000   0.01515677     0.01454120   0.00000000
    1    4
 -0.01087249  -0.00000000     0.00706960   0.00000000    -0.00000000   0.00610894
 -0.01970574  -0.00000000     0.01347677   0.00000000    -0.00000000   0.00561063
 -0.00000000   0.01515677    -0.00000000   0.00370483     0.01454120   0.00000000
    1    5
  0.00768801   0.00768802    -0.00499896  -0.00499896    -0.00431968   0.00431968
  0.01393406   0.01393407    -0.00952951  -0.00952952    -0.00396732   0.00396731
 -0.01071746   0.01071745    -0.00261971   0.00261971    -0.01028218  -0.01028219
    1    6
 -0.00000000   0.00000000     0.00000000   0.00000000     0.00685689  -0.00696662
 -0.00000000   0.00000000     0.00000000   0.00000000     0.00007760  -0.00977470
  0.01771751   0.00236541    -0.01420076  -0.01085558     0.00000000  -0.00000000
    1    7
  0.00000000   0.00000000    -0.00000000   0.00000000     0.00007760  -0.00977470
  0.00000000   0.00000000    -0.00000000   0.00000000     0.00685689  -0.00696662
 -0.01420076  -0.01085558     0.01771751   0.00236541     0.00000000  -0.00000000
    2    1
 -0.00952951   0.00952952    -0.00499896   0.00499896    -0.00261971  -0.00261971
  0.01393406  -0.01393407     0.00768801  -0.00768802    -0.01071746  -0.01071745
 -0.00396732  -0.00396731    -0.00431968  -0.00431968    -0.01028218   0.01028219
    2    2
  0.06189849  -0.00000000    -0.00165783   0.00000000    -0.00000000   0.00870264
 -0.00165783  -0.00000000     0.07125094   0.00000000     0.00000000   0.00640439
  0.00000000  -0.00870264     0.00000000  -0.00640439     0.03136347   0.00000000
    2    3
  0.00560040  -0.00560040     0.00673214  -0.00673215     0.00037181   0.00037181
  0.00673214  -0.00673215     0.01861437  -0.01861438    -0.01410911  -0.01410910
  0.00037181   0.00037181    -0.01410911  -0.01410910    -0.00816184   0.00816184
    2    4
  0.01645467  -0.01645468     0.01929586  -0.01929586     0.00455058   0.00455058
  0.02739192  -0.02739193     0.01645467  -0.01645468    -0.01204145  -0.01204144
 -0.01204145  -0.01204144     0.00455058   0.00455058     0.00806628  -0.00806628
    2    5
 -0.01725449   0.00000000     0.03372465  -0.00000000     0.00000000   0.00860137
  0.05600688   0.00000000    -0.01725449  -0.00000000     0.00000000   0.00847846
  0.00000000  -0.00847846    -0.00000000  -0.00860137     0.00434313   0.00000000
    2    6
 -0.01308519   0.00985705    -0.00967079   0.00055046    -0.01147222  -0.00270339
 -0.01410722  -0.00953513    -0.00103153   0.01616122    -0.00279450   0.00775197
 -0.01388278   0.01719190    -0.00121557  -0.00190165    -0.01346367   0.00420758
    2    7
 -0.01622261   0.00228264    -0.00722752   0.00644905     0.00620050  -0.01002367
 -0.00323295   0.01671767    -0.01215711  -0.01069830     0.00745748   0.00350546
  0.02197312   0.00233990    -0.00048513  -0.00220421    -0.01249546   0.00654504
    3    1
  0.01347677  -0.00000000     0.00706960  -0.00000000    -0.00000000  -0.00370483
 -0.01970574   0.00000000    -0.01087249   0.00000000    -0.00000000  -0.01515677
 -0.00000000  -0.00561063    -0.00000000  -0.00610894     0.01454120  -0.00000000
    3    2
  0.00560040   0.00560040     0.00673214   0.00673215     0.00037181  -0.00037181
  0.00673214   0.00673215     0.01861437   0.01861438    -0.01410911   0.01410910
  0.00037181  -0.00037181    -0.01410911   0.01410910    -0.00816184  -0.00816184
    3    3
  0.06189849  -0.00000000    -0.00165783  -0.00000000     0.00000000  -0.00870264
 -0.00165783   0.00000000     0.07125094  -0.00000000    -0.00000000  -0.00640439
 -0.00000000   0.00870264     0.00000000   0.00640439     0.03136347  -0.00000000
    3    4
 -0.01725449  -0.00000000     0.03372465   0.00000000     0.00000000  -0.00860137
  0.05600688   0.00000000    -0.01725449  -0.00000000     0.00000000  -0.00847846
  0.00000000   0.00847846     0.00000000   0.00860137     0.00434313   0.00000000
    3    5
  0.01645467   0.01645468     0.01929586   0.01929586     0.00455058  -0.00455058
  0.02739192   0.02739193     0.01645467   0.01645468    -0.01204145   0.01204144
 -0.01204145   0.01204144     0.00455058  -0.00455058     0.00806628   0.00806628
    3    6
 -0.01622261  -0.00228264    -0.00722752  -0.00644905     0.00620050   0.01002367
 -0.00323295  -0.01671767    -0.01215711   0.01069830     0.00745748  -0.00350546
  0.02197312  -0.00233990    -0.00048513   0.00220421    -0.01249546  -0.00654504
    3    7
 -0.01308519  -0.00985705    -0.00967079  -0.00055046    -0.01147222   0.00270339
 -0.01410722   0.00953513    -0.00103153  -0.01616122    -0.00279450  -0.00775197
 -0.01388278  -0.01719190    -0.00121557   0.00190165    -0.01346367  -0.00420758
    4    1
 -0.01087249   0.00000000    -0.01970574   0.00000000    -0.00000000  -0.01515677
  0.00706960  -0.00000000     0.01347677  -0.00000000    -0.00000000  -0.00370483
 -0.00000000  -0.00610894    -0.00000000  -0.00561063     0.01454120  -0.00000000
    4    2
  0.01645467   0.01645468     0.02739192   0.02739193    -0.01204145   0.01204144
  0.01929586   0.01929586     0.01645467   0.01645468     0.00455058  -0.00455058
  0.00455058  -0.00455058    -0.01204145   0.01204144     0.00806628   0.00806628
    4    3
 -0.01725449   0.00000000     0.05600688  -0.00000000     0.00000000  -0.00847846
  0.03372465  -0.00000000    -0.01725449   0.00000000     0.00000000  -0.00860137
  0.00000000   0.00860137     0.00000000   0.00847846     0.00434313  -0.00000000
    4    4
  0.07125094  -0.00000000    -0.00165783   0.00000000     0.00000000  -0.00640439
 -0.00165783  -0.00000000     0.06189849  -0.00000000    -0.00000000  -0.00870264
 -0.00000000   0.00640439     0.00000000   0.00870264     0.03136347   0.00000000
    4    5
  0.01861437   0.01861438     0.00673214   0.00673215    -0.01410911   0.01410910
  0.00673214   0.00673215     0.00560040   0.00560040     0.00037181  -0.00037181
 -0.01410911   0.01410910     0.00037181  -0.00037181    -0.00816184  -0.00816184
    4    6
 -0.00103153  -0.01616122    -0.01410722   0.00953513    -0.00279450  -0.00775197
 -0.00967079  -0.00055046    -0.01308519  -0.00985705    -0.01147222   0.00270339
 -0.00121557   0.00190165    -0.01388278  -0.01719190    -0.01346367  -0.00420758
    4    7
 -0.01215711   0.01069830    -0.00323295  -0.01671767     0.00745748  -0.00350546
 -0.00722752  -0.00644905    -0.01622261  -0.00228264     0.00620050   0.01002367
 -0.00048513   0.00220421     0.02197312  -0.00233990    -0.01249546  -0.00654504
    5    1
  0.00768801  -0.00768802     0.01393406  -0.01393407    -0.01071746  -0.01071745
 -0.00499896   0.00499896    -0.00952951   0.00952952    -0.00261971  -0.00261971
 -0.00431968  -0.00431968    -0.00396732  -0.00396731    -0.01028218   0.01028219
    5    2
 -0.01725449   0.00000000     0.05600688  -0.00000000     0.00000000   0.00847846
  0.03372465   0.00000000    -0.01725449   0.00000000     0.00000000   0.00860137
  0.00000000  -0.00860137     0.00000000  -0.00847846     0.00434313   0.00000000
    5    3
  0.01645467  -0.01645468     0.02739192  -0.02739193    -0.01204145  -0.01204144
  0.01929586  -0.01929586     0.01645467  -0.01645468     0.00455058   0.00455058
  0.00455058   0.00455058    -0.01204145  -0.01204144     0.00806628  -0.00806628
    5    4
  0.01861437  -0.01861438     0.00673214  -0.00673215    -0.01410911  -0.01410910
  0.00673214  -0.00673215     0.00560040  -0.00560040     0.00037181   0.00037181
 -0.01410911  -0.01410910     0.00037181   0.00037181    -0.00816184   0.00816184
    5    5
  0.07125094  -0.00000000    -0.00165783  -0.00000000    -0.00000000   0.00640439
 -0.00165783  -0.00000000     0.06189849  -0.00000000     0.00000000   0.00870264
  0.00000000  -0.00640439    -0.00000000  -0.00870264     0.03136347  -0.00000000
    5    6
 -0.01215711  -0.01069830    -0.00323295   0.01671767     0.00745748   0.00350546
 -0.00722752   0.00644905    -0.01622261   0.00228264     0.00620050  -0.01002367
 -0.00048513  -0.00220421     0.02197312   0.00233990    -0.01249546   0.00654504
    5    7
 -0.00103153   0.01616122    -0.01410722  -0.00953513    -0.00279450   0.00775197
 -0.00967079   0.00055046    -0.01308519   0.00985705    -0.01147222  -0.00270339
 -0.00121557  -0.00190165    -0.01388278   0.01719190    -0.01346367   0.00420758
    6    1
 -0.00000000  -0.00000000    -0.00000000  -0.00000000     0.01771751  -0.00236541
 -0.00000000  -0.00000000     0.00000000  -0.00000000    -0.01420076   0.01085558
  0.00685689   0.00696662     0.00007760   0.00977470     0.00000000   0.00000000
    6    2
 -0.01308519  -0.00985705    -0.01410722   0.00953513    -0.01388278  -0.01719190
 -0.00967079  -0.00055046    -0.00103153  -0.01616122    -0.00121557   0.00190165
 -0.01147222   0.00270339    -0.00279450  -0.00775197    -0.01346367  -0.00420758
    6    3
 -0.01622261   0.00228264    -0.00323295   0.01671767     0.02197312   0.00233990
 -0.00722752   0.00644905    -0.01215711  -0.01069830    -0.00048513  -0.00220421
  0.00620050  -0.01002367     0.00745748   0.00350546    -0.01249546   0.00654504
    6    4
 -0.00103153   0.01616122    -0.00967079   0.00055046    -0.00121557  -0.00190165
 -0.01410722  -0.00953513    -0.01308519   0.00985705    -0.01388278   0.01719190
 -0.00279450   0.00775197    -0.01147222  -0.00270339    -0.01346367   0.00420758
    6    5
 -0.01215711   0.01069830    -0.00722752  -0.00644905    -0.00048513   0.00220421
 -0.00323295  -0.01671767    -0.01622261  -0.00228264     0.02197312  -0.00233990
  0.00745748  -0.00350546     0.00620050   0.01002367    -0.01249546  -0.00654504
    6    6
  0.03813582  -0.00000000    -0.00349762   0.00013210    -0.00000000   0.00000000
 -0.00349762  -0.00013210     0.03813582   0.00000000    -0.00000000   0.00000000
 -0.00000000   0.00000000    -0.00000000   0.00000000     0.03613050   0.00000000
    6    7
 -0.00817800  -0.01027804     0.00289580  -0.00000000    -0.00000000   0.00000000
  0.00289580   0.00000000    -0.00817800   0.01027804    -0.00000000   0.00000000
 -0.00000000   0.00000000    -0.00000000   0.00000000     0.01868923   0.00000000
    7    1
  0.00000000  -0.00000000    -0.00000000  -0.00000000    -0.01420076   0.01085558
 -0.00000000  -0.00000000    -0.00000000  -0.00000000     0.01771751  -0.00236541
  0.00007760   0.00977470     0.00685689   0.00696662     0.00000000   0.00000000
    7    2
 -0.01622261  -0.00228264    -0.00323295  -0.01671767     0.02197312  -0.00233990
 -0.00722752  -0.00644905    -0.01215711   0.01069830    -0.00048513   0.00220421
  0.00620050   0.01002367     0.00745748  -0.00350546    -0.01249546  -0.00654504
    7    3
 -0.01308519   0.00985705    -0.01410722  -0.00953513    -0.01388278   0.01719190
 -0.00967079   0.00055046    -0.00103153   0.01616122    -0.00121557  -0.00190165
 -0.01147222  -0.00270339    -0.00279450   0.00775197    -0.01346367   0.00420758
    7    4
 -0.01215711  -0.01069830    -0.00722752   0.00644905    -0.00048513  -0.00220421
 -0.00323295   0.01671767    -0.01622261   0.00228264     0.02197312   0.00233990
  0.00745748   0.00350546     0.00620050  -0.01002367    -0.01249546   0.00654504
    7    5
 -0.00103153  -0.01616122    -0.00967079  -0.00055046    -0.00121557   0.00190165
 -0.01410722   0.00953513    -0.01308519  -0.00985705    -0.01388278  -0.01719190
 -0.00279450  -0.00775197    -0.01147222   0.00270339    -0.01346367  -0.00420758
    7    6
 -0.00817800   0.01027804     0.00289580  -0.00000000    -0.00000000   0.00000000
  0.00289580  -0.00000000    -0.00817800  -0.01027804    -0.00000000   0.00000000
 -0.00000000  -0.00000000    -0.00000000  -0.00000000     0.01868923   0.00000000
    7    7
  0.03813582   0.00000000    -0.00349762  -0.00013210    -0.00000000   0.00000000
 -0.00349762   0.00013210     0.03813582  -0.00000000    -0.00000000   0.00000000
  0.00000000   0.00000000    -0.00000000   0.00000000     0.03613050   0.00000000

     Dynamical  Matrix in cartesian axes

     q = (    0.433012700  -0.433012700   0.216506400 ) 

    1    1
  0.07854362   0.00000000    -0.01870191   0.00000000    -0.00000000   0.00000000
 -0.01870191   0.00000000     0.07854362   0.00000000    -0.00000000   0.00000000
  0.00000000   0.00000000    -0.00000000   0.00000000     0.04702650   0.00000000
    1    2
 -0.00952951   0.00952952    -0.01393406   0.01393407    -0.00396732  -0.00396731
  0.00499896  -0.00499896     0.00768801  -0.00768802     0.00431968   0.00431968
 -0.00261971  -0.00261971     0.01071745   0.01071745    -0.01028218   0.01028219
    1    3
 -0.01347677   0.00000000    -0.01970574   0.00000000     0.00000000   0.00561063
  0.00706960  -0.00000000     0.01087249  -0.00000000    -0.00000000  -0.00610894
  0.00000000   0.00370483    -0.00000000  -0.01515677    -0.01454120   0.00000000
    1    4
  0.01087249   0.00000000     0.00706960   0.00000000     0.00000000  -0.00610894
 -0.01970574  -0.00000000    -0.01347677  -0.00000000    -0.00000000   0.00561063
  0.00000000  -0.01515677    -0.00000000   0.00370483    -0.01454120  -0.00000000
    1    5
  0.00768801  -0.00768802     0.00499896  -0.00499896     0.00431968   0.00431968
 -0.01393406   0.01393407    -0.00952951   0.00952952    -0.00396732  -0.00396731
  0.01071746   0.01071745    -0.00261971  -0.00261971    -0.01028218   0.01028219
    1    6
  0.00000000  -0.00000000     0.00000000   0.00000000    -0.00685689  -0.00696662
  0.00000000   0.00000000     0.00000000  -0.00000000     0.00007760   0.00977470
 -0.01771751   0.00236541    -0.01420076   0.01085558     0.00000000   0.00000000
    1    7
  0.00000000   0.00000000    -0.00000000  -0.00000000     0.00007760   0.00977470
  0.00000000  -0.00000000     0.00000000   0.00000000    -0.00685689  -0.00696662
 -0.01420076   0.01085558    -0.01771751   0.00236540    -0.00000000  -0.00000000
    2    1
 -0.00952951  -0.00952952     0.00499896   0.00499896    -0.00261971   0.00261971
 -0.01393406  -0.01393407     0.00768801   0.00768802     0.01071745  -0.01071745
 -0.00396732   0.00396731     0.00431968  -0.00431968    -0.01028218  -0.01028219
    2    2
  0.06189849  -0.00000000     0.00165783   0.00000000    -0.00000000  -0.00870264
  0.00165783  -0.00000000     0.07125094  -0.00000000    -0.00000000   0.00640439
 -0.00000000   0.00870264     0.00000000  -0.00640439     0.03136347   0.00000000
    2    3
 -0.00560040  -0.00560040     0.00673215   0.00673215    -0.00037181   0.00037181
  0.00673215   0.00673215    -0.01861437  -0.01861438    -0.01410911   0.01410910
 -0.00037181   0.00037181    -0.01410911   0.01410910     0.00816184   0.00816184
    2    4
 -0.01220076  -0.01220077    -0.02384692  -0.02384693     0.00608209  -0.00608209
 -0.03960284  -0.03960285    -0.01220076  -0.01220077    -0.00599518   0.00599518
 -0.00599518   0.00599518     0.00608209  -0.00608209     0.00307105   0.00307106
    2    5
 -0.02327042   0.00000000     0.02728847  -0.00000000     0.00000000   0.00643550
  0.03873803  -0.00000000    -0.02327042   0.00000000     0.00000000   0.01702917
 -0.00000000  -0.01702917    -0.00000000  -0.00643550    -0.01140745   0.00000000
    2    6
  0.01308519   0.00985705    -0.00967079  -0.00055046     0.01147222  -0.00270339
 -0.01410722   0.00953513     0.00103153   0.01616122    -0.00279450  -0.00775197
  0.01388278   0.01719190    -0.00121557   0.00190165     0.01346367   0.00420758
    2    7
 -0.01622261  -0.00228264     0.00722752   0.00644905     0.00620050   0.01002367
  0.00323295   0.01671767    -0.01215711   0.01069830    -0.00745748   0.00350546
  0.02197312  -0.00233990     0.00048513  -0.00220421    -0.01249546  -0.00654504
    3    1
 -0.01347677  -0.00000000     0.00706960   0.00000000     0.00000000  -0.00370483
 -0.01970574  -0.00000000     0.01087249   0.00000000    -0.00000000   0.01515677
  0.00000000  -0.00561063    -0.00000000   0.00610894    -0.01454120  -0.00000000
    3    2
 -0.00560040   0.00560040     0.00673215  -0.00673215    -0.00037181  -0.00037181
  0.00673215  -0.00673215    -0.01861437   0.01861438    -0.01410911  -0.01410910
 -0.00037181  -0.00037181    -0.01410911  -0.01410910     0.00816184  -0.00816184
    3    3
  0.06189849   0.00000000     0.00165783  -0.00000000    -0.00000000   0.00870264
  0.00165783   0.00000000     0.07125094  -0.00000000    -0.00000000  -0.00640439
  0.00000000  -0.00870264    -0.00000000   0.00640439     0.03136347   0.00000000
    3    4
 -0.02327042  -0.00000000     0.02728847   0.00000000     0.00000000  -0.00643550
  0.03873803   0.00000000    -0.02327042  -0.00000000     0.00000000  -0.01702917
 -0.00000000   0.01702917    -0.00000000   0.00643550    -0.01140745  -0.00000000
    3    5
 -0.01220076   0.01220077    -0.02384692   0.02384693     0.00608209   0.00608209
 -0.03960284   0.03960285    -0.01220076   0.01220077    -0.00599518  -0.00599518
 -0.00599518  -0.00599518     0.00608209   0.00608209     0.00307105  -0.00307106
    3    6
 -0.01622261   0.00228264     0.00722752  -0.00644905     0.00620050  -0.01002367
  0.00323295  -0.01671767    -0.01215711  -0.01069830    -0.00745748  -0.00350546
  0.02197312   0.00233990     0.00048513   0.00220421    -0.01249546   0.00654504
    3    7
  0.01308519  -0.00985705    -0.00967079   0.00055046     0.01147222   0.00270339
 -0.01410722  -0.00953513     0.00103153  -0.01616122    -0.00279450   0.00775197
  0.01388278  -0.01719190    -0.00121557  -0.00190165     0.01346367  -0.00420758
    4    1
  0.01087249  -0.00000000    -0.01970574   0.00000000     0.00000000   0.01515677
  0.00706960  -0.00000000    -0.01347677   0.00000000    -0.00000000  -0.00370483
  0.00000000   0.00610894    -0.00000000  -0.00561063    -0.01454120   0.00000000
    4    2
 -0.01220076   0.01220077    -0.03960284   0.03960285    -0.00599518  -0.00599518
 -0.02384692   0.02384693    -0.01220076   0.01220077     0.00608209   0.00608209
  0.00608209   0.00608209    -0.00599518  -0.00599518     0.00307105  -0.00307106
    4    3
 -0.02327042   0.00000000     0.03873803  -0.00000000    -0.00000000  -0.01702917
  0.02728847  -0.00000000    -0.02327042   0.00000000    -0.00000000  -0.00643550
  0.00000000   0.00643550     0.00000000   0.01702917    -0.01140745   0.00000000
    4    4
  0.07125094  -0.00000000     0.00165783   0.00000000    -0.00000000  -0.00640439
  0.00165783  -0.00000000     0.06189849  -0.00000000    -0.00000000   0.00870264
  0.00000000   0.00640439     0.00000000  -0.00870264     0.03136347   0.00000000
    4    5
 -0.01861437   0.01861438     0.00673214  -0.00673215    -0.01410911  -0.01410910
  0.00673214  -0.00673215    -0.00560040   0.00560040    -0.00037181  -0.00037181
 -0.01410911  -0.01410910    -0.00037181  -0.00037181     0.00816184  -0.00816184
    4    6
  0.00103153  -0.01616122    -0.01410722  -0.00953513    -0.00279450   0.00775197
 -0.00967079   0.00055046     0.01308519  -0.00985705     0.01147222   0.00270339
 -0.00121557  -0.00190165     0.01388278  -0.01719190     0.01346367  -0.00420758
    4    7
 -0.01215711  -0.01069830     0.00323295  -0.01671767    -0.00745748  -0.00350546
  0.00722752  -0.00644905    -0.01622261   0.00228264     0.00620050  -0.01002367
  0.00048513   0.00220421     0.02197312   0.00233990    -0.01249546   0.00654504
    5    1
  0.00768801   0.00768802    -0.01393406  -0.01393407     0.01071746  -0.01071745
  0.00499896   0.00499896    -0.00952951  -0.00952952    -0.00261971   0.00261971
  0.00431968  -0.00431968    -0.00396732   0.00396731    -0.01028218  -0.01028219
    5    2
 -0.02327042  -0.00000000     0.03873803   0.00000000    -0.00000000   0.01702917
  0.02728847   0.00000000    -0.02327042  -0.00000000    -0.00000000   0.00643550
  0.00000000  -0.00643550     0.00000000  -0.01702917    -0.01140745  -0.00000000
    5    3
 -0.01220076  -0.01220077    -0.03960284  -0.03960285    -0.00599518   0.00599518
 -0.02384692  -0.02384693    -0.01220076  -0.01220077     0.00608209  -0.00608209
  0.00608209  -0.00608209    -0.00599518   0.00599518     0.00307105   0.00307106
    5    4
 -0.01861437  -0.01861438     0.00673214   0.00673215    -0.01410911   0.01410910
  0.00673214   0.00673215    -0.00560040  -0.00560040    -0.00037181   0.00037181
 -0.01410911   0.01410910    -0.00037181   0.00037181     0.00816184   0.00816184
    5    5
  0.07125094  -0.00000000     0.00165783  -0.00000000    -0.00000000   0.00640439
  0.00165783   0.00000000     0.06189849  -0.00000000    -0.00000000  -0.00870264
  0.00000000  -0.00640439     0.00000000   0.00870264     0.03136347   0.00000000
    5    6
 -0.01215711   0.01069830     0.00323295   0.01671767    -0.00745748   0.00350546
  0.00722752   0.00644905    -0.01622261  -0.00228264     0.00620050   0.01002367
  0.00048513  -0.00220421     0.02197312  -0.00233990    -0.01249546  -0.00654504
    5    7
  0.00103153   0.01616122    -0.01410722   0.00953513    -0.00279450  -0.00775197
 -0.00967079  -0.00055046     0.01308519   0.00985705     0.01147222  -0.00270339
 -0.00121557   0.00190165     0.01388278   0.01719190     0.01346367   0.00420758
    6    1
  0.00000000   0.00000000     0.00000000  -0.00000000    -0.01771751  -0.00236541
  0.00000000  -0.00000000     0.00000000   0.00000000    -0.01420076  -0.01085558
 -0.00685689   0.00696662     0.00007760  -0.00977470     0.00000000  -0.00000000
    6    2
  0.01308519  -0.00985705    -0.01410722  -0.00953513     0.01388278  -0.01719190
 -0.00967079   0.00055046     0.00103153  -0.01616122    -0.00121557  -0.00190165
  0.01147222   0.00270339    -0.00279450   0.00775197     0.01346367  -0.00420758
    6    3
 -0.01622261  -0.00228264     0.00323295   0.01671767     0.02197312  -0.00233990
  0.00722752   0.00644905    -0.01215711   0.01069830     0.00048513  -0.00220421
  0.00620050   0.01002367    -0.00745748   0.00350546    -0.01249546  -0.00654504
    6    4
  0.00103153   0.01616122    -0.00967079  -0.00055046    -0.00121557   0.00190165
 -0.01410722   0.00953513     0.01308519   0.00985705     0.01388278   0.01719190
 -0.00279450  -0.00775197     0.01147222  -0.00270339     0.01346367   0.00420758
    6    5
 -0.01215711  -0.01069830     0.00722752  -0.00644905     0.00048513   0.00220421
  0.00323295  -0.01671767    -0.01622261   0.00228264     0.02197312   0.00233990
 -0.00745748  -0.00350546     0.00620050  -0.01002367    -0.01249546   0.00654504
    6    6
  0.03813582   0.00000000     0.00349762   0.00013210    -0.00000000   0.00000000
  0.00349762  -0.00013210     0.03813582  -0.00000000    -0.00000000   0.00000000
 -0.00000000   0.00000000    -0.00000000   0.00000000     0.03613050   0.00000000
    6    7
  0.00817800  -0.01027804     0.00289580   0.00000000     0.00000000   0.00000000
  0.00289580   0.00000000     0.00817800   0.01027804     0.00000000   0.00000000
  0.00000000   0.00000000     0.00000000   0.00000000    -0.01868923  -0.00000000
    7    1
  0.00000000  -0.00000000     0.00000000   0.00000000    -0.01420076  -0.01085558
 -0.00000000   0.00000000     0.00000000  -0.00000000    -0.01771751  -0.00236540
  0.00007760  -0.00977470    -0.00685689   0.00696662    -0.00000000   0.00000000
    7    2
 -0.01622261   0.00228264     0.00323295  -0.01671767     0.02197312   0.00233990
  0.00722752  -0.00644905    -0.01215711  -0.01069830     0.00048513   0.00220421
  0.00620050  -0.01002367    -0.00745748  -0.00350546    -0.01249546   0.00654504
    7    3
  0.01308519   0.00985705    -0.01410722   0.00953513     0.01388278   0.01719190
 -0.00967079  -0.00055046     0.00103153   0.01616122    -0.00121557   0.00190165
  0.01147222  -0.00270339    -0.00279450  -0.00775197     0.01346367   0.00420758
    7    4
 -0.01215711   0.01069830     0.00722752   0.00644905     0.00048513  -0.00220421
  0.00323295   0.01671767    -0.01622261  -0.00228264     0.02197312  -0.00233990
 -0.00745748   0.00350546     0.00620050   0.01002367    -0.01249546  -0.00654504
    7    5
  0.00103153  -0.01616122    -0.00967079   0.00055046    -0.00121557  -0.00190165
 -0.01410722  -0.00953513     0.01308519  -0.00985705     0.01388278  -0.01719190
 -0.00279450   0.00775197     0.01147222   0.00270339     0.01346367  -0.00420758
    7    6
  0.00817800   0.01027804     0.00289580  -0.00000000     0.00000000  -0.00000000
  0.00289580  -0.00000000     0.00817800  -0.01027804     0.00000000  -0.00000000
  0.00000000   0.00000000     0.00000000   0.00000000    -0.01868923   0.00000000
    7    7
  0.03813582  -0.00000000     0.00349762  -0.00013210    -0.00000000   0.00000000
  0.00349762   0.00013210     0.03813582   0.00000000    -0.00000000   0.00000000
 -0.00000000   0.00000000    -0.00000000   0.00000000     0.03613050   0.00000000

     Dynamical  Matrix in cartesian axes

     q = (    0.216506400  -0.433012700   0.433012700 ) 

    1    1
  0.04702650   0.00000000     0.00000000   0.00000000    -0.00000000   0.00000000
  0.00000000   0.00000000     0.07854362   0.00000000    -0.01870191   0.00000000
 -0.00000000   0.00000000    -0.01870191   0.00000000     0.07854362   0.00000000
    1    2
  0.00000000  -0.00000000    -0.01771751   0.00236540    -0.01420076   0.01085558
 -0.00685689  -0.00696662     0.00000000   0.00000000    -0.00000000  -0.00000000
  0.00007760   0.00977470    -0.00000000  -0.00000000     0.00000000   0.00000000
    1    3
  0.00000000   0.00000000    -0.01420076   0.01085558    -0.01771751   0.00236541
  0.00007760   0.00977470    -0.00000000  -0.00000000     0.00000000   0.00000000
 -0.00685689  -0.00696662    -0.00000000   0.00000000    -0.00000000  -0.00000000
    1    4
 -0.01028218   0.01028219    -0.00261971  -0.00261971     0.01071746   0.01071745
 -0.00396732  -0.00396731    -0.00952951   0.00952952    -0.01393406   0.01393407
  0.00431968   0.00431968     0.00499896  -0.00499896     0.00768801  -0.00768802
    1    5
 -0.01454120  -0.00000000    -0.00000000   0.00370483     0.00000000  -0.01515677
 -0.00000000   0.00561063    -0.01347677  -0.00000000    -0.01970574  -0.00000000
  0.00000000  -0.00610894     0.00706960   0.00000000     0.01087249   0.00000000
    1    6
 -0.01454120   0.00000000    -0.00000000  -0.01515677     0.00000000   0.00370483
 -0.00000000  -0.00610894     0.01087249  -0.00000000     0.00706960  -0.00000000
  0.00000000   0.00561063    -0.01970574   0.00000000    -0.01347677   0.00000000
    1    7
 -0.01028218   0.01028219     0.01071745   0.01071745    -0.00261971  -0.00261971
  0.00431968   0.00431968     0.00768801  -0.00768802     0.00499896  -0.00499896
