  4.500000000000000E-002   1.25986529217407        2.41685017272211     
           8

     Dynamical  Matrix in cartesian axes

     q = (    0.216506400   0.216506400   0.216506400 ) 

    1    1
  0.04566796   0.00000000     0.00004312  -0.00000000     0.00004312   0.00000000
  0.00004312   0.00000000     0.04566796   0.00000000     0.00004312   0.00000000
  0.00004312  -0.00000000     0.00004312   0.00000000     0.04566796  -0.00000000
    1    2
 -0.00045375   0.00109545     0.00335797  -0.00463428     0.00090249  -0.00565138
  0.00335729   0.00937748    -0.00010415   0.00431499    -0.00502536  -0.00479642
 -0.00900484   0.00425692     0.00694505   0.00016188    -0.00297751   0.00312480
    1    3
 -0.00045375   0.00109545     0.00090249  -0.00565138     0.00335797  -0.00463428
 -0.00900484   0.00425692    -0.00297751   0.00312480     0.00694505   0.00016188
  0.00335729   0.00937748    -0.00502536  -0.00479642    -0.00010415   0.00431499
    1    4
 -0.00297751   0.00312480    -0.00900484   0.00425692     0.00694505   0.00016188
  0.00090249  -0.00565138    -0.00045375   0.00109545     0.00335797  -0.00463428
 -0.00502536  -0.00479642     0.00335729   0.00937748    -0.00010415   0.00431499
    1    5
 -0.00010415   0.00431499     0.00335729   0.00937748    -0.00502536  -0.00479642
  0.00335797  -0.00463428    -0.00045375   0.00109545     0.00090249  -0.00565138
  0.00694505   0.00016188    -0.00900484   0.00425692    -0.00297751   0.00312480
    1    6
 -0.00010415   0.00431499    -0.00502536  -0.00479642     0.00335729   0.00937748
  0.00694505   0.00016188    -0.00297751   0.00312480    -0.00900484   0.00425692
  0.00335797  -0.00463428     0.00090249  -0.00565138    -0.00045375   0.00109545
    1    7
 -0.00297751   0.00312480     0.00694505   0.00016188    -0.00900484   0.00425692
 -0.00502536  -0.00479642    -0.00010415   0.00431499     0.00335729   0.00937748
  0.00090249  -0.00565138     0.00335797  -0.00463428    -0.00045375   0.00109545
    2    1
 -0.00045375  -0.00109545     0.00335729  -0.00937748    -0.00900484  -0.00425692
  0.00335797   0.00463428    -0.00010415  -0.00431499     0.00694505  -0.00016188
  0.00090249   0.00565138    -0.00502536   0.00479642    -0.00297751  -0.00312480
    2    2
  0.04342900  -0.00000000     0.00466924   0.00054985     0.00466924  -0.00054985
  0.00466924  -0.00054985     0.03578806  -0.00000000     0.00988832  -0.00104502
  0.00466924   0.00054985     0.00988832   0.00104502     0.03578806   0.00000000
    2    3
  0.02520740   0.00000000     0.00587614  -0.00004047     0.00587614   0.00004047
  0.00587614  -0.00004047    -0.01905782   0.00899565    -0.01044393  -0.00000000
  0.00587614   0.00004047    -0.01044393  -0.00000000    -0.01905782  -0.00899565
    2    4
 -0.00845533   0.00952977    -0.01689179   0.00851787     0.00084619   0.00398928
 -0.02361214   0.01549461    -0.00845533   0.00952977    -0.01242906   0.00535338
 -0.01242906   0.00535338     0.00084619   0.00398928     0.01045874   0.01437385
    2    5
 -0.01230557  -0.00888755    -0.00860827  -0.00000000     0.00340389  -0.00469962
  0.02269406   0.00000000    -0.01230557   0.00888755     0.00738505  -0.00557362
  0.00738505   0.00557362     0.00340389   0.00469962    -0.00666980  -0.00000000
    2    6
 -0.00845533  -0.00952977     0.00084619  -0.00398928    -0.01689179  -0.00851787
 -0.01242906  -0.00535338     0.01045874  -0.01437385     0.00084619  -0.00398928
 -0.02361214  -0.01549461    -0.01242906  -0.00535338    -0.00845533  -0.00952977
    2    7
 -0.01230557   0.00888755     0.00340389   0.00469962    -0.00860827   0.00000000
  0.00738505  -0.00557362    -0.00666980  -0.00000000     0.00340389  -0.00469962
  0.02269406   0.00000000     0.00738505   0.00557362    -0.01230557  -0.00888755
    3    1
 -0.00045375  -0.00109545    -0.00900484  -0.00425692     0.00335729  -0.00937748
  0.00090249   0.00565138    -0.00297751  -0.00312480    -0.00502536   0.00479642
  0.00335797   0.00463428     0.00694505  -0.00016188    -0.00010415  -0.00431499
    3    2
  0.02520740  -0.00000000     0.00587614   0.00004047     0.00587614  -0.00004047
  0.00587614   0.00004047    -0.01905782  -0.00899565    -0.01044393   0.00000000
  0.00587614  -0.00004047    -0.01044393  -0.00000000    -0.01905782   0.00899565
    3    3
  0.04342900   0.00000000     0.00466924  -0.00054985     0.00466924   0.00054985
  0.00466924   0.00054985     0.03578806   0.00000000     0.00988832   0.00104502
  0.00466924  -0.00054985     0.00988832  -0.00104502     0.03578806  -0.00000000
    3    4
 -0.01230557   0.00888755    -0.00860827   0.00000000     0.00340389   0.00469962
  0.02269406  -0.00000000    -0.01230557  -0.00888755     0.00738505   0.00557362
  0.00738505  -0.00557362     0.00340389  -0.00469962    -0.00666980   0.00000000
    3    5
 -0.00845533  -0.00952977    -0.01689179  -0.00851787     0.00084619  -0.00398928
 -0.02361214  -0.01549461    -0.00845533  -0.00952977    -0.01242906  -0.00535338
 -0.01242906  -0.00535338     0.00084619  -0.00398928     0.01045874  -0.01437385
    3    6
 -0.01230557  -0.00888755     0.00340389  -0.00469962    -0.00860827  -0.00000000
  0.00738505   0.00557362    -0.00666980   0.00000000     0.00340389   0.00469962
  0.02269406  -0.00000000     0.00738505  -0.00557362    -0.01230557   0.00888755
    3    7
 -0.00845533   0.00952977     0.00084619   0.00398928    -0.01689179   0.00851787
 -0.01242906   0.00535338     0.01045874   0.01437385     0.00084619   0.00398928
 -0.02361214   0.01549461    -0.01242906   0.00535338    -0.00845533   0.00952977
    4    1
 -0.00297751  -0.00312480     0.00090249   0.00565138    -0.00502536   0.00479642
 -0.00900484  -0.00425692    -0.00045375  -0.00109545     0.00335729  -0.00937748
  0.00694505  -0.00016188     0.00335797   0.00463428    -0.00010415  -0.00431499
    4    2
 -0.00845533  -0.00952977    -0.02361214  -0.01549461    -0.01242906  -0.00535338
 -0.01689179  -0.00851787    -0.00845533  -0.00952977     0.00084619  -0.00398928
  0.00084619  -0.00398928    -0.01242906  -0.00535338     0.01045874  -0.01437385
    4    3
 -0.01230557  -0.00888755     0.02269406   0.00000000     0.00738505   0.00557362
 -0.00860827  -0.00000000    -0.01230557   0.00888755     0.00340389   0.00469962
  0.00340389  -0.00469962     0.00738505  -0.00557362    -0.00666980  -0.00000000
    4    4
  0.03578806  -0.00000000     0.00466924   0.00054985     0.00988832   0.00104502
  0.00466924  -0.00054985     0.04342900   0.00000000     0.00466924   0.00054985
  0.00988832  -0.00104502     0.00466924  -0.00054985     0.03578806  -0.00000000
    4    5
 -0.01905782  -0.00899565     0.00587614   0.00004047    -0.01044393   0.00000000
  0.00587614   0.00004047     0.02520740  -0.00000000     0.00587614  -0.00004047
 -0.01044393  -0.00000000     0.00587614  -0.00004047    -0.01905782   0.00899565
    4    6
  0.01045874   0.01437385    -0.01242906   0.00535338     0.00084619   0.00398928
  0.00084619   0.00398928    -0.00845533   0.00952977    -0.01689179   0.00851787
 -0.01242906   0.00535338    -0.02361214   0.01549461    -0.00845533   0.00952977
    4    7
 -0.00666980  -0.00000000     0.00738505   0.00557362     0.00340389   0.00469962
  0.00340389  -0.00469962    -0.01230557  -0.00888755    -0.00860827  -0.00000000
  0.00738505  -0.00557362     0.02269406   0.00000000    -0.01230557   0.00888755
    5    1
 -0.00010415  -0.00431499     0.00335797   0.00463428     0.00694505  -0.00016188
  0.00335729  -0.00937748    -0.00045375  -0.00109545    -0.00900484  -0.00425692
 -0.00502536   0.00479642     0.00090249   0.00565138    -0.00297751  -0.00312480
    5    2
 -0.01230557   0.00888755     0.02269406   0.00000000     0.00738505  -0.00557362
 -0.00860827  -0.00000000    -0.01230557  -0.00888755     0.00340389  -0.00469962
  0.00340389   0.00469962     0.00738505   0.00557362    -0.00666980  -0.00000000
    5    3
 -0.00845533   0.00952977    -0.02361214   0.01549461    -0.01242906   0.00535338
 -0.01689179   0.00851787    -0.00845533   0.00952977     0.00084619   0.00398928
  0.00084619   0.00398928    -0.01242906   0.00535338     0.01045874   0.01437385
    5    4
 -0.01905782   0.00899565     0.00587614  -0.00004047    -0.01044393   0.00000000
  0.00587614  -0.00004047     0.02520740   0.00000000     0.00587614   0.00004047
 -0.01044393   0.00000000     0.00587614   0.00004047    -0.01905782  -0.00899565
    5    5
  0.03578806  -0.00000000     0.00466924  -0.00054985     0.00988832  -0.00104502
  0.00466924   0.00054985     0.04342900  -0.00000000     0.00466924  -0.00054985
  0.00988832   0.00104502     0.00466924   0.00054985     0.03578806   0.00000000
    5    6
 -0.00666980  -0.00000000     0.00738505  -0.00557362     0.00340389  -0.00469962
  0.00340389   0.00469962    -0.01230557   0.00888755    -0.00860827   0.00000000
  0.00738505   0.00557362     0.02269406   0.00000000    -0.01230557  -0.00888755
    5    7
  0.01045874  -0.01437385    -0.01242906  -0.00535338     0.00084619  -0.00398928
  0.00084619  -0.00398928    -0.00845533  -0.00952977    -0.01689179  -0.00851787
 -0.01242906  -0.00535338    -0.02361214  -0.01549461    -0.00845533  -0.00952977
    6    1
 -0.00010415  -0.00431499     0.00694505  -0.00016188     0.00335797   0.00463428
 -0.00502536   0.00479642    -0.00297751  -0.00312480     0.00090249   0.00565138
  0.00335729  -0.00937748    -0.00900484  -0.00425692    -0.00045375  -0.00109545
    6    2
 -0.00845533   0.00952977    -0.01242906   0.00535338    -0.02361214   0.01549461
  0.00084619   0.00398928     0.01045874   0.01437385    -0.01242906   0.00535338
 -0.01689179   0.00851787     0.00084619   0.00398928    -0.00845533   0.00952977
    6    3
 -0.01230557   0.00888755     0.00738505  -0.00557362     0.02269406   0.00000000
  0.00340389   0.00469962    -0.00666980  -0.00000000     0.00738505   0.00557362
 -0.00860827   0.00000000     0.00340389  -0.00469962    -0.01230557  -0.00888755
    6    4
  0.01045874  -0.01437385     0.00084619  -0.00398928    -0.01242906  -0.00535338
 -0.01242906  -0.00535338    -0.00845533  -0.00952977    -0.02361214  -0.01549461
  0.00084619  -0.00398928    -0.01689179  -0.00851787    -0.00845533  -0.00952977
    6    5
 -0.00666980   0.00000000     0.00340389  -0.00469962     0.00738505  -0.00557362
  0.00738505   0.00557362    -0.01230557  -0.00888755     0.02269406  -0.00000000
  0.00340389   0.00469962    -0.00860827  -0.00000000    -0.01230557   0.00888755
    6    6
  0.03578806  -0.00000000     0.00988832  -0.00104502     0.00466924  -0.00054985
  0.00988832   0.00104502     0.03578806   0.00000000     0.00466924   0.00054985
  0.00466924   0.00054985     0.00466924  -0.00054985     0.04342900  -0.00000000
    6    7
 -0.01905782   0.00899565    -0.01044393  -0.00000000     0.00587614  -0.00004047
 -0.01044393  -0.00000000    -0.01905782  -0.00899565     0.00587614   0.00004047
  0.00587614  -0.00004047     0.00587614   0.00004047     0.02520740   0.00000000
    7    1
 -0.00297751  -0.00312480    -0.00502536   0.00479642     0.00090249   0.00565138
  0.00694505  -0.00016188    -0.00010415  -0.00431499     0.00335797   0.00463428
 -0.00900484  -0.00425692     0.00335729  -0.00937748    -0.00045375  -0.00109545
    7    2
 -0.01230557  -0.00888755     0.00738505   0.00557362     0.02269406  -0.00000000
  0.00340389  -0.00469962    -0.00666980   0.00000000     0.00738505  -0.00557362
 -0.00860827  -0.00000000     0.00340389   0.00469962    -0.01230557   0.00888755
    7    3
 -0.00845533  -0.00952977    -0.01242906  -0.00535338    -0.02361214  -0.01549461
  0.00084619  -0.00398928     0.01045874  -0.01437385    -0.01242906  -0.00535338
 -0.01689179  -0.00851787     0.00084619  -0.00398928    -0.00845533  -0.00952977
    7    4
 -0.00666980   0.00000000     0.00340389   0.00469962     0.00738505   0.00557362
  0.00738505  -0.00557362    -0.01230557   0.00888755     0.02269406  -0.00000000
  0.00340389  -0.00469962    -0.00860827   0.00000000    -0.01230557  -0.00888755
    7    5
  0.01045874   0.01437385     0.00084619   0.00398928    -0.01242906   0.00535338
 -0.01242906   0.00535338    -0.00845533   0.00952977    -0.02361214   0.01549461
  0.00084619   0.00398928    -0.01689179   0.00851787    -0.00845533   0.00952977
    7    6
 -0.01905782  -0.00899565    -0.01044393   0.00000000     0.00587614   0.00004047
 -0.01044393  -0.00000000    -0.01905782   0.00899565     0.00587614  -0.00004047
  0.00587614   0.00004047     0.00587614  -0.00004047     0.02520740   0.00000000
    7    7
  0.03578806  -0.00000000     0.00988832   0.00104502     0.00466924   0.00054985
  0.00988832  -0.00104502     0.03578806  -0.00000000     0.00466924  -0.00054985
  0.00466924  -0.00054985     0.00466924   0.00054985     0.04342900  -0.00000000

     Dynamical  Matrix in cartesian axes

     q = (    0.216506400  -0.216506400   0.216506400 ) 

    1    1
  0.04566796  -0.00000000    -0.00004312   0.00000000     0.00004312  -0.00000000
 -0.00004312   0.00000000     0.04566796  -0.00000000    -0.00004312   0.00000000
  0.00004312   0.00000000    -0.00004312   0.00000000     0.04566796  -0.00000000
    1    2
 -0.00045375   0.00109545    -0.00335797   0.00463428     0.00090249  -0.00565138
 -0.00335729  -0.00937748    -0.00010415   0.00431499     0.00502536   0.00479642
 -0.00900484   0.00425692    -0.00694505  -0.00016188    -0.00297751   0.00312480
    1    3
 -0.00109545  -0.00045375    -0.00565138  -0.00090249     0.00463428   0.00335797
  0.00425692   0.00900485    -0.00312480  -0.00297751     0.00016188  -0.00694505
 -0.00937749   0.00335729    -0.00479642   0.00502536    -0.00431499  -0.00010415
    1    4
 -0.00312480   0.00297751     0.00425692  -0.00900485    -0.00016188  -0.00694505
 -0.00565138   0.00090249    -0.00109545   0.00045375    -0.00463428   0.00335797
  0.00479642   0.00502536     0.00937749   0.00335729    -0.00431499   0.00010415
    1    5
 -0.00431499   0.00010415     0.00937749   0.00335729     0.00479642   0.00502536
 -0.00463428   0.00335797    -0.00109545   0.00045375    -0.00565138   0.00090249
 -0.00016188  -0.00694505     0.00425692  -0.00900485    -0.00312480   0.00297751
    1    6
 -0.00431499  -0.00010415    -0.00479642   0.00502536    -0.00937749   0.00335729
  0.00016188  -0.00694505    -0.00312480  -0.00297751     0.00425692   0.00900485
  0.00463428   0.00335797    -0.00565138  -0.00090249    -0.00109545  -0.00045375
    1    7
 -0.00297751   0.00312480    -0.00694505  -0.00016188    -0.00900484   0.00425692
  0.00502536   0.00479642    -0.00010415   0.00431499    -0.00335729  -0.00937748
  0.00090249  -0.00565138    -0.00335797   0.00463428    -0.00045375   0.00109545
    2    1
 -0.00045375  -0.00109545    -0.00335729   0.00937748    -0.00900484  -0.00425692
 -0.00335797  -0.00463428    -0.00010415  -0.00431499    -0.00694505   0.00016188
  0.00090249   0.00565138     0.00502536  -0.00479642    -0.00297751  -0.00312480
    2    2
  0.04342900  -0.00000000    -0.00466924  -0.00054985     0.00466924  -0.00054985
 -0.00466924   0.00054985     0.03578806  -0.00000000    -0.00988832   0.00104502
  0.00466924   0.00054985    -0.00988832  -0.00104502     0.03578806   0.00000000
    2    3
 -0.00000001   0.02520740    -0.00004046  -0.00587614    -0.00004047   0.00587614
 -0.00004046  -0.00587614    -0.00899565  -0.01905783    -0.00000000   0.01044393
 -0.00004047   0.00587614    -0.00000000   0.01044393     0.00899566  -0.01905782
    2    4
 -0.00241690  -0.01498580     0.00608697   0.00608697     0.00573005  -0.00091622
 -0.01604712  -0.01604712    -0.01498580  -0.00241690    -0.00916316  -0.00128087
  0.00128087   0.00916316     0.00091622  -0.00573005    -0.00471626  -0.00471626
    2    5
 -0.01271739   0.00075974     0.01796735   0.00592126    -0.00222249   0.00341919
  0.02765265   0.00573996    -0.01271739   0.00075974     0.01257408   0.00500326
 -0.01257408  -0.00500326     0.00222249  -0.00341919    -0.00276841   0.01755929
    2    6
  0.00952977  -0.00845533    -0.00398928  -0.00084620     0.00851788  -0.01689179
 -0.00535338   0.01242906     0.01437385   0.01045874    -0.00398928  -0.00084620
  0.01549462  -0.02361213    -0.00535338   0.01242906     0.00952977  -0.00845533
    2    7
 -0.01230557   0.00888755    -0.00340389  -0.00469962    -0.00860827  -0.00000000
 -0.00738505   0.00557362    -0.00666980  -0.00000000    -0.00340389   0.00469962
  0.02269406   0.00000000    -0.00738505  -0.00557362    -0.01230557  -0.00888755
    3    1
 -0.00109545   0.00045375     0.00425692  -0.00900485    -0.00937749  -0.00335729
 -0.00565138   0.00090249    -0.00312480   0.00297751    -0.00479642  -0.00502536
  0.00463428  -0.00335797     0.00016188   0.00694505    -0.00431499   0.00010415
    3    2
 -0.00000001  -0.02520740    -0.00004046   0.00587614    -0.00004047  -0.00587614
 -0.00004046   0.00587614    -0.00899565   0.01905783    -0.00000000  -0.01044393
 -0.00004047  -0.00587614    -0.00000000  -0.01044393     0.00899566   0.01905782
    3    3
  0.04342900  -0.00000000    -0.00466924   0.00054985     0.00466924   0.00054985
 -0.00466924  -0.00054985     0.03578806   0.00000000    -0.00988832  -0.00104502
  0.00466924  -0.00054985    -0.00988832   0.00104502     0.03578806  -0.00000000
    3    4
 -0.01271739  -0.00075974     0.01796735  -0.00592126    -0.00222249  -0.00341919
  0.02765265  -0.00573996    -0.01271739  -0.00075974     0.01257408  -0.00500326
 -0.01257408   0.00500326     0.00222249   0.00341919    -0.00276841  -0.01755929
    3    5
 -0.00241690   0.01498580     0.00608697  -0.00608697     0.00573005   0.00091622
 -0.01604712   0.01604712    -0.01498580   0.00241690    -0.00916316   0.00128087
  0.00128087  -0.00916316     0.00091622   0.00573005    -0.00471626   0.00471626
    3    6
 -0.01230557  -0.00888755    -0.00340389   0.00469962    -0.00860827  -0.00000000
 -0.00738505  -0.00557362    -0.00666980   0.00000000    -0.00340389  -0.00469962
  0.02269406  -0.00000000    -0.00738505   0.00557362    -0.01230557   0.00888755
    3    7
  0.00952977   0.00845533    -0.00398928   0.00084620     0.00851788   0.01689179
 -0.00535338  -0.01242906     0.01437385  -0.01045874    -0.00398928   0.00084620
  0.01549462   0.02361213    -0.00535338  -0.01242906     0.00952977   0.00845533
    4    1
 -0.00312480  -0.00297751    -0.00565138  -0.00090249     0.00479642  -0.00502536
  0.00425692   0.00900485    -0.00109545  -0.00045375     0.00937749  -0.00335729
 -0.00016188   0.00694505    -0.00463428  -0.00335797    -0.00431499  -0.00010415
    4    2
 -0.00241690   0.01498580    -0.01604712   0.01604712     0.00128087  -0.00916316
  0.00608697  -0.00608697    -0.01498580   0.00241690     0.00091622   0.00573005
  0.00573005   0.00091622    -0.00916316   0.00128087    -0.00471626   0.00471626
    4    3
 -0.01271739   0.00075974     0.02765265   0.00573996    -0.01257408  -0.00500326
  0.01796735   0.00592126    -0.01271739   0.00075974     0.00222249  -0.00341919
 -0.00222249   0.00341919     0.01257408   0.00500326    -0.00276841   0.01755929
    4    4
  0.03578806  -0.00000000    -0.00466924   0.00054985     0.00988832  -0.00104502
 -0.00466924  -0.00054985     0.04342900  -0.00000000    -0.00466924   0.00054985
  0.00988832   0.00104502    -0.00466924  -0.00054985     0.03578806  -0.00000000
    4    5
 -0.01905782   0.00899565    -0.00587614   0.00004047    -0.01044393  -0.00000000
 -0.00587614   0.00004047     0.02520740   0.00000000    -0.00587614  -0.00004047
 -0.01044393  -0.00000000    -0.00587614  -0.00004047    -0.01905782  -0.00899565
    4    6
 -0.00471626  -0.00471626    -0.00916316  -0.00128087     0.00573005  -0.00091622
  0.00091622  -0.00573005    -0.01498580  -0.00241690     0.00608697   0.00608697
  0.00128087   0.00916316    -0.01604712  -0.01604712    -0.00241690  -0.01498580
    4    7
 -0.00276841  -0.01755929     0.01257408  -0.00500326    -0.00222249  -0.00341919
  0.00222249   0.00341919    -0.01271739  -0.00075974     0.01796735  -0.00592126
 -0.01257408   0.00500326     0.02765265  -0.00573996    -0.01271739  -0.00075974
    5    1
 -0.00431499  -0.00010415    -0.00463428  -0.00335797    -0.00016188   0.00694505
  0.00937749  -0.00335729    -0.00109545  -0.00045375     0.00425692   0.00900485
  0.00479642  -0.00502536    -0.00565138  -0.00090249    -0.00312480  -0.00297751
    5    2
 -0.01271739  -0.00075974     0.02765265  -0.00573996    -0.01257408   0.00500326
  0.01796735  -0.00592126    -0.01271739  -0.00075974     0.00222249   0.00341919
 -0.00222249  -0.00341919     0.01257408  -0.00500326    -0.00276841  -0.01755929
    5    3
 -0.00241690  -0.01498580    -0.01604712  -0.01604712     0.00128087   0.00916316
  0.00608697   0.00608697    -0.01498580  -0.00241690     0.00091622  -0.00573005
  0.00573005  -0.00091622    -0.00916316  -0.00128087    -0.00471626  -0.00471626
    5    4
 -0.01905782  -0.00899565    -0.00587614  -0.00004047    -0.01044393   0.00000000
 -0.00587614  -0.00004047     0.02520740  -0.00000000    -0.00587614   0.00004047
 -0.01044393   0.00000000    -0.00587614   0.00004047    -0.01905782   0.00899565
    5    5
  0.03578806   0.00000000    -0.00466924  -0.00054985     0.00988832   0.00104502
 -0.00466924   0.00054985     0.04342900   0.00000000    -0.00466924  -0.00054985
  0.00988832  -0.00104502    -0.00466924   0.00054985     0.03578806  -0.00000000
    5    6
 -0.00276841   0.01755929     0.01257408   0.00500326    -0.00222249   0.00341919
  0.00222249  -0.00341919    -0.01271739   0.00075974     0.01796735   0.00592126
 -0.01257408  -0.00500326     0.02765265   0.00573996    -0.01271739   0.00075974
    5    7
 -0.00471626   0.00471626    -0.00916316   0.00128087     0.00573005   0.00091622
  0.00091622   0.00573005    -0.01498580   0.00241690     0.00608697  -0.00608697
  0.00128087  -0.00916316    -0.01604712   0.01604712    -0.00241690   0.01498580
    6    1
 -0.00431499   0.00010415     0.00016188   0.00694505     0.00463428  -0.00335797
 -0.00479642  -0.00502536    -0.00312480   0.00297751    -0.00565138   0.00090249
 -0.00937749  -0.00335729     0.00425692  -0.00900485    -0.00109545   0.00045375
    6    2
  0.00952977   0.00845533    -0.00535338  -0.01242906     0.01549462   0.02361213
 -0.00398928   0.00084620     0.01437385  -0.01045874    -0.00535338  -0.01242906
  0.00851788   0.01689179    -0.00398928   0.00084620     0.00952977   0.00845533
    6    3
 -0.01230557   0.00888755    -0.00738505   0.00557362     0.02269406   0.00000000
 -0.00340389  -0.00469962    -0.00666980  -0.00000000    -0.00738505  -0.00557362
 -0.00860827   0.00000000    -0.00340389   0.00469962    -0.01230557  -0.00888755
    6    4
 -0.00471626   0.00471626     0.00091622   0.00573005     0.00128087  -0.00916316
 -0.00916316   0.00128087    -0.01498580   0.00241690    -0.01604712   0.01604712
  0.00573005   0.00091622     0.00608697  -0.00608697    -0.00241690   0.01498580
    6    5
 -0.00276841  -0.01755929     0.00222249   0.00341919    -0.01257408   0.00500326
  0.01257408  -0.00500326    -0.01271739  -0.00075974     0.02765265  -0.00573996
 -0.00222249  -0.00341919     0.01796735  -0.00592126    -0.01271739  -0.00075974
    6    6
  0.03578806  -0.00000000    -0.00988832   0.00104502     0.00466924  -0.00054985
 -0.00988832  -0.00104502     0.03578806   0.00000000    -0.00466924  -0.00054985
  0.00466924   0.00054985    -0.00466924   0.00054985     0.04342900  -0.00000000
    6    7
  0.00899566   0.01905782    -0.00000000  -0.01044393    -0.00004047  -0.00587614
 -0.00000000  -0.01044393    -0.00899565   0.01905783    -0.00004046   0.00587614
 -0.00004047  -0.00587614    -0.00004046   0.00587614    -0.00000001  -0.02520740
    7    1
 -0.00297751  -0.00312480     0.00502536  -0.00479642     0.00090249   0.00565138
 -0.00694505   0.00016188    -0.00010415  -0.00431499    -0.00335797  -0.00463428
 -0.00900484  -0.00425692    -0.00335729   0.00937748    -0.00045375  -0.00109545
    7    2
 -0.01230557  -0.00888755    -0.00738505  -0.00557362     0.02269406  -0.00000000
 -0.00340389   0.00469962    -0.00666980   0.00000000    -0.00738505   0.00557362
 -0.00860827   0.00000000    -0.00340389  -0.00469962    -0.01230557   0.00888755
    7    3
  0.00952977  -0.00845533    -0.00535338   0.01242906     0.01549462  -0.02361213
 -0.00398928  -0.00084620     0.01437385   0.01045874    -0.00535338   0.01242906
  0.00851788  -0.01689179    -0.00398928  -0.00084620     0.00952977  -0.00845533
    7    4
 -0.00276841   0.01755929     0.00222249  -0.00341919    -0.01257408  -0.00500326
  0.01257408   0.00500326    -0.01271739   0.00075974     0.02765265   0.00573996
 -0.00222249   0.00341919     0.01796735   0.00592126    -0.01271739   0.00075974
    7    5
 -0.00471626  -0.00471626     0.00091622  -0.00573005     0.00128087   0.00916316
 -0.00916316  -0.00128087    -0.01498580  -0.00241690    -0.01604712  -0.01604712
  0.00573005  -0.00091622     0.00608697   0.00608697    -0.00241690  -0.01498580
    7    6
  0.00899566  -0.01905782    -0.00000000   0.01044393    -0.00004047   0.00587614
 -0.00000000   0.01044393    -0.00899565  -0.01905783    -0.00004046  -0.00587614
 -0.00004047   0.00587614    -0.00004046  -0.00587614    -0.00000001   0.02520740
    7    7
  0.03578806   0.00000000    -0.00988832  -0.00104502     0.00466924   0.00054985
 -0.00988832   0.00104502     0.03578806  -0.00000000    -0.00466924   0.00054985
  0.00466924  -0.00054985    -0.00466924  -0.00054985     0.04342900  -0.00000000

     Dynamical  Matrix in cartesian axes

     q = (   -0.216506400   0.216506400   0.216506400 ) 

    1    1
  0.04566796   0.00000000    -0.00004312   0.00000000    -0.00004312   0.00000000
 -0.00004312   0.00000000     0.04566796  -0.00000000     0.00004312   0.00000000
 -0.00004312   0.00000000     0.00004312  -0.00000000     0.04566796  -0.00000000
    1    2
 -0.00109545   0.00045375    -0.00463428   0.00335797    -0.00565138   0.00090249
  0.00937749   0.00335729    -0.00431499   0.00010415     0.00479642   0.00502536
  0.00425692  -0.00900485    -0.00016188  -0.00694505    -0.00312480   0.00297751
    1    3
 -0.00109545   0.00045375    -0.00565138   0.00090249    -0.00463428   0.00335797
  0.00425692  -0.00900485    -0.00312480   0.00297751    -0.00016188  -0.00694505
  0.00937749   0.00335729     0.00479642   0.00502536    -0.00431499   0.00010415
    1    4
 -0.00312480  -0.00297751     0.00425692   0.00900485     0.00016188  -0.00694505
 -0.00565138  -0.00090249    -0.00109545  -0.00045375     0.00463428   0.00335797
 -0.00479642   0.00502536    -0.00937749   0.00335729    -0.00431499  -0.00010415
    1    5
 -0.00010415   0.00431499    -0.00335729  -0.00937748     0.00502536   0.00479642
 -0.00335797   0.00463428    -0.00045375   0.00109545     0.00090249  -0.00565138
 -0.00694505  -0.00016188    -0.00900484   0.00425692    -0.00297751   0.00312480
    1    6
 -0.00010415   0.00431499     0.00502536   0.00479642    -0.00335729  -0.00937748
 -0.00694505  -0.00016188    -0.00297751   0.00312480    -0.00900484   0.00425692
 -0.00335797   0.00463428     0.00090249  -0.00565138    -0.00045375   0.00109545
    1    7
 -0.00312480  -0.00297751     0.00016188  -0.00694505     0.00425692   0.00900485
 -0.00479642   0.00502536    -0.00431499  -0.00010415    -0.00937749   0.00335729
 -0.00565138  -0.00090249     0.00463428   0.00335797    -0.00109545  -0.00045375
    2    1
 -0.00109545  -0.00045375     0.00937749  -0.00335729     0.00425692   0.00900485
 -0.00463428  -0.00335797    -0.00431499  -0.00010415    -0.00016188   0.00694505
 -0.00565138  -0.00090249     0.00479642  -0.00502536    -0.00312480  -0.00297751
    2    2
  0.04342900   0.00000000    -0.00466924   0.00054985    -0.00466924  -0.00054985
 -0.00466924  -0.00054985     0.03578806   0.00000000     0.00988832   0.00104502
 -0.00466924   0.00054985     0.00988832  -0.00104502     0.03578806  -0.00000000
    2    3
  0.02520740  -0.00000000    -0.00587614  -0.00004047    -0.00587614   0.00004047
 -0.00587614  -0.00004047    -0.01905782  -0.00899565    -0.01044393   0.00000000
 -0.00587614   0.00004047    -0.01044393   0.00000000    -0.01905782   0.00899565
    2    4
 -0.01498580  -0.00241690     0.00608697   0.00608697     0.00091622  -0.00573005
 -0.01604712  -0.01604712    -0.00241690  -0.01498580     0.00128087   0.00916316
 -0.00916316  -0.00128087     0.00573005  -0.00091622    -0.00471626  -0.00471626
    2    5
 -0.01271739  -0.00075974     0.01796735  -0.00592126     0.00222249   0.00341919
  0.02765265  -0.00573996    -0.01271739  -0.00075974    -0.01257408   0.00500326
  0.01257408  -0.00500326    -0.00222249  -0.00341919    -0.00276841  -0.01755929
    2    6
 -0.01498580   0.00241690     0.00091622   0.00573005     0.00608697  -0.00608697
 -0.00916316   0.00128087    -0.00471626   0.00471626     0.00573005   0.00091622
 -0.01604712   0.01604712     0.00128087  -0.00916316    -0.00241690   0.01498580
    2    7
 -0.01271739   0.00075974     0.00222249  -0.00341919     0.01796735   0.00592126
  0.01257408   0.00500326    -0.00276841   0.01755929    -0.00222249   0.00341919
  0.02765265   0.00573996    -0.01257408  -0.00500326    -0.01271739   0.00075974
    3    1
 -0.00109545  -0.00045375     0.00425692   0.00900485     0.00937749  -0.00335729
 -0.00565138  -0.00090249    -0.00312480  -0.00297751     0.00479642  -0.00502536
 -0.00463428  -0.00335797    -0.00016188   0.00694505    -0.00431499  -0.00010415
    3    2
  0.02520740   0.00000000    -0.00587614   0.00004047    -0.00587614  -0.00004047
 -0.00587614   0.00004047    -0.01905782   0.00899565    -0.01044393  -0.00000000
 -0.00587614  -0.00004047    -0.01044393  -0.00000000    -0.01905782  -0.00899565
    3    3
  0.04342900  -0.00000000    -0.00466924  -0.00054985    -0.00466924   0.00054985
 -0.00466924   0.00054985     0.03578806  -0.00000000     0.00988832  -0.00104502
 -0.00466924  -0.00054985     0.00988832   0.00104502     0.03578806   0.00000000
    3    4
 -0.01271739   0.00075974     0.01796735   0.00592126     0.00222249  -0.00341919
  0.02765265   0.00573996    -0.01271739   0.00075974    -0.01257408  -0.00500326
  0.01257408   0.00500326    -0.00222249   0.00341919    -0.00276841   0.01755929
    3    5
 -0.01498580   0.00241690     0.00608697  -0.00608697     0.00091622   0.00573005
 -0.01604712   0.01604712    -0.00241690   0.01498580     0.00128087  -0.00916316
 -0.00916316   0.00128087     0.00573005   0.00091622    -0.00471626   0.00471626
    3    6
 -0.01271739  -0.00075974     0.00222249   0.00341919     0.01796735  -0.00592126
  0.01257408  -0.00500326    -0.00276841  -0.01755929    -0.00222249  -0.00341919
  0.02765265  -0.00573996    -0.01257408   0.00500326    -0.01271739  -0.00075974
    3    7
 -0.01498580  -0.00241690     0.00091622  -0.00573005     0.00608697   0.00608697
 -0.00916316  -0.00128087    -0.00471626  -0.00471626     0.00573005  -0.00091622
 -0.01604712  -0.01604712     0.00128087   0.00916316    -0.00241690  -0.01498580
    4    1
 -0.00312480   0.00297751    -0.00565138   0.00090249    -0.00479642  -0.00502536
  0.00425692  -0.00900485    -0.00109545   0.00045375    -0.00937749  -0.00335729
  0.00016188   0.00694505     0.00463428  -0.00335797    -0.00431499   0.00010415
    4    2
 -0.01498580   0.00241690    -0.01604712   0.01604712    -0.00916316   0.00128087
  0.00608697  -0.00608697    -0.00241690   0.01498580     0.00573005   0.00091622
  0.00091622   0.00573005     0.00128087  -0.00916316    -0.00471626   0.00471626
    4    3
 -0.01271739  -0.00075974     0.02765265  -0.00573996     0.01257408  -0.00500326
  0.01796735  -0.00592126    -0.01271739  -0.00075974    -0.00222249  -0.00341919
  0.00222249   0.00341919    -0.01257408   0.00500326    -0.00276841  -0.01755929
    4    4
  0.03578806   0.00000000    -0.00466924  -0.00054985    -0.00988832  -0.00104502
 -0.00466924   0.00054985     0.04342900  -0.00000000     0.00466924   0.00054985
 -0.00988832   0.00104502     0.00466924  -0.00054985     0.03578806   0.00000000
    4    5
 -0.00899565   0.01905783    -0.00004046   0.00587614    -0.00000000  -0.01044393
 -0.00004046   0.00587614    -0.00000001  -0.02520740    -0.00004047  -0.00587614
 -0.00000000  -0.01044393    -0.00004047  -0.00587614     0.00899566   0.01905782
    4    6
  0.01437385  -0.01045874    -0.00535338  -0.01242906    -0.00398928   0.00084620
 -0.00398928   0.00084620     0.00952977   0.00845533     0.00851788   0.01689179
 -0.00535338  -0.01242906     0.01549462   0.02361213     0.00952977   0.00845533
    4    7
 -0.00666980   0.00000000    -0.00738505  -0.00557362    -0.00340389  -0.00469962
 -0.00340389   0.00469962    -0.01230557  -0.00888755    -0.00860827   0.00000000
 -0.00738505   0.00557362     0.02269406  -0.00000000    -0.01230557   0.00888755
    5    1
 -0.00010415  -0.00431499    -0.00335797  -0.00463428    -0.00694505   0.00016188
 -0.00335729   0.00937748    -0.00045375  -0.00109545    -0.00900484  -0.00425692
  0.00502536  -0.00479642     0.00090249   0.00565138    -0.00297751  -0.00312480
    5    2
 -0.01271739   0.00075974     0.02765265   0.00573996     0.01257408   0.00500326
  0.01796735   0.00592126    -0.01271739   0.00075974    -0.00222249   0.00341919
  0.00222249  -0.00341919    -0.01257408  -0.00500326    -0.00276841   0.01755929
    5    3
 -0.01498580  -0.00241690    -0.01604712  -0.01604712    -0.00916316  -0.00128087
  0.00608697   0.00608697    -0.00241690  -0.01498580     0.00573005  -0.00091622
  0.00091622  -0.00573005     0.00128087   0.00916316    -0.00471626  -0.00471626
    5    4
 -0.00899565  -0.01905783    -0.00004046  -0.00587614    -0.00000000   0.01044393
 -0.00004046  -0.00587614    -0.00000001   0.02520740    -0.00004047   0.00587614
 -0.00000000   0.01044393    -0.00004047   0.00587614     0.00899566  -0.01905782
    5    5
  0.03578806  -0.00000000    -0.00466924   0.00054985    -0.00988832   0.00104502
 -0.00466924  -0.00054985     0.04342900  -0.00000000     0.00466924  -0.00054985
 -0.00988832  -0.00104502     0.00466924   0.00054985     0.03578806  -0.00000000
    5    6
 -0.00666980  -0.00000000    -0.00738505   0.00557362    -0.00340389   0.00469962
 -0.00340389  -0.00469962    -0.01230557   0.00888755    -0.00860827  -0.00000000
 -0.00738505  -0.00557362     0.02269406   0.00000000    -0.01230557  -0.00888755
    5    7
  0.01437385   0.01045874    -0.00535338   0.01242906    -0.00398928  -0.00084620
 -0.00398928  -0.00084620     0.00952977  -0.00845533     0.00851788  -0.01689179
 -0.00535338   0.01242906     0.01549462  -0.02361213     0.00952977  -0.00845533
    6    1
 -0.00010415  -0.00431499    -0.00694505   0.00016188    -0.00335797  -0.00463428
  0.00502536  -0.00479642    -0.00297751  -0.00312480     0.00090249   0.00565138
 -0.00335729   0.00937748    -0.00900484  -0.00425692    -0.00045375  -0.00109545
    6    2
 -0.01498580  -0.00241690    -0.00916316  -0.00128087    -0.01604712  -0.01604712
  0.00091622  -0.00573005    -0.00471626  -0.00471626     0.00128087   0.00916316
  0.00608697   0.00608697     0.00573005  -0.00091622    -0.00241690  -0.01498580
    6    3
 -0.01271739   0.00075974     0.01257408   0.00500326     0.02765265   0.00573996
  0.00222249  -0.00341919    -0.00276841   0.01755929    -0.01257408  -0.00500326
  0.01796735   0.00592126    -0.00222249   0.00341919    -0.01271739   0.00075974
    6    4
  0.01437385   0.01045874    -0.00398928  -0.00084620    -0.00535338   0.01242906
 -0.00535338   0.01242906     0.00952977  -0.00845533     0.01549462  -0.02361213
 -0.00398928  -0.00084620     0.00851788  -0.01689179     0.00952977  -0.00845533
    6    5
 -0.00666980   0.00000000    -0.00340389   0.00469962    -0.00738505   0.00557362
 -0.00738505  -0.00557362    -0.01230557  -0.00888755     0.02269406  -0.00000000
 -0.00340389  -0.00469962    -0.00860827   0.00000000    -0.01230557   0.00888755
    6    6
  0.03578806   0.00000000    -0.00988832   0.00104502    -0.00466924   0.00054985
 -0.00988832  -0.00104502     0.03578806   0.00000000     0.00466924   0.00054985
 -0.00466924  -0.00054985     0.00466924  -0.00054985     0.04342900  -0.00000000
    6    7
 -0.00899565  -0.01905783    -0.00000000   0.01044393    -0.00004046  -0.00587614
 -0.00000000   0.01044393     0.00899566  -0.01905782    -0.00004047   0.00587614
 -0.00004046  -0.00587614    -0.00004047   0.00587614    -0.00000001   0.02520740
    7    1
 -0.00312480   0.00297751    -0.00479642  -0.00502536    -0.00565138   0.00090249
  0.00016188   0.00694505    -0.00431499   0.00010415     0.00463428  -0.00335797
  0.00425692  -0.00900485    -0.00937749  -0.00335729    -0.00109545   0.00045375
    7    2
 -0.01271739  -0.00075974     0.01257408  -0.00500326     0.02765265  -0.00573996
  0.00222249   0.00341919    -0.00276841  -0.01755929    -0.01257408   0.00500326
  0.01796735  -0.00592126    -0.00222249  -0.00341919    -0.01271739  -0.00075974
    7    3
 -0.01498580   0.00241690    -0.00916316   0.00128087    -0.01604712   0.01604712
  0.00091622   0.00573005    -0.00471626   0.00471626     0.00128087  -0.00916316
  0.00608697  -0.00608697     0.00573005   0.00091622    -0.00241690   0.01498580
    7    4
 -0.00666980  -0.00000000    -0.00340389  -0.00469962    -0.00738505  -0.00557362
 -0.00738505   0.00557362    -0.01230557   0.00888755     0.02269406   0.00000000
 -0.00340389   0.00469962    -0.00860827   0.00000000    -0.01230557  -0.00888755
    7    5
  0.01437385  -0.01045874    -0.00398928   0.00084620    -0.00535338  -0.01242906
 -0.00535338  -0.01242906     0.00952977   0.00845533     0.01549462   0.02361213
 -0.00398928   0.00084620     0.00851788   0.01689179     0.00952977   0.00845533
    7    6
 -0.00899565   0.01905783    -0.00000000  -0.01044393    -0.00004046   0.00587614
 -0.00000000  -0.01044393     0.00899566   0.01905782    -0.00004047  -0.00587614
 -0.00004046   0.00587614    -0.00004047  -0.00587614    -0.00000001  -0.02520740
    7    7
  0.03578806   0.00000000    -0.00988832  -0.00104502    -0.00466924  -0.00054985
 -0.00988832   0.00104502     0.03578806  -0.00000000     0.00466924  -0.00054985
 -0.00466924   0.00054985     0.00466924   0.00054985     0.04342900  -0.00000000

     Dynamical  Matrix in cartesian axes

     q = (   -0.216506400  -0.216506400  -0.216506400 ) 

    1    1
  0.04566796   0.00000000     0.00004312   0.00000000     0.00004312   0.00000000
  0.00004312  -0.00000000     0.04566796   0.00000000     0.00004312   0.00000000
  0.00004312   0.00000000     0.00004312  -0.00000000     0.04566796  -0.00000000
    1    2
 -0.00045375  -0.00109545     0.00335797   0.00463428     0.00090249   0.00565138
  0.00335729  -0.00937748    -0.00010415  -0.00431499    -0.00502536   0.00479642
 -0.00900484  -0.00425692     0.00694505  -0.00016188    -0.00297751  -0.00312480
    1    3
 -0.00045375  -0.00109545     0.00090249   0.00565138     0.00335797   0.00463428
 -0.00900484  -0.00425692    -0.00297751  -0.00312480     0.00694505  -0.00016188
  0.00335729  -0.00937748    -0.00502536   0.00479642    -0.00010415  -0.00431499
    1    4
 -0.00297751  -0.00312480    -0.00900484  -0.00425692     0.00694505  -0.00016188
  0.00090249   0.00565138    -0.00045375  -0.00109545     0.00335797   0.00463428
 -0.00502536   0.00479642     0.00335729  -0.00937748    -0.00010415  -0.00431499
    1    5
 -0.00010415  -0.00431499     0.00335729  -0.00937748    -0.00502536   0.00479642
  0.00335797   0.00463428    -0.00045375  -0.00109545     0.00090249   0.00565138
  0.00694505  -0.00016188    -0.00900484  -0.00425692    -0.00297751  -0.00312480
    1    6
 -0.00010415  -0.00431499    -0.00502536   0.00479642     0.00335729  -0.00937748
  0.00694505  -0.00016188    -0.00297751  -0.00312480    -0.00900484  -0.00425692
  0.00335797   0.00463428     0.00090249   0.00565138    -0.00045375  -0.00109545
    1    7
 -0.00297751  -0.00312480     0.00694505  -0.00016188    -0.00900484  -0.00425692
 -0.00502536   0.00479642    -0.00010415  -0.00431499     0.00335729  -0.00937748
