  3.500000000000000E-002   1.26001304832687        2.38111420361614     
          24

     Dynamical  Matrix in cartesian axes

     q = (    0.433012702   0.216506351   0.216506351 ) 

    1    1
  0.12136654   0.00000000     0.00503191   0.00000000     0.00503191   0.00000000
  0.00503191   0.00000000     0.04746898   0.00000000     0.01287428   0.00000000
  0.00503191   0.00000000     0.01287428   0.00000000     0.04746898   0.00000000
    1    2
 -0.00000000   0.02404788     0.01581791  -0.00555718    -0.01581791  -0.00555718
 -0.00093793  -0.00838860     0.00534580  -0.00051491    -0.00954924  -0.00542907
  0.00093793  -0.00838860     0.00954924  -0.00542907    -0.00534580  -0.00051491
    1    3
 -0.00000000   0.02404788    -0.01581791  -0.00555718     0.01581791  -0.00555718
  0.00093793  -0.00838860    -0.00534580  -0.00051491     0.00954924  -0.00542907
 -0.00093793  -0.00838860    -0.00954924  -0.00542907     0.00534580  -0.00051491
    1    4
 -0.01550075  -0.00301977    -0.00654465   0.01442245    -0.00086603  -0.00561004
 -0.00644658  -0.00375923     0.00944884   0.00075574     0.00820708  -0.00869137
 -0.00407066  -0.00027557     0.01548246   0.01375746     0.01054240   0.00151411
    1    5
  0.01550075  -0.00301977     0.00654465   0.01442245     0.00086603  -0.00561004
  0.00644658  -0.00375923    -0.00944884   0.00075574    -0.00820708  -0.00869137
  0.00407066  -0.00027557    -0.01548246   0.01375746    -0.01054240   0.00151411
    1    6
  0.01550075  -0.00301977     0.00086603  -0.00561004     0.00654465   0.01442245
  0.00407066  -0.00027557    -0.01054240   0.00151411    -0.01548246   0.01375746
  0.00644658  -0.00375923    -0.00820708  -0.00869137    -0.00944884   0.00075574
    1    7
 -0.01550075  -0.00301977    -0.00086603  -0.00561004    -0.00654465   0.01442245
 -0.00407066  -0.00027557     0.01054240   0.00151411     0.01548246   0.01375746
 -0.00644658  -0.00375923     0.00820708  -0.00869137     0.00944884   0.00075574
    2    1
 -0.00000000  -0.02404788    -0.00093793   0.00838860     0.00093793   0.00838860
  0.01581791   0.00555718     0.00534580   0.00051491     0.00954924   0.00542907
 -0.01581791   0.00555718    -0.00954924   0.00542907    -0.00534580   0.00051491
    2    2
  0.06816064  -0.00000000     0.00288813   0.00693028     0.00288813  -0.00693028
  0.00288813  -0.00693028     0.03502660  -0.00000000     0.00390888  -0.00080596
  0.00288813   0.00693028     0.00390888   0.00080596     0.03502660   0.00000000
    2    3
  0.01086812   0.00000000    -0.00022372   0.00175499    -0.00022372  -0.00175499
 -0.00022372   0.00175499    -0.01146225   0.01174679    -0.00032769   0.00000000
 -0.00022372  -0.00175499    -0.00032769   0.00000000    -0.01146225  -0.01174679
    2    4
 -0.00400608   0.02323877    -0.00071370   0.01962150     0.00553251  -0.00472399
 -0.00301619   0.01993867     0.00591964   0.01707068    -0.00706543   0.00912025
 -0.00113278   0.00360938    -0.00071677   0.00558873     0.00950222   0.01122031
    2    5
 -0.01998790   0.00073557     0.00868423  -0.00960999     0.00293731   0.00018498
  0.02367740   0.00612806    -0.01116880   0.00912129     0.00726766  -0.00311506
  0.00108205   0.00292723    -0.00024232   0.00518272    -0.00578209  -0.00058121
    2    6
 -0.00400608  -0.02323877     0.00553251   0.00472399    -0.00071370  -0.01962150
 -0.00113278  -0.00360938     0.00950222  -0.01122031    -0.00071677  -0.00558873
 -0.00301619  -0.01993867    -0.00706543  -0.00912025     0.00591964  -0.01707068
    2    7
 -0.01998790  -0.00073557     0.00293731  -0.00018498     0.00868423   0.00960999
  0.00108205  -0.00292723    -0.00578209   0.00058121    -0.00024232  -0.00518272
  0.02367740  -0.00612806     0.00726766   0.00311506    -0.01116880  -0.00912129
    3    1
 -0.00000000  -0.02404788     0.00093793   0.00838860    -0.00093793   0.00838860
 -0.01581791   0.00555718    -0.00534580   0.00051491    -0.00954924   0.00542907
  0.01581791   0.00555718     0.00954924   0.00542907     0.00534580   0.00051491
    3    2
  0.01086812  -0.00000000    -0.00022372  -0.00175499    -0.00022372   0.00175499
 -0.00022372  -0.00175499    -0.01146225  -0.01174679    -0.00032769  -0.00000000
 -0.00022372   0.00175499    -0.00032769  -0.00000000    -0.01146225   0.01174679
    3    3
  0.06816064   0.00000000     0.00288813  -0.00693028     0.00288813   0.00693028
  0.00288813   0.00693028     0.03502660   0.00000000     0.00390888   0.00080596
  0.00288813  -0.00693028     0.00390888  -0.00080596     0.03502660  -0.00000000
    3    4
 -0.01998790  -0.00073557     0.00868423   0.00960999     0.00293731  -0.00018498
  0.02367740  -0.00612806    -0.01116880  -0.00912129     0.00726766   0.00311506
  0.00108205  -0.00292723    -0.00024232  -0.00518272    -0.00578209   0.00058121
    3    5
 -0.00400608  -0.02323877    -0.00071370  -0.01962150     0.00553251   0.00472399
 -0.00301619  -0.01993867     0.00591964  -0.01707068    -0.00706543  -0.00912025
 -0.00113278  -0.00360938    -0.00071677  -0.00558873     0.00950222  -0.01122031
    3    6
 -0.01998790   0.00073557     0.00293731   0.00018498     0.00868423  -0.00960999
  0.00108205   0.00292723    -0.00578209  -0.00058121    -0.00024232   0.00518272
  0.02367740   0.00612806     0.00726766  -0.00311506    -0.01116880   0.00912129
    3    7
 -0.00400608   0.02323877     0.00553251  -0.00472399    -0.00071370   0.01962150
 -0.00113278   0.00360938     0.00950222   0.01122031    -0.00071677   0.00558873
 -0.00301619   0.01993867    -0.00706543   0.00912025     0.00591964   0.01707068
    4    1
 -0.01550075   0.00301977    -0.00644658   0.00375923    -0.00407066   0.00027557
 -0.00654465  -0.01442245     0.00944884  -0.00075574     0.01548246  -0.01375746
 -0.00086603   0.00561004     0.00820708   0.00869137     0.01054240  -0.00151411
    4    2
 -0.00400608  -0.02323877    -0.00301619  -0.01993867    -0.00113278  -0.00360938
 -0.00071370  -0.01962150     0.00591964  -0.01707068    -0.00071677  -0.00558873
  0.00553251   0.00472399    -0.00706543  -0.00912025     0.00950222  -0.01122031
    4    3
 -0.01998790   0.00073557     0.02367740   0.00612806     0.00108205   0.00292723
  0.00868423  -0.00960999    -0.01116880   0.00912129    -0.00024232   0.00518272
  0.00293731   0.00018498     0.00726766  -0.00311506    -0.00578209  -0.00058121
    4    4
  0.04444518  -0.00000000     0.00368106  -0.00655732     0.00531201   0.00308347
  0.00368106   0.00655732     0.03886669  -0.00000000     0.00352412   0.00114746
  0.00531201  -0.00308347     0.00352412  -0.00114746     0.04233867   0.00000000
    4    5
  0.00016670  -0.00407688     0.00345646  -0.00197994    -0.00416257  -0.01162481
  0.00345646  -0.00197994     0.00666010   0.01504862     0.00518752   0.00357158
 -0.00416257  -0.01162481     0.00518752   0.00357158    -0.02186179  -0.00475693
    4    6
  0.00026182   0.00562368    -0.00609911  -0.00697230    -0.01055804   0.00018861
 -0.01055804   0.00018861    -0.00973301  -0.00478030    -0.01404702  -0.01027320
 -0.00609911  -0.00697230    -0.03373753  -0.00427931    -0.00973301  -0.00478030
    4    7
 -0.00049133   0.00000000     0.00123923   0.01095879    -0.00428512  -0.00469619
 -0.00428512   0.00469619    -0.01120428  -0.00654736    -0.00236897  -0.00000000
  0.00123923  -0.01095879     0.02756469   0.00000000    -0.01120428   0.00654736
    5    1
  0.01550075   0.00301977     0.00644658   0.00375923     0.00407066   0.00027557
  0.00654465  -0.01442245    -0.00944884  -0.00075574    -0.01548246  -0.01375746
  0.00086603   0.00561004    -0.00820708   0.00869137    -0.01054240  -0.00151411
    5    2
 -0.01998790  -0.00073557     0.02367740  -0.00612806     0.00108205  -0.00292723
  0.00868423   0.00960999    -0.01116880  -0.00912129    -0.00024232  -0.00518272
  0.00293731  -0.00018498     0.00726766   0.00311506    -0.00578209   0.00058121
    5    3
 -0.00400608   0.02323877    -0.00301619   0.01993867    -0.00113278   0.00360938
 -0.00071370   0.01962150     0.00591964   0.01707068    -0.00071677   0.00558873
  0.00553251  -0.00472399    -0.00706543   0.00912025     0.00950222   0.01122031
    5    4
  0.00016670   0.00407688     0.00345646   0.00197994    -0.00416257   0.01162481
  0.00345646   0.00197994     0.00666010  -0.01504862     0.00518752  -0.00357158
 -0.00416257   0.01162481     0.00518752  -0.00357158    -0.02186179   0.00475693
    5    5
  0.04444518   0.00000000     0.00368106   0.00655732     0.00531201  -0.00308347
  0.00368106  -0.00655732     0.03886669   0.00000000     0.00352412  -0.00114746
  0.00531201   0.00308347     0.00352412   0.00114746     0.04233867  -0.00000000
    5    6
 -0.00049133  -0.00000000     0.00123923  -0.01095879    -0.00428512   0.00469619
 -0.00428512  -0.00469619    -0.01120428   0.00654736    -0.00236897  -0.00000000
  0.00123923   0.01095879     0.02756469   0.00000000    -0.01120428  -0.00654736
    5    7
  0.00026182  -0.00562368    -0.00609911   0.00697230    -0.01055804  -0.00018861
 -0.01055804  -0.00018861    -0.00973301   0.00478030    -0.01404702   0.01027320
 -0.00609911   0.00697230    -0.03373753   0.00427931    -0.00973301   0.00478030
    6    1
  0.01550075   0.00301977     0.00407066   0.00027557     0.00644658   0.00375923
  0.00086603   0.00561004    -0.01054240  -0.00151411    -0.00820708   0.00869137
  0.00654465  -0.01442245    -0.01548246  -0.01375746    -0.00944884  -0.00075574
    6    2
 -0.00400608   0.02323877    -0.00113278   0.00360938    -0.00301619   0.01993867
  0.00553251  -0.00472399     0.00950222   0.01122031    -0.00706543   0.00912025
 -0.00071370   0.01962150    -0.00071677   0.00558873     0.00591964   0.01707068
    6    3
 -0.01998790  -0.00073557     0.00108205  -0.00292723     0.02367740  -0.00612806
  0.00293731  -0.00018498    -0.00578209   0.00058121     0.00726766   0.00311506
  0.00868423   0.00960999    -0.00024232  -0.00518272    -0.01116880  -0.00912129
    6    4
  0.00026182  -0.00562368    -0.01055804  -0.00018861    -0.00609911   0.00697230
 -0.00609911   0.00697230    -0.00973301   0.00478030    -0.03373753   0.00427931
 -0.01055804  -0.00018861    -0.01404702   0.01027320    -0.00973301   0.00478030
    6    5
 -0.00049133   0.00000000    -0.00428512   0.00469619     0.00123923  -0.01095879
  0.00123923   0.01095879    -0.01120428  -0.00654736     0.02756469  -0.00000000
 -0.00428512  -0.00469619    -0.00236897  -0.00000000    -0.01120428   0.00654736
    6    6
  0.04444518   0.00000000     0.00531201  -0.00308347     0.00368106   0.00655732
  0.00531201   0.00308347     0.04233867  -0.00000000     0.00352412   0.00114746
  0.00368106  -0.00655732     0.00352412  -0.00114746     0.03886669   0.00000000
    6    7
  0.00016670   0.00407688    -0.00416257   0.01162481     0.00345646   0.00197994
 -0.00416257   0.01162481    -0.02186179   0.00475693     0.00518752  -0.00357158
  0.00345646   0.00197994     0.00518752  -0.00357158     0.00666010  -0.01504862
    7    1
 -0.01550075   0.00301977    -0.00407066   0.00027557    -0.00644658   0.00375923
 -0.00086603   0.00561004     0.01054240  -0.00151411     0.00820708   0.00869137
 -0.00654465  -0.01442245     0.01548246  -0.01375746     0.00944884  -0.00075574
    7    2
 -0.01998790   0.00073557     0.00108205   0.00292723     0.02367740   0.00612806
  0.00293731   0.00018498    -0.00578209  -0.00058121     0.00726766  -0.00311506
  0.00868423  -0.00960999    -0.00024232   0.00518272    -0.01116880   0.00912129
    7    3
 -0.00400608  -0.02323877    -0.00113278  -0.00360938    -0.00301619  -0.01993867
  0.00553251   0.00472399     0.00950222  -0.01122031    -0.00706543  -0.00912025
 -0.00071370  -0.01962150    -0.00071677  -0.00558873     0.00591964  -0.01707068
    7    4
 -0.00049133  -0.00000000    -0.00428512  -0.00469619     0.00123923   0.01095879
  0.00123923  -0.01095879    -0.01120428   0.00654736     0.02756469   0.00000000
 -0.00428512   0.00469619    -0.00236897   0.00000000    -0.01120428  -0.00654736
    7    5
  0.00026182   0.00562368    -0.01055804   0.00018861    -0.00609911  -0.00697230
 -0.00609911  -0.00697230    -0.00973301  -0.00478030    -0.03373753  -0.00427931
 -0.01055804   0.00018861    -0.01404702  -0.01027320    -0.00973301  -0.00478030
    7    6
  0.00016670  -0.00407688    -0.00416257  -0.01162481     0.00345646  -0.00197994
 -0.00416257  -0.01162481    -0.02186179  -0.00475693     0.00518752   0.00357158
  0.00345646  -0.00197994     0.00518752   0.00357158     0.00666010   0.01504862
    7    7
  0.04444518  -0.00000000     0.00531201   0.00308347     0.00368106  -0.00655732
  0.00531201  -0.00308347     0.04233867   0.00000000     0.00352412  -0.00114746
  0.00368106   0.00655732     0.00352412   0.00114746     0.03886669  -0.00000000

     Dynamical  Matrix in cartesian axes

     q = (   -0.433012702   0.216506351   0.216506351 ) 

    1    1
  0.12136654  -0.00000000    -0.00503191   0.00000000    -0.00503191   0.00000000
 -0.00503191   0.00000000     0.04746898   0.00000000     0.01287428   0.00000000
 -0.00503191   0.00000000     0.01287428   0.00000000     0.04746898   0.00000000
    1    2
 -0.02404788   0.00000000    -0.00555718   0.01581791    -0.00555718  -0.01581791
 -0.00838860  -0.00093793     0.00051491  -0.00534580     0.00542907   0.00954924
 -0.00838860   0.00093793     0.00542907  -0.00954924     0.00051491   0.00534580
    1    3
 -0.02404788  -0.00000000    -0.00555718  -0.01581791    -0.00555718   0.01581791
 -0.00838860   0.00093793     0.00051491   0.00534580     0.00542907  -0.00954924
 -0.00838860  -0.00093793     0.00542907   0.00954924     0.00051491  -0.00534580
    1    4
  0.01550075   0.00301977    -0.00654465   0.01442245    -0.00086603  -0.00561004
 -0.00644658  -0.00375923    -0.00944884  -0.00075574    -0.00820708   0.00869137
 -0.00407066  -0.00027557    -0.01548246  -0.01375746    -0.01054240  -0.00151411
    1    5
  0.01550075  -0.00301977    -0.00654465  -0.01442245    -0.00086603   0.00561004
 -0.00644658   0.00375923    -0.00944884   0.00075574    -0.00820708  -0.00869137
 -0.00407066   0.00027557    -0.01548246   0.01375746    -0.01054240   0.00151411
    1    6
  0.01550075  -0.00301977    -0.00086603   0.00561004    -0.00654465  -0.01442245
 -0.00407066   0.00027557    -0.01054240   0.00151411    -0.01548246   0.01375746
 -0.00644658   0.00375923    -0.00820708  -0.00869137    -0.00944884   0.00075574
    1    7
  0.01550075   0.00301977    -0.00086603  -0.00561004    -0.00654465   0.01442245
 -0.00407066  -0.00027557    -0.01054240  -0.00151411    -0.01548246  -0.01375746
 -0.00644658  -0.00375923    -0.00820708   0.00869137    -0.00944884  -0.00075574
    2    1
 -0.02404788  -0.00000000    -0.00838860   0.00093793    -0.00838860  -0.00093793
 -0.00555718  -0.01581791     0.00051491   0.00534580     0.00542907   0.00954924
 -0.00555718   0.01581791     0.00542907  -0.00954924     0.00051491  -0.00534580
    2    2
  0.06816064   0.00000000    -0.00288813   0.00693028    -0.00288813  -0.00693028
 -0.00288813  -0.00693028     0.03502660  -0.00000000     0.00390888   0.00080596
 -0.00288813   0.00693028     0.00390888  -0.00080596     0.03502660  -0.00000000
    2    3
  0.01086812   0.00000000     0.00022372   0.00175499     0.00022372  -0.00175499
  0.00022372   0.00175499    -0.01146225  -0.01174679    -0.00032769  -0.00000000
  0.00022372  -0.00175499    -0.00032769  -0.00000000    -0.01146225   0.01174679
    2    4
  0.00073557  -0.01998790     0.00960999  -0.00868423    -0.00018498  -0.00293731
 -0.00612806  -0.02367740     0.00912129  -0.01116880    -0.00311506   0.00726766
 -0.00292723  -0.00108205     0.00518272  -0.00024232    -0.00058121  -0.00578209
    2    5
 -0.02323877   0.00400608     0.01962150  -0.00071370    -0.00472399   0.00553251
  0.01993867  -0.00301619    -0.01707068  -0.00591964    -0.00912025   0.00706543
  0.00360938  -0.00113278    -0.00558873   0.00071677    -0.01122031  -0.00950222
    2    6
  0.00073557   0.01998790    -0.00018498   0.00293731     0.00960999   0.00868423
 -0.00292723   0.00108205    -0.00058121   0.00578209     0.00518272   0.00024232
 -0.00612806   0.02367740    -0.00311506  -0.00726766     0.00912129   0.01116880
    2    7
 -0.02323877  -0.00400608    -0.00472399  -0.00553251     0.01962150   0.00071370
  0.00360938   0.00113278    -0.01122031   0.00950222    -0.00558873  -0.00071677
  0.01993867   0.00301619    -0.00912025  -0.00706543    -0.01707068   0.00591964
    3    1
 -0.02404788   0.00000000    -0.00838860  -0.00093793    -0.00838860   0.00093793
 -0.00555718   0.01581791     0.00051491  -0.00534580     0.00542907  -0.00954924
 -0.00555718  -0.01581791     0.00542907   0.00954924     0.00051491   0.00534580
    3    2
  0.01086812  -0.00000000     0.00022372  -0.00175499     0.00022372   0.00175499
  0.00022372  -0.00175499    -0.01146225   0.01174679    -0.00032769   0.00000000
  0.00022372   0.00175499    -0.00032769   0.00000000    -0.01146225  -0.01174679
    3    3
  0.06816064  -0.00000000    -0.00288813  -0.00693028    -0.00288813   0.00693028
 -0.00288813   0.00693028     0.03502660   0.00000000     0.00390888  -0.00080596
 -0.00288813  -0.00693028     0.00390888   0.00080596     0.03502660   0.00000000
    3    4
 -0.02323877  -0.00400608     0.01962150   0.00071370    -0.00472399  -0.00553251
  0.01993867   0.00301619    -0.01707068   0.00591964    -0.00912025  -0.00706543
  0.00360938   0.00113278    -0.00558873  -0.00071677    -0.01122031   0.00950222
    3    5
  0.00073557   0.01998790     0.00960999   0.00868423    -0.00018498   0.00293731
 -0.00612806   0.02367740     0.00912129   0.01116880    -0.00311506  -0.00726766
 -0.00292723   0.00108205     0.00518272   0.00024232    -0.00058121   0.00578209
    3    6
 -0.02323877   0.00400608    -0.00472399   0.00553251     0.01962150  -0.00071370
  0.00360938  -0.00113278    -0.01122031  -0.00950222    -0.00558873   0.00071677
  0.01993867  -0.00301619    -0.00912025   0.00706543    -0.01707068  -0.00591964
    3    7
  0.00073557  -0.01998790    -0.00018498  -0.00293731     0.00960999  -0.00868423
 -0.00292723  -0.00108205    -0.00058121  -0.00578209     0.00518272  -0.00024232
 -0.00612806  -0.02367740    -0.00311506   0.00726766     0.00912129  -0.01116880
    4    1
  0.01550075  -0.00301977    -0.00644658   0.00375923    -0.00407066   0.00027557
 -0.00654465  -0.01442245    -0.00944884   0.00075574    -0.01548246   0.01375746
 -0.00086603   0.00561004    -0.00820708  -0.00869137    -0.01054240   0.00151411
    4    2
  0.00073557   0.01998790    -0.00612806   0.02367740    -0.00292723   0.00108205
  0.00960999   0.00868423     0.00912129   0.01116880     0.00518272   0.00024232
 -0.00018498   0.00293731    -0.00311506  -0.00726766    -0.00058121   0.00578209
    4    3
 -0.02323877   0.00400608     0.01993867  -0.00301619     0.00360938  -0.00113278
  0.01962150  -0.00071370    -0.01707068  -0.00591964    -0.00558873   0.00071677
 -0.00472399   0.00553251    -0.00912025   0.00706543    -0.01122031  -0.00950222
    4    4
  0.04444518  -0.00000000    -0.00368106   0.00655732    -0.00531201  -0.00308347
 -0.00368106  -0.00655732     0.03886669   0.00000000     0.00352412   0.00114746
 -0.00531201   0.00308347     0.00352412  -0.00114746     0.04233867   0.00000000
    4    5
 -0.00016670   0.00407688     0.00345646  -0.00197994    -0.00416257  -0.01162481
  0.00345646  -0.00197994    -0.00666010  -0.01504862    -0.00518752  -0.00357158
 -0.00416257  -0.01162481    -0.00518752  -0.00357158     0.02186179   0.00475693
    4    6
 -0.00026182  -0.00562368    -0.00609911  -0.00697230    -0.01055804   0.00018861
 -0.01055804   0.00018861     0.00973301   0.00478030     0.01404702   0.01027320
 -0.00609911  -0.00697230     0.03373753   0.00427931     0.00973301   0.00478030
    4    7
 -0.00049133  -0.00000000    -0.00123923  -0.01095879     0.00428512   0.00469619
  0.00428512  -0.00469619    -0.01120428  -0.00654736    -0.00236897   0.00000000
 -0.00123923   0.01095879     0.02756469  -0.00000000    -0.01120428   0.00654736
    5    1
  0.01550075   0.00301977    -0.00644658  -0.00375923    -0.00407066  -0.00027557
 -0.00654465   0.01442245    -0.00944884  -0.00075574    -0.01548246  -0.01375746
 -0.00086603  -0.00561004    -0.00820708   0.00869137    -0.01054240  -0.00151411
    5    2
 -0.02323877  -0.00400608     0.01993867   0.00301619     0.00360938   0.00113278
  0.01962150   0.00071370    -0.01707068   0.00591964    -0.00558873  -0.00071677
 -0.00472399  -0.00553251    -0.00912025  -0.00706543    -0.01122031   0.00950222
    5    3
  0.00073557  -0.01998790    -0.00612806  -0.02367740    -0.00292723  -0.00108205
  0.00960999  -0.00868423     0.00912129  -0.01116880     0.00518272  -0.00024232
 -0.00018498  -0.00293731    -0.00311506   0.00726766    -0.00058121  -0.00578209
    5    4
 -0.00016670  -0.00407688     0.00345646   0.00197994    -0.00416257   0.01162481
  0.00345646   0.00197994    -0.00666010   0.01504862    -0.00518752   0.00357158
 -0.00416257   0.01162481    -0.00518752   0.00357158     0.02186179  -0.00475693
    5    5
  0.04444518   0.00000000    -0.00368106  -0.00655732    -0.00531201   0.00308347
 -0.00368106   0.00655732     0.03886669   0.00000000     0.00352412  -0.00114746
 -0.00531201  -0.00308347     0.00352412   0.00114746     0.04233867  -0.00000000
    5    6
 -0.00049133   0.00000000    -0.00123923   0.01095879     0.00428512  -0.00469619
  0.00428512   0.00469619    -0.01120428   0.00654736    -0.00236897  -0.00000000
 -0.00123923  -0.01095879     0.02756469   0.00000000    -0.01120428  -0.00654736
    5    7
 -0.00026182   0.00562368    -0.00609911   0.00697230    -0.01055804  -0.00018861
 -0.01055804  -0.00018861     0.00973301  -0.00478030     0.01404702  -0.01027320
 -0.00609911   0.00697230     0.03373753  -0.00427931     0.00973301  -0.00478030
    6    1
  0.01550075   0.00301977    -0.00407066  -0.00027557    -0.00644658  -0.00375923
 -0.00086603  -0.00561004    -0.01054240  -0.00151411    -0.00820708   0.00869137
 -0.00654465   0.01442245    -0.01548246  -0.01375746    -0.00944884  -0.00075574
    6    2
  0.00073557  -0.01998790    -0.00292723  -0.00108205    -0.00612806  -0.02367740
 -0.00018498  -0.00293731    -0.00058121  -0.00578209    -0.00311506   0.00726766
  0.00960999  -0.00868423     0.00518272  -0.00024232     0.00912129  -0.01116880
    6    3
 -0.02323877  -0.00400608     0.00360938   0.00113278     0.01993867   0.00301619
 -0.00472399  -0.00553251    -0.01122031   0.00950222    -0.00912025  -0.00706543
  0.01962150   0.00071370    -0.00558873  -0.00071677    -0.01707068   0.00591964
    6    4
 -0.00026182   0.00562368    -0.01055804  -0.00018861    -0.00609911   0.00697230
 -0.00609911   0.00697230     0.00973301  -0.00478030     0.03373753  -0.00427931
 -0.01055804  -0.00018861     0.01404702  -0.01027320     0.00973301  -0.00478030
    6    5
 -0.00049133   0.00000000     0.00428512  -0.00469619    -0.00123923   0.01095879
 -0.00123923  -0.01095879    -0.01120428  -0.00654736     0.02756469  -0.00000000
  0.00428512   0.00469619    -0.00236897  -0.00000000    -0.01120428   0.00654736
    6    6
  0.04444518   0.00000000    -0.00531201   0.00308347    -0.00368106  -0.00655732
 -0.00531201  -0.00308347     0.04233867  -0.00000000     0.00352412   0.00114746
 -0.00368106   0.00655732     0.00352412  -0.00114746     0.03886669   0.00000000
    6    7
 -0.00016670  -0.00407688    -0.00416257   0.01162481     0.00345646   0.00197994
 -0.00416257   0.01162481     0.02186179  -0.00475693    -0.00518752   0.00357158
  0.00345646   0.00197994    -0.00518752   0.00357158    -0.00666010   0.01504862
    7    1
  0.01550075  -0.00301977    -0.00407066   0.00027557    -0.00644658   0.00375923
 -0.00086603   0.00561004    -0.01054240   0.00151411    -0.00820708  -0.00869137
 -0.00654465  -0.01442245    -0.01548246   0.01375746    -0.00944884   0.00075574
    7    2
 -0.02323877   0.00400608     0.00360938  -0.00113278     0.01993867  -0.00301619
 -0.00472399   0.00553251    -0.01122031  -0.00950222    -0.00912025   0.00706543
  0.01962150  -0.00071370    -0.00558873   0.00071677    -0.01707068  -0.00591964
    7    3
  0.00073557   0.01998790    -0.00292723   0.00108205    -0.00612806   0.02367740
 -0.00018498   0.00293731    -0.00058121   0.00578209    -0.00311506  -0.00726766
  0.00960999   0.00868423     0.00518272   0.00024232     0.00912129   0.01116880
    7    4
 -0.00049133   0.00000000     0.00428512   0.00469619    -0.00123923  -0.01095879
 -0.00123923   0.01095879    -0.01120428   0.00654736     0.02756469   0.00000000
  0.00428512  -0.00469619    -0.00236897   0.00000000    -0.01120428  -0.00654736
    7    5
 -0.00026182  -0.00562368    -0.01055804   0.00018861    -0.00609911  -0.00697230
 -0.00609911  -0.00697230     0.00973301   0.00478030     0.03373753   0.00427931
 -0.01055804   0.00018861     0.01404702   0.01027320     0.00973301   0.00478030
    7    6
 -0.00016670   0.00407688    -0.00416257  -0.01162481     0.00345646  -0.00197994
 -0.00416257  -0.01162481     0.02186179   0.00475693    -0.00518752  -0.00357158
  0.00345646  -0.00197994    -0.00518752  -0.00357158    -0.00666010  -0.01504862
    7    7
  0.04444518  -0.00000000    -0.00531201  -0.00308347    -0.00368106   0.00655732
 -0.00531201   0.00308347     0.04233867   0.00000000     0.00352412  -0.00114746
 -0.00368106  -0.00655732     0.00352412   0.00114746     0.03886669  -0.00000000

     Dynamical  Matrix in cartesian axes

     q = (    0.216506351  -0.433012702   0.216506351 ) 

    1    1
  0.04746898   0.00000000    -0.00503191   0.00000000     0.01287428   0.00000000
 -0.00503191   0.00000000     0.12136654  -0.00000000    -0.00503191   0.00000000
  0.01287428   0.00000000    -0.00503191   0.00000000     0.04746898   0.00000000
    1    2
 -0.00944884   0.00075574    -0.00644658   0.00375923    -0.00820708  -0.00869137
 -0.00654465  -0.01442245     0.01550075  -0.00301977    -0.00086603   0.00561004
 -0.01548246   0.01375746    -0.00407066   0.00027557    -0.01054240   0.00151411
    1    3
 -0.00944884  -0.00075574    -0.00644658  -0.00375923    -0.00820708   0.00869137
 -0.00654465   0.01442245     0.01550075   0.00301977    -0.00086603  -0.00561004
 -0.01548246  -0.01375746    -0.00407066  -0.00027557    -0.01054240  -0.00151411
    1    4
  0.00051491   0.00534580    -0.00838860   0.00093793     0.00542907  -0.00954924
 -0.00555718  -0.01581791    -0.02404788   0.00000000    -0.00555718   0.01581791
  0.00542907   0.00954924    -0.00838860  -0.00093793     0.00051491  -0.00534580
    1    5
  0.00051491  -0.00534580    -0.00838860  -0.00093793     0.00542907   0.00954924
 -0.00555718   0.01581791    -0.02404788  -0.00000000    -0.00555718  -0.01581791
  0.00542907  -0.00954924    -0.00838860   0.00093793     0.00051491   0.00534580
    1    6
 -0.01054240  -0.00151411    -0.00407066  -0.00027557    -0.01548246  -0.01375746
 -0.00086603  -0.00561004     0.01550075   0.00301977    -0.00654465   0.01442245
 -0.00820708   0.00869137    -0.00644658  -0.00375923    -0.00944884  -0.00075574
    1    7
 -0.01054240   0.00151411    -0.00407066   0.00027557    -0.01548246   0.01375746
 -0.00086603   0.00561004     0.01550075  -0.00301977    -0.00654465  -0.01442245
 -0.00820708  -0.00869137    -0.00644658   0.00375923    -0.00944884   0.00075574
    2    1
 -0.00944884  -0.00075574    -0.00654465   0.01442245    -0.01548246  -0.01375746
 -0.00644658  -0.00375923     0.01550075   0.00301977    -0.00407066  -0.00027557
 -0.00820708   0.00869137    -0.00086603  -0.00561004    -0.01054240  -0.00151411
    2    2
  0.03886669   0.00000000    -0.00368106   0.00655732     0.00352412  -0.00114746
 -0.00368106  -0.00655732     0.04444518   0.00000000    -0.00531201   0.00308347
  0.00352412   0.00114746    -0.00531201  -0.00308347     0.04233867  -0.00000000
    2    3
 -0.00666010   0.01504862     0.00345646   0.00197994    -0.00518752   0.00357158
  0.00345646   0.00197994    -0.00016670  -0.00407688    -0.00416257   0.01162481
 -0.00518752   0.00357158    -0.00416257   0.01162481     0.02186179  -0.00475693
    2    4
  0.00912129  -0.01116880     0.00960999  -0.00868423     0.00518272  -0.00024232
 -0.00612806  -0.02367740     0.00073557  -0.01998790    -0.00292723  -0.00108205
 -0.00311506   0.00726766    -0.00018498  -0.00293731    -0.00058121  -0.00578209
    2    5
 -0.01707068   0.00591964     0.01962150   0.00071370    -0.00558873  -0.00071677
  0.01993867   0.00301619    -0.02323877  -0.00400608     0.00360938   0.00113278
 -0.00912025  -0.00706543    -0.00472399  -0.00553251    -0.01122031   0.00950222
    2    6
  0.00973301  -0.00478030    -0.01055804  -0.00018861     0.01404702  -0.01027320
 -0.00609911   0.00697230    -0.00026182   0.00562368    -0.01055804  -0.00018861
  0.03373753  -0.00427931    -0.00609911   0.00697230     0.00973301  -0.00478030
    2    7
 -0.01120428   0.00654736     0.00428512   0.00469619    -0.00236897  -0.00000000
 -0.00123923   0.01095879    -0.00049133   0.00000000     0.00428512  -0.00469619
  0.02756469   0.00000000    -0.00123923  -0.01095879    -0.01120428  -0.00654736
    3    1
 -0.00944884   0.00075574    -0.00654465  -0.01442245    -0.01548246   0.01375746
 -0.00644658   0.00375923     0.01550075  -0.00301977    -0.00407066   0.00027557
 -0.00820708  -0.00869137    -0.00086603   0.00561004    -0.01054240   0.00151411
    3    2
 -0.00666010  -0.01504862     0.00345646  -0.00197994    -0.00518752  -0.00357158
  0.00345646  -0.00197994    -0.00016670   0.00407688    -0.00416257  -0.01162481
 -0.00518752  -0.00357158    -0.00416257  -0.01162481     0.02186179   0.00475693
    3    3
  0.03886669   0.00000000    -0.00368106  -0.00655732     0.00352412   0.00114746
 -0.00368106   0.00655732     0.04444518  -0.00000000    -0.00531201  -0.00308347
  0.00352412  -0.00114746    -0.00531201   0.00308347     0.04233867   0.00000000
    3    4
 -0.01707068  -0.00591964     0.01962150  -0.00071370    -0.00558873   0.00071677
  0.01993867  -0.00301619    -0.02323877   0.00400608     0.00360938  -0.00113278
 -0.00912025   0.00706543    -0.00472399   0.00553251    -0.01122031  -0.00950222
    3    5
  0.00912129   0.01116880     0.00960999   0.00868423     0.00518272   0.00024232
 -0.00612806   0.02367740     0.00073557   0.01998790    -0.00292723   0.00108205
 -0.00311506  -0.00726766    -0.00018498   0.00293731    -0.00058121   0.00578209
    3    6
 -0.01120428  -0.00654736     0.00428512  -0.00469619    -0.00236897  -0.00000000
 -0.00123923  -0.01095879    -0.00049133  -0.00000000     0.00428512   0.00469619
  0.02756469   0.00000000    -0.00123923   0.01095879    -0.01120428   0.00654736
    3    7
  0.00973301   0.00478030    -0.01055804   0.00018861     0.01404702   0.01027320
 -0.00609911  -0.00697230    -0.00026182  -0.00562368    -0.01055804   0.00018861
  0.03373753   0.00427931    -0.00609911  -0.00697230     0.00973301   0.00478030
    4    1
  0.00051491  -0.00534580    -0.00555718   0.01581791     0.00542907  -0.00954924
 -0.00838860  -0.00093793    -0.02404788   0.00000000    -0.00838860   0.00093793
  0.00542907   0.00954924    -0.00555718  -0.01581791     0.00051491   0.00534580
    4    2
  0.00912129   0.01116880    -0.00612806   0.02367740    -0.00311506  -0.00726766
  0.00960999   0.00868423     0.00073557   0.01998790    -0.00018498   0.00293731
  0.00518272   0.00024232    -0.00292723   0.00108205    -0.00058121   0.00578209
    4    3
 -0.01707068   0.00591964     0.01993867   0.00301619    -0.00912025  -0.00706543
  0.01962150   0.00071370    -0.02323877  -0.00400608    -0.00472399  -0.00553251
 -0.00558873  -0.00071677     0.00360938   0.00113278    -0.01122031   0.00950222
    4    4
  0.03502660  -0.00000000    -0.00288813   0.00693028     0.00390888  -0.00080596
 -0.00288813  -0.00693028     0.06816064  -0.00000000    -0.00288813   0.00693028
  0.00390888   0.00080596    -0.00288813  -0.00693028     0.03502660   0.00000000
    4    5
 -0.01146225   0.01174679     0.00022372  -0.00175499    -0.00032769   0.00000000
  0.00022372  -0.00175499     0.01086812   0.00000000     0.00022372   0.00175499
 -0.00032769   0.00000000     0.00022372   0.00175499    -0.01146225  -0.01174679
    4    6
 -0.00058121  -0.00578209    -0.00292723  -0.00108205     0.00518272  -0.00024232
 -0.00018498  -0.00293731     0.00073557  -0.01998790     0.00960999  -0.00868423
 -0.00311506   0.00726766    -0.00612806  -0.02367740     0.00912129  -0.01116880
    4    7
 -0.01122031  -0.00950222     0.00360938  -0.00113278    -0.00558873   0.00071677
 -0.00472399   0.00553251    -0.02323877   0.00400608     0.01962150  -0.00071370
 -0.00912025   0.00706543     0.01993867  -0.00301619    -0.01707068  -0.00591964
    5    1
  0.00051491   0.00534580    -0.00555718  -0.01581791     0.00542907   0.00954924
 -0.00838860   0.00093793    -0.02404788   0.00000000    -0.00838860  -0.00093793
  0.00542907  -0.00954924    -0.00555718   0.01581791     0.00051491  -0.00534580
    5    2
 -0.01707068  -0.00591964     0.01993867  -0.00301619    -0.00912025   0.00706543
  0.01962150  -0.00071370    -0.02323877   0.00400608    -0.00472399   0.00553251
 -0.00558873   0.00071677     0.00360938  -0.00113278    -0.01122031  -0.00950222
    5    3
  0.00912129  -0.01116880    -0.00612806  -0.02367740    -0.00311506   0.00726766
  0.00960999  -0.00868423     0.00073557  -0.01998790    -0.00018498  -0.00293731
  0.00518272  -0.00024232    -0.00292723  -0.00108205    -0.00058121  -0.00578209
    5    4
 -0.01146225  -0.01174679     0.00022372   0.00175499    -0.00032769  -0.00000000
  0.00022372   0.00175499     0.01086812  -0.00000000     0.00022372  -0.00175499
 -0.00032769  -0.00000000     0.00022372  -0.00175499    -0.01146225   0.01174679
    5    5
  0.03502660   0.00000000    -0.00288813  -0.00693028     0.00390888   0.00080596
 -0.00288813   0.00693028     0.06816064   0.00000000    -0.00288813  -0.00693028
  0.00390888  -0.00080596    -0.00288813   0.00693028     0.03502660   0.00000000
    5    6
 -0.01122031   0.00950222     0.00360938   0.00113278    -0.00558873  -0.00071677
 -0.00472399  -0.00553251    -0.02323877  -0.00400608     0.01962150   0.00071370
 -0.00912025  -0.00706543     0.01993867   0.00301619    -0.01707068   0.00591964
    5    7
 -0.00058121   0.00578209    -0.00292723   0.00108205     0.00518272   0.00024232
 -0.00018498   0.00293731     0.00073557   0.01998790     0.00960999   0.00868423
 -0.00311506  -0.00726766    -0.00612806   0.02367740     0.00912129   0.01116880
    6    1
 -0.01054240   0.00151411    -0.00086603   0.00561004    -0.00820708  -0.00869137
 -0.00407066   0.00027557     0.01550075  -0.00301977    -0.00644658   0.00375923
 -0.01548246   0.01375746    -0.00654465  -0.01442245    -0.00944884   0.00075574
    6    2
  0.00973301   0.00478030    -0.00609911  -0.00697230     0.03373753   0.00427931
 -0.01055804   0.00018861    -0.00026182  -0.00562368    -0.00609911  -0.00697230
  0.01404702   0.01027320    -0.01055804   0.00018861     0.00973301   0.00478030
    6    3
 -0.01120428   0.00654736    -0.00123923   0.01095879     0.02756469  -0.00000000
  0.00428512   0.00469619    -0.00049133   0.00000000    -0.00123923  -0.01095879
 -0.00236897   0.00000000     0.00428512  -0.00469619    -0.01120428  -0.00654736
    6    4
 -0.00058121   0.00578209    -0.00018498   0.00293731    -0.00311506  -0.00726766
 -0.00292723   0.00108205     0.00073557   0.01998790    -0.00612806   0.02367740
  0.00518272   0.00024232     0.00960999   0.00868423     0.00912129   0.01116880
    6    5
 -0.01122031  -0.00950222    -0.00472399   0.00553251    -0.00912025   0.00706543
  0.00360938  -0.00113278    -0.02323877   0.00400608     0.01993867  -0.00301619
 -0.00558873   0.00071677     0.01962150  -0.00071370    -0.01707068  -0.00591964
    6    6
  0.04233867   0.00000000    -0.00531201   0.00308347     0.00352412  -0.00114746
 -0.00531201  -0.00308347     0.04444518  -0.00000000    -0.00368106   0.00655732
  0.00352412   0.00114746    -0.00368106  -0.00655732     0.03886669  -0.00000000
    6    7
  0.02186179   0.00475693    -0.00416257  -0.01162481    -0.00518752  -0.00357158
 -0.00416257  -0.01162481    -0.00016670   0.00407688     0.00345646  -0.00197994
 -0.00518752  -0.00357158     0.00345646  -0.00197994    -0.00666010  -0.01504862
    7    1
 -0.01054240  -0.00151411    -0.00086603  -0.00561004    -0.00820708   0.00869137
 -0.00407066  -0.00027557     0.01550075   0.00301977    -0.00644658  -0.00375923
 -0.01548246  -0.01375746    -0.00654465   0.01442245    -0.00944884  -0.00075574
    7    2
 -0.01120428  -0.00654736    -0.00123923  -0.01095879     0.02756469  -0.00000000
  0.00428512  -0.00469619    -0.00049133   0.00000000    -0.00123923   0.01095879
 -0.00236897  -0.00000000     0.00428512   0.00469619    -0.01120428   0.00654736
    7    3
  0.00973301  -0.00478030    -0.00609911   0.00697230     0.03373753  -0.00427931
 -0.01055804  -0.00018861    -0.00026182   0.00562368    -0.00609911   0.00697230
  0.01404702  -0.01027320    -0.01055804  -0.00018861     0.00973301  -0.00478030
    7    4
 -0.01122031   0.00950222    -0.00472399  -0.00553251    -0.00912025  -0.00706543
  0.00360938   0.00113278    -0.02323877  -0.00400608     0.01993867   0.00301619
 -0.00558873  -0.00071677     0.01962150   0.00071370    -0.01707068   0.00591964
    7    5
 -0.00058121  -0.00578209    -0.00018498  -0.00293731    -0.00311506   0.00726766
 -0.00292723  -0.00108205     0.00073557  -0.01998790    -0.00612806  -0.02367740
  0.00518272  -0.00024232     0.00960999  -0.00868423     0.00912129  -0.01116880
    7    6
  0.02186179  -0.00475693    -0.00416257   0.01162481    -0.00518752   0.00357158
 -0.00416257   0.01162481    -0.00016670  -0.00407688     0.00345646   0.00197994
 -0.00518752   0.00357158     0.00345646   0.00197994    -0.00666010   0.01504862
    7    7
  0.04233867  -0.00000000    -0.00531201  -0.00308347     0.00352412   0.00114746
 -0.00531201   0.00308347     0.04444518   0.00000000    -0.00368106  -0.00655732
  0.00352412  -0.00114746    -0.00368106   0.00655732     0.03886669   0.00000000

     Dynamical  Matrix in cartesian axes

     q = (   -0.216506351  -0.433012702   0.216506351 ) 

    1    1
  0.04746898   0.00000000     0.00503191  -0.00000000    -0.01287428   0.00000000
  0.00503191  -0.00000000     0.12136654  -0.00000000    -0.00503191   0.00000000
 -0.01287428   0.00000000    -0.00503191   0.00000000     0.04746898   0.00000000
    1    2
 -0.00075574   0.00944884     0.00375923  -0.00644658    -0.00869137  -0.00820708
 -0.01442245  -0.00654465     0.00301977  -0.01550075    -0.00561004   0.00086603
  0.01375746  -0.01548246    -0.00027557   0.00407066    -0.00151411   0.01054240
    1    3
  0.00944884  -0.00075574    -0.00644658   0.00375923    -0.00820708  -0.00869137
 -0.00654465  -0.01442245    -0.01550075   0.00301977     0.00086603  -0.00561004
 -0.01548246   0.01375746     0.00407066  -0.00027557     0.01054240  -0.00151411
    1    4
 -0.00534580   0.00051491     0.00093793   0.00838860    -0.00954924  -0.00542907
 -0.01581791   0.00555718    -0.00000000  -0.02404788    -0.01581791  -0.00555718
  0.00954924  -0.00542907     0.00093793  -0.00838860     0.00534580   0.00051491
    1    5
  0.00051491  -0.00534580     0.00838860   0.00093793    -0.00542907  -0.00954924
  0.00555718  -0.01581791    -0.02404788  -0.00000000    -0.00555718  -0.01581791
 -0.00542907   0.00954924    -0.00838860   0.00093793     0.00051491   0.00534580
    1    6
 -0.01054240  -0.00151411     0.00407066   0.00027557     0.01548246   0.01375746
  0.00086603   0.00561004     0.01550075   0.00301977    -0.00654465   0.01442245
  0.00820708  -0.00869137    -0.00644658  -0.00375923    -0.00944884  -0.00075574
    1    7
 -0.00151411  -0.01054240     0.00027557   0.00407066     0.01375746   0.01548246
  0.00561004   0.00086603     0.00301977   0.01550075     0.01442245  -0.00654465
