  3.500000000000000E-002   1.26001304832687        2.38111420361614     
          12

     Dynamical  Matrix in cartesian axes

     q = (    0.324759526   0.324759526   0.000000000 ) 

    1    1
  0.09413439   0.00000000     0.05443768   0.00000000    -0.00000000   0.00000000
  0.05443768   0.00000000     0.09413439   0.00000000    -0.00000000   0.00000000
 -0.00000000   0.00000000    -0.00000000   0.00000000     0.02900957   0.00000000
    1    2
 -0.00686926  -0.00192713     0.00392662   0.01273915     0.00000000   0.00000000
  0.00780593   0.00227651     0.00841322   0.02001342     0.00000000   0.00000000
  0.00000000   0.00000000     0.00000000   0.00000000    -0.00988052  -0.00597928
    1    3
  0.00621999   0.00349461    -0.01178448   0.00623140    -0.00000000  -0.00000000
 -0.00712936  -0.00390989    -0.02010067   0.00820258    -0.00000000  -0.00000000
 -0.00000000  -0.00000000    -0.00000000  -0.00000000     0.01121458   0.00275859
    1    4
 -0.02010067   0.00820258    -0.00712936  -0.00390989    -0.00000000  -0.00000000
 -0.01178448   0.00623140     0.00621999   0.00349461    -0.00000000  -0.00000000
  0.00000000   0.00000000     0.00000000   0.00000000     0.01121458   0.00275859
    1    5
  0.00841322   0.02001342     0.00780593   0.00227651     0.00000000   0.00000000
  0.00392662   0.01273915    -0.00686926  -0.00192713     0.00000000   0.00000000
  0.00000000   0.00000000     0.00000000   0.00000000    -0.00988052  -0.00597928
    1    6
  0.00063793  -0.00154009     0.00221004  -0.00533552     0.00770615   0.00319199
  0.00221004  -0.00533552     0.00063793  -0.00154009    -0.00770615  -0.00319199
  0.01057740   0.00438130    -0.01057740  -0.00438130     0.00030157  -0.00072805
    1    7
  0.00063793  -0.00154009     0.00221004  -0.00533552    -0.00770615  -0.00319199
  0.00221004  -0.00533552     0.00063793  -0.00154009     0.00770615   0.00319199
 -0.01057740  -0.00438130     0.01057740   0.00438130     0.00030157  -0.00072805
    2    1
 -0.00686926   0.00192713     0.00780593  -0.00227651     0.00000000  -0.00000000
  0.00392662  -0.01273915     0.00841322  -0.02001342     0.00000000  -0.00000000
  0.00000000   0.00000000     0.00000000   0.00000000    -0.00988052   0.00597928
    2    2
  0.03359611  -0.00000000     0.00932388  -0.00503936    -0.00000000   0.00000000
  0.00932388   0.00503936     0.05626403  -0.00000000    -0.00000000   0.00000000
 -0.00000000   0.00000000    -0.00000000   0.00000000     0.02974877  -0.00000000
    2    3
  0.00126737  -0.01682846     0.00861834  -0.00132816     0.00000000   0.00000000
  0.00861834  -0.00132816     0.01349805   0.03882046     0.00000000   0.00000000
  0.00000000   0.00000000     0.00000000   0.00000000    -0.02157329   0.00696947
    2    4
  0.01736734   0.00827265     0.01147067   0.00770871    -0.00000000   0.00000000
  0.01942984   0.04178825     0.01736734   0.00827265    -0.00000000   0.00000000
 -0.00000000   0.00000000    -0.00000000   0.00000000     0.01110843   0.00238515
    2    5
 -0.00562398  -0.01001934     0.00139642   0.00000000     0.00000000   0.00000000
  0.04567152  -0.00000000    -0.00562398   0.01001934     0.00000000   0.00000000
 -0.00000000   0.00000000    -0.00000000   0.00000000    -0.00961421  -0.00000000
    2    6
 -0.00934807   0.00594468    -0.00127116  -0.00022738    -0.00593434  -0.00261892
 -0.00304216  -0.00260602    -0.00007962  -0.00641890    -0.00267527   0.00047403
 -0.02557469   0.00347808    -0.01217343  -0.00055965    -0.00350140  -0.00239824
    2    7
 -0.00934807   0.00594468    -0.00127116  -0.00022738     0.00593434   0.00261892
 -0.00304216  -0.00260602    -0.00007962  -0.00641890     0.00267527  -0.00047403
  0.02557469  -0.00347808     0.01217343   0.00055965    -0.00350140  -0.00239824
    3    1
  0.00621999  -0.00349461    -0.00712936   0.00390989    -0.00000000   0.00000000
 -0.01178448  -0.00623140    -0.02010067  -0.00820258    -0.00000000   0.00000000
 -0.00000000   0.00000000    -0.00000000   0.00000000     0.01121458  -0.00275859
    3    2
  0.00126737   0.01682846     0.00861834   0.00132816     0.00000000   0.00000000
  0.00861834   0.00132816     0.01349805  -0.03882046     0.00000000   0.00000000
  0.00000000   0.00000000     0.00000000   0.00000000    -0.02157329  -0.00696947
    3    3
  0.03359611  -0.00000000     0.00932388   0.00503936    -0.00000000   0.00000000
  0.00932388  -0.00503936     0.05626403   0.00000000    -0.00000000   0.00000000
 -0.00000000   0.00000000    -0.00000000   0.00000000     0.02974877   0.00000000
    3    4
 -0.00562398   0.01001934     0.00139642   0.00000000     0.00000000   0.00000000
  0.04567152   0.00000000    -0.00562398  -0.01001934     0.00000000   0.00000000
 -0.00000000   0.00000000    -0.00000000   0.00000000    -0.00961421   0.00000000
    3    5
  0.01736734  -0.00827265     0.01147067  -0.00770871    -0.00000000   0.00000000
  0.01942984  -0.04178825     0.01736734  -0.00827265    -0.00000000   0.00000000
 -0.00000000   0.00000000    -0.00000000   0.00000000     0.01110843  -0.00238515
    3    6
 -0.00934807  -0.00594468    -0.00127116   0.00022738     0.00593434  -0.00261892
 -0.00304216   0.00260602    -0.00007962   0.00641890     0.00267527   0.00047403
  0.02557469   0.00347808     0.01217343  -0.00055965    -0.00350140   0.00239824
    3    7
 -0.00934807  -0.00594468    -0.00127116   0.00022738    -0.00593434   0.00261892
 -0.00304216   0.00260602    -0.00007962   0.00641890    -0.00267527  -0.00047403
 -0.02557469  -0.00347808    -0.01217343   0.00055965    -0.00350140   0.00239824
    4    1
 -0.02010067  -0.00820258    -0.01178448  -0.00623140     0.00000000   0.00000000
 -0.00712936   0.00390989     0.00621999  -0.00349461    -0.00000000   0.00000000
 -0.00000000   0.00000000    -0.00000000  -0.00000000     0.01121458  -0.00275859
    4    2
  0.01736734  -0.00827265     0.01942984  -0.04178825    -0.00000000   0.00000000
  0.01147067  -0.00770871     0.01736734  -0.00827265    -0.00000000   0.00000000
 -0.00000000   0.00000000    -0.00000000  -0.00000000     0.01110843  -0.00238515
    4    3
 -0.00562398  -0.01001934     0.04567152   0.00000000     0.00000000   0.00000000
  0.00139642   0.00000000    -0.00562398   0.01001934     0.00000000   0.00000000
  0.00000000   0.00000000     0.00000000   0.00000000    -0.00961421   0.00000000
    4    4
  0.05626403   0.00000000     0.00932388  -0.00503936    -0.00000000   0.00000000
  0.00932388   0.00503936     0.03359611  -0.00000000    -0.00000000   0.00000000
 -0.00000000   0.00000000    -0.00000000   0.00000000     0.02974877   0.00000000
    4    5
  0.01349805  -0.03882046     0.00861834   0.00132816     0.00000000  -0.00000000
  0.00861834   0.00132816     0.00126737   0.01682846     0.00000000  -0.00000000
  0.00000000   0.00000000     0.00000000  -0.00000000    -0.02157329  -0.00696947
    4    6
 -0.00007962   0.00641890    -0.00304216   0.00260602    -0.00267527  -0.00047403
 -0.00127116   0.00022738    -0.00934807  -0.00594468    -0.00593434   0.00261892
 -0.01217343   0.00055965    -0.02557469  -0.00347808    -0.00350140   0.00239824
    4    7
 -0.00007962   0.00641890    -0.00304216   0.00260602     0.00267527   0.00047403
 -0.00127116   0.00022738    -0.00934807  -0.00594468     0.00593434  -0.00261892
  0.01217343  -0.00055965     0.02557469   0.00347808    -0.00350140   0.00239824
    5    1
  0.00841322  -0.02001342     0.00392662  -0.01273915     0.00000000  -0.00000000
  0.00780593  -0.00227651    -0.00686926   0.00192713     0.00000000  -0.00000000
  0.00000000   0.00000000     0.00000000   0.00000000    -0.00988052   0.00597928
    5    2
 -0.00562398   0.01001934     0.04567152  -0.00000000     0.00000000   0.00000000
  0.00139642   0.00000000    -0.00562398  -0.01001934     0.00000000   0.00000000
  0.00000000   0.00000000    -0.00000000   0.00000000    -0.00961421  -0.00000000
    5    3
  0.01736734   0.00827265     0.01942984   0.04178825    -0.00000000   0.00000000
  0.01147067   0.00770871     0.01736734   0.00827265    -0.00000000   0.00000000
 -0.00000000   0.00000000    -0.00000000   0.00000000     0.01110843   0.00238515
    5    4
  0.01349805   0.03882046     0.00861834  -0.00132816     0.00000000   0.00000000
  0.00861834  -0.00132816     0.00126737  -0.01682846     0.00000000   0.00000000
  0.00000000  -0.00000000     0.00000000  -0.00000000    -0.02157329   0.00696947
    5    5
  0.05626403  -0.00000000     0.00932388   0.00503936    -0.00000000   0.00000000
  0.00932388  -0.00503936     0.03359611  -0.00000000    -0.00000000   0.00000000
 -0.00000000   0.00000000    -0.00000000   0.00000000     0.02974877  -0.00000000
    5    6
 -0.00007962  -0.00641890    -0.00304216  -0.00260602     0.00267527  -0.00047403
 -0.00127116  -0.00022738    -0.00934807   0.00594468     0.00593434   0.00261892
  0.01217343   0.00055965     0.02557469  -0.00347808    -0.00350140  -0.00239824
    5    7
 -0.00007962  -0.00641890    -0.00304216  -0.00260602    -0.00267527   0.00047403
 -0.00127116  -0.00022738    -0.00934807   0.00594468    -0.00593434  -0.00261892
 -0.01217343  -0.00055965    -0.02557469   0.00347808    -0.00350140  -0.00239824
    6    1
  0.00063793   0.00154009     0.00221004   0.00533552     0.01057740  -0.00438130
  0.00221004   0.00533552     0.00063793   0.00154009    -0.01057740   0.00438130
  0.00770615  -0.00319199    -0.00770615   0.00319199     0.00030157   0.00072805
    6    2
 -0.00934807  -0.00594468    -0.00304216   0.00260602    -0.02557469  -0.00347808
 -0.00127116   0.00022738    -0.00007962   0.00641890    -0.01217343   0.00055965
 -0.00593434   0.00261892    -0.00267527  -0.00047403    -0.00350140   0.00239824
    6    3
 -0.00934807   0.00594468    -0.00304216  -0.00260602     0.02557469  -0.00347808
 -0.00127116  -0.00022738    -0.00007962  -0.00641890     0.01217343   0.00055965
  0.00593434   0.00261892     0.00267527  -0.00047403    -0.00350140  -0.00239824
    6    4
 -0.00007962  -0.00641890    -0.00127116  -0.00022738    -0.01217343  -0.00055965
 -0.00304216  -0.00260602    -0.00934807   0.00594468    -0.02557469   0.00347808
 -0.00267527   0.00047403    -0.00593434  -0.00261892    -0.00350140  -0.00239824
    6    5
 -0.00007962   0.00641890    -0.00127116   0.00022738     0.01217343  -0.00055965
 -0.00304216   0.00260602    -0.00934807  -0.00594468     0.02557469   0.00347808
  0.00267527   0.00047403     0.00593434  -0.00261892    -0.00350140   0.00239824
    6    6
  0.03869061  -0.00000000     0.01686240  -0.00000000    -0.00000000   0.00161736
  0.01686240   0.00000000     0.03869061   0.00000000    -0.00000000  -0.00161736
 -0.00000000  -0.00161736    -0.00000000   0.00161736     0.01350032  -0.00000000
    6    7
 -0.01789755   0.00000000    -0.01211134   0.00000000    -0.00000000  -0.00006467
 -0.01211134   0.00000000    -0.01789755  -0.00000000    -0.00000000   0.00006467
 -0.00000000  -0.00006467    -0.00000000   0.00006467     0.00208805   0.00000000
    7    1
  0.00063793   0.00154009     0.00221004   0.00533552    -0.01057740   0.00438130
  0.00221004   0.00533552     0.00063793   0.00154009     0.01057740  -0.00438130
 -0.00770615   0.00319199     0.00770615  -0.00319199     0.00030157   0.00072805
    7    2
 -0.00934807  -0.00594468    -0.00304216   0.00260602     0.02557469   0.00347808
 -0.00127116   0.00022738    -0.00007962   0.00641890     0.01217343  -0.00055965
  0.00593434  -0.00261892     0.00267527   0.00047403    -0.00350140   0.00239824
    7    3
 -0.00934807   0.00594468    -0.00304216  -0.00260602    -0.02557469   0.00347808
 -0.00127116  -0.00022738    -0.00007962  -0.00641890    -0.01217343  -0.00055965
 -0.00593434  -0.00261892    -0.00267527   0.00047403    -0.00350140  -0.00239824
    7    4
 -0.00007962  -0.00641890    -0.00127116  -0.00022738     0.01217343   0.00055965
 -0.00304216  -0.00260602    -0.00934807   0.00594468     0.02557469  -0.00347808
  0.00267527  -0.00047403     0.00593434   0.00261892    -0.00350140  -0.00239824
    7    5
 -0.00007962   0.00641890    -0.00127116   0.00022738    -0.01217343   0.00055965
 -0.00304216   0.00260602    -0.00934807  -0.00594468    -0.02557469  -0.00347808
 -0.00267527  -0.00047403    -0.00593434   0.00261892    -0.00350140   0.00239824
    7    6
 -0.01789755  -0.00000000    -0.01211134   0.00000000    -0.00000000   0.00006467
 -0.01211134   0.00000000    -0.01789755   0.00000000    -0.00000000  -0.00006467
 -0.00000000   0.00006467    -0.00000000  -0.00006467     0.00208805   0.00000000
    7    7
  0.03869061   0.00000000     0.01686240   0.00000000    -0.00000000  -0.00161736
  0.01686240  -0.00000000     0.03869061  -0.00000000    -0.00000000   0.00161736
 -0.00000000   0.00161736    -0.00000000  -0.00161736     0.01350032   0.00000000

     Dynamical  Matrix in cartesian axes

     q = (    0.324759526  -0.324759526   0.000000000 ) 

    1    1
  0.09413439   0.00000000    -0.05443768  -0.00000000    -0.00000000  -0.00000000
 -0.05443768  -0.00000000     0.09413439   0.00000000    -0.00000000  -0.00000000
 -0.00000000  -0.00000000    -0.00000000  -0.00000000     0.02900957  -0.00000000
    1    2
 -0.00686926  -0.00192713    -0.00392662  -0.01273915     0.00000000   0.00000000
 -0.00780593  -0.00227651     0.00841322   0.02001342     0.00000000   0.00000000
  0.00000000   0.00000000     0.00000000   0.00000000    -0.00988052  -0.00597928
    1    3
 -0.00686926   0.00192713    -0.00392662   0.01273915     0.00000000   0.00000000
 -0.00780593   0.00227651     0.00841322  -0.02001342     0.00000000   0.00000000
  0.00000000   0.00000000     0.00000000   0.00000000    -0.00988052   0.00597928
    1    4
  0.00841322   0.02001342    -0.00780593  -0.00227651     0.00000000   0.00000000
 -0.00392662  -0.01273915    -0.00686926  -0.00192713     0.00000000   0.00000000
  0.00000000   0.00000000     0.00000000   0.00000000    -0.00988052  -0.00597928
    1    5
  0.00841322  -0.02001342    -0.00780593   0.00227651     0.00000000   0.00000000
 -0.00392662   0.01273915    -0.00686926   0.00192713     0.00000000   0.00000000
  0.00000000   0.00000000     0.00000000  -0.00000000    -0.00988052   0.00597928
    1    6
  0.00063793   0.00154009    -0.00221004  -0.00533552    -0.00770615   0.00319199
 -0.00221004  -0.00533552     0.00063793   0.00154009    -0.00770615   0.00319199
 -0.01057740   0.00438130    -0.01057740   0.00438130     0.00030157   0.00072805
    1    7
  0.00063793  -0.00154009    -0.00221004   0.00533552    -0.00770615  -0.00319199
 -0.00221004   0.00533552     0.00063793  -0.00154009    -0.00770615  -0.00319199
 -0.01057740  -0.00438130    -0.01057740  -0.00438130     0.00030157  -0.00072805
    2    1
 -0.00686926   0.00192713    -0.00780593   0.00227651     0.00000000   0.00000000
 -0.00392662   0.01273915     0.00841322  -0.02001342     0.00000000   0.00000000
  0.00000000  -0.00000000     0.00000000  -0.00000000    -0.00988052   0.00597928
    2    2
  0.03359611  -0.00000000    -0.00932388   0.00503936    -0.00000000   0.00000000
 -0.00932388  -0.00503936     0.05626403  -0.00000000    -0.00000000   0.00000000
 -0.00000000   0.00000000    -0.00000000   0.00000000     0.02974877  -0.00000000
    2    3
  0.01100335   0.01279568     0.00515494  -0.00703324    -0.00000000   0.00000000
  0.00515494  -0.00703324    -0.03699478  -0.01790565    -0.00000000   0.00000000
  0.00000000   0.00000000     0.00000000   0.00000000     0.01032646  -0.02018278
    2    4
 -0.00562398  -0.01001934    -0.00139642   0.00000000     0.00000000   0.00000000
 -0.04567152  -0.00000000    -0.00562398   0.01001934     0.00000000   0.00000000
  0.00000000  -0.00000000     0.00000000  -0.00000000    -0.00961421  -0.00000000
    2    5
 -0.01813021   0.00643092     0.01356188  -0.00266011    -0.00000000  -0.00000000
  0.04328772   0.01580978    -0.01813021   0.00643092     0.00000000  -0.00000000
 -0.00000000  -0.00000000    -0.00000000  -0.00000000    -0.00954140   0.00616829
    2    6
  0.00240656  -0.01081361    -0.00105963   0.00073806     0.00604807  -0.00234435
 -0.00399387   0.00030840     0.00459515   0.00448255    -0.00155651   0.00222689
  0.01562466  -0.02054341    -0.00900365   0.00821218     0.00417167  -0.00078005
    2    7
 -0.00934807   0.00594468     0.00127116   0.00022738     0.00593434   0.00261892
  0.00304216   0.00260602    -0.00007962  -0.00641890    -0.00267527   0.00047403
  0.02557469  -0.00347808    -0.01217343  -0.00055965    -0.00350140  -0.00239824
    3    1
 -0.00686926  -0.00192713    -0.00780593  -0.00227651     0.00000000   0.00000000
 -0.00392662  -0.01273915     0.00841322   0.02001342     0.00000000   0.00000000
  0.00000000   0.00000000     0.00000000   0.00000000    -0.00988052  -0.00597928
    3    2
  0.01100335  -0.01279568     0.00515494   0.00703324     0.00000000  -0.00000000
  0.00515494   0.00703324    -0.03699478   0.01790565    -0.00000000  -0.00000000
 -0.00000000  -0.00000000    -0.00000000  -0.00000000     0.01032646   0.02018278
    3    3
  0.03359611  -0.00000000    -0.00932388  -0.00503936    -0.00000000   0.00000000
 -0.00932388   0.00503936     0.05626403   0.00000000     0.00000000   0.00000000
 -0.00000000   0.00000000    -0.00000000   0.00000000     0.02974877   0.00000000
    3    4
 -0.01813021  -0.00643092     0.01356188   0.00266011     0.00000000   0.00000000
  0.04328772  -0.01580978    -0.01813021  -0.00643092     0.00000000   0.00000000
 -0.00000000   0.00000000     0.00000000   0.00000000    -0.00954140  -0.00616829
    3    5
 -0.00562398   0.01001934    -0.00139642  -0.00000000     0.00000000   0.00000000
 -0.04567152  -0.00000000    -0.00562398  -0.01001934     0.00000000   0.00000000
  0.00000000   0.00000000    -0.00000000   0.00000000    -0.00961421  -0.00000000
    3    6
 -0.00934807  -0.00594468     0.00127116  -0.00022738     0.00593434  -0.00261892
  0.00304216  -0.00260602    -0.00007962   0.00641890    -0.00267527  -0.00047403
  0.02557469   0.00347808    -0.01217343   0.00055965    -0.00350140   0.00239824
    3    7
  0.00240656   0.01081361    -0.00105963  -0.00073806     0.00604807   0.00234435
 -0.00399387  -0.00030840     0.00459515  -0.00448255    -0.00155651  -0.00222689
  0.01562466   0.02054341    -0.00900365  -0.00821218     0.00417167   0.00078005
    4    1
  0.00841322  -0.02001342    -0.00392662   0.01273915     0.00000000   0.00000000
 -0.00780593   0.00227651    -0.00686926   0.00192713     0.00000000   0.00000000
  0.00000000  -0.00000000     0.00000000   0.00000000    -0.00988052   0.00597928
    4    2
 -0.00562398   0.01001934    -0.04567152   0.00000000     0.00000000   0.00000000
 -0.00139642   0.00000000    -0.00562398  -0.01001934     0.00000000   0.00000000
  0.00000000  -0.00000000     0.00000000  -0.00000000    -0.00961421   0.00000000
    4    3
 -0.01813021   0.00643092     0.04328772   0.01580978     0.00000000  -0.00000000
  0.01356188  -0.00266011    -0.01813021   0.00643092     0.00000000  -0.00000000
  0.00000000  -0.00000000     0.00000000  -0.00000000    -0.00954140   0.00616829
    4    4
  0.05626403  -0.00000000    -0.00932388  -0.00503936    -0.00000000   0.00000000
 -0.00932388   0.00503936     0.03359611  -0.00000000    -0.00000000   0.00000000
 -0.00000000   0.00000000    -0.00000000   0.00000000     0.02974877  -0.00000000
    4    5
 -0.03699478  -0.01790565     0.00515494  -0.00703324    -0.00000000   0.00000000
  0.00515494  -0.00703324     0.01100335   0.01279568    -0.00000000   0.00000000
 -0.00000000   0.00000000    -0.00000000   0.00000000     0.01032646  -0.02018278
    4    6
  0.00459515   0.00448255    -0.00399387   0.00030840    -0.00155651   0.00222689
 -0.00105963   0.00073806     0.00240656  -0.01081361     0.00604807  -0.00234435
 -0.00900365   0.00821218     0.01562466  -0.02054341     0.00417167  -0.00078005
    4    7
 -0.00007962  -0.00641890     0.00304216   0.00260602    -0.00267527   0.00047403
  0.00127116   0.00022738    -0.00934807   0.00594468     0.00593434   0.00261892
 -0.01217343  -0.00055965     0.02557469  -0.00347808    -0.00350140  -0.00239824
    5    1
  0.00841322   0.02001342    -0.00392662  -0.01273915     0.00000000   0.00000000
 -0.00780593  -0.00227651    -0.00686926  -0.00192713     0.00000000  -0.00000000
  0.00000000  -0.00000000     0.00000000   0.00000000    -0.00988052  -0.00597928
    5    2
 -0.01813021  -0.00643092     0.04328772  -0.01580978    -0.00000000   0.00000000
  0.01356188   0.00266011    -0.01813021  -0.00643092    -0.00000000   0.00000000
 -0.00000000   0.00000000     0.00000000   0.00000000    -0.00954140  -0.00616829
    5    3
 -0.00562398  -0.01001934    -0.04567152   0.00000000     0.00000000  -0.00000000
 -0.00139642   0.00000000    -0.00562398   0.01001934     0.00000000  -0.00000000
 -0.00000000   0.00000000    -0.00000000   0.00000000    -0.00961421   0.00000000
    5    4
 -0.03699478   0.01790565     0.00515494   0.00703324     0.00000000  -0.00000000
  0.00515494   0.00703324     0.01100335  -0.01279568    -0.00000000  -0.00000000
 -0.00000000  -0.00000000     0.00000000  -0.00000000     0.01032646   0.02018278
    5    5
  0.05626403   0.00000000    -0.00932388   0.00503936    -0.00000000   0.00000000
 -0.00932388  -0.00503936     0.03359611   0.00000000     0.00000000   0.00000000
 -0.00000000   0.00000000    -0.00000000   0.00000000     0.02974877   0.00000000
    5    6
 -0.00007962   0.00641890     0.00304216  -0.00260602    -0.00267527  -0.00047403
  0.00127116  -0.00022738    -0.00934807  -0.00594468     0.00593434  -0.00261892
 -0.01217343   0.00055965     0.02557469   0.00347808    -0.00350140   0.00239824
    5    7
  0.00459515  -0.00448255    -0.00399387  -0.00030840    -0.00155651  -0.00222689
 -0.00105963  -0.00073806     0.00240656   0.01081361     0.00604807   0.00234435
 -0.00900365  -0.00821218     0.01562466   0.02054341     0.00417167   0.00078005
    6    1
  0.00063793  -0.00154009    -0.00221004   0.00533552    -0.01057740  -0.00438130
 -0.00221004   0.00533552     0.00063793  -0.00154009    -0.01057740  -0.00438130
 -0.00770615  -0.00319199    -0.00770615  -0.00319199     0.00030157  -0.00072805
    6    2
  0.00240656   0.01081361    -0.00399387  -0.00030840     0.01562466   0.02054341
 -0.00105963  -0.00073806     0.00459515  -0.00448255    -0.00900365  -0.00821218
  0.00604807   0.00234435    -0.00155651  -0.00222689     0.00417167   0.00078005
    6    3
 -0.00934807   0.00594468     0.00304216   0.00260602     0.02557469  -0.00347808
  0.00127116   0.00022738    -0.00007962  -0.00641890    -0.01217343  -0.00055965
  0.00593434   0.00261892    -0.00267527   0.00047403    -0.00350140  -0.00239824
    6    4
  0.00459515  -0.00448255    -0.00105963  -0.00073806    -0.00900365  -0.00821218
 -0.00399387  -0.00030840     0.00240656   0.01081361     0.01562466   0.02054341
 -0.00155651  -0.00222689     0.00604807   0.00234435     0.00417167   0.00078005
    6    5
 -0.00007962  -0.00641890     0.00127116   0.00022738    -0.01217343  -0.00055965
  0.00304216   0.00260602    -0.00934807   0.00594468     0.02557469  -0.00347808
 -0.00267527   0.00047403     0.00593434   0.00261892    -0.00350140  -0.00239824
    6    6
  0.03869061   0.00000000    -0.01686240  -0.00000000     0.00000000   0.00161736
 -0.01686240  -0.00000000     0.03869061   0.00000000    -0.00000000   0.00161736
 -0.00000000  -0.00161736     0.00000000  -0.00161736     0.01350032   0.00000000
    6    7
  0.01265548   0.01265548    -0.00856401  -0.00856401    -0.00004573   0.00004573
 -0.00856401  -0.00856401     0.01265548   0.01265548    -0.00004573   0.00004573
 -0.00004573   0.00004573    -0.00004573   0.00004573    -0.00147648  -0.00147648
    7    1
  0.00063793   0.00154009    -0.00221004  -0.00533552    -0.01057740   0.00438130
 -0.00221004  -0.00533552     0.00063793   0.00154009    -0.01057740   0.00438130
 -0.00770615   0.00319199    -0.00770615   0.00319199     0.00030157   0.00072805
    7    2
 -0.00934807  -0.00594468     0.00304216  -0.00260602     0.02557469   0.00347808
  0.00127116  -0.00022738    -0.00007962   0.00641890    -0.01217343   0.00055965
  0.00593434  -0.00261892    -0.00267527  -0.00047403    -0.00350140   0.00239824
    7    3
  0.00240656  -0.01081361    -0.00399387   0.00030840     0.01562466  -0.02054341
 -0.00105963   0.00073806     0.00459515   0.00448255    -0.00900365   0.00821218
  0.00604807  -0.00234435    -0.00155651   0.00222689     0.00417167  -0.00078005
    7    4
 -0.00007962   0.00641890     0.00127116  -0.00022738    -0.01217343   0.00055965
  0.00304216  -0.00260602    -0.00934807  -0.00594468     0.02557469   0.00347808
 -0.00267527  -0.00047403     0.00593434  -0.00261892    -0.00350140   0.00239824
    7    5
  0.00459515   0.00448255    -0.00105963   0.00073806    -0.00900365   0.00821218
 -0.00399387   0.00030840     0.00240656  -0.01081361     0.01562466  -0.02054341
 -0.00155651   0.00222689     0.00604807  -0.00234435     0.00417167  -0.00078005
    7    6
  0.01265548  -0.01265548    -0.00856401   0.00856401    -0.00004573  -0.00004573
 -0.00856401   0.00856401     0.01265548  -0.01265548    -0.00004573  -0.00004573
 -0.00004573  -0.00004573    -0.00004573  -0.00004573    -0.00147648   0.00147648
    7    7
  0.03869061   0.00000000    -0.01686240  -0.00000000     0.00000000  -0.00161736
 -0.01686240  -0.00000000     0.03869061   0.00000000    -0.00000000  -0.00161736
 -0.00000000   0.00161736     0.00000000   0.00161736     0.01350032   0.00000000

     Dynamical  Matrix in cartesian axes

     q = (   -0.324759526  -0.324759526   0.000000000 ) 

    1    1
  0.09413439   0.00000000     0.05443768   0.00000000    -0.00000000   0.00000000
  0.05443768   0.00000000     0.09413439   0.00000000    -0.00000000   0.00000000
 -0.00000000   0.00000000    -0.00000000   0.00000000     0.02900957   0.00000000
    1    2
 -0.00686926   0.00192713     0.00392662  -0.01273915     0.00000000  -0.00000000
  0.00780593  -0.00227651     0.00841322  -0.02001342     0.00000000  -0.00000000
  0.00000000  -0.00000000     0.00000000  -0.00000000    -0.00988052   0.00597928
    1    3
  0.00621999  -0.00349461    -0.01178448  -0.00623140    -0.00000000   0.00000000
 -0.00712936   0.00390989    -0.02010067  -0.00820258    -0.00000000   0.00000000
  0.00000000   0.00000000     0.00000000   0.00000000     0.01121458  -0.00275859
    1    4
 -0.02010067  -0.00820258    -0.00712936   0.00390989    -0.00000000   0.00000000
 -0.01178448  -0.00623140     0.00621999  -0.00349461    -0.00000000   0.00000000
 -0.00000000   0.00000000     0.00000000   0.00000000     0.01121458  -0.00275859
    1    5
  0.00841322  -0.02001342     0.00780593  -0.00227651     0.00000000   0.00000000
  0.00392662  -0.01273915    -0.00686926   0.00192713     0.00000000   0.00000000
  0.00000000  -0.00000000     0.00000000  -0.00000000    -0.00988052   0.00597928
    1    6
  0.00063793   0.00154009     0.00221004   0.00533552     0.00770615  -0.00319199
  0.00221004   0.00533552     0.00063793   0.00154009    -0.00770615   0.00319199
  0.01057740  -0.00438130    -0.01057740   0.00438130     0.00030157   0.00072805
    1    7
  0.00063793   0.00154009     0.00221004   0.00533552    -0.00770615   0.00319199
  0.00221004   0.00533552     0.00063793   0.00154009     0.00770615  -0.00319199
 -0.01057740   0.00438130     0.01057740  -0.00438130     0.00030157   0.00072805
    2    1
 -0.00686926  -0.00192713     0.00780593   0.00227651     0.00000000   0.00000000
  0.00392662   0.01273915     0.00841322   0.02001342     0.00000000   0.00000000
  0.00000000   0.00000000     0.00000000   0.00000000    -0.00988052  -0.00597928
    2    2
  0.03359611   0.00000000     0.00932388   0.00503936    -0.00000000   0.00000000
  0.00932388  -0.00503936     0.05626403   0.00000000    -0.00000000   0.00000000
 -0.00000000   0.00000000    -0.00000000   0.00000000     0.02974877   0.00000000
    2    3
  0.00126737   0.01682846     0.00861834   0.00132816     0.00000000   0.00000000
  0.00861834   0.00132816     0.01349805  -0.03882046     0.00000000   0.00000000
  0.00000000   0.00000000     0.00000000   0.00000000    -0.02157329  -0.00696947
    2    4
  0.01736734  -0.00827265     0.01147067  -0.00770871    -0.00000000   0.00000000
  0.01942984  -0.04178825     0.01736734  -0.00827265    -0.00000000   0.00000000
 -0.00000000   0.00000000    -0.00000000   0.00000000     0.01110843  -0.00238515
    2    5
 -0.00562398   0.01001934     0.00139642   0.00000000     0.00000000   0.00000000
  0.04567152   0.00000000    -0.00562398  -0.01001934     0.00000000   0.00000000
 -0.00000000  -0.00000000     0.00000000  -0.00000000    -0.00961421   0.00000000
    2    6
 -0.00934807  -0.00594468    -0.00127116   0.00022738    -0.00593434   0.00261892
 -0.00304216   0.00260602    -0.00007962   0.00641890    -0.00267527  -0.00047403
 -0.02557469  -0.00347808    -0.01217343   0.00055965    -0.00350140   0.00239824
    2    7
 -0.00934807  -0.00594468    -0.00127116   0.00022738     0.00593434  -0.00261892
 -0.00304216   0.00260602    -0.00007962   0.00641890     0.00267527   0.00047403
  0.02557469   0.00347808     0.01217343  -0.00055965    -0.00350140   0.00239824
    3    1
  0.00621999   0.00349461    -0.00712936  -0.00390989    -0.00000000  -0.00000000
 -0.01178448   0.00623140    -0.02010067   0.00820258    -0.00000000  -0.00000000
 -0.00000000   0.00000000    -0.00000000   0.00000000     0.01121458   0.00275859
    3    2
  0.00126737  -0.01682846     0.00861834  -0.00132816     0.00000000   0.00000000
  0.00861834  -0.00132816     0.01349805   0.03882046     0.00000000   0.00000000
  0.00000000   0.00000000     0.00000000   0.00000000    -0.02157329   0.00696947
    3    3
  0.03359611   0.00000000     0.00932388  -0.00503936    -0.00000000   0.00000000
  0.00932388   0.00503936     0.05626403  -0.00000000    -0.00000000   0.00000000
 -0.00000000   0.00000000    -0.00000000   0.00000000     0.02974877  -0.00000000
    3    4
 -0.00562398  -0.01001934     0.00139642  -0.00000000     0.00000000   0.00000000
  0.04567152  -0.00000000    -0.00562398   0.01001934     0.00000000   0.00000000
 -0.00000000   0.00000000    -0.00000000   0.00000000    -0.00961421  -0.00000000
    3    5
  0.01736734   0.00827265     0.01147067   0.00770871    -0.00000000   0.00000000
  0.01942984   0.04178825     0.01736734   0.00827265    -0.00000000   0.00000000
 -0.00000000   0.00000000    -0.00000000   0.00000000     0.01110843   0.00238515
    3    6
 -0.00934807   0.00594468    -0.00127116  -0.00022738     0.00593434   0.00261892
 -0.00304216  -0.00260602    -0.00007962  -0.00641890     0.00267527  -0.00047403
  0.02557469  -0.00347808     0.01217343   0.00055965    -0.00350140  -0.00239824
    3    7
 -0.00934807   0.00594468    -0.00127116  -0.00022738    -0.00593434  -0.00261892
 -0.00304216  -0.00260602    -0.00007962  -0.00641890    -0.00267527   0.00047403
 -0.02557469   0.00347808    -0.01217343  -0.00055965    -0.00350140  -0.00239824
    4    1
 -0.02010067   0.00820258    -0.01178448   0.00623140    -0.00000000  -0.00000000
 -0.00712936  -0.00390989     0.00621999   0.00349461    -0.00000000  -0.00000000
 -0.00000000   0.00000000    -0.00000000   0.00000000     0.01121458   0.00275859
    4    2
  0.01736734   0.00827265     0.01942984   0.04178825    -0.00000000   0.00000000
  0.01147067   0.00770871     0.01736734   0.00827265    -0.00000000   0.00000000
 -0.00000000   0.00000000    -0.00000000   0.00000000     0.01110843   0.00238515
    4    3
 -0.00562398   0.01001934     0.04567152  -0.00000000     0.00000000   0.00000000
  0.00139642   0.00000000    -0.00562398  -0.01001934     0.00000000   0.00000000
  0.00000000   0.00000000     0.00000000   0.00000000    -0.00961421  -0.00000000
    4    4
  0.05626403  -0.00000000     0.00932388   0.00503936    -0.00000000   0.00000000
  0.00932388  -0.00503936     0.03359611  -0.00000000    -0.00000000   0.00000000
 -0.00000000   0.00000000    -0.00000000   0.00000000     0.02974877  -0.00000000
    4    5
  0.01349805   0.03882046     0.00861834  -0.00132816     0.00000000  -0.00000000
  0.00861834  -0.00132816     0.00126737  -0.01682846     0.00000000  -0.00000000
  0.00000000  -0.00000000     0.00000000  -0.00000000    -0.02157329   0.00696947
    4    6
 -0.00007962  -0.00641890    -0.00304216  -0.00260602    -0.00267527   0.00047403
 -0.00127116  -0.00022738    -0.00934807   0.00594468    -0.00593434  -0.00261892
 -0.01217343  -0.00055965    -0.02557469   0.00347808    -0.00350140  -0.00239824
    4    7
 -0.00007962  -0.00641890    -0.00304216  -0.00260602     0.00267527  -0.00047403
 -0.00127116  -0.00022738    -0.00934807   0.00594468     0.00593434   0.00261892
  0.01217343   0.00055965     0.02557469  -0.00347808    -0.00350140  -0.00239824
    5    1
  0.00841322   0.02001342     0.00392662   0.01273915     0.00000000   0.00000000
  0.00780593   0.00227651    -0.00686926  -0.00192713     0.00000000   0.00000000
  0.00000000  -0.00000000     0.00000000   0.00000000    -0.00988052  -0.00597928
    5    2
 -0.00562398  -0.01001934     0.04567152   0.00000000     0.00000000   0.00000000
  0.00139642   0.00000000    -0.00562398   0.01001934     0.00000000   0.00000000
  0.00000000   0.00000000    -0.00000000   0.00000000    -0.00961421   0.00000000
    5    3
  0.01736734  -0.00827265     0.01942984  -0.04178825    -0.00000000   0.00000000
  0.01147067  -0.00770871     0.01736734  -0.00827265    -0.00000000   0.00000000
 -0.00000000   0.00000000    -0.00000000  -0.00000000     0.01110843  -0.00238515
    5    4
  0.01349805  -0.03882046     0.00861834   0.00132816     0.00000000  -0.00000000
  0.00861834   0.00132816     0.00126737   0.01682846     0.00000000  -0.00000000
  0.00000000   0.00000000     0.00000000   0.00000000    -0.02157329  -0.00696947
    5    5
  0.05626403   0.00000000     0.00932388  -0.00503936    -0.00000000   0.00000000
  0.00932388   0.00503936     0.03359611   0.00000000    -0.00000000   0.00000000
 -0.00000000   0.00000000    -0.00000000   0.00000000     0.02974877   0.00000000
    5    6
 -0.00007962   0.00641890    -0.00304216   0.00260602     0.00267527   0.00047403
 -0.00127116   0.00022738    -0.00934807  -0.00594468     0.00593434  -0.00261892
  0.01217343  -0.00055965     0.02557469   0.00347808    -0.00350140   0.00239824
    5    7
 -0.00007962   0.00641890    -0.00304216   0.00260602    -0.00267527  -0.00047403
 -0.00127116   0.00022738    -0.00934807  -0.00594468    -0.00593434   0.00261892
 -0.01217343   0.00055965    -0.02557469  -0.00347808    -0.00350140   0.00239824
    6    1
  0.00063793  -0.00154009     0.00221004  -0.00533552     0.01057740   0.00438130
  0.00221004  -0.00533552     0.00063793  -0.00154009    -0.01057740  -0.00438130
  0.00770615   0.00319199    -0.00770615  -0.00319199     0.00030157  -0.00072805
    6    2
 -0.00934807   0.00594468    -0.00304216  -0.00260602    -0.02557469   0.00347808
 -0.00127116  -0.00022738    -0.00007962  -0.00641890    -0.01217343  -0.00055965
 -0.00593434  -0.00261892    -0.00267527   0.00047403    -0.00350140  -0.00239824
    6    3
 -0.00934807  -0.00594468    -0.00304216   0.00260602     0.02557469   0.00347808
 -0.00127116   0.00022738    -0.00007962   0.00641890     0.01217343  -0.00055965
  0.00593434  -0.00261892     0.00267527   0.00047403    -0.00350140   0.00239824
    6    4
 -0.00007962   0.00641890    -0.00127116   0.00022738    -0.01217343   0.00055965
 -0.00304216   0.00260602    -0.00934807  -0.00594468    -0.02557469  -0.00347808
 -0.00267527  -0.00047403    -0.00593434   0.00261892    -0.00350140   0.00239824
    6    5
 -0.00007962  -0.00641890    -0.00127116  -0.00022738     0.01217343   0.00055965
 -0.00304216  -0.00260602    -0.00934807   0.00594468     0.02557469  -0.00347808
  0.00267527  -0.00047403     0.00593434   0.00261892    -0.00350140  -0.00239824
    6    6
  0.03869061   0.00000000     0.01686240   0.00000000    -0.00000000  -0.00161736
  0.01686240  -0.00000000     0.03869061  -0.00000000    -0.00000000   0.00161736
 -0.00000000   0.00161736    -0.00000000  -0.00161736     0.01350032   0.00000000
    6    7
 -0.01789755  -0.00000000    -0.01211134   0.00000000    -0.00000000   0.00006467
 -0.01211134   0.00000000    -0.01789755   0.00000000    -0.00000000  -0.00006467
 -0.00000000   0.00006467    -0.00000000  -0.00006467     0.00208805   0.00000000
    7    1
  0.00063793  -0.00154009     0.00221004  -0.00533552    -0.01057740  -0.00438130
  0.00221004  -0.00533552     0.00063793  -0.00154009     0.01057740   0.00438130
 -0.00770615  -0.00319199     0.00770615   0.00319199     0.00030157  -0.00072805
    7    2
 -0.00934807   0.00594468    -0.00304216  -0.00260602     0.02557469  -0.00347808
 -0.00127116  -0.00022738    -0.00007962  -0.00641890     0.01217343   0.00055965
  0.00593434   0.00261892     0.00267527  -0.00047403    -0.00350140  -0.00239824
    7    3
 -0.00934807  -0.00594468    -0.00304216   0.00260602    -0.02557469  -0.00347808
 -0.00127116   0.00022738    -0.00007962   0.00641890    -0.01217343   0.00055965
 -0.00593434   0.00261892    -0.00267527  -0.00047403    -0.00350140   0.00239824
    7    4
 -0.00007962   0.00641890    -0.00127116   0.00022738     0.01217343  -0.00055965
 -0.00304216   0.00260602    -0.00934807  -0.00594468     0.02557469   0.00347808
  0.00267527   0.00047403     0.00593434  -0.00261892    -0.00350140   0.00239824
    7    5
 -0.00007962  -0.00641890    -0.00127116  -0.00022738    -0.01217343  -0.00055965
 -0.00304216  -0.00260602    -0.00934807   0.00594468    -0.02557469   0.00347808
 -0.00267527   0.00047403    -0.00593434  -0.00261892    -0.00350140  -0.00239824
    7    6
 -0.01789755   0.00000000    -0.01211134   0.00000000    -0.00000000  -0.00006467
 -0.01211134   0.00000000    -0.01789755  -0.00000000    -0.00000000   0.00006467
 -0.00000000  -0.00006467    -0.00000000   0.00006467     0.00208805   0.00000000
    7    7
  0.03869061  -0.00000000     0.01686240  -0.00000000    -0.00000000   0.00161736
  0.01686240   0.00000000     0.03869061   0.00000000    -0.00000000  -0.00161736
 -0.00000000  -0.00161736    -0.00000000   0.00161736     0.01350032  -0.00000000

     Dynamical  Matrix in cartesian axes

     q = (   -0.324759526   0.324759526   0.000000000 ) 

    1    1
  0.09413439   0.00000000    -0.05443768  -0.00000000    -0.00000000  -0.00000000
 -0.05443768  -0.00000000     0.09413439   0.00000000    -0.00000000  -0.00000000
 -0.00000000  -0.00000000    -0.00000000  -0.00000000     0.02900957  -0.00000000
    1    2
 -0.00686926   0.00192713    -0.00392662   0.01273915     0.00000000   0.00000000
 -0.00780593   0.00227651     0.00841322  -0.02001342     0.00000000   0.00000000
  0.00000000   0.00000000     0.00000000   0.00000000    -0.00988052   0.00597928
    1    3
 -0.00686926  -0.00192713    -0.00392662  -0.01273915     0.00000000   0.00000000
 -0.00780593  -0.00227651     0.00841322   0.02001342     0.00000000   0.00000000
  0.00000000   0.00000000     0.00000000   0.00000000    -0.00988052  -0.00597928
    1    4
  0.00841322  -0.02001342    -0.00780593   0.00227651     0.00000000   0.00000000
 -0.00392662   0.01273915    -0.00686926   0.00192713     0.00000000  -0.00000000
  0.00000000   0.00000000     0.00000000   0.00000000    -0.00988052   0.00597928
    1    5
  0.00841322   0.02001342    -0.00780593  -0.00227651     0.00000000   0.00000000
 -0.00392662  -0.01273915    -0.00686926  -0.00192713     0.00000000   0.00000000
  0.00000000  -0.00000000     0.00000000   0.00000000    -0.00988052  -0.00597928
    1    6
  0.00063793  -0.00154009    -0.00221004   0.00533552    -0.00770615  -0.00319199
 -0.00221004   0.00533552     0.00063793  -0.00154009    -0.00770615  -0.00319199
 -0.01057740  -0.00438130    -0.01057740  -0.00438130     0.00030157  -0.00072805
    1    7
  0.00063793   0.00154009    -0.00221004  -0.00533552    -0.00770615   0.00319199
 -0.00221004  -0.00533552     0.00063793   0.00154009    -0.00770615   0.00319199
