  5.000000000000000E-003   1.26088367795901        1.90067469670089     
           6

     Dynamical  Matrix in cartesian axes

     q = (   -0.433012700  -0.433012700   0.000000000 ) 

    1    1
  0.15711661   0.00000000     0.00479218   0.00000000    -0.00000000   0.00000000
  0.00479218   0.00000000     0.15711661   0.00000000     0.00000000   0.00000000
 -0.00000000   0.00000000    -0.00000000   0.00000000     0.13589631   0.00000000
    1    2
 -0.02285330   0.00000000     0.02958039  -0.00000000     0.00000000   0.00000000
 -0.00853964   0.00000000     0.01083009  -0.00000000     0.00000000   0.00000000
  0.00000000   0.00000000     0.00000000   0.00000000    -0.02509550   0.00000000
    1    3
  0.02285330  -0.00000000    -0.02958039   0.00000000    -0.00000000   0.00000000
  0.00853964  -0.00000000    -0.01083009   0.00000000    -0.00000000   0.00000000
 -0.00000000   0.00000000    -0.00000000   0.00000000     0.02509550  -0.00000000
    1    4
 -0.01083009   0.00000000     0.00853964  -0.00000000    -0.00000000   0.00000000
 -0.02958039   0.00000000     0.02285330  -0.00000000    -0.00000000   0.00000000
 -0.00000000   0.00000000    -0.00000000  -0.00000000     0.02509550  -0.00000000
    1    5
  0.01083009  -0.00000000    -0.00853964   0.00000000     0.00000000   0.00000000
  0.02958039  -0.00000000    -0.02285330   0.00000000     0.00000000   0.00000000
  0.00000000   0.00000000     0.00000000   0.00000000    -0.02509550   0.00000000
    1    6
 -0.00000000   0.00000000     0.00000000   0.00000000     0.00195600  -0.00000000
 -0.00000000   0.00000000     0.00000000   0.00000000    -0.00195600   0.00000000
  0.05466936  -0.00000000    -0.05466936   0.00000000     0.00000000  -0.00000000
    1    7
  0.00000000   0.00000000    -0.00000000   0.00000000    -0.00195600   0.00000000
  0.00000000   0.00000000    -0.00000000   0.00000000     0.00195600  -0.00000000
 -0.05466936   0.00000000     0.05466936  -0.00000000    -0.00000000  -0.00000000
    2    1
 -0.02285330  -0.00000000    -0.00853964  -0.00000000     0.00000000  -0.00000000
  0.02958039   0.00000000     0.01083009   0.00000000     0.00000000  -0.00000000
  0.00000000  -0.00000000     0.00000000  -0.00000000    -0.02509550  -0.00000000
    2    2
  0.10680912   0.00000000    -0.01300313   0.00000000     0.00000000   0.00000000
 -0.01300313   0.00000000     0.11326340   0.00000000    -0.00000000   0.00000000
 -0.00000000   0.00000000     0.00000000   0.00000000     0.04487433   0.00000000
    2    3
  0.03362575   0.00000000     0.01907923   0.00000000     0.00000000   0.00000000
  0.01907923   0.00000000     0.05002312   0.00000000     0.00000000   0.00000000
  0.00000000   0.00000000     0.00000000   0.00000000    -0.03384010   0.00000000
    2    4
  0.03336790   0.00000000     0.05194781   0.00000000    -0.00000000   0.00000000
  0.06490576   0.00000000     0.03336790   0.00000000    -0.00000000   0.00000000
 -0.00000000   0.00000000    -0.00000000   0.00000000     0.02489944   0.00000000
    2    5
 -0.02957673   0.00000000     0.07711513   0.00000000     0.00000000   0.00000000
  0.09713488   0.00000000    -0.02957673   0.00000000     0.00000000   0.00000000
  0.00000000   0.00000000    -0.00000000   0.00000000    -0.03246885   0.00000000
    2    6
 -0.03482167   0.00000000    -0.02865248   0.00000000    -0.00472296   0.00000000
 -0.01786429   0.00000000    -0.01710619   0.00000000    -0.00329688   0.00000000
 -0.04421105   0.00000000    -0.02305692   0.00000000     0.00075857   0.00000000
    2    7
 -0.03482167   0.00000000    -0.02865248   0.00000000     0.00472296   0.00000000
 -0.01786429   0.00000000    -0.01710619   0.00000000     0.00329688   0.00000000
  0.04421105   0.00000000     0.02305692   0.00000000     0.00075857   0.00000000
    3    1
  0.02285330   0.00000000     0.00853964   0.00000000    -0.00000000  -0.00000000
 -0.02958039  -0.00000000    -0.01083009  -0.00000000    -0.00000000  -0.00000000
 -0.00000000  -0.00000000    -0.00000000  -0.00000000     0.02509550   0.00000000
    3    2
  0.03362575   0.00000000     0.01907923   0.00000000     0.00000000   0.00000000
  0.01907923   0.00000000     0.05002312   0.00000000     0.00000000   0.00000000
  0.00000000   0.00000000     0.00000000   0.00000000    -0.03384010   0.00000000
    3    3
  0.10680912   0.00000000    -0.01300313   0.00000000    -0.00000000   0.00000000
 -0.01300313   0.00000000     0.11326340   0.00000000     0.00000000   0.00000000
 -0.00000000   0.00000000     0.00000000   0.00000000     0.04487433   0.00000000
    3    4
 -0.02957673   0.00000000     0.07711513   0.00000000     0.00000000   0.00000000
  0.09713488   0.00000000    -0.02957673   0.00000000     0.00000000   0.00000000
  0.00000000   0.00000000     0.00000000   0.00000000    -0.03246885   0.00000000
    3    5
  0.03336790   0.00000000     0.05194781   0.00000000     0.00000000   0.00000000
  0.06490576   0.00000000     0.03336790   0.00000000    -0.00000000   0.00000000
 -0.00000000   0.00000000    -0.00000000   0.00000000     0.02489944   0.00000000
    3    6
 -0.03482167   0.00000000    -0.02865248   0.00000000     0.00472296   0.00000000
 -0.01786429   0.00000000    -0.01710619   0.00000000     0.00329688   0.00000000
  0.04421105   0.00000000     0.02305692   0.00000000     0.00075857   0.00000000
    3    7
 -0.03482167   0.00000000    -0.02865248   0.00000000    -0.00472296   0.00000000
 -0.01786429   0.00000000    -0.01710619   0.00000000    -0.00329688   0.00000000
 -0.04421105   0.00000000    -0.02305692   0.00000000     0.00075857   0.00000000
    4    1
 -0.01083009  -0.00000000    -0.02958039  -0.00000000    -0.00000000  -0.00000000
  0.00853964   0.00000000     0.02285330   0.00000000    -0.00000000   0.00000000
 -0.00000000  -0.00000000    -0.00000000  -0.00000000     0.02509550   0.00000000
    4    2
  0.03336790   0.00000000     0.06490576   0.00000000    -0.00000000   0.00000000
  0.05194781   0.00000000     0.03336790   0.00000000     0.00000000   0.00000000
 -0.00000000   0.00000000    -0.00000000   0.00000000     0.02489944   0.00000000
    4    3
 -0.02957673   0.00000000     0.09713488   0.00000000     0.00000000   0.00000000
  0.07711513   0.00000000    -0.02957673   0.00000000     0.00000000   0.00000000
  0.00000000   0.00000000     0.00000000   0.00000000    -0.03246885   0.00000000
    4    4
  0.11326340   0.00000000    -0.01300313   0.00000000    -0.00000000   0.00000000
 -0.01300313   0.00000000     0.10680912   0.00000000     0.00000000   0.00000000
 -0.00000000   0.00000000     0.00000000   0.00000000     0.04487433   0.00000000
    4    5
  0.05002312   0.00000000     0.01907923   0.00000000     0.00000000   0.00000000
  0.01907923   0.00000000     0.03362575   0.00000000     0.00000000   0.00000000
  0.00000000   0.00000000     0.00000000   0.00000000    -0.03384010   0.00000000
    4    6
 -0.01710619   0.00000000    -0.01786429   0.00000000    -0.00329688   0.00000000
 -0.02865248   0.00000000    -0.03482167   0.00000000    -0.00472296   0.00000000
 -0.02305692   0.00000000    -0.04421105   0.00000000     0.00075857   0.00000000
    4    7
 -0.01710619   0.00000000    -0.01786429   0.00000000     0.00329688   0.00000000
 -0.02865248   0.00000000    -0.03482167   0.00000000     0.00472296   0.00000000
  0.02305692   0.00000000     0.04421105   0.00000000     0.00075857   0.00000000
    5    1
  0.01083009   0.00000000     0.02958039   0.00000000     0.00000000  -0.00000000
 -0.00853964  -0.00000000    -0.02285330  -0.00000000     0.00000000  -0.00000000
  0.00000000  -0.00000000     0.00000000  -0.00000000    -0.02509550  -0.00000000
    5    2
 -0.02957673   0.00000000     0.09713488   0.00000000     0.00000000   0.00000000
  0.07711513   0.00000000    -0.02957673   0.00000000     0.00000000   0.00000000
  0.00000000   0.00000000    -0.00000000   0.00000000    -0.03246885   0.00000000
    5    3
  0.03336790   0.00000000     0.06490576   0.00000000    -0.00000000   0.00000000
  0.05194781   0.00000000     0.03336790   0.00000000    -0.00000000   0.00000000
 -0.00000000   0.00000000    -0.00000000   0.00000000     0.02489944   0.00000000
    5    4
  0.05002312   0.00000000     0.01907923   0.00000000     0.00000000   0.00000000
  0.01907923   0.00000000     0.03362575   0.00000000     0.00000000   0.00000000
  0.00000000   0.00000000     0.00000000   0.00000000    -0.03384010   0.00000000
    5    5
  0.11326340   0.00000000    -0.01300313   0.00000000     0.00000000   0.00000000
 -0.01300313   0.00000000     0.10680912   0.00000000     0.00000000   0.00000000
  0.00000000   0.00000000     0.00000000   0.00000000     0.04487433   0.00000000
    5    6
 -0.01710619   0.00000000    -0.01786429   0.00000000     0.00329688   0.00000000
 -0.02865248   0.00000000    -0.03482167   0.00000000     0.00472296   0.00000000
  0.02305692   0.00000000     0.04421105   0.00000000     0.00075857   0.00000000
    5    7
 -0.01710619   0.00000000    -0.01786429   0.00000000    -0.00329688   0.00000000
 -0.02865248   0.00000000    -0.03482167   0.00000000    -0.00472296   0.00000000
 -0.02305692   0.00000000    -0.04421105   0.00000000     0.00075857   0.00000000
    6    1
 -0.00000000  -0.00000000    -0.00000000  -0.00000000     0.05466936   0.00000000
  0.00000000  -0.00000000    -0.00000000  -0.00000000    -0.05466936  -0.00000000
  0.00195600   0.00000000    -0.00195600  -0.00000000     0.00000000   0.00000000
    6    2
 -0.03482167   0.00000000    -0.01786429   0.00000000    -0.04421105   0.00000000
 -0.02865248   0.00000000    -0.01710619   0.00000000    -0.02305692   0.00000000
 -0.00472296   0.00000000    -0.00329688   0.00000000     0.00075857   0.00000000
    6    3
 -0.03482167   0.00000000    -0.01786429   0.00000000     0.04421105   0.00000000
 -0.02865248   0.00000000    -0.01710619   0.00000000     0.02305692   0.00000000
  0.00472296   0.00000000     0.00329688   0.00000000     0.00075857   0.00000000
    6    4
 -0.01710619   0.00000000    -0.02865248   0.00000000    -0.02305692   0.00000000
 -0.01786429   0.00000000    -0.03482167   0.00000000    -0.04421105   0.00000000
 -0.00329688   0.00000000    -0.00472296   0.00000000     0.00075857   0.00000000
    6    5
 -0.01710619   0.00000000    -0.02865248   0.00000000     0.02305692   0.00000000
 -0.01786429   0.00000000    -0.03482167   0.00000000     0.04421105   0.00000000
  0.00329688   0.00000000     0.00472296   0.00000000     0.00075857   0.00000000
    6    6
  0.08314204   0.00000000     0.02921931   0.00000000     0.00000000   0.00000000
  0.02921931   0.00000000     0.08314204   0.00000000     0.00000000   0.00000000
  0.00000000   0.00000000    -0.00000000   0.00000000     0.00677061   0.00000000
    6    7
 -0.03221587   0.00000000     0.00358059   0.00000000     0.00000000   0.00000000
  0.00358059   0.00000000    -0.03221587   0.00000000    -0.00000000   0.00000000
 -0.00000000   0.00000000     0.00000000   0.00000000     0.00257575   0.00000000
    7    1
  0.00000000  -0.00000000    -0.00000000  -0.00000000    -0.05466936  -0.00000000
  0.00000000  -0.00000000    -0.00000000  -0.00000000     0.05466936   0.00000000
 -0.00195600  -0.00000000     0.00195600   0.00000000     0.00000000   0.00000000
    7    2
 -0.03482167   0.00000000    -0.01786429   0.00000000     0.04421105   0.00000000
 -0.02865248   0.00000000    -0.01710619   0.00000000     0.02305692   0.00000000
  0.00472296   0.00000000     0.00329688   0.00000000     0.00075857   0.00000000
    7    3
 -0.03482167   0.00000000    -0.01786429   0.00000000    -0.04421105   0.00000000
 -0.02865248   0.00000000    -0.01710619   0.00000000    -0.02305692   0.00000000
 -0.00472296   0.00000000    -0.00329688   0.00000000     0.00075857   0.00000000
    7    4
 -0.01710619   0.00000000    -0.02865248   0.00000000     0.02305692   0.00000000
 -0.01786429   0.00000000    -0.03482167   0.00000000     0.04421105   0.00000000
  0.00329688   0.00000000     0.00472296   0.00000000     0.00075857   0.00000000
    7    5
 -0.01710619   0.00000000    -0.02865248   0.00000000    -0.02305692   0.00000000
 -0.01786429   0.00000000    -0.03482167   0.00000000    -0.04421105   0.00000000
 -0.00329688   0.00000000    -0.00472296   0.00000000     0.00075857   0.00000000
    7    6
 -0.03221587   0.00000000     0.00358059   0.00000000    -0.00000000   0.00000000
  0.00358059   0.00000000    -0.03221587   0.00000000    -0.00000000   0.00000000
 -0.00000000   0.00000000    -0.00000000   0.00000000     0.00257575   0.00000000
    7    7
  0.08314204   0.00000000     0.02921931   0.00000000     0.00000000   0.00000000
  0.02921931   0.00000000     0.08314204   0.00000000     0.00000000   0.00000000
  0.00000000   0.00000000    -0.00000000   0.00000000     0.00677061   0.00000000

     Dynamical  Matrix in cartesian axes

     q = (    0.000000000   0.433012700  -0.433012700 ) 

    1    1
  0.13589631   0.00000000     0.00000000   0.00000000    -0.00000000   0.00000000
  0.00000000   0.00000000     0.15711661   0.00000000    -0.00479218   0.00000000
 -0.00000000   0.00000000    -0.00479218   0.00000000     0.15711661   0.00000000
    1    2
  0.00000000  -0.00000000    -0.05466936   0.00000000    -0.05466936   0.00000000
 -0.00195600   0.00000000     0.00000000   0.00000000     0.00000000  -0.00000000
 -0.00195600   0.00000000     0.00000000  -0.00000000     0.00000000   0.00000000
    1    3
  0.00000000   0.00000000    -0.05466936  -0.00000000    -0.05466936  -0.00000000
 -0.00195600  -0.00000000     0.00000000  -0.00000000     0.00000000   0.00000000
 -0.00195600  -0.00000000     0.00000000   0.00000000    -0.00000000  -0.00000000
    1    4
 -0.02509550  -0.00000000     0.00000000  -0.00000000    -0.00000000  -0.00000000
  0.00000000   0.00000000    -0.02285330  -0.00000000    -0.02958039  -0.00000000
 -0.00000000  -0.00000000     0.00853964   0.00000000     0.01083009   0.00000000
    1    5
 -0.02509550   0.00000000    -0.00000000  -0.00000000     0.00000000  -0.00000000
  0.00000000   0.00000000    -0.02285330   0.00000000    -0.02958039   0.00000000
 -0.00000000  -0.00000000     0.00853964  -0.00000000     0.01083009  -0.00000000
    1    6
 -0.02509550  -0.00000000     0.00000000   0.00000000     0.00000000   0.00000000
  0.00000000   0.00000000     0.01083009   0.00000000     0.00853964   0.00000000
  0.00000000  -0.00000000    -0.02958039  -0.00000000    -0.02285330  -0.00000000
    1    7
 -0.02509550   0.00000000     0.00000000  -0.00000000     0.00000000  -0.00000000
 -0.00000000  -0.00000000     0.01083009  -0.00000000     0.00853964  -0.00000000
  0.00000000   0.00000000    -0.02958039   0.00000000    -0.02285330   0.00000000
    2    1
  0.00000000   0.00000000    -0.00195600  -0.00000000    -0.00195600  -0.00000000
 -0.05466936  -0.00000000     0.00000000  -0.00000000     0.00000000   0.00000000
 -0.05466936  -0.00000000     0.00000000   0.00000000     0.00000000  -0.00000000
    2    2
  0.00677061   0.00000000    -0.00000000   0.00000000    -0.00000000   0.00000000
 -0.00000000   0.00000000     0.08314204   0.00000000    -0.02921931   0.00000000
 -0.00000000   0.00000000    -0.02921931   0.00000000     0.08314204   0.00000000
    2    3
 -0.00257575  -0.00000000    -0.00000000  -0.00000000    -0.00000000   0.00000000
 -0.00000000  -0.00000000     0.03221587   0.00000000     0.00358059   0.00000000
 -0.00000000   0.00000000     0.00358059   0.00000000     0.03221587   0.00000000
    2    4
 -0.00075857  -0.00000000     0.00472296   0.00000000    -0.00329688  -0.00000000
  0.04421105   0.00000000     0.03482167   0.00000000    -0.01786429  -0.00000000
 -0.02305692  -0.00000000    -0.02865248  -0.00000000     0.01710619   0.00000000
    2    5
  0.00075857  -0.00000000     0.00472296  -0.00000000    -0.00329688   0.00000000
  0.04421105  -0.00000000    -0.03482167   0.00000000     0.01786429  -0.00000000
 -0.02305692   0.00000000     0.02865248  -0.00000000    -0.01710619   0.00000000
    2    6
 -0.00075857  -0.00000000    -0.00329688  -0.00000000     0.00472296   0.00000000
 -0.02305692  -0.00000000     0.01710619   0.00000000    -0.02865248  -0.00000000
  0.04421105   0.00000000    -0.01786429  -0.00000000     0.03482167   0.00000000
    2    7
  0.00075857  -0.00000000    -0.00329688   0.00000000     0.00472296  -0.00000000
 -0.02305692   0.00000000    -0.01710619   0.00000000     0.02865248  -0.00000000
  0.04421105  -0.00000000     0.01786429  -0.00000000    -0.03482167   0.00000000
    3    1
  0.00000000  -0.00000000    -0.00195600   0.00000000    -0.00195600   0.00000000
 -0.05466936   0.00000000     0.00000000   0.00000000     0.00000000  -0.00000000
 -0.05466936   0.00000000     0.00000000  -0.00000000     0.00000000   0.00000000
    3    2
 -0.00257575   0.00000000    -0.00000000   0.00000000    -0.00000000  -0.00000000
 -0.00000000   0.00000000     0.03221587  -0.00000000     0.00358059  -0.00000000
 -0.00000000  -0.00000000     0.00358059  -0.00000000     0.03221587  -0.00000000
    3    3
  0.00677061   0.00000000     0.00000000   0.00000000    -0.00000000   0.00000000
  0.00000000   0.00000000     0.08314204   0.00000000    -0.02921931   0.00000000
 -0.00000000   0.00000000    -0.02921931   0.00000000     0.08314204   0.00000000
    3    4
  0.00075857  -0.00000000     0.00472296  -0.00000000    -0.00329688   0.00000000
  0.04421105  -0.00000000    -0.03482167   0.00000000     0.01786429  -0.00000000
 -0.02305692   0.00000000     0.02865248  -0.00000000    -0.01710619   0.00000000
    3    5
 -0.00075857   0.00000000     0.00472296  -0.00000000    -0.00329688   0.00000000
  0.04421105  -0.00000000     0.03482167  -0.00000000    -0.01786429   0.00000000
 -0.02305692   0.00000000    -0.02865248   0.00000000     0.01710619  -0.00000000
    3    6
  0.00075857  -0.00000000    -0.00329688  -0.00000000     0.00472296  -0.00000000
 -0.02305692   0.00000000    -0.01710619   0.00000000     0.02865248  -0.00000000
  0.04421105  -0.00000000     0.01786429  -0.00000000    -0.03482167   0.00000000
    3    7
 -0.00075857   0.00000000    -0.00329688   0.00000000     0.00472296  -0.00000000
 -0.02305692   0.00000000     0.01710619  -0.00000000    -0.02865248   0.00000000
  0.04421105  -0.00000000    -0.01786429   0.00000000     0.03482167  -0.00000000
    4    1
 -0.02509550   0.00000000     0.00000000  -0.00000000    -0.00000000   0.00000000
 -0.00000000   0.00000000    -0.02285330   0.00000000     0.00853964  -0.00000000
 -0.00000000   0.00000000    -0.02958039   0.00000000     0.01083009  -0.00000000
    4    2
 -0.00075857   0.00000000     0.04421105  -0.00000000    -0.02305692   0.00000000
  0.00472296  -0.00000000     0.03482167  -0.00000000    -0.02865248   0.00000000
 -0.00329688   0.00000000    -0.01786429   0.00000000     0.01710619  -0.00000000
    4    3
  0.00075857   0.00000000     0.04421105   0.00000000    -0.02305692  -0.00000000
  0.00472296   0.00000000    -0.03482167  -0.00000000     0.02865248   0.00000000
 -0.00329688  -0.00000000     0.01786429   0.00000000    -0.01710619  -0.00000000
    4    4
  0.04487433   0.00000000     0.00000000   0.00000000    -0.00000000   0.00000000
 -0.00000000   0.00000000     0.10680912   0.00000000     0.01300313   0.00000000
 -0.00000000   0.00000000     0.01300313   0.00000000     0.11326340   0.00000000
    4    5
  0.03384010  -0.00000000    -0.00000000  -0.00000000     0.00000000   0.00000000
 -0.00000000  -0.00000000    -0.03362575   0.00000000     0.01907923  -0.00000000
  0.00000000   0.00000000     0.01907923  -0.00000000    -0.05002312   0.00000000
    4    6
 -0.03246885  -0.00000000     0.00000000   0.00000000     0.00000000   0.00000000
  0.00000000   0.00000000    -0.02957673  -0.00000000    -0.07711513  -0.00000000
  0.00000000   0.00000000    -0.09713488  -0.00000000    -0.02957673  -0.00000000
    4    7
 -0.02489944   0.00000000    -0.00000000   0.00000000     0.00000000  -0.00000000
 -0.00000000  -0.00000000    -0.03336790   0.00000000     0.05194781  -0.00000000
  0.00000000   0.00000000     0.06490576  -0.00000000    -0.03336790   0.00000000
    5    1
 -0.02509550  -0.00000000     0.00000000  -0.00000000    -0.00000000   0.00000000
  0.00000000   0.00000000    -0.02285330  -0.00000000     0.00853964   0.00000000
  0.00000000   0.00000000    -0.02958039  -0.00000000     0.01083009   0.00000000
    5    2
  0.00075857   0.00000000     0.04421105   0.00000000    -0.02305692  -0.00000000
  0.00472296   0.00000000    -0.03482167  -0.00000000     0.02865248   0.00000000
 -0.00329688  -0.00000000     0.01786429   0.00000000    -0.01710619  -0.00000000
    5    3
 -0.00075857  -0.00000000     0.04421105   0.00000000    -0.02305692  -0.00000000
  0.00472296   0.00000000     0.03482167   0.00000000    -0.02865248  -0.00000000
 -0.00329688  -0.00000000    -0.01786429  -0.00000000     0.01710619   0.00000000
    5    4
  0.03384010   0.00000000     0.00000000   0.00000000     0.00000000  -0.00000000
  0.00000000   0.00000000    -0.03362575  -0.00000000     0.01907923   0.00000000
  0.00000000  -0.00000000     0.01907923   0.00000000    -0.05002312  -0.00000000
    5    5
  0.04487433   0.00000000     0.00000000   0.00000000    -0.00000000   0.00000000
  0.00000000   0.00000000     0.10680912   0.00000000     0.01300313   0.00000000
 -0.00000000   0.00000000     0.01300313   0.00000000     0.11326340   0.00000000
    5    6
 -0.02489944  -0.00000000     0.00000000   0.00000000     0.00000000   0.00000000
  0.00000000  -0.00000000    -0.03336790  -0.00000000     0.05194781   0.00000000
  0.00000000  -0.00000000     0.06490576   0.00000000    -0.03336790  -0.00000000
    5    7
 -0.03246885   0.00000000     0.00000000  -0.00000000     0.00000000  -0.00000000
  0.00000000  -0.00000000    -0.02957673   0.00000000    -0.07711513   0.00000000
  0.00000000   0.00000000    -0.09713488   0.00000000    -0.02957673   0.00000000
    6    1
 -0.02509550   0.00000000    -0.00000000  -0.00000000     0.00000000   0.00000000
 -0.00000000  -0.00000000     0.01083009  -0.00000000    -0.02958039   0.00000000
  0.00000000  -0.00000000     0.00853964  -0.00000000    -0.02285330   0.00000000
    6    2
 -0.00075857   0.00000000    -0.02305692   0.00000000     0.04421105  -0.00000000
 -0.00329688   0.00000000     0.01710619  -0.00000000    -0.01786429   0.00000000
  0.00472296  -0.00000000    -0.02865248   0.00000000     0.03482167  -0.00000000
    6    3
  0.00075857   0.00000000    -0.02305692  -0.00000000     0.04421105   0.00000000
 -0.00329688   0.00000000    -0.01710619  -0.00000000     0.01786429   0.00000000
  0.00472296   0.00000000     0.02865248   0.00000000    -0.03482167  -0.00000000
    6    4
 -0.03246885   0.00000000     0.00000000  -0.00000000     0.00000000  -0.00000000
  0.00000000  -0.00000000    -0.02957673   0.00000000    -0.09713488   0.00000000
  0.00000000  -0.00000000    -0.07711513   0.00000000    -0.02957673   0.00000000
    6    5
 -0.02489944   0.00000000     0.00000000   0.00000000     0.00000000   0.00000000
 -0.00000000  -0.00000000    -0.03336790   0.00000000     0.06490576  -0.00000000
  0.00000000  -0.00000000     0.05194781  -0.00000000    -0.03336790   0.00000000
    6    6
  0.04487433   0.00000000     0.00000000   0.00000000    -0.00000000   0.00000000
  0.00000000   0.00000000     0.11326340   0.00000000     0.01300313   0.00000000
 -0.00000000   0.00000000     0.01300313   0.00000000     0.10680912   0.00000000
    6    7
  0.03384010  -0.00000000    -0.00000000   0.00000000     0.00000000   0.00000000
  0.00000000   0.00000000    -0.05002312   0.00000000     0.01907923  -0.00000000
  0.00000000   0.00000000     0.01907923  -0.00000000    -0.03362575   0.00000000
    7    1
 -0.02509550  -0.00000000     0.00000000   0.00000000     0.00000000  -0.00000000
 -0.00000000   0.00000000     0.01083009   0.00000000    -0.02958039  -0.00000000
 -0.00000000   0.00000000     0.00853964   0.00000000    -0.02285330  -0.00000000
    7    2
  0.00075857   0.00000000    -0.02305692  -0.00000000     0.04421105   0.00000000
 -0.00329688  -0.00000000    -0.01710619  -0.00000000     0.01786429   0.00000000
  0.00472296   0.00000000     0.02865248   0.00000000    -0.03482167  -0.00000000
    7    3
 -0.00075857  -0.00000000    -0.02305692  -0.00000000     0.04421105   0.00000000
 -0.00329688  -0.00000000     0.01710619   0.00000000    -0.01786429  -0.00000000
  0.00472296   0.00000000    -0.02865248  -0.00000000     0.03482167   0.00000000
    7    4
 -0.02489944  -0.00000000     0.00000000   0.00000000     0.00000000  -0.00000000
 -0.00000000  -0.00000000    -0.03336790  -0.00000000     0.06490576   0.00000000
  0.00000000   0.00000000     0.05194781   0.00000000    -0.03336790  -0.00000000
    7    5
 -0.03246885  -0.00000000     0.00000000   0.00000000     0.00000000  -0.00000000
  0.00000000   0.00000000    -0.02957673  -0.00000000    -0.09713488  -0.00000000
 -0.00000000   0.00000000    -0.07711513  -0.00000000    -0.02957673  -0.00000000
    7    6
  0.03384010   0.00000000    -0.00000000  -0.00000000     0.00000000  -0.00000000
  0.00000000  -0.00000000    -0.05002312  -0.00000000     0.01907923   0.00000000
  0.00000000  -0.00000000     0.01907923   0.00000000    -0.03362575  -0.00000000
    7    7
  0.04487433   0.00000000     0.00000000   0.00000000    -0.00000000   0.00000000
  0.00000000   0.00000000     0.11326340   0.00000000     0.01300313   0.00000000
 -0.00000000   0.00000000     0.01300313   0.00000000     0.10680912   0.00000000

     Dynamical  Matrix in cartesian axes

     q = (   -0.000000000   0.433012700   0.433012700 ) 

    1    1
  0.13589631   0.00000000     0.00000000   0.00000000    -0.00000000   0.00000000
  0.00000000   0.00000000     0.15711661   0.00000000     0.00479218   0.00000000
 -0.00000000   0.00000000     0.00479218   0.00000000     0.15711661   0.00000000
    1    2
  0.00000000   0.00000000     0.05466936   0.00000000    -0.05466936  -0.00000000
  0.00195600   0.00000000     0.00000000  -0.00000000     0.00000000  -0.00000000
 -0.00195600  -0.00000000    -0.00000000  -0.00000000     0.00000000  -0.00000000
    1    3
  0.00000000   0.00000000    -0.05466936  -0.00000000     0.05466936   0.00000000
 -0.00195600  -0.00000000     0.00000000  -0.00000000    -0.00000000  -0.00000000
  0.00195600   0.00000000     0.00000000  -0.00000000     0.00000000  -0.00000000
    1    4
 -0.02509550  -0.00000000     0.00000000  -0.00000000    -0.00000000   0.00000000
 -0.00000000   0.00000000    -0.02285330  -0.00000000     0.02958039   0.00000000
 -0.00000000   0.00000000    -0.00853964  -0.00000000     0.01083009   0.00000000
    1    5
  0.02509550   0.00000000    -0.00000000   0.00000000     0.00000000  -0.00000000
  0.00000000  -0.00000000     0.02285330   0.00000000    -0.02958039  -0.00000000
  0.00000000  -0.00000000     0.00853964   0.00000000    -0.01083009  -0.00000000
    1    6
  0.02509550   0.00000000     0.00000000   0.00000000    -0.00000000  -0.00000000
 -0.00000000  -0.00000000    -0.01083009  -0.00000000     0.00853964   0.00000000
 -0.00000000   0.00000000    -0.02958039  -0.00000000     0.02285330   0.00000000
    1    7
 -0.02509550  -0.00000000    -0.00000000   0.00000000     0.00000000  -0.00000000
 -0.00000000   0.00000000     0.01083009   0.00000000    -0.00853964  -0.00000000
  0.00000000   0.00000000     0.02958039   0.00000000    -0.02285330  -0.00000000
    2    1
  0.00000000  -0.00000000     0.00195600  -0.00000000    -0.00195600   0.00000000
  0.05466936  -0.00000000     0.00000000   0.00000000     0.00000000   0.00000000
 -0.05466936   0.00000000     0.00000000   0.00000000     0.00000000   0.00000000
    2    2
  0.00677061   0.00000000    -0.00000000   0.00000000    -0.00000000   0.00000000
 -0.00000000   0.00000000     0.08314204   0.00000000     0.02921931   0.00000000
 -0.00000000   0.00000000     0.02921931   0.00000000     0.08314204   0.00000000
    2    3
  0.00257575   0.00000000     0.00000000   0.00000000     0.00000000   0.00000000
  0.00000000   0.00000000    -0.03221587  -0.00000000     0.00358059   0.00000000
  0.00000000   0.00000000     0.00358059   0.00000000    -0.03221587  -0.00000000
    2    4
  0.00075857  -0.00000000    -0.00472296   0.00000000    -0.00329688   0.00000000
 -0.04421105   0.00000000    -0.03482167   0.00000000    -0.01786429   0.00000000
 -0.02305692   0.00000000    -0.02865248   0.00000000    -0.01710619   0.00000000
    2    5
  0.00075857   0.00000000     0.00472296   0.00000000     0.00329688   0.00000000
  0.04421105   0.00000000    -0.03482167  -0.00000000    -0.01786429  -0.00000000
  0.02305692   0.00000000    -0.02865248  -0.00000000    -0.01710619  -0.00000000
    2    6
  0.00075857   0.00000000    -0.00329688  -0.00000000    -0.00472296  -0.00000000
 -0.02305692  -0.00000000    -0.01710619  -0.00000000    -0.02865248  -0.00000000
 -0.04421105  -0.00000000    -0.01786429  -0.00000000    -0.03482167  -0.00000000
    2    7
  0.00075857   0.00000000     0.00329688   0.00000000     0.00472296   0.00000000
  0.02305692   0.00000000    -0.01710619  -0.00000000    -0.02865248  -0.00000000
  0.04421105   0.00000000    -0.01786429  -0.00000000    -0.03482167  -0.00000000
    3    1
 -0.00000000  -0.00000000    -0.00195600   0.00000000     0.00195600  -0.00000000
 -0.05466936   0.00000000     0.00000000   0.00000000    -0.00000000   0.00000000
  0.05466936  -0.00000000     0.00000000   0.00000000     0.00000000   0.00000000
    3    2
  0.00257575  -0.00000000     0.00000000  -0.00000000     0.00000000  -0.00000000
  0.00000000  -0.00000000    -0.03221587   0.00000000     0.00358059  -0.00000000
  0.00000000  -0.00000000     0.00358059  -0.00000000    -0.03221587   0.00000000
    3    3
  0.00677061   0.00000000     0.00000000   0.00000000    -0.00000000   0.00000000
  0.00000000   0.00000000     0.08314204   0.00000000     0.02921931   0.00000000
 -0.00000000   0.00000000     0.02921931   0.00000000     0.08314204   0.00000000
    3    4
  0.00075857  -0.00000000     0.00472296  -0.00000000     0.00329688  -0.00000000
  0.04421105  -0.00000000    -0.03482167   0.00000000    -0.01786429   0.00000000
  0.02305692  -0.00000000    -0.02865248   0.00000000    -0.01710619   0.00000000
    3    5
  0.00075857  -0.00000000    -0.00472296   0.00000000    -0.00329688   0.00000000
 -0.04421105   0.00000000    -0.03482167   0.00000000    -0.01786429   0.00000000
 -0.02305692   0.00000000    -0.02865248   0.00000000    -0.01710619   0.00000000
    3    6
  0.00075857  -0.00000000     0.00329688  -0.00000000     0.00472296  -0.00000000
  0.02305692  -0.00000000    -0.01710619   0.00000000    -0.02865248   0.00000000
  0.04421105  -0.00000000    -0.01786429   0.00000000    -0.03482167   0.00000000
    3    7
  0.00075857  -0.00000000    -0.00329688   0.00000000    -0.00472296   0.00000000
 -0.02305692   0.00000000    -0.01710619   0.00000000    -0.02865248   0.00000000
 -0.04421105   0.00000000    -0.01786429   0.00000000    -0.03482167   0.00000000
    4    1
 -0.02509550   0.00000000     0.00000000  -0.00000000     0.00000000  -0.00000000
  0.00000000   0.00000000    -0.02285330   0.00000000    -0.00853964   0.00000000
 -0.00000000  -0.00000000     0.02958039  -0.00000000     0.01083009  -0.00000000
    4    2
  0.00075857   0.00000000    -0.04421105  -0.00000000    -0.02305692  -0.00000000
 -0.00472296  -0.00000000    -0.03482167  -0.00000000    -0.02865248  -0.00000000
 -0.00329688  -0.00000000    -0.01786429  -0.00000000    -0.01710619  -0.00000000
    4    3
  0.00075857   0.00000000     0.04421105   0.00000000     0.02305692   0.00000000
  0.00472296   0.00000000    -0.03482167  -0.00000000    -0.02865248  -0.00000000
  0.00329688   0.00000000    -0.01786429  -0.00000000    -0.01710619  -0.00000000
    4    4
  0.04487433   0.00000000     0.00000000   0.00000000    -0.00000000   0.00000000
  0.00000000   0.00000000     0.10680912   0.00000000    -0.01300313   0.00000000
 -0.00000000   0.00000000    -0.01300313   0.00000000     0.11326340   0.00000000
    4    5
 -0.03384010   0.00000000    -0.00000000  -0.00000000    -0.00000000  -0.00000000
 -0.00000000  -0.00000000     0.03362575  -0.00000000     0.01907923  -0.00000000
 -0.00000000  -0.00000000     0.01907923  -0.00000000     0.05002312  -0.00000000
    4    6
  0.02489944   0.00000000    -0.00000000  -0.00000000    -0.00000000   0.00000000
 -0.00000000   0.00000000     0.03336790   0.00000000     0.05194781   0.00000000
 -0.00000000  -0.00000000     0.06490576   0.00000000     0.03336790   0.00000000
    4    7
 -0.03246885  -0.00000000    -0.00000000  -0.00000000     0.00000000  -0.00000000
  0.00000000  -0.00000000    -0.02957673  -0.00000000     0.07711513   0.00000000
  0.00000000  -0.00000000     0.09713488   0.00000000    -0.02957673  -0.00000000
    5    1
  0.02509550  -0.00000000    -0.00000000   0.00000000    -0.00000000   0.00000000
 -0.00000000  -0.00000000     0.02285330  -0.00000000     0.00853964  -0.00000000
  0.00000000   0.00000000    -0.02958039   0.00000000    -0.01083009   0.00000000
    5    2
  0.00075857  -0.00000000     0.04421105  -0.00000000     0.02305692  -0.00000000
  0.00472296  -0.00000000    -0.03482167   0.00000000    -0.02865248   0.00000000
  0.00329688  -0.00000000    -0.01786429   0.00000000    -0.01710619   0.00000000
    5    3
  0.00075857   0.00000000    -0.04421105  -0.00000000    -0.02305692  -0.00000000
 -0.00472296  -0.00000000    -0.03482167  -0.00000000    -0.02865248  -0.00000000
 -0.00329688  -0.00000000    -0.01786429  -0.00000000    -0.01710619  -0.00000000
    5    4
 -0.03384010  -0.00000000     0.00000000   0.00000000    -0.00000000   0.00000000
 -0.00000000   0.00000000     0.03362575   0.00000000     0.01907923   0.00000000
 -0.00000000   0.00000000     0.01907923   0.00000000     0.05002312   0.00000000
    5    5
  0.04487433   0.00000000     0.00000000   0.00000000    -0.00000000   0.00000000
  0.00000000   0.00000000     0.10680912   0.00000000    -0.01300313   0.00000000
 -0.00000000   0.00000000    -0.01300313   0.00000000     0.11326340   0.00000000
    5    6
 -0.03246885  -0.00000000    -0.00000000  -0.00000000     0.00000000  -0.00000000
  0.00000000  -0.00000000    -0.02957673  -0.00000000     0.07711513   0.00000000
  0.00000000  -0.00000000     0.09713488   0.00000000    -0.02957673  -0.00000000
    5    7
  0.02489944   0.00000000    -0.00000000  -0.00000000    -0.00000000   0.00000000
 -0.00000000   0.00000000     0.03336790   0.00000000     0.05194781   0.00000000
 -0.00000000  -0.00000000     0.06490576   0.00000000     0.03336790   0.00000000
    6    1
  0.02509550  -0.00000000    -0.00000000   0.00000000    -0.00000000   0.00000000
  0.00000000   0.00000000    -0.01083009   0.00000000    -0.02958039   0.00000000
 -0.00000000   0.00000000     0.00853964  -0.00000000     0.02285330  -0.00000000
    6    2
  0.00075857  -0.00000000    -0.02305692   0.00000000    -0.04421105   0.00000000
 -0.00329688   0.00000000    -0.01710619   0.00000000    -0.01786429   0.00000000
 -0.00472296   0.00000000    -0.02865248   0.00000000    -0.03482167   0.00000000
    6    3
  0.00075857   0.00000000     0.02305692   0.00000000     0.04421105   0.00000000
  0.00329688   0.00000000    -0.01710619  -0.00000000    -0.01786429  -0.00000000
  0.00472296   0.00000000    -0.02865248  -0.00000000    -0.03482167  -0.00000000
    6    4
  0.02489944  -0.00000000    -0.00000000  -0.00000000     0.00000000   0.00000000
 -0.00000000   0.00000000     0.03336790  -0.00000000     0.06490576  -0.00000000
 -0.00000000  -0.00000000     0.05194781  -0.00000000     0.03336790  -0.00000000
    6    5
 -0.03246885   0.00000000    -0.00000000   0.00000000     0.00000000   0.00000000
  0.00000000   0.00000000    -0.02957673   0.00000000     0.09713488  -0.00000000
  0.00000000   0.00000000     0.07711513  -0.00000000    -0.02957673   0.00000000
    6    6
  0.04487433   0.00000000     0.00000000   0.00000000    -0.00000000   0.00000000
  0.00000000   0.00000000     0.11326340   0.00000000    -0.01300313   0.00000000
  0.00000000   0.00000000    -0.01300313   0.00000000     0.10680912   0.00000000
    6    7
 -0.03384010   0.00000000    -0.00000000   0.00000000    -0.00000000   0.00000000
 -0.00000000   0.00000000     0.05002312  -0.00000000     0.01907923  -0.00000000
  0.00000000   0.00000000     0.01907923  -0.00000000     0.03362575  -0.00000000
    7    1
 -0.02509550   0.00000000    -0.00000000  -0.00000000    -0.00000000  -0.00000000
 -0.00000000  -0.00000000     0.01083009  -0.00000000     0.02958039  -0.00000000
  0.00000000   0.00000000    -0.00853964   0.00000000    -0.02285330   0.00000000
    7    2
  0.00075857  -0.00000000     0.02305692  -0.00000000     0.04421105  -0.00000000
  0.00329688  -0.00000000    -0.01710619   0.00000000    -0.01786429   0.00000000
  0.00472296  -0.00000000    -0.02865248   0.00000000    -0.03482167   0.00000000
    7    3
  0.00075857   0.00000000    -0.02305692  -0.00000000    -0.04421105  -0.00000000
 -0.00329688  -0.00000000    -0.01710619  -0.00000000    -0.01786429  -0.00000000
 -0.00472296  -0.00000000    -0.02865248  -0.00000000    -0.03482167  -0.00000000
    7    4
 -0.03246885   0.00000000    -0.00000000   0.00000000     0.00000000   0.00000000
 -0.00000000   0.00000000    -0.02957673   0.00000000     0.09713488  -0.00000000
  0.00000000   0.00000000     0.07711513  -0.00000000    -0.02957673   0.00000000
    7    5
  0.02489944  -0.00000000    -0.00000000  -0.00000000    -0.00000000   0.00000000
 -0.00000000   0.00000000     0.03336790  -0.00000000     0.06490576  -0.00000000
 -0.00000000  -0.00000000     0.05194781  -0.00000000     0.03336790  -0.00000000
    7    6
 -0.03384010  -0.00000000    -0.00000000  -0.00000000    -0.00000000  -0.00000000
 -0.00000000  -0.00000000     0.05002312   0.00000000     0.01907923   0.00000000
 -0.00000000  -0.00000000     0.01907923   0.00000000     0.03362575   0.00000000
    7    7
  0.04487433   0.00000000     0.00000000   0.00000000    -0.00000000   0.00000000
 -0.00000000   0.00000000     0.11326340   0.00000000    -0.01300313   0.00000000
 -0.00000000   0.00000000    -0.01300313   0.00000000     0.10680912   0.00000000

     Dynamical  Matrix in cartesian axes

     q = (    0.433012700   0.000000000  -0.433012700 ) 

    1    1
  0.15711661   0.00000000    -0.00000000   0.00000000    -0.00479218   0.00000000
  0.00000000   0.00000000     0.13589631   0.00000000    -0.00000000   0.00000000
 -0.00479218   0.00000000    -0.00000000   0.00000000     0.15711661   0.00000000
    1    2
 -0.02285330   0.00000000     0.00000000   0.00000000    -0.02958039   0.00000000
  0.00000000  -0.00000000    -0.02509550   0.00000000    -0.00000000  -0.00000000
  0.00853964  -0.00000000    -0.00000000  -0.00000000     0.01083009  -0.00000000
    1    3
 -0.02285330  -0.00000000     0.00000000   0.00000000    -0.02958039  -0.00000000
  0.00000000   0.00000000    -0.02509550  -0.00000000     0.00000000   0.00000000
  0.00853964   0.00000000    -0.00000000  -0.00000000     0.01083009   0.00000000
    1    4
  0.00000000  -0.00000000    -0.00195600  -0.00000000     0.00000000   0.00000000
 -0.05466936  -0.00000000     0.00000000   0.00000000    -0.05466936  -0.00000000
 -0.00000000   0.00000000    -0.00195600  -0.00000000     0.00000000  -0.00000000
    1    5
  0.00000000   0.00000000    -0.00195600   0.00000000     0.00000000  -0.00000000
 -0.05466936   0.00000000     0.00000000  -0.00000000    -0.05466936   0.00000000
 -0.00000000  -0.00000000    -0.00195600   0.00000000     0.00000000   0.00000000
    1    6
  0.01083009  -0.00000000    -0.00000000  -0.00000000     0.00853964  -0.00000000
  0.00000000  -0.00000000    -0.02509550   0.00000000     0.00000000  -0.00000000
 -0.02958039   0.00000000     0.00000000   0.00000000    -0.02285330   0.00000000
    1    7
  0.01083009   0.00000000    -0.00000000   0.00000000     0.00853964   0.00000000
  0.00000000   0.00000000    -0.02509550  -0.00000000     0.00000000   0.00000000
