  5.000000000000000E-003   1.26088367795901        1.90067469670089     
          12

     Dynamical  Matrix in cartesian axes

     q = (    0.324759526   0.324759526   0.000000000 ) 

    1    1
  0.02319976   0.00000000     0.01315178   0.00000000    -0.00000000   0.00000000
  0.01315178   0.00000000     0.02319976   0.00000000    -0.00000000   0.00000000
 -0.00000000   0.00000000    -0.00000000   0.00000000     0.01517712   0.00000000
    1    2
  0.00445664  -0.00427763     0.01091896   0.00747786     0.00000000   0.00000000
 -0.01053118   0.00326255     0.00205282   0.00882354     0.00000000   0.00000000
  0.00000000   0.00000000     0.00000000   0.00000000    -0.00635383  -0.00397096
    1    3
 -0.00012658  -0.00617606    -0.01300851  -0.00243322    -0.00000000   0.00000000
  0.00513969   0.00975364    -0.00769075   0.00478762    -0.00000000  -0.00000000
 -0.00000000   0.00000000     0.00000000  -0.00000000     0.00730073   0.00168495
    1    4
 -0.00769075   0.00478762     0.00513969   0.00975364    -0.00000000   0.00000000
 -0.01300851  -0.00243322    -0.00012658  -0.00617606    -0.00000000   0.00000000
 -0.00000000   0.00000000    -0.00000000  -0.00000000     0.00730073   0.00168495
    1    5
  0.00205282   0.00882354    -0.01053118   0.00326255     0.00000000   0.00000000
  0.01091896   0.00747786     0.00445664  -0.00427763     0.00000000   0.00000000
  0.00000000   0.00000000     0.00000000   0.00000000    -0.00635383  -0.00397096
    1    6
  0.00035975  -0.00086851     0.00334265  -0.00806988     0.00065718   0.00027221
  0.00334265  -0.00806988     0.00035975  -0.00086851    -0.00065718  -0.00027221
  0.00744177   0.00308248    -0.00744177  -0.00308248     0.00060543  -0.00146164
    1    7
  0.00035975  -0.00086851     0.00334265  -0.00806988    -0.00065718  -0.00027221
  0.00334265  -0.00806988     0.00035975  -0.00086851     0.00065718   0.00027221
 -0.00744177  -0.00308248     0.00744177   0.00308248     0.00060543  -0.00146164
    2    1
  0.00445664   0.00427763    -0.01053118  -0.00326255     0.00000000  -0.00000000
  0.01091896  -0.00747786     0.00205282  -0.00882354     0.00000000  -0.00000000
  0.00000000  -0.00000000     0.00000000  -0.00000000    -0.00635383   0.00397096
    2    2
  0.04670112   0.00000000     0.01215634  -0.01662316    -0.00000000   0.00000000
  0.01215634   0.01662316     0.05544849   0.00000000    -0.00000000   0.00000000
 -0.00000000  -0.00000000    -0.00000000  -0.00000000     0.03708776   0.00000000
    2    3
  0.00664055  -0.04246200     0.01875952  -0.00714960     0.00000000  -0.00000000
  0.01875952  -0.00714960    -0.00310981   0.03793499     0.00000000  -0.00000000
  0.00000000  -0.00000000     0.00000000  -0.00000000    -0.03200219   0.01621879
    2    4
  0.02645197   0.01771107     0.00322059   0.00891342    -0.00000000   0.00000000
  0.00491275   0.04853240     0.02645197   0.01771107    -0.00000000   0.00000000
 -0.00000000   0.00000000    -0.00000000   0.00000000     0.02435645  -0.01319430
    2    5
 -0.01272856  -0.02564989    -0.00606387  -0.00000000     0.00000000   0.00000000
  0.04162891   0.00000000    -0.01272856   0.02564989     0.00000000   0.00000000
  0.00000000   0.00000000     0.00000000   0.00000000    -0.02812955  -0.00000000
    2    6
 -0.01681869   0.01469326     0.00075860  -0.00091439     0.00001511  -0.00006154
 -0.01083129  -0.00635737    -0.00551505  -0.01661933     0.00008302   0.00020356
 -0.03819611   0.00947499    -0.02966439   0.00790888    -0.00023111   0.00039482
    2    7
 -0.01681869   0.01469326     0.00075860  -0.00091439    -0.00001511   0.00006154
 -0.01083129  -0.00635737    -0.00551505  -0.01661933    -0.00008302  -0.00020356
  0.03819611  -0.00947499     0.02966439  -0.00790888    -0.00023111   0.00039482
    3    1
 -0.00012658   0.00617606     0.00513969  -0.00975364    -0.00000000   0.00000000
 -0.01300851   0.00243322    -0.00769075  -0.00478762    -0.00000000   0.00000000
 -0.00000000   0.00000000    -0.00000000  -0.00000000     0.00730073  -0.00168495
    3    2
  0.00664055   0.04246200     0.01875952   0.00714960     0.00000000   0.00000000
  0.01875952   0.00714960    -0.00310981  -0.03793499     0.00000000   0.00000000
  0.00000000   0.00000000     0.00000000   0.00000000    -0.03200219  -0.01621879
    3    3
  0.04670112  -0.00000000     0.01215634   0.01662316    -0.00000000   0.00000000
  0.01215634  -0.01662316     0.05544849  -0.00000000    -0.00000000   0.00000000
 -0.00000000  -0.00000000    -0.00000000  -0.00000000     0.03708776  -0.00000000
    3    4
 -0.01272856   0.02564989    -0.00606387   0.00000000     0.00000000   0.00000000
  0.04162891  -0.00000000    -0.01272856  -0.02564989    -0.00000000   0.00000000
  0.00000000   0.00000000     0.00000000   0.00000000    -0.02812955   0.00000000
    3    5
  0.02645197  -0.01771107     0.00322059  -0.00891342    -0.00000000  -0.00000000
  0.00491275  -0.04853240     0.02645197  -0.01771107    -0.00000000  -0.00000000
 -0.00000000  -0.00000000    -0.00000000  -0.00000000     0.02435645   0.01319430
    3    6
 -0.01681869  -0.01469326     0.00075860   0.00091439    -0.00001511  -0.00006154
 -0.01083129   0.00635737    -0.00551505   0.01661933    -0.00008302   0.00020356
  0.03819611   0.00947499     0.02966439   0.00790888    -0.00023111  -0.00039482
    3    7
 -0.01681869  -0.01469326     0.00075860   0.00091439     0.00001511   0.00006154
 -0.01083129   0.00635737    -0.00551505   0.01661933     0.00008302  -0.00020356
 -0.03819611  -0.00947499    -0.02966439  -0.00790888    -0.00023111  -0.00039482
    4    1
 -0.00769075  -0.00478762    -0.01300851   0.00243322    -0.00000000   0.00000000
  0.00513969  -0.00975364    -0.00012658   0.00617606    -0.00000000   0.00000000
 -0.00000000   0.00000000    -0.00000000   0.00000000     0.00730073  -0.00168495
    4    2
  0.02645197  -0.01771107     0.00491275  -0.04853240    -0.00000000  -0.00000000
  0.00322059  -0.00891342     0.02645197  -0.01771107    -0.00000000  -0.00000000
 -0.00000000  -0.00000000    -0.00000000  -0.00000000     0.02435645   0.01319430
    4    3
 -0.01272856  -0.02564989     0.04162891  -0.00000000     0.00000000   0.00000000
 -0.00606387   0.00000000    -0.01272856   0.02564989     0.00000000   0.00000000
  0.00000000   0.00000000     0.00000000   0.00000000    -0.02812955   0.00000000
    4    4
  0.05544849  -0.00000000     0.01215634  -0.01662316    -0.00000000   0.00000000
  0.01215634   0.01662316     0.04670112  -0.00000000    -0.00000000   0.00000000
 -0.00000000  -0.00000000    -0.00000000  -0.00000000     0.03708776  -0.00000000
    4    5
 -0.00310981  -0.03793499     0.01875952   0.00714960     0.00000000   0.00000000
  0.01875952   0.00714960     0.00664055   0.04246200     0.00000000   0.00000000
  0.00000000   0.00000000     0.00000000   0.00000000    -0.03200219  -0.01621879
    4    6
 -0.00551505   0.01661933    -0.01083129   0.00635737     0.00008302  -0.00020356
  0.00075860   0.00091439    -0.01681869  -0.01469326     0.00001511   0.00006154
 -0.02966439  -0.00790888    -0.03819611  -0.00947499    -0.00023111  -0.00039482
    4    7
 -0.00551505   0.01661933    -0.01083129   0.00635737    -0.00008302   0.00020356
  0.00075860   0.00091439    -0.01681869  -0.01469326    -0.00001511  -0.00006154
  0.02966439   0.00790888     0.03819611   0.00947499    -0.00023111  -0.00039482
    5    1
  0.00205282  -0.00882354     0.01091896  -0.00747786     0.00000000  -0.00000000
 -0.01053118  -0.00326255     0.00445664   0.00427763     0.00000000  -0.00000000
  0.00000000  -0.00000000     0.00000000  -0.00000000    -0.00635383   0.00397096
    5    2
 -0.01272856   0.02564989     0.04162891   0.00000000     0.00000000   0.00000000
 -0.00606387  -0.00000000    -0.01272856  -0.02564989     0.00000000   0.00000000
  0.00000000   0.00000000     0.00000000   0.00000000    -0.02812955  -0.00000000
    5    3
  0.02645197   0.01771107     0.00491275   0.04853240    -0.00000000   0.00000000
  0.00322059   0.00891342     0.02645197   0.01771107    -0.00000000   0.00000000
 -0.00000000   0.00000000    -0.00000000   0.00000000     0.02435645  -0.01319430
    5    4
 -0.00310981   0.03793499     0.01875952  -0.00714960     0.00000000  -0.00000000
  0.01875952  -0.00714960     0.00664055  -0.04246200     0.00000000  -0.00000000
  0.00000000  -0.00000000     0.00000000  -0.00000000    -0.03200219   0.01621879
    5    5
  0.05544849   0.00000000     0.01215634   0.01662316    -0.00000000   0.00000000
  0.01215634  -0.01662316     0.04670112   0.00000000    -0.00000000   0.00000000
 -0.00000000  -0.00000000    -0.00000000  -0.00000000     0.03708776   0.00000000
    5    6
 -0.00551505  -0.01661933    -0.01083129  -0.00635737    -0.00008302  -0.00020356
  0.00075860  -0.00091439    -0.01681869   0.01469326    -0.00001511   0.00006154
  0.02966439  -0.00790888     0.03819611  -0.00947499    -0.00023111   0.00039482
    5    7
 -0.00551505  -0.01661933    -0.01083129  -0.00635737     0.00008302   0.00020356
  0.00075860  -0.00091439    -0.01681869   0.01469326     0.00001511  -0.00006154
 -0.02966439   0.00790888    -0.03819611   0.00947499    -0.00023111   0.00039482
    6    1
  0.00035975   0.00086851     0.00334265   0.00806988     0.00744177  -0.00308248
  0.00334265   0.00806988     0.00035975   0.00086851    -0.00744177   0.00308248
  0.00065718  -0.00027221    -0.00065718   0.00027221     0.00060543   0.00146164
    6    2
 -0.01681869  -0.01469326    -0.01083129   0.00635737    -0.03819611  -0.00947499
  0.00075860   0.00091439    -0.00551505   0.01661933    -0.02966439  -0.00790888
  0.00001511   0.00006154     0.00008302  -0.00020356    -0.00023111  -0.00039482
    6    3
 -0.01681869   0.01469326    -0.01083129  -0.00635737     0.03819611  -0.00947499
  0.00075860  -0.00091439    -0.00551505  -0.01661933     0.02966439  -0.00790888
 -0.00001511   0.00006154    -0.00008302  -0.00020356    -0.00023111   0.00039482
    6    4
 -0.00551505  -0.01661933     0.00075860  -0.00091439    -0.02966439   0.00790888
 -0.01083129  -0.00635737    -0.01681869   0.01469326    -0.03819611   0.00947499
  0.00008302   0.00020356     0.00001511  -0.00006154    -0.00023111   0.00039482
    6    5
 -0.00551505   0.01661933     0.00075860   0.00091439     0.02966439   0.00790888
 -0.01083129   0.00635737    -0.01681869  -0.01469326     0.03819611   0.00947499
 -0.00008302   0.00020356    -0.00001511  -0.00006154    -0.00023111  -0.00039482
    6    6
  0.05667485  -0.00000000     0.03616604   0.00000000     0.00000000  -0.00048858
  0.03616604  -0.00000000     0.05667485   0.00000000     0.00000000   0.00048858
  0.00000000   0.00048858     0.00000000  -0.00048858     0.00189368   0.00000000
    6    7
 -0.03090363   0.00000000    -0.03318987  -0.00000000    -0.00000000  -0.00083010
 -0.03318987   0.00000000    -0.03090363  -0.00000000    -0.00000000   0.00083010
 -0.00000000  -0.00083010    -0.00000000   0.00083010     0.00042178   0.00000000
    7    1
  0.00035975   0.00086851     0.00334265   0.00806988    -0.00744177   0.00308248
  0.00334265   0.00806988     0.00035975   0.00086851     0.00744177  -0.00308248
 -0.00065718   0.00027221     0.00065718  -0.00027221     0.00060543   0.00146164
    7    2
 -0.01681869  -0.01469326    -0.01083129   0.00635737     0.03819611   0.00947499
  0.00075860   0.00091439    -0.00551505   0.01661933     0.02966439   0.00790888
 -0.00001511  -0.00006154    -0.00008302   0.00020356    -0.00023111  -0.00039482
    7    3
 -0.01681869   0.01469326    -0.01083129  -0.00635737    -0.03819611   0.00947499
  0.00075860  -0.00091439    -0.00551505  -0.01661933    -0.02966439   0.00790888
  0.00001511  -0.00006154     0.00008302   0.00020356    -0.00023111   0.00039482
    7    4
 -0.00551505  -0.01661933     0.00075860  -0.00091439     0.02966439  -0.00790888
 -0.01083129  -0.00635737    -0.01681869   0.01469326     0.03819611  -0.00947499
 -0.00008302  -0.00020356    -0.00001511   0.00006154    -0.00023111   0.00039482
    7    5
 -0.00551505   0.01661933     0.00075860   0.00091439    -0.02966439  -0.00790888
 -0.01083129   0.00635737    -0.01681869  -0.01469326    -0.03819611  -0.00947499
  0.00008302  -0.00020356     0.00001511   0.00006154    -0.00023111  -0.00039482
    7    6
 -0.03090363  -0.00000000    -0.03318987   0.00000000    -0.00000000   0.00083010
 -0.03318987  -0.00000000    -0.03090363   0.00000000    -0.00000000  -0.00083010
 -0.00000000   0.00083010    -0.00000000  -0.00083010     0.00042178   0.00000000
    7    7
  0.05667485   0.00000000     0.03616604  -0.00000000     0.00000000   0.00048858
  0.03616604   0.00000000     0.05667485  -0.00000000     0.00000000  -0.00048858
  0.00000000  -0.00048858     0.00000000   0.00048858     0.00189368  -0.00000000

     Dynamical  Matrix in cartesian axes

     q = (    0.324759526  -0.324759526   0.000000000 ) 

    1    1
  0.02319976   0.00000000    -0.01315178   0.00000000    -0.00000000   0.00000000
 -0.01315178   0.00000000     0.02319976   0.00000000    -0.00000000   0.00000000
 -0.00000000   0.00000000    -0.00000000   0.00000000     0.01517712   0.00000000
    1    2
  0.00445664  -0.00427763    -0.01091896  -0.00747786     0.00000000   0.00000000
  0.01053118  -0.00326255     0.00205282   0.00882354     0.00000000   0.00000000
  0.00000000   0.00000000     0.00000000   0.00000000    -0.00635383  -0.00397096
    1    3
  0.00445664   0.00427763    -0.01091896   0.00747786     0.00000000   0.00000000
  0.01053118   0.00326255     0.00205282  -0.00882354     0.00000000  -0.00000000
  0.00000000  -0.00000000     0.00000000  -0.00000000    -0.00635383   0.00397096
    1    4
  0.00205282   0.00882354     0.01053118  -0.00326255     0.00000000  -0.00000000
 -0.01091896  -0.00747786     0.00445664  -0.00427763     0.00000000   0.00000000
  0.00000000  -0.00000000     0.00000000  -0.00000000    -0.00635383  -0.00397096
    1    5
  0.00205282  -0.00882354     0.01053118   0.00326255     0.00000000  -0.00000000
 -0.01091896   0.00747786     0.00445664   0.00427763     0.00000000  -0.00000000
  0.00000000   0.00000000     0.00000000  -0.00000000    -0.00635383   0.00397096
    1    6
  0.00035975   0.00086851    -0.00334265  -0.00806988    -0.00065718   0.00027221
 -0.00334265  -0.00806988     0.00035975   0.00086851    -0.00065718   0.00027221
 -0.00744177   0.00308248    -0.00744177   0.00308248     0.00060543   0.00146164
    1    7
  0.00035975  -0.00086851    -0.00334265   0.00806988    -0.00065718  -0.00027221
 -0.00334265   0.00806988     0.00035975  -0.00086851    -0.00065718  -0.00027221
 -0.00744177  -0.00308248    -0.00744177  -0.00308248     0.00060543  -0.00146164
    2    1
  0.00445664   0.00427763     0.01053118   0.00326255     0.00000000  -0.00000000
 -0.01091896   0.00747786     0.00205282  -0.00882354     0.00000000  -0.00000000
  0.00000000  -0.00000000     0.00000000   0.00000000    -0.00635383   0.00397096
    2    2
  0.04670112  -0.00000000    -0.01215634   0.01662316    -0.00000000  -0.00000000
 -0.01215634  -0.01662316     0.05544849  -0.00000000    -0.00000000  -0.00000000
 -0.00000000   0.00000000    -0.00000000   0.00000000     0.03708776  -0.00000000
    2    3
  0.02532959   0.03472075     0.00820945  -0.01832051    -0.00000000   0.00000000
  0.00820945  -0.01832051    -0.02462511  -0.02902306    -0.00000000   0.00000000
 -0.00000000   0.00000000    -0.00000000   0.00000000     0.01116055  -0.03409738
    2    4
 -0.01272856  -0.02564989     0.00606387   0.00000000     0.00000000  -0.00000000
 -0.04162891  -0.00000000    -0.01272856   0.02564989     0.00000000  -0.00000000
  0.00000000   0.00000000     0.00000000   0.00000000    -0.02812955  -0.00000000
    2    5
 -0.03122799   0.00618075     0.00858004   0.00402544     0.00000000  -0.00000000
  0.03779143   0.03084375    -0.03122799   0.00618075    -0.00000000  -0.00000000
 -0.00000000  -0.00000000     0.00000000  -0.00000000    -0.00789283   0.02655239
    2    6
  0.00150291  -0.02228231    -0.00011016  -0.00118298     0.00003283   0.00005421
 -0.01215422   0.00316354     0.01565137   0.00785191     0.00020264   0.00008524
  0.02030890  -0.03370855    -0.01538346   0.02656832    -0.00011576  -0.00044260
    2    7
 -0.01681869   0.01469326    -0.00075860   0.00091439    -0.00001511   0.00006154
  0.01083129   0.00635737    -0.00551505  -0.01661933     0.00008302   0.00020356
  0.03819611  -0.00947499    -0.02966439   0.00790888    -0.00023111   0.00039482
    3    1
  0.00445664  -0.00427763     0.01053118  -0.00326255     0.00000000   0.00000000
 -0.01091896  -0.00747786     0.00205282   0.00882354     0.00000000   0.00000000
  0.00000000   0.00000000     0.00000000   0.00000000    -0.00635383  -0.00397096
    3    2
  0.02532959  -0.03472075     0.00820945   0.01832051     0.00000000  -0.00000000
  0.00820945   0.01832051    -0.02462511   0.02902306     0.00000000  -0.00000000
  0.00000000  -0.00000000    -0.00000000  -0.00000000     0.01116055   0.03409738
    3    3
  0.04670112  -0.00000000    -0.01215634  -0.01662316    -0.00000000   0.00000000
 -0.01215634   0.01662316     0.05544849   0.00000000    -0.00000000   0.00000000
 -0.00000000   0.00000000    -0.00000000   0.00000000     0.03708776   0.00000000
    3    4
 -0.03122799  -0.00618075     0.00858004  -0.00402544     0.00000000   0.00000000
  0.03779143  -0.03084375    -0.03122799  -0.00618075    -0.00000000   0.00000000
 -0.00000000   0.00000000     0.00000000   0.00000000    -0.00789283  -0.02655239
    3    5
 -0.01272856   0.02564989     0.00606387  -0.00000000     0.00000000  -0.00000000
 -0.04162891  -0.00000000    -0.01272856  -0.02564989     0.00000000  -0.00000000
  0.00000000  -0.00000000     0.00000000  -0.00000000    -0.02812955  -0.00000000
    3    6
 -0.01681869  -0.01469326    -0.00075860  -0.00091439    -0.00001511  -0.00006154
  0.01083129  -0.00635737    -0.00551505   0.01661933     0.00008302  -0.00020356
  0.03819611   0.00947499    -0.02966439  -0.00790888    -0.00023111  -0.00039482
    3    7
  0.00150291   0.02228231    -0.00011016   0.00118298     0.00003283  -0.00005421
 -0.01215422  -0.00316354     0.01565137  -0.00785191     0.00020264  -0.00008524
  0.02030890   0.03370855    -0.01538346  -0.02656832    -0.00011576   0.00044260
    4    1
  0.00205282  -0.00882354    -0.01091896   0.00747786     0.00000000   0.00000000
  0.01053118   0.00326255     0.00445664   0.00427763     0.00000000   0.00000000
  0.00000000   0.00000000     0.00000000   0.00000000    -0.00635383   0.00397096
    4    2
 -0.01272856   0.02564989    -0.04162891   0.00000000     0.00000000   0.00000000
  0.00606387  -0.00000000    -0.01272856  -0.02564989     0.00000000   0.00000000
  0.00000000   0.00000000     0.00000000   0.00000000    -0.02812955   0.00000000
    4    3
 -0.03122799   0.00618075     0.03779143   0.03084375     0.00000000  -0.00000000
  0.00858004   0.00402544    -0.03122799   0.00618075     0.00000000  -0.00000000
  0.00000000  -0.00000000     0.00000000  -0.00000000    -0.00789283   0.02655239
    4    4
  0.05544849  -0.00000000    -0.01215634  -0.01662316    -0.00000000  -0.00000000
 -0.01215634   0.01662316     0.04670112   0.00000000    -0.00000000  -0.00000000
 -0.00000000   0.00000000    -0.00000000   0.00000000     0.03708776  -0.00000000
    4    5
 -0.02462511  -0.02902306     0.00820945  -0.01832051    -0.00000000   0.00000000
  0.00820945  -0.01832051     0.02532959   0.03472075    -0.00000000   0.00000000
  0.00000000   0.00000000    -0.00000000   0.00000000     0.01116055  -0.03409738
    4    6
  0.01565137   0.00785191    -0.01215422   0.00316354     0.00020264   0.00008524
 -0.00011016  -0.00118298     0.00150291  -0.02228231     0.00003283   0.00005421
 -0.01538346   0.02656832     0.02030890  -0.03370855    -0.00011576  -0.00044260
    4    7
 -0.00551505  -0.01661933     0.01083129   0.00635737     0.00008302   0.00020356
 -0.00075860   0.00091439    -0.01681869   0.01469326    -0.00001511   0.00006154
 -0.02966439   0.00790888     0.03819611  -0.00947499    -0.00023111   0.00039482
    5    1
  0.00205282   0.00882354    -0.01091896  -0.00747786     0.00000000   0.00000000
  0.01053118  -0.00326255     0.00445664  -0.00427763     0.00000000   0.00000000
  0.00000000   0.00000000    -0.00000000   0.00000000    -0.00635383  -0.00397096
    5    2
 -0.03122799  -0.00618075     0.03779143  -0.03084375    -0.00000000   0.00000000
  0.00858004  -0.00402544    -0.03122799  -0.00618075     0.00000000   0.00000000
  0.00000000   0.00000000     0.00000000   0.00000000    -0.00789283  -0.02655239
    5    3
 -0.01272856  -0.02564989    -0.04162891   0.00000000     0.00000000  -0.00000000
  0.00606387  -0.00000000    -0.01272856   0.02564989     0.00000000  -0.00000000
  0.00000000   0.00000000     0.00000000   0.00000000    -0.02812955   0.00000000
    5    4
 -0.02462511   0.02902306     0.00820945   0.01832051     0.00000000  -0.00000000
  0.00820945   0.01832051     0.02532959  -0.03472075     0.00000000  -0.00000000
  0.00000000  -0.00000000     0.00000000  -0.00000000     0.01116055   0.03409738
    5    5
  0.05544849   0.00000000    -0.01215634   0.01662316    -0.00000000   0.00000000
 -0.01215634  -0.01662316     0.04670112  -0.00000000    -0.00000000   0.00000000
 -0.00000000   0.00000000    -0.00000000   0.00000000     0.03708776   0.00000000
    5    6
 -0.00551505   0.01661933     0.01083129  -0.00635737     0.00008302  -0.00020356
 -0.00075860  -0.00091439    -0.01681869  -0.01469326    -0.00001511  -0.00006154
 -0.02966439  -0.00790888     0.03819611   0.00947499    -0.00023111  -0.00039482
    5    7
  0.01565137  -0.00785191    -0.01215422  -0.00316354     0.00020264  -0.00008524
 -0.00011016   0.00118298     0.00150291   0.02228231     0.00003283  -0.00005421
 -0.01538346  -0.02656832     0.02030890   0.03370855    -0.00011576   0.00044260
    6    1
  0.00035975  -0.00086851    -0.00334265   0.00806988    -0.00744177  -0.00308248
 -0.00334265   0.00806988     0.00035975  -0.00086851    -0.00744177  -0.00308248
 -0.00065718  -0.00027221    -0.00065718  -0.00027221     0.00060543  -0.00146164
    6    2
  0.00150291   0.02228231    -0.01215422  -0.00316354     0.02030890   0.03370855
 -0.00011016   0.00118298     0.01565137  -0.00785191    -0.01538346  -0.02656832
  0.00003283  -0.00005421     0.00020264  -0.00008524    -0.00011576   0.00044260
    6    3
 -0.01681869   0.01469326     0.01083129   0.00635737     0.03819611  -0.00947499
 -0.00075860   0.00091439    -0.00551505  -0.01661933    -0.02966439   0.00790888
 -0.00001511   0.00006154     0.00008302   0.00020356    -0.00023111   0.00039482
    6    4
  0.01565137  -0.00785191    -0.00011016   0.00118298    -0.01538346  -0.02656832
 -0.01215422  -0.00316354     0.00150291   0.02228231     0.02030890   0.03370855
  0.00020264  -0.00008524     0.00003283  -0.00005421    -0.00011576   0.00044260
    6    5
 -0.00551505  -0.01661933    -0.00075860   0.00091439    -0.02966439   0.00790888
  0.01083129   0.00635737    -0.01681869   0.01469326     0.03819611  -0.00947499
  0.00008302   0.00020356    -0.00001511   0.00006154    -0.00023111   0.00039482
    6    6
  0.05667485   0.00000000    -0.03616604   0.00000000    -0.00000000  -0.00048858
 -0.03616604  -0.00000000     0.05667485  -0.00000000    -0.00000000  -0.00048858
 -0.00000000   0.00048858    -0.00000000   0.00048858     0.00189368   0.00000000
    6    7
  0.02185217   0.02185217    -0.02346878  -0.02346878    -0.00058697   0.00058697
 -0.02346878  -0.02346878     0.02185217   0.02185217    -0.00058697   0.00058697
 -0.00058697   0.00058697    -0.00058697   0.00058697    -0.00029825  -0.00029825
    7    1
  0.00035975   0.00086851    -0.00334265  -0.00806988    -0.00744177   0.00308248
 -0.00334265  -0.00806988     0.00035975   0.00086851    -0.00744177   0.00308248
 -0.00065718   0.00027221    -0.00065718   0.00027221     0.00060543   0.00146164
    7    2
 -0.01681869  -0.01469326     0.01083129  -0.00635737     0.03819611   0.00947499
 -0.00075860  -0.00091439    -0.00551505   0.01661933    -0.02966439  -0.00790888
 -0.00001511  -0.00006154     0.00008302  -0.00020356    -0.00023111  -0.00039482
    7    3
  0.00150291  -0.02228231    -0.01215422   0.00316354     0.02030890  -0.03370855
 -0.00011016  -0.00118298     0.01565137   0.00785191    -0.01538346   0.02656832
  0.00003283   0.00005421     0.00020264   0.00008524    -0.00011576  -0.00044260
    7    4
 -0.00551505   0.01661933    -0.00075860  -0.00091439    -0.02966439  -0.00790888
  0.01083129  -0.00635737    -0.01681869  -0.01469326     0.03819611   0.00947499
  0.00008302  -0.00020356    -0.00001511  -0.00006154    -0.00023111  -0.00039482
    7    5
  0.01565137   0.00785191    -0.00011016  -0.00118298    -0.01538346   0.02656832
 -0.01215422   0.00316354     0.00150291  -0.02228231     0.02030890  -0.03370855
  0.00020264   0.00008524     0.00003283   0.00005421    -0.00011576  -0.00044260
    7    6
  0.02185217  -0.02185217    -0.02346878   0.02346878    -0.00058697  -0.00058697
 -0.02346878   0.02346878     0.02185217  -0.02185217    -0.00058697  -0.00058697
 -0.00058697  -0.00058697    -0.00058697  -0.00058697    -0.00029825   0.00029825
    7    7
  0.05667485  -0.00000000    -0.03616604  -0.00000000    -0.00000000   0.00048858
 -0.03616604  -0.00000000     0.05667485  -0.00000000    -0.00000000   0.00048858
 -0.00000000  -0.00048858    -0.00000000  -0.00048858     0.00189368   0.00000000

     Dynamical  Matrix in cartesian axes

     q = (   -0.324759526  -0.324759526   0.000000000 ) 

    1    1
  0.02319976   0.00000000     0.01315178   0.00000000    -0.00000000   0.00000000
  0.01315178   0.00000000     0.02319976   0.00000000    -0.00000000   0.00000000
 -0.00000000   0.00000000    -0.00000000   0.00000000     0.01517712   0.00000000
    1    2
  0.00445664   0.00427763     0.01091896  -0.00747786     0.00000000  -0.00000000
 -0.01053118  -0.00326255     0.00205282  -0.00882354     0.00000000  -0.00000000
  0.00000000  -0.00000000     0.00000000  -0.00000000    -0.00635383   0.00397096
    1    3
 -0.00012658   0.00617606    -0.01300851   0.00243322    -0.00000000  -0.00000000
  0.00513969  -0.00975364    -0.00769075  -0.00478762    -0.00000000  -0.00000000
 -0.00000000   0.00000000    -0.00000000   0.00000000     0.00730073  -0.00168495
    1    4
 -0.00769075  -0.00478762     0.00513969  -0.00975364    -0.00000000   0.00000000
 -0.01300851   0.00243322    -0.00012658   0.00617606    -0.00000000  -0.00000000
 -0.00000000   0.00000000    -0.00000000   0.00000000     0.00730073  -0.00168495
    1    5
  0.00205282  -0.00882354    -0.01053118  -0.00326255     0.00000000   0.00000000
  0.01091896  -0.00747786     0.00445664   0.00427763     0.00000000   0.00000000
  0.00000000  -0.00000000     0.00000000  -0.00000000    -0.00635383   0.00397096
    1    6
  0.00035975   0.00086851     0.00334265   0.00806988     0.00065718  -0.00027221
  0.00334265   0.00806988     0.00035975   0.00086851    -0.00065718   0.00027221
  0.00744177  -0.00308248    -0.00744177   0.00308248     0.00060543   0.00146164
    1    7
  0.00035975   0.00086851     0.00334265   0.00806988    -0.00065718   0.00027221
  0.00334265   0.00806988     0.00035975   0.00086851     0.00065718  -0.00027221
 -0.00744177   0.00308248     0.00744177  -0.00308248     0.00060543   0.00146164
    2    1
  0.00445664  -0.00427763    -0.01053118   0.00326255     0.00000000   0.00000000
  0.01091896   0.00747786     0.00205282   0.00882354     0.00000000   0.00000000
  0.00000000   0.00000000     0.00000000   0.00000000    -0.00635383  -0.00397096
    2    2
  0.04670112  -0.00000000     0.01215634   0.01662316    -0.00000000   0.00000000
  0.01215634  -0.01662316     0.05544849  -0.00000000    -0.00000000   0.00000000
 -0.00000000  -0.00000000    -0.00000000  -0.00000000     0.03708776  -0.00000000
    2    3
  0.00664055   0.04246200     0.01875952   0.00714960     0.00000000   0.00000000
  0.01875952   0.00714960    -0.00310981  -0.03793499     0.00000000   0.00000000
  0.00000000   0.00000000     0.00000000   0.00000000    -0.03200219  -0.01621879
    2    4
  0.02645197  -0.01771107     0.00322059  -0.00891342    -0.00000000  -0.00000000
  0.00491275  -0.04853240     0.02645197  -0.01771107    -0.00000000  -0.00000000
 -0.00000000  -0.00000000    -0.00000000  -0.00000000     0.02435645   0.01319430
    2    5
 -0.01272856   0.02564989    -0.00606387   0.00000000     0.00000000   0.00000000
  0.04162891  -0.00000000    -0.01272856  -0.02564989     0.00000000   0.00000000
  0.00000000   0.00000000     0.00000000   0.00000000    -0.02812955   0.00000000
    2    6
 -0.01681869  -0.01469326     0.00075860   0.00091439     0.00001511   0.00006154
 -0.01083129   0.00635737    -0.00551505   0.01661933     0.00008302  -0.00020356
 -0.03819611  -0.00947499    -0.02966439  -0.00790888    -0.00023111  -0.00039482
    2    7
 -0.01681869  -0.01469326     0.00075860   0.00091439    -0.00001511  -0.00006154
 -0.01083129   0.00635737    -0.00551505   0.01661933    -0.00008302   0.00020356
  0.03819611   0.00947499     0.02966439   0.00790888    -0.00023111  -0.00039482
    3    1
 -0.00012658  -0.00617606     0.00513969   0.00975364    -0.00000000   0.00000000
 -0.01300851  -0.00243322    -0.00769075   0.00478762    -0.00000000   0.00000000
 -0.00000000  -0.00000000    -0.00000000  -0.00000000     0.00730073   0.00168495
    3    2
  0.00664055  -0.04246200     0.01875952  -0.00714960     0.00000000  -0.00000000
  0.01875952  -0.00714960    -0.00310981   0.03793499     0.00000000  -0.00000000
  0.00000000  -0.00000000     0.00000000  -0.00000000    -0.03200219   0.01621879
    3    3
  0.04670112   0.00000000     0.01215634  -0.01662316    -0.00000000   0.00000000
  0.01215634   0.01662316     0.05544849   0.00000000    -0.00000000   0.00000000
 -0.00000000   0.00000000    -0.00000000   0.00000000     0.03708776   0.00000000
    3    4
 -0.01272856  -0.02564989    -0.00606387  -0.00000000     0.00000000   0.00000000
  0.04162891   0.00000000    -0.01272856   0.02564989     0.00000000   0.00000000
  0.00000000   0.00000000     0.00000000   0.00000000    -0.02812955  -0.00000000
    3    5
  0.02645197   0.01771107     0.00322059   0.00891342    -0.00000000   0.00000000
  0.00491275   0.04853240     0.02645197   0.01771107    -0.00000000   0.00000000
 -0.00000000   0.00000000    -0.00000000   0.00000000     0.02435645  -0.01319430
    3    6
 -0.01681869   0.01469326     0.00075860  -0.00091439    -0.00001511   0.00006154
 -0.01083129  -0.00635737    -0.00551505  -0.01661933    -0.00008302  -0.00020356
  0.03819611  -0.00947499     0.02966439  -0.00790888    -0.00023111   0.00039482
    3    7
 -0.01681869   0.01469326     0.00075860  -0.00091439     0.00001511  -0.00006154
 -0.01083129  -0.00635737    -0.00551505  -0.01661933     0.00008302   0.00020356
 -0.03819611   0.00947499    -0.02966439   0.00790888    -0.00023111   0.00039482
    4    1
 -0.00769075   0.00478762    -0.01300851  -0.00243322    -0.00000000   0.00000000
  0.00513969   0.00975364    -0.00012658  -0.00617606    -0.00000000   0.00000000
 -0.00000000  -0.00000000    -0.00000000  -0.00000000     0.00730073   0.00168495
    4    2
  0.02645197   0.01771107     0.00491275   0.04853240    -0.00000000   0.00000000
  0.00322059   0.00891342     0.02645197   0.01771107    -0.00000000   0.00000000
 -0.00000000   0.00000000    -0.00000000   0.00000000     0.02435645  -0.01319430
    4    3
 -0.01272856   0.02564989     0.04162891   0.00000000     0.00000000   0.00000000
 -0.00606387  -0.00000000    -0.01272856  -0.02564989     0.00000000   0.00000000
  0.00000000   0.00000000     0.00000000   0.00000000    -0.02812955  -0.00000000
    4    4
  0.05544849   0.00000000     0.01215634   0.01662316    -0.00000000   0.00000000
  0.01215634  -0.01662316     0.04670112   0.00000000    -0.00000000   0.00000000
 -0.00000000   0.00000000    -0.00000000   0.00000000     0.03708776   0.00000000
    4    5
 -0.00310981   0.03793499     0.01875952  -0.00714960     0.00000000  -0.00000000
  0.01875952  -0.00714960     0.00664055  -0.04246200     0.00000000  -0.00000000
  0.00000000  -0.00000000     0.00000000  -0.00000000    -0.03200219   0.01621879
    4    6
 -0.00551505  -0.01661933    -0.01083129  -0.00635737     0.00008302   0.00020356
  0.00075860  -0.00091439    -0.01681869   0.01469326     0.00001511  -0.00006154
 -0.02966439   0.00790888    -0.03819611   0.00947499    -0.00023111   0.00039482
    4    7
 -0.00551505  -0.01661933    -0.01083129  -0.00635737    -0.00008302  -0.00020356
  0.00075860  -0.00091439    -0.01681869   0.01469326    -0.00001511   0.00006154
  0.02966439  -0.00790888     0.03819611  -0.00947499    -0.00023111   0.00039482
    5    1
  0.00205282   0.00882354     0.01091896   0.00747786     0.00000000   0.00000000
 -0.01053118   0.00326255     0.00445664  -0.00427763     0.00000000   0.00000000
  0.00000000   0.00000000     0.00000000  -0.00000000    -0.00635383  -0.00397096
    5    2
 -0.01272856  -0.02564989     0.04162891  -0.00000000     0.00000000   0.00000000
 -0.00606387   0.00000000    -0.01272856   0.02564989     0.00000000   0.00000000
  0.00000000   0.00000000     0.00000000   0.00000000    -0.02812955   0.00000000
    5    3
  0.02645197  -0.01771107     0.00491275  -0.04853240    -0.00000000  -0.00000000
  0.00322059  -0.00891342     0.02645197  -0.01771107    -0.00000000  -0.00000000
 -0.00000000  -0.00000000    -0.00000000  -0.00000000     0.02435645   0.01319430
    5    4
 -0.00310981  -0.03793499     0.01875952   0.00714960     0.00000000   0.00000000
  0.01875952   0.00714960     0.00664055   0.04246200     0.00000000   0.00000000
  0.00000000   0.00000000     0.00000000   0.00000000    -0.03200219  -0.01621879
    5    5
  0.05544849   0.00000000     0.01215634  -0.01662316    -0.00000000   0.00000000
  0.01215634   0.01662316     0.04670112   0.00000000    -0.00000000   0.00000000
 -0.00000000   0.00000000    -0.00000000   0.00000000     0.03708776  -0.00000000
    5    6
 -0.00551505   0.01661933    -0.01083129   0.00635737    -0.00008302   0.00020356
  0.00075860   0.00091439    -0.01681869  -0.01469326    -0.00001511  -0.00006154
  0.02966439   0.00790888     0.03819611   0.00947499    -0.00023111  -0.00039482
    5    7
 -0.00551505   0.01661933    -0.01083129   0.00635737     0.00008302  -0.00020356
  0.00075860   0.00091439    -0.01681869  -0.01469326     0.00001511   0.00006154
 -0.02966439  -0.00790888    -0.03819611  -0.00947499    -0.00023111  -0.00039482
    6    1
  0.00035975  -0.00086851     0.00334265  -0.00806988     0.00744177   0.00308248
  0.00334265  -0.00806988     0.00035975  -0.00086851    -0.00744177  -0.00308248
  0.00065718   0.00027221    -0.00065718  -0.00027221     0.00060543  -0.00146164
    6    2
 -0.01681869   0.01469326    -0.01083129  -0.00635737    -0.03819611   0.00947499
  0.00075860  -0.00091439    -0.00551505  -0.01661933    -0.02966439   0.00790888
  0.00001511  -0.00006154     0.00008302   0.00020356    -0.00023111   0.00039482
    6    3
 -0.01681869  -0.01469326    -0.01083129   0.00635737     0.03819611   0.00947499
  0.00075860   0.00091439    -0.00551505   0.01661933     0.02966439   0.00790888
 -0.00001511  -0.00006154    -0.00008302   0.00020356    -0.00023111  -0.00039482
    6    4
 -0.00551505   0.01661933     0.00075860   0.00091439    -0.02966439  -0.00790888
 -0.01083129   0.00635737    -0.01681869  -0.01469326    -0.03819611  -0.00947499
  0.00008302  -0.00020356     0.00001511   0.00006154    -0.00023111  -0.00039482
    6    5
 -0.00551505  -0.01661933     0.00075860  -0.00091439     0.02966439  -0.00790888
 -0.01083129  -0.00635737    -0.01681869   0.01469326     0.03819611  -0.00947499
 -0.00008302  -0.00020356    -0.00001511   0.00006154    -0.00023111   0.00039482
    6    6
  0.05667485   0.00000000     0.03616604  -0.00000000     0.00000000   0.00048858
  0.03616604   0.00000000     0.05667485  -0.00000000     0.00000000  -0.00048858
  0.00000000  -0.00048858     0.00000000   0.00048858     0.00189368  -0.00000000
    6    7
 -0.03090363  -0.00000000    -0.03318987   0.00000000    -0.00000000   0.00083010
 -0.03318987  -0.00000000    -0.03090363   0.00000000    -0.00000000  -0.00083010
 -0.00000000   0.00083010    -0.00000000  -0.00083010     0.00042178   0.00000000
    7    1
  0.00035975  -0.00086851     0.00334265  -0.00806988    -0.00744177  -0.00308248
  0.00334265  -0.00806988     0.00035975  -0.00086851     0.00744177   0.00308248
 -0.00065718  -0.00027221     0.00065718   0.00027221     0.00060543  -0.00146164
    7    2
 -0.01681869   0.01469326    -0.01083129  -0.00635737     0.03819611  -0.00947499
  0.00075860  -0.00091439    -0.00551505  -0.01661933     0.02966439  -0.00790888
 -0.00001511   0.00006154    -0.00008302  -0.00020356    -0.00023111   0.00039482
    7    3
 -0.01681869  -0.01469326    -0.01083129   0.00635737    -0.03819611  -0.00947499
  0.00075860   0.00091439    -0.00551505   0.01661933    -0.02966439  -0.00790888
  0.00001511   0.00006154     0.00008302  -0.00020356    -0.00023111  -0.00039482
    7    4
 -0.00551505   0.01661933     0.00075860   0.00091439     0.02966439   0.00790888
 -0.01083129   0.00635737    -0.01681869  -0.01469326     0.03819611   0.00947499
 -0.00008302   0.00020356    -0.00001511  -0.00006154    -0.00023111  -0.00039482
    7    5
 -0.00551505  -0.01661933     0.00075860  -0.00091439    -0.02966439   0.00790888
 -0.01083129  -0.00635737    -0.01681869   0.01469326    -0.03819611   0.00947499
  0.00008302   0.00020356     0.00001511  -0.00006154    -0.00023111   0.00039482
    7    6
 -0.03090363   0.00000000    -0.03318987  -0.00000000    -0.00000000  -0.00083010
 -0.03318987   0.00000000    -0.03090363  -0.00000000    -0.00000000   0.00083010
 -0.00000000  -0.00083010    -0.00000000   0.00083010     0.00042178   0.00000000
    7    7
  0.05667485  -0.00000000     0.03616604   0.00000000     0.00000000  -0.00048858
  0.03616604  -0.00000000     0.05667485   0.00000000     0.00000000   0.00048858
  0.00000000   0.00048858     0.00000000  -0.00048858     0.00189368   0.00000000

     Dynamical  Matrix in cartesian axes

     q = (   -0.324759526   0.324759526   0.000000000 ) 

    1    1
  0.02319976   0.00000000    -0.01315178   0.00000000    -0.00000000   0.00000000
 -0.01315178   0.00000000     0.02319976   0.00000000    -0.00000000   0.00000000
 -0.00000000   0.00000000    -0.00000000   0.00000000     0.01517712   0.00000000
    1    2
  0.00445664   0.00427763    -0.01091896   0.00747786     0.00000000  -0.00000000
  0.01053118   0.00326255     0.00205282  -0.00882354     0.00000000  -0.00000000
  0.00000000  -0.00000000     0.00000000  -0.00000000    -0.00635383   0.00397096
    1    3
  0.00445664  -0.00427763    -0.01091896  -0.00747786     0.00000000   0.00000000
  0.01053118  -0.00326255     0.00205282   0.00882354     0.00000000   0.00000000
  0.00000000   0.00000000     0.00000000   0.00000000    -0.00635383  -0.00397096
    1    4
  0.00205282  -0.00882354     0.01053118   0.00326255     0.00000000  -0.00000000
 -0.01091896   0.00747786     0.00445664   0.00427763     0.00000000  -0.00000000
  0.00000000   0.00000000     0.00000000   0.00000000    -0.00635383   0.00397096
    1    5
  0.00205282   0.00882354     0.01053118  -0.00326255     0.00000000   0.00000000
 -0.01091896  -0.00747786     0.00445664  -0.00427763     0.00000000   0.00000000
  0.00000000   0.00000000     0.00000000   0.00000000    -0.00635383  -0.00397096
    1    6
  0.00035975  -0.00086851    -0.00334265   0.00806988    -0.00065718  -0.00027221
 -0.00334265   0.00806988     0.00035975  -0.00086851    -0.00065718  -0.00027221
 -0.00744177  -0.00308248    -0.00744177  -0.00308248     0.00060543  -0.00146164
    1    7
  0.00035975   0.00086851    -0.00334265  -0.00806988    -0.00065718   0.00027221
 -0.00334265  -0.00806988     0.00035975   0.00086851    -0.00065718   0.00027221
