  5.000000000000000E-003   1.26088367795901        1.90067469670089     
           8

     Dynamical  Matrix in cartesian axes

     q = (   -0.649519100  -0.216506400  -0.216506400 ) 

    1    1
  0.17414752  -0.00000000    -0.03388993  -0.00000000    -0.03388993  -0.00000000
 -0.03388993  -0.00000000     0.17414752  -0.00000000     0.03388993  -0.00000000
 -0.03388993  -0.00000000     0.03388993   0.00000000     0.17414752  -0.00000000
    1    2
  0.01108900  -0.02677120     0.00170365   0.02654857    -0.01997735   0.01756800
 -0.04743387   0.02136386     0.01079802  -0.00541496    -0.02056092  -0.00577278
  0.01843425   0.04864736     0.01862073   0.01045680    -0.00380640  -0.01146431
    1    3
  0.01108900  -0.02677120    -0.01997735   0.01756800     0.00170365   0.02654857
  0.01843425   0.04864736    -0.00380640  -0.01146431     0.01862073   0.01045680
 -0.04743387   0.02136386    -0.02056092  -0.00577278     0.01079802  -0.00541496
    1    4
 -0.00380640   0.01146431     0.01843428  -0.04864735    -0.01862074   0.01045679
 -0.01997734  -0.01756801     0.01108899   0.02677121    -0.00170367   0.02654857
  0.02056092  -0.00577277     0.04743386   0.02136389     0.01079802   0.00541496
    1    5
 -0.00541497   0.01079802     0.02136390  -0.04743386     0.00577277   0.02056092
  0.02654857   0.00170367    -0.02677121   0.01108899    -0.01756801   0.01997733
 -0.01045679  -0.01862074    -0.04864735  -0.01843428    -0.01146431  -0.00380640
    1    6
 -0.00541497   0.01079802     0.00577277   0.02056092     0.02136390  -0.04743386
 -0.01045679  -0.01862074    -0.01146431  -0.00380640    -0.04864735  -0.01843428
  0.02654857   0.00170367    -0.01756801   0.01997733    -0.02677121   0.01108899
    1    7
 -0.00380640   0.01146431    -0.01862074   0.01045679     0.01843428  -0.04864735
  0.02056092  -0.00577277     0.01079802   0.00541496     0.04743386   0.02136389
 -0.01997734  -0.01756801    -0.00170367   0.02654857     0.01108899   0.02677121
    2    1
  0.01108900   0.02677120    -0.04743387  -0.02136386     0.01843425  -0.04864736
  0.00170365  -0.02654857     0.01079802   0.00541496     0.01862073  -0.01045680
 -0.01997735  -0.01756800    -0.02056092   0.00577278    -0.00380640   0.01146431
    2    2
  0.08263414  -0.00000000    -0.00512400  -0.00813871    -0.00512400   0.00813871
 -0.00512400   0.00813871     0.04904968   0.00000000     0.00567015   0.00164500
 -0.00512400  -0.00813871     0.00567015  -0.00164500     0.04904968  -0.00000000
    2    3
 -0.04061355   0.00000000     0.00806531  -0.00178035     0.00806531   0.00178035
  0.00806531  -0.00178035     0.01271758  -0.00358285    -0.00482775  -0.00000000
  0.00806531   0.00178035    -0.00482775   0.00000000     0.01271758   0.00358285
    2    4
  0.02429434  -0.01227155    -0.00449400   0.00449400    -0.00324154   0.00647169
  0.01750729  -0.01750730     0.01227154  -0.02429434    -0.00412310  -0.00721683
 -0.00721683  -0.00412310     0.00647169  -0.00324154     0.01174312  -0.01174312
    2    5
 -0.02957094  -0.00601753     0.02539018   0.03418311     0.00574529   0.00941873
  0.03005961   0.00439646    -0.02957094  -0.00601753     0.00268220  -0.00023244
 -0.00268220   0.00023244    -0.00574529  -0.00941873     0.00134967  -0.00358273
    2    6
  0.02429434   0.01227155    -0.00324154  -0.00647169    -0.00449400  -0.00449400
 -0.00721683   0.00412310     0.01174312   0.01174312     0.00647169   0.00324154
  0.01750729   0.01750730    -0.00412310   0.00721683     0.01227154   0.02429434
    2    7
 -0.02957094   0.00601753     0.00574529  -0.00941873     0.02539018  -0.03418311
 -0.00268220  -0.00023244     0.00134967   0.00358273    -0.00574529   0.00941873
  0.03005961  -0.00439646     0.00268220   0.00023244    -0.02957094   0.00601753
    3    1
  0.01108900   0.02677120     0.01843425  -0.04864736    -0.04743387  -0.02136386
 -0.01997735  -0.01756800    -0.00380640   0.01146431    -0.02056092   0.00577278
  0.00170365  -0.02654857     0.01862073  -0.01045680     0.01079802   0.00541496
    3    2
 -0.04061355  -0.00000000     0.00806531   0.00178035     0.00806531  -0.00178035
  0.00806531   0.00178035     0.01271758   0.00358285    -0.00482775   0.00000000
  0.00806531  -0.00178035    -0.00482775  -0.00000000     0.01271758  -0.00358285
    3    3
  0.08263414   0.00000000    -0.00512400   0.00813871    -0.00512400  -0.00813871
 -0.00512400  -0.00813871     0.04904968  -0.00000000     0.00567015  -0.00164500
 -0.00512400   0.00813871     0.00567015   0.00164500     0.04904968   0.00000000
    3    4
 -0.02957094   0.00601753     0.02539018  -0.03418311     0.00574529  -0.00941873
  0.03005961  -0.00439646    -0.02957094   0.00601753     0.00268220   0.00023244
 -0.00268220  -0.00023244    -0.00574529   0.00941873     0.00134967   0.00358273
    3    5
  0.02429434   0.01227155    -0.00449400  -0.00449400    -0.00324154  -0.00647169
  0.01750729   0.01750730     0.01227154   0.02429434    -0.00412310   0.00721683
 -0.00721683   0.00412310     0.00647169   0.00324154     0.01174312   0.01174312
    3    6
 -0.02957094  -0.00601753     0.00574529   0.00941873     0.02539018   0.03418311
 -0.00268220   0.00023244     0.00134967  -0.00358273    -0.00574529  -0.00941873
  0.03005961   0.00439646     0.00268220  -0.00023244    -0.02957094  -0.00601753
    3    7
  0.02429434  -0.01227155    -0.00324154   0.00647169    -0.00449400   0.00449400
 -0.00721683  -0.00412310     0.01174312  -0.01174312     0.00647169  -0.00324154
  0.01750729  -0.01750730    -0.00412310  -0.00721683     0.01227154  -0.02429434
    4    1
 -0.00380640  -0.01146431    -0.01997734   0.01756801     0.02056092   0.00577277
  0.01843428   0.04864735     0.01108899  -0.02677121     0.04743386  -0.02136389
 -0.01862074  -0.01045679    -0.00170367  -0.02654857     0.01079802  -0.00541496
    4    2
  0.02429434   0.01227155     0.01750729   0.01750730    -0.00721683   0.00412310
 -0.00449400  -0.00449400     0.01227154   0.02429434     0.00647169   0.00324154
 -0.00324154  -0.00647169    -0.00412310   0.00721683     0.01174312   0.01174312
    4    3
 -0.02957094  -0.00601753     0.03005961   0.00439646    -0.00268220   0.00023244
  0.02539018   0.03418311    -0.02957094  -0.00601753    -0.00574529  -0.00941873
  0.00574529   0.00941873     0.00268220  -0.00023244     0.00134967  -0.00358273
    4    4
  0.04904968   0.00000000    -0.00512400   0.00813871    -0.00567015  -0.00164500
 -0.00512400  -0.00813871     0.08263414  -0.00000000     0.00512400  -0.00813871
 -0.00567015   0.00164500     0.00512400   0.00813871     0.04904968  -0.00000000
    4    5
  0.00358285   0.01271758     0.00178035   0.00806531    -0.00000000   0.00482775
  0.00178035   0.00806531     0.00000001  -0.04061355     0.00178036  -0.00806531
 -0.00000000   0.00482775     0.00178036  -0.00806531    -0.00358285   0.01271758
    4    6
  0.00348774   0.00157901    -0.00206096   0.00173224    -0.00259751  -0.01072258
 -0.00259751  -0.01072258    -0.01665478   0.02516484     0.00621754   0.04212468
 -0.00206096   0.00173224    -0.01814659   0.02436412    -0.01665478   0.02516484
    4    7
 -0.01660728   0.00000000     0.00218759  -0.00801854     0.00686829  -0.00228407
  0.00686829   0.00228407    -0.02585599   0.00850140    -0.00635547  -0.00000000
  0.00218759   0.00801854     0.02475905  -0.00000000    -0.02585599  -0.00850140
    5    1
 -0.00541497  -0.01079802     0.02654857  -0.00170367    -0.01045679   0.01862074
  0.02136390   0.04743386    -0.02677121  -0.01108899    -0.04864735   0.01843428
  0.00577277  -0.02056092    -0.01756801  -0.01997733    -0.01146431   0.00380640
    5    2
 -0.02957094   0.00601753     0.03005961  -0.00439646    -0.00268220  -0.00023244
  0.02539018  -0.03418311    -0.02957094   0.00601753    -0.00574529   0.00941873
  0.00574529  -0.00941873     0.00268220   0.00023244     0.00134967   0.00358273
    5    3
  0.02429434  -0.01227155     0.01750729  -0.01750730    -0.00721683  -0.00412310
 -0.00449400   0.00449400     0.01227154  -0.02429434     0.00647169  -0.00324154
 -0.00324154   0.00647169    -0.00412310  -0.00721683     0.01174312  -0.01174312
    5    4
  0.00358285  -0.01271758     0.00178035  -0.00806531    -0.00000000  -0.00482775
  0.00178035  -0.00806531     0.00000001   0.04061355     0.00178036   0.00806531
 -0.00000000  -0.00482775     0.00178036   0.00806531    -0.00358285  -0.01271758
    5    5
  0.04904968  -0.00000000    -0.00512400  -0.00813871    -0.00567015   0.00164500
 -0.00512400   0.00813871     0.08263414  -0.00000000     0.00512400   0.00813871
 -0.00567015  -0.00164500     0.00512400  -0.00813871     0.04904968   0.00000000
    5    6
 -0.01660728   0.00000000     0.00218759   0.00801854     0.00686829   0.00228407
  0.00686829  -0.00228407    -0.02585599  -0.00850140    -0.00635547   0.00000000
  0.00218759  -0.00801854     0.02475905  -0.00000000    -0.02585599   0.00850140
    5    7
  0.00348774  -0.00157901    -0.00206096  -0.00173224    -0.00259751   0.01072258
 -0.00259751   0.01072258    -0.01665478  -0.02516484     0.00621754  -0.04212468
 -0.00206096  -0.00173224    -0.01814659  -0.02436412    -0.01665478  -0.02516484
    6    1
 -0.00541497  -0.01079802    -0.01045679   0.01862074     0.02654857  -0.00170367
  0.00577277  -0.02056092    -0.01146431   0.00380640    -0.01756801  -0.01997733
  0.02136390   0.04743386    -0.04864735   0.01843428    -0.02677121  -0.01108899
    6    2
  0.02429434  -0.01227155    -0.00721683  -0.00412310     0.01750729  -0.01750730
 -0.00324154   0.00647169     0.01174312  -0.01174312    -0.00412310  -0.00721683
 -0.00449400   0.00449400     0.00647169  -0.00324154     0.01227154  -0.02429434
    6    3
 -0.02957094   0.00601753    -0.00268220  -0.00023244     0.03005961  -0.00439646
  0.00574529  -0.00941873     0.00134967   0.00358273     0.00268220   0.00023244
  0.02539018  -0.03418311    -0.00574529   0.00941873    -0.02957094   0.00601753
    6    4
  0.00348774  -0.00157901    -0.00259751   0.01072258    -0.00206096  -0.00173224
 -0.00206096  -0.00173224    -0.01665478  -0.02516484    -0.01814659  -0.02436412
 -0.00259751   0.01072258     0.00621754  -0.04212468    -0.01665478  -0.02516484
    6    5
 -0.01660728  -0.00000000     0.00686829   0.00228407     0.00218759   0.00801854
  0.00218759  -0.00801854    -0.02585599   0.00850140     0.02475905   0.00000000
  0.00686829  -0.00228407    -0.00635547   0.00000000    -0.02585599  -0.00850140
    6    6
  0.04904968   0.00000000    -0.00567015   0.00164500    -0.00512400  -0.00813871
 -0.00567015  -0.00164500     0.04904968  -0.00000000     0.00512400  -0.00813871
 -0.00512400   0.00813871     0.00512400   0.00813871     0.08263414  -0.00000000
    6    7
  0.00358285  -0.01271758    -0.00000000  -0.00482775     0.00178035  -0.00806531
 -0.00000000  -0.00482775    -0.00358285  -0.01271758     0.00178036   0.00806531
  0.00178035  -0.00806531     0.00178036   0.00806531     0.00000001   0.04061355
    7    1
 -0.00380640  -0.01146431     0.02056092   0.00577277    -0.01997734   0.01756801
 -0.01862074  -0.01045679     0.01079802  -0.00541496    -0.00170367  -0.02654857
  0.01843428   0.04864735     0.04743386  -0.02136389     0.01108899  -0.02677121
    7    2
 -0.02957094  -0.00601753    -0.00268220   0.00023244     0.03005961   0.00439646
  0.00574529   0.00941873     0.00134967  -0.00358273     0.00268220  -0.00023244
  0.02539018   0.03418311    -0.00574529  -0.00941873    -0.02957094  -0.00601753
    7    3
  0.02429434   0.01227155    -0.00721683   0.00412310     0.01750729   0.01750730
 -0.00324154  -0.00647169     0.01174312   0.01174312    -0.00412310   0.00721683
 -0.00449400  -0.00449400     0.00647169   0.00324154     0.01227154   0.02429434
    7    4
 -0.01660728   0.00000000     0.00686829  -0.00228407     0.00218759  -0.00801854
  0.00218759   0.00801854    -0.02585599  -0.00850140     0.02475905  -0.00000000
  0.00686829   0.00228407    -0.00635547  -0.00000000    -0.02585599   0.00850140
    7    5
  0.00348774   0.00157901    -0.00259751  -0.01072258    -0.00206096   0.00173224
 -0.00206096   0.00173224    -0.01665478   0.02516484    -0.01814659   0.02436412
 -0.00259751  -0.01072258     0.00621754   0.04212468    -0.01665478   0.02516484
    7    6
  0.00358285   0.01271758    -0.00000000   0.00482775     0.00178035   0.00806531
 -0.00000000   0.00482775    -0.00358285   0.01271758     0.00178036  -0.00806531
  0.00178035   0.00806531     0.00178036  -0.00806531     0.00000001  -0.04061355
    7    7
  0.04904968   0.00000000    -0.00567015  -0.00164500    -0.00512400   0.00813871
 -0.00567015   0.00164500     0.04904968   0.00000000     0.00512400   0.00813871
 -0.00512400  -0.00813871     0.00512400  -0.00813871     0.08263414  -0.00000000

     Dynamical  Matrix in cartesian axes

     q = (   -0.216506400   0.649519100  -0.216506400 ) 

    1    1
  0.17414752  -0.00000000     0.03388993   0.00000000     0.03388993  -0.00000000
  0.03388993  -0.00000000     0.17414752  -0.00000000     0.03388993  -0.00000000
  0.03388993  -0.00000000     0.03388993  -0.00000000     0.17414752  -0.00000000
    1    2
 -0.02677121   0.01108899    -0.02654857  -0.00170367    -0.01756801   0.01997733
 -0.02136390   0.04743386    -0.00541497   0.01079802    -0.00577277  -0.02056092
 -0.04864735  -0.01843428     0.01045679   0.01862074    -0.01146431  -0.00380640
    1    3
 -0.02677120   0.01108900    -0.01756800   0.01997734    -0.02654857  -0.00170366
 -0.04864735  -0.01843426    -0.01146431  -0.00380640     0.01045680   0.01862073
 -0.02136387   0.04743387    -0.00577278  -0.02056092    -0.00541496   0.01079802
    1    4
 -0.01146431  -0.00380640    -0.04864735  -0.01843427     0.01045679   0.01862074
 -0.01756800   0.01997734    -0.02677121   0.01108899    -0.02654857  -0.00170366
 -0.00577277  -0.02056092    -0.02136389   0.04743386    -0.00541496   0.01079802
    1    5
 -0.00541496   0.01079802    -0.02136389   0.04743386    -0.00577277  -0.02056092
 -0.02654857  -0.00170366    -0.02677121   0.01108899    -0.01756800   0.01997734
  0.01045679   0.01862074    -0.04864735  -0.01843427    -0.01146431  -0.00380640
    1    6
 -0.00541496   0.01079802    -0.00577278  -0.02056092    -0.02136387   0.04743387
  0.01045680   0.01862073    -0.01146431  -0.00380640    -0.04864735  -0.01843426
 -0.02654857  -0.00170366    -0.01756800   0.01997734    -0.02677120   0.01108900
    1    7
 -0.01146431  -0.00380640     0.01045679   0.01862074    -0.04864735  -0.01843428
 -0.00577277  -0.02056092    -0.00541497   0.01079802    -0.02136390   0.04743386
 -0.01756801   0.01997733    -0.02654857  -0.00170367    -0.02677121   0.01108899
    2    1
 -0.02677121  -0.01108899    -0.02136390  -0.04743386    -0.04864735   0.01843428
 -0.02654857   0.00170367    -0.00541497  -0.01079802     0.01045679  -0.01862074
 -0.01756801  -0.01997733    -0.00577277   0.02056092    -0.01146431   0.00380640
    2    2
  0.08263414  -0.00000000     0.00512400  -0.00813871     0.00512400   0.00813871
  0.00512400   0.00813871     0.04904968  -0.00000000     0.00567015  -0.00164500
  0.00512400  -0.00813871     0.00567015   0.00164500     0.04904968   0.00000000
    2    3
 -0.04061355   0.00000002    -0.00806531  -0.00178035    -0.00806531   0.00178036
 -0.00806531  -0.00178035     0.01271758   0.00358285    -0.00482775   0.00000000
 -0.00806531   0.00178036    -0.00482775   0.00000000     0.01271758  -0.00358286
    2    4
  0.02516485   0.01665477     0.04212467  -0.00621755     0.01072258  -0.00259752
  0.02436413   0.01814658     0.02516485   0.01665477    -0.00173224  -0.00206096
 -0.00173224  -0.00206096     0.01072258  -0.00259752     0.00157901  -0.00348774
    2    5
 -0.02585599   0.00850141    -0.00635547   0.00000000    -0.00686829  -0.00228406
  0.02475906  -0.00000001    -0.02585599  -0.00850140    -0.00218760  -0.00801854
 -0.00218759   0.00801854    -0.00686829   0.00228407    -0.01660728   0.00000000
    2    6
  0.02516484  -0.01665479     0.01072259   0.00259751     0.04212468   0.00621752
 -0.00173224   0.00206096     0.00157902   0.00348774     0.01072259   0.00259751
  0.02436411  -0.01814660    -0.00173224   0.00206096     0.02516484  -0.01665479
    2    7
 -0.02585599  -0.00850140    -0.00686829   0.00228407    -0.00635547   0.00000000
 -0.00218759  -0.00801854    -0.01660728   0.00000000    -0.00686829  -0.00228407
  0.02475905  -0.00000000    -0.00218759   0.00801854    -0.02585599   0.00850140
    3    1
 -0.02677120  -0.01108900    -0.04864735   0.01843426    -0.02136387  -0.04743387
 -0.01756800  -0.01997734    -0.01146431   0.00380640    -0.00577278   0.02056092
 -0.02654857   0.00170366     0.01045680  -0.01862073    -0.00541496  -0.01079802
    3    2
 -0.04061355  -0.00000002    -0.00806531   0.00178035    -0.00806531  -0.00178036
 -0.00806531   0.00178035     0.01271758  -0.00358285    -0.00482775  -0.00000000
 -0.00806531  -0.00178036    -0.00482775  -0.00000000     0.01271758   0.00358286
    3    3
  0.08263414   0.00000000     0.00512400   0.00813871     0.00512400  -0.00813871
  0.00512400  -0.00813871     0.04904968   0.00000000     0.00567015   0.00164500
  0.00512400   0.00813871     0.00567015  -0.00164500     0.04904968   0.00000000
    3    4
 -0.02585599  -0.00850141    -0.00635547  -0.00000000    -0.00686829   0.00228406
  0.02475906   0.00000001    -0.02585599   0.00850140    -0.00218760   0.00801854
 -0.00218759  -0.00801854    -0.00686829  -0.00228407    -0.01660728  -0.00000000
    3    5
  0.02516485  -0.01665477     0.04212467   0.00621755     0.01072258   0.00259752
  0.02436413  -0.01814658     0.02516485  -0.01665477    -0.00173224   0.00206096
 -0.00173224   0.00206096     0.01072258   0.00259752     0.00157901   0.00348774
    3    6
 -0.02585599   0.00850140    -0.00686829  -0.00228407    -0.00635547  -0.00000000
 -0.00218759   0.00801854    -0.01660728   0.00000000    -0.00686829   0.00228407
  0.02475905  -0.00000000    -0.00218759  -0.00801854    -0.02585599  -0.00850140
    3    7
  0.02516484   0.01665479     0.01072259  -0.00259751     0.04212468  -0.00621752
 -0.00173224  -0.00206096     0.00157902  -0.00348774     0.01072259  -0.00259751
  0.02436411   0.01814660    -0.00173224  -0.00206096     0.02516484   0.01665479
    4    1
 -0.01146431   0.00380640    -0.01756800  -0.01997734    -0.00577277   0.02056092
 -0.04864735   0.01843427    -0.02677121  -0.01108899    -0.02136389  -0.04743386
  0.01045679  -0.01862074    -0.02654857   0.00170366    -0.00541496  -0.01079802
    4    2
  0.02516485  -0.01665477     0.02436413  -0.01814658    -0.00173224   0.00206096
  0.04212467   0.00621755     0.02516485  -0.01665477     0.01072258   0.00259752
  0.01072258   0.00259752    -0.00173224   0.00206096     0.00157901   0.00348774
    4    3
 -0.02585599   0.00850141     0.02475906  -0.00000001    -0.00218759   0.00801854
 -0.00635547   0.00000000    -0.02585599  -0.00850140    -0.00686829   0.00228407
 -0.00686829  -0.00228406    -0.00218760  -0.00801854    -0.01660728   0.00000000
    4    4
  0.04904968   0.00000000     0.00512400  -0.00813871     0.00567015   0.00164500
  0.00512400   0.00813871     0.08263414   0.00000000     0.00512400  -0.00813871
  0.00567015  -0.00164500     0.00512400   0.00813871     0.04904968  -0.00000000
    4    5
  0.01271758  -0.00358285    -0.00806531   0.00178035    -0.00482775  -0.00000000
 -0.00806531   0.00178035    -0.04061355   0.00000000    -0.00806531  -0.00178035
 -0.00482775   0.00000000    -0.00806531  -0.00178035     0.01271758   0.00358285
    4    6
  0.00157901  -0.00348774    -0.00173224  -0.00206096     0.01072258  -0.00259752
  0.01072258  -0.00259752     0.02516485   0.01665477     0.04212467  -0.00621755
 -0.00173224  -0.00206096     0.02436413   0.01814658     0.02516485   0.01665477
    4    7
 -0.01660728  -0.00000000    -0.00218760   0.00801854    -0.00686829   0.00228406
 -0.00686829  -0.00228407    -0.02585599   0.00850140    -0.00635547  -0.00000000
 -0.00218759  -0.00801854     0.02475906   0.00000001    -0.02585599  -0.00850141
    5    1
 -0.00541496  -0.01079802    -0.02654857   0.00170366     0.01045679  -0.01862074
 -0.02136389  -0.04743386    -0.02677121  -0.01108899    -0.04864735   0.01843427
 -0.00577277   0.02056092    -0.01756800  -0.01997734    -0.01146431   0.00380640
    5    2
 -0.02585599  -0.00850141     0.02475906   0.00000001    -0.00218759  -0.00801854
 -0.00635547  -0.00000000    -0.02585599   0.00850140    -0.00686829  -0.00228407
 -0.00686829   0.00228406    -0.00218760   0.00801854    -0.01660728  -0.00000000
    5    3
  0.02516485   0.01665477     0.02436413   0.01814658    -0.00173224  -0.00206096
  0.04212467  -0.00621755     0.02516485   0.01665477     0.01072258  -0.00259752
  0.01072258  -0.00259752    -0.00173224  -0.00206096     0.00157901  -0.00348774
    5    4
  0.01271758   0.00358285    -0.00806531  -0.00178035    -0.00482775   0.00000000
 -0.00806531  -0.00178035    -0.04061355  -0.00000000    -0.00806531   0.00178035
 -0.00482775   0.00000000    -0.00806531   0.00178035     0.01271758  -0.00358285
    5    5
  0.04904968  -0.00000000     0.00512400   0.00813871     0.00567015  -0.00164500
  0.00512400  -0.00813871     0.08263414  -0.00000000     0.00512400   0.00813871
  0.00567015   0.00164500     0.00512400  -0.00813871     0.04904968  -0.00000000
    5    6
 -0.01660728   0.00000000    -0.00218760  -0.00801854    -0.00686829  -0.00228406
 -0.00686829   0.00228407    -0.02585599  -0.00850140    -0.00635547   0.00000000
 -0.00218759   0.00801854     0.02475906  -0.00000001    -0.02585599   0.00850141
    5    7
  0.00157901   0.00348774    -0.00173224   0.00206096     0.01072258   0.00259752
  0.01072258   0.00259752     0.02516485  -0.01665477     0.04212467   0.00621755
 -0.00173224   0.00206096     0.02436413  -0.01814658     0.02516485  -0.01665477
    6    1
 -0.00541496  -0.01079802     0.01045680  -0.01862073    -0.02654857   0.00170366
 -0.00577278   0.02056092    -0.01146431   0.00380640    -0.01756800  -0.01997734
 -0.02136387  -0.04743387    -0.04864735   0.01843426    -0.02677120  -0.01108900
    6    2
  0.02516484   0.01665479    -0.00173224  -0.00206096     0.02436411   0.01814660
  0.01072259  -0.00259751     0.00157902  -0.00348774    -0.00173224  -0.00206096
  0.04212468  -0.00621752     0.01072259  -0.00259751     0.02516484   0.01665479
    6    3
 -0.02585599  -0.00850140    -0.00218759  -0.00801854     0.02475905  -0.00000000
 -0.00686829   0.00228407    -0.01660728   0.00000000    -0.00218759   0.00801854
 -0.00635547  -0.00000000    -0.00686829  -0.00228407    -0.02585599   0.00850140
    6    4
  0.00157901   0.00348774     0.01072258   0.00259752    -0.00173224   0.00206096
 -0.00173224   0.00206096     0.02516485  -0.01665477     0.02436413  -0.01814658
  0.01072258   0.00259752     0.04212467   0.00621755     0.02516485  -0.01665477
    6    5
 -0.01660728  -0.00000000    -0.00686829  -0.00228407    -0.00218759  -0.00801854
 -0.00218760   0.00801854    -0.02585599   0.00850140     0.02475906   0.00000001
 -0.00686829   0.00228406    -0.00635547  -0.00000000    -0.02585599  -0.00850141
    6    6
  0.04904968  -0.00000000     0.00567015  -0.00164500     0.00512400   0.00813871
  0.00567015   0.00164500     0.04904968   0.00000000     0.00512400  -0.00813871
  0.00512400  -0.00813871     0.00512400   0.00813871     0.08263414  -0.00000000
    6    7
  0.01271758   0.00358286    -0.00482775  -0.00000000    -0.00806531  -0.00178036
 -0.00482775  -0.00000000     0.01271758  -0.00358285    -0.00806531   0.00178035
 -0.00806531  -0.00178036    -0.00806531   0.00178035    -0.04061355  -0.00000002
    7    1
 -0.01146431   0.00380640    -0.00577277   0.02056092    -0.01756801  -0.01997733
  0.01045679  -0.01862074    -0.00541497  -0.01079802    -0.02654857   0.00170367
 -0.04864735   0.01843428    -0.02136390  -0.04743386    -0.02677121  -0.01108899
    7    2
 -0.02585599   0.00850140    -0.00218759   0.00801854     0.02475905   0.00000000
 -0.00686829  -0.00228407    -0.01660728  -0.00000000    -0.00218759  -0.00801854
 -0.00635547   0.00000000    -0.00686829   0.00228407    -0.02585599  -0.00850140
    7    3
  0.02516484  -0.01665479    -0.00173224   0.00206096     0.02436411  -0.01814660
  0.01072259   0.00259751     0.00157902   0.00348774    -0.00173224   0.00206096
  0.04212468   0.00621752     0.01072259   0.00259751     0.02516484  -0.01665479
    7    4
 -0.01660728   0.00000000    -0.00686829   0.00228407    -0.00218759   0.00801854
 -0.00218760  -0.00801854    -0.02585599  -0.00850140     0.02475906  -0.00000001
 -0.00686829  -0.00228406    -0.00635547   0.00000000    -0.02585599   0.00850141
    7    5
  0.00157901  -0.00348774     0.01072258  -0.00259752    -0.00173224  -0.00206096
 -0.00173224  -0.00206096     0.02516485   0.01665477     0.02436413   0.01814658
  0.01072258  -0.00259752     0.04212467  -0.00621755     0.02516485   0.01665477
    7    6
  0.01271758  -0.00358286    -0.00482775   0.00000000    -0.00806531   0.00178036
 -0.00482775   0.00000000     0.01271758   0.00358285    -0.00806531  -0.00178035
 -0.00806531   0.00178036    -0.00806531  -0.00178035    -0.04061355   0.00000002
    7    7
  0.04904968  -0.00000000     0.00567015   0.00164500     0.00512400  -0.00813871
  0.00567015  -0.00164500     0.04904968   0.00000000     0.00512400   0.00813871
  0.00512400   0.00813871     0.00512400  -0.00813871     0.08263414  -0.00000000

     Dynamical  Matrix in cartesian axes

     q = (    0.216506400  -0.649519100  -0.216506400 ) 

    1    1
  0.17414752  -0.00000000     0.03388993   0.00000000    -0.03388993  -0.00000000
  0.03388993   0.00000000     0.17414752  -0.00000000    -0.03388993  -0.00000000
 -0.03388993  -0.00000000    -0.03388993  -0.00000000     0.17414752  -0.00000000
    1    2
  0.01108900  -0.02677120    -0.00170366  -0.02654857    -0.01997734   0.01756800
  0.04743387  -0.02136387     0.01079802  -0.00541496     0.02056092   0.00577278
  0.01843426   0.04864735    -0.01862073  -0.01045680    -0.00380640  -0.01146431
    1    3
 -0.02677120  -0.01108900    -0.01756800  -0.01997734     0.02654857  -0.00170366
 -0.04864736   0.01843426    -0.01146431   0.00380640    -0.01045680   0.01862073
  0.02136387   0.04743387     0.00577278  -0.02056092    -0.00541496  -0.01079802
    1    4
 -0.01146431   0.00380640    -0.04864735   0.01843427    -0.01045679   0.01862073
 -0.01756800  -0.01997734    -0.02677120  -0.01108899     0.02654857  -0.00170366
  0.00577278  -0.02056092     0.02136388   0.04743387    -0.00541496  -0.01079802
    1    5
  0.01079802  -0.00541496     0.04743387  -0.02136386     0.02056092   0.00577278
 -0.00170365  -0.02654857     0.01108900  -0.02677120    -0.01997735   0.01756800
 -0.01862073  -0.01045680     0.01843425   0.04864736    -0.00380640  -0.01146431
    1    6
  0.01079802   0.00541496    -0.02056092   0.00577277    -0.04743386  -0.02136389
  0.01862074  -0.01045679    -0.00380640   0.01146431     0.01843428  -0.04864735
  0.00170367  -0.02654857    -0.01997734  -0.01756801     0.01108899   0.02677121
    1    7
 -0.00380640   0.01146431     0.01862073  -0.01045679     0.01843427  -0.04864735
 -0.02056092   0.00577278     0.01079802   0.00541496    -0.04743387  -0.02136388
 -0.01997734  -0.01756800     0.00170366  -0.02654857     0.01108900   0.02677120
    2    1
  0.01108900   0.02677120     0.04743387   0.02136387     0.01843426  -0.04864735
 -0.00170366   0.02654857     0.01079802   0.00541496    -0.01862073   0.01045680
 -0.01997734  -0.01756800     0.02056092  -0.00577278    -0.00380640   0.01146431
    2    2
  0.08263414  -0.00000000     0.00512400   0.00813871    -0.00512400   0.00813871
  0.00512400  -0.00813871     0.04904968   0.00000000    -0.00567015  -0.00164500
 -0.00512400  -0.00813871    -0.00567015   0.00164500     0.04904968  -0.00000000
    2    3
 -0.00000000   0.04061355     0.00178035   0.00806531     0.00178036  -0.00806531
  0.00178035   0.00806531    -0.00358285  -0.01271758     0.00000000  -0.00482775
  0.00178036  -0.00806531     0.00000000  -0.00482775     0.00358285  -0.01271758
    2    4
 -0.01665478  -0.02516484     0.00621754  -0.04212468    -0.00259751   0.01072258
 -0.01814659  -0.02436412    -0.01665478  -0.02516484    -0.00206096  -0.00173224
 -0.00206096  -0.00173224    -0.00259751   0.01072258     0.00348774  -0.00157901
    2    5
 -0.02585599  -0.00850141    -0.00635547  -0.00000000     0.00686829  -0.00228406
  0.02475906   0.00000001    -0.02585599   0.00850140     0.00218760  -0.00801854
  0.00218759   0.00801854     0.00686829   0.00228407    -0.01660728  -0.00000000
    2    6
  0.01227155  -0.02429434     0.00647169  -0.00324153    -0.00449400   0.00449399
 -0.00412310  -0.00721683     0.01174312  -0.01174312    -0.00324154   0.00647169
  0.01750730  -0.01750729    -0.00721683  -0.00412310     0.02429434  -0.01227154
    2    7
 -0.02957094   0.00601753    -0.00574529   0.00941873     0.02539018  -0.03418311
  0.00268220   0.00023244     0.00134967   0.00358273     0.00574529  -0.00941873
  0.03005961  -0.00439646    -0.00268220  -0.00023244    -0.02957094   0.00601753
    3    1
 -0.02677120   0.01108900    -0.04864736  -0.01843426     0.02136387  -0.04743387
 -0.01756800   0.01997734    -0.01146431  -0.00380640     0.00577278   0.02056092
  0.02654857   0.00170366    -0.01045680  -0.01862073    -0.00541496   0.01079802
    3    2
 -0.00000000  -0.04061355     0.00178035  -0.00806531     0.00178036   0.00806531
  0.00178035  -0.00806531    -0.00358285   0.01271758     0.00000000   0.00482775
  0.00178036   0.00806531     0.00000000   0.00482775     0.00358285   0.01271758
    3    3
  0.08263414  -0.00000000     0.00512400  -0.00813871    -0.00512400  -0.00813871
  0.00512400   0.00813871     0.04904968   0.00000000    -0.00567015   0.00164500
 -0.00512400   0.00813871    -0.00567015  -0.00164500     0.04904968   0.00000000
    3    4
 -0.02585599   0.00850141    -0.00635547   0.00000000     0.00686829   0.00228406
  0.02475906  -0.00000001    -0.02585599  -0.00850140     0.00218760   0.00801854
  0.00218759  -0.00801854     0.00686829  -0.00228407    -0.01660728   0.00000000
    3    5
 -0.01665478   0.02516484     0.00621754   0.04212468    -0.00259751  -0.01072258
 -0.01814659   0.02436412    -0.01665478   0.02516484    -0.00206096   0.00173224
 -0.00206096   0.00173224    -0.00259751  -0.01072258     0.00348774   0.00157901
    3    6
 -0.02957094  -0.00601753    -0.00574529  -0.00941873     0.02539018   0.03418311
  0.00268220  -0.00023244     0.00134967  -0.00358273     0.00574529   0.00941873
  0.03005961   0.00439646    -0.00268220   0.00023244    -0.02957094  -0.00601753
    3    7
  0.01227155   0.02429434     0.00647169   0.00324153    -0.00449400  -0.00449399
 -0.00412310   0.00721683     0.01174312   0.01174312    -0.00324154  -0.00647169
  0.01750730   0.01750729    -0.00721683   0.00412310     0.02429434   0.01227154
    4    1
 -0.01146431  -0.00380640    -0.01756800   0.01997734     0.00577278   0.02056092
 -0.04864735  -0.01843427    -0.02677120   0.01108899     0.02136388  -0.04743387
 -0.01045679  -0.01862073     0.02654857   0.00170366    -0.00541496   0.01079802
    4    2
 -0.01665478   0.02516484    -0.01814659   0.02436412    -0.00206096   0.00173224
  0.00621754   0.04212468    -0.01665478   0.02516484    -0.00259751  -0.01072258
 -0.00259751  -0.01072258    -0.00206096   0.00173224     0.00348774   0.00157901
    4    3
 -0.02585599  -0.00850141     0.02475906   0.00000001     0.00218759   0.00801854
 -0.00635547  -0.00000000    -0.02585599   0.00850140     0.00686829   0.00228407
  0.00686829  -0.00228406     0.00218760  -0.00801854    -0.01660728  -0.00000000
    4    4
  0.04904968  -0.00000000     0.00512400   0.00813871    -0.00567015   0.00164500
  0.00512400  -0.00813871     0.08263414  -0.00000000    -0.00512400  -0.00813871
 -0.00567015  -0.00164500    -0.00512400   0.00813871     0.04904968  -0.00000000
    4    5
 -0.00358286   0.01271758     0.00178036  -0.00806531    -0.00000000   0.00482775
  0.00178036  -0.00806531     0.00000001  -0.04061355     0.00178035   0.00806531
 -0.00000000   0.00482775     0.00178035   0.00806531     0.00358285   0.01271758
    4    6
  0.01174311   0.01174312    -0.00412310   0.00721683    -0.00324153  -0.00647169
  0.00647169   0.00324154     0.01227154   0.02429435    -0.00449399  -0.00449400
 -0.00721683   0.00412310     0.01750729   0.01750730     0.02429434   0.01227155
    4    7
  0.00134967  -0.00358273     0.00268220  -0.00023244     0.00574529   0.00941873
 -0.00574529  -0.00941873    -0.02957094  -0.00601753     0.02539018   0.03418311
 -0.00268220   0.00023244     0.03005961   0.00439646    -0.02957094  -0.00601753
    5    1
  0.01079802   0.00541496    -0.00170365   0.02654857    -0.01862073   0.01045680
  0.04743387   0.02136386     0.01108900   0.02677120     0.01843425  -0.04864736
  0.02056092  -0.00577278    -0.01997735  -0.01756800    -0.00380640   0.01146431
    5    2
 -0.02585599   0.00850141     0.02475906  -0.00000001     0.00218759  -0.00801854
 -0.00635547   0.00000000    -0.02585599  -0.00850140     0.00686829  -0.00228407
  0.00686829   0.00228406     0.00218760   0.00801854    -0.01660728   0.00000000
    5    3
 -0.01665478  -0.02516484    -0.01814659  -0.02436412    -0.00206096  -0.00173224
  0.00621754  -0.04212468    -0.01665478  -0.02516484    -0.00259751   0.01072258
 -0.00259751   0.01072258    -0.00206096  -0.00173224     0.00348774  -0.00157901
    5    4
 -0.00358286  -0.01271758     0.00178036   0.00806531    -0.00000000  -0.00482775
  0.00178036   0.00806531     0.00000001   0.04061355     0.00178035  -0.00806531
 -0.00000000  -0.00482775     0.00178035  -0.00806531     0.00358285  -0.01271758
    5    5
  0.04904968   0.00000000     0.00512400  -0.00813871    -0.00567015  -0.00164500
  0.00512400   0.00813871     0.08263414  -0.00000000    -0.00512400   0.00813871
 -0.00567015   0.00164500    -0.00512400  -0.00813871     0.04904968  -0.00000000
    5    6
  0.00134967   0.00358273     0.00268220   0.00023244     0.00574529  -0.00941873
 -0.00574529   0.00941873    -0.02957094   0.00601753     0.02539018  -0.03418311
 -0.00268220  -0.00023244     0.03005961  -0.00439646    -0.02957094   0.00601753
    5    7
  0.01174311  -0.01174312    -0.00412310  -0.00721683    -0.00324153   0.00647169
  0.00647169  -0.00324154     0.01227154  -0.02429435    -0.00449399   0.00449400
 -0.00721683  -0.00412310     0.01750729  -0.01750730     0.02429434  -0.01227155
    6    1
  0.01079802  -0.00541496     0.01862074   0.01045679     0.00170367   0.02654857
 -0.02056092  -0.00577277    -0.00380640  -0.01146431    -0.01997734   0.01756801
 -0.04743386   0.02136389     0.01843428   0.04864735     0.01108899  -0.02677121
    6    2
  0.01227155   0.02429434    -0.00412310   0.00721683     0.01750730   0.01750729
  0.00647169   0.00324153     0.01174312   0.01174312    -0.00721683   0.00412310
 -0.00449400  -0.00449399    -0.00324154  -0.00647169     0.02429434   0.01227154
    6    3
 -0.02957094   0.00601753     0.00268220   0.00023244     0.03005961  -0.00439646
 -0.00574529   0.00941873     0.00134967   0.00358273    -0.00268220  -0.00023244
  0.02539018  -0.03418311     0.00574529  -0.00941873    -0.02957094   0.00601753
    6    4
  0.01174311  -0.01174312     0.00647169  -0.00324154    -0.00721683  -0.00412310
 -0.00412310  -0.00721683     0.01227154  -0.02429435     0.01750729  -0.01750730
 -0.00324153   0.00647169    -0.00449399   0.00449400     0.02429434  -0.01227155
    6    5
  0.00134967  -0.00358273    -0.00574529  -0.00941873    -0.00268220   0.00023244
  0.00268220  -0.00023244    -0.02957094  -0.00601753     0.03005961   0.00439646
  0.00574529   0.00941873     0.02539018   0.03418311    -0.02957094  -0.00601753
    6    6
  0.04904968   0.00000000     0.00567015  -0.00164500    -0.00512400  -0.00813871
  0.00567015   0.00164500     0.04904968   0.00000000    -0.00512400   0.00813871
 -0.00512400   0.00813871    -0.00512400  -0.00813871     0.08263414  -0.00000000
    6    7
  0.01271758   0.00358285    -0.00482775   0.00000000     0.00806531   0.00178035
 -0.00482775   0.00000000     0.01271758  -0.00358286     0.00806531  -0.00178036
  0.00806531   0.00178035     0.00806531  -0.00178036    -0.04061355   0.00000001
    7    1
 -0.00380640  -0.01146431    -0.02056092  -0.00577278    -0.01997734   0.01756800
  0.01862073   0.01045679     0.01079802  -0.00541496     0.00170366   0.02654857
  0.01843427   0.04864735    -0.04743387   0.02136388     0.01108900  -0.02677120
    7    2
 -0.02957094  -0.00601753     0.00268220  -0.00023244     0.03005961   0.00439646
 -0.00574529  -0.00941873     0.00134967  -0.00358273    -0.00268220   0.00023244
  0.02539018   0.03418311     0.00574529   0.00941873    -0.02957094  -0.00601753
    7    3
  0.01227155  -0.02429434    -0.00412310  -0.00721683     0.01750730  -0.01750729
  0.00647169  -0.00324153     0.01174312  -0.01174312    -0.00721683  -0.00412310
 -0.00449400   0.00449399    -0.00324154   0.00647169     0.02429434  -0.01227154
    7    4
  0.00134967   0.00358273    -0.00574529   0.00941873    -0.00268220  -0.00023244
  0.00268220   0.00023244    -0.02957094   0.00601753     0.03005961  -0.00439646
  0.00574529  -0.00941873     0.02539018  -0.03418311    -0.02957094   0.00601753
    7    5
  0.01174311   0.01174312     0.00647169   0.00324154    -0.00721683   0.00412310
 -0.00412310   0.00721683     0.01227154   0.02429435     0.01750729   0.01750730
 -0.00324153  -0.00647169    -0.00449399  -0.00449400     0.02429434   0.01227155
    7    6
  0.01271758  -0.00358285    -0.00482775  -0.00000000     0.00806531  -0.00178035
 -0.00482775  -0.00000000     0.01271758   0.00358286     0.00806531   0.00178036
  0.00806531  -0.00178035     0.00806531   0.00178036    -0.04061355  -0.00000001
    7    7
  0.04904968   0.00000000     0.00567015   0.00164500    -0.00512400   0.00813871
  0.00567015  -0.00164500     0.04904968   0.00000000    -0.00512400  -0.00813871
 -0.00512400  -0.00813871    -0.00512400   0.00813871     0.08263414   0.00000000

     Dynamical  Matrix in cartesian axes

     q = (   -0.216506400   0.216506400  -0.649519100 ) 

    1    1
  0.17414752  -0.00000000    -0.03388993  -0.00000000    -0.03388993  -0.00000000
 -0.03388993  -0.00000000     0.17414752  -0.00000000     0.03388993   0.00000000
 -0.03388993  -0.00000000     0.03388993   0.00000000     0.17414752  -0.00000000
    1    2
  0.01108899   0.02677121     0.00170367  -0.02654857    -0.01997734  -0.01756801
 -0.04743386  -0.02136389     0.01079802   0.00541496    -0.02056092   0.00577277
  0.01843428  -0.04864735     0.01862074  -0.01045679    -0.00380640   0.01146431
    1    3
  0.01108900   0.02677120    -0.01997734  -0.01756800     0.00170366  -0.02654857
  0.01843427  -0.04864735    -0.00380640   0.01146431     0.01862073  -0.01045679
 -0.04743387  -0.02136388    -0.02056092   0.00577278     0.01079802   0.00541496
    1    4
 -0.00380640  -0.01146431     0.01843426   0.04864735    -0.01862073  -0.01045680
 -0.01997734   0.01756800     0.01108900  -0.02677120    -0.00170366  -0.02654857
  0.02056092   0.00577278     0.04743387  -0.02136387     0.01079802  -0.00541496
    1    5
 -0.00541496  -0.01079802     0.02136387   0.04743387     0.00577278  -0.02056092
  0.02654857  -0.00170366    -0.02677120  -0.01108900    -0.01756800  -0.01997734
 -0.01045680   0.01862073    -0.04864736   0.01843426    -0.01146431   0.00380640
    1    6
 -0.00541496  -0.01079802     0.00577278  -0.02056092     0.02136388   0.04743387
 -0.01045679   0.01862073    -0.01146431   0.00380640    -0.04864735   0.01843427
  0.02654857  -0.00170366    -0.01756800  -0.01997734    -0.02677120  -0.01108899
    1    7
 -0.00380640  -0.01146431    -0.01862073  -0.01045680     0.01843425   0.04864736
  0.02056092   0.00577278     0.01079802  -0.00541496     0.04743387  -0.02136386
