  2.500000000000000E-002   1.26011648066226        2.33218954087644     
           8

     Dynamical  Matrix in cartesian axes

     q = (   -0.649519100  -0.216506400  -0.216506400 ) 

    1    1
  0.13481797   0.00000000    -0.00567260   0.00000000    -0.00567260  -0.00000000
 -0.00567260  -0.00000000     0.13481797   0.00000000     0.00567260  -0.00000000
 -0.00567260   0.00000000     0.00567260   0.00000000     0.13481797   0.00000000
    1    2
  0.00900351  -0.02173637     0.01037470   0.01136615    -0.01537310   0.00070105
 -0.03893215   0.01354756     0.00894481   0.00825745    -0.01708106  -0.00476695
  0.01794959   0.03710877     0.01544887   0.00870740    -0.01216384  -0.00048604
    1    3
  0.00900351  -0.02173637    -0.01537310   0.00070105     0.01037470   0.01136615
  0.01794959   0.03710877    -0.01216384  -0.00048604     0.01544887   0.00870740
 -0.03893215   0.01354756    -0.01708106  -0.00476695     0.00894481   0.00825745
    1    4
 -0.01216384   0.00048604     0.01794961  -0.03710876    -0.01544887   0.00870739
 -0.01537310  -0.00070106     0.00900349   0.02173637    -0.01037470   0.01136614
  0.01708106  -0.00476694     0.03893214   0.01354759     0.00894482  -0.00825745
    1    5
  0.00825745   0.00894482     0.01354759  -0.03893214     0.00476694   0.01708106
  0.01136614   0.01037471    -0.02173638   0.00900349    -0.00070106   0.01537310
 -0.00870739  -0.01544887    -0.03710876  -0.01794961    -0.00048603  -0.01216384
    1    6
  0.00825745   0.00894482     0.00476694   0.01708106     0.01354759  -0.03893214
 -0.00870739  -0.01544887    -0.00048603  -0.01216384    -0.03710876  -0.01794961
  0.01136614   0.01037471    -0.00070106   0.01537310    -0.02173638   0.00900349
    1    7
 -0.01216384   0.00048604    -0.01544887   0.00870739     0.01794961  -0.03710876
  0.01708106  -0.00476694     0.00894482  -0.00825745     0.03893214   0.01354759
 -0.01537310  -0.00070106    -0.01037470   0.01136614     0.00900349   0.02173637
    2    1
  0.00900351   0.02173637    -0.03893215  -0.01354756     0.01794959  -0.03710877
  0.01037470  -0.01136615     0.00894481  -0.00825745     0.01544887  -0.00870740
 -0.01537310  -0.00070105    -0.01708106   0.00476695    -0.01216384   0.00048604
    2    2
  0.06166753   0.00000000    -0.00302631  -0.00715614    -0.00302631   0.00715614
 -0.00302631   0.00715614     0.04417795  -0.00000000     0.00001881   0.00468351
 -0.00302631  -0.00715614     0.00001881  -0.00468351     0.04417795   0.00000000
    2    3
 -0.02292343   0.00000000     0.00920362  -0.00175090     0.00920362   0.00175090
  0.00920362  -0.00175090     0.00877099  -0.00993500    -0.00416141  -0.00000000
  0.00920362   0.00175090    -0.00416141  -0.00000000     0.00877099   0.00993500
    2    4
  0.01709345  -0.01519276     0.00351312  -0.00351313    -0.00488548   0.00288792
  0.01560905  -0.01560906     0.01519276  -0.01709345    -0.00268242  -0.00757885
 -0.00757885  -0.00268242     0.00288792  -0.00488548     0.00901601  -0.00901601
    2    5
 -0.01753931  -0.00575968     0.01925688   0.02143102     0.00044534   0.00177354
  0.03103010   0.00134996    -0.01753931  -0.00575968     0.00309908   0.00091236
 -0.00309908  -0.00091236    -0.00044534  -0.00177354    -0.00346765   0.00050521
    2    6
  0.01709345   0.01519276    -0.00488548  -0.00288792     0.00351312   0.00351313
 -0.00757885   0.00268242     0.00901601   0.00901601     0.00288792   0.00488548
  0.01560905   0.01560906    -0.00268242   0.00757885     0.01519276   0.01709345
    2    7
 -0.01753931   0.00575968     0.00044534  -0.00177354     0.01925688  -0.02143102
 -0.00309908   0.00091236    -0.00346765  -0.00050521    -0.00044534   0.00177354
  0.03103010  -0.00134996     0.00309908  -0.00091236    -0.01753931   0.00575968
    3    1
  0.00900351   0.02173637     0.01794959  -0.03710877    -0.03893215  -0.01354756
 -0.01537310  -0.00070105    -0.01216384   0.00048604    -0.01708106   0.00476695
  0.01037470  -0.01136615     0.01544887  -0.00870740     0.00894481  -0.00825745
    3    2
 -0.02292343  -0.00000000     0.00920362   0.00175090     0.00920362  -0.00175090
  0.00920362   0.00175090     0.00877099   0.00993500    -0.00416141   0.00000000
  0.00920362  -0.00175090    -0.00416141  -0.00000000     0.00877099  -0.00993500
    3    3
  0.06166753   0.00000000    -0.00302631   0.00715614    -0.00302631  -0.00715614
 -0.00302631  -0.00715614     0.04417795  -0.00000000     0.00001881  -0.00468351
 -0.00302631   0.00715614     0.00001881   0.00468351     0.04417795   0.00000000
    3    4
 -0.01753931   0.00575968     0.01925688  -0.02143102     0.00044534  -0.00177354
  0.03103010  -0.00134996    -0.01753931   0.00575968     0.00309908  -0.00091236
 -0.00309908   0.00091236    -0.00044534   0.00177354    -0.00346765  -0.00050521
    3    5
  0.01709345   0.01519276     0.00351312   0.00351313    -0.00488548  -0.00288792
  0.01560905   0.01560906     0.01519276   0.01709345    -0.00268242   0.00757885
 -0.00757885   0.00268242     0.00288792   0.00488548     0.00901601   0.00901601
    3    6
 -0.01753931  -0.00575968     0.00044534   0.00177354     0.01925688   0.02143102
 -0.00309908  -0.00091236    -0.00346765   0.00050521    -0.00044534  -0.00177354
  0.03103010   0.00134996     0.00309908   0.00091236    -0.01753931  -0.00575968
    3    7
  0.01709345  -0.01519276    -0.00488548   0.00288792     0.00351312  -0.00351313
 -0.00757885  -0.00268242     0.00901601  -0.00901601     0.00288792  -0.00488548
  0.01560905  -0.01560906    -0.00268242  -0.00757885     0.01519276  -0.01709345
    4    1
 -0.01216384  -0.00048604    -0.01537310   0.00070106     0.01708106   0.00476694
  0.01794961   0.03710876     0.00900349  -0.02173637     0.03893214  -0.01354759
 -0.01544887  -0.00870739    -0.01037470  -0.01136614     0.00894482   0.00825745
    4    2
  0.01709345   0.01519276     0.01560905   0.01560906    -0.00757885   0.00268242
  0.00351312   0.00351313     0.01519276   0.01709345     0.00288792   0.00488548
 -0.00488548  -0.00288792    -0.00268242   0.00757885     0.00901601   0.00901601
    4    3
 -0.01753931  -0.00575968     0.03103010   0.00134996    -0.00309908  -0.00091236
  0.01925688   0.02143102    -0.01753931  -0.00575968    -0.00044534  -0.00177354
  0.00044534   0.00177354     0.00309908   0.00091236    -0.00346765   0.00050521
    4    4
  0.04417795   0.00000000    -0.00302631   0.00715614    -0.00001881  -0.00468351
 -0.00302631  -0.00715614     0.06166753  -0.00000000     0.00302631  -0.00715614
 -0.00001881   0.00468351     0.00302631   0.00715614     0.04417795  -0.00000000
    4    5
  0.00993500   0.00877099     0.00175090   0.00920362    -0.00000000   0.00416141
  0.00175090   0.00920362     0.00000000  -0.02292343     0.00175090  -0.00920362
 -0.00000000   0.00416141     0.00175090  -0.00920362    -0.00993500   0.00877099
    4    6
 -0.00280924   0.00209476    -0.00154625   0.00283652    -0.00093918  -0.00156898
 -0.00093918  -0.00156898    -0.00832945   0.01647487     0.00153734   0.02877069
 -0.00154625   0.00283652    -0.02098703   0.02289616    -0.00832945   0.01647487
    4    7
 -0.01275056   0.00000000     0.00346230  -0.00725581     0.00549662   0.00141249
  0.00549662  -0.00141249    -0.02282980   0.00134399     0.00496831   0.00000000
  0.00346230   0.00725581     0.02207454  -0.00000000    -0.02282980  -0.00134399
    5    1
  0.00825745  -0.00894482     0.01136614  -0.01037471    -0.00870739   0.01544887
  0.01354759   0.03893214    -0.02173638  -0.00900349    -0.03710876   0.01794961
  0.00476694  -0.01708106    -0.00070106  -0.01537310    -0.00048603   0.01216384
    5    2
 -0.01753931   0.00575968     0.03103010  -0.00134996    -0.00309908   0.00091236
  0.01925688  -0.02143102    -0.01753931   0.00575968    -0.00044534   0.00177354
  0.00044534  -0.00177354     0.00309908  -0.00091236    -0.00346765  -0.00050521
    5    3
  0.01709345  -0.01519276     0.01560905  -0.01560906    -0.00757885  -0.00268242
  0.00351312  -0.00351313     0.01519276  -0.01709345     0.00288792  -0.00488548
 -0.00488548   0.00288792    -0.00268242  -0.00757885     0.00901601  -0.00901601
    5    4
  0.00993500  -0.00877099     0.00175090  -0.00920362    -0.00000000  -0.00416141
  0.00175090  -0.00920362     0.00000000   0.02292343     0.00175090   0.00920362
 -0.00000000  -0.00416141     0.00175090   0.00920362    -0.00993500  -0.00877099
    5    5
  0.04417795   0.00000000    -0.00302631  -0.00715614    -0.00001881   0.00468351
 -0.00302631   0.00715614     0.06166753  -0.00000000     0.00302631   0.00715614
 -0.00001881  -0.00468351     0.00302631  -0.00715614     0.04417795   0.00000000
    5    6
 -0.01275056   0.00000000     0.00346230   0.00725581     0.00549662  -0.00141249
  0.00549662   0.00141249    -0.02282980  -0.00134399     0.00496831  -0.00000000
  0.00346230  -0.00725581     0.02207454  -0.00000000    -0.02282980   0.00134399
    5    7
 -0.00280924  -0.00209476    -0.00154625  -0.00283652    -0.00093918   0.00156898
 -0.00093918   0.00156898    -0.00832945  -0.01647487     0.00153734  -0.02877069
 -0.00154625  -0.00283652    -0.02098703  -0.02289616    -0.00832945  -0.01647487
    6    1
  0.00825745  -0.00894482    -0.00870739   0.01544887     0.01136614  -0.01037471
  0.00476694  -0.01708106    -0.00048603   0.01216384    -0.00070106  -0.01537310
  0.01354759   0.03893214    -0.03710876   0.01794961    -0.02173638  -0.00900349
    6    2
  0.01709345  -0.01519276    -0.00757885  -0.00268242     0.01560905  -0.01560906
 -0.00488548   0.00288792     0.00901601  -0.00901601    -0.00268242  -0.00757885
  0.00351312  -0.00351313     0.00288792  -0.00488548     0.01519276  -0.01709345
    6    3
 -0.01753931   0.00575968    -0.00309908   0.00091236     0.03103010  -0.00134996
  0.00044534  -0.00177354    -0.00346765  -0.00050521     0.00309908  -0.00091236
  0.01925688  -0.02143102    -0.00044534   0.00177354    -0.01753931   0.00575968
    6    4
 -0.00280924  -0.00209476    -0.00093918   0.00156898    -0.00154625  -0.00283652
 -0.00154625  -0.00283652    -0.00832945  -0.01647487    -0.02098703  -0.02289616
 -0.00093918   0.00156898     0.00153734  -0.02877069    -0.00832945  -0.01647487
    6    5
 -0.01275056  -0.00000000     0.00549662  -0.00141249     0.00346230   0.00725581
  0.00346230  -0.00725581    -0.02282980   0.00134399     0.02207454   0.00000000
  0.00549662   0.00141249     0.00496831   0.00000000    -0.02282980  -0.00134399
    6    6
  0.04417795   0.00000000    -0.00001881   0.00468351    -0.00302631  -0.00715614
 -0.00001881  -0.00468351     0.04417795  -0.00000000     0.00302631  -0.00715614
 -0.00302631   0.00715614     0.00302631   0.00715614     0.06166753  -0.00000000
    6    7
  0.00993500  -0.00877099    -0.00000000  -0.00416141     0.00175090  -0.00920362
 -0.00000000  -0.00416141    -0.00993500  -0.00877099     0.00175090   0.00920362
  0.00175090  -0.00920362     0.00175090   0.00920362     0.00000000   0.02292343
    7    1
 -0.01216384  -0.00048604     0.01708106   0.00476694    -0.01537310   0.00070106
 -0.01544887  -0.00870739     0.00894482   0.00825745    -0.01037470  -0.01136614
  0.01794961   0.03710876     0.03893214  -0.01354759     0.00900349  -0.02173637
    7    2
 -0.01753931  -0.00575968    -0.00309908  -0.00091236     0.03103010   0.00134996
  0.00044534   0.00177354    -0.00346765   0.00050521     0.00309908   0.00091236
  0.01925688   0.02143102    -0.00044534  -0.00177354    -0.01753931  -0.00575968
    7    3
  0.01709345   0.01519276    -0.00757885   0.00268242     0.01560905   0.01560906
 -0.00488548  -0.00288792     0.00901601   0.00901601    -0.00268242   0.00757885
  0.00351312   0.00351313     0.00288792   0.00488548     0.01519276   0.01709345
    7    4
 -0.01275056  -0.00000000     0.00549662   0.00141249     0.00346230  -0.00725581
  0.00346230   0.00725581    -0.02282980  -0.00134399     0.02207454  -0.00000000
  0.00549662  -0.00141249     0.00496831   0.00000000    -0.02282980   0.00134399
    7    5
 -0.00280924   0.00209476    -0.00093918  -0.00156898    -0.00154625   0.00283652
 -0.00154625   0.00283652    -0.00832945   0.01647487    -0.02098703   0.02289616
 -0.00093918  -0.00156898     0.00153734   0.02877069    -0.00832945   0.01647487
    7    6
  0.00993500   0.00877099    -0.00000000   0.00416141     0.00175090   0.00920362
 -0.00000000   0.00416141    -0.00993500   0.00877099     0.00175090  -0.00920362
  0.00175090   0.00920362     0.00175090  -0.00920362     0.00000000  -0.02292343
    7    7
  0.04417795  -0.00000000    -0.00001881  -0.00468351    -0.00302631   0.00715614
 -0.00001881   0.00468351     0.04417795   0.00000000     0.00302631   0.00715614
 -0.00302631  -0.00715614     0.00302631  -0.00715614     0.06166753  -0.00000000

     Dynamical  Matrix in cartesian axes

     q = (   -0.216506400   0.649519100  -0.216506400 ) 

    1    1
  0.13481797   0.00000000     0.00567260   0.00000000     0.00567260   0.00000000
  0.00567260  -0.00000000     0.13481797   0.00000000     0.00567260   0.00000000
  0.00567260  -0.00000000     0.00567260  -0.00000000     0.13481797   0.00000000
    1    2
 -0.02173638   0.00900349    -0.01136614  -0.01037471    -0.00070106   0.01537310
 -0.01354759   0.03893214     0.00825745   0.00894482    -0.00476694  -0.01708106
 -0.03710876  -0.01794961     0.00870739   0.01544887    -0.00048603  -0.01216384
    1    3
 -0.02173637   0.00900350    -0.00070105   0.01537310    -0.01136614  -0.01037470
 -0.03710877  -0.01794960    -0.00048604  -0.01216384     0.00870740   0.01544887
 -0.01354757   0.03893214    -0.00476694  -0.01708106     0.00825745   0.00894481
    1    4
 -0.00048604  -0.01216384    -0.03710876  -0.01794960     0.00870739   0.01544887
 -0.00070106   0.01537310    -0.02173637   0.00900350    -0.01136614  -0.01037470
 -0.00476694  -0.01708106    -0.01354758   0.03893214     0.00825745   0.00894482
    1    5
  0.00825745   0.00894482    -0.01354758   0.03893214    -0.00476694  -0.01708106
 -0.01136614  -0.01037470    -0.02173637   0.00900350    -0.00070106   0.01537310
  0.00870739   0.01544887    -0.03710876  -0.01794960    -0.00048604  -0.01216384
    1    6
  0.00825745   0.00894481    -0.00476694  -0.01708106    -0.01354757   0.03893214
  0.00870740   0.01544887    -0.00048604  -0.01216384    -0.03710877  -0.01794960
 -0.01136614  -0.01037470    -0.00070105   0.01537310    -0.02173637   0.00900350
    1    7
 -0.00048603  -0.01216384     0.00870739   0.01544887    -0.03710876  -0.01794961
 -0.00476694  -0.01708106     0.00825745   0.00894482    -0.01354759   0.03893214
 -0.00070106   0.01537310    -0.01136614  -0.01037471    -0.02173638   0.00900349
    2    1
 -0.02173638  -0.00900349    -0.01354759  -0.03893214    -0.03710876   0.01794961
 -0.01136614   0.01037471     0.00825745  -0.00894482     0.00870739  -0.01544887
 -0.00070106  -0.01537310    -0.00476694   0.01708106    -0.00048603   0.01216384
    2    2
  0.06166753   0.00000000     0.00302631  -0.00715614     0.00302631   0.00715614
  0.00302631   0.00715614     0.04417795   0.00000000     0.00001881  -0.00468351
  0.00302631  -0.00715614     0.00001881   0.00468351     0.04417795  -0.00000000
    2    3
 -0.02292343   0.00000001    -0.00920362  -0.00175090    -0.00920362   0.00175091
 -0.00920362  -0.00175090     0.00877099   0.00993499    -0.00416141   0.00000000
 -0.00920362   0.00175091    -0.00416141   0.00000000     0.00877098  -0.00993500
    2    4
  0.01647488   0.00832945     0.02877069  -0.00153735     0.00156898  -0.00093918
  0.02289616   0.02098702     0.01647488   0.00832945    -0.00283652  -0.00154625
 -0.00283652  -0.00154625     0.00156898  -0.00093918     0.00209476   0.00280924
    2    5
 -0.02282980   0.00134399     0.00496831  -0.00000000    -0.00549662   0.00141249
  0.02207454  -0.00000001    -0.02282980  -0.00134398    -0.00346230  -0.00725581
 -0.00346229   0.00725582    -0.00549662  -0.00141248    -0.01275056   0.00000000
    2    6
  0.01647487  -0.00832946     0.00156898   0.00093918     0.02877069   0.00153733
 -0.00283652   0.00154625     0.00209476  -0.00280924     0.00156898   0.00093918
  0.02289615  -0.02098704    -0.00283652   0.00154625     0.01647487  -0.00832946
    2    7
 -0.02282980  -0.00134399    -0.00549662  -0.00141249     0.00496831  -0.00000000
 -0.00346230  -0.00725581    -0.01275056   0.00000000    -0.00549662   0.00141249
  0.02207454  -0.00000000    -0.00346230   0.00725581    -0.02282980   0.00134399
    3    1
 -0.02173637  -0.00900350    -0.03710877   0.01794960    -0.01354757  -0.03893214
 -0.00070105  -0.01537310    -0.00048604   0.01216384    -0.00476694   0.01708106
 -0.01136614   0.01037470     0.00870740  -0.01544887     0.00825745  -0.00894481
    3    2
 -0.02292343  -0.00000001    -0.00920362   0.00175090    -0.00920362  -0.00175091
 -0.00920362   0.00175090     0.00877099  -0.00993499    -0.00416141  -0.00000000
 -0.00920362  -0.00175091    -0.00416141  -0.00000000     0.00877098   0.00993500
    3    3
  0.06166753   0.00000000     0.00302631   0.00715614     0.00302631  -0.00715614
  0.00302631  -0.00715614     0.04417795   0.00000000     0.00001881   0.00468351
  0.00302631   0.00715614     0.00001881  -0.00468351     0.04417795   0.00000000
    3    4
 -0.02282980  -0.00134399     0.00496831   0.00000000    -0.00549662  -0.00141249
  0.02207454   0.00000001    -0.02282980   0.00134398    -0.00346230   0.00725581
 -0.00346229  -0.00725582    -0.00549662   0.00141248    -0.01275056  -0.00000000
    3    5
  0.01647488  -0.00832945     0.02877069   0.00153735     0.00156898   0.00093918
  0.02289616  -0.02098702     0.01647488  -0.00832945    -0.00283652   0.00154625
 -0.00283652   0.00154625     0.00156898   0.00093918     0.00209476  -0.00280924
    3    6
 -0.02282980   0.00134399    -0.00549662   0.00141249     0.00496831   0.00000000
 -0.00346230   0.00725581    -0.01275056  -0.00000000    -0.00549662  -0.00141249
  0.02207454   0.00000000    -0.00346230  -0.00725581    -0.02282980  -0.00134399
    3    7
  0.01647487   0.00832946     0.00156898  -0.00093918     0.02877069  -0.00153733
 -0.00283652  -0.00154625     0.00209476   0.00280924     0.00156898  -0.00093918
  0.02289615   0.02098704    -0.00283652  -0.00154625     0.01647487   0.00832946
    4    1
 -0.00048604   0.01216384    -0.00070106  -0.01537310    -0.00476694   0.01708106
 -0.03710876   0.01794960    -0.02173637  -0.00900350    -0.01354758  -0.03893214
  0.00870739  -0.01544887    -0.01136614   0.01037470     0.00825745  -0.00894482
    4    2
  0.01647488  -0.00832945     0.02289616  -0.02098702    -0.00283652   0.00154625
  0.02877069   0.00153735     0.01647488  -0.00832945     0.00156898   0.00093918
  0.00156898   0.00093918    -0.00283652   0.00154625     0.00209476  -0.00280924
    4    3
 -0.02282980   0.00134399     0.02207454  -0.00000001    -0.00346229   0.00725582
  0.00496831  -0.00000000    -0.02282980  -0.00134398    -0.00549662  -0.00141248
 -0.00549662   0.00141249    -0.00346230  -0.00725581    -0.01275056   0.00000000
    4    4
  0.04417795  -0.00000000     0.00302631  -0.00715614     0.00001881   0.00468351
  0.00302631   0.00715614     0.06166753   0.00000000     0.00302631  -0.00715614
  0.00001881  -0.00468351     0.00302631   0.00715614     0.04417795   0.00000000
    4    5
  0.00877099  -0.00993500    -0.00920362   0.00175090    -0.00416141  -0.00000000
 -0.00920362   0.00175090    -0.02292343   0.00000000    -0.00920362  -0.00175090
 -0.00416141  -0.00000000    -0.00920362  -0.00175090     0.00877099   0.00993500
    4    6
  0.00209476   0.00280924    -0.00283652  -0.00154625     0.00156898  -0.00093918
  0.00156898  -0.00093918     0.01647488   0.00832945     0.02877069  -0.00153735
 -0.00283652  -0.00154625     0.02289616   0.02098702     0.01647488   0.00832945
    4    7
 -0.01275056  -0.00000000    -0.00346230   0.00725581    -0.00549662  -0.00141249
 -0.00549662   0.00141248    -0.02282980   0.00134398     0.00496831   0.00000000
 -0.00346229  -0.00725582     0.02207454   0.00000001    -0.02282980  -0.00134399
    5    1
  0.00825745  -0.00894482    -0.01136614   0.01037470     0.00870739  -0.01544887
 -0.01354758  -0.03893214    -0.02173637  -0.00900350    -0.03710876   0.01794960
 -0.00476694   0.01708106    -0.00070106  -0.01537310    -0.00048604   0.01216384
    5    2
 -0.02282980  -0.00134399     0.02207454   0.00000001    -0.00346229  -0.00725582
  0.00496831   0.00000000    -0.02282980   0.00134398    -0.00549662   0.00141248
 -0.00549662  -0.00141249    -0.00346230   0.00725581    -0.01275056  -0.00000000
    5    3
  0.01647488   0.00832945     0.02289616   0.02098702    -0.00283652  -0.00154625
  0.02877069  -0.00153735     0.01647488   0.00832945     0.00156898  -0.00093918
  0.00156898  -0.00093918    -0.00283652  -0.00154625     0.00209476   0.00280924
    5    4
  0.00877099   0.00993500    -0.00920362  -0.00175090    -0.00416141   0.00000000
 -0.00920362  -0.00175090    -0.02292343  -0.00000000    -0.00920362   0.00175090
 -0.00416141   0.00000000    -0.00920362   0.00175090     0.00877099  -0.00993500
    5    5
  0.04417795   0.00000000     0.00302631   0.00715614     0.00001881  -0.00468351
  0.00302631  -0.00715614     0.06166753   0.00000000     0.00302631   0.00715614
  0.00001881   0.00468351     0.00302631  -0.00715614     0.04417795  -0.00000000
    5    6
 -0.01275056   0.00000000    -0.00346230  -0.00725581    -0.00549662   0.00141249
 -0.00549662  -0.00141248    -0.02282980  -0.00134398     0.00496831  -0.00000000
 -0.00346229   0.00725582     0.02207454  -0.00000001    -0.02282980   0.00134399
    5    7
  0.00209476  -0.00280924    -0.00283652   0.00154625     0.00156898   0.00093918
  0.00156898   0.00093918     0.01647488  -0.00832945     0.02877069   0.00153735
 -0.00283652   0.00154625     0.02289616  -0.02098702     0.01647488  -0.00832945
    6    1
  0.00825745  -0.00894481     0.00870740  -0.01544887    -0.01136614   0.01037470
 -0.00476694   0.01708106    -0.00048604   0.01216384    -0.00070105  -0.01537310
 -0.01354757  -0.03893214    -0.03710877   0.01794960    -0.02173637  -0.00900350
    6    2
  0.01647487   0.00832946    -0.00283652  -0.00154625     0.02289615   0.02098704
  0.00156898  -0.00093918     0.00209476   0.00280924    -0.00283652  -0.00154625
  0.02877069  -0.00153733     0.00156898  -0.00093918     0.01647487   0.00832946
    6    3
 -0.02282980  -0.00134399    -0.00346230  -0.00725581     0.02207454  -0.00000000
 -0.00549662  -0.00141249    -0.01275056  -0.00000000    -0.00346230   0.00725581
  0.00496831  -0.00000000    -0.00549662   0.00141249    -0.02282980   0.00134399
    6    4
  0.00209476  -0.00280924     0.00156898   0.00093918    -0.00283652   0.00154625
 -0.00283652   0.00154625     0.01647488  -0.00832945     0.02289616  -0.02098702
  0.00156898   0.00093918     0.02877069   0.00153735     0.01647488  -0.00832945
    6    5
 -0.01275056  -0.00000000    -0.00549662   0.00141248    -0.00346229  -0.00725582
 -0.00346230   0.00725581    -0.02282980   0.00134398     0.02207454   0.00000001
 -0.00549662  -0.00141249     0.00496831   0.00000000    -0.02282980  -0.00134399
    6    6
  0.04417795   0.00000000     0.00001881  -0.00468351     0.00302631   0.00715614
  0.00001881   0.00468351     0.04417795  -0.00000000     0.00302631  -0.00715614
  0.00302631  -0.00715614     0.00302631   0.00715614     0.06166753   0.00000000
    6    7
  0.00877098   0.00993500    -0.00416141  -0.00000000    -0.00920362  -0.00175091
 -0.00416141  -0.00000000     0.00877099  -0.00993499    -0.00920362   0.00175090
 -0.00920362  -0.00175091    -0.00920362   0.00175090    -0.02292343  -0.00000001
    7    1
 -0.00048603   0.01216384    -0.00476694   0.01708106    -0.00070106  -0.01537310
  0.00870739  -0.01544887     0.00825745  -0.00894482    -0.01136614   0.01037471
 -0.03710876   0.01794961    -0.01354759  -0.03893214    -0.02173638  -0.00900349
    7    2
 -0.02282980   0.00134399    -0.00346230   0.00725581     0.02207454   0.00000000
 -0.00549662   0.00141249    -0.01275056  -0.00000000    -0.00346230  -0.00725581
  0.00496831   0.00000000    -0.00549662  -0.00141249    -0.02282980  -0.00134399
    7    3
  0.01647487  -0.00832946    -0.00283652   0.00154625     0.02289615  -0.02098704
  0.00156898   0.00093918     0.00209476  -0.00280924    -0.00283652   0.00154625
  0.02877069   0.00153733     0.00156898   0.00093918     0.01647487  -0.00832946
    7    4
 -0.01275056   0.00000000    -0.00549662  -0.00141248    -0.00346229   0.00725582
 -0.00346230  -0.00725581    -0.02282980  -0.00134398     0.02207454  -0.00000001
 -0.00549662   0.00141249     0.00496831  -0.00000000    -0.02282980   0.00134399
    7    5
  0.00209476   0.00280924     0.00156898  -0.00093918    -0.00283652  -0.00154625
 -0.00283652  -0.00154625     0.01647488   0.00832945     0.02289616   0.02098702
  0.00156898  -0.00093918     0.02877069  -0.00153735     0.01647488   0.00832945
    7    6
  0.00877098  -0.00993500    -0.00416141   0.00000000    -0.00920362   0.00175091
 -0.00416141   0.00000000     0.00877099   0.00993499    -0.00920362  -0.00175090
 -0.00920362   0.00175091    -0.00920362  -0.00175090    -0.02292343   0.00000001
    7    7
  0.04417795  -0.00000000     0.00001881   0.00468351     0.00302631  -0.00715614
  0.00001881  -0.00468351     0.04417795   0.00000000     0.00302631   0.00715614
  0.00302631   0.00715614     0.00302631  -0.00715614     0.06166753   0.00000000

     Dynamical  Matrix in cartesian axes

     q = (    0.216506400  -0.649519100  -0.216506400 ) 

    1    1
  0.13481797   0.00000000     0.00567260  -0.00000000    -0.00567260   0.00000000
  0.00567260  -0.00000000     0.13481797   0.00000000    -0.00567260   0.00000000
 -0.00567260   0.00000000    -0.00567260   0.00000000     0.13481797   0.00000000
    1    2
  0.00900350  -0.02173637    -0.01037470  -0.01136614    -0.01537310   0.00070105
  0.03893214  -0.01354757     0.00894481   0.00825745     0.01708106   0.00476694
  0.01794960   0.03710877    -0.01544887  -0.00870740    -0.01216384  -0.00048604
    1    3
 -0.02173637  -0.00900350    -0.00070105  -0.01537310     0.01136615  -0.01037470
 -0.03710877   0.01794959    -0.00048604   0.01216384    -0.00870740   0.01544887
  0.01354757   0.03893214     0.00476695  -0.01708106     0.00825745  -0.00894481
    1    4
 -0.00048604   0.01216384    -0.03710876   0.01794960    -0.00870739   0.01544887
 -0.00070106  -0.01537310    -0.02173637  -0.00900350     0.01136614  -0.01037470
  0.00476694  -0.01708106     0.01354758   0.03893214     0.00825745  -0.00894481
    1    5
  0.00894481   0.00825745     0.03893215  -0.01354756     0.01708106   0.00476695
 -0.01037470  -0.01136615     0.00900351  -0.02173637    -0.01537310   0.00070105
 -0.01544887  -0.00870740     0.01794959   0.03710877    -0.01216384  -0.00048604
    1    6
  0.00894482  -0.00825745    -0.01708106   0.00476694    -0.03893214  -0.01354759
  0.01544887  -0.00870739    -0.01216384   0.00048604     0.01794961  -0.03710876
  0.01037470  -0.01136614    -0.01537310  -0.00070106     0.00900349   0.02173637
    1    7
 -0.01216384   0.00048604     0.01544887  -0.00870739     0.01794960  -0.03710876
 -0.01708106   0.00476694     0.00894481  -0.00825745    -0.03893214  -0.01354758
 -0.01537310  -0.00070106     0.01037470  -0.01136614     0.00900350   0.02173637
    2    1
  0.00900350   0.02173637     0.03893214   0.01354757     0.01794960  -0.03710877
 -0.01037470   0.01136614     0.00894481  -0.00825745    -0.01544887   0.00870740
 -0.01537310  -0.00070105     0.01708106  -0.00476694    -0.01216384   0.00048604
    2    2
  0.06166753  -0.00000000     0.00302631   0.00715614    -0.00302631   0.00715614
  0.00302631  -0.00715614     0.04417795  -0.00000000    -0.00001881  -0.00468351
 -0.00302631  -0.00715614    -0.00001881   0.00468351     0.04417795   0.00000000
    2    3
 -0.00000000   0.02292343     0.00175090   0.00920362     0.00175090  -0.00920362
  0.00175090   0.00920362    -0.00993500  -0.00877099     0.00000000  -0.00416141
  0.00175090  -0.00920362     0.00000000  -0.00416141     0.00993500  -0.00877099
    2    4
 -0.00832945  -0.01647487     0.00153734  -0.02877069    -0.00093918   0.00156898
 -0.02098703  -0.02289616    -0.00832945  -0.01647487    -0.00154625  -0.00283652
 -0.00154625  -0.00283652    -0.00093918   0.00156898    -0.00280924  -0.00209476
    2    5
 -0.02282980  -0.00134399     0.00496831   0.00000000     0.00549662   0.00141249
  0.02207454   0.00000001    -0.02282980   0.00134398     0.00346230  -0.00725581
  0.00346229   0.00725582     0.00549662  -0.00141248    -0.01275056  -0.00000000
    2    6
  0.01519277  -0.01709345     0.00288792  -0.00488548     0.00351313  -0.00351312
 -0.00268242  -0.00757885     0.00901601  -0.00901600    -0.00488548   0.00288792
  0.01560906  -0.01560905    -0.00757885  -0.00268242     0.01709345  -0.01519276
    2    7
 -0.01753931   0.00575968    -0.00044534   0.00177354     0.01925688  -0.02143102
  0.00309908  -0.00091236    -0.00346765  -0.00050521     0.00044534  -0.00177354
  0.03103010  -0.00134996    -0.00309908   0.00091236    -0.01753931   0.00575968
    3    1
 -0.02173637   0.00900350    -0.03710877  -0.01794959     0.01354757  -0.03893214
 -0.00070105   0.01537310    -0.00048604  -0.01216384     0.00476695   0.01708106
  0.01136615   0.01037470    -0.00870740  -0.01544887     0.00825745   0.00894481
    3    2
 -0.00000000  -0.02292343     0.00175090  -0.00920362     0.00175090   0.00920362
  0.00175090  -0.00920362    -0.00993500   0.00877099     0.00000000   0.00416141
  0.00175090   0.00920362     0.00000000   0.00416141     0.00993500   0.00877099
    3    3
  0.06166753  -0.00000000     0.00302631  -0.00715614    -0.00302631  -0.00715614
  0.00302631   0.00715614     0.04417795   0.00000000    -0.00001881   0.00468351
 -0.00302631   0.00715614    -0.00001881  -0.00468351     0.04417795  -0.00000000
    3    4
 -0.02282980   0.00134399     0.00496831  -0.00000000     0.00549662  -0.00141249
  0.02207454  -0.00000001    -0.02282980  -0.00134398     0.00346230   0.00725581
  0.00346229  -0.00725582     0.00549662   0.00141248    -0.01275056   0.00000000
    3    5
 -0.00832945   0.01647487     0.00153734   0.02877069    -0.00093918  -0.00156898
 -0.02098703   0.02289616    -0.00832945   0.01647487    -0.00154625   0.00283652
 -0.00154625   0.00283652    -0.00093918  -0.00156898    -0.00280924   0.00209476
    3    6
 -0.01753931  -0.00575968    -0.00044534  -0.00177354     0.01925688   0.02143102
  0.00309908   0.00091236    -0.00346765   0.00050521     0.00044534   0.00177354
  0.03103010   0.00134996    -0.00309908  -0.00091236    -0.01753931  -0.00575968
    3    7
  0.01519277   0.01709345     0.00288792   0.00488548     0.00351313   0.00351312
 -0.00268242   0.00757885     0.00901601   0.00901600    -0.00488548  -0.00288792
  0.01560906   0.01560905    -0.00757885   0.00268242     0.01709345   0.01519276
    4    1
 -0.00048604  -0.01216384    -0.00070106   0.01537310     0.00476694   0.01708106
 -0.03710876  -0.01794960    -0.02173637   0.00900350     0.01354758  -0.03893214
 -0.00870739  -0.01544887     0.01136614   0.01037470     0.00825745   0.00894481
    4    2
 -0.00832945   0.01647487    -0.02098703   0.02289616    -0.00154625   0.00283652
  0.00153734   0.02877069    -0.00832945   0.01647487    -0.00093918  -0.00156898
 -0.00093918  -0.00156898    -0.00154625   0.00283652    -0.00280924   0.00209476
    4    3
 -0.02282980  -0.00134399     0.02207454   0.00000001     0.00346229   0.00725582
  0.00496831   0.00000000    -0.02282980   0.00134398     0.00549662  -0.00141248
  0.00549662   0.00141249     0.00346230  -0.00725581    -0.01275056  -0.00000000
    4    4
  0.04417795  -0.00000000     0.00302631   0.00715614    -0.00001881   0.00468351
  0.00302631  -0.00715614     0.06166753  -0.00000000    -0.00302631  -0.00715614
 -0.00001881  -0.00468351    -0.00302631   0.00715614     0.04417795  -0.00000000
    4    5
 -0.00993500   0.00877098     0.00175091  -0.00920362    -0.00000000   0.00416141
  0.00175091  -0.00920362     0.00000001  -0.02292343     0.00175090   0.00920362
 -0.00000000   0.00416141     0.00175090   0.00920362     0.00993499   0.00877099
    4    6
  0.00901600   0.00901601    -0.00268242   0.00757885    -0.00488548  -0.00288792
  0.00288792   0.00488548     0.01519276   0.01709345     0.00351312   0.00351313
 -0.00757885   0.00268242     0.01560905   0.01560906     0.01709344   0.01519277
    4    7
 -0.00346765   0.00050521     0.00309908   0.00091236     0.00044534   0.00177354
 -0.00044534  -0.00177354    -0.01753931  -0.00575968     0.01925688   0.02143102
 -0.00309908  -0.00091236     0.03103010   0.00134996    -0.01753931  -0.00575968
    5    1
  0.00894481  -0.00825745    -0.01037470   0.01136615    -0.01544887   0.00870740
  0.03893215   0.01354756     0.00900351   0.02173637     0.01794959  -0.03710877
  0.01708106  -0.00476695    -0.01537310  -0.00070105    -0.01216384   0.00048604
    5    2
 -0.02282980   0.00134399     0.02207454  -0.00000001     0.00346229  -0.00725582
  0.00496831  -0.00000000    -0.02282980  -0.00134398     0.00549662   0.00141248
  0.00549662  -0.00141249     0.00346230   0.00725581    -0.01275056   0.00000000
    5    3
 -0.00832945  -0.01647487    -0.02098703  -0.02289616    -0.00154625  -0.00283652
  0.00153734  -0.02877069    -0.00832945  -0.01647487    -0.00093918   0.00156898
 -0.00093918   0.00156898    -0.00154625  -0.00283652    -0.00280924  -0.00209476
    5    4
 -0.00993500  -0.00877098     0.00175091   0.00920362    -0.00000000  -0.00416141
  0.00175091   0.00920362     0.00000001   0.02292343     0.00175090  -0.00920362
 -0.00000000  -0.00416141     0.00175090  -0.00920362     0.00993499  -0.00877099
    5    5
  0.04417795   0.00000000     0.00302631  -0.00715614    -0.00001881  -0.00468351
  0.00302631   0.00715614     0.06166753  -0.00000000    -0.00302631   0.00715614
 -0.00001881   0.00468351    -0.00302631  -0.00715614     0.04417795   0.00000000
    5    6
 -0.00346765  -0.00050521     0.00309908  -0.00091236     0.00044534  -0.00177354
 -0.00044534   0.00177354    -0.01753931   0.00575968     0.01925688  -0.02143102
 -0.00309908   0.00091236     0.03103010  -0.00134996    -0.01753931   0.00575968
    5    7
  0.00901600  -0.00901601    -0.00268242  -0.00757885    -0.00488548   0.00288792
  0.00288792  -0.00488548     0.01519276  -0.01709345     0.00351312  -0.00351313
 -0.00757885  -0.00268242     0.01560905  -0.01560906     0.01709344  -0.01519277
    6    1
  0.00894482   0.00825745     0.01544887   0.00870739     0.01037470   0.01136614
 -0.01708106  -0.00476694    -0.01216384  -0.00048604    -0.01537310   0.00070106
 -0.03893214   0.01354759     0.01794961   0.03710876     0.00900349  -0.02173637
    6    2
  0.01519277   0.01709345    -0.00268242   0.00757885     0.01560906   0.01560905
  0.00288792   0.00488548     0.00901601   0.00901600    -0.00757885   0.00268242
  0.00351313   0.00351312    -0.00488548  -0.00288792     0.01709345   0.01519276
    6    3
 -0.01753931   0.00575968     0.00309908  -0.00091236     0.03103010  -0.00134996
 -0.00044534   0.00177354    -0.00346765  -0.00050521    -0.00309908   0.00091236
  0.01925688  -0.02143102     0.00044534  -0.00177354    -0.01753931   0.00575968
    6    4
  0.00901600  -0.00901601     0.00288792  -0.00488548    -0.00757885  -0.00268242
 -0.00268242  -0.00757885     0.01519276  -0.01709345     0.01560905  -0.01560906
 -0.00488548   0.00288792     0.00351312  -0.00351313     0.01709344  -0.01519277
    6    5
 -0.00346765   0.00050521    -0.00044534  -0.00177354    -0.00309908  -0.00091236
  0.00309908   0.00091236    -0.01753931  -0.00575968     0.03103010   0.00134996
  0.00044534   0.00177354     0.01925688   0.02143102    -0.01753931  -0.00575968
    6    6
  0.04417795   0.00000000     0.00001881  -0.00468351    -0.00302631  -0.00715614
  0.00001881   0.00468351     0.04417795   0.00000000    -0.00302631   0.00715614
 -0.00302631   0.00715614    -0.00302631  -0.00715614     0.06166753   0.00000000
    6    7
  0.00877099   0.00993499    -0.00416141   0.00000000     0.00920362   0.00175090
 -0.00416141   0.00000000     0.00877098  -0.00993500     0.00920362  -0.00175091
  0.00920362   0.00175090     0.00920362  -0.00175091    -0.02292343   0.00000001
    7    1
 -0.01216384  -0.00048604    -0.01708106  -0.00476694    -0.01537310   0.00070106
  0.01544887   0.00870739     0.00894481   0.00825745     0.01037470   0.01136614
  0.01794960   0.03710876    -0.03893214   0.01354758     0.00900350  -0.02173637
    7    2
 -0.01753931  -0.00575968     0.00309908   0.00091236     0.03103010   0.00134996
 -0.00044534  -0.00177354    -0.00346765   0.00050521    -0.00309908  -0.00091236
  0.01925688   0.02143102     0.00044534   0.00177354    -0.01753931  -0.00575968
    7    3
  0.01519277  -0.01709345    -0.00268242  -0.00757885     0.01560906  -0.01560905
  0.00288792  -0.00488548     0.00901601  -0.00901600    -0.00757885  -0.00268242
  0.00351313  -0.00351312    -0.00488548   0.00288792     0.01709345  -0.01519276
    7    4
 -0.00346765  -0.00050521    -0.00044534   0.00177354    -0.00309908   0.00091236
  0.00309908  -0.00091236    -0.01753931   0.00575968     0.03103010  -0.00134996
  0.00044534  -0.00177354     0.01925688  -0.02143102    -0.01753931   0.00575968
    7    5
  0.00901600   0.00901601     0.00288792   0.00488548    -0.00757885   0.00268242
 -0.00268242   0.00757885     0.01519276   0.01709345     0.01560905   0.01560906
 -0.00488548  -0.00288792     0.00351312   0.00351313     0.01709344   0.01519277
    7    6
  0.00877099  -0.00993499    -0.00416141  -0.00000000     0.00920362  -0.00175090
 -0.00416141  -0.00000000     0.00877098   0.00993500     0.00920362   0.00175091
  0.00920362  -0.00175090     0.00920362   0.00175091    -0.02292343  -0.00000001
    7    7
  0.04417795   0.00000000     0.00001881   0.00468351    -0.00302631   0.00715614
  0.00001881  -0.00468351     0.04417795   0.00000000    -0.00302631  -0.00715614
 -0.00302631  -0.00715614    -0.00302631   0.00715614     0.06166753   0.00000000

     Dynamical  Matrix in cartesian axes

     q = (   -0.216506400   0.216506400  -0.649519100 ) 

    1    1
  0.13481797   0.00000000    -0.00567260  -0.00000000    -0.00567260   0.00000000
 -0.00567260   0.00000000     0.13481797   0.00000000     0.00567260  -0.00000000
 -0.00567260  -0.00000000     0.00567260  -0.00000000     0.13481797   0.00000000
    1    2
  0.00900349   0.02173637     0.01037470  -0.01136614    -0.01537310  -0.00070106
 -0.03893214  -0.01354759     0.00894482  -0.00825745    -0.01708106   0.00476694
  0.01794961  -0.03710876     0.01544887  -0.00870739    -0.01216384   0.00048604
    1    3
  0.00900350   0.02173637    -0.01537310  -0.00070106     0.01037470  -0.01136614
  0.01794960  -0.03710876    -0.01216384   0.00048604     0.01544887  -0.00870739
 -0.03893214  -0.01354758    -0.01708106   0.00476694     0.00894481  -0.00825745
    1    4
 -0.01216384  -0.00048604     0.01794960   0.03710877    -0.01544887  -0.00870740
 -0.01537310   0.00070105     0.00900350  -0.02173637    -0.01037470  -0.01136614
  0.01708106   0.00476694     0.03893214  -0.01354757     0.00894481   0.00825745
    1    5
  0.00825745  -0.00894481     0.01354757   0.03893214     0.00476695  -0.01708106
  0.01136615  -0.01037470    -0.02173637  -0.00900350    -0.00070105  -0.01537310
 -0.00870740   0.01544887    -0.03710877   0.01794959    -0.00048604   0.01216384
    1    6
  0.00825745  -0.00894481     0.00476694  -0.01708106     0.01354758   0.03893214
 -0.00870739   0.01544887    -0.00048604   0.01216384    -0.03710876   0.01794960
  0.01136614  -0.01037470    -0.00070106  -0.01537310    -0.02173637  -0.00900350
    1    7
 -0.01216384  -0.00048604    -0.01544887  -0.00870740     0.01794959   0.03710877
  0.01708106   0.00476695     0.00894481   0.00825745     0.03893215  -0.01354756
