  2.500000000000000E-002   1.26011648066226        2.33218954087644     
          24

     Dynamical  Matrix in cartesian axes

     q = (    0.433012700   0.324759500   0.324759500 ) 

    1    1
  0.06685178   0.00000000    -0.01062538   0.00000000    -0.01062538   0.00000000
 -0.01062538   0.00000000     0.06372625   0.00000000     0.01155931   0.00000000
 -0.01062538   0.00000000     0.01155931   0.00000000     0.06372625   0.00000000
    1    2
 -0.00100854  -0.00243484     0.00182303  -0.01186747    -0.00968065  -0.00710249
 -0.01445723   0.00320628    -0.00141907  -0.01057471     0.00405598   0.00448804
  0.01248999  -0.00795563     0.00030551   0.00604153    -0.00647401  -0.00848088
    1    3
 -0.00100854  -0.00243484    -0.00968065  -0.00710249     0.00182303  -0.01186747
  0.01248999  -0.00795563    -0.00647401  -0.00848088     0.00030551   0.00604153
 -0.01445723   0.00320628     0.00405598   0.00448804    -0.00141907  -0.01057471
    1    4
 -0.00105083  -0.00281890     0.00554643  -0.00708238    -0.00410115   0.00869388
 -0.01193613  -0.01370427     0.01431452  -0.00723924     0.00596737  -0.00170092
 -0.00009561   0.00375895     0.00621240   0.00251108     0.01077332   0.00437361
    1    5
 -0.00125022  -0.00273631    -0.00892992  -0.00108608     0.00904745   0.00324755
 -0.00125026  -0.01813050    -0.01524081   0.00500298    -0.00542230   0.00301683
  0.00272559   0.00259037    -0.00261723   0.00616843    -0.00452528   0.01071049
    1    6
 -0.00125022  -0.00273631     0.00904745   0.00324755    -0.00892992  -0.00108608
  0.00272559   0.00259037    -0.00452528   0.01071049    -0.00261723   0.00616843
 -0.00125026  -0.01813050    -0.00542230   0.00301683    -0.01524081   0.00500298
    1    7
 -0.00105083  -0.00281890    -0.00410115   0.00869388     0.00554643  -0.00708238
 -0.00009561   0.00375895     0.01077332   0.00437361     0.00621240   0.00251108
 -0.01193613  -0.01370427     0.00596737  -0.00170092     0.01431452  -0.00723924
    2    1
 -0.00100854   0.00243484    -0.01445723  -0.00320628     0.01248999   0.00795563
  0.00182303   0.01186747    -0.00141907   0.01057471     0.00030551  -0.00604153
 -0.00968065   0.00710249     0.00405598  -0.00448804    -0.00647401   0.00848088
    2    2
  0.07088697  -0.00000000     0.00407499   0.01663991     0.00407499  -0.01663991
  0.00407499  -0.01663991     0.04551939   0.00000000     0.00647250  -0.00473768
  0.00407499   0.01663991     0.00647250   0.00473768     0.04551939  -0.00000000
    2    3
  0.00075615   0.00000000     0.00478013   0.00393811     0.00478013  -0.00393811
  0.00478013   0.00393811    -0.00245270   0.01560646    -0.00785748  -0.00000000
  0.00478013  -0.00393811    -0.00785748   0.00000000    -0.00245270  -0.01560646
    2    4
 -0.00422164   0.02475529    -0.00595411   0.03845562    -0.00179942   0.00259272
  0.00552357   0.02768560     0.01190974   0.01378975    -0.00964413  -0.00052714
 -0.01331337   0.00658469    -0.00687831   0.00546880     0.00370572   0.00270889
    2    5
 -0.01603629   0.00799184     0.01318604  -0.00870613    -0.00071554   0.00719460
  0.03335805   0.00661057    -0.00821470  -0.00845015     0.00105599  -0.00541366
  0.00072104   0.00331018     0.00211699  -0.00325880    -0.01634087  -0.00445032
    2    6
 -0.00422164  -0.02475529    -0.00179942  -0.00259272    -0.00595411  -0.03845562
 -0.01331337  -0.00658469     0.00370572  -0.00270889    -0.00687831  -0.00546880
  0.00552357  -0.02768560    -0.00964413   0.00052714     0.01190974  -0.01378975
    2    7
 -0.01603629  -0.00799184    -0.00071554  -0.00719460     0.01318604   0.00870613
  0.00072104  -0.00331018    -0.01634087   0.00445032     0.00211699   0.00325880
  0.03335805  -0.00661057     0.00105599   0.00541366    -0.00821470   0.00845015
    3    1
 -0.00100854   0.00243484     0.01248999   0.00795563    -0.01445723  -0.00320628
 -0.00968065   0.00710249    -0.00647401   0.00848088     0.00405598  -0.00448804
  0.00182303   0.01186747     0.00030551  -0.00604153    -0.00141907   0.01057471
    3    2
  0.00075615  -0.00000000     0.00478013  -0.00393811     0.00478013   0.00393811
  0.00478013  -0.00393811    -0.00245270  -0.01560646    -0.00785748   0.00000000
  0.00478013   0.00393811    -0.00785748  -0.00000000    -0.00245270   0.01560646
    3    3
  0.07088697   0.00000000     0.00407499  -0.01663991     0.00407499   0.01663991
  0.00407499   0.01663991     0.04551939  -0.00000000     0.00647250   0.00473768
  0.00407499  -0.01663991     0.00647250  -0.00473768     0.04551939   0.00000000
    3    4
 -0.01603629  -0.00799184     0.01318604   0.00870613    -0.00071554  -0.00719460
  0.03335805  -0.00661057    -0.00821470   0.00845015     0.00105599   0.00541366
  0.00072104  -0.00331018     0.00211699   0.00325880    -0.01634087   0.00445032
    3    5
 -0.00422164  -0.02475529    -0.00595411  -0.03845562    -0.00179942  -0.00259272
  0.00552357  -0.02768560     0.01190974  -0.01378975    -0.00964413   0.00052714
 -0.01331337  -0.00658469    -0.00687831  -0.00546880     0.00370572  -0.00270889
    3    6
 -0.01603629   0.00799184    -0.00071554   0.00719460     0.01318604  -0.00870613
  0.00072104   0.00331018    -0.01634087  -0.00445032     0.00211699  -0.00325880
  0.03335805   0.00661057     0.00105599  -0.00541366    -0.00821470  -0.00845015
    3    7
 -0.00422164   0.02475529    -0.00179942   0.00259272    -0.00595411   0.03845562
 -0.01331337   0.00658469     0.00370572   0.00270889    -0.00687831   0.00546880
  0.00552357   0.02768560    -0.00964413  -0.00052714     0.01190974   0.01378975
    4    1
 -0.00105083   0.00281890    -0.01193613   0.01370427    -0.00009561  -0.00375895
  0.00554643   0.00708238     0.01431452   0.00723924     0.00621240  -0.00251108
 -0.00410115  -0.00869388     0.00596737   0.00170092     0.01077332  -0.00437361
    4    2
 -0.00422164  -0.02475529     0.00552357  -0.02768560    -0.01331337  -0.00658469
 -0.00595411  -0.03845562     0.01190974  -0.01378975    -0.00687831  -0.00546880
 -0.00179942  -0.00259272    -0.00964413   0.00052714     0.00370572  -0.00270889
    4    3
 -0.01603629   0.00799184     0.03335805   0.00661057     0.00072104   0.00331018
  0.01318604  -0.00870613    -0.00821470  -0.00845015     0.00211699  -0.00325880
 -0.00071554   0.00719460     0.00105599  -0.00541366    -0.01634087  -0.00445032
    4    4
  0.05089028  -0.00000000     0.00611037  -0.00018393    -0.00094330   0.00403359
  0.00611037   0.00018393     0.04725948  -0.00000000     0.00245416   0.00464999
 -0.00094330  -0.00403359     0.00245416  -0.00464999     0.03817985  -0.00000000
    4    5
  0.01199388  -0.01424774     0.00114300  -0.00116596    -0.00785024  -0.00241228
  0.00114300  -0.00116596    -0.01262071  -0.00591206     0.00493432  -0.00134981
 -0.00785024  -0.00241228     0.00493432  -0.00134981    -0.01114095   0.00916804
    4    6
 -0.00594399   0.00780487    -0.00829976  -0.00653631    -0.01243632   0.00457139
 -0.01243632   0.00457139    -0.00330558   0.00868027    -0.02829835   0.01092850
 -0.00829976  -0.00653631    -0.01814330   0.01906079    -0.00330558   0.00868027
    4    7
 -0.01172002   0.00000000    -0.00023190   0.01082818     0.00029262  -0.00611116
  0.00029262   0.00611116    -0.01157030   0.00620215     0.01437989   0.00000000
 -0.00023190  -0.01082818     0.02215180   0.00000000    -0.01157030  -0.00620215
    5    1
 -0.00125022   0.00273631    -0.00125026   0.01813050     0.00272559  -0.00259037
 -0.00892992   0.00108608    -0.01524081  -0.00500298    -0.00261723  -0.00616843
  0.00904745  -0.00324755    -0.00542230  -0.00301683    -0.00452528  -0.01071049
    5    2
 -0.01603629  -0.00799184     0.03335805  -0.00661057     0.00072104  -0.00331018
  0.01318604   0.00870613    -0.00821470   0.00845015     0.00211699   0.00325880
 -0.00071554  -0.00719460     0.00105599   0.00541366    -0.01634087   0.00445032
    5    3
 -0.00422164   0.02475529     0.00552357   0.02768560    -0.01331337   0.00658469
 -0.00595411   0.03845562     0.01190974   0.01378975    -0.00687831   0.00546880
 -0.00179942   0.00259272    -0.00964413  -0.00052714     0.00370572   0.00270889
    5    4
  0.01199388   0.01424774     0.00114300   0.00116596    -0.00785024   0.00241228
  0.00114300   0.00116596    -0.01262071   0.00591206     0.00493432   0.00134981
 -0.00785024   0.00241228     0.00493432   0.00134981    -0.01114095  -0.00916804
    5    5
  0.05089028   0.00000000     0.00611037   0.00018393    -0.00094330  -0.00403359
  0.00611037  -0.00018393     0.04725948   0.00000000     0.00245416  -0.00464999
 -0.00094330   0.00403359     0.00245416   0.00464999     0.03817985   0.00000000
    5    6
 -0.01172002  -0.00000000    -0.00023190  -0.01082818     0.00029262   0.00611116
  0.00029262  -0.00611116    -0.01157030  -0.00620215     0.01437989   0.00000000
 -0.00023190   0.01082818     0.02215180   0.00000000    -0.01157030   0.00620215
    5    7
 -0.00594399  -0.00780487    -0.00829976   0.00653631    -0.01243632  -0.00457139
 -0.01243632  -0.00457139    -0.00330558  -0.00868027    -0.02829835  -0.01092850
 -0.00829976   0.00653631    -0.01814330  -0.01906079    -0.00330558  -0.00868027
    6    1
 -0.00125022   0.00273631     0.00272559  -0.00259037    -0.00125026   0.01813050
  0.00904745  -0.00324755    -0.00452528  -0.01071049    -0.00542230  -0.00301683
 -0.00892992   0.00108608    -0.00261723  -0.00616843    -0.01524081  -0.00500298
    6    2
 -0.00422164   0.02475529    -0.01331337   0.00658469     0.00552357   0.02768560
 -0.00179942   0.00259272     0.00370572   0.00270889    -0.00964413  -0.00052714
 -0.00595411   0.03845562    -0.00687831   0.00546880     0.01190974   0.01378975
    6    3
 -0.01603629  -0.00799184     0.00072104  -0.00331018     0.03335805  -0.00661057
 -0.00071554  -0.00719460    -0.01634087   0.00445032     0.00105599   0.00541366
  0.01318604   0.00870613     0.00211699   0.00325880    -0.00821470   0.00845015
    6    4
 -0.00594399  -0.00780487    -0.01243632  -0.00457139    -0.00829976   0.00653631
 -0.00829976   0.00653631    -0.00330558  -0.00868027    -0.01814330  -0.01906079
 -0.01243632  -0.00457139    -0.02829835  -0.01092850    -0.00330558  -0.00868027
    6    5
 -0.01172002   0.00000000     0.00029262   0.00611116    -0.00023190  -0.01082818
 -0.00023190   0.01082818    -0.01157030   0.00620215     0.02215180  -0.00000000
  0.00029262  -0.00611116     0.01437989  -0.00000000    -0.01157030  -0.00620215
    6    6
  0.05089028  -0.00000000    -0.00094330  -0.00403359     0.00611037   0.00018393
 -0.00094330   0.00403359     0.03817985   0.00000000     0.00245416   0.00464999
  0.00611037  -0.00018393     0.00245416  -0.00464999     0.04725948  -0.00000000
    6    7
  0.01199388   0.01424774    -0.00785024   0.00241228     0.00114300   0.00116596
 -0.00785024   0.00241228    -0.01114095  -0.00916804     0.00493432   0.00134981
  0.00114300   0.00116596     0.00493432   0.00134981    -0.01262071   0.00591206
    7    1
 -0.00105083   0.00281890    -0.00009561  -0.00375895    -0.01193613   0.01370427
 -0.00410115  -0.00869388     0.01077332  -0.00437361     0.00596737   0.00170092
  0.00554643   0.00708238     0.00621240  -0.00251108     0.01431452   0.00723924
    7    2
 -0.01603629   0.00799184     0.00072104   0.00331018     0.03335805   0.00661057
 -0.00071554   0.00719460    -0.01634087  -0.00445032     0.00105599  -0.00541366
  0.01318604  -0.00870613     0.00211699  -0.00325880    -0.00821470  -0.00845015
    7    3
 -0.00422164  -0.02475529    -0.01331337  -0.00658469     0.00552357  -0.02768560
 -0.00179942  -0.00259272     0.00370572  -0.00270889    -0.00964413   0.00052714
 -0.00595411  -0.03845562    -0.00687831  -0.00546880     0.01190974  -0.01378975
    7    4
 -0.01172002   0.00000000     0.00029262  -0.00611116    -0.00023190   0.01082818
 -0.00023190  -0.01082818    -0.01157030  -0.00620215     0.02215180  -0.00000000
  0.00029262   0.00611116     0.01437989  -0.00000000    -0.01157030   0.00620215
    7    5
 -0.00594399   0.00780487    -0.01243632   0.00457139    -0.00829976  -0.00653631
 -0.00829976  -0.00653631    -0.00330558   0.00868027    -0.01814330   0.01906079
 -0.01243632   0.00457139    -0.02829835   0.01092850    -0.00330558   0.00868027
    7    6
  0.01199388  -0.01424774    -0.00785024  -0.00241228     0.00114300  -0.00116596
 -0.00785024  -0.00241228    -0.01114095   0.00916804     0.00493432  -0.00134981
  0.00114300  -0.00116596     0.00493432  -0.00134981    -0.01262071  -0.00591206
    7    7
  0.05089028   0.00000000    -0.00094330   0.00403359     0.00611037  -0.00018393
 -0.00094330  -0.00403359     0.03817985  -0.00000000     0.00245416  -0.00464999
  0.00611037   0.00018393     0.00245416   0.00464999     0.04725948   0.00000000

     Dynamical  Matrix in cartesian axes

     q = (   -0.433012700   0.324759500  -0.324759500 ) 

    1    1
  0.06685178   0.00000000     0.01062538   0.00000000    -0.01062538   0.00000000
  0.01062538   0.00000000     0.06372625   0.00000000    -0.01155931   0.00000000
 -0.01062538   0.00000000    -0.01155931   0.00000000     0.06372625   0.00000000
    1    2
 -0.00100854   0.00243484    -0.00182303  -0.01186747    -0.00968065   0.00710249
  0.01445723   0.00320628    -0.00141907   0.01057471    -0.00405598   0.00448804
  0.01248999   0.00795563    -0.00030551   0.00604153    -0.00647401   0.00848088
    1    3
  0.00243484  -0.00100854    -0.01186747  -0.00182303     0.00710249  -0.00968065
  0.00320628   0.01445723     0.01057471  -0.00141907     0.00448804  -0.00405598
  0.00795563   0.01248999     0.00604153  -0.00030551     0.00848088  -0.00647401
    1    4
  0.00105083   0.00281890     0.00554643  -0.00708238     0.00410115  -0.00869388
 -0.01193613  -0.01370427    -0.01431452   0.00723924     0.00596737  -0.00170092
  0.00009561  -0.00375895     0.00621240   0.00251108    -0.01077332  -0.00437361
    1    5
  0.00281890   0.00105083    -0.00708238   0.00554643    -0.00869388   0.00410115
 -0.01370427  -0.01193613     0.00723924  -0.01431452    -0.00170092   0.00596737
 -0.00375895   0.00009561     0.00251108   0.00621240    -0.00437361  -0.01077332
    1    6
  0.00281890  -0.00105083     0.00869388   0.00410115     0.00708238   0.00554643
  0.00375895   0.00009561    -0.00437361   0.01077332     0.00251108  -0.00621240
  0.01370427  -0.01193613    -0.00170092  -0.00596737     0.00723924   0.01431452
    1    7
 -0.00105083   0.00281890     0.00410115   0.00869388     0.00554643   0.00708238
  0.00009561   0.00375895     0.01077332  -0.00437361    -0.00621240   0.00251108
 -0.01193613   0.01370427    -0.00596737  -0.00170092     0.01431452   0.00723924
    2    1
 -0.00100854  -0.00243484     0.01445723  -0.00320628     0.01248999  -0.00795563
 -0.00182303   0.01186747    -0.00141907  -0.01057471    -0.00030551  -0.00604153
 -0.00968065  -0.00710249    -0.00405598  -0.00448804    -0.00647401  -0.00848088
    2    2
  0.07088697   0.00000000    -0.00407499   0.01663991     0.00407499   0.01663991
 -0.00407499  -0.01663991     0.04551939  -0.00000000    -0.00647250  -0.00473768
  0.00407499  -0.01663991    -0.00647250   0.00473768     0.04551939   0.00000000
    2    3
 -0.00053468  -0.00053468     0.00616473   0.00059540    -0.00059539  -0.00616473
  0.00616473   0.00059540    -0.00930111   0.01276975    -0.00555607  -0.00555608
 -0.00059539  -0.00616473    -0.00555607  -0.00555608     0.01276976  -0.00930111
    2    4
 -0.01699045   0.00568828    -0.01548010   0.00316777    -0.00559331  -0.00458139
 -0.01891333   0.02826208     0.00016649   0.01178383    -0.00457473  -0.00308134
 -0.00183079  -0.00285050    -0.00380126  -0.00080738    -0.00840789   0.01470159
    2    5
 -0.02475529   0.00422164     0.03845563  -0.00595411    -0.00259272   0.00179942
  0.02768560   0.00552357    -0.01378975  -0.01190974    -0.00052714  -0.00964413
 -0.00658469   0.01331337     0.00546880  -0.00687831    -0.00270889  -0.00370572
    2    6
  0.02048979  -0.01451948    -0.00310571   0.00056095     0.03140243  -0.02298204
 -0.01407005  -0.00475789    -0.00070486  -0.00453582    -0.00873073  -0.00099668
  0.01567092  -0.02348243    -0.00644668  -0.00719217     0.00132937  -0.01817229
    2    7
 -0.01603629   0.00799184     0.00071554  -0.00719460     0.01318604  -0.00870613
 -0.00072104  -0.00331018    -0.01634087  -0.00445032    -0.00211699   0.00325880
  0.03335805   0.00661057    -0.00105599   0.00541366    -0.00821470  -0.00845015
    3    1
  0.00243484   0.00100854     0.00320628  -0.01445723     0.00795563  -0.01248999
 -0.01186747   0.00182303     0.01057471   0.00141907     0.00604153   0.00030551
  0.00710249   0.00968065     0.00448804   0.00405598     0.00848088   0.00647401
    3    2
 -0.00053468   0.00053468     0.00616473  -0.00059540    -0.00059539   0.00616473
  0.00616473  -0.00059540    -0.00930111  -0.01276975    -0.00555607   0.00555608
 -0.00059539   0.00616473    -0.00555607   0.00555608     0.01276976   0.00930111
    3    3
  0.07088697   0.00000000    -0.00407499  -0.01663991     0.00407499  -0.01663991
 -0.00407499   0.01663991     0.04551939   0.00000000    -0.00647250   0.00473768
  0.00407499   0.01663991    -0.00647250  -0.00473768     0.04551939  -0.00000000
    3    4
 -0.02475529  -0.00422164     0.03845563   0.00595411    -0.00259272  -0.00179942
  0.02768560  -0.00552357    -0.01378975   0.01190974    -0.00052714   0.00964413
 -0.00658469  -0.01331337     0.00546880   0.00687831    -0.00270889   0.00370572
    3    5
 -0.01699045  -0.00568828    -0.01548010  -0.00316777    -0.00559331   0.00458139
 -0.01891333  -0.02826208     0.00016649  -0.01178383    -0.00457473   0.00308134
 -0.00183079   0.00285050    -0.00380126   0.00080738    -0.00840789  -0.01470159
    3    6
 -0.01603629  -0.00799184     0.00071554   0.00719460     0.01318604   0.00870613
 -0.00072104   0.00331018    -0.01634087   0.00445032    -0.00211699  -0.00325880
  0.03335805  -0.00661057    -0.00105599  -0.00541366    -0.00821470   0.00845015
    3    7
  0.02048979   0.01451948    -0.00310571  -0.00056095     0.03140243   0.02298204
 -0.01407005   0.00475789    -0.00070486   0.00453582    -0.00873073   0.00099668
  0.01567092   0.02348243    -0.00644668   0.00719217     0.00132937   0.01817229
    4    1
  0.00105083  -0.00281890    -0.01193613   0.01370427     0.00009561   0.00375895
  0.00554643   0.00708238    -0.01431452  -0.00723924     0.00621240  -0.00251108
  0.00410115   0.00869388     0.00596737   0.00170092    -0.01077332   0.00437361
    4    2
 -0.01699045  -0.00568828    -0.01891333  -0.02826208    -0.00183079   0.00285050
 -0.01548010  -0.00316777     0.00016649  -0.01178383    -0.00380126   0.00080738
 -0.00559331   0.00458139    -0.00457473   0.00308134    -0.00840789  -0.01470159
    4    3
 -0.02475529   0.00422164     0.02768560   0.00552357    -0.00658469   0.01331337
  0.03845563  -0.00595411    -0.01378975  -0.01190974     0.00546880  -0.00687831
 -0.00259272   0.00179942    -0.00052714  -0.00964413    -0.00270889  -0.00370572
    4    4
  0.05089028   0.00000000    -0.00611037   0.00018393    -0.00094330   0.00403359
 -0.00611037  -0.00018393     0.04725948  -0.00000000    -0.00245416  -0.00464999
 -0.00094330  -0.00403359    -0.00245416   0.00464999     0.03817985   0.00000000
    4    5
 -0.00159373  -0.01855563     0.00001624   0.00163269    -0.00725670   0.00384522
  0.00001624   0.00163269    -0.01310465   0.00474373    -0.00253464   0.00444355
 -0.00725670   0.00384522    -0.00253464   0.00444355    -0.00139505   0.01436062
    4    6
 -0.00000000   0.01172002    -0.01082818  -0.00023190    -0.00611116  -0.00029262
 -0.00611116   0.00029262     0.00620215   0.01157030    -0.00000000   0.01437989
 -0.01082818   0.00023190    -0.00000000   0.02215180    -0.00620215   0.01157030
    4    7
 -0.00972192   0.00131584     0.00124695   0.01049069    -0.01202627  -0.00556134
  0.01202627   0.00556134    -0.00847528   0.00380048     0.02773758   0.01228234
 -0.00124695  -0.01049069     0.02630726  -0.00064877    -0.00847528   0.00380048
    5    1
  0.00281890  -0.00105083    -0.01370427   0.01193613    -0.00375895  -0.00009561
 -0.00708238  -0.00554643     0.00723924   0.01431452     0.00251108  -0.00621240
 -0.00869388  -0.00410115    -0.00170092  -0.00596737    -0.00437361   0.01077332
    5    2
 -0.02475529  -0.00422164     0.02768560  -0.00552357    -0.00658469  -0.01331337
  0.03845563   0.00595411    -0.01378975   0.01190974     0.00546880   0.00687831
 -0.00259272  -0.00179942    -0.00052714   0.00964413    -0.00270889   0.00370572
    5    3
 -0.01699045   0.00568828    -0.01891333   0.02826208    -0.00183079  -0.00285050
 -0.01548010   0.00316777     0.00016649   0.01178383    -0.00380126  -0.00080738
 -0.00559331  -0.00458139    -0.00457473  -0.00308134    -0.00840789   0.01470159
    5    4
 -0.00159373   0.01855563     0.00001624  -0.00163269    -0.00725670  -0.00384522
  0.00001624  -0.00163269    -0.01310465  -0.00474373    -0.00253464  -0.00444355
 -0.00725670  -0.00384522    -0.00253464  -0.00444355    -0.00139505  -0.01436062
    5    5
  0.05089028  -0.00000000    -0.00611037  -0.00018393    -0.00094330  -0.00403359
 -0.00611037   0.00018393     0.04725948   0.00000000    -0.00245416   0.00464999
 -0.00094330   0.00403359    -0.00245416  -0.00464999     0.03817985   0.00000000
    5    6
 -0.00972192  -0.00131584     0.00124695  -0.01049069    -0.01202627   0.00556134
  0.01202627  -0.00556134    -0.00847528  -0.00380048     0.02773758  -0.01228234
 -0.00124695   0.01049069     0.02630726   0.00064877    -0.00847528  -0.00380048
    5    7
 -0.00000000  -0.01172002    -0.01082818   0.00023190    -0.00611116   0.00029262
 -0.00611116  -0.00029262     0.00620215  -0.01157030    -0.00000000  -0.01437989
 -0.01082818  -0.00023190    -0.00000000  -0.02215180    -0.00620215  -0.01157030
    6    1
  0.00281890   0.00105083     0.00375895  -0.00009561     0.01370427   0.01193613
  0.00869388  -0.00410115    -0.00437361  -0.01077332    -0.00170092   0.00596737
  0.00708238  -0.00554643     0.00251108   0.00621240     0.00723924  -0.01431452
    6    2
  0.02048979   0.01451948    -0.01407005   0.00475789     0.01567092   0.02348243
 -0.00310571  -0.00056095    -0.00070486   0.00453582    -0.00644668   0.00719217
  0.03140243   0.02298204    -0.00873073   0.00099668     0.00132937   0.01817229
    6    3
 -0.01603629   0.00799184    -0.00072104  -0.00331018     0.03335805   0.00661057
  0.00071554  -0.00719460    -0.01634087  -0.00445032    -0.00105599   0.00541366
  0.01318604  -0.00870613    -0.00211699   0.00325880    -0.00821470  -0.00845015
    6    4
 -0.00000000  -0.01172002    -0.00611116  -0.00029262    -0.01082818  -0.00023190
 -0.01082818   0.00023190     0.00620215  -0.01157030    -0.00000000  -0.02215180
 -0.00611116   0.00029262    -0.00000000  -0.01437989    -0.00620215  -0.01157030
    6    5
 -0.00972192   0.00131584     0.01202627   0.00556134    -0.00124695  -0.01049069
  0.00124695   0.01049069    -0.00847528   0.00380048     0.02630726  -0.00064877
 -0.01202627  -0.00556134     0.02773758   0.01228234    -0.00847528   0.00380048
    6    6
  0.05089028   0.00000000     0.00094330  -0.00403359     0.00611037  -0.00018393
  0.00094330   0.00403359     0.03817985  -0.00000000    -0.00245416   0.00464999
  0.00611037   0.00018393    -0.00245416  -0.00464999     0.04725948   0.00000000
    6    7
  0.00159373   0.01855563    -0.00725670   0.00384522     0.00001624   0.00163269
 -0.00725670   0.00384522     0.00139505  -0.01436062     0.00253464  -0.00444355
  0.00001624   0.00163269     0.00253464  -0.00444355     0.01310465  -0.00474373
    7    1
 -0.00105083  -0.00281890     0.00009561  -0.00375895    -0.01193613  -0.01370427
  0.00410115  -0.00869388     0.01077332   0.00437361    -0.00596737   0.00170092
  0.00554643  -0.00708238    -0.00621240  -0.00251108     0.01431452  -0.00723924
    7    2
 -0.01603629  -0.00799184    -0.00072104   0.00331018     0.03335805  -0.00661057
  0.00071554   0.00719460    -0.01634087   0.00445032    -0.00105599  -0.00541366
  0.01318604   0.00870613    -0.00211699  -0.00325880    -0.00821470   0.00845015
    7    3
  0.02048979  -0.01451948    -0.01407005  -0.00475789     0.01567092  -0.02348243
 -0.00310571   0.00056095    -0.00070486  -0.00453582    -0.00644668  -0.00719217
  0.03140243  -0.02298204    -0.00873073  -0.00099668     0.00132937  -0.01817229
    7    4
 -0.00972192  -0.00131584     0.01202627  -0.00556134    -0.00124695   0.01049069
  0.00124695  -0.01049069    -0.00847528  -0.00380048     0.02630726   0.00064877
 -0.01202627   0.00556134     0.02773758  -0.01228234    -0.00847528  -0.00380048
    7    5
 -0.00000000   0.01172002    -0.00611116   0.00029262    -0.01082818   0.00023190
 -0.01082818  -0.00023190     0.00620215   0.01157030    -0.00000000   0.02215180
 -0.00611116  -0.00029262    -0.00000000   0.01437989    -0.00620215   0.01157030
    7    6
  0.00159373  -0.01855563    -0.00725670  -0.00384522     0.00001624  -0.00163269
 -0.00725670  -0.00384522     0.00139505   0.01436062     0.00253464   0.00444355
  0.00001624  -0.00163269     0.00253464   0.00444355     0.01310465   0.00474373
    7    7
  0.05089028  -0.00000000     0.00094330   0.00403359     0.00611037   0.00018393
  0.00094330  -0.00403359     0.03817985   0.00000000    -0.00245416  -0.00464999
  0.00611037  -0.00018393    -0.00245416   0.00464999     0.04725948  -0.00000000

     Dynamical  Matrix in cartesian axes

     q = (    0.433012700  -0.324759500  -0.324759500 ) 

    1    1
  0.06685178   0.00000000     0.01062538   0.00000000     0.01062538   0.00000000
  0.01062538   0.00000000     0.06372625   0.00000000     0.01155931   0.00000000
  0.01062538   0.00000000     0.01155931   0.00000000     0.06372625   0.00000000
    1    2
  0.00243484   0.00100854    -0.00710249  -0.00968065    -0.01186747   0.00182303
 -0.00795563   0.01248999     0.00848088   0.00647401    -0.00604153  -0.00030551
  0.00320628  -0.01445723    -0.00448804  -0.00405598     0.01057471   0.00141907
    1    3
  0.00243484   0.00100854    -0.01186747   0.00182303    -0.00710249  -0.00968065
  0.00320628  -0.01445723     0.01057471   0.00141907    -0.00448804  -0.00405598
 -0.00795563   0.01248999    -0.00604153  -0.00030551     0.00848088   0.00647401
    1    4
  0.00105083  -0.00281890     0.00554643   0.00708238    -0.00410115  -0.00869388
 -0.01193613   0.01370427    -0.01431452  -0.00723924    -0.00596737  -0.00170092
 -0.00009561  -0.00375895    -0.00621240   0.00251108    -0.01077332   0.00437361
    1    5
 -0.00125022   0.00273631     0.00892992  -0.00108608    -0.00904745   0.00324755
  0.00125026  -0.01813050    -0.01524081  -0.00500298    -0.00542230  -0.00301683
 -0.00272559   0.00259037    -0.00261723  -0.00616843    -0.00452528  -0.01071049
    1    6
 -0.00125022   0.00273631    -0.00904745   0.00324755     0.00892992  -0.00108608
 -0.00272559   0.00259037    -0.00452528  -0.01071049    -0.00261723  -0.00616843
  0.00125026  -0.01813050    -0.00542230  -0.00301683    -0.01524081  -0.00500298
    1    7
  0.00105083  -0.00281890    -0.00410115  -0.00869388     0.00554643   0.00708238
 -0.00009561  -0.00375895    -0.01077332   0.00437361    -0.00621240   0.00251108
 -0.01193613   0.01370427    -0.00596737  -0.00170092    -0.01431452  -0.00723924
    2    1
  0.00243484  -0.00100854    -0.00795563  -0.01248999     0.00320628   0.01445723
 -0.00710249   0.00968065     0.00848088  -0.00647401    -0.00448804   0.00405598
 -0.01186747  -0.00182303    -0.00604153   0.00030551     0.01057471  -0.00141907
    2    2
  0.07088697   0.00000000    -0.00407499  -0.01663991    -0.00407499   0.01663991
 -0.00407499   0.01663991     0.04551939   0.00000000     0.00647250  -0.00473768
 -0.00407499  -0.01663991     0.00647250   0.00473768     0.04551939  -0.00000000
    2    3
  0.00075615   0.00000000    -0.00478013  -0.00393811    -0.00478013   0.00393811
 -0.00478013  -0.00393811    -0.00245270   0.01560646    -0.00785748  -0.00000000
 -0.00478013   0.00393811    -0.00785748  -0.00000000    -0.00245270  -0.01560646
    2    4
  0.00799184   0.01603629     0.00870613   0.01318604    -0.00719460  -0.00071554
 -0.00661057   0.03335805    -0.00845015   0.00821470    -0.00541366  -0.00105599
 -0.00331018   0.00072104    -0.00325880  -0.00211699    -0.00445032   0.01634087
    2    5
 -0.02475529  -0.00422164     0.03845563   0.00595411     0.00259272   0.00179942
  0.02768560  -0.00552357    -0.01378975   0.01190974     0.00052714  -0.00964413
  0.00658469   0.01331337    -0.00546880  -0.00687831    -0.00270889   0.00370572
    2    6
  0.00799184  -0.01603629    -0.00719460   0.00071554     0.00870613  -0.01318604
 -0.00331018  -0.00072104    -0.00445032  -0.01634087    -0.00325880   0.00211699
 -0.00661057  -0.03335805    -0.00541366   0.00105599    -0.00845015  -0.00821470
    2    7
 -0.02475529   0.00422164     0.00259272  -0.00179942     0.03845563  -0.00595411
  0.00658469  -0.01331337    -0.00270889  -0.00370572    -0.00546880   0.00687831
  0.02768560   0.00552357     0.00052714   0.00964413    -0.01378975  -0.01190974
    3    1
  0.00243484  -0.00100854     0.00320628   0.01445723    -0.00795563  -0.01248999
 -0.01186747  -0.00182303     0.01057471  -0.00141907    -0.00604153   0.00030551
 -0.00710249   0.00968065    -0.00448804   0.00405598     0.00848088  -0.00647401
    3    2
  0.00075615  -0.00000000    -0.00478013   0.00393811    -0.00478013  -0.00393811
 -0.00478013   0.00393811    -0.00245270  -0.01560646    -0.00785748   0.00000000
 -0.00478013  -0.00393811    -0.00785748   0.00000000    -0.00245270   0.01560646
    3    3
  0.07088697  -0.00000000    -0.00407499   0.01663991    -0.00407499  -0.01663991
 -0.00407499  -0.01663991     0.04551939  -0.00000000     0.00647250   0.00473768
 -0.00407499   0.01663991     0.00647250  -0.00473768     0.04551939   0.00000000
    3    4
 -0.02475529   0.00422164     0.03845563  -0.00595411     0.00259272  -0.00179942
  0.02768560   0.00552357    -0.01378975  -0.01190974     0.00052714   0.00964413
  0.00658469  -0.01331337    -0.00546880   0.00687831    -0.00270889  -0.00370572
    3    5
  0.00799184  -0.01603629     0.00870613  -0.01318604    -0.00719460   0.00071554
 -0.00661057  -0.03335805    -0.00845015  -0.00821470    -0.00541366   0.00105599
 -0.00331018  -0.00072104    -0.00325880   0.00211699    -0.00445032  -0.01634087
    3    6
 -0.02475529  -0.00422164     0.00259272   0.00179942     0.03845563   0.00595411
  0.00658469   0.01331337    -0.00270889   0.00370572    -0.00546880  -0.00687831
  0.02768560  -0.00552357     0.00052714  -0.00964413    -0.01378975   0.01190974
    3    7
  0.00799184   0.01603629    -0.00719460  -0.00071554     0.00870613   0.01318604
 -0.00331018   0.00072104    -0.00445032   0.01634087    -0.00325880  -0.00211699
 -0.00661057   0.03335805    -0.00541366  -0.00105599    -0.00845015   0.00821470
    4    1
  0.00105083   0.00281890    -0.01193613  -0.01370427    -0.00009561   0.00375895
  0.00554643  -0.00708238    -0.01431452   0.00723924    -0.00621240  -0.00251108
 -0.00410115   0.00869388    -0.00596737   0.00170092    -0.01077332  -0.00437361
    4    2
  0.00799184  -0.01603629    -0.00661057  -0.03335805    -0.00331018  -0.00072104
  0.00870613  -0.01318604    -0.00845015  -0.00821470    -0.00325880   0.00211699
 -0.00719460   0.00071554    -0.00541366   0.00105599    -0.00445032  -0.01634087
    4    3
 -0.02475529  -0.00422164     0.02768560  -0.00552357     0.00658469   0.01331337
  0.03845563   0.00595411    -0.01378975   0.01190974    -0.00546880  -0.00687831
  0.00259272   0.00179942     0.00052714  -0.00964413    -0.00270889   0.00370572
    4    4
  0.05089028  -0.00000000    -0.00611037  -0.00018393     0.00094330   0.00403359
 -0.00611037   0.00018393     0.04725948  -0.00000000     0.00245416  -0.00464999
  0.00094330  -0.00403359     0.00245416   0.00464999     0.03817985   0.00000000
    4    5
 -0.01199388  -0.01424774     0.00114300   0.00116596    -0.00785024   0.00241228
  0.00114300   0.00116596     0.01262071  -0.00591206    -0.00493432  -0.00134981
 -0.00785024   0.00241228    -0.00493432  -0.00134981     0.01114095   0.00916804
    4    6
  0.00594399   0.00780487    -0.00829976   0.00653631    -0.01243632  -0.00457139
 -0.01243632  -0.00457139     0.00330558   0.00868027     0.02829835   0.01092850
 -0.00829976   0.00653631     0.01814330   0.01906079     0.00330558   0.00868027
    4    7
 -0.01172002   0.00000000     0.00023190   0.01082818    -0.00029262  -0.00611116
 -0.00029262   0.00611116    -0.01157030  -0.00620215     0.01437989  -0.00000000
  0.00023190  -0.01082818     0.02215180  -0.00000000    -0.01157030   0.00620215
    5    1
 -0.00125022  -0.00273631     0.00125026   0.01813050    -0.00272559  -0.00259037
  0.00892992   0.00108608    -0.01524081   0.00500298    -0.00261723   0.00616843
 -0.00904745  -0.00324755    -0.00542230   0.00301683    -0.00452528   0.01071049
    5    2
 -0.02475529   0.00422164     0.02768560   0.00552357     0.00658469  -0.01331337
  0.03845563  -0.00595411    -0.01378975  -0.01190974    -0.00546880   0.00687831
  0.00259272  -0.00179942     0.00052714   0.00964413    -0.00270889  -0.00370572
    5    3
  0.00799184   0.01603629    -0.00661057   0.03335805    -0.00331018   0.00072104
  0.00870613   0.01318604    -0.00845015   0.00821470    -0.00325880  -0.00211699
 -0.00719460  -0.00071554    -0.00541366  -0.00105599    -0.00445032   0.01634087
    5    4
 -0.01199388   0.01424774     0.00114300  -0.00116596    -0.00785024  -0.00241228
  0.00114300  -0.00116596     0.01262071   0.00591206    -0.00493432   0.00134981
 -0.00785024  -0.00241228    -0.00493432   0.00134981     0.01114095  -0.00916804
    5    5
  0.05089028   0.00000000    -0.00611037   0.00018393     0.00094330  -0.00403359
 -0.00611037  -0.00018393     0.04725948   0.00000000     0.00245416   0.00464999
  0.00094330   0.00403359     0.00245416  -0.00464999     0.03817985  -0.00000000
    5    6
 -0.01172002   0.00000000     0.00023190  -0.01082818    -0.00029262   0.00611116
 -0.00029262  -0.00611116    -0.01157030   0.00620215     0.01437989  -0.00000000
  0.00023190   0.01082818     0.02215180  -0.00000000    -0.01157030  -0.00620215
    5    7
  0.00594399  -0.00780487    -0.00829976  -0.00653631    -0.01243632   0.00457139
 -0.01243632   0.00457139     0.00330558  -0.00868027     0.02829835  -0.01092850
 -0.00829976  -0.00653631     0.01814330  -0.01906079     0.00330558  -0.00868027
    6    1
 -0.00125022  -0.00273631    -0.00272559  -0.00259037     0.00125026   0.01813050
 -0.00904745  -0.00324755    -0.00452528   0.01071049    -0.00542230   0.00301683
  0.00892992   0.00108608    -0.00261723   0.00616843    -0.01524081   0.00500298
    6    2
  0.00799184   0.01603629    -0.00331018   0.00072104    -0.00661057   0.03335805
 -0.00719460  -0.00071554    -0.00445032   0.01634087    -0.00541366  -0.00105599
  0.00870613   0.01318604    -0.00325880  -0.00211699    -0.00845015   0.00821470
    6    3
 -0.02475529   0.00422164     0.00658469  -0.01331337     0.02768560   0.00552357
  0.00259272  -0.00179942    -0.00270889  -0.00370572     0.00052714   0.00964413
  0.03845563  -0.00595411    -0.00546880   0.00687831    -0.01378975  -0.01190974
    6    4
  0.00594399  -0.00780487    -0.01243632   0.00457139    -0.00829976  -0.00653631
 -0.00829976  -0.00653631     0.00330558  -0.00868027     0.01814330  -0.01906079
 -0.01243632   0.00457139     0.02829835  -0.01092850     0.00330558  -0.00868027
    6    5
 -0.01172002   0.00000000    -0.00029262   0.00611116     0.00023190  -0.01082818
  0.00023190   0.01082818    -0.01157030  -0.00620215     0.02215180   0.00000000
 -0.00029262  -0.00611116     0.01437989   0.00000000    -0.01157030   0.00620215
    6    6
  0.05089028   0.00000000     0.00094330  -0.00403359    -0.00611037   0.00018393
  0.00094330   0.00403359     0.03817985   0.00000000     0.00245416  -0.00464999
 -0.00611037  -0.00018393     0.00245416   0.00464999     0.04725948   0.00000000
    6    7
 -0.01199388   0.01424774    -0.00785024  -0.00241228     0.00114300  -0.00116596
 -0.00785024  -0.00241228     0.01114095  -0.00916804    -0.00493432   0.00134981
  0.00114300  -0.00116596    -0.00493432   0.00134981     0.01262071   0.00591206
    7    1
  0.00105083   0.00281890    -0.00009561   0.00375895    -0.01193613  -0.01370427
 -0.00410115   0.00869388    -0.01077332  -0.00437361    -0.00596737   0.00170092
  0.00554643  -0.00708238    -0.00621240  -0.00251108    -0.01431452   0.00723924
    7    2
 -0.02475529  -0.00422164     0.00658469   0.01331337     0.02768560  -0.00552357
  0.00259272   0.00179942    -0.00270889   0.00370572     0.00052714  -0.00964413
  0.03845563   0.00595411    -0.00546880  -0.00687831    -0.01378975   0.01190974
    7    3
  0.00799184  -0.01603629    -0.00331018  -0.00072104    -0.00661057  -0.03335805
 -0.00719460   0.00071554    -0.00445032  -0.01634087    -0.00541366   0.00105599
  0.00870613  -0.01318604    -0.00325880   0.00211699    -0.00845015  -0.00821470
    7    4
 -0.01172002  -0.00000000    -0.00029262  -0.00611116     0.00023190   0.01082818
  0.00023190  -0.01082818    -0.01157030   0.00620215     0.02215180   0.00000000
 -0.00029262   0.00611116     0.01437989   0.00000000    -0.01157030  -0.00620215
    7    5
  0.00594399   0.00780487    -0.01243632  -0.00457139    -0.00829976   0.00653631
 -0.00829976   0.00653631     0.00330558   0.00868027     0.01814330   0.01906079
 -0.01243632  -0.00457139     0.02829835   0.01092850     0.00330558   0.00868027
    7    6
 -0.01199388  -0.01424774    -0.00785024   0.00241228     0.00114300   0.00116596
 -0.00785024   0.00241228     0.01114095   0.00916804    -0.00493432  -0.00134981
  0.00114300   0.00116596    -0.00493432  -0.00134981     0.01262071  -0.00591206
    7    7
  0.05089028  -0.00000000     0.00094330   0.00403359    -0.00611037  -0.00018393
  0.00094330  -0.00403359     0.03817985   0.00000000     0.00245416   0.00464999
 -0.00611037   0.00018393     0.00245416  -0.00464999     0.04725948  -0.00000000

     Dynamical  Matrix in cartesian axes

     q = (    0.324759500   0.433012700  -0.324759500 ) 

    1    1
  0.06372625   0.00000000    -0.01062538   0.00000000    -0.01155931   0.00000000
 -0.01062538   0.00000000     0.06685178   0.00000000     0.01062538   0.00000000
 -0.01155931   0.00000000     0.01062538   0.00000000     0.06372625   0.00000000
    1    2
  0.00723924  -0.01431452     0.01370427   0.01193613    -0.00170092   0.00596737
  0.00708238  -0.00554643     0.00281890   0.00105083     0.00869388  -0.00410115
  0.00251108   0.00621240     0.00375895  -0.00009561    -0.00437361  -0.01077332
    1    3
  0.01431452  -0.00723924    -0.01193613  -0.01370427    -0.00596737   0.00170092
  0.00554643  -0.00708238    -0.00105083  -0.00281890     0.00410115  -0.00869388
 -0.00621240  -0.00251108     0.00009561  -0.00375895     0.01077332   0.00437361
    1    4
 -0.00647401  -0.00848088     0.01248999  -0.00795563    -0.00030551  -0.00604153
 -0.00968065  -0.00710249    -0.00100854  -0.00243484    -0.00182303   0.01186747
 -0.00405598  -0.00448804     0.01445723  -0.00320628    -0.00141907  -0.01057471
    1    5
  0.00848088   0.00647401     0.00795563  -0.01248999     0.00604153   0.00030551
  0.00710249   0.00968065     0.00243484   0.00100854    -0.01186747   0.00182303
  0.00448804   0.00405598     0.00320628  -0.01445723     0.01057471   0.00141907
    1    6
 -0.01077332   0.00437361     0.00009561   0.00375895     0.00621240  -0.00251108
  0.00410115   0.00869388     0.00105083  -0.00281890     0.00554643   0.00708238
  0.00596737   0.00170092    -0.01193613   0.01370427    -0.01431452  -0.00723924
    1    7
 -0.00437361   0.01077332    -0.00375895  -0.00009561     0.00251108  -0.00621240
 -0.00869388  -0.00410115     0.00281890  -0.00105083    -0.00708238  -0.00554643
