  3.000000000000000E-002   1.26007061404212        2.36059544634539     
          12

     Dynamical  Matrix in cartesian axes

     q = (    0.324759526   0.324759526   0.000000000 ) 

    1    1
  0.09396390   0.00000000     0.05590352   0.00000000    -0.00000000   0.00000000
  0.05590352   0.00000000     0.09396390   0.00000000    -0.00000000   0.00000000
 -0.00000000   0.00000000    -0.00000000   0.00000000     0.02896072   0.00000000
    1    2
 -0.00558241  -0.00220817     0.00405206   0.01257262     0.00000000   0.00000000
  0.00728901   0.00215975     0.00811675   0.02000872     0.00000000   0.00000000
  0.00000000  -0.00000000     0.00000000   0.00000000    -0.01003307  -0.00619062
    1    3
  0.00550877   0.00238595    -0.01175542   0.00602494    -0.00000000  -0.00000000
 -0.00668129  -0.00362693    -0.01988772   0.00840889    -0.00000000  -0.00000000
 -0.00000000   0.00000000    -0.00000000  -0.00000000     0.01147188   0.00271702
    1    4
 -0.01988772   0.00840889    -0.00668129  -0.00362693    -0.00000000  -0.00000000
 -0.01175542   0.00602494     0.00550877   0.00238595    -0.00000000  -0.00000000
  0.00000000  -0.00000000     0.00000000  -0.00000000     0.01147188   0.00271702
    1    5
  0.00811675   0.02000872     0.00728901   0.00215975     0.00000000   0.00000000
  0.00405206   0.01257262    -0.00558241  -0.00220817     0.00000000   0.00000000
  0.00000000   0.00000000     0.00000000   0.00000000    -0.01003307  -0.00619062
    1    6
  0.00060564  -0.00146215     0.00236880  -0.00571880     0.00712351   0.00295066
  0.00236880  -0.00571880     0.00060564  -0.00146215    -0.00712351  -0.00295066
  0.01096354   0.00454124    -0.01096354  -0.00454124     0.00042240  -0.00101976
    1    7
  0.00060564  -0.00146215     0.00236880  -0.00571880    -0.00712351  -0.00295066
  0.00236880  -0.00571880     0.00060564  -0.00146215     0.00712351   0.00295066
 -0.01096354  -0.00454124     0.01096354   0.00454124     0.00042240  -0.00101976
    2    1
 -0.00558241   0.00220817     0.00728901  -0.00215975     0.00000000  -0.00000000
  0.00405206  -0.01257262     0.00811675  -0.02000872     0.00000000  -0.00000000
  0.00000000  -0.00000000     0.00000000  -0.00000000    -0.01003307   0.00619062
    2    2
  0.03264544   0.00000000     0.00891745  -0.00503239    -0.00000000   0.00000000
  0.00891745   0.00503239     0.05709819  -0.00000000    -0.00000000   0.00000000
 -0.00000000  -0.00000000    -0.00000000  -0.00000000     0.02980278  -0.00000000
    2    3
  0.00168706  -0.01643127     0.00856403  -0.00142250     0.00000000   0.00000000
  0.00856403  -0.00142250     0.01392426   0.03976235     0.00000000   0.00000000
  0.00000000   0.00000000     0.00000000   0.00000000    -0.02188908   0.00699769
    2    4
  0.01707030   0.00790760     0.01070656   0.00692585    -0.00000000   0.00000000
  0.01977089   0.04261738     0.01707030   0.00790760    -0.00000000   0.00000000
 -0.00000000   0.00000000    -0.00000000   0.00000000     0.01093283   0.00244491
    2    5
 -0.00568368  -0.01006767     0.00211446  -0.00000000     0.00000000   0.00000000
  0.04660093  -0.00000000    -0.00568368   0.01006767     0.00000000   0.00000000
 -0.00000000  -0.00000000     0.00000000  -0.00000000    -0.00967032  -0.00000000
    2    6
 -0.00918671   0.00579649    -0.00123698  -0.00010414    -0.00532229  -0.00237682
 -0.00288514  -0.00259612     0.00006261  -0.00635410    -0.00253341   0.00055522
 -0.02585560   0.00348864    -0.01203328  -0.00058934    -0.00325355  -0.00222337
    2    7
 -0.00918671   0.00579649    -0.00123698  -0.00010414     0.00532229   0.00237682
 -0.00288514  -0.00259612     0.00006261  -0.00635410     0.00253341  -0.00055522
  0.02585560  -0.00348864     0.01203328   0.00058934    -0.00325355  -0.00222337
    3    1
  0.00550877  -0.00238595    -0.00668129   0.00362693    -0.00000000   0.00000000
 -0.01175542  -0.00602494    -0.01988772  -0.00840889    -0.00000000   0.00000000
  0.00000000   0.00000000    -0.00000000   0.00000000     0.01147188  -0.00271702
    3    2
  0.00168706   0.01643127     0.00856403   0.00142250     0.00000000  -0.00000000
  0.00856403   0.00142250     0.01392426  -0.03976235     0.00000000   0.00000000
  0.00000000  -0.00000000     0.00000000  -0.00000000    -0.02188908  -0.00699769
    3    3
  0.03264544  -0.00000000     0.00891745   0.00503239    -0.00000000  -0.00000000
  0.00891745  -0.00503239     0.05709819  -0.00000000    -0.00000000  -0.00000000
 -0.00000000   0.00000000    -0.00000000   0.00000000     0.02980278   0.00000000
    3    4
 -0.00568368   0.01006767     0.00211446  -0.00000000     0.00000000  -0.00000000
  0.04660093   0.00000000    -0.00568368  -0.01006767     0.00000000  -0.00000000
 -0.00000000   0.00000000     0.00000000   0.00000000    -0.00967032   0.00000000
    3    5
  0.01707030  -0.00790760     0.01070656  -0.00692585    -0.00000000   0.00000000
  0.01977089  -0.04261738     0.01707030  -0.00790760    -0.00000000   0.00000000
 -0.00000000  -0.00000000    -0.00000000   0.00000000     0.01093283  -0.00244491
    3    6
 -0.00918671  -0.00579649    -0.00123698   0.00010414     0.00532229  -0.00237682
 -0.00288514   0.00259612     0.00006261   0.00635410     0.00253341   0.00055522
  0.02585560   0.00348864     0.01203328  -0.00058934    -0.00325355   0.00222337
    3    7
 -0.00918671  -0.00579649    -0.00123698   0.00010414    -0.00532229   0.00237682
 -0.00288514   0.00259612     0.00006261   0.00635410    -0.00253341  -0.00055522
 -0.02585560  -0.00348864    -0.01203328   0.00058934    -0.00325355   0.00222337
    4    1
 -0.01988772  -0.00840889    -0.01175542  -0.00602494    -0.00000000  -0.00000000
 -0.00668129   0.00362693     0.00550877  -0.00238595    -0.00000000   0.00000000
 -0.00000000  -0.00000000    -0.00000000   0.00000000     0.01147188  -0.00271702
    4    2
  0.01707030  -0.00790760     0.01977089  -0.04261738    -0.00000000   0.00000000
  0.01070656  -0.00692585     0.01707030  -0.00790760    -0.00000000   0.00000000
 -0.00000000   0.00000000    -0.00000000   0.00000000     0.01093283  -0.00244491
    4    3
 -0.00568368  -0.01006767     0.04660093   0.00000000     0.00000000   0.00000000
  0.00211446   0.00000000    -0.00568368   0.01006767     0.00000000   0.00000000
  0.00000000   0.00000000     0.00000000   0.00000000    -0.00967032   0.00000000
    4    4
  0.05709819  -0.00000000     0.00891745  -0.00503239    -0.00000000  -0.00000000
  0.00891745   0.00503239     0.03264544  -0.00000000    -0.00000000  -0.00000000
 -0.00000000  -0.00000000    -0.00000000  -0.00000000     0.02980278   0.00000000
    4    5
  0.01392426  -0.03976235     0.00856403   0.00142250     0.00000000  -0.00000000
  0.00856403   0.00142250     0.00168706   0.01643127     0.00000000  -0.00000000
  0.00000000   0.00000000     0.00000000   0.00000000    -0.02188908  -0.00699769
    4    6
  0.00006261   0.00635410    -0.00288514   0.00259612    -0.00253341  -0.00055522
 -0.00123698   0.00010414    -0.00918671  -0.00579649    -0.00532229   0.00237682
 -0.01203328   0.00058934    -0.02585560  -0.00348864    -0.00325355   0.00222337
    4    7
  0.00006261   0.00635410    -0.00288514   0.00259612     0.00253341   0.00055522
 -0.00123698   0.00010414    -0.00918671  -0.00579649     0.00532229  -0.00237682
  0.01203328  -0.00058934     0.02585560   0.00348864    -0.00325355   0.00222337
    5    1
  0.00811675  -0.02000872     0.00405206  -0.01257262     0.00000000  -0.00000000
  0.00728901  -0.00215975    -0.00558241   0.00220817     0.00000000  -0.00000000
  0.00000000  -0.00000000     0.00000000  -0.00000000    -0.01003307   0.00619062
    5    2
 -0.00568368   0.01006767     0.04660093  -0.00000000    -0.00000000   0.00000000
  0.00211446  -0.00000000    -0.00568368  -0.01006767     0.00000000   0.00000000
  0.00000000  -0.00000000     0.00000000  -0.00000000    -0.00967032  -0.00000000
    5    3
  0.01707030   0.00790760     0.01977089   0.04261738    -0.00000000   0.00000000
  0.01070656   0.00692585     0.01707030   0.00790760    -0.00000000   0.00000000
 -0.00000000   0.00000000    -0.00000000   0.00000000     0.01093283   0.00244491
    5    4
  0.01392426   0.03976235     0.00856403  -0.00142250     0.00000000   0.00000000
  0.00856403  -0.00142250     0.00168706  -0.01643127     0.00000000   0.00000000
  0.00000000   0.00000000     0.00000000   0.00000000    -0.02188908   0.00699769
    5    5
  0.05709819  -0.00000000     0.00891745   0.00503239    -0.00000000   0.00000000
  0.00891745  -0.00503239     0.03264544   0.00000000    -0.00000000   0.00000000
 -0.00000000   0.00000000    -0.00000000   0.00000000     0.02980278  -0.00000000
    5    6
  0.00006261  -0.00635410    -0.00288514  -0.00259612     0.00253341  -0.00055522
 -0.00123698  -0.00010414    -0.00918671   0.00579649     0.00532229   0.00237682
  0.01203328   0.00058934     0.02585560  -0.00348864    -0.00325355  -0.00222337
    5    7
  0.00006261  -0.00635410    -0.00288514  -0.00259612    -0.00253341   0.00055522
 -0.00123698  -0.00010414    -0.00918671   0.00579649    -0.00532229  -0.00237682
 -0.01203328  -0.00058934    -0.02585560   0.00348864    -0.00325355  -0.00222337
    6    1
  0.00060564   0.00146215     0.00236880   0.00571880     0.01096354  -0.00454124
  0.00236880   0.00571880     0.00060564   0.00146215    -0.01096354   0.00454124
  0.00712351  -0.00295066    -0.00712351   0.00295066     0.00042240   0.00101976
    6    2
 -0.00918671  -0.00579649    -0.00288514   0.00259612    -0.02585560  -0.00348864
 -0.00123698   0.00010414     0.00006261   0.00635410    -0.01203328   0.00058934
 -0.00532229   0.00237682    -0.00253341  -0.00055522    -0.00325355   0.00222337
    6    3
 -0.00918671   0.00579649    -0.00288514  -0.00259612     0.02585560  -0.00348864
 -0.00123698  -0.00010414     0.00006261  -0.00635410     0.01203328   0.00058934
  0.00532229   0.00237682     0.00253341  -0.00055522    -0.00325355  -0.00222337
    6    4
  0.00006261  -0.00635410    -0.00123698  -0.00010414    -0.01203328  -0.00058934
 -0.00288514  -0.00259612    -0.00918671   0.00579649    -0.02585560   0.00348864
 -0.00253341   0.00055522    -0.00532229  -0.00237682    -0.00325355  -0.00222337
    6    5
  0.00006261   0.00635410    -0.00123698   0.00010414     0.01203328  -0.00058934
 -0.00288514   0.00259612    -0.00918671  -0.00579649     0.02585560   0.00348864
  0.00253341   0.00055522     0.00532229  -0.00237682    -0.00325355   0.00222337
    6    6
  0.03892234  -0.00000000     0.01674249  -0.00000000    -0.00000000   0.00134165
  0.01674249   0.00000000     0.03892234  -0.00000000    -0.00000000  -0.00134165
 -0.00000000  -0.00134165    -0.00000000   0.00134165     0.01259972   0.00000000
    6    7
 -0.01824084   0.00000000    -0.01184215  -0.00000000    -0.00000000  -0.00012531
 -0.01184215   0.00000000    -0.01824084  -0.00000000    -0.00000000   0.00012531
 -0.00000000  -0.00012531    -0.00000000   0.00012531     0.00215515   0.00000000
    7    1
  0.00060564   0.00146215     0.00236880   0.00571880    -0.01096354   0.00454124
  0.00236880   0.00571880     0.00060564   0.00146215     0.01096354  -0.00454124
 -0.00712351   0.00295066     0.00712351  -0.00295066     0.00042240   0.00101976
    7    2
 -0.00918671  -0.00579649    -0.00288514   0.00259612     0.02585560   0.00348864
 -0.00123698   0.00010414     0.00006261   0.00635410     0.01203328  -0.00058934
  0.00532229  -0.00237682     0.00253341   0.00055522    -0.00325355   0.00222337
    7    3
 -0.00918671   0.00579649    -0.00288514  -0.00259612    -0.02585560   0.00348864
 -0.00123698  -0.00010414     0.00006261  -0.00635410    -0.01203328  -0.00058934
 -0.00532229  -0.00237682    -0.00253341   0.00055522    -0.00325355  -0.00222337
    7    4
  0.00006261  -0.00635410    -0.00123698  -0.00010414     0.01203328   0.00058934
 -0.00288514  -0.00259612    -0.00918671   0.00579649     0.02585560  -0.00348864
  0.00253341  -0.00055522     0.00532229   0.00237682    -0.00325355  -0.00222337
    7    5
  0.00006261   0.00635410    -0.00123698   0.00010414    -0.01203328   0.00058934
 -0.00288514   0.00259612    -0.00918671  -0.00579649    -0.02585560  -0.00348864
 -0.00253341  -0.00055522    -0.00532229   0.00237682    -0.00325355   0.00222337
    7    6
 -0.01824084  -0.00000000    -0.01184215  -0.00000000     0.00000000   0.00012531
 -0.01184215  -0.00000000    -0.01824084   0.00000000    -0.00000000  -0.00012531
  0.00000000   0.00012531     0.00000000  -0.00012531     0.00215515   0.00000000
    7    7
  0.03892234  -0.00000000     0.01674249   0.00000000    -0.00000000  -0.00134165
  0.01674249  -0.00000000     0.03892234  -0.00000000    -0.00000000   0.00134165
 -0.00000000   0.00134165    -0.00000000  -0.00134165     0.01259972  -0.00000000

     Dynamical  Matrix in cartesian axes

     q = (    0.324759526  -0.324759526   0.000000000 ) 

    1    1
  0.09396390   0.00000000    -0.05590352   0.00000000    -0.00000000   0.00000000
 -0.05590352   0.00000000     0.09396390   0.00000000    -0.00000000   0.00000000
 -0.00000000   0.00000000    -0.00000000   0.00000000     0.02896072   0.00000000
    1    2
 -0.00558241  -0.00220817    -0.00405206  -0.01257262     0.00000000   0.00000000
 -0.00728901  -0.00215975     0.00811675   0.02000872     0.00000000   0.00000000
  0.00000000   0.00000000     0.00000000   0.00000000    -0.01003307  -0.00619062
    1    3
 -0.00558241   0.00220817    -0.00405206   0.01257262     0.00000000   0.00000000
 -0.00728901   0.00215975     0.00811675  -0.02000872     0.00000000   0.00000000
  0.00000000  -0.00000000     0.00000000  -0.00000000    -0.01003307   0.00619062
    1    4
  0.00811675   0.02000872    -0.00728901  -0.00215975     0.00000000  -0.00000000
 -0.00405206  -0.01257262    -0.00558241  -0.00220817     0.00000000   0.00000000
  0.00000000   0.00000000     0.00000000   0.00000000    -0.01003307  -0.00619062
    1    5
  0.00811675  -0.02000872    -0.00728901   0.00215975     0.00000000   0.00000000
 -0.00405206   0.01257262    -0.00558241   0.00220817     0.00000000  -0.00000000
  0.00000000  -0.00000000     0.00000000  -0.00000000    -0.01003307   0.00619062
    1    6
  0.00060564   0.00146215    -0.00236880  -0.00571880    -0.00712351   0.00295066
 -0.00236880  -0.00571880     0.00060564   0.00146215    -0.00712351   0.00295066
 -0.01096354   0.00454124    -0.01096354   0.00454124     0.00042240   0.00101976
    1    7
  0.00060564  -0.00146215    -0.00236880   0.00571880    -0.00712351  -0.00295066
 -0.00236880   0.00571880     0.00060564  -0.00146215    -0.00712351  -0.00295066
 -0.01096354  -0.00454124    -0.01096354  -0.00454124     0.00042240  -0.00101976
    2    1
 -0.00558241   0.00220817    -0.00728901   0.00215975     0.00000000   0.00000000
 -0.00405206   0.01257262     0.00811675  -0.02000872     0.00000000  -0.00000000
  0.00000000  -0.00000000     0.00000000  -0.00000000    -0.01003307   0.00619062
    2    2
  0.03264544   0.00000000    -0.00891745   0.00503239    -0.00000000   0.00000000
 -0.00891745  -0.00503239     0.05709819  -0.00000000    -0.00000000   0.00000000
 -0.00000000   0.00000000    -0.00000000   0.00000000     0.02980278  -0.00000000
    2    3
  0.01042573   0.01281159     0.00504982  -0.00706154     0.00000000   0.00000000
  0.00504982  -0.00706154    -0.03796216  -0.01827029     0.00000000   0.00000000
 -0.00000000   0.00000000     0.00000000  -0.00000000     0.01052980  -0.02042604
    2    4
 -0.00568368  -0.01006767    -0.00211446  -0.00000000     0.00000000  -0.00000000
 -0.04660093  -0.00000000    -0.00568368   0.01006767     0.00000000  -0.00000000
  0.00000000   0.00000000    -0.00000000   0.00000000    -0.00967032  -0.00000000
    2    5
 -0.01766205   0.00647901     0.01246800  -0.00267337     0.00000000  -0.00000000
  0.04411516   0.01615491    -0.01766205   0.00647901     0.00000000  -0.00000000
  0.00000000  -0.00000000     0.00000000  -0.00000000    -0.00945949   0.00600187
    2    6
  0.00239725  -0.01059472    -0.00094831   0.00080103     0.00544409  -0.00208276
 -0.00387583   0.00020437     0.00444876   0.00453730    -0.00139879   0.00218399
  0.01581583  -0.02074951    -0.00892554   0.00809209     0.00387277  -0.00072845
    2    7
 -0.00918671   0.00579649     0.00123698   0.00010414     0.00532229   0.00237682
  0.00288514   0.00259612     0.00006261  -0.00635410    -0.00253341   0.00055522
  0.02585560  -0.00348864    -0.01203328  -0.00058934    -0.00325355  -0.00222337
    3    1
 -0.00558241  -0.00220817    -0.00728901  -0.00215975     0.00000000   0.00000000
 -0.00405206  -0.01257262     0.00811675   0.02000872     0.00000000   0.00000000
  0.00000000   0.00000000     0.00000000   0.00000000    -0.01003307  -0.00619062
    3    2
  0.01042573  -0.01281159     0.00504982   0.00706154    -0.00000000  -0.00000000
  0.00504982   0.00706154    -0.03796216   0.01827029    -0.00000000  -0.00000000
 -0.00000000  -0.00000000    -0.00000000  -0.00000000     0.01052980   0.02042604
    3    3
  0.03264544  -0.00000000    -0.00891745  -0.00503239    -0.00000000  -0.00000000
 -0.00891745   0.00503239     0.05709819   0.00000000    -0.00000000  -0.00000000
 -0.00000000   0.00000000    -0.00000000   0.00000000     0.02980278   0.00000000
    3    4
 -0.01766205  -0.00647901     0.01246800   0.00267337     0.00000000   0.00000000
  0.04411516  -0.01615491    -0.01766205  -0.00647901     0.00000000   0.00000000
  0.00000000   0.00000000     0.00000000   0.00000000    -0.00945949  -0.00600187
    3    5
 -0.00568368   0.01006767    -0.00211446   0.00000000     0.00000000   0.00000000
 -0.04660093  -0.00000000    -0.00568368  -0.01006767     0.00000000   0.00000000
  0.00000000   0.00000000     0.00000000   0.00000000    -0.00967032  -0.00000000
    3    6
 -0.00918671  -0.00579649     0.00123698  -0.00010414     0.00532229  -0.00237682
  0.00288514  -0.00259612     0.00006261   0.00635410    -0.00253341  -0.00055522
  0.02585560   0.00348864    -0.01203328   0.00058934    -0.00325355   0.00222337
    3    7
  0.00239725   0.01059472    -0.00094831  -0.00080103     0.00544409   0.00208276
 -0.00387583  -0.00020437     0.00444876  -0.00453730    -0.00139879  -0.00218399
  0.01581583   0.02074951    -0.00892554  -0.00809209     0.00387277   0.00072845
    4    1
  0.00811675  -0.02000872    -0.00405206   0.01257262     0.00000000   0.00000000
 -0.00728901   0.00215975    -0.00558241   0.00220817     0.00000000   0.00000000
  0.00000000   0.00000000     0.00000000  -0.00000000    -0.01003307   0.00619062
    4    2
 -0.00568368   0.01006767    -0.04660093   0.00000000     0.00000000   0.00000000
 -0.00211446   0.00000000    -0.00568368  -0.01006767     0.00000000   0.00000000
  0.00000000   0.00000000     0.00000000   0.00000000    -0.00967032   0.00000000
    4    3
 -0.01766205   0.00647901     0.04411516   0.01615491     0.00000000  -0.00000000
  0.01246800  -0.00267337    -0.01766205   0.00647901     0.00000000  -0.00000000
  0.00000000  -0.00000000     0.00000000  -0.00000000    -0.00945949   0.00600187
    4    4
  0.05709819  -0.00000000    -0.00891745  -0.00503239    -0.00000000   0.00000000
 -0.00891745   0.00503239     0.03264544  -0.00000000    -0.00000000   0.00000000
 -0.00000000  -0.00000000    -0.00000000  -0.00000000     0.02980278  -0.00000000
    4    5
 -0.03796216  -0.01827029     0.00504982  -0.00706154    -0.00000000   0.00000000
  0.00504982  -0.00706154     0.01042573   0.01281159    -0.00000000   0.00000000
 -0.00000000   0.00000000    -0.00000000   0.00000000     0.01052980  -0.02042604
    4    6
  0.00444876   0.00453730    -0.00387583   0.00020437    -0.00139879   0.00218399
 -0.00094831   0.00080103     0.00239725  -0.01059472     0.00544409  -0.00208276
 -0.00892554   0.00809209     0.01581583  -0.02074951     0.00387277  -0.00072845
    4    7
  0.00006261  -0.00635410     0.00288514   0.00259612    -0.00253341   0.00055522
  0.00123698   0.00010414    -0.00918671   0.00579649     0.00532229   0.00237682
 -0.01203328  -0.00058934     0.02585560  -0.00348864    -0.00325355  -0.00222337
    5    1
  0.00811675   0.02000872    -0.00405206  -0.01257262     0.00000000   0.00000000
 -0.00728901  -0.00215975    -0.00558241  -0.00220817     0.00000000   0.00000000
  0.00000000   0.00000000     0.00000000   0.00000000    -0.01003307  -0.00619062
    5    2
 -0.01766205  -0.00647901     0.04411516  -0.01615491     0.00000000   0.00000000
  0.01246800   0.00267337    -0.01766205  -0.00647901     0.00000000   0.00000000
  0.00000000   0.00000000     0.00000000   0.00000000    -0.00945949  -0.00600187
    5    3
 -0.00568368  -0.01006767    -0.04660093   0.00000000     0.00000000   0.00000000
 -0.00211446   0.00000000    -0.00568368   0.01006767     0.00000000   0.00000000
  0.00000000  -0.00000000     0.00000000  -0.00000000    -0.00967032   0.00000000
    5    4
 -0.03796216   0.01827029     0.00504982   0.00706154    -0.00000000  -0.00000000
  0.00504982   0.00706154     0.01042573  -0.01281159     0.00000000  -0.00000000
 -0.00000000  -0.00000000    -0.00000000  -0.00000000     0.01052980   0.02042604
    5    5
  0.05709819   0.00000000    -0.00891745   0.00503239    -0.00000000   0.00000000
 -0.00891745  -0.00503239     0.03264544  -0.00000000    -0.00000000   0.00000000
 -0.00000000   0.00000000    -0.00000000   0.00000000     0.02980278   0.00000000
    5    6
  0.00006261   0.00635410     0.00288514  -0.00259612    -0.00253341  -0.00055522
  0.00123698  -0.00010414    -0.00918671  -0.00579649     0.00532229  -0.00237682
 -0.01203328   0.00058934     0.02585560   0.00348864    -0.00325355   0.00222337
    5    7
  0.00444876  -0.00453730    -0.00387583  -0.00020437    -0.00139879  -0.00218399
 -0.00094831  -0.00080103     0.00239725   0.01059472     0.00544409   0.00208276
 -0.00892554  -0.00809209     0.01581583   0.02074951     0.00387277   0.00072845
    6    1
  0.00060564  -0.00146215    -0.00236880   0.00571880    -0.01096354  -0.00454124
 -0.00236880   0.00571880     0.00060564  -0.00146215    -0.01096354  -0.00454124
 -0.00712351  -0.00295066    -0.00712351  -0.00295066     0.00042240  -0.00101976
    6    2
  0.00239725   0.01059472    -0.00387583  -0.00020437     0.01581583   0.02074951
 -0.00094831  -0.00080103     0.00444876  -0.00453730    -0.00892554  -0.00809209
  0.00544409   0.00208276    -0.00139879  -0.00218399     0.00387277   0.00072845
    6    3
 -0.00918671   0.00579649     0.00288514   0.00259612     0.02585560  -0.00348864
  0.00123698   0.00010414     0.00006261  -0.00635410    -0.01203328  -0.00058934
  0.00532229   0.00237682    -0.00253341   0.00055522    -0.00325355  -0.00222337
    6    4
  0.00444876  -0.00453730    -0.00094831  -0.00080103    -0.00892554  -0.00809209
 -0.00387583  -0.00020437     0.00239725   0.01059472     0.01581583   0.02074951
 -0.00139879  -0.00218399     0.00544409   0.00208276     0.00387277   0.00072845
    6    5
  0.00006261  -0.00635410     0.00123698   0.00010414    -0.01203328  -0.00058934
  0.00288514   0.00259612    -0.00918671   0.00579649     0.02585560  -0.00348864
 -0.00253341   0.00055522     0.00532229   0.00237682    -0.00325355  -0.00222337
    6    6
  0.03892234  -0.00000000    -0.01674249   0.00000000    -0.00000000   0.00134165
 -0.01674249  -0.00000000     0.03892234   0.00000000    -0.00000000   0.00134165
 -0.00000000  -0.00134165    -0.00000000  -0.00134165     0.01259972  -0.00000000
    6    7
  0.01289822   0.01289822    -0.00837367  -0.00837367    -0.00008861   0.00008861
 -0.00837367  -0.00837367     0.01289822   0.01289822    -0.00008861   0.00008861
 -0.00008861   0.00008861    -0.00008861   0.00008861    -0.00152392  -0.00152392
    7    1
  0.00060564   0.00146215    -0.00236880  -0.00571880    -0.01096354   0.00454124
 -0.00236880  -0.00571880     0.00060564   0.00146215    -0.01096354   0.00454124
 -0.00712351   0.00295066    -0.00712351   0.00295066     0.00042240   0.00101976
    7    2
 -0.00918671  -0.00579649     0.00288514  -0.00259612     0.02585560   0.00348864
  0.00123698  -0.00010414     0.00006261   0.00635410    -0.01203328   0.00058934
  0.00532229  -0.00237682    -0.00253341  -0.00055522    -0.00325355   0.00222337
    7    3
  0.00239725  -0.01059472    -0.00387583   0.00020437     0.01581583  -0.02074951
 -0.00094831   0.00080103     0.00444876   0.00453730    -0.00892554   0.00809209
  0.00544409  -0.00208276    -0.00139879   0.00218399     0.00387277  -0.00072845
    7    4
  0.00006261   0.00635410     0.00123698  -0.00010414    -0.01203328   0.00058934
  0.00288514  -0.00259612    -0.00918671  -0.00579649     0.02585560   0.00348864
 -0.00253341  -0.00055522     0.00532229  -0.00237682    -0.00325355   0.00222337
    7    5
  0.00444876   0.00453730    -0.00094831   0.00080103    -0.00892554   0.00809209
 -0.00387583   0.00020437     0.00239725  -0.01059472     0.01581583  -0.02074951
 -0.00139879   0.00218399     0.00544409  -0.00208276     0.00387277  -0.00072845
    7    6
  0.01289822  -0.01289822    -0.00837367   0.00837367    -0.00008861  -0.00008861
 -0.00837367   0.00837367     0.01289822  -0.01289822    -0.00008861  -0.00008861
 -0.00008861  -0.00008861    -0.00008861  -0.00008861    -0.00152392   0.00152392
    7    7
  0.03892234   0.00000000    -0.01674249  -0.00000000     0.00000000  -0.00134165
 -0.01674249   0.00000000     0.03892234  -0.00000000     0.00000000  -0.00134165
  0.00000000   0.00134165    -0.00000000   0.00134165     0.01259972  -0.00000000

     Dynamical  Matrix in cartesian axes

     q = (   -0.324759526  -0.324759526   0.000000000 ) 

    1    1
  0.09396390   0.00000000     0.05590352   0.00000000    -0.00000000   0.00000000
  0.05590352   0.00000000     0.09396390   0.00000000    -0.00000000   0.00000000
 -0.00000000   0.00000000    -0.00000000   0.00000000     0.02896072   0.00000000
    1    2
 -0.00558241   0.00220817     0.00405206  -0.01257262     0.00000000  -0.00000000
  0.00728901  -0.00215975     0.00811675  -0.02000872     0.00000000  -0.00000000
  0.00000000   0.00000000     0.00000000  -0.00000000    -0.01003307   0.00619062
    1    3
  0.00550877  -0.00238595    -0.01175542  -0.00602494    -0.00000000  -0.00000000
 -0.00668129   0.00362693    -0.01988772  -0.00840889    -0.00000000   0.00000000
  0.00000000  -0.00000000    -0.00000000   0.00000000     0.01147188  -0.00271702
    1    4
 -0.01988772  -0.00840889    -0.00668129   0.00362693    -0.00000000   0.00000000
 -0.01175542  -0.00602494     0.00550877  -0.00238595    -0.00000000  -0.00000000
  0.00000000   0.00000000     0.00000000   0.00000000     0.01147188  -0.00271702
    1    5
  0.00811675  -0.02000872     0.00728901  -0.00215975     0.00000000  -0.00000000
  0.00405206  -0.01257262    -0.00558241   0.00220817     0.00000000  -0.00000000
  0.00000000   0.00000000     0.00000000   0.00000000    -0.01003307   0.00619062
    1    6
  0.00060564   0.00146215     0.00236880   0.00571880     0.00712351  -0.00295066
  0.00236880   0.00571880     0.00060564   0.00146215    -0.00712351   0.00295066
  0.01096354  -0.00454124    -0.01096354   0.00454124     0.00042240   0.00101976
    1    7
  0.00060564   0.00146215     0.00236880   0.00571880    -0.00712351   0.00295066
  0.00236880   0.00571880     0.00060564   0.00146215     0.00712351  -0.00295066
 -0.01096354   0.00454124     0.01096354  -0.00454124     0.00042240   0.00101976
    2    1
 -0.00558241  -0.00220817     0.00728901   0.00215975     0.00000000   0.00000000
  0.00405206   0.01257262     0.00811675   0.02000872     0.00000000   0.00000000
  0.00000000   0.00000000     0.00000000   0.00000000    -0.01003307  -0.00619062
    2    2
  0.03264544  -0.00000000     0.00891745   0.00503239    -0.00000000  -0.00000000
  0.00891745  -0.00503239     0.05709819  -0.00000000    -0.00000000  -0.00000000
 -0.00000000   0.00000000    -0.00000000   0.00000000     0.02980278   0.00000000
    2    3
  0.00168706   0.01643127     0.00856403   0.00142250     0.00000000   0.00000000
  0.00856403   0.00142250     0.01392426  -0.03976235     0.00000000  -0.00000000
  0.00000000   0.00000000     0.00000000  -0.00000000    -0.02188908  -0.00699769
    2    4
  0.01707030  -0.00790760     0.01070656  -0.00692585    -0.00000000   0.00000000
  0.01977089  -0.04261738     0.01707030  -0.00790760    -0.00000000   0.00000000
 -0.00000000  -0.00000000    -0.00000000  -0.00000000     0.01093283  -0.00244491
    2    5
 -0.00568368   0.01006767     0.00211446  -0.00000000     0.00000000  -0.00000000
  0.04660093   0.00000000    -0.00568368  -0.01006767     0.00000000  -0.00000000
 -0.00000000   0.00000000     0.00000000   0.00000000    -0.00967032   0.00000000
    2    6
 -0.00918671  -0.00579649    -0.00123698   0.00010414    -0.00532229   0.00237682
 -0.00288514   0.00259612     0.00006261   0.00635410    -0.00253341  -0.00055522
 -0.02585560  -0.00348864    -0.01203328   0.00058934    -0.00325355   0.00222337
    2    7
 -0.00918671  -0.00579649    -0.00123698   0.00010414     0.00532229  -0.00237682
 -0.00288514   0.00259612     0.00006261   0.00635410     0.00253341   0.00055522
  0.02585560   0.00348864     0.01203328  -0.00058934    -0.00325355   0.00222337
    3    1
  0.00550877   0.00238595    -0.00668129  -0.00362693    -0.00000000   0.00000000
 -0.01175542   0.00602494    -0.01988772   0.00840889    -0.00000000  -0.00000000
  0.00000000   0.00000000    -0.00000000  -0.00000000     0.01147188   0.00271702
    3    2
  0.00168706  -0.01643127     0.00856403  -0.00142250     0.00000000   0.00000000
  0.00856403  -0.00142250     0.01392426   0.03976235     0.00000000   0.00000000
  0.00000000   0.00000000     0.00000000   0.00000000    -0.02188908   0.00699769
    3    3
  0.03264544   0.00000000     0.00891745  -0.00503239    -0.00000000   0.00000000
  0.00891745   0.00503239     0.05709819   0.00000000    -0.00000000   0.00000000
 -0.00000000  -0.00000000    -0.00000000  -0.00000000     0.02980278  -0.00000000
    3    4
 -0.00568368  -0.01006767     0.00211446  -0.00000000     0.00000000   0.00000000
  0.04660093  -0.00000000    -0.00568368   0.01006767    -0.00000000   0.00000000
  0.00000000  -0.00000000     0.00000000  -0.00000000    -0.00967032  -0.00000000
    3    5
  0.01707030   0.00790760     0.01070656   0.00692585    -0.00000000   0.00000000
  0.01977089   0.04261738     0.01707030   0.00790760    -0.00000000   0.00000000
 -0.00000000   0.00000000    -0.00000000   0.00000000     0.01093283   0.00244491
    3    6
 -0.00918671   0.00579649    -0.00123698  -0.00010414     0.00532229   0.00237682
 -0.00288514  -0.00259612     0.00006261  -0.00635410     0.00253341  -0.00055522
  0.02585560  -0.00348864     0.01203328   0.00058934    -0.00325355  -0.00222337
    3    7
 -0.00918671   0.00579649    -0.00123698  -0.00010414    -0.00532229  -0.00237682
 -0.00288514  -0.00259612     0.00006261  -0.00635410    -0.00253341   0.00055522
 -0.02585560   0.00348864    -0.01203328  -0.00058934    -0.00325355  -0.00222337
    4    1
 -0.01988772   0.00840889    -0.01175542   0.00602494    -0.00000000  -0.00000000
 -0.00668129  -0.00362693     0.00550877   0.00238595    -0.00000000   0.00000000
 -0.00000000  -0.00000000    -0.00000000   0.00000000     0.01147188   0.00271702
    4    2
  0.01707030   0.00790760     0.01977089   0.04261738    -0.00000000   0.00000000
  0.01070656   0.00692585     0.01707030   0.00790760    -0.00000000   0.00000000
 -0.00000000  -0.00000000    -0.00000000  -0.00000000     0.01093283   0.00244491
    4    3
 -0.00568368   0.01006767     0.04660093  -0.00000000    -0.00000000   0.00000000
  0.00211446  -0.00000000    -0.00568368  -0.01006767     0.00000000   0.00000000
  0.00000000  -0.00000000     0.00000000  -0.00000000    -0.00967032  -0.00000000
    4    4
  0.05709819   0.00000000     0.00891745   0.00503239    -0.00000000   0.00000000
  0.00891745  -0.00503239     0.03264544   0.00000000    -0.00000000   0.00000000
 -0.00000000   0.00000000    -0.00000000   0.00000000     0.02980278  -0.00000000
    4    5
  0.01392426   0.03976235     0.00856403  -0.00142250     0.00000000   0.00000000
  0.00856403  -0.00142250     0.00168706  -0.01643127     0.00000000   0.00000000
  0.00000000  -0.00000000     0.00000000   0.00000000    -0.02188908   0.00699769
    4    6
  0.00006261  -0.00635410    -0.00288514  -0.00259612    -0.00253341   0.00055522
 -0.00123698  -0.00010414    -0.00918671   0.00579649    -0.00532229  -0.00237682
 -0.01203328  -0.00058934    -0.02585560   0.00348864    -0.00325355  -0.00222337
    4    7
  0.00006261  -0.00635410    -0.00288514  -0.00259612     0.00253341  -0.00055522
 -0.00123698  -0.00010414    -0.00918671   0.00579649     0.00532229   0.00237682
  0.01203328   0.00058934     0.02585560  -0.00348864    -0.00325355  -0.00222337
    5    1
  0.00811675   0.02000872     0.00405206   0.01257262     0.00000000   0.00000000
  0.00728901   0.00215975    -0.00558241  -0.00220817     0.00000000   0.00000000
  0.00000000   0.00000000     0.00000000   0.00000000    -0.01003307  -0.00619062
    5    2
 -0.00568368  -0.01006767     0.04660093   0.00000000     0.00000000   0.00000000
  0.00211446  -0.00000000    -0.00568368   0.01006767     0.00000000   0.00000000
  0.00000000   0.00000000     0.00000000   0.00000000    -0.00967032   0.00000000
    5    3
  0.01707030  -0.00790760     0.01977089  -0.04261738    -0.00000000   0.00000000
  0.01070656  -0.00692585     0.01707030  -0.00790760    -0.00000000   0.00000000
 -0.00000000   0.00000000    -0.00000000   0.00000000     0.01093283  -0.00244491
    5    4
  0.01392426  -0.03976235     0.00856403   0.00142250     0.00000000  -0.00000000
  0.00856403   0.00142250     0.00168706   0.01643127     0.00000000  -0.00000000
  0.00000000   0.00000000     0.00000000   0.00000000    -0.02188908  -0.00699769
    5    5
  0.05709819   0.00000000     0.00891745  -0.00503239    -0.00000000   0.00000000
  0.00891745   0.00503239     0.03264544  -0.00000000    -0.00000000   0.00000000
 -0.00000000  -0.00000000    -0.00000000  -0.00000000     0.02980278   0.00000000
    5    6
  0.00006261   0.00635410    -0.00288514   0.00259612     0.00253341   0.00055522
 -0.00123698   0.00010414    -0.00918671  -0.00579649     0.00532229  -0.00237682
  0.01203328  -0.00058934     0.02585560   0.00348864    -0.00325355   0.00222337
    5    7
  0.00006261   0.00635410    -0.00288514   0.00259612    -0.00253341  -0.00055522
 -0.00123698   0.00010414    -0.00918671  -0.00579649    -0.00532229   0.00237682
 -0.01203328   0.00058934    -0.02585560  -0.00348864    -0.00325355   0.00222337
    6    1
  0.00060564  -0.00146215     0.00236880  -0.00571880     0.01096354   0.00454124
  0.00236880  -0.00571880     0.00060564  -0.00146215    -0.01096354  -0.00454124
  0.00712351   0.00295066    -0.00712351  -0.00295066     0.00042240  -0.00101976
    6    2
 -0.00918671   0.00579649    -0.00288514  -0.00259612    -0.02585560   0.00348864
 -0.00123698  -0.00010414     0.00006261  -0.00635410    -0.01203328  -0.00058934
 -0.00532229  -0.00237682    -0.00253341   0.00055522    -0.00325355  -0.00222337
    6    3
 -0.00918671  -0.00579649    -0.00288514   0.00259612     0.02585560   0.00348864
 -0.00123698   0.00010414     0.00006261   0.00635410     0.01203328  -0.00058934
  0.00532229  -0.00237682     0.00253341   0.00055522    -0.00325355   0.00222337
    6    4
  0.00006261   0.00635410    -0.00123698   0.00010414    -0.01203328   0.00058934
 -0.00288514   0.00259612    -0.00918671  -0.00579649    -0.02585560  -0.00348864
 -0.00253341  -0.00055522    -0.00532229   0.00237682    -0.00325355   0.00222337
    6    5
  0.00006261  -0.00635410    -0.00123698  -0.00010414     0.01203328   0.00058934
 -0.00288514  -0.00259612    -0.00918671   0.00579649     0.02585560  -0.00348864
  0.00253341  -0.00055522     0.00532229   0.00237682    -0.00325355  -0.00222337
    6    6
  0.03892234   0.00000000     0.01674249   0.00000000    -0.00000000  -0.00134165
  0.01674249  -0.00000000     0.03892234  -0.00000000    -0.00000000   0.00134165
 -0.00000000   0.00134165    -0.00000000  -0.00134165     0.01259972  -0.00000000
    6    7
 -0.01824084   0.00000000    -0.01184215  -0.00000000     0.00000000   0.00012531
 -0.01184215  -0.00000000    -0.01824084   0.00000000    -0.00000000  -0.00012531
  0.00000000   0.00012531     0.00000000  -0.00012531     0.00215515   0.00000000
    7    1
  0.00060564  -0.00146215     0.00236880  -0.00571880    -0.01096354  -0.00454124
  0.00236880  -0.00571880     0.00060564  -0.00146215     0.01096354   0.00454124
 -0.00712351  -0.00295066     0.00712351   0.00295066     0.00042240  -0.00101976
    7    2
 -0.00918671   0.00579649    -0.00288514  -0.00259612     0.02585560  -0.00348864
 -0.00123698  -0.00010414     0.00006261  -0.00635410     0.01203328   0.00058934
  0.00532229   0.00237682     0.00253341  -0.00055522    -0.00325355  -0.00222337
    7    3
 -0.00918671  -0.00579649    -0.00288514   0.00259612    -0.02585560  -0.00348864
 -0.00123698   0.00010414     0.00006261   0.00635410    -0.01203328   0.00058934
 -0.00532229   0.00237682    -0.00253341  -0.00055522    -0.00325355   0.00222337
    7    4
  0.00006261   0.00635410    -0.00123698   0.00010414     0.01203328  -0.00058934
 -0.00288514   0.00259612    -0.00918671  -0.00579649     0.02585560   0.00348864
  0.00253341   0.00055522     0.00532229  -0.00237682    -0.00325355   0.00222337
    7    5
  0.00006261  -0.00635410    -0.00123698  -0.00010414    -0.01203328  -0.00058934
 -0.00288514  -0.00259612    -0.00918671   0.00579649    -0.02585560   0.00348864
 -0.00253341   0.00055522    -0.00532229  -0.00237682    -0.00325355  -0.00222337
    7    6
 -0.01824084  -0.00000000    -0.01184215   0.00000000     0.00000000  -0.00012531
 -0.01184215   0.00000000    -0.01824084  -0.00000000    -0.00000000   0.00012531
  0.00000000  -0.00012531     0.00000000   0.00012531     0.00215515   0.00000000
    7    7
  0.03892234  -0.00000000     0.01674249  -0.00000000    -0.00000000   0.00134165
  0.01674249   0.00000000     0.03892234  -0.00000000    -0.00000000  -0.00134165
 -0.00000000  -0.00134165    -0.00000000   0.00134165     0.01259972   0.00000000

     Dynamical  Matrix in cartesian axes

     q = (   -0.324759526   0.324759526   0.000000000 ) 

    1    1
  0.09396390   0.00000000    -0.05590352   0.00000000    -0.00000000   0.00000000
 -0.05590352   0.00000000     0.09396390   0.00000000    -0.00000000   0.00000000
 -0.00000000   0.00000000    -0.00000000   0.00000000     0.02896072   0.00000000
    1    2
 -0.00558241   0.00220817    -0.00405206   0.01257262     0.00000000   0.00000000
 -0.00728901   0.00215975     0.00811675  -0.02000872     0.00000000  -0.00000000
  0.00000000  -0.00000000     0.00000000  -0.00000000    -0.01003307   0.00619062
    1    3
 -0.00558241  -0.00220817    -0.00405206  -0.01257262     0.00000000   0.00000000
 -0.00728901  -0.00215975     0.00811675   0.02000872     0.00000000   0.00000000
  0.00000000   0.00000000     0.00000000   0.00000000    -0.01003307  -0.00619062
    1    4
  0.00811675  -0.02000872    -0.00728901   0.00215975     0.00000000   0.00000000
 -0.00405206   0.01257262    -0.00558241   0.00220817     0.00000000  -0.00000000
  0.00000000  -0.00000000     0.00000000  -0.00000000    -0.01003307   0.00619062
    1    5
  0.00811675   0.02000872    -0.00728901  -0.00215975     0.00000000   0.00000000
 -0.00405206  -0.01257262    -0.00558241  -0.00220817     0.00000000   0.00000000
  0.00000000   0.00000000     0.00000000   0.00000000    -0.01003307  -0.00619062
    1    6
  0.00060564  -0.00146215    -0.00236880   0.00571880    -0.00712351  -0.00295066
 -0.00236880   0.00571880     0.00060564  -0.00146215    -0.00712351  -0.00295066
 -0.01096354  -0.00454124    -0.01096354  -0.00454124     0.00042240  -0.00101976
    1    7
  0.00060564   0.00146215    -0.00236880  -0.00571880    -0.00712351   0.00295066
 -0.00236880  -0.00571880     0.00060564   0.00146215    -0.00712351   0.00295066
