  2.000000000000000E-002   1.26015754758087        2.29045391948694     
          24

     Dynamical  Matrix in cartesian axes

     q = (    0.324759526   0.324759526   0.216506351 ) 

    1    1
  0.06383113   0.00000000     0.00741335   0.00000000     0.00403246   0.00000000
  0.00741335   0.00000000     0.06383113   0.00000000     0.00403246   0.00000000
  0.00403246   0.00000000     0.00403246   0.00000000     0.03814133   0.00000000
    1    2
 -0.01164438  -0.00397538     0.01015713  -0.00535074    -0.00591789  -0.00925524
 -0.00279372  -0.00506739     0.00701898   0.00283894    -0.00477752  -0.00734562
 -0.00608869   0.00574812     0.00488712  -0.00479436    -0.00526455   0.00191517
    1    3
  0.01164438  -0.00397538    -0.01015713  -0.00535074     0.00591789  -0.00925524
  0.00279372  -0.00506739    -0.00701898   0.00283894     0.00477752  -0.00734562
  0.00608869   0.00574812    -0.00488712  -0.00479436     0.00526455   0.00191517
    1    4
 -0.00701898   0.00283894     0.00279372  -0.00506739     0.00477752  -0.00734562
 -0.01015713  -0.00535074     0.01164438  -0.00397538     0.00591789  -0.00925524
 -0.00488712  -0.00479436     0.00608869   0.00574812     0.00526455   0.00191517
    1    5
  0.00701898   0.00283894    -0.00279372  -0.00506739    -0.00477752  -0.00734562
  0.01015713  -0.00535074    -0.01164438  -0.00397538    -0.00591789  -0.00925524
  0.00488712  -0.00479436    -0.00608869   0.00574812    -0.00526455   0.00191517
    1    6
  0.00303259   0.00680690    -0.00033318  -0.00030679     0.00665030   0.01678905
  0.00033318  -0.00030679    -0.00303259   0.00680690    -0.00665030   0.01678905
  0.00459726  -0.00475733    -0.00459726  -0.00475733    -0.00000000   0.00760904
    1    7
 -0.00303259   0.00680690     0.00033318  -0.00030679    -0.00665030   0.01678905
 -0.00033318  -0.00030679     0.00303259   0.00680690     0.00665030   0.01678905
 -0.00459726  -0.00475733     0.00459726  -0.00475733    -0.00000000   0.00760904
    2    1
 -0.01164438   0.00397538    -0.00279372   0.00506739    -0.00608869  -0.00574812
  0.01015713   0.00535074     0.00701898  -0.00283894     0.00488712   0.00479436
 -0.00591789   0.00925524    -0.00477752   0.00734562    -0.00526455  -0.00191517
    2    2
  0.05983874  -0.00000000    -0.00206234   0.00159411     0.00730914   0.00185473
 -0.00206234  -0.00159411     0.04930632  -0.00000000     0.00727699  -0.00280512
  0.00730914  -0.00185473     0.00727699   0.00280512     0.03909301   0.00000000
    2    3
  0.01308000  -0.00930877     0.00620019  -0.00967304     0.00793449   0.00330852
  0.00620019  -0.00967304    -0.01359716   0.01679088    -0.00997821   0.00517318
  0.00793449   0.00330852    -0.00997821   0.00517318    -0.01972998  -0.00290256
    2    4
  0.00441391   0.01132499    -0.00276256   0.02845035     0.00971128   0.00451852
 -0.00999567   0.03255075     0.00441391   0.01132499    -0.00703589   0.00725024
 -0.00703589   0.00725024     0.00971128   0.00451852     0.01733998   0.01361449
    2    5
 -0.02529906  -0.00423297     0.00910354   0.00000000     0.00826981  -0.00381576
  0.02885774   0.00000000    -0.02529906   0.00423297     0.00545018  -0.00812372
  0.00545018   0.00812372     0.00826981   0.00381576    -0.00832197  -0.00000000
    2    6
 -0.00764580  -0.01065052    -0.00541552  -0.00146247    -0.02747991  -0.01770968
 -0.01405644   0.00402583     0.01292756  -0.01403890    -0.00505068  -0.00262664
 -0.02623705  -0.01550492    -0.01460868  -0.00048168    -0.01326890  -0.00821519
    2    7
 -0.02038413   0.00930810     0.00447666  -0.00572031    -0.00869228   0.00312075
  0.00769930  -0.01069400    -0.01125137   0.00538910     0.00479838   0.00451088
  0.02233106  -0.00202656     0.00692939   0.00552007    -0.01472754  -0.01011604
    3    1
  0.01164438   0.00397538     0.00279372   0.00506739     0.00608869  -0.00574812
 -0.01015713   0.00535074    -0.00701898  -0.00283894    -0.00488712   0.00479436
  0.00591789   0.00925524     0.00477752   0.00734562     0.00526455  -0.00191517
    3    2
  0.01308000   0.00930877     0.00620019   0.00967304     0.00793449  -0.00330852
  0.00620019   0.00967304    -0.01359716  -0.01679088    -0.00997821  -0.00517318
  0.00793449  -0.00330852    -0.00997821  -0.00517318    -0.01972998   0.00290256
    3    3
  0.05983874   0.00000000    -0.00206234  -0.00159411     0.00730914  -0.00185473
 -0.00206234   0.00159411     0.04930632   0.00000000     0.00727699   0.00280512
  0.00730914   0.00185473     0.00727699  -0.00280512     0.03909301  -0.00000000
    3    4
 -0.02529906   0.00423297     0.00910354  -0.00000000     0.00826981   0.00381576
  0.02885774  -0.00000000    -0.02529906  -0.00423297     0.00545018   0.00812372
  0.00545018  -0.00812372     0.00826981  -0.00381576    -0.00832197   0.00000000
    3    5
  0.00441391  -0.01132499    -0.00276256  -0.02845035     0.00971128  -0.00451852
 -0.00999567  -0.03255075     0.00441391  -0.01132499    -0.00703589  -0.00725024
 -0.00703589  -0.00725024     0.00971128  -0.00451852     0.01733998  -0.01361449
    3    6
 -0.02038413  -0.00930810     0.00447666   0.00572031    -0.00869228  -0.00312075
  0.00769930   0.01069400    -0.01125137  -0.00538910     0.00479838  -0.00451088
  0.02233106   0.00202656     0.00692939  -0.00552007    -0.01472754   0.01011604
    3    7
 -0.00764580   0.01065052    -0.00541552   0.00146247    -0.02747991   0.01770968
 -0.01405644  -0.00402583     0.01292756   0.01403890    -0.00505068   0.00262664
 -0.02623705   0.01550492    -0.01460868   0.00048168    -0.01326890   0.00821519
    4    1
 -0.00701898  -0.00283894    -0.01015713   0.00535074    -0.00488712   0.00479436
  0.00279372   0.00506739     0.01164438   0.00397538     0.00608869  -0.00574812
  0.00477752   0.00734562     0.00591789   0.00925524     0.00526455  -0.00191517
    4    2
  0.00441391  -0.01132499    -0.00999567  -0.03255075    -0.00703589  -0.00725024
 -0.00276256  -0.02845035     0.00441391  -0.01132499     0.00971128  -0.00451852
  0.00971128  -0.00451852    -0.00703589  -0.00725024     0.01733998  -0.01361449
    4    3
 -0.02529906  -0.00423297     0.02885774   0.00000000     0.00545018   0.00812372
  0.00910354   0.00000000    -0.02529906   0.00423297     0.00826981   0.00381576
  0.00826981  -0.00381576     0.00545018  -0.00812372    -0.00832197  -0.00000000
    4    4
  0.04930632   0.00000000    -0.00206234   0.00159411     0.00727699   0.00280512
 -0.00206234  -0.00159411     0.05983874   0.00000000     0.00730914  -0.00185473
  0.00727699  -0.00280512     0.00730914   0.00185473     0.03909301  -0.00000000
    4    5
 -0.01359716  -0.01679088     0.00620019   0.00967304    -0.00997821  -0.00517318
  0.00620019   0.00967304     0.01308000   0.00930877     0.00793449  -0.00330852
 -0.00997821  -0.00517318     0.00793449  -0.00330852    -0.01972998   0.00290256
    4    6
  0.01292756   0.01403890    -0.01405644  -0.00402583    -0.00505068   0.00262664
 -0.00541552   0.00146247    -0.00764580   0.01065052    -0.02747991   0.01770968
 -0.01460868   0.00048168    -0.02623705   0.01550492    -0.01326890   0.00821519
    4    7
 -0.01125137  -0.00538910     0.00769930   0.01069400     0.00479838  -0.00451088
  0.00447666   0.00572031    -0.02038413  -0.00930810    -0.00869228  -0.00312075
  0.00692939  -0.00552007     0.02233106   0.00202656    -0.01472754   0.01011604
    5    1
  0.00701898  -0.00283894     0.01015713   0.00535074     0.00488712   0.00479436
 -0.00279372   0.00506739    -0.01164438   0.00397538    -0.00608869  -0.00574812
 -0.00477752   0.00734562    -0.00591789   0.00925524    -0.00526455  -0.00191517
    5    2
 -0.02529906   0.00423297     0.02885774   0.00000000     0.00545018  -0.00812372
  0.00910354   0.00000000    -0.02529906  -0.00423297     0.00826981  -0.00381576
  0.00826981   0.00381576     0.00545018   0.00812372    -0.00832197  -0.00000000
    5    3
  0.00441391   0.01132499    -0.00999567   0.03255075    -0.00703589   0.00725024
 -0.00276256   0.02845035     0.00441391   0.01132499     0.00971128   0.00451852
  0.00971128   0.00451852    -0.00703589   0.00725024     0.01733998   0.01361449
    5    4
 -0.01359716   0.01679088     0.00620019  -0.00967304    -0.00997821   0.00517318
  0.00620019  -0.00967304     0.01308000  -0.00930877     0.00793449   0.00330852
 -0.00997821   0.00517318     0.00793449   0.00330852    -0.01972998  -0.00290256
    5    5
  0.04930632  -0.00000000    -0.00206234  -0.00159411     0.00727699  -0.00280512
 -0.00206234   0.00159411     0.05983874  -0.00000000     0.00730914   0.00185473
  0.00727699   0.00280512     0.00730914  -0.00185473     0.03909301   0.00000000
    5    6
 -0.01125137   0.00538910     0.00769930  -0.01069400     0.00479838   0.00451088
  0.00447666  -0.00572031    -0.02038413   0.00930810    -0.00869228   0.00312075
  0.00692939   0.00552007     0.02233106  -0.00202656    -0.01472754  -0.01011604
    5    7
  0.01292756  -0.01403890    -0.01405644   0.00402583    -0.00505068  -0.00262664
 -0.00541552  -0.00146247    -0.00764580  -0.01065052    -0.02747991  -0.01770968
 -0.01460868  -0.00048168    -0.02623705  -0.01550492    -0.01326890  -0.00821519
    6    1
  0.00303259  -0.00680690     0.00033318   0.00030679     0.00459726   0.00475733
 -0.00033318   0.00030679    -0.00303259  -0.00680690    -0.00459726   0.00475733
  0.00665030  -0.01678905    -0.00665030  -0.01678905    -0.00000000  -0.00760904
    6    2
 -0.00764580   0.01065052    -0.01405644  -0.00402583    -0.02623705   0.01550492
 -0.00541552   0.00146247     0.01292756   0.01403890    -0.01460868   0.00048168
 -0.02747991   0.01770968    -0.00505068   0.00262664    -0.01326890   0.00821519
    6    3
 -0.02038413   0.00930810     0.00769930  -0.01069400     0.02233106  -0.00202656
  0.00447666  -0.00572031    -0.01125137   0.00538910     0.00692939   0.00552007
 -0.00869228   0.00312075     0.00479838   0.00451088    -0.01472754  -0.01011604
    6    4
  0.01292756  -0.01403890    -0.00541552  -0.00146247    -0.01460868  -0.00048168
 -0.01405644   0.00402583    -0.00764580  -0.01065052    -0.02623705  -0.01550492
 -0.00505068  -0.00262664    -0.02747991  -0.01770968    -0.01326890  -0.00821519
    6    5
 -0.01125137  -0.00538910     0.00447666   0.00572031     0.00692939  -0.00552007
  0.00769930   0.01069400    -0.02038413  -0.00930810     0.02233106   0.00202656
  0.00479838  -0.00451088    -0.00869228  -0.00312075    -0.01472754   0.01011604
    6    6
  0.04461902  -0.00000000     0.00465115  -0.00148729     0.00558737  -0.00073297
  0.00465115   0.00148729     0.04461902   0.00000000     0.00558737   0.00073297
  0.00558737   0.00073297     0.00558737  -0.00073297     0.04785175  -0.00000000
    6    7
 -0.01855159   0.00357395    -0.00945236   0.00000000     0.00658999  -0.00519157
 -0.00945236   0.00000000    -0.01855159  -0.00357395     0.00658999   0.00519157
  0.00658999  -0.00519157     0.00658999   0.00519157     0.02395628   0.00000000
    7    1
 -0.00303259  -0.00680690    -0.00033318   0.00030679    -0.00459726   0.00475733
  0.00033318   0.00030679     0.00303259  -0.00680690     0.00459726   0.00475733
 -0.00665030  -0.01678905     0.00665030  -0.01678905    -0.00000000  -0.00760904
    7    2
 -0.02038413  -0.00930810     0.00769930   0.01069400     0.02233106   0.00202656
  0.00447666   0.00572031    -0.01125137  -0.00538910     0.00692939  -0.00552007
 -0.00869228  -0.00312075     0.00479838  -0.00451088    -0.01472754   0.01011604
    7    3
 -0.00764580  -0.01065052    -0.01405644   0.00402583    -0.02623705  -0.01550492
 -0.00541552  -0.00146247     0.01292756  -0.01403890    -0.01460868  -0.00048168
 -0.02747991  -0.01770968    -0.00505068  -0.00262664    -0.01326890  -0.00821519
    7    4
 -0.01125137   0.00538910     0.00447666  -0.00572031     0.00692939   0.00552007
  0.00769930  -0.01069400    -0.02038413   0.00930810     0.02233106  -0.00202656
  0.00479838   0.00451088    -0.00869228   0.00312075    -0.01472754  -0.01011604
    7    5
  0.01292756   0.01403890    -0.00541552   0.00146247    -0.01460868   0.00048168
 -0.01405644  -0.00402583    -0.00764580   0.01065052    -0.02623705   0.01550492
 -0.00505068   0.00262664    -0.02747991   0.01770968    -0.01326890   0.00821519
    7    6
 -0.01855159  -0.00357395    -0.00945236  -0.00000000     0.00658999   0.00519157
 -0.00945236   0.00000000    -0.01855159   0.00357395     0.00658999  -0.00519157
  0.00658999   0.00519157     0.00658999  -0.00519157     0.02395628   0.00000000
    7    7
  0.04461902   0.00000000     0.00465115   0.00148729     0.00558737   0.00073297
  0.00465115  -0.00148729     0.04461902  -0.00000000     0.00558737  -0.00073297
  0.00558737  -0.00073297     0.00558737   0.00073297     0.04785175   0.00000000

     Dynamical  Matrix in cartesian axes

     q = (   -0.324759526   0.216506351   0.324759526 ) 

    1    1
  0.06383113   0.00000000    -0.00403246   0.00000000    -0.00741335   0.00000000
 -0.00403246   0.00000000     0.03814133   0.00000000     0.00403246   0.00000000
 -0.00741335   0.00000000     0.00403246   0.00000000     0.06383113   0.00000000
    1    2
 -0.00542281  -0.01104484    -0.00235987   0.01072902    -0.01096572  -0.00339863
  0.00836989   0.00024082    -0.00507683  -0.00236837     0.00684584   0.00006559
 -0.00160772   0.00555865     0.00181592  -0.00857236     0.00295573   0.00697060
    1    3
  0.00397538   0.01164438    -0.00925524  -0.00591789    -0.00535074   0.01015713
  0.00574812  -0.00608869    -0.00191517   0.00526455     0.00479436  -0.00488712
 -0.00506739  -0.00279372     0.00734562   0.00477752    -0.00283894  -0.00701898
    1    4
 -0.00266884  -0.00695756     0.00716918   0.01657412     0.00001865  -0.00045253
 -0.00661469  -0.00011319    -0.00538041  -0.00538041     0.00011319   0.00661469
 -0.00045253   0.00001865    -0.01657412  -0.00716918    -0.00695756  -0.00266884
    1    5
  0.00303259   0.00680690    -0.00665030  -0.01678905     0.00033318   0.00030679
 -0.00459726   0.00475733     0.00000000   0.00760904    -0.00459726  -0.00475733
 -0.00033318   0.00030679    -0.00665030   0.01678905    -0.00303259   0.00680690
    1    6
  0.00701898   0.00283894     0.00477752   0.00734562     0.00279372   0.00506739
 -0.00488712   0.00479436    -0.00526455   0.00191517    -0.00608869   0.00574812
 -0.01015713   0.00535074    -0.00591789  -0.00925524    -0.01164438  -0.00397538
    1    7
  0.00295573  -0.00697060    -0.00181592  -0.00857236    -0.00160772  -0.00555865
 -0.00684584   0.00006559    -0.00507683   0.00236837    -0.00836989   0.00024082
 -0.01096572   0.00339863     0.00235987   0.01072902    -0.00542281   0.01104484
    2    1
 -0.00542281   0.01104484     0.00836989  -0.00024082    -0.00160772  -0.00555865
 -0.00235987  -0.01072902    -0.00507683   0.00236837     0.00181592   0.00857236
 -0.01096572   0.00339863     0.00684584  -0.00006559     0.00295573  -0.00697060
    2    2
  0.05983874  -0.00000000    -0.00730914  -0.00185473     0.00206234  -0.00159411
 -0.00730914   0.00185473     0.03909301   0.00000000     0.00727699   0.00280512
  0.00206234   0.00159411     0.00727699  -0.00280512     0.04930632   0.00000000
    2    3
  0.01583125   0.00266667    -0.00327105  -0.00795001    -0.01122407   0.00245568
 -0.00327105  -0.00795001    -0.01189878  -0.01600362    -0.01071365  -0.00339767
 -0.01122407   0.00245568    -0.01071365  -0.00339767    -0.02148759   0.00225830
    2    4
 -0.00930810  -0.02038413     0.00312075   0.00869228    -0.00572031  -0.00447666
 -0.00202656  -0.02233106     0.01011604  -0.01472754    -0.00552007   0.00692939
 -0.01069400  -0.00769930    -0.00451088   0.00479838    -0.00538910  -0.01125137
    2    5
 -0.01293745  -0.00212466     0.03195386  -0.00690860     0.00486347  -0.00279523
  0.02951603  -0.00758876    -0.01519155   0.00357351    -0.01067050   0.00998930
  0.00709272  -0.01278610    -0.00542868   0.00171405    -0.00078584  -0.01906816
    2    6
 -0.02088230   0.01489597    -0.00314949   0.00854579    -0.00643718   0.00643718
 -0.00959819  -0.00189048    -0.00588452   0.00588452     0.00854579  -0.00314949
 -0.02040551   0.02040551    -0.00189048  -0.00959819    -0.01489597   0.02088230
    2    7
 -0.01132499   0.00441391     0.00451852  -0.00971128     0.02845035   0.00276256
  0.00725024   0.00703589    -0.01361449   0.01733998    -0.00451852   0.00971128
  0.03255075   0.00999567    -0.00725024  -0.00703589    -0.01132499   0.00441391
    3    1
  0.00397538  -0.01164438     0.00574812   0.00608869    -0.00506739   0.00279372
 -0.00925524   0.00591789    -0.00191517  -0.00526455     0.00734562  -0.00477752
 -0.00535074  -0.01015713     0.00479436   0.00488712    -0.00283894   0.00701898
    3    2
  0.01583125  -0.00266667    -0.00327105   0.00795001    -0.01122407  -0.00245568
 -0.00327105   0.00795001    -0.01189878   0.01600362    -0.01071365   0.00339767
 -0.01122407  -0.00245568    -0.01071365   0.00339767    -0.02148759  -0.00225830
    3    3
  0.05983874   0.00000000    -0.00730914   0.00185473     0.00206234   0.00159411
 -0.00730914  -0.00185473     0.03909301  -0.00000000     0.00727699  -0.00280512
  0.00206234  -0.00159411     0.00727699   0.00280512     0.04930632  -0.00000000
    3    4
 -0.01293745   0.00212466     0.03195386   0.00690860     0.00486347   0.00279523
  0.02951603   0.00758876    -0.01519155  -0.00357351    -0.01067050  -0.00998930
  0.00709272   0.01278610    -0.00542868  -0.00171405    -0.00078584   0.01906816
    3    5
 -0.00930810   0.02038413     0.00312075  -0.00869228    -0.00572031   0.00447666
 -0.00202656   0.02233106     0.01011604   0.01472754    -0.00552007  -0.00692939
 -0.01069400   0.00769930    -0.00451088  -0.00479838    -0.00538910   0.01125137
    3    6
 -0.01132499  -0.00441391     0.00451852   0.00971128     0.02845035  -0.00276256
  0.00725024  -0.00703589    -0.01361449  -0.01733998    -0.00451852  -0.00971128
  0.03255075  -0.00999567    -0.00725024   0.00703589    -0.01132499  -0.00441391
    3    7
 -0.02088230  -0.01489597    -0.00314949  -0.00854579    -0.00643718  -0.00643718
 -0.00959819   0.00189048    -0.00588452  -0.00588452     0.00854579   0.00314949
 -0.02040551  -0.02040551    -0.00189048   0.00959819    -0.01489597  -0.02088230
    4    1
 -0.00266884   0.00695756    -0.00661469   0.00011319    -0.00045253  -0.00001865
  0.00716918  -0.01657412    -0.00538041   0.00538041    -0.01657412   0.00716918
  0.00001865   0.00045253     0.00011319  -0.00661469    -0.00695756   0.00266884
    4    2
 -0.00930810   0.02038413    -0.00202656   0.02233106    -0.01069400   0.00769930
  0.00312075  -0.00869228     0.01011604   0.01472754    -0.00451088  -0.00479838
 -0.00572031   0.00447666    -0.00552007  -0.00692939    -0.00538910   0.01125137
    4    3
 -0.01293745  -0.00212466     0.02951603  -0.00758876     0.00709272  -0.01278610
  0.03195386  -0.00690860    -0.01519155   0.00357351    -0.00542868   0.00171405
  0.00486347  -0.00279523    -0.01067050   0.00998930    -0.00078584  -0.01906816
    4    4
  0.04461902   0.00000000    -0.00558737  -0.00073297    -0.00465115  -0.00148729
 -0.00558737   0.00073297     0.04785175  -0.00000000     0.00558737   0.00073297
 -0.00465115   0.00148729     0.00558737  -0.00073297     0.04461902  -0.00000000
    4    5
  0.01059079   0.01564512     0.00098883   0.00833083    -0.00668383  -0.00668383
  0.00098883   0.00833083    -0.01693965  -0.01693965    -0.00833083  -0.00098883
 -0.00668383  -0.00668383    -0.00833083  -0.00098883     0.01564512   0.01059079
    4    6
  0.00078584  -0.01906816    -0.01067050  -0.00998930    -0.00486347  -0.00279523
 -0.00542868  -0.00171405     0.01519155   0.00357351     0.03195386   0.00690860
 -0.00709272  -0.01278610     0.02951603   0.00758876     0.01293745  -0.00212466
    4    7
 -0.01125137   0.00538910    -0.00692939  -0.00552007    -0.00447666   0.00572031
 -0.00479838  -0.00451088    -0.01472754  -0.01011604    -0.00869228   0.00312075
 -0.00769930   0.01069400     0.02233106  -0.00202656    -0.02038413   0.00930810
    5    1
  0.00303259  -0.00680690    -0.00459726  -0.00475733    -0.00033318  -0.00030679
 -0.00665030   0.01678905     0.00000000  -0.00760904    -0.00665030  -0.01678905
  0.00033318  -0.00030679    -0.00459726   0.00475733    -0.00303259  -0.00680690
    5    2
 -0.01293745   0.00212466     0.02951603   0.00758876     0.00709272   0.01278610
  0.03195386   0.00690860    -0.01519155  -0.00357351    -0.00542868  -0.00171405
  0.00486347   0.00279523    -0.01067050  -0.00998930    -0.00078584   0.01906816
    5    3
 -0.00930810  -0.02038413    -0.00202656  -0.02233106    -0.01069400  -0.00769930
  0.00312075   0.00869228     0.01011604  -0.01472754    -0.00451088   0.00479838
 -0.00572031  -0.00447666    -0.00552007   0.00692939    -0.00538910  -0.01125137
    5    4
  0.01059079  -0.01564512     0.00098883  -0.00833083    -0.00668383   0.00668383
  0.00098883  -0.00833083    -0.01693965   0.01693965    -0.00833083   0.00098883
 -0.00668383   0.00668383    -0.00833083   0.00098883     0.01564512  -0.01059079
    5    5
  0.04461902  -0.00000000    -0.00558737   0.00073297    -0.00465115   0.00148729
 -0.00558737  -0.00073297     0.04785175   0.00000000     0.00558737  -0.00073297
 -0.00465115  -0.00148729     0.00558737   0.00073297     0.04461902   0.00000000
    5    6
 -0.01125137  -0.00538910    -0.00692939   0.00552007    -0.00447666  -0.00572031
 -0.00479838   0.00451088    -0.01472754   0.01011604    -0.00869228  -0.00312075
 -0.00769930  -0.01069400     0.02233106   0.00202656    -0.02038413  -0.00930810
    5    7
  0.00078584   0.01906816    -0.01067050   0.00998930    -0.00486347   0.00279523
 -0.00542868   0.00171405     0.01519155  -0.00357351     0.03195386  -0.00690860
 -0.00709272   0.01278610     0.02951603  -0.00758876     0.01293745   0.00212466
    6    1
  0.00701898  -0.00283894    -0.00488712  -0.00479436    -0.01015713  -0.00535074
  0.00477752  -0.00734562    -0.00526455  -0.00191517    -0.00591789   0.00925524
  0.00279372  -0.00506739    -0.00608869  -0.00574812    -0.01164438   0.00397538
    6    2
 -0.02088230  -0.01489597    -0.00959819   0.00189048    -0.02040551  -0.02040551
 -0.00314949  -0.00854579    -0.00588452  -0.00588452    -0.00189048   0.00959819
 -0.00643718  -0.00643718     0.00854579   0.00314949    -0.01489597  -0.02088230
    6    3
 -0.01132499   0.00441391     0.00725024   0.00703589     0.03255075   0.00999567
  0.00451852  -0.00971128    -0.01361449   0.01733998    -0.00725024  -0.00703589
  0.02845035   0.00276256    -0.00451852   0.00971128    -0.01132499   0.00441391
    6    4
  0.00078584   0.01906816    -0.00542868   0.00171405    -0.00709272   0.01278610
 -0.01067050   0.00998930     0.01519155  -0.00357351     0.02951603  -0.00758876
 -0.00486347   0.00279523     0.03195386  -0.00690860     0.01293745   0.00212466
    6    5
 -0.01125137   0.00538910    -0.00479838  -0.00451088    -0.00769930   0.01069400
 -0.00692939  -0.00552007    -0.01472754  -0.01011604     0.02233106  -0.00202656
 -0.00447666   0.00572031    -0.00869228   0.00312075    -0.02038413   0.00930810
    6    6
  0.04930632  -0.00000000    -0.00727699   0.00280512     0.00206234   0.00159411
 -0.00727699  -0.00280512     0.03909301   0.00000000     0.00730914  -0.00185473
  0.00206234  -0.00159411     0.00730914   0.00185473     0.05983874   0.00000000
    6    7
 -0.00225830  -0.02148759    -0.00339767   0.01071365    -0.00245568  -0.01122407
 -0.00339767   0.01071365     0.01600362  -0.01189878    -0.00795001   0.00327105
 -0.00245568  -0.01122407    -0.00795001   0.00327105    -0.00266667   0.01583125
    7    1
  0.00295573   0.00697060    -0.00684584  -0.00006559    -0.01096572  -0.00339863
 -0.00181592   0.00857236    -0.00507683  -0.00236837     0.00235987  -0.01072902
 -0.00160772   0.00555865    -0.00836989  -0.00024082    -0.00542281  -0.01104484
    7    2
 -0.01132499  -0.00441391     0.00725024  -0.00703589     0.03255075  -0.00999567
  0.00451852   0.00971128    -0.01361449  -0.01733998    -0.00725024   0.00703589
  0.02845035  -0.00276256    -0.00451852  -0.00971128    -0.01132499  -0.00441391
    7    3
 -0.02088230   0.01489597    -0.00959819  -0.00189048    -0.02040551   0.02040551
 -0.00314949   0.00854579    -0.00588452   0.00588452    -0.00189048  -0.00959819
 -0.00643718   0.00643718     0.00854579  -0.00314949    -0.01489597   0.02088230
    7    4
 -0.01125137  -0.00538910    -0.00479838   0.00451088    -0.00769930  -0.01069400
 -0.00692939   0.00552007    -0.01472754   0.01011604     0.02233106   0.00202656
 -0.00447666  -0.00572031    -0.00869228  -0.00312075    -0.02038413  -0.00930810
    7    5
  0.00078584  -0.01906816    -0.00542868  -0.00171405    -0.00709272  -0.01278610
 -0.01067050  -0.00998930     0.01519155   0.00357351     0.02951603   0.00758876
 -0.00486347  -0.00279523     0.03195386   0.00690860     0.01293745  -0.00212466
    7    6
 -0.00225830   0.02148759    -0.00339767  -0.01071365    -0.00245568   0.01122407
 -0.00339767  -0.01071365     0.01600362   0.01189878    -0.00795001  -0.00327105
 -0.00245568   0.01122407    -0.00795001  -0.00327105    -0.00266667  -0.01583125
    7    7
  0.04930632   0.00000000    -0.00727699  -0.00280512     0.00206234  -0.00159411
 -0.00727699   0.00280512     0.03909301  -0.00000000     0.00730914   0.00185473
  0.00206234   0.00159411     0.00730914  -0.00185473     0.05983874  -0.00000000

     Dynamical  Matrix in cartesian axes

     q = (    0.324759526   0.216506351   0.324759526 ) 

    1    1
  0.06383113   0.00000000     0.00403246   0.00000000     0.00741335   0.00000000
  0.00403246   0.00000000     0.03814133   0.00000000     0.00403246   0.00000000
  0.00741335   0.00000000     0.00403246   0.00000000     0.06383113   0.00000000
    1    2
  0.01164438  -0.00397538     0.00591789  -0.00925524    -0.01015713  -0.00535074
  0.00608869   0.00574812     0.00526455   0.00191517    -0.00488712  -0.00479436
  0.00279372  -0.00506739     0.00477752  -0.00734562    -0.00701898   0.00283894
    1    3
 -0.01164438  -0.00397538    -0.00591789  -0.00925524     0.01015713  -0.00535074
 -0.00608869   0.00574812    -0.00526455   0.00191517     0.00488712  -0.00479436
 -0.00279372  -0.00506739    -0.00477752  -0.00734562     0.00701898   0.00283894
    1    4
 -0.00303259   0.00680690    -0.00665030   0.01678905     0.00033318  -0.00030679
 -0.00459726  -0.00475733    -0.00000000   0.00760904     0.00459726  -0.00475733
 -0.00033318  -0.00030679     0.00665030   0.01678905     0.00303259   0.00680690
    1    5
  0.00303259   0.00680690     0.00665030   0.01678905    -0.00033318  -0.00030679
  0.00459726  -0.00475733    -0.00000000   0.00760904    -0.00459726  -0.00475733
  0.00033318  -0.00030679    -0.00665030   0.01678905    -0.00303259   0.00680690
    1    6
  0.00701898   0.00283894    -0.00477752  -0.00734562    -0.00279372  -0.00506739
  0.00488712  -0.00479436    -0.00526455   0.00191517    -0.00608869   0.00574812
  0.01015713  -0.00535074    -0.00591789  -0.00925524    -0.01164438  -0.00397538
    1    7
 -0.00701898   0.00283894     0.00477752  -0.00734562     0.00279372  -0.00506739
 -0.00488712  -0.00479436     0.00526455   0.00191517     0.00608869   0.00574812
 -0.01015713  -0.00535074     0.00591789  -0.00925524     0.01164438  -0.00397538
    2    1
  0.01164438   0.00397538     0.00608869  -0.00574812     0.00279372   0.00506739
  0.00591789   0.00925524     0.00526455  -0.00191517     0.00477752   0.00734562
 -0.01015713   0.00535074    -0.00488712   0.00479436    -0.00701898  -0.00283894
    2    2
  0.05983874   0.00000000     0.00730914  -0.00185473    -0.00206234  -0.00159411
  0.00730914   0.00185473     0.03909301   0.00000000     0.00727699  -0.00280512
 -0.00206234   0.00159411     0.00727699   0.00280512     0.04930632   0.00000000
    2    3
  0.01308000   0.00930877     0.00793449  -0.00330852     0.00620019   0.00967304
  0.00793449  -0.00330852    -0.01972998   0.00290256    -0.00997821  -0.00517318
  0.00620019   0.00967304    -0.00997821  -0.00517318    -0.01359716  -0.01679088
    2    4
 -0.00764580   0.01065052    -0.02747991   0.01770968    -0.00541552   0.00146247
 -0.02623705   0.01550492    -0.01326890   0.00821519    -0.01460868   0.00048168
 -0.01405644  -0.00402583    -0.00505068   0.00262664     0.01292756   0.01403890
    2    5
 -0.02038413  -0.00930810    -0.00869228  -0.00312075     0.00447666   0.00572031
  0.02233106   0.00202656    -0.01472754   0.01011604     0.00692939  -0.00552007
  0.00769930   0.01069400     0.00479838  -0.00451088    -0.01125137  -0.00538910
    2    6
  0.00441391  -0.01132499     0.00971128  -0.00451852    -0.00276256  -0.02845035
 -0.00703589  -0.00725024     0.01733998  -0.01361449     0.00971128  -0.00451852
 -0.00999567  -0.03255075    -0.00703589  -0.00725024     0.00441391  -0.01132499
    2    7
 -0.02529906   0.00423297     0.00826981   0.00381576     0.00910354   0.00000000
  0.00545018  -0.00812372    -0.00832197  -0.00000000     0.00826981  -0.00381576
  0.02885774   0.00000000     0.00545018   0.00812372    -0.02529906  -0.00423297
    3    1
 -0.01164438   0.00397538    -0.00608869  -0.00574812    -0.00279372   0.00506739
 -0.00591789   0.00925524    -0.00526455  -0.00191517    -0.00477752   0.00734562
  0.01015713   0.00535074     0.00488712   0.00479436     0.00701898  -0.00283894
    3    2
  0.01308000  -0.00930877     0.00793449   0.00330852     0.00620019  -0.00967304
  0.00793449   0.00330852    -0.01972998  -0.00290256    -0.00997821   0.00517318
  0.00620019  -0.00967304    -0.00997821   0.00517318    -0.01359716   0.01679088
    3    3
  0.05983874  -0.00000000     0.00730914   0.00185473    -0.00206234   0.00159411
  0.00730914  -0.00185473     0.03909301  -0.00000000     0.00727699   0.00280512
 -0.00206234  -0.00159411     0.00727699  -0.00280512     0.04930632  -0.00000000
    3    4
 -0.02038413   0.00930810    -0.00869228   0.00312075     0.00447666  -0.00572031
  0.02233106  -0.00202656    -0.01472754  -0.01011604     0.00692939   0.00552007
  0.00769930  -0.01069400     0.00479838   0.00451088    -0.01125137   0.00538910
    3    5
 -0.00764580  -0.01065052    -0.02747991  -0.01770968    -0.00541552  -0.00146247
 -0.02623705  -0.01550492    -0.01326890  -0.00821519    -0.01460868  -0.00048168
 -0.01405644   0.00402583    -0.00505068  -0.00262664     0.01292756  -0.01403890
    3    6
 -0.02529906  -0.00423297     0.00826981  -0.00381576     0.00910354  -0.00000000
  0.00545018   0.00812372    -0.00832197   0.00000000     0.00826981   0.00381576
  0.02885774  -0.00000000     0.00545018  -0.00812372    -0.02529906   0.00423297
    3    7
  0.00441391   0.01132499     0.00971128   0.00451852    -0.00276256   0.02845035
 -0.00703589   0.00725024     0.01733998   0.01361449     0.00971128   0.00451852
 -0.00999567   0.03255075    -0.00703589   0.00725024     0.00441391   0.01132499
    4    1
 -0.00303259  -0.00680690    -0.00459726   0.00475733    -0.00033318   0.00030679
 -0.00665030  -0.01678905    -0.00000000  -0.00760904     0.00665030  -0.01678905
  0.00033318   0.00030679     0.00459726   0.00475733     0.00303259  -0.00680690
    4    2
 -0.00764580  -0.01065052    -0.02623705  -0.01550492    -0.01405644   0.00402583
 -0.02747991  -0.01770968    -0.01326890  -0.00821519    -0.00505068  -0.00262664
 -0.00541552  -0.00146247    -0.01460868  -0.00048168     0.01292756  -0.01403890
    4    3
 -0.02038413  -0.00930810     0.02233106   0.00202656     0.00769930   0.01069400
 -0.00869228  -0.00312075    -0.01472754   0.01011604     0.00479838  -0.00451088
  0.00447666   0.00572031     0.00692939  -0.00552007    -0.01125137  -0.00538910
    4    4
  0.04461902   0.00000000     0.00558737   0.00073297     0.00465115   0.00148729
  0.00558737  -0.00073297     0.04785175  -0.00000000     0.00558737   0.00073297
  0.00465115  -0.00148729     0.00558737  -0.00073297     0.04461902  -0.00000000
    4    5
 -0.01855159  -0.00357395     0.00658999   0.00519157    -0.00945236  -0.00000000
  0.00658999   0.00519157     0.02395628   0.00000000     0.00658999  -0.00519157
 -0.00945236   0.00000000     0.00658999  -0.00519157    -0.01855159   0.00357395
    4    6
  0.01292756   0.01403890    -0.01460868   0.00048168    -0.00541552   0.00146247
 -0.00505068   0.00262664    -0.01326890   0.00821519    -0.02747991   0.01770968
 -0.01405644  -0.00402583    -0.02623705   0.01550492    -0.00764580   0.01065052
    4    7
 -0.01125137   0.00538910     0.00692939   0.00552007     0.00447666  -0.00572031
  0.00479838   0.00451088    -0.01472754  -0.01011604    -0.00869228   0.00312075
  0.00769930  -0.01069400     0.02233106  -0.00202656    -0.02038413   0.00930810
    5    1
  0.00303259  -0.00680690     0.00459726   0.00475733     0.00033318   0.00030679
  0.00665030  -0.01678905     0.00000000  -0.00760904    -0.00665030  -0.01678905
 -0.00033318   0.00030679    -0.00459726   0.00475733    -0.00303259  -0.00680690
    5    2
 -0.02038413   0.00930810     0.02233106  -0.00202656     0.00769930  -0.01069400
 -0.00869228   0.00312075    -0.01472754  -0.01011604     0.00479838   0.00451088
  0.00447666  -0.00572031     0.00692939   0.00552007    -0.01125137   0.00538910
    5    3
 -0.00764580   0.01065052    -0.02623705   0.01550492    -0.01405644  -0.00402583
 -0.02747991   0.01770968    -0.01326890   0.00821519    -0.00505068   0.00262664
 -0.00541552   0.00146247    -0.01460868   0.00048168     0.01292756   0.01403890
    5    4
 -0.01855159   0.00357395     0.00658999  -0.00519157    -0.00945236   0.00000000
  0.00658999  -0.00519157     0.02395628   0.00000000     0.00658999   0.00519157
 -0.00945236   0.00000000     0.00658999   0.00519157    -0.01855159  -0.00357395
    5    5
  0.04461902  -0.00000000     0.00558737  -0.00073297     0.00465115  -0.00148729
  0.00558737   0.00073297     0.04785175   0.00000000     0.00558737  -0.00073297
  0.00465115   0.00148729     0.00558737   0.00073297     0.04461902   0.00000000
    5    6
 -0.01125137  -0.00538910     0.00692939  -0.00552007     0.00447666   0.00572031
  0.00479838  -0.00451088    -0.01472754   0.01011604    -0.00869228  -0.00312075
  0.00769930   0.01069400     0.02233106   0.00202656    -0.02038413  -0.00930810
    5    7
  0.01292756  -0.01403890    -0.01460868  -0.00048168    -0.00541552  -0.00146247
 -0.00505068  -0.00262664    -0.01326890  -0.00821519    -0.02747991  -0.01770968
 -0.01405644   0.00402583    -0.02623705  -0.01550492    -0.00764580  -0.01065052
    6    1
  0.00701898  -0.00283894     0.00488712   0.00479436     0.01015713   0.00535074
 -0.00477752   0.00734562    -0.00526455  -0.00191517    -0.00591789   0.00925524
 -0.00279372   0.00506739    -0.00608869  -0.00574812    -0.01164438   0.00397538
    6    2
  0.00441391   0.01132499    -0.00703589   0.00725024    -0.00999567   0.03255075
  0.00971128   0.00451852     0.01733998   0.01361449    -0.00703589   0.00725024
 -0.00276256   0.02845035     0.00971128   0.00451852     0.00441391   0.01132499
    6    3
 -0.02529906   0.00423297     0.00545018  -0.00812372     0.02885774   0.00000000
  0.00826981   0.00381576    -0.00832197  -0.00000000     0.00545018   0.00812372
  0.00910354   0.00000000     0.00826981  -0.00381576    -0.02529906  -0.00423297
    6    4
  0.01292756  -0.01403890    -0.00505068  -0.00262664    -0.01405644   0.00402583
 -0.01460868  -0.00048168    -0.01326890  -0.00821519    -0.02623705  -0.01550492
 -0.00541552  -0.00146247    -0.02747991  -0.01770968    -0.00764580  -0.01065052
    6    5
 -0.01125137   0.00538910     0.00479838   0.00451088     0.00769930  -0.01069400
  0.00692939   0.00552007    -0.01472754  -0.01011604     0.02233106  -0.00202656
  0.00447666  -0.00572031    -0.00869228   0.00312075    -0.02038413   0.00930810
    6    6
  0.04930632  -0.00000000     0.00727699  -0.00280512    -0.00206234  -0.00159411
  0.00727699   0.00280512     0.03909301  -0.00000000     0.00730914  -0.00185473
 -0.00206234   0.00159411     0.00730914   0.00185473     0.05983874  -0.00000000
    6    7
 -0.01359716   0.01679088    -0.00997821   0.00517318     0.00620019  -0.00967304
 -0.00997821   0.00517318    -0.01972998  -0.00290256     0.00793449   0.00330852
  0.00620019  -0.00967304     0.00793449   0.00330852     0.01308000  -0.00930877
    7    1
 -0.00701898  -0.00283894    -0.00488712   0.00479436    -0.01015713   0.00535074
  0.00477752   0.00734562     0.00526455  -0.00191517     0.00591789   0.00925524
  0.00279372   0.00506739     0.00608869  -0.00574812     0.01164438   0.00397538
    7    2
 -0.02529906  -0.00423297     0.00545018   0.00812372     0.02885774  -0.00000000
  0.00826981  -0.00381576    -0.00832197   0.00000000     0.00545018  -0.00812372
  0.00910354  -0.00000000     0.00826981   0.00381576    -0.02529906   0.00423297
    7    3
  0.00441391  -0.01132499    -0.00703589  -0.00725024    -0.00999567  -0.03255075
  0.00971128  -0.00451852     0.01733998  -0.01361449    -0.00703589  -0.00725024
 -0.00276256  -0.02845035     0.00971128  -0.00451852     0.00441391  -0.01132499
    7    4
 -0.01125137  -0.00538910     0.00479838  -0.00451088     0.00769930   0.01069400
  0.00692939  -0.00552007    -0.01472754   0.01011604     0.02233106   0.00202656
  0.00447666   0.00572031    -0.00869228  -0.00312075    -0.02038413  -0.00930810
    7    5
  0.01292756   0.01403890    -0.00505068   0.00262664    -0.01405644  -0.00402583
 -0.01460868   0.00048168    -0.01326890   0.00821519    -0.02623705   0.01550492
 -0.00541552   0.00146247    -0.02747991   0.01770968    -0.00764580   0.01065052
    7    6
 -0.01359716  -0.01679088    -0.00997821  -0.00517318     0.00620019   0.00967304
 -0.00997821  -0.00517318    -0.01972998   0.00290256     0.00793449  -0.00330852
  0.00620019   0.00967304     0.00793449  -0.00330852     0.01308000   0.00930877
    7    7
  0.04930632   0.00000000     0.00727699   0.00280512    -0.00206234   0.00159411
  0.00727699  -0.00280512     0.03909301   0.00000000     0.00730914   0.00185473
 -0.00206234  -0.00159411     0.00730914  -0.00185473     0.05983874   0.00000000

     Dynamical  Matrix in cartesian axes

     q = (    0.324759526  -0.324759526   0.216506351 ) 

    1    1
  0.06383113   0.00000000    -0.00741335   0.00000000     0.00403246   0.00000000
 -0.00741335   0.00000000     0.06383113   0.00000000    -0.00403246   0.00000000
  0.00403246   0.00000000    -0.00403246   0.00000000     0.03814133   0.00000000
    1    2
 -0.01164438  -0.00397538    -0.01015713   0.00535074    -0.00591789  -0.00925524
  0.00279372   0.00506739     0.00701898   0.00283894     0.00477752   0.00734562
 -0.00608869   0.00574812    -0.00488712   0.00479436    -0.00526455   0.00191517
    1    3
 -0.00542281   0.01104484    -0.01096572   0.00339863     0.00235987   0.01072902
 -0.00160772  -0.00555865     0.00295573  -0.00697060    -0.00181592  -0.00857236
 -0.00836989   0.00024082    -0.00684584   0.00006559    -0.00507683   0.00236837
    1    4
  0.00295573   0.00697060    -0.00160772   0.00555865     0.00181592  -0.00857236
 -0.01096572  -0.00339863    -0.00542281  -0.01104484    -0.00235987   0.01072902
  0.00684584   0.00006559     0.00836989   0.00024082    -0.00507683  -0.00236837
    1    5
 -0.00283894  -0.00701898    -0.00506739  -0.00279372     0.00734562   0.00477752
 -0.00535074   0.01015713     0.00397538   0.01164438    -0.00925524  -0.00591789
  0.00479436  -0.00488712     0.00574812  -0.00608869    -0.00191517   0.00526455
    1    6
 -0.00695756  -0.00266884    -0.00045253   0.00001865    -0.01657412  -0.00716918
  0.00001865  -0.00045253    -0.00266884  -0.00695756     0.00716918   0.01657412
  0.00011319   0.00661469    -0.00661469  -0.00011319    -0.00538041  -0.00538041
    1    7
 -0.00303259   0.00680690    -0.00033318   0.00030679    -0.00665030   0.01678905
  0.00033318   0.00030679     0.00303259   0.00680690    -0.00665030  -0.01678905
