  2.500000000000000E-002   1.26011648066226        2.33218954087644     
           2

     Dynamical  Matrix in cartesian axes

     q = (    0.433012700   0.433012700   0.433012700 ) 

    1    1
  0.05117419   0.00000000     0.00000000   0.00000000     0.00000000   0.00000000
  0.00000000   0.00000000     0.05117419   0.00000000     0.00000000   0.00000000
  0.00000000   0.00000000     0.00000000   0.00000000     0.05117419   0.00000000
    1    2
  0.00000000  -0.00000000     0.00000000  -0.00580420    -0.00580420  -0.00000000
 -0.00000000   0.00178918    -0.00000000   0.00000000     0.00000000  -0.00000000
  0.00178918   0.00000000     0.00000000  -0.00000000    -0.00000000   0.00000000
    1    3
  0.00000000  -0.00000000    -0.00580420  -0.00000000     0.00000000  -0.00580420
  0.00178918   0.00000000     0.00000000   0.00000000     0.00000000  -0.00000000
 -0.00000000   0.00178918     0.00000000   0.00000000    -0.00000000   0.00000000
    1    4
 -0.00000000   0.00000000     0.00178918   0.00000000     0.00000000  -0.00000000
 -0.00580420  -0.00000000     0.00000000  -0.00000000     0.00000000  -0.00580420
  0.00000000   0.00000000    -0.00000000   0.00178918    -0.00000000   0.00000000
    1    5
 -0.00000000   0.00000000    -0.00000000   0.00178918     0.00000000  -0.00000000
  0.00000000  -0.00580420     0.00000000  -0.00000000    -0.00580420  -0.00000000
  0.00000000  -0.00000000     0.00178918   0.00000000    -0.00000000   0.00000000
    1    6
 -0.00000000   0.00000000     0.00000000  -0.00000000    -0.00000000   0.00178918
  0.00000000   0.00000000     0.00000000   0.00000000     0.00178918   0.00000000
  0.00000000  -0.00580420    -0.00580420  -0.00000000     0.00000000  -0.00000000
    1    7
  0.00000000   0.00000000     0.00000000   0.00000000     0.00178918   0.00000000
  0.00000000   0.00000000     0.00000000   0.00000000    -0.00000000   0.00178918
 -0.00580420  -0.00000000     0.00000000  -0.00580420     0.00000000  -0.00000000
    2    1
  0.00000000   0.00000000    -0.00000000  -0.00178918     0.00178918  -0.00000000
  0.00000000   0.00580420     0.00000000  -0.00000000     0.00000000   0.00000000
 -0.00580420   0.00000000     0.00000000   0.00000000    -0.00000000  -0.00000000
    2    2
  0.06297319  -0.00000000    -0.00000000   0.00000000    -0.00000000   0.00000000
 -0.00000000   0.00000000     0.05862706   0.00000000    -0.00000000   0.00494465
 -0.00000000   0.00000000    -0.00000000  -0.00494465     0.05862706   0.00000000
    2    3
 -0.00000000  -0.00000000    -0.00000000   0.00000000    -0.00000000  -0.00000000
 -0.00000000   0.00000000     0.00000000   0.02667663    -0.00461920   0.00000000
 -0.00000000  -0.00000000    -0.00461920   0.00000000    -0.00000000  -0.02667663
    2    4
 -0.00000000   0.01533498     0.00000000   0.02739956    -0.00761481  -0.00000000
 -0.00000000   0.04046760    -0.00000000   0.01533498    -0.00808637  -0.00000000
 -0.00808637  -0.00000000    -0.00761481  -0.00000000    -0.00000000   0.01418704
    2    5
 -0.01533498  -0.00000000     0.02739956  -0.00000000    -0.00000000   0.00761481
  0.04046760  -0.00000000    -0.01533498  -0.00000000     0.00000000  -0.00808637
  0.00000000   0.00808637    -0.00000000  -0.00761481    -0.01418704   0.00000000
    2    6
 -0.00000000  -0.01533498    -0.00761481   0.00000000     0.00000000  -0.02739956
 -0.00808637   0.00000000    -0.00000000  -0.01418704    -0.00761481   0.00000000
 -0.00000000  -0.04046760    -0.00808637   0.00000000    -0.00000000  -0.01533498
    2    7
 -0.01533498   0.00000000    -0.00000000  -0.00761481     0.02739956   0.00000000
 -0.00000000  -0.00808637    -0.01418704  -0.00000000     0.00000000   0.00761481
  0.04046760  -0.00000000     0.00000000   0.00808637    -0.01533498  -0.00000000
    3    1
  0.00000000   0.00000000     0.00178918  -0.00000000    -0.00000000  -0.00178918
 -0.00580420   0.00000000     0.00000000  -0.00000000     0.00000000  -0.00000000
  0.00000000   0.00580420     0.00000000   0.00000000    -0.00000000  -0.00000000
    3    2
 -0.00000000   0.00000000    -0.00000000  -0.00000000    -0.00000000   0.00000000
 -0.00000000  -0.00000000     0.00000000  -0.02667663    -0.00461920  -0.00000000
 -0.00000000   0.00000000    -0.00461920  -0.00000000    -0.00000000   0.02667663
    3    3
  0.06297319   0.00000000    -0.00000000  -0.00000000    -0.00000000  -0.00000000
 -0.00000000  -0.00000000     0.05862706  -0.00000000    -0.00000000  -0.00494465
 -0.00000000  -0.00000000    -0.00000000   0.00494465     0.05862706  -0.00000000
    3    4
 -0.01533498   0.00000000     0.02739956  -0.00000000    -0.00000000  -0.00761481
  0.04046760  -0.00000000    -0.01533498   0.00000000     0.00000000   0.00808637
 -0.00000000  -0.00808637    -0.00000000   0.00761481    -0.01418704   0.00000000
    3    5
 -0.00000000  -0.01533498     0.00000000  -0.02739956    -0.00761481   0.00000000
 -0.00000000  -0.04046760    -0.00000000  -0.01533498    -0.00808637   0.00000000
 -0.00808637   0.00000000    -0.00761481   0.00000000    -0.00000000  -0.01418704
    3    6
 -0.01533498  -0.00000000    -0.00000000   0.00761481     0.02739956   0.00000000
 -0.00000000   0.00808637    -0.01418704  -0.00000000     0.00000000  -0.00761481
  0.04046760   0.00000000     0.00000000  -0.00808637    -0.01533498   0.00000000
    3    7
 -0.00000000   0.01533498    -0.00761481  -0.00000000     0.00000000   0.02739956
 -0.00808637  -0.00000000    -0.00000000   0.01418704    -0.00761481  -0.00000000
 -0.00000000   0.04046760    -0.00808637  -0.00000000    -0.00000000   0.01533498
    4    1
  0.00000000  -0.00000000    -0.00580420   0.00000000     0.00000000   0.00000000
  0.00178918  -0.00000000     0.00000000   0.00000000    -0.00000000  -0.00178918
  0.00000000   0.00000000     0.00000000   0.00580420    -0.00000000  -0.00000000
    4    2
 -0.00000000  -0.01533498    -0.00000000  -0.04046760    -0.00808637   0.00000000
  0.00000000  -0.02739956    -0.00000000  -0.01533498    -0.00761481   0.00000000
 -0.00761481   0.00000000    -0.00808637   0.00000000    -0.00000000  -0.01418704
    4    3
 -0.01533498  -0.00000000     0.04046760   0.00000000     0.00000000   0.00808637
  0.02739956   0.00000000    -0.01533498  -0.00000000    -0.00000000  -0.00761481
 -0.00000000   0.00761481     0.00000000  -0.00808637    -0.01418704  -0.00000000
    4    4
  0.05862706  -0.00000000    -0.00000000   0.00000000    -0.00000000  -0.00494465
 -0.00000000  -0.00000000     0.06297319   0.00000000    -0.00000000  -0.00000000
 -0.00000000   0.00494465    -0.00000000   0.00000000     0.05862706   0.00000000
    4    5
  0.00000000  -0.02667663    -0.00000000  -0.00000000    -0.00461920  -0.00000000
 -0.00000000  -0.00000000     0.00000000   0.00000000    -0.00000000   0.00000000
 -0.00461920  -0.00000000    -0.00000000   0.00000000    -0.00000000   0.02667663
    4    6
 -0.00000000   0.01418704    -0.00808637  -0.00000000    -0.00761481  -0.00000000
 -0.00761481  -0.00000000    -0.00000000   0.01533498     0.00000000   0.02739956
 -0.00808637  -0.00000000    -0.00000000   0.04046760    -0.00000000   0.01533498
    4    7
 -0.01418704  -0.00000000    -0.00000000   0.00808637     0.00000000  -0.00761481
 -0.00000000   0.00761481    -0.01533498  -0.00000000     0.02739956   0.00000000
  0.00000000  -0.00808637     0.04046760   0.00000000    -0.01533498  -0.00000000
    5    1
  0.00000000  -0.00000000     0.00000000   0.00580420     0.00000000   0.00000000
 -0.00000000  -0.00178918     0.00000000   0.00000000     0.00178918  -0.00000000
  0.00000000   0.00000000    -0.00580420   0.00000000     0.00000000  -0.00000000
    5    2
 -0.01533498   0.00000000     0.04046760   0.00000000     0.00000000  -0.00808637
  0.02739956  -0.00000000    -0.01533498  -0.00000000    -0.00000000   0.00761481
 -0.00000000  -0.00761481     0.00000000   0.00808637    -0.01418704   0.00000000
    5    3
 -0.00000000   0.01533498    -0.00000000   0.04046760    -0.00808637  -0.00000000
  0.00000000   0.02739956    -0.00000000   0.01533498    -0.00761481  -0.00000000
 -0.00761481  -0.00000000    -0.00808637  -0.00000000    -0.00000000   0.01418704
    5    4
  0.00000000   0.02667663    -0.00000000   0.00000000    -0.00461920   0.00000000
 -0.00000000   0.00000000     0.00000000  -0.00000000    -0.00000000  -0.00000000
 -0.00461920   0.00000000    -0.00000000  -0.00000000    -0.00000000  -0.02667663
    5    5
  0.05862706   0.00000000    -0.00000000  -0.00000000    -0.00000000   0.00494465
 -0.00000000   0.00000000     0.06297319  -0.00000000    -0.00000000   0.00000000
 -0.00000000  -0.00494465    -0.00000000  -0.00000000     0.05862706  -0.00000000
    5    6
 -0.01418704   0.00000000    -0.00000000  -0.00808637    -0.00000000   0.00761481
 -0.00000000  -0.00761481    -0.01533498   0.00000000     0.02739956  -0.00000000
 -0.00000000   0.00808637     0.04046760  -0.00000000    -0.01533498   0.00000000
    5    7
 -0.00000000  -0.01418704    -0.00808637   0.00000000    -0.00761481   0.00000000
 -0.00761481   0.00000000    -0.00000000  -0.01533498     0.00000000  -0.02739956
 -0.00808637   0.00000000    -0.00000000  -0.04046760    -0.00000000  -0.01533498
    6    1
  0.00000000  -0.00000000     0.00000000   0.00000000     0.00000000   0.00580420
  0.00000000   0.00000000     0.00000000  -0.00000000    -0.00580420   0.00000000
 -0.00000000  -0.00178918     0.00178918  -0.00000000     0.00000000   0.00000000
    6    2
 -0.00000000   0.01533498    -0.00808637  -0.00000000    -0.00000000   0.04046760
 -0.00761481  -0.00000000    -0.00000000   0.01418704    -0.00808637  -0.00000000
  0.00000000   0.02739956    -0.00761481  -0.00000000    -0.00000000   0.01533498
    6    3
 -0.01533498   0.00000000    -0.00000000  -0.00808637     0.04046760  -0.00000000
 -0.00000000  -0.00761481    -0.01418704   0.00000000     0.00000000   0.00808637
  0.02739956  -0.00000000     0.00000000   0.00761481    -0.01533498   0.00000000
    6    4
 -0.00000000  -0.01418704    -0.00761481   0.00000000    -0.00808637   0.00000000
 -0.00808637   0.00000000    -0.00000000  -0.01533498    -0.00000000  -0.04046760
 -0.00761481   0.00000000     0.00000000  -0.02739956    -0.00000000  -0.01533498
    6    5
 -0.01418704   0.00000000    -0.00000000   0.00761481    -0.00000000  -0.00808637
 -0.00000000   0.00808637    -0.01533498   0.00000000     0.04046760   0.00000000
  0.00000000  -0.00761481     0.02739956   0.00000000    -0.01533498   0.00000000
    6    6
  0.05862706  -0.00000000    -0.00000000   0.00494465    -0.00000000   0.00000000
 -0.00000000  -0.00494465     0.05862706  -0.00000000    -0.00000000   0.00000000
 -0.00000000  -0.00000000    -0.00000000  -0.00000000     0.06297319   0.00000000
    6    7
  0.00000000   0.02667663    -0.00461920  -0.00000000    -0.00000000   0.00000000
 -0.00461920   0.00000000     0.00000000  -0.02667663    -0.00000000  -0.00000000
 -0.00000000   0.00000000    -0.00000000  -0.00000000    -0.00000000   0.00000000
    7    1
  0.00000000  -0.00000000     0.00000000   0.00000000    -0.00580420   0.00000000
  0.00000000  -0.00000000     0.00000000  -0.00000000     0.00000000   0.00580420
  0.00178918  -0.00000000    -0.00000000  -0.00178918     0.00000000   0.00000000
    7    2
 -0.01533498   0.00000000    -0.00000000   0.00808637     0.04046760   0.00000000
 -0.00000000   0.00761481    -0.01418704   0.00000000    -0.00000000  -0.00808637
  0.02739956  -0.00000000    -0.00000000  -0.00761481    -0.01533498  -0.00000000
    7    3
 -0.00000000  -0.01533498    -0.00808637   0.00000000    -0.00000000  -0.04046760
 -0.00761481   0.00000000    -0.00000000  -0.01418704    -0.00808637   0.00000000
  0.00000000  -0.02739956    -0.00761481   0.00000000    -0.00000000  -0.01533498
    7    4
 -0.01418704   0.00000000    -0.00000000  -0.00761481    -0.00000000   0.00808637
 -0.00000000  -0.00808637    -0.01533498   0.00000000     0.04046760  -0.00000000
 -0.00000000   0.00761481     0.02739956  -0.00000000    -0.01533498   0.00000000
    7    5
 -0.00000000   0.01418704    -0.00761481  -0.00000000    -0.00808637  -0.00000000
 -0.00808637  -0.00000000    -0.00000000   0.01533498    -0.00000000   0.04046760
 -0.00761481  -0.00000000     0.00000000   0.02739956    -0.00000000   0.01533498
    7    6
  0.00000000  -0.02667663    -0.00461920   0.00000000    -0.00000000  -0.00000000
 -0.00461920  -0.00000000     0.00000000   0.02667663    -0.00000000   0.00000000
 -0.00000000  -0.00000000    -0.00000000   0.00000000    -0.00000000  -0.00000000
    7    7
  0.05862706   0.00000000    -0.00000000  -0.00494465    -0.00000000   0.00000000
 -0.00000000   0.00494465     0.05862706   0.00000000    -0.00000000   0.00000000
 -0.00000000   0.00000000    -0.00000000   0.00000000     0.06297319  -0.00000000

     Dynamical  Matrix in cartesian axes

     q = (   -0.433012700  -0.433012700  -0.433012700 ) 

    1    1
  0.05117419   0.00000000     0.00000000   0.00000000     0.00000000   0.00000000
  0.00000000   0.00000000     0.05117419   0.00000000     0.00000000   0.00000000
  0.00000000   0.00000000     0.00000000   0.00000000     0.05117419   0.00000000
    1    2
 -0.00000000  -0.00000000     0.00000000   0.00580420    -0.00580420   0.00000000
  0.00000000  -0.00178918     0.00000000  -0.00000000     0.00000000  -0.00000000
  0.00178918  -0.00000000    -0.00000000  -0.00000000     0.00000000  -0.00000000
    1    3
 -0.00000000  -0.00000000    -0.00580420   0.00000000     0.00000000   0.00580420
  0.00178918  -0.00000000     0.00000000  -0.00000000     0.00000000  -0.00000000
 -0.00000000  -0.00178918    -0.00000000  -0.00000000     0.00000000  -0.00000000
    1    4
  0.00000000   0.00000000     0.00178918   0.00000000     0.00000000  -0.00000000
 -0.00580420  -0.00000000    -0.00000000  -0.00000000    -0.00000000   0.00580420
 -0.00000000  -0.00000000     0.00000000  -0.00178918     0.00000000   0.00000000
    1    5
  0.00000000  -0.00000000    -0.00000000  -0.00178918    -0.00000000  -0.00000000
  0.00000000   0.00580420    -0.00000000  -0.00000000    -0.00580420   0.00000000
 -0.00000000  -0.00000000     0.00178918  -0.00000000     0.00000000  -0.00000000
    1    6
  0.00000000  -0.00000000     0.00000000  -0.00000000    -0.00000000  -0.00178918
  0.00000000  -0.00000000     0.00000000   0.00000000     0.00178918  -0.00000000
  0.00000000   0.00580420    -0.00580420   0.00000000    -0.00000000   0.00000000
    1    7
  0.00000000   0.00000000     0.00000000  -0.00000000     0.00178918   0.00000000
  0.00000000  -0.00000000     0.00000000  -0.00000000     0.00000000  -0.00178918
 -0.00580420   0.00000000     0.00000000   0.00580420    -0.00000000   0.00000000
    2    1
 -0.00000000   0.00000000    -0.00000000   0.00178918     0.00178918   0.00000000
  0.00000000  -0.00580420     0.00000000   0.00000000     0.00000000   0.00000000
 -0.00580420  -0.00000000     0.00000000   0.00000000     0.00000000   0.00000000
    2    2
  0.06297319   0.00000000    -0.00000000  -0.00000000    -0.00000000  -0.00000000
  0.00000000   0.00000000     0.05862706  -0.00000000    -0.00000000  -0.00494465
 -0.00000000   0.00000000    -0.00000000   0.00494465     0.05862706  -0.00000000
    2    3
  0.00000000  -0.00000000    -0.00000000  -0.00000000    -0.00000000   0.00000000
 -0.00000000  -0.00000000     0.00000000  -0.02667663    -0.00461920  -0.00000000
 -0.00000000   0.00000000    -0.00461920  -0.00000000    -0.00000000   0.02667663
    2    4
 -0.00000000  -0.01533498     0.00000000  -0.02739956    -0.00761481   0.00000000
 -0.00000000  -0.04046760    -0.00000000  -0.01533498    -0.00808637   0.00000000
 -0.00808637   0.00000000    -0.00761481   0.00000000    -0.00000000  -0.01418704
    2    5
 -0.01533498  -0.00000000     0.02739956  -0.00000000     0.00000000  -0.00761481
  0.04046760  -0.00000000    -0.01533498  -0.00000000    -0.00000000   0.00808637
 -0.00000000  -0.00808637     0.00000000   0.00761481    -0.01418704   0.00000000
    2    6
 -0.00000000   0.01533498    -0.00761481  -0.00000000     0.00000000   0.02739956
 -0.00808637  -0.00000000    -0.00000000   0.01418704    -0.00761481  -0.00000000
 -0.00000000   0.04046760    -0.00808637  -0.00000000    -0.00000000   0.01533498
    2    7
 -0.01533498  -0.00000000    -0.00000000   0.00761481     0.02739956   0.00000000
 -0.00000000   0.00808637    -0.01418704  -0.00000000    -0.00000000  -0.00761481
  0.04046760   0.00000000    -0.00000000  -0.00808637    -0.01533498  -0.00000000
    3    1
 -0.00000000   0.00000000     0.00178918   0.00000000    -0.00000000   0.00178918
 -0.00580420  -0.00000000     0.00000000   0.00000000    -0.00000000   0.00000000
  0.00000000  -0.00580420     0.00000000   0.00000000     0.00000000   0.00000000
    3    2
  0.00000000   0.00000000    -0.00000000   0.00000000    -0.00000000  -0.00000000
 -0.00000000   0.00000000     0.00000000   0.02667663    -0.00461920   0.00000000
 -0.00000000  -0.00000000    -0.00461920   0.00000000    -0.00000000  -0.02667663
    3    3
  0.06297319  -0.00000000    -0.00000000   0.00000000    -0.00000000   0.00000000
  0.00000000  -0.00000000     0.05862706   0.00000000    -0.00000000   0.00494465
 -0.00000000  -0.00000000    -0.00000000  -0.00494465     0.05862706   0.00000000
    3    4
 -0.01533498  -0.00000000     0.02739956   0.00000000     0.00000000   0.00761481
  0.04046760   0.00000000    -0.01533498  -0.00000000    -0.00000000  -0.00808637
 -0.00000000   0.00808637     0.00000000  -0.00761481    -0.01418704  -0.00000000
    3    5
 -0.00000000   0.01533498     0.00000000   0.02739956    -0.00761481  -0.00000000
 -0.00000000   0.04046760    -0.00000000   0.01533498    -0.00808637  -0.00000000
 -0.00808637  -0.00000000    -0.00761481  -0.00000000    -0.00000000   0.01418704
    3    6
 -0.01533498  -0.00000000    -0.00000000  -0.00761481     0.02739956  -0.00000000
 -0.00000000  -0.00808637    -0.01418704   0.00000000    -0.00000000   0.00761481
  0.04046760  -0.00000000    -0.00000000   0.00808637    -0.01533498   0.00000000
    3    7
 -0.00000000  -0.01533498    -0.00761481   0.00000000     0.00000000  -0.02739956
 -0.00808637   0.00000000    -0.00000000  -0.01418704    -0.00761481   0.00000000
 -0.00000000  -0.04046760    -0.00808637   0.00000000    -0.00000000  -0.01533498
    4    1
  0.00000000   0.00000000    -0.00580420   0.00000000    -0.00000000   0.00000000
  0.00178918  -0.00000000    -0.00000000   0.00000000     0.00000000   0.00178918
 -0.00000000   0.00000000    -0.00000000  -0.00580420     0.00000000   0.00000000
    4    2
 -0.00000000   0.01533498    -0.00000000   0.04046760    -0.00808637  -0.00000000
  0.00000000   0.02739956    -0.00000000   0.01533498    -0.00761481  -0.00000000
 -0.00761481  -0.00000000    -0.00808637  -0.00000000    -0.00000000   0.01418704
    4    3
 -0.01533498   0.00000000     0.04046760  -0.00000000    -0.00000000  -0.00808637
  0.02739956  -0.00000000    -0.01533498   0.00000000    -0.00000000   0.00761481
 -0.00000000  -0.00761481     0.00000000   0.00808637    -0.01418704   0.00000000
    4    4
  0.05862706  -0.00000000    -0.00000000  -0.00000000    -0.00000000   0.00494465
 -0.00000000   0.00000000     0.06297319  -0.00000000    -0.00000000   0.00000000
 -0.00000000  -0.00494465    -0.00000000  -0.00000000     0.05862706  -0.00000000
    4    5
  0.00000000   0.02667663    -0.00000000   0.00000000    -0.00461920   0.00000000
 -0.00000000   0.00000000     0.00000000  -0.00000000    -0.00000000  -0.00000000
 -0.00461920   0.00000000    -0.00000000  -0.00000000    -0.00000000  -0.02667663
    4    6
 -0.00000000  -0.01418704    -0.00808637   0.00000000    -0.00761481   0.00000000
 -0.00761481   0.00000000    -0.00000000  -0.01533498     0.00000000  -0.02739956
 -0.00808637   0.00000000    -0.00000000  -0.04046760    -0.00000000  -0.01533498
    4    7
 -0.01418704   0.00000000    -0.00000000  -0.00808637     0.00000000   0.00761481
 -0.00000000  -0.00761481    -0.01533498   0.00000000     0.02739956  -0.00000000
  0.00000000   0.00808637     0.04046760  -0.00000000    -0.01533498   0.00000000
    5    1
  0.00000000   0.00000000     0.00000000  -0.00580420     0.00000000   0.00000000
  0.00000000   0.00178918    -0.00000000   0.00000000     0.00178918   0.00000000
  0.00000000   0.00000000    -0.00580420  -0.00000000     0.00000000   0.00000000
    5    2
 -0.01533498   0.00000000     0.04046760   0.00000000    -0.00000000   0.00808637
  0.02739956  -0.00000000    -0.01533498   0.00000000     0.00000000  -0.00761481
  0.00000000   0.00761481     0.00000000  -0.00808637    -0.01418704   0.00000000
    5    3
 -0.00000000  -0.01533498    -0.00000000  -0.04046760    -0.00808637   0.00000000
  0.00000000  -0.02739956    -0.00000000  -0.01533498    -0.00761481   0.00000000
 -0.00761481   0.00000000    -0.00808637   0.00000000    -0.00000000  -0.01418704
    5    4
  0.00000000  -0.02667663    -0.00000000  -0.00000000    -0.00461920  -0.00000000
 -0.00000000  -0.00000000     0.00000000   0.00000000    -0.00000000   0.00000000
 -0.00461920  -0.00000000    -0.00000000   0.00000000    -0.00000000   0.02667663
    5    5
  0.05862706   0.00000000    -0.00000000   0.00000000    -0.00000000  -0.00494465
 -0.00000000  -0.00000000     0.06297319   0.00000000    -0.00000000   0.00000000
 -0.00000000   0.00494465    -0.00000000   0.00000000     0.05862706   0.00000000
    5    6
 -0.01418704  -0.00000000    -0.00000000   0.00808637     0.00000000  -0.00761481
 -0.00000000   0.00761481    -0.01533498  -0.00000000     0.02739956   0.00000000
  0.00000000  -0.00808637     0.04046760   0.00000000    -0.01533498  -0.00000000
    5    7
 -0.00000000   0.01418704    -0.00808637  -0.00000000    -0.00761481  -0.00000000
 -0.00761481  -0.00000000    -0.00000000   0.01533498     0.00000000   0.02739956
 -0.00808637  -0.00000000    -0.00000000   0.04046760    -0.00000000   0.01533498
    6    1
  0.00000000   0.00000000    -0.00000000   0.00000000     0.00000000  -0.00580420
  0.00000000   0.00000000     0.00000000   0.00000000    -0.00580420  -0.00000000
 -0.00000000   0.00178918     0.00178918   0.00000000    -0.00000000   0.00000000
    6    2
 -0.00000000  -0.01533498    -0.00808637   0.00000000    -0.00000000  -0.04046760
 -0.00761481   0.00000000    -0.00000000  -0.01418704    -0.00808637   0.00000000
  0.00000000  -0.02739956    -0.00761481   0.00000000    -0.00000000  -0.01533498
    6    3
 -0.01533498   0.00000000    -0.00000000   0.00808637     0.04046760   0.00000000
 -0.00000000   0.00761481    -0.01418704   0.00000000    -0.00000000  -0.00808637
  0.02739956   0.00000000    -0.00000000  -0.00761481    -0.01533498  -0.00000000
    6    4
 -0.00000000   0.01418704    -0.00761481  -0.00000000    -0.00808637  -0.00000000
 -0.00808637  -0.00000000    -0.00000000   0.01533498    -0.00000000   0.04046760
 -0.00761481  -0.00000000     0.00000000   0.02739956    -0.00000000   0.01533498
    6    5
 -0.01418704   0.00000000    -0.00000000  -0.00761481    -0.00000000   0.00808637
 -0.00000000  -0.00808637    -0.01533498   0.00000000     0.04046760  -0.00000000
 -0.00000000   0.00761481     0.02739956  -0.00000000    -0.01533498   0.00000000
    6    6
  0.05862706   0.00000000     0.00000000  -0.00494465    -0.00000000   0.00000000
  0.00000000   0.00494465     0.05862706   0.00000000    -0.00000000   0.00000000
 -0.00000000  -0.00000000    -0.00000000  -0.00000000     0.06297319  -0.00000000
    6    7
  0.00000000  -0.02667663    -0.00461920   0.00000000    -0.00000000  -0.00000000
 -0.00461920  -0.00000000     0.00000000   0.02667663    -0.00000000   0.00000000
 -0.00000000  -0.00000000    -0.00000000   0.00000000     0.00000000  -0.00000000
    7    1
  0.00000000   0.00000000     0.00000000   0.00000000    -0.00580420  -0.00000000
 -0.00000000   0.00000000     0.00000000   0.00000000     0.00000000  -0.00580420
  0.00178918   0.00000000     0.00000000   0.00178918    -0.00000000   0.00000000
    7    2
 -0.01533498   0.00000000    -0.00000000  -0.00808637     0.04046760  -0.00000000
 -0.00000000  -0.00761481    -0.01418704   0.00000000     0.00000000   0.00808637
  0.02739956  -0.00000000    -0.00000000   0.00761481    -0.01533498   0.00000000
    7    3
 -0.00000000   0.01533498    -0.00808637  -0.00000000    -0.00000000   0.04046760
 -0.00761481  -0.00000000    -0.00000000   0.01418704    -0.00808637  -0.00000000
  0.00000000   0.02739956    -0.00761481  -0.00000000    -0.00000000   0.01533498
    7    4
 -0.01418704  -0.00000000    -0.00000000   0.00761481     0.00000000  -0.00808637
 -0.00000000   0.00808637    -0.01533498  -0.00000000     0.04046760   0.00000000
  0.00000000  -0.00761481     0.02739956   0.00000000    -0.01533498  -0.00000000
    7    5
 -0.00000000  -0.01418704    -0.00761481   0.00000000    -0.00808637   0.00000000
 -0.00808637   0.00000000    -0.00000000  -0.01533498    -0.00000000  -0.04046760
 -0.00761481   0.00000000     0.00000000  -0.02739956    -0.00000000  -0.01533498
    7    6
  0.00000000   0.02667663    -0.00461920  -0.00000000    -0.00000000   0.00000000
 -0.00461920   0.00000000     0.00000000  -0.02667663    -0.00000000  -0.00000000
 -0.00000000   0.00000000    -0.00000000  -0.00000000     0.00000000   0.00000000
    7    7
  0.05862706  -0.00000000     0.00000000   0.00494465    -0.00000000  -0.00000000
  0.00000000  -0.00494465     0.05862706  -0.00000000    -0.00000000  -0.00000000
 -0.00000000   0.00000000    -0.00000000   0.00000000     0.06297319   0.00000000
