  3.500000000000000E-002   1.26001304832687        2.38111420361614     
          12

     Dynamical  Matrix in cartesian axes

     q = (    0.433012700   0.433012700   0.216506400 ) 

    1    1
  0.11826339  -0.00000000     0.04080191   0.00000000    -0.00000000   0.00000000
  0.04080191  -0.00000000     0.11826339   0.00000000    -0.00000000   0.00000000
 -0.00000000   0.00000000    -0.00000000   0.00000000     0.06446511   0.00000000
    1    2
 -0.01682022   0.01682022     0.01877108  -0.01877109    -0.00971297  -0.00971296
 -0.00641061   0.00641061     0.01375709  -0.01375709    -0.00752820  -0.00752820
 -0.00419008  -0.00419008    -0.00238775  -0.00238775    -0.01104210   0.01104210
    1    3
  0.02378738   0.00000000    -0.02654632  -0.00000000     0.00000000  -0.01373621
  0.00906597   0.00000000    -0.01945546  -0.00000000     0.00000000  -0.01064648
  0.00000000  -0.00592567     0.00000000  -0.00337679     0.01561588   0.00000000
    1    4
 -0.01945546  -0.00000000     0.00906597   0.00000000     0.00000000  -0.01064648
 -0.02654632  -0.00000000     0.02378738   0.00000000     0.00000000  -0.01373621
  0.00000000  -0.00337679     0.00000000  -0.00592567     0.01561588   0.00000000
    1    5
  0.01375709  -0.01375709    -0.00641061   0.00641061    -0.00752820  -0.00752820
  0.01877108  -0.01877109    -0.01682022   0.01682022    -0.00971297  -0.00971296
 -0.00238775  -0.00238775    -0.00419008  -0.00419008    -0.01104210   0.01104210
    1    6
  0.00000000   0.00000000    -0.00000000   0.00000000     0.01541582   0.01830451
  0.00000000   0.00000000    -0.00000000   0.00000000     0.00204262   0.02384388
  0.01832850  -0.00487184    -0.01640512   0.00951529     0.00000000   0.00000000
    1    7
 -0.00000000   0.00000000     0.00000000   0.00000000     0.00204262   0.02384388
 -0.00000000   0.00000000     0.00000000   0.00000000     0.01541582   0.01830451
 -0.01640512   0.00951529     0.01832850  -0.00487184     0.00000000   0.00000000
    2    1
 -0.01682022  -0.01682022    -0.00641061  -0.00641061    -0.00419008   0.00419008
  0.01877108   0.01877109     0.01375709   0.01375709    -0.00238775   0.00238775
 -0.00971297   0.00971296    -0.00752820   0.00752820    -0.01104210  -0.01104210
    2    2
  0.07474264   0.00000000     0.00189316   0.00000000     0.00000000  -0.00794050
  0.00189316  -0.00000000     0.07313032   0.00000000    -0.00000000  -0.00530553
  0.00000000   0.00794050     0.00000000   0.00530553     0.03826039  -0.00000000
    2    3
  0.00314868   0.00314868     0.00593949   0.00593949    -0.00216828   0.00216828
  0.00593949   0.00593949     0.01764392   0.01764393    -0.00764042   0.00764042
 -0.00216828   0.00216828    -0.00764042   0.00764042    -0.01116386  -0.01116386
    2    4
  0.01966191   0.01966192     0.02508037   0.02508038     0.00378617  -0.00378616
  0.02903299   0.02903300     0.01966191   0.01966192    -0.00561917   0.00561917
 -0.00561917   0.00561917     0.00378617  -0.00378616     0.01214441   0.01214442
    2    5
 -0.01927231  -0.00000000     0.03144516   0.00000000    -0.00000000  -0.00509849
  0.05388486   0.00000000    -0.01927231   0.00000000    -0.00000000  -0.00611133
 -0.00000000   0.00611133    -0.00000000   0.00509849    -0.00200689   0.00000000
    2    6
 -0.01712500  -0.00946247    -0.00949083  -0.00163911    -0.01353962  -0.00470950
 -0.00912118   0.00412496    -0.00124909  -0.00825579    -0.00733747  -0.00033382
 -0.01609516  -0.02138578    -0.00712626   0.00456428    -0.01396133  -0.00469407
    2    7
 -0.01880018  -0.00541823    -0.00787005  -0.00555201     0.01290408   0.00624384
 -0.00353286  -0.00936644    -0.00672097   0.00495448     0.00542442   0.00495233
  0.02650303  -0.00374103     0.00181159   0.00826646    -0.01319136  -0.00655295
    3    1
  0.02378738  -0.00000000     0.00906597  -0.00000000     0.00000000   0.00592567
 -0.02654632   0.00000000    -0.01945546   0.00000000     0.00000000   0.00337679
  0.00000000   0.01373621     0.00000000   0.01064648     0.01561588  -0.00000000
    3    2
  0.00314868  -0.00314868     0.00593949  -0.00593949    -0.00216828  -0.00216828
  0.00593949  -0.00593949     0.01764392  -0.01764393    -0.00764042  -0.00764042
 -0.00216828  -0.00216828    -0.00764042  -0.00764042    -0.01116386   0.01116386
    3    3
  0.07474264  -0.00000000     0.00189316   0.00000000    -0.00000000   0.00794050
  0.00189316  -0.00000000     0.07313032   0.00000000    -0.00000000   0.00530553
 -0.00000000  -0.00794050     0.00000000  -0.00530553     0.03826039   0.00000000
    3    4
 -0.01927231   0.00000000     0.03144516  -0.00000000    -0.00000000   0.00509849
  0.05388486  -0.00000000    -0.01927231   0.00000000    -0.00000000   0.00611133
 -0.00000000  -0.00611133    -0.00000000  -0.00509849    -0.00200689   0.00000000
    3    5
  0.01966191  -0.01966192     0.02508037  -0.02508038     0.00378617   0.00378616
  0.02903299  -0.02903300     0.01966191  -0.01966192    -0.00561917  -0.00561917
 -0.00561917  -0.00561917     0.00378617   0.00378616     0.01214441  -0.01214442
    3    6
 -0.01880018   0.00541823    -0.00787005   0.00555201     0.01290408  -0.00624384
 -0.00353286   0.00936644    -0.00672097  -0.00495448     0.00542442  -0.00495233
  0.02650303   0.00374103     0.00181159  -0.00826646    -0.01319136   0.00655295
    3    7
 -0.01712500   0.00946247    -0.00949083   0.00163911    -0.01353962   0.00470950
 -0.00912118  -0.00412496    -0.00124909   0.00825579    -0.00733747   0.00033382
 -0.01609516   0.02138578    -0.00712626  -0.00456428    -0.01396133   0.00469407
    4    1
 -0.01945546   0.00000000    -0.02654632   0.00000000     0.00000000   0.00337679
  0.00906597  -0.00000000     0.02378738  -0.00000000     0.00000000   0.00592567
  0.00000000   0.01064648     0.00000000   0.01373621     0.01561588  -0.00000000
    4    2
  0.01966191  -0.01966192     0.02903299  -0.02903300    -0.00561917  -0.00561917
  0.02508037  -0.02508038     0.01966191  -0.01966192     0.00378617   0.00378616
  0.00378617   0.00378616    -0.00561917  -0.00561917     0.01214441  -0.01214442
    4    3
 -0.01927231  -0.00000000     0.05388486   0.00000000    -0.00000000   0.00611133
  0.03144516   0.00000000    -0.01927231  -0.00000000    -0.00000000   0.00509849
  0.00000000  -0.00509849     0.00000000  -0.00611133    -0.00200689  -0.00000000
    4    4
  0.07313032  -0.00000000     0.00189316   0.00000000    -0.00000000   0.00530553
  0.00189316  -0.00000000     0.07474264  -0.00000000    -0.00000000   0.00794050
 -0.00000000  -0.00530553    -0.00000000  -0.00794050     0.03826039  -0.00000000
    4    5
  0.01764392  -0.01764393     0.00593949  -0.00593949    -0.00764042  -0.00764042
  0.00593949  -0.00593949     0.00314868  -0.00314868    -0.00216828  -0.00216828
 -0.00764042  -0.00764042    -0.00216828  -0.00216828    -0.01116386   0.01116386
    4    6
 -0.00124909   0.00825579    -0.00912118  -0.00412496    -0.00733747   0.00033382
 -0.00949083   0.00163911    -0.01712500   0.00946247    -0.01353962   0.00470950
 -0.00712626  -0.00456428    -0.01609516   0.02138578    -0.01396133   0.00469407
    4    7
 -0.00672097  -0.00495448    -0.00353286   0.00936644     0.00542442  -0.00495233
 -0.00787005   0.00555201    -0.01880018   0.00541823     0.01290408  -0.00624384
  0.00181159  -0.00826646     0.02650303   0.00374103    -0.01319136   0.00655295
    5    1
  0.01375709   0.01375709     0.01877108   0.01877109    -0.00238775   0.00238775
 -0.00641061  -0.00641061    -0.01682022  -0.01682022    -0.00419008   0.00419008
 -0.00752820   0.00752820    -0.00971297   0.00971296    -0.01104210  -0.01104210
    5    2
 -0.01927231   0.00000000     0.05388486  -0.00000000    -0.00000000  -0.00611133
  0.03144516   0.00000000    -0.01927231  -0.00000000    -0.00000000  -0.00509849
  0.00000000   0.00509849    -0.00000000   0.00611133    -0.00200689   0.00000000
    5    3
  0.01966191   0.01966192     0.02903299   0.02903300    -0.00561917   0.00561917
  0.02508037   0.02508038     0.01966191   0.01966192     0.00378617  -0.00378616
  0.00378617  -0.00378616    -0.00561917   0.00561917     0.01214441   0.01214442
    5    4
  0.01764392   0.01764393     0.00593949   0.00593949    -0.00764042   0.00764042
  0.00593949   0.00593949     0.00314868   0.00314868    -0.00216828   0.00216828
 -0.00764042   0.00764042    -0.00216828   0.00216828    -0.01116386  -0.01116386
    5    5
  0.07313032   0.00000000     0.00189316   0.00000000     0.00000000  -0.00530553
  0.00189316   0.00000000     0.07474264   0.00000000    -0.00000000  -0.00794050
  0.00000000   0.00530553    -0.00000000   0.00794050     0.03826039   0.00000000
    5    6
 -0.00672097   0.00495448    -0.00353286  -0.00936644     0.00542442   0.00495233
 -0.00787005  -0.00555201    -0.01880018  -0.00541823     0.01290408   0.00624384
  0.00181159   0.00826646     0.02650303  -0.00374103    -0.01319136  -0.00655295
    5    7
 -0.00124909  -0.00825579    -0.00912118   0.00412496    -0.00733747  -0.00033382
 -0.00949083  -0.00163911    -0.01712500  -0.00946247    -0.01353962  -0.00470950
 -0.00712626   0.00456428    -0.01609516  -0.02138578    -0.01396133  -0.00469407
    6    1
  0.00000000  -0.00000000     0.00000000  -0.00000000     0.01832850   0.00487184
 -0.00000000  -0.00000000    -0.00000000  -0.00000000    -0.01640512  -0.00951529
  0.01541582  -0.01830451     0.00204262  -0.02384388     0.00000000  -0.00000000
    6    2
 -0.01712500   0.00946247    -0.00912118  -0.00412496    -0.01609516   0.02138578
 -0.00949083   0.00163911    -0.00124909   0.00825579    -0.00712626  -0.00456428
 -0.01353962   0.00470950    -0.00733747   0.00033382    -0.01396133   0.00469407
    6    3
 -0.01880018  -0.00541823    -0.00353286  -0.00936644     0.02650303  -0.00374103
 -0.00787005  -0.00555201    -0.00672097   0.00495448     0.00181159   0.00826646
  0.01290408   0.00624384     0.00542442   0.00495233    -0.01319136  -0.00655295
    6    4
 -0.00124909  -0.00825579    -0.00949083  -0.00163911    -0.00712626   0.00456428
 -0.00912118   0.00412496    -0.01712500  -0.00946247    -0.01609516  -0.02138578
 -0.00733747  -0.00033382    -0.01353962  -0.00470950    -0.01396133  -0.00469407
    6    5
 -0.00672097  -0.00495448    -0.00787005   0.00555201     0.00181159  -0.00826646
 -0.00353286   0.00936644    -0.01880018   0.00541823     0.02650303   0.00374103
  0.00542442  -0.00495233     0.01290408  -0.00624384    -0.01319136   0.00655295
    6    6
  0.04656902   0.00000000    -0.00193359  -0.00501597    -0.00000000   0.00000000
 -0.00193359   0.00501597     0.04656902   0.00000000    -0.00000000   0.00000000
 -0.00000000   0.00000000    -0.00000000   0.00000000     0.04318665   0.00000000
    6    7
 -0.00620311   0.01287215    -0.00395604  -0.00000000    -0.00000000   0.00000000
 -0.00395604   0.00000000    -0.00620311  -0.01287215    -0.00000000   0.00000000
 -0.00000000   0.00000000    -0.00000000   0.00000000     0.01780286   0.00000000
    7    1
 -0.00000000  -0.00000000    -0.00000000  -0.00000000    -0.01640512  -0.00951529
  0.00000000  -0.00000000     0.00000000  -0.00000000     0.01832850   0.00487184
  0.00204262  -0.02384388     0.01541582  -0.01830451     0.00000000  -0.00000000
    7    2
 -0.01880018   0.00541823    -0.00353286   0.00936644     0.02650303   0.00374103
 -0.00787005   0.00555201    -0.00672097  -0.00495448     0.00181159  -0.00826646
  0.01290408  -0.00624384     0.00542442  -0.00495233    -0.01319136   0.00655295
    7    3
 -0.01712500  -0.00946247    -0.00912118   0.00412496    -0.01609516  -0.02138578
 -0.00949083  -0.00163911    -0.00124909  -0.00825579    -0.00712626   0.00456428
 -0.01353962  -0.00470950    -0.00733747  -0.00033382    -0.01396133  -0.00469407
    7    4
 -0.00672097   0.00495448    -0.00787005  -0.00555201     0.00181159   0.00826646
 -0.00353286  -0.00936644    -0.01880018  -0.00541823     0.02650303  -0.00374103
  0.00542442   0.00495233     0.01290408   0.00624384    -0.01319136  -0.00655295
    7    5
 -0.00124909   0.00825579    -0.00949083   0.00163911    -0.00712626  -0.00456428
 -0.00912118  -0.00412496    -0.01712500   0.00946247    -0.01609516   0.02138578
 -0.00733747   0.00033382    -0.01353962   0.00470950    -0.01396133   0.00469407
    7    6
 -0.00620311  -0.01287215    -0.00395604   0.00000000    -0.00000000   0.00000000
 -0.00395604   0.00000000    -0.00620311   0.01287215    -0.00000000   0.00000000
 -0.00000000   0.00000000    -0.00000000   0.00000000     0.01780286   0.00000000
    7    7
  0.04656902   0.00000000    -0.00193359   0.00501597    -0.00000000   0.00000000
 -0.00193359  -0.00501597     0.04656902   0.00000000    -0.00000000   0.00000000
 -0.00000000   0.00000000    -0.00000000   0.00000000     0.04318665   0.00000000

     Dynamical  Matrix in cartesian axes

     q = (    0.433012700   0.433012700  -0.216506400 ) 

    1    1
  0.11826339   0.00000000     0.04080191  -0.00000000    -0.00000000   0.00000000
  0.04080191   0.00000000     0.11826339  -0.00000000    -0.00000000   0.00000000
 -0.00000000   0.00000000    -0.00000000   0.00000000     0.06446511   0.00000000
    1    2
 -0.01682021  -0.01682022     0.01877108   0.01877109    -0.00971297   0.00971296
 -0.00641061  -0.00641061     0.01375709   0.01375709    -0.00752820   0.00752820
 -0.00419008   0.00419008    -0.00238775   0.00238775    -0.01104209  -0.01104210
    1    3
  0.02378738   0.00000000    -0.02654632  -0.00000000    -0.00000000   0.01373621
  0.00906597   0.00000000    -0.01945546  -0.00000000    -0.00000000   0.01064648
 -0.00000000   0.00592567    -0.00000000   0.00337679     0.01561588   0.00000000
    1    4
 -0.01945546  -0.00000000     0.00906597   0.00000000    -0.00000000   0.01064648
 -0.02654632  -0.00000000     0.02378738   0.00000000    -0.00000000   0.01373621
 -0.00000000   0.00337679    -0.00000000   0.00592567     0.01561588   0.00000000
    1    5
  0.01375709   0.01375709    -0.00641061  -0.00641061    -0.00752820   0.00752820
  0.01877108   0.01877109    -0.01682021  -0.01682022    -0.00971297   0.00971296
 -0.00238775   0.00238775    -0.00419008   0.00419008    -0.01104209  -0.01104210
    1    6
 -0.00000000   0.00000000     0.00000000   0.00000000     0.01541582  -0.01830451
 -0.00000000   0.00000000     0.00000000   0.00000000     0.00204262  -0.02384388
  0.01832850   0.00487184    -0.01640512  -0.00951529    -0.00000000   0.00000000
    1    7
  0.00000000   0.00000000    -0.00000000   0.00000000     0.00204262  -0.02384388
  0.00000000   0.00000000    -0.00000000   0.00000000     0.01541582  -0.01830451
 -0.01640512  -0.00951529     0.01832850   0.00487184    -0.00000000   0.00000000
    2    1
 -0.01682021   0.01682022    -0.00641061   0.00641061    -0.00419008  -0.00419008
  0.01877108  -0.01877109     0.01375709  -0.01375709    -0.00238775  -0.00238775
 -0.00971297  -0.00971296    -0.00752820  -0.00752820    -0.01104209   0.01104210
    2    2
  0.07474264  -0.00000000     0.00189316  -0.00000000     0.00000000   0.00794050
  0.00189316   0.00000000     0.07313032  -0.00000000    -0.00000000   0.00530553
  0.00000000  -0.00794050    -0.00000000  -0.00530553     0.03826039   0.00000000
    2    3
  0.00314868  -0.00314868     0.00593949  -0.00593949    -0.00216828  -0.00216828
  0.00593949  -0.00593949     0.01764392  -0.01764393    -0.00764042  -0.00764042
 -0.00216828  -0.00216828    -0.00764042  -0.00764042    -0.01116386   0.01116386
    2    4
  0.01966191  -0.01966192     0.02508037  -0.02508038     0.00378617   0.00378616
  0.02903299  -0.02903300     0.01966191  -0.01966192    -0.00561917  -0.00561917
 -0.00561917  -0.00561917     0.00378617   0.00378616     0.01214441  -0.01214442
    2    5
 -0.01927231   0.00000000     0.03144516   0.00000000    -0.00000000   0.00509849
  0.05388486  -0.00000000    -0.01927231  -0.00000000    -0.00000000   0.00611133
 -0.00000000  -0.00611133    -0.00000000  -0.00509849    -0.00200689   0.00000000
    2    6
 -0.01712500   0.00946247    -0.00949083   0.00163911    -0.01353962   0.00470950
 -0.00912118  -0.00412496    -0.00124909   0.00825579    -0.00733747   0.00033382
 -0.01609516   0.02138578    -0.00712626  -0.00456428    -0.01396133   0.00469407
    2    7
 -0.01880018   0.00541823    -0.00787005   0.00555201     0.01290408  -0.00624384
 -0.00353286   0.00936644    -0.00672097  -0.00495448     0.00542442  -0.00495233
  0.02650303   0.00374103     0.00181159  -0.00826646    -0.01319136   0.00655295
    3    1
  0.02378738  -0.00000000     0.00906597  -0.00000000    -0.00000000  -0.00592567
 -0.02654632   0.00000000    -0.01945546   0.00000000    -0.00000000  -0.00337679
 -0.00000000  -0.01373621    -0.00000000  -0.01064648     0.01561588  -0.00000000
    3    2
  0.00314868   0.00314868     0.00593949   0.00593949    -0.00216828   0.00216828
  0.00593949   0.00593949     0.01764392   0.01764393    -0.00764042   0.00764042
 -0.00216828   0.00216828    -0.00764042   0.00764042    -0.01116386  -0.01116386
    3    3
  0.07474264   0.00000000     0.00189316  -0.00000000    -0.00000000  -0.00794050
  0.00189316   0.00000000     0.07313032  -0.00000000    -0.00000000  -0.00530553
 -0.00000000   0.00794050     0.00000000   0.00530553     0.03826039  -0.00000000
    3    4
 -0.01927231  -0.00000000     0.03144516   0.00000000    -0.00000000  -0.00509849
  0.05388486   0.00000000    -0.01927231  -0.00000000    -0.00000000  -0.00611133
 -0.00000000   0.00611133    -0.00000000   0.00509849    -0.00200689  -0.00000000
    3    5
  0.01966191   0.01966192     0.02508037   0.02508038     0.00378617  -0.00378616
  0.02903299   0.02903300     0.01966191   0.01966192    -0.00561917   0.00561917
 -0.00561917   0.00561917     0.00378617  -0.00378616     0.01214441   0.01214442
    3    6
 -0.01880018  -0.00541823    -0.00787005  -0.00555201     0.01290408   0.00624384
 -0.00353286  -0.00936644    -0.00672097   0.00495448     0.00542442   0.00495233
  0.02650303  -0.00374103     0.00181159   0.00826646    -0.01319136  -0.00655295
    3    7
 -0.01712500  -0.00946247    -0.00949083  -0.00163911    -0.01353962  -0.00470950
 -0.00912118   0.00412496    -0.00124909  -0.00825579    -0.00733747  -0.00033382
 -0.01609516  -0.02138578    -0.00712626   0.00456428    -0.01396133  -0.00469407
    4    1
 -0.01945546   0.00000000    -0.02654632   0.00000000    -0.00000000  -0.00337679
  0.00906597  -0.00000000     0.02378738  -0.00000000    -0.00000000  -0.00592567
 -0.00000000  -0.01064648    -0.00000000  -0.01373621     0.01561588  -0.00000000
    4    2
  0.01966191   0.01966192     0.02903299   0.02903300    -0.00561917   0.00561917
  0.02508037   0.02508038     0.01966191   0.01966192     0.00378617  -0.00378616
  0.00378617  -0.00378616    -0.00561917   0.00561917     0.01214441   0.01214442
    4    3
 -0.01927231   0.00000000     0.05388486  -0.00000000    -0.00000000  -0.00611133
  0.03144516  -0.00000000    -0.01927231   0.00000000    -0.00000000  -0.00509849
  0.00000000   0.00509849     0.00000000   0.00611133    -0.00200689   0.00000000
    4    4
  0.07313032   0.00000000     0.00189316  -0.00000000    -0.00000000  -0.00530553
  0.00189316   0.00000000     0.07474264   0.00000000    -0.00000000  -0.00794050
 -0.00000000   0.00530553    -0.00000000   0.00794050     0.03826039   0.00000000
    4    5
  0.01764392   0.01764393     0.00593949   0.00593949    -0.00764042   0.00764042
  0.00593949   0.00593949     0.00314868   0.00314868    -0.00216828   0.00216828
 -0.00764042   0.00764042    -0.00216828   0.00216828    -0.01116386  -0.01116386
    4    6
 -0.00124909  -0.00825579    -0.00912118   0.00412496    -0.00733747  -0.00033382
 -0.00949083  -0.00163911    -0.01712500  -0.00946247    -0.01353962  -0.00470950
 -0.00712626   0.00456428    -0.01609516  -0.02138578    -0.01396133  -0.00469407
    4    7
 -0.00672097   0.00495448    -0.00353286  -0.00936644     0.00542442   0.00495233
 -0.00787005  -0.00555201    -0.01880018  -0.00541823     0.01290408   0.00624384
  0.00181159   0.00826646     0.02650303  -0.00374103    -0.01319136  -0.00655295
    5    1
  0.01375709  -0.01375709     0.01877108  -0.01877109    -0.00238775  -0.00238775
 -0.00641061   0.00641061    -0.01682021   0.01682022    -0.00419008  -0.00419008
 -0.00752820  -0.00752820    -0.00971297  -0.00971296    -0.01104209   0.01104210
    5    2
 -0.01927231  -0.00000000     0.05388486  -0.00000000    -0.00000000   0.00611133
  0.03144516   0.00000000    -0.01927231   0.00000000    -0.00000000   0.00509849
  0.00000000  -0.00509849     0.00000000  -0.00611133    -0.00200689   0.00000000
    5    3
  0.01966191  -0.01966192     0.02903299  -0.02903300    -0.00561917  -0.00561917
  0.02508037  -0.02508038     0.01966191  -0.01966192     0.00378617   0.00378616
  0.00378617   0.00378616    -0.00561917  -0.00561917     0.01214441  -0.01214442
    5    4
  0.01764392  -0.01764393     0.00593949  -0.00593949    -0.00764042  -0.00764042
  0.00593949  -0.00593949     0.00314868  -0.00314868    -0.00216828  -0.00216828
 -0.00764042  -0.00764042    -0.00216828  -0.00216828    -0.01116386   0.01116386
    5    5
  0.07313032  -0.00000000     0.00189316  -0.00000000     0.00000000   0.00530553
  0.00189316  -0.00000000     0.07474264  -0.00000000    -0.00000000   0.00794050
  0.00000000  -0.00530553    -0.00000000  -0.00794050     0.03826039  -0.00000000
    5    6
 -0.00672097  -0.00495448    -0.00353286   0.00936644     0.00542442  -0.00495233
 -0.00787005   0.00555201    -0.01880018   0.00541823     0.01290408  -0.00624384
  0.00181159  -0.00826646     0.02650303   0.00374103    -0.01319136   0.00655295
    5    7
 -0.00124909   0.00825579    -0.00912118  -0.00412496    -0.00733747   0.00033382
 -0.00949083   0.00163911    -0.01712500   0.00946247    -0.01353962   0.00470950
 -0.00712626  -0.00456428    -0.01609516   0.02138578    -0.01396133   0.00469407
    6    1
 -0.00000000  -0.00000000    -0.00000000  -0.00000000     0.01832850  -0.00487184
  0.00000000  -0.00000000     0.00000000  -0.00000000    -0.01640512   0.00951529
  0.01541582   0.01830451     0.00204262   0.02384388    -0.00000000  -0.00000000
    6    2
 -0.01712500  -0.00946247    -0.00912118   0.00412496    -0.01609516  -0.02138578
 -0.00949083  -0.00163911    -0.00124909  -0.00825579    -0.00712626   0.00456428
 -0.01353962  -0.00470950    -0.00733747  -0.00033382    -0.01396133  -0.00469407
    6    3
 -0.01880018   0.00541823    -0.00353286   0.00936644     0.02650303   0.00374103
 -0.00787005   0.00555201    -0.00672097  -0.00495448     0.00181159  -0.00826646
  0.01290408  -0.00624384     0.00542442  -0.00495233    -0.01319136   0.00655295
    6    4
 -0.00124909   0.00825579    -0.00949083   0.00163911    -0.00712626  -0.00456428
 -0.00912118  -0.00412496    -0.01712500   0.00946247    -0.01609516   0.02138578
 -0.00733747   0.00033382    -0.01353962   0.00470950    -0.01396133   0.00469407
    6    5
 -0.00672097   0.00495448    -0.00787005  -0.00555201     0.00181159   0.00826646
 -0.00353286  -0.00936644    -0.01880018  -0.00541823     0.02650303  -0.00374103
  0.00542442   0.00495233     0.01290408   0.00624384    -0.01319136  -0.00655295
    6    6
  0.04656902   0.00000000    -0.00193359   0.00501597    -0.00000000   0.00000000
 -0.00193359  -0.00501597     0.04656902  -0.00000000    -0.00000000   0.00000000
 -0.00000000   0.00000000    -0.00000000   0.00000000     0.04318665   0.00000000
    6    7
 -0.00620311  -0.01287215    -0.00395604   0.00000000    -0.00000000   0.00000000
 -0.00395604   0.00000000    -0.00620311   0.01287215    -0.00000000   0.00000000
 -0.00000000   0.00000000    -0.00000000   0.00000000     0.01780286   0.00000000
    7    1
  0.00000000  -0.00000000     0.00000000  -0.00000000    -0.01640512   0.00951529
 -0.00000000  -0.00000000    -0.00000000  -0.00000000     0.01832850  -0.00487184
  0.00204262   0.02384388     0.01541582   0.01830451    -0.00000000  -0.00000000
    7    2
 -0.01880018  -0.00541823    -0.00353286  -0.00936644     0.02650303  -0.00374103
 -0.00787005  -0.00555201    -0.00672097   0.00495448     0.00181159   0.00826646
  0.01290408   0.00624384     0.00542442   0.00495233    -0.01319136  -0.00655295
    7    3
 -0.01712500   0.00946247    -0.00912118  -0.00412496    -0.01609516   0.02138578
 -0.00949083   0.00163911    -0.00124909   0.00825579    -0.00712626  -0.00456428
 -0.01353962   0.00470950    -0.00733747   0.00033382    -0.01396133   0.00469407
    7    4
 -0.00672097  -0.00495448    -0.00787005   0.00555201     0.00181159  -0.00826646
 -0.00353286   0.00936644    -0.01880018   0.00541823     0.02650303   0.00374103
  0.00542442  -0.00495233     0.01290408  -0.00624384    -0.01319136   0.00655295
    7    5
 -0.00124909  -0.00825579    -0.00949083  -0.00163911    -0.00712626   0.00456428
 -0.00912118   0.00412496    -0.01712500  -0.00946247    -0.01609516  -0.02138578
 -0.00733747  -0.00033382    -0.01353962  -0.00470950    -0.01396133  -0.00469407
    7    6
 -0.00620311   0.01287215    -0.00395604  -0.00000000    -0.00000000   0.00000000
 -0.00395604   0.00000000    -0.00620311  -0.01287215    -0.00000000   0.00000000
 -0.00000000   0.00000000    -0.00000000   0.00000000     0.01780286   0.00000000
    7    7
  0.04656902   0.00000000    -0.00193359  -0.00501597    -0.00000000   0.00000000
 -0.00193359   0.00501597     0.04656902  -0.00000000    -0.00000000   0.00000000
 -0.00000000   0.00000000    -0.00000000   0.00000000     0.04318665   0.00000000

     Dynamical  Matrix in cartesian axes

     q = (    0.433012700  -0.433012700   0.216506400 ) 

    1    1
  0.11826339   0.00000000    -0.04080191   0.00000000    -0.00000000   0.00000000
 -0.04080191  -0.00000000     0.11826339  -0.00000000    -0.00000000   0.00000000
 -0.00000000   0.00000000    -0.00000000   0.00000000     0.06446511   0.00000000
    1    2
 -0.01682022   0.01682022    -0.01877108   0.01877109    -0.00971297  -0.00971296
  0.00641061  -0.00641061     0.01375709  -0.01375709     0.00752820   0.00752820
 -0.00419008  -0.00419008     0.00238775   0.00238775    -0.01104210   0.01104210
    1    3
 -0.02378738   0.00000000    -0.02654632   0.00000000     0.00000000   0.01373621
  0.00906597  -0.00000000     0.01945546  -0.00000000    -0.00000000  -0.01064648
  0.00000000   0.00592567    -0.00000000  -0.00337679    -0.01561588   0.00000000
    1    4
  0.01945546   0.00000000     0.00906597   0.00000000     0.00000000  -0.01064648
 -0.02654632  -0.00000000    -0.02378738  -0.00000000    -0.00000000   0.01373621
  0.00000000  -0.00337679    -0.00000000   0.00592567    -0.01561588  -0.00000000
    1    5
  0.01375709  -0.01375709     0.00641061  -0.00641061     0.00752820   0.00752820
 -0.01877108   0.01877109    -0.01682021   0.01682022    -0.00971297  -0.00971296
  0.00238775   0.00238775    -0.00419008  -0.00419008    -0.01104209   0.01104210
    1    6
 -0.00000000  -0.00000000    -0.00000000   0.00000000    -0.01541582  -0.01830451
  0.00000000   0.00000000     0.00000000  -0.00000000     0.00204262   0.02384388
 -0.01832850   0.00487184    -0.01640512   0.00951529    -0.00000000  -0.00000000
    1    7
 -0.00000000   0.00000000    -0.00000000  -0.00000000     0.00204262   0.02384388
  0.00000000  -0.00000000     0.00000000   0.00000000    -0.01541582  -0.01830451
 -0.01640512   0.00951529    -0.01832850   0.00487184     0.00000000   0.00000000
    2    1
 -0.01682022  -0.01682022     0.00641061   0.00641061    -0.00419008   0.00419008
 -0.01877108  -0.01877109     0.01375709   0.01375709     0.00238775  -0.00238775
 -0.00971297   0.00971296     0.00752820  -0.00752820    -0.01104210  -0.01104210
    2    2
  0.07474264  -0.00000000    -0.00189316   0.00000000    -0.00000000  -0.00794050
 -0.00189316  -0.00000000     0.07313032  -0.00000000    -0.00000000   0.00530553
 -0.00000000   0.00794050    -0.00000000  -0.00530553     0.03826039  -0.00000000
    2    3
 -0.00314868  -0.00314868     0.00593949   0.00593949     0.00216828  -0.00216828
  0.00593949   0.00593949    -0.01764392  -0.01764393    -0.00764042   0.00764042
  0.00216828  -0.00216828    -0.00764042   0.00764042     0.01116386   0.01116386
    2    4
 -0.01362758  -0.01362758    -0.02223508  -0.02223509     0.00360518  -0.00360518
 -0.03810234  -0.03810235    -0.01362758  -0.01362758    -0.00432137   0.00432137
 -0.00432137   0.00432137     0.00360518  -0.00360518    -0.00141909  -0.00141909
    2    5
 -0.02780615   0.00000000     0.03546901  -0.00000000     0.00000000   0.00535445
  0.04105886  -0.00000000    -0.02780615   0.00000000     0.00000000   0.00794671
 -0.00000000  -0.00794671    -0.00000000  -0.00535445    -0.01717479   0.00000000
    2    6
  0.01712500   0.00946247    -0.00949083  -0.00163911     0.01353962   0.00470950
 -0.00912118   0.00412496     0.00124909   0.00825579    -0.00733747  -0.00033382
  0.01609516   0.02138578    -0.00712626   0.00456428     0.01396133   0.00469407
    2    7
 -0.01880018  -0.00541823     0.00787005   0.00555201     0.01290408   0.00624384
  0.00353286   0.00936644    -0.00672097   0.00495448    -0.00542442  -0.00495233
  0.02650303  -0.00374103    -0.00181159  -0.00826646    -0.01319136  -0.00655295
    3    1
 -0.02378738  -0.00000000     0.00906597   0.00000000     0.00000000  -0.00592567
 -0.02654632  -0.00000000     0.01945546   0.00000000    -0.00000000   0.00337679
  0.00000000  -0.01373621    -0.00000000   0.01064648    -0.01561588  -0.00000000
    3    2
 -0.00314868   0.00314868     0.00593949  -0.00593949     0.00216828   0.00216828
  0.00593949  -0.00593949    -0.01764392   0.01764393    -0.00764042  -0.00764042
  0.00216828   0.00216828    -0.00764042  -0.00764042     0.01116386  -0.01116386
    3    3
  0.07474264   0.00000000    -0.00189316  -0.00000000     0.00000000   0.00794050
 -0.00189316   0.00000000     0.07313032  -0.00000000    -0.00000000  -0.00530553
  0.00000000  -0.00794050    -0.00000000   0.00530553     0.03826039  -0.00000000
    3    4
 -0.02780615  -0.00000000     0.03546901   0.00000000     0.00000000  -0.00535445
  0.04105886   0.00000000    -0.02780615  -0.00000000     0.00000000  -0.00794671
 -0.00000000   0.00794671    -0.00000000   0.00535445    -0.01717479  -0.00000000
    3    5
 -0.01362758   0.01362758    -0.02223508   0.02223509     0.00360518   0.00360518
 -0.03810234   0.03810235    -0.01362758   0.01362758    -0.00432137  -0.00432137
 -0.00432137  -0.00432137     0.00360518   0.00360518    -0.00141909   0.00141909
    3    6
 -0.01880018   0.00541823     0.00787005  -0.00555201     0.01290408  -0.00624384
  0.00353286  -0.00936644    -0.00672097  -0.00495448    -0.00542442   0.00495233
  0.02650303   0.00374103    -0.00181159   0.00826646    -0.01319136   0.00655295
    3    7
  0.01712500  -0.00946247    -0.00949083   0.00163911     0.01353962  -0.00470950
 -0.00912118  -0.00412496     0.00124909  -0.00825579    -0.00733747   0.00033382
  0.01609516  -0.02138578    -0.00712626  -0.00456428     0.01396133  -0.00469407
    4    1
  0.01945546  -0.00000000    -0.02654632   0.00000000     0.00000000   0.00337679
  0.00906597  -0.00000000    -0.02378738   0.00000000    -0.00000000  -0.00592567
  0.00000000   0.01064648    -0.00000000  -0.01373621    -0.01561588   0.00000000
    4    2
 -0.01362758   0.01362758    -0.03810234   0.03810235    -0.00432137  -0.00432137
 -0.02223508   0.02223509    -0.01362758   0.01362758     0.00360518   0.00360518
  0.00360518   0.00360518    -0.00432137  -0.00432137    -0.00141909   0.00141909
    4    3
 -0.02780615   0.00000000     0.04105886  -0.00000000    -0.00000000  -0.00794671
  0.03546901  -0.00000000    -0.02780615   0.00000000    -0.00000000  -0.00535445
  0.00000000   0.00535445     0.00000000   0.00794671    -0.01717479   0.00000000
    4    4
  0.07313032  -0.00000000    -0.00189316   0.00000000    -0.00000000  -0.00530553
 -0.00189316  -0.00000000     0.07474264  -0.00000000    -0.00000000   0.00794050
 -0.00000000   0.00530553    -0.00000000  -0.00794050     0.03826039  -0.00000000
    4    5
 -0.01764392   0.01764393     0.00593949  -0.00593949    -0.00764042  -0.00764042
  0.00593949  -0.00593949    -0.00314868   0.00314868     0.00216828   0.00216828
 -0.00764042  -0.00764042     0.00216828   0.00216828     0.01116386  -0.01116386
    4    6
  0.00124909  -0.00825579    -0.00912118  -0.00412496    -0.00733747   0.00033382
 -0.00949083   0.00163911     0.01712500  -0.00946247     0.01353962  -0.00470950
 -0.00712626  -0.00456428     0.01609516  -0.02138578     0.01396133  -0.00469407
    4    7
 -0.00672097  -0.00495448     0.00353286  -0.00936644    -0.00542442   0.00495233
  0.00787005  -0.00555201    -0.01880018   0.00541823     0.01290408  -0.00624384
 -0.00181159   0.00826646     0.02650303   0.00374103    -0.01319136   0.00655295
    5    1
  0.01375709   0.01375709    -0.01877108  -0.01877109     0.00238775  -0.00238775
  0.00641061   0.00641061    -0.01682021  -0.01682022    -0.00419008   0.00419008
  0.00752820  -0.00752820    -0.00971297   0.00971296    -0.01104209  -0.01104210
    5    2
 -0.02780615  -0.00000000     0.04105886   0.00000000    -0.00000000   0.00794671
  0.03546901   0.00000000    -0.02780615  -0.00000000    -0.00000000   0.00535445
  0.00000000  -0.00535445     0.00000000  -0.00794671    -0.01717479  -0.00000000
    5    3
 -0.01362758  -0.01362758    -0.03810234  -0.03810235    -0.00432137   0.00432137
 -0.02223508  -0.02223509    -0.01362758  -0.01362758     0.00360518  -0.00360518
  0.00360518  -0.00360518    -0.00432137   0.00432137    -0.00141909  -0.00141909
    5    4
 -0.01764392  -0.01764393     0.00593949   0.00593949    -0.00764042   0.00764042
  0.00593949   0.00593949    -0.00314868  -0.00314868     0.00216828  -0.00216828
 -0.00764042   0.00764042     0.00216828  -0.00216828     0.01116386   0.01116386
    5    5
  0.07313032   0.00000000    -0.00189316  -0.00000000    -0.00000000   0.00530553
 -0.00189316   0.00000000     0.07474264  -0.00000000    -0.00000000  -0.00794050
 -0.00000000  -0.00530553    -0.00000000   0.00794050     0.03826039  -0.00000000
    5    6
 -0.00672097   0.00495448     0.00353286   0.00936644    -0.00542442  -0.00495233
  0.00787005   0.00555201    -0.01880018  -0.00541823     0.01290408   0.00624384
 -0.00181159  -0.00826646     0.02650303  -0.00374103    -0.01319136  -0.00655295
    5    7
  0.00124909   0.00825579    -0.00912118   0.00412496    -0.00733747  -0.00033382
 -0.00949083  -0.00163911     0.01712500   0.00946247     0.01353962   0.00470950
 -0.00712626   0.00456428     0.01609516   0.02138578     0.01396133   0.00469407
    6    1
 -0.00000000   0.00000000     0.00000000  -0.00000000    -0.01832850  -0.00487184
 -0.00000000  -0.00000000     0.00000000   0.00000000    -0.01640512  -0.00951529
 -0.01541582   0.01830451     0.00204262  -0.02384388    -0.00000000   0.00000000
    6    2
  0.01712500  -0.00946247    -0.00912118  -0.00412496     0.01609516  -0.02138578
 -0.00949083   0.00163911     0.00124909  -0.00825579    -0.00712626  -0.00456428
  0.01353962  -0.00470950    -0.00733747   0.00033382     0.01396133  -0.00469407
    6    3
 -0.01880018  -0.00541823     0.00353286   0.00936644     0.02650303  -0.00374103
  0.00787005   0.00555201    -0.00672097   0.00495448    -0.00181159  -0.00826646
  0.01290408   0.00624384    -0.00542442  -0.00495233    -0.01319136  -0.00655295
    6    4
  0.00124909   0.00825579    -0.00949083  -0.00163911    -0.00712626   0.00456428
 -0.00912118   0.00412496     0.01712500   0.00946247     0.01609516   0.02138578
 -0.00733747  -0.00033382     0.01353962   0.00470950     0.01396133   0.00469407
    6    5
 -0.00672097  -0.00495448     0.00787005  -0.00555201    -0.00181159   0.00826646
  0.00353286  -0.00936644    -0.01880018   0.00541823     0.02650303   0.00374103
 -0.00542442   0.00495233     0.01290408  -0.00624384    -0.01319136   0.00655295
    6    6
  0.04656902   0.00000000     0.00193359   0.00501597    -0.00000000   0.00000000
  0.00193359  -0.00501597     0.04656902  -0.00000000    -0.00000000   0.00000000
 -0.00000000   0.00000000    -0.00000000   0.00000000     0.04318665   0.00000000
    6    7
  0.00620311  -0.01287215    -0.00395604  -0.00000000     0.00000000  -0.00000000
 -0.00395604  -0.00000000     0.00620311   0.01287215     0.00000000  -0.00000000
  0.00000000  -0.00000000     0.00000000  -0.00000000    -0.01780286  -0.00000000
    7    1
 -0.00000000  -0.00000000     0.00000000   0.00000000    -0.01640512  -0.00951529
 -0.00000000   0.00000000     0.00000000  -0.00000000    -0.01832850  -0.00487184
  0.00204262  -0.02384388    -0.01541582   0.01830451     0.00000000  -0.00000000
    7    2
 -0.01880018   0.00541823     0.00353286  -0.00936644     0.02650303   0.00374103
  0.00787005  -0.00555201    -0.00672097  -0.00495448    -0.00181159   0.00826646
  0.01290408  -0.00624384    -0.00542442   0.00495233    -0.01319136   0.00655295
    7    3
  0.01712500   0.00946247    -0.00912118   0.00412496     0.01609516   0.02138578
 -0.00949083  -0.00163911     0.00124909   0.00825579    -0.00712626   0.00456428
  0.01353962   0.00470950    -0.00733747  -0.00033382     0.01396133   0.00469407
    7    4
 -0.00672097   0.00495448     0.00787005   0.00555201    -0.00181159  -0.00826646
  0.00353286   0.00936644    -0.01880018  -0.00541823     0.02650303  -0.00374103
 -0.00542442  -0.00495233     0.01290408   0.00624384    -0.01319136  -0.00655295
    7    5
  0.00124909  -0.00825579    -0.00949083   0.00163911    -0.00712626  -0.00456428
 -0.00912118  -0.00412496     0.01712500  -0.00946247     0.01609516  -0.02138578
 -0.00733747   0.00033382     0.01353962  -0.00470950     0.01396133  -0.00469407
    7    6
  0.00620311   0.01287215    -0.00395604   0.00000000     0.00000000   0.00000000
 -0.00395604   0.00000000     0.00620311  -0.01287215     0.00000000   0.00000000
  0.00000000   0.00000000     0.00000000   0.00000000    -0.01780286   0.00000000
    7    7
  0.04656902   0.00000000     0.00193359  -0.00501597    -0.00000000   0.00000000
  0.00193359   0.00501597     0.04656902   0.00000000    -0.00000000   0.00000000
 -0.00000000   0.00000000    -0.00000000   0.00000000     0.04318665   0.00000000

     Dynamical  Matrix in cartesian axes

     q = (    0.216506400  -0.433012700   0.433012700 ) 

    1    1
  0.06446511   0.00000000     0.00000000   0.00000000    -0.00000000   0.00000000
  0.00000000  -0.00000000     0.11826339   0.00000000    -0.04080191   0.00000000
 -0.00000000   0.00000000    -0.04080191  -0.00000000     0.11826339  -0.00000000
    1    2
  0.00000000   0.00000000    -0.01832850   0.00487184    -0.01640512   0.00951529
 -0.01541582  -0.01830451     0.00000000   0.00000000     0.00000000  -0.00000000
  0.00204262   0.02384388    -0.00000000  -0.00000000    -0.00000000   0.00000000
    1    3
 -0.00000000  -0.00000000    -0.01640512   0.00951529    -0.01832850   0.00487184
  0.00204262   0.02384388     0.00000000  -0.00000000     0.00000000   0.00000000
 -0.01541582  -0.01830451    -0.00000000   0.00000000    -0.00000000  -0.00000000
    1    4
 -0.01104209   0.01104210    -0.00419008  -0.00419008     0.00238775   0.00238775
 -0.00971297  -0.00971296    -0.01682021   0.01682022    -0.01877108   0.01877109
  0.00752820   0.00752820     0.00641061  -0.00641061     0.01375709  -0.01375709
    1    5
 -0.01561588  -0.00000000    -0.00000000   0.00592567     0.00000000  -0.00337679
 -0.00000000   0.01373621    -0.02378738  -0.00000000    -0.02654632  -0.00000000
  0.00000000  -0.01064648     0.00906597   0.00000000     0.01945546   0.00000000
    1    6
 -0.01561588   0.00000000    -0.00000000  -0.00337679     0.00000000   0.00592567
 -0.00000000  -0.01064648     0.01945546  -0.00000000     0.00906597  -0.00000000
  0.00000000   0.01373621    -0.02654632   0.00000000    -0.02378738   0.00000000
    1    7
 -0.01104210   0.01104210     0.00238775   0.00238775    -0.00419008  -0.00419008
  0.00752820   0.00752820     0.01375709  -0.01375709     0.00641061  -0.00641061
