  5.000000000000000E-003   1.26088367795901        1.90067469670089     
          12

     Dynamical  Matrix in cartesian axes

     q = (   -0.866025400  -0.108253200  -0.108253200 ) 

    1    1
  0.00136092   0.00000000    -0.00000000  -0.00000000    -0.00000000  -0.00000000
  0.00000000  -0.00000000     0.04350120   0.00000000    -0.00108127   0.00000000
 -0.00000000  -0.00000000    -0.00108127   0.00000000     0.04350120   0.00000000
    1    2
 -0.00000000  -0.00000000    -0.00039519   0.00095408    -0.00039519   0.00095408
 -0.00669281   0.01615786     0.01086376   0.00449992    -0.00019909  -0.00008247
 -0.00669281   0.01615786     0.00019909   0.00008247    -0.01086376  -0.00449992
    1    3
 -0.00000000  -0.00000000    -0.00039519   0.00095408    -0.00039519   0.00095408
 -0.00669281   0.01615786    -0.01086376  -0.00449992     0.00019909   0.00008247
 -0.00669281   0.01615786    -0.00019909  -0.00008247     0.01086376   0.00449992
    1    4
 -0.00049365   0.00078069    -0.00000000   0.00000000    -0.00000000  -0.00000000
 -0.00000000   0.00000000    -0.00311476   0.00752805    -0.00387176  -0.00578610
 -0.00000000  -0.00000000     0.00026118   0.02120702     0.01406458  -0.00352880
    1    5
 -0.00020297   0.00090109     0.00000000  -0.00000000     0.00000000   0.00000000
  0.00000000  -0.00000000    -0.00312067   0.00752560     0.00682914  -0.00135364
  0.00000000   0.00000000    -0.01518032   0.01481095    -0.00744992  -0.01244040
    1    6
 -0.00020297   0.00090109     0.00000000   0.00000000     0.00000000  -0.00000000
  0.00000000  -0.00000000    -0.00744992  -0.01244040    -0.01518032   0.01481095
  0.00000000  -0.00000000     0.00682914  -0.00135364    -0.00312067   0.00752560
    1    7
 -0.00049365   0.00078069    -0.00000000  -0.00000000    -0.00000000   0.00000000
 -0.00000000  -0.00000000     0.01406458  -0.00352880     0.00026118   0.02120702
 -0.00000000   0.00000000    -0.00387176  -0.00578610    -0.00311476   0.00752805
    2    1
 -0.00000000   0.00000000    -0.00669281  -0.01615786    -0.00669281  -0.01615786
 -0.00039519  -0.00095408     0.01086376  -0.00449992     0.00019909  -0.00008247
 -0.00039519  -0.00095408    -0.00019909   0.00008247    -0.01086376   0.00449992
    2    2
  0.01475438  -0.00000000    -0.00000000  -0.00481907    -0.00000000   0.00481907
  0.00000000   0.00481907     0.00529741   0.00000000     0.00063614   0.00000000
 -0.00000000  -0.00481907     0.00063614   0.00000000     0.00529741  -0.00000000
    2    3
  0.01443950  -0.00000000    -0.00000000   0.00499121     0.00000000  -0.00499121
  0.00000000   0.00499121    -0.00135403   0.00000000     0.00082956   0.00000000
  0.00000000  -0.00499121     0.00082956   0.00000000    -0.00135403   0.00000000
    2    4
  0.00007295   0.00007557     0.01159620  -0.00355329    -0.00506932  -0.00240110
  0.00173168   0.00030508     0.00017364   0.00252728    -0.00145469  -0.00122703
  0.00056657   0.00030590    -0.00210995  -0.00519159    -0.00312905   0.00241127
    2    5
 -0.00007295   0.00007557     0.01159620   0.00355329    -0.00506932   0.00240110
  0.00173168  -0.00030508    -0.00017364   0.00252728     0.00145469  -0.00122703
  0.00056657  -0.00030590     0.00210995  -0.00519159     0.00312905   0.00241127
    2    6
  0.00007295  -0.00007557    -0.00506932   0.00240110     0.01159620   0.00355329
  0.00056657  -0.00030590    -0.00312905  -0.00241127    -0.00210995   0.00519159
  0.00173168  -0.00030508    -0.00145469   0.00122703     0.00017364  -0.00252728
    2    7
 -0.00007295  -0.00007557    -0.00506932  -0.00240110     0.01159620  -0.00355329
  0.00056657   0.00030590     0.00312905  -0.00241127     0.00210995   0.00519159
  0.00173168   0.00030508     0.00145469   0.00122703    -0.00017364  -0.00252728
    3    1
 -0.00000000   0.00000000    -0.00669281  -0.01615786    -0.00669281  -0.01615786
 -0.00039519  -0.00095408    -0.01086376   0.00449992    -0.00019909   0.00008247
 -0.00039519  -0.00095408     0.00019909  -0.00008247     0.01086376  -0.00449992
    3    2
  0.01443950   0.00000000    -0.00000000  -0.00499121    -0.00000000   0.00499121
  0.00000000  -0.00499121    -0.00135403   0.00000000     0.00082956   0.00000000
  0.00000000   0.00499121     0.00082956  -0.00000000    -0.00135403  -0.00000000
    3    3
  0.01475438   0.00000000     0.00000000   0.00481907    -0.00000000  -0.00481907
  0.00000000  -0.00481907     0.00529741  -0.00000000     0.00063614   0.00000000
  0.00000000   0.00481907     0.00063614   0.00000000     0.00529741  -0.00000000
    3    4
 -0.00007295  -0.00007557     0.01159620  -0.00355329    -0.00506932  -0.00240110
  0.00173168   0.00030508    -0.00017364  -0.00252728     0.00145469   0.00122703
  0.00056657   0.00030590     0.00210995   0.00519159     0.00312905  -0.00241127
    3    5
  0.00007295  -0.00007557     0.01159620   0.00355329    -0.00506932   0.00240110
  0.00173168  -0.00030508     0.00017364  -0.00252728    -0.00145469   0.00122703
  0.00056657  -0.00030590    -0.00210995   0.00519159    -0.00312905  -0.00241127
    3    6
 -0.00007295   0.00007557    -0.00506932   0.00240110     0.01159620   0.00355329
  0.00056657  -0.00030590     0.00312905   0.00241127     0.00210995  -0.00519159
  0.00173168  -0.00030508     0.00145469  -0.00122703    -0.00017364   0.00252728
    3    7
  0.00007295   0.00007557    -0.00506932  -0.00240110     0.01159620  -0.00355329
  0.00056657   0.00030590    -0.00312905   0.00241127    -0.00210995  -0.00519159
  0.00173168   0.00030508    -0.00145469  -0.00122703     0.00017364   0.00252728
    4    1
 -0.00049365  -0.00078069    -0.00000000  -0.00000000    -0.00000000   0.00000000
 -0.00000000  -0.00000000    -0.00311476  -0.00752805     0.00026118  -0.02120702
 -0.00000000   0.00000000    -0.00387176   0.00578610     0.01406458   0.00352880
    4    2
  0.00007295  -0.00007557     0.00173168  -0.00030508     0.00056657  -0.00030590
  0.01159620   0.00355329     0.00017364  -0.00252728    -0.00210995   0.00519159
 -0.00506932   0.00240110    -0.00145469   0.00122703    -0.00312905  -0.00241127
    4    3
 -0.00007295   0.00007557     0.00173168  -0.00030508     0.00056657  -0.00030590
  0.01159620   0.00355329    -0.00017364   0.00252728     0.00210995  -0.00519159
 -0.00506932   0.00240110     0.00145469  -0.00122703     0.00312905   0.00241127
    4    4
  0.00172423   0.00000000    -0.00000000  -0.00000000    -0.00000000  -0.00000000
 -0.00000000   0.00000000     0.01303783   0.00000000    -0.00251107  -0.00593216
 -0.00000000   0.00000000    -0.00251107   0.00593216     0.00733967  -0.00000000
    4    5
  0.00137169  -0.00051192    -0.00000000  -0.00000000    -0.00000000  -0.00000000
 -0.00000000  -0.00000000     0.00904743   0.00799984    -0.00664655   0.00246783
 -0.00000000  -0.00000000    -0.00664655   0.00246783    -0.00114764  -0.00289255
    4    6
  0.00034273  -0.00052867     0.00000000  -0.00000000     0.00000000  -0.00000000
  0.00000000  -0.00000000    -0.00193163  -0.00097507     0.00752029   0.00315493
  0.00000000  -0.00000000     0.00513112   0.00107570    -0.00193163  -0.00097507
    4    7
  0.00049797  -0.00000000    -0.00000000   0.00000000     0.00000000  -0.00000000
 -0.00000000   0.00000000    -0.00442028  -0.00050257     0.00768827  -0.00000000
  0.00000000  -0.00000000    -0.00037344   0.00000000    -0.00442028   0.00050257
    5    1
 -0.00020297  -0.00090109    -0.00000000   0.00000000     0.00000000   0.00000000
  0.00000000   0.00000000    -0.00312067  -0.00752560    -0.01518032  -0.01481095
  0.00000000  -0.00000000     0.00682914   0.00135364    -0.00744992   0.01244040
    5    2
 -0.00007295  -0.00007557     0.00173168   0.00030508     0.00056657   0.00030590
  0.01159620  -0.00355329    -0.00017364  -0.00252728     0.00210995   0.00519159
 -0.00506932  -0.00240110     0.00145469   0.00122703     0.00312905  -0.00241127
    5    3
  0.00007295   0.00007557     0.00173168   0.00030508     0.00056657   0.00030590
  0.01159620  -0.00355329     0.00017364   0.00252728    -0.00210995  -0.00519159
 -0.00506932  -0.00240110    -0.00145469  -0.00122703    -0.00312905   0.00241127
    5    4
  0.00137169   0.00051192    -0.00000000   0.00000000    -0.00000000   0.00000000
 -0.00000000   0.00000000     0.00904743  -0.00799984    -0.00664655  -0.00246783
 -0.00000000   0.00000000    -0.00664655  -0.00246783    -0.00114764   0.00289255
    5    5
  0.00172423  -0.00000000    -0.00000000   0.00000000    -0.00000000  -0.00000000
 -0.00000000   0.00000000     0.01303783   0.00000000    -0.00251107   0.00593216
 -0.00000000   0.00000000    -0.00251107  -0.00593216     0.00733967  -0.00000000
    5    6
  0.00049797  -0.00000000    -0.00000000  -0.00000000     0.00000000   0.00000000
 -0.00000000  -0.00000000    -0.00442028   0.00050257     0.00768827   0.00000000
  0.00000000   0.00000000    -0.00037344  -0.00000000    -0.00442028  -0.00050257
    5    7
  0.00034273   0.00052867     0.00000000   0.00000000     0.00000000   0.00000000
  0.00000000   0.00000000    -0.00193163   0.00097507     0.00752029  -0.00315493
  0.00000000   0.00000000     0.00513112  -0.00107570    -0.00193163   0.00097507
    6    1
 -0.00020297  -0.00090109     0.00000000   0.00000000     0.00000000   0.00000000
 -0.00000000  -0.00000000    -0.00744992   0.01244040     0.00682914   0.00135364
  0.00000000   0.00000000    -0.01518032  -0.01481095    -0.00312067  -0.00752560
    6    2
  0.00007295   0.00007557     0.00056657   0.00030590     0.00173168   0.00030508
 -0.00506932  -0.00240110    -0.00312905   0.00241127    -0.00145469  -0.00122703
  0.01159620  -0.00355329    -0.00210995  -0.00519159     0.00017364   0.00252728
    6    3
 -0.00007295  -0.00007557     0.00056657   0.00030590     0.00173168   0.00030508
 -0.00506932  -0.00240110     0.00312905  -0.00241127     0.00145469   0.00122703
  0.01159620  -0.00355329     0.00210995   0.00519159    -0.00017364  -0.00252728
    6    4
  0.00034273   0.00052867     0.00000000   0.00000000     0.00000000   0.00000000
  0.00000000   0.00000000    -0.00193163   0.00097507     0.00513112  -0.00107570
  0.00000000   0.00000000     0.00752029  -0.00315493    -0.00193163   0.00097507
    6    5
  0.00049797  -0.00000000    -0.00000000   0.00000000     0.00000000  -0.00000000
 -0.00000000  -0.00000000    -0.00442028  -0.00050257    -0.00037344  -0.00000000
  0.00000000  -0.00000000     0.00768827  -0.00000000    -0.00442028   0.00050257
    6    6
  0.00172423  -0.00000000     0.00000000   0.00000000    -0.00000000   0.00000000
  0.00000000   0.00000000     0.00733967   0.00000000    -0.00251107  -0.00593216
 -0.00000000  -0.00000000    -0.00251107   0.00593216     0.01303783  -0.00000000
    6    7
  0.00137169   0.00051192    -0.00000000   0.00000000    -0.00000000   0.00000000
 -0.00000000   0.00000000    -0.00114764   0.00289255    -0.00664655  -0.00246783
 -0.00000000   0.00000000    -0.00664655  -0.00246783     0.00904743  -0.00799984
    7    1
 -0.00049365  -0.00078069    -0.00000000   0.00000000    -0.00000000  -0.00000000
 -0.00000000   0.00000000     0.01406458   0.00352880    -0.00387176   0.00578610
 -0.00000000  -0.00000000     0.00026118  -0.02120702    -0.00311476  -0.00752805
    7    2
 -0.00007295   0.00007557     0.00056657  -0.00030590     0.00173168  -0.00030508
 -0.00506932   0.00240110     0.00312905   0.00241127     0.00145469  -0.00122703
  0.01159620   0.00355329     0.00210995  -0.00519159    -0.00017364   0.00252728
    7    3
  0.00007295  -0.00007557     0.00056657  -0.00030590     0.00173168  -0.00030508
 -0.00506932   0.00240110    -0.00312905  -0.00241127    -0.00145469   0.00122703
  0.01159620   0.00355329    -0.00210995   0.00519159     0.00017364  -0.00252728
    7    4
  0.00049797   0.00000000    -0.00000000  -0.00000000     0.00000000   0.00000000
  0.00000000   0.00000000    -0.00442028   0.00050257    -0.00037344   0.00000000
  0.00000000   0.00000000     0.00768827   0.00000000    -0.00442028  -0.00050257
    7    5
  0.00034273  -0.00052867     0.00000000  -0.00000000     0.00000000  -0.00000000
  0.00000000  -0.00000000    -0.00193163  -0.00097507     0.00513112   0.00107570
  0.00000000  -0.00000000     0.00752029   0.00315493    -0.00193163  -0.00097507
    7    6
  0.00137169  -0.00051192    -0.00000000  -0.00000000    -0.00000000  -0.00000000
 -0.00000000  -0.00000000    -0.00114764  -0.00289255    -0.00664655   0.00246783
 -0.00000000  -0.00000000    -0.00664655   0.00246783     0.00904743   0.00799984
    7    7
  0.00172423   0.00000000     0.00000000   0.00000000    -0.00000000   0.00000000
  0.00000000  -0.00000000     0.00733967   0.00000000    -0.00251107   0.00593216
 -0.00000000  -0.00000000    -0.00251107  -0.00593216     0.01303783  -0.00000000

     Dynamical  Matrix in cartesian axes

     q = (   -0.108253200  -0.866025400   0.108253200 ) 

    1    1
  0.04350120   0.00000000    -0.00000000   0.00000000     0.00108127  -0.00000000
 -0.00000000   0.00000000     0.00136092   0.00000000    -0.00000000   0.00000000
  0.00108127  -0.00000000    -0.00000000   0.00000000     0.04350120   0.00000000
    1    2
  0.00311476   0.00752805    -0.00000000  -0.00000000    -0.00387176   0.00578610
 -0.00000000   0.00000000     0.00049365   0.00078069     0.00000000   0.00000000
  0.00026118  -0.02120702     0.00000000   0.00000000    -0.01406458  -0.00352880
    1    3
 -0.00311476   0.00752805    -0.00000000   0.00000000     0.00387176   0.00578610
 -0.00000000   0.00000000    -0.00049365   0.00078069     0.00000000   0.00000000
 -0.00026118  -0.02120702     0.00000000   0.00000000     0.01406458  -0.00352880
    1    4
 -0.01086376  -0.00449992    -0.00669281   0.01615786    -0.00019909  -0.00008247
 -0.00039519   0.00095408    -0.00000000  -0.00000000     0.00039519  -0.00095408
  0.00019909   0.00008247     0.00669281  -0.01615786     0.01086376   0.00449992
    1    5
  0.01086376  -0.00449992     0.00669281   0.01615786     0.00019909  -0.00008247
  0.00039519   0.00095408    -0.00000000   0.00000000    -0.00039519  -0.00095408
 -0.00019909   0.00008247    -0.00669281  -0.01615786    -0.01086376   0.00449992
    1    6
  0.01406458   0.00352880     0.00000000  -0.00000000    -0.00026118   0.02120702
 -0.00000000  -0.00000000    -0.00049365  -0.00078069    -0.00000000   0.00000000
  0.00387176  -0.00578610     0.00000000   0.00000000    -0.00311476  -0.00752805
    1    7
 -0.01406458   0.00352880     0.00000000   0.00000000     0.00026118   0.02120702
  0.00000000   0.00000000     0.00049365  -0.00078069    -0.00000000   0.00000000
 -0.00387176  -0.00578610    -0.00000000   0.00000000     0.00311476  -0.00752805
    2    1
  0.00311476  -0.00752805    -0.00000000  -0.00000000     0.00026118   0.02120702
 -0.00000000   0.00000000     0.00049365  -0.00078069     0.00000000   0.00000000
 -0.00387176  -0.00578610     0.00000000   0.00000000    -0.01406458   0.00352880
    2    2
  0.01303783   0.00000000    -0.00000000   0.00000000     0.00251107  -0.00593216
 -0.00000000   0.00000000     0.00172423  -0.00000000    -0.00000000   0.00000000
  0.00251107   0.00593216    -0.00000000   0.00000000     0.00733967  -0.00000000
    2    3
  0.01205424   0.00074076    -0.00000000  -0.00000000     0.00295480   0.00644484
 -0.00000000  -0.00000000     0.00060795   0.00133191     0.00000000   0.00000000
  0.00295480   0.00644484     0.00000000   0.00000000    -0.00285684   0.00123384
    2    4
 -0.00166428   0.00190984     0.01071230   0.00568720    -0.00217905   0.00516297
  0.00100876   0.00144021    -0.00000185   0.00010502    -0.00018433  -0.00061693
  0.00016098   0.00189626     0.00188672   0.00528238    -0.00391760  -0.00050755
    2    5
 -0.00017364  -0.00252728     0.01159620  -0.00355329    -0.00210995  -0.00519159
  0.00173168   0.00030508    -0.00007295  -0.00007557    -0.00056657  -0.00030590
 -0.00145469  -0.00122703     0.00506932   0.00240110     0.00312905  -0.00241127
    2    6
  0.00442028  -0.00050257    -0.00000000   0.00000000     0.00768827  -0.00000000
 -0.00000000   0.00000000    -0.00049797   0.00000000    -0.00000000  -0.00000000
 -0.00037344   0.00000000    -0.00000000  -0.00000000     0.00442028   0.00050257
    2    7
  0.00205535   0.00067639    -0.00000000  -0.00000000     0.00754853   0.00308678
 -0.00000000  -0.00000000     0.00013148  -0.00061617     0.00000000   0.00000000
  0.00438889   0.00286761     0.00000000   0.00000000     0.00205535   0.00067639
    3    1
 -0.00311476  -0.00752805    -0.00000000  -0.00000000    -0.00026118   0.02120702
 -0.00000000  -0.00000000    -0.00049365  -0.00078069     0.00000000  -0.00000000
  0.00387176  -0.00578610     0.00000000  -0.00000000     0.01406458   0.00352880
    3    2
  0.01205424  -0.00074076    -0.00000000   0.00000000     0.00295480  -0.00644484
 -0.00000000   0.00000000     0.00060795  -0.00133191     0.00000000  -0.00000000
  0.00295480  -0.00644484     0.00000000  -0.00000000    -0.00285684  -0.00123384
    3    3
  0.01303783  -0.00000000    -0.00000000  -0.00000000     0.00251107   0.00593216
  0.00000000  -0.00000000     0.00172423   0.00000000    -0.00000000  -0.00000000
  0.00251107  -0.00593216    -0.00000000  -0.00000000     0.00733967  -0.00000000
    3    4
 -0.00017364   0.00252728     0.01159620   0.00355329    -0.00210995   0.00519159
  0.00173168  -0.00030508    -0.00007295   0.00007557    -0.00056657   0.00030590
 -0.00145469   0.00122703     0.00506932  -0.00240110     0.00312905   0.00241127
    3    5
 -0.00166428  -0.00190984     0.01071230  -0.00568720    -0.00217905  -0.00516297
  0.00100876  -0.00144021    -0.00000185  -0.00010502    -0.00018433   0.00061693
  0.00016098  -0.00189626     0.00188672  -0.00528238    -0.00391760   0.00050755
    3    6
  0.00205535  -0.00067639    -0.00000000   0.00000000     0.00754853  -0.00308678
 -0.00000000   0.00000000     0.00013148   0.00061617     0.00000000  -0.00000000
  0.00438889  -0.00286761     0.00000000  -0.00000000     0.00205535  -0.00067639
    3    7
  0.00442028   0.00050257    -0.00000000  -0.00000000     0.00768827   0.00000000
 -0.00000000  -0.00000000    -0.00049797  -0.00000000    -0.00000000   0.00000000
 -0.00037344  -0.00000000    -0.00000000   0.00000000     0.00442028  -0.00050257
    4    1
 -0.01086376   0.00449992    -0.00039519  -0.00095408     0.00019909  -0.00008247
 -0.00669281  -0.01615786    -0.00000000   0.00000000     0.00669281   0.01615786
 -0.00019909   0.00008247     0.00039519   0.00095408     0.01086376  -0.00449992
    4    2
 -0.00166428  -0.00190984     0.00100876  -0.00144021     0.00016098  -0.00189626
  0.01071230  -0.00568720    -0.00000185  -0.00010502     0.00188672  -0.00528238
 -0.00217905  -0.00516297    -0.00018433   0.00061693    -0.00391760   0.00050755
    4    3
 -0.00017364  -0.00252728     0.00173168   0.00030508    -0.00145469  -0.00122703
  0.01159620  -0.00355329    -0.00007295  -0.00007557     0.00506932   0.00240110
 -0.00210995  -0.00519159    -0.00056657  -0.00030590     0.00312905  -0.00241127
    4    4
  0.00529741   0.00000000     0.00000000  -0.00481907    -0.00063614   0.00000000
 -0.00000000   0.00481907     0.01475438   0.00000000    -0.00000000   0.00481907
 -0.00063614   0.00000000     0.00000000  -0.00481907     0.00529741  -0.00000000
    4    5
 -0.00095744   0.00095744    -0.00352932  -0.00352932    -0.00058659   0.00058659
 -0.00352932  -0.00352932     0.01021026  -0.01021027    -0.00352932  -0.00352932
 -0.00058659   0.00058659    -0.00352932  -0.00352932    -0.00095744   0.00095744
    4    6
 -0.00391760   0.00050755    -0.00018433   0.00061693    -0.00217905  -0.00516297
  0.00188672  -0.00528238    -0.00000185  -0.00010502     0.01071230  -0.00568720
  0.00016098  -0.00189626     0.00100876  -0.00144021    -0.00166428  -0.00190984
    4    7
  0.00312905  -0.00241127    -0.00056657  -0.00030590    -0.00210995  -0.00519159
  0.00506932   0.00240110    -0.00007295  -0.00007557     0.01159620  -0.00355329
 -0.00145469  -0.00122703     0.00173168   0.00030508    -0.00017364  -0.00252728
    5    1
  0.01086376   0.00449992     0.00039519  -0.00095408    -0.00019909  -0.00008247
  0.00669281  -0.01615786    -0.00000000  -0.00000000    -0.00669281   0.01615786
  0.00019909   0.00008247    -0.00039519   0.00095408    -0.01086376  -0.00449992
    5    2
 -0.00017364   0.00252728     0.00173168  -0.00030508    -0.00145469   0.00122703
  0.01159620   0.00355329    -0.00007295   0.00007557     0.00506932  -0.00240110
 -0.00210995   0.00519159    -0.00056657   0.00030590     0.00312905   0.00241127
    5    3
 -0.00166428   0.00190984     0.00100876   0.00144021     0.00016098   0.00189626
  0.01071230   0.00568720    -0.00000185   0.00010502     0.00188672   0.00528238
 -0.00217905   0.00516297    -0.00018433  -0.00061693    -0.00391760  -0.00050755
    5    4
 -0.00095744  -0.00095744    -0.00352932   0.00352932    -0.00058659  -0.00058659
 -0.00352932   0.00352932     0.01021026   0.01021027    -0.00352932   0.00352932
 -0.00058659  -0.00058659    -0.00352932   0.00352932    -0.00095744  -0.00095744
    5    5
  0.00529741  -0.00000000     0.00000000   0.00481907    -0.00063614  -0.00000000
  0.00000000  -0.00481907     0.01475438   0.00000000    -0.00000000  -0.00481907
 -0.00063614  -0.00000000    -0.00000000   0.00481907     0.00529741  -0.00000000
    5    6
  0.00312905   0.00241127    -0.00056657   0.00030590    -0.00210995   0.00519159
  0.00506932  -0.00240110    -0.00007295   0.00007557     0.01159620   0.00355329
 -0.00145469   0.00122703     0.00173168  -0.00030508    -0.00017364   0.00252728
    5    7
 -0.00391760  -0.00050755    -0.00018433  -0.00061693    -0.00217905   0.00516297
  0.00188672   0.00528238    -0.00000185   0.00010502     0.01071230   0.00568720
  0.00016098   0.00189626     0.00100876   0.00144021    -0.00166428   0.00190984
    6    1
  0.01406458  -0.00352880    -0.00000000  -0.00000000     0.00387176   0.00578610
 -0.00000000   0.00000000    -0.00049365   0.00078069    -0.00000000  -0.00000000
 -0.00026118  -0.02120702     0.00000000  -0.00000000    -0.00311476   0.00752805
    6    2
  0.00442028   0.00050257     0.00000000  -0.00000000    -0.00037344  -0.00000000
 -0.00000000  -0.00000000    -0.00049797  -0.00000000    -0.00000000   0.00000000
  0.00768827   0.00000000    -0.00000000   0.00000000     0.00442028  -0.00050257
    6    3
  0.00205535   0.00067639    -0.00000000  -0.00000000     0.00438889   0.00286761
 -0.00000000  -0.00000000     0.00013148  -0.00061617     0.00000000   0.00000000
  0.00754853   0.00308678     0.00000000   0.00000000     0.00205535   0.00067639
    6    4
 -0.00391760  -0.00050755     0.00188672   0.00528238     0.00016098   0.00189626
 -0.00018433  -0.00061693    -0.00000185   0.00010502     0.00100876   0.00144021
 -0.00217905   0.00516297     0.01071230   0.00568720    -0.00166428   0.00190984
    6    5
  0.00312905  -0.00241127     0.00506932   0.00240110    -0.00145469  -0.00122703
 -0.00056657  -0.00030590    -0.00007295  -0.00007557     0.00173168   0.00030508
 -0.00210995  -0.00519159     0.01159620  -0.00355329    -0.00017364  -0.00252728
    6    6
  0.00733967   0.00000000     0.00000000   0.00000000     0.00251107   0.00593216
 -0.00000000   0.00000000     0.00172423  -0.00000000    -0.00000000   0.00000000
  0.00251107  -0.00593216    -0.00000000   0.00000000     0.01303783  -0.00000000
    6    7
 -0.00285684   0.00123384    -0.00000000  -0.00000000     0.00295480   0.00644484
 -0.00000000  -0.00000000     0.00060795   0.00133191     0.00000000   0.00000000
  0.00295480   0.00644484     0.00000000   0.00000000     0.01205424   0.00074076
    7    1
 -0.01406458  -0.00352880     0.00000000  -0.00000000    -0.00387176   0.00578610
  0.00000000  -0.00000000     0.00049365   0.00078069    -0.00000000  -0.00000000
  0.00026118  -0.02120702    -0.00000000  -0.00000000     0.00311476   0.00752805
    7    2
  0.00205535  -0.00067639    -0.00000000   0.00000000     0.00438889  -0.00286761
 -0.00000000   0.00000000     0.00013148   0.00061617     0.00000000  -0.00000000
  0.00754853  -0.00308678     0.00000000  -0.00000000     0.00205535  -0.00067639
    7    3
  0.00442028  -0.00050257    -0.00000000   0.00000000    -0.00037344   0.00000000
 -0.00000000   0.00000000    -0.00049797   0.00000000    -0.00000000  -0.00000000
  0.00768827  -0.00000000    -0.00000000  -0.00000000     0.00442028   0.00050257
    7    4
  0.00312905   0.00241127     0.00506932  -0.00240110    -0.00145469   0.00122703
 -0.00056657   0.00030590    -0.00007295   0.00007557     0.00173168  -0.00030508
 -0.00210995   0.00519159     0.01159620   0.00355329    -0.00017364   0.00252728
    7    5
 -0.00391760   0.00050755     0.00188672  -0.00528238     0.00016098  -0.00189626
 -0.00018433   0.00061693    -0.00000185  -0.00010502     0.00100876  -0.00144021
 -0.00217905  -0.00516297     0.01071230  -0.00568720    -0.00166428  -0.00190984
    7    6
 -0.00285684  -0.00123384    -0.00000000   0.00000000     0.00295480  -0.00644484
 -0.00000000   0.00000000     0.00060795  -0.00133191     0.00000000  -0.00000000
  0.00295480  -0.00644484     0.00000000  -0.00000000     0.01205424  -0.00074076
    7    7
  0.00733967  -0.00000000    -0.00000000  -0.00000000     0.00251107  -0.00593216
 -0.00000000  -0.00000000     0.00172423   0.00000000    -0.00000000  -0.00000000
  0.00251107   0.00593216    -0.00000000  -0.00000000     0.01303783  -0.00000000

     Dynamical  Matrix in cartesian axes

     q = (    0.108253200   0.866025400   0.108253200 ) 

    1    1
  0.04350120   0.00000000    -0.00000000  -0.00000000    -0.00108127   0.00000000
 -0.00000000  -0.00000000     0.00136092   0.00000000    -0.00000000  -0.00000000
 -0.00108127   0.00000000    -0.00000000  -0.00000000     0.04350120   0.00000000
    1    2
 -0.00312067  -0.00752560    -0.00000000  -0.00000000     0.00682914   0.00135364
 -0.00000000  -0.00000000    -0.00020297  -0.00090109     0.00000000   0.00000000
 -0.01518032  -0.01481095     0.00000000  -0.00000000    -0.00744992   0.01244040
    1    3
 -0.00311476  -0.00752805     0.00000000  -0.00000000    -0.00387176   0.00578610
  0.00000000   0.00000000    -0.00049365  -0.00078069    -0.00000000  -0.00000000
  0.00026118  -0.02120702    -0.00000000   0.00000000     0.01406458   0.00352880
    1    4
 -0.01086376   0.00449992    -0.00669281  -0.01615786     0.00019909  -0.00008247
 -0.00039519  -0.00095408     0.00000000  -0.00000000    -0.00039519  -0.00095408
 -0.00019909   0.00008247    -0.00669281  -0.01615786     0.01086376  -0.00449992
    1    5
  0.01086376  -0.00449992    -0.00669281  -0.01615786    -0.00019909   0.00008247
 -0.00039519  -0.00095408     0.00000000  -0.00000000    -0.00039519  -0.00095408
  0.00019909  -0.00008247    -0.00669281  -0.01615786    -0.01086376   0.00449992
    1    6
  0.01406458   0.00352880    -0.00000000  -0.00000000     0.00026118  -0.02120702
  0.00000000  -0.00000000    -0.00049365  -0.00078069     0.00000000   0.00000000
 -0.00387176   0.00578610     0.00000000  -0.00000000    -0.00311476  -0.00752805
    1    7
 -0.00744992   0.01244040     0.00000000  -0.00000000    -0.01518032  -0.01481095
  0.00000000   0.00000000    -0.00020297  -0.00090109    -0.00000000  -0.00000000
  0.00682914   0.00135364    -0.00000000  -0.00000000    -0.00312067  -0.00752560
    2    1
 -0.00312067   0.00752560    -0.00000000   0.00000000    -0.01518032   0.01481095
 -0.00000000   0.00000000    -0.00020297   0.00090109     0.00000000   0.00000000
  0.00682914  -0.00135364     0.00000000  -0.00000000    -0.00744992  -0.01244040
    2    2
  0.01303783   0.00000000    -0.00000000   0.00000000    -0.00251107  -0.00593216
  0.00000000  -0.00000000     0.00172423   0.00000000    -0.00000000  -0.00000000
 -0.00251107   0.00593216    -0.00000000   0.00000000     0.00733967  -0.00000000
    2    3
  0.00904743   0.00799984    -0.00000000  -0.00000000    -0.00664655   0.00246783
 -0.00000000  -0.00000000     0.00137169  -0.00051192    -0.00000000  -0.00000000
 -0.00664655   0.00246783    -0.00000000  -0.00000000    -0.00114764  -0.00289255
    2    4
  0.00017364  -0.00252728     0.01159620   0.00355329    -0.00210995   0.00519159
  0.00173168  -0.00030508     0.00007295  -0.00007557     0.00056657  -0.00030590
 -0.00145469   0.00122703    -0.00506932   0.00240110    -0.00312905  -0.00241127
    2    5
 -0.00017364   0.00252728     0.01159620   0.00355329     0.00210995  -0.00519159
  0.00173168  -0.00030508    -0.00007295   0.00007557     0.00056657  -0.00030590
  0.00145469  -0.00122703    -0.00506932   0.00240110     0.00312905   0.00241127
    2    6
 -0.00193163  -0.00097507     0.00000000  -0.00000000     0.00752029   0.00315493
  0.00000000  -0.00000000     0.00034273  -0.00052867     0.00000000  -0.00000000
  0.00513112   0.00107570     0.00000000  -0.00000000    -0.00193163  -0.00097507
    2    7
 -0.00442028  -0.00050257    -0.00000000   0.00000000     0.00768827  -0.00000000
 -0.00000000  -0.00000000     0.00049797   0.00000000     0.00000000  -0.00000000
 -0.00037344   0.00000000     0.00000000  -0.00000000    -0.00442028   0.00050257
    3    1
 -0.00311476   0.00752805     0.00000000  -0.00000000     0.00026118   0.02120702
  0.00000000  -0.00000000    -0.00049365   0.00078069    -0.00000000   0.00000000
 -0.00387176  -0.00578610    -0.00000000   0.00000000     0.01406458  -0.00352880
    3    2
  0.00904743  -0.00799984    -0.00000000   0.00000000    -0.00664655  -0.00246783
 -0.00000000   0.00000000     0.00137169   0.00051192    -0.00000000   0.00000000
 -0.00664655  -0.00246783    -0.00000000   0.00000000    -0.00114764   0.00289255
    3    3
  0.01303783   0.00000000    -0.00000000   0.00000000    -0.00251107   0.00593216
  0.00000000   0.00000000     0.00172423  -0.00000000    -0.00000000   0.00000000
 -0.00251107  -0.00593216    -0.00000000   0.00000000     0.00733967  -0.00000000
    3    4
 -0.00017364  -0.00252728     0.01159620  -0.00355329     0.00210995   0.00519159
  0.00173168   0.00030508    -0.00007295  -0.00007557     0.00056657   0.00030590
  0.00145469   0.00122703    -0.00506932  -0.00240110     0.00312905  -0.00241127
    3    5
  0.00017364   0.00252728     0.01159620  -0.00355329    -0.00210995  -0.00519159
  0.00173168   0.00030508     0.00007295   0.00007557     0.00056657   0.00030590
 -0.00145469  -0.00122703    -0.00506932  -0.00240110    -0.00312905   0.00241127
    3    6
 -0.00442028   0.00050257    -0.00000000  -0.00000000     0.00768827  -0.00000000
  0.00000000  -0.00000000     0.00049797  -0.00000000     0.00000000   0.00000000
 -0.00037344  -0.00000000     0.00000000   0.00000000    -0.00442028  -0.00050257
    3    7
 -0.00193163   0.00097507     0.00000000   0.00000000     0.00752029  -0.00315493
  0.00000000   0.00000000     0.00034273   0.00052867     0.00000000   0.00000000
  0.00513112  -0.00107570     0.00000000   0.00000000    -0.00193163   0.00097507
    4    1
 -0.01086376  -0.00449992    -0.00039519   0.00095408    -0.00019909  -0.00008247
 -0.00669281   0.01615786     0.00000000   0.00000000    -0.00669281   0.01615786
  0.00019909   0.00008247    -0.00039519   0.00095408     0.01086376   0.00449992
    4    2
  0.00017364   0.00252728     0.00173168   0.00030508    -0.00145469  -0.00122703
  0.01159620  -0.00355329     0.00007295   0.00007557    -0.00506932  -0.00240110
 -0.00210995  -0.00519159     0.00056657   0.00030590    -0.00312905   0.00241127
    4    3
 -0.00017364   0.00252728     0.00173168  -0.00030508     0.00145469  -0.00122703
  0.01159620   0.00355329    -0.00007295   0.00007557    -0.00506932   0.00240110
  0.00210995  -0.00519159     0.00056657  -0.00030590     0.00312905   0.00241127
    4    4
  0.00529741   0.00000000    -0.00000000   0.00481907     0.00063614   0.00000000
 -0.00000000  -0.00481907     0.01475438   0.00000000    -0.00000000   0.00481907
  0.00063614  -0.00000000    -0.00000000  -0.00481907     0.00529741  -0.00000000
    4    5
 -0.00135403   0.00000000    -0.00000000   0.00499121     0.00082956   0.00000000
 -0.00000000   0.00499121     0.01443950   0.00000000    -0.00000000  -0.00499121
  0.00082956   0.00000000     0.00000000  -0.00499121    -0.00135403   0.00000000
    4    6
 -0.00312905  -0.00241127     0.00056657  -0.00030590    -0.00210995   0.00519159
 -0.00506932   0.00240110     0.00007295  -0.00007557     0.01159620   0.00355329
 -0.00145469   0.00122703     0.00173168  -0.00030508     0.00017364  -0.00252728
    4    7
  0.00312905  -0.00241127     0.00056657   0.00030590     0.00210995   0.00519159
 -0.00506932  -0.00240110    -0.00007295  -0.00007557     0.01159620  -0.00355329
  0.00145469   0.00122703     0.00173168   0.00030508    -0.00017364  -0.00252728
    5    1
  0.01086376   0.00449992    -0.00039519   0.00095408     0.00019909   0.00008247
 -0.00669281   0.01615786     0.00000000   0.00000000    -0.00669281   0.01615786
 -0.00019909  -0.00008247    -0.00039519   0.00095408    -0.01086376  -0.00449992
    5    2
 -0.00017364  -0.00252728     0.00173168   0.00030508     0.00145469   0.00122703
  0.01159620  -0.00355329    -0.00007295  -0.00007557    -0.00506932  -0.00240110
  0.00210995   0.00519159     0.00056657   0.00030590     0.00312905  -0.00241127
    5    3
  0.00017364  -0.00252728     0.00173168  -0.00030508    -0.00145469   0.00122703
  0.01159620   0.00355329     0.00007295  -0.00007557    -0.00506932   0.00240110
 -0.00210995   0.00519159     0.00056657  -0.00030590    -0.00312905  -0.00241127
    5    4
 -0.00135403   0.00000000    -0.00000000  -0.00499121     0.00082956   0.00000000
 -0.00000000  -0.00499121     0.01443950  -0.00000000    -0.00000000   0.00499121
  0.00082956   0.00000000    -0.00000000   0.00499121    -0.00135403   0.00000000
    5    5
  0.00529741   0.00000000     0.00000000  -0.00481907     0.00063614   0.00000000
 -0.00000000   0.00481907     0.01475438  -0.00000000    -0.00000000  -0.00481907
  0.00063614   0.00000000    -0.00000000   0.00481907     0.00529741   0.00000000
    5    6
  0.00312905   0.00241127     0.00056657  -0.00030590     0.00210995  -0.00519159
 -0.00506932   0.00240110    -0.00007295   0.00007557     0.01159620   0.00355329
  0.00145469  -0.00122703     0.00173168  -0.00030508    -0.00017364   0.00252728
    5    7
 -0.00312905   0.00241127     0.00056657   0.00030590    -0.00210995  -0.00519159
 -0.00506932  -0.00240110     0.00007295   0.00007557     0.01159620  -0.00355329
 -0.00145469  -0.00122703     0.00173168   0.00030508     0.00017364   0.00252728
    6    1
  0.01406458  -0.00352880    -0.00000000   0.00000000    -0.00387176  -0.00578610
 -0.00000000  -0.00000000    -0.00049365   0.00078069    -0.00000000   0.00000000
  0.00026118   0.02120702     0.00000000  -0.00000000    -0.00311476   0.00752805
    6    2
 -0.00193163   0.00097507     0.00000000   0.00000000     0.00513112  -0.00107570
  0.00000000   0.00000000     0.00034273   0.00052867     0.00000000   0.00000000
  0.00752029  -0.00315493     0.00000000   0.00000000    -0.00193163   0.00097507
    6    3
 -0.00442028  -0.00050257    -0.00000000   0.00000000    -0.00037344  -0.00000000
 -0.00000000   0.00000000     0.00049797   0.00000000     0.00000000  -0.00000000
  0.00768827   0.00000000     0.00000000  -0.00000000    -0.00442028   0.00050257
    6    4
 -0.00312905   0.00241127    -0.00506932  -0.00240110    -0.00145469  -0.00122703
  0.00056657   0.00030590     0.00007295   0.00007557     0.00173168   0.00030508
 -0.00210995  -0.00519159     0.01159620  -0.00355329     0.00017364   0.00252728
    6    5
  0.00312905  -0.00241127    -0.00506932  -0.00240110     0.00145469   0.00122703
  0.00056657   0.00030590    -0.00007295  -0.00007557     0.00173168   0.00030508
  0.00210995   0.00519159     0.01159620  -0.00355329    -0.00017364  -0.00252728
    6    6
  0.00733967   0.00000000    -0.00000000   0.00000000    -0.00251107  -0.00593216
  0.00000000   0.00000000     0.00172423  -0.00000000    -0.00000000   0.00000000
 -0.00251107   0.00593216    -0.00000000   0.00000000     0.01303783  -0.00000000
    6    7
 -0.00114764   0.00289255    -0.00000000   0.00000000    -0.00664655  -0.00246783
 -0.00000000   0.00000000     0.00137169   0.00051192    -0.00000000   0.00000000
 -0.00664655  -0.00246783    -0.00000000   0.00000000     0.00904743  -0.00799984
    7    1
 -0.00744992  -0.01244040     0.00000000  -0.00000000     0.00682914  -0.00135364
  0.00000000   0.00000000    -0.00020297   0.00090109    -0.00000000   0.00000000
 -0.01518032   0.01481095    -0.00000000   0.00000000    -0.00312067   0.00752560
    7    2
 -0.00442028   0.00050257     0.00000000  -0.00000000    -0.00037344   0.00000000
 -0.00000000  -0.00000000     0.00049797   0.00000000     0.00000000   0.00000000
  0.00768827   0.00000000     0.00000000   0.00000000    -0.00442028  -0.00050257
    7    3
 -0.00193163  -0.00097507     0.00000000  -0.00000000     0.00513112   0.00107570
  0.00000000  -0.00000000     0.00034273  -0.00052867     0.00000000  -0.00000000
  0.00752029   0.00315493     0.00000000  -0.00000000    -0.00193163  -0.00097507
    7    4
  0.00312905   0.00241127    -0.00506932   0.00240110     0.00145469  -0.00122703
  0.00056657  -0.00030590    -0.00007295   0.00007557     0.00173168  -0.00030508
  0.00210995  -0.00519159     0.01159620   0.00355329    -0.00017364   0.00252728
    7    5
 -0.00312905  -0.00241127    -0.00506932   0.00240110    -0.00145469   0.00122703
  0.00056657  -0.00030590     0.00007295  -0.00007557     0.00173168  -0.00030508
 -0.00210995   0.00519159     0.01159620   0.00355329     0.00017364  -0.00252728
    7    6
 -0.00114764  -0.00289255    -0.00000000  -0.00000000    -0.00664655   0.00246783
 -0.00000000  -0.00000000     0.00137169  -0.00051192    -0.00000000  -0.00000000
 -0.00664655   0.00246783    -0.00000000  -0.00000000     0.00904743   0.00799984
    7    7
  0.00733967   0.00000000    -0.00000000  -0.00000000    -0.00251107   0.00593216
 -0.00000000   0.00000000     0.00172423   0.00000000    -0.00000000   0.00000000
 -0.00251107  -0.00593216    -0.00000000  -0.00000000     0.01303783  -0.00000000

     Dynamical  Matrix in cartesian axes

     q = (   -0.108253200   0.866025400  -0.108253200 ) 

    1    1
  0.04350120   0.00000000    -0.00000000  -0.00000000    -0.00108127   0.00000000
 -0.00000000  -0.00000000     0.00136092   0.00000000    -0.00000000  -0.00000000
 -0.00108127   0.00000000    -0.00000000  -0.00000000     0.04350120   0.00000000
    1    2
 -0.00312067   0.00752560    -0.00000000   0.00000000     0.00682914  -0.00135364
  0.00000000  -0.00000000    -0.00020297   0.00090109     0.00000000   0.00000000
 -0.01518032   0.01481095     0.00000000   0.00000000    -0.00744992  -0.01244040
    1    3
 -0.00311476   0.00752805     0.00000000  -0.00000000    -0.00387176  -0.00578610
  0.00000000  -0.00000000    -0.00049365   0.00078069     0.00000000   0.00000000
  0.00026118   0.02120702     0.00000000   0.00000000     0.01406458  -0.00352880
    1    4
 -0.01086376  -0.00449992    -0.00669281   0.01615786     0.00019909   0.00008247
 -0.00039519   0.00095408     0.00000000   0.00000000    -0.00039519   0.00095408
 -0.00019909  -0.00008247    -0.00669281   0.01615786     0.01086376   0.00449992
    1    5
  0.01086376   0.00449992    -0.00669281   0.01615786    -0.00019909  -0.00008247
 -0.00039519   0.00095408     0.00000000   0.00000000    -0.00039519   0.00095408
  0.00019909   0.00008247    -0.00669281   0.01615786    -0.01086376  -0.00449992
    1    6
  0.01406458  -0.00352880     0.00000000   0.00000000     0.00026118   0.02120702
  0.00000000   0.00000000    -0.00049365   0.00078069     0.00000000  -0.00000000
 -0.00387176  -0.00578610     0.00000000  -0.00000000    -0.00311476   0.00752805
    1    7
 -0.00744992  -0.01244040     0.00000000  -0.00000000    -0.01518032   0.01481095
 -0.00000000   0.00000000    -0.00020297   0.00090109     0.00000000  -0.00000000
