  2.000000000000000E-002   1.26015754758087        2.29045391948694     
           8

     Dynamical  Matrix in cartesian axes

     q = (    0.216506400   0.216506400   0.216506400 ) 

    1    1
  0.03847014   0.00000000     0.00099050   0.00000000     0.00099050   0.00000000
  0.00099050   0.00000000     0.03847014   0.00000000     0.00099050   0.00000000
  0.00099050   0.00000000     0.00099050   0.00000000     0.03847014   0.00000000
    1    2
 -0.00048213   0.00116396     0.00173667  -0.00393808     0.00155663  -0.00401265
  0.00356702   0.00769637    -0.00122697   0.00295251    -0.00517211  -0.00365517
 -0.00796442   0.00291990     0.00624183   0.00107263    -0.00122014   0.00295534
    1    3
 -0.00048213   0.00116396     0.00155663  -0.00401265     0.00173667  -0.00393808
 -0.00796442   0.00291990    -0.00122014   0.00295534     0.00624183   0.00107263
  0.00356702   0.00769637    -0.00517211  -0.00365517    -0.00122697   0.00295251
    1    4
 -0.00122014   0.00295534    -0.00796442   0.00291990     0.00624183   0.00107263
  0.00155663  -0.00401265    -0.00048213   0.00116396     0.00173667  -0.00393808
 -0.00517211  -0.00365517     0.00356702   0.00769637    -0.00122697   0.00295251
    1    5
 -0.00122697   0.00295251     0.00356702   0.00769637    -0.00517211  -0.00365517
  0.00173667  -0.00393808    -0.00048213   0.00116396     0.00155663  -0.00401265
  0.00624183   0.00107263    -0.00796442   0.00291990    -0.00122014   0.00295534
    1    6
 -0.00122697   0.00295251    -0.00517211  -0.00365517     0.00356702   0.00769637
  0.00624183   0.00107263    -0.00122014   0.00295534    -0.00796442   0.00291990
  0.00173667  -0.00393808     0.00155663  -0.00401265    -0.00048213   0.00116396
    1    7
 -0.00122014   0.00295534     0.00624183   0.00107263    -0.00796442   0.00291990
 -0.00517211  -0.00365517    -0.00122697   0.00295251     0.00356702   0.00769637
  0.00155663  -0.00401265     0.00173667  -0.00393808    -0.00048213   0.00116396
    2    1
 -0.00048213  -0.00116396     0.00356702  -0.00769637    -0.00796442  -0.00291990
  0.00173667   0.00393808    -0.00122697  -0.00295251     0.00624183  -0.00107263
  0.00155663   0.00401265    -0.00517211   0.00365517    -0.00122014  -0.00295534
    2    2
  0.04309494  -0.00000000     0.00537543  -0.00086386     0.00537543   0.00086386
  0.00537543   0.00086386     0.03268587  -0.00000000     0.01104083   0.00051478
  0.00537543  -0.00086386     0.01104083  -0.00051478     0.03268587   0.00000000
    2    3
  0.02759055   0.00000000     0.00603165   0.00105604     0.00603165  -0.00105604
  0.00603165   0.00105604    -0.01765479   0.00790076    -0.01083697  -0.00000000
  0.00603165  -0.00105604    -0.01083697  -0.00000000    -0.01765479  -0.00790076
    2    4
 -0.00977565   0.00993518    -0.01681410   0.00703430     0.00114748   0.00665472
 -0.02194804   0.01392143    -0.00977565   0.00993518    -0.01204165   0.00660943
 -0.01204165   0.00660943     0.00114748   0.00665472     0.00966200   0.01460577
    2    5
 -0.01184158  -0.00953536    -0.00973618  -0.00000000     0.00258475  -0.00708033
  0.02130164  -0.00000000    -0.01184158   0.00953536     0.00737746  -0.00455594
  0.00737746   0.00455594     0.00258475   0.00708033    -0.00567454  -0.00000000
    2    6
 -0.00977565  -0.00993518     0.00114748  -0.00665472    -0.01681410  -0.00703430
 -0.01204165  -0.00660943     0.00966200  -0.01460577     0.00114748  -0.00665472
 -0.02194804  -0.01392143    -0.01204165  -0.00660943    -0.00977565  -0.00993518
    2    7
 -0.01184158   0.00953536     0.00258475   0.00708033    -0.00973618   0.00000000
  0.00737746  -0.00455594    -0.00567454   0.00000000     0.00258475  -0.00708033
  0.02130164   0.00000000     0.00737746   0.00455594    -0.01184158  -0.00953536
    3    1
 -0.00048213  -0.00116396    -0.00796442  -0.00291990     0.00356702  -0.00769637
  0.00155663   0.00401265    -0.00122014  -0.00295534    -0.00517211   0.00365517
  0.00173667   0.00393808     0.00624183  -0.00107263    -0.00122697  -0.00295251
    3    2
  0.02759055  -0.00000000     0.00603165  -0.00105604     0.00603165   0.00105604
  0.00603165  -0.00105604    -0.01765479  -0.00790076    -0.01083697   0.00000000
  0.00603165   0.00105604    -0.01083697   0.00000000    -0.01765479   0.00790076
    3    3
  0.04309494   0.00000000     0.00537543   0.00086386     0.00537543  -0.00086386
  0.00537543  -0.00086386     0.03268587   0.00000000     0.01104083  -0.00051478
  0.00537543   0.00086386     0.01104083   0.00051478     0.03268587  -0.00000000
    3    4
 -0.01184158   0.00953536    -0.00973618   0.00000000     0.00258475   0.00708033
  0.02130164  -0.00000000    -0.01184158  -0.00953536     0.00737746   0.00455594
  0.00737746  -0.00455594     0.00258475  -0.00708033    -0.00567454   0.00000000
    3    5
 -0.00977565  -0.00993518    -0.01681410  -0.00703430     0.00114748  -0.00665472
 -0.02194804  -0.01392143    -0.00977565  -0.00993518    -0.01204165  -0.00660943
 -0.01204165  -0.00660943     0.00114748  -0.00665472     0.00966200  -0.01460577
    3    6
 -0.01184158  -0.00953536     0.00258475  -0.00708033    -0.00973618  -0.00000000
  0.00737746   0.00455594    -0.00567454  -0.00000000     0.00258475   0.00708033
  0.02130164  -0.00000000     0.00737746  -0.00455594    -0.01184158   0.00953536
    3    7
 -0.00977565   0.00993518     0.00114748   0.00665472    -0.01681410   0.00703430
 -0.01204165   0.00660943     0.00966200   0.01460577     0.00114748   0.00665472
 -0.02194804   0.01392143    -0.01204165   0.00660943    -0.00977565   0.00993518
    4    1
 -0.00122014  -0.00295534     0.00155663   0.00401265    -0.00517211   0.00365517
 -0.00796442  -0.00291990    -0.00048213  -0.00116396     0.00356702  -0.00769637
  0.00624183  -0.00107263     0.00173667   0.00393808    -0.00122697  -0.00295251
    4    2
 -0.00977565  -0.00993518    -0.02194804  -0.01392143    -0.01204165  -0.00660943
 -0.01681410  -0.00703430    -0.00977565  -0.00993518     0.00114748  -0.00665472
  0.00114748  -0.00665472    -0.01204165  -0.00660943     0.00966200  -0.01460577
    4    3
 -0.01184158  -0.00953536     0.02130164   0.00000000     0.00737746   0.00455594
 -0.00973618  -0.00000000    -0.01184158   0.00953536     0.00258475   0.00708033
  0.00258475  -0.00708033     0.00737746  -0.00455594    -0.00567454  -0.00000000
    4    4
  0.03268587   0.00000000     0.00537543  -0.00086386     0.01104083  -0.00051478
  0.00537543   0.00086386     0.04309494   0.00000000     0.00537543  -0.00086386
  0.01104083   0.00051478     0.00537543   0.00086386     0.03268587  -0.00000000
    4    5
 -0.01765479  -0.00790076     0.00603165  -0.00105604    -0.01083697  -0.00000000
  0.00603165  -0.00105604     0.02759055  -0.00000000     0.00603165   0.00105604
 -0.01083697  -0.00000000     0.00603165   0.00105604    -0.01765479   0.00790076
    4    6
  0.00966200   0.01460577    -0.01204165   0.00660943     0.00114748   0.00665472
  0.00114748   0.00665472    -0.00977565   0.00993518    -0.01681410   0.00703430
 -0.01204165   0.00660943    -0.02194804   0.01392143    -0.00977565   0.00993518
    4    7
 -0.00567454  -0.00000000     0.00737746   0.00455594     0.00258475   0.00708033
  0.00258475  -0.00708033    -0.01184158  -0.00953536    -0.00973618  -0.00000000
  0.00737746  -0.00455594     0.02130164  -0.00000000    -0.01184158   0.00953536
    5    1
 -0.00122697  -0.00295251     0.00173667   0.00393808     0.00624183  -0.00107263
  0.00356702  -0.00769637    -0.00048213  -0.00116396    -0.00796442  -0.00291990
 -0.00517211   0.00365517     0.00155663   0.00401265    -0.00122014  -0.00295534
    5    2
 -0.01184158   0.00953536     0.02130164  -0.00000000     0.00737746  -0.00455594
 -0.00973618  -0.00000000    -0.01184158  -0.00953536     0.00258475  -0.00708033
  0.00258475   0.00708033     0.00737746   0.00455594    -0.00567454  -0.00000000
    5    3
 -0.00977565   0.00993518    -0.02194804   0.01392143    -0.01204165   0.00660943
 -0.01681410   0.00703430    -0.00977565   0.00993518     0.00114748   0.00665472
  0.00114748   0.00665472    -0.01204165   0.00660943     0.00966200   0.01460577
    5    4
 -0.01765479   0.00790076     0.00603165   0.00105604    -0.01083697   0.00000000
  0.00603165   0.00105604     0.02759055   0.00000000     0.00603165  -0.00105604
 -0.01083697   0.00000000     0.00603165  -0.00105604    -0.01765479  -0.00790076
    5    5
  0.03268587  -0.00000000     0.00537543   0.00086386     0.01104083   0.00051478
  0.00537543  -0.00086386     0.04309494  -0.00000000     0.00537543   0.00086386
  0.01104083  -0.00051478     0.00537543  -0.00086386     0.03268587   0.00000000
    5    6
 -0.00567454   0.00000000     0.00737746  -0.00455594     0.00258475  -0.00708033
  0.00258475   0.00708033    -0.01184158   0.00953536    -0.00973618   0.00000000
  0.00737746   0.00455594     0.02130164   0.00000000    -0.01184158  -0.00953536
    5    7
  0.00966200  -0.01460577    -0.01204165  -0.00660943     0.00114748  -0.00665472
  0.00114748  -0.00665472    -0.00977565  -0.00993518    -0.01681410  -0.00703430
 -0.01204165  -0.00660943    -0.02194804  -0.01392143    -0.00977565  -0.00993518
    6    1
 -0.00122697  -0.00295251     0.00624183  -0.00107263     0.00173667   0.00393808
 -0.00517211   0.00365517    -0.00122014  -0.00295534     0.00155663   0.00401265
  0.00356702  -0.00769637    -0.00796442  -0.00291990    -0.00048213  -0.00116396
    6    2
 -0.00977565   0.00993518    -0.01204165   0.00660943    -0.02194804   0.01392143
  0.00114748   0.00665472     0.00966200   0.01460577    -0.01204165   0.00660943
 -0.01681410   0.00703430     0.00114748   0.00665472    -0.00977565   0.00993518
    6    3
 -0.01184158   0.00953536     0.00737746  -0.00455594     0.02130164   0.00000000
  0.00258475   0.00708033    -0.00567454  -0.00000000     0.00737746   0.00455594
 -0.00973618   0.00000000     0.00258475  -0.00708033    -0.01184158  -0.00953536
    6    4
  0.00966200  -0.01460577     0.00114748  -0.00665472    -0.01204165  -0.00660943
 -0.01204165  -0.00660943    -0.00977565  -0.00993518    -0.02194804  -0.01392143
  0.00114748  -0.00665472    -0.01681410  -0.00703430    -0.00977565  -0.00993518
    6    5
 -0.00567454   0.00000000     0.00258475  -0.00708033     0.00737746  -0.00455594
  0.00737746   0.00455594    -0.01184158  -0.00953536     0.02130164  -0.00000000
  0.00258475   0.00708033    -0.00973618  -0.00000000    -0.01184158   0.00953536
    6    6
  0.03268587  -0.00000000     0.01104083   0.00051478     0.00537543   0.00086386
  0.01104083  -0.00051478     0.03268587   0.00000000     0.00537543  -0.00086386
  0.00537543  -0.00086386     0.00537543   0.00086386     0.04309494   0.00000000
    6    7
 -0.01765479   0.00790076    -0.01083697   0.00000000     0.00603165   0.00105604
 -0.01083697   0.00000000    -0.01765479  -0.00790076     0.00603165  -0.00105604
  0.00603165   0.00105604     0.00603165  -0.00105604     0.02759055   0.00000000
    7    1
 -0.00122014  -0.00295534    -0.00517211   0.00365517     0.00155663   0.00401265
  0.00624183  -0.00107263    -0.00122697  -0.00295251     0.00173667   0.00393808
 -0.00796442  -0.00291990     0.00356702  -0.00769637    -0.00048213  -0.00116396
    7    2
 -0.01184158  -0.00953536     0.00737746   0.00455594     0.02130164  -0.00000000
  0.00258475  -0.00708033    -0.00567454   0.00000000     0.00737746  -0.00455594
 -0.00973618   0.00000000     0.00258475   0.00708033    -0.01184158   0.00953536
    7    3
 -0.00977565  -0.00993518    -0.01204165  -0.00660943    -0.02194804  -0.01392143
  0.00114748  -0.00665472     0.00966200  -0.01460577    -0.01204165  -0.00660943
 -0.01681410  -0.00703430     0.00114748  -0.00665472    -0.00977565  -0.00993518
    7    4
 -0.00567454   0.00000000     0.00258475   0.00708033     0.00737746   0.00455594
  0.00737746  -0.00455594    -0.01184158   0.00953536     0.02130164  -0.00000000
  0.00258475  -0.00708033    -0.00973618   0.00000000    -0.01184158  -0.00953536
    7    5
  0.00966200   0.01460577     0.00114748   0.00665472    -0.01204165   0.00660943
 -0.01204165   0.00660943    -0.00977565   0.00993518    -0.02194804   0.01392143
  0.00114748   0.00665472    -0.01681410   0.00703430    -0.00977565   0.00993518
    7    6
 -0.01765479  -0.00790076    -0.01083697   0.00000000     0.00603165  -0.00105604
 -0.01083697  -0.00000000    -0.01765479   0.00790076     0.00603165   0.00105604
  0.00603165  -0.00105604     0.00603165   0.00105604     0.02759055   0.00000000
    7    7
  0.03268587   0.00000000     0.01104083  -0.00051478     0.00537543  -0.00086386
  0.01104083   0.00051478     0.03268587  -0.00000000     0.00537543   0.00086386
  0.00537543   0.00086386     0.00537543  -0.00086386     0.04309494  -0.00000000

     Dynamical  Matrix in cartesian axes

     q = (    0.216506400  -0.216506400   0.216506400 ) 

    1    1
  0.03847014  -0.00000000    -0.00099050   0.00000000     0.00099050  -0.00000000
 -0.00099050   0.00000000     0.03847014  -0.00000000    -0.00099050   0.00000000
  0.00099050  -0.00000000    -0.00099050   0.00000000     0.03847014  -0.00000000
    1    2
 -0.00048213   0.00116396    -0.00173667   0.00393808     0.00155663  -0.00401265
 -0.00356702  -0.00769637    -0.00122697   0.00295251     0.00517211   0.00365517
 -0.00796442   0.00291990    -0.00624183  -0.00107263    -0.00122014   0.00295534
    1    3
 -0.00116396  -0.00048213    -0.00401265  -0.00155663     0.00393808   0.00173667
  0.00291990   0.00796442    -0.00295534  -0.00122014     0.00107263  -0.00624183
 -0.00769638   0.00356702    -0.00365518   0.00517210    -0.00295251  -0.00122698
    1    4
 -0.00295534   0.00122014     0.00291990  -0.00796442    -0.00107263  -0.00624183
 -0.00401265   0.00155663    -0.00116396   0.00048213    -0.00393808   0.00173667
  0.00365518   0.00517210     0.00769638   0.00356702    -0.00295251   0.00122698
    1    5
 -0.00295251   0.00122698     0.00769638   0.00356702     0.00365518   0.00517210
 -0.00393808   0.00173667    -0.00116396   0.00048213    -0.00401265   0.00155663
 -0.00107263  -0.00624183     0.00291990  -0.00796442    -0.00295534   0.00122014
    1    6
 -0.00295251  -0.00122698    -0.00365518   0.00517210    -0.00769638   0.00356702
  0.00107263  -0.00624183    -0.00295534  -0.00122014     0.00291990   0.00796442
  0.00393808   0.00173667    -0.00401265  -0.00155663    -0.00116396  -0.00048213
    1    7
 -0.00122014   0.00295534    -0.00624183  -0.00107263    -0.00796442   0.00291990
  0.00517211   0.00365517    -0.00122697   0.00295251    -0.00356702  -0.00769637
  0.00155663  -0.00401265    -0.00173667   0.00393808    -0.00048213   0.00116396
    2    1
 -0.00048213  -0.00116396    -0.00356702   0.00769637    -0.00796442  -0.00291990
 -0.00173667  -0.00393808    -0.00122697  -0.00295251    -0.00624183   0.00107263
  0.00155663   0.00401265     0.00517211  -0.00365517    -0.00122014  -0.00295534
    2    2
  0.04309494  -0.00000000    -0.00537543   0.00086386     0.00537543   0.00086386
 -0.00537543  -0.00086386     0.03268587  -0.00000000    -0.01104083  -0.00051478
  0.00537543  -0.00086386    -0.01104083   0.00051478     0.03268587   0.00000000
    2    3
 -0.00000001   0.02759055     0.00105604  -0.00603165     0.00105604   0.00603165
  0.00105604  -0.00603165    -0.00790076  -0.01765479    -0.00000000   0.01083697
  0.00105604   0.00603165    -0.00000000   0.01083697     0.00790077  -0.01765479
    2    4
 -0.00163074  -0.01511578     0.00688452   0.00688452     0.00683425  -0.00317886
 -0.01506253  -0.01506253    -0.01511578  -0.00163074    -0.00843819  -0.00199511
  0.00199511   0.00843819     0.00317886  -0.00683424    -0.00401250  -0.00401250
    2    5
 -0.01393766   0.00011280     0.01686337   0.00691536    -0.00389421   0.00551699
  0.02536354   0.00567567    -0.01393766   0.00011280     0.01318830   0.00384116
 -0.01318830  -0.00384116     0.00389421  -0.00551699    -0.00349578   0.01715991
    2    6
  0.00993518  -0.00977565    -0.00665472  -0.00114748     0.00703431  -0.01681410
 -0.00660944   0.01204165     0.01460577   0.00966201    -0.00665472  -0.00114748
  0.01392144  -0.02194803    -0.00660944   0.01204165     0.00993518  -0.00977565
    2    7
 -0.01184158   0.00953536    -0.00258475  -0.00708033    -0.00973618  -0.00000000
 -0.00737746   0.00455594    -0.00567454  -0.00000000    -0.00258475   0.00708033
  0.02130164   0.00000000    -0.00737746  -0.00455594    -0.01184158  -0.00953536
    3    1
 -0.00116396   0.00048213     0.00291990  -0.00796442    -0.00769638  -0.00356702
 -0.00401265   0.00155663    -0.00295534   0.00122014    -0.00365518  -0.00517210
  0.00393808  -0.00173667     0.00107263   0.00624183    -0.00295251   0.00122698
    3    2
 -0.00000001  -0.02759055     0.00105604   0.00603165     0.00105604  -0.00603165
  0.00105604   0.00603165    -0.00790076   0.01765479    -0.00000000  -0.01083697
  0.00105604  -0.00603165    -0.00000000  -0.01083697     0.00790077   0.01765479
    3    3
  0.04309494  -0.00000000    -0.00537543  -0.00086386     0.00537543  -0.00086386
 -0.00537543   0.00086386     0.03268587   0.00000000    -0.01104083   0.00051478
  0.00537543   0.00086386    -0.01104083  -0.00051478     0.03268587   0.00000000
    3    4
 -0.01393766  -0.00011280     0.01686337  -0.00691536    -0.00389421  -0.00551699
  0.02536354  -0.00567567    -0.01393766  -0.00011280     0.01318830  -0.00384116
 -0.01318830   0.00384116     0.00389421   0.00551699    -0.00349578  -0.01715991
    3    5
 -0.00163074   0.01511578     0.00688452  -0.00688452     0.00683425   0.00317886
 -0.01506253   0.01506253    -0.01511578   0.00163074    -0.00843819   0.00199511
  0.00199511  -0.00843819     0.00317886   0.00683424    -0.00401250   0.00401250
    3    6
 -0.01184158  -0.00953536    -0.00258475   0.00708033    -0.00973618   0.00000000
 -0.00737746  -0.00455594    -0.00567454   0.00000000    -0.00258475  -0.00708033
  0.02130164  -0.00000000    -0.00737746   0.00455594    -0.01184158   0.00953536
    3    7
  0.00993518   0.00977565    -0.00665472   0.00114748     0.00703431   0.01681410
 -0.00660944  -0.01204165     0.01460577  -0.00966201    -0.00665472   0.00114748
  0.01392144   0.02194803    -0.00660944  -0.01204165     0.00993518   0.00977565
    4    1
 -0.00295534  -0.00122014    -0.00401265  -0.00155663     0.00365518  -0.00517210
  0.00291990   0.00796442    -0.00116396  -0.00048213     0.00769638  -0.00356702
 -0.00107263   0.00624183    -0.00393808  -0.00173667    -0.00295251  -0.00122698
    4    2
 -0.00163074   0.01511578    -0.01506253   0.01506253     0.00199511  -0.00843819
  0.00688452  -0.00688452    -0.01511578   0.00163074     0.00317886   0.00683424
  0.00683425   0.00317886    -0.00843819   0.00199511    -0.00401250   0.00401250
    4    3
 -0.01393766   0.00011280     0.02536354   0.00567567    -0.01318830  -0.00384116
  0.01686337   0.00691536    -0.01393766   0.00011280     0.00389421  -0.00551699
 -0.00389421   0.00551699     0.01318830   0.00384116    -0.00349578   0.01715991
    4    4
  0.03268587  -0.00000000    -0.00537543  -0.00086386     0.01104083   0.00051478
 -0.00537543   0.00086386     0.04309494   0.00000000    -0.00537543  -0.00086386
  0.01104083  -0.00051478    -0.00537543   0.00086386     0.03268587   0.00000000
    4    5
 -0.01765479   0.00790076    -0.00603165  -0.00105604    -0.01083697  -0.00000000
 -0.00603165  -0.00105604     0.02759055   0.00000000    -0.00603165   0.00105604
 -0.01083697  -0.00000000    -0.00603165   0.00105604    -0.01765479  -0.00790076
    4    6
 -0.00401250  -0.00401250    -0.00843819  -0.00199511     0.00683425  -0.00317886
  0.00317886  -0.00683424    -0.01511578  -0.00163074     0.00688452   0.00688452
  0.00199511   0.00843819    -0.01506253  -0.01506253    -0.00163074  -0.01511578
    4    7
 -0.00349578  -0.01715991     0.01318830  -0.00384116    -0.00389421  -0.00551699
  0.00389421   0.00551699    -0.01393766  -0.00011280     0.01686337  -0.00691536
 -0.01318830   0.00384116     0.02536354  -0.00567567    -0.01393766  -0.00011280
    5    1
 -0.00295251  -0.00122698    -0.00393808  -0.00173667    -0.00107263   0.00624183
  0.00769638  -0.00356702    -0.00116396  -0.00048213     0.00291990   0.00796442
  0.00365518  -0.00517210    -0.00401265  -0.00155663    -0.00295534  -0.00122014
    5    2
 -0.01393766  -0.00011280     0.02536354  -0.00567567    -0.01318830   0.00384116
  0.01686337  -0.00691536    -0.01393766  -0.00011280     0.00389421   0.00551699
 -0.00389421  -0.00551699     0.01318830  -0.00384116    -0.00349578  -0.01715991
    5    3
 -0.00163074  -0.01511578    -0.01506253  -0.01506253     0.00199511   0.00843819
  0.00688452   0.00688452    -0.01511578  -0.00163074     0.00317886  -0.00683424
  0.00683425  -0.00317886    -0.00843819  -0.00199511    -0.00401250  -0.00401250
    5    4
 -0.01765479  -0.00790076    -0.00603165   0.00105604    -0.01083697   0.00000000
 -0.00603165   0.00105604     0.02759055  -0.00000000    -0.00603165  -0.00105604
 -0.01083697   0.00000000    -0.00603165  -0.00105604    -0.01765479   0.00790076
    5    5
  0.03268587   0.00000000    -0.00537543   0.00086386     0.01104083  -0.00051478
 -0.00537543  -0.00086386     0.04309494  -0.00000000    -0.00537543   0.00086386
  0.01104083   0.00051478    -0.00537543  -0.00086386     0.03268587   0.00000000
    5    6
 -0.00349578   0.01715991     0.01318830   0.00384116    -0.00389421   0.00551699
  0.00389421  -0.00551699    -0.01393766   0.00011280     0.01686337   0.00691536
 -0.01318830  -0.00384116     0.02536354   0.00567567    -0.01393766   0.00011280
    5    7
 -0.00401250   0.00401250    -0.00843819   0.00199511     0.00683425   0.00317886
  0.00317886   0.00683424    -0.01511578   0.00163074     0.00688452  -0.00688452
  0.00199511  -0.00843819    -0.01506253   0.01506253    -0.00163074   0.01511578
    6    1
 -0.00295251   0.00122698     0.00107263   0.00624183     0.00393808  -0.00173667
 -0.00365518  -0.00517210    -0.00295534   0.00122014    -0.00401265   0.00155663
 -0.00769638  -0.00356702     0.00291990  -0.00796442    -0.00116396   0.00048213
    6    2
  0.00993518   0.00977565    -0.00660944  -0.01204165     0.01392144   0.02194803
 -0.00665472   0.00114748     0.01460577  -0.00966201    -0.00660944  -0.01204165
  0.00703431   0.01681410    -0.00665472   0.00114748     0.00993518   0.00977565
    6    3
 -0.01184158   0.00953536    -0.00737746   0.00455594     0.02130164   0.00000000
 -0.00258475  -0.00708033    -0.00567454  -0.00000000    -0.00737746  -0.00455594
 -0.00973618  -0.00000000    -0.00258475   0.00708033    -0.01184158  -0.00953536
    6    4
 -0.00401250   0.00401250     0.00317886   0.00683424     0.00199511  -0.00843819
 -0.00843819   0.00199511    -0.01511578   0.00163074    -0.01506253   0.01506253
  0.00683425   0.00317886     0.00688452  -0.00688452    -0.00163074   0.01511578
    6    5
 -0.00349578  -0.01715991     0.00389421   0.00551699    -0.01318830   0.00384116
  0.01318830  -0.00384116    -0.01393766  -0.00011280     0.02536354  -0.00567567
 -0.00389421  -0.00551699     0.01686337  -0.00691536    -0.01393766  -0.00011280
    6    6
  0.03268587  -0.00000000    -0.01104083  -0.00051478     0.00537543   0.00086386
 -0.01104083   0.00051478     0.03268587   0.00000000    -0.00537543   0.00086386
  0.00537543  -0.00086386    -0.00537543  -0.00086386     0.04309494  -0.00000000
    6    7
  0.00790077   0.01765479    -0.00000000  -0.01083697     0.00105604  -0.00603165
 -0.00000000  -0.01083697    -0.00790076   0.01765479     0.00105604   0.00603165
  0.00105604  -0.00603165     0.00105604   0.00603165    -0.00000001  -0.02759055
    7    1
 -0.00122014  -0.00295534     0.00517211  -0.00365517     0.00155663   0.00401265
 -0.00624183   0.00107263    -0.00122697  -0.00295251    -0.00173667  -0.00393808
 -0.00796442  -0.00291990    -0.00356702   0.00769637    -0.00048213  -0.00116396
    7    2
 -0.01184158  -0.00953536    -0.00737746  -0.00455594     0.02130164  -0.00000000
 -0.00258475   0.00708033    -0.00567454   0.00000000    -0.00737746   0.00455594
 -0.00973618   0.00000000    -0.00258475  -0.00708033    -0.01184158   0.00953536
    7    3
  0.00993518  -0.00977565    -0.00660944   0.01204165     0.01392144  -0.02194803
 -0.00665472  -0.00114748     0.01460577   0.00966201    -0.00660944   0.01204165
  0.00703431  -0.01681410    -0.00665472  -0.00114748     0.00993518  -0.00977565
    7    4
 -0.00349578   0.01715991     0.00389421  -0.00551699    -0.01318830  -0.00384116
  0.01318830   0.00384116    -0.01393766   0.00011280     0.02536354   0.00567567
 -0.00389421   0.00551699     0.01686337   0.00691536    -0.01393766   0.00011280
    7    5
 -0.00401250  -0.00401250     0.00317886  -0.00683424     0.00199511   0.00843819
 -0.00843819  -0.00199511    -0.01511578  -0.00163074    -0.01506253  -0.01506253
  0.00683425  -0.00317886     0.00688452   0.00688452    -0.00163074  -0.01511578
    7    6
  0.00790077  -0.01765479    -0.00000000   0.01083697     0.00105604   0.00603165
 -0.00000000   0.01083697    -0.00790076  -0.01765479     0.00105604  -0.00603165
  0.00105604   0.00603165     0.00105604  -0.00603165    -0.00000001   0.02759055
    7    7
  0.03268587   0.00000000    -0.01104083   0.00051478     0.00537543  -0.00086386
 -0.01104083  -0.00051478     0.03268587  -0.00000000    -0.00537543  -0.00086386
  0.00537543   0.00086386    -0.00537543   0.00086386     0.04309494  -0.00000000

     Dynamical  Matrix in cartesian axes

     q = (   -0.216506400   0.216506400   0.216506400 ) 

    1    1
  0.03847014  -0.00000000    -0.00099050   0.00000000    -0.00099050   0.00000000
 -0.00099050   0.00000000     0.03847014  -0.00000000     0.00099050  -0.00000000
 -0.00099050   0.00000000     0.00099050  -0.00000000     0.03847014  -0.00000000
    1    2
 -0.00116396   0.00048213    -0.00393808   0.00173667    -0.00401265   0.00155663
  0.00769638   0.00356702    -0.00295251   0.00122698     0.00365518   0.00517210
  0.00291990  -0.00796442    -0.00107263  -0.00624183    -0.00295534   0.00122014
    1    3
 -0.00116396   0.00048213    -0.00401265   0.00155663    -0.00393808   0.00173667
  0.00291990  -0.00796442    -0.00295534   0.00122014    -0.00107263  -0.00624183
  0.00769638   0.00356702     0.00365518   0.00517210    -0.00295251   0.00122698
    1    4
 -0.00295534  -0.00122014     0.00291990   0.00796442     0.00107263  -0.00624183
 -0.00401265  -0.00155663    -0.00116396  -0.00048213     0.00393808   0.00173667
 -0.00365518   0.00517210    -0.00769638   0.00356702    -0.00295251  -0.00122698
    1    5
 -0.00122697   0.00295251    -0.00356702  -0.00769637     0.00517211   0.00365517
 -0.00173667   0.00393808    -0.00048213   0.00116396     0.00155663  -0.00401265
 -0.00624183  -0.00107263    -0.00796442   0.00291990    -0.00122014   0.00295534
    1    6
 -0.00122697   0.00295251     0.00517211   0.00365517    -0.00356702  -0.00769637
 -0.00624183  -0.00107263    -0.00122014   0.00295534    -0.00796442   0.00291990
 -0.00173667   0.00393808     0.00155663  -0.00401265    -0.00048213   0.00116396
    1    7
 -0.00295534  -0.00122014     0.00107263  -0.00624183     0.00291990   0.00796442
 -0.00365518   0.00517210    -0.00295251  -0.00122698    -0.00769638   0.00356702
 -0.00401265  -0.00155663     0.00393808   0.00173667    -0.00116396  -0.00048213
    2    1
 -0.00116396  -0.00048213     0.00769638  -0.00356702     0.00291990   0.00796442
 -0.00393808  -0.00173667    -0.00295251  -0.00122698    -0.00107263   0.00624183
 -0.00401265  -0.00155663     0.00365518  -0.00517210    -0.00295534  -0.00122014
    2    2
  0.04309494   0.00000000    -0.00537543  -0.00086386    -0.00537543   0.00086386
 -0.00537543   0.00086386     0.03268587   0.00000000     0.01104083  -0.00051478
 -0.00537543  -0.00086386     0.01104083   0.00051478     0.03268587   0.00000000
    2    3
  0.02759055  -0.00000000    -0.00603165   0.00105604    -0.00603165  -0.00105604
 -0.00603165   0.00105604    -0.01765479  -0.00790076    -0.01083697   0.00000000
 -0.00603165  -0.00105604    -0.01083697   0.00000000    -0.01765479   0.00790076
    2    4
 -0.01511578  -0.00163074     0.00688452   0.00688452     0.00317886  -0.00683424
 -0.01506253  -0.01506253    -0.00163074  -0.01511578     0.00199511   0.00843819
 -0.00843819  -0.00199511     0.00683425  -0.00317886    -0.00401250  -0.00401250
    2    5
 -0.01393766  -0.00011280     0.01686337  -0.00691536     0.00389421   0.00551699
  0.02536354  -0.00567567    -0.01393766  -0.00011280    -0.01318830   0.00384116
  0.01318830  -0.00384116    -0.00389421  -0.00551699    -0.00349578  -0.01715991
    2    6
 -0.01511578   0.00163074     0.00317886   0.00683424     0.00688452  -0.00688452
 -0.00843819   0.00199511    -0.00401250   0.00401250     0.00683425   0.00317886
 -0.01506253   0.01506253     0.00199511  -0.00843819    -0.00163074   0.01511578
    2    7
 -0.01393766   0.00011280     0.00389421  -0.00551699     0.01686337   0.00691536
  0.01318830   0.00384116    -0.00349578   0.01715991    -0.00389421   0.00551699
  0.02536354   0.00567567    -0.01318830  -0.00384116    -0.01393766   0.00011280
    3    1
 -0.00116396  -0.00048213     0.00291990   0.00796442     0.00769638  -0.00356702
 -0.00401265  -0.00155663    -0.00295534  -0.00122014     0.00365518  -0.00517210
 -0.00393808  -0.00173667    -0.00107263   0.00624183    -0.00295251  -0.00122698
    3    2
  0.02759055   0.00000000    -0.00603165  -0.00105604    -0.00603165   0.00105604
 -0.00603165  -0.00105604    -0.01765479   0.00790076    -0.01083697  -0.00000000
 -0.00603165   0.00105604    -0.01083697  -0.00000000    -0.01765479  -0.00790076
    3    3
  0.04309494  -0.00000000    -0.00537543   0.00086386    -0.00537543  -0.00086386
 -0.00537543  -0.00086386     0.03268587   0.00000000     0.01104083   0.00051478
 -0.00537543   0.00086386     0.01104083  -0.00051478     0.03268587   0.00000000
    3    4
 -0.01393766   0.00011280     0.01686337   0.00691536     0.00389421  -0.00551699
  0.02536354   0.00567567    -0.01393766   0.00011280    -0.01318830  -0.00384116
  0.01318830   0.00384116    -0.00389421   0.00551699    -0.00349578   0.01715991
    3    5
 -0.01511578   0.00163074     0.00688452  -0.00688452     0.00317886   0.00683424
 -0.01506253   0.01506253    -0.00163074   0.01511578     0.00199511  -0.00843819
 -0.00843819   0.00199511     0.00683425   0.00317886    -0.00401250   0.00401250
    3    6
 -0.01393766  -0.00011280     0.00389421   0.00551699     0.01686337  -0.00691536
  0.01318830  -0.00384116    -0.00349578  -0.01715991    -0.00389421  -0.00551699
  0.02536354  -0.00567567    -0.01318830   0.00384116    -0.01393766  -0.00011280
    3    7
 -0.01511578  -0.00163074     0.00317886  -0.00683424     0.00688452   0.00688452
 -0.00843819  -0.00199511    -0.00401250  -0.00401250     0.00683425  -0.00317886
 -0.01506253  -0.01506253     0.00199511   0.00843819    -0.00163074  -0.01511578
    4    1
 -0.00295534   0.00122014    -0.00401265   0.00155663    -0.00365518  -0.00517210
  0.00291990  -0.00796442    -0.00116396   0.00048213    -0.00769638  -0.00356702
  0.00107263   0.00624183     0.00393808  -0.00173667    -0.00295251   0.00122698
    4    2
 -0.01511578   0.00163074    -0.01506253   0.01506253    -0.00843819   0.00199511
  0.00688452  -0.00688452    -0.00163074   0.01511578     0.00683425   0.00317886
  0.00317886   0.00683424     0.00199511  -0.00843819    -0.00401250   0.00401250
    4    3
 -0.01393766  -0.00011280     0.02536354  -0.00567567     0.01318830  -0.00384116
  0.01686337  -0.00691536    -0.01393766  -0.00011280    -0.00389421  -0.00551699
  0.00389421   0.00551699    -0.01318830   0.00384116    -0.00349578  -0.01715991
    4    4
  0.03268587   0.00000000    -0.00537543   0.00086386    -0.01104083   0.00051478
 -0.00537543  -0.00086386     0.04309494  -0.00000000     0.00537543  -0.00086386
 -0.01104083  -0.00051478     0.00537543   0.00086386     0.03268587   0.00000000
    4    5
 -0.00790076   0.01765479     0.00105604   0.00603165    -0.00000000  -0.01083697
  0.00105604   0.00603165    -0.00000001  -0.02759055     0.00105604  -0.00603165
 -0.00000000  -0.01083697     0.00105604  -0.00603165     0.00790077   0.01765479
    4    6
  0.01460577  -0.00966201    -0.00660944  -0.01204165    -0.00665472   0.00114748
 -0.00665472   0.00114748     0.00993518   0.00977565     0.00703431   0.01681410
 -0.00660944  -0.01204165     0.01392144   0.02194803     0.00993518   0.00977565
    4    7
 -0.00567454   0.00000000    -0.00737746  -0.00455594    -0.00258475  -0.00708033
 -0.00258475   0.00708033    -0.01184158  -0.00953536    -0.00973618  -0.00000000
 -0.00737746   0.00455594     0.02130164  -0.00000000    -0.01184158   0.00953536
    5    1
 -0.00122697  -0.00295251    -0.00173667  -0.00393808    -0.00624183   0.00107263
 -0.00356702   0.00769637    -0.00048213  -0.00116396    -0.00796442  -0.00291990
  0.00517211  -0.00365517     0.00155663   0.00401265    -0.00122014  -0.00295534
    5    2
 -0.01393766   0.00011280     0.02536354   0.00567567     0.01318830   0.00384116
  0.01686337   0.00691536    -0.01393766   0.00011280    -0.00389421   0.00551699
  0.00389421  -0.00551699    -0.01318830  -0.00384116    -0.00349578   0.01715991
    5    3
 -0.01511578  -0.00163074    -0.01506253  -0.01506253    -0.00843819  -0.00199511
  0.00688452   0.00688452    -0.00163074  -0.01511578     0.00683425  -0.00317886
  0.00317886  -0.00683424     0.00199511   0.00843819    -0.00401250  -0.00401250
    5    4
 -0.00790076  -0.01765479     0.00105604  -0.00603165    -0.00000000   0.01083697
  0.00105604  -0.00603165    -0.00000001   0.02759055     0.00105604   0.00603165
 -0.00000000   0.01083697     0.00105604   0.00603165     0.00790077  -0.01765479
    5    5
  0.03268587  -0.00000000    -0.00537543  -0.00086386    -0.01104083  -0.00051478
 -0.00537543   0.00086386     0.04309494  -0.00000000     0.00537543   0.00086386
 -0.01104083   0.00051478     0.00537543  -0.00086386     0.03268587   0.00000000
    5    6
 -0.00567454  -0.00000000    -0.00737746   0.00455594    -0.00258475   0.00708033
 -0.00258475  -0.00708033    -0.01184158   0.00953536    -0.00973618   0.00000000
 -0.00737746  -0.00455594     0.02130164   0.00000000    -0.01184158  -0.00953536
    5    7
  0.01460577   0.00966201    -0.00660944   0.01204165    -0.00665472  -0.00114748
 -0.00665472  -0.00114748     0.00993518  -0.00977565     0.00703431  -0.01681410
 -0.00660944   0.01204165     0.01392144  -0.02194803     0.00993518  -0.00977565
    6    1
 -0.00122697  -0.00295251    -0.00624183   0.00107263    -0.00173667  -0.00393808
  0.00517211  -0.00365517    -0.00122014  -0.00295534     0.00155663   0.00401265
 -0.00356702   0.00769637    -0.00796442  -0.00291990    -0.00048213  -0.00116396
    6    2
 -0.01511578  -0.00163074    -0.00843819  -0.00199511    -0.01506253  -0.01506253
  0.00317886  -0.00683424    -0.00401250  -0.00401250     0.00199511   0.00843819
  0.00688452   0.00688452     0.00683425  -0.00317886    -0.00163074  -0.01511578
    6    3
 -0.01393766   0.00011280     0.01318830   0.00384116     0.02536354   0.00567567
  0.00389421  -0.00551699    -0.00349578   0.01715991    -0.01318830  -0.00384116
  0.01686337   0.00691536    -0.00389421   0.00551699    -0.01393766   0.00011280
    6    4
  0.01460577   0.00966201    -0.00665472  -0.00114748    -0.00660944   0.01204165
 -0.00660944   0.01204165     0.00993518  -0.00977565     0.01392144  -0.02194803
 -0.00665472  -0.00114748     0.00703431  -0.01681410     0.00993518  -0.00977565
    6    5
 -0.00567454   0.00000000    -0.00258475   0.00708033    -0.00737746   0.00455594
 -0.00737746  -0.00455594    -0.01184158  -0.00953536     0.02130164  -0.00000000
 -0.00258475  -0.00708033    -0.00973618   0.00000000    -0.01184158   0.00953536
    6    6
  0.03268587  -0.00000000    -0.01104083  -0.00051478    -0.00537543  -0.00086386
 -0.01104083   0.00051478     0.03268587   0.00000000     0.00537543  -0.00086386
 -0.00537543   0.00086386     0.00537543   0.00086386     0.04309494  -0.00000000
    6    7
 -0.00790076  -0.01765479    -0.00000000   0.01083697     0.00105604  -0.00603165
 -0.00000000   0.01083697     0.00790077  -0.01765479     0.00105604   0.00603165
  0.00105604  -0.00603165     0.00105604   0.00603165    -0.00000001   0.02759055
    7    1
 -0.00295534   0.00122014    -0.00365518  -0.00517210    -0.00401265   0.00155663
  0.00107263   0.00624183    -0.00295251   0.00122698     0.00393808  -0.00173667
  0.00291990  -0.00796442    -0.00769638  -0.00356702    -0.00116396   0.00048213
    7    2
 -0.01393766  -0.00011280     0.01318830  -0.00384116     0.02536354  -0.00567567
  0.00389421   0.00551699    -0.00349578  -0.01715991    -0.01318830   0.00384116
  0.01686337  -0.00691536    -0.00389421  -0.00551699    -0.01393766  -0.00011280
    7    3
 -0.01511578   0.00163074    -0.00843819   0.00199511    -0.01506253   0.01506253
  0.00317886   0.00683424    -0.00401250   0.00401250     0.00199511  -0.00843819
  0.00688452  -0.00688452     0.00683425   0.00317886    -0.00163074   0.01511578
    7    4
 -0.00567454  -0.00000000    -0.00258475  -0.00708033    -0.00737746  -0.00455594
 -0.00737746   0.00455594    -0.01184158   0.00953536     0.02130164   0.00000000
 -0.00258475   0.00708033    -0.00973618  -0.00000000    -0.01184158  -0.00953536
    7    5
  0.01460577  -0.00966201    -0.00665472   0.00114748    -0.00660944  -0.01204165
 -0.00660944  -0.01204165     0.00993518   0.00977565     0.01392144   0.02194803
 -0.00665472   0.00114748     0.00703431   0.01681410     0.00993518   0.00977565
    7    6
 -0.00790076   0.01765479    -0.00000000  -0.01083697     0.00105604   0.00603165
 -0.00000000  -0.01083697     0.00790077   0.01765479     0.00105604  -0.00603165
  0.00105604   0.00603165     0.00105604  -0.00603165    -0.00000001  -0.02759055
    7    7
  0.03268587   0.00000000    -0.01104083   0.00051478    -0.00537543   0.00086386
 -0.01104083  -0.00051478     0.03268587  -0.00000000     0.00537543   0.00086386
 -0.00537543  -0.00086386     0.00537543  -0.00086386     0.04309494  -0.00000000

     Dynamical  Matrix in cartesian axes

     q = (   -0.216506400  -0.216506400  -0.216506400 ) 

    1    1
  0.03847014   0.00000000     0.00099050   0.00000000     0.00099050   0.00000000
  0.00099050   0.00000000     0.03847014   0.00000000     0.00099050   0.00000000
  0.00099050   0.00000000     0.00099050   0.00000000     0.03847014   0.00000000
    1    2
 -0.00048213  -0.00116396     0.00173667   0.00393808     0.00155663   0.00401265
  0.00356702  -0.00769637    -0.00122697  -0.00295251    -0.00517211   0.00365517
 -0.00796442  -0.00291990     0.00624183  -0.00107263    -0.00122014  -0.00295534
    1    3
 -0.00048213  -0.00116396     0.00155663   0.00401265     0.00173667   0.00393808
 -0.00796442  -0.00291990    -0.00122014  -0.00295534     0.00624183  -0.00107263
  0.00356702  -0.00769637    -0.00517211   0.00365517    -0.00122697  -0.00295251
    1    4
 -0.00122014  -0.00295534    -0.00796442  -0.00291990     0.00624183  -0.00107263
  0.00155663   0.00401265    -0.00048213  -0.00116396     0.00173667   0.00393808
 -0.00517211   0.00365517     0.00356702  -0.00769637    -0.00122697  -0.00295251
    1    5
 -0.00122697  -0.00295251     0.00356702  -0.00769637    -0.00517211   0.00365517
  0.00173667   0.00393808    -0.00048213  -0.00116396     0.00155663   0.00401265
  0.00624183  -0.00107263    -0.00796442  -0.00291990    -0.00122014  -0.00295534
    1    6
 -0.00122697  -0.00295251    -0.00517211   0.00365517     0.00356702  -0.00769637
  0.00624183  -0.00107263    -0.00122014  -0.00295534    -0.00796442  -0.00291990
  0.00173667   0.00393808     0.00155663   0.00401265    -0.00048213  -0.00116396
    1    7
 -0.00122014  -0.00295534     0.00624183  -0.00107263    -0.00796442  -0.00291990
 -0.00517211   0.00365517    -0.00122697  -0.00295251     0.00356702  -0.00769637
