  5.000000000000000E-002   1.25977579764806        2.43615232611498     
          12

     Dynamical  Matrix in cartesian axes

     q = (    0.433012700   0.433012700   0.216506400 ) 

    1    1
  0.11848737   0.00000000     0.03991954   0.00000000    -0.00000000   0.00000000
  0.03991954   0.00000000     0.11848737   0.00000000    -0.00000000   0.00000000
 -0.00000000   0.00000000    -0.00000000   0.00000000     0.06610082   0.00000000
    1    2
 -0.01697053   0.01697054     0.01809110  -0.01809111    -0.01007793  -0.01007792
 -0.00567275   0.00567275     0.01358939  -0.01358939    -0.00734169  -0.00734169
 -0.00411133  -0.00411133    -0.00143732  -0.00143732    -0.01036162   0.01036163
    1    3
  0.02399996   0.00000000    -0.02558469  -0.00000000     0.00000000  -0.01425234
  0.00802248   0.00000000    -0.01921830  -0.00000000     0.00000000  -0.01038272
  0.00000000  -0.00581430     0.00000000  -0.00203268     0.01465355   0.00000000
    1    4
 -0.01921830  -0.00000000     0.00802248   0.00000000     0.00000000  -0.01038272
 -0.02558469  -0.00000000     0.02399996   0.00000000     0.00000000  -0.01425234
  0.00000000  -0.00203268     0.00000000  -0.00581430     0.01465355   0.00000000
    1    5
  0.01358939  -0.01358939    -0.00567275   0.00567275    -0.00734169  -0.00734169
  0.01809110  -0.01809111    -0.01697053   0.01697054    -0.01007793  -0.01007792
 -0.00143732  -0.00143732    -0.00411133  -0.00411133    -0.01036162   0.01036163
    1    6
  0.00000000   0.00000000    -0.00000000   0.00000000     0.01597673   0.01822922
  0.00000000   0.00000000    -0.00000000   0.00000000     0.00159275   0.02418725
  0.01644970  -0.00540010    -0.01545014   0.00781325     0.00000000   0.00000000
    1    7
 -0.00000000   0.00000000     0.00000000   0.00000000     0.00159275   0.02418725
 -0.00000000   0.00000000     0.00000000   0.00000000     0.01597673   0.01822922
 -0.01545014   0.00781325     0.01644970  -0.00540010     0.00000000   0.00000000
    2    1
 -0.01697053  -0.01697054    -0.00567275  -0.00567275    -0.00411133   0.00411133
  0.01809110   0.01809111     0.01358939   0.01358939    -0.00143732   0.00143732
 -0.01007793   0.01007792    -0.00734169   0.00734169    -0.01036162  -0.01036163
    2    2
  0.07489298   0.00000000     0.00329179   0.00000000    -0.00000000  -0.00812687
  0.00329179   0.00000000     0.07211067   0.00000000    -0.00000000  -0.00538425
 -0.00000000   0.00812687    -0.00000000   0.00538425     0.03896833  -0.00000000
    2    3
  0.00290040   0.00290040     0.00624199   0.00624199    -0.00153482   0.00153482
  0.00624199   0.00624199     0.01725715   0.01725716    -0.00723253   0.00723252
 -0.00153482   0.00153482    -0.00723253   0.00723252    -0.01080351  -0.01080351
    2    4
  0.02010620   0.02010621     0.02615869   0.02615870     0.00318754  -0.00318754
  0.02880529   0.02880530     0.02010620   0.02010621    -0.00559479   0.00559479
 -0.00559479   0.00559479     0.00318754  -0.00318754     0.01143629   0.01143629
    2    5
 -0.01804919  -0.00000000     0.02950965  -0.00000000     0.00000000  -0.00370867
  0.05258476  -0.00000000    -0.01804919   0.00000000    -0.00000000  -0.00561767
 -0.00000000   0.00561767     0.00000000   0.00370867    -0.00329830   0.00000000
    2    6
 -0.01703739  -0.00950885    -0.00930503  -0.00165908    -0.01454033  -0.00583232
 -0.00908734   0.00370149    -0.00158582  -0.00794627    -0.00757932  -0.00016605
 -0.01602189  -0.02118468    -0.00745067   0.00459295    -0.01288551  -0.00550088
    2    7
 -0.01877102  -0.00532349    -0.00775279  -0.00540650     0.01440564   0.00615750
 -0.00380837  -0.00904307    -0.00674021   0.00449752     0.00547680   0.00524197
  0.02630902  -0.00365064     0.00202071   0.00851613    -0.01300114  -0.00522172
    3    1
  0.02399996  -0.00000000     0.00802248  -0.00000000     0.00000000   0.00581430
 -0.02558469   0.00000000    -0.01921830   0.00000000     0.00000000   0.00203268
  0.00000000   0.01425234     0.00000000   0.01038272     0.01465355  -0.00000000
    3    2
  0.00290040  -0.00290040     0.00624199  -0.00624199    -0.00153482  -0.00153482
  0.00624199  -0.00624199     0.01725715  -0.01725716    -0.00723253  -0.00723252
 -0.00153482  -0.00153482    -0.00723253  -0.00723252    -0.01080351   0.01080351
    3    3
  0.07489298   0.00000000     0.00329179  -0.00000000    -0.00000000   0.00812687
  0.00329179   0.00000000     0.07211067   0.00000000     0.00000000   0.00538425
  0.00000000  -0.00812687     0.00000000  -0.00538425     0.03896833   0.00000000
    3    4
 -0.01804919   0.00000000     0.02950965  -0.00000000    -0.00000000   0.00370867
  0.05258476  -0.00000000    -0.01804919   0.00000000     0.00000000   0.00561767
 -0.00000000  -0.00561767    -0.00000000  -0.00370867    -0.00329830   0.00000000
    3    5
  0.02010620  -0.02010621     0.02615869  -0.02615870     0.00318754   0.00318754
  0.02880529  -0.02880530     0.02010620  -0.02010621    -0.00559479  -0.00559479
 -0.00559479  -0.00559479     0.00318754   0.00318754     0.01143629  -0.01143629
    3    6
 -0.01877102   0.00532349    -0.00775279   0.00540650     0.01440564  -0.00615750
 -0.00380837   0.00904307    -0.00674021  -0.00449752     0.00547680  -0.00524197
  0.02630902   0.00365064     0.00202071  -0.00851613    -0.01300114   0.00522172
    3    7
 -0.01703739   0.00950885    -0.00930503   0.00165908    -0.01454033   0.00583232
 -0.00908734  -0.00370149    -0.00158582   0.00794627    -0.00757932   0.00016605
 -0.01602189   0.02118468    -0.00745067  -0.00459295    -0.01288551   0.00550088
    4    1
 -0.01921830   0.00000000    -0.02558469   0.00000000     0.00000000   0.00203268
  0.00802248  -0.00000000     0.02399996  -0.00000000     0.00000000   0.00581430
  0.00000000   0.01038272     0.00000000   0.01425234     0.01465355  -0.00000000
    4    2
  0.02010620  -0.02010621     0.02880529  -0.02880530    -0.00559479  -0.00559479
  0.02615869  -0.02615870     0.02010620  -0.02010621     0.00318754   0.00318754
  0.00318754   0.00318754    -0.00559479  -0.00559479     0.01143629  -0.01143629
    4    3
 -0.01804919  -0.00000000     0.05258476   0.00000000    -0.00000000   0.00561767
  0.02950965   0.00000000    -0.01804919  -0.00000000     0.00000000   0.00370867
  0.00000000  -0.00370867    -0.00000000  -0.00561767    -0.00329830  -0.00000000
    4    4
  0.07211067  -0.00000000     0.00329179   0.00000000    -0.00000000   0.00538425
  0.00329179  -0.00000000     0.07489298   0.00000000    -0.00000000   0.00812687
 -0.00000000  -0.00538425     0.00000000  -0.00812687     0.03896833  -0.00000000
    4    5
  0.01725715  -0.01725716     0.00624199  -0.00624199    -0.00723253  -0.00723252
  0.00624199  -0.00624199     0.00290040  -0.00290040    -0.00153482  -0.00153482
 -0.00723253  -0.00723252    -0.00153482  -0.00153482    -0.01080351   0.01080351
    4    6
 -0.00158582   0.00794627    -0.00908734  -0.00370149    -0.00757932   0.00016605
 -0.00930503   0.00165908    -0.01703739   0.00950885    -0.01454033   0.00583232
 -0.00745067  -0.00459295    -0.01602189   0.02118468    -0.01288551   0.00550088
    4    7
 -0.00674021  -0.00449752    -0.00380837   0.00904307     0.00547680  -0.00524197
 -0.00775279   0.00540650    -0.01877102   0.00532349     0.01440564  -0.00615750
  0.00202071  -0.00851613     0.02630902   0.00365064    -0.01300114   0.00522172
    5    1
  0.01358939   0.01358939     0.01809110   0.01809111    -0.00143732   0.00143732
 -0.00567275  -0.00567275    -0.01697053  -0.01697054    -0.00411133   0.00411133
 -0.00734169   0.00734169    -0.01007793   0.01007792    -0.01036162  -0.01036163
    5    2
 -0.01804919  -0.00000000     0.05258476  -0.00000000     0.00000000  -0.00561767
  0.02950965   0.00000000    -0.01804919  -0.00000000    -0.00000000  -0.00370867
 -0.00000000   0.00370867     0.00000000   0.00561767    -0.00329830   0.00000000
    5    3
  0.02010620   0.02010621     0.02880529   0.02880530    -0.00559479   0.00559479
  0.02615869   0.02615870     0.02010620   0.02010621     0.00318754  -0.00318754
  0.00318754  -0.00318754    -0.00559479   0.00559479     0.01143629   0.01143629
    5    4
  0.01725715   0.01725716     0.00624199   0.00624199    -0.00723253   0.00723252
  0.00624199   0.00624199     0.00290040   0.00290040    -0.00153482   0.00153482
 -0.00723253   0.00723252    -0.00153482   0.00153482    -0.01080351  -0.01080351
    5    5
  0.07211067   0.00000000     0.00329179  -0.00000000    -0.00000000  -0.00538425
  0.00329179   0.00000000     0.07489298  -0.00000000    -0.00000000  -0.00812687
 -0.00000000   0.00538425    -0.00000000   0.00812687     0.03896833   0.00000000
    5    6
 -0.00674021   0.00449752    -0.00380837  -0.00904307     0.00547680   0.00524197
 -0.00775279  -0.00540650    -0.01877102  -0.00532349     0.01440564   0.00615750
  0.00202071   0.00851613     0.02630902  -0.00365064    -0.01300114  -0.00522172
    5    7
 -0.00158582  -0.00794627    -0.00908734   0.00370149    -0.00757932  -0.00016605
 -0.00930503  -0.00165908    -0.01703739  -0.00950885    -0.01454033  -0.00583232
 -0.00745067   0.00459295    -0.01602189  -0.02118468    -0.01288551  -0.00550088
    6    1
  0.00000000  -0.00000000     0.00000000  -0.00000000     0.01644970   0.00540010
 -0.00000000  -0.00000000    -0.00000000  -0.00000000    -0.01545014  -0.00781325
  0.01597673  -0.01822922     0.00159275  -0.02418725     0.00000000  -0.00000000
    6    2
 -0.01703739   0.00950885    -0.00908734  -0.00370149    -0.01602189   0.02118468
 -0.00930503   0.00165908    -0.00158582   0.00794627    -0.00745067  -0.00459295
 -0.01454033   0.00583232    -0.00757932   0.00016605    -0.01288551   0.00550088
    6    3
 -0.01877102  -0.00532349    -0.00380837  -0.00904307     0.02630902  -0.00365064
 -0.00775279  -0.00540650    -0.00674021   0.00449752     0.00202071   0.00851613
  0.01440564   0.00615750     0.00547680   0.00524197    -0.01300114  -0.00522172
    6    4
 -0.00158582  -0.00794627    -0.00930503  -0.00165908    -0.00745067   0.00459295
 -0.00908734   0.00370149    -0.01703739  -0.00950885    -0.01602189  -0.02118468
 -0.00757932  -0.00016605    -0.01454033  -0.00583232    -0.01288551  -0.00550088
    6    5
 -0.00674021  -0.00449752    -0.00775279   0.00540650     0.00202071  -0.00851613
 -0.00380837   0.00904307    -0.01877102   0.00532349     0.02630902   0.00365064
  0.00547680  -0.00524197     0.01440564  -0.00615750    -0.01300114   0.00522172
    6    6
  0.04657639   0.00000000    -0.00128066  -0.00505071    -0.00000000   0.00000000
 -0.00128066   0.00505071     0.04657639  -0.00000000    -0.00000000   0.00000000
 -0.00000000  -0.00000000    -0.00000000  -0.00000000     0.04390158   0.00000000
    6    7
 -0.00576383   0.01259889    -0.00451832  -0.00000000    -0.00000000   0.00000000
 -0.00451832  -0.00000000    -0.00576383  -0.01259889    -0.00000000   0.00000000
 -0.00000000   0.00000000    -0.00000000   0.00000000     0.01470041   0.00000000
    7    1
 -0.00000000  -0.00000000    -0.00000000  -0.00000000    -0.01545014  -0.00781325
  0.00000000  -0.00000000     0.00000000  -0.00000000     0.01644970   0.00540010
  0.00159275  -0.02418725     0.01597673  -0.01822922     0.00000000  -0.00000000
    7    2
 -0.01877102   0.00532349    -0.00380837   0.00904307     0.02630902   0.00365064
 -0.00775279   0.00540650    -0.00674021  -0.00449752     0.00202071  -0.00851613
  0.01440564  -0.00615750     0.00547680  -0.00524197    -0.01300114   0.00522172
    7    3
 -0.01703739  -0.00950885    -0.00908734   0.00370149    -0.01602189  -0.02118468
 -0.00930503  -0.00165908    -0.00158582  -0.00794627    -0.00745067   0.00459295
 -0.01454033  -0.00583232    -0.00757932  -0.00016605    -0.01288551  -0.00550088
    7    4
 -0.00674021   0.00449752    -0.00775279  -0.00540650     0.00202071   0.00851613
 -0.00380837  -0.00904307    -0.01877102  -0.00532349     0.02630902  -0.00365064
  0.00547680   0.00524197     0.01440564   0.00615750    -0.01300114  -0.00522172
    7    5
 -0.00158582   0.00794627    -0.00930503   0.00165908    -0.00745067  -0.00459295
 -0.00908734  -0.00370149    -0.01703739   0.00950885    -0.01602189   0.02118468
 -0.00757932   0.00016605    -0.01454033   0.00583232    -0.01288551   0.00550088
    7    6
 -0.00576383  -0.01259889    -0.00451832  -0.00000000    -0.00000000  -0.00000000
 -0.00451832  -0.00000000    -0.00576383   0.01259889    -0.00000000  -0.00000000
 -0.00000000   0.00000000    -0.00000000   0.00000000     0.01470041   0.00000000
    7    7
  0.04657639   0.00000000    -0.00128066   0.00505071    -0.00000000   0.00000000
 -0.00128066  -0.00505071     0.04657639  -0.00000000    -0.00000000   0.00000000
 -0.00000000   0.00000000    -0.00000000   0.00000000     0.04390158   0.00000000

     Dynamical  Matrix in cartesian axes

     q = (    0.433012700   0.433012700  -0.216506400 ) 

    1    1
  0.11848737   0.00000000     0.03991954   0.00000000    -0.00000000   0.00000000
  0.03991954   0.00000000     0.11848737   0.00000000    -0.00000000   0.00000000
 -0.00000000   0.00000000    -0.00000000   0.00000000     0.06610082   0.00000000
    1    2
 -0.01697053  -0.01697054     0.01809110   0.01809111    -0.01007793   0.01007792
 -0.00567275  -0.00567275     0.01358939   0.01358939    -0.00734169   0.00734169
 -0.00411133   0.00411133    -0.00143732   0.00143732    -0.01036162  -0.01036163
    1    3
  0.02399996   0.00000000    -0.02558469  -0.00000000    -0.00000000   0.01425234
  0.00802248   0.00000000    -0.01921830  -0.00000000    -0.00000000   0.01038272
 -0.00000000   0.00581430    -0.00000000   0.00203268     0.01465355   0.00000000
    1    4
 -0.01921830  -0.00000000     0.00802248   0.00000000    -0.00000000   0.01038272
 -0.02558469  -0.00000000     0.02399996   0.00000000    -0.00000000   0.01425234
 -0.00000000   0.00203268    -0.00000000   0.00581430     0.01465355   0.00000000
    1    5
  0.01358939   0.01358939    -0.00567275  -0.00567275    -0.00734169   0.00734169
  0.01809110   0.01809111    -0.01697053  -0.01697054    -0.01007793   0.01007792
 -0.00143732   0.00143732    -0.00411133   0.00411133    -0.01036162  -0.01036163
    1    6
 -0.00000000   0.00000000     0.00000000   0.00000000     0.01597673  -0.01822922
 -0.00000000   0.00000000     0.00000000   0.00000000     0.00159275  -0.02418725
  0.01644970   0.00540010    -0.01545014  -0.00781325    -0.00000000   0.00000000
    1    7
  0.00000000   0.00000000    -0.00000000   0.00000000     0.00159275  -0.02418725
  0.00000000   0.00000000    -0.00000000   0.00000000     0.01597673  -0.01822922
 -0.01545014  -0.00781325     0.01644970   0.00540010    -0.00000000   0.00000000
    2    1
 -0.01697053   0.01697054    -0.00567275   0.00567275    -0.00411133  -0.00411133
  0.01809110  -0.01809111     0.01358939  -0.01358939    -0.00143732  -0.00143732
 -0.01007793  -0.01007792    -0.00734169  -0.00734169    -0.01036162   0.01036163
    2    2
  0.07489298  -0.00000000     0.00329179  -0.00000000    -0.00000000   0.00812687
  0.00329179   0.00000000     0.07211067   0.00000000    -0.00000000   0.00538425
 -0.00000000  -0.00812687    -0.00000000  -0.00538425     0.03896833   0.00000000
    2    3
  0.00290040  -0.00290040     0.00624199  -0.00624199    -0.00153482  -0.00153482
  0.00624199  -0.00624199     0.01725715  -0.01725716    -0.00723253  -0.00723252
 -0.00153482  -0.00153482    -0.00723253  -0.00723252    -0.01080351   0.01080351
    2    4
  0.02010620  -0.02010621     0.02615869  -0.02615870     0.00318754   0.00318754
  0.02880529  -0.02880530     0.02010620  -0.02010621    -0.00559479  -0.00559479
 -0.00559479  -0.00559479     0.00318754   0.00318754     0.01143629  -0.01143629
    2    5
 -0.01804919   0.00000000     0.02950965   0.00000000     0.00000000   0.00370867
  0.05258476   0.00000000    -0.01804919  -0.00000000     0.00000000   0.00561767
 -0.00000000  -0.00561767     0.00000000  -0.00370867    -0.00329830   0.00000000
    2    6
 -0.01703739   0.00950885    -0.00930503   0.00165908    -0.01454033   0.00583232
 -0.00908734  -0.00370149    -0.00158582   0.00794627    -0.00757932   0.00016605
 -0.01602189   0.02118468    -0.00745067  -0.00459295    -0.01288551   0.00550088
    2    7
 -0.01877102   0.00532349    -0.00775279   0.00540650     0.01440564  -0.00615750
 -0.00380837   0.00904307    -0.00674021  -0.00449752     0.00547680  -0.00524197
  0.02630902   0.00365064     0.00202071  -0.00851613    -0.01300114   0.00522172
    3    1
  0.02399996  -0.00000000     0.00802248  -0.00000000    -0.00000000  -0.00581430
 -0.02558469   0.00000000    -0.01921830   0.00000000    -0.00000000  -0.00203268
 -0.00000000  -0.01425234    -0.00000000  -0.01038272     0.01465355  -0.00000000
    3    2
  0.00290040   0.00290040     0.00624199   0.00624199    -0.00153482   0.00153482
  0.00624199   0.00624199     0.01725715   0.01725716    -0.00723253   0.00723252
 -0.00153482   0.00153482    -0.00723253   0.00723252    -0.01080351  -0.01080351
    3    3
  0.07489298   0.00000000     0.00329179   0.00000000    -0.00000000  -0.00812687
  0.00329179   0.00000000     0.07211067   0.00000000    -0.00000000  -0.00538425
 -0.00000000   0.00812687    -0.00000000   0.00538425     0.03896833  -0.00000000
    3    4
 -0.01804919  -0.00000000     0.02950965   0.00000000    -0.00000000  -0.00370867
  0.05258476   0.00000000    -0.01804919  -0.00000000     0.00000000  -0.00561767
 -0.00000000   0.00561767    -0.00000000   0.00370867    -0.00329830  -0.00000000
    3    5
  0.02010620   0.02010621     0.02615869   0.02615870     0.00318754  -0.00318754
  0.02880529   0.02880530     0.02010620   0.02010621    -0.00559479   0.00559479
 -0.00559479   0.00559479     0.00318754  -0.00318754     0.01143629   0.01143629
    3    6
 -0.01877102  -0.00532349    -0.00775279  -0.00540650     0.01440564   0.00615750
 -0.00380837  -0.00904307    -0.00674021   0.00449752     0.00547680   0.00524197
  0.02630902  -0.00365064     0.00202071   0.00851613    -0.01300114  -0.00522172
    3    7
 -0.01703739  -0.00950885    -0.00930503  -0.00165908    -0.01454033  -0.00583232
 -0.00908734   0.00370149    -0.00158582  -0.00794627    -0.00757932  -0.00016605
 -0.01602189  -0.02118468    -0.00745067   0.00459295    -0.01288551  -0.00550088
    4    1
 -0.01921830   0.00000000    -0.02558469   0.00000000    -0.00000000  -0.00203268
  0.00802248  -0.00000000     0.02399996  -0.00000000    -0.00000000  -0.00581430
 -0.00000000  -0.01038272    -0.00000000  -0.01425234     0.01465355  -0.00000000
    4    2
  0.02010620   0.02010621     0.02880529   0.02880530    -0.00559479   0.00559479
  0.02615869   0.02615870     0.02010620   0.02010621     0.00318754  -0.00318754
  0.00318754  -0.00318754    -0.00559479   0.00559479     0.01143629   0.01143629
    4    3
 -0.01804919   0.00000000     0.05258476  -0.00000000    -0.00000000  -0.00561767
  0.02950965  -0.00000000    -0.01804919   0.00000000     0.00000000  -0.00370867
  0.00000000   0.00370867    -0.00000000   0.00561767    -0.00329830   0.00000000
    4    4
  0.07211067   0.00000000     0.00329179  -0.00000000    -0.00000000  -0.00538425
  0.00329179   0.00000000     0.07489298  -0.00000000    -0.00000000  -0.00812687
 -0.00000000   0.00538425     0.00000000   0.00812687     0.03896833   0.00000000
    4    5
  0.01725715   0.01725716     0.00624199   0.00624199    -0.00723253   0.00723252
  0.00624199   0.00624199     0.00290040   0.00290040    -0.00153482   0.00153482
 -0.00723253   0.00723252    -0.00153482   0.00153482    -0.01080351  -0.01080351
    4    6
 -0.00158582  -0.00794627    -0.00908734   0.00370149    -0.00757932  -0.00016605
 -0.00930503  -0.00165908    -0.01703739  -0.00950885    -0.01454033  -0.00583232
 -0.00745067   0.00459295    -0.01602189  -0.02118468    -0.01288551  -0.00550088
    4    7
 -0.00674021   0.00449752    -0.00380837  -0.00904307     0.00547680   0.00524197
 -0.00775279  -0.00540650    -0.01877102  -0.00532349     0.01440564   0.00615750
  0.00202071   0.00851613     0.02630902  -0.00365064    -0.01300114  -0.00522172
    5    1
  0.01358939  -0.01358939     0.01809110  -0.01809111    -0.00143732  -0.00143732
 -0.00567275   0.00567275    -0.01697053   0.01697054    -0.00411133  -0.00411133
 -0.00734169  -0.00734169    -0.01007793  -0.01007792    -0.01036162   0.01036163
    5    2
 -0.01804919   0.00000000     0.05258476   0.00000000     0.00000000   0.00561767
  0.02950965  -0.00000000    -0.01804919   0.00000000     0.00000000   0.00370867
 -0.00000000  -0.00370867     0.00000000  -0.00561767    -0.00329830   0.00000000
    5    3
  0.02010620  -0.02010621     0.02880529  -0.02880530    -0.00559479  -0.00559479
  0.02615869  -0.02615870     0.02010620  -0.02010621     0.00318754   0.00318754
  0.00318754   0.00318754    -0.00559479  -0.00559479     0.01143629  -0.01143629
    5    4
  0.01725715  -0.01725716     0.00624199  -0.00624199    -0.00723253  -0.00723252
  0.00624199  -0.00624199     0.00290040  -0.00290040    -0.00153482  -0.00153482
 -0.00723253  -0.00723252    -0.00153482  -0.00153482    -0.01080351   0.01080351
    5    5
  0.07211067  -0.00000000     0.00329179   0.00000000    -0.00000000   0.00538425
  0.00329179  -0.00000000     0.07489298   0.00000000    -0.00000000   0.00812687
 -0.00000000  -0.00538425    -0.00000000  -0.00812687     0.03896833  -0.00000000
    5    6
 -0.00674021  -0.00449752    -0.00380837   0.00904307     0.00547680  -0.00524197
 -0.00775279   0.00540650    -0.01877102   0.00532349     0.01440564  -0.00615750
  0.00202071  -0.00851613     0.02630902   0.00365064    -0.01300114   0.00522172
    5    7
 -0.00158582   0.00794627    -0.00908734  -0.00370149    -0.00757932   0.00016605
 -0.00930503   0.00165908    -0.01703739   0.00950885    -0.01454033   0.00583232
 -0.00745067  -0.00459295    -0.01602189   0.02118468    -0.01288551   0.00550088
    6    1
 -0.00000000  -0.00000000    -0.00000000  -0.00000000     0.01644970  -0.00540010
  0.00000000  -0.00000000     0.00000000  -0.00000000    -0.01545014   0.00781325
  0.01597673   0.01822922     0.00159275   0.02418725    -0.00000000  -0.00000000
    6    2
 -0.01703739  -0.00950885    -0.00908734   0.00370149    -0.01602189  -0.02118468
 -0.00930503  -0.00165908    -0.00158582  -0.00794627    -0.00745067   0.00459295
 -0.01454033  -0.00583232    -0.00757932  -0.00016605    -0.01288551  -0.00550088
    6    3
 -0.01877102   0.00532349    -0.00380837   0.00904307     0.02630902   0.00365064
 -0.00775279   0.00540650    -0.00674021  -0.00449752     0.00202071  -0.00851613
  0.01440564  -0.00615750     0.00547680  -0.00524197    -0.01300114   0.00522172
    6    4
 -0.00158582   0.00794627    -0.00930503   0.00165908    -0.00745067  -0.00459295
 -0.00908734  -0.00370149    -0.01703739   0.00950885    -0.01602189   0.02118468
 -0.00757932   0.00016605    -0.01454033   0.00583232    -0.01288551   0.00550088
    6    5
 -0.00674021   0.00449752    -0.00775279  -0.00540650     0.00202071   0.00851613
 -0.00380837  -0.00904307    -0.01877102  -0.00532349     0.02630902  -0.00365064
  0.00547680   0.00524197     0.01440564   0.00615750    -0.01300114  -0.00522172
    6    6
  0.04657639   0.00000000    -0.00128066   0.00505071    -0.00000000   0.00000000
 -0.00128066  -0.00505071     0.04657639   0.00000000    -0.00000000   0.00000000
 -0.00000000   0.00000000    -0.00000000   0.00000000     0.04390158   0.00000000
    6    7
 -0.00576383  -0.01259889    -0.00451832  -0.00000000    -0.00000000   0.00000000
 -0.00451832  -0.00000000    -0.00576383   0.01259889    -0.00000000   0.00000000
 -0.00000000   0.00000000    -0.00000000   0.00000000     0.01470041   0.00000000
    7    1
  0.00000000  -0.00000000     0.00000000  -0.00000000    -0.01545014   0.00781325
 -0.00000000  -0.00000000    -0.00000000  -0.00000000     0.01644970  -0.00540010
  0.00159275   0.02418725     0.01597673   0.01822922    -0.00000000  -0.00000000
    7    2
 -0.01877102  -0.00532349    -0.00380837  -0.00904307     0.02630902  -0.00365064
 -0.00775279  -0.00540650    -0.00674021   0.00449752     0.00202071   0.00851613
  0.01440564   0.00615750     0.00547680   0.00524197    -0.01300114  -0.00522172
    7    3
 -0.01703739   0.00950885    -0.00908734  -0.00370149    -0.01602189   0.02118468
 -0.00930503   0.00165908    -0.00158582   0.00794627    -0.00745067  -0.00459295
 -0.01454033   0.00583232    -0.00757932   0.00016605    -0.01288551   0.00550088
    7    4
 -0.00674021  -0.00449752    -0.00775279   0.00540650     0.00202071  -0.00851613
 -0.00380837   0.00904307    -0.01877102   0.00532349     0.02630902   0.00365064
  0.00547680  -0.00524197     0.01440564  -0.00615750    -0.01300114   0.00522172
    7    5
 -0.00158582  -0.00794627    -0.00930503  -0.00165908    -0.00745067   0.00459295
 -0.00908734   0.00370149    -0.01703739  -0.00950885    -0.01602189  -0.02118468
 -0.00757932  -0.00016605    -0.01454033  -0.00583232    -0.01288551  -0.00550088
    7    6
 -0.00576383   0.01259889    -0.00451832  -0.00000000    -0.00000000   0.00000000
 -0.00451832   0.00000000    -0.00576383  -0.01259889    -0.00000000   0.00000000
 -0.00000000   0.00000000    -0.00000000   0.00000000     0.01470041   0.00000000
    7    7
  0.04657639   0.00000000    -0.00128066  -0.00505071    -0.00000000   0.00000000
 -0.00128066   0.00505071     0.04657639   0.00000000    -0.00000000   0.00000000
 -0.00000000   0.00000000    -0.00000000   0.00000000     0.04390158   0.00000000

     Dynamical  Matrix in cartesian axes

     q = (    0.433012700  -0.433012700   0.216506400 ) 

    1    1
  0.11848737   0.00000000    -0.03991954   0.00000000    -0.00000000   0.00000000
 -0.03991954   0.00000000     0.11848737   0.00000000    -0.00000000   0.00000000
 -0.00000000   0.00000000    -0.00000000   0.00000000     0.06610082   0.00000000
    1    2
 -0.01697053   0.01697054    -0.01809110   0.01809111    -0.01007793  -0.01007792
  0.00567275  -0.00567275     0.01358939  -0.01358939     0.00734169   0.00734169
 -0.00411133  -0.00411133     0.00143732   0.00143732    -0.01036162   0.01036163
    1    3
 -0.02399996   0.00000000    -0.02558469   0.00000000     0.00000000   0.01425234
  0.00802248  -0.00000000     0.01921830  -0.00000000    -0.00000000  -0.01038272
  0.00000000   0.00581430    -0.00000000  -0.00203268    -0.01465355   0.00000000
    1    4
  0.01921830   0.00000000     0.00802248   0.00000000     0.00000000  -0.01038272
 -0.02558469  -0.00000000    -0.02399996  -0.00000000    -0.00000000   0.01425234
  0.00000000  -0.00203268    -0.00000000   0.00581430    -0.01465355  -0.00000000
    1    5
  0.01358939  -0.01358939     0.00567275  -0.00567275     0.00734169   0.00734169
 -0.01809110   0.01809111    -0.01697053   0.01697054    -0.01007793  -0.01007792
  0.00143732   0.00143732    -0.00411133  -0.00411133    -0.01036162   0.01036163
    1    6
 -0.00000000  -0.00000000    -0.00000000   0.00000000    -0.01597673  -0.01822922
  0.00000000   0.00000000     0.00000000  -0.00000000     0.00159275   0.02418725
 -0.01644970   0.00540010    -0.01545014   0.00781325    -0.00000000  -0.00000000
    1    7
 -0.00000000   0.00000000    -0.00000000  -0.00000000     0.00159275   0.02418725
  0.00000000  -0.00000000     0.00000000   0.00000000    -0.01597673  -0.01822922
 -0.01545014   0.00781325    -0.01644970   0.00540010     0.00000000   0.00000000
    2    1
 -0.01697053  -0.01697054     0.00567275   0.00567275    -0.00411133   0.00411133
 -0.01809110  -0.01809111     0.01358939   0.01358939     0.00143732  -0.00143732
 -0.01007793   0.01007792     0.00734169  -0.00734169    -0.01036162  -0.01036163
    2    2
  0.07489298   0.00000000    -0.00329179   0.00000000    -0.00000000  -0.00812687
 -0.00329179  -0.00000000     0.07211067  -0.00000000    -0.00000000   0.00538425
 -0.00000000   0.00812687    -0.00000000  -0.00538425     0.03896833   0.00000000
    2    3
 -0.00290040  -0.00290040     0.00624199   0.00624199     0.00153482  -0.00153482
  0.00624199   0.00624199    -0.01725715  -0.01725716    -0.00723253   0.00723252
  0.00153482  -0.00153482    -0.00723253   0.00723252     0.01080351   0.01080351
    2    4
 -0.01276270  -0.01276271    -0.02086647  -0.02086648     0.00262242  -0.00262242
 -0.03718303  -0.03718305    -0.01276270  -0.01276271    -0.00397229   0.00397229
 -0.00397229   0.00397229     0.00262242  -0.00262242    -0.00233225  -0.00233225
    2    5
 -0.02843447   0.00000000     0.03699398  -0.00000000     0.00000000   0.00450786
  0.04073684  -0.00000000    -0.02843447   0.00000000     0.00000000   0.00791223
 -0.00000000  -0.00791223    -0.00000000  -0.00450786    -0.01617335   0.00000000
    2    6
  0.01703739   0.00950885    -0.00930503  -0.00165908     0.01454033   0.00583232
 -0.00908734   0.00370149     0.00158582   0.00794627    -0.00757932  -0.00016605
  0.01602189   0.02118468    -0.00745067   0.00459295     0.01288551   0.00550088
    2    7
 -0.01877102  -0.00532349     0.00775279   0.00540650     0.01440564   0.00615750
  0.00380837   0.00904307    -0.00674021   0.00449752    -0.00547680  -0.00524197
  0.02630902  -0.00365064    -0.00202071  -0.00851613    -0.01300114  -0.00522172
    3    1
 -0.02399996  -0.00000000     0.00802248   0.00000000     0.00000000  -0.00581430
 -0.02558469  -0.00000000     0.01921830   0.00000000    -0.00000000   0.00203268
  0.00000000  -0.01425234    -0.00000000   0.01038272    -0.01465355  -0.00000000
    3    2
 -0.00290040   0.00290040     0.00624199  -0.00624199     0.00153482   0.00153482
  0.00624199  -0.00624199    -0.01725715   0.01725716    -0.00723253  -0.00723252
  0.00153482   0.00153482    -0.00723253  -0.00723252     0.01080351  -0.01080351
    3    3
  0.07489298   0.00000000    -0.00329179  -0.00000000    -0.00000000   0.00812687
 -0.00329179   0.00000000     0.07211067   0.00000000    -0.00000000  -0.00538425
 -0.00000000  -0.00812687    -0.00000000   0.00538425     0.03896833   0.00000000
    3    4
 -0.02843447  -0.00000000     0.03699398   0.00000000     0.00000000  -0.00450786
  0.04073684   0.00000000    -0.02843447  -0.00000000     0.00000000  -0.00791223
 -0.00000000   0.00791223    -0.00000000   0.00450786    -0.01617335  -0.00000000
    3    5
 -0.01276270   0.01276271    -0.02086647   0.02086648     0.00262242   0.00262242
 -0.03718303   0.03718305    -0.01276270   0.01276271    -0.00397229  -0.00397229
 -0.00397229  -0.00397229     0.00262242   0.00262242    -0.00233225   0.00233225
    3    6
 -0.01877102   0.00532349     0.00775279  -0.00540650     0.01440564  -0.00615750
  0.00380837  -0.00904307    -0.00674021  -0.00449752    -0.00547680   0.00524197
  0.02630902   0.00365064    -0.00202071   0.00851613    -0.01300114   0.00522172
    3    7
  0.01703739  -0.00950885    -0.00930503   0.00165908     0.01454033  -0.00583232
 -0.00908734  -0.00370149     0.00158582  -0.00794627    -0.00757932   0.00016605
  0.01602189  -0.02118468    -0.00745067  -0.00459295     0.01288551  -0.00550088
    4    1
  0.01921830  -0.00000000    -0.02558469   0.00000000     0.00000000   0.00203268
  0.00802248  -0.00000000    -0.02399996   0.00000000    -0.00000000  -0.00581430
  0.00000000   0.01038272    -0.00000000  -0.01425234    -0.01465355   0.00000000
    4    2
 -0.01276270   0.01276271    -0.03718303   0.03718305    -0.00397229  -0.00397229
 -0.02086647   0.02086648    -0.01276270   0.01276271     0.00262242   0.00262242
  0.00262242   0.00262242    -0.00397229  -0.00397229    -0.00233225   0.00233225
    4    3
 -0.02843447   0.00000000     0.04073684  -0.00000000    -0.00000000  -0.00791223
  0.03699398  -0.00000000    -0.02843447   0.00000000    -0.00000000  -0.00450786
  0.00000000   0.00450786     0.00000000   0.00791223    -0.01617335   0.00000000
    4    4
  0.07211067   0.00000000    -0.00329179   0.00000000    -0.00000000  -0.00538425
 -0.00329179  -0.00000000     0.07489298  -0.00000000    -0.00000000   0.00812687
 -0.00000000   0.00538425    -0.00000000  -0.00812687     0.03896833  -0.00000000
    4    5
 -0.01725715   0.01725716     0.00624199  -0.00624199    -0.00723253  -0.00723252
  0.00624199  -0.00624199    -0.00290040   0.00290040     0.00153482   0.00153482
 -0.00723253  -0.00723252     0.00153482   0.00153482     0.01080351  -0.01080351
    4    6
  0.00158582  -0.00794627    -0.00908734  -0.00370149    -0.00757932   0.00016605
 -0.00930503   0.00165908     0.01703739  -0.00950885     0.01454033  -0.00583232
 -0.00745067  -0.00459295     0.01602189  -0.02118468     0.01288551  -0.00550088
    4    7
 -0.00674021  -0.00449752     0.00380837  -0.00904307    -0.00547680   0.00524197
  0.00775279  -0.00540650    -0.01877102   0.00532349     0.01440564  -0.00615750
 -0.00202071   0.00851613     0.02630902   0.00365064    -0.01300114   0.00522172
    5    1
  0.01358939   0.01358939    -0.01809110  -0.01809111     0.00143732  -0.00143732
  0.00567275   0.00567275    -0.01697053  -0.01697054    -0.00411133   0.00411133
  0.00734169  -0.00734169    -0.01007793   0.01007792    -0.01036162  -0.01036163
    5    2
 -0.02843447  -0.00000000     0.04073684   0.00000000    -0.00000000   0.00791223
  0.03699398   0.00000000    -0.02843447  -0.00000000    -0.00000000   0.00450786
  0.00000000  -0.00450786     0.00000000  -0.00791223    -0.01617335  -0.00000000
    5    3
 -0.01276270  -0.01276271    -0.03718303  -0.03718305    -0.00397229   0.00397229
 -0.02086647  -0.02086648    -0.01276270  -0.01276271     0.00262242  -0.00262242
  0.00262242  -0.00262242    -0.00397229   0.00397229    -0.00233225  -0.00233225
    5    4
 -0.01725715  -0.01725716     0.00624199   0.00624199    -0.00723253   0.00723252
  0.00624199   0.00624199    -0.00290040  -0.00290040     0.00153482  -0.00153482
 -0.00723253   0.00723252     0.00153482  -0.00153482     0.01080351   0.01080351
    5    5
  0.07211067   0.00000000    -0.00329179  -0.00000000    -0.00000000   0.00538425
 -0.00329179   0.00000000     0.07489298   0.00000000    -0.00000000  -0.00812687
 -0.00000000  -0.00538425    -0.00000000   0.00812687     0.03896833  -0.00000000
    5    6
 -0.00674021   0.00449752     0.00380837   0.00904307    -0.00547680  -0.00524197
  0.00775279   0.00540650    -0.01877102  -0.00532349     0.01440564   0.00615750
 -0.00202071  -0.00851613     0.02630902  -0.00365064    -0.01300114  -0.00522172
    5    7
  0.00158582   0.00794627    -0.00908734   0.00370149    -0.00757932  -0.00016605
 -0.00930503  -0.00165908     0.01703739   0.00950885     0.01454033   0.00583232
 -0.00745067   0.00459295     0.01602189   0.02118468     0.01288551   0.00550088
    6    1
 -0.00000000   0.00000000     0.00000000  -0.00000000    -0.01644970  -0.00540010
 -0.00000000  -0.00000000     0.00000000   0.00000000    -0.01545014  -0.00781325
 -0.01597673   0.01822922     0.00159275  -0.02418725    -0.00000000   0.00000000
    6    2
  0.01703739  -0.00950885    -0.00908734  -0.00370149     0.01602189  -0.02118468
 -0.00930503   0.00165908     0.00158582  -0.00794627    -0.00745067  -0.00459295
  0.01454033  -0.00583232    -0.00757932   0.00016605     0.01288551  -0.00550088
    6    3
 -0.01877102  -0.00532349     0.00380837   0.00904307     0.02630902  -0.00365064
  0.00775279   0.00540650    -0.00674021   0.00449752    -0.00202071  -0.00851613
  0.01440564   0.00615750    -0.00547680  -0.00524197    -0.01300114  -0.00522172
    6    4
  0.00158582   0.00794627    -0.00930503  -0.00165908    -0.00745067   0.00459295
 -0.00908734   0.00370149     0.01703739   0.00950885     0.01602189   0.02118468
 -0.00757932  -0.00016605     0.01454033   0.00583232     0.01288551   0.00550088
    6    5
 -0.00674021  -0.00449752     0.00775279  -0.00540650    -0.00202071   0.00851613
  0.00380837  -0.00904307    -0.01877102   0.00532349     0.02630902   0.00365064
 -0.00547680   0.00524197     0.01440564  -0.00615750    -0.01300114   0.00522172
    6    6
  0.04657639   0.00000000     0.00128066   0.00505071    -0.00000000   0.00000000
  0.00128066  -0.00505071     0.04657639  -0.00000000    -0.00000000   0.00000000
 -0.00000000   0.00000000    -0.00000000   0.00000000     0.04390158   0.00000000
    6    7
  0.00576383  -0.01259889    -0.00451832  -0.00000000     0.00000000   0.00000000
 -0.00451832  -0.00000000     0.00576383   0.01259889     0.00000000   0.00000000
  0.00000000   0.00000000     0.00000000   0.00000000    -0.01470041  -0.00000000
    7    1
 -0.00000000  -0.00000000     0.00000000   0.00000000    -0.01545014  -0.00781325
 -0.00000000   0.00000000     0.00000000  -0.00000000    -0.01644970  -0.00540010
  0.00159275  -0.02418725    -0.01597673   0.01822922     0.00000000  -0.00000000
    7    2
 -0.01877102   0.00532349     0.00380837  -0.00904307     0.02630902   0.00365064
  0.00775279  -0.00540650    -0.00674021  -0.00449752    -0.00202071   0.00851613
  0.01440564  -0.00615750    -0.00547680   0.00524197    -0.01300114   0.00522172
    7    3
  0.01703739   0.00950885    -0.00908734   0.00370149     0.01602189   0.02118468
 -0.00930503  -0.00165908     0.00158582   0.00794627    -0.00745067   0.00459295
  0.01454033   0.00583232    -0.00757932  -0.00016605     0.01288551   0.00550088
    7    4
 -0.00674021   0.00449752     0.00775279   0.00540650    -0.00202071  -0.00851613
  0.00380837   0.00904307    -0.01877102  -0.00532349     0.02630902  -0.00365064
 -0.00547680  -0.00524197     0.01440564   0.00615750    -0.01300114  -0.00522172
    7    5
  0.00158582  -0.00794627    -0.00930503   0.00165908    -0.00745067  -0.00459295
 -0.00908734  -0.00370149     0.01703739  -0.00950885     0.01602189  -0.02118468
 -0.00757932   0.00016605     0.01454033  -0.00583232     0.01288551  -0.00550088
    7    6
  0.00576383   0.01259889    -0.00451832   0.00000000     0.00000000   0.00000000
 -0.00451832   0.00000000     0.00576383  -0.01259889     0.00000000   0.00000000
  0.00000000   0.00000000     0.00000000   0.00000000    -0.01470041   0.00000000
    7    7
  0.04657639  -0.00000000     0.00128066  -0.00505071    -0.00000000   0.00000000
  0.00128066   0.00505071     0.04657639   0.00000000    -0.00000000   0.00000000
 -0.00000000   0.00000000    -0.00000000   0.00000000     0.04390158   0.00000000

     Dynamical  Matrix in cartesian axes

     q = (    0.216506400  -0.433012700   0.433012700 ) 

    1    1
  0.06610082   0.00000000     0.00000000   0.00000000    -0.00000000   0.00000000
  0.00000000   0.00000000     0.11848737   0.00000000    -0.03991954   0.00000000
 -0.00000000   0.00000000    -0.03991954   0.00000000     0.11848737   0.00000000
    1    2
  0.00000000   0.00000000    -0.01644970   0.00540010    -0.01545014   0.00781325
 -0.01597673  -0.01822922     0.00000000   0.00000000     0.00000000  -0.00000000
  0.00159275   0.02418725    -0.00000000  -0.00000000    -0.00000000   0.00000000
    1    3
 -0.00000000  -0.00000000    -0.01545014   0.00781325    -0.01644970   0.00540010
  0.00159275   0.02418725     0.00000000  -0.00000000     0.00000000   0.00000000
 -0.01597673  -0.01822922    -0.00000000   0.00000000    -0.00000000  -0.00000000
    1    4
 -0.01036162   0.01036163    -0.00411133  -0.00411133     0.00143732   0.00143732
 -0.01007793  -0.01007792    -0.01697053   0.01697054    -0.01809110   0.01809111
  0.00734169   0.00734169     0.00567275  -0.00567275     0.01358939  -0.01358939
    1    5
 -0.01465355  -0.00000000    -0.00000000   0.00581430     0.00000000  -0.00203268
 -0.00000000   0.01425234    -0.02399996  -0.00000000    -0.02558469  -0.00000000
  0.00000000  -0.01038272     0.00802248   0.00000000     0.01921830   0.00000000
    1    6
 -0.01465355   0.00000000    -0.00000000  -0.00203268     0.00000000   0.00581430
 -0.00000000  -0.01038272     0.01921830  -0.00000000     0.00802248  -0.00000000
  0.00000000   0.01425234    -0.02558469   0.00000000    -0.02399996   0.00000000
    1    7
 -0.01036162   0.01036163     0.00143732   0.00143732    -0.00411133  -0.00411133
  0.00734169   0.00734169     0.01358939  -0.01358939     0.00567275  -0.00567275
