  1.500000000000000E-002   1.26023585003145        2.23508645248256     
           6

     Dynamical  Matrix in cartesian axes

     q = (    0.000000000   0.000000000   0.216506400 ) 

    1    1
  0.01928269   0.00000000     0.00000000   0.00000000    -0.00000000   0.00000000
  0.00000000   0.00000000     0.01928269   0.00000000    -0.00000000   0.00000000
 -0.00000000   0.00000000    -0.00000000   0.00000000     0.30402496   0.00000000
    1    2
 -0.00409471   0.00409471     0.00000000   0.00000000    -0.01493649  -0.01493649
  0.00000000   0.00000000    -0.00019431   0.00019431    -0.00000000   0.00000000
 -0.03294962  -0.03294961     0.00000000   0.00000000     0.00349300  -0.00349300
    1    3
 -0.00579079  -0.00000000     0.00000000   0.00000000     0.00000000   0.02112338
 -0.00000000  -0.00000000    -0.00027480   0.00000000    -0.00000000  -0.00000000
  0.00000000   0.04659779    -0.00000000  -0.00000000     0.00493984  -0.00000000
    1    4
 -0.00027480   0.00000000    -0.00000000  -0.00000000    -0.00000000   0.00000000
  0.00000000  -0.00000000    -0.00579079  -0.00000000     0.00000000   0.02112338
 -0.00000000   0.00000000     0.00000000   0.04659779     0.00493984   0.00000000
    1    5
 -0.00019431   0.00019431     0.00000000   0.00000000     0.00000000   0.00000000
  0.00000000   0.00000000    -0.00409471   0.00409471    -0.01493649  -0.01493649
  0.00000000   0.00000000    -0.03294962  -0.03294961     0.00349300  -0.00349300
    1    6
 -0.00375309   0.01933248     0.00000000  -0.00000000     0.00000000  -0.00000000
  0.00000000   0.00000000    -0.01632397  -0.01101629     0.00000000  -0.00000000
  0.00000000  -0.00000000     0.00000000   0.00000000    -0.02789803   0.01155574
    1    7
 -0.01632397  -0.01101629     0.00000000  -0.00000000     0.00000000  -0.00000000
  0.00000000   0.00000000    -0.00375309   0.01933248     0.00000000   0.00000000
  0.00000000  -0.00000000     0.00000000  -0.00000000    -0.02789803   0.01155574
    2    1
 -0.00409471  -0.00409471     0.00000000  -0.00000000    -0.03294962   0.03294961
  0.00000000  -0.00000000    -0.00019431  -0.00019431     0.00000000  -0.00000000
 -0.01493649   0.01493649    -0.00000000  -0.00000000     0.00349300   0.00349300
    2    2
  0.02566500   0.00000000     0.00000000  -0.00000000    -0.00000000   0.00516095
 -0.00000000   0.00000000     0.10368327  -0.00000000    -0.00000000  -0.00000000
 -0.00000000  -0.00516095    -0.00000000   0.00000000     0.04304422  -0.00000000
    2    3
 -0.01227326  -0.01227326    -0.00000000  -0.00000000     0.00563080  -0.00563079
 -0.00000000   0.00000000    -0.07175204  -0.07175206    -0.00000000   0.00000000
  0.00563080  -0.00563079    -0.00000000   0.00000000    -0.02110928  -0.02110929
    2    4
 -0.00065136  -0.00065136    -0.01185687  -0.01185688     0.00057155  -0.00057155
 -0.07174834  -0.07174837    -0.00065136  -0.00065136     0.00048223  -0.00048223
  0.00048223  -0.00048223     0.00057155  -0.00057155     0.00272143   0.00272143
    2    5
 -0.00092116  -0.00000000     0.01676815   0.00000000    -0.00000000  -0.00080829
  0.10146750  -0.00000000    -0.00092116  -0.00000000    -0.00000000   0.00068197
 -0.00000000  -0.00068197    -0.00000000   0.00080829     0.00384868  -0.00000000
    2    6
  0.00445677  -0.00350074     0.00000000   0.00000000    -0.00405761  -0.00316436
  0.00000000   0.00000000     0.00041471   0.00061114     0.00000000   0.00000000
 -0.02249684  -0.02602665     0.00000000  -0.00000000    -0.00231815  -0.00131493
    2    7
  0.00067602   0.00562681     0.00000000  -0.00000000     0.00510670   0.00063162
 -0.00000000   0.00000000     0.00072538  -0.00013889     0.00000000   0.00000000
  0.03431129  -0.00249594     0.00000000  -0.00000000    -0.00256898  -0.00070939
    3    1
 -0.00579079   0.00000000     0.00000000   0.00000000     0.00000000  -0.04659779
  0.00000000   0.00000000    -0.00027480   0.00000000    -0.00000000   0.00000000
  0.00000000  -0.02112338    -0.00000000   0.00000000     0.00493984   0.00000000
    3    2
 -0.01227326   0.01227326    -0.00000000   0.00000000     0.00563080   0.00563079
 -0.00000000   0.00000000    -0.07175204   0.07175206    -0.00000000  -0.00000000
  0.00563080   0.00563079    -0.00000000   0.00000000    -0.02110928   0.02110929
    3    3
  0.02566500  -0.00000000     0.00000000   0.00000000    -0.00000000  -0.00516095
 -0.00000000  -0.00000000     0.10368327   0.00000000    -0.00000000   0.00000000
 -0.00000000   0.00516095    -0.00000000  -0.00000000     0.04304422   0.00000000
    3    4
 -0.00092116   0.00000000     0.01676815  -0.00000000    -0.00000000   0.00080829
  0.10146750  -0.00000000    -0.00092116   0.00000000    -0.00000000  -0.00068197
 -0.00000000   0.00068197     0.00000000  -0.00080829     0.00384868  -0.00000000
    3    5
 -0.00065136   0.00065136    -0.01185687   0.01185688     0.00057155   0.00057155
 -0.07174834   0.07174837    -0.00065136   0.00065136     0.00048223   0.00048223
  0.00048223   0.00048223     0.00057155   0.00057155     0.00272143  -0.00272143
    3    6
  0.00067602  -0.00562681     0.00000000   0.00000000     0.00510670  -0.00063162
 -0.00000000   0.00000000     0.00072538   0.00013889     0.00000000  -0.00000000
  0.03431129   0.00249594     0.00000000   0.00000000    -0.00256898   0.00070939
    3    7
  0.00445677   0.00350074     0.00000000  -0.00000000    -0.00405761   0.00316436
  0.00000000  -0.00000000     0.00041471  -0.00061114     0.00000000   0.00000000
 -0.02249684   0.02602665    -0.00000000   0.00000000    -0.00231815   0.00131493
    4    1
 -0.00027480  -0.00000000     0.00000000   0.00000000    -0.00000000  -0.00000000
  0.00000000   0.00000000    -0.00579079   0.00000000     0.00000000  -0.04659779
 -0.00000000  -0.00000000     0.00000000  -0.02112338     0.00493984   0.00000000
    4    2
 -0.00065136   0.00065136    -0.07174834   0.07174837     0.00048223   0.00048223
 -0.01185687   0.01185688    -0.00065136   0.00065136     0.00057155   0.00057155
  0.00057155   0.00057155     0.00048223   0.00048223     0.00272143  -0.00272143
    4    3
 -0.00092116  -0.00000000     0.10146750   0.00000000    -0.00000000  -0.00068197
  0.01676815   0.00000000    -0.00092116  -0.00000000    -0.00000000   0.00080829
 -0.00000000  -0.00080829    -0.00000000   0.00068197     0.00384868   0.00000000
    4    4
  0.10368327   0.00000000     0.00000000  -0.00000000    -0.00000000   0.00000000
  0.00000000   0.00000000     0.02566500  -0.00000000    -0.00000000  -0.00516095
 -0.00000000   0.00000000    -0.00000000   0.00516095     0.04304422  -0.00000000
    4    5
 -0.07175204   0.07175206     0.00000000   0.00000000     0.00000000   0.00000000
  0.00000000  -0.00000000    -0.01227326   0.01227326     0.00563080   0.00563079
  0.00000000   0.00000000     0.00563080   0.00563079    -0.02110928   0.02110929
    4    6
  0.00041471  -0.00061114     0.00000000  -0.00000000    -0.00000000   0.00000000
 -0.00000000  -0.00000000     0.00445677   0.00350074    -0.00405761   0.00316436
 -0.00000000  -0.00000000    -0.02249684   0.02602665    -0.00231815   0.00131493
    4    7
  0.00072538   0.00013889    -0.00000000  -0.00000000     0.00000000  -0.00000000
  0.00000000   0.00000000     0.00067602  -0.00562681     0.00510670  -0.00063162
  0.00000000   0.00000000     0.03431129   0.00249594    -0.00256898   0.00070939
    5    1
 -0.00019431  -0.00019431     0.00000000  -0.00000000     0.00000000   0.00000000
  0.00000000  -0.00000000    -0.00409471  -0.00409471    -0.03294962   0.03294961
  0.00000000   0.00000000    -0.01493649   0.01493649     0.00349300   0.00349300
    5    2
 -0.00092116  -0.00000000     0.10146750  -0.00000000    -0.00000000   0.00068197
  0.01676815   0.00000000    -0.00092116   0.00000000    -0.00000000  -0.00080829
 -0.00000000   0.00080829    -0.00000000  -0.00068197     0.00384868  -0.00000000
    5    3
 -0.00065136  -0.00065136    -0.07174834  -0.07174837     0.00048223  -0.00048223
 -0.01185687  -0.01185688    -0.00065136  -0.00065136     0.00057155  -0.00057155
  0.00057155  -0.00057155     0.00048223  -0.00048223     0.00272143   0.00272143
    5    4
 -0.07175204  -0.07175206     0.00000000   0.00000000     0.00000000  -0.00000000
  0.00000000   0.00000000    -0.01227326  -0.01227326     0.00563080  -0.00563079
  0.00000000   0.00000000     0.00563080  -0.00563079    -0.02110928  -0.02110929
    5    5
  0.10368327  -0.00000000     0.00000000   0.00000000    -0.00000000  -0.00000000
  0.00000000  -0.00000000     0.02566500   0.00000000    -0.00000000   0.00516095
 -0.00000000  -0.00000000    -0.00000000  -0.00516095     0.04304422   0.00000000
    5    6
  0.00072538  -0.00013889    -0.00000000  -0.00000000     0.00000000   0.00000000
  0.00000000  -0.00000000     0.00067602   0.00562681     0.00510670   0.00063162
  0.00000000  -0.00000000     0.03431129  -0.00249594    -0.00256898  -0.00070939
    5    7
  0.00041471   0.00061114     0.00000000   0.00000000     0.00000000  -0.00000000
  0.00000000   0.00000000     0.00445677  -0.00350074    -0.00405761  -0.00316436
  0.00000000   0.00000000    -0.02249684  -0.02602665    -0.00231815  -0.00131493
    6    1
 -0.00375309  -0.01933248     0.00000000  -0.00000000     0.00000000   0.00000000
  0.00000000  -0.00000000    -0.01632397   0.01101629     0.00000000   0.00000000
  0.00000000   0.00000000     0.00000000   0.00000000    -0.02789803  -0.01155574
    6    2
  0.00445677   0.00350074     0.00000000  -0.00000000    -0.02249684   0.02602665
 -0.00000000   0.00000000     0.00041471  -0.00061114     0.00000000   0.00000000
 -0.00405761   0.00316436     0.00000000   0.00000000    -0.00231815   0.00131493
    6    3
  0.00067602   0.00562681    -0.00000000   0.00000000     0.03431129  -0.00249594
  0.00000000  -0.00000000     0.00072538  -0.00013889     0.00000000  -0.00000000
  0.00510670   0.00063162     0.00000000   0.00000000    -0.00256898  -0.00070939
    6    4
  0.00041471   0.00061114     0.00000000   0.00000000    -0.00000000   0.00000000
  0.00000000   0.00000000     0.00445677  -0.00350074    -0.02249684  -0.02602665
  0.00000000   0.00000000    -0.00405761  -0.00316436    -0.00231815  -0.00131493
    6    5
  0.00072538   0.00013889    -0.00000000   0.00000000     0.00000000   0.00000000
 -0.00000000   0.00000000     0.00067602  -0.00562681     0.03431129   0.00249594
  0.00000000   0.00000000     0.00510670  -0.00063162    -0.00256898   0.00070939
    6    6
  0.03537549  -0.00000000     0.00000000   0.00000000    -0.00000000   0.00000000
 -0.00000000   0.00000000     0.03537549   0.00000000    -0.00000000   0.00000000
 -0.00000000   0.00000000    -0.00000000   0.00000000     0.02311441  -0.00000000
    6    7
 -0.01839588   0.02549934     0.00000000  -0.00000000    -0.00000000   0.00000000
  0.00000000  -0.00000000    -0.01839588  -0.02549934     0.00000000   0.00000000
 -0.00000000   0.00000000     0.00000000   0.00000000    -0.00012647   0.00000000
    7    1
 -0.01632397   0.01101629     0.00000000   0.00000000     0.00000000   0.00000000
  0.00000000   0.00000000    -0.00375309  -0.01933248     0.00000000   0.00000000
  0.00000000   0.00000000     0.00000000   0.00000000    -0.02789803  -0.01155574
    7    2
  0.00067602  -0.00562681    -0.00000000  -0.00000000     0.03431129   0.00249594
  0.00000000   0.00000000     0.00072538   0.00013889     0.00000000  -0.00000000
  0.00510670  -0.00063162     0.00000000  -0.00000000    -0.00256898   0.00070939
    7    3
  0.00445677  -0.00350074     0.00000000   0.00000000    -0.02249684  -0.02602665
  0.00000000   0.00000000     0.00041471   0.00061114     0.00000000   0.00000000
 -0.00405761  -0.00316436     0.00000000   0.00000000    -0.00231815  -0.00131493
    7    4
  0.00072538  -0.00013889    -0.00000000  -0.00000000     0.00000000  -0.00000000
 -0.00000000  -0.00000000     0.00067602   0.00562681     0.03431129  -0.00249594
  0.00000000  -0.00000000     0.00510670   0.00063162    -0.00256898  -0.00070939
    7    5
  0.00041471  -0.00061114     0.00000000   0.00000000     0.00000000   0.00000000
  0.00000000  -0.00000000     0.00445677   0.00350074    -0.02249684   0.02602665
  0.00000000  -0.00000000    -0.00405761   0.00316436    -0.00231815   0.00131493
    7    6
 -0.01839588  -0.02549934     0.00000000   0.00000000    -0.00000000   0.00000000
  0.00000000   0.00000000    -0.01839588   0.02549934     0.00000000   0.00000000
 -0.00000000   0.00000000     0.00000000   0.00000000    -0.00012647  -0.00000000
    7    7
  0.03537549   0.00000000     0.00000000  -0.00000000    -0.00000000   0.00000000
 -0.00000000   0.00000000     0.03537549  -0.00000000    -0.00000000   0.00000000
 -0.00000000   0.00000000    -0.00000000   0.00000000     0.02311441   0.00000000

     Dynamical  Matrix in cartesian axes

     q = (    0.216506400  -0.000000000   0.000000000 ) 

    1    1
  0.30402496   0.00000000     0.00000000   0.00000000     0.00000000   0.00000000
  0.00000000   0.00000000     0.01928269   0.00000000     0.00000000   0.00000000
 -0.00000000   0.00000000     0.00000000   0.00000000     0.01928269   0.00000000
    1    2
 -0.02789803   0.01155574     0.00000000   0.00000000     0.00000000   0.00000000
  0.00000000  -0.00000000    -0.00375309   0.01933248     0.00000000   0.00000000
  0.00000000   0.00000000     0.00000000   0.00000000    -0.01632397  -0.01101629
    1    3
 -0.02789803   0.01155574     0.00000000  -0.00000000     0.00000000  -0.00000000
  0.00000000   0.00000000    -0.01632397  -0.01101629     0.00000000  -0.00000000
  0.00000000  -0.00000000     0.00000000  -0.00000000    -0.00375309   0.01933248
    1    4
  0.00349300  -0.00349300    -0.03294962  -0.03294961    -0.00000000   0.00000000
 -0.01493649  -0.01493649    -0.00409471   0.00409471     0.00000000  -0.00000000
 -0.00000000  -0.00000000     0.00000000  -0.00000000    -0.00019431   0.00019431
    1    5
  0.00493984   0.00000000     0.00000000   0.04659779    -0.00000000   0.00000000
  0.00000000   0.02112338    -0.00579079   0.00000000    -0.00000000  -0.00000000
 -0.00000000  -0.00000000    -0.00000000  -0.00000000    -0.00027480   0.00000000
    1    6
  0.00493984  -0.00000000    -0.00000000  -0.00000000     0.00000000   0.04659779
 -0.00000000  -0.00000000    -0.00027480   0.00000000     0.00000000   0.00000000
  0.00000000   0.02112338     0.00000000  -0.00000000    -0.00579079  -0.00000000
    1    7
  0.00349300  -0.00349300     0.00000000   0.00000000    -0.03294962  -0.03294961
  0.00000000   0.00000000    -0.00019431   0.00019431     0.00000000   0.00000000
 -0.01493649  -0.01493649     0.00000000   0.00000000    -0.00409471   0.00409471
    2    1
 -0.02789803  -0.01155574     0.00000000   0.00000000     0.00000000  -0.00000000
  0.00000000   0.00000000    -0.00375309  -0.01933248     0.00000000  -0.00000000
  0.00000000  -0.00000000     0.00000000  -0.00000000    -0.01632397   0.01101629
    2    2
  0.02311441  -0.00000000     0.00000000  -0.00000000    -0.00000000  -0.00000000
  0.00000000  -0.00000000     0.03537549  -0.00000000    -0.00000000  -0.00000000
 -0.00000000  -0.00000000    -0.00000000  -0.00000000     0.03537549   0.00000000
    2    3
 -0.00012647  -0.00000000     0.00000000  -0.00000000     0.00000000  -0.00000000
  0.00000000  -0.00000000    -0.01839588   0.02549934     0.00000000   0.00000000
  0.00000000   0.00000000     0.00000000  -0.00000000    -0.01839588  -0.02549934
    2    4
 -0.00231815   0.00131493    -0.00405761   0.00316436    -0.00000000   0.00000000
 -0.02249684   0.02602665     0.00445677   0.00350074    -0.00000000   0.00000000
  0.00000000  -0.00000000    -0.00000000   0.00000000     0.00041471  -0.00061114
    2    5
 -0.00256898  -0.00070939     0.00510670   0.00063162    -0.00000000  -0.00000000
  0.03431129  -0.00249594     0.00067602   0.00562681     0.00000000  -0.00000000
  0.00000000  -0.00000000     0.00000000  -0.00000000     0.00072538  -0.00013889
    2    6
 -0.00231815  -0.00131493     0.00000000   0.00000000    -0.00405761  -0.00316436
  0.00000000   0.00000000     0.00041471   0.00061114    -0.00000000   0.00000000
 -0.02249684  -0.02602665     0.00000000   0.00000000     0.00445677  -0.00350074
    2    7
 -0.00256898   0.00070939     0.00000000  -0.00000000     0.00510670  -0.00063162
 -0.00000000  -0.00000000     0.00072538   0.00013889     0.00000000   0.00000000
  0.03431129   0.00249594     0.00000000   0.00000000     0.00067602  -0.00562681
    3    1
 -0.02789803  -0.01155574     0.00000000   0.00000000     0.00000000   0.00000000
  0.00000000   0.00000000    -0.01632397   0.01101629    -0.00000000   0.00000000
 -0.00000000   0.00000000     0.00000000   0.00000000    -0.00375309  -0.01933248
    3    2
 -0.00012647   0.00000000     0.00000000   0.00000000     0.00000000   0.00000000
  0.00000000   0.00000000    -0.01839588  -0.02549934     0.00000000  -0.00000000
  0.00000000  -0.00000000     0.00000000   0.00000000    -0.01839588   0.02549934
    3    3
  0.02311441   0.00000000     0.00000000   0.00000000    -0.00000000   0.00000000
  0.00000000   0.00000000     0.03537549   0.00000000    -0.00000000   0.00000000
 -0.00000000   0.00000000    -0.00000000   0.00000000     0.03537549  -0.00000000
    3    4
 -0.00256898   0.00070939     0.00510670  -0.00063162    -0.00000000   0.00000000
  0.03431129   0.00249594     0.00067602  -0.00562681     0.00000000   0.00000000
  0.00000000   0.00000000     0.00000000   0.00000000     0.00072538   0.00013889
    3    5
 -0.00231815  -0.00131493    -0.00405761  -0.00316436     0.00000000   0.00000000
 -0.02249684  -0.02602665     0.00445677  -0.00350074     0.00000000  -0.00000000
  0.00000000   0.00000000    -0.00000000   0.00000000     0.00041471   0.00061114
    3    6
 -0.00256898  -0.00070939     0.00000000  -0.00000000     0.00510670   0.00063162
 -0.00000000   0.00000000     0.00072538  -0.00013889     0.00000000  -0.00000000
  0.03431129  -0.00249594     0.00000000  -0.00000000     0.00067602   0.00562681
    3    7
 -0.00231815   0.00131493     0.00000000  -0.00000000    -0.00405761   0.00316436
  0.00000000  -0.00000000     0.00041471  -0.00061114     0.00000000  -0.00000000
 -0.02249684   0.02602665     0.00000000   0.00000000     0.00445677   0.00350074
    4    1
  0.00349300   0.00349300    -0.01493649   0.01493649    -0.00000000   0.00000000
 -0.03294962   0.03294961    -0.00409471  -0.00409471     0.00000000   0.00000000
 -0.00000000   0.00000000     0.00000000   0.00000000    -0.00019431  -0.00019431
    4    2
 -0.00231815  -0.00131493    -0.02249684  -0.02602665    -0.00000000  -0.00000000
 -0.00405761  -0.00316436     0.00445677  -0.00350074     0.00000000  -0.00000000
  0.00000000  -0.00000000     0.00000000  -0.00000000     0.00041471   0.00061114
    4    3
 -0.00256898  -0.00070939     0.03431129  -0.00249594     0.00000000  -0.00000000
  0.00510670   0.00063162     0.00067602   0.00562681     0.00000000  -0.00000000
 -0.00000000   0.00000000     0.00000000   0.00000000     0.00072538  -0.00013889
    4    4
  0.04304422  -0.00000000     0.00000000  -0.00516095    -0.00000000   0.00000000
  0.00000000   0.00516095     0.02566500  -0.00000000    -0.00000000   0.00000000
 -0.00000000  -0.00000000    -0.00000000  -0.00000000     0.10368327  -0.00000000
    4    5
 -0.02110928  -0.02110929     0.00563080  -0.00563079     0.00000000   0.00000000
  0.00563080  -0.00563079    -0.01227326  -0.01227326     0.00000000   0.00000000
  0.00000000   0.00000000     0.00000000   0.00000000    -0.07175204  -0.07175206
    4    6
  0.00272143   0.00272143     0.00048223  -0.00048223     0.00057155  -0.00057155
  0.00057155  -0.00057155    -0.00065136  -0.00065136    -0.01185687  -0.01185688
  0.00048223  -0.00048223    -0.07174834  -0.07174837    -0.00065136  -0.00065136
    4    7
  0.00384868   0.00000000    -0.00000000  -0.00068197     0.00000000   0.00080829
  0.00000000  -0.00080829    -0.00092116   0.00000000     0.01676815  -0.00000000
  0.00000000   0.00068197     0.10146750  -0.00000000    -0.00092116  -0.00000000
    5    1
  0.00493984   0.00000000     0.00000000  -0.02112338     0.00000000   0.00000000
  0.00000000  -0.04659779    -0.00579079   0.00000000     0.00000000  -0.00000000
  0.00000000  -0.00000000    -0.00000000  -0.00000000    -0.00027480  -0.00000000
    5    2
 -0.00256898   0.00070939     0.03431129   0.00249594     0.00000000   0.00000000
  0.00510670  -0.00063162     0.00067602  -0.00562681     0.00000000   0.00000000
  0.00000000  -0.00000000     0.00000000   0.00000000     0.00072538   0.00013889
    5    3
 -0.00231815   0.00131493    -0.02249684   0.02602665     0.00000000  -0.00000000
 -0.00405761   0.00316436     0.00445677   0.00350074     0.00000000  -0.00000000
  0.00000000  -0.00000000     0.00000000   0.00000000     0.00041471  -0.00061114
    5    4
 -0.02110928   0.02110929     0.00563080   0.00563079     0.00000000  -0.00000000
  0.00563080   0.00563079    -0.01227326   0.01227326     0.00000000  -0.00000000
  0.00000000  -0.00000000     0.00000000  -0.00000000    -0.07175204   0.07175206
    5    5
  0.04304422   0.00000000     0.00000000   0.00516095    -0.00000000  -0.00000000
  0.00000000  -0.00516095     0.02566500   0.00000000    -0.00000000  -0.00000000
 -0.00000000   0.00000000    -0.00000000   0.00000000     0.10368327   0.00000000
    5    6
  0.00384868  -0.00000000    -0.00000000   0.00068197     0.00000000  -0.00080829
 -0.00000000   0.00080829    -0.00092116  -0.00000000     0.01676815   0.00000000
  0.00000000  -0.00068197     0.10146750   0.00000000    -0.00092116  -0.00000000
    5    7
  0.00272143  -0.00272143     0.00048223   0.00048223     0.00057155   0.00057155
  0.00057155   0.00057155    -0.00065136   0.00065136    -0.01185687   0.01185688
  0.00048223   0.00048223    -0.07174834   0.07174837    -0.00065136   0.00065136
    6    1
  0.00493984   0.00000000    -0.00000000   0.00000000     0.00000000  -0.02112338
 -0.00000000   0.00000000    -0.00027480   0.00000000     0.00000000   0.00000000
  0.00000000  -0.04659779     0.00000000  -0.00000000    -0.00579079   0.00000000
    6    2
 -0.00231815   0.00131493     0.00000000  -0.00000000    -0.02249684   0.02602665
  0.00000000  -0.00000000     0.00041471  -0.00061114    -0.00000000  -0.00000000
 -0.00405761   0.00316436    -0.00000000   0.00000000     0.00445677   0.00350074
    6    3
 -0.00256898   0.00070939    -0.00000000  -0.00000000     0.03431129   0.00249594
 -0.00000000  -0.00000000     0.00072538   0.00013889     0.00000000  -0.00000000
  0.00510670  -0.00063162     0.00000000   0.00000000     0.00067602  -0.00562681
    6    4
  0.00272143  -0.00272143     0.00057155   0.00057155     0.00048223   0.00048223
  0.00048223   0.00048223    -0.00065136   0.00065136    -0.07174834   0.07174837
  0.00057155   0.00057155    -0.01185687   0.01185688    -0.00065136   0.00065136
    6    5
  0.00384868   0.00000000     0.00000000  -0.00080829     0.00000000   0.00068197
 -0.00000000  -0.00068197    -0.00092116   0.00000000     0.10146750  -0.00000000
  0.00000000   0.00080829     0.01676815  -0.00000000    -0.00092116   0.00000000
    6    6
  0.04304422  -0.00000000     0.00000000   0.00000000    -0.00000000   0.00516095
 -0.00000000   0.00000000     0.10368327   0.00000000    -0.00000000   0.00000000
 -0.00000000  -0.00516095    -0.00000000   0.00000000     0.02566500   0.00000000
    6    7
 -0.02110928   0.02110929     0.00000000  -0.00000000     0.00563080   0.00563079
  0.00000000  -0.00000000    -0.07175204   0.07175206     0.00000000  -0.00000000
  0.00563080   0.00563079     0.00000000  -0.00000000    -0.01227326   0.01227326
    7    1
  0.00349300   0.00349300     0.00000000  -0.00000000    -0.01493649   0.01493649
  0.00000000  -0.00000000    -0.00019431  -0.00019431    -0.00000000  -0.00000000
 -0.03294962   0.03294961     0.00000000  -0.00000000    -0.00409471  -0.00409471
    7    2
 -0.00256898  -0.00070939    -0.00000000   0.00000000     0.03431129  -0.00249594
 -0.00000000   0.00000000     0.00072538  -0.00013889     0.00000000  -0.00000000
  0.00510670   0.00063162     0.00000000  -0.00000000     0.00067602   0.00562681
    7    3
 -0.00231815  -0.00131493     0.00000000   0.00000000    -0.02249684  -0.02602665
  0.00000000   0.00000000     0.00041471   0.00061114    -0.00000000   0.00000000
 -0.00405761  -0.00316436    -0.00000000   0.00000000     0.00445677  -0.00350074
    7    4
  0.00384868  -0.00000000     0.00000000   0.00080829     0.00000000  -0.00068197
 -0.00000000   0.00068197    -0.00092116  -0.00000000     0.10146750   0.00000000
  0.00000000  -0.00080829     0.01676815   0.00000000    -0.00092116  -0.00000000
    7    5
  0.00272143   0.00272143     0.00057155  -0.00057155     0.00048223  -0.00048223
  0.00048223  -0.00048223    -0.00065136  -0.00065136    -0.07174834  -0.07174837
  0.00057155  -0.00057155    -0.01185687  -0.01185688    -0.00065136  -0.00065136
    7    6
 -0.02110928  -0.02110929     0.00000000   0.00000000     0.00563080  -0.00563079
  0.00000000   0.00000000    -0.07175204  -0.07175206     0.00000000   0.00000000
  0.00563080  -0.00563079     0.00000000   0.00000000    -0.01227326  -0.01227326
    7    7
  0.04304422   0.00000000     0.00000000  -0.00000000    -0.00000000  -0.00516095
 -0.00000000  -0.00000000     0.10368327  -0.00000000    -0.00000000   0.00000000
 -0.00000000   0.00516095    -0.00000000  -0.00000000     0.02566500  -0.00000000

     Dynamical  Matrix in cartesian axes

     q = (   -0.216506400  -0.000000000  -0.000000000 ) 

    1    1
  0.30402496   0.00000000     0.00000000   0.00000000     0.00000000   0.00000000
  0.00000000   0.00000000     0.01928269   0.00000000     0.00000000   0.00000000
  0.00000000   0.00000000     0.00000000   0.00000000     0.01928269   0.00000000
    1    2
 -0.02789803  -0.01155574     0.00000000   0.00000000    -0.00000000  -0.00000000
  0.00000000   0.00000000    -0.00375309  -0.01933248     0.00000000  -0.00000000
  0.00000000  -0.00000000     0.00000000  -0.00000000    -0.01632397   0.01101629
    1    3
 -0.02789803  -0.01155574     0.00000000  -0.00000000    -0.00000000   0.00000000
  0.00000000   0.00000000    -0.01632397   0.01101629     0.00000000   0.00000000
 -0.00000000   0.00000000     0.00000000   0.00000000    -0.00375309  -0.01933248
    1    4
  0.00349300   0.00349300    -0.03294962   0.03294961     0.00000000   0.00000000
 -0.01493649   0.01493649    -0.00409471  -0.00409471    -0.00000000  -0.00000000
  0.00000000   0.00000000    -0.00000000   0.00000000    -0.00019431  -0.00019431
    1    5
  0.00493984   0.00000000     0.00000000  -0.04659779    -0.00000000   0.00000000
  0.00000000  -0.02112338    -0.00579079   0.00000000    -0.00000000   0.00000000
  0.00000000   0.00000000     0.00000000   0.00000000    -0.00027480   0.00000000
    1    6
  0.00493984   0.00000000    -0.00000000   0.00000000     0.00000000  -0.04659779
 -0.00000000   0.00000000    -0.00027480  -0.00000000     0.00000000  -0.00000000
  0.00000000  -0.02112338     0.00000000  -0.00000000    -0.00579079  -0.00000000
    1    7
  0.00349300   0.00349300     0.00000000  -0.00000000    -0.03294962   0.03294961
  0.00000000  -0.00000000    -0.00019431  -0.00019431     0.00000000   0.00000000
 -0.01493649   0.01493649     0.00000000   0.00000000    -0.00409471  -0.00409471
    2    1
 -0.02789803   0.01155574     0.00000000  -0.00000000     0.00000000   0.00000000
  0.00000000  -0.00000000    -0.00375309   0.01933248     0.00000000   0.00000000
  0.00000000   0.00000000     0.00000000   0.00000000    -0.01632397  -0.01101629
    2    2
  0.02311441  -0.00000000     0.00000000  -0.00000000    -0.00000000   0.00000000
  0.00000000  -0.00000000     0.03537549   0.00000000    -0.00000000   0.00000000
 -0.00000000   0.00000000    -0.00000000   0.00000000     0.03537549  -0.00000000
    2    3
 -0.00012647  -0.00000000     0.00000000  -0.00000000     0.00000000  -0.00000000
  0.00000000   0.00000000    -0.01839588  -0.02549934     0.00000000  -0.00000000
  0.00000000  -0.00000000     0.00000000  -0.00000000    -0.01839588   0.02549934
    2    4
 -0.00231815  -0.00131493    -0.00405761  -0.00316436     0.00000000  -0.00000000
 -0.02249684  -0.02602665     0.00445677  -0.00350074     0.00000000  -0.00000000
 -0.00000000  -0.00000000     0.00000000  -0.00000000     0.00041471   0.00061114
    2    5
 -0.00256898   0.00070939     0.00510670  -0.00063162     0.00000000   0.00000000
  0.03431129   0.00249594     0.00067602  -0.00562681     0.00000000   0.00000000
  0.00000000   0.00000000     0.00000000   0.00000000     0.00072538   0.00013889
    2    6
 -0.00231815   0.00131493     0.00000000  -0.00000000    -0.00405761   0.00316436
  0.00000000  -0.00000000     0.00041471  -0.00061114    -0.00000000   0.00000000
 -0.02249684   0.02602665    -0.00000000  -0.00000000     0.00445677   0.00350074
    2    7
 -0.00256898  -0.00070939    -0.00000000  -0.00000000     0.00510670   0.00063162
  0.00000000  -0.00000000     0.00072538  -0.00013889     0.00000000  -0.00000000
  0.03431129  -0.00249594     0.00000000  -0.00000000     0.00067602   0.00562681
    3    1
 -0.02789803   0.01155574     0.00000000  -0.00000000     0.00000000  -0.00000000
  0.00000000   0.00000000    -0.01632397  -0.01101629     0.00000000  -0.00000000
  0.00000000  -0.00000000     0.00000000  -0.00000000    -0.00375309   0.01933248
    3    2
 -0.00012647   0.00000000     0.00000000   0.00000000     0.00000000   0.00000000
  0.00000000  -0.00000000    -0.01839588   0.02549934     0.00000000   0.00000000
  0.00000000   0.00000000     0.00000000   0.00000000    -0.01839588  -0.02549934
    3    3
  0.02311441   0.00000000     0.00000000   0.00000000    -0.00000000  -0.00000000
  0.00000000   0.00000000     0.03537549  -0.00000000    -0.00000000  -0.00000000
 -0.00000000  -0.00000000    -0.00000000  -0.00000000     0.03537549   0.00000000
    3    4
 -0.00256898  -0.00070939     0.00510670   0.00063162     0.00000000  -0.00000000
  0.03431129  -0.00249594     0.00067602   0.00562681    -0.00000000  -0.00000000
  0.00000000  -0.00000000     0.00000000  -0.00000000     0.00072538  -0.00013889
    3    5
 -0.00231815   0.00131493    -0.00405761   0.00316436     0.00000000  -0.00000000
 -0.02249684   0.02602665     0.00445677   0.00350074    -0.00000000  -0.00000000
 -0.00000000   0.00000000     0.00000000  -0.00000000     0.00041471  -0.00061114
    3    6
 -0.00256898   0.00070939    -0.00000000  -0.00000000     0.00510670  -0.00063162
  0.00000000  -0.00000000     0.00072538   0.00013889     0.00000000   0.00000000
  0.03431129   0.00249594    -0.00000000   0.00000000     0.00067602  -0.00562681
    3    7
 -0.00231815  -0.00131493     0.00000000   0.00000000    -0.00405761  -0.00316436
  0.00000000   0.00000000     0.00041471   0.00061114    -0.00000000   0.00000000
 -0.02249684  -0.02602665    -0.00000000   0.00000000     0.00445677  -0.00350074
    4    1
  0.00349300  -0.00349300    -0.01493649  -0.01493649     0.00000000   0.00000000
 -0.03294962  -0.03294961    -0.00409471   0.00409471    -0.00000000   0.00000000
  0.00000000  -0.00000000     0.00000000  -0.00000000    -0.00019431   0.00019431
    4    2
 -0.00231815   0.00131493    -0.02249684   0.02602665     0.00000000   0.00000000
 -0.00405761   0.00316436     0.00445677   0.00350074     0.00000000  -0.00000000
  0.00000000   0.00000000     0.00000000   0.00000000     0.00041471  -0.00061114
    4    3
 -0.00256898   0.00070939     0.03431129   0.00249594     0.00000000   0.00000000
  0.00510670  -0.00063162     0.00067602  -0.00562681     0.00000000   0.00000000
  0.00000000  -0.00000000     0.00000000   0.00000000     0.00072538   0.00013889
    4    4
  0.04304422   0.00000000     0.00000000   0.00516095    -0.00000000   0.00000000
 -0.00000000  -0.00516095     0.02566500  -0.00000000    -0.00000000   0.00000000
 -0.00000000   0.00000000    -0.00000000   0.00000000     0.10368327   0.00000000
    4    5
 -0.02110928   0.02110929     0.00563080   0.00563079     0.00000000  -0.00000000
  0.00563080   0.00563079    -0.01227326   0.01227326     0.00000000  -0.00000000
  0.00000000  -0.00000000     0.00000000  -0.00000000    -0.07175204   0.07175206
    4    6
  0.00272143  -0.00272143     0.00048223   0.00048223     0.00057155   0.00057155
  0.00057155   0.00057155    -0.00065136   0.00065136    -0.01185687   0.01185688
  0.00048223   0.00048223    -0.07174834   0.07174837    -0.00065136   0.00065136
    4    7
  0.00384868  -0.00000000    -0.00000000   0.00068197     0.00000000  -0.00080829
 -0.00000000   0.00080829    -0.00092116   0.00000000     0.01676815  -0.00000000
 -0.00000000  -0.00068197     0.10146750  -0.00000000    -0.00092116   0.00000000
    5    1
  0.00493984  -0.00000000     0.00000000   0.02112338     0.00000000  -0.00000000
  0.00000000   0.04659779    -0.00579079  -0.00000000     0.00000000  -0.00000000
  0.00000000  -0.00000000     0.00000000  -0.00000000    -0.00027480  -0.00000000
    5    2
 -0.00256898  -0.00070939     0.03431129  -0.00249594     0.00000000  -0.00000000
  0.00510670   0.00063162     0.00067602   0.00562681     0.00000000   0.00000000
  0.00000000   0.00000000     0.00000000   0.00000000     0.00072538  -0.00013889
    5    3
 -0.00231815  -0.00131493    -0.02249684  -0.02602665    -0.00000000   0.00000000
 -0.00405761  -0.00316436     0.00445677  -0.00350074     0.00000000  -0.00000000
  0.00000000  -0.00000000     0.00000000  -0.00000000     0.00041471   0.00061114
    5    4
 -0.02110928  -0.02110929     0.00563080  -0.00563079     0.00000000   0.00000000
  0.00563080  -0.00563079    -0.01227326  -0.01227326     0.00000000   0.00000000
  0.00000000   0.00000000     0.00000000   0.00000000    -0.07175204  -0.07175206
    5    5
  0.04304422  -0.00000000     0.00000000  -0.00516095    -0.00000000   0.00000000
 -0.00000000   0.00516095     0.02566500   0.00000000    -0.00000000   0.00000000
 -0.00000000   0.00000000    -0.00000000   0.00000000     0.10368327  -0.00000000
    5    6
  0.00384868  -0.00000000    -0.00000000  -0.00068197     0.00000000   0.00080829
 -0.00000000  -0.00080829    -0.00092116  -0.00000000     0.01676815   0.00000000
 -0.00000000   0.00068197     0.10146750   0.00000000    -0.00092116   0.00000000
    5    7
  0.00272143   0.00272143     0.00048223  -0.00048223     0.00057155  -0.00057155
  0.00057155  -0.00057155    -0.00065136  -0.00065136    -0.01185687  -0.01185688
  0.00048223  -0.00048223    -0.07174834  -0.07174837    -0.00065136  -0.00065136
    6    1
  0.00493984  -0.00000000    -0.00000000  -0.00000000     0.00000000   0.02112338
 -0.00000000  -0.00000000    -0.00027480  -0.00000000     0.00000000   0.00000000
  0.00000000   0.04659779     0.00000000   0.00000000    -0.00579079   0.00000000
    6    2
 -0.00231815  -0.00131493     0.00000000   0.00000000    -0.02249684  -0.02602665
  0.00000000   0.00000000     0.00041471   0.00061114     0.00000000   0.00000000
 -0.00405761  -0.00316436     0.00000000   0.00000000     0.00445677  -0.00350074
    6    3
 -0.00256898  -0.00070939    -0.00000000   0.00000000     0.03431129  -0.00249594
 -0.00000000   0.00000000     0.00072538  -0.00013889     0.00000000  -0.00000000
  0.00510670   0.00063162     0.00000000  -0.00000000     0.00067602   0.00562681
    6    4
  0.00272143   0.00272143     0.00057155  -0.00057155     0.00048223  -0.00048223
  0.00048223  -0.00048223    -0.00065136  -0.00065136    -0.07174834  -0.07174837
  0.00057155  -0.00057155    -0.01185687  -0.01185688    -0.00065136  -0.00065136
    6    5
  0.00384868  -0.00000000    -0.00000000   0.00080829    -0.00000000  -0.00068197
 -0.00000000   0.00068197    -0.00092116   0.00000000     0.10146750  -0.00000000
  0.00000000  -0.00080829     0.01676815  -0.00000000    -0.00092116  -0.00000000
    6    6
  0.04304422   0.00000000     0.00000000   0.00000000    -0.00000000  -0.00516095
 -0.00000000  -0.00000000     0.10368327  -0.00000000    -0.00000000   0.00000000
 -0.00000000   0.00516095    -0.00000000   0.00000000     0.02566500  -0.00000000
    6    7
 -0.02110928  -0.02110929     0.00000000   0.00000000     0.00563080  -0.00563079
  0.00000000   0.00000000    -0.07175204  -0.07175206     0.00000000   0.00000000
  0.00563080  -0.00563079     0.00000000   0.00000000    -0.01227326  -0.01227326
    7    1
  0.00349300  -0.00349300     0.00000000   0.00000000    -0.01493649  -0.01493649
  0.00000000   0.00000000    -0.00019431   0.00019431     0.00000000  -0.00000000
 -0.03294962  -0.03294961     0.00000000   0.00000000    -0.00409471   0.00409471
    7    2
 -0.00256898   0.00070939     0.00000000  -0.00000000     0.03431129   0.00249594
 -0.00000000   0.00000000     0.00072538   0.00013889     0.00000000   0.00000000
  0.00510670  -0.00063162     0.00000000   0.00000000     0.00067602  -0.00562681
    7    3
 -0.00231815   0.00131493     0.00000000  -0.00000000    -0.02249684   0.02602665
  0.00000000  -0.00000000     0.00041471  -0.00061114    -0.00000000   0.00000000
 -0.00405761   0.00316436    -0.00000000  -0.00000000     0.00445677   0.00350074
    7    4
  0.00384868   0.00000000    -0.00000000  -0.00080829    -0.00000000   0.00068197
 -0.00000000  -0.00068197    -0.00092116   0.00000000     0.10146750   0.00000000
  0.00000000   0.00080829     0.01676815   0.00000000    -0.00092116  -0.00000000
    7    5
  0.00272143  -0.00272143     0.00057155   0.00057155     0.00048223   0.00048223
  0.00048223   0.00048223    -0.00065136   0.00065136    -0.07174834   0.07174837
  0.00057155   0.00057155    -0.01185687   0.01185688    -0.00065136   0.00065136
    7    6
 -0.02110928   0.02110929     0.00000000   0.00000000     0.00563080   0.00563079
  0.00000000   0.00000000    -0.07175204   0.07175206     0.00000000   0.00000000
  0.00563080   0.00563079     0.00000000   0.00000000    -0.01227326   0.01227326
    7    7
  0.04304422  -0.00000000     0.00000000  -0.00000000    -0.00000000   0.00516095
 -0.00000000   0.00000000     0.10368327   0.00000000    -0.00000000  -0.00000000
 -0.00000000  -0.00516095    -0.00000000  -0.00000000     0.02566500   0.00000000

     Dynamical  Matrix in cartesian axes

     q = (   -0.000000000   0.216506400   0.000000000 ) 

    1    1
  0.01928269   0.00000000    -0.00000000   0.00000000     0.00000000   0.00000000
  0.00000000   0.00000000     0.30402496   0.00000000     0.00000000   0.00000000
  0.00000000   0.00000000     0.00000000   0.00000000     0.01928269   0.00000000
    1    2
 -0.00579079  -0.00000000     0.00000000   0.02112338    -0.00000000   0.00000000
  0.00000000   0.04659779     0.00493984  -0.00000000    -0.00000000   0.00000000
 -0.00000000  -0.00000000    -0.00000000   0.00000000    -0.00027480   0.00000000
    1    3
 -0.00409471   0.00409471    -0.01493649  -0.01493649     0.00000000  -0.00000000
 -0.03294962  -0.03294961     0.00349300  -0.00349300     0.00000000   0.00000000
  0.00000000  -0.00000000     0.00000000  -0.00000000    -0.00019431   0.00019431
    1    4
 -0.01632397  -0.01101629     0.00000000   0.00000000    -0.00000000  -0.00000000
  0.00000000   0.00000000    -0.02789803   0.01155574     0.00000000   0.00000000
 -0.00000000  -0.00000000     0.00000000  -0.00000000    -0.00375309   0.01933248
    1    5
 -0.00375309   0.01933248     0.00000000  -0.00000000     0.00000000   0.00000000
  0.00000000  -0.00000000    -0.02789803   0.01155574     0.00000000   0.00000000
  0.00000000   0.00000000     0.00000000   0.00000000    -0.01632397  -0.01101629
    1    6
 -0.00019431   0.00019431     0.00000000   0.00000000     0.00000000   0.00000000
  0.00000000   0.00000000     0.00349300  -0.00349300    -0.03294962  -0.03294961
  0.00000000   0.00000000    -0.01493649  -0.01493649    -0.00409471   0.00409471
    1    7
 -0.00027480   0.00000000    -0.00000000   0.00000000     0.00000000   0.00000000
 -0.00000000  -0.00000000     0.00493984  -0.00000000     0.00000000   0.04659779
