  4.000000000000000E-002   1.25994432394592        2.39890022168420     
          12

     Dynamical  Matrix in cartesian axes

     q = (    0.324759526   0.324759526   0.000000000 ) 

    1    1
  0.09420877   0.00000000     0.05276178   0.00000000    -0.00000000   0.00000000
  0.05276178   0.00000000     0.09420877   0.00000000    -0.00000000   0.00000000
 -0.00000000   0.00000000    -0.00000000   0.00000000     0.02944279   0.00000000
    1    2
 -0.00800098  -0.00184771     0.00394369   0.01286885     0.00000000   0.00000000
  0.00819689   0.00226160     0.00870333   0.02000111     0.00000000   0.00000000
  0.00000000   0.00000000     0.00000000   0.00000000    -0.00986445  -0.00582081
    1    3
  0.00696407   0.00435102    -0.01188826   0.00631104    -0.00000000  -0.00000000
 -0.00739527  -0.00419688    -0.02029710   0.00798874    -0.00000000  -0.00000000
 -0.00000000  -0.00000000    -0.00000000  -0.00000000     0.01109116   0.00285928
    1    4
 -0.02029710   0.00798874    -0.00739527  -0.00419688     0.00000000  -0.00000000
 -0.01188826   0.00631104     0.00696407   0.00435102     0.00000000  -0.00000000
 -0.00000000  -0.00000000    -0.00000000  -0.00000000     0.01109116   0.00285928
    1    5
  0.00870333   0.02000111     0.00819689   0.00226160     0.00000000   0.00000000
  0.00394369   0.01286885    -0.00800098  -0.00184771     0.00000000   0.00000000
  0.00000000   0.00000000     0.00000000   0.00000000    -0.00986445  -0.00582081
    1    6
  0.00062301  -0.00150409     0.00206286  -0.00498019     0.00820663   0.00339930
  0.00206286  -0.00498019     0.00062301  -0.00150409    -0.00820663  -0.00339930
  0.01039848   0.00430719    -0.01039848  -0.00430719     0.00023530  -0.00056807
    1    7
  0.00062301  -0.00150409     0.00206286  -0.00498019    -0.00820663  -0.00339930
  0.00206286  -0.00498019     0.00062301  -0.00150409     0.00820663   0.00339930
 -0.01039848  -0.00430719     0.01039848   0.00430719     0.00023530  -0.00056807
    2    1
 -0.00800098   0.00184771     0.00819689  -0.00226160     0.00000000   0.00000000
  0.00394369  -0.01286885     0.00870333  -0.02000111     0.00000000  -0.00000000
  0.00000000  -0.00000000     0.00000000  -0.00000000    -0.00986445   0.00582081
    2    2
  0.03464751   0.00000000     0.00962196  -0.00494361    -0.00000000   0.00000000
  0.00962196   0.00494361     0.05562725   0.00000000    -0.00000000   0.00000000
 -0.00000000   0.00000000    -0.00000000   0.00000000     0.02982380   0.00000000
    2    3
  0.00091762  -0.01723236     0.00865637  -0.00130726     0.00000000   0.00000000
  0.00865637  -0.00130726     0.01305072   0.03786529     0.00000000   0.00000000
  0.00000000  -0.00000000     0.00000000  -0.00000000    -0.02141233   0.00686900
    2    4
  0.01762302   0.00862200     0.01212051   0.00847907    -0.00000000  -0.00000000
  0.01910733   0.04101487     0.01762302   0.00862200    -0.00000000  -0.00000000
 -0.00000000   0.00000000    -0.00000000  -0.00000000     0.01130961   0.00231689
    2    5
 -0.00573061  -0.00989361     0.00081053  -0.00000000    -0.00000000   0.00000000
  0.04484667   0.00000000    -0.00573061   0.00989361    -0.00000000   0.00000000
  0.00000000   0.00000000     0.00000000   0.00000000    -0.00960543  -0.00000000
    2    6
 -0.00957688   0.00610657    -0.00128066  -0.00036218    -0.00646536  -0.00283349
 -0.00325325  -0.00260536    -0.00022962  -0.00651827    -0.00279790   0.00039775
 -0.02543835   0.00344704    -0.01228278  -0.00054588    -0.00370974  -0.00248213
    2    7
 -0.00957688   0.00610657    -0.00128066  -0.00036218     0.00646536   0.00283349
 -0.00325325  -0.00260536    -0.00022962  -0.00651827     0.00279790  -0.00039775
  0.02543835  -0.00344704     0.01228278   0.00054588    -0.00370974  -0.00248213
    3    1
  0.00696407  -0.00435102    -0.00739527   0.00419688    -0.00000000  -0.00000000
 -0.01188826  -0.00631104    -0.02029710  -0.00798874    -0.00000000   0.00000000
 -0.00000000   0.00000000    -0.00000000   0.00000000     0.01109116  -0.00285928
    3    2
  0.00091762   0.01723236     0.00865637   0.00130726     0.00000000   0.00000000
  0.00865637   0.00130726     0.01305072  -0.03786529     0.00000000  -0.00000000
  0.00000000  -0.00000000     0.00000000   0.00000000    -0.02141233  -0.00686900
    3    3
  0.03464751   0.00000000     0.00962196   0.00494361    -0.00000000   0.00000000
  0.00962196  -0.00494361     0.05562725   0.00000000    -0.00000000   0.00000000
 -0.00000000   0.00000000    -0.00000000   0.00000000     0.02982380  -0.00000000
    3    4
 -0.00573061   0.00989361     0.00081053   0.00000000     0.00000000   0.00000000
  0.04484667  -0.00000000    -0.00573061  -0.00989361     0.00000000   0.00000000
  0.00000000   0.00000000     0.00000000   0.00000000    -0.00960543   0.00000000
    3    5
  0.01762302  -0.00862200     0.01212051  -0.00847907    -0.00000000   0.00000000
  0.01910733  -0.04101487     0.01762302  -0.00862200    -0.00000000   0.00000000
 -0.00000000  -0.00000000    -0.00000000   0.00000000     0.01130961  -0.00231689
    3    6
 -0.00957688  -0.00610657    -0.00128066   0.00036218     0.00646536  -0.00283349
 -0.00325325   0.00260536    -0.00022962   0.00651827     0.00279790   0.00039775
  0.02543835   0.00344704     0.01228278  -0.00054588    -0.00370974   0.00248213
    3    7
 -0.00957688  -0.00610657    -0.00128066   0.00036218    -0.00646536   0.00283349
 -0.00325325   0.00260536    -0.00022962   0.00651827    -0.00279790  -0.00039775
 -0.02543835  -0.00344704    -0.01228278   0.00054588    -0.00370974   0.00248213
    4    1
 -0.02029710  -0.00798874    -0.01188826  -0.00631104    -0.00000000   0.00000000
 -0.00739527   0.00419688     0.00696407  -0.00435102    -0.00000000   0.00000000
  0.00000000  -0.00000000     0.00000000  -0.00000000     0.01109116  -0.00285928
    4    2
  0.01762302  -0.00862200     0.01910733  -0.04101487    -0.00000000   0.00000000
  0.01212051  -0.00847907     0.01762302  -0.00862200    -0.00000000   0.00000000
 -0.00000000   0.00000000    -0.00000000   0.00000000     0.01130961  -0.00231689
    4    3
 -0.00573061  -0.00989361     0.04484667   0.00000000     0.00000000  -0.00000000
  0.00081053  -0.00000000    -0.00573061   0.00989361     0.00000000  -0.00000000
  0.00000000   0.00000000     0.00000000   0.00000000    -0.00960543   0.00000000
    4    4
  0.05562725   0.00000000     0.00962196  -0.00494361    -0.00000000   0.00000000
  0.00962196   0.00494361     0.03464751   0.00000000    -0.00000000   0.00000000
 -0.00000000   0.00000000    -0.00000000   0.00000000     0.02982380  -0.00000000
    4    5
  0.01305072  -0.03786529     0.00865637   0.00130726     0.00000000  -0.00000000
  0.00865637   0.00130726     0.00091762   0.01723236     0.00000000   0.00000000
  0.00000000   0.00000000     0.00000000  -0.00000000    -0.02141233  -0.00686900
    4    6
 -0.00022962   0.00651827    -0.00325325   0.00260536    -0.00279790  -0.00039775
 -0.00128066   0.00036218    -0.00957688  -0.00610657    -0.00646536   0.00283349
 -0.01228278   0.00054588    -0.02543835  -0.00344704    -0.00370974   0.00248213
    4    7
 -0.00022962   0.00651827    -0.00325325   0.00260536     0.00279790   0.00039775
 -0.00128066   0.00036218    -0.00957688  -0.00610657     0.00646536  -0.00283349
  0.01228278  -0.00054588     0.02543835   0.00344704    -0.00370974   0.00248213
    5    1
  0.00870333  -0.02000111     0.00394369  -0.01286885     0.00000000  -0.00000000
  0.00819689  -0.00226160    -0.00800098   0.00184771     0.00000000  -0.00000000
  0.00000000  -0.00000000     0.00000000  -0.00000000    -0.00986445   0.00582081
    5    2
 -0.00573061   0.00989361     0.04484667  -0.00000000     0.00000000   0.00000000
  0.00081053  -0.00000000    -0.00573061  -0.00989361     0.00000000   0.00000000
  0.00000000   0.00000000     0.00000000   0.00000000    -0.00960543  -0.00000000
    5    3
  0.01762302   0.00862200     0.01910733   0.04101487    -0.00000000  -0.00000000
  0.01212051   0.00847907     0.01762302   0.00862200    -0.00000000  -0.00000000
 -0.00000000  -0.00000000    -0.00000000  -0.00000000     0.01130961   0.00231689
    5    4
  0.01305072   0.03786529     0.00865637  -0.00130726     0.00000000  -0.00000000
  0.00865637  -0.00130726     0.00091762  -0.01723236     0.00000000  -0.00000000
  0.00000000   0.00000000     0.00000000  -0.00000000    -0.02141233   0.00686900
    5    5
  0.05562725  -0.00000000     0.00962196   0.00494361    -0.00000000  -0.00000000
  0.00962196  -0.00494361     0.03464751   0.00000000    -0.00000000  -0.00000000
 -0.00000000  -0.00000000    -0.00000000  -0.00000000     0.02982380   0.00000000
    5    6
 -0.00022962  -0.00651827    -0.00325325  -0.00260536     0.00279790  -0.00039775
 -0.00128066  -0.00036218    -0.00957688   0.00610657     0.00646536   0.00283349
  0.01228278   0.00054588     0.02543835  -0.00344704    -0.00370974  -0.00248213
    5    7
 -0.00022962  -0.00651827    -0.00325325  -0.00260536    -0.00279790   0.00039775
 -0.00128066  -0.00036218    -0.00957688   0.00610657    -0.00646536  -0.00283349
 -0.01228278  -0.00054588    -0.02543835   0.00344704    -0.00370974  -0.00248213
    6    1
  0.00062301   0.00150409     0.00206286   0.00498019     0.01039848  -0.00430719
  0.00206286   0.00498019     0.00062301   0.00150409    -0.01039848   0.00430719
  0.00820663  -0.00339930    -0.00820663   0.00339930     0.00023530   0.00056807
    6    2
 -0.00957688  -0.00610657    -0.00325325   0.00260536    -0.02543835  -0.00344704
 -0.00128066   0.00036218    -0.00022962   0.00651827    -0.01228278   0.00054588
 -0.00646536   0.00283349    -0.00279790  -0.00039775    -0.00370974   0.00248213
    6    3
 -0.00957688   0.00610657    -0.00325325  -0.00260536     0.02543835  -0.00344704
 -0.00128066  -0.00036218    -0.00022962  -0.00651827     0.01228278   0.00054588
  0.00646536   0.00283349     0.00279790  -0.00039775    -0.00370974  -0.00248213
    6    4
 -0.00022962  -0.00651827    -0.00128066  -0.00036218    -0.01228278  -0.00054588
 -0.00325325  -0.00260536    -0.00957688   0.00610657    -0.02543835   0.00344704
 -0.00279790   0.00039775    -0.00646536  -0.00283349    -0.00370974  -0.00248213
    6    5
 -0.00022962   0.00651827    -0.00128066   0.00036218     0.01228278  -0.00054588
 -0.00325325   0.00260536    -0.00957688  -0.00610657     0.02543835   0.00344704
  0.00279790   0.00039775     0.00646536  -0.00283349    -0.00370974   0.00248213
    6    6
  0.03871277  -0.00000000     0.01687941  -0.00000000    -0.00000000   0.00181389
  0.01687941   0.00000000     0.03871277  -0.00000000    -0.00000000  -0.00181389
 -0.00000000  -0.00181389    -0.00000000   0.00181389     0.01429199   0.00000000
    6    7
 -0.01762440   0.00000000    -0.01232173   0.00000000     0.00000000  -0.00006085
 -0.01232173   0.00000000    -0.01762440   0.00000000     0.00000000   0.00006085
  0.00000000  -0.00006085    -0.00000000   0.00006085     0.00204862   0.00000000
    7    1
  0.00062301   0.00150409     0.00206286   0.00498019    -0.01039848   0.00430719
  0.00206286   0.00498019     0.00062301   0.00150409     0.01039848  -0.00430719
 -0.00820663   0.00339930     0.00820663  -0.00339930     0.00023530   0.00056807
    7    2
 -0.00957688  -0.00610657    -0.00325325   0.00260536     0.02543835   0.00344704
 -0.00128066   0.00036218    -0.00022962   0.00651827     0.01228278  -0.00054588
  0.00646536  -0.00283349     0.00279790   0.00039775    -0.00370974   0.00248213
    7    3
 -0.00957688   0.00610657    -0.00325325  -0.00260536    -0.02543835   0.00344704
 -0.00128066  -0.00036218    -0.00022962  -0.00651827    -0.01228278  -0.00054588
 -0.00646536  -0.00283349    -0.00279790   0.00039775    -0.00370974  -0.00248213
    7    4
 -0.00022962  -0.00651827    -0.00128066  -0.00036218     0.01228278   0.00054588
 -0.00325325  -0.00260536    -0.00957688   0.00610657     0.02543835  -0.00344704
  0.00279790  -0.00039775     0.00646536   0.00283349    -0.00370974  -0.00248213
    7    5
 -0.00022962   0.00651827    -0.00128066   0.00036218    -0.01228278   0.00054588
 -0.00325325   0.00260536    -0.00957688  -0.00610657    -0.02543835  -0.00344704
 -0.00279790  -0.00039775    -0.00646536   0.00283349    -0.00370974   0.00248213
    7    6
 -0.01762440   0.00000000    -0.01232173   0.00000000     0.00000000   0.00006085
 -0.01232173   0.00000000    -0.01762440   0.00000000     0.00000000  -0.00006085
  0.00000000   0.00006085    -0.00000000  -0.00006085     0.00204862   0.00000000
    7    7
  0.03871277  -0.00000000     0.01687941   0.00000000    -0.00000000  -0.00181389
  0.01687941  -0.00000000     0.03871277  -0.00000000    -0.00000000   0.00181389
 -0.00000000   0.00181389    -0.00000000  -0.00181389     0.01429199   0.00000000

     Dynamical  Matrix in cartesian axes

     q = (    0.324759526  -0.324759526   0.000000000 ) 

    1    1
  0.09420877   0.00000000    -0.05276178   0.00000000    -0.00000000   0.00000000
 -0.05276178   0.00000000     0.09420877   0.00000000    -0.00000000   0.00000000
 -0.00000000   0.00000000    -0.00000000   0.00000000     0.02944279   0.00000000
    1    2
 -0.00800098  -0.00184771    -0.00394369  -0.01286885     0.00000000   0.00000000
 -0.00819689  -0.00226160     0.00870333   0.02000111     0.00000000   0.00000000
  0.00000000   0.00000000     0.00000000   0.00000000    -0.00986445  -0.00582081
    1    3
 -0.00800098   0.00184771    -0.00394369   0.01286885     0.00000000  -0.00000000
 -0.00819689   0.00226160     0.00870333  -0.02000111     0.00000000   0.00000000
  0.00000000   0.00000000     0.00000000   0.00000000    -0.00986445   0.00582081
    1    4
  0.00870333   0.02000111    -0.00819689  -0.00226160     0.00000000   0.00000000
 -0.00394369  -0.01286885    -0.00800098  -0.00184771     0.00000000   0.00000000
  0.00000000  -0.00000000     0.00000000   0.00000000    -0.00986445  -0.00582081
    1    5
  0.00870333  -0.02000111    -0.00819689   0.00226160     0.00000000  -0.00000000
 -0.00394369   0.01286885    -0.00800098   0.00184771     0.00000000   0.00000000
  0.00000000   0.00000000     0.00000000   0.00000000    -0.00986445   0.00582081
    1    6
  0.00062301   0.00150409    -0.00206286  -0.00498019    -0.00820663   0.00339930
 -0.00206286  -0.00498019     0.00062301   0.00150409    -0.00820663   0.00339930
 -0.01039848   0.00430719    -0.01039848   0.00430719     0.00023530   0.00056807
    1    7
  0.00062301  -0.00150409    -0.00206286   0.00498019    -0.00820663  -0.00339930
 -0.00206286   0.00498019     0.00062301  -0.00150409    -0.00820663  -0.00339930
 -0.01039848  -0.00430719    -0.01039848  -0.00430719     0.00023530  -0.00056807
    2    1
 -0.00800098   0.00184771    -0.00819689   0.00226160     0.00000000  -0.00000000
 -0.00394369   0.01286885     0.00870333  -0.02000111     0.00000000  -0.00000000
  0.00000000  -0.00000000     0.00000000  -0.00000000    -0.00986445   0.00582081
    2    2
  0.03464751   0.00000000    -0.00962196   0.00494361    -0.00000000   0.00000000
 -0.00962196  -0.00494361     0.05562725   0.00000000     0.00000000   0.00000000
  0.00000000  -0.00000000    -0.00000000  -0.00000000     0.02982380   0.00000000
    2    3
  0.01153627   0.01283397     0.00519661  -0.00704535    -0.00000000   0.00000000
  0.00519661  -0.00704535    -0.03600305  -0.01754655    -0.00000000   0.00000000
 -0.00000000   0.00000000    -0.00000000   0.00000000     0.01028369  -0.01999792
    2    4
 -0.00573061  -0.00989361    -0.00081053   0.00000000     0.00000000   0.00000000
 -0.04484667  -0.00000000    -0.00573061   0.00989361     0.00000000   0.00000000
  0.00000000   0.00000000     0.00000000   0.00000000    -0.00960543  -0.00000000
    2    5
 -0.01855804   0.00636468     0.01456611  -0.00257489     0.00000000  -0.00000000
  0.04251282   0.01549097    -0.01855804   0.00636468     0.00000000  -0.00000000
  0.00000000  -0.00000000     0.00000000   0.00000000    -0.00963539   0.00635881
    2    6
  0.00245388  -0.01108987    -0.00116166   0.00064946     0.00657528  -0.00256812
 -0.00414266   0.00045813     0.00477148   0.00444675    -0.00169716   0.00225967
  0.01555021  -0.02042506    -0.00907123   0.00829924     0.00437831  -0.00086806
    2    7
 -0.00957688   0.00610657     0.00128066   0.00036218     0.00646536   0.00283349
  0.00325325   0.00260536    -0.00022962  -0.00651827    -0.00279790   0.00039775
  0.02543835  -0.00344704    -0.01228278  -0.00054588    -0.00370974  -0.00248213
    3    1
 -0.00800098  -0.00184771    -0.00819689  -0.00226160     0.00000000   0.00000000
 -0.00394369  -0.01286885     0.00870333   0.02000111     0.00000000   0.00000000
  0.00000000   0.00000000     0.00000000   0.00000000    -0.00986445  -0.00582081
    3    2
  0.01153627  -0.01283397     0.00519661   0.00704535     0.00000000  -0.00000000
  0.00519661   0.00704535    -0.03600305   0.01754655    -0.00000000  -0.00000000
 -0.00000000  -0.00000000     0.00000000  -0.00000000     0.01028369   0.01999792
    3    3
  0.03464751  -0.00000000    -0.00962196  -0.00494361    -0.00000000   0.00000000
 -0.00962196   0.00494361     0.05562725  -0.00000000     0.00000000   0.00000000
 -0.00000000   0.00000000     0.00000000   0.00000000     0.02982380  -0.00000000
    3    4
 -0.01855804  -0.00636468     0.01456611   0.00257489     0.00000000  -0.00000000
  0.04251282  -0.01549097    -0.01855804  -0.00636468     0.00000000  -0.00000000
  0.00000000  -0.00000000    -0.00000000  -0.00000000    -0.00963539  -0.00635881
    3    5
 -0.00573061   0.00989361    -0.00081053   0.00000000     0.00000000  -0.00000000
 -0.04484667  -0.00000000    -0.00573061  -0.00989361     0.00000000  -0.00000000
  0.00000000   0.00000000     0.00000000   0.00000000    -0.00960543  -0.00000000
    3    6
 -0.00957688  -0.00610657     0.00128066  -0.00036218     0.00646536  -0.00283349
  0.00325325  -0.00260536    -0.00022962   0.00651827    -0.00279790  -0.00039775
  0.02543835   0.00344704    -0.01228278   0.00054588    -0.00370974   0.00248213
    3    7
  0.00245388   0.01108987    -0.00116166  -0.00064946     0.00657528   0.00256812
 -0.00414266  -0.00045813     0.00477148  -0.00444675    -0.00169716  -0.00225967
  0.01555021   0.02042506    -0.00907123  -0.00829924     0.00437831   0.00086806
    4    1
  0.00870333  -0.02000111    -0.00394369   0.01286885     0.00000000  -0.00000000
 -0.00819689   0.00226160    -0.00800098   0.00184771     0.00000000  -0.00000000
  0.00000000   0.00000000     0.00000000  -0.00000000    -0.00986445   0.00582081
    4    2
 -0.00573061   0.00989361    -0.04484667   0.00000000     0.00000000   0.00000000
 -0.00081053   0.00000000    -0.00573061  -0.00989361     0.00000000   0.00000000
  0.00000000   0.00000000    -0.00000000   0.00000000    -0.00960543   0.00000000
    4    3
 -0.01855804   0.00636468     0.04251282   0.01549097     0.00000000   0.00000000
  0.01456611  -0.00257489    -0.01855804   0.00636468     0.00000000   0.00000000
 -0.00000000   0.00000000     0.00000000  -0.00000000    -0.00963539   0.00635881
    4    4
  0.05562725   0.00000000    -0.00962196  -0.00494361    -0.00000000   0.00000000
 -0.00962196   0.00494361     0.03464751   0.00000000    -0.00000000   0.00000000
 -0.00000000   0.00000000    -0.00000000   0.00000000     0.02982380   0.00000000
    4    5
 -0.03600305  -0.01754655     0.00519661  -0.00704535     0.00000000   0.00000000
  0.00519661  -0.00704535     0.01153627   0.01283397    -0.00000000   0.00000000
  0.00000000   0.00000000    -0.00000000   0.00000000     0.01028369  -0.01999792
    4    6
  0.00477148   0.00444675    -0.00414266   0.00045813    -0.00169716   0.00225967
 -0.00116166   0.00064946     0.00245388  -0.01108987     0.00657528  -0.00256812
 -0.00907123   0.00829924     0.01555021  -0.02042506     0.00437831  -0.00086806
    4    7
 -0.00022962  -0.00651827     0.00325325   0.00260536    -0.00279790   0.00039775
  0.00128066   0.00036218    -0.00957688   0.00610657     0.00646536   0.00283349
 -0.01228278  -0.00054588     0.02543835  -0.00344704    -0.00370974  -0.00248213
    5    1
  0.00870333   0.02000111    -0.00394369  -0.01286885     0.00000000   0.00000000
 -0.00819689  -0.00226160    -0.00800098  -0.00184771     0.00000000   0.00000000
  0.00000000   0.00000000     0.00000000   0.00000000    -0.00986445  -0.00582081
    5    2
 -0.01855804  -0.00636468     0.04251282  -0.01549097     0.00000000   0.00000000
  0.01456611   0.00257489    -0.01855804  -0.00636468     0.00000000   0.00000000
  0.00000000  -0.00000000     0.00000000   0.00000000    -0.00963539  -0.00635881
    5    3
 -0.00573061  -0.00989361    -0.04484667   0.00000000     0.00000000   0.00000000
 -0.00081053  -0.00000000    -0.00573061   0.00989361     0.00000000   0.00000000
  0.00000000  -0.00000000     0.00000000  -0.00000000    -0.00960543   0.00000000
    5    4
 -0.03600305   0.01754655     0.00519661   0.00704535     0.00000000  -0.00000000
  0.00519661   0.00704535     0.01153627  -0.01283397    -0.00000000  -0.00000000
  0.00000000  -0.00000000    -0.00000000  -0.00000000     0.01028369   0.01999792
    5    5
  0.05562725   0.00000000    -0.00962196   0.00494361    -0.00000000   0.00000000
 -0.00962196  -0.00494361     0.03464751  -0.00000000    -0.00000000   0.00000000
 -0.00000000   0.00000000    -0.00000000   0.00000000     0.02982380  -0.00000000
    5    6
 -0.00022962   0.00651827     0.00325325  -0.00260536    -0.00279790  -0.00039775
  0.00128066  -0.00036218    -0.00957688  -0.00610657     0.00646536  -0.00283349
 -0.01228278   0.00054588     0.02543835   0.00344704    -0.00370974   0.00248213
    5    7
  0.00477148  -0.00444675    -0.00414266  -0.00045813    -0.00169716  -0.00225967
 -0.00116166  -0.00064946     0.00245388   0.01108987     0.00657528   0.00256812
 -0.00907123  -0.00829924     0.01555021   0.02042506     0.00437831   0.00086806
    6    1
  0.00062301  -0.00150409    -0.00206286   0.00498019    -0.01039848  -0.00430719
 -0.00206286   0.00498019     0.00062301  -0.00150409    -0.01039848  -0.00430719
 -0.00820663  -0.00339930    -0.00820663  -0.00339930     0.00023530  -0.00056807
    6    2
  0.00245388   0.01108987    -0.00414266  -0.00045813     0.01555021   0.02042506
 -0.00116166  -0.00064946     0.00477148  -0.00444675    -0.00907123  -0.00829924
  0.00657528   0.00256812    -0.00169716  -0.00225967     0.00437831   0.00086806
    6    3
 -0.00957688   0.00610657     0.00325325   0.00260536     0.02543835  -0.00344704
  0.00128066   0.00036218    -0.00022962  -0.00651827    -0.01228278  -0.00054588
  0.00646536   0.00283349    -0.00279790   0.00039775    -0.00370974  -0.00248213
    6    4
  0.00477148  -0.00444675    -0.00116166  -0.00064946    -0.00907123  -0.00829924
 -0.00414266  -0.00045813     0.00245388   0.01108987     0.01555021   0.02042506
 -0.00169716  -0.00225967     0.00657528   0.00256812     0.00437831   0.00086806
    6    5
 -0.00022962  -0.00651827     0.00128066   0.00036218    -0.01228278  -0.00054588
  0.00325325   0.00260536    -0.00957688   0.00610657     0.02543835  -0.00344704
 -0.00279790   0.00039775     0.00646536   0.00283349    -0.00370974  -0.00248213
    6    6
  0.03871277   0.00000000    -0.01687941   0.00000000    -0.00000000   0.00181389
 -0.01687941   0.00000000     0.03871277   0.00000000    -0.00000000   0.00181389
 -0.00000000  -0.00181389    -0.00000000  -0.00181389     0.01429199   0.00000000
    6    7
  0.01246233   0.01246233    -0.00871278  -0.00871278    -0.00004303   0.00004303
 -0.00871278  -0.00871278     0.01246233   0.01246233    -0.00004303   0.00004303
 -0.00004303   0.00004303    -0.00004303   0.00004303    -0.00144859  -0.00144859
    7    1
  0.00062301   0.00150409    -0.00206286  -0.00498019    -0.01039848   0.00430719
 -0.00206286  -0.00498019     0.00062301   0.00150409    -0.01039848   0.00430719
 -0.00820663   0.00339930    -0.00820663   0.00339930     0.00023530   0.00056807
    7    2
 -0.00957688  -0.00610657     0.00325325  -0.00260536     0.02543835   0.00344704
  0.00128066  -0.00036218    -0.00022962   0.00651827    -0.01228278   0.00054588
  0.00646536  -0.00283349    -0.00279790  -0.00039775    -0.00370974   0.00248213
    7    3
  0.00245388  -0.01108987    -0.00414266   0.00045813     0.01555021  -0.02042506
 -0.00116166   0.00064946     0.00477148   0.00444675    -0.00907123   0.00829924
  0.00657528  -0.00256812    -0.00169716   0.00225967     0.00437831  -0.00086806
    7    4
 -0.00022962   0.00651827     0.00128066  -0.00036218    -0.01228278   0.00054588
  0.00325325  -0.00260536    -0.00957688  -0.00610657     0.02543835   0.00344704
 -0.00279790  -0.00039775     0.00646536  -0.00283349    -0.00370974   0.00248213
    7    5
  0.00477148   0.00444675    -0.00116166   0.00064946    -0.00907123   0.00829924
 -0.00414266   0.00045813     0.00245388  -0.01108987     0.01555021  -0.02042506
 -0.00169716   0.00225967     0.00657528  -0.00256812     0.00437831  -0.00086806
    7    6
  0.01246233  -0.01246233    -0.00871278   0.00871278    -0.00004303  -0.00004303
 -0.00871278   0.00871278     0.01246233  -0.01246233    -0.00004303  -0.00004303
 -0.00004303  -0.00004303    -0.00004303  -0.00004303    -0.00144859   0.00144859
    7    7
  0.03871277  -0.00000000    -0.01687941   0.00000000    -0.00000000  -0.00181389
 -0.01687941   0.00000000     0.03871277  -0.00000000    -0.00000000  -0.00181389
 -0.00000000   0.00181389    -0.00000000   0.00181389     0.01429199   0.00000000

     Dynamical  Matrix in cartesian axes

     q = (   -0.324759526  -0.324759526   0.000000000 ) 

    1    1
  0.09420877   0.00000000     0.05276178   0.00000000    -0.00000000   0.00000000
  0.05276178   0.00000000     0.09420877   0.00000000    -0.00000000   0.00000000
 -0.00000000   0.00000000    -0.00000000   0.00000000     0.02944279   0.00000000
    1    2
 -0.00800098   0.00184771     0.00394369  -0.01286885     0.00000000  -0.00000000
  0.00819689  -0.00226160     0.00870333  -0.02000111     0.00000000  -0.00000000
  0.00000000  -0.00000000     0.00000000  -0.00000000    -0.00986445   0.00582081
    1    3
  0.00696407  -0.00435102    -0.01188826  -0.00631104    -0.00000000  -0.00000000
 -0.00739527   0.00419688    -0.02029710  -0.00798874    -0.00000000   0.00000000
 -0.00000000   0.00000000    -0.00000000   0.00000000     0.01109116  -0.00285928
    1    4
 -0.02029710  -0.00798874    -0.00739527   0.00419688     0.00000000   0.00000000
 -0.01188826  -0.00631104     0.00696407  -0.00435102     0.00000000  -0.00000000
 -0.00000000   0.00000000    -0.00000000   0.00000000     0.01109116  -0.00285928
    1    5
  0.00870333  -0.02000111     0.00819689  -0.00226160     0.00000000  -0.00000000
  0.00394369  -0.01286885    -0.00800098   0.00184771     0.00000000  -0.00000000
  0.00000000  -0.00000000     0.00000000  -0.00000000    -0.00986445   0.00582081
    1    6
  0.00062301   0.00150409     0.00206286   0.00498019     0.00820663  -0.00339930
  0.00206286   0.00498019     0.00062301   0.00150409    -0.00820663   0.00339930
  0.01039848  -0.00430719    -0.01039848   0.00430719     0.00023530   0.00056807
    1    7
  0.00062301   0.00150409     0.00206286   0.00498019    -0.00820663   0.00339930
  0.00206286   0.00498019     0.00062301   0.00150409     0.00820663  -0.00339930
 -0.01039848   0.00430719     0.01039848  -0.00430719     0.00023530   0.00056807
    2    1
 -0.00800098  -0.00184771     0.00819689   0.00226160     0.00000000   0.00000000
  0.00394369   0.01286885     0.00870333   0.02000111     0.00000000   0.00000000
  0.00000000   0.00000000     0.00000000   0.00000000    -0.00986445  -0.00582081
    2    2
  0.03464751   0.00000000     0.00962196   0.00494361    -0.00000000   0.00000000
  0.00962196  -0.00494361     0.05562725   0.00000000    -0.00000000   0.00000000
 -0.00000000   0.00000000    -0.00000000   0.00000000     0.02982380  -0.00000000
    2    3
  0.00091762   0.01723236     0.00865637   0.00130726     0.00000000   0.00000000
  0.00865637   0.00130726     0.01305072  -0.03786529     0.00000000   0.00000000
  0.00000000   0.00000000     0.00000000   0.00000000    -0.02141233  -0.00686900
    2    4
  0.01762302  -0.00862200     0.01212051  -0.00847907    -0.00000000   0.00000000
  0.01910733  -0.04101487     0.01762302  -0.00862200    -0.00000000   0.00000000
 -0.00000000  -0.00000000    -0.00000000   0.00000000     0.01130961  -0.00231689
    2    5
 -0.00573061   0.00989361     0.00081053   0.00000000     0.00000000   0.00000000
  0.04484667   0.00000000    -0.00573061  -0.00989361     0.00000000   0.00000000
  0.00000000  -0.00000000     0.00000000  -0.00000000    -0.00960543   0.00000000
    2    6
 -0.00957688  -0.00610657    -0.00128066   0.00036218    -0.00646536   0.00283349
 -0.00325325   0.00260536    -0.00022962   0.00651827    -0.00279790  -0.00039775
 -0.02543835  -0.00344704    -0.01228278   0.00054588    -0.00370974   0.00248213
    2    7
 -0.00957688  -0.00610657    -0.00128066   0.00036218     0.00646536  -0.00283349
 -0.00325325   0.00260536    -0.00022962   0.00651827     0.00279790   0.00039775
  0.02543835   0.00344704     0.01228278  -0.00054588    -0.00370974   0.00248213
    3    1
  0.00696407   0.00435102    -0.00739527  -0.00419688    -0.00000000   0.00000000
 -0.01188826   0.00631104    -0.02029710   0.00798874    -0.00000000  -0.00000000
 -0.00000000   0.00000000    -0.00000000   0.00000000     0.01109116   0.00285928
    3    2
  0.00091762  -0.01723236     0.00865637  -0.00130726     0.00000000   0.00000000
  0.00865637  -0.00130726     0.01305072   0.03786529     0.00000000   0.00000000
  0.00000000   0.00000000     0.00000000  -0.00000000    -0.02141233   0.00686900
    3    3
  0.03464751   0.00000000     0.00962196  -0.00494361    -0.00000000   0.00000000
  0.00962196   0.00494361     0.05562725   0.00000000    -0.00000000   0.00000000
 -0.00000000   0.00000000    -0.00000000   0.00000000     0.02982380   0.00000000
    3    4
 -0.00573061  -0.00989361     0.00081053  -0.00000000     0.00000000   0.00000000
  0.04484667   0.00000000    -0.00573061   0.00989361     0.00000000   0.00000000
  0.00000000   0.00000000     0.00000000   0.00000000    -0.00960543  -0.00000000
    3    5
  0.01762302   0.00862200     0.01212051   0.00847907    -0.00000000  -0.00000000
  0.01910733   0.04101487     0.01762302   0.00862200    -0.00000000  -0.00000000
 -0.00000000   0.00000000    -0.00000000  -0.00000000     0.01130961   0.00231689
    3    6
 -0.00957688   0.00610657    -0.00128066  -0.00036218     0.00646536   0.00283349
 -0.00325325  -0.00260536    -0.00022962  -0.00651827     0.00279790  -0.00039775
  0.02543835  -0.00344704     0.01228278   0.00054588    -0.00370974  -0.00248213
    3    7
 -0.00957688   0.00610657    -0.00128066  -0.00036218    -0.00646536  -0.00283349
 -0.00325325  -0.00260536    -0.00022962  -0.00651827    -0.00279790   0.00039775
 -0.02543835   0.00344704    -0.01228278  -0.00054588    -0.00370974  -0.00248213
    4    1
 -0.02029710   0.00798874    -0.01188826   0.00631104    -0.00000000  -0.00000000
 -0.00739527  -0.00419688     0.00696407   0.00435102    -0.00000000  -0.00000000
 -0.00000000   0.00000000    -0.00000000   0.00000000     0.01109116   0.00285928
    4    2
  0.01762302   0.00862200     0.01910733   0.04101487    -0.00000000  -0.00000000
  0.01212051   0.00847907     0.01762302   0.00862200    -0.00000000  -0.00000000
 -0.00000000  -0.00000000    -0.00000000  -0.00000000     0.01130961   0.00231689
    4    3
 -0.00573061   0.00989361     0.04484667   0.00000000     0.00000000   0.00000000
  0.00081053  -0.00000000    -0.00573061  -0.00989361     0.00000000   0.00000000
  0.00000000   0.00000000     0.00000000   0.00000000    -0.00960543  -0.00000000
    4    4
  0.05562725  -0.00000000     0.00962196   0.00494361    -0.00000000  -0.00000000
  0.00962196  -0.00494361     0.03464751   0.00000000    -0.00000000  -0.00000000
 -0.00000000   0.00000000    -0.00000000   0.00000000     0.02982380   0.00000000
    4    5
  0.01305072   0.03786529     0.00865637  -0.00130726     0.00000000   0.00000000
  0.00865637  -0.00130726     0.00091762  -0.01723236     0.00000000   0.00000000
  0.00000000   0.00000000     0.00000000   0.00000000    -0.02141233   0.00686900
    4    6
 -0.00022962  -0.00651827    -0.00325325  -0.00260536    -0.00279790   0.00039775
 -0.00128066  -0.00036218    -0.00957688   0.00610657    -0.00646536  -0.00283349
 -0.01228278  -0.00054588    -0.02543835   0.00344704    -0.00370974  -0.00248213
    4    7
 -0.00022962  -0.00651827    -0.00325325  -0.00260536     0.00279790  -0.00039775
 -0.00128066  -0.00036218    -0.00957688   0.00610657     0.00646536   0.00283349
  0.01228278   0.00054588     0.02543835  -0.00344704    -0.00370974  -0.00248213
    5    1
  0.00870333   0.02000111     0.00394369   0.01286885     0.00000000   0.00000000
  0.00819689   0.00226160    -0.00800098  -0.00184771     0.00000000   0.00000000
  0.00000000   0.00000000     0.00000000   0.00000000    -0.00986445  -0.00582081
    5    2
 -0.00573061  -0.00989361     0.04484667  -0.00000000     0.00000000   0.00000000
  0.00081053   0.00000000    -0.00573061   0.00989361     0.00000000   0.00000000
  0.00000000   0.00000000     0.00000000   0.00000000    -0.00960543   0.00000000
    5    3
  0.01762302  -0.00862200     0.01910733  -0.04101487    -0.00000000   0.00000000
  0.01212051  -0.00847907     0.01762302  -0.00862200    -0.00000000   0.00000000
 -0.00000000   0.00000000    -0.00000000   0.00000000     0.01130961  -0.00231689
    5    4
  0.01305072  -0.03786529     0.00865637   0.00130726     0.00000000   0.00000000
  0.00865637   0.00130726     0.00091762   0.01723236     0.00000000  -0.00000000
  0.00000000   0.00000000     0.00000000   0.00000000    -0.02141233  -0.00686900
    5    5
  0.05562725   0.00000000     0.00962196  -0.00494361    -0.00000000   0.00000000
  0.00962196   0.00494361     0.03464751   0.00000000    -0.00000000   0.00000000
 -0.00000000   0.00000000    -0.00000000   0.00000000     0.02982380  -0.00000000
    5    6
 -0.00022962   0.00651827    -0.00325325   0.00260536     0.00279790   0.00039775
 -0.00128066   0.00036218    -0.00957688  -0.00610657     0.00646536  -0.00283349
  0.01228278  -0.00054588     0.02543835   0.00344704    -0.00370974   0.00248213
    5    7
 -0.00022962   0.00651827    -0.00325325   0.00260536    -0.00279790  -0.00039775
 -0.00128066   0.00036218    -0.00957688  -0.00610657    -0.00646536   0.00283349
 -0.01228278   0.00054588    -0.02543835  -0.00344704    -0.00370974   0.00248213
    6    1
  0.00062301  -0.00150409     0.00206286  -0.00498019     0.01039848   0.00430719
  0.00206286  -0.00498019     0.00062301  -0.00150409    -0.01039848  -0.00430719
  0.00820663   0.00339930    -0.00820663  -0.00339930     0.00023530  -0.00056807
    6    2
 -0.00957688   0.00610657    -0.00325325  -0.00260536    -0.02543835   0.00344704
 -0.00128066  -0.00036218    -0.00022962  -0.00651827    -0.01228278  -0.00054588
 -0.00646536  -0.00283349    -0.00279790   0.00039775    -0.00370974  -0.00248213
    6    3
 -0.00957688  -0.00610657    -0.00325325   0.00260536     0.02543835   0.00344704
 -0.00128066   0.00036218    -0.00022962   0.00651827     0.01228278  -0.00054588
  0.00646536  -0.00283349     0.00279790   0.00039775    -0.00370974   0.00248213
    6    4
 -0.00022962   0.00651827    -0.00128066   0.00036218    -0.01228278   0.00054588
 -0.00325325   0.00260536    -0.00957688  -0.00610657    -0.02543835  -0.00344704
 -0.00279790  -0.00039775    -0.00646536   0.00283349    -0.00370974   0.00248213
    6    5
 -0.00022962  -0.00651827    -0.00128066  -0.00036218     0.01228278   0.00054588
 -0.00325325  -0.00260536    -0.00957688   0.00610657     0.02543835  -0.00344704
  0.00279790  -0.00039775     0.00646536   0.00283349    -0.00370974  -0.00248213
    6    6
  0.03871277  -0.00000000     0.01687941   0.00000000    -0.00000000  -0.00181389
  0.01687941  -0.00000000     0.03871277  -0.00000000    -0.00000000   0.00181389
 -0.00000000   0.00181389    -0.00000000  -0.00181389     0.01429199   0.00000000
    6    7
 -0.01762440   0.00000000    -0.01232173   0.00000000     0.00000000   0.00006085
 -0.01232173   0.00000000    -0.01762440   0.00000000     0.00000000  -0.00006085
  0.00000000   0.00006085    -0.00000000  -0.00006085     0.00204862   0.00000000
    7    1
  0.00062301  -0.00150409     0.00206286  -0.00498019    -0.01039848  -0.00430719
  0.00206286  -0.00498019     0.00062301  -0.00150409     0.01039848   0.00430719
 -0.00820663  -0.00339930     0.00820663   0.00339930     0.00023530  -0.00056807
    7    2
 -0.00957688   0.00610657    -0.00325325  -0.00260536     0.02543835  -0.00344704
 -0.00128066  -0.00036218    -0.00022962  -0.00651827     0.01228278   0.00054588
  0.00646536   0.00283349     0.00279790  -0.00039775    -0.00370974  -0.00248213
    7    3
 -0.00957688  -0.00610657    -0.00325325   0.00260536    -0.02543835  -0.00344704
 -0.00128066   0.00036218    -0.00022962   0.00651827    -0.01228278   0.00054588
 -0.00646536   0.00283349    -0.00279790  -0.00039775    -0.00370974   0.00248213
    7    4
 -0.00022962   0.00651827    -0.00128066   0.00036218     0.01228278  -0.00054588
 -0.00325325   0.00260536    -0.00957688  -0.00610657     0.02543835   0.00344704
  0.00279790   0.00039775     0.00646536  -0.00283349    -0.00370974   0.00248213
    7    5
 -0.00022962  -0.00651827    -0.00128066  -0.00036218    -0.01228278  -0.00054588
 -0.00325325  -0.00260536    -0.00957688   0.00610657    -0.02543835   0.00344704
 -0.00279790   0.00039775    -0.00646536  -0.00283349    -0.00370974  -0.00248213
    7    6
 -0.01762440   0.00000000    -0.01232173   0.00000000     0.00000000  -0.00006085
 -0.01232173   0.00000000    -0.01762440   0.00000000     0.00000000   0.00006085
  0.00000000  -0.00006085    -0.00000000   0.00006085     0.00204862   0.00000000
    7    7
  0.03871277  -0.00000000     0.01687941  -0.00000000    -0.00000000   0.00181389
  0.01687941   0.00000000     0.03871277  -0.00000000    -0.00000000  -0.00181389
 -0.00000000  -0.00181389    -0.00000000   0.00181389     0.01429199   0.00000000

     Dynamical  Matrix in cartesian axes

     q = (   -0.324759526   0.324759526   0.000000000 ) 

    1    1
  0.09420877   0.00000000    -0.05276178   0.00000000    -0.00000000   0.00000000
 -0.05276178   0.00000000     0.09420877   0.00000000    -0.00000000   0.00000000
 -0.00000000   0.00000000    -0.00000000   0.00000000     0.02944279   0.00000000
    1    2
 -0.00800098   0.00184771    -0.00394369   0.01286885     0.00000000  -0.00000000
 -0.00819689   0.00226160     0.00870333  -0.02000111     0.00000000  -0.00000000
  0.00000000  -0.00000000     0.00000000   0.00000000    -0.00986445   0.00582081
    1    3
 -0.00800098  -0.00184771    -0.00394369  -0.01286885     0.00000000   0.00000000
 -0.00819689  -0.00226160     0.00870333   0.02000111     0.00000000   0.00000000
  0.00000000   0.00000000     0.00000000   0.00000000    -0.00986445  -0.00582081
    1    4
  0.00870333  -0.02000111    -0.00819689   0.00226160     0.00000000   0.00000000
 -0.00394369   0.01286885    -0.00800098   0.00184771     0.00000000  -0.00000000
  0.00000000   0.00000000     0.00000000   0.00000000    -0.00986445   0.00582081
    1    5
  0.00870333   0.02000111    -0.00819689  -0.00226160     0.00000000   0.00000000
 -0.00394369  -0.01286885    -0.00800098  -0.00184771     0.00000000   0.00000000
  0.00000000   0.00000000     0.00000000   0.00000000    -0.00986445  -0.00582081
    1    6
  0.00062301  -0.00150409    -0.00206286   0.00498019    -0.00820663  -0.00339930
 -0.00206286   0.00498019     0.00062301  -0.00150409    -0.00820663  -0.00339930
 -0.01039848  -0.00430719    -0.01039848  -0.00430719     0.00023530  -0.00056807
    1    7
  0.00062301   0.00150409    -0.00206286  -0.00498019    -0.00820663   0.00339930
 -0.00206286  -0.00498019     0.00062301   0.00150409    -0.00820663   0.00339930
