  5.000000000000000E-002   1.25977579764806        2.43615232611498     
           6

     Dynamical  Matrix in cartesian axes

     q = (   -0.433012700  -0.433012700   0.000000000 ) 

    1    1
  0.14956694   0.00000000     0.07073478   0.00000000     0.00000000   0.00000000
  0.07073478   0.00000000     0.14956694   0.00000000    -0.00000000   0.00000000
  0.00000000   0.00000000     0.00000000   0.00000000     0.05074567   0.00000000
    1    2
 -0.03527182   0.00000000     0.02294061  -0.00000000    -0.00000000   0.00000000
 -0.00604073   0.00000000     0.02837872  -0.00000000    -0.00000000   0.00000000
  0.00000000   0.00000000     0.00000000  -0.00000000    -0.01414594   0.00000000
    1    3
  0.03527182  -0.00000000    -0.02294061   0.00000000     0.00000000   0.00000000
  0.00604073  -0.00000000    -0.02837872   0.00000000     0.00000000   0.00000000
 -0.00000000   0.00000000    -0.00000000   0.00000000     0.01414594  -0.00000000
    1    4
 -0.02837872   0.00000000     0.00604073  -0.00000000     0.00000000   0.00000000
 -0.02294061   0.00000000     0.03527182  -0.00000000     0.00000000   0.00000000
  0.00000000  -0.00000000     0.00000000   0.00000000     0.01414594  -0.00000000
    1    5
  0.02837872  -0.00000000    -0.00604073   0.00000000     0.00000000   0.00000000
  0.02294061  -0.00000000    -0.03527182   0.00000000     0.00000000   0.00000000
  0.00000000  -0.00000000     0.00000000   0.00000000    -0.01414594   0.00000000
    1    6
 -0.00000000  -0.00000000     0.00000000  -0.00000000     0.01051667  -0.00000000
  0.00000000  -0.00000000     0.00000000  -0.00000000    -0.01051667   0.00000000
  0.01932705  -0.00000000    -0.01932705   0.00000000    -0.00000000   0.00000000
    1    7
  0.00000000  -0.00000000    -0.00000000  -0.00000000    -0.01051667   0.00000000
 -0.00000000  -0.00000000    -0.00000000  -0.00000000     0.01051667  -0.00000000
 -0.01932705   0.00000000     0.01932705  -0.00000000     0.00000000   0.00000000
    2    1
 -0.03527182  -0.00000000    -0.00604073  -0.00000000     0.00000000  -0.00000000
  0.02294061   0.00000000     0.02837872   0.00000000     0.00000000   0.00000000
 -0.00000000  -0.00000000    -0.00000000  -0.00000000    -0.01414594  -0.00000000
    2    2
  0.06936327   0.00000000     0.01387454   0.00000000    -0.00000000   0.00000000
  0.01387454   0.00000000     0.08684320   0.00000000    -0.00000000   0.00000000
 -0.00000000   0.00000000     0.00000000   0.00000000     0.03228498   0.00000000
    2    3
  0.00687261   0.00000000     0.02210610   0.00000000     0.00000000   0.00000000
  0.02210610   0.00000000     0.04031914   0.00000000     0.00000000   0.00000000
  0.00000000   0.00000000     0.00000000   0.00000000    -0.02365678   0.00000000
    2    4
  0.03955234   0.00000000     0.03764910   0.00000000    -0.00000000   0.00000000
  0.05341608   0.00000000     0.03955234   0.00000000    -0.00000000   0.00000000
 -0.00000000   0.00000000    -0.00000000   0.00000000     0.01296235   0.00000000
    2    5
 -0.00760234   0.00000000     0.02890507   0.00000000    -0.00000000   0.00000000
  0.07001965   0.00000000    -0.00760234   0.00000000     0.00000000   0.00000000
 -0.00000000   0.00000000    -0.00000000   0.00000000    -0.01152203   0.00000000
    2    6
 -0.02066864   0.00000000    -0.01412994   0.00000000    -0.01159673   0.00000000
 -0.00782443   0.00000000    -0.00497415   0.00000000    -0.00570416   0.00000000
 -0.02600375   0.00000000    -0.01067437   0.00000000    -0.00420882   0.00000000
    2    7
 -0.02066864   0.00000000    -0.01412994   0.00000000     0.01159673   0.00000000
 -0.00782443   0.00000000    -0.00497415   0.00000000     0.00570416   0.00000000
  0.02600375   0.00000000     0.01067437   0.00000000    -0.00420882   0.00000000
    3    1
  0.03527182   0.00000000     0.00604073   0.00000000    -0.00000000  -0.00000000
 -0.02294061  -0.00000000    -0.02837872  -0.00000000    -0.00000000  -0.00000000
 -0.00000000  -0.00000000     0.00000000  -0.00000000     0.01414594   0.00000000
    3    2
  0.00687261   0.00000000     0.02210610   0.00000000     0.00000000   0.00000000
  0.02210610   0.00000000     0.04031914   0.00000000     0.00000000   0.00000000
  0.00000000   0.00000000     0.00000000   0.00000000    -0.02365678   0.00000000
    3    3
  0.06936327   0.00000000     0.01387454   0.00000000    -0.00000000   0.00000000
  0.01387454   0.00000000     0.08684320   0.00000000    -0.00000000   0.00000000
 -0.00000000   0.00000000    -0.00000000   0.00000000     0.03228498   0.00000000
    3    4
 -0.00760234   0.00000000     0.02890507   0.00000000    -0.00000000   0.00000000
  0.07001965   0.00000000    -0.00760234   0.00000000    -0.00000000   0.00000000
 -0.00000000   0.00000000    -0.00000000   0.00000000    -0.01152203   0.00000000
    3    5
  0.03955234   0.00000000     0.03764910   0.00000000    -0.00000000   0.00000000
  0.05341608   0.00000000     0.03955234   0.00000000    -0.00000000   0.00000000
  0.00000000   0.00000000    -0.00000000   0.00000000     0.01296235   0.00000000
    3    6
 -0.02066864   0.00000000    -0.01412994   0.00000000     0.01159673   0.00000000
 -0.00782443   0.00000000    -0.00497415   0.00000000     0.00570416   0.00000000
  0.02600375   0.00000000     0.01067437   0.00000000    -0.00420882   0.00000000
    3    7
 -0.02066864   0.00000000    -0.01412994   0.00000000    -0.01159673   0.00000000
 -0.00782443   0.00000000    -0.00497415   0.00000000    -0.00570416   0.00000000
 -0.02600375   0.00000000    -0.01067437   0.00000000    -0.00420882   0.00000000
    4    1
 -0.02837872  -0.00000000    -0.02294061  -0.00000000    -0.00000000   0.00000000
  0.00604073   0.00000000     0.03527182   0.00000000    -0.00000000  -0.00000000
  0.00000000  -0.00000000     0.00000000  -0.00000000     0.01414594   0.00000000
    4    2
  0.03955234   0.00000000     0.05341608   0.00000000     0.00000000   0.00000000
  0.03764910   0.00000000     0.03955234   0.00000000     0.00000000   0.00000000
 -0.00000000   0.00000000    -0.00000000   0.00000000     0.01296235   0.00000000
    4    3
 -0.00760234   0.00000000     0.07001965   0.00000000    -0.00000000   0.00000000
  0.02890507   0.00000000    -0.00760234   0.00000000    -0.00000000   0.00000000
 -0.00000000   0.00000000    -0.00000000   0.00000000    -0.01152203   0.00000000
    4    4
  0.08684320   0.00000000     0.01387454   0.00000000     0.00000000   0.00000000
  0.01387454   0.00000000     0.06936327   0.00000000     0.00000000   0.00000000
  0.00000000   0.00000000     0.00000000   0.00000000     0.03228498   0.00000000
    4    5
  0.04031914   0.00000000     0.02210610   0.00000000     0.00000000   0.00000000
  0.02210610   0.00000000     0.00687261   0.00000000     0.00000000   0.00000000
  0.00000000   0.00000000     0.00000000   0.00000000    -0.02365678   0.00000000
    4    6
 -0.00497415   0.00000000    -0.00782443   0.00000000    -0.00570416   0.00000000
 -0.01412994   0.00000000    -0.02066864   0.00000000    -0.01159673   0.00000000
 -0.01067437   0.00000000    -0.02600375   0.00000000    -0.00420882   0.00000000
    4    7
 -0.00497415   0.00000000    -0.00782443   0.00000000     0.00570416   0.00000000
 -0.01412994   0.00000000    -0.02066864   0.00000000     0.01159673   0.00000000
  0.01067437   0.00000000     0.02600375   0.00000000    -0.00420882   0.00000000
    5    1
  0.02837872   0.00000000     0.02294061   0.00000000     0.00000000   0.00000000
 -0.00604073  -0.00000000    -0.03527182  -0.00000000     0.00000000  -0.00000000
  0.00000000  -0.00000000    -0.00000000  -0.00000000    -0.01414594  -0.00000000
    5    2
 -0.00760234   0.00000000     0.07001965   0.00000000    -0.00000000   0.00000000
  0.02890507   0.00000000    -0.00760234   0.00000000    -0.00000000   0.00000000
 -0.00000000   0.00000000    -0.00000000   0.00000000    -0.01152203   0.00000000
    5    3
  0.03955234   0.00000000     0.05341608   0.00000000    -0.00000000   0.00000000
  0.03764910   0.00000000     0.03955234   0.00000000    -0.00000000   0.00000000
 -0.00000000   0.00000000    -0.00000000   0.00000000     0.01296235   0.00000000
    5    4
  0.04031914   0.00000000     0.02210610   0.00000000     0.00000000   0.00000000
  0.02210610   0.00000000     0.00687261   0.00000000     0.00000000   0.00000000
  0.00000000   0.00000000     0.00000000   0.00000000    -0.02365678   0.00000000
    5    5
  0.08684320   0.00000000     0.01387454   0.00000000    -0.00000000   0.00000000
  0.01387454   0.00000000     0.06936327   0.00000000    -0.00000000   0.00000000
 -0.00000000   0.00000000    -0.00000000   0.00000000     0.03228498   0.00000000
    5    6
 -0.00497415   0.00000000    -0.00782443   0.00000000     0.00570416   0.00000000
 -0.01412994   0.00000000    -0.02066864   0.00000000     0.01159673   0.00000000
  0.01067437   0.00000000     0.02600375   0.00000000    -0.00420882   0.00000000
    5    7
 -0.00497415   0.00000000    -0.00782443   0.00000000    -0.00570416   0.00000000
 -0.01412994   0.00000000    -0.02066864   0.00000000    -0.01159673   0.00000000
 -0.01067437   0.00000000    -0.02600375   0.00000000    -0.00420882   0.00000000
    6    1
 -0.00000000   0.00000000    -0.00000000   0.00000000     0.01932705   0.00000000
 -0.00000000   0.00000000     0.00000000   0.00000000    -0.01932705  -0.00000000
  0.01051667   0.00000000    -0.01051667  -0.00000000     0.00000000  -0.00000000
    6    2
 -0.02066864   0.00000000    -0.00782443   0.00000000    -0.02600375   0.00000000
 -0.01412994   0.00000000    -0.00497415   0.00000000    -0.01067437   0.00000000
 -0.01159673   0.00000000    -0.00570416   0.00000000    -0.00420882   0.00000000
    6    3
 -0.02066864   0.00000000    -0.00782443   0.00000000     0.02600375   0.00000000
 -0.01412994   0.00000000    -0.00497415   0.00000000     0.01067437   0.00000000
  0.01159673   0.00000000     0.00570416   0.00000000    -0.00420882   0.00000000
    6    4
 -0.00497415   0.00000000    -0.01412994   0.00000000    -0.01067437   0.00000000
 -0.00782443   0.00000000    -0.02066864   0.00000000    -0.02600375   0.00000000
 -0.00570416   0.00000000    -0.01159673   0.00000000    -0.00420882   0.00000000
    6    5
 -0.00497415   0.00000000    -0.01412994   0.00000000     0.01067437   0.00000000
 -0.00782443   0.00000000    -0.02066864   0.00000000     0.02600375   0.00000000
  0.00570416   0.00000000     0.01159673   0.00000000    -0.00420882   0.00000000
    6    6
  0.04753430   0.00000000     0.01643163   0.00000000    -0.00000000   0.00000000
  0.01643163   0.00000000     0.04753430   0.00000000    -0.00000000   0.00000000
 -0.00000000   0.00000000    -0.00000000   0.00000000     0.01904812   0.00000000
    6    7
 -0.01132848   0.00000000    -0.00096842   0.00000000    -0.00000000   0.00000000
 -0.00096842   0.00000000    -0.01132848   0.00000000     0.00000000   0.00000000
  0.00000000   0.00000000    -0.00000000   0.00000000     0.00152223   0.00000000
    7    1
  0.00000000   0.00000000    -0.00000000   0.00000000    -0.01932705  -0.00000000
 -0.00000000   0.00000000    -0.00000000   0.00000000     0.01932705   0.00000000
 -0.01051667  -0.00000000     0.01051667   0.00000000    -0.00000000  -0.00000000
    7    2
 -0.02066864   0.00000000    -0.00782443   0.00000000     0.02600375   0.00000000
 -0.01412994   0.00000000    -0.00497415   0.00000000     0.01067437   0.00000000
  0.01159673   0.00000000     0.00570416   0.00000000    -0.00420882   0.00000000
    7    3
 -0.02066864   0.00000000    -0.00782443   0.00000000    -0.02600375   0.00000000
 -0.01412994   0.00000000    -0.00497415   0.00000000    -0.01067437   0.00000000
 -0.01159673   0.00000000    -0.00570416   0.00000000    -0.00420882   0.00000000
    7    4
 -0.00497415   0.00000000    -0.01412994   0.00000000     0.01067437   0.00000000
 -0.00782443   0.00000000    -0.02066864   0.00000000     0.02600375   0.00000000
  0.00570416   0.00000000     0.01159673   0.00000000    -0.00420882   0.00000000
    7    5
 -0.00497415   0.00000000    -0.01412994   0.00000000    -0.01067437   0.00000000
 -0.00782443   0.00000000    -0.02066864   0.00000000    -0.02600375   0.00000000
 -0.00570416   0.00000000    -0.01159673   0.00000000    -0.00420882   0.00000000
    7    6
 -0.01132848   0.00000000    -0.00096842   0.00000000    -0.00000000   0.00000000
 -0.00096842   0.00000000    -0.01132848   0.00000000    -0.00000000   0.00000000
 -0.00000000   0.00000000    -0.00000000   0.00000000     0.00152223   0.00000000
    7    7
  0.04753430   0.00000000     0.01643163   0.00000000    -0.00000000   0.00000000
  0.01643163   0.00000000     0.04753430   0.00000000    -0.00000000   0.00000000
 -0.00000000   0.00000000    -0.00000000   0.00000000     0.01904812   0.00000000

     Dynamical  Matrix in cartesian axes

     q = (    0.000000000   0.433012700  -0.433012700 ) 

    1    1
  0.05074567   0.00000000     0.00000000   0.00000000    -0.00000000   0.00000000
  0.00000000   0.00000000     0.14956694   0.00000000    -0.07073478   0.00000000
 -0.00000000   0.00000000    -0.07073478   0.00000000     0.14956694   0.00000000
    1    2
  0.00000000   0.00000000    -0.01932705   0.00000000    -0.01932705   0.00000000
 -0.01051667   0.00000000     0.00000000  -0.00000000    -0.00000000   0.00000000
 -0.01051667   0.00000000     0.00000000   0.00000000     0.00000000  -0.00000000
    1    3
  0.00000000  -0.00000000    -0.01932705  -0.00000000    -0.01932705  -0.00000000
 -0.01051667  -0.00000000     0.00000000   0.00000000     0.00000000  -0.00000000
 -0.01051667  -0.00000000     0.00000000   0.00000000     0.00000000   0.00000000
    1    4
 -0.01414594  -0.00000000     0.00000000   0.00000000    -0.00000000   0.00000000
  0.00000000   0.00000000    -0.03527182  -0.00000000    -0.02294061  -0.00000000
 -0.00000000  -0.00000000     0.00604073   0.00000000     0.02837872   0.00000000
    1    5
 -0.01414594   0.00000000     0.00000000   0.00000000    -0.00000000   0.00000000
  0.00000000   0.00000000    -0.03527182   0.00000000    -0.02294061   0.00000000
 -0.00000000  -0.00000000     0.00604073  -0.00000000     0.02837872  -0.00000000
    1    6
 -0.01414594  -0.00000000    -0.00000000  -0.00000000     0.00000000  -0.00000000
 -0.00000000   0.00000000     0.02837872   0.00000000     0.00604073   0.00000000
  0.00000000  -0.00000000    -0.02294061  -0.00000000    -0.03527182  -0.00000000
    1    7
 -0.01414594   0.00000000    -0.00000000   0.00000000     0.00000000   0.00000000
 -0.00000000  -0.00000000     0.02837872  -0.00000000     0.00604073  -0.00000000
  0.00000000   0.00000000    -0.02294061   0.00000000    -0.03527182   0.00000000
    2    1
  0.00000000  -0.00000000    -0.01051667  -0.00000000    -0.01051667  -0.00000000
 -0.01932705  -0.00000000    -0.00000000   0.00000000    -0.00000000  -0.00000000
 -0.01932705  -0.00000000    -0.00000000  -0.00000000    -0.00000000   0.00000000
    2    2
  0.01904812   0.00000000     0.00000000   0.00000000    -0.00000000   0.00000000
  0.00000000   0.00000000     0.04753430   0.00000000    -0.01643163   0.00000000
 -0.00000000   0.00000000    -0.01643163   0.00000000     0.04753430   0.00000000
    2    3
 -0.00152223  -0.00000000     0.00000000   0.00000000    -0.00000000  -0.00000000
  0.00000000   0.00000000     0.01132848   0.00000000    -0.00096842  -0.00000000
 -0.00000000  -0.00000000    -0.00096842  -0.00000000     0.01132848   0.00000000
    2    4
  0.00420882   0.00000000     0.01159673   0.00000000    -0.00570416  -0.00000000
  0.02600375   0.00000000     0.02066864   0.00000000    -0.00782443  -0.00000000
 -0.01067437  -0.00000000    -0.01412994  -0.00000000     0.00497415   0.00000000
    2    5
 -0.00420882   0.00000000     0.01159673  -0.00000000    -0.00570416   0.00000000
  0.02600375  -0.00000000    -0.02066864   0.00000000     0.00782443  -0.00000000
 -0.01067437   0.00000000     0.01412994  -0.00000000    -0.00497415   0.00000000
    2    6
  0.00420882   0.00000000    -0.00570416  -0.00000000     0.01159673   0.00000000
 -0.01067437  -0.00000000     0.00497415   0.00000000    -0.01412994  -0.00000000
  0.02600375   0.00000000    -0.00782443  -0.00000000     0.02066864   0.00000000
    2    7
 -0.00420882   0.00000000    -0.00570416   0.00000000     0.01159673  -0.00000000
 -0.01067437   0.00000000    -0.00497415   0.00000000     0.01412994  -0.00000000
  0.02600375  -0.00000000     0.00782443  -0.00000000    -0.02066864   0.00000000
    3    1
  0.00000000   0.00000000    -0.01051667   0.00000000    -0.01051667   0.00000000
 -0.01932705   0.00000000     0.00000000  -0.00000000     0.00000000  -0.00000000
 -0.01932705   0.00000000     0.00000000   0.00000000     0.00000000  -0.00000000
    3    2
 -0.00152223   0.00000000     0.00000000  -0.00000000    -0.00000000   0.00000000
  0.00000000  -0.00000000     0.01132848  -0.00000000    -0.00096842   0.00000000
 -0.00000000   0.00000000    -0.00096842   0.00000000     0.01132848  -0.00000000
    3    3
  0.01904812   0.00000000     0.00000000   0.00000000    -0.00000000   0.00000000
  0.00000000   0.00000000     0.04753430   0.00000000    -0.01643163   0.00000000
 -0.00000000   0.00000000    -0.01643163   0.00000000     0.04753430   0.00000000
    3    4
 -0.00420882   0.00000000     0.01159673  -0.00000000    -0.00570416   0.00000000
  0.02600375  -0.00000000    -0.02066864   0.00000000     0.00782443  -0.00000000
 -0.01067437   0.00000000     0.01412994  -0.00000000    -0.00497415   0.00000000
    3    5
  0.00420882  -0.00000000     0.01159673  -0.00000000    -0.00570416   0.00000000
  0.02600375  -0.00000000     0.02066864  -0.00000000    -0.00782443   0.00000000
 -0.01067437   0.00000000    -0.01412994   0.00000000     0.00497415  -0.00000000
    3    6
 -0.00420882   0.00000000    -0.00570416   0.00000000     0.01159673  -0.00000000
 -0.01067437   0.00000000    -0.00497415   0.00000000     0.01412994  -0.00000000
  0.02600375  -0.00000000     0.00782443  -0.00000000    -0.02066864   0.00000000
    3    7
  0.00420882  -0.00000000    -0.00570416   0.00000000     0.01159673  -0.00000000
 -0.01067437   0.00000000     0.00497415  -0.00000000    -0.01412994   0.00000000
  0.02600375  -0.00000000    -0.00782443   0.00000000     0.02066864  -0.00000000
    4    1
 -0.01414594   0.00000000     0.00000000  -0.00000000    -0.00000000   0.00000000
 -0.00000000  -0.00000000    -0.03527182   0.00000000     0.00604073  -0.00000000
 -0.00000000  -0.00000000    -0.02294061   0.00000000     0.02837872  -0.00000000
    4    2
  0.00420882  -0.00000000     0.02600375  -0.00000000    -0.01067437   0.00000000
  0.01159673  -0.00000000     0.02066864  -0.00000000    -0.01412994   0.00000000
 -0.00570416   0.00000000    -0.00782443   0.00000000     0.00497415  -0.00000000
    4    3
 -0.00420882  -0.00000000     0.02600375   0.00000000    -0.01067437  -0.00000000
  0.01159673   0.00000000    -0.02066864  -0.00000000     0.01412994   0.00000000
 -0.00570416  -0.00000000     0.00782443   0.00000000    -0.00497415  -0.00000000
    4    4
  0.03228498   0.00000000     0.00000000   0.00000000    -0.00000000   0.00000000
  0.00000000   0.00000000     0.06936327   0.00000000    -0.01387454   0.00000000
 -0.00000000   0.00000000    -0.01387454   0.00000000     0.08684320   0.00000000
    4    5
  0.02365678  -0.00000000    -0.00000000   0.00000000     0.00000000  -0.00000000
 -0.00000000   0.00000000    -0.00687261   0.00000000     0.02210610  -0.00000000
  0.00000000  -0.00000000     0.02210610  -0.00000000    -0.04031914   0.00000000
    4    6
 -0.01152203  -0.00000000     0.00000000   0.00000000     0.00000000   0.00000000
  0.00000000   0.00000000    -0.00760234  -0.00000000    -0.02890507  -0.00000000
  0.00000000   0.00000000    -0.07001965  -0.00000000    -0.00760234  -0.00000000
    4    7
 -0.01296235   0.00000000     0.00000000   0.00000000     0.00000000  -0.00000000
  0.00000000  -0.00000000    -0.03955234   0.00000000     0.03764910  -0.00000000
  0.00000000  -0.00000000     0.05341608  -0.00000000    -0.03955234   0.00000000
    5    1
 -0.01414594  -0.00000000     0.00000000  -0.00000000    -0.00000000   0.00000000
 -0.00000000  -0.00000000    -0.03527182  -0.00000000     0.00604073   0.00000000
 -0.00000000  -0.00000000    -0.02294061  -0.00000000     0.02837872   0.00000000
    5    2
 -0.00420882  -0.00000000     0.02600375   0.00000000    -0.01067437  -0.00000000
  0.01159673   0.00000000    -0.02066864  -0.00000000     0.01412994   0.00000000
 -0.00570416  -0.00000000     0.00782443   0.00000000    -0.00497415  -0.00000000
    5    3
  0.00420882   0.00000000     0.02600375   0.00000000    -0.01067437  -0.00000000
  0.01159673   0.00000000     0.02066864   0.00000000    -0.01412994  -0.00000000
 -0.00570416  -0.00000000    -0.00782443  -0.00000000     0.00497415   0.00000000
    5    4
  0.02365678   0.00000000    -0.00000000  -0.00000000     0.00000000   0.00000000
 -0.00000000  -0.00000000    -0.00687261  -0.00000000     0.02210610   0.00000000
  0.00000000   0.00000000     0.02210610   0.00000000    -0.04031914  -0.00000000
    5    5
  0.03228498   0.00000000     0.00000000   0.00000000     0.00000000   0.00000000
  0.00000000   0.00000000     0.06936327   0.00000000    -0.01387454   0.00000000
  0.00000000   0.00000000    -0.01387454   0.00000000     0.08684320   0.00000000
    5    6
 -0.01296235  -0.00000000    -0.00000000   0.00000000     0.00000000  -0.00000000
  0.00000000   0.00000000    -0.03955234  -0.00000000     0.03764910   0.00000000
  0.00000000  -0.00000000     0.05341608   0.00000000    -0.03955234  -0.00000000
    5    7
 -0.01152203   0.00000000     0.00000000  -0.00000000    -0.00000000  -0.00000000
  0.00000000   0.00000000    -0.00760234   0.00000000    -0.02890507   0.00000000
  0.00000000   0.00000000    -0.07001965   0.00000000    -0.00760234   0.00000000
    6    1
 -0.01414594   0.00000000    -0.00000000  -0.00000000     0.00000000   0.00000000
 -0.00000000   0.00000000     0.02837872  -0.00000000    -0.02294061   0.00000000
  0.00000000   0.00000000     0.00604073  -0.00000000    -0.03527182   0.00000000
    6    2
  0.00420882  -0.00000000    -0.01067437   0.00000000     0.02600375  -0.00000000
 -0.00570416   0.00000000     0.00497415  -0.00000000    -0.00782443   0.00000000
  0.01159673  -0.00000000    -0.01412994   0.00000000     0.02066864  -0.00000000
    6    3
 -0.00420882  -0.00000000    -0.01067437  -0.00000000     0.02600375   0.00000000
 -0.00570416  -0.00000000    -0.00497415  -0.00000000     0.00782443   0.00000000
  0.01159673   0.00000000     0.01412994   0.00000000    -0.02066864  -0.00000000
    6    4
 -0.01152203   0.00000000     0.00000000  -0.00000000    -0.00000000  -0.00000000
  0.00000000  -0.00000000    -0.00760234   0.00000000    -0.07001965   0.00000000
  0.00000000  -0.00000000    -0.02890507   0.00000000    -0.00760234   0.00000000
    6    5
 -0.01296235   0.00000000     0.00000000  -0.00000000     0.00000000   0.00000000
 -0.00000000  -0.00000000    -0.03955234   0.00000000     0.05341608  -0.00000000
  0.00000000   0.00000000     0.03764910  -0.00000000    -0.03955234   0.00000000
    6    6
  0.03228498   0.00000000     0.00000000   0.00000000    -0.00000000   0.00000000
  0.00000000   0.00000000     0.08684320   0.00000000    -0.01387454   0.00000000
 -0.00000000   0.00000000    -0.01387454   0.00000000     0.06936327   0.00000000
    6    7
  0.02365678  -0.00000000    -0.00000000  -0.00000000     0.00000000   0.00000000
 -0.00000000  -0.00000000    -0.04031914   0.00000000     0.02210610  -0.00000000
  0.00000000   0.00000000     0.02210610  -0.00000000    -0.00687261   0.00000000
    7    1
 -0.01414594  -0.00000000    -0.00000000   0.00000000     0.00000000  -0.00000000
 -0.00000000  -0.00000000     0.02837872   0.00000000    -0.02294061  -0.00000000
 -0.00000000  -0.00000000     0.00604073   0.00000000    -0.03527182  -0.00000000
    7    2
 -0.00420882  -0.00000000    -0.01067437  -0.00000000     0.02600375   0.00000000
 -0.00570416  -0.00000000    -0.00497415  -0.00000000     0.00782443   0.00000000
  0.01159673   0.00000000     0.01412994   0.00000000    -0.02066864  -0.00000000
    7    3
  0.00420882   0.00000000    -0.01067437  -0.00000000     0.02600375   0.00000000
 -0.00570416  -0.00000000     0.00497415   0.00000000    -0.00782443  -0.00000000
  0.01159673   0.00000000    -0.01412994  -0.00000000     0.02066864   0.00000000
    7    4
 -0.01296235  -0.00000000     0.00000000   0.00000000     0.00000000   0.00000000
  0.00000000  -0.00000000    -0.03955234  -0.00000000     0.05341608   0.00000000
  0.00000000   0.00000000     0.03764910   0.00000000    -0.03955234  -0.00000000
    7    5
 -0.01152203  -0.00000000     0.00000000  -0.00000000    -0.00000000  -0.00000000
  0.00000000   0.00000000    -0.00760234  -0.00000000    -0.07001965  -0.00000000
  0.00000000   0.00000000    -0.02890507  -0.00000000    -0.00760234  -0.00000000
    7    6
  0.02365678   0.00000000     0.00000000   0.00000000    -0.00000000  -0.00000000
 -0.00000000   0.00000000    -0.04031914  -0.00000000     0.02210610   0.00000000
  0.00000000  -0.00000000     0.02210610   0.00000000    -0.00687261  -0.00000000
    7    7
  0.03228498   0.00000000     0.00000000   0.00000000    -0.00000000   0.00000000
  0.00000000   0.00000000     0.08684320   0.00000000    -0.01387454   0.00000000
 -0.00000000   0.00000000    -0.01387454   0.00000000     0.06936327   0.00000000

     Dynamical  Matrix in cartesian axes

     q = (   -0.000000000   0.433012700   0.433012700 ) 

    1    1
  0.05074567   0.00000000    -0.00000000   0.00000000    -0.00000000   0.00000000
 -0.00000000   0.00000000     0.14956694   0.00000000     0.07073478   0.00000000
 -0.00000000   0.00000000     0.07073478   0.00000000     0.14956694   0.00000000
    1    2
  0.00000000  -0.00000000     0.01932705   0.00000000    -0.01932705  -0.00000000
  0.01051667   0.00000000    -0.00000000   0.00000000    -0.00000000   0.00000000
 -0.01051667  -0.00000000     0.00000000  -0.00000000    -0.00000000   0.00000000
    1    3
 -0.00000000  -0.00000000    -0.01932705  -0.00000000     0.01932705   0.00000000
 -0.01051667  -0.00000000     0.00000000   0.00000000     0.00000000   0.00000000
  0.01051667   0.00000000     0.00000000   0.00000000     0.00000000   0.00000000
    1    4
 -0.01414594  -0.00000000     0.00000000   0.00000000    -0.00000000  -0.00000000
  0.00000000   0.00000000    -0.03527182  -0.00000000     0.02294061   0.00000000
 -0.00000000   0.00000000    -0.00604073  -0.00000000     0.02837872   0.00000000
    1    5
  0.01414594   0.00000000     0.00000000  -0.00000000     0.00000000   0.00000000
  0.00000000  -0.00000000     0.03527182   0.00000000    -0.02294061  -0.00000000
  0.00000000  -0.00000000     0.00604073   0.00000000    -0.02837872  -0.00000000
    1    6
  0.01414594   0.00000000     0.00000000   0.00000000    -0.00000000  -0.00000000
  0.00000000   0.00000000    -0.02837872  -0.00000000     0.00604073   0.00000000
 -0.00000000  -0.00000000    -0.02294061  -0.00000000     0.03527182   0.00000000
    1    7
 -0.01414594  -0.00000000    -0.00000000  -0.00000000     0.00000000   0.00000000
 -0.00000000   0.00000000     0.02837872   0.00000000    -0.00604073  -0.00000000
  0.00000000   0.00000000     0.02294061   0.00000000    -0.03527182  -0.00000000
    2    1
 -0.00000000   0.00000000     0.01051667  -0.00000000    -0.01051667   0.00000000
  0.01932705  -0.00000000     0.00000000  -0.00000000     0.00000000   0.00000000
 -0.01932705   0.00000000     0.00000000  -0.00000000    -0.00000000  -0.00000000
    2    2
  0.01904812   0.00000000     0.00000000   0.00000000    -0.00000000   0.00000000
 -0.00000000   0.00000000     0.04753430   0.00000000     0.01643163   0.00000000
 -0.00000000   0.00000000     0.01643163   0.00000000     0.04753430   0.00000000
    2    3
  0.00152223   0.00000000     0.00000000  -0.00000000     0.00000000  -0.00000000
  0.00000000  -0.00000000    -0.01132848  -0.00000000    -0.00096842  -0.00000000
  0.00000000  -0.00000000    -0.00096842  -0.00000000    -0.01132848  -0.00000000
    2    4
 -0.00420882   0.00000000    -0.01159673   0.00000000    -0.00570416   0.00000000
 -0.02600375   0.00000000    -0.02066864   0.00000000    -0.00782443   0.00000000
 -0.01067437   0.00000000    -0.01412994   0.00000000    -0.00497415   0.00000000
    2    5
 -0.00420882  -0.00000000     0.01159673   0.00000000     0.00570416   0.00000000
  0.02600375   0.00000000    -0.02066864  -0.00000000    -0.00782443  -0.00000000
  0.01067437   0.00000000    -0.01412994  -0.00000000    -0.00497415  -0.00000000
    2    6
 -0.00420882  -0.00000000    -0.00570416  -0.00000000    -0.01159673  -0.00000000
 -0.01067437  -0.00000000    -0.00497415  -0.00000000    -0.01412994  -0.00000000
 -0.02600375  -0.00000000    -0.00782443  -0.00000000    -0.02066864  -0.00000000
    2    7
 -0.00420882  -0.00000000     0.00570416   0.00000000     0.01159673   0.00000000
  0.01067437   0.00000000    -0.00497415  -0.00000000    -0.01412994  -0.00000000
  0.02600375   0.00000000    -0.00782443  -0.00000000    -0.02066864  -0.00000000
    3    1
 -0.00000000   0.00000000    -0.01051667   0.00000000     0.01051667  -0.00000000
 -0.01932705   0.00000000    -0.00000000  -0.00000000    -0.00000000  -0.00000000
  0.01932705  -0.00000000     0.00000000  -0.00000000    -0.00000000  -0.00000000
    3    2
  0.00152223  -0.00000000     0.00000000   0.00000000     0.00000000   0.00000000
  0.00000000   0.00000000    -0.01132848   0.00000000    -0.00096842   0.00000000
  0.00000000   0.00000000    -0.00096842   0.00000000    -0.01132848   0.00000000
    3    3
  0.01904812   0.00000000    -0.00000000   0.00000000    -0.00000000   0.00000000
 -0.00000000   0.00000000     0.04753430   0.00000000     0.01643163   0.00000000
 -0.00000000   0.00000000     0.01643163   0.00000000     0.04753430   0.00000000
    3    4
 -0.00420882   0.00000000     0.01159673  -0.00000000     0.00570416  -0.00000000
  0.02600375  -0.00000000    -0.02066864   0.00000000    -0.00782443   0.00000000
  0.01067437  -0.00000000    -0.01412994   0.00000000    -0.00497415   0.00000000
    3    5
 -0.00420882   0.00000000    -0.01159673   0.00000000    -0.00570416   0.00000000
 -0.02600375   0.00000000    -0.02066864   0.00000000    -0.00782443   0.00000000
 -0.01067437   0.00000000    -0.01412994   0.00000000    -0.00497415   0.00000000
    3    6
 -0.00420882   0.00000000     0.00570416  -0.00000000     0.01159673  -0.00000000
  0.01067437  -0.00000000    -0.00497415   0.00000000    -0.01412994   0.00000000
  0.02600375  -0.00000000    -0.00782443   0.00000000    -0.02066864   0.00000000
    3    7
 -0.00420882   0.00000000    -0.00570416   0.00000000    -0.01159673   0.00000000
 -0.01067437   0.00000000    -0.00497415   0.00000000    -0.01412994   0.00000000
 -0.02600375   0.00000000    -0.00782443   0.00000000    -0.02066864   0.00000000
    4    1
 -0.01414594   0.00000000    -0.00000000  -0.00000000    -0.00000000  -0.00000000
  0.00000000  -0.00000000    -0.03527182   0.00000000    -0.00604073   0.00000000
 -0.00000000   0.00000000     0.02294061  -0.00000000     0.02837872  -0.00000000
    4    2
 -0.00420882  -0.00000000    -0.02600375  -0.00000000    -0.01067437  -0.00000000
 -0.01159673  -0.00000000    -0.02066864  -0.00000000    -0.01412994  -0.00000000
 -0.00570416  -0.00000000    -0.00782443  -0.00000000    -0.00497415  -0.00000000
    4    3
 -0.00420882  -0.00000000     0.02600375   0.00000000     0.01067437   0.00000000
  0.01159673   0.00000000    -0.02066864  -0.00000000    -0.01412994  -0.00000000
  0.00570416   0.00000000    -0.00782443  -0.00000000    -0.00497415  -0.00000000
    4    4
  0.03228498   0.00000000     0.00000000   0.00000000    -0.00000000   0.00000000
 -0.00000000   0.00000000     0.06936327   0.00000000     0.01387454   0.00000000
 -0.00000000   0.00000000     0.01387454   0.00000000     0.08684320   0.00000000
    4    5
 -0.02365678   0.00000000     0.00000000   0.00000000    -0.00000000   0.00000000
 -0.00000000   0.00000000     0.00687261  -0.00000000     0.02210610  -0.00000000
 -0.00000000   0.00000000     0.02210610  -0.00000000     0.04031914  -0.00000000
    4    6
  0.01296235   0.00000000    -0.00000000  -0.00000000    -0.00000000  -0.00000000
 -0.00000000  -0.00000000     0.03955234   0.00000000     0.03764910   0.00000000
 -0.00000000  -0.00000000     0.05341608   0.00000000     0.03955234   0.00000000
    4    7
 -0.01152203  -0.00000000    -0.00000000  -0.00000000    -0.00000000   0.00000000
 -0.00000000   0.00000000    -0.00760234  -0.00000000     0.02890507   0.00000000
 -0.00000000  -0.00000000     0.07001965   0.00000000    -0.00760234  -0.00000000
    5    1
  0.01414594  -0.00000000     0.00000000   0.00000000     0.00000000   0.00000000
 -0.00000000   0.00000000     0.03527182  -0.00000000     0.00604073  -0.00000000
  0.00000000  -0.00000000    -0.02294061   0.00000000    -0.02837872   0.00000000
    5    2
 -0.00420882   0.00000000     0.02600375  -0.00000000     0.01067437  -0.00000000
  0.01159673  -0.00000000    -0.02066864   0.00000000    -0.01412994   0.00000000
  0.00570416  -0.00000000    -0.00782443   0.00000000    -0.00497415   0.00000000
    5    3
 -0.00420882  -0.00000000    -0.02600375  -0.00000000    -0.01067437  -0.00000000
 -0.01159673  -0.00000000    -0.02066864  -0.00000000    -0.01412994  -0.00000000
 -0.00570416  -0.00000000    -0.00782443  -0.00000000    -0.00497415  -0.00000000
    5    4
 -0.02365678  -0.00000000     0.00000000  -0.00000000    -0.00000000  -0.00000000
 -0.00000000  -0.00000000     0.00687261   0.00000000     0.02210610   0.00000000
 -0.00000000  -0.00000000     0.02210610   0.00000000     0.04031914   0.00000000
    5    5
  0.03228498   0.00000000     0.00000000   0.00000000    -0.00000000   0.00000000
 -0.00000000   0.00000000     0.06936327   0.00000000     0.01387454   0.00000000
 -0.00000000   0.00000000     0.01387454   0.00000000     0.08684320   0.00000000
    5    6
 -0.01152203  -0.00000000    -0.00000000  -0.00000000    -0.00000000   0.00000000
 -0.00000000   0.00000000    -0.00760234  -0.00000000     0.02890507   0.00000000
 -0.00000000  -0.00000000     0.07001965   0.00000000    -0.00760234  -0.00000000
    5    7
  0.01296235   0.00000000    -0.00000000  -0.00000000    -0.00000000  -0.00000000
 -0.00000000  -0.00000000     0.03955234   0.00000000     0.03764910   0.00000000
 -0.00000000  -0.00000000     0.05341608   0.00000000     0.03955234   0.00000000
    6    1
  0.01414594  -0.00000000     0.00000000  -0.00000000    -0.00000000   0.00000000
  0.00000000  -0.00000000    -0.02837872   0.00000000    -0.02294061   0.00000000
 -0.00000000   0.00000000     0.00604073  -0.00000000     0.03527182  -0.00000000
    6    2
 -0.00420882   0.00000000    -0.01067437   0.00000000    -0.02600375   0.00000000
 -0.00570416   0.00000000    -0.00497415   0.00000000    -0.00782443   0.00000000
 -0.01159673   0.00000000    -0.01412994   0.00000000    -0.02066864   0.00000000
    6    3
 -0.00420882  -0.00000000     0.01067437   0.00000000     0.02600375   0.00000000
  0.00570416   0.00000000    -0.00497415  -0.00000000    -0.00782443  -0.00000000
  0.01159673   0.00000000    -0.01412994  -0.00000000    -0.02066864  -0.00000000
    6    4
  0.01296235  -0.00000000    -0.00000000   0.00000000    -0.00000000   0.00000000
 -0.00000000   0.00000000     0.03955234  -0.00000000     0.05341608  -0.00000000
 -0.00000000   0.00000000     0.03764910  -0.00000000     0.03955234  -0.00000000
    6    5
 -0.01152203   0.00000000    -0.00000000  -0.00000000    -0.00000000   0.00000000
 -0.00000000   0.00000000    -0.00760234   0.00000000     0.07001965  -0.00000000
 -0.00000000  -0.00000000     0.02890507  -0.00000000    -0.00760234   0.00000000
    6    6
  0.03228498   0.00000000    -0.00000000   0.00000000    -0.00000000   0.00000000
 -0.00000000   0.00000000     0.08684320   0.00000000     0.01387454   0.00000000
 -0.00000000   0.00000000     0.01387454   0.00000000     0.06936327   0.00000000
    6    7
 -0.02365678   0.00000000    -0.00000000  -0.00000000    -0.00000000  -0.00000000
 -0.00000000  -0.00000000     0.04031914  -0.00000000     0.02210610  -0.00000000
 -0.00000000  -0.00000000     0.02210610  -0.00000000     0.00687261  -0.00000000
    7    1
 -0.01414594   0.00000000    -0.00000000  -0.00000000    -0.00000000  -0.00000000
 -0.00000000   0.00000000     0.02837872  -0.00000000     0.02294061  -0.00000000
  0.00000000  -0.00000000    -0.00604073   0.00000000    -0.03527182   0.00000000
    7    2
 -0.00420882   0.00000000     0.01067437  -0.00000000     0.02600375  -0.00000000
  0.00570416  -0.00000000    -0.00497415   0.00000000    -0.00782443   0.00000000
  0.01159673  -0.00000000    -0.01412994   0.00000000    -0.02066864   0.00000000
    7    3
 -0.00420882  -0.00000000    -0.01067437  -0.00000000    -0.02600375  -0.00000000
 -0.00570416  -0.00000000    -0.00497415  -0.00000000    -0.00782443  -0.00000000
 -0.01159673  -0.00000000    -0.01412994  -0.00000000    -0.02066864  -0.00000000
    7    4
 -0.01152203   0.00000000    -0.00000000  -0.00000000     0.00000000   0.00000000
 -0.00000000   0.00000000    -0.00760234   0.00000000     0.07001965  -0.00000000
  0.00000000  -0.00000000     0.02890507  -0.00000000    -0.00760234   0.00000000
    7    5
  0.01296235  -0.00000000    -0.00000000   0.00000000    -0.00000000   0.00000000
 -0.00000000   0.00000000     0.03955234  -0.00000000     0.05341608  -0.00000000
 -0.00000000   0.00000000     0.03764910  -0.00000000     0.03955234  -0.00000000
    7    6
 -0.02365678  -0.00000000    -0.00000000   0.00000000    -0.00000000   0.00000000
 -0.00000000   0.00000000     0.04031914   0.00000000     0.02210610   0.00000000
 -0.00000000   0.00000000     0.02210610   0.00000000     0.00687261   0.00000000
    7    7
  0.03228498   0.00000000    -0.00000000   0.00000000    -0.00000000   0.00000000
 -0.00000000   0.00000000     0.08684320   0.00000000     0.01387454   0.00000000
 -0.00000000   0.00000000     0.01387454   0.00000000     0.06936327   0.00000000

     Dynamical  Matrix in cartesian axes

     q = (    0.433012700   0.000000000  -0.433012700 ) 

    1    1
  0.14956694   0.00000000     0.00000000   0.00000000    -0.07073478   0.00000000
  0.00000000   0.00000000     0.05074567   0.00000000    -0.00000000   0.00000000
 -0.07073478   0.00000000    -0.00000000   0.00000000     0.14956694   0.00000000
    1    2
 -0.03527182   0.00000000     0.00000000   0.00000000    -0.02294061   0.00000000
 -0.00000000   0.00000000    -0.01414594   0.00000000    -0.00000000   0.00000000
  0.00604073  -0.00000000    -0.00000000  -0.00000000     0.02837872  -0.00000000
    1    3
 -0.03527182  -0.00000000     0.00000000  -0.00000000    -0.02294061  -0.00000000
 -0.00000000  -0.00000000    -0.01414594  -0.00000000    -0.00000000  -0.00000000
  0.00604073   0.00000000    -0.00000000   0.00000000     0.02837872   0.00000000
    1    4
  0.00000000   0.00000000    -0.01051667  -0.00000000     0.00000000  -0.00000000
 -0.01932705  -0.00000000     0.00000000  -0.00000000    -0.01932705  -0.00000000
  0.00000000  -0.00000000    -0.01051667  -0.00000000     0.00000000   0.00000000
    1    5
  0.00000000  -0.00000000    -0.01051667   0.00000000     0.00000000   0.00000000
 -0.01932705   0.00000000     0.00000000   0.00000000    -0.01932705   0.00000000
  0.00000000   0.00000000    -0.01051667   0.00000000     0.00000000  -0.00000000
    1    6
  0.02837872  -0.00000000    -0.00000000  -0.00000000     0.00604073  -0.00000000
 -0.00000000   0.00000000    -0.01414594   0.00000000    -0.00000000   0.00000000
 -0.02294061   0.00000000     0.00000000   0.00000000    -0.03527182   0.00000000
    1    7
  0.02837872   0.00000000    -0.00000000   0.00000000     0.00604073   0.00000000
 -0.00000000  -0.00000000    -0.01414594  -0.00000000     0.00000000  -0.00000000
