  4.500000000000000E-002   1.25986529217407        2.41685017272211     
          12

     Dynamical  Matrix in cartesian axes

     q = (    0.433012700   0.433012700   0.216506400 ) 

    1    1
  0.11850744  -0.00000000     0.04038826   0.00000000    -0.00000000   0.00000000
  0.04038826  -0.00000000     0.11850744   0.00000000     0.00000000   0.00000000
  0.00000000   0.00000000    -0.00000000   0.00000000     0.06549997   0.00000000
    1    2
 -0.01698035   0.01698035     0.01842273  -0.01842273    -0.00993210  -0.00993210
 -0.00600668   0.00600668     0.01372470  -0.01372470    -0.00740877  -0.00740877
 -0.00412605  -0.00412605    -0.00177697  -0.00177697    -0.01059166   0.01059167
    1    3
  0.02401384   0.00000000    -0.02605367  -0.00000000     0.00000000  -0.01404611
  0.00849473   0.00000000    -0.01940965  -0.00000000     0.00000000  -0.01047759
  0.00000000  -0.00583512     0.00000000  -0.00251301     0.01497888   0.00000000
    1    4
 -0.01940965  -0.00000000     0.00849473   0.00000000     0.00000000  -0.01047759
 -0.02605367  -0.00000000     0.02401384   0.00000000     0.00000000  -0.01404611
  0.00000000  -0.00251301     0.00000000  -0.00583512     0.01497888   0.00000000
    1    5
  0.01372470  -0.01372470    -0.00600668   0.00600668    -0.00740877  -0.00740877
  0.01842273  -0.01842273    -0.01698035   0.01698035    -0.00993210  -0.00993210
 -0.00177697  -0.00177697    -0.00412605  -0.00412605    -0.01059166   0.01059167
    1    6
  0.00000000   0.00000000    -0.00000000   0.00000000     0.01579763   0.01831524
  0.00000000   0.00000000    -0.00000000   0.00000000     0.00178023   0.02412144
  0.01712914  -0.00523634    -0.01581478   0.00840948     0.00000000   0.00000000
    1    7
 -0.00000000   0.00000000     0.00000000   0.00000000     0.00178023   0.02412144
 -0.00000000   0.00000000     0.00000000   0.00000000     0.01579763   0.01831524
 -0.01581478   0.00840948     0.01712914  -0.00523634     0.00000000   0.00000000
    2    1
 -0.01698035  -0.01698035    -0.00600668  -0.00600668    -0.00412605   0.00412605
  0.01842273   0.01842273     0.01372470   0.01372470    -0.00177697   0.00177697
 -0.00993210   0.00993210    -0.00740877   0.00740877    -0.01059166  -0.01059167
    2    2
  0.07498209   0.00000000     0.00289952   0.00000000    -0.00000000  -0.00805350
  0.00289952   0.00000000     0.07271271   0.00000000    -0.00000000  -0.00537540
 -0.00000000   0.00805350    -0.00000000   0.00537540     0.03864961   0.00000000
    2    3
  0.00307968   0.00307968     0.00622111   0.00622111    -0.00177505   0.00177505
  0.00622111   0.00622111     0.01746527   0.01746527    -0.00738644   0.00738644
 -0.00177505   0.00177505    -0.00738644   0.00738644    -0.01092074  -0.01092074
    2    4
  0.02006833   0.02006833     0.02588850   0.02588851     0.00340725  -0.00340724
  0.02899617   0.02899618     0.02006833   0.02006833    -0.00560449   0.00560449
 -0.00560449   0.00560449     0.00340725  -0.00340724     0.01169911   0.01169911
    2    5
 -0.01842252   0.00000000     0.03032446   0.00000000    -0.00000000  -0.00420267
  0.05324849   0.00000000    -0.01842252   0.00000000    -0.00000000  -0.00580027
 -0.00000000   0.00580027    -0.00000000   0.00420267    -0.00287390   0.00000000
    2    6
 -0.01711374  -0.00951652    -0.00941754  -0.00165817    -0.01417317  -0.00545238
 -0.00911302   0.00383773    -0.00148671  -0.00805309    -0.00751885  -0.00019640
 -0.01602166  -0.02124888    -0.00735192   0.00461155    -0.01323808  -0.00518798
    2    7
 -0.01883044  -0.00537205    -0.00783170  -0.00548670     0.01387735   0.00616653
 -0.00373020  -0.00915756    -0.00674565   0.00464313     0.00545551   0.00517775
  0.02635425  -0.00369620     0.00193773   0.00845945    -0.01302919  -0.00569228
    3    1
  0.02401384  -0.00000000     0.00849473  -0.00000000     0.00000000   0.00583512
 -0.02605367   0.00000000    -0.01940965   0.00000000     0.00000000   0.00251301
  0.00000000   0.01404611     0.00000000   0.01047759     0.01497888  -0.00000000
    3    2
  0.00307968  -0.00307968     0.00622111  -0.00622111    -0.00177505  -0.00177505
  0.00622111  -0.00622111     0.01746527  -0.01746527    -0.00738644  -0.00738644
 -0.00177505  -0.00177505    -0.00738644  -0.00738644    -0.01092074   0.01092074
    3    3
  0.07498209  -0.00000000     0.00289952   0.00000000    -0.00000000   0.00805350
  0.00289952  -0.00000000     0.07271271   0.00000000    -0.00000000   0.00537540
  0.00000000  -0.00805350    -0.00000000  -0.00537540     0.03864961   0.00000000
    3    4
 -0.01842252   0.00000000     0.03032446  -0.00000000    -0.00000000   0.00420267
  0.05324849  -0.00000000    -0.01842252   0.00000000    -0.00000000   0.00580027
 -0.00000000  -0.00580027    -0.00000000  -0.00420267    -0.00287390   0.00000000
    3    5
  0.02006833  -0.02006833     0.02588850  -0.02588851     0.00340725   0.00340724
  0.02899617  -0.02899618     0.02006833  -0.02006833    -0.00560449  -0.00560449
 -0.00560449  -0.00560449     0.00340725   0.00340724     0.01169911  -0.01169911
    3    6
 -0.01883044   0.00537205    -0.00783170   0.00548670     0.01387735  -0.00616653
 -0.00373020   0.00915756    -0.00674565  -0.00464313     0.00545551  -0.00517775
  0.02635425   0.00369620     0.00193773  -0.00845945    -0.01302919   0.00569228
    3    7
 -0.01711374   0.00951652    -0.00941754   0.00165817    -0.01417317   0.00545238
 -0.00911302  -0.00383773    -0.00148671   0.00805309    -0.00751885   0.00019640
 -0.01602166   0.02124888    -0.00735192  -0.00461155    -0.01323808   0.00518798
    4    1
 -0.01940965   0.00000000    -0.02605367   0.00000000     0.00000000   0.00251301
  0.00849473  -0.00000000     0.02401384  -0.00000000     0.00000000   0.00583512
  0.00000000   0.01047759     0.00000000   0.01404611     0.01497888  -0.00000000
    4    2
  0.02006833  -0.02006833     0.02899617  -0.02899618    -0.00560449  -0.00560449
  0.02588850  -0.02588851     0.02006833  -0.02006833     0.00340725   0.00340724
  0.00340725   0.00340724    -0.00560449  -0.00560449     0.01169911  -0.01169911
    4    3
 -0.01842252  -0.00000000     0.05324849   0.00000000    -0.00000000   0.00580027
  0.03032446   0.00000000    -0.01842252  -0.00000000    -0.00000000   0.00420267
 -0.00000000  -0.00420267     0.00000000  -0.00580027    -0.00287390  -0.00000000
    4    4
  0.07271271  -0.00000000     0.00289952   0.00000000    -0.00000000   0.00537540
  0.00289952  -0.00000000     0.07498209   0.00000000    -0.00000000   0.00805350
 -0.00000000  -0.00537540    -0.00000000  -0.00805350     0.03864961   0.00000000
    4    5
  0.01746527  -0.01746527     0.00622111  -0.00622111    -0.00738644  -0.00738644
  0.00622111  -0.00622111     0.00307968  -0.00307968    -0.00177505  -0.00177505
 -0.00738644  -0.00738644    -0.00177505  -0.00177505    -0.01092074   0.01092074
    4    6
 -0.00148671   0.00805309    -0.00911302  -0.00383773    -0.00751885   0.00019640
 -0.00941754   0.00165817    -0.01711374   0.00951652    -0.01417317   0.00545238
 -0.00735192  -0.00461155    -0.01602166   0.02124888    -0.01323808   0.00518798
    4    7
 -0.00674565  -0.00464313    -0.00373020   0.00915756     0.00545551  -0.00517775
 -0.00783170   0.00548670    -0.01883044   0.00537205     0.01387735  -0.00616653
  0.00193773  -0.00845945     0.02635425   0.00369620    -0.01302919   0.00569228
    5    1
  0.01372470   0.01372470     0.01842273   0.01842273    -0.00177697   0.00177697
 -0.00600668  -0.00600668    -0.01698035  -0.01698035    -0.00412605   0.00412605
 -0.00740877   0.00740877    -0.00993210   0.00993210    -0.01059166  -0.01059167
    5    2
 -0.01842252   0.00000000     0.05324849   0.00000000    -0.00000000  -0.00580027
  0.03032446  -0.00000000    -0.01842252  -0.00000000    -0.00000000  -0.00420267
  0.00000000   0.00420267    -0.00000000   0.00580027    -0.00287390   0.00000000
    5    3
  0.02006833   0.02006833     0.02899617   0.02899618    -0.00560449   0.00560449
  0.02588850   0.02588851     0.02006833   0.02006833     0.00340725  -0.00340724
  0.00340725  -0.00340724    -0.00560449   0.00560449     0.01169911   0.01169911
    5    4
  0.01746527   0.01746527     0.00622111   0.00622111    -0.00738644   0.00738644
  0.00622111   0.00622111     0.00307968   0.00307968    -0.00177505   0.00177505
 -0.00738644   0.00738644    -0.00177505   0.00177505    -0.01092074  -0.01092074
    5    5
  0.07271271   0.00000000     0.00289952  -0.00000000    -0.00000000  -0.00537540
  0.00289952   0.00000000     0.07498209  -0.00000000    -0.00000000  -0.00805350
 -0.00000000   0.00537540    -0.00000000   0.00805350     0.03864961   0.00000000
    5    6
 -0.00674565   0.00464313    -0.00373020  -0.00915756     0.00545551   0.00517775
 -0.00783170  -0.00548670    -0.01883044  -0.00537205     0.01387735   0.00616653
  0.00193773   0.00845945     0.02635425  -0.00369620    -0.01302919  -0.00569228
    5    7
 -0.00148671  -0.00805309    -0.00911302   0.00383773    -0.00751885  -0.00019640
 -0.00941754  -0.00165817    -0.01711374  -0.00951652    -0.01417317  -0.00545238
 -0.00735192   0.00461155    -0.01602166  -0.02124888    -0.01323808  -0.00518798
    6    1
  0.00000000  -0.00000000     0.00000000  -0.00000000     0.01712914   0.00523634
 -0.00000000  -0.00000000    -0.00000000  -0.00000000    -0.01581478  -0.00840948
  0.01579763  -0.01831524     0.00178023  -0.02412144     0.00000000  -0.00000000
    6    2
 -0.01711374   0.00951652    -0.00911302  -0.00383773    -0.01602166   0.02124888
 -0.00941754   0.00165817    -0.00148671   0.00805309    -0.00735192  -0.00461155
 -0.01417317   0.00545238    -0.00751885   0.00019640    -0.01323808   0.00518798
    6    3
 -0.01883044  -0.00537205    -0.00373020  -0.00915756     0.02635425  -0.00369620
 -0.00783170  -0.00548670    -0.00674565   0.00464313     0.00193773   0.00845945
  0.01387735   0.00616653     0.00545551   0.00517775    -0.01302919  -0.00569228
    6    4
 -0.00148671  -0.00805309    -0.00941754  -0.00165817    -0.00735192   0.00461155
 -0.00911302   0.00383773    -0.01711374  -0.00951652    -0.01602166  -0.02124888
 -0.00751885  -0.00019640    -0.01417317  -0.00545238    -0.01323808  -0.00518798
    6    5
 -0.00674565  -0.00464313    -0.00783170   0.00548670     0.00193773  -0.00845945
 -0.00373020   0.00915756    -0.01883044   0.00537205     0.02635425   0.00369620
  0.00545551  -0.00517775     0.01387735  -0.00616653    -0.01302919   0.00569228
    6    6
  0.04657610   0.00000000    -0.00152199  -0.00508231    -0.00000000   0.00000000
 -0.00152199   0.00508231     0.04657610  -0.00000000    -0.00000000   0.00000000
 -0.00000000   0.00000000    -0.00000000   0.00000000     0.04355436   0.00000000
    6    7
 -0.00587827   0.01267892    -0.00430934  -0.00000000    -0.00000000   0.00000000
 -0.00430934   0.00000000    -0.00587827  -0.01267892    -0.00000000   0.00000000
 -0.00000000   0.00000000    -0.00000000   0.00000000     0.01574741   0.00000000
    7    1
 -0.00000000  -0.00000000    -0.00000000  -0.00000000    -0.01581478  -0.00840948
  0.00000000  -0.00000000     0.00000000  -0.00000000     0.01712914   0.00523634
  0.00178023  -0.02412144     0.01579763  -0.01831524     0.00000000  -0.00000000
    7    2
 -0.01883044   0.00537205    -0.00373020   0.00915756     0.02635425   0.00369620
 -0.00783170   0.00548670    -0.00674565  -0.00464313     0.00193773  -0.00845945
  0.01387735  -0.00616653     0.00545551  -0.00517775    -0.01302919   0.00569228
    7    3
 -0.01711374  -0.00951652    -0.00911302   0.00383773    -0.01602166  -0.02124888
 -0.00941754  -0.00165817    -0.00148671  -0.00805309    -0.00735192   0.00461155
 -0.01417317  -0.00545238    -0.00751885  -0.00019640    -0.01323808  -0.00518798
    7    4
 -0.00674565   0.00464313    -0.00783170  -0.00548670     0.00193773   0.00845945
 -0.00373020  -0.00915756    -0.01883044  -0.00537205     0.02635425  -0.00369620
  0.00545551   0.00517775     0.01387735   0.00616653    -0.01302919  -0.00569228
    7    5
 -0.00148671   0.00805309    -0.00941754   0.00165817    -0.00735192  -0.00461155
 -0.00911302  -0.00383773    -0.01711374   0.00951652    -0.01602166   0.02124888
 -0.00751885   0.00019640    -0.01417317   0.00545238    -0.01323808   0.00518798
    7    6
 -0.00587827  -0.01267892    -0.00430934   0.00000000    -0.00000000   0.00000000
 -0.00430934   0.00000000    -0.00587827   0.01267892    -0.00000000   0.00000000
 -0.00000000   0.00000000    -0.00000000   0.00000000     0.01574741   0.00000000
    7    7
  0.04657610  -0.00000000    -0.00152199   0.00508231    -0.00000000   0.00000000
 -0.00152199  -0.00508231     0.04657610   0.00000000    -0.00000000   0.00000000
 -0.00000000   0.00000000    -0.00000000   0.00000000     0.04355436   0.00000000

     Dynamical  Matrix in cartesian axes

     q = (    0.433012700   0.433012700  -0.216506400 ) 

    1    1
  0.11850744   0.00000000     0.04038826  -0.00000000    -0.00000000   0.00000000
  0.04038826   0.00000000     0.11850744  -0.00000000     0.00000000   0.00000000
  0.00000000   0.00000000    -0.00000000   0.00000000     0.06549997   0.00000000
    1    2
 -0.01698035  -0.01698035     0.01842273   0.01842273    -0.00993210   0.00993210
 -0.00600668  -0.00600668     0.01372470   0.01372470    -0.00740877   0.00740877
 -0.00412605   0.00412605    -0.00177697   0.00177697    -0.01059166  -0.01059167
    1    3
  0.02401384   0.00000000    -0.02605367  -0.00000000    -0.00000000   0.01404611
  0.00849473   0.00000000    -0.01940965  -0.00000000    -0.00000000   0.01047759
 -0.00000000   0.00583512    -0.00000000   0.00251301     0.01497888   0.00000000
    1    4
 -0.01940965  -0.00000000     0.00849473   0.00000000    -0.00000000   0.01047759
 -0.02605367  -0.00000000     0.02401384   0.00000000    -0.00000000   0.01404611
 -0.00000000   0.00251301    -0.00000000   0.00583512     0.01497888   0.00000000
    1    5
  0.01372470   0.01372470    -0.00600668  -0.00600668    -0.00740877   0.00740877
  0.01842273   0.01842273    -0.01698035  -0.01698035    -0.00993210   0.00993210
 -0.00177697   0.00177697    -0.00412605   0.00412605    -0.01059166  -0.01059167
    1    6
 -0.00000000   0.00000000     0.00000000   0.00000000     0.01579763  -0.01831524
 -0.00000000   0.00000000     0.00000000   0.00000000     0.00178023  -0.02412144
  0.01712914   0.00523634    -0.01581478  -0.00840948    -0.00000000   0.00000000
    1    7
  0.00000000   0.00000000    -0.00000000   0.00000000     0.00178023  -0.02412144
  0.00000000   0.00000000    -0.00000000   0.00000000     0.01579763  -0.01831524
 -0.01581478  -0.00840948     0.01712914   0.00523634    -0.00000000   0.00000000
    2    1
 -0.01698035   0.01698035    -0.00600668   0.00600668    -0.00412605  -0.00412605
  0.01842273  -0.01842273     0.01372470  -0.01372470    -0.00177697  -0.00177697
 -0.00993210  -0.00993210    -0.00740877  -0.00740877    -0.01059166   0.01059167
    2    2
  0.07498209  -0.00000000     0.00289952   0.00000000    -0.00000000   0.00805350
  0.00289952  -0.00000000     0.07271271   0.00000000    -0.00000000   0.00537540
 -0.00000000  -0.00805350    -0.00000000  -0.00537540     0.03864961   0.00000000
    2    3
  0.00307968  -0.00307968     0.00622111  -0.00622111    -0.00177505  -0.00177505
  0.00622111  -0.00622111     0.01746527  -0.01746527    -0.00738644  -0.00738644
 -0.00177505  -0.00177505    -0.00738644  -0.00738644    -0.01092074   0.01092074
    2    4
  0.02006833  -0.02006833     0.02588850  -0.02588851     0.00340725   0.00340724
  0.02899617  -0.02899618     0.02006833  -0.02006833    -0.00560449  -0.00560449
 -0.00560449  -0.00560449     0.00340725   0.00340724     0.01169911  -0.01169911
    2    5
 -0.01842252  -0.00000000     0.03032446   0.00000000    -0.00000000   0.00420267
  0.05324849  -0.00000000    -0.01842252   0.00000000    -0.00000000   0.00580027
 -0.00000000  -0.00580027     0.00000000  -0.00420267    -0.00287390  -0.00000000
    2    6
 -0.01711374   0.00951652    -0.00941754   0.00165817    -0.01417317   0.00545238
 -0.00911302  -0.00383773    -0.00148671   0.00805309    -0.00751885   0.00019640
 -0.01602166   0.02124888    -0.00735192  -0.00461155    -0.01323808   0.00518798
    2    7
 -0.01883044   0.00537205    -0.00783170   0.00548670     0.01387735  -0.00616653
 -0.00373020   0.00915756    -0.00674565  -0.00464313     0.00545551  -0.00517775
  0.02635425   0.00369620     0.00193773  -0.00845945    -0.01302919   0.00569228
    3    1
  0.02401384  -0.00000000     0.00849473  -0.00000000    -0.00000000  -0.00583512
 -0.02605367   0.00000000    -0.01940965   0.00000000    -0.00000000  -0.00251301
 -0.00000000  -0.01404611    -0.00000000  -0.01047759     0.01497888  -0.00000000
    3    2
  0.00307968   0.00307968     0.00622111   0.00622111    -0.00177505   0.00177505
  0.00622111   0.00622111     0.01746527   0.01746527    -0.00738644   0.00738644
 -0.00177505   0.00177505    -0.00738644   0.00738644    -0.01092074  -0.01092074
    3    3
  0.07498209   0.00000000     0.00289952   0.00000000    -0.00000000  -0.00805350
  0.00289952   0.00000000     0.07271271   0.00000000    -0.00000000  -0.00537540
  0.00000000   0.00805350    -0.00000000   0.00537540     0.03864961   0.00000000
    3    4
 -0.01842252  -0.00000000     0.03032446   0.00000000    -0.00000000  -0.00420267
  0.05324849   0.00000000    -0.01842252  -0.00000000    -0.00000000  -0.00580027
 -0.00000000   0.00580027    -0.00000000   0.00420267    -0.00287390  -0.00000000
    3    5
  0.02006833   0.02006833     0.02588850   0.02588851     0.00340725  -0.00340724
  0.02899617   0.02899618     0.02006833   0.02006833    -0.00560449   0.00560449
 -0.00560449   0.00560449     0.00340725  -0.00340724     0.01169911   0.01169911
    3    6
 -0.01883044  -0.00537205    -0.00783170  -0.00548670     0.01387735   0.00616653
 -0.00373020  -0.00915756    -0.00674565   0.00464313     0.00545551   0.00517775
  0.02635425  -0.00369620     0.00193773   0.00845945    -0.01302919  -0.00569228
    3    7
 -0.01711374  -0.00951652    -0.00941754  -0.00165817    -0.01417317  -0.00545238
 -0.00911302   0.00383773    -0.00148671  -0.00805309    -0.00751885  -0.00019640
 -0.01602166  -0.02124888    -0.00735192   0.00461155    -0.01323808  -0.00518798
    4    1
 -0.01940965   0.00000000    -0.02605367   0.00000000    -0.00000000  -0.00251301
  0.00849473  -0.00000000     0.02401384  -0.00000000    -0.00000000  -0.00583512
 -0.00000000  -0.01047759    -0.00000000  -0.01404611     0.01497888  -0.00000000
    4    2
  0.02006833   0.02006833     0.02899617   0.02899618    -0.00560449   0.00560449
  0.02588850   0.02588851     0.02006833   0.02006833     0.00340725  -0.00340724
  0.00340725  -0.00340724    -0.00560449   0.00560449     0.01169911   0.01169911
    4    3
 -0.01842252   0.00000000     0.05324849  -0.00000000    -0.00000000  -0.00580027
  0.03032446  -0.00000000    -0.01842252   0.00000000    -0.00000000  -0.00420267
 -0.00000000   0.00420267     0.00000000   0.00580027    -0.00287390   0.00000000
    4    4
  0.07271271   0.00000000     0.00289952  -0.00000000    -0.00000000  -0.00537540
  0.00289952   0.00000000     0.07498209  -0.00000000    -0.00000000  -0.00805350
 -0.00000000   0.00537540    -0.00000000   0.00805350     0.03864961   0.00000000
    4    5
  0.01746527   0.01746527     0.00622111   0.00622111    -0.00738644   0.00738644
  0.00622111   0.00622111     0.00307968   0.00307968    -0.00177505   0.00177505
 -0.00738644   0.00738644    -0.00177505   0.00177505    -0.01092074  -0.01092074
    4    6
 -0.00148671  -0.00805309    -0.00911302   0.00383773    -0.00751885  -0.00019640
 -0.00941754  -0.00165817    -0.01711374  -0.00951652    -0.01417317  -0.00545238
 -0.00735192   0.00461155    -0.01602166  -0.02124888    -0.01323808  -0.00518798
    4    7
 -0.00674565   0.00464313    -0.00373020  -0.00915756     0.00545551   0.00517775
 -0.00783170  -0.00548670    -0.01883044  -0.00537205     0.01387735   0.00616653
  0.00193773   0.00845945     0.02635425  -0.00369620    -0.01302919  -0.00569228
    5    1
  0.01372470  -0.01372470     0.01842273  -0.01842273    -0.00177697  -0.00177697
 -0.00600668   0.00600668    -0.01698035   0.01698035    -0.00412605  -0.00412605
 -0.00740877  -0.00740877    -0.00993210  -0.00993210    -0.01059166   0.01059167
    5    2
 -0.01842252   0.00000000     0.05324849   0.00000000    -0.00000000   0.00580027
  0.03032446   0.00000000    -0.01842252   0.00000000    -0.00000000   0.00420267
  0.00000000  -0.00420267    -0.00000000  -0.00580027    -0.00287390   0.00000000
    5    3
  0.02006833  -0.02006833     0.02899617  -0.02899618    -0.00560449  -0.00560449
  0.02588850  -0.02588851     0.02006833  -0.02006833     0.00340725   0.00340724
  0.00340725   0.00340724    -0.00560449  -0.00560449     0.01169911  -0.01169911
    5    4
  0.01746527  -0.01746527     0.00622111  -0.00622111    -0.00738644  -0.00738644
  0.00622111  -0.00622111     0.00307968  -0.00307968    -0.00177505  -0.00177505
 -0.00738644  -0.00738644    -0.00177505  -0.00177505    -0.01092074   0.01092074
    5    5
  0.07271271  -0.00000000     0.00289952   0.00000000    -0.00000000   0.00537540
  0.00289952  -0.00000000     0.07498209   0.00000000    -0.00000000   0.00805350
 -0.00000000  -0.00537540    -0.00000000  -0.00805350     0.03864961   0.00000000
    5    6
 -0.00674565  -0.00464313    -0.00373020   0.00915756     0.00545551  -0.00517775
 -0.00783170   0.00548670    -0.01883044   0.00537205     0.01387735  -0.00616653
  0.00193773  -0.00845945     0.02635425   0.00369620    -0.01302919   0.00569228
    5    7
 -0.00148671   0.00805309    -0.00911302  -0.00383773    -0.00751885   0.00019640
 -0.00941754   0.00165817    -0.01711374   0.00951652    -0.01417317   0.00545238
 -0.00735192  -0.00461155    -0.01602166   0.02124888    -0.01323808   0.00518798
    6    1
 -0.00000000  -0.00000000    -0.00000000  -0.00000000     0.01712914  -0.00523634
  0.00000000  -0.00000000     0.00000000  -0.00000000    -0.01581478   0.00840948
  0.01579763   0.01831524     0.00178023   0.02412144    -0.00000000  -0.00000000
    6    2
 -0.01711374  -0.00951652    -0.00911302   0.00383773    -0.01602166  -0.02124888
 -0.00941754  -0.00165817    -0.00148671  -0.00805309    -0.00735192   0.00461155
 -0.01417317  -0.00545238    -0.00751885  -0.00019640    -0.01323808  -0.00518798
    6    3
 -0.01883044   0.00537205    -0.00373020   0.00915756     0.02635425   0.00369620
 -0.00783170   0.00548670    -0.00674565  -0.00464313     0.00193773  -0.00845945
  0.01387735  -0.00616653     0.00545551  -0.00517775    -0.01302919   0.00569228
    6    4
 -0.00148671   0.00805309    -0.00941754   0.00165817    -0.00735192  -0.00461155
 -0.00911302  -0.00383773    -0.01711374   0.00951652    -0.01602166   0.02124888
 -0.00751885   0.00019640    -0.01417317   0.00545238    -0.01323808   0.00518798
    6    5
 -0.00674565   0.00464313    -0.00783170  -0.00548670     0.00193773   0.00845945
 -0.00373020  -0.00915756    -0.01883044  -0.00537205     0.02635425  -0.00369620
  0.00545551   0.00517775     0.01387735   0.00616653    -0.01302919  -0.00569228
    6    6
  0.04657610  -0.00000000    -0.00152199   0.00508231    -0.00000000   0.00000000
 -0.00152199  -0.00508231     0.04657610   0.00000000    -0.00000000   0.00000000
 -0.00000000   0.00000000    -0.00000000   0.00000000     0.04355436   0.00000000
    6    7
 -0.00587827  -0.01267892    -0.00430934   0.00000000    -0.00000000   0.00000000
 -0.00430934   0.00000000    -0.00587827   0.01267892    -0.00000000   0.00000000
 -0.00000000   0.00000000    -0.00000000   0.00000000     0.01574741   0.00000000
    7    1
  0.00000000  -0.00000000     0.00000000  -0.00000000    -0.01581478   0.00840948
 -0.00000000  -0.00000000    -0.00000000  -0.00000000     0.01712914  -0.00523634
  0.00178023   0.02412144     0.01579763   0.01831524    -0.00000000  -0.00000000
    7    2
 -0.01883044  -0.00537205    -0.00373020  -0.00915756     0.02635425  -0.00369620
 -0.00783170  -0.00548670    -0.00674565   0.00464313     0.00193773   0.00845945
  0.01387735   0.00616653     0.00545551   0.00517775    -0.01302919  -0.00569228
    7    3
 -0.01711374   0.00951652    -0.00911302  -0.00383773    -0.01602166   0.02124888
 -0.00941754   0.00165817    -0.00148671   0.00805309    -0.00735192  -0.00461155
 -0.01417317   0.00545238    -0.00751885   0.00019640    -0.01323808   0.00518798
    7    4
 -0.00674565  -0.00464313    -0.00783170   0.00548670     0.00193773  -0.00845945
 -0.00373020   0.00915756    -0.01883044   0.00537205     0.02635425   0.00369620
  0.00545551  -0.00517775     0.01387735  -0.00616653    -0.01302919   0.00569228
    7    5
 -0.00148671  -0.00805309    -0.00941754  -0.00165817    -0.00735192   0.00461155
 -0.00911302   0.00383773    -0.01711374  -0.00951652    -0.01602166  -0.02124888
 -0.00751885  -0.00019640    -0.01417317  -0.00545238    -0.01323808  -0.00518798
    7    6
 -0.00587827   0.01267892    -0.00430934  -0.00000000    -0.00000000   0.00000000
 -0.00430934   0.00000000    -0.00587827  -0.01267892    -0.00000000   0.00000000
 -0.00000000   0.00000000    -0.00000000   0.00000000     0.01574741   0.00000000
    7    7
  0.04657610   0.00000000    -0.00152199  -0.00508231    -0.00000000   0.00000000
 -0.00152199   0.00508231     0.04657610  -0.00000000    -0.00000000   0.00000000
 -0.00000000   0.00000000    -0.00000000   0.00000000     0.04355436   0.00000000

     Dynamical  Matrix in cartesian axes

     q = (    0.433012700  -0.433012700   0.216506400 ) 

    1    1
  0.11850744   0.00000000    -0.04038826   0.00000000    -0.00000000   0.00000000
 -0.04038826  -0.00000000     0.11850744  -0.00000000    -0.00000000   0.00000000
 -0.00000000   0.00000000    -0.00000000   0.00000000     0.06549997   0.00000000
    1    2
 -0.01698035   0.01698035    -0.01842273   0.01842273    -0.00993210  -0.00993210
  0.00600668  -0.00600668     0.01372470  -0.01372470     0.00740877   0.00740877
 -0.00412605  -0.00412605     0.00177697   0.00177697    -0.01059166   0.01059167
    1    3
 -0.02401384   0.00000000    -0.02605367   0.00000000     0.00000000   0.01404611
  0.00849473  -0.00000000     0.01940965  -0.00000000    -0.00000000  -0.01047759
  0.00000000   0.00583512    -0.00000000  -0.00251301    -0.01497888   0.00000000
    1    4
  0.01940965   0.00000000     0.00849473   0.00000000     0.00000000  -0.01047759
 -0.02605367  -0.00000000    -0.02401384  -0.00000000    -0.00000000   0.01404611
  0.00000000  -0.00251301    -0.00000000   0.00583512    -0.01497888  -0.00000000
    1    5
  0.01372470  -0.01372470     0.00600668  -0.00600668     0.00740877   0.00740877
 -0.01842273   0.01842273    -0.01698035   0.01698035    -0.00993210  -0.00993210
  0.00177697   0.00177697    -0.00412605  -0.00412605    -0.01059166   0.01059167
    1    6
 -0.00000000  -0.00000000    -0.00000000   0.00000000    -0.01579763  -0.01831524
  0.00000000   0.00000000     0.00000000  -0.00000000     0.00178023   0.02412144
 -0.01712914   0.00523634    -0.01581478   0.00840948    -0.00000000  -0.00000000
    1    7
 -0.00000000   0.00000000    -0.00000000  -0.00000000     0.00178023   0.02412144
  0.00000000  -0.00000000     0.00000000   0.00000000    -0.01579763  -0.01831524
 -0.01581478   0.00840948    -0.01712914   0.00523634     0.00000000   0.00000000
    2    1
 -0.01698035  -0.01698035     0.00600668   0.00600668    -0.00412605   0.00412605
 -0.01842273  -0.01842273     0.01372470   0.01372470     0.00177697  -0.00177697
 -0.00993210   0.00993210     0.00740877  -0.00740877    -0.01059166  -0.01059167
    2    2
  0.07498209  -0.00000000    -0.00289952  -0.00000000    -0.00000000  -0.00805350
 -0.00289952  -0.00000000     0.07271271   0.00000000    -0.00000000   0.00537540
 -0.00000000   0.00805350    -0.00000000  -0.00537540     0.03864961  -0.00000000
    2    3
 -0.00307968  -0.00307968     0.00622111   0.00622111     0.00177505  -0.00177505
  0.00622111   0.00622111    -0.01746527  -0.01746527    -0.00738644   0.00738644
  0.00177505  -0.00177505    -0.00738644   0.00738644     0.01092074   0.01092074
    2    4
 -0.01302669  -0.01302669    -0.02144263  -0.02144264     0.00297173  -0.00297173
 -0.03765236  -0.03765237    -0.01302669  -0.01302669    -0.00410141   0.00410141
 -0.00410141   0.00410141     0.00297173  -0.00297173    -0.00203215  -0.00203215
    2    5
 -0.02838091   0.00000000     0.03661187  -0.00000000     0.00000000   0.00481857
  0.04100679  -0.00000000    -0.02838091   0.00000000     0.00000000   0.00792594
 -0.00000000  -0.00792594    -0.00000000  -0.00481857    -0.01654504   0.00000000
    2    6
  0.01711374   0.00951652    -0.00941754  -0.00165817     0.01417317   0.00545238
 -0.00911302   0.00383773     0.00148671   0.00805309    -0.00751885  -0.00019640
  0.01602166   0.02124888    -0.00735192   0.00461155     0.01323808   0.00518798
    2    7
 -0.01883044  -0.00537205     0.00783170   0.00548670     0.01387735   0.00616653
  0.00373020   0.00915756    -0.00674565   0.00464313    -0.00545551  -0.00517775
  0.02635425  -0.00369620    -0.00193773  -0.00845945    -0.01302919  -0.00569228
    3    1
 -0.02401384  -0.00000000     0.00849473   0.00000000     0.00000000  -0.00583512
 -0.02605367  -0.00000000     0.01940965   0.00000000    -0.00000000   0.00251301
  0.00000000  -0.01404611    -0.00000000   0.01047759    -0.01497888  -0.00000000
    3    2
 -0.00307968   0.00307968     0.00622111  -0.00622111     0.00177505   0.00177505
  0.00622111  -0.00622111    -0.01746527   0.01746527    -0.00738644  -0.00738644
  0.00177505   0.00177505    -0.00738644  -0.00738644     0.01092074  -0.01092074
    3    3
  0.07498209   0.00000000    -0.00289952  -0.00000000    -0.00000000   0.00805350
 -0.00289952   0.00000000     0.07271271  -0.00000000    -0.00000000  -0.00537540
 -0.00000000  -0.00805350    -0.00000000   0.00537540     0.03864961   0.00000000
    3    4
 -0.02838091  -0.00000000     0.03661187   0.00000000     0.00000000  -0.00481857
  0.04100679   0.00000000    -0.02838091  -0.00000000     0.00000000  -0.00792594
 -0.00000000   0.00792594    -0.00000000   0.00481857    -0.01654504  -0.00000000
    3    5
 -0.01302669   0.01302669    -0.02144263   0.02144264     0.00297173   0.00297173
 -0.03765236   0.03765237    -0.01302669   0.01302669    -0.00410141  -0.00410141
 -0.00410141  -0.00410141     0.00297173   0.00297173    -0.00203215   0.00203215
    3    6
 -0.01883044   0.00537205     0.00783170  -0.00548670     0.01387735  -0.00616653
  0.00373020  -0.00915756    -0.00674565  -0.00464313    -0.00545551   0.00517775
  0.02635425   0.00369620    -0.00193773   0.00845945    -0.01302919   0.00569228
    3    7
  0.01711374  -0.00951652    -0.00941754   0.00165817     0.01417317  -0.00545238
 -0.00911302  -0.00383773     0.00148671  -0.00805309    -0.00751885   0.00019640
  0.01602166  -0.02124888    -0.00735192  -0.00461155     0.01323808  -0.00518798
    4    1
  0.01940965  -0.00000000    -0.02605367   0.00000000     0.00000000   0.00251301
  0.00849473  -0.00000000    -0.02401384   0.00000000    -0.00000000  -0.00583512
  0.00000000   0.01047759    -0.00000000  -0.01404611    -0.01497888   0.00000000
    4    2
 -0.01302669   0.01302669    -0.03765236   0.03765237    -0.00410141  -0.00410141
 -0.02144263   0.02144264    -0.01302669   0.01302669     0.00297173   0.00297173
  0.00297173   0.00297173    -0.00410141  -0.00410141    -0.00203215   0.00203215
    4    3
 -0.02838091   0.00000000     0.04100679  -0.00000000    -0.00000000  -0.00792594
  0.03661187  -0.00000000    -0.02838091   0.00000000    -0.00000000  -0.00481857
  0.00000000   0.00481857     0.00000000   0.00792594    -0.01654504   0.00000000
    4    4
  0.07271271  -0.00000000    -0.00289952   0.00000000    -0.00000000  -0.00537540
 -0.00289952  -0.00000000     0.07498209  -0.00000000    -0.00000000   0.00805350
 -0.00000000   0.00537540    -0.00000000  -0.00805350     0.03864961  -0.00000000
    4    5
 -0.01746527   0.01746527     0.00622111  -0.00622111    -0.00738644  -0.00738644
  0.00622111  -0.00622111    -0.00307968   0.00307968     0.00177505   0.00177505
 -0.00738644  -0.00738644     0.00177505   0.00177505     0.01092074  -0.01092074
    4    6
  0.00148671  -0.00805309    -0.00911302  -0.00383773    -0.00751885   0.00019640
 -0.00941754   0.00165817     0.01711374  -0.00951652     0.01417317  -0.00545238
 -0.00735192  -0.00461155     0.01602166  -0.02124888     0.01323808  -0.00518798
    4    7
 -0.00674565  -0.00464313     0.00373020  -0.00915756    -0.00545551   0.00517775
  0.00783170  -0.00548670    -0.01883044   0.00537205     0.01387735  -0.00616653
 -0.00193773   0.00845945     0.02635425   0.00369620    -0.01302919   0.00569228
    5    1
  0.01372470   0.01372470    -0.01842273  -0.01842273     0.00177697  -0.00177697
  0.00600668   0.00600668    -0.01698035  -0.01698035    -0.00412605   0.00412605
  0.00740877  -0.00740877    -0.00993210   0.00993210    -0.01059166  -0.01059167
    5    2
 -0.02838091  -0.00000000     0.04100679   0.00000000    -0.00000000   0.00792594
  0.03661187   0.00000000    -0.02838091  -0.00000000    -0.00000000   0.00481857
  0.00000000  -0.00481857     0.00000000  -0.00792594    -0.01654504  -0.00000000
    5    3
 -0.01302669  -0.01302669    -0.03765236  -0.03765237    -0.00410141   0.00410141
 -0.02144263  -0.02144264    -0.01302669  -0.01302669     0.00297173  -0.00297173
  0.00297173  -0.00297173    -0.00410141   0.00410141    -0.00203215  -0.00203215
    5    4
 -0.01746527  -0.01746527     0.00622111   0.00622111    -0.00738644   0.00738644
  0.00622111   0.00622111    -0.00307968  -0.00307968     0.00177505  -0.00177505
 -0.00738644   0.00738644     0.00177505  -0.00177505     0.01092074   0.01092074
    5    5
  0.07271271   0.00000000    -0.00289952  -0.00000000    -0.00000000   0.00537540
 -0.00289952   0.00000000     0.07498209   0.00000000    -0.00000000  -0.00805350
 -0.00000000  -0.00537540    -0.00000000   0.00805350     0.03864961   0.00000000
    5    6
 -0.00674565   0.00464313     0.00373020   0.00915756    -0.00545551  -0.00517775
  0.00783170   0.00548670    -0.01883044  -0.00537205     0.01387735   0.00616653
 -0.00193773  -0.00845945     0.02635425  -0.00369620    -0.01302919  -0.00569228
    5    7
  0.00148671   0.00805309    -0.00911302   0.00383773    -0.00751885  -0.00019640
 -0.00941754  -0.00165817     0.01711374   0.00951652     0.01417317   0.00545238
 -0.00735192   0.00461155     0.01602166   0.02124888     0.01323808   0.00518798
    6    1
 -0.00000000   0.00000000     0.00000000  -0.00000000    -0.01712914  -0.00523634
 -0.00000000  -0.00000000     0.00000000   0.00000000    -0.01581478  -0.00840948
 -0.01579763   0.01831524     0.00178023  -0.02412144    -0.00000000   0.00000000
    6    2
  0.01711374  -0.00951652    -0.00911302  -0.00383773     0.01602166  -0.02124888
 -0.00941754   0.00165817     0.00148671  -0.00805309    -0.00735192  -0.00461155
  0.01417317  -0.00545238    -0.00751885   0.00019640     0.01323808  -0.00518798
    6    3
 -0.01883044  -0.00537205     0.00373020   0.00915756     0.02635425  -0.00369620
  0.00783170   0.00548670    -0.00674565   0.00464313    -0.00193773  -0.00845945
  0.01387735   0.00616653    -0.00545551  -0.00517775    -0.01302919  -0.00569228
    6    4
  0.00148671   0.00805309    -0.00941754  -0.00165817    -0.00735192   0.00461155
 -0.00911302   0.00383773     0.01711374   0.00951652     0.01602166   0.02124888
 -0.00751885  -0.00019640     0.01417317   0.00545238     0.01323808   0.00518798
    6    5
 -0.00674565  -0.00464313     0.00783170  -0.00548670    -0.00193773   0.00845945
  0.00373020  -0.00915756    -0.01883044   0.00537205     0.02635425   0.00369620
 -0.00545551   0.00517775     0.01387735  -0.00616653    -0.01302919   0.00569228
    6    6
  0.04657610   0.00000000     0.00152199   0.00508231    -0.00000000   0.00000000
  0.00152199  -0.00508231     0.04657610  -0.00000000    -0.00000000   0.00000000
 -0.00000000   0.00000000    -0.00000000   0.00000000     0.04355436   0.00000000
    6    7
  0.00587827  -0.01267892    -0.00430934  -0.00000000     0.00000000   0.00000000
 -0.00430934  -0.00000000     0.00587827   0.01267893     0.00000000   0.00000000
  0.00000000  -0.00000000     0.00000000  -0.00000000    -0.01574741  -0.00000000
    7    1
 -0.00000000  -0.00000000     0.00000000   0.00000000    -0.01581478  -0.00840948
 -0.00000000   0.00000000     0.00000000  -0.00000000    -0.01712914  -0.00523634
  0.00178023  -0.02412144    -0.01579763   0.01831524     0.00000000  -0.00000000
    7    2
 -0.01883044   0.00537205     0.00373020  -0.00915756     0.02635425   0.00369620
  0.00783170  -0.00548670    -0.00674565  -0.00464313    -0.00193773   0.00845945
  0.01387735  -0.00616653    -0.00545551   0.00517775    -0.01302919   0.00569228
    7    3
  0.01711374   0.00951652    -0.00911302   0.00383773     0.01602166   0.02124888
 -0.00941754  -0.00165817     0.00148671   0.00805309    -0.00735192   0.00461155
  0.01417317   0.00545238    -0.00751885  -0.00019640     0.01323808   0.00518798
    7    4
 -0.00674565   0.00464313     0.00783170   0.00548670    -0.00193773  -0.00845945
  0.00373020   0.00915756    -0.01883044  -0.00537205     0.02635425  -0.00369620
 -0.00545551  -0.00517775     0.01387735   0.00616653    -0.01302919  -0.00569228
    7    5
  0.00148671  -0.00805309    -0.00941754   0.00165817    -0.00735192  -0.00461155
 -0.00911302  -0.00383773     0.01711374  -0.00951652     0.01602166  -0.02124888
 -0.00751885   0.00019640     0.01417317  -0.00545238     0.01323808  -0.00518798
    7    6
  0.00587827   0.01267892    -0.00430934   0.00000000     0.00000000   0.00000000
 -0.00430934   0.00000000     0.00587827  -0.01267893     0.00000000   0.00000000
  0.00000000   0.00000000     0.00000000   0.00000000    -0.01574741   0.00000000
    7    7
  0.04657610  -0.00000000     0.00152199  -0.00508231    -0.00000000   0.00000000
  0.00152199   0.00508231     0.04657610   0.00000000    -0.00000000   0.00000000
 -0.00000000   0.00000000    -0.00000000   0.00000000     0.04355436   0.00000000

     Dynamical  Matrix in cartesian axes

     q = (    0.216506400  -0.433012700   0.433012700 ) 

    1    1
  0.06549997   0.00000000    -0.00000000   0.00000000    -0.00000000   0.00000000
  0.00000000  -0.00000000     0.11850744   0.00000000    -0.04038826   0.00000000
 -0.00000000   0.00000000    -0.04038826  -0.00000000     0.11850744  -0.00000000
    1    2
  0.00000000   0.00000000    -0.01712914   0.00523634    -0.01581478   0.00840948
 -0.01579763  -0.01831524     0.00000000   0.00000000     0.00000000  -0.00000000
  0.00178023   0.02412144    -0.00000000  -0.00000000    -0.00000000   0.00000000
    1    3
 -0.00000000  -0.00000000    -0.01581478   0.00840948    -0.01712914   0.00523634
  0.00178023   0.02412144     0.00000000  -0.00000000     0.00000000   0.00000000
 -0.01579763  -0.01831524    -0.00000000   0.00000000    -0.00000000  -0.00000000
    1    4
 -0.01059166   0.01059167    -0.00412605  -0.00412605     0.00177697   0.00177697
 -0.00993210  -0.00993210    -0.01698035   0.01698035    -0.01842273   0.01842273
  0.00740877   0.00740877     0.00600668  -0.00600668     0.01372470  -0.01372470
    1    5
 -0.01497888  -0.00000000    -0.00000000   0.00583512     0.00000000  -0.00251301
 -0.00000000   0.01404611    -0.02401384  -0.00000000    -0.02605367  -0.00000000
  0.00000000  -0.01047759     0.00849473   0.00000000     0.01940965   0.00000000
    1    6
 -0.01497888   0.00000000    -0.00000000  -0.00251301     0.00000000   0.00583512
 -0.00000000  -0.01047759     0.01940965  -0.00000000     0.00849473  -0.00000000
  0.00000000   0.01404611    -0.02605367   0.00000000    -0.02401384   0.00000000
    1    7
 -0.01059166   0.01059167     0.00177697   0.00177697    -0.00412605  -0.00412605
  0.00740877   0.00740877     0.01372470  -0.01372470     0.00600668  -0.00600668
