  5.000000000000000E-003   1.26088367795901        1.90067469670089     
           2

     Dynamical  Matrix in cartesian axes

     q = (    0.433012700   0.433012700   0.433012700 ) 

    1    1
  0.12778559   0.00000000    -0.00000000   0.00000000    -0.00000000   0.00000000
 -0.00000000   0.00000000     0.12778559   0.00000000    -0.00000000   0.00000000
 -0.00000000   0.00000000    -0.00000000   0.00000000     0.12778559   0.00000000
    1    2
  0.00000000  -0.00000000     0.00000000  -0.01109117    -0.01109117  -0.00000000
  0.00000000  -0.03092698     0.00000000   0.00000000    -0.00000000   0.00000000
 -0.03092698  -0.00000000     0.00000000   0.00000000     0.00000000   0.00000000
    1    3
  0.00000000  -0.00000000    -0.01109117  -0.00000000     0.00000000  -0.01109117
 -0.03092698  -0.00000000     0.00000000   0.00000000     0.00000000  -0.00000000
  0.00000000  -0.03092698    -0.00000000  -0.00000000    -0.00000000   0.00000000
    1    4
  0.00000000   0.00000000    -0.03092698  -0.00000000     0.00000000   0.00000000
 -0.01109117  -0.00000000     0.00000000  -0.00000000     0.00000000  -0.01109117
 -0.00000000   0.00000000     0.00000000  -0.03092698     0.00000000   0.00000000
    1    5
 -0.00000000   0.00000000     0.00000000  -0.03092698    -0.00000000   0.00000000
  0.00000000  -0.01109117     0.00000000  -0.00000000    -0.01109117  -0.00000000
  0.00000000  -0.00000000    -0.03092698  -0.00000000     0.00000000   0.00000000
    1    6
  0.00000000   0.00000000    -0.00000000   0.00000000     0.00000000  -0.03092698
  0.00000000   0.00000000     0.00000000   0.00000000    -0.03092698  -0.00000000
  0.00000000  -0.01109117    -0.01109117  -0.00000000     0.00000000  -0.00000000
    1    7
  0.00000000   0.00000000     0.00000000   0.00000000    -0.03092698  -0.00000000
 -0.00000000   0.00000000     0.00000000   0.00000000     0.00000000  -0.03092698
 -0.01109117  -0.00000000     0.00000000  -0.01109117     0.00000000  -0.00000000
    2    1
  0.00000000   0.00000000     0.00000000   0.03092698    -0.03092698   0.00000000
  0.00000000   0.01109117     0.00000000  -0.00000000     0.00000000   0.00000000
 -0.01109117   0.00000000    -0.00000000  -0.00000000    -0.00000000  -0.00000000
    2    2
  0.09774245  -0.00000000    -0.00000000   0.00000000    -0.00000000  -0.00000000
  0.00000000   0.00000000     0.11516421   0.00000000    -0.00000000   0.06492537
 -0.00000000   0.00000000    -0.00000000  -0.06492537     0.11516421   0.00000000
    2    3
  0.00000000  -0.00000000     0.00000000  -0.00000000     0.00000000   0.00000000
  0.00000000  -0.00000000     0.00000000   0.07698548     0.05878716  -0.00000000
  0.00000000   0.00000000     0.05878716  -0.00000000    -0.00000000  -0.07698548
    2    4
  0.00000000   0.01719125     0.00000000   0.04409466    -0.00953546   0.00000000
 -0.00000000   0.09258960     0.00000000   0.01719125     0.04973386   0.00000000
  0.04973386   0.00000000    -0.00953546   0.00000000     0.00000000  -0.04106047
    2    5
 -0.01719125   0.00000000     0.04409466   0.00000000    -0.00000000   0.00953546
  0.09258960  -0.00000000    -0.01719125  -0.00000000    -0.00000000   0.04973386
  0.00000000  -0.04973386     0.00000000  -0.00953546     0.04106047   0.00000000
    2    6
  0.00000000  -0.01719125    -0.00953546  -0.00000000     0.00000000  -0.04409466
  0.04973386  -0.00000000     0.00000000   0.04106047    -0.00953546  -0.00000000
 -0.00000000  -0.09258960     0.04973386  -0.00000000     0.00000000  -0.01719125
    2    7
 -0.01719125  -0.00000000     0.00000000  -0.00953546     0.04409466   0.00000000
 -0.00000000   0.04973386     0.04106047   0.00000000     0.00000000   0.00953546
  0.09258960  -0.00000000    -0.00000000  -0.04973386    -0.01719125   0.00000000
    3    1
  0.00000000   0.00000000    -0.03092698   0.00000000     0.00000000   0.03092698
 -0.01109117   0.00000000     0.00000000  -0.00000000    -0.00000000   0.00000000
  0.00000000   0.01109117     0.00000000   0.00000000     0.00000000  -0.00000000
    3    2
  0.00000000   0.00000000     0.00000000   0.00000000     0.00000000  -0.00000000
  0.00000000   0.00000000     0.00000000  -0.07698548     0.05878716   0.00000000
  0.00000000  -0.00000000     0.05878716   0.00000000    -0.00000000   0.07698548
    3    3
  0.09774245   0.00000000    -0.00000000  -0.00000000    -0.00000000   0.00000000
  0.00000000  -0.00000000     0.11516421  -0.00000000    -0.00000000  -0.06492537
 -0.00000000  -0.00000000    -0.00000000   0.06492537     0.11516421  -0.00000000
    3    4
 -0.01719125   0.00000000     0.04409466  -0.00000000     0.00000000  -0.00953546
  0.09258960  -0.00000000    -0.01719125   0.00000000    -0.00000000  -0.04973386
  0.00000000   0.04973386     0.00000000   0.00953546     0.04106047  -0.00000000
    3    5
  0.00000000  -0.01719125     0.00000000  -0.04409466    -0.00953546  -0.00000000
 -0.00000000  -0.09258960     0.00000000  -0.01719125     0.04973386  -0.00000000
  0.04973386  -0.00000000    -0.00953546  -0.00000000     0.00000000   0.04106047
    3    6
 -0.01719125   0.00000000     0.00000000   0.00953546     0.04409466   0.00000000
  0.00000000  -0.04973386     0.04106047   0.00000000     0.00000000  -0.00953546
  0.09258960   0.00000000     0.00000000   0.04973386    -0.01719125  -0.00000000
    3    7
  0.00000000   0.01719125    -0.00953546   0.00000000     0.00000000   0.04409466
  0.04973386   0.00000000     0.00000000  -0.04106047    -0.00953546   0.00000000
 -0.00000000   0.09258960     0.04973386   0.00000000     0.00000000   0.01719125
    4    1
  0.00000000  -0.00000000    -0.01109117   0.00000000    -0.00000000   0.00000000
 -0.03092698   0.00000000     0.00000000   0.00000000     0.00000000   0.03092698
  0.00000000  -0.00000000     0.00000000   0.01109117     0.00000000  -0.00000000
    4    2
  0.00000000  -0.01719125    -0.00000000  -0.09258960     0.04973386  -0.00000000
  0.00000000  -0.04409466     0.00000000  -0.01719125    -0.00953546  -0.00000000
 -0.00953546  -0.00000000     0.04973386  -0.00000000     0.00000000   0.04106047
    4    3
 -0.01719125  -0.00000000     0.09258960   0.00000000     0.00000000  -0.04973386
  0.04409466   0.00000000    -0.01719125  -0.00000000     0.00000000  -0.00953546
  0.00000000   0.00953546    -0.00000000   0.04973386     0.04106047   0.00000000
    4    4
  0.11516421   0.00000000    -0.00000000   0.00000000    -0.00000000  -0.06492537
 -0.00000000  -0.00000000     0.09774245   0.00000000    -0.00000000   0.00000000
 -0.00000000   0.06492537    -0.00000000   0.00000000     0.11516421  -0.00000000
    4    5
  0.00000000  -0.07698548     0.00000000   0.00000000     0.05878716   0.00000000
  0.00000000   0.00000000     0.00000000   0.00000000     0.00000000  -0.00000000
  0.05878716   0.00000000     0.00000000  -0.00000000    -0.00000000   0.07698548
    4    6
  0.00000000  -0.04106047     0.04973386   0.00000000    -0.00953546   0.00000000
 -0.00953546   0.00000000     0.00000000   0.01719125     0.00000000   0.04409466
  0.04973386   0.00000000    -0.00000000   0.09258960     0.00000000   0.01719125
    4    7
  0.04106047   0.00000000     0.00000000  -0.04973386     0.00000000  -0.00953546
 -0.00000000   0.00953546    -0.01719125   0.00000000     0.04409466   0.00000000
  0.00000000   0.04973386     0.09258960   0.00000000    -0.01719125  -0.00000000
    5    1
 -0.00000000  -0.00000000     0.00000000   0.01109117     0.00000000  -0.00000000
  0.00000000   0.03092698     0.00000000   0.00000000    -0.03092698   0.00000000
 -0.00000000  -0.00000000    -0.01109117   0.00000000    -0.00000000  -0.00000000
    5    2
 -0.01719125  -0.00000000     0.09258960   0.00000000    -0.00000000   0.04973386
  0.04409466   0.00000000    -0.01719125   0.00000000     0.00000000   0.00953546
  0.00000000  -0.00953546    -0.00000000  -0.04973386     0.04106047  -0.00000000
    5    3
  0.00000000   0.01719125    -0.00000000   0.09258960     0.04973386   0.00000000
  0.00000000   0.04409466     0.00000000   0.01719125    -0.00953546   0.00000000
 -0.00953546   0.00000000     0.04973386   0.00000000     0.00000000  -0.04106047
    5    4
  0.00000000   0.07698548     0.00000000  -0.00000000     0.05878716  -0.00000000
  0.00000000  -0.00000000     0.00000000  -0.00000000     0.00000000   0.00000000
  0.05878716  -0.00000000     0.00000000   0.00000000    -0.00000000  -0.07698548
    5    5
  0.11516421  -0.00000000    -0.00000000  -0.00000000    -0.00000000   0.06492537
 -0.00000000   0.00000000     0.09774245  -0.00000000    -0.00000000   0.00000000
 -0.00000000  -0.06492537    -0.00000000   0.00000000     0.11516421   0.00000000
    5    6
  0.04106047   0.00000000     0.00000000   0.04973386     0.00000000   0.00953546
  0.00000000  -0.00953546    -0.01719125  -0.00000000     0.04409466   0.00000000
  0.00000000  -0.04973386     0.09258960  -0.00000000    -0.01719125   0.00000000
    5    7
  0.00000000   0.04106047     0.04973386  -0.00000000    -0.00953546  -0.00000000
 -0.00953546  -0.00000000     0.00000000  -0.01719125     0.00000000  -0.04409466
  0.04973386  -0.00000000    -0.00000000  -0.09258960     0.00000000  -0.01719125
    6    1
 -0.00000000  -0.00000000     0.00000000  -0.00000000     0.00000000   0.01109117
 -0.00000000  -0.00000000     0.00000000  -0.00000000    -0.01109117   0.00000000
  0.00000000   0.03092698    -0.03092698   0.00000000    -0.00000000   0.00000000
    6    2
  0.00000000   0.01719125     0.04973386   0.00000000    -0.00000000   0.09258960
 -0.00953546   0.00000000     0.00000000  -0.04106047     0.04973386   0.00000000
  0.00000000   0.04409466    -0.00953546   0.00000000     0.00000000   0.01719125
    6    3
 -0.01719125  -0.00000000     0.00000000   0.04973386     0.09258960  -0.00000000
  0.00000000  -0.00953546     0.04106047  -0.00000000    -0.00000000  -0.04973386
  0.04409466  -0.00000000     0.00000000   0.00953546    -0.01719125   0.00000000
    6    4
  0.00000000   0.04106047    -0.00953546  -0.00000000     0.04973386  -0.00000000
  0.04973386  -0.00000000     0.00000000  -0.01719125    -0.00000000  -0.09258960
 -0.00953546  -0.00000000     0.00000000  -0.04409466     0.00000000  -0.01719125
    6    5
  0.04106047  -0.00000000    -0.00000000   0.00953546    -0.00000000   0.04973386
 -0.00000000  -0.04973386    -0.01719125   0.00000000     0.09258960  -0.00000000
  0.00000000  -0.00953546     0.04409466  -0.00000000    -0.01719125  -0.00000000
    6    6
  0.11516421   0.00000000    -0.00000000   0.06492537    -0.00000000   0.00000000
 -0.00000000  -0.06492537     0.11516421  -0.00000000    -0.00000000   0.00000000
 -0.00000000   0.00000000    -0.00000000   0.00000000     0.09774245   0.00000000
    6    7
 -0.00000000   0.07698548     0.05878716   0.00000000     0.00000000  -0.00000000
  0.05878716   0.00000000    -0.00000000  -0.07698548     0.00000000   0.00000000
  0.00000000  -0.00000000     0.00000000   0.00000000    -0.00000000   0.00000000
    7    1
  0.00000000  -0.00000000    -0.00000000   0.00000000    -0.01109117   0.00000000
  0.00000000  -0.00000000     0.00000000  -0.00000000     0.00000000   0.01109117
 -0.03092698   0.00000000     0.00000000   0.03092698     0.00000000   0.00000000
    7    2
 -0.01719125   0.00000000    -0.00000000  -0.04973386     0.09258960   0.00000000
 -0.00000000   0.00953546     0.04106047  -0.00000000     0.00000000   0.04973386
  0.04409466   0.00000000     0.00000000  -0.00953546    -0.01719125  -0.00000000
    7    3
  0.00000000  -0.01719125     0.04973386  -0.00000000    -0.00000000  -0.09258960
 -0.00953546  -0.00000000     0.00000000   0.04106047     0.04973386  -0.00000000
  0.00000000  -0.04409466    -0.00953546  -0.00000000     0.00000000  -0.01719125
    7    4
  0.04106047  -0.00000000    -0.00000000  -0.00953546    -0.00000000  -0.04973386
  0.00000000   0.04973386    -0.01719125  -0.00000000     0.09258960  -0.00000000
  0.00000000   0.00953546     0.04409466  -0.00000000    -0.01719125   0.00000000
    7    5
  0.00000000  -0.04106047    -0.00953546   0.00000000     0.04973386   0.00000000
  0.04973386   0.00000000     0.00000000   0.01719125    -0.00000000   0.09258960
 -0.00953546   0.00000000     0.00000000   0.04409466     0.00000000   0.01719125
    7    6
 -0.00000000  -0.07698548     0.05878716  -0.00000000     0.00000000   0.00000000
  0.05878716  -0.00000000    -0.00000000   0.07698548     0.00000000  -0.00000000
  0.00000000   0.00000000     0.00000000  -0.00000000    -0.00000000  -0.00000000
    7    7
  0.11516421  -0.00000000    -0.00000000  -0.06492537    -0.00000000  -0.00000000
 -0.00000000   0.06492537     0.11516421   0.00000000    -0.00000000  -0.00000000
 -0.00000000   0.00000000    -0.00000000   0.00000000     0.09774245  -0.00000000

     Dynamical  Matrix in cartesian axes

     q = (   -0.433012700  -0.433012700  -0.433012700 ) 

    1    1
  0.12778559   0.00000000    -0.00000000   0.00000000    -0.00000000   0.00000000
 -0.00000000   0.00000000     0.12778559   0.00000000    -0.00000000   0.00000000
 -0.00000000   0.00000000    -0.00000000   0.00000000     0.12778559   0.00000000
    1    2
 -0.00000000   0.00000000     0.00000000   0.01109117    -0.01109117   0.00000000
  0.00000000   0.03092698     0.00000000  -0.00000000     0.00000000  -0.00000000
 -0.03092698   0.00000000    -0.00000000   0.00000000     0.00000000   0.00000000
    1    3
 -0.00000000  -0.00000000    -0.01109117  -0.00000000     0.00000000   0.01109117
 -0.03092698   0.00000000     0.00000000  -0.00000000    -0.00000000   0.00000000
  0.00000000   0.03092698    -0.00000000  -0.00000000     0.00000000  -0.00000000
    1    4
  0.00000000  -0.00000000    -0.03092698  -0.00000000     0.00000000   0.00000000
 -0.01109117  -0.00000000    -0.00000000  -0.00000000     0.00000000   0.01109117
  0.00000000  -0.00000000     0.00000000   0.03092698     0.00000000   0.00000000
    1    5
  0.00000000  -0.00000000     0.00000000   0.03092698     0.00000000  -0.00000000
  0.00000000   0.01109117    -0.00000000  -0.00000000    -0.01109117   0.00000000
  0.00000000   0.00000000    -0.03092698   0.00000000     0.00000000   0.00000000
    1    6
  0.00000000  -0.00000000     0.00000000  -0.00000000     0.00000000   0.03092698
  0.00000000   0.00000000     0.00000000  -0.00000000    -0.03092698   0.00000000
  0.00000000   0.01109117    -0.01109117   0.00000000    -0.00000000   0.00000000
    1    7
  0.00000000  -0.00000000    -0.00000000   0.00000000    -0.03092698   0.00000000
  0.00000000  -0.00000000     0.00000000  -0.00000000     0.00000000   0.03092698
 -0.01109117   0.00000000     0.00000000   0.01109117    -0.00000000   0.00000000
    2    1
 -0.00000000  -0.00000000     0.00000000  -0.03092698    -0.03092698  -0.00000000
  0.00000000  -0.01109117     0.00000000   0.00000000     0.00000000  -0.00000000
 -0.01109117  -0.00000000     0.00000000   0.00000000     0.00000000  -0.00000000
    2    2
  0.09774245   0.00000000     0.00000000  -0.00000000    -0.00000000   0.00000000
 -0.00000000   0.00000000     0.11516421  -0.00000000    -0.00000000  -0.06492537
 -0.00000000  -0.00000000    -0.00000000   0.06492537     0.11516421  -0.00000000
    2    3
 -0.00000000   0.00000000     0.00000000   0.00000000     0.00000000  -0.00000000
  0.00000000   0.00000000     0.00000000  -0.07698548     0.05878716  -0.00000000
  0.00000000  -0.00000000     0.05878716  -0.00000000    -0.00000000   0.07698548
    2    4
  0.00000000  -0.01719125     0.00000000  -0.04409466    -0.00953546  -0.00000000
 -0.00000000  -0.09258960     0.00000000  -0.01719125     0.04973386  -0.00000000
  0.04973386  -0.00000000    -0.00953546  -0.00000000     0.00000000   0.04106047
    2    5
 -0.01719125  -0.00000000     0.04409466  -0.00000000     0.00000000  -0.00953546
  0.09258960  -0.00000000    -0.01719125  -0.00000000     0.00000000  -0.04973386
  0.00000000   0.04973386     0.00000000   0.00953546     0.04106047   0.00000000
    2    6
  0.00000000   0.01719125    -0.00953546   0.00000000     0.00000000   0.04409466
  0.04973386   0.00000000     0.00000000  -0.04106047    -0.00953546   0.00000000
 -0.00000000   0.09258960     0.04973386   0.00000000     0.00000000   0.01719125
    2    7
 -0.01719125   0.00000000    -0.00000000   0.00953546     0.04409466   0.00000000
 -0.00000000  -0.04973386     0.04106047   0.00000000     0.00000000  -0.00953546
  0.09258960   0.00000000     0.00000000   0.04973386    -0.01719125  -0.00000000
    3    1
 -0.00000000   0.00000000    -0.03092698  -0.00000000     0.00000000  -0.03092698
 -0.01109117   0.00000000     0.00000000   0.00000000    -0.00000000   0.00000000
  0.00000000  -0.01109117     0.00000000  -0.00000000     0.00000000   0.00000000
    3    2
 -0.00000000  -0.00000000     0.00000000  -0.00000000     0.00000000   0.00000000
  0.00000000  -0.00000000     0.00000000   0.07698548     0.05878716   0.00000000
  0.00000000   0.00000000     0.05878716   0.00000000    -0.00000000  -0.07698548
    3    3
  0.09774245  -0.00000000     0.00000000   0.00000000    -0.00000000  -0.00000000
 -0.00000000  -0.00000000     0.11516421   0.00000000    -0.00000000   0.06492537
 -0.00000000   0.00000000    -0.00000000  -0.06492537     0.11516421   0.00000000
    3    4
 -0.01719125   0.00000000     0.04409466   0.00000000     0.00000000   0.00953546
  0.09258960   0.00000000    -0.01719125  -0.00000000     0.00000000   0.04973386
  0.00000000  -0.04973386     0.00000000  -0.00953546     0.04106047   0.00000000
    3    5
  0.00000000   0.01719125     0.00000000   0.04409466    -0.00953546   0.00000000
 -0.00000000   0.09258960     0.00000000   0.01719125     0.04973386   0.00000000
  0.04973386   0.00000000    -0.00953546   0.00000000     0.00000000  -0.04106047
    3    6
 -0.01719125  -0.00000000    -0.00000000  -0.00953546     0.04409466  -0.00000000
 -0.00000000   0.04973386     0.04106047   0.00000000     0.00000000   0.00953546
  0.09258960  -0.00000000    -0.00000000  -0.04973386    -0.01719125   0.00000000
    3    7
  0.00000000  -0.01719125    -0.00953546  -0.00000000     0.00000000  -0.04409466
  0.04973386  -0.00000000     0.00000000   0.04106047    -0.00953546  -0.00000000
 -0.00000000  -0.09258960     0.04973386  -0.00000000     0.00000000  -0.01719125
    4    1
  0.00000000   0.00000000    -0.01109117   0.00000000     0.00000000   0.00000000
 -0.03092698   0.00000000    -0.00000000   0.00000000    -0.00000000  -0.03092698
  0.00000000  -0.00000000    -0.00000000  -0.01109117     0.00000000   0.00000000
    4    2
  0.00000000   0.01719125    -0.00000000   0.09258960     0.04973386   0.00000000
  0.00000000   0.04409466     0.00000000   0.01719125    -0.00953546   0.00000000
 -0.00953546   0.00000000     0.04973386   0.00000000     0.00000000  -0.04106047
    4    3
 -0.01719125  -0.00000000     0.09258960  -0.00000000     0.00000000   0.04973386
  0.04409466  -0.00000000    -0.01719125   0.00000000     0.00000000   0.00953546
  0.00000000  -0.00953546     0.00000000  -0.04973386     0.04106047  -0.00000000
    4    4
  0.11516421   0.00000000    -0.00000000  -0.00000000    -0.00000000   0.06492537
 -0.00000000   0.00000000     0.09774245  -0.00000000    -0.00000000   0.00000000
 -0.00000000  -0.06492537    -0.00000000   0.00000000     0.11516421   0.00000000
    4    5
  0.00000000   0.07698548     0.00000000  -0.00000000     0.05878716  -0.00000000
  0.00000000  -0.00000000     0.00000000  -0.00000000     0.00000000   0.00000000
  0.05878716  -0.00000000     0.00000000   0.00000000    -0.00000000  -0.07698548
    4    6
  0.00000000   0.04106047     0.04973386  -0.00000000    -0.00953546  -0.00000000
 -0.00953546  -0.00000000     0.00000000  -0.01719125     0.00000000  -0.04409466
  0.04973386  -0.00000000    -0.00000000  -0.09258960     0.00000000  -0.01719125
    4    7
  0.04106047  -0.00000000    -0.00000000   0.04973386     0.00000000   0.00953546
 -0.00000000  -0.00953546    -0.01719125  -0.00000000     0.04409466  -0.00000000
 -0.00000000  -0.04973386     0.09258960  -0.00000000    -0.01719125   0.00000000
    5    1
  0.00000000   0.00000000     0.00000000  -0.01109117     0.00000000  -0.00000000
  0.00000000  -0.03092698    -0.00000000   0.00000000    -0.03092698  -0.00000000
  0.00000000   0.00000000    -0.01109117  -0.00000000     0.00000000  -0.00000000
    5    2
 -0.01719125  -0.00000000     0.09258960   0.00000000     0.00000000  -0.04973386
  0.04409466  -0.00000000    -0.01719125   0.00000000     0.00000000  -0.00953546
  0.00000000   0.00953546     0.00000000   0.04973386     0.04106047  -0.00000000
    5    3
  0.00000000  -0.01719125    -0.00000000  -0.09258960     0.04973386  -0.00000000
  0.00000000  -0.04409466     0.00000000  -0.01719125    -0.00953546  -0.00000000
 -0.00953546  -0.00000000     0.04973386  -0.00000000     0.00000000   0.04106047
    5    4
  0.00000000  -0.07698548     0.00000000   0.00000000     0.05878716   0.00000000
  0.00000000   0.00000000     0.00000000   0.00000000     0.00000000  -0.00000000
  0.05878716   0.00000000     0.00000000  -0.00000000    -0.00000000   0.07698548
    5    5
  0.11516421  -0.00000000    -0.00000000   0.00000000    -0.00000000  -0.06492537
 -0.00000000  -0.00000000     0.09774245   0.00000000    -0.00000000   0.00000000
 -0.00000000   0.06492537    -0.00000000   0.00000000     0.11516421   0.00000000
    5    6
  0.04106047   0.00000000    -0.00000000  -0.04973386    -0.00000000  -0.00953546
 -0.00000000   0.00953546    -0.01719125   0.00000000     0.04409466   0.00000000
 -0.00000000   0.04973386     0.09258960   0.00000000    -0.01719125  -0.00000000
    5    7
  0.00000000  -0.04106047     0.04973386   0.00000000    -0.00953546   0.00000000
 -0.00953546   0.00000000     0.00000000   0.01719125     0.00000000   0.04409466
  0.04973386   0.00000000    -0.00000000   0.09258960     0.00000000   0.01719125
    6    1
  0.00000000   0.00000000     0.00000000  -0.00000000     0.00000000  -0.01109117
  0.00000000   0.00000000     0.00000000   0.00000000    -0.01109117  -0.00000000
  0.00000000  -0.03092698    -0.03092698  -0.00000000    -0.00000000  -0.00000000
    6    2
  0.00000000  -0.01719125     0.04973386  -0.00000000    -0.00000000  -0.09258960
 -0.00953546  -0.00000000     0.00000000   0.04106047     0.04973386  -0.00000000
  0.00000000  -0.04409466    -0.00953546  -0.00000000     0.00000000  -0.01719125
    6    3
 -0.01719125   0.00000000    -0.00000000  -0.04973386     0.09258960   0.00000000
 -0.00000000   0.00953546     0.04106047   0.00000000     0.00000000   0.04973386
  0.04409466   0.00000000     0.00000000  -0.00953546    -0.01719125  -0.00000000
    6    4
  0.00000000  -0.04106047    -0.00953546   0.00000000     0.04973386   0.00000000
  0.04973386   0.00000000     0.00000000   0.01719125    -0.00000000   0.09258960
 -0.00953546   0.00000000     0.00000000   0.04409466     0.00000000   0.01719125
    6    5
  0.04106047   0.00000000     0.00000000  -0.00953546    -0.00000000  -0.04973386
 -0.00000000   0.04973386    -0.01719125  -0.00000000     0.09258960  -0.00000000
  0.00000000   0.00953546     0.04409466  -0.00000000    -0.01719125   0.00000000
    6    6
  0.11516421  -0.00000000     0.00000000  -0.06492537    -0.00000000   0.00000000
 -0.00000000   0.06492537     0.11516421   0.00000000    -0.00000000   0.00000000
 -0.00000000   0.00000000    -0.00000000   0.00000000     0.09774245   0.00000000
    6    7
 -0.00000000  -0.07698548     0.05878716  -0.00000000     0.00000000   0.00000000
  0.05878716   0.00000000     0.00000000   0.07698548     0.00000000  -0.00000000
  0.00000000   0.00000000     0.00000000  -0.00000000     0.00000000   0.00000000
    7    1
  0.00000000  -0.00000000     0.00000000   0.00000000    -0.01109117  -0.00000000
  0.00000000  -0.00000000     0.00000000   0.00000000     0.00000000  -0.01109117
 -0.03092698  -0.00000000     0.00000000  -0.03092698    -0.00000000  -0.00000000
    7    2
 -0.01719125  -0.00000000    -0.00000000   0.04973386     0.09258960  -0.00000000
 -0.00000000  -0.00953546     0.04106047  -0.00000000    -0.00000000  -0.04973386
  0.04409466  -0.00000000     0.00000000   0.00953546    -0.01719125   0.00000000
    7    3
  0.00000000   0.01719125     0.04973386   0.00000000    -0.00000000   0.09258960
 -0.00953546   0.00000000     0.00000000  -0.04106047     0.04973386   0.00000000
  0.00000000   0.04409466    -0.00953546   0.00000000     0.00000000   0.01719125
    7    4
  0.04106047   0.00000000    -0.00000000   0.00953546    -0.00000000   0.04973386
 -0.00000000  -0.04973386    -0.01719125   0.00000000     0.09258960   0.00000000
  0.00000000  -0.00953546     0.04409466   0.00000000    -0.01719125  -0.00000000
    7    5
  0.00000000   0.04106047    -0.00953546  -0.00000000     0.04973386  -0.00000000
  0.04973386  -0.00000000     0.00000000  -0.01719125    -0.00000000  -0.09258960
 -0.00953546  -0.00000000     0.00000000  -0.04409466     0.00000000  -0.01719125
    7    6
 -0.00000000   0.07698548     0.05878716   0.00000000     0.00000000  -0.00000000
  0.05878716  -0.00000000     0.00000000  -0.07698548     0.00000000   0.00000000
  0.00000000  -0.00000000     0.00000000   0.00000000     0.00000000   0.00000000
    7    7
  0.11516421   0.00000000     0.00000000   0.06492537    -0.00000000   0.00000000
 -0.00000000  -0.06492537     0.11516421  -0.00000000    -0.00000000   0.00000000
 -0.00000000  -0.00000000    -0.00000000  -0.00000000     0.09774245  -0.00000000
