  4.000000000000000E-002   1.25994432394592        2.39890022168420     
          12

     Dynamical  Matrix in cartesian axes

     q = (    0.108253200   0.108253200   0.000000000 ) 

    1    1
  0.04950828   0.00000000     0.03624663   0.00000000    -0.00000000   0.00000000
  0.03624663   0.00000000     0.04950828   0.00000000    -0.00000000   0.00000000
 -0.00000000   0.00000000    -0.00000000   0.00000000     0.01052682   0.00000000
    1    2
 -0.00939398   0.01263069    -0.00007162   0.00767594     0.00000000   0.00000000
 -0.00683626   0.01229323    -0.00006292   0.00747940     0.00000000   0.00000000
  0.00000000   0.00000000     0.00000000   0.00000000    -0.00317914  -0.00823868
    1    3
 -0.01557380  -0.00228869    -0.00547835  -0.00537706     0.00000000  -0.00000000
 -0.01352659  -0.00385866    -0.00533323  -0.00524424    -0.00000000  -0.00000000
 -0.00000000  -0.00000000    -0.00000000  -0.00000000     0.00357764   0.00807362
    1    4
 -0.00533323  -0.00524424    -0.01352659  -0.00385866     0.00000000  -0.00000000
 -0.00547835  -0.00537706    -0.01557380  -0.00228869    -0.00000000  -0.00000000
 -0.00000000  -0.00000000    -0.00000000  -0.00000000     0.00357764   0.00807362
    1    5
 -0.00006292   0.00747940    -0.00683626   0.01229323     0.00000000   0.00000000
 -0.00007162   0.00767594    -0.00939398   0.01263069     0.00000000   0.00000000
  0.00000000   0.00000000     0.00000000   0.00000000    -0.00317914  -0.00823868
    1    6
  0.00329280  -0.00136392     0.00303770  -0.00125826     0.00013829   0.00033387
  0.00303770  -0.00125826     0.00329280  -0.00136392    -0.00013829  -0.00033387
  0.00309134   0.00746314    -0.00309134  -0.00746314    -0.00366775   0.00151923
    1    7
  0.00329280  -0.00136392     0.00303770  -0.00125826    -0.00013829  -0.00033387
  0.00303770  -0.00125826     0.00329280  -0.00136392     0.00013829   0.00033387
 -0.00309134  -0.00746314     0.00309134   0.00746314    -0.00366775   0.00151923
    2    1
 -0.00939398  -0.01263069    -0.00683626  -0.01229323     0.00000000  -0.00000000
 -0.00007162  -0.00767594    -0.00006292  -0.00747940     0.00000000  -0.00000000
  0.00000000  -0.00000000     0.00000000  -0.00000000    -0.00317914   0.00823868
    2    2
  0.03542183   0.00000000     0.00444909  -0.01108405    -0.00000000   0.00000000
  0.00444909   0.01108405     0.07695755   0.00000000    -0.00000000   0.00000000
 -0.00000000   0.00000000    -0.00000000   0.00000000     0.03685676  -0.00000000
    2    3
 -0.00670765   0.00794418     0.00298740   0.01536690     0.00000000   0.00000000
  0.00298740   0.01536690    -0.05602304   0.04350979     0.00000000  -0.00000000
  0.00000000  -0.00000000     0.00000000  -0.00000000    -0.03311969   0.00492475
    2    4
  0.00109460   0.01514969    -0.01241501   0.00481646    -0.00000000   0.00000000
 -0.05626080   0.04349487     0.00109460   0.01514969     0.00000000   0.00000000
 -0.00000000   0.00000000     0.00000000  -0.00000000     0.00440758   0.00318342
    2    5
  0.00261419  -0.01270335     0.02049640  -0.00000000     0.00000000   0.00000000
  0.07440738   0.00000000     0.00261419   0.01270335    -0.00000000   0.00000000
 -0.00000000   0.00000000     0.00000000   0.00000000    -0.00477768   0.00000000
    2    6
 -0.00475638  -0.00017831    -0.00162954   0.00159830    -0.00435794   0.00362542
 -0.00020714  -0.00386235     0.00063529  -0.00375080     0.00029810   0.00132559
 -0.03519115   0.00277122    -0.00495572  -0.00188804    -0.00147541  -0.00582970
    2    7
 -0.00475638  -0.00017831    -0.00162954   0.00159830     0.00435794  -0.00362542
 -0.00020714  -0.00386235     0.00063529  -0.00375080    -0.00029810  -0.00132559
  0.03519115  -0.00277122     0.00495572   0.00188804    -0.00147541  -0.00582970
    3    1
 -0.01557380   0.00228869    -0.01352659   0.00385866    -0.00000000   0.00000000
 -0.00547835   0.00537706    -0.00533323   0.00524424    -0.00000000   0.00000000
  0.00000000   0.00000000     0.00000000   0.00000000     0.00357764  -0.00807362
    3    2
 -0.00670765  -0.00794418     0.00298740  -0.01536690     0.00000000   0.00000000
  0.00298740  -0.01536690    -0.05602304  -0.04350979     0.00000000   0.00000000
  0.00000000   0.00000000     0.00000000   0.00000000    -0.03311969  -0.00492475
    3    3
  0.03542183  -0.00000000     0.00444909   0.01108405    -0.00000000  -0.00000000
  0.00444909  -0.01108405     0.07695755  -0.00000000    -0.00000000  -0.00000000
 -0.00000000   0.00000000    -0.00000000   0.00000000     0.03685676   0.00000000
    3    4
  0.00261419   0.01270335     0.02049640   0.00000000    -0.00000000   0.00000000
  0.07440738  -0.00000000     0.00261419  -0.01270335     0.00000000   0.00000000
 -0.00000000   0.00000000    -0.00000000   0.00000000    -0.00477768  -0.00000000
    3    5
  0.00109460  -0.01514969    -0.01241501  -0.00481646     0.00000000   0.00000000
 -0.05626080  -0.04349487     0.00109460  -0.01514969     0.00000000   0.00000000
  0.00000000   0.00000000     0.00000000   0.00000000     0.00440758  -0.00318342
    3    6
 -0.00475638   0.00017831    -0.00162954  -0.00159830     0.00435794   0.00362542
 -0.00020714   0.00386235     0.00063529   0.00375080    -0.00029810   0.00132559
  0.03519115   0.00277122     0.00495572  -0.00188804    -0.00147541   0.00582970
    3    7
 -0.00475638   0.00017831    -0.00162954  -0.00159830    -0.00435794  -0.00362542
 -0.00020714   0.00386235     0.00063529   0.00375080     0.00029810  -0.00132559
 -0.03519115  -0.00277122    -0.00495572   0.00188804    -0.00147541   0.00582970
    4    1
 -0.00533323   0.00524424    -0.00547835   0.00537706    -0.00000000   0.00000000
 -0.01352659   0.00385866    -0.01557380   0.00228869    -0.00000000   0.00000000
  0.00000000   0.00000000    -0.00000000   0.00000000     0.00357764  -0.00807362
    4    2
  0.00109460  -0.01514969    -0.05626080  -0.04349487     0.00000000  -0.00000000
 -0.01241501  -0.00481646     0.00109460  -0.01514969     0.00000000  -0.00000000
  0.00000000  -0.00000000     0.00000000  -0.00000000     0.00440758  -0.00318342
    4    3
  0.00261419  -0.01270335     0.07440738  -0.00000000     0.00000000   0.00000000
  0.02049640   0.00000000     0.00261419   0.01270335    -0.00000000   0.00000000
 -0.00000000   0.00000000     0.00000000   0.00000000    -0.00477768  -0.00000000
    4    4
  0.07695755  -0.00000000     0.00444909  -0.01108405    -0.00000000  -0.00000000
  0.00444909   0.01108405     0.03542183  -0.00000000    -0.00000000  -0.00000000
 -0.00000000   0.00000000    -0.00000000   0.00000000     0.03685676   0.00000000
    4    5
 -0.05602304  -0.04350979     0.00298740  -0.01536690     0.00000000   0.00000000
  0.00298740  -0.01536690    -0.00670765  -0.00794418     0.00000000   0.00000000
  0.00000000   0.00000000     0.00000000   0.00000000    -0.03311969  -0.00492475
    4    6
  0.00063529   0.00375080    -0.00020714   0.00386235     0.00029810  -0.00132559
 -0.00162954  -0.00159830    -0.00475638   0.00017831    -0.00435794  -0.00362542
 -0.00495572   0.00188804    -0.03519115  -0.00277122    -0.00147541   0.00582970
    4    7
  0.00063529   0.00375080    -0.00020714   0.00386235    -0.00029810   0.00132559
 -0.00162954  -0.00159830    -0.00475638   0.00017831     0.00435794   0.00362542
  0.00495572  -0.00188804     0.03519115   0.00277122    -0.00147541   0.00582970
    5    1
 -0.00006292  -0.00747940    -0.00007162  -0.00767594     0.00000000  -0.00000000
 -0.00683626  -0.01229323    -0.00939398  -0.01263069     0.00000000  -0.00000000
  0.00000000  -0.00000000     0.00000000  -0.00000000    -0.00317914   0.00823868
    5    2
  0.00261419   0.01270335     0.07440738   0.00000000    -0.00000000   0.00000000
  0.02049640  -0.00000000     0.00261419  -0.01270335    -0.00000000   0.00000000
  0.00000000   0.00000000    -0.00000000   0.00000000    -0.00477768   0.00000000
    5    3
  0.00109460   0.01514969    -0.05626080   0.04349487     0.00000000  -0.00000000
 -0.01241501   0.00481646     0.00109460   0.01514969     0.00000000  -0.00000000
  0.00000000  -0.00000000     0.00000000  -0.00000000     0.00440758   0.00318342
    5    4
 -0.05602304   0.04350979     0.00298740   0.01536690     0.00000000  -0.00000000
  0.00298740   0.01536690    -0.00670765   0.00794418     0.00000000  -0.00000000
  0.00000000  -0.00000000     0.00000000  -0.00000000    -0.03311969   0.00492475
    5    5
  0.07695755   0.00000000     0.00444909   0.01108405    -0.00000000   0.00000000
  0.00444909  -0.01108405     0.03542183   0.00000000    -0.00000000   0.00000000
 -0.00000000   0.00000000    -0.00000000   0.00000000     0.03685676  -0.00000000
    5    6
  0.00063529  -0.00375080    -0.00020714  -0.00386235    -0.00029810  -0.00132559
 -0.00162954   0.00159830    -0.00475638  -0.00017831     0.00435794  -0.00362542
  0.00495572   0.00188804     0.03519115  -0.00277122    -0.00147541  -0.00582970
    5    7
  0.00063529  -0.00375080    -0.00020714  -0.00386235     0.00029810   0.00132559
 -0.00162954   0.00159830    -0.00475638  -0.00017831    -0.00435794   0.00362542
 -0.00495572  -0.00188804    -0.03519115   0.00277122    -0.00147541  -0.00582970
    6    1
  0.00329280   0.00136392     0.00303770   0.00125826     0.00309134  -0.00746314
  0.00303770   0.00125826     0.00329280   0.00136392    -0.00309134   0.00746314
  0.00013829  -0.00033387    -0.00013829   0.00033387    -0.00366775  -0.00151923
    6    2
 -0.00475638   0.00017831    -0.00020714   0.00386235    -0.03519115  -0.00277122
 -0.00162954  -0.00159830     0.00063529   0.00375080    -0.00495572   0.00188804
 -0.00435794  -0.00362542     0.00029810  -0.00132559    -0.00147541   0.00582970
    6    3
 -0.00475638  -0.00017831    -0.00020714  -0.00386235     0.03519115  -0.00277122
 -0.00162954   0.00159830     0.00063529  -0.00375080     0.00495572   0.00188804
  0.00435794  -0.00362542    -0.00029810  -0.00132559    -0.00147541  -0.00582970
    6    4
  0.00063529  -0.00375080    -0.00162954   0.00159830    -0.00495572  -0.00188804
 -0.00020714  -0.00386235    -0.00475638  -0.00017831    -0.03519115   0.00277122
  0.00029810   0.00132559    -0.00435794   0.00362542    -0.00147541  -0.00582970
    6    5
  0.00063529   0.00375080    -0.00162954  -0.00159830     0.00495572  -0.00188804
 -0.00020714   0.00386235    -0.00475638   0.00017831     0.03519115   0.00277122
 -0.00029810   0.00132559     0.00435794   0.00362542    -0.00147541   0.00582970
    6    6
  0.04106310  -0.00000000     0.00724330  -0.00000000    -0.00000000   0.00401188
  0.00724330   0.00000000     0.04106310  -0.00000000    -0.00000000  -0.00401188
 -0.00000000  -0.00401188    -0.00000000   0.00401188     0.01508663  -0.00000000
    6    7
 -0.03362477  -0.00000000    -0.00441222  -0.00000000    -0.00000000   0.00820390
 -0.00441222   0.00000000    -0.03362477   0.00000000     0.00000000  -0.00820390
  0.00000000   0.00820390    -0.00000000  -0.00820390    -0.00435554   0.00000000
    7    1
  0.00329280   0.00136392     0.00303770   0.00125826    -0.00309134   0.00746314
  0.00303770   0.00125826     0.00329280   0.00136392     0.00309134  -0.00746314
 -0.00013829   0.00033387     0.00013829  -0.00033387    -0.00366775  -0.00151923
    7    2
 -0.00475638   0.00017831    -0.00020714   0.00386235     0.03519115   0.00277122
 -0.00162954  -0.00159830     0.00063529   0.00375080     0.00495572  -0.00188804
  0.00435794   0.00362542    -0.00029810   0.00132559    -0.00147541   0.00582970
    7    3
 -0.00475638  -0.00017831    -0.00020714  -0.00386235    -0.03519115   0.00277122
 -0.00162954   0.00159830     0.00063529  -0.00375080    -0.00495572  -0.00188804
 -0.00435794   0.00362542     0.00029810   0.00132559    -0.00147541  -0.00582970
    7    4
  0.00063529  -0.00375080    -0.00162954   0.00159830     0.00495572   0.00188804
 -0.00020714  -0.00386235    -0.00475638  -0.00017831     0.03519115  -0.00277122
 -0.00029810  -0.00132559     0.00435794  -0.00362542    -0.00147541  -0.00582970
    7    5
  0.00063529   0.00375080    -0.00162954  -0.00159830    -0.00495572   0.00188804
 -0.00020714   0.00386235    -0.00475638   0.00017831    -0.03519115  -0.00277122
  0.00029810  -0.00132559    -0.00435794  -0.00362542    -0.00147541   0.00582970
    7    6
 -0.03362477   0.00000000    -0.00441222   0.00000000    -0.00000000  -0.00820390
 -0.00441222   0.00000000    -0.03362477  -0.00000000     0.00000000   0.00820390
  0.00000000  -0.00820390    -0.00000000   0.00820390    -0.00435554   0.00000000
    7    7
  0.04106310  -0.00000000     0.00724330   0.00000000    -0.00000000  -0.00401188
  0.00724330  -0.00000000     0.04106310  -0.00000000    -0.00000000   0.00401188
 -0.00000000   0.00401188     0.00000000  -0.00401188     0.01508663   0.00000000

     Dynamical  Matrix in cartesian axes

     q = (   -0.108253200  -0.108253200   0.000000000 ) 

    1    1
  0.04950828   0.00000000     0.03624663   0.00000000    -0.00000000   0.00000000
  0.03624663   0.00000000     0.04950828   0.00000000    -0.00000000   0.00000000
 -0.00000000   0.00000000    -0.00000000   0.00000000     0.01052682   0.00000000
    1    2
 -0.00939398  -0.01263069    -0.00007162  -0.00767594     0.00000000  -0.00000000
 -0.00683626  -0.01229323    -0.00006292  -0.00747940     0.00000000  -0.00000000
  0.00000000  -0.00000000     0.00000000  -0.00000000    -0.00317914   0.00823868
    1    3
 -0.01557380   0.00228869    -0.00547835   0.00537706     0.00000000   0.00000000
 -0.01352659   0.00385866    -0.00533323   0.00524424     0.00000000   0.00000000
 -0.00000000   0.00000000     0.00000000   0.00000000     0.00357764  -0.00807362
    1    4
 -0.00533323   0.00524424    -0.01352659   0.00385866    -0.00000000   0.00000000
 -0.00547835   0.00537706    -0.01557380   0.00228869    -0.00000000   0.00000000
 -0.00000000   0.00000000     0.00000000   0.00000000     0.00357764  -0.00807362
    1    5
 -0.00006292  -0.00747940    -0.00683626  -0.01229323     0.00000000  -0.00000000
 -0.00007162  -0.00767594    -0.00939398  -0.01263069     0.00000000  -0.00000000
  0.00000000  -0.00000000     0.00000000  -0.00000000    -0.00317914   0.00823868
    1    6
  0.00329280   0.00136392     0.00303770   0.00125826     0.00013829  -0.00033387
  0.00303770   0.00125826     0.00329280   0.00136392    -0.00013829   0.00033387
  0.00309134  -0.00746314    -0.00309134   0.00746314    -0.00366775  -0.00151923
    1    7
  0.00329280   0.00136392     0.00303770   0.00125826    -0.00013829   0.00033387
  0.00303770   0.00125826     0.00329280   0.00136392     0.00013829  -0.00033387
 -0.00309134   0.00746314     0.00309134  -0.00746314    -0.00366775  -0.00151923
    2    1
 -0.00939398   0.01263069    -0.00683626   0.01229323     0.00000000   0.00000000
 -0.00007162   0.00767594    -0.00006292   0.00747940     0.00000000   0.00000000
  0.00000000   0.00000000     0.00000000   0.00000000    -0.00317914  -0.00823868
    2    2
  0.03542183  -0.00000000     0.00444909   0.01108405    -0.00000000   0.00000000
  0.00444909  -0.01108405     0.07695755  -0.00000000    -0.00000000   0.00000000
 -0.00000000  -0.00000000    -0.00000000  -0.00000000     0.03685676   0.00000000
    2    3
 -0.00670765  -0.00794418     0.00298740  -0.01536690     0.00000000   0.00000000
  0.00298740  -0.01536690    -0.05602304  -0.04350979     0.00000000   0.00000000
  0.00000000   0.00000000     0.00000000   0.00000000    -0.03311969  -0.00492475
    2    4
  0.00109460  -0.01514969    -0.01241501  -0.00481646     0.00000000   0.00000000
 -0.05626080  -0.04349487     0.00109460  -0.01514969     0.00000000   0.00000000
 -0.00000000   0.00000000     0.00000000   0.00000000     0.00440758  -0.00318342
    2    5
  0.00261419   0.01270335     0.02049640   0.00000000     0.00000000   0.00000000
  0.07440738  -0.00000000     0.00261419  -0.01270335    -0.00000000   0.00000000
 -0.00000000   0.00000000     0.00000000   0.00000000    -0.00477768  -0.00000000
    2    6
 -0.00475638   0.00017831    -0.00162954  -0.00159830    -0.00435794  -0.00362542
 -0.00020714   0.00386235     0.00063529   0.00375080     0.00029810  -0.00132559
 -0.03519115  -0.00277122    -0.00495572   0.00188804    -0.00147541   0.00582970
    2    7
 -0.00475638   0.00017831    -0.00162954  -0.00159830     0.00435794   0.00362542
 -0.00020714   0.00386235     0.00063529   0.00375080    -0.00029810   0.00132559
  0.03519115   0.00277122     0.00495572  -0.00188804    -0.00147541   0.00582970
    3    1
 -0.01557380  -0.00228869    -0.01352659  -0.00385866     0.00000000  -0.00000000
 -0.00547835  -0.00537706    -0.00533323  -0.00524424    -0.00000000  -0.00000000
 -0.00000000  -0.00000000     0.00000000  -0.00000000     0.00357764   0.00807362
    3    2
 -0.00670765   0.00794418     0.00298740   0.01536690     0.00000000  -0.00000000
  0.00298740   0.01536690    -0.05602304   0.04350979     0.00000000   0.00000000
  0.00000000   0.00000000     0.00000000  -0.00000000    -0.03311969   0.00492475
    3    3
  0.03542183   0.00000000     0.00444909  -0.01108405    -0.00000000   0.00000000
  0.00444909   0.01108405     0.07695755   0.00000000    -0.00000000   0.00000000
 -0.00000000   0.00000000    -0.00000000   0.00000000     0.03685676  -0.00000000
    3    4
  0.00261419  -0.01270335     0.02049640  -0.00000000    -0.00000000   0.00000000
  0.07440738   0.00000000     0.00261419   0.01270335    -0.00000000   0.00000000
 -0.00000000   0.00000000    -0.00000000   0.00000000    -0.00477768   0.00000000
    3    5
  0.00109460   0.01514969    -0.01241501   0.00481646     0.00000000   0.00000000
 -0.05626080   0.04349487     0.00109460   0.01514969    -0.00000000   0.00000000
  0.00000000  -0.00000000    -0.00000000  -0.00000000     0.00440758   0.00318342
    3    6
 -0.00475638  -0.00017831    -0.00162954   0.00159830     0.00435794  -0.00362542
 -0.00020714  -0.00386235     0.00063529  -0.00375080    -0.00029810  -0.00132559
  0.03519115  -0.00277122     0.00495572   0.00188804    -0.00147541  -0.00582970
    3    7
 -0.00475638  -0.00017831    -0.00162954   0.00159830    -0.00435794   0.00362542
 -0.00020714  -0.00386235     0.00063529  -0.00375080     0.00029810   0.00132559
 -0.03519115   0.00277122    -0.00495572  -0.00188804    -0.00147541  -0.00582970
    4    1
 -0.00533323  -0.00524424    -0.00547835  -0.00537706    -0.00000000  -0.00000000
 -0.01352659  -0.00385866    -0.01557380  -0.00228869    -0.00000000  -0.00000000
 -0.00000000  -0.00000000    -0.00000000  -0.00000000     0.00357764   0.00807362
    4    2
  0.00109460   0.01514969    -0.05626080   0.04349487     0.00000000   0.00000000
 -0.01241501   0.00481646     0.00109460   0.01514969     0.00000000   0.00000000
  0.00000000   0.00000000     0.00000000  -0.00000000     0.00440758   0.00318342
    4    3
  0.00261419   0.01270335     0.07440738   0.00000000     0.00000000   0.00000000
  0.02049640  -0.00000000     0.00261419  -0.01270335    -0.00000000   0.00000000
  0.00000000   0.00000000     0.00000000   0.00000000    -0.00477768   0.00000000
    4    4
  0.07695755   0.00000000     0.00444909   0.01108405    -0.00000000   0.00000000
  0.00444909  -0.01108405     0.03542183   0.00000000    -0.00000000   0.00000000
 -0.00000000  -0.00000000    -0.00000000  -0.00000000     0.03685676  -0.00000000
    4    5
 -0.05602304   0.04350979     0.00298740   0.01536690     0.00000000  -0.00000000
  0.00298740   0.01536690    -0.00670765   0.00794418     0.00000000  -0.00000000
  0.00000000  -0.00000000     0.00000000  -0.00000000    -0.03311969   0.00492475
    4    6
  0.00063529  -0.00375080    -0.00020714  -0.00386235     0.00029810   0.00132559
 -0.00162954   0.00159830    -0.00475638  -0.00017831    -0.00435794   0.00362542
 -0.00495572  -0.00188804    -0.03519115   0.00277122    -0.00147541  -0.00582970
    4    7
  0.00063529  -0.00375080    -0.00020714  -0.00386235    -0.00029810  -0.00132559
 -0.00162954   0.00159830    -0.00475638  -0.00017831     0.00435794  -0.00362542
  0.00495572   0.00188804     0.03519115  -0.00277122    -0.00147541  -0.00582970
    5    1
 -0.00006292   0.00747940    -0.00007162   0.00767594     0.00000000   0.00000000
 -0.00683626   0.01229323    -0.00939398   0.01263069     0.00000000   0.00000000
  0.00000000   0.00000000     0.00000000   0.00000000    -0.00317914  -0.00823868
    5    2
  0.00261419  -0.01270335     0.07440738   0.00000000    -0.00000000   0.00000000
  0.02049640   0.00000000     0.00261419   0.01270335     0.00000000   0.00000000
  0.00000000   0.00000000    -0.00000000   0.00000000    -0.00477768  -0.00000000
    5    3
  0.00109460  -0.01514969    -0.05626080  -0.04349487     0.00000000   0.00000000
 -0.01241501  -0.00481646     0.00109460  -0.01514969     0.00000000   0.00000000
  0.00000000   0.00000000     0.00000000   0.00000000     0.00440758  -0.00318342
    5    4
 -0.05602304  -0.04350979     0.00298740  -0.01536690     0.00000000   0.00000000
  0.00298740  -0.01536690    -0.00670765  -0.00794418     0.00000000   0.00000000
  0.00000000   0.00000000     0.00000000   0.00000000    -0.03311969  -0.00492475
    5    5
  0.07695755   0.00000000     0.00444909  -0.01108405    -0.00000000   0.00000000
  0.00444909   0.01108405     0.03542183  -0.00000000    -0.00000000   0.00000000
 -0.00000000   0.00000000    -0.00000000   0.00000000     0.03685676   0.00000000
    5    6
  0.00063529   0.00375080    -0.00020714   0.00386235    -0.00029810   0.00132559
 -0.00162954  -0.00159830    -0.00475638   0.00017831     0.00435794   0.00362542
  0.00495572  -0.00188804     0.03519115   0.00277122    -0.00147541   0.00582970
    5    7
  0.00063529   0.00375080    -0.00020714   0.00386235     0.00029810  -0.00132559
 -0.00162954  -0.00159830    -0.00475638   0.00017831    -0.00435794  -0.00362542
 -0.00495572   0.00188804    -0.03519115  -0.00277122    -0.00147541   0.00582970
    6    1
  0.00329280  -0.00136392     0.00303770  -0.00125826     0.00309134   0.00746314
  0.00303770  -0.00125826     0.00329280  -0.00136392    -0.00309134  -0.00746314
  0.00013829   0.00033387    -0.00013829  -0.00033387    -0.00366775   0.00151923
    6    2
 -0.00475638  -0.00017831    -0.00020714  -0.00386235    -0.03519115   0.00277122
 -0.00162954   0.00159830     0.00063529  -0.00375080    -0.00495572  -0.00188804
 -0.00435794   0.00362542     0.00029810   0.00132559    -0.00147541  -0.00582970
    6    3
 -0.00475638   0.00017831    -0.00020714   0.00386235     0.03519115   0.00277122
 -0.00162954  -0.00159830     0.00063529   0.00375080     0.00495572  -0.00188804
  0.00435794   0.00362542    -0.00029810   0.00132559    -0.00147541   0.00582970
    6    4
  0.00063529   0.00375080    -0.00162954  -0.00159830    -0.00495572   0.00188804
 -0.00020714   0.00386235    -0.00475638   0.00017831    -0.03519115  -0.00277122
  0.00029810  -0.00132559    -0.00435794  -0.00362542    -0.00147541   0.00582970
    6    5
  0.00063529  -0.00375080    -0.00162954   0.00159830     0.00495572   0.00188804
 -0.00020714  -0.00386235    -0.00475638  -0.00017831     0.03519115  -0.00277122
 -0.00029810  -0.00132559     0.00435794  -0.00362542    -0.00147541  -0.00582970
    6    6
  0.04106310  -0.00000000     0.00724330   0.00000000    -0.00000000  -0.00401188
  0.00724330  -0.00000000     0.04106310  -0.00000000    -0.00000000   0.00401188
 -0.00000000   0.00401188    -0.00000000  -0.00401188     0.01508663   0.00000000
    6    7
 -0.03362477   0.00000000    -0.00441222   0.00000000    -0.00000000  -0.00820390
 -0.00441222   0.00000000    -0.03362477  -0.00000000     0.00000000   0.00820390
  0.00000000  -0.00820390    -0.00000000   0.00820390    -0.00435554   0.00000000
    7    1
  0.00329280  -0.00136392     0.00303770  -0.00125826    -0.00309134  -0.00746314
  0.00303770  -0.00125826     0.00329280  -0.00136392     0.00309134   0.00746314
 -0.00013829  -0.00033387     0.00013829   0.00033387    -0.00366775   0.00151923
    7    2
 -0.00475638  -0.00017831    -0.00020714  -0.00386235     0.03519115  -0.00277122
 -0.00162954   0.00159830     0.00063529  -0.00375080     0.00495572   0.00188804
  0.00435794  -0.00362542    -0.00029810  -0.00132559    -0.00147541  -0.00582970
    7    3
 -0.00475638   0.00017831    -0.00020714   0.00386235    -0.03519115  -0.00277122
 -0.00162954  -0.00159830     0.00063529   0.00375080    -0.00495572   0.00188804
 -0.00435794  -0.00362542     0.00029810  -0.00132559    -0.00147541   0.00582970
    7    4
  0.00063529   0.00375080    -0.00162954  -0.00159830     0.00495572  -0.00188804
 -0.00020714   0.00386235    -0.00475638   0.00017831     0.03519115   0.00277122
 -0.00029810   0.00132559     0.00435794   0.00362542    -0.00147541   0.00582970
    7    5
  0.00063529  -0.00375080    -0.00162954   0.00159830    -0.00495572  -0.00188804
 -0.00020714  -0.00386235    -0.00475638  -0.00017831    -0.03519115   0.00277122
  0.00029810   0.00132559    -0.00435794   0.00362542    -0.00147541  -0.00582970
    7    6
 -0.03362477  -0.00000000    -0.00441222  -0.00000000    -0.00000000   0.00820390
 -0.00441222   0.00000000    -0.03362477   0.00000000     0.00000000  -0.00820390
  0.00000000   0.00820390    -0.00000000  -0.00820390    -0.00435554   0.00000000
    7    7
  0.04106310  -0.00000000     0.00724330  -0.00000000    -0.00000000   0.00401188
  0.00724330   0.00000000     0.04106310  -0.00000000    -0.00000000  -0.00401188
 -0.00000000  -0.00401188     0.00000000   0.00401188     0.01508663  -0.00000000

     Dynamical  Matrix in cartesian axes

     q = (    0.108253200  -0.108253200   0.000000000 ) 

    1    1
  0.04950828   0.00000000    -0.03624663  -0.00000000     0.00000000   0.00000000
 -0.03624663  -0.00000000     0.04950828   0.00000000     0.00000000   0.00000000
  0.00000000   0.00000000     0.00000000  -0.00000000     0.01052682   0.00000000
    1    2
 -0.00939398   0.01263069     0.00007162  -0.00767594     0.00000000  -0.00000000
  0.00683626  -0.01229323    -0.00006292   0.00747940     0.00000000   0.00000000
  0.00000000   0.00000000     0.00000000   0.00000000    -0.00317914  -0.00823868
    1    3
 -0.00939398  -0.01263069     0.00007162   0.00767594    -0.00000000  -0.00000000
  0.00683626   0.01229323    -0.00006292  -0.00747940     0.00000000   0.00000000
 -0.00000000   0.00000000    -0.00000000  -0.00000000    -0.00317914   0.00823868
    1    4
 -0.00006292   0.00747940     0.00683626  -0.01229323     0.00000000  -0.00000000
  0.00007162  -0.00767594    -0.00939398   0.01263069     0.00000000  -0.00000000
  0.00000000   0.00000000     0.00000000   0.00000000    -0.00317914  -0.00823868
    1    5
 -0.00006292  -0.00747940     0.00683626   0.01229323     0.00000000   0.00000000
  0.00007162   0.00767594    -0.00939398  -0.01263069     0.00000000   0.00000000
  0.00000000   0.00000000     0.00000000   0.00000000    -0.00317914   0.00823868
    1    6
  0.00329280   0.00136392    -0.00303770  -0.00125826    -0.00013829   0.00033387
 -0.00303770  -0.00125826     0.00329280   0.00136392    -0.00013829   0.00033387
 -0.00309134   0.00746314    -0.00309134   0.00746314    -0.00366775  -0.00151923
    1    7
  0.00329280  -0.00136392    -0.00303770   0.00125826    -0.00013829  -0.00033387
 -0.00303770   0.00125826     0.00329280  -0.00136392    -0.00013829  -0.00033387
 -0.00309134  -0.00746314    -0.00309134  -0.00746314    -0.00366775   0.00151923
    2    1
 -0.00939398  -0.01263069     0.00683626   0.01229323     0.00000000  -0.00000000
  0.00007162   0.00767594    -0.00006292  -0.00747940    -0.00000000  -0.00000000
  0.00000000  -0.00000000     0.00000000  -0.00000000    -0.00317914   0.00823868
    2    2
  0.03542183   0.00000000    -0.00444909   0.01108405     0.00000000   0.00000000
 -0.00444909  -0.01108405     0.07695755   0.00000000     0.00000000   0.00000000
 -0.00000000   0.00000000     0.00000000   0.00000000     0.03685676   0.00000000
    2    3
 -0.01036040   0.00087436     0.00875363  -0.01297845     0.00000000   0.00000000
  0.00875363  -0.01297845    -0.07038034  -0.00884821     0.00000000   0.00000000
  0.00000000   0.00000000     0.00000000   0.00000000    -0.02690148  -0.01993684
    2    4
  0.00261419  -0.01270335    -0.02049640   0.00000000    -0.00000000   0.00000000
 -0.07440738  -0.00000000     0.00261419   0.01270335    -0.00000000   0.00000000
 -0.00000000   0.00000000    -0.00000000   0.00000000    -0.00477768  -0.00000000
    2    5
 -0.00993845   0.01148645     0.01218449   0.00537299    -0.00000000  -0.00000000
  0.07053790   0.00902689    -0.00993845   0.01148645    -0.00000000  -0.00000000
 -0.00000000  -0.00000000    -0.00000000  -0.00000000     0.00086561   0.00536765
    2    6
 -0.00323719  -0.00348935     0.00228243   0.00002209    -0.00564509  -0.00051796
 -0.00258462   0.00287756     0.00310144  -0.00220300     0.00072655  -0.00114813
 -0.02684344  -0.02292436     0.00216918   0.00483927     0.00307895  -0.00516549
    2    7
 -0.00475638  -0.00017831     0.00162954  -0.00159830     0.00435794  -0.00362542
  0.00020714   0.00386235     0.00063529  -0.00375080     0.00029810   0.00132559
  0.03519115  -0.00277122    -0.00495572  -0.00188804    -0.00147541  -0.00582970
    3    1
 -0.00939398   0.01263069     0.00683626  -0.01229323     0.00000000   0.00000000
  0.00007162  -0.00767594    -0.00006292   0.00747940     0.00000000   0.00000000
 -0.00000000   0.00000000    -0.00000000   0.00000000    -0.00317914  -0.00823868
    3    2
 -0.01036040  -0.00087436     0.00875363   0.01297845     0.00000000  -0.00000000
  0.00875363   0.01297845    -0.07038034   0.00884821    -0.00000000  -0.00000000
  0.00000000  -0.00000000     0.00000000  -0.00000000    -0.02690148   0.01993684
    3    3
  0.03542183  -0.00000000    -0.00444909  -0.01108405    -0.00000000  -0.00000000
 -0.00444909   0.01108405     0.07695755  -0.00000000    -0.00000000  -0.00000000
 -0.00000000   0.00000000    -0.00000000   0.00000000     0.03685676  -0.00000000
    3    4
 -0.00993845  -0.01148645     0.01218449  -0.00537299     0.00000000   0.00000000
  0.07053790  -0.00902689    -0.00993845  -0.01148645     0.00000000   0.00000000
 -0.00000000   0.00000000     0.00000000  -0.00000000     0.00086561  -0.00536765
    3    5
  0.00261419   0.01270335    -0.02049640  -0.00000000     0.00000000   0.00000000
 -0.07440738  -0.00000000     0.00261419  -0.01270335     0.00000000   0.00000000
  0.00000000   0.00000000     0.00000000   0.00000000    -0.00477768  -0.00000000
    3    6
 -0.00475638   0.00017831     0.00162954   0.00159830     0.00435794   0.00362542
  0.00020714  -0.00386235     0.00063529   0.00375080     0.00029810  -0.00132559
  0.03519115   0.00277122    -0.00495572   0.00188804    -0.00147541   0.00582970
    3    7
 -0.00323719   0.00348935     0.00228243  -0.00002209    -0.00564509   0.00051796
 -0.00258462  -0.00287756     0.00310144   0.00220300     0.00072655   0.00114813
 -0.02684344   0.02292436     0.00216918  -0.00483927     0.00307895   0.00516549
    4    1
 -0.00006292  -0.00747940     0.00007162   0.00767594     0.00000000  -0.00000000
  0.00683626   0.01229323    -0.00939398  -0.01263069     0.00000000  -0.00000000
  0.00000000  -0.00000000     0.00000000  -0.00000000    -0.00317914   0.00823868
    4    2
  0.00261419   0.01270335    -0.07440738   0.00000000    -0.00000000   0.00000000
 -0.02049640   0.00000000     0.00261419  -0.01270335    -0.00000000   0.00000000
 -0.00000000   0.00000000    -0.00000000   0.00000000    -0.00477768   0.00000000
    4    3
 -0.00993845   0.01148645     0.07053790   0.00902689     0.00000000  -0.00000000
  0.01218449   0.00537299    -0.00993845   0.01148645     0.00000000  -0.00000000
  0.00000000  -0.00000000     0.00000000  -0.00000000     0.00086561   0.00536765
    4    4
  0.07695755   0.00000000    -0.00444909  -0.01108405     0.00000000   0.00000000
 -0.00444909   0.01108405     0.03542183   0.00000000    -0.00000000   0.00000000
  0.00000000   0.00000000     0.00000000   0.00000000     0.03685676   0.00000000
    4    5
 -0.07038034  -0.00884821     0.00875363  -0.01297845     0.00000000   0.00000000
  0.00875363  -0.01297845    -0.01036040   0.00087436     0.00000000   0.00000000
  0.00000000   0.00000000     0.00000000   0.00000000    -0.02690148  -0.01993684
    4    6
  0.00310144  -0.00220300    -0.00258462   0.00287756     0.00072655  -0.00114813
  0.00228243   0.00002209    -0.00323719  -0.00348935    -0.00564509  -0.00051796
  0.00216918   0.00483927    -0.02684344  -0.02292436     0.00307895  -0.00516549
    4    7
  0.00063529  -0.00375080     0.00020714   0.00386235     0.00029810   0.00132559
  0.00162954  -0.00159830    -0.00475638  -0.00017831     0.00435794  -0.00362542
 -0.00495572  -0.00188804     0.03519115  -0.00277122    -0.00147541  -0.00582970
    5    1
 -0.00006292   0.00747940     0.00007162  -0.00767594     0.00000000   0.00000000
  0.00683626  -0.01229323    -0.00939398   0.01263069     0.00000000  -0.00000000
 -0.00000000   0.00000000     0.00000000   0.00000000    -0.00317914  -0.00823868
    5    2
 -0.00993845  -0.01148645     0.07053790  -0.00902689    -0.00000000   0.00000000
  0.01218449  -0.00537299    -0.00993845  -0.01148645     0.00000000   0.00000000
 -0.00000000  -0.00000000     0.00000000   0.00000000     0.00086561  -0.00536765
    5    3
  0.00261419  -0.01270335    -0.07440738   0.00000000    -0.00000000   0.00000000
 -0.02049640   0.00000000     0.00261419   0.01270335    -0.00000000   0.00000000
 -0.00000000   0.00000000    -0.00000000   0.00000000    -0.00477768   0.00000000
    5    4
 -0.07038034   0.00884821     0.00875363   0.01297845     0.00000000  -0.00000000
  0.00875363   0.01297845    -0.01036040  -0.00087436     0.00000000  -0.00000000
  0.00000000  -0.00000000     0.00000000  -0.00000000    -0.02690148   0.01993684
    5    5
  0.07695755   0.00000000    -0.00444909   0.01108405    -0.00000000   0.00000000
 -0.00444909  -0.01108405     0.03542183  -0.00000000    -0.00000000   0.00000000
  0.00000000  -0.00000000    -0.00000000  -0.00000000     0.03685676  -0.00000000
    5    6
  0.00063529   0.00375080     0.00020714  -0.00386235     0.00029810  -0.00132559
  0.00162954   0.00159830    -0.00475638   0.00017831     0.00435794   0.00362542
 -0.00495572   0.00188804     0.03519115   0.00277122    -0.00147541   0.00582970
    5    7
  0.00310144   0.00220300    -0.00258462  -0.00287756     0.00072655   0.00114813
  0.00228243  -0.00002209    -0.00323719   0.00348935    -0.00564509   0.00051796
  0.00216918  -0.00483927    -0.02684344   0.02292436     0.00307895   0.00516549
    6    1
  0.00329280  -0.00136392    -0.00303770   0.00125826    -0.00309134  -0.00746314
 -0.00303770   0.00125826     0.00329280  -0.00136392    -0.00309134  -0.00746314
 -0.00013829  -0.00033387    -0.00013829  -0.00033387    -0.00366775   0.00151923
    6    2
 -0.00323719   0.00348935    -0.00258462  -0.00287756    -0.02684344   0.02292436
  0.00228243  -0.00002209     0.00310144   0.00220300     0.00216918  -0.00483927
 -0.00564509   0.00051796     0.00072655   0.00114813     0.00307895   0.00516549
    6    3
 -0.00475638  -0.00017831     0.00020714   0.00386235     0.03519115  -0.00277122
  0.00162954  -0.00159830     0.00063529  -0.00375080    -0.00495572  -0.00188804
  0.00435794  -0.00362542     0.00029810   0.00132559    -0.00147541  -0.00582970
    6    4
  0.00310144   0.00220300     0.00228243  -0.00002209     0.00216918  -0.00483927
 -0.00258462  -0.00287756    -0.00323719   0.00348935    -0.02684344   0.02292436
  0.00072655   0.00114813    -0.00564509   0.00051796     0.00307895   0.00516549
    6    5
  0.00063529  -0.00375080     0.00162954  -0.00159830    -0.00495572  -0.00188804
  0.00020714   0.00386235    -0.00475638  -0.00017831     0.03519115  -0.00277122
  0.00029810   0.00132559     0.00435794  -0.00362542    -0.00147541  -0.00582970
    6    6
  0.04106310  -0.00000000    -0.00724330   0.00000000     0.00000000   0.00401188
 -0.00724330   0.00000000     0.04106310   0.00000000     0.00000000   0.00401188
  0.00000000  -0.00401188     0.00000000  -0.00401188     0.01508663  -0.00000000
    6    7
 -0.02377630   0.02377631     0.00311991  -0.00311991     0.00580104   0.00580103
  0.00311991  -0.00311991    -0.02377630   0.02377631     0.00580104   0.00580103
  0.00580104   0.00580103     0.00580104   0.00580103    -0.00307983   0.00307983
    7    1
  0.00329280   0.00136392    -0.00303770  -0.00125826    -0.00309134   0.00746314
 -0.00303770  -0.00125826     0.00329280   0.00136392    -0.00309134   0.00746314
 -0.00013829   0.00033387    -0.00013829   0.00033387    -0.00366775  -0.00151923
    7    2
 -0.00475638   0.00017831     0.00020714  -0.00386235     0.03519115   0.00277122
  0.00162954   0.00159830     0.00063529   0.00375080    -0.00495572   0.00188804
  0.00435794   0.00362542     0.00029810  -0.00132559    -0.00147541   0.00582970
    7    3
 -0.00323719  -0.00348935    -0.00258462   0.00287756    -0.02684344  -0.02292436
  0.00228243   0.00002209     0.00310144  -0.00220300     0.00216918   0.00483927
 -0.00564509  -0.00051796     0.00072655  -0.00114813     0.00307895  -0.00516549
    7    4
  0.00063529   0.00375080     0.00162954   0.00159830    -0.00495572   0.00188804
  0.00020714  -0.00386235    -0.00475638   0.00017831     0.03519115   0.00277122
  0.00029810  -0.00132559     0.00435794   0.00362542    -0.00147541   0.00582970
    7    5
  0.00310144  -0.00220300     0.00228243   0.00002209     0.00216918   0.00483927
 -0.00258462   0.00287756    -0.00323719  -0.00348935    -0.02684344  -0.02292436
  0.00072655  -0.00114813    -0.00564509  -0.00051796     0.00307895  -0.00516549
    7    6
 -0.02377630  -0.02377631     0.00311991   0.00311991     0.00580104  -0.00580103
  0.00311991   0.00311991    -0.02377630  -0.02377631     0.00580104  -0.00580103
  0.00580104  -0.00580103     0.00580104  -0.00580103    -0.00307983  -0.00307983
    7    7
  0.04106310  -0.00000000    -0.00724330  -0.00000000     0.00000000  -0.00401188
 -0.00724330  -0.00000000     0.04106310  -0.00000000     0.00000000  -0.00401188
  0.00000000   0.00401188     0.00000000   0.00401188     0.01508663  -0.00000000

     Dynamical  Matrix in cartesian axes

     q = (   -0.108253200   0.108253200   0.000000000 ) 

    1    1
  0.04950828   0.00000000    -0.03624663  -0.00000000     0.00000000   0.00000000
 -0.03624663  -0.00000000     0.04950828   0.00000000     0.00000000   0.00000000
  0.00000000   0.00000000     0.00000000  -0.00000000     0.01052682   0.00000000
    1    2
 -0.00939398  -0.01263069     0.00007162   0.00767594     0.00000000   0.00000000
  0.00683626   0.01229323    -0.00006292  -0.00747940     0.00000000   0.00000000
  0.00000000   0.00000000     0.00000000   0.00000000    -0.00317914   0.00823868
    1    3
 -0.00939398   0.01263069     0.00007162  -0.00767594     0.00000000  -0.00000000
  0.00683626  -0.01229323    -0.00006292   0.00747940     0.00000000  -0.00000000
  0.00000000   0.00000000     0.00000000  -0.00000000    -0.00317914  -0.00823868
    1    4
 -0.00006292  -0.00747940     0.00683626   0.01229323     0.00000000   0.00000000
  0.00007162   0.00767594    -0.00939398  -0.01263069     0.00000000   0.00000000
  0.00000000   0.00000000     0.00000000   0.00000000    -0.00317914   0.00823868
    1    5
 -0.00006292   0.00747940     0.00683626  -0.01229323     0.00000000  -0.00000000
  0.00007162  -0.00767594    -0.00939398   0.01263069    -0.00000000  -0.00000000
  0.00000000  -0.00000000    -0.00000000  -0.00000000    -0.00317914  -0.00823868
    1    6
  0.00329280  -0.00136392    -0.00303770   0.00125826    -0.00013829  -0.00033387
 -0.00303770   0.00125826     0.00329280  -0.00136392    -0.00013829  -0.00033387
 -0.00309134  -0.00746314    -0.00309134  -0.00746314    -0.00366775   0.00151923
    1    7
  0.00329280   0.00136392    -0.00303770  -0.00125826    -0.00013829   0.00033387
 -0.00303770  -0.00125826     0.00329280   0.00136392    -0.00013829   0.00033387
