  2.500000000000000E-002   1.26011648066226        2.33218954087644     
           8

     Dynamical  Matrix in cartesian axes

     q = (    0.216506400   0.216506400   0.216506400 ) 

    1    1
  0.04114509   0.00000000     0.00053737   0.00000000     0.00053737   0.00000000
  0.00053737   0.00000000     0.04114509   0.00000000     0.00053737   0.00000000
  0.00053737   0.00000000     0.00053737   0.00000000     0.04114509   0.00000000
    1    2
 -0.00042151   0.00101761     0.00206971  -0.00425229     0.00154332  -0.00447033
  0.00355571   0.00847234    -0.00097050   0.00355678    -0.00488148  -0.00408064
 -0.00850511   0.00347659     0.00633718   0.00056628    -0.00182877   0.00320127
    1    3
 -0.00042151   0.00101761     0.00154332  -0.00447033     0.00206971  -0.00425229
 -0.00850511   0.00347659    -0.00182877   0.00320127     0.00633718   0.00056628
  0.00355571   0.00847234    -0.00488148  -0.00408064    -0.00097050   0.00355678
    1    4
 -0.00182877   0.00320127    -0.00850511   0.00347659     0.00633718   0.00056628
  0.00154332  -0.00447033    -0.00042151   0.00101761     0.00206971  -0.00425229
 -0.00488148  -0.00408064     0.00355571   0.00847234    -0.00097050   0.00355678
    1    5
 -0.00097050   0.00355678     0.00355571   0.00847234    -0.00488148  -0.00408064
  0.00206971  -0.00425229    -0.00042151   0.00101761     0.00154332  -0.00447033
  0.00633718   0.00056628    -0.00850511   0.00347659    -0.00182877   0.00320127
    1    6
 -0.00097050   0.00355678    -0.00488148  -0.00408064     0.00355571   0.00847234
  0.00633718   0.00056628    -0.00182877   0.00320127    -0.00850511   0.00347659
  0.00206971  -0.00425229     0.00154332  -0.00447033    -0.00042151   0.00101761
    1    7
 -0.00182877   0.00320127     0.00633718   0.00056628    -0.00850511   0.00347659
 -0.00488148  -0.00408064    -0.00097050   0.00355678     0.00355571   0.00847234
  0.00154332  -0.00447033     0.00206971  -0.00425229    -0.00042151   0.00101761
    2    1
 -0.00042151  -0.00101761     0.00355571  -0.00847234    -0.00850511  -0.00347659
  0.00206971   0.00425229    -0.00097050  -0.00355678     0.00633718  -0.00056628
  0.00154332   0.00447033    -0.00488148   0.00408064    -0.00182877  -0.00320127
    2    2
  0.04329813   0.00000000     0.00519620  -0.00022523     0.00519620   0.00022523
  0.00519620   0.00022523     0.03420390  -0.00000000     0.01094679   0.00001057
  0.00519620  -0.00022523     0.01094679  -0.00001057     0.03420390   0.00000000
    2    3
  0.02688549   0.00000000     0.00604954   0.00050535     0.00604954  -0.00050535
  0.00604954   0.00050535    -0.01859288   0.00869747    -0.01101746  -0.00000000
  0.00604954  -0.00050535    -0.01101746  -0.00000000    -0.01859288  -0.00869747
    2    4
 -0.00920114   0.00980835    -0.01688090   0.00764413     0.00094628   0.00574789
 -0.02283181   0.01490263    -0.00920114   0.00980835    -0.01269249   0.00632591
 -0.01269249   0.00632591     0.00094628   0.00574789     0.01034422   0.01496451
    2    5
 -0.01207989  -0.00940158    -0.00940349  -0.00000000     0.00298287  -0.00631166
  0.02214054  -0.00000000    -0.01207989   0.00940158     0.00775001  -0.00512624
  0.00775001   0.00512624     0.00298287   0.00631166    -0.00668301  -0.00000000
    2    6
 -0.00920114  -0.00980835     0.00094628  -0.00574789    -0.01688090  -0.00764413
 -0.01269249  -0.00632591     0.01034422  -0.01496451     0.00094628  -0.00574789
 -0.02283181  -0.01490263    -0.01269249  -0.00632591    -0.00920114  -0.00980835
    2    7
 -0.01207989   0.00940158     0.00298287   0.00631166    -0.00940349   0.00000000
  0.00775001  -0.00512624    -0.00668301  -0.00000000     0.00298287  -0.00631166
  0.02214054   0.00000000     0.00775001   0.00512624    -0.01207989  -0.00940158
    3    1
 -0.00042151  -0.00101761    -0.00850511  -0.00347659     0.00355571  -0.00847234
  0.00154332   0.00447033    -0.00182877  -0.00320127    -0.00488148   0.00408064
  0.00206971   0.00425229     0.00633718  -0.00056628    -0.00097050  -0.00355678
    3    2
  0.02688549  -0.00000000     0.00604954  -0.00050535     0.00604954   0.00050535
  0.00604954  -0.00050535    -0.01859288  -0.00869747    -0.01101746   0.00000000
  0.00604954   0.00050535    -0.01101746   0.00000000    -0.01859288   0.00869747
    3    3
  0.04329813  -0.00000000     0.00519620   0.00022523     0.00519620  -0.00022523
  0.00519620  -0.00022523     0.03420390   0.00000000     0.01094679  -0.00001057
  0.00519620   0.00022523     0.01094679   0.00001057     0.03420390  -0.00000000
    3    4
 -0.01207989   0.00940158    -0.00940349   0.00000000     0.00298287   0.00631166
  0.02214054  -0.00000000    -0.01207989  -0.00940158     0.00775001   0.00512624
  0.00775001  -0.00512624     0.00298287  -0.00631166    -0.00668301   0.00000000
    3    5
 -0.00920114  -0.00980835    -0.01688090  -0.00764413     0.00094628  -0.00574789
 -0.02283181  -0.01490263    -0.00920114  -0.00980835    -0.01269249  -0.00632591
 -0.01269249  -0.00632591     0.00094628  -0.00574789     0.01034422  -0.01496451
    3    6
 -0.01207989  -0.00940158     0.00298287  -0.00631166    -0.00940349  -0.00000000
  0.00775001   0.00512624    -0.00668301  -0.00000000     0.00298287   0.00631166
  0.02214054  -0.00000000     0.00775001  -0.00512624    -0.01207989   0.00940158
    3    7
 -0.00920114   0.00980835     0.00094628   0.00574789    -0.01688090   0.00764413
 -0.01269249   0.00632591     0.01034422   0.01496451     0.00094628   0.00574789
 -0.02283181   0.01490263    -0.01269249   0.00632591    -0.00920114   0.00980835
    4    1
 -0.00182877  -0.00320127     0.00154332   0.00447033    -0.00488148   0.00408064
 -0.00850511  -0.00347659    -0.00042151  -0.00101761     0.00355571  -0.00847234
  0.00633718  -0.00056628     0.00206971   0.00425229    -0.00097050  -0.00355678
    4    2
 -0.00920114  -0.00980835    -0.02283181  -0.01490263    -0.01269249  -0.00632591
 -0.01688090  -0.00764413    -0.00920114  -0.00980835     0.00094628  -0.00574789
  0.00094628  -0.00574789    -0.01269249  -0.00632591     0.01034422  -0.01496451
    4    3
 -0.01207989  -0.00940158     0.02214054   0.00000000     0.00775001   0.00512624
 -0.00940349  -0.00000000    -0.01207989   0.00940158     0.00298287   0.00631166
  0.00298287  -0.00631166     0.00775001  -0.00512624    -0.00668301  -0.00000000
    4    4
  0.03420390   0.00000000     0.00519620  -0.00022523     0.01094679  -0.00001057
  0.00519620   0.00022523     0.04329813   0.00000000     0.00519620  -0.00022523
  0.01094679   0.00001057     0.00519620   0.00022523     0.03420390  -0.00000000
    4    5
 -0.01859288  -0.00869747     0.00604954  -0.00050535    -0.01101746  -0.00000000
  0.00604954  -0.00050535     0.02688549  -0.00000000     0.00604954   0.00050535
 -0.01101746  -0.00000000     0.00604954   0.00050535    -0.01859288   0.00869747
    4    6
  0.01034422   0.01496451    -0.01269249   0.00632591     0.00094628   0.00574789
  0.00094628   0.00574789    -0.00920114   0.00980835    -0.01688090   0.00764413
 -0.01269249   0.00632591    -0.02283181   0.01490263    -0.00920114   0.00980835
    4    7
 -0.00668301  -0.00000000     0.00775001   0.00512624     0.00298287   0.00631166
  0.00298287  -0.00631166    -0.01207989  -0.00940158    -0.00940349  -0.00000000
  0.00775001  -0.00512624     0.02214054  -0.00000000    -0.01207989   0.00940158
    5    1
 -0.00097050  -0.00355678     0.00206971   0.00425229     0.00633718  -0.00056628
  0.00355571  -0.00847234    -0.00042151  -0.00101761    -0.00850511  -0.00347659
 -0.00488148   0.00408064     0.00154332   0.00447033    -0.00182877  -0.00320127
    5    2
 -0.01207989   0.00940158     0.02214054  -0.00000000     0.00775001  -0.00512624
 -0.00940349  -0.00000000    -0.01207989  -0.00940158     0.00298287  -0.00631166
  0.00298287   0.00631166     0.00775001   0.00512624    -0.00668301  -0.00000000
    5    3
 -0.00920114   0.00980835    -0.02283181   0.01490263    -0.01269249   0.00632591
 -0.01688090   0.00764413    -0.00920114   0.00980835     0.00094628   0.00574789
  0.00094628   0.00574789    -0.01269249   0.00632591     0.01034422   0.01496451
    5    4
 -0.01859288   0.00869747     0.00604954   0.00050535    -0.01101746   0.00000000
  0.00604954   0.00050535     0.02688549   0.00000000     0.00604954  -0.00050535
 -0.01101746   0.00000000     0.00604954  -0.00050535    -0.01859288  -0.00869747
    5    5
  0.03420390  -0.00000000     0.00519620   0.00022523     0.01094679   0.00001057
  0.00519620  -0.00022523     0.04329813  -0.00000000     0.00519620   0.00022523
  0.01094679  -0.00001057     0.00519620  -0.00022523     0.03420390   0.00000000
    5    6
 -0.00668301  -0.00000000     0.00775001  -0.00512624     0.00298287  -0.00631166
  0.00298287   0.00631166    -0.01207989   0.00940158    -0.00940349   0.00000000
  0.00775001   0.00512624     0.02214054   0.00000000    -0.01207989  -0.00940158
    5    7
  0.01034422  -0.01496451    -0.01269249  -0.00632591     0.00094628  -0.00574789
  0.00094628  -0.00574789    -0.00920114  -0.00980835    -0.01688090  -0.00764413
 -0.01269249  -0.00632591    -0.02283181  -0.01490263    -0.00920114  -0.00980835
    6    1
 -0.00097050  -0.00355678     0.00633718  -0.00056628     0.00206971   0.00425229
 -0.00488148   0.00408064    -0.00182877  -0.00320127     0.00154332   0.00447033
  0.00355571  -0.00847234    -0.00850511  -0.00347659    -0.00042151  -0.00101761
    6    2
 -0.00920114   0.00980835    -0.01269249   0.00632591    -0.02283181   0.01490263
  0.00094628   0.00574789     0.01034422   0.01496451    -0.01269249   0.00632591
 -0.01688090   0.00764413     0.00094628   0.00574789    -0.00920114   0.00980835
    6    3
 -0.01207989   0.00940158     0.00775001  -0.00512624     0.02214054   0.00000000
  0.00298287   0.00631166    -0.00668301  -0.00000000     0.00775001   0.00512624
 -0.00940349   0.00000000     0.00298287  -0.00631166    -0.01207989  -0.00940158
    6    4
  0.01034422  -0.01496451     0.00094628  -0.00574789    -0.01269249  -0.00632591
 -0.01269249  -0.00632591    -0.00920114  -0.00980835    -0.02283181  -0.01490263
  0.00094628  -0.00574789    -0.01688090  -0.00764413    -0.00920114  -0.00980835
    6    5
 -0.00668301   0.00000000     0.00298287  -0.00631166     0.00775001  -0.00512624
  0.00775001   0.00512624    -0.01207989  -0.00940158     0.02214054  -0.00000000
  0.00298287   0.00631166    -0.00940349  -0.00000000    -0.01207989   0.00940158
    6    6
  0.03420390  -0.00000000     0.01094679   0.00001057     0.00519620   0.00022523
  0.01094679  -0.00001057     0.03420390   0.00000000     0.00519620  -0.00022523
  0.00519620  -0.00022523     0.00519620   0.00022523     0.04329813  -0.00000000
    6    7
 -0.01859288   0.00869747    -0.01101746  -0.00000000     0.00604954   0.00050535
 -0.01101746   0.00000000    -0.01859288  -0.00869747     0.00604954  -0.00050535
  0.00604954   0.00050535     0.00604954  -0.00050535     0.02688549   0.00000000
    7    1
 -0.00182877  -0.00320127    -0.00488148   0.00408064     0.00154332   0.00447033
  0.00633718  -0.00056628    -0.00097050  -0.00355678     0.00206971   0.00425229
 -0.00850511  -0.00347659     0.00355571  -0.00847234    -0.00042151  -0.00101761
    7    2
 -0.01207989  -0.00940158     0.00775001   0.00512624     0.02214054  -0.00000000
  0.00298287  -0.00631166    -0.00668301   0.00000000     0.00775001  -0.00512624
 -0.00940349  -0.00000000     0.00298287   0.00631166    -0.01207989   0.00940158
    7    3
 -0.00920114  -0.00980835    -0.01269249  -0.00632591    -0.02283181  -0.01490263
  0.00094628  -0.00574789     0.01034422  -0.01496451    -0.01269249  -0.00632591
 -0.01688090  -0.00764413     0.00094628  -0.00574789    -0.00920114  -0.00980835
    7    4
 -0.00668301  -0.00000000     0.00298287   0.00631166     0.00775001   0.00512624
  0.00775001  -0.00512624    -0.01207989   0.00940158     0.02214054   0.00000000
  0.00298287  -0.00631166    -0.00940349   0.00000000    -0.01207989  -0.00940158
    7    5
  0.01034422   0.01496451     0.00094628   0.00574789    -0.01269249   0.00632591
 -0.01269249   0.00632591    -0.00920114   0.00980835    -0.02283181   0.01490263
  0.00094628   0.00574789    -0.01688090   0.00764413    -0.00920114   0.00980835
    7    6
 -0.01859288  -0.00869747    -0.01101746   0.00000000     0.00604954  -0.00050535
 -0.01101746  -0.00000000    -0.01859288   0.00869747     0.00604954   0.00050535
  0.00604954  -0.00050535     0.00604954   0.00050535     0.02688549   0.00000000
    7    7
  0.03420390   0.00000000     0.01094679  -0.00001057     0.00519620  -0.00022523
  0.01094679   0.00001057     0.03420390  -0.00000000     0.00519620   0.00022523
  0.00519620   0.00022523     0.00519620  -0.00022523     0.04329813   0.00000000

     Dynamical  Matrix in cartesian axes

     q = (    0.216506400  -0.216506400   0.216506400 ) 

    1    1
  0.04114509   0.00000000    -0.00053737  -0.00000000     0.00053737   0.00000000
 -0.00053737  -0.00000000     0.04114509   0.00000000    -0.00053737  -0.00000000
  0.00053737   0.00000000    -0.00053737  -0.00000000     0.04114509   0.00000000
    1    2
 -0.00042151   0.00101761    -0.00206971   0.00425229     0.00154332  -0.00447033
 -0.00355571  -0.00847234    -0.00097050   0.00355678     0.00488148   0.00408064
 -0.00850511   0.00347659    -0.00633718  -0.00056628    -0.00182877   0.00320127
    1    3
 -0.00101761  -0.00042151    -0.00447032  -0.00154332     0.00425229   0.00206971
  0.00347659   0.00850511    -0.00320127  -0.00182877     0.00056628  -0.00633718
 -0.00847234   0.00355570    -0.00408064   0.00488148    -0.00355678  -0.00097051
    1    4
 -0.00320127   0.00182877     0.00347659  -0.00850511    -0.00056628  -0.00633718
 -0.00447032   0.00154332    -0.00101761   0.00042151    -0.00425229   0.00206971
  0.00408064   0.00488148     0.00847234   0.00355570    -0.00355678   0.00097051
    1    5
 -0.00355678   0.00097051     0.00847234   0.00355570     0.00408064   0.00488148
 -0.00425229   0.00206971    -0.00101761   0.00042151    -0.00447032   0.00154332
 -0.00056628  -0.00633718     0.00347659  -0.00850511    -0.00320127   0.00182877
    1    6
 -0.00355678  -0.00097051    -0.00408064   0.00488148    -0.00847234   0.00355570
  0.00056628  -0.00633718    -0.00320127  -0.00182877     0.00347659   0.00850511
  0.00425229   0.00206971    -0.00447032  -0.00154332    -0.00101761  -0.00042151
    1    7
 -0.00182877   0.00320127    -0.00633718  -0.00056628    -0.00850511   0.00347659
  0.00488148   0.00408064    -0.00097050   0.00355678    -0.00355571  -0.00847234
  0.00154332  -0.00447033    -0.00206971   0.00425229    -0.00042151   0.00101761
    2    1
 -0.00042151  -0.00101761    -0.00355571   0.00847234    -0.00850511  -0.00347659
 -0.00206971  -0.00425229    -0.00097050  -0.00355678    -0.00633718   0.00056628
  0.00154332   0.00447033     0.00488148  -0.00408064    -0.00182877  -0.00320127
    2    2
  0.04329813  -0.00000000    -0.00519620   0.00022523     0.00519620   0.00022523
 -0.00519620  -0.00022523     0.03420390  -0.00000000    -0.01094679  -0.00001057
  0.00519620  -0.00022523    -0.01094679   0.00001057     0.03420390   0.00000000
    2    3
 -0.00000001   0.02688549     0.00050535  -0.00604954     0.00050535   0.00604954
  0.00050535  -0.00604954    -0.00869746  -0.01859289    -0.00000000   0.01101746
  0.00050535   0.00604954    -0.00000000   0.01101746     0.00869748  -0.01859288
    2    4
 -0.00189385  -0.01518969     0.00664927   0.00664927     0.00657223  -0.00235381
 -0.01565572  -0.01565573    -0.01518969  -0.00189385    -0.00910488  -0.00185528
  0.00185528   0.00910488     0.00235381  -0.00657223    -0.00472560  -0.00472560
    2    5
 -0.01344174   0.00042936     0.01734182   0.00653138    -0.00339525   0.00473349
  0.02668228   0.00560678    -0.01344174   0.00042936     0.01344804   0.00450186
 -0.01344804  -0.00450186     0.00339525  -0.00473349    -0.00326704   0.01789597
    2    6
  0.00980835  -0.00920114    -0.00574789  -0.00094628     0.00764414  -0.01688090
 -0.00632591   0.01269249     0.01496451   0.01034422    -0.00574789  -0.00094628
  0.01490264  -0.02283180    -0.00632591   0.01269249     0.00980835  -0.00920114
    2    7
 -0.01207989   0.00940158    -0.00298287  -0.00631166    -0.00940349  -0.00000000
 -0.00775001   0.00512624    -0.00668301  -0.00000000    -0.00298287   0.00631166
  0.02214054   0.00000000    -0.00775001  -0.00512624    -0.01207989  -0.00940158
    3    1
 -0.00101761   0.00042151     0.00347659  -0.00850511    -0.00847234  -0.00355570
 -0.00447032   0.00154332    -0.00320127   0.00182877    -0.00408064  -0.00488148
  0.00425229  -0.00206971     0.00056628   0.00633718    -0.00355678   0.00097051
    3    2
 -0.00000001  -0.02688549     0.00050535   0.00604954     0.00050535  -0.00604954
  0.00050535   0.00604954    -0.00869746   0.01859289    -0.00000000  -0.01101746
  0.00050535  -0.00604954    -0.00000000  -0.01101746     0.00869748   0.01859288
    3    3
  0.04329813  -0.00000000    -0.00519620  -0.00022523     0.00519620  -0.00022523
 -0.00519620   0.00022523     0.03420390   0.00000000    -0.01094679   0.00001057
  0.00519620   0.00022523    -0.01094679  -0.00001057     0.03420390  -0.00000000
    3    4
 -0.01344174  -0.00042936     0.01734182  -0.00653138    -0.00339525  -0.00473349
  0.02668228  -0.00560678    -0.01344174  -0.00042936     0.01344804  -0.00450186
 -0.01344804   0.00450186     0.00339525   0.00473349    -0.00326704  -0.01789597
    3    5
 -0.00189385   0.01518969     0.00664927  -0.00664927     0.00657223   0.00235381
 -0.01565572   0.01565573    -0.01518969   0.00189385    -0.00910488   0.00185528
  0.00185528  -0.00910488     0.00235381   0.00657223    -0.00472560   0.00472560
    3    6
 -0.01207989  -0.00940158    -0.00298287   0.00631166    -0.00940349   0.00000000
 -0.00775001  -0.00512624    -0.00668301   0.00000000    -0.00298287  -0.00631166
  0.02214054  -0.00000000    -0.00775001   0.00512624    -0.01207989   0.00940158
    3    7
  0.00980835   0.00920114    -0.00574789   0.00094628     0.00764414   0.01688090
 -0.00632591  -0.01269249     0.01496451  -0.01034422    -0.00574789   0.00094628
  0.01490264   0.02283180    -0.00632591  -0.01269249     0.00980835   0.00920114
    4    1
 -0.00320127  -0.00182877    -0.00447032  -0.00154332     0.00408064  -0.00488148
  0.00347659   0.00850511    -0.00101761  -0.00042151     0.00847234  -0.00355570
 -0.00056628   0.00633718    -0.00425229  -0.00206971    -0.00355678  -0.00097051
    4    2
 -0.00189385   0.01518969    -0.01565572   0.01565573     0.00185528  -0.00910488
  0.00664927  -0.00664927    -0.01518969   0.00189385     0.00235381   0.00657223
  0.00657223   0.00235381    -0.00910488   0.00185528    -0.00472560   0.00472560
    4    3
 -0.01344174   0.00042936     0.02668228   0.00560678    -0.01344804  -0.00450186
  0.01734182   0.00653138    -0.01344174   0.00042936     0.00339525  -0.00473349
 -0.00339525   0.00473349     0.01344804   0.00450186    -0.00326704   0.01789597
    4    4
  0.03420390  -0.00000000    -0.00519620  -0.00022523     0.01094679   0.00001057
 -0.00519620   0.00022523     0.04329813  -0.00000000    -0.00519620  -0.00022523
  0.01094679  -0.00001057    -0.00519620   0.00022523     0.03420390   0.00000000
    4    5
 -0.01859288   0.00869747    -0.00604954  -0.00050535    -0.01101746  -0.00000000
 -0.00604954  -0.00050535     0.02688549   0.00000000    -0.00604954   0.00050535
 -0.01101746  -0.00000000    -0.00604954   0.00050535    -0.01859288  -0.00869747
    4    6
 -0.00472560  -0.00472560    -0.00910488  -0.00185528     0.00657223  -0.00235381
  0.00235381  -0.00657223    -0.01518969  -0.00189385     0.00664927   0.00664927
  0.00185528   0.00910488    -0.01565572  -0.01565573    -0.00189385  -0.01518969
    4    7
 -0.00326704  -0.01789597     0.01344804  -0.00450186    -0.00339525  -0.00473349
  0.00339525   0.00473349    -0.01344174  -0.00042936     0.01734182  -0.00653138
 -0.01344804   0.00450186     0.02668228  -0.00560678    -0.01344174  -0.00042936
    5    1
 -0.00355678  -0.00097051    -0.00425229  -0.00206971    -0.00056628   0.00633718
  0.00847234  -0.00355570    -0.00101761  -0.00042151     0.00347659   0.00850511
  0.00408064  -0.00488148    -0.00447032  -0.00154332    -0.00320127  -0.00182877
    5    2
 -0.01344174  -0.00042936     0.02668228  -0.00560678    -0.01344804   0.00450186
  0.01734182  -0.00653138    -0.01344174  -0.00042936     0.00339525   0.00473349
 -0.00339525  -0.00473349     0.01344804  -0.00450186    -0.00326704  -0.01789597
    5    3
 -0.00189385  -0.01518969    -0.01565572  -0.01565573     0.00185528   0.00910488
  0.00664927   0.00664927    -0.01518969  -0.00189385     0.00235381  -0.00657223
  0.00657223  -0.00235381    -0.00910488  -0.00185528    -0.00472560  -0.00472560
    5    4
 -0.01859288  -0.00869747    -0.00604954   0.00050535    -0.01101746   0.00000000
 -0.00604954   0.00050535     0.02688549  -0.00000000    -0.00604954  -0.00050535
 -0.01101746   0.00000000    -0.00604954  -0.00050535    -0.01859288   0.00869747
    5    5
  0.03420390   0.00000000    -0.00519620   0.00022523     0.01094679  -0.00001057
 -0.00519620  -0.00022523     0.04329813   0.00000000    -0.00519620   0.00022523
  0.01094679   0.00001057    -0.00519620  -0.00022523     0.03420390  -0.00000000
    5    6
 -0.00326704   0.01789597     0.01344804   0.00450186    -0.00339525   0.00473349
  0.00339525  -0.00473349    -0.01344174   0.00042936     0.01734182   0.00653138
 -0.01344804  -0.00450186     0.02668228   0.00560678    -0.01344174   0.00042936
    5    7
 -0.00472560   0.00472560    -0.00910488   0.00185528     0.00657223   0.00235381
  0.00235381   0.00657223    -0.01518969   0.00189385     0.00664927  -0.00664927
  0.00185528  -0.00910488    -0.01565572   0.01565573    -0.00189385   0.01518969
    6    1
 -0.00355678   0.00097051     0.00056628   0.00633718     0.00425229  -0.00206971
 -0.00408064  -0.00488148    -0.00320127   0.00182877    -0.00447032   0.00154332
 -0.00847234  -0.00355570     0.00347659  -0.00850511    -0.00101761   0.00042151
    6    2
  0.00980835   0.00920114    -0.00632591  -0.01269249     0.01490264   0.02283180
 -0.00574789   0.00094628     0.01496451  -0.01034422    -0.00632591  -0.01269249
  0.00764414   0.01688090    -0.00574789   0.00094628     0.00980835   0.00920114
    6    3
 -0.01207989   0.00940158    -0.00775001   0.00512624     0.02214054   0.00000000
 -0.00298287  -0.00631166    -0.00668301  -0.00000000    -0.00775001  -0.00512624
 -0.00940349   0.00000000    -0.00298287   0.00631166    -0.01207989  -0.00940158
    6    4
 -0.00472560   0.00472560     0.00235381   0.00657223     0.00185528  -0.00910488
 -0.00910488   0.00185528    -0.01518969   0.00189385    -0.01565572   0.01565573
  0.00657223   0.00235381     0.00664927  -0.00664927    -0.00189385   0.01518969
    6    5
 -0.00326704  -0.01789597     0.00339525   0.00473349    -0.01344804   0.00450186
  0.01344804  -0.00450186    -0.01344174  -0.00042936     0.02668228  -0.00560678
 -0.00339525  -0.00473349     0.01734182  -0.00653138    -0.01344174  -0.00042936
    6    6
  0.03420390  -0.00000000    -0.01094679  -0.00001057     0.00519620   0.00022523
 -0.01094679   0.00001057     0.03420390   0.00000000    -0.00519620   0.00022523
  0.00519620  -0.00022523    -0.00519620  -0.00022523     0.04329813  -0.00000000
    6    7
  0.00869748   0.01859288    -0.00000000  -0.01101746     0.00050535  -0.00604954
 -0.00000000  -0.01101746    -0.00869746   0.01859289     0.00050535   0.00604954
  0.00050535  -0.00604954     0.00050535   0.00604954    -0.00000001  -0.02688549
    7    1
 -0.00182877  -0.00320127     0.00488148  -0.00408064     0.00154332   0.00447033
 -0.00633718   0.00056628    -0.00097050  -0.00355678    -0.00206971  -0.00425229
 -0.00850511  -0.00347659    -0.00355571   0.00847234    -0.00042151  -0.00101761
    7    2
 -0.01207989  -0.00940158    -0.00775001  -0.00512624     0.02214054  -0.00000000
 -0.00298287   0.00631166    -0.00668301   0.00000000    -0.00775001   0.00512624
 -0.00940349   0.00000000    -0.00298287  -0.00631166    -0.01207989   0.00940158
    7    3
  0.00980835  -0.00920114    -0.00632591   0.01269249     0.01490264  -0.02283180
 -0.00574789  -0.00094628     0.01496451   0.01034422    -0.00632591   0.01269249
  0.00764414  -0.01688090    -0.00574789  -0.00094628     0.00980835  -0.00920114
    7    4
 -0.00326704   0.01789597     0.00339525  -0.00473349    -0.01344804  -0.00450186
  0.01344804   0.00450186    -0.01344174   0.00042936     0.02668228   0.00560678
 -0.00339525   0.00473349     0.01734182   0.00653138    -0.01344174   0.00042936
    7    5
 -0.00472560  -0.00472560     0.00235381  -0.00657223     0.00185528   0.00910488
 -0.00910488  -0.00185528    -0.01518969  -0.00189385    -0.01565572  -0.01565573
  0.00657223  -0.00235381     0.00664927   0.00664927    -0.00189385  -0.01518969
    7    6
  0.00869748  -0.01859288    -0.00000000   0.01101746     0.00050535   0.00604954
 -0.00000000   0.01101746    -0.00869746  -0.01859289     0.00050535  -0.00604954
  0.00050535   0.00604954     0.00050535  -0.00604954    -0.00000001   0.02688549
    7    7
  0.03420390   0.00000000    -0.01094679   0.00001057     0.00519620  -0.00022523
 -0.01094679  -0.00001057     0.03420390  -0.00000000    -0.00519620  -0.00022523
  0.00519620   0.00022523    -0.00519620   0.00022523     0.04329813  -0.00000000

     Dynamical  Matrix in cartesian axes

     q = (   -0.216506400   0.216506400   0.216506400 ) 

    1    1
  0.04114509   0.00000000    -0.00053737  -0.00000000    -0.00053737  -0.00000000
 -0.00053737  -0.00000000     0.04114509   0.00000000     0.00053737   0.00000000
 -0.00053737  -0.00000000     0.00053737   0.00000000     0.04114509   0.00000000
    1    2
 -0.00101761   0.00042151    -0.00425229   0.00206971    -0.00447032   0.00154332
  0.00847234   0.00355570    -0.00355678   0.00097051     0.00408064   0.00488148
  0.00347659  -0.00850511    -0.00056628  -0.00633718    -0.00320127   0.00182877
    1    3
 -0.00101761   0.00042151    -0.00447032   0.00154332    -0.00425229   0.00206971
  0.00347659  -0.00850511    -0.00320127   0.00182877    -0.00056628  -0.00633718
  0.00847234   0.00355570     0.00408064   0.00488148    -0.00355678   0.00097051
    1    4
 -0.00320127  -0.00182877     0.00347659   0.00850511     0.00056628  -0.00633718
 -0.00447032  -0.00154332    -0.00101761  -0.00042151     0.00425229   0.00206971
 -0.00408064   0.00488148    -0.00847234   0.00355570    -0.00355678  -0.00097051
    1    5
 -0.00097050   0.00355678    -0.00355571  -0.00847234     0.00488148   0.00408064
 -0.00206971   0.00425229    -0.00042151   0.00101761     0.00154332  -0.00447033
 -0.00633718  -0.00056628    -0.00850511   0.00347659    -0.00182877   0.00320127
    1    6
 -0.00097050   0.00355678     0.00488148   0.00408064    -0.00355571  -0.00847234
 -0.00633718  -0.00056628    -0.00182877   0.00320127    -0.00850511   0.00347659
 -0.00206971   0.00425229     0.00154332  -0.00447033    -0.00042151   0.00101761
    1    7
 -0.00320127  -0.00182877     0.00056628  -0.00633718     0.00347659   0.00850511
 -0.00408064   0.00488148    -0.00355678  -0.00097051    -0.00847234   0.00355570
 -0.00447032  -0.00154332     0.00425229   0.00206971    -0.00101761  -0.00042151
    2    1
 -0.00101761  -0.00042151     0.00847234  -0.00355570     0.00347659   0.00850511
 -0.00425229  -0.00206971    -0.00355678  -0.00097051    -0.00056628   0.00633718
 -0.00447032  -0.00154332     0.00408064  -0.00488148    -0.00320127  -0.00182877
    2    2
  0.04329813   0.00000000    -0.00519620  -0.00022523    -0.00519620   0.00022523
 -0.00519620   0.00022523     0.03420390   0.00000000     0.01094679  -0.00001057
 -0.00519620  -0.00022523     0.01094679   0.00001057     0.03420390  -0.00000000
    2    3
  0.02688549  -0.00000000    -0.00604954   0.00050535    -0.00604954  -0.00050535
 -0.00604954   0.00050535    -0.01859288  -0.00869747    -0.01101746   0.00000000
 -0.00604954  -0.00050535    -0.01101746   0.00000000    -0.01859288   0.00869747
    2    4
 -0.01518969  -0.00189385     0.00664927   0.00664927     0.00235381  -0.00657223
 -0.01565572  -0.01565573    -0.00189385  -0.01518969     0.00185528   0.00910488
 -0.00910488  -0.00185528     0.00657223  -0.00235381    -0.00472560  -0.00472560
    2    5
 -0.01344174  -0.00042936     0.01734182  -0.00653138     0.00339525   0.00473349
  0.02668228  -0.00560678    -0.01344174  -0.00042936    -0.01344804   0.00450186
  0.01344804  -0.00450186    -0.00339525  -0.00473349    -0.00326704  -0.01789597
    2    6
 -0.01518969   0.00189385     0.00235381   0.00657223     0.00664927  -0.00664927
 -0.00910488   0.00185528    -0.00472560   0.00472560     0.00657223   0.00235381
 -0.01565572   0.01565573     0.00185528  -0.00910488    -0.00189385   0.01518969
    2    7
 -0.01344174   0.00042936     0.00339525  -0.00473349     0.01734182   0.00653138
  0.01344804   0.00450186    -0.00326704   0.01789597    -0.00339525   0.00473349
  0.02668228   0.00560678    -0.01344804  -0.00450186    -0.01344174   0.00042936
    3    1
 -0.00101761  -0.00042151     0.00347659   0.00850511     0.00847234  -0.00355570
 -0.00447032  -0.00154332    -0.00320127  -0.00182877     0.00408064  -0.00488148
 -0.00425229  -0.00206971    -0.00056628   0.00633718    -0.00355678  -0.00097051
    3    2
  0.02688549   0.00000000    -0.00604954  -0.00050535    -0.00604954   0.00050535
 -0.00604954  -0.00050535    -0.01859288   0.00869747    -0.01101746  -0.00000000
 -0.00604954   0.00050535    -0.01101746  -0.00000000    -0.01859288  -0.00869747
    3    3
  0.04329813  -0.00000000    -0.00519620   0.00022523    -0.00519620  -0.00022523
 -0.00519620  -0.00022523     0.03420390  -0.00000000     0.01094679   0.00001057
 -0.00519620   0.00022523     0.01094679  -0.00001057     0.03420390   0.00000000
    3    4
 -0.01344174   0.00042936     0.01734182   0.00653138     0.00339525  -0.00473349
  0.02668228   0.00560678    -0.01344174   0.00042936    -0.01344804  -0.00450186
  0.01344804   0.00450186    -0.00339525   0.00473349    -0.00326704   0.01789597
    3    5
 -0.01518969   0.00189385     0.00664927  -0.00664927     0.00235381   0.00657223
 -0.01565572   0.01565573    -0.00189385   0.01518969     0.00185528  -0.00910488
 -0.00910488   0.00185528     0.00657223   0.00235381    -0.00472560   0.00472560
    3    6
 -0.01344174  -0.00042936     0.00339525   0.00473349     0.01734182  -0.00653138
  0.01344804  -0.00450186    -0.00326704  -0.01789597    -0.00339525  -0.00473349
  0.02668228  -0.00560678    -0.01344804   0.00450186    -0.01344174  -0.00042936
    3    7
 -0.01518969  -0.00189385     0.00235381  -0.00657223     0.00664927   0.00664927
 -0.00910488  -0.00185528    -0.00472560  -0.00472560     0.00657223  -0.00235381
 -0.01565572  -0.01565573     0.00185528   0.00910488    -0.00189385  -0.01518969
    4    1
 -0.00320127   0.00182877    -0.00447032   0.00154332    -0.00408064  -0.00488148
  0.00347659  -0.00850511    -0.00101761   0.00042151    -0.00847234  -0.00355570
  0.00056628   0.00633718     0.00425229  -0.00206971    -0.00355678   0.00097051
    4    2
 -0.01518969   0.00189385    -0.01565572   0.01565573    -0.00910488   0.00185528
  0.00664927  -0.00664927    -0.00189385   0.01518969     0.00657223   0.00235381
  0.00235381   0.00657223     0.00185528  -0.00910488    -0.00472560   0.00472560
    4    3
 -0.01344174  -0.00042936     0.02668228  -0.00560678     0.01344804  -0.00450186
  0.01734182  -0.00653138    -0.01344174  -0.00042936    -0.00339525  -0.00473349
  0.00339525   0.00473349    -0.01344804   0.00450186    -0.00326704  -0.01789597
    4    4
  0.03420390   0.00000000    -0.00519620   0.00022523    -0.01094679   0.00001057
 -0.00519620  -0.00022523     0.04329813  -0.00000000     0.00519620  -0.00022523
 -0.01094679  -0.00001057     0.00519620   0.00022523     0.03420390  -0.00000000
    4    5
 -0.00869746   0.01859289     0.00050535   0.00604954    -0.00000000  -0.01101746
  0.00050535   0.00604954    -0.00000001  -0.02688549     0.00050535  -0.00604954
 -0.00000000  -0.01101746     0.00050535  -0.00604954     0.00869748   0.01859288
    4    6
  0.01496451  -0.01034422    -0.00632591  -0.01269249    -0.00574789   0.00094628
 -0.00574789   0.00094628     0.00980835   0.00920114     0.00764414   0.01688090
 -0.00632591  -0.01269249     0.01490264   0.02283180     0.00980835   0.00920114
    4    7
 -0.00668301   0.00000000    -0.00775001  -0.00512624    -0.00298287  -0.00631166
 -0.00298287   0.00631166    -0.01207989  -0.00940158    -0.00940349   0.00000000
 -0.00775001   0.00512624     0.02214054  -0.00000000    -0.01207989   0.00940158
    5    1
 -0.00097050  -0.00355678    -0.00206971  -0.00425229    -0.00633718   0.00056628
 -0.00355571   0.00847234    -0.00042151  -0.00101761    -0.00850511  -0.00347659
  0.00488148  -0.00408064     0.00154332   0.00447033    -0.00182877  -0.00320127
    5    2
 -0.01344174   0.00042936     0.02668228   0.00560678     0.01344804   0.00450186
  0.01734182   0.00653138    -0.01344174   0.00042936    -0.00339525   0.00473349
  0.00339525  -0.00473349    -0.01344804  -0.00450186    -0.00326704   0.01789597
    5    3
 -0.01518969  -0.00189385    -0.01565572  -0.01565573    -0.00910488  -0.00185528
  0.00664927   0.00664927    -0.00189385  -0.01518969     0.00657223  -0.00235381
  0.00235381  -0.00657223     0.00185528   0.00910488    -0.00472560  -0.00472560
    5    4
 -0.00869746  -0.01859289     0.00050535  -0.00604954    -0.00000000   0.01101746
  0.00050535  -0.00604954    -0.00000001   0.02688549     0.00050535   0.00604954
 -0.00000000   0.01101746     0.00050535   0.00604954     0.00869748  -0.01859288
    5    5
  0.03420390  -0.00000000    -0.00519620  -0.00022523    -0.01094679  -0.00001057
 -0.00519620   0.00022523     0.04329813  -0.00000000     0.00519620   0.00022523
 -0.01094679   0.00001057     0.00519620  -0.00022523     0.03420390   0.00000000
    5    6
 -0.00668301  -0.00000000    -0.00775001   0.00512624    -0.00298287   0.00631166
 -0.00298287  -0.00631166    -0.01207989   0.00940158    -0.00940349  -0.00000000
 -0.00775001  -0.00512624     0.02214054   0.00000000    -0.01207989  -0.00940158
    5    7
  0.01496451   0.01034422    -0.00632591   0.01269249    -0.00574789  -0.00094628
 -0.00574789  -0.00094628     0.00980835  -0.00920114     0.00764414  -0.01688090
 -0.00632591   0.01269249     0.01490264  -0.02283180     0.00980835  -0.00920114
    6    1
 -0.00097050  -0.00355678    -0.00633718   0.00056628    -0.00206971  -0.00425229
  0.00488148  -0.00408064    -0.00182877  -0.00320127     0.00154332   0.00447033
 -0.00355571   0.00847234    -0.00850511  -0.00347659    -0.00042151  -0.00101761
    6    2
 -0.01518969  -0.00189385    -0.00910488  -0.00185528    -0.01565572  -0.01565573
  0.00235381  -0.00657223    -0.00472560  -0.00472560     0.00185528   0.00910488
  0.00664927   0.00664927     0.00657223  -0.00235381    -0.00189385  -0.01518969
    6    3
 -0.01344174   0.00042936     0.01344804   0.00450186     0.02668228   0.00560678
  0.00339525  -0.00473349    -0.00326704   0.01789597    -0.01344804  -0.00450186
  0.01734182   0.00653138    -0.00339525   0.00473349    -0.01344174   0.00042936
    6    4
  0.01496451   0.01034422    -0.00574789  -0.00094628    -0.00632591   0.01269249
 -0.00632591   0.01269249     0.00980835  -0.00920114     0.01490264  -0.02283180
 -0.00574789  -0.00094628     0.00764414  -0.01688090     0.00980835  -0.00920114
    6    5
 -0.00668301   0.00000000    -0.00298287   0.00631166    -0.00775001   0.00512624
 -0.00775001  -0.00512624    -0.01207989  -0.00940158     0.02214054  -0.00000000
 -0.00298287  -0.00631166    -0.00940349  -0.00000000    -0.01207989   0.00940158
    6    6
  0.03420390  -0.00000000    -0.01094679  -0.00001057    -0.00519620  -0.00022523
 -0.01094679   0.00001057     0.03420390   0.00000000     0.00519620  -0.00022523
 -0.00519620   0.00022523     0.00519620   0.00022523     0.04329813  -0.00000000
    6    7
 -0.00869746  -0.01859289    -0.00000000   0.01101746     0.00050535  -0.00604954
 -0.00000000   0.01101746     0.00869748  -0.01859288     0.00050535   0.00604954
  0.00050535  -0.00604954     0.00050535   0.00604954    -0.00000001   0.02688549
    7    1
 -0.00320127   0.00182877    -0.00408064  -0.00488148    -0.00447032   0.00154332
  0.00056628   0.00633718    -0.00355678   0.00097051     0.00425229  -0.00206971
  0.00347659  -0.00850511    -0.00847234  -0.00355570    -0.00101761   0.00042151
    7    2
 -0.01344174  -0.00042936     0.01344804  -0.00450186     0.02668228  -0.00560678
  0.00339525   0.00473349    -0.00326704  -0.01789597    -0.01344804   0.00450186
  0.01734182  -0.00653138    -0.00339525  -0.00473349    -0.01344174  -0.00042936
    7    3
 -0.01518969   0.00189385    -0.00910488   0.00185528    -0.01565572   0.01565573
  0.00235381   0.00657223    -0.00472560   0.00472560     0.00185528  -0.00910488
  0.00664927  -0.00664927     0.00657223   0.00235381    -0.00189385   0.01518969
    7    4
 -0.00668301  -0.00000000    -0.00298287  -0.00631166    -0.00775001  -0.00512624
 -0.00775001   0.00512624    -0.01207989   0.00940158     0.02214054   0.00000000
 -0.00298287   0.00631166    -0.00940349  -0.00000000    -0.01207989  -0.00940158
    7    5
  0.01496451  -0.01034422    -0.00574789   0.00094628    -0.00632591  -0.01269249
 -0.00632591  -0.01269249     0.00980835   0.00920114     0.01490264   0.02283180
 -0.00574789   0.00094628     0.00764414   0.01688090     0.00980835   0.00920114
    7    6
 -0.00869746   0.01859289    -0.00000000  -0.01101746     0.00050535   0.00604954
 -0.00000000  -0.01101746     0.00869748   0.01859288     0.00050535  -0.00604954
  0.00050535   0.00604954     0.00050535  -0.00604954    -0.00000001  -0.02688549
    7    7
  0.03420390   0.00000000    -0.01094679   0.00001057    -0.00519620   0.00022523
 -0.01094679  -0.00001057     0.03420390  -0.00000000     0.00519620   0.00022523
 -0.00519620  -0.00022523     0.00519620  -0.00022523     0.04329813  -0.00000000

     Dynamical  Matrix in cartesian axes

     q = (   -0.216506400  -0.216506400  -0.216506400 ) 

    1    1
  0.04114509   0.00000000     0.00053737   0.00000000     0.00053737   0.00000000
  0.00053737   0.00000000     0.04114509   0.00000000     0.00053737   0.00000000
  0.00053737   0.00000000     0.00053737   0.00000000     0.04114509   0.00000000
    1    2
 -0.00042151  -0.00101761     0.00206971   0.00425229     0.00154332   0.00447033
  0.00355571  -0.00847234    -0.00097050  -0.00355678    -0.00488148   0.00408064
 -0.00850511  -0.00347659     0.00633718  -0.00056628    -0.00182877  -0.00320127
    1    3
 -0.00042151  -0.00101761     0.00154332   0.00447033     0.00206971   0.00425229
 -0.00850511  -0.00347659    -0.00182877  -0.00320127     0.00633718  -0.00056628
  0.00355571  -0.00847234    -0.00488148   0.00408064    -0.00097050  -0.00355678
    1    4
 -0.00182877  -0.00320127    -0.00850511  -0.00347659     0.00633718  -0.00056628
  0.00154332   0.00447033    -0.00042151  -0.00101761     0.00206971   0.00425229
 -0.00488148   0.00408064     0.00355571  -0.00847234    -0.00097050  -0.00355678
    1    5
 -0.00097050  -0.00355678     0.00355571  -0.00847234    -0.00488148   0.00408064
  0.00206971   0.00425229    -0.00042151  -0.00101761     0.00154332   0.00447033
  0.00633718  -0.00056628    -0.00850511  -0.00347659    -0.00182877  -0.00320127
    1    6
 -0.00097050  -0.00355678    -0.00488148   0.00408064     0.00355571  -0.00847234
  0.00633718  -0.00056628    -0.00182877  -0.00320127    -0.00850511  -0.00347659
  0.00206971   0.00425229     0.00154332   0.00447033    -0.00042151  -0.00101761
    1    7
 -0.00182877  -0.00320127     0.00633718  -0.00056628    -0.00850511  -0.00347659
 -0.00488148   0.00408064    -0.00097050  -0.00355678     0.00355571  -0.00847234
