  2.500000000000000E-002   1.26011648066226        2.33218954087644     
           6

     Dynamical  Matrix in cartesian axes

     q = (    0.000000000   0.000000000   0.216506400 ) 

    1    1
  0.01565800   0.00000000     0.00000000   0.00000000    -0.00000000   0.00000000
  0.00000000   0.00000000     0.01565800   0.00000000    -0.00000000   0.00000000
 -0.00000000   0.00000000    -0.00000000   0.00000000     0.24562383   0.00000000
    1    2
 -0.00321398   0.00321398     0.00000000   0.00000000    -0.01210457  -0.01210457
  0.00000000   0.00000000    -0.00020007   0.00020007     0.00000000   0.00000000
 -0.02536974  -0.02536973    -0.00000000  -0.00000000     0.00337854  -0.00337854
    1    3
 -0.00454526  -0.00000000    -0.00000000  -0.00000000     0.00000000   0.01711844
 -0.00000000  -0.00000000    -0.00028294  -0.00000000    -0.00000000  -0.00000000
  0.00000000   0.03587823    -0.00000000   0.00000000     0.00477798  -0.00000000
    1    4
 -0.00028294  -0.00000000    -0.00000000  -0.00000000    -0.00000000   0.00000000
 -0.00000000  -0.00000000    -0.00454526  -0.00000000     0.00000000   0.01711844
 -0.00000000   0.00000000     0.00000000   0.03587823     0.00477798  -0.00000000
    1    5
 -0.00020007   0.00020007     0.00000000   0.00000000     0.00000000   0.00000000
  0.00000000   0.00000000    -0.00321398   0.00321398    -0.01210457  -0.01210457
 -0.00000000  -0.00000000    -0.02536974  -0.02536973     0.00337854  -0.00337854
    1    6
 -0.00284267   0.01572905    -0.00000000   0.00000000     0.00000000   0.00000000
  0.00000000   0.00000000    -0.01313219  -0.00911204     0.00000000   0.00000000
  0.00000000  -0.00000000     0.00000000  -0.00000000    -0.02160201   0.00894785
    1    7
 -0.01313219  -0.00911204    -0.00000000   0.00000000     0.00000000  -0.00000000
 -0.00000000   0.00000000    -0.00284267   0.01572905     0.00000000  -0.00000000
  0.00000000  -0.00000000     0.00000000   0.00000000    -0.02160201   0.00894785
    2    1
 -0.00321398  -0.00321398     0.00000000  -0.00000000    -0.02536974   0.02536973
  0.00000000  -0.00000000    -0.00020007  -0.00020007    -0.00000000   0.00000000
 -0.01210457   0.01210457     0.00000000  -0.00000000     0.00337854   0.00337854
    2    2
  0.01962167  -0.00000000    -0.00000000  -0.00000000    -0.00000000   0.00445631
 -0.00000000   0.00000000     0.08446155  -0.00000000    -0.00000000  -0.00000000
 -0.00000000  -0.00445631    -0.00000000   0.00000000     0.03723202  -0.00000000
    2    3
 -0.00867502  -0.00867502     0.00000000   0.00000000     0.00466360  -0.00466360
  0.00000000   0.00000000    -0.05835133  -0.05835135     0.00000000   0.00000000
  0.00466360  -0.00466360     0.00000000   0.00000000    -0.01921988  -0.01921988
    2    4
 -0.00061198  -0.00061198    -0.00824796  -0.00824796     0.00053734  -0.00053734
 -0.05836949  -0.05836951    -0.00061198  -0.00061198     0.00039094  -0.00039094
  0.00039094  -0.00039094     0.00053734  -0.00053734     0.00199454   0.00199454
    2    5
 -0.00086547   0.00000000     0.01166437   0.00000000     0.00000000  -0.00075991
  0.08254694  -0.00000000    -0.00086547  -0.00000000     0.00000000   0.00055287
 -0.00000000  -0.00055287     0.00000000   0.00075991     0.00282070   0.00000000
    2    6
  0.00357809  -0.00312674     0.00000000   0.00000000    -0.00349758  -0.00298004
  0.00000000   0.00000000     0.00034960   0.00046308     0.00000000  -0.00000000
 -0.02032928  -0.02248928     0.00000000   0.00000000    -0.00150663  -0.00074305
    2    7
  0.00031915   0.00474103     0.00000000   0.00000000     0.00458037   0.00036596
 -0.00000000   0.00000000     0.00057465  -0.00008024     0.00000000   0.00000000
  0.03027730  -0.00152735     0.00000000   0.00000000    -0.00159076  -0.00053993
    3    1
 -0.00454526   0.00000000     0.00000000   0.00000000     0.00000000  -0.03587823
 -0.00000000   0.00000000    -0.00028294   0.00000000    -0.00000000   0.00000000
  0.00000000  -0.01711844    -0.00000000   0.00000000     0.00477798   0.00000000
    3    2
 -0.00867502   0.00867502     0.00000000   0.00000000     0.00466360   0.00466360
  0.00000000  -0.00000000    -0.05835133   0.05835135     0.00000000  -0.00000000
  0.00466360   0.00466360     0.00000000  -0.00000000    -0.01921988   0.01921988
    3    3
  0.01962167   0.00000000    -0.00000000   0.00000000    -0.00000000  -0.00445631
 -0.00000000  -0.00000000     0.08446155   0.00000000    -0.00000000   0.00000000
 -0.00000000   0.00445631    -0.00000000   0.00000000     0.03723202   0.00000000
    3    4
 -0.00086547  -0.00000000     0.01166437  -0.00000000     0.00000000   0.00075991
  0.08254694  -0.00000000    -0.00086547   0.00000000     0.00000000  -0.00055287
 -0.00000000   0.00055287     0.00000000  -0.00075991     0.00282070   0.00000000
    3    5
 -0.00061198   0.00061198    -0.00824796   0.00824796     0.00053734   0.00053734
 -0.05836949   0.05836951    -0.00061198   0.00061198     0.00039094   0.00039094
  0.00039094   0.00039094     0.00053734   0.00053734     0.00199454  -0.00199454
    3    6
  0.00031915  -0.00474103     0.00000000   0.00000000     0.00458037  -0.00036596
 -0.00000000  -0.00000000     0.00057465   0.00008024     0.00000000   0.00000000
  0.03027730   0.00152735     0.00000000   0.00000000    -0.00159076   0.00053993
    3    7
  0.00357809   0.00312674    -0.00000000  -0.00000000    -0.00349758   0.00298004
  0.00000000  -0.00000000     0.00034960  -0.00046308     0.00000000   0.00000000
 -0.02032928   0.02248928     0.00000000  -0.00000000    -0.00150663   0.00074305
    4    1
 -0.00028294   0.00000000     0.00000000   0.00000000    -0.00000000  -0.00000000
  0.00000000   0.00000000    -0.00454526   0.00000000     0.00000000  -0.03587823
 -0.00000000   0.00000000     0.00000000  -0.01711844     0.00477798   0.00000000
    4    2
 -0.00061198   0.00061198    -0.05836949   0.05836951     0.00039094   0.00039094
 -0.00824796   0.00824796    -0.00061198   0.00061198     0.00053734   0.00053734
  0.00053734   0.00053734     0.00039094   0.00039094     0.00199454  -0.00199454
    4    3
 -0.00086547   0.00000000     0.08254694   0.00000000     0.00000000  -0.00055287
  0.01166437   0.00000000    -0.00086547   0.00000000    -0.00000000   0.00075991
  0.00000000  -0.00075991    -0.00000000   0.00055287     0.00282070   0.00000000
    4    4
  0.08446155   0.00000000     0.00000000  -0.00000000     0.00000000  -0.00000000
  0.00000000   0.00000000     0.01962167  -0.00000000     0.00000000  -0.00445631
  0.00000000   0.00000000     0.00000000   0.00445631     0.03723202  -0.00000000
    4    5
 -0.05835133   0.05835135    -0.00000000   0.00000000     0.00000000   0.00000000
 -0.00000000   0.00000000    -0.00867502   0.00867502     0.00466360   0.00466360
  0.00000000  -0.00000000     0.00466360   0.00466360    -0.01921988   0.01921988
    4    6
  0.00034960  -0.00046308     0.00000000  -0.00000000    -0.00000000   0.00000000
 -0.00000000  -0.00000000     0.00357809   0.00312674    -0.00349758   0.00298004
  0.00000000  -0.00000000    -0.02032928   0.02248928    -0.00150663   0.00074305
    4    7
  0.00057465   0.00008024    -0.00000000   0.00000000     0.00000000  -0.00000000
 -0.00000000   0.00000000     0.00031915  -0.00474103     0.00458037  -0.00036596
 -0.00000000  -0.00000000     0.03027730   0.00152735    -0.00159076   0.00053993
    5    1
 -0.00020007  -0.00020007     0.00000000  -0.00000000     0.00000000  -0.00000000
  0.00000000  -0.00000000    -0.00321398  -0.00321398    -0.02536974   0.02536973
 -0.00000000  -0.00000000    -0.01210457   0.01210457     0.00337854   0.00337854
    5    2
 -0.00086547  -0.00000000     0.08254694  -0.00000000     0.00000000   0.00055287
  0.01166437   0.00000000    -0.00086547   0.00000000    -0.00000000  -0.00075991
  0.00000000   0.00075991    -0.00000000  -0.00055287     0.00282070   0.00000000
    5    3
 -0.00061198  -0.00061198    -0.05836949  -0.05836951     0.00039094  -0.00039094
 -0.00824796  -0.00824796    -0.00061198  -0.00061198     0.00053734  -0.00053734
  0.00053734  -0.00053734     0.00039094  -0.00039094     0.00199454   0.00199454
    5    4
 -0.05835133  -0.05835135    -0.00000000   0.00000000     0.00000000   0.00000000
 -0.00000000  -0.00000000    -0.00867502  -0.00867502     0.00466360  -0.00466360
  0.00000000   0.00000000     0.00466360  -0.00466360    -0.01921988  -0.01921988
    5    5
  0.08446155  -0.00000000     0.00000000   0.00000000     0.00000000   0.00000000
  0.00000000  -0.00000000     0.01962167   0.00000000     0.00000000   0.00445631
  0.00000000  -0.00000000     0.00000000  -0.00445631     0.03723202   0.00000000
    5    6
  0.00057465  -0.00008024    -0.00000000  -0.00000000     0.00000000  -0.00000000
 -0.00000000  -0.00000000     0.00031915   0.00474103     0.00458037   0.00036596
 -0.00000000   0.00000000     0.03027730  -0.00152735    -0.00159076  -0.00053993
    5    7
  0.00034960   0.00046308     0.00000000   0.00000000    -0.00000000  -0.00000000
 -0.00000000   0.00000000     0.00357809  -0.00312674    -0.00349758  -0.00298004
  0.00000000   0.00000000    -0.02032928  -0.02248928    -0.00150663  -0.00074305
    6    1
 -0.00284267  -0.01572905    -0.00000000  -0.00000000     0.00000000   0.00000000
  0.00000000  -0.00000000    -0.01313219   0.00911204     0.00000000   0.00000000
  0.00000000   0.00000000     0.00000000   0.00000000    -0.02160201  -0.00894785
    6    2
  0.00357809   0.00312674     0.00000000  -0.00000000    -0.02032928   0.02248928
 -0.00000000  -0.00000000     0.00034960  -0.00046308     0.00000000  -0.00000000
 -0.00349758   0.00298004    -0.00000000   0.00000000    -0.00150663   0.00074305
    6    3
  0.00031915   0.00474103    -0.00000000  -0.00000000     0.03027730  -0.00152735
 -0.00000000  -0.00000000     0.00057465  -0.00008024     0.00000000  -0.00000000
  0.00458037   0.00036596     0.00000000  -0.00000000    -0.00159076  -0.00053993
    6    4
  0.00034960   0.00046308    -0.00000000   0.00000000    -0.00000000   0.00000000
 -0.00000000   0.00000000     0.00357809  -0.00312674    -0.02032928  -0.02248928
 -0.00000000   0.00000000    -0.00349758  -0.00298004    -0.00150663  -0.00074305
    6    5
  0.00057465   0.00008024     0.00000000   0.00000000     0.00000000   0.00000000
 -0.00000000   0.00000000     0.00031915  -0.00474103     0.03027730   0.00152735
  0.00000000   0.00000000     0.00458037  -0.00036596    -0.00159076   0.00053993
    6    6
  0.03127888  -0.00000000    -0.00000000   0.00000000    -0.00000000   0.00000000
 -0.00000000   0.00000000     0.03127888   0.00000000    -0.00000000   0.00000000
 -0.00000000   0.00000000    -0.00000000   0.00000000     0.01901200   0.00000000
    6    7
 -0.01713649   0.02168749     0.00000000  -0.00000000    -0.00000000   0.00000000
  0.00000000  -0.00000000    -0.01713649  -0.02168749    -0.00000000   0.00000000
 -0.00000000  -0.00000000    -0.00000000  -0.00000000    -0.00103964  -0.00000000
    7    1
 -0.01313219   0.00911204     0.00000000   0.00000000     0.00000000   0.00000000
  0.00000000  -0.00000000    -0.00284267  -0.01572905     0.00000000   0.00000000
  0.00000000   0.00000000     0.00000000   0.00000000    -0.02160201  -0.00894785
    7    2
  0.00031915  -0.00474103    -0.00000000   0.00000000     0.03027730   0.00152735
 -0.00000000   0.00000000     0.00057465   0.00008024     0.00000000   0.00000000
  0.00458037  -0.00036596     0.00000000   0.00000000    -0.00159076   0.00053993
    7    3
  0.00357809  -0.00312674     0.00000000   0.00000000    -0.02032928  -0.02248928
 -0.00000000   0.00000000     0.00034960   0.00046308     0.00000000   0.00000000
 -0.00349758  -0.00298004    -0.00000000   0.00000000    -0.00150663  -0.00074305
    7    4
  0.00057465  -0.00008024     0.00000000  -0.00000000     0.00000000  -0.00000000
 -0.00000000  -0.00000000     0.00031915   0.00474103     0.03027730  -0.00152735
  0.00000000   0.00000000     0.00458037   0.00036596    -0.00159076  -0.00053993
    7    5
  0.00034960  -0.00046308     0.00000000  -0.00000000     0.00000000   0.00000000
  0.00000000  -0.00000000     0.00357809   0.00312674    -0.02032928   0.02248928
 -0.00000000  -0.00000000    -0.00349758   0.00298004    -0.00150663   0.00074305
    7    6
 -0.01713649  -0.02168749     0.00000000   0.00000000    -0.00000000   0.00000000
  0.00000000   0.00000000    -0.01713649   0.02168749    -0.00000000   0.00000000
 -0.00000000   0.00000000    -0.00000000   0.00000000    -0.00103964   0.00000000
    7    7
  0.03127888   0.00000000    -0.00000000  -0.00000000    -0.00000000   0.00000000
 -0.00000000   0.00000000     0.03127888  -0.00000000    -0.00000000   0.00000000
 -0.00000000   0.00000000    -0.00000000   0.00000000     0.01901200   0.00000000

     Dynamical  Matrix in cartesian axes

     q = (    0.216506400  -0.000000000   0.000000000 ) 

    1    1
  0.24562383   0.00000000     0.00000000   0.00000000     0.00000000   0.00000000
 -0.00000000   0.00000000     0.01565800   0.00000000     0.00000000   0.00000000
  0.00000000   0.00000000     0.00000000   0.00000000     0.01565800   0.00000000
    1    2
 -0.02160201   0.00894785     0.00000000   0.00000000     0.00000000   0.00000000
  0.00000000  -0.00000000    -0.00284267   0.01572905     0.00000000   0.00000000
  0.00000000   0.00000000     0.00000000   0.00000000    -0.01313219  -0.00911204
    1    3
 -0.02160201   0.00894785     0.00000000   0.00000000     0.00000000  -0.00000000
  0.00000000   0.00000000    -0.01313219  -0.00911204    -0.00000000  -0.00000000
  0.00000000  -0.00000000    -0.00000000  -0.00000000    -0.00284267   0.01572905
    1    4
  0.00337854  -0.00337854    -0.02536974  -0.02536973    -0.00000000   0.00000000
 -0.01210457  -0.01210457    -0.00321398   0.00321398    -0.00000000   0.00000000
 -0.00000000   0.00000000    -0.00000000   0.00000000    -0.00020007   0.00020007
    1    5
  0.00477798  -0.00000000     0.00000000   0.03587823     0.00000000   0.00000000
  0.00000000   0.01711844    -0.00454526  -0.00000000     0.00000000   0.00000000
  0.00000000   0.00000000     0.00000000   0.00000000    -0.00028294   0.00000000
    1    6
  0.00477798  -0.00000000    -0.00000000  -0.00000000     0.00000000   0.03587823
 -0.00000000  -0.00000000    -0.00028294  -0.00000000     0.00000000   0.00000000
  0.00000000   0.01711844     0.00000000  -0.00000000    -0.00454526   0.00000000
    1    7
  0.00337854  -0.00337854     0.00000000   0.00000000    -0.02536974  -0.02536973
  0.00000000   0.00000000    -0.00020007   0.00020007     0.00000000  -0.00000000
 -0.01210457  -0.01210457     0.00000000  -0.00000000    -0.00321398   0.00321398
    2    1
 -0.02160201  -0.00894785     0.00000000   0.00000000     0.00000000  -0.00000000
  0.00000000   0.00000000    -0.00284267  -0.01572905     0.00000000  -0.00000000
  0.00000000  -0.00000000     0.00000000  -0.00000000    -0.01313219   0.00911204
    2    2
  0.01901200   0.00000000     0.00000000   0.00000000    -0.00000000   0.00000000
 -0.00000000   0.00000000     0.03127888  -0.00000000    -0.00000000   0.00000000
 -0.00000000   0.00000000    -0.00000000   0.00000000     0.03127888   0.00000000
    2    3
 -0.00103964  -0.00000000    -0.00000000  -0.00000000     0.00000000   0.00000000
  0.00000000  -0.00000000    -0.01713649   0.02168749     0.00000000   0.00000000
  0.00000000   0.00000000     0.00000000   0.00000000    -0.01713649  -0.02168749
    2    4
 -0.00150663   0.00074305    -0.00349758   0.00298004    -0.00000000  -0.00000000
 -0.02032928   0.02248928     0.00357809   0.00312674    -0.00000000   0.00000000
  0.00000000  -0.00000000     0.00000000  -0.00000000     0.00034960  -0.00046308
    2    5
 -0.00159076  -0.00053993     0.00458037   0.00036596     0.00000000  -0.00000000
  0.03027730  -0.00152735     0.00031915   0.00474103    -0.00000000   0.00000000
  0.00000000  -0.00000000    -0.00000000   0.00000000     0.00057465  -0.00008024
    2    6
 -0.00150663  -0.00074305     0.00000000   0.00000000    -0.00349758  -0.00298004
  0.00000000   0.00000000     0.00034960   0.00046308     0.00000000   0.00000000
 -0.02032928  -0.02248928     0.00000000   0.00000000     0.00357809  -0.00312674
    2    7
 -0.00159076   0.00053993    -0.00000000   0.00000000     0.00458037  -0.00036596
 -0.00000000  -0.00000000     0.00057465   0.00008024     0.00000000   0.00000000
  0.03027730   0.00152735     0.00000000   0.00000000     0.00031915  -0.00474103
    3    1
 -0.02160201  -0.00894785     0.00000000  -0.00000000     0.00000000   0.00000000
  0.00000000  -0.00000000    -0.01313219   0.00911204     0.00000000  -0.00000000
  0.00000000   0.00000000     0.00000000   0.00000000    -0.00284267  -0.01572905
    3    2
 -0.00103964   0.00000000    -0.00000000   0.00000000     0.00000000  -0.00000000
  0.00000000   0.00000000    -0.01713649  -0.02168749     0.00000000  -0.00000000
  0.00000000  -0.00000000     0.00000000  -0.00000000    -0.01713649   0.02168749
    3    3
  0.01901200  -0.00000000     0.00000000  -0.00000000    -0.00000000  -0.00000000
 -0.00000000  -0.00000000     0.03127888   0.00000000    -0.00000000  -0.00000000
 -0.00000000  -0.00000000    -0.00000000  -0.00000000     0.03127888  -0.00000000
    3    4
 -0.00159076   0.00053993     0.00458037  -0.00036596     0.00000000   0.00000000
  0.03027730   0.00152735     0.00031915  -0.00474103     0.00000000   0.00000000
  0.00000000   0.00000000     0.00000000   0.00000000     0.00057465   0.00008024
    3    5
 -0.00150663  -0.00074305    -0.00349758  -0.00298004     0.00000000   0.00000000
 -0.02032928  -0.02248928     0.00357809  -0.00312674     0.00000000   0.00000000
  0.00000000   0.00000000     0.00000000   0.00000000     0.00034960   0.00046308
    3    6
 -0.00159076  -0.00053993    -0.00000000   0.00000000     0.00458037   0.00036596
 -0.00000000   0.00000000     0.00057465  -0.00008024     0.00000000  -0.00000000
  0.03027730  -0.00152735    -0.00000000  -0.00000000     0.00031915   0.00474103
    3    7
 -0.00150663   0.00074305     0.00000000  -0.00000000    -0.00349758   0.00298004
  0.00000000  -0.00000000     0.00034960  -0.00046308     0.00000000  -0.00000000
 -0.02032928   0.02248928     0.00000000   0.00000000     0.00357809   0.00312674
    4    1
  0.00337854   0.00337854    -0.01210457   0.01210457     0.00000000   0.00000000
 -0.02536974   0.02536973    -0.00321398  -0.00321398     0.00000000   0.00000000
  0.00000000  -0.00000000     0.00000000   0.00000000    -0.00020007  -0.00020007
    4    2
 -0.00150663  -0.00074305    -0.02032928  -0.02248928    -0.00000000  -0.00000000
 -0.00349758  -0.00298004     0.00357809  -0.00312674    -0.00000000   0.00000000
  0.00000000   0.00000000     0.00000000   0.00000000     0.00034960   0.00046308
    4    3
 -0.00159076  -0.00053993     0.03027730  -0.00152735     0.00000000   0.00000000
  0.00458037   0.00036596     0.00031915   0.00474103    -0.00000000   0.00000000
  0.00000000   0.00000000     0.00000000  -0.00000000     0.00057465  -0.00008024
    4    4
  0.03723202  -0.00000000     0.00000000  -0.00445631    -0.00000000   0.00000000
  0.00000000   0.00445631     0.01962167  -0.00000000    -0.00000000   0.00000000
 -0.00000000  -0.00000000    -0.00000000  -0.00000000     0.08446155  -0.00000000
    4    5
 -0.01921988  -0.01921988     0.00466360  -0.00466360     0.00000000   0.00000000
  0.00466360  -0.00466360    -0.00867502  -0.00867502     0.00000000   0.00000000
  0.00000000   0.00000000     0.00000000   0.00000000    -0.05835133  -0.05835135
    4    6
  0.00199454   0.00199454     0.00039094  -0.00039094     0.00053734  -0.00053734
  0.00053734  -0.00053734    -0.00061198  -0.00061198    -0.00824796  -0.00824796
  0.00039094  -0.00039094    -0.05836949  -0.05836951    -0.00061198  -0.00061198
    4    7
  0.00282070  -0.00000000     0.00000000  -0.00055287     0.00000000   0.00075991
 -0.00000000  -0.00075991    -0.00086547  -0.00000000     0.01166437  -0.00000000
  0.00000000   0.00055287     0.08254694  -0.00000000    -0.00086547   0.00000000
    5    1
  0.00477798   0.00000000     0.00000000  -0.01711844     0.00000000   0.00000000
  0.00000000  -0.03587823    -0.00454526  -0.00000000     0.00000000   0.00000000
 -0.00000000   0.00000000    -0.00000000   0.00000000    -0.00028294   0.00000000
    5    2
 -0.00159076   0.00053993     0.03027730   0.00152735     0.00000000   0.00000000
  0.00458037  -0.00036596     0.00031915  -0.00474103    -0.00000000   0.00000000
  0.00000000  -0.00000000     0.00000000  -0.00000000     0.00057465   0.00008024
    5    3
 -0.00150663   0.00074305    -0.02032928   0.02248928    -0.00000000   0.00000000
 -0.00349758   0.00298004     0.00357809   0.00312674     0.00000000   0.00000000
 -0.00000000   0.00000000    -0.00000000   0.00000000     0.00034960  -0.00046308
    5    4
 -0.01921988   0.01921988     0.00466360   0.00466360     0.00000000  -0.00000000
  0.00466360   0.00466360    -0.00867502   0.00867502     0.00000000  -0.00000000
  0.00000000  -0.00000000     0.00000000  -0.00000000    -0.05835133   0.05835135
    5    5
  0.03723202   0.00000000     0.00000000   0.00445631    -0.00000000   0.00000000
  0.00000000  -0.00445631     0.01962167   0.00000000    -0.00000000   0.00000000
 -0.00000000   0.00000000    -0.00000000   0.00000000     0.08446155   0.00000000
    5    6
  0.00282070   0.00000000     0.00000000   0.00055287     0.00000000  -0.00075991
 -0.00000000   0.00075991    -0.00086547   0.00000000     0.01166437   0.00000000
  0.00000000  -0.00055287     0.08254694   0.00000000    -0.00086547  -0.00000000
    5    7
  0.00199454  -0.00199454     0.00039094   0.00039094     0.00053734   0.00053734
  0.00053734   0.00053734    -0.00061198   0.00061198    -0.00824796   0.00824796
  0.00039094   0.00039094    -0.05836949   0.05836951    -0.00061198   0.00061198
    6    1
  0.00477798   0.00000000    -0.00000000   0.00000000     0.00000000  -0.01711844
 -0.00000000   0.00000000    -0.00028294   0.00000000     0.00000000  -0.00000000
  0.00000000  -0.03587823     0.00000000  -0.00000000    -0.00454526  -0.00000000
    6    2
 -0.00150663   0.00074305     0.00000000  -0.00000000    -0.02032928   0.02248928
  0.00000000  -0.00000000     0.00034960  -0.00046308     0.00000000  -0.00000000
 -0.00349758   0.00298004     0.00000000   0.00000000     0.00357809   0.00312674
    6    3
 -0.00159076   0.00053993    -0.00000000  -0.00000000     0.03027730   0.00152735
  0.00000000  -0.00000000     0.00057465   0.00008024     0.00000000   0.00000000
  0.00458037  -0.00036596     0.00000000   0.00000000     0.00031915  -0.00474103
    6    4
  0.00199454  -0.00199454     0.00053734   0.00053734     0.00039094   0.00039094
  0.00039094   0.00039094    -0.00061198   0.00061198    -0.05836949   0.05836951
  0.00053734   0.00053734    -0.00824796   0.00824796    -0.00061198   0.00061198
    6    5
  0.00282070  -0.00000000    -0.00000000  -0.00075991    -0.00000000   0.00055287
 -0.00000000  -0.00055287    -0.00086547  -0.00000000     0.08254694  -0.00000000
  0.00000000   0.00075991     0.01166437  -0.00000000    -0.00086547   0.00000000
    6    6
  0.03723202  -0.00000000    -0.00000000  -0.00000000    -0.00000000   0.00445631
 -0.00000000   0.00000000     0.08446155   0.00000000    -0.00000000   0.00000000
 -0.00000000  -0.00445631    -0.00000000  -0.00000000     0.01962167  -0.00000000
    6    7
 -0.01921988   0.01921988     0.00000000   0.00000000     0.00466360   0.00466360
  0.00000000   0.00000000    -0.05835133   0.05835135     0.00000000   0.00000000
  0.00466360   0.00466360     0.00000000   0.00000000    -0.00867502   0.00867502
    7    1
  0.00337854   0.00337854     0.00000000  -0.00000000    -0.01210457   0.01210457
  0.00000000  -0.00000000    -0.00020007  -0.00020007     0.00000000   0.00000000
 -0.02536974   0.02536973     0.00000000   0.00000000    -0.00321398  -0.00321398
    7    2
 -0.00159076  -0.00053993    -0.00000000   0.00000000     0.03027730  -0.00152735
  0.00000000   0.00000000     0.00057465  -0.00008024     0.00000000  -0.00000000
  0.00458037   0.00036596     0.00000000  -0.00000000     0.00031915   0.00474103
    7    3
 -0.00150663  -0.00074305     0.00000000   0.00000000    -0.02032928  -0.02248928
  0.00000000   0.00000000     0.00034960   0.00046308     0.00000000   0.00000000
 -0.00349758  -0.00298004     0.00000000   0.00000000     0.00357809  -0.00312674
    7    4
  0.00282070   0.00000000    -0.00000000   0.00075991    -0.00000000  -0.00055287
 -0.00000000   0.00055287    -0.00086547  -0.00000000     0.08254694   0.00000000
  0.00000000  -0.00075991     0.01166437   0.00000000    -0.00086547  -0.00000000
    7    5
  0.00199454   0.00199454     0.00053734  -0.00053734     0.00039094  -0.00039094
  0.00039094  -0.00039094    -0.00061198  -0.00061198    -0.05836949  -0.05836951
  0.00053734  -0.00053734    -0.00824796  -0.00824796    -0.00061198  -0.00061198
    7    6
 -0.01921988  -0.01921988     0.00000000  -0.00000000     0.00466360  -0.00466360
  0.00000000   0.00000000    -0.05835133  -0.05835135     0.00000000   0.00000000
  0.00466360  -0.00466360     0.00000000  -0.00000000    -0.00867502  -0.00867502
    7    7
  0.03723202   0.00000000    -0.00000000   0.00000000    -0.00000000  -0.00445631
 -0.00000000  -0.00000000     0.08446155  -0.00000000    -0.00000000   0.00000000
 -0.00000000   0.00445631    -0.00000000   0.00000000     0.01962167   0.00000000

     Dynamical  Matrix in cartesian axes

     q = (   -0.216506400  -0.000000000  -0.000000000 ) 

    1    1
  0.24562383   0.00000000    -0.00000000   0.00000000     0.00000000   0.00000000
 -0.00000000   0.00000000     0.01565800   0.00000000     0.00000000   0.00000000
  0.00000000   0.00000000     0.00000000   0.00000000     0.01565800   0.00000000
    1    2
 -0.02160201  -0.00894785     0.00000000   0.00000000     0.00000000  -0.00000000
  0.00000000   0.00000000    -0.00284267  -0.01572905     0.00000000  -0.00000000
  0.00000000  -0.00000000     0.00000000  -0.00000000    -0.01313219   0.00911204
    1    3
 -0.02160201  -0.00894785     0.00000000  -0.00000000    -0.00000000   0.00000000
  0.00000000  -0.00000000    -0.01313219   0.00911204     0.00000000   0.00000000
 -0.00000000   0.00000000     0.00000000   0.00000000    -0.00284267  -0.01572905
    1    4
  0.00337854   0.00337854    -0.02536974   0.02536973     0.00000000   0.00000000
 -0.01210457   0.01210457    -0.00321398  -0.00321398     0.00000000   0.00000000
  0.00000000   0.00000000    -0.00000000   0.00000000    -0.00020007  -0.00020007
    1    5
  0.00477798  -0.00000000     0.00000000  -0.03587823     0.00000000  -0.00000000
  0.00000000  -0.01711844    -0.00454526   0.00000000     0.00000000   0.00000000
  0.00000000  -0.00000000     0.00000000  -0.00000000    -0.00028294   0.00000000
    1    6
  0.00477798   0.00000000    -0.00000000   0.00000000     0.00000000  -0.03587823
 -0.00000000   0.00000000    -0.00028294   0.00000000     0.00000000   0.00000000
  0.00000000  -0.01711844     0.00000000  -0.00000000    -0.00454526   0.00000000
    1    7
  0.00337854   0.00337854     0.00000000  -0.00000000    -0.02536974   0.02536973
  0.00000000  -0.00000000    -0.00020007  -0.00020007    -0.00000000   0.00000000
 -0.01210457   0.01210457     0.00000000  -0.00000000    -0.00321398  -0.00321398
    2    1
 -0.02160201   0.00894785     0.00000000  -0.00000000     0.00000000  -0.00000000
  0.00000000  -0.00000000    -0.00284267   0.01572905     0.00000000  -0.00000000
  0.00000000   0.00000000     0.00000000  -0.00000000    -0.01313219  -0.00911204
    2    2
  0.01901200   0.00000000     0.00000000  -0.00000000    -0.00000000   0.00000000
 -0.00000000  -0.00000000     0.03127888   0.00000000    -0.00000000   0.00000000
 -0.00000000   0.00000000    -0.00000000   0.00000000     0.03127888  -0.00000000
    2    3
 -0.00103964  -0.00000000     0.00000000   0.00000000     0.00000000  -0.00000000
  0.00000000  -0.00000000    -0.01713649  -0.02168749     0.00000000  -0.00000000
  0.00000000  -0.00000000     0.00000000  -0.00000000    -0.01713649   0.02168749
    2    4
 -0.00150663  -0.00074305    -0.00349758  -0.00298004     0.00000000   0.00000000
 -0.02032928  -0.02248928     0.00357809  -0.00312674     0.00000000   0.00000000
  0.00000000   0.00000000    -0.00000000   0.00000000     0.00034960   0.00046308
    2    5
 -0.00159076   0.00053993     0.00458037  -0.00036596    -0.00000000  -0.00000000
  0.03027730   0.00152735     0.00031915  -0.00474103     0.00000000   0.00000000
 -0.00000000   0.00000000    -0.00000000   0.00000000     0.00057465   0.00008024
    2    6
 -0.00150663   0.00074305     0.00000000  -0.00000000    -0.00349758   0.00298004
  0.00000000  -0.00000000     0.00034960  -0.00046308    -0.00000000  -0.00000000
 -0.02032928   0.02248928     0.00000000  -0.00000000     0.00357809   0.00312674
    2    7
 -0.00159076  -0.00053993    -0.00000000   0.00000000     0.00458037   0.00036596
  0.00000000  -0.00000000     0.00057465  -0.00008024    -0.00000000  -0.00000000
  0.03027730  -0.00152735    -0.00000000  -0.00000000     0.00031915   0.00474103
    3    1
 -0.02160201   0.00894785     0.00000000   0.00000000    -0.00000000  -0.00000000
  0.00000000   0.00000000    -0.01313219  -0.00911204     0.00000000  -0.00000000
 -0.00000000  -0.00000000     0.00000000  -0.00000000    -0.00284267   0.01572905
    3    2
 -0.00103964   0.00000000     0.00000000  -0.00000000     0.00000000   0.00000000
  0.00000000   0.00000000    -0.01713649   0.02168749     0.00000000   0.00000000
  0.00000000   0.00000000     0.00000000   0.00000000    -0.01713649  -0.02168749
    3    3
  0.01901200   0.00000000     0.00000000   0.00000000    -0.00000000  -0.00000000
 -0.00000000   0.00000000     0.03127888  -0.00000000    -0.00000000  -0.00000000
 -0.00000000  -0.00000000    -0.00000000  -0.00000000     0.03127888   0.00000000
    3    4
 -0.00159076  -0.00053993     0.00458037   0.00036596    -0.00000000  -0.00000000
  0.03027730  -0.00152735     0.00031915   0.00474103     0.00000000  -0.00000000
 -0.00000000  -0.00000000     0.00000000  -0.00000000     0.00057465  -0.00008024
    3    5
 -0.00150663   0.00074305    -0.00349758   0.00298004    -0.00000000   0.00000000
 -0.02032928   0.02248928     0.00357809   0.00312674    -0.00000000   0.00000000
  0.00000000  -0.00000000    -0.00000000   0.00000000     0.00034960  -0.00046308
    3    6
 -0.00159076   0.00053993    -0.00000000  -0.00000000     0.00458037  -0.00036596
  0.00000000  -0.00000000     0.00057465   0.00008024    -0.00000000   0.00000000
  0.03027730   0.00152735    -0.00000000   0.00000000     0.00031915  -0.00474103
    3    7
 -0.00150663  -0.00074305     0.00000000   0.00000000    -0.00349758  -0.00298004
  0.00000000   0.00000000     0.00034960   0.00046308    -0.00000000   0.00000000
 -0.02032928  -0.02248928    -0.00000000   0.00000000     0.00357809  -0.00312674
    4    1
  0.00337854  -0.00337854    -0.01210457  -0.01210457     0.00000000  -0.00000000
 -0.02536974  -0.02536973    -0.00321398   0.00321398    -0.00000000   0.00000000
  0.00000000   0.00000000    -0.00000000   0.00000000    -0.00020007   0.00020007
    4    2
 -0.00150663   0.00074305    -0.02032928   0.02248928    -0.00000000   0.00000000
 -0.00349758   0.00298004     0.00357809   0.00312674    -0.00000000   0.00000000
  0.00000000  -0.00000000    -0.00000000  -0.00000000     0.00034960  -0.00046308
    4    3
 -0.00159076   0.00053993     0.03027730   0.00152735     0.00000000  -0.00000000
  0.00458037  -0.00036596     0.00031915  -0.00474103     0.00000000   0.00000000
  0.00000000   0.00000000     0.00000000   0.00000000     0.00057465   0.00008024
    4    4
  0.03723202   0.00000000     0.00000000   0.00445631    -0.00000000   0.00000000
  0.00000000  -0.00445631     0.01962167  -0.00000000    -0.00000000   0.00000000
 -0.00000000  -0.00000000    -0.00000000  -0.00000000     0.08446155   0.00000000
    4    5
 -0.01921988   0.01921988     0.00466360   0.00466360     0.00000000  -0.00000000
  0.00466360   0.00466360    -0.00867502   0.00867502     0.00000000  -0.00000000
  0.00000000  -0.00000000     0.00000000  -0.00000000    -0.05835133   0.05835135
    4    6
  0.00199454  -0.00199454     0.00039094   0.00039094     0.00053734   0.00053734
  0.00053734   0.00053734    -0.00061198   0.00061198    -0.00824796   0.00824796
  0.00039094   0.00039094    -0.05836949   0.05836951    -0.00061198   0.00061198
    4    7
  0.00282070  -0.00000000    -0.00000000   0.00055287    -0.00000000  -0.00075991
 -0.00000000   0.00075991    -0.00086547   0.00000000     0.01166437  -0.00000000
  0.00000000  -0.00055287     0.08254694  -0.00000000    -0.00086547   0.00000000
    5    1
  0.00477798  -0.00000000     0.00000000   0.01711844    -0.00000000  -0.00000000
  0.00000000   0.03587823    -0.00454526   0.00000000    -0.00000000   0.00000000
  0.00000000  -0.00000000     0.00000000   0.00000000    -0.00028294  -0.00000000
    5    2
 -0.00159076  -0.00053993     0.03027730  -0.00152735    -0.00000000   0.00000000
  0.00458037   0.00036596     0.00031915   0.00474103     0.00000000   0.00000000
  0.00000000   0.00000000    -0.00000000   0.00000000     0.00057465  -0.00008024
    5    3
 -0.00150663  -0.00074305    -0.02032928  -0.02248928    -0.00000000  -0.00000000
 -0.00349758  -0.00298004     0.00357809  -0.00312674    -0.00000000   0.00000000
  0.00000000   0.00000000    -0.00000000   0.00000000     0.00034960   0.00046308
    5    4
 -0.01921988  -0.01921988     0.00466360  -0.00466360     0.00000000   0.00000000
  0.00466360  -0.00466360    -0.00867502  -0.00867502     0.00000000   0.00000000
  0.00000000   0.00000000     0.00000000   0.00000000    -0.05835133  -0.05835135
    5    5
  0.03723202  -0.00000000     0.00000000  -0.00445631    -0.00000000  -0.00000000
  0.00000000   0.00445631     0.01962167   0.00000000    -0.00000000  -0.00000000
 -0.00000000   0.00000000    -0.00000000   0.00000000     0.08446155  -0.00000000
    5    6
  0.00282070   0.00000000    -0.00000000  -0.00055287    -0.00000000   0.00075991
 -0.00000000  -0.00075991    -0.00086547   0.00000000     0.01166437   0.00000000
  0.00000000   0.00055287     0.08254694   0.00000000    -0.00086547  -0.00000000
    5    7
  0.00199454   0.00199454     0.00039094  -0.00039094     0.00053734  -0.00053734
  0.00053734  -0.00053734    -0.00061198  -0.00061198    -0.00824796  -0.00824796
  0.00039094  -0.00039094    -0.05836949  -0.05836951    -0.00061198  -0.00061198
    6    1
  0.00477798  -0.00000000     0.00000000  -0.00000000     0.00000000   0.01711844
 -0.00000000  -0.00000000    -0.00028294  -0.00000000     0.00000000   0.00000000
  0.00000000   0.03587823     0.00000000   0.00000000    -0.00454526   0.00000000
    6    2
 -0.00150663  -0.00074305     0.00000000   0.00000000    -0.02032928  -0.02248928
  0.00000000   0.00000000     0.00034960   0.00046308     0.00000000   0.00000000
 -0.00349758  -0.00298004    -0.00000000   0.00000000     0.00357809  -0.00312674
    6    3
 -0.00159076  -0.00053993    -0.00000000   0.00000000     0.03027730  -0.00152735
 -0.00000000   0.00000000     0.00057465  -0.00008024    -0.00000000  -0.00000000
  0.00458037   0.00036596     0.00000000  -0.00000000     0.00031915   0.00474103
    6    4
  0.00199454   0.00199454     0.00053734  -0.00053734     0.00039094  -0.00039094
  0.00039094  -0.00039094    -0.00061198  -0.00061198    -0.05836949  -0.05836951
  0.00053734  -0.00053734    -0.00824796  -0.00824796    -0.00061198  -0.00061198
    6    5
  0.00282070   0.00000000    -0.00000000   0.00075991     0.00000000  -0.00055287
 -0.00000000   0.00055287    -0.00086547   0.00000000     0.08254694  -0.00000000
  0.00000000  -0.00075991     0.01166437  -0.00000000    -0.00086547   0.00000000
    6    6
  0.03723202   0.00000000    -0.00000000   0.00000000    -0.00000000  -0.00445631
  0.00000000  -0.00000000     0.08446155  -0.00000000     0.00000000  -0.00000000
 -0.00000000   0.00445631     0.00000000   0.00000000     0.01962167  -0.00000000
    6    7
 -0.01921988  -0.01921988    -0.00000000   0.00000000     0.00466360  -0.00466360
  0.00000000   0.00000000    -0.05835133  -0.05835135    -0.00000000  -0.00000000
  0.00466360  -0.00466360    -0.00000000  -0.00000000    -0.00867502  -0.00867502
    7    1
  0.00337854  -0.00337854     0.00000000   0.00000000    -0.01210457  -0.01210457
  0.00000000   0.00000000    -0.00020007   0.00020007     0.00000000   0.00000000
 -0.02536974  -0.02536973     0.00000000   0.00000000    -0.00321398   0.00321398
    7    2
 -0.00159076   0.00053993    -0.00000000  -0.00000000     0.03027730   0.00152735
  0.00000000  -0.00000000     0.00057465   0.00008024    -0.00000000   0.00000000
  0.00458037  -0.00036596     0.00000000   0.00000000     0.00031915  -0.00474103
    7    3
 -0.00150663   0.00074305     0.00000000  -0.00000000    -0.02032928   0.02248928
  0.00000000  -0.00000000     0.00034960  -0.00046308     0.00000000  -0.00000000
 -0.00349758   0.00298004     0.00000000   0.00000000     0.00357809   0.00312674
    7    4
  0.00282070   0.00000000    -0.00000000  -0.00075991     0.00000000   0.00055287
 -0.00000000  -0.00055287    -0.00086547   0.00000000     0.08254694   0.00000000
  0.00000000   0.00075991     0.01166437   0.00000000    -0.00086547  -0.00000000
    7    5
  0.00199454  -0.00199454     0.00053734   0.00053734     0.00039094   0.00039094
  0.00039094   0.00039094    -0.00061198   0.00061198    -0.05836949   0.05836951
  0.00053734   0.00053734    -0.00824796   0.00824796    -0.00061198   0.00061198
    7    6
 -0.01921988   0.01921988    -0.00000000   0.00000000     0.00466360   0.00466360
  0.00000000   0.00000000    -0.05835133   0.05835135    -0.00000000   0.00000000
  0.00466360   0.00466360    -0.00000000   0.00000000    -0.00867502   0.00867502
    7    7
  0.03723202  -0.00000000    -0.00000000  -0.00000000    -0.00000000   0.00445631
  0.00000000   0.00000000     0.08446155   0.00000000     0.00000000   0.00000000
 -0.00000000  -0.00445631     0.00000000   0.00000000     0.01962167   0.00000000

     Dynamical  Matrix in cartesian axes

     q = (   -0.000000000   0.216506400   0.000000000 ) 

    1    1
  0.01565800   0.00000000    -0.00000000   0.00000000     0.00000000   0.00000000
 -0.00000000   0.00000000     0.24562383   0.00000000     0.00000000   0.00000000
  0.00000000   0.00000000     0.00000000   0.00000000     0.01565800   0.00000000
    1    2
 -0.00454526  -0.00000000     0.00000000   0.01711844     0.00000000   0.00000000
  0.00000000   0.03587823     0.00477798  -0.00000000     0.00000000  -0.00000000
 -0.00000000  -0.00000000    -0.00000000  -0.00000000    -0.00028294  -0.00000000
    1    3
 -0.00321398   0.00321398    -0.01210457  -0.01210457     0.00000000  -0.00000000
 -0.02536974  -0.02536973     0.00337854  -0.00337854    -0.00000000  -0.00000000
 -0.00000000   0.00000000     0.00000000  -0.00000000    -0.00020007   0.00020007
    1    4
 -0.01313219  -0.00911204     0.00000000   0.00000000     0.00000000  -0.00000000
  0.00000000   0.00000000    -0.02160201   0.00894785    -0.00000000   0.00000000
  0.00000000  -0.00000000    -0.00000000  -0.00000000    -0.00284267   0.01572905
    1    5
 -0.00284267   0.01572905     0.00000000   0.00000000     0.00000000   0.00000000
  0.00000000   0.00000000    -0.02160201   0.00894785     0.00000000   0.00000000
  0.00000000   0.00000000     0.00000000   0.00000000    -0.01313219  -0.00911204
    1    6
 -0.00020007   0.00020007     0.00000000   0.00000000     0.00000000  -0.00000000
  0.00000000   0.00000000     0.00337854  -0.00337854    -0.02536974  -0.02536973
 -0.00000000  -0.00000000    -0.01210457  -0.01210457    -0.00321398   0.00321398
    1    7
 -0.00028294  -0.00000000    -0.00000000  -0.00000000     0.00000000  -0.00000000
 -0.00000000  -0.00000000     0.00477798  -0.00000000     0.00000000   0.03587823
