  3.000000000000000E-002   1.26007061404212        2.36059544634539     
          12

     Dynamical  Matrix in cartesian axes

     q = (   -0.866025400  -0.108253200  -0.108253200 ) 

    1    1
  0.01722694   0.00000000    -0.00000000  -0.00000000    -0.00000000  -0.00000000
  0.00000000  -0.00000000     0.04861686   0.00000000    -0.00256224   0.00000000
 -0.00000000  -0.00000000    -0.00256224   0.00000000     0.04861686   0.00000000
    1    2
 -0.00000000  -0.00000000    -0.00278767   0.00673003    -0.00278767   0.00673003
 -0.00563601   0.01360652     0.00648686   0.00268695    -0.00549313  -0.00227533
 -0.00563601   0.01360652     0.00549313   0.00227533    -0.00648686  -0.00268695
    1    3
 -0.00000000  -0.00000000    -0.00278767   0.00673003    -0.00278767   0.00673003
 -0.00563601   0.01360652    -0.00648686  -0.00268695     0.00549313   0.00227533
 -0.00563601   0.01360652    -0.00549313  -0.00227533     0.00648686   0.00268695
    1    4
 -0.00333256   0.00603368    -0.00000000  -0.00000000    -0.00000000  -0.00000000
 -0.00000000   0.00000000     0.00186071  -0.00572706    -0.00493677   0.00357317
  0.00000000  -0.00000000     0.00464353   0.02377492     0.00867352   0.00250065
    1    5
 -0.00190998   0.00662293     0.00000000  -0.00000000     0.00000000   0.00000000
  0.00000000  -0.00000000     0.00273392  -0.00536536     0.00096421   0.00601744
  0.00000000   0.00000000    -0.02009488   0.01352793    -0.00790133  -0.00436489
    1    6
 -0.00190998   0.00662293     0.00000000  -0.00000000    -0.00000000   0.00000000
  0.00000000  -0.00000000    -0.00790133  -0.00436489    -0.02009488   0.01352793
  0.00000000   0.00000000     0.00096421   0.00601744     0.00273392  -0.00536536
    1    7
 -0.00333256   0.00603368    -0.00000000  -0.00000000    -0.00000000  -0.00000000
  0.00000000  -0.00000000     0.00867352   0.00250065     0.00464353   0.02377492
 -0.00000000   0.00000000    -0.00493677   0.00357317     0.00186071  -0.00572706
    2    1
 -0.00000000   0.00000000    -0.00563601  -0.01360652    -0.00563601  -0.01360652
 -0.00278767  -0.00673003     0.00648686  -0.00268695     0.00549313  -0.00227533
 -0.00278767  -0.00673003    -0.00549313   0.00227533    -0.00648686   0.00268695
    2    2
  0.02001580   0.00000000     0.00000000  -0.00166264    -0.00000000   0.00166264
  0.00000000   0.00166264     0.03743086   0.00000000    -0.00320966   0.00000000
 -0.00000000  -0.00166264    -0.00320966   0.00000000     0.03743086  -0.00000000
    2    3
  0.00635665   0.00000000    -0.00000000   0.00768467    -0.00000000  -0.00768467
  0.00000000   0.00768467     0.02597374  -0.00000000    -0.00128982   0.00000000
 -0.00000000  -0.00768467    -0.00128982   0.00000000     0.02597374  -0.00000000
    2    4
  0.00214603   0.00174474     0.00662030  -0.00574929     0.00038695  -0.00092301
  0.03015738   0.00063267     0.00411159   0.00271627     0.00035478   0.00035773
 -0.00216975   0.00130678    -0.00117497  -0.00146944    -0.00243602   0.00030991
    2    5
 -0.00214603   0.00174474     0.00662030   0.00574929     0.00038695   0.00092301
  0.03015738  -0.00063267    -0.00411159   0.00271627    -0.00035478   0.00035773
 -0.00216975  -0.00130678     0.00117497  -0.00146944     0.00243602   0.00030991
    2    6
  0.00214603  -0.00174474     0.00038695   0.00092301     0.00662030   0.00574929
 -0.00216975  -0.00130678    -0.00243602  -0.00030991    -0.00117497   0.00146944
  0.03015738  -0.00063267     0.00035478  -0.00035773     0.00411159  -0.00271627
    2    7
 -0.00214603  -0.00174474     0.00038695  -0.00092301     0.00662030  -0.00574929
 -0.00216975   0.00130678     0.00243602  -0.00030991     0.00117497   0.00146944
  0.03015738   0.00063267    -0.00035478  -0.00035773    -0.00411159  -0.00271627
    3    1
 -0.00000000   0.00000000    -0.00563601  -0.01360652    -0.00563601  -0.01360652
 -0.00278767  -0.00673003    -0.00648686   0.00268695    -0.00549313   0.00227533
 -0.00278767  -0.00673003     0.00549313  -0.00227533     0.00648686  -0.00268695
    3    2
  0.00635665  -0.00000000    -0.00000000  -0.00768467    -0.00000000   0.00768467
  0.00000000  -0.00768467     0.02597374   0.00000000    -0.00128982  -0.00000000
 -0.00000000   0.00768467    -0.00128982  -0.00000000     0.02597374   0.00000000
    3    3
  0.02001580  -0.00000000     0.00000000   0.00166264    -0.00000000  -0.00166264
  0.00000000  -0.00166264     0.03743086  -0.00000000    -0.00320966   0.00000000
 -0.00000000   0.00166264    -0.00320966   0.00000000     0.03743086   0.00000000
    3    4
 -0.00214603  -0.00174474     0.00662030  -0.00574929     0.00038695  -0.00092301
  0.03015738   0.00063267    -0.00411159  -0.00271627    -0.00035478  -0.00035773
 -0.00216975   0.00130678     0.00117497   0.00146944     0.00243602  -0.00030991
    3    5
  0.00214603  -0.00174474     0.00662030   0.00574929     0.00038695   0.00092301
  0.03015738  -0.00063267     0.00411159  -0.00271627     0.00035478  -0.00035773
 -0.00216975  -0.00130678    -0.00117497   0.00146944    -0.00243602  -0.00030991
    3    6
 -0.00214603   0.00174474     0.00038695   0.00092301     0.00662030   0.00574929
 -0.00216975  -0.00130678     0.00243602   0.00030991     0.00117497  -0.00146944
  0.03015738  -0.00063267    -0.00035478   0.00035773    -0.00411159   0.00271627
    3    7
  0.00214603   0.00174474     0.00038695  -0.00092301     0.00662030  -0.00574929
 -0.00216975   0.00130678    -0.00243602   0.00030991    -0.00117497  -0.00146944
  0.03015738   0.00063267     0.00035478   0.00035773     0.00411159   0.00271627
    4    1
 -0.00333256  -0.00603368    -0.00000000  -0.00000000     0.00000000   0.00000000
 -0.00000000   0.00000000     0.00186071   0.00572706     0.00464353  -0.02377492
 -0.00000000   0.00000000    -0.00493677  -0.00357317     0.00867352  -0.00250065
    4    2
  0.00214603  -0.00174474     0.03015738  -0.00063267    -0.00216975  -0.00130678
  0.00662030   0.00574929     0.00411159  -0.00271627    -0.00117497   0.00146944
  0.00038695   0.00092301     0.00035478  -0.00035773    -0.00243602  -0.00030991
    4    3
 -0.00214603   0.00174474     0.03015738  -0.00063267    -0.00216975  -0.00130678
  0.00662030   0.00574929    -0.00411159   0.00271627     0.00117497  -0.00146944
  0.00038695   0.00092301    -0.00035478   0.00035773     0.00243602   0.00030991
    4    4
  0.03400949   0.00000000    -0.00000000  -0.00000000    -0.00000000   0.00000000
 -0.00000000   0.00000000     0.03035316  -0.00000000    -0.00313506  -0.00401312
 -0.00000000  -0.00000000    -0.00313506   0.00401312     0.03334348   0.00000000
    4    5
  0.02755823  -0.00154549    -0.00000000  -0.00000000    -0.00000000  -0.00000000
 -0.00000000  -0.00000000     0.00856022   0.00974566    -0.00606811   0.00262318
 -0.00000000  -0.00000000    -0.00606811   0.00262318     0.01093688   0.01432731
    4    6
 -0.00402794  -0.00235554     0.00000000   0.00000000     0.00000000  -0.00000000
  0.00000000  -0.00000000     0.00218930  -0.00048132    -0.00266696  -0.00420994
  0.00000000   0.00000000     0.01668667   0.01990258     0.00218930  -0.00048132
    4    7
 -0.00167207   0.00000000    -0.00000000  -0.00000000     0.00000000   0.00000000
 -0.00000000  -0.00000000    -0.00662967   0.00196935    -0.00252054   0.00000000
 -0.00000000   0.00000000     0.02231131  -0.00000000    -0.00662967  -0.00196935
    5    1
 -0.00190998  -0.00662293     0.00000000   0.00000000     0.00000000   0.00000000
  0.00000000   0.00000000     0.00273392   0.00536536    -0.02009488  -0.01352793
  0.00000000   0.00000000     0.00096421  -0.00601744    -0.00790133   0.00436489
    5    2
 -0.00214603  -0.00174474     0.03015738   0.00063267    -0.00216975   0.00130678
  0.00662030  -0.00574929    -0.00411159  -0.00271627     0.00117497   0.00146944
  0.00038695  -0.00092301    -0.00035478  -0.00035773     0.00243602  -0.00030991
    5    3
  0.00214603   0.00174474     0.03015738   0.00063267    -0.00216975   0.00130678
  0.00662030  -0.00574929     0.00411159   0.00271627    -0.00117497  -0.00146944
  0.00038695  -0.00092301     0.00035478   0.00035773    -0.00243602   0.00030991
    5    4
  0.02755823   0.00154549    -0.00000000   0.00000000    -0.00000000   0.00000000
 -0.00000000   0.00000000     0.00856022  -0.00974566    -0.00606811  -0.00262318
 -0.00000000   0.00000000    -0.00606811  -0.00262318     0.01093688  -0.01432731
    5    5
  0.03400949  -0.00000000     0.00000000   0.00000000    -0.00000000  -0.00000000
  0.00000000  -0.00000000     0.03035316   0.00000000    -0.00313506   0.00401312
 -0.00000000   0.00000000    -0.00313506  -0.00401312     0.03334348   0.00000000
    5    6
 -0.00167207  -0.00000000    -0.00000000  -0.00000000     0.00000000  -0.00000000
 -0.00000000  -0.00000000    -0.00662967  -0.00196935    -0.00252054  -0.00000000
 -0.00000000  -0.00000000     0.02231131   0.00000000    -0.00662967   0.00196935
    5    7
 -0.00402794   0.00235554     0.00000000  -0.00000000     0.00000000   0.00000000
  0.00000000   0.00000000     0.00218930   0.00048132    -0.00266696   0.00420994
  0.00000000  -0.00000000     0.01668667  -0.01990258     0.00218930   0.00048132
    6    1
 -0.00190998  -0.00662293     0.00000000   0.00000000    -0.00000000   0.00000000
  0.00000000   0.00000000    -0.00790133   0.00436489     0.00096421  -0.00601744
  0.00000000   0.00000000    -0.02009488  -0.01352793     0.00273392   0.00536536
    6    2
  0.00214603   0.00174474    -0.00216975   0.00130678     0.03015738   0.00063267
  0.00038695  -0.00092301    -0.00243602   0.00030991     0.00035478   0.00035773
  0.00662030  -0.00574929    -0.00117497  -0.00146944     0.00411159   0.00271627
    6    3
 -0.00214603  -0.00174474    -0.00216975   0.00130678     0.03015738   0.00063267
  0.00038695  -0.00092301     0.00243602  -0.00030991    -0.00035478  -0.00035773
  0.00662030  -0.00574929     0.00117497   0.00146944    -0.00411159  -0.00271627
    6    4
 -0.00402794   0.00235554     0.00000000   0.00000000     0.00000000  -0.00000000
  0.00000000  -0.00000000     0.00218930   0.00048132     0.01668667  -0.01990258
  0.00000000   0.00000000    -0.00266696   0.00420994     0.00218930   0.00048132
    6    5
 -0.00167207   0.00000000    -0.00000000  -0.00000000    -0.00000000   0.00000000
 -0.00000000  -0.00000000    -0.00662967   0.00196935     0.02231131  -0.00000000
  0.00000000   0.00000000    -0.00252054   0.00000000    -0.00662967  -0.00196935
    6    6
  0.03400949  -0.00000000    -0.00000000  -0.00000000    -0.00000000   0.00000000
 -0.00000000   0.00000000     0.03334348  -0.00000000    -0.00313506  -0.00401312
 -0.00000000  -0.00000000    -0.00313506   0.00401312     0.03035316   0.00000000
    6    7
  0.02755823   0.00154549    -0.00000000   0.00000000    -0.00000000   0.00000000
 -0.00000000   0.00000000     0.01093688  -0.01432731    -0.00606811  -0.00262318
 -0.00000000   0.00000000    -0.00606811  -0.00262318     0.00856022  -0.00974566
    7    1
 -0.00333256  -0.00603368     0.00000000   0.00000000    -0.00000000  -0.00000000
 -0.00000000   0.00000000     0.00867352  -0.00250065    -0.00493677  -0.00357317
 -0.00000000   0.00000000     0.00464353  -0.02377492     0.00186071   0.00572706
    7    2
 -0.00214603   0.00174474    -0.00216975  -0.00130678     0.03015738  -0.00063267
  0.00038695   0.00092301     0.00243602   0.00030991    -0.00035478   0.00035773
  0.00662030   0.00574929     0.00117497  -0.00146944    -0.00411159   0.00271627
    7    3
  0.00214603  -0.00174474    -0.00216975  -0.00130678     0.03015738  -0.00063267
  0.00038695   0.00092301    -0.00243602  -0.00030991     0.00035478  -0.00035773
  0.00662030   0.00574929    -0.00117497   0.00146944     0.00411159  -0.00271627
    7    4
 -0.00167207  -0.00000000    -0.00000000   0.00000000    -0.00000000  -0.00000000
 -0.00000000   0.00000000    -0.00662967  -0.00196935     0.02231131   0.00000000
  0.00000000  -0.00000000    -0.00252054  -0.00000000    -0.00662967   0.00196935
    7    5
 -0.00402794  -0.00235554     0.00000000  -0.00000000     0.00000000   0.00000000
  0.00000000   0.00000000     0.00218930  -0.00048132     0.01668667   0.01990258
  0.00000000  -0.00000000    -0.00266696  -0.00420994     0.00218930  -0.00048132
    7    6
  0.02755823  -0.00154549    -0.00000000  -0.00000000    -0.00000000  -0.00000000
 -0.00000000  -0.00000000     0.01093688   0.01432731    -0.00606811   0.00262318
 -0.00000000  -0.00000000    -0.00606811   0.00262318     0.00856022   0.00974566
    7    7
  0.03400949   0.00000000    -0.00000000   0.00000000     0.00000000  -0.00000000
 -0.00000000  -0.00000000     0.03334348   0.00000000    -0.00313506   0.00401312
 -0.00000000  -0.00000000    -0.00313506  -0.00401312     0.03035316  -0.00000000

     Dynamical  Matrix in cartesian axes

     q = (   -0.108253200  -0.866025400   0.108253200 ) 

    1    1
  0.04861686   0.00000000    -0.00000000   0.00000000     0.00256224  -0.00000000
 -0.00000000   0.00000000     0.01722694   0.00000000    -0.00000000   0.00000000
  0.00256224  -0.00000000    -0.00000000   0.00000000     0.04861686   0.00000000
    1    2
 -0.00186071  -0.00572706     0.00000000   0.00000000    -0.00493677  -0.00357317
 -0.00000000   0.00000000     0.00333256   0.00603368     0.00000000  -0.00000000
  0.00464353  -0.02377492     0.00000000   0.00000000    -0.00867352   0.00250065
    1    3
  0.00186071  -0.00572706    -0.00000000   0.00000000     0.00493677  -0.00357317
 -0.00000000  -0.00000000    -0.00333256   0.00603368     0.00000000   0.00000000
 -0.00464353  -0.02377492    -0.00000000   0.00000000     0.00867352   0.00250065
    1    4
 -0.00648686  -0.00268695    -0.00563601   0.01360652    -0.00549313  -0.00227533
 -0.00278767   0.00673003    -0.00000000  -0.00000000     0.00278767  -0.00673003
  0.00549313   0.00227533     0.00563601  -0.01360652     0.00648686   0.00268695
    1    5
  0.00648686  -0.00268695     0.00563601   0.01360652     0.00549313  -0.00227533
  0.00278767   0.00673003    -0.00000000   0.00000000    -0.00278767  -0.00673003
 -0.00549313   0.00227533    -0.00563601  -0.01360652    -0.00648686   0.00268695
    1    6
  0.00867352  -0.00250065     0.00000000  -0.00000000    -0.00464353   0.02377492
 -0.00000000   0.00000000    -0.00333256  -0.00603368    -0.00000000  -0.00000000
  0.00493677   0.00357317     0.00000000  -0.00000000     0.00186071   0.00572706
    1    7
 -0.00867352  -0.00250065    -0.00000000   0.00000000     0.00464353   0.02377492
  0.00000000   0.00000000     0.00333256  -0.00603368    -0.00000000  -0.00000000
 -0.00493677   0.00357317    -0.00000000   0.00000000    -0.00186071   0.00572706
    2    1
 -0.00186071   0.00572706    -0.00000000  -0.00000000     0.00464353   0.02377492
 -0.00000000  -0.00000000     0.00333256  -0.00603368    -0.00000000   0.00000000
 -0.00493677   0.00357317     0.00000000  -0.00000000    -0.00867352  -0.00250065
    2    2
  0.03035316  -0.00000000     0.00000000   0.00000000     0.00313506  -0.00401312
  0.00000000  -0.00000000     0.03400949  -0.00000000     0.00000000   0.00000000
  0.00313506   0.00401312    -0.00000000  -0.00000000     0.03334348   0.00000000
    2    3
  0.01294421  -0.00083823    -0.00000000  -0.00000000     0.00243593   0.00614567
 -0.00000000  -0.00000000     0.01839378   0.02057944     0.00000000  -0.00000000
  0.00243593   0.00614567     0.00000000  -0.00000000     0.01786448  -0.00239739
    2    4
  0.00098664   0.00482802     0.00874662   0.00061590    -0.00020822   0.00186988
  0.02087712   0.02177186     0.00028375   0.00275119     0.00245828   0.00061021
  0.00000208  -0.00050382    -0.00092628   0.00037905    -0.00194167  -0.00150339
    2    5
 -0.00411159  -0.00271627     0.00662030  -0.00574929    -0.00117497  -0.00146944
  0.03015738   0.00063267    -0.00214603  -0.00174474     0.00216975  -0.00130678
  0.00035478   0.00035773    -0.00038695   0.00092301     0.00243602  -0.00030991
    2    6
  0.00662967   0.00196935     0.00000000  -0.00000000    -0.00252054   0.00000000
 -0.00000000  -0.00000000     0.00167207  -0.00000000    -0.00000000   0.00000000
  0.02231131  -0.00000000    -0.00000000   0.00000000     0.00662967  -0.00196935
    2    7
 -0.00120772  -0.00188842     0.00000000  -0.00000000    -0.00486270   0.00109105
 -0.00000000  -0.00000000     0.00451380   0.00118257    -0.00000000   0.00000000
  0.02587251  -0.00227399     0.00000000   0.00000000    -0.00120772  -0.00188842
    3    1
  0.00186071   0.00572706    -0.00000000   0.00000000    -0.00464353   0.02377492
 -0.00000000  -0.00000000    -0.00333256  -0.00603368    -0.00000000  -0.00000000
  0.00493677   0.00357317     0.00000000  -0.00000000     0.00867352  -0.00250065
    3    2
  0.01294421   0.00083823    -0.00000000   0.00000000     0.00243593  -0.00614567
 -0.00000000   0.00000000     0.01839378  -0.02057944     0.00000000   0.00000000
  0.00243593  -0.00614567     0.00000000   0.00000000     0.01786448   0.00239739
    3    3
  0.03035316   0.00000000     0.00000000  -0.00000000     0.00313506   0.00401312
  0.00000000   0.00000000     0.03400949   0.00000000    -0.00000000  -0.00000000
  0.00313506  -0.00401312    -0.00000000   0.00000000     0.03334348   0.00000000
    3    4
 -0.00411159   0.00271627     0.00662030   0.00574929    -0.00117497   0.00146944
  0.03015738  -0.00063267    -0.00214603   0.00174474     0.00216975   0.00130678
  0.00035478  -0.00035773    -0.00038695  -0.00092301     0.00243602   0.00030991
    3    5
  0.00098664  -0.00482802     0.00874662  -0.00061590    -0.00020822  -0.00186988
  0.02087712  -0.02177186     0.00028375  -0.00275119     0.00245828  -0.00061021
  0.00000208   0.00050382    -0.00092628  -0.00037905    -0.00194167   0.00150339
    3    6
 -0.00120772   0.00188842     0.00000000   0.00000000    -0.00486270  -0.00109105
 -0.00000000   0.00000000     0.00451380  -0.00118257    -0.00000000  -0.00000000
  0.02587251   0.00227399     0.00000000  -0.00000000    -0.00120772   0.00188842
    3    7
  0.00662967  -0.00196935     0.00000000   0.00000000    -0.00252054  -0.00000000
 -0.00000000   0.00000000     0.00167207   0.00000000    -0.00000000  -0.00000000
  0.02231131   0.00000000    -0.00000000  -0.00000000     0.00662967   0.00196935
    4    1
 -0.00648686   0.00268695    -0.00278767  -0.00673003     0.00549313  -0.00227533
 -0.00563601  -0.01360652    -0.00000000   0.00000000     0.00563601   0.01360652
 -0.00549313   0.00227533     0.00278767   0.00673003     0.00648686  -0.00268695
    4    2
  0.00098664  -0.00482802     0.02087712  -0.02177186     0.00000208   0.00050382
  0.00874662  -0.00061590     0.00028375  -0.00275119    -0.00092628  -0.00037905
 -0.00020822  -0.00186988     0.00245828  -0.00061021    -0.00194167   0.00150339
    4    3
 -0.00411159  -0.00271627     0.03015738   0.00063267     0.00035478   0.00035773
  0.00662030  -0.00574929    -0.00214603  -0.00174474    -0.00038695   0.00092301
 -0.00117497  -0.00146944     0.00216975  -0.00130678     0.00243602  -0.00030991
    4    4
  0.03743086   0.00000000    -0.00000000  -0.00166264     0.00320966   0.00000000
  0.00000000   0.00166264     0.02001580   0.00000000    -0.00000000   0.00166264
  0.00320966   0.00000000    -0.00000000  -0.00166264     0.03743086   0.00000000
    4    5
  0.01836620  -0.01836621    -0.00543388  -0.00543388     0.00091204  -0.00091204
 -0.00543388  -0.00543388     0.00449483  -0.00449483    -0.00543388  -0.00543388
  0.00091204  -0.00091204    -0.00543388  -0.00543388     0.01836620  -0.01836621
    4    6
 -0.00194167   0.00150339     0.00245828  -0.00061021    -0.00020822  -0.00186988
 -0.00092628  -0.00037905     0.00028375  -0.00275119     0.00874662  -0.00061590
  0.00000208   0.00050382     0.02087712  -0.02177186     0.00098664  -0.00482802
    4    7
  0.00243602  -0.00030991     0.00216975  -0.00130678    -0.00117497  -0.00146944
 -0.00038695   0.00092301    -0.00214603  -0.00174474     0.00662030  -0.00574929
  0.00035478   0.00035773     0.03015738   0.00063267    -0.00411159  -0.00271627
    5    1
  0.00648686   0.00268695     0.00278767  -0.00673003    -0.00549313  -0.00227533
  0.00563601  -0.01360652    -0.00000000  -0.00000000    -0.00563601   0.01360652
  0.00549313   0.00227533    -0.00278767   0.00673003    -0.00648686  -0.00268695
    5    2
 -0.00411159   0.00271627     0.03015738  -0.00063267     0.00035478  -0.00035773
  0.00662030   0.00574929    -0.00214603   0.00174474    -0.00038695  -0.00092301
 -0.00117497   0.00146944     0.00216975   0.00130678     0.00243602   0.00030991
    5    3
  0.00098664   0.00482802     0.02087712   0.02177186     0.00000208  -0.00050382
  0.00874662   0.00061590     0.00028375   0.00275119    -0.00092628   0.00037905
 -0.00020822   0.00186988     0.00245828   0.00061021    -0.00194167  -0.00150339
    5    4
  0.01836620   0.01836621    -0.00543388   0.00543388     0.00091204   0.00091204
 -0.00543388   0.00543388     0.00449483   0.00449483    -0.00543388   0.00543388
  0.00091204   0.00091204    -0.00543388   0.00543388     0.01836620   0.01836621
    5    5
  0.03743086  -0.00000000    -0.00000000   0.00166264     0.00320966  -0.00000000
 -0.00000000  -0.00166264     0.02001580   0.00000000    -0.00000000  -0.00166264
  0.00320966  -0.00000000    -0.00000000   0.00166264     0.03743086  -0.00000000
    5    6
  0.00243602   0.00030991     0.00216975   0.00130678    -0.00117497   0.00146944
 -0.00038695  -0.00092301    -0.00214603   0.00174474     0.00662030   0.00574929
  0.00035478  -0.00035773     0.03015738  -0.00063267    -0.00411159   0.00271627
    5    7
 -0.00194167  -0.00150339     0.00245828   0.00061021    -0.00020822   0.00186988
 -0.00092628   0.00037905     0.00028375   0.00275119     0.00874662   0.00061590
  0.00000208  -0.00050382     0.02087712   0.02177186     0.00098664   0.00482802
    6    1
  0.00867352   0.00250065    -0.00000000   0.00000000     0.00493677  -0.00357317
  0.00000000   0.00000000    -0.00333256   0.00603368     0.00000000   0.00000000
 -0.00464353  -0.02377492     0.00000000   0.00000000     0.00186071  -0.00572706
    6    2
  0.00662967  -0.00196935    -0.00000000  -0.00000000     0.02231131   0.00000000
  0.00000000   0.00000000     0.00167207   0.00000000     0.00000000  -0.00000000
 -0.00252054  -0.00000000    -0.00000000  -0.00000000     0.00662967   0.00196935
    6    3
 -0.00120772  -0.00188842    -0.00000000  -0.00000000     0.02587251  -0.00227399
  0.00000000  -0.00000000     0.00451380   0.00118257     0.00000000   0.00000000
 -0.00486270   0.00109105    -0.00000000   0.00000000    -0.00120772  -0.00188842
    6    4
 -0.00194167  -0.00150339    -0.00092628   0.00037905     0.00000208  -0.00050382
  0.00245828   0.00061021     0.00028375   0.00275119     0.02087712   0.02177186
 -0.00020822   0.00186988     0.00874662   0.00061590     0.00098664   0.00482802
    6    5
  0.00243602  -0.00030991    -0.00038695   0.00092301     0.00035478   0.00035773
  0.00216975  -0.00130678    -0.00214603  -0.00174474     0.03015738   0.00063267
 -0.00117497  -0.00146944     0.00662030  -0.00574929    -0.00411159  -0.00271627
    6    6
  0.03334348  -0.00000000     0.00000000  -0.00000000     0.00313506   0.00401312
  0.00000000   0.00000000     0.03400949  -0.00000000    -0.00000000   0.00000000
  0.00313506  -0.00401312    -0.00000000   0.00000000     0.03035316   0.00000000
    6    7
  0.01786448  -0.00239739    -0.00000000   0.00000000     0.00243593   0.00614567
 -0.00000000   0.00000000     0.01839378   0.02057944     0.00000000   0.00000000
  0.00243593   0.00614567     0.00000000   0.00000000     0.01294421  -0.00083823
    7    1
 -0.00867352   0.00250065     0.00000000  -0.00000000    -0.00493677  -0.00357317
 -0.00000000  -0.00000000     0.00333256   0.00603368    -0.00000000  -0.00000000
  0.00464353  -0.02377492    -0.00000000   0.00000000    -0.00186071  -0.00572706
    7    2
 -0.00120772   0.00188842    -0.00000000   0.00000000     0.02587251   0.00227399
  0.00000000   0.00000000     0.00451380  -0.00118257     0.00000000  -0.00000000
 -0.00486270  -0.00109105    -0.00000000  -0.00000000    -0.00120772   0.00188842
    7    3
  0.00662967   0.00196935    -0.00000000  -0.00000000     0.02231131  -0.00000000
  0.00000000   0.00000000     0.00167207  -0.00000000    -0.00000000   0.00000000
 -0.00252054   0.00000000    -0.00000000   0.00000000     0.00662967  -0.00196935
    7    4
  0.00243602   0.00030991    -0.00038695  -0.00092301     0.00035478  -0.00035773
  0.00216975   0.00130678    -0.00214603   0.00174474     0.03015738  -0.00063267
 -0.00117497   0.00146944     0.00662030   0.00574929    -0.00411159   0.00271627
    7    5
 -0.00194167   0.00150339    -0.00092628  -0.00037905     0.00000208   0.00050382
  0.00245828  -0.00061021     0.00028375  -0.00275119     0.02087712  -0.02177186
 -0.00020822  -0.00186988     0.00874662  -0.00061590     0.00098664  -0.00482802
    7    6
  0.01786448   0.00239739    -0.00000000  -0.00000000     0.00243593  -0.00614567
 -0.00000000  -0.00000000     0.01839378  -0.02057944     0.00000000  -0.00000000
  0.00243593  -0.00614567     0.00000000  -0.00000000     0.01294421   0.00083823
    7    7
  0.03334348  -0.00000000     0.00000000   0.00000000     0.00313506  -0.00401312
  0.00000000  -0.00000000     0.03400949   0.00000000     0.00000000  -0.00000000
  0.00313506   0.00401312     0.00000000  -0.00000000     0.03035316  -0.00000000

     Dynamical  Matrix in cartesian axes

     q = (    0.108253200   0.866025400   0.108253200 ) 

    1    1
  0.04861686   0.00000000    -0.00000000  -0.00000000    -0.00256224   0.00000000
  0.00000000  -0.00000000     0.01722694   0.00000000    -0.00000000  -0.00000000
 -0.00256224   0.00000000    -0.00000000  -0.00000000     0.04861686   0.00000000
    1    2
  0.00273392   0.00536536     0.00000000  -0.00000000     0.00096421  -0.00601744
  0.00000000  -0.00000000    -0.00190998  -0.00662293     0.00000000  -0.00000000
 -0.02009488  -0.01352793     0.00000000   0.00000000    -0.00790133   0.00436489
    1    3
  0.00186071   0.00572706     0.00000000   0.00000000    -0.00493677  -0.00357317
  0.00000000   0.00000000    -0.00333256  -0.00603368    -0.00000000   0.00000000
  0.00464353  -0.02377492    -0.00000000   0.00000000     0.00867352  -0.00250065
    1    4
 -0.00648686   0.00268695    -0.00563601  -0.01360652     0.00549313  -0.00227533
 -0.00278767  -0.00673003     0.00000000  -0.00000000    -0.00278767  -0.00673003
 -0.00549313   0.00227533    -0.00563601  -0.01360652     0.00648686  -0.00268695
    1    5
  0.00648686  -0.00268695    -0.00563601  -0.01360652    -0.00549313   0.00227533
 -0.00278767  -0.00673003     0.00000000  -0.00000000    -0.00278767  -0.00673003
  0.00549313  -0.00227533    -0.00563601  -0.01360652    -0.00648686   0.00268695
    1    6
  0.00867352  -0.00250065    -0.00000000   0.00000000     0.00464353  -0.02377492
  0.00000000   0.00000000    -0.00333256  -0.00603368     0.00000000   0.00000000
 -0.00493677  -0.00357317    -0.00000000   0.00000000     0.00186071   0.00572706
    1    7
 -0.00790133   0.00436489     0.00000000   0.00000000    -0.02009488  -0.01352793
  0.00000000  -0.00000000    -0.00190998  -0.00662293     0.00000000  -0.00000000
  0.00096421  -0.00601744     0.00000000  -0.00000000     0.00273392   0.00536536
    2    1
  0.00273392  -0.00536536     0.00000000   0.00000000    -0.02009488   0.01352793
  0.00000000   0.00000000    -0.00190998   0.00662293     0.00000000  -0.00000000
  0.00096421   0.00601744     0.00000000   0.00000000    -0.00790133  -0.00436489
    2    2
  0.03035316  -0.00000000    -0.00000000   0.00000000    -0.00313506  -0.00401312
 -0.00000000  -0.00000000     0.03400949   0.00000000    -0.00000000   0.00000000
 -0.00313506   0.00401312    -0.00000000  -0.00000000     0.03334348   0.00000000
    2    3
  0.00856022   0.00974566    -0.00000000  -0.00000000    -0.00606811   0.00262318
 -0.00000000  -0.00000000     0.02755823  -0.00154549    -0.00000000  -0.00000000
 -0.00606811   0.00262318    -0.00000000  -0.00000000     0.01093688   0.01432731
    2    4
  0.00411159  -0.00271627     0.00662030   0.00574929    -0.00117497   0.00146944
  0.03015738  -0.00063267     0.00214603  -0.00174474    -0.00216975  -0.00130678
  0.00035478  -0.00035773     0.00038695   0.00092301    -0.00243602  -0.00030991
    2    5
 -0.00411159   0.00271627     0.00662030   0.00574929     0.00117497  -0.00146944
  0.03015738  -0.00063267    -0.00214603   0.00174474    -0.00216975  -0.00130678
 -0.00035478   0.00035773     0.00038695   0.00092301     0.00243602   0.00030991
    2    6
  0.00218930  -0.00048132     0.00000000  -0.00000000    -0.00266696  -0.00420994
  0.00000000   0.00000000    -0.00402794  -0.00235554     0.00000000  -0.00000000
  0.01668667   0.01990258     0.00000000   0.00000000     0.00218930  -0.00048132
    2    7
 -0.00662967   0.00196935    -0.00000000   0.00000000    -0.00252054   0.00000000
 -0.00000000  -0.00000000    -0.00167207   0.00000000     0.00000000   0.00000000
  0.02231131  -0.00000000    -0.00000000   0.00000000    -0.00662967  -0.00196935
    3    1
  0.00186071  -0.00572706     0.00000000  -0.00000000     0.00464353   0.02377492
  0.00000000  -0.00000000    -0.00333256   0.00603368    -0.00000000  -0.00000000
 -0.00493677   0.00357317    -0.00000000  -0.00000000     0.00867352   0.00250065
    3    2
  0.00856022  -0.00974566    -0.00000000   0.00000000    -0.00606811  -0.00262318
 -0.00000000   0.00000000     0.02755823   0.00154549    -0.00000000   0.00000000
 -0.00606811  -0.00262318    -0.00000000   0.00000000     0.01093688  -0.01432731
    3    3
  0.03035316   0.00000000     0.00000000  -0.00000000    -0.00313506   0.00401312
  0.00000000   0.00000000     0.03400949  -0.00000000    -0.00000000   0.00000000
 -0.00313506  -0.00401312    -0.00000000   0.00000000     0.03334348   0.00000000
    3    4
 -0.00411159  -0.00271627     0.00662030  -0.00574929     0.00117497   0.00146944
  0.03015738   0.00063267    -0.00214603  -0.00174474    -0.00216975   0.00130678
 -0.00035478  -0.00035773     0.00038695  -0.00092301     0.00243602  -0.00030991
    3    5
  0.00411159   0.00271627     0.00662030  -0.00574929    -0.00117497  -0.00146944
  0.03015738   0.00063267     0.00214603   0.00174474    -0.00216975   0.00130678
  0.00035478   0.00035773     0.00038695  -0.00092301    -0.00243602   0.00030991
    3    6
 -0.00662967  -0.00196935    -0.00000000   0.00000000    -0.00252054   0.00000000
 -0.00000000   0.00000000    -0.00167207   0.00000000    -0.00000000  -0.00000000
  0.02231131  -0.00000000    -0.00000000  -0.00000000    -0.00662967   0.00196935
    3    7
  0.00218930   0.00048132     0.00000000   0.00000000    -0.00266696   0.00420994
  0.00000000  -0.00000000    -0.00402794   0.00235554     0.00000000   0.00000000
  0.01668667  -0.01990258     0.00000000  -0.00000000     0.00218930   0.00048132
    4    1
 -0.00648686  -0.00268695    -0.00278767   0.00673003    -0.00549313  -0.00227533
 -0.00563601   0.01360652     0.00000000   0.00000000    -0.00563601   0.01360652
  0.00549313   0.00227533    -0.00278767   0.00673003     0.00648686   0.00268695
    4    2
  0.00411159   0.00271627     0.03015738   0.00063267     0.00035478   0.00035773
  0.00662030  -0.00574929     0.00214603   0.00174474     0.00038695  -0.00092301
 -0.00117497  -0.00146944    -0.00216975   0.00130678    -0.00243602   0.00030991
    4    3
 -0.00411159   0.00271627     0.03015738  -0.00063267    -0.00035478   0.00035773
  0.00662030   0.00574929    -0.00214603   0.00174474     0.00038695   0.00092301
  0.00117497  -0.00146944    -0.00216975  -0.00130678     0.00243602   0.00030991
    4    4
  0.03743086   0.00000000     0.00000000   0.00166264    -0.00320966   0.00000000
  0.00000000  -0.00166264     0.02001580   0.00000000    -0.00000000   0.00166264
 -0.00320966   0.00000000    -0.00000000  -0.00166264     0.03743086  -0.00000000
    4    5
  0.02597374  -0.00000000    -0.00000000   0.00768467    -0.00128982   0.00000000
 -0.00000000   0.00768467     0.00635665   0.00000000    -0.00000000  -0.00768467
 -0.00128982   0.00000000    -0.00000000  -0.00768467     0.02597374  -0.00000000
    4    6
 -0.00243602  -0.00030991    -0.00216975  -0.00130678    -0.00117497   0.00146944
  0.00038695   0.00092301     0.00214603  -0.00174474     0.00662030   0.00574929
  0.00035478  -0.00035773     0.03015738  -0.00063267     0.00411159  -0.00271627
    4    7
  0.00243602  -0.00030991    -0.00216975   0.00130678     0.00117497   0.00146944
  0.00038695  -0.00092301    -0.00214603  -0.00174474     0.00662030  -0.00574929
 -0.00035478  -0.00035773     0.03015738   0.00063267    -0.00411159  -0.00271627
    5    1
  0.00648686   0.00268695    -0.00278767   0.00673003     0.00549313   0.00227533
 -0.00563601   0.01360652     0.00000000   0.00000000    -0.00563601   0.01360652
 -0.00549313  -0.00227533    -0.00278767   0.00673003    -0.00648686  -0.00268695
    5    2
 -0.00411159  -0.00271627     0.03015738   0.00063267    -0.00035478  -0.00035773
  0.00662030  -0.00574929    -0.00214603  -0.00174474     0.00038695  -0.00092301
  0.00117497   0.00146944    -0.00216975   0.00130678     0.00243602  -0.00030991
    5    3
  0.00411159  -0.00271627     0.03015738  -0.00063267     0.00035478  -0.00035773
  0.00662030   0.00574929     0.00214603  -0.00174474     0.00038695   0.00092301
 -0.00117497   0.00146944    -0.00216975  -0.00130678    -0.00243602  -0.00030991
    5    4
  0.02597374   0.00000000    -0.00000000  -0.00768467    -0.00128982   0.00000000
 -0.00000000  -0.00768467     0.00635665  -0.00000000    -0.00000000   0.00768467
 -0.00128982   0.00000000    -0.00000000   0.00768467     0.02597374   0.00000000
    5    5
  0.03743086   0.00000000     0.00000000  -0.00166264    -0.00320966   0.00000000
  0.00000000   0.00166264     0.02001580  -0.00000000    -0.00000000  -0.00166264
 -0.00320966   0.00000000    -0.00000000   0.00166264     0.03743086   0.00000000
    5    6
  0.00243602   0.00030991    -0.00216975  -0.00130678     0.00117497  -0.00146944
  0.00038695   0.00092301    -0.00214603   0.00174474     0.00662030   0.00574929
 -0.00035478   0.00035773     0.03015738  -0.00063267    -0.00411159   0.00271627
    5    7
 -0.00243602   0.00030991    -0.00216975   0.00130678    -0.00117497  -0.00146944
  0.00038695  -0.00092301     0.00214603   0.00174474     0.00662030  -0.00574929
  0.00035478   0.00035773     0.03015738   0.00063267     0.00411159   0.00271627
    6    1
  0.00867352   0.00250065     0.00000000  -0.00000000    -0.00493677   0.00357317
 -0.00000000  -0.00000000    -0.00333256   0.00603368     0.00000000  -0.00000000
  0.00464353   0.02377492     0.00000000   0.00000000     0.00186071  -0.00572706
    6    2
  0.00218930   0.00048132     0.00000000  -0.00000000     0.01668667  -0.01990258
  0.00000000   0.00000000    -0.00402794   0.00235554     0.00000000  -0.00000000
 -0.00266696   0.00420994     0.00000000   0.00000000     0.00218930   0.00048132
    6    3
 -0.00662967   0.00196935    -0.00000000  -0.00000000     0.02231131   0.00000000
  0.00000000  -0.00000000    -0.00167207  -0.00000000    -0.00000000   0.00000000
 -0.00252054  -0.00000000     0.00000000   0.00000000    -0.00662967  -0.00196935
    6    4
 -0.00243602   0.00030991     0.00038695  -0.00092301     0.00035478   0.00035773
 -0.00216975   0.00130678     0.00214603   0.00174474     0.03015738   0.00063267
 -0.00117497  -0.00146944     0.00662030  -0.00574929     0.00411159   0.00271627
    6    5
  0.00243602  -0.00030991     0.00038695  -0.00092301    -0.00035478  -0.00035773
 -0.00216975   0.00130678    -0.00214603  -0.00174474     0.03015738   0.00063267
  0.00117497   0.00146944     0.00662030  -0.00574929    -0.00411159  -0.00271627
    6    6
  0.03334348  -0.00000000    -0.00000000   0.00000000    -0.00313506  -0.00401312
 -0.00000000  -0.00000000     0.03400949  -0.00000000    -0.00000000   0.00000000
 -0.00313506   0.00401312    -0.00000000   0.00000000     0.03035316   0.00000000
    6    7
  0.01093688  -0.01432731    -0.00000000   0.00000000    -0.00606811  -0.00262318
 -0.00000000   0.00000000     0.02755823   0.00154549    -0.00000000   0.00000000
 -0.00606811  -0.00262318    -0.00000000   0.00000000     0.00856022  -0.00974566
    7    1
 -0.00790133  -0.00436489     0.00000000   0.00000000     0.00096421   0.00601744
  0.00000000  -0.00000000    -0.00190998   0.00662293     0.00000000   0.00000000
 -0.02009488   0.01352793     0.00000000   0.00000000     0.00273392  -0.00536536
    7    2
 -0.00662967  -0.00196935    -0.00000000   0.00000000     0.02231131   0.00000000
 -0.00000000   0.00000000    -0.00167207  -0.00000000    -0.00000000  -0.00000000
 -0.00252054  -0.00000000     0.00000000  -0.00000000    -0.00662967   0.00196935
    7    3
  0.00218930  -0.00048132     0.00000000   0.00000000     0.01668667   0.01990258
  0.00000000  -0.00000000    -0.00402794  -0.00235554     0.00000000   0.00000000
 -0.00266696  -0.00420994     0.00000000  -0.00000000     0.00218930  -0.00048132
    7    4
  0.00243602   0.00030991     0.00038695   0.00092301    -0.00035478   0.00035773
 -0.00216975  -0.00130678    -0.00214603   0.00174474     0.03015738  -0.00063267
  0.00117497  -0.00146944     0.00662030   0.00574929    -0.00411159   0.00271627
    7    5
 -0.00243602  -0.00030991     0.00038695   0.00092301     0.00035478  -0.00035773
 -0.00216975  -0.00130678     0.00214603  -0.00174474     0.03015738  -0.00063267
 -0.00117497   0.00146944     0.00662030   0.00574929     0.00411159  -0.00271627
    7    6
  0.01093688   0.01432731    -0.00000000  -0.00000000    -0.00606811   0.00262318
 -0.00000000  -0.00000000     0.02755823  -0.00154549    -0.00000000  -0.00000000
 -0.00606811   0.00262318    -0.00000000  -0.00000000     0.00856022   0.00974566
    7    7
  0.03334348   0.00000000    -0.00000000  -0.00000000    -0.00313506   0.00401312
 -0.00000000   0.00000000     0.03400949   0.00000000    -0.00000000  -0.00000000
 -0.00313506  -0.00401312     0.00000000  -0.00000000     0.03035316  -0.00000000

     Dynamical  Matrix in cartesian axes

     q = (   -0.108253200   0.866025400  -0.108253200 ) 

    1    1
  0.04861686   0.00000000    -0.00000000  -0.00000000    -0.00256224   0.00000000
  0.00000000  -0.00000000     0.01722694   0.00000000    -0.00000000  -0.00000000
 -0.00256224   0.00000000    -0.00000000  -0.00000000     0.04861686   0.00000000
    1    2
  0.00273392  -0.00536536    -0.00000000  -0.00000000     0.00096421   0.00601744
  0.00000000  -0.00000000    -0.00190998   0.00662293     0.00000000  -0.00000000
 -0.02009488   0.01352793     0.00000000  -0.00000000    -0.00790133  -0.00436489
    1    3
  0.00186071  -0.00572706     0.00000000  -0.00000000    -0.00493677   0.00357317
  0.00000000   0.00000000    -0.00333256   0.00603368     0.00000000   0.00000000
  0.00464353   0.02377492    -0.00000000   0.00000000     0.00867352   0.00250065
    1    4
 -0.00648686  -0.00268695    -0.00563601   0.01360652     0.00549313   0.00227533
 -0.00278767   0.00673003     0.00000000   0.00000000    -0.00278767   0.00673003
 -0.00549313  -0.00227533    -0.00563601   0.01360652     0.00648686   0.00268695
    1    5
  0.00648686   0.00268695    -0.00563601   0.01360652    -0.00549313  -0.00227533
 -0.00278767   0.00673003     0.00000000   0.00000000    -0.00278767   0.00673003
  0.00549313   0.00227533    -0.00563601   0.01360652    -0.00648686  -0.00268695
    1    6
  0.00867352   0.00250065    -0.00000000   0.00000000     0.00464353   0.02377492
  0.00000000   0.00000000    -0.00333256   0.00603368     0.00000000   0.00000000
 -0.00493677   0.00357317     0.00000000  -0.00000000     0.00186071  -0.00572706
    1    7
 -0.00790133  -0.00436489     0.00000000  -0.00000000    -0.02009488   0.01352793
  0.00000000  -0.00000000    -0.00190998   0.00662293     0.00000000   0.00000000
