  5.000000000000000E-002   1.25977579764806        2.43615232611498     
          24

     Dynamical  Matrix in cartesian axes

     q = (    0.324759526   0.324759526   0.216506351 ) 

    1    1
  0.06786267   0.00000000     0.00776169   0.00000000     0.00291458   0.00000000
  0.00776169   0.00000000     0.06786267   0.00000000     0.00291458   0.00000000
  0.00291458   0.00000000     0.00291458   0.00000000     0.04578872   0.00000000
    1    2
 -0.01126321  -0.00287764     0.00954665  -0.00410879    -0.00726021  -0.00899222
 -0.00018985  -0.00497538     0.00827739   0.00410000    -0.00359291  -0.00708162
 -0.00786875   0.00232791     0.00612428  -0.00137729    -0.00665352   0.00408435
    1    3
  0.01126321  -0.00287764    -0.00954665  -0.00410879     0.00726021  -0.00899222
  0.00018985  -0.00497538    -0.00827739   0.00410000     0.00359291  -0.00708162
  0.00786875   0.00232791    -0.00612428  -0.00137729     0.00665352   0.00408435
    1    4
 -0.00827739   0.00410000     0.00018985  -0.00497538     0.00359291  -0.00708162
 -0.00954665  -0.00410879     0.01126321  -0.00287764     0.00726021  -0.00899222
 -0.00612428  -0.00137729     0.00786875   0.00232791     0.00665352   0.00408435
    1    5
  0.00827739   0.00410000    -0.00018985  -0.00497538    -0.00359291  -0.00708162
  0.00954665  -0.00410879    -0.01126321  -0.00287764    -0.00726021  -0.00899222
  0.00612428  -0.00137729    -0.00786875   0.00232791    -0.00665352   0.00408435
    1    6
  0.00496193   0.00871475     0.00024871  -0.00093278     0.00828650   0.01632541
 -0.00024871  -0.00093278    -0.00496193   0.00871475    -0.00828650   0.01632541
  0.00577955  -0.00349999    -0.00577955  -0.00349999    -0.00000000   0.00586732
    1    7
 -0.00496193   0.00871475    -0.00024871  -0.00093278    -0.00828650   0.01632541
  0.00024871  -0.00093278     0.00496193   0.00871475     0.00828650   0.01632541
 -0.00577955  -0.00349999     0.00577955  -0.00349999    -0.00000000   0.00586732
    2    1
 -0.01126321   0.00287764    -0.00018985   0.00497538    -0.00786875  -0.00232791
  0.00954665   0.00410879     0.00827739  -0.00410000     0.00612428   0.00137729
 -0.00726021   0.00899222    -0.00359291   0.00708162    -0.00665352  -0.00408435
    2    2
  0.06127044  -0.00000000     0.00135485   0.00138662     0.00615509  -0.00207453
  0.00135485  -0.00138662     0.04846591   0.00000000     0.00673722  -0.00195293
  0.00615509   0.00207453     0.00673722   0.00195293     0.04069626  -0.00000000
    2    3
  0.01479253  -0.01084941     0.00511884  -0.00649445     0.00697196   0.00432046
  0.00511884  -0.00649445    -0.01046902   0.01489141    -0.00741842   0.00407017
  0.00697196   0.00432046    -0.00741842   0.00407017    -0.01961920  -0.00450626
    2    4
  0.00278101   0.01507744    -0.00248078   0.02944040     0.00583943   0.00444019
 -0.00791515   0.03074577     0.00278101   0.01507744    -0.00601730   0.00602082
 -0.00601730   0.00602082     0.00583943   0.00444019     0.01637316   0.01150630
    2    5
 -0.02267813  -0.00484123     0.00676384  -0.00000000     0.00676543  -0.00362533
  0.02735089  -0.00000000    -0.02267813   0.00484123     0.00508466  -0.00485617
  0.00508466   0.00485617     0.00676543   0.00362533    -0.00853226   0.00000000
    2    6
 -0.01193835  -0.00685006    -0.00445405  -0.00480054    -0.02576837  -0.01732983
 -0.01123739   0.00090886     0.01093415  -0.01037361    -0.00577713  -0.00348584
 -0.02628706  -0.01745325    -0.01401188  -0.00079006    -0.01143516  -0.00867220
    2    7
 -0.02081566   0.00558484     0.00263280  -0.00317106    -0.00528742   0.00453432
  0.00492234  -0.00685526    -0.00661799   0.00097437     0.00410879   0.00333499
  0.02314323  -0.00266489     0.00777193   0.00555049    -0.01434851  -0.00845527
    3    1
  0.01126321   0.00287764     0.00018985   0.00497538     0.00786875  -0.00232791
 -0.00954665   0.00410879    -0.00827739  -0.00410000    -0.00612428   0.00137729
  0.00726021   0.00899222     0.00359291   0.00708162     0.00665352  -0.00408435
    3    2
  0.01479253   0.01084941     0.00511884   0.00649445     0.00697196  -0.00432046
  0.00511884   0.00649445    -0.01046902  -0.01489141    -0.00741842  -0.00407017
  0.00697196  -0.00432046    -0.00741842  -0.00407017    -0.01961920   0.00450626
    3    3
  0.06127044   0.00000000     0.00135485  -0.00138662     0.00615509   0.00207453
  0.00135485   0.00138662     0.04846591  -0.00000000     0.00673722   0.00195293
  0.00615509  -0.00207453     0.00673722  -0.00195293     0.04069626   0.00000000
    3    4
 -0.02267813   0.00484123     0.00676384  -0.00000000     0.00676543   0.00362533
  0.02735089  -0.00000000    -0.02267813  -0.00484123     0.00508466   0.00485617
  0.00508466  -0.00485617     0.00676543  -0.00362533    -0.00853226   0.00000000
    3    5
  0.00278101  -0.01507744    -0.00248078  -0.02944040     0.00583943  -0.00444019
 -0.00791515  -0.03074577     0.00278101  -0.01507744    -0.00601730  -0.00602082
 -0.00601730  -0.00602082     0.00583943  -0.00444019     0.01637316  -0.01150630
    3    6
 -0.02081566  -0.00558484     0.00263280   0.00317106    -0.00528742  -0.00453432
  0.00492234   0.00685526    -0.00661799  -0.00097437     0.00410879  -0.00333499
  0.02314323   0.00266489     0.00777193  -0.00555049    -0.01434851   0.00845527
    3    7
 -0.01193835   0.00685006    -0.00445405   0.00480054    -0.02576837   0.01732983
 -0.01123739  -0.00090886     0.01093415   0.01037361    -0.00577713   0.00348584
 -0.02628706   0.01745325    -0.01401188   0.00079006    -0.01143516   0.00867220
    4    1
 -0.00827739  -0.00410000    -0.00954665   0.00410879    -0.00612428   0.00137729
  0.00018985   0.00497538     0.01126321   0.00287764     0.00786875  -0.00232791
  0.00359291   0.00708162     0.00726021   0.00899222     0.00665352  -0.00408435
    4    2
  0.00278101  -0.01507744    -0.00791515  -0.03074577    -0.00601730  -0.00602082
 -0.00248078  -0.02944040     0.00278101  -0.01507744     0.00583943  -0.00444019
  0.00583943  -0.00444019    -0.00601730  -0.00602082     0.01637316  -0.01150630
    4    3
 -0.02267813  -0.00484123     0.02735089   0.00000000     0.00508466   0.00485617
  0.00676384   0.00000000    -0.02267813   0.00484123     0.00676543   0.00362533
  0.00676543  -0.00362533     0.00508466  -0.00485617    -0.00853226  -0.00000000
    4    4
  0.04846591   0.00000000     0.00135485   0.00138662     0.00673722   0.00195293
  0.00135485  -0.00138662     0.06127044   0.00000000     0.00615509   0.00207453
  0.00673722  -0.00195293     0.00615509  -0.00207453     0.04069626   0.00000000
    4    5
 -0.01046902  -0.01489141     0.00511884   0.00649445    -0.00741842  -0.00407017
  0.00511884   0.00649445     0.01479253   0.01084941     0.00697196  -0.00432046
 -0.00741842  -0.00407017     0.00697196  -0.00432046    -0.01961920   0.00450626
    4    6
  0.01093415   0.01037361    -0.01123739  -0.00090886    -0.00577713   0.00348584
 -0.00445405   0.00480054    -0.01193835   0.00685006    -0.02576837   0.01732983
 -0.01401188   0.00079006    -0.02628706   0.01745325    -0.01143516   0.00867220
    4    7
 -0.00661799  -0.00097437     0.00492234   0.00685526     0.00410879  -0.00333499
  0.00263280   0.00317106    -0.02081566  -0.00558484    -0.00528742  -0.00453432
  0.00777193  -0.00555049     0.02314323   0.00266489    -0.01434851   0.00845527
    5    1
  0.00827739  -0.00410000     0.00954665   0.00410879     0.00612428   0.00137729
 -0.00018985   0.00497538    -0.01126321   0.00287764    -0.00786875  -0.00232791
 -0.00359291   0.00708162    -0.00726021   0.00899222    -0.00665352  -0.00408435
    5    2
 -0.02267813   0.00484123     0.02735089  -0.00000000     0.00508466  -0.00485617
  0.00676384  -0.00000000    -0.02267813  -0.00484123     0.00676543  -0.00362533
  0.00676543   0.00362533     0.00508466   0.00485617    -0.00853226   0.00000000
    5    3
  0.00278101   0.01507744    -0.00791515   0.03074577    -0.00601730   0.00602082
 -0.00248078   0.02944040     0.00278101   0.01507744     0.00583943   0.00444019
  0.00583943   0.00444019    -0.00601730   0.00602082     0.01637316   0.01150630
    5    4
 -0.01046902   0.01489141     0.00511884  -0.00649445    -0.00741842   0.00407017
  0.00511884  -0.00649445     0.01479253  -0.01084941     0.00697196   0.00432046
 -0.00741842   0.00407017     0.00697196   0.00432046    -0.01961920  -0.00450626
    5    5
  0.04846591  -0.00000000     0.00135485  -0.00138662     0.00673722  -0.00195293
  0.00135485   0.00138662     0.06127044  -0.00000000     0.00615509  -0.00207453
  0.00673722   0.00195293     0.00615509   0.00207453     0.04069626  -0.00000000
    5    6
 -0.00661799   0.00097437     0.00492234  -0.00685526     0.00410879   0.00333499
  0.00263280  -0.00317106    -0.02081566   0.00558484    -0.00528742   0.00453432
  0.00777193   0.00555049     0.02314323  -0.00266489    -0.01434851  -0.00845527
    5    7
  0.01093415  -0.01037361    -0.01123739   0.00090886    -0.00577713  -0.00348584
 -0.00445405  -0.00480054    -0.01193835  -0.00685006    -0.02576837  -0.01732983
 -0.01401188  -0.00079006    -0.02628706  -0.01745325    -0.01143516  -0.00867220
    6    1
  0.00496193  -0.00871475    -0.00024871   0.00093278     0.00577955   0.00349999
  0.00024871   0.00093278    -0.00496193  -0.00871475    -0.00577955   0.00349999
  0.00828650  -0.01632541    -0.00828650  -0.01632541    -0.00000000  -0.00586732
    6    2
 -0.01193835   0.00685006    -0.01123739  -0.00090886    -0.02628706   0.01745325
 -0.00445405   0.00480054     0.01093415   0.01037361    -0.01401188   0.00079006
 -0.02576837   0.01732983    -0.00577713   0.00348584    -0.01143516   0.00867220
    6    3
 -0.02081566   0.00558484     0.00492234  -0.00685526     0.02314323  -0.00266489
  0.00263280  -0.00317106    -0.00661799   0.00097437     0.00777193   0.00555049
 -0.00528742   0.00453432     0.00410879   0.00333499    -0.01434851  -0.00845527
    6    4
  0.01093415  -0.01037361    -0.00445405  -0.00480054    -0.01401188  -0.00079006
 -0.01123739   0.00090886    -0.01193835  -0.00685006    -0.02628706  -0.01745325
 -0.00577713  -0.00348584    -0.02576837  -0.01732983    -0.01143516  -0.00867220
    6    5
 -0.00661799  -0.00097437     0.00263280   0.00317106     0.00777193  -0.00555049
  0.00492234   0.00685526    -0.02081566  -0.00558484     0.02314323   0.00266489
  0.00410879  -0.00333499    -0.00528742  -0.00453432    -0.01434851   0.00845527
    6    6
  0.04678438  -0.00000000     0.00697619  -0.00052455     0.00580123   0.00017052
  0.00697619   0.00052455     0.04678438  -0.00000000     0.00580123  -0.00017052
  0.00580123  -0.00017052     0.00580123   0.00017052     0.04660154  -0.00000000
    6    7
 -0.01557041   0.00743333    -0.01080594  -0.00000000     0.00584331  -0.00405319
 -0.01080594   0.00000000    -0.01557041  -0.00743333     0.00584331   0.00405319
  0.00584331  -0.00405319     0.00584331   0.00405319     0.01942098   0.00000000
    7    1
 -0.00496193  -0.00871475     0.00024871   0.00093278    -0.00577955   0.00349999
 -0.00024871   0.00093278     0.00496193  -0.00871475     0.00577955   0.00349999
 -0.00828650  -0.01632541     0.00828650  -0.01632541    -0.00000000  -0.00586732
    7    2
 -0.02081566  -0.00558484     0.00492234   0.00685526     0.02314323   0.00266489
  0.00263280   0.00317106    -0.00661799  -0.00097437     0.00777193  -0.00555049
 -0.00528742  -0.00453432     0.00410879  -0.00333499    -0.01434851   0.00845527
    7    3
 -0.01193835  -0.00685006    -0.01123739   0.00090886    -0.02628706  -0.01745325
 -0.00445405  -0.00480054     0.01093415  -0.01037361    -0.01401188  -0.00079006
 -0.02576837  -0.01732983    -0.00577713  -0.00348584    -0.01143516  -0.00867220
    7    4
 -0.00661799   0.00097437     0.00263280  -0.00317106     0.00777193   0.00555049
  0.00492234  -0.00685526    -0.02081566   0.00558484     0.02314323  -0.00266489
  0.00410879   0.00333499    -0.00528742   0.00453432    -0.01434851  -0.00845527
    7    5
  0.01093415   0.01037361    -0.00445405   0.00480054    -0.01401188   0.00079006
 -0.01123739  -0.00090886    -0.01193835   0.00685006    -0.02628706   0.01745325
 -0.00577713   0.00348584    -0.02576837   0.01732983    -0.01143516   0.00867220
    7    6
 -0.01557041  -0.00743333    -0.01080594   0.00000000     0.00584331   0.00405319
 -0.01080594  -0.00000000    -0.01557041   0.00743333     0.00584331  -0.00405319
  0.00584331   0.00405319     0.00584331  -0.00405319     0.01942098   0.00000000
    7    7
  0.04678438   0.00000000     0.00697619   0.00052455     0.00580123  -0.00017052
  0.00697619  -0.00052455     0.04678438   0.00000000     0.00580123   0.00017052
  0.00580123   0.00017052     0.00580123  -0.00017052     0.04660154   0.00000000

     Dynamical  Matrix in cartesian axes

     q = (   -0.324759526   0.216506351   0.324759526 ) 

    1    1
  0.06786267   0.00000000    -0.00291458   0.00000000    -0.00776169   0.00000000
 -0.00291458   0.00000000     0.04578872   0.00000000     0.00291458   0.00000000
 -0.00776169   0.00000000     0.00291458   0.00000000     0.06786267   0.00000000
    1    2
 -0.00592950  -0.00999909    -0.00122472   0.01149220    -0.00965585  -0.00384515
  0.00721013   0.00391797    -0.00759282  -0.00181667     0.00530441   0.00335663
 -0.00338388   0.00365237     0.00246689  -0.00754803     0.00295387   0.00875214
    1    3
  0.00287764   0.01126321    -0.00899222  -0.00726021    -0.00410879   0.00954665
  0.00232791  -0.00786875    -0.00408435   0.00665352     0.00137729  -0.00612428
 -0.00497538  -0.00018985     0.00708162   0.00359291    -0.00410000  -0.00827739
    1    4
 -0.00265364  -0.00967087     0.00568437   0.01740325    -0.00083544  -0.00048371
 -0.00656162   0.00161190    -0.00414882  -0.00414882    -0.00161190   0.00656162
 -0.00048371  -0.00083544    -0.01740325  -0.00568437    -0.00967087  -0.00265364
    1    5
  0.00496193   0.00871475    -0.00828650  -0.01632541    -0.00024871   0.00093278
 -0.00577955   0.00349999     0.00000000   0.00586732    -0.00577955  -0.00349999
  0.00024871   0.00093278    -0.00828650   0.01632541    -0.00496193   0.00871475
    1    6
  0.00827739   0.00410000     0.00359291   0.00708162     0.00018985   0.00497538
 -0.00612428   0.00137729    -0.00665352   0.00408435    -0.00786875   0.00232791
 -0.00954665   0.00410879    -0.00726021  -0.00899222    -0.01126321  -0.00287764
    1    7
  0.00295387  -0.00875214    -0.00246689  -0.00754803    -0.00338388  -0.00365237
 -0.00530441   0.00335663    -0.00759282   0.00181667    -0.00721013   0.00391797
 -0.00965585   0.00384515     0.00122472   0.01149220    -0.00592950   0.00999909
    2    1
 -0.00592950   0.00999909     0.00721013  -0.00391797    -0.00338388  -0.00365237
 -0.00122472  -0.01149220    -0.00759282   0.00181667     0.00246689   0.00754803
 -0.00965585   0.00384515     0.00530441  -0.00335663     0.00295387  -0.00875214
    2    2
  0.06127044  -0.00000000    -0.00615509   0.00207453    -0.00135485  -0.00138662
 -0.00615509  -0.00207453     0.04069626  -0.00000000     0.00673722   0.00195293
 -0.00135485   0.00138662     0.00673722  -0.00195293     0.04846591  -0.00000000
    2    3
  0.01813159   0.00278820    -0.00187489  -0.00798494    -0.00821184   0.00097270
 -0.00187489  -0.00798494    -0.01068646  -0.01705927    -0.00812366  -0.00236757
 -0.00821184   0.00097270    -0.00812366  -0.00236757    -0.01793253   0.00312710
    2    4
 -0.00558484  -0.02081566     0.00453432   0.00528742    -0.00317106  -0.00263280
 -0.00266489  -0.02314323     0.00845527  -0.01434851    -0.00555049   0.00777193
 -0.00685526  -0.00492234    -0.00333499   0.00410879    -0.00097437  -0.00661799
    2    5
 -0.01328541   0.00359796     0.03047503  -0.00596695     0.00654398   0.00024501
  0.03092907  -0.00624645    -0.01421805   0.00195371    -0.01046655   0.00934924
  0.00730338  -0.00858870    -0.00654991   0.00162019     0.00039636  -0.01506687
    2    6
 -0.01945912   0.01261260    -0.00222039   0.00734738    -0.00478276   0.00478276
 -0.00702923   0.00016157    -0.00603322   0.00603322     0.00734738  -0.00222039
 -0.01934000   0.01934000     0.00016157  -0.00702923    -0.01261260   0.01945912
    2    7
 -0.01507744   0.00278101     0.00444019  -0.00583943     0.02944040   0.00248078
  0.00602082   0.00601730    -0.01150630   0.01637316    -0.00444019   0.00583943
  0.03074577   0.00791515    -0.00602082  -0.00601730    -0.01507744   0.00278101
    3    1
  0.00287764  -0.01126321     0.00232791   0.00786875    -0.00497538   0.00018985
 -0.00899222   0.00726021    -0.00408435  -0.00665352     0.00708162  -0.00359291
 -0.00410879  -0.00954665     0.00137729   0.00612428    -0.00410000   0.00827739
    3    2
  0.01813159  -0.00278820    -0.00187489   0.00798494    -0.00821184  -0.00097270
 -0.00187489   0.00798494    -0.01068646   0.01705927    -0.00812366   0.00236757
 -0.00821184  -0.00097270    -0.00812366   0.00236757    -0.01793253  -0.00312710
    3    3
  0.06127044   0.00000000    -0.00615509  -0.00207453    -0.00135485   0.00138662
 -0.00615509   0.00207453     0.04069626   0.00000000     0.00673722  -0.00195293
 -0.00135485  -0.00138662     0.00673722   0.00195293     0.04846591   0.00000000
    3    4
 -0.01328541  -0.00359796     0.03047503   0.00596695     0.00654398  -0.00024501
  0.03092907   0.00624645    -0.01421805  -0.00195371    -0.01046655  -0.00934924
  0.00730338   0.00858870    -0.00654991  -0.00162019     0.00039636   0.01506687
    3    5
 -0.00558484   0.02081566     0.00453432  -0.00528742    -0.00317106   0.00263280
 -0.00266489   0.02314323     0.00845527   0.01434851    -0.00555049  -0.00777193
 -0.00685526   0.00492234    -0.00333499  -0.00410879    -0.00097437   0.00661799
    3    6
 -0.01507744  -0.00278101     0.00444019   0.00583943     0.02944040  -0.00248078
  0.00602082  -0.00601730    -0.01150630  -0.01637316    -0.00444019  -0.00583943
  0.03074577  -0.00791515    -0.00602082   0.00601730    -0.01507744  -0.00278101
    3    7
 -0.01945912  -0.01261260    -0.00222039  -0.00734738    -0.00478276  -0.00478276
 -0.00702923  -0.00016157    -0.00603322  -0.00603322     0.00734738   0.00222039
 -0.01934000  -0.01934000     0.00016157   0.00702923    -0.01261260  -0.01945912
    4    1
 -0.00265364   0.00967087    -0.00656162  -0.00161190    -0.00048371   0.00083544
  0.00568437  -0.01740325    -0.00414882   0.00414882    -0.01740325   0.00568437
 -0.00083544   0.00048371    -0.00161190  -0.00656162    -0.00967087   0.00265364
    4    2
 -0.00558484   0.02081566    -0.00266489   0.02314323    -0.00685526   0.00492234
  0.00453432  -0.00528742     0.00845527   0.01434851    -0.00333499  -0.00410879
 -0.00317106   0.00263280    -0.00555049  -0.00777193    -0.00097437   0.00661799
    4    3
 -0.01328541   0.00359796     0.03092907  -0.00624645     0.00730338  -0.00858870
  0.03047503  -0.00596695    -0.01421805   0.00195371    -0.00654991   0.00162019
  0.00654398   0.00024501    -0.01046655   0.00934924     0.00039636  -0.01506687
    4    4
  0.04678438   0.00000000    -0.00580123   0.00017052    -0.00697619  -0.00052455
 -0.00580123  -0.00017052     0.04660154  -0.00000000     0.00580123  -0.00017052
 -0.00697619   0.00052455     0.00580123   0.00017052     0.04678438  -0.00000000
    4    5
  0.00575378   0.01626610     0.00126580   0.00699788    -0.00764095  -0.00764095
  0.00126580   0.00699788    -0.01373271  -0.01373271    -0.00699788  -0.00126580
 -0.00764095  -0.00764095    -0.00699788  -0.00126580     0.01626610   0.00575378
    4    6
 -0.00039636  -0.01506687    -0.01046655  -0.00934924    -0.00654398   0.00024501
 -0.00654991  -0.00162019     0.01421805   0.00195371     0.03047503   0.00596695
 -0.00730338  -0.00858870     0.03092907   0.00624645     0.01328541   0.00359796
    4    7
 -0.00661799   0.00097437    -0.00777193  -0.00555049    -0.00263280   0.00317106
 -0.00410879  -0.00333499    -0.01434851  -0.00845527    -0.00528742   0.00453432
 -0.00492234   0.00685526     0.02314323  -0.00266489    -0.02081566   0.00558484
    5    1
  0.00496193  -0.00871475    -0.00577955  -0.00349999     0.00024871  -0.00093278
 -0.00828650   0.01632541     0.00000000  -0.00586732    -0.00828650  -0.01632541
 -0.00024871  -0.00093278    -0.00577955   0.00349999    -0.00496193  -0.00871475
    5    2
 -0.01328541  -0.00359796     0.03092907   0.00624645     0.00730338   0.00858870
  0.03047503   0.00596695    -0.01421805  -0.00195371    -0.00654991  -0.00162019
  0.00654398  -0.00024501    -0.01046655  -0.00934924     0.00039636   0.01506687
    5    3
 -0.00558484  -0.02081566    -0.00266489  -0.02314323    -0.00685526  -0.00492234
  0.00453432   0.00528742     0.00845527  -0.01434851    -0.00333499   0.00410879
 -0.00317106  -0.00263280    -0.00555049   0.00777193    -0.00097437  -0.00661799
    5    4
  0.00575378  -0.01626610     0.00126580  -0.00699788    -0.00764095   0.00764095
  0.00126580  -0.00699788    -0.01373271   0.01373271    -0.00699788   0.00126580
 -0.00764095   0.00764095    -0.00699788   0.00126580     0.01626610  -0.00575378
    5    5
  0.04678438  -0.00000000    -0.00580123  -0.00017052    -0.00697619   0.00052455
 -0.00580123   0.00017052     0.04660154   0.00000000     0.00580123   0.00017052
 -0.00697619  -0.00052455     0.00580123  -0.00017052     0.04678438   0.00000000
    5    6
 -0.00661799  -0.00097437    -0.00777193   0.00555049    -0.00263280  -0.00317106
 -0.00410879   0.00333499    -0.01434851   0.00845527    -0.00528742  -0.00453432
 -0.00492234  -0.00685526     0.02314323   0.00266489    -0.02081566  -0.00558484
    5    7
 -0.00039636   0.01506687    -0.01046655   0.00934924    -0.00654398  -0.00024501
 -0.00654991   0.00162019     0.01421805  -0.00195371     0.03047503  -0.00596695
 -0.00730338   0.00858870     0.03092907  -0.00624645     0.01328541  -0.00359796
    6    1
  0.00827739  -0.00410000    -0.00612428  -0.00137729    -0.00954665  -0.00410879
  0.00359291  -0.00708162    -0.00665352  -0.00408435    -0.00726021   0.00899222
  0.00018985  -0.00497538    -0.00786875  -0.00232791    -0.01126321   0.00287764
    6    2
 -0.01945912  -0.01261260    -0.00702923  -0.00016157    -0.01934000  -0.01934000
 -0.00222039  -0.00734738    -0.00603322  -0.00603322     0.00016157   0.00702923
 -0.00478276  -0.00478276     0.00734738   0.00222039    -0.01261260  -0.01945912
    6    3
 -0.01507744   0.00278101     0.00602082   0.00601730     0.03074577   0.00791515
  0.00444019  -0.00583943    -0.01150630   0.01637316    -0.00602082  -0.00601730
  0.02944040   0.00248078    -0.00444019   0.00583943    -0.01507744   0.00278101
    6    4
 -0.00039636   0.01506687    -0.00654991   0.00162019    -0.00730338   0.00858870
 -0.01046655   0.00934924     0.01421805  -0.00195371     0.03092907  -0.00624645
 -0.00654398  -0.00024501     0.03047503  -0.00596695     0.01328541  -0.00359796
    6    5
 -0.00661799   0.00097437    -0.00410879  -0.00333499    -0.00492234   0.00685526
 -0.00777193  -0.00555049    -0.01434851  -0.00845527     0.02314323  -0.00266489
 -0.00263280   0.00317106    -0.00528742   0.00453432    -0.02081566   0.00558484
    6    6
  0.04846591  -0.00000000    -0.00673722   0.00195293    -0.00135485   0.00138662
 -0.00673722  -0.00195293     0.04069626  -0.00000000     0.00615509   0.00207453
 -0.00135485  -0.00138662     0.00615509  -0.00207453     0.06127044  -0.00000000
    6    7
 -0.00312710  -0.01793253    -0.00236757   0.00812366    -0.00097270  -0.00821184
 -0.00236757   0.00812366     0.01705927  -0.01068646    -0.00798494   0.00187489
 -0.00097270  -0.00821184    -0.00798494   0.00187489    -0.00278820   0.01813159
    7    1
  0.00295387   0.00875214    -0.00530441  -0.00335663    -0.00965585  -0.00384515
 -0.00246689   0.00754803    -0.00759282  -0.00181667     0.00122472  -0.01149220
 -0.00338388   0.00365237    -0.00721013  -0.00391797    -0.00592950  -0.00999909
    7    2
 -0.01507744  -0.00278101     0.00602082  -0.00601730     0.03074577  -0.00791515
  0.00444019   0.00583943    -0.01150630  -0.01637316    -0.00602082   0.00601730
  0.02944040  -0.00248078    -0.00444019  -0.00583943    -0.01507744  -0.00278101
    7    3
 -0.01945912   0.01261260    -0.00702923   0.00016157    -0.01934000   0.01934000
 -0.00222039   0.00734738    -0.00603322   0.00603322     0.00016157  -0.00702923
 -0.00478276   0.00478276     0.00734738  -0.00222039    -0.01261260   0.01945912
    7    4
 -0.00661799  -0.00097437    -0.00410879   0.00333499    -0.00492234  -0.00685526
 -0.00777193   0.00555049    -0.01434851   0.00845527     0.02314323   0.00266489
 -0.00263280  -0.00317106    -0.00528742  -0.00453432    -0.02081566  -0.00558484
    7    5
 -0.00039636  -0.01506687    -0.00654991  -0.00162019    -0.00730338  -0.00858870
 -0.01046655  -0.00934924     0.01421805   0.00195371     0.03092907   0.00624645
 -0.00654398   0.00024501     0.03047503   0.00596695     0.01328541   0.00359796
    7    6
 -0.00312710   0.01793253    -0.00236757  -0.00812366    -0.00097270   0.00821184
 -0.00236757  -0.00812366     0.01705927   0.01068646    -0.00798494  -0.00187489
 -0.00097270   0.00821184    -0.00798494  -0.00187489    -0.00278820  -0.01813159
    7    7
  0.04846591   0.00000000    -0.00673722  -0.00195293    -0.00135485  -0.00138662
 -0.00673722   0.00195293     0.04069626   0.00000000     0.00615509  -0.00207453
 -0.00135485   0.00138662     0.00615509   0.00207453     0.06127044   0.00000000

     Dynamical  Matrix in cartesian axes

     q = (    0.324759526   0.216506351   0.324759526 ) 

    1    1
  0.06786267   0.00000000     0.00291458   0.00000000     0.00776169   0.00000000
  0.00291458   0.00000000     0.04578872   0.00000000     0.00291458   0.00000000
  0.00776169   0.00000000     0.00291458   0.00000000     0.06786267   0.00000000
    1    2
  0.01126321  -0.00287764     0.00726021  -0.00899222    -0.00954665  -0.00410879
  0.00786875   0.00232791     0.00665352   0.00408435    -0.00612428  -0.00137729
  0.00018985  -0.00497538     0.00359291  -0.00708162    -0.00827739   0.00410000
    1    3
 -0.01126321  -0.00287764    -0.00726021  -0.00899222     0.00954665  -0.00410879
 -0.00786875   0.00232791    -0.00665352   0.00408435     0.00612428  -0.00137729
 -0.00018985  -0.00497538    -0.00359291  -0.00708162     0.00827739   0.00410000
    1    4
 -0.00496193   0.00871475    -0.00828650   0.01632541    -0.00024871  -0.00093278
 -0.00577955  -0.00349999    -0.00000000   0.00586732     0.00577955  -0.00349999
  0.00024871  -0.00093278     0.00828650   0.01632541     0.00496193   0.00871475
    1    5
  0.00496193   0.00871475     0.00828650   0.01632541     0.00024871  -0.00093278
  0.00577955  -0.00349999    -0.00000000   0.00586732    -0.00577955  -0.00349999
 -0.00024871  -0.00093278    -0.00828650   0.01632541    -0.00496193   0.00871475
    1    6
  0.00827739   0.00410000    -0.00359291  -0.00708162    -0.00018985  -0.00497538
  0.00612428  -0.00137729    -0.00665352   0.00408435    -0.00786875   0.00232791
  0.00954665  -0.00410879    -0.00726021  -0.00899222    -0.01126321  -0.00287764
    1    7
 -0.00827739   0.00410000     0.00359291  -0.00708162     0.00018985  -0.00497538
 -0.00612428  -0.00137729     0.00665352   0.00408435     0.00786875   0.00232791
 -0.00954665  -0.00410879     0.00726021  -0.00899222     0.01126321  -0.00287764
    2    1
  0.01126321   0.00287764     0.00786875  -0.00232791     0.00018985   0.00497538
  0.00726021   0.00899222     0.00665352  -0.00408435     0.00359291   0.00708162
 -0.00954665   0.00410879    -0.00612428   0.00137729    -0.00827739  -0.00410000
    2    2
  0.06127044   0.00000000     0.00615509   0.00207453     0.00135485  -0.00138662
  0.00615509  -0.00207453     0.04069626   0.00000000     0.00673722  -0.00195293
  0.00135485   0.00138662     0.00673722   0.00195293     0.04846591   0.00000000
    2    3
  0.01479253   0.01084941     0.00697196  -0.00432046     0.00511884   0.00649445
  0.00697196  -0.00432046    -0.01961920   0.00450626    -0.00741842  -0.00407017
  0.00511884   0.00649445    -0.00741842  -0.00407017    -0.01046902  -0.01489141
    2    4
 -0.01193835   0.00685006    -0.02576837   0.01732983    -0.00445405   0.00480054
 -0.02628706   0.01745325    -0.01143516   0.00867220    -0.01401188   0.00079006
 -0.01123739  -0.00090886    -0.00577713   0.00348584     0.01093415   0.01037361
    2    5
 -0.02081566  -0.00558484    -0.00528742  -0.00453432     0.00263280   0.00317106
  0.02314323   0.00266489    -0.01434851   0.00845527     0.00777193  -0.00555049
  0.00492234   0.00685526     0.00410879  -0.00333499    -0.00661799  -0.00097437
    2    6
  0.00278101  -0.01507744     0.00583943  -0.00444019    -0.00248078  -0.02944040
 -0.00601730  -0.00602082     0.01637316  -0.01150630     0.00583943  -0.00444019
 -0.00791515  -0.03074577    -0.00601730  -0.00602082     0.00278101  -0.01507744
    2    7
 -0.02267813   0.00484123     0.00676543   0.00362533     0.00676384   0.00000000
  0.00508466  -0.00485617    -0.00853226  -0.00000000     0.00676543  -0.00362533
  0.02735089   0.00000000     0.00508466   0.00485617    -0.02267813  -0.00484123
    3    1
 -0.01126321   0.00287764    -0.00786875  -0.00232791    -0.00018985   0.00497538
 -0.00726021   0.00899222    -0.00665352  -0.00408435    -0.00359291   0.00708162
  0.00954665   0.00410879     0.00612428   0.00137729     0.00827739  -0.00410000
    3    2
  0.01479253  -0.01084941     0.00697196   0.00432046     0.00511884  -0.00649445
  0.00697196   0.00432046    -0.01961920  -0.00450626    -0.00741842   0.00407017
  0.00511884  -0.00649445    -0.00741842   0.00407017    -0.01046902   0.01489141
    3    3
  0.06127044  -0.00000000     0.00615509  -0.00207453     0.00135485   0.00138662
  0.00615509   0.00207453     0.04069626  -0.00000000     0.00673722   0.00195293
  0.00135485  -0.00138662     0.00673722  -0.00195293     0.04846591  -0.00000000
    3    4
 -0.02081566   0.00558484    -0.00528742   0.00453432     0.00263280  -0.00317106
  0.02314323  -0.00266489    -0.01434851  -0.00845527     0.00777193   0.00555049
  0.00492234  -0.00685526     0.00410879   0.00333499    -0.00661799   0.00097437
    3    5
 -0.01193835  -0.00685006    -0.02576837  -0.01732983    -0.00445405  -0.00480054
 -0.02628706  -0.01745325    -0.01143516  -0.00867220    -0.01401188  -0.00079006
 -0.01123739   0.00090886    -0.00577713  -0.00348584     0.01093415  -0.01037361
    3    6
 -0.02267813  -0.00484123     0.00676543  -0.00362533     0.00676384  -0.00000000
  0.00508466   0.00485617    -0.00853226   0.00000000     0.00676543   0.00362533
  0.02735089  -0.00000000     0.00508466  -0.00485617    -0.02267813   0.00484123
    3    7
  0.00278101   0.01507744     0.00583943   0.00444019    -0.00248078   0.02944040
 -0.00601730   0.00602082     0.01637316   0.01150630     0.00583943   0.00444019
 -0.00791515   0.03074577    -0.00601730   0.00602082     0.00278101   0.01507744
    4    1
 -0.00496193  -0.00871475    -0.00577955   0.00349999     0.00024871   0.00093278
 -0.00828650  -0.01632541    -0.00000000  -0.00586732     0.00828650  -0.01632541
 -0.00024871   0.00093278     0.00577955   0.00349999     0.00496193  -0.00871475
    4    2
 -0.01193835  -0.00685006    -0.02628706  -0.01745325    -0.01123739   0.00090886
 -0.02576837  -0.01732983    -0.01143516  -0.00867220    -0.00577713  -0.00348584
 -0.00445405  -0.00480054    -0.01401188  -0.00079006     0.01093415  -0.01037361
    4    3
 -0.02081566  -0.00558484     0.02314323   0.00266489     0.00492234   0.00685526
 -0.00528742  -0.00453432    -0.01434851   0.00845527     0.00410879  -0.00333499
  0.00263280   0.00317106     0.00777193  -0.00555049    -0.00661799  -0.00097437
    4    4
  0.04678438   0.00000000     0.00580123  -0.00017052     0.00697619   0.00052455
  0.00580123   0.00017052     0.04660154   0.00000000     0.00580123  -0.00017052
  0.00697619  -0.00052455     0.00580123   0.00017052     0.04678438  -0.00000000
    4    5
 -0.01557041  -0.00743333     0.00584331   0.00405319    -0.01080594   0.00000000
  0.00584331   0.00405319     0.01942098  -0.00000000     0.00584331  -0.00405319
 -0.01080594  -0.00000000     0.00584331  -0.00405319    -0.01557041   0.00743333
    4    6
  0.01093415   0.01037361    -0.01401188   0.00079006    -0.00445405   0.00480054
 -0.00577713   0.00348584    -0.01143516   0.00867220    -0.02576837   0.01732983
 -0.01123739  -0.00090886    -0.02628706   0.01745325    -0.01193835   0.00685006
    4    7
 -0.00661799   0.00097437     0.00777193   0.00555049     0.00263280  -0.00317106
  0.00410879   0.00333499    -0.01434851  -0.00845527    -0.00528742   0.00453432
  0.00492234  -0.00685526     0.02314323  -0.00266489    -0.02081566   0.00558484
    5    1
  0.00496193  -0.00871475     0.00577955   0.00349999    -0.00024871   0.00093278
  0.00828650  -0.01632541    -0.00000000  -0.00586732    -0.00828650  -0.01632541
  0.00024871   0.00093278    -0.00577955   0.00349999    -0.00496193  -0.00871475
    5    2
 -0.02081566   0.00558484     0.02314323  -0.00266489     0.00492234  -0.00685526
 -0.00528742   0.00453432    -0.01434851  -0.00845527     0.00410879   0.00333499
  0.00263280  -0.00317106     0.00777193   0.00555049    -0.00661799   0.00097437
    5    3
 -0.01193835   0.00685006    -0.02628706   0.01745325    -0.01123739  -0.00090886
 -0.02576837   0.01732983    -0.01143516   0.00867220    -0.00577713   0.00348584
 -0.00445405   0.00480054    -0.01401188   0.00079006     0.01093415   0.01037361
    5    4
 -0.01557041   0.00743333     0.00584331  -0.00405319    -0.01080594   0.00000000
  0.00584331  -0.00405319     0.01942098   0.00000000     0.00584331   0.00405319
 -0.01080594   0.00000000     0.00584331   0.00405319    -0.01557041  -0.00743333
    5    5
  0.04678438  -0.00000000     0.00580123   0.00017052     0.00697619  -0.00052455
  0.00580123  -0.00017052     0.04660154  -0.00000000     0.00580123   0.00017052
  0.00697619   0.00052455     0.00580123  -0.00017052     0.04678438   0.00000000
    5    6
 -0.00661799  -0.00097437     0.00777193  -0.00555049     0.00263280   0.00317106
  0.00410879  -0.00333499    -0.01434851   0.00845527    -0.00528742  -0.00453432
  0.00492234   0.00685526     0.02314323   0.00266489    -0.02081566  -0.00558484
    5    7
  0.01093415  -0.01037361    -0.01401188  -0.00079006    -0.00445405  -0.00480054
 -0.00577713  -0.00348584    -0.01143516  -0.00867220    -0.02576837  -0.01732983
 -0.01123739   0.00090886    -0.02628706  -0.01745325    -0.01193835  -0.00685006
    6    1
  0.00827739  -0.00410000     0.00612428   0.00137729     0.00954665   0.00410879
 -0.00359291   0.00708162    -0.00665352  -0.00408435    -0.00726021   0.00899222
 -0.00018985   0.00497538    -0.00786875  -0.00232791    -0.01126321   0.00287764
    6    2
  0.00278101   0.01507744    -0.00601730   0.00602082    -0.00791515   0.03074577
  0.00583943   0.00444019     0.01637316   0.01150630    -0.00601730   0.00602082
 -0.00248078   0.02944040     0.00583943   0.00444019     0.00278101   0.01507744
    6    3
 -0.02267813   0.00484123     0.00508466  -0.00485617     0.02735089   0.00000000
  0.00676543   0.00362533    -0.00853226  -0.00000000     0.00508466   0.00485617
  0.00676384   0.00000000     0.00676543  -0.00362533    -0.02267813  -0.00484123
    6    4
  0.01093415  -0.01037361    -0.00577713  -0.00348584    -0.01123739   0.00090886
 -0.01401188  -0.00079006    -0.01143516  -0.00867220    -0.02628706  -0.01745325
 -0.00445405  -0.00480054    -0.02576837  -0.01732983    -0.01193835  -0.00685006
    6    5
 -0.00661799   0.00097437     0.00410879   0.00333499     0.00492234  -0.00685526
  0.00777193   0.00555049    -0.01434851  -0.00845527     0.02314323  -0.00266489
  0.00263280  -0.00317106    -0.00528742   0.00453432    -0.02081566   0.00558484
    6    6
  0.04846591  -0.00000000     0.00673722  -0.00195293     0.00135485  -0.00138662
  0.00673722   0.00195293     0.04069626  -0.00000000     0.00615509   0.00207453
  0.00135485   0.00138662     0.00615509  -0.00207453     0.06127044  -0.00000000
    6    7
 -0.01046902   0.01489141    -0.00741842   0.00407017     0.00511884  -0.00649445
 -0.00741842   0.00407017    -0.01961920  -0.00450626     0.00697196   0.00432046
  0.00511884  -0.00649445     0.00697196   0.00432046     0.01479253  -0.01084941
    7    1
 -0.00827739  -0.00410000    -0.00612428   0.00137729    -0.00954665   0.00410879
  0.00359291   0.00708162     0.00665352  -0.00408435     0.00726021   0.00899222
  0.00018985   0.00497538     0.00786875  -0.00232791     0.01126321   0.00287764
    7    2
 -0.02267813  -0.00484123     0.00508466   0.00485617     0.02735089  -0.00000000
  0.00676543  -0.00362533    -0.00853226   0.00000000     0.00508466  -0.00485617
  0.00676384  -0.00000000     0.00676543   0.00362533    -0.02267813   0.00484123
    7    3
  0.00278101  -0.01507744    -0.00601730  -0.00602082    -0.00791515  -0.03074577
  0.00583943  -0.00444019     0.01637316  -0.01150630    -0.00601730  -0.00602082
 -0.00248078  -0.02944040     0.00583943  -0.00444019     0.00278101  -0.01507744
    7    4
 -0.00661799  -0.00097437     0.00410879  -0.00333499     0.00492234   0.00685526
  0.00777193  -0.00555049    -0.01434851   0.00845527     0.02314323   0.00266489
  0.00263280   0.00317106    -0.00528742  -0.00453432    -0.02081566  -0.00558484
    7    5
  0.01093415   0.01037361    -0.00577713   0.00348584    -0.01123739  -0.00090886
 -0.01401188   0.00079006    -0.01143516   0.00867220    -0.02628706   0.01745325
 -0.00445405   0.00480054    -0.02576837   0.01732983    -0.01193835   0.00685006
    7    6
 -0.01046902  -0.01489141    -0.00741842  -0.00407017     0.00511884   0.00649445
 -0.00741842  -0.00407017    -0.01961920   0.00450626     0.00697196  -0.00432046
  0.00511884   0.00649445     0.00697196  -0.00432046     0.01479253   0.01084941
    7    7
  0.04846591   0.00000000     0.00673722   0.00195293     0.00135485   0.00138662
  0.00673722  -0.00195293     0.04069626   0.00000000     0.00615509  -0.00207453
  0.00135485  -0.00138662     0.00615509   0.00207453     0.06127044   0.00000000

     Dynamical  Matrix in cartesian axes

     q = (    0.324759526  -0.324759526   0.216506351 ) 

    1    1
  0.06786267   0.00000000    -0.00776169   0.00000000     0.00291458   0.00000000
 -0.00776169   0.00000000     0.06786267   0.00000000    -0.00291458   0.00000000
  0.00291458   0.00000000    -0.00291458   0.00000000     0.04578872   0.00000000
    1    2
 -0.01126321  -0.00287764    -0.00954665   0.00410879    -0.00726021  -0.00899222
  0.00018985   0.00497538     0.00827739   0.00410000     0.00359291   0.00708162
 -0.00786875   0.00232791    -0.00612428   0.00137729    -0.00665352   0.00408435
    1    3
 -0.00592950   0.00999909    -0.00965585   0.00384515     0.00122472   0.01149220
 -0.00338388  -0.00365237     0.00295387  -0.00875214    -0.00246689  -0.00754803
 -0.00721013   0.00391797    -0.00530441   0.00335663    -0.00759282   0.00181667
    1    4
  0.00295387   0.00875214    -0.00338388   0.00365237     0.00246689  -0.00754803
 -0.00965585  -0.00384515    -0.00592950  -0.00999909    -0.00122472   0.01149220
  0.00530441   0.00335663     0.00721013   0.00391797    -0.00759282  -0.00181667
    1    5
 -0.00410000  -0.00827739    -0.00497538  -0.00018985     0.00708162   0.00359291
 -0.00410879   0.00954665     0.00287764   0.01126321    -0.00899222  -0.00726021
  0.00137729  -0.00612428     0.00232791  -0.00786875    -0.00408435   0.00665352
    1    6
 -0.00967087  -0.00265364    -0.00048371  -0.00083544    -0.01740325  -0.00568437
 -0.00083544  -0.00048371    -0.00265364  -0.00967087     0.00568437   0.01740325
 -0.00161190   0.00656162    -0.00656162   0.00161190    -0.00414882  -0.00414882
    1    7
 -0.00496193   0.00871475     0.00024871   0.00093278    -0.00828650   0.01632541
 -0.00024871   0.00093278     0.00496193   0.00871475    -0.00828650  -0.01632541
