  5.000000000000000E-002   1.25977579764806        2.43615232611498     
          12

     Dynamical  Matrix in cartesian axes

     q = (   -0.866025400  -0.324759500  -0.324759500 ) 

    1    1
  0.02530621   0.00000000     0.00000000   0.00000000    -0.00000000   0.00000000
  0.00000000  -0.00000000     0.16191732  -0.00000000    -0.01497179  -0.00000000
 -0.00000000  -0.00000000    -0.01497179  -0.00000000     0.16191732  -0.00000000
    1    2
  0.00000000   0.00000000    -0.00853088   0.00353361    -0.00853088   0.00353361
 -0.01559857   0.00646114     0.00546341   0.01318984    -0.00578706  -0.01397120
 -0.01559857   0.00646114     0.00578706   0.01397120    -0.00546341  -0.01318984
    1    3
  0.00000000   0.00000000    -0.00853088   0.00353361    -0.00853088   0.00353361
 -0.01559857   0.00646114    -0.00546341  -0.01318984     0.00578706   0.01397120
 -0.01559857   0.00646114    -0.00578706  -0.01397120     0.00546341   0.01318984
    1    4
 -0.00664581   0.00354102    -0.00000000   0.00000000     0.00000000  -0.00000000
 -0.00000000  -0.00000000    -0.02354888   0.02731052    -0.02144133  -0.02393071
  0.00000000  -0.00000000     0.01411306   0.04316773     0.02301648  -0.01806356
    1    5
 -0.00720317   0.00219542     0.00000000   0.00000000    -0.00000000  -0.00000000
  0.00000000  -0.00000000    -0.03596303  -0.00265988     0.00176026   0.03208288
 -0.00000000  -0.00000000    -0.02054476  -0.04050363     0.02904797  -0.00350225
    1    6
 -0.00720317   0.00219542    -0.00000000  -0.00000000     0.00000000   0.00000000
 -0.00000000  -0.00000000     0.02904797  -0.00350225    -0.02054476  -0.04050363
  0.00000000  -0.00000000     0.00176026   0.03208288    -0.03596303  -0.00265988
    1    7
 -0.00664581   0.00354102     0.00000000  -0.00000000    -0.00000000   0.00000000
  0.00000000  -0.00000000     0.02301648  -0.01806356     0.01411306   0.04316773
 -0.00000000  -0.00000000    -0.02144133  -0.02393071    -0.02354888   0.02731052
    2    1
  0.00000000  -0.00000000    -0.01559857  -0.00646114    -0.01559857  -0.00646114
 -0.00853088  -0.00353361     0.00546341  -0.01318984     0.00578706  -0.01397120
 -0.00853088  -0.00353361    -0.00578706   0.01397120    -0.00546341   0.01318984
    2    2
  0.01518560   0.00000000    -0.00000000  -0.00270064    -0.00000000   0.00270064
  0.00000000   0.00270064     0.04271552   0.00000000    -0.00957591   0.00000000
 -0.00000000  -0.00270064    -0.00957591  -0.00000000     0.04271552  -0.00000000
    2    3
 -0.00250647   0.00000000     0.00000000   0.00280178     0.00000000  -0.00280178
  0.00000000   0.00280178     0.00423574  -0.00000000    -0.01060915   0.00000000
  0.00000000  -0.00280178    -0.01060915   0.00000000     0.00423574  -0.00000000
    2    4
  0.00239958  -0.00116384     0.00747633  -0.00647809    -0.00377815   0.00268988
  0.02338301   0.00022358     0.02132116  -0.00547211    -0.00659857  -0.00433762
 -0.01221160   0.00089678    -0.00309742  -0.00449377     0.00785155  -0.00264032
    2    5
 -0.00239958  -0.00116384     0.00747633   0.00647809    -0.00377815  -0.00268988
  0.02338301  -0.00022358    -0.02132116  -0.00547211     0.00659857  -0.00433762
 -0.01221160  -0.00089678     0.00309742  -0.00449377    -0.00785155  -0.00264032
    2    6
  0.00239958   0.00116384    -0.00377815  -0.00268988     0.00747633   0.00647809
 -0.01221160  -0.00089678     0.00785155   0.00264032    -0.00309742   0.00449377
  0.02338301  -0.00022358    -0.00659857   0.00433762     0.02132116   0.00547211
    2    7
 -0.00239958   0.00116384    -0.00377815   0.00268988     0.00747633  -0.00647809
 -0.01221160   0.00089678    -0.00785155   0.00264032     0.00309742   0.00449377
  0.02338301   0.00022358     0.00659857   0.00433762    -0.02132116   0.00547211
    3    1
  0.00000000  -0.00000000    -0.01559857  -0.00646114    -0.01559857  -0.00646114
 -0.00853088  -0.00353361    -0.00546341   0.01318984    -0.00578706   0.01397120
 -0.00853088  -0.00353361     0.00578706  -0.01397120     0.00546341  -0.01318984
    3    2
 -0.00250647   0.00000000     0.00000000  -0.00280178    -0.00000000   0.00280178
  0.00000000  -0.00280178     0.00423574   0.00000000    -0.01060915  -0.00000000
  0.00000000   0.00280178    -0.01060915  -0.00000000     0.00423574   0.00000000
    3    3
  0.01518560  -0.00000000     0.00000000   0.00270064    -0.00000000  -0.00270064
  0.00000000  -0.00270064     0.04271552  -0.00000000    -0.00957591   0.00000000
 -0.00000000   0.00270064    -0.00957591   0.00000000     0.04271552  -0.00000000
    3    4
 -0.00239958   0.00116384     0.00747633  -0.00647809    -0.00377815   0.00268988
  0.02338301   0.00022358    -0.02132116   0.00547211     0.00659857   0.00433762
 -0.01221160   0.00089678     0.00309742   0.00449377    -0.00785155   0.00264032
    3    5
  0.00239958   0.00116384     0.00747633   0.00647809    -0.00377815  -0.00268988
  0.02338301  -0.00022358     0.02132116   0.00547211    -0.00659857   0.00433762
 -0.01221160  -0.00089678    -0.00309742   0.00449377     0.00785155   0.00264032
    3    6
 -0.00239958  -0.00116384    -0.00377815  -0.00268988     0.00747633   0.00647809
 -0.01221160  -0.00089678    -0.00785155  -0.00264032     0.00309742  -0.00449377
  0.02338301  -0.00022358     0.00659857  -0.00433762    -0.02132116  -0.00547211
    3    7
  0.00239958  -0.00116384    -0.00377815   0.00268988     0.00747633  -0.00647809
 -0.01221160   0.00089678     0.00785155  -0.00264032    -0.00309742  -0.00449377
  0.02338301   0.00022358    -0.00659857  -0.00433762     0.02132116  -0.00547211
    4    1
 -0.00664581  -0.00354102    -0.00000000   0.00000000     0.00000000   0.00000000
 -0.00000000  -0.00000000    -0.02354888  -0.02731052     0.01411306  -0.04316773
  0.00000000   0.00000000    -0.02144133   0.02393071     0.02301648   0.01806356
    4    2
  0.00239958   0.00116384     0.02338301  -0.00022358    -0.01221160  -0.00089678
  0.00747633   0.00647809     0.02132116   0.00547211    -0.00309742   0.00449377
 -0.00377815  -0.00268988    -0.00659857   0.00433762     0.00785155   0.00264032
    4    3
 -0.00239958  -0.00116384     0.02338301  -0.00022358    -0.01221160  -0.00089678
  0.00747633   0.00647809    -0.02132116  -0.00547211     0.00309742  -0.00449377
 -0.00377815  -0.00268988     0.00659857  -0.00433762    -0.00785155  -0.00264032
    4    4
  0.03155343  -0.00000000     0.00000000  -0.00000000    -0.00000000  -0.00000000
 -0.00000000   0.00000000     0.06354433  -0.00000000    -0.01058540  -0.00754376
 -0.00000000  -0.00000000    -0.01058540   0.00754376     0.06450722  -0.00000000
    4    5
  0.02471912  -0.00036985     0.00000000  -0.00000000    -0.00000000  -0.00000000
  0.00000000  -0.00000000    -0.01348655  -0.00902106     0.01555310  -0.01547695
 -0.00000000  -0.00000000     0.01555310  -0.01547695    -0.01754714   0.01520533
    4    6
 -0.01547692  -0.00285867    -0.00000000   0.00000000    -0.00000000   0.00000000
 -0.00000000   0.00000000     0.00110309   0.00761641    -0.01269658   0.02406008
 -0.00000000   0.00000000    -0.03609186   0.03490449     0.00110309   0.00761641
    4    7
 -0.01610861   0.00000000    -0.00000000  -0.00000000     0.00000000   0.00000000
  0.00000000  -0.00000000    -0.03653092   0.00062599     0.01790432  -0.00000000
  0.00000000   0.00000000     0.03279494  -0.00000000    -0.03653092  -0.00062599
    5    1
 -0.00720317  -0.00219542     0.00000000   0.00000000    -0.00000000   0.00000000
  0.00000000  -0.00000000    -0.03596303   0.00265988    -0.02054476   0.04050363
 -0.00000000  -0.00000000     0.00176026  -0.03208288     0.02904797   0.00350225
    5    2
 -0.00239958   0.00116384     0.02338301   0.00022358    -0.01221160   0.00089678
  0.00747633  -0.00647809    -0.02132116   0.00547211     0.00309742   0.00449377
 -0.00377815   0.00268988     0.00659857   0.00433762    -0.00785155   0.00264032
    5    3
  0.00239958  -0.00116384     0.02338301   0.00022358    -0.01221160   0.00089678
  0.00747633  -0.00647809     0.02132116  -0.00547211    -0.00309742  -0.00449377
 -0.00377815   0.00268988    -0.00659857  -0.00433762     0.00785155  -0.00264032
    5    4
  0.02471912   0.00036985     0.00000000   0.00000000    -0.00000000   0.00000000
  0.00000000   0.00000000    -0.01348655   0.00902106     0.01555310   0.01547695
 -0.00000000   0.00000000     0.01555310   0.01547695    -0.01754714  -0.01520533
    5    5
  0.03155343   0.00000000    -0.00000000   0.00000000    -0.00000000   0.00000000
 -0.00000000  -0.00000000     0.06354433   0.00000000    -0.01058540   0.00754376
 -0.00000000   0.00000000    -0.01058540  -0.00754376     0.06450722   0.00000000
    5    6
 -0.01610861  -0.00000000    -0.00000000  -0.00000000     0.00000000  -0.00000000
  0.00000000   0.00000000    -0.03653092  -0.00062599     0.01790432   0.00000000
  0.00000000  -0.00000000     0.03279494  -0.00000000    -0.03653092   0.00062599
    5    7
 -0.01547692   0.00285867    -0.00000000  -0.00000000    -0.00000000  -0.00000000
 -0.00000000  -0.00000000     0.00110309  -0.00761641    -0.01269658  -0.02406008
 -0.00000000  -0.00000000    -0.03609186  -0.03490449     0.00110309  -0.00761641
    6    1
 -0.00720317  -0.00219542     0.00000000  -0.00000000     0.00000000  -0.00000000
 -0.00000000   0.00000000     0.02904797   0.00350225     0.00176026  -0.03208288
  0.00000000  -0.00000000    -0.02054476   0.04050363    -0.03596303   0.00265988
    6    2
  0.00239958  -0.00116384    -0.01221160   0.00089678     0.02338301   0.00022358
 -0.00377815   0.00268988     0.00785155  -0.00264032    -0.00659857  -0.00433762
  0.00747633  -0.00647809    -0.00309742  -0.00449377     0.02132116  -0.00547211
    6    3
 -0.00239958   0.00116384    -0.01221160   0.00089678     0.02338301   0.00022358
 -0.00377815   0.00268988    -0.00785155   0.00264032     0.00659857   0.00433762
  0.00747633  -0.00647809     0.00309742   0.00449377    -0.02132116   0.00547211
    6    4
 -0.01547692   0.00285867    -0.00000000  -0.00000000    -0.00000000  -0.00000000
 -0.00000000  -0.00000000     0.00110309  -0.00761641    -0.03609186  -0.03490449
 -0.00000000  -0.00000000    -0.01269658  -0.02406008     0.00110309  -0.00761641
    6    5
 -0.01610861  -0.00000000    -0.00000000  -0.00000000     0.00000000   0.00000000
 -0.00000000  -0.00000000    -0.03653092   0.00062599     0.03279494  -0.00000000
  0.00000000   0.00000000     0.01790432   0.00000000    -0.03653092  -0.00062599
    6    6
  0.03155343   0.00000000     0.00000000  -0.00000000    -0.00000000   0.00000000
 -0.00000000   0.00000000     0.06450722   0.00000000    -0.01058540  -0.00754376
 -0.00000000  -0.00000000    -0.01058540   0.00754376     0.06354433   0.00000000
    6    7
  0.02471912   0.00036985    -0.00000000   0.00000000     0.00000000   0.00000000
 -0.00000000   0.00000000    -0.01754714  -0.01520533     0.01555310   0.01547695
  0.00000000   0.00000000     0.01555310   0.01547695    -0.01348655   0.00902106
    7    1
 -0.00664581  -0.00354102     0.00000000   0.00000000    -0.00000000   0.00000000
  0.00000000   0.00000000     0.02301648   0.01806356    -0.02144133   0.02393071
 -0.00000000  -0.00000000     0.01411306  -0.04316773    -0.02354888  -0.02731052
    7    2
 -0.00239958  -0.00116384    -0.01221160  -0.00089678     0.02338301  -0.00022358
 -0.00377815  -0.00268988    -0.00785155  -0.00264032     0.00659857  -0.00433762
  0.00747633   0.00647809     0.00309742  -0.00449377    -0.02132116  -0.00547211
    7    3
  0.00239958   0.00116384    -0.01221160  -0.00089678     0.02338301  -0.00022358
 -0.00377815  -0.00268988     0.00785155   0.00264032    -0.00659857   0.00433762
  0.00747633   0.00647809    -0.00309742   0.00449377     0.02132116   0.00547211
    7    4
 -0.01610861  -0.00000000    -0.00000000   0.00000000     0.00000000  -0.00000000
  0.00000000   0.00000000    -0.03653092  -0.00062599     0.03279494   0.00000000
  0.00000000   0.00000000     0.01790432   0.00000000    -0.03653092   0.00062599
    7    5
 -0.01547692  -0.00285867    -0.00000000   0.00000000    -0.00000000   0.00000000
 -0.00000000   0.00000000     0.00110309   0.00761641    -0.03609186   0.03490449
 -0.00000000   0.00000000    -0.01269658   0.02406008     0.00110309   0.00761641
    7    6
  0.02471912  -0.00036985    -0.00000000  -0.00000000     0.00000000  -0.00000000
 -0.00000000  -0.00000000    -0.01754714   0.01520533     0.01555310  -0.01547695
  0.00000000  -0.00000000     0.01555310  -0.01547695    -0.01348655  -0.00902106
    7    7
  0.03155343  -0.00000000     0.00000000   0.00000000    -0.00000000  -0.00000000
 -0.00000000  -0.00000000     0.06450722  -0.00000000    -0.01058540   0.00754376
 -0.00000000   0.00000000    -0.01058540  -0.00754376     0.06354433  -0.00000000

     Dynamical  Matrix in cartesian axes

     q = (   -0.324759500  -0.866025400   0.324759500 ) 

    1    1
  0.16191732  -0.00000000     0.00000000  -0.00000000     0.01497179   0.00000000
  0.00000000  -0.00000000     0.02530621  -0.00000000    -0.00000000  -0.00000000
  0.01497179  -0.00000000    -0.00000000  -0.00000000     0.16191732  -0.00000000
    1    2
  0.02354888   0.02731052     0.00000000  -0.00000000    -0.02144133   0.02393071
 -0.00000000   0.00000000     0.00664581   0.00354102     0.00000000   0.00000000
  0.01411306  -0.04316773     0.00000000   0.00000000    -0.02301648  -0.01806356
    1    3
 -0.02354888   0.02731052    -0.00000000  -0.00000000     0.02144133   0.02393071
 -0.00000000   0.00000000    -0.00664581   0.00354102    -0.00000000   0.00000000
 -0.01411306  -0.04316773    -0.00000000   0.00000000     0.02301648  -0.01806356
    1    4
 -0.00546341  -0.01318984    -0.01559857   0.00646114    -0.00578706  -0.01397120
 -0.00853088   0.00353361     0.00000000   0.00000000     0.00853088  -0.00353361
  0.00578706   0.01397120     0.01559857  -0.00646114     0.00546341   0.01318984
    1    5
  0.00546341  -0.01318984     0.01559857   0.00646114     0.00578706  -0.01397120
  0.00853088   0.00353361     0.00000000  -0.00000000    -0.00853088  -0.00353361
 -0.00578706   0.01397120    -0.01559857  -0.00646114    -0.00546341   0.01318984
    1    6
  0.02301648   0.01806356    -0.00000000  -0.00000000    -0.01411306   0.04316773
 -0.00000000  -0.00000000    -0.00664581  -0.00354102     0.00000000   0.00000000
  0.02144133  -0.02393071     0.00000000   0.00000000    -0.02354888  -0.02731052
    1    7
 -0.02301648   0.01806356    -0.00000000   0.00000000     0.01411306   0.04316773
 -0.00000000   0.00000000     0.00664581  -0.00354102    -0.00000000   0.00000000
 -0.02144133  -0.02393071    -0.00000000  -0.00000000     0.02354888  -0.02731052
    2    1
  0.02354888  -0.02731052    -0.00000000   0.00000000     0.01411306   0.04316773
  0.00000000   0.00000000     0.00664581  -0.00354102     0.00000000  -0.00000000
 -0.02144133  -0.02393071     0.00000000  -0.00000000    -0.02301648   0.01806356
    2    2
  0.06354433   0.00000000    -0.00000000   0.00000000     0.01058540  -0.00754376
  0.00000000  -0.00000000     0.03155343  -0.00000000    -0.00000000   0.00000000
  0.01058540   0.00754376    -0.00000000   0.00000000     0.06450722   0.00000000
    2    3
  0.00315757  -0.01591528    -0.00000000   0.00000000     0.02194156  -0.00005385
 -0.00000000   0.00000000    -0.01774058   0.01721754     0.00000000   0.00000000
  0.02194156  -0.00005385     0.00000000   0.00000000     0.02315949  -0.00165591
    2    4
 -0.01120697   0.01894571    -0.00070586   0.00986726    -0.00536778  -0.00098736
 -0.01669238   0.01637619    -0.00087380   0.00251972    -0.00800079   0.00926903
 -0.00773305   0.00159874    -0.00076952   0.00457358    -0.00368489   0.00741888
    2    5
 -0.02132116   0.00547211     0.00747633  -0.00647809    -0.00309742  -0.00449377
  0.02338301   0.00022358    -0.00239958   0.00116384     0.01221160  -0.00089678
 -0.00659857  -0.00433762     0.00377815  -0.00268988    -0.00785155   0.00264032
    2    6
  0.03653092   0.00062599    -0.00000000  -0.00000000     0.01790432  -0.00000000
 -0.00000000  -0.00000000     0.01610861  -0.00000000    -0.00000000   0.00000000
  0.03279494  -0.00000000    -0.00000000   0.00000000     0.03653092  -0.00062599
    2    7
 -0.00460561  -0.00616562    -0.00000000  -0.00000000     0.02599089   0.00803520
 -0.00000000  -0.00000000    -0.00892244   0.01296522     0.00000000   0.00000000
  0.05020200  -0.00083960     0.00000000   0.00000000    -0.00460561  -0.00616562
    3    1
 -0.02354888  -0.02731052    -0.00000000  -0.00000000    -0.01411306   0.04316773
 -0.00000000   0.00000000    -0.00664581  -0.00354102    -0.00000000  -0.00000000
  0.02144133  -0.02393071    -0.00000000  -0.00000000     0.02301648   0.01806356
    3    2
  0.00315757   0.01591528    -0.00000000  -0.00000000     0.02194156   0.00005385
 -0.00000000  -0.00000000    -0.01774058  -0.01721754     0.00000000  -0.00000000
  0.02194156   0.00005385     0.00000000  -0.00000000     0.02315949   0.00165591
    3    3
  0.06354433  -0.00000000    -0.00000000  -0.00000000     0.01058540   0.00754376
 -0.00000000   0.00000000     0.03155343  -0.00000000    -0.00000000   0.00000000
  0.01058540  -0.00754376    -0.00000000   0.00000000     0.06450722  -0.00000000
    3    4
 -0.02132116  -0.00547211     0.00747633   0.00647809    -0.00309742   0.00449377
  0.02338301  -0.00022358    -0.00239958  -0.00116384     0.01221160   0.00089678
 -0.00659857   0.00433762     0.00377815   0.00268988    -0.00785155  -0.00264032
    3    5
 -0.01120697  -0.01894571    -0.00070586  -0.00986726    -0.00536778   0.00098736
 -0.01669238  -0.01637619    -0.00087380  -0.00251972    -0.00800079  -0.00926903
 -0.00773305  -0.00159874    -0.00076952  -0.00457358    -0.00368489  -0.00741888
    3    6
 -0.00460561   0.00616562    -0.00000000   0.00000000     0.02599089  -0.00803520
 -0.00000000   0.00000000    -0.00892244  -0.01296522     0.00000000  -0.00000000
  0.05020200   0.00083960     0.00000000  -0.00000000    -0.00460561   0.00616562
    3    7
  0.03653092  -0.00062599    -0.00000000  -0.00000000     0.01790432   0.00000000
 -0.00000000   0.00000000     0.01610861   0.00000000    -0.00000000   0.00000000
  0.03279494   0.00000000    -0.00000000  -0.00000000     0.03653092   0.00062599
    4    1
 -0.00546341   0.01318984    -0.00853088  -0.00353361     0.00578706  -0.01397120
 -0.01559857  -0.00646114     0.00000000  -0.00000000     0.01559857   0.00646114
 -0.00578706   0.01397120     0.00853088   0.00353361     0.00546341  -0.01318984
    4    2
 -0.01120697  -0.01894571    -0.01669238  -0.01637619    -0.00773305  -0.00159874
 -0.00070586  -0.00986726    -0.00087380  -0.00251972    -0.00076952  -0.00457358
 -0.00536778   0.00098736    -0.00800079  -0.00926903    -0.00368489  -0.00741888
    4    3
 -0.02132116   0.00547211     0.02338301   0.00022358    -0.00659857  -0.00433762
  0.00747633  -0.00647809    -0.00239958   0.00116384     0.00377815  -0.00268988
 -0.00309742  -0.00449377     0.01221160  -0.00089678    -0.00785155   0.00264032
    4    4
  0.04271552  -0.00000000    -0.00000000  -0.00270064     0.00957591   0.00000000
 -0.00000000   0.00270064     0.01518560   0.00000000    -0.00000000   0.00270064
  0.00957591  -0.00000000    -0.00000000  -0.00270064     0.04271552  -0.00000000
    4    5
 -0.00299512  -0.00299512    -0.00198116   0.00198116    -0.00750180  -0.00750181
 -0.00198116   0.00198116     0.00177234   0.00177234    -0.00198116   0.00198116
 -0.00750180  -0.00750181    -0.00198116   0.00198116    -0.00299512  -0.00299512
    4    6
 -0.00368489  -0.00741888    -0.00800079  -0.00926903    -0.00536778   0.00098736
 -0.00076952  -0.00457358    -0.00087380  -0.00251972    -0.00070586  -0.00986726
 -0.00773305  -0.00159874    -0.01669238  -0.01637619    -0.01120697  -0.01894571
    4    7
 -0.00785155   0.00264032     0.01221160  -0.00089678    -0.00309742  -0.00449377
  0.00377815  -0.00268988    -0.00239958   0.00116384     0.00747633  -0.00647809
 -0.00659857  -0.00433762     0.02338301   0.00022358    -0.02132116   0.00547211
    5    1
  0.00546341   0.01318984     0.00853088  -0.00353361    -0.00578706  -0.01397120
  0.01559857  -0.00646114     0.00000000   0.00000000    -0.01559857   0.00646114
  0.00578706   0.01397120    -0.00853088   0.00353361    -0.00546341  -0.01318984
    5    2
 -0.02132116  -0.00547211     0.02338301  -0.00022358    -0.00659857   0.00433762
  0.00747633   0.00647809    -0.00239958  -0.00116384     0.00377815   0.00268988
 -0.00309742   0.00449377     0.01221160   0.00089678    -0.00785155  -0.00264032
    5    3
 -0.01120697   0.01894571    -0.01669238   0.01637619    -0.00773305   0.00159874
 -0.00070586   0.00986726    -0.00087380   0.00251972    -0.00076952   0.00457358
 -0.00536778  -0.00098736    -0.00800079   0.00926903    -0.00368489   0.00741888
    5    4
 -0.00299512   0.00299512    -0.00198116  -0.00198116    -0.00750180   0.00750181
 -0.00198116  -0.00198116     0.00177234  -0.00177234    -0.00198116  -0.00198116
 -0.00750180   0.00750181    -0.00198116  -0.00198116    -0.00299512   0.00299512
    5    5
  0.04271552   0.00000000    -0.00000000   0.00270064     0.00957591   0.00000000
 -0.00000000  -0.00270064     0.01518560   0.00000000    -0.00000000  -0.00270064
  0.00957591   0.00000000    -0.00000000   0.00270064     0.04271552  -0.00000000
    5    6
 -0.00785155  -0.00264032     0.01221160   0.00089678    -0.00309742   0.00449377
  0.00377815   0.00268988    -0.00239958  -0.00116384     0.00747633   0.00647809
 -0.00659857   0.00433762     0.02338301  -0.00022358    -0.02132116  -0.00547211
    5    7
 -0.00368489   0.00741888    -0.00800079   0.00926903    -0.00536778  -0.00098736
 -0.00076952   0.00457358    -0.00087380   0.00251972    -0.00070586   0.00986726
 -0.00773305   0.00159874    -0.01669238   0.01637619    -0.01120697   0.01894571
    6    1
  0.02301648  -0.01806356    -0.00000000   0.00000000     0.02144133   0.02393071
 -0.00000000   0.00000000    -0.00664581   0.00354102     0.00000000  -0.00000000
 -0.01411306  -0.04316773     0.00000000  -0.00000000    -0.02354888   0.02731052
    6    2
  0.03653092  -0.00062599    -0.00000000   0.00000000     0.03279494   0.00000000
 -0.00000000   0.00000000     0.01610861   0.00000000    -0.00000000  -0.00000000
  0.01790432   0.00000000    -0.00000000  -0.00000000     0.03653092   0.00062599
    6    3
 -0.00460561  -0.00616562    -0.00000000  -0.00000000     0.05020200  -0.00083960
 -0.00000000  -0.00000000    -0.00892244   0.01296522     0.00000000   0.00000000
  0.02599089   0.00803520     0.00000000   0.00000000    -0.00460561  -0.00616562
    6    4
 -0.00368489   0.00741888    -0.00076952   0.00457358    -0.00773305   0.00159874
 -0.00800079   0.00926903    -0.00087380   0.00251972    -0.01669238   0.01637619
 -0.00536778  -0.00098736    -0.00070586   0.00986726    -0.01120697   0.01894571
    6    5
 -0.00785155   0.00264032     0.00377815  -0.00268988    -0.00659857  -0.00433762
  0.01221160  -0.00089678    -0.00239958   0.00116384     0.02338301   0.00022358
 -0.00309742  -0.00449377     0.00747633  -0.00647809    -0.02132116   0.00547211
    6    6
  0.06450722   0.00000000     0.00000000  -0.00000000     0.01058540   0.00754376
  0.00000000   0.00000000     0.03155343  -0.00000000    -0.00000000   0.00000000
  0.01058540  -0.00754376    -0.00000000   0.00000000     0.06354433   0.00000000
    6    7
  0.02315949  -0.00165591    -0.00000000  -0.00000000     0.02194156  -0.00005385
 -0.00000000  -0.00000000    -0.01774058   0.01721754     0.00000000  -0.00000000
  0.02194156  -0.00005385     0.00000000  -0.00000000     0.00315757  -0.01591528
    7    1
 -0.02301648  -0.01806356    -0.00000000  -0.00000000    -0.02144133   0.02393071
 -0.00000000  -0.00000000     0.00664581   0.00354102    -0.00000000   0.00000000
  0.01411306  -0.04316773    -0.00000000  -0.00000000     0.02354888   0.02731052
    7    2
 -0.00460561   0.00616562    -0.00000000   0.00000000     0.05020200   0.00083960
 -0.00000000   0.00000000    -0.00892244  -0.01296522     0.00000000  -0.00000000
  0.02599089  -0.00803520     0.00000000  -0.00000000    -0.00460561   0.00616562
    7    3
  0.03653092   0.00062599    -0.00000000  -0.00000000     0.03279494  -0.00000000
 -0.00000000   0.00000000     0.01610861  -0.00000000    -0.00000000   0.00000000
  0.01790432  -0.00000000    -0.00000000   0.00000000     0.03653092  -0.00062599
    7    4
 -0.00785155  -0.00264032     0.00377815   0.00268988    -0.00659857   0.00433762
  0.01221160   0.00089678    -0.00239958  -0.00116384     0.02338301  -0.00022358
 -0.00309742   0.00449377     0.00747633   0.00647809    -0.02132116  -0.00547211
    7    5
 -0.00368489  -0.00741888    -0.00076952  -0.00457358    -0.00773305  -0.00159874
 -0.00800079  -0.00926903    -0.00087380  -0.00251972    -0.01669238  -0.01637619
 -0.00536778   0.00098736    -0.00070586  -0.00986726    -0.01120697  -0.01894571
    7    6
  0.02315949   0.00165591    -0.00000000   0.00000000     0.02194156   0.00005385
 -0.00000000   0.00000000    -0.01774058  -0.01721754     0.00000000   0.00000000
  0.02194156   0.00005385     0.00000000   0.00000000     0.00315757   0.01591528
    7    7
  0.06450722  -0.00000000    -0.00000000   0.00000000     0.01058540  -0.00754376
 -0.00000000  -0.00000000     0.03155343  -0.00000000    -0.00000000   0.00000000
  0.01058540   0.00754376    -0.00000000  -0.00000000     0.06354433  -0.00000000

     Dynamical  Matrix in cartesian axes

     q = (    0.324759500   0.866025400   0.324759500 ) 

    1    1
  0.16191732  -0.00000000     0.00000000  -0.00000000    -0.01497179  -0.00000000
  0.00000000   0.00000000     0.02530621   0.00000000    -0.00000000   0.00000000
 -0.01497179  -0.00000000    -0.00000000  -0.00000000     0.16191732  -0.00000000
    1    2
 -0.03596303   0.00265988    -0.00000000  -0.00000000     0.00176026  -0.03208288
 -0.00000000   0.00000000    -0.00720317  -0.00219542     0.00000000  -0.00000000
 -0.02054476   0.04050363     0.00000000   0.00000000     0.02904797   0.00350225
    1    3
 -0.02354888  -0.02731052     0.00000000  -0.00000000    -0.02144133   0.02393071
  0.00000000   0.00000000    -0.00664581  -0.00354102     0.00000000  -0.00000000
  0.01411306  -0.04316773    -0.00000000  -0.00000000     0.02301648   0.01806356
    1    4
 -0.00546341   0.01318984    -0.01559857  -0.00646114     0.00578706  -0.01397120
 -0.00853088  -0.00353361    -0.00000000   0.00000000    -0.00853088  -0.00353361
 -0.00578706   0.01397120    -0.01559857  -0.00646114     0.00546341  -0.01318984
    1    5
  0.00546341  -0.01318984    -0.01559857  -0.00646114    -0.00578706   0.01397120
 -0.00853088  -0.00353361    -0.00000000   0.00000000    -0.00853088  -0.00353361
  0.00578706  -0.01397120    -0.01559857  -0.00646114    -0.00546341   0.01318984
    1    6
  0.02301648   0.01806356    -0.00000000   0.00000000     0.01411306  -0.04316773
 -0.00000000  -0.00000000    -0.00664581  -0.00354102     0.00000000   0.00000000
 -0.02144133   0.02393071     0.00000000   0.00000000    -0.02354888  -0.02731052
    1    7
  0.02904797   0.00350225     0.00000000   0.00000000    -0.02054476   0.04050363
  0.00000000  -0.00000000    -0.00720317  -0.00219542    -0.00000000   0.00000000
  0.00176026  -0.03208288    -0.00000000  -0.00000000    -0.03596303   0.00265988
    2    1
 -0.03596303  -0.00265988    -0.00000000  -0.00000000    -0.02054476  -0.04050363
 -0.00000000   0.00000000    -0.00720317   0.00219542     0.00000000  -0.00000000
  0.00176026   0.03208288     0.00000000   0.00000000     0.02904797  -0.00350225
    2    2
  0.06354433  -0.00000000    -0.00000000   0.00000000    -0.01058540  -0.00754376
 -0.00000000  -0.00000000     0.03155343  -0.00000000    -0.00000000  -0.00000000
 -0.01058540   0.00754376    -0.00000000  -0.00000000     0.06450722  -0.00000000
    2    3
 -0.01348655  -0.00902106     0.00000000  -0.00000000     0.01555310  -0.01547695
  0.00000000  -0.00000000     0.02471912  -0.00036985    -0.00000000  -0.00000000
  0.01555310  -0.01547695    -0.00000000  -0.00000000    -0.01754714   0.01520533
    2    4
  0.02132116   0.00547211     0.00747633   0.00647809    -0.00309742   0.00449377
  0.02338301  -0.00022358     0.00239958   0.00116384    -0.01221160  -0.00089678
 -0.00659857   0.00433762    -0.00377815  -0.00268988     0.00785155   0.00264032
    2    5
 -0.02132116  -0.00547211     0.00747633   0.00647809     0.00309742  -0.00449377
  0.02338301  -0.00022358    -0.00239958  -0.00116384    -0.01221160  -0.00089678
  0.00659857  -0.00433762    -0.00377815  -0.00268988    -0.00785155  -0.00264032
    2    6
  0.00110309   0.00761641    -0.00000000   0.00000000    -0.01269658   0.02406008
 -0.00000000   0.00000000    -0.01547692  -0.00285867    -0.00000000   0.00000000
 -0.03609186   0.03490449    -0.00000000   0.00000000     0.00110309   0.00761641
    2    7
 -0.03653092   0.00062599     0.00000000   0.00000000     0.01790432  -0.00000000
 -0.00000000  -0.00000000    -0.01610861   0.00000000    -0.00000000   0.00000000
  0.03279494  -0.00000000     0.00000000   0.00000000    -0.03653092  -0.00062599
    3    1
 -0.02354888   0.02731052     0.00000000  -0.00000000     0.01411306   0.04316773
  0.00000000  -0.00000000    -0.00664581   0.00354102    -0.00000000   0.00000000
 -0.02144133  -0.02393071    -0.00000000   0.00000000     0.02301648  -0.01806356
    3    2
 -0.01348655   0.00902106     0.00000000   0.00000000     0.01555310   0.01547695
  0.00000000   0.00000000     0.02471912   0.00036985    -0.00000000   0.00000000
  0.01555310   0.01547695    -0.00000000   0.00000000    -0.01754714  -0.01520533
    3    3
  0.06354433   0.00000000    -0.00000000  -0.00000000    -0.01058540   0.00754376
 -0.00000000   0.00000000     0.03155343   0.00000000    -0.00000000   0.00000000
 -0.01058540  -0.00754376    -0.00000000   0.00000000     0.06450722   0.00000000
    3    4
 -0.02132116   0.00547211     0.00747633  -0.00647809     0.00309742   0.00449377
  0.02338301   0.00022358    -0.00239958   0.00116384    -0.01221160   0.00089678
  0.00659857   0.00433762    -0.00377815   0.00268988    -0.00785155   0.00264032
    3    5
  0.02132116  -0.00547211     0.00747633  -0.00647809    -0.00309742  -0.00449377
  0.02338301   0.00022358     0.00239958  -0.00116384    -0.01221160   0.00089678
 -0.00659857  -0.00433762    -0.00377815   0.00268988     0.00785155  -0.00264032
    3    6
 -0.03653092  -0.00062599     0.00000000  -0.00000000     0.01790432  -0.00000000
 -0.00000000   0.00000000    -0.01610861   0.00000000    -0.00000000  -0.00000000
  0.03279494  -0.00000000     0.00000000  -0.00000000    -0.03653092   0.00062599
    3    7
  0.00110309  -0.00761641    -0.00000000  -0.00000000    -0.01269658  -0.02406008
 -0.00000000  -0.00000000    -0.01547692   0.00285867    -0.00000000  -0.00000000
 -0.03609186  -0.03490449    -0.00000000  -0.00000000     0.00110309  -0.00761641
    4    1
 -0.00546341  -0.01318984    -0.00853088   0.00353361    -0.00578706  -0.01397120
 -0.01559857   0.00646114    -0.00000000  -0.00000000    -0.01559857   0.00646114
  0.00578706   0.01397120    -0.00853088   0.00353361     0.00546341   0.01318984
    4    2
  0.02132116  -0.00547211     0.02338301   0.00022358    -0.00659857  -0.00433762
  0.00747633  -0.00647809     0.00239958  -0.00116384    -0.00377815   0.00268988
 -0.00309742  -0.00449377    -0.01221160   0.00089678     0.00785155  -0.00264032
    4    3
 -0.02132116  -0.00547211     0.02338301  -0.00022358     0.00659857  -0.00433762
  0.00747633   0.00647809    -0.00239958  -0.00116384    -0.00377815  -0.00268988
  0.00309742  -0.00449377    -0.01221160  -0.00089678    -0.00785155  -0.00264032
    4    4
  0.04271552   0.00000000     0.00000000   0.00270064    -0.00957591   0.00000000
 -0.00000000  -0.00270064     0.01518560  -0.00000000    -0.00000000   0.00270064
 -0.00957591  -0.00000000    -0.00000000  -0.00270064     0.04271552   0.00000000
    4    5
  0.00423574   0.00000000     0.00000000   0.00280178    -0.01060915  -0.00000000
  0.00000000   0.00280178    -0.00250647  -0.00000000     0.00000000  -0.00280178
 -0.01060915  -0.00000000     0.00000000  -0.00280178     0.00423574   0.00000000
    4    6
  0.00785155   0.00264032    -0.01221160  -0.00089678    -0.00309742   0.00449377
 -0.00377815  -0.00268988     0.00239958   0.00116384     0.00747633   0.00647809
 -0.00659857   0.00433762     0.02338301  -0.00022358     0.02132116   0.00547211
    4    7
 -0.00785155   0.00264032    -0.01221160   0.00089678     0.00309742   0.00449377
 -0.00377815   0.00268988    -0.00239958   0.00116384     0.00747633  -0.00647809
  0.00659857   0.00433762     0.02338301   0.00022358    -0.02132116   0.00547211
    5    1
  0.00546341   0.01318984    -0.00853088   0.00353361     0.00578706   0.01397120
 -0.01559857   0.00646114    -0.00000000  -0.00000000    -0.01559857   0.00646114
 -0.00578706  -0.01397120    -0.00853088   0.00353361    -0.00546341  -0.01318984
    5    2
 -0.02132116   0.00547211     0.02338301   0.00022358     0.00659857   0.00433762
  0.00747633  -0.00647809    -0.00239958   0.00116384    -0.00377815   0.00268988
  0.00309742   0.00449377    -0.01221160   0.00089678    -0.00785155   0.00264032
    5    3
  0.02132116   0.00547211     0.02338301  -0.00022358    -0.00659857   0.00433762
  0.00747633   0.00647809     0.00239958   0.00116384    -0.00377815  -0.00268988
 -0.00309742   0.00449377    -0.01221160  -0.00089678     0.00785155   0.00264032
    5    4
  0.00423574  -0.00000000    -0.00000000  -0.00280178    -0.01060915   0.00000000
  0.00000000  -0.00280178    -0.00250647   0.00000000     0.00000000   0.00280178
 -0.01060915   0.00000000     0.00000000   0.00280178     0.00423574  -0.00000000
    5    5
  0.04271552  -0.00000000     0.00000000  -0.00270064    -0.00957591   0.00000000
  0.00000000   0.00270064     0.01518560   0.00000000    -0.00000000  -0.00270064
 -0.00957591   0.00000000    -0.00000000   0.00270064     0.04271552  -0.00000000
    5    6
 -0.00785155  -0.00264032    -0.01221160  -0.00089678     0.00309742  -0.00449377
 -0.00377815  -0.00268988    -0.00239958  -0.00116384     0.00747633   0.00647809
  0.00659857  -0.00433762     0.02338301  -0.00022358    -0.02132116  -0.00547211
    5    7
  0.00785155  -0.00264032    -0.01221160   0.00089678    -0.00309742  -0.00449377
 -0.00377815   0.00268988     0.00239958  -0.00116384     0.00747633  -0.00647809
 -0.00659857  -0.00433762     0.02338301   0.00022358     0.02132116  -0.00547211
    6    1
  0.02301648  -0.01806356    -0.00000000   0.00000000    -0.02144133  -0.02393071
 -0.00000000  -0.00000000    -0.00664581   0.00354102     0.00000000  -0.00000000
  0.01411306   0.04316773     0.00000000  -0.00000000    -0.02354888   0.02731052
    6    2
  0.00110309  -0.00761641    -0.00000000  -0.00000000    -0.03609186  -0.03490449
 -0.00000000  -0.00000000    -0.01547692   0.00285867    -0.00000000  -0.00000000
 -0.01269658  -0.02406008    -0.00000000  -0.00000000     0.00110309  -0.00761641
    6    3
 -0.03653092   0.00062599     0.00000000  -0.00000000     0.03279494   0.00000000
  0.00000000  -0.00000000    -0.01610861  -0.00000000    -0.00000000   0.00000000
  0.01790432   0.00000000     0.00000000   0.00000000    -0.03653092  -0.00062599
    6    4
  0.00785155  -0.00264032    -0.00377815   0.00268988    -0.00659857  -0.00433762
 -0.01221160   0.00089678     0.00239958  -0.00116384     0.02338301   0.00022358
 -0.00309742  -0.00449377     0.00747633  -0.00647809     0.02132116  -0.00547211
    6    5
 -0.00785155   0.00264032    -0.00377815   0.00268988     0.00659857   0.00433762
 -0.01221160   0.00089678    -0.00239958   0.00116384     0.02338301   0.00022358
  0.00309742   0.00449377     0.00747633  -0.00647809    -0.02132116   0.00547211
    6    6
  0.06450722   0.00000000    -0.00000000   0.00000000    -0.01058540  -0.00754376
 -0.00000000  -0.00000000     0.03155343   0.00000000    -0.00000000   0.00000000
 -0.01058540   0.00754376    -0.00000000   0.00000000     0.06354433   0.00000000
    6    7
 -0.01754714  -0.01520533    -0.00000000   0.00000000     0.01555310   0.01547695
 -0.00000000   0.00000000     0.02471912   0.00036985     0.00000000   0.00000000
  0.01555310   0.01547695     0.00000000   0.00000000    -0.01348655   0.00902106
    7    1
  0.02904797  -0.00350225     0.00000000   0.00000000     0.00176026   0.03208288
  0.00000000  -0.00000000    -0.00720317   0.00219542    -0.00000000   0.00000000
 -0.02054476  -0.04050363    -0.00000000  -0.00000000    -0.03596303  -0.00265988
    7    2
 -0.03653092  -0.00062599     0.00000000   0.00000000     0.03279494   0.00000000
  0.00000000   0.00000000    -0.01610861  -0.00000000    -0.00000000  -0.00000000
  0.01790432   0.00000000     0.00000000  -0.00000000    -0.03653092   0.00062599
    7    3
  0.00110309   0.00761641    -0.00000000   0.00000000    -0.03609186   0.03490449
 -0.00000000   0.00000000    -0.01547692  -0.00285867    -0.00000000   0.00000000
 -0.01269658   0.02406008    -0.00000000   0.00000000     0.00110309   0.00761641
    7    4
 -0.00785155  -0.00264032    -0.00377815  -0.00268988     0.00659857  -0.00433762
 -0.01221160  -0.00089678    -0.00239958  -0.00116384     0.02338301  -0.00022358
  0.00309742  -0.00449377     0.00747633   0.00647809    -0.02132116  -0.00547211
    7    5
  0.00785155   0.00264032    -0.00377815  -0.00268988    -0.00659857   0.00433762
 -0.01221160  -0.00089678     0.00239958   0.00116384     0.02338301  -0.00022358
 -0.00309742   0.00449377     0.00747633   0.00647809     0.02132116   0.00547211
    7    6
 -0.01754714   0.01520533    -0.00000000  -0.00000000     0.01555310  -0.01547695
 -0.00000000  -0.00000000     0.02471912  -0.00036985     0.00000000  -0.00000000
  0.01555310  -0.01547695     0.00000000  -0.00000000    -0.01348655  -0.00902106
    7    7
  0.06450722  -0.00000000    -0.00000000  -0.00000000    -0.01058540   0.00754376
 -0.00000000   0.00000000     0.03155343  -0.00000000    -0.00000000  -0.00000000
 -0.01058540  -0.00754376    -0.00000000   0.00000000     0.06354433  -0.00000000

     Dynamical  Matrix in cartesian axes

     q = (   -0.324759500   0.866025400  -0.324759500 ) 

    1    1
  0.16191732  -0.00000000     0.00000000  -0.00000000    -0.01497179  -0.00000000
  0.00000000   0.00000000     0.02530621   0.00000000    -0.00000000   0.00000000
 -0.01497179  -0.00000000    -0.00000000  -0.00000000     0.16191732  -0.00000000
    1    2
 -0.03596303  -0.00265988     0.00000000  -0.00000000     0.00176026   0.03208288
  0.00000000   0.00000000    -0.00720317   0.00219542    -0.00000000   0.00000000
 -0.02054476  -0.04050363    -0.00000000  -0.00000000     0.02904797  -0.00350225
    1    3
 -0.02354888   0.02731052     0.00000000   0.00000000    -0.02144133  -0.02393071
  0.00000000  -0.00000000    -0.00664581   0.00354102    -0.00000000   0.00000000
  0.01411306   0.04316773    -0.00000000   0.00000000     0.02301648  -0.01806356
    1    4
 -0.00546341  -0.01318984    -0.01559857   0.00646114     0.00578706   0.01397120
 -0.00853088   0.00353361    -0.00000000  -0.00000000    -0.00853088   0.00353361
 -0.00578706  -0.01397120    -0.01559857   0.00646114     0.00546341   0.01318984
    1    5
  0.00546341   0.01318984    -0.01559857   0.00646114    -0.00578706  -0.01397120
 -0.00853088   0.00353361    -0.00000000  -0.00000000    -0.00853088   0.00353361
  0.00578706   0.01397120    -0.01559857   0.00646114    -0.00546341  -0.01318984
    1    6
  0.02301648  -0.01806356    -0.00000000   0.00000000     0.01411306   0.04316773
 -0.00000000   0.00000000    -0.00664581   0.00354102     0.00000000  -0.00000000
 -0.02144133  -0.02393071     0.00000000   0.00000000    -0.02354888   0.02731052
    1    7
  0.02904797  -0.00350225     0.00000000   0.00000000    -0.02054476  -0.04050363
  0.00000000   0.00000000    -0.00720317   0.00219542     0.00000000   0.00000000
