  3.000000000000000E-002   1.26007061404212        2.36059544634539     
           6

     Dynamical  Matrix in cartesian axes

     q = (    0.000000000   0.000000000   0.216506400 ) 

    1    1
  0.01441067   0.00000000    -0.00000000   0.00000000    -0.00000000   0.00000000
 -0.00000000   0.00000000     0.01441067   0.00000000    -0.00000000   0.00000000
 -0.00000000   0.00000000    -0.00000000   0.00000000     0.22436926   0.00000000
    1    2
 -0.00292903   0.00292903     0.00000000   0.00000000    -0.01103283  -0.01103283
  0.00000000   0.00000000    -0.00015269   0.00015269    -0.00000000   0.00000000
 -0.02330158  -0.02330157    -0.00000000   0.00000000     0.00343003  -0.00343003
    1    3
 -0.00414227  -0.00000000     0.00000000  -0.00000000     0.00000000   0.01560277
  0.00000000  -0.00000000    -0.00021593  -0.00000000     0.00000000   0.00000000
  0.00000000   0.03295340    -0.00000000  -0.00000000     0.00485080  -0.00000000
    1    4
 -0.00021593  -0.00000000     0.00000000  -0.00000000    -0.00000000   0.00000000
  0.00000000  -0.00000000    -0.00414227  -0.00000000     0.00000000   0.01560277
 -0.00000000   0.00000000     0.00000000   0.03295340     0.00485080   0.00000000
    1    5
 -0.00015269   0.00015269     0.00000000   0.00000000    -0.00000000   0.00000000
  0.00000000   0.00000000    -0.00292903   0.00292903    -0.01103283  -0.01103283
  0.00000000   0.00000000    -0.02330158  -0.02330157     0.00343003  -0.00343003
    1    6
 -0.00240667   0.01445551     0.00000000  -0.00000000     0.00000000  -0.00000000
 -0.00000000  -0.00000000    -0.01192337  -0.00851982     0.00000000  -0.00000000
  0.00000000  -0.00000000     0.00000000  -0.00000000    -0.01891269   0.00783389
    1    7
 -0.01192337  -0.00851982    -0.00000000  -0.00000000     0.00000000  -0.00000000
  0.00000000  -0.00000000    -0.00240667   0.01445551     0.00000000  -0.00000000
  0.00000000  -0.00000000     0.00000000  -0.00000000    -0.01891269   0.00783389
    2    1
 -0.00292903  -0.00292903     0.00000000  -0.00000000    -0.02330158   0.02330157
  0.00000000  -0.00000000    -0.00015269  -0.00015269     0.00000000  -0.00000000
 -0.01103283   0.01103283    -0.00000000  -0.00000000     0.00343003   0.00343003
    2    2
  0.01871267   0.00000000     0.00000000  -0.00000000     0.00000000   0.00408735
  0.00000000   0.00000000     0.07900366   0.00000000     0.00000000   0.00000000
 -0.00000000  -0.00408735    -0.00000000   0.00000000     0.03545107  -0.00000000
    2    3
 -0.00814279  -0.00814279     0.00000000   0.00000000     0.00437308  -0.00437308
  0.00000000   0.00000000    -0.05455287  -0.05455289     0.00000000   0.00000000
  0.00437308  -0.00437308     0.00000000  -0.00000000    -0.01834165  -0.01834165
    2    4
 -0.00061781  -0.00061781    -0.00756294  -0.00756294     0.00059560  -0.00059560
 -0.05457823  -0.05457825    -0.00061781  -0.00061781     0.00031823  -0.00031823
  0.00031823  -0.00031823     0.00059560  -0.00059560     0.00194110   0.00194110
    2    5
 -0.00087371   0.00000000     0.01069562   0.00000000     0.00000000  -0.00084230
  0.07718529  -0.00000000    -0.00087371   0.00000000     0.00000000   0.00045005
 -0.00000000  -0.00045005     0.00000000   0.00084230     0.00274514   0.00000000
    2    6
  0.00322041  -0.00301562     0.00000000   0.00000000    -0.00372261  -0.00284479
  0.00000000   0.00000000     0.00030645   0.00037004     0.00000000   0.00000000
 -0.01971512  -0.02112101     0.00000000   0.00000000    -0.00151660  -0.00071057
    2    7
  0.00014480   0.00440954    -0.00000000   0.00000000     0.00464386   0.00062071
 -0.00000000   0.00000000     0.00047835  -0.00004497    -0.00000000   0.00000000
  0.02887551  -0.00099410    -0.00000000   0.00000000    -0.00157485  -0.00056995
    3    1
 -0.00414227   0.00000000     0.00000000   0.00000000     0.00000000  -0.03295340
  0.00000000   0.00000000    -0.00021593   0.00000000    -0.00000000  -0.00000000
  0.00000000  -0.01560277    -0.00000000  -0.00000000     0.00485080  -0.00000000
    3    2
 -0.00814279   0.00814279     0.00000000   0.00000000     0.00437308   0.00437308
  0.00000000  -0.00000000    -0.05455287   0.05455289     0.00000000  -0.00000000
  0.00437308   0.00437308     0.00000000   0.00000000    -0.01834165   0.01834165
    3    3
  0.01871267  -0.00000000     0.00000000   0.00000000     0.00000000  -0.00408735
  0.00000000  -0.00000000     0.07900366  -0.00000000     0.00000000  -0.00000000
 -0.00000000   0.00408735    -0.00000000   0.00000000     0.03545107   0.00000000
    3    4
 -0.00087371  -0.00000000     0.01069562  -0.00000000     0.00000000   0.00084230
  0.07718529  -0.00000000    -0.00087371  -0.00000000     0.00000000  -0.00045005
 -0.00000000   0.00045005    -0.00000000  -0.00084230     0.00274514  -0.00000000
    3    5
 -0.00061781   0.00061781    -0.00756294   0.00756294     0.00059560   0.00059560
 -0.05457823   0.05457825    -0.00061781   0.00061781     0.00031823   0.00031823
  0.00031823   0.00031823     0.00059560   0.00059560     0.00194110  -0.00194110
    3    6
  0.00014480  -0.00440954    -0.00000000  -0.00000000     0.00464386  -0.00062071
 -0.00000000   0.00000000     0.00047835   0.00004497    -0.00000000  -0.00000000
  0.02887551   0.00099410    -0.00000000  -0.00000000    -0.00157485   0.00056995
    3    7
  0.00322041   0.00301562     0.00000000  -0.00000000    -0.00372261   0.00284479
  0.00000000  -0.00000000     0.00030645  -0.00037004     0.00000000   0.00000000
 -0.01971512   0.02112101     0.00000000  -0.00000000    -0.00151660   0.00071057
    4    1
 -0.00021593   0.00000000     0.00000000   0.00000000    -0.00000000   0.00000000
 -0.00000000   0.00000000    -0.00414227   0.00000000     0.00000000  -0.03295340
 -0.00000000   0.00000000     0.00000000  -0.01560277     0.00485080   0.00000000
    4    2
 -0.00061781   0.00061781    -0.05457823   0.05457825     0.00031823   0.00031823
 -0.00756294   0.00756294    -0.00061781   0.00061781     0.00059560   0.00059560
  0.00059560   0.00059560     0.00031823   0.00031823     0.00194110  -0.00194110
    4    3
 -0.00087371  -0.00000000     0.07718529   0.00000000     0.00000000  -0.00045005
  0.01069562   0.00000000    -0.00087371  -0.00000000     0.00000000   0.00084230
 -0.00000000  -0.00084230     0.00000000   0.00045005     0.00274514   0.00000000
    4    4
  0.07900366  -0.00000000     0.00000000  -0.00000000    -0.00000000   0.00000000
  0.00000000   0.00000000     0.01871267  -0.00000000    -0.00000000  -0.00408735
 -0.00000000  -0.00000000    -0.00000000   0.00408735     0.03545107  -0.00000000
    4    5
 -0.05455287   0.05455289     0.00000000  -0.00000000     0.00000000  -0.00000000
  0.00000000   0.00000000    -0.00814279   0.00814279     0.00437308   0.00437308
  0.00000000   0.00000000     0.00437308   0.00437308    -0.01834165   0.01834165
    4    6
  0.00030645  -0.00037004     0.00000000  -0.00000000     0.00000000   0.00000000
  0.00000000  -0.00000000     0.00322041   0.00301562    -0.00372261   0.00284479
  0.00000000   0.00000000    -0.01971512   0.02112101    -0.00151660   0.00071057
    4    7
  0.00047835   0.00004497    -0.00000000   0.00000000     0.00000000  -0.00000000
 -0.00000000  -0.00000000     0.00014480  -0.00440954     0.00464386  -0.00062071
 -0.00000000  -0.00000000     0.02887551   0.00099410    -0.00157485   0.00056995
    5    1
 -0.00015269  -0.00015269     0.00000000  -0.00000000    -0.00000000   0.00000000
  0.00000000  -0.00000000    -0.00292903  -0.00292903    -0.02330158   0.02330157
 -0.00000000   0.00000000    -0.01103283   0.01103283     0.00343003   0.00343003
    5    2
 -0.00087371   0.00000000     0.07718529   0.00000000     0.00000000   0.00045005
  0.01069562   0.00000000    -0.00087371   0.00000000     0.00000000  -0.00084230
 -0.00000000   0.00084230     0.00000000  -0.00045005     0.00274514   0.00000000
    5    3
 -0.00061781  -0.00061781    -0.05457823  -0.05457825     0.00031823  -0.00031823
 -0.00756294  -0.00756294    -0.00061781  -0.00061781     0.00059560  -0.00059560
  0.00059560  -0.00059560     0.00031823  -0.00031823     0.00194110   0.00194110
    5    4
 -0.05455287  -0.05455289     0.00000000   0.00000000     0.00000000   0.00000000
  0.00000000   0.00000000    -0.00814279  -0.00814279     0.00437308  -0.00437308
  0.00000000  -0.00000000     0.00437308  -0.00437308    -0.01834165  -0.01834165
    5    5
  0.07900366   0.00000000     0.00000000   0.00000000    -0.00000000  -0.00000000
  0.00000000  -0.00000000     0.01871267   0.00000000    -0.00000000   0.00408735
 -0.00000000   0.00000000    -0.00000000  -0.00408735     0.03545107   0.00000000
    5    6
  0.00047835  -0.00004497    -0.00000000   0.00000000     0.00000000   0.00000000
 -0.00000000   0.00000000     0.00014480   0.00440954     0.00464386   0.00062071
 -0.00000000   0.00000000     0.02887551  -0.00099410    -0.00157485  -0.00056995
    5    7
  0.00030645   0.00037004     0.00000000   0.00000000     0.00000000   0.00000000
  0.00000000   0.00000000     0.00322041  -0.00301562    -0.00372261  -0.00284479
  0.00000000   0.00000000    -0.01971512  -0.02112101    -0.00151660  -0.00071057
    6    1
 -0.00240667  -0.01445551     0.00000000   0.00000000     0.00000000   0.00000000
 -0.00000000   0.00000000    -0.01192337   0.00851982     0.00000000   0.00000000
  0.00000000   0.00000000     0.00000000   0.00000000    -0.01891269  -0.00783389
    6    2
  0.00322041   0.00301562     0.00000000  -0.00000000    -0.01971512   0.02112101
  0.00000000  -0.00000000     0.00030645  -0.00037004     0.00000000  -0.00000000
 -0.00372261   0.00284479     0.00000000  -0.00000000    -0.00151660   0.00071057
    6    3
  0.00014480   0.00440954    -0.00000000   0.00000000     0.02887551  -0.00099410
 -0.00000000  -0.00000000     0.00047835  -0.00004497    -0.00000000   0.00000000
  0.00464386   0.00062071     0.00000000   0.00000000    -0.00157485  -0.00056995
    6    4
  0.00030645   0.00037004     0.00000000   0.00000000     0.00000000  -0.00000000
  0.00000000   0.00000000     0.00322041  -0.00301562    -0.01971512  -0.02112101
 -0.00000000   0.00000000    -0.00372261  -0.00284479    -0.00151660  -0.00071057
    6    5
  0.00047835   0.00004497    -0.00000000   0.00000000    -0.00000000  -0.00000000
 -0.00000000   0.00000000     0.00014480  -0.00440954     0.02887551   0.00099410
 -0.00000000  -0.00000000     0.00464386  -0.00062071    -0.00157485   0.00056995
    6    6
  0.02999127  -0.00000000     0.00000000   0.00000000    -0.00000000   0.00000000
 -0.00000000   0.00000000     0.02999127   0.00000000    -0.00000000   0.00000000
 -0.00000000   0.00000000    -0.00000000   0.00000000     0.01887678  -0.00000000
    6    7
 -0.01700878   0.02021466     0.00000000  -0.00000000     0.00000000   0.00000000
  0.00000000  -0.00000000    -0.01700878  -0.02021466     0.00000000   0.00000000
  0.00000000   0.00000000     0.00000000   0.00000000    -0.00182115  -0.00000000
    7    1
 -0.01192337   0.00851982     0.00000000   0.00000000     0.00000000   0.00000000
  0.00000000   0.00000000    -0.00240667  -0.01445551     0.00000000   0.00000000
  0.00000000   0.00000000     0.00000000   0.00000000    -0.01891269  -0.00783389
    7    2
  0.00014480  -0.00440954    -0.00000000   0.00000000     0.02887551   0.00099410
 -0.00000000  -0.00000000     0.00047835   0.00004497    -0.00000000  -0.00000000
  0.00464386  -0.00062071     0.00000000  -0.00000000    -0.00157485   0.00056995
    7    3
  0.00322041  -0.00301562     0.00000000   0.00000000    -0.01971512  -0.02112101
  0.00000000   0.00000000     0.00030645   0.00037004     0.00000000   0.00000000
 -0.00372261  -0.00284479     0.00000000   0.00000000    -0.00151660  -0.00071057
    7    4
  0.00047835  -0.00004497    -0.00000000   0.00000000    -0.00000000   0.00000000
 -0.00000000  -0.00000000     0.00014480   0.00440954     0.02887551  -0.00099410
 -0.00000000   0.00000000     0.00464386   0.00062071    -0.00157485  -0.00056995
    7    5
  0.00030645  -0.00037004     0.00000000  -0.00000000     0.00000000   0.00000000
  0.00000000  -0.00000000     0.00322041   0.00301562    -0.01971512   0.02112101
 -0.00000000   0.00000000    -0.00372261   0.00284479    -0.00151660   0.00071057
    7    6
 -0.01700878  -0.02021466     0.00000000   0.00000000     0.00000000   0.00000000
  0.00000000   0.00000000    -0.01700878   0.02021466     0.00000000   0.00000000
  0.00000000   0.00000000     0.00000000   0.00000000    -0.00182115   0.00000000
    7    7
  0.02999127   0.00000000     0.00000000  -0.00000000    -0.00000000   0.00000000
 -0.00000000   0.00000000     0.02999127  -0.00000000    -0.00000000   0.00000000
 -0.00000000   0.00000000    -0.00000000   0.00000000     0.01887678   0.00000000

     Dynamical  Matrix in cartesian axes

     q = (    0.216506400  -0.000000000   0.000000000 ) 

    1    1
  0.22436926   0.00000000    -0.00000000   0.00000000    -0.00000000   0.00000000
 -0.00000000   0.00000000     0.01441067   0.00000000    -0.00000000   0.00000000
 -0.00000000   0.00000000    -0.00000000   0.00000000     0.01441067   0.00000000
    1    2
 -0.01891269   0.00783389    -0.00000000  -0.00000000    -0.00000000   0.00000000
 -0.00000000  -0.00000000    -0.00240667   0.01445551     0.00000000   0.00000000
  0.00000000   0.00000000     0.00000000   0.00000000    -0.01192337  -0.00851982
    1    3
 -0.01891269   0.00783389     0.00000000   0.00000000     0.00000000  -0.00000000
  0.00000000  -0.00000000    -0.01192337  -0.00851982     0.00000000  -0.00000000
  0.00000000  -0.00000000     0.00000000  -0.00000000    -0.00240667   0.01445551
    1    4
  0.00343003  -0.00343003    -0.02330158  -0.02330157    -0.00000000  -0.00000000
 -0.01103283  -0.01103283    -0.00292903   0.00292903    -0.00000000  -0.00000000
 -0.00000000  -0.00000000    -0.00000000  -0.00000000    -0.00015269   0.00015269
    1    5
  0.00485080  -0.00000000     0.00000000   0.03295340     0.00000000   0.00000000
  0.00000000   0.01560277    -0.00414227  -0.00000000     0.00000000   0.00000000
  0.00000000   0.00000000     0.00000000   0.00000000    -0.00021593   0.00000000
    1    6
  0.00485080  -0.00000000    -0.00000000  -0.00000000     0.00000000   0.03295340
  0.00000000  -0.00000000    -0.00021593  -0.00000000     0.00000000  -0.00000000
  0.00000000   0.01560277     0.00000000  -0.00000000    -0.00414227  -0.00000000
    1    7
  0.00343003  -0.00343003     0.00000000   0.00000000    -0.02330158  -0.02330157
  0.00000000   0.00000000    -0.00015269   0.00015269    -0.00000000   0.00000000
 -0.01103283  -0.01103283     0.00000000   0.00000000    -0.00292903   0.00292903
    2    1
 -0.01891269  -0.00783389    -0.00000000   0.00000000     0.00000000  -0.00000000
 -0.00000000   0.00000000    -0.00240667  -0.01445551     0.00000000  -0.00000000
 -0.00000000  -0.00000000     0.00000000  -0.00000000    -0.01192337   0.00851982
    2    2
  0.01887678  -0.00000000     0.00000000   0.00000000    -0.00000000   0.00000000
  0.00000000   0.00000000     0.02999127  -0.00000000    -0.00000000   0.00000000
 -0.00000000   0.00000000    -0.00000000   0.00000000     0.02999127   0.00000000
    2    3
 -0.00182115  -0.00000000     0.00000000  -0.00000000     0.00000000   0.00000000
  0.00000000  -0.00000000    -0.01700878   0.02021466     0.00000000   0.00000000
  0.00000000   0.00000000     0.00000000   0.00000000    -0.01700878  -0.02021466
    2    4
 -0.00151660   0.00071057    -0.00372261   0.00284479    -0.00000000   0.00000000
 -0.01971512   0.02112101     0.00322041   0.00301562    -0.00000000   0.00000000
  0.00000000   0.00000000    -0.00000000   0.00000000     0.00030645  -0.00037004
    2    5
 -0.00157485  -0.00056995     0.00464386   0.00062071     0.00000000   0.00000000
  0.02887551  -0.00099410     0.00014480   0.00440954    -0.00000000   0.00000000
  0.00000000   0.00000000     0.00000000   0.00000000     0.00047835  -0.00004497
    2    6
 -0.00151660  -0.00071057     0.00000000   0.00000000    -0.00372261  -0.00284479
  0.00000000   0.00000000     0.00030645   0.00037004    -0.00000000  -0.00000000
 -0.01971512  -0.02112101     0.00000000   0.00000000     0.00322041  -0.00301562
    2    7
 -0.00157485   0.00056995    -0.00000000  -0.00000000     0.00464386  -0.00062071
 -0.00000000  -0.00000000     0.00047835   0.00004497     0.00000000   0.00000000
  0.02887551   0.00099410    -0.00000000   0.00000000     0.00014480  -0.00440954
    3    1
 -0.01891269  -0.00783389     0.00000000  -0.00000000     0.00000000   0.00000000
  0.00000000  -0.00000000    -0.01192337   0.00851982     0.00000000   0.00000000
  0.00000000   0.00000000    -0.00000000   0.00000000    -0.00240667  -0.01445551
    3    2
 -0.00182115   0.00000000     0.00000000   0.00000000     0.00000000  -0.00000000
  0.00000000   0.00000000    -0.01700878  -0.02021466     0.00000000  -0.00000000
  0.00000000  -0.00000000     0.00000000  -0.00000000    -0.01700878   0.02021466
    3    3
  0.01887678   0.00000000     0.00000000  -0.00000000    -0.00000000  -0.00000000
  0.00000000  -0.00000000     0.02999127   0.00000000    -0.00000000  -0.00000000
 -0.00000000  -0.00000000    -0.00000000  -0.00000000     0.02999127  -0.00000000
    3    4
 -0.00157485   0.00056995     0.00464386  -0.00062071     0.00000000  -0.00000000
  0.02887551   0.00099410     0.00014480  -0.00440954    -0.00000000   0.00000000
  0.00000000   0.00000000     0.00000000   0.00000000     0.00047835   0.00004497
    3    5
 -0.00151660  -0.00071057    -0.00372261  -0.00284479     0.00000000   0.00000000
 -0.01971512  -0.02112101     0.00322041  -0.00301562     0.00000000   0.00000000
  0.00000000   0.00000000     0.00000000   0.00000000     0.00030645   0.00037004
    3    6
 -0.00157485  -0.00056995    -0.00000000   0.00000000     0.00464386   0.00062071
 -0.00000000   0.00000000     0.00047835  -0.00004497     0.00000000  -0.00000000
  0.02887551  -0.00099410    -0.00000000  -0.00000000     0.00014480   0.00440954
    3    7
 -0.00151660   0.00071057     0.00000000  -0.00000000    -0.00372261   0.00284479
  0.00000000   0.00000000     0.00030645  -0.00037004    -0.00000000  -0.00000000
 -0.01971512   0.02112101     0.00000000  -0.00000000     0.00322041   0.00301562
    4    1
  0.00343003   0.00343003    -0.01103283   0.01103283     0.00000000   0.00000000
 -0.02330158   0.02330157    -0.00292903  -0.00292903     0.00000000   0.00000000
  0.00000000   0.00000000     0.00000000   0.00000000    -0.00015269  -0.00015269
    4    2
 -0.00151660  -0.00071057    -0.01971512  -0.02112101     0.00000000  -0.00000000
 -0.00372261  -0.00284479     0.00322041  -0.00301562    -0.00000000   0.00000000
 -0.00000000   0.00000000     0.00000000   0.00000000     0.00030645   0.00037004
    4    3
 -0.00157485  -0.00056995     0.02887551  -0.00099410    -0.00000000   0.00000000
  0.00464386   0.00062071     0.00014480   0.00440954    -0.00000000   0.00000000
  0.00000000   0.00000000     0.00000000   0.00000000     0.00047835  -0.00004497
    4    4
  0.03545107   0.00000000     0.00000000  -0.00408735    -0.00000000   0.00000000
  0.00000000   0.00408735     0.01871267  -0.00000000    -0.00000000   0.00000000
 -0.00000000  -0.00000000    -0.00000000  -0.00000000     0.07900366   0.00000000
    4    5
 -0.01834165  -0.01834165     0.00437308  -0.00437308     0.00000000   0.00000000
  0.00437308  -0.00437308    -0.00814279  -0.00814279     0.00000000   0.00000000
  0.00000000   0.00000000     0.00000000   0.00000000    -0.05455287  -0.05455289
    4    6
  0.00194110   0.00194110     0.00031823  -0.00031823     0.00059560  -0.00059560
  0.00059560  -0.00059560    -0.00061781  -0.00061781    -0.00756294  -0.00756294
  0.00031823  -0.00031823    -0.05457823  -0.05457825    -0.00061781  -0.00061781
    4    7
  0.00274514  -0.00000000    -0.00000000  -0.00045005     0.00000000   0.00084230
 -0.00000000  -0.00084230    -0.00087371   0.00000000     0.01069562  -0.00000000
  0.00000000   0.00045005     0.07718529  -0.00000000    -0.00087371   0.00000000
    5    1
  0.00485080   0.00000000     0.00000000  -0.01560277     0.00000000   0.00000000
  0.00000000  -0.03295340    -0.00414227  -0.00000000     0.00000000  -0.00000000
  0.00000000  -0.00000000     0.00000000   0.00000000    -0.00021593  -0.00000000
    5    2
 -0.00157485   0.00056995     0.02887551   0.00099410    -0.00000000  -0.00000000
  0.00464386  -0.00062071     0.00014480  -0.00440954    -0.00000000  -0.00000000
 -0.00000000  -0.00000000    -0.00000000   0.00000000     0.00047835   0.00004497
    5    3
 -0.00151660   0.00071057    -0.01971512   0.02112101     0.00000000   0.00000000
 -0.00372261   0.00284479     0.00322041   0.00301562     0.00000000   0.00000000
 -0.00000000   0.00000000     0.00000000   0.00000000     0.00030645  -0.00037004
    5    4
 -0.01834165   0.01834165     0.00437308   0.00437308     0.00000000  -0.00000000
  0.00437308   0.00437308    -0.00814279   0.00814279     0.00000000  -0.00000000
  0.00000000  -0.00000000     0.00000000  -0.00000000    -0.05455287   0.05455289
    5    5
  0.03545107  -0.00000000     0.00000000   0.00408735    -0.00000000   0.00000000
  0.00000000  -0.00408735     0.01871267   0.00000000    -0.00000000   0.00000000
 -0.00000000   0.00000000    -0.00000000   0.00000000     0.07900366  -0.00000000
    5    6
  0.00274514   0.00000000    -0.00000000   0.00045005     0.00000000  -0.00084230
 -0.00000000   0.00084230    -0.00087371   0.00000000     0.01069562   0.00000000
  0.00000000  -0.00045005     0.07718529   0.00000000    -0.00087371   0.00000000
    5    7
  0.00194110  -0.00194110     0.00031823   0.00031823     0.00059560   0.00059560
  0.00059560   0.00059560    -0.00061781   0.00061781    -0.00756294   0.00756294
  0.00031823   0.00031823    -0.05457823   0.05457825    -0.00061781   0.00061781
    6    1
  0.00485080   0.00000000    -0.00000000   0.00000000     0.00000000  -0.01560277
 -0.00000000   0.00000000    -0.00021593   0.00000000     0.00000000  -0.00000000
  0.00000000  -0.03295340     0.00000000  -0.00000000    -0.00414227  -0.00000000
    6    2
 -0.00151660   0.00071057     0.00000000  -0.00000000    -0.01971512   0.02112101
  0.00000000  -0.00000000     0.00030645  -0.00037004     0.00000000  -0.00000000
 -0.00372261   0.00284479     0.00000000   0.00000000     0.00322041   0.00301562
    6    3
 -0.00157485   0.00056995    -0.00000000  -0.00000000     0.02887551   0.00099410
 -0.00000000  -0.00000000     0.00047835   0.00004497    -0.00000000   0.00000000
  0.00464386  -0.00062071     0.00000000   0.00000000     0.00014480  -0.00440954
    6    4
  0.00194110  -0.00194110     0.00059560   0.00059560     0.00031823   0.00031823
  0.00031823   0.00031823    -0.00061781   0.00061781    -0.05457823   0.05457825
  0.00059560   0.00059560    -0.00756294   0.00756294    -0.00061781   0.00061781
    6    5
  0.00274514  -0.00000000     0.00000000  -0.00084230     0.00000000   0.00045005
 -0.00000000  -0.00045005    -0.00087371  -0.00000000     0.07718529  -0.00000000
  0.00000000   0.00084230     0.01069562  -0.00000000    -0.00087371  -0.00000000
    6    6
  0.03545107  -0.00000000     0.00000000  -0.00000000     0.00000000   0.00408735
 -0.00000000   0.00000000     0.07900366  -0.00000000     0.00000000   0.00000000
  0.00000000  -0.00408735     0.00000000   0.00000000     0.01871267   0.00000000
    6    7
 -0.01834165   0.01834165     0.00000000   0.00000000     0.00437308   0.00437308
  0.00000000  -0.00000000    -0.05455287   0.05455289    -0.00000000  -0.00000000
  0.00437308   0.00437308     0.00000000  -0.00000000    -0.00814279   0.00814279
    7    1
  0.00343003   0.00343003     0.00000000  -0.00000000    -0.01103283   0.01103283
  0.00000000  -0.00000000    -0.00015269  -0.00015269     0.00000000   0.00000000
 -0.02330158   0.02330157    -0.00000000  -0.00000000    -0.00292903  -0.00292903
    7    2
 -0.00157485  -0.00056995    -0.00000000   0.00000000     0.02887551  -0.00099410
 -0.00000000   0.00000000     0.00047835  -0.00004497    -0.00000000   0.00000000
  0.00464386   0.00062071     0.00000000  -0.00000000     0.00014480   0.00440954
    7    3
 -0.00151660  -0.00071057     0.00000000   0.00000000    -0.01971512  -0.02112101
  0.00000000   0.00000000     0.00030645   0.00037004     0.00000000   0.00000000
 -0.00372261  -0.00284479     0.00000000   0.00000000     0.00322041  -0.00301562
    7    4
  0.00274514   0.00000000     0.00000000   0.00084230     0.00000000  -0.00045005
 -0.00000000   0.00045005    -0.00087371  -0.00000000     0.07718529   0.00000000
  0.00000000  -0.00084230     0.01069562   0.00000000    -0.00087371  -0.00000000
    7    5
  0.00194110   0.00194110     0.00059560  -0.00059560     0.00031823  -0.00031823
  0.00031823  -0.00031823    -0.00061781  -0.00061781    -0.05457823  -0.05457825
  0.00059560  -0.00059560    -0.00756294  -0.00756294    -0.00061781  -0.00061781
    7    6
 -0.01834165  -0.01834165     0.00000000   0.00000000     0.00437308  -0.00437308
  0.00000000   0.00000000    -0.05455287  -0.05455289    -0.00000000   0.00000000
  0.00437308  -0.00437308     0.00000000   0.00000000    -0.00814279  -0.00814279
    7    7
  0.03545107   0.00000000     0.00000000   0.00000000     0.00000000  -0.00408735
 -0.00000000  -0.00000000     0.07900366   0.00000000     0.00000000   0.00000000
  0.00000000   0.00408735     0.00000000   0.00000000     0.01871267  -0.00000000

     Dynamical  Matrix in cartesian axes

     q = (   -0.216506400  -0.000000000  -0.000000000 ) 

    1    1
  0.22436926   0.00000000    -0.00000000   0.00000000    -0.00000000   0.00000000
 -0.00000000   0.00000000     0.01441067   0.00000000    -0.00000000   0.00000000
 -0.00000000   0.00000000    -0.00000000   0.00000000     0.01441067   0.00000000
    1    2
 -0.01891269  -0.00783389    -0.00000000   0.00000000    -0.00000000  -0.00000000
 -0.00000000   0.00000000    -0.00240667  -0.01445551    -0.00000000  -0.00000000
  0.00000000  -0.00000000     0.00000000  -0.00000000    -0.01192337   0.00851982
    1    3
 -0.01891269  -0.00783389     0.00000000   0.00000000    -0.00000000   0.00000000
  0.00000000  -0.00000000    -0.01192337   0.00851982     0.00000000   0.00000000
  0.00000000   0.00000000    -0.00000000   0.00000000    -0.00240667  -0.01445551
    1    4
  0.00343003   0.00343003    -0.02330158   0.02330157     0.00000000  -0.00000000
 -0.01103283   0.01103283    -0.00292903  -0.00292903     0.00000000   0.00000000
  0.00000000   0.00000000     0.00000000   0.00000000    -0.00015269  -0.00015269
    1    5
  0.00485080   0.00000000     0.00000000  -0.03295340     0.00000000  -0.00000000
  0.00000000  -0.01560277    -0.00414227   0.00000000     0.00000000   0.00000000
 -0.00000000  -0.00000000     0.00000000   0.00000000    -0.00021593  -0.00000000
    1    6
  0.00485080   0.00000000    -0.00000000   0.00000000     0.00000000  -0.03295340
 -0.00000000  -0.00000000    -0.00021593  -0.00000000     0.00000000   0.00000000
  0.00000000  -0.01560277     0.00000000  -0.00000000    -0.00414227   0.00000000
    1    7
  0.00343003   0.00343003     0.00000000  -0.00000000    -0.02330158   0.02330157
  0.00000000  -0.00000000    -0.00015269  -0.00015269     0.00000000  -0.00000000
 -0.01103283   0.01103283     0.00000000  -0.00000000    -0.00292903  -0.00292903
    2    1
 -0.01891269   0.00783389     0.00000000  -0.00000000     0.00000000   0.00000000
 -0.00000000  -0.00000000    -0.00240667   0.01445551     0.00000000   0.00000000
  0.00000000   0.00000000     0.00000000   0.00000000    -0.01192337  -0.00851982
    2    2
  0.01887678  -0.00000000     0.00000000  -0.00000000    -0.00000000  -0.00000000
  0.00000000  -0.00000000     0.02999127   0.00000000    -0.00000000  -0.00000000
 -0.00000000  -0.00000000    -0.00000000  -0.00000000     0.02999127  -0.00000000
    2    3
 -0.00182115  -0.00000000    -0.00000000   0.00000000     0.00000000  -0.00000000
  0.00000000   0.00000000    -0.01700878  -0.02021466     0.00000000  -0.00000000
  0.00000000  -0.00000000     0.00000000  -0.00000000    -0.01700878   0.02021466
    2    4
 -0.00151660  -0.00071057    -0.00372261  -0.00284479     0.00000000   0.00000000
 -0.01971512  -0.02112101     0.00322041  -0.00301562     0.00000000  -0.00000000
  0.00000000  -0.00000000    -0.00000000   0.00000000     0.00030645   0.00037004
    2    5
 -0.00157485   0.00056995     0.00464386  -0.00062071     0.00000000   0.00000000
  0.02887551   0.00099410     0.00014480  -0.00440954     0.00000000  -0.00000000
 -0.00000000   0.00000000     0.00000000   0.00000000     0.00047835   0.00004497
    2    6
 -0.00151660   0.00071057     0.00000000   0.00000000    -0.00372261   0.00284479
  0.00000000   0.00000000     0.00030645  -0.00037004    -0.00000000   0.00000000
 -0.01971512   0.02112101     0.00000000   0.00000000     0.00322041   0.00301562
    2    7
 -0.00157485  -0.00056995    -0.00000000   0.00000000     0.00464386   0.00062071
 -0.00000000   0.00000000     0.00047835  -0.00004497    -0.00000000  -0.00000000
  0.02887551  -0.00099410    -0.00000000   0.00000000     0.00014480   0.00440954
    3    1
 -0.01891269   0.00783389     0.00000000   0.00000000     0.00000000  -0.00000000
  0.00000000   0.00000000    -0.01192337  -0.00851982    -0.00000000  -0.00000000
  0.00000000  -0.00000000     0.00000000  -0.00000000    -0.00240667   0.01445551
    3    2
 -0.00182115   0.00000000    -0.00000000  -0.00000000     0.00000000   0.00000000
  0.00000000  -0.00000000    -0.01700878   0.02021466     0.00000000   0.00000000
  0.00000000   0.00000000     0.00000000   0.00000000    -0.01700878  -0.02021466
    3    3
  0.01887678   0.00000000     0.00000000   0.00000000    -0.00000000   0.00000000
  0.00000000   0.00000000     0.02999127  -0.00000000    -0.00000000   0.00000000
 -0.00000000   0.00000000    -0.00000000   0.00000000     0.02999127   0.00000000
    3    4
 -0.00157485  -0.00056995     0.00464386   0.00062071     0.00000000   0.00000000
  0.02887551  -0.00099410     0.00014480   0.00440954     0.00000000   0.00000000
  0.00000000   0.00000000     0.00000000   0.00000000     0.00047835  -0.00004497
    3    5
 -0.00151660   0.00071057    -0.00372261   0.00284479    -0.00000000   0.00000000
 -0.01971512   0.02112101     0.00322041   0.00301562    -0.00000000  -0.00000000
  0.00000000   0.00000000     0.00000000   0.00000000     0.00030645  -0.00037004
    3    6
 -0.00157485   0.00056995    -0.00000000  -0.00000000     0.00464386  -0.00062071
 -0.00000000  -0.00000000     0.00047835   0.00004497    -0.00000000   0.00000000
  0.02887551   0.00099410    -0.00000000   0.00000000     0.00014480  -0.00440954
    3    7
 -0.00151660  -0.00071057     0.00000000   0.00000000    -0.00372261  -0.00284479
  0.00000000   0.00000000     0.00030645   0.00037004     0.00000000   0.00000000
 -0.01971512  -0.02112101     0.00000000   0.00000000     0.00322041  -0.00301562
    4    1
  0.00343003  -0.00343003    -0.01103283  -0.01103283    -0.00000000  -0.00000000
 -0.02330158  -0.02330157    -0.00292903   0.00292903    -0.00000000   0.00000000
  0.00000000   0.00000000     0.00000000  -0.00000000    -0.00015269   0.00015269
    4    2
 -0.00151660   0.00071057    -0.01971512   0.02112101     0.00000000   0.00000000
 -0.00372261   0.00284479     0.00322041   0.00301562    -0.00000000   0.00000000
  0.00000000  -0.00000000     0.00000000   0.00000000     0.00030645  -0.00037004
    4    3
 -0.00157485   0.00056995     0.02887551   0.00099410    -0.00000000  -0.00000000
  0.00464386  -0.00062071     0.00014480  -0.00440954    -0.00000000  -0.00000000
 -0.00000000  -0.00000000    -0.00000000   0.00000000     0.00047835   0.00004497
    4    4
  0.03545107   0.00000000     0.00000000   0.00408735    -0.00000000  -0.00000000
  0.00000000  -0.00408735     0.01871267   0.00000000    -0.00000000  -0.00000000
 -0.00000000   0.00000000    -0.00000000   0.00000000     0.07900366  -0.00000000
    4    5
 -0.01834165   0.01834165     0.00437308   0.00437308     0.00000000  -0.00000000
  0.00437308   0.00437308    -0.00814279   0.00814279     0.00000000  -0.00000000
  0.00000000  -0.00000000     0.00000000  -0.00000000    -0.05455287   0.05455289
    4    6
  0.00194110  -0.00194110     0.00031823   0.00031823     0.00059560   0.00059560
  0.00059560   0.00059560    -0.00061781   0.00061781    -0.00756294   0.00756294
  0.00031823   0.00031823    -0.05457823   0.05457825    -0.00061781   0.00061781
    4    7
  0.00274514   0.00000000    -0.00000000   0.00045005     0.00000000  -0.00084230
  0.00000000   0.00084230    -0.00087371   0.00000000     0.01069562  -0.00000000
 -0.00000000  -0.00045005     0.07718529  -0.00000000    -0.00087371  -0.00000000
    5    1
  0.00485080  -0.00000000     0.00000000   0.01560277     0.00000000   0.00000000
  0.00000000   0.03295340    -0.00414227  -0.00000000     0.00000000  -0.00000000
  0.00000000  -0.00000000     0.00000000   0.00000000    -0.00021593   0.00000000
    5    2
 -0.00157485  -0.00056995     0.02887551  -0.00099410     0.00000000   0.00000000
  0.00464386   0.00062071     0.00014480   0.00440954    -0.00000000   0.00000000
 -0.00000000   0.00000000    -0.00000000   0.00000000     0.00047835  -0.00004497
    5    3
 -0.00151660  -0.00071057    -0.01971512  -0.02112101    -0.00000000   0.00000000
 -0.00372261  -0.00284479     0.00322041  -0.00301562     0.00000000   0.00000000
  0.00000000   0.00000000     0.00000000  -0.00000000     0.00030645   0.00037004
    5    4
 -0.01834165  -0.01834165     0.00437308  -0.00437308     0.00000000   0.00000000
  0.00437308  -0.00437308    -0.00814279  -0.00814279     0.00000000   0.00000000
  0.00000000   0.00000000     0.00000000   0.00000000    -0.05455287  -0.05455289
    5    5
  0.03545107  -0.00000000     0.00000000  -0.00408735    -0.00000000   0.00000000
  0.00000000   0.00408735     0.01871267  -0.00000000    -0.00000000   0.00000000
 -0.00000000  -0.00000000    -0.00000000  -0.00000000     0.07900366   0.00000000
    5    6
  0.00274514   0.00000000    -0.00000000  -0.00045005    -0.00000000   0.00084230
 -0.00000000  -0.00084230    -0.00087371   0.00000000     0.01069562   0.00000000
 -0.00000000   0.00045005     0.07718529   0.00000000    -0.00087371   0.00000000
    5    7
  0.00194110   0.00194110     0.00031823  -0.00031823     0.00059560  -0.00059560
  0.00059560  -0.00059560    -0.00061781  -0.00061781    -0.00756294  -0.00756294
  0.00031823  -0.00031823    -0.05457823  -0.05457825    -0.00061781  -0.00061781
    6    1
  0.00485080  -0.00000000    -0.00000000  -0.00000000     0.00000000   0.01560277
 -0.00000000  -0.00000000    -0.00021593  -0.00000000     0.00000000  -0.00000000
  0.00000000   0.03295340     0.00000000   0.00000000    -0.00414227  -0.00000000
    6    2
 -0.00151660  -0.00071057     0.00000000   0.00000000    -0.01971512  -0.02112101
  0.00000000   0.00000000     0.00030645   0.00037004     0.00000000   0.00000000
 -0.00372261  -0.00284479    -0.00000000  -0.00000000     0.00322041  -0.00301562
    6    3
 -0.00157485  -0.00056995    -0.00000000   0.00000000     0.02887551  -0.00099410
 -0.00000000   0.00000000     0.00047835  -0.00004497    -0.00000000   0.00000000
  0.00464386   0.00062071    -0.00000000  -0.00000000     0.00014480   0.00440954
    6    4
  0.00194110   0.00194110     0.00059560  -0.00059560     0.00031823  -0.00031823
  0.00031823  -0.00031823    -0.00061781  -0.00061781    -0.05457823  -0.05457825
  0.00059560  -0.00059560    -0.00756294  -0.00756294    -0.00061781  -0.00061781
    6    5
  0.00274514  -0.00000000     0.00000000   0.00084230     0.00000000  -0.00045005
 -0.00000000   0.00045005    -0.00087371   0.00000000     0.07718529  -0.00000000
  0.00000000  -0.00084230     0.01069562  -0.00000000    -0.00087371   0.00000000
    6    6
  0.03545107   0.00000000    -0.00000000   0.00000000    -0.00000000  -0.00408735
  0.00000000   0.00000000     0.07900366   0.00000000     0.00000000   0.00000000
 -0.00000000   0.00408735     0.00000000   0.00000000     0.01871267   0.00000000
    6    7
 -0.01834165  -0.01834165     0.00000000  -0.00000000     0.00437308  -0.00437308
  0.00000000  -0.00000000    -0.05455287  -0.05455289     0.00000000  -0.00000000
  0.00437308  -0.00437308     0.00000000   0.00000000    -0.00814279  -0.00814279
    7    1
  0.00343003  -0.00343003     0.00000000   0.00000000    -0.01103283  -0.01103283
  0.00000000   0.00000000    -0.00015269   0.00015269     0.00000000  -0.00000000
 -0.02330158  -0.02330157     0.00000000  -0.00000000    -0.00292903   0.00292903
    7    2
 -0.00157485   0.00056995    -0.00000000  -0.00000000     0.02887551   0.00099410
 -0.00000000  -0.00000000     0.00047835   0.00004497    -0.00000000  -0.00000000
  0.00464386  -0.00062071    -0.00000000  -0.00000000     0.00014480  -0.00440954
    7    3
 -0.00151660   0.00071057     0.00000000  -0.00000000    -0.01971512   0.02112101
  0.00000000  -0.00000000     0.00030645  -0.00037004    -0.00000000  -0.00000000
 -0.00372261   0.00284479    -0.00000000   0.00000000     0.00322041   0.00301562
    7    4
  0.00274514   0.00000000     0.00000000  -0.00084230     0.00000000   0.00045005
 -0.00000000  -0.00045005    -0.00087371  -0.00000000     0.07718529   0.00000000
  0.00000000   0.00084230     0.01069562   0.00000000    -0.00087371   0.00000000
    7    5
  0.00194110  -0.00194110     0.00059560   0.00059560     0.00031823   0.00031823
  0.00031823   0.00031823    -0.00061781   0.00061781    -0.05457823   0.05457825
  0.00059560   0.00059560    -0.00756294   0.00756294    -0.00061781   0.00061781
    7    6
 -0.01834165   0.01834165     0.00000000   0.00000000     0.00437308   0.00437308
  0.00000000   0.00000000    -0.05455287   0.05455289     0.00000000   0.00000000
  0.00437308   0.00437308     0.00000000   0.00000000    -0.00814279   0.00814279
    7    7
  0.03545107  -0.00000000    -0.00000000  -0.00000000    -0.00000000   0.00408735
  0.00000000  -0.00000000     0.07900366  -0.00000000     0.00000000  -0.00000000
 -0.00000000  -0.00408735     0.00000000   0.00000000     0.01871267  -0.00000000

     Dynamical  Matrix in cartesian axes

     q = (   -0.000000000   0.216506400   0.000000000 ) 

    1    1
  0.01441067   0.00000000    -0.00000000   0.00000000    -0.00000000   0.00000000
 -0.00000000   0.00000000     0.22436926   0.00000000    -0.00000000   0.00000000
 -0.00000000   0.00000000    -0.00000000   0.00000000     0.01441067   0.00000000
    1    2
 -0.00414227  -0.00000000     0.00000000   0.01560277     0.00000000  -0.00000000
  0.00000000   0.03295340     0.00485080  -0.00000000     0.00000000   0.00000000
  0.00000000   0.00000000     0.00000000  -0.00000000    -0.00021593  -0.00000000
    1    3
 -0.00292903   0.00292903    -0.01103283  -0.01103283     0.00000000   0.00000000
 -0.02330158  -0.02330157     0.00343003  -0.00343003     0.00000000  -0.00000000
 -0.00000000  -0.00000000     0.00000000   0.00000000    -0.00015269   0.00015269
    1    4
 -0.01192337  -0.00851982     0.00000000   0.00000000    -0.00000000  -0.00000000
  0.00000000  -0.00000000    -0.01891269   0.00783389    -0.00000000  -0.00000000
 -0.00000000  -0.00000000    -0.00000000  -0.00000000    -0.00240667   0.01445551
    1    5
 -0.00240667   0.01445551    -0.00000000  -0.00000000     0.00000000   0.00000000
  0.00000000  -0.00000000    -0.01891269   0.00783389     0.00000000   0.00000000
  0.00000000   0.00000000     0.00000000   0.00000000    -0.01192337  -0.00851982
    1    6
 -0.00015269   0.00015269     0.00000000   0.00000000     0.00000000   0.00000000
  0.00000000   0.00000000     0.00343003  -0.00343003    -0.02330158  -0.02330157
  0.00000000  -0.00000000    -0.01103283  -0.01103283    -0.00292903   0.00292903
    1    7
 -0.00021593   0.00000000    -0.00000000  -0.00000000     0.00000000   0.00000000
  0.00000000  -0.00000000     0.00485080  -0.00000000     0.00000000   0.03295340
