  3.000000000000000E-002   1.26007061404212        2.36059544634539     
          24

     Dynamical  Matrix in cartesian axes

     q = (    0.433012700   0.324759500   0.324759500 ) 

    1    1
  0.06856375   0.00000000    -0.01064074   0.00000000    -0.01064074   0.00000000
 -0.01064074   0.00000000     0.06668522   0.00000000     0.01263696   0.00000000
 -0.01064074   0.00000000     0.01263696   0.00000000     0.06668522   0.00000000
    1    2
 -0.00074641  -0.00180198     0.00183749  -0.01193588    -0.00973924  -0.00714064
 -0.01446783   0.00281623    -0.00076433  -0.01026289     0.00378018   0.00511172
  0.01222168  -0.00823892     0.00094154   0.00628752    -0.00671650  -0.00779743
    1    3
 -0.00074641  -0.00180198    -0.00973924  -0.00714064     0.00183749  -0.01193588
  0.01222168  -0.00823892    -0.00671650  -0.00779743     0.00094154   0.00628752
 -0.01446783   0.00281623     0.00378018   0.00511172    -0.00076433  -0.01026289
    1    4
 -0.00118121  -0.00283752     0.00527130  -0.00673355    -0.00429908   0.00855131
 -0.01232333  -0.01320465     0.01451987  -0.00782207     0.00649900  -0.00220528
 -0.00067954   0.00424511     0.00648055   0.00233375     0.01124014   0.00485616
    1    5
 -0.00117118  -0.00284167    -0.00848871  -0.00103397     0.00908659   0.00300679
 -0.00062318  -0.01805101    -0.01579814   0.00473605    -0.00615485   0.00303611
  0.00348226   0.00252124    -0.00293223   0.00623265    -0.00451416   0.01138180
    1    6
 -0.00117118  -0.00284167     0.00908659   0.00300679    -0.00848871  -0.00103397
  0.00348226   0.00252124    -0.00451416   0.01138180    -0.00293223   0.00623265
 -0.00062318  -0.01805101    -0.00615485   0.00303611    -0.01579814   0.00473605
    1    7
 -0.00118121  -0.00283752    -0.00429908   0.00855131     0.00527130  -0.00673355
 -0.00067954   0.00424511     0.01124014   0.00485616     0.00648055   0.00233375
 -0.01232333  -0.01320465     0.00649900  -0.00220528     0.01451987  -0.00782207
    2    1
 -0.00074641   0.00180198    -0.01446783  -0.00281623     0.01222168   0.00823892
  0.00183749   0.01193588    -0.00076433   0.01026289     0.00094154  -0.00628752
 -0.00973924   0.00714064     0.00378018  -0.00511172    -0.00671650   0.00779743
    2    2
  0.07250404  -0.00000000     0.00368524   0.01673869     0.00368524  -0.01673869
  0.00368524  -0.01673869     0.04710786   0.00000000     0.00628034  -0.00451338
  0.00368524   0.01673869     0.00628034   0.00451338     0.04710786   0.00000000
    2    3
  0.00159336   0.00000000     0.00473599   0.00332531     0.00473599  -0.00332531
  0.00473599   0.00332531    -0.00228066   0.01616843    -0.00763464   0.00000000
  0.00473599  -0.00332531    -0.00763464   0.00000000    -0.00228066  -0.01616843
    2    4
 -0.00451254   0.02464600    -0.00574870   0.03942038    -0.00199101   0.00261783
  0.00558332   0.02877062     0.01177082   0.01387180    -0.00954520  -0.00087060
 -0.01312722   0.00641372    -0.00705327   0.00542326     0.00397502   0.00236167
    2    5
 -0.01690501   0.00778298     0.01366788  -0.00912393    -0.00076722   0.00755070
  0.03427555   0.00641114    -0.00941632  -0.00850235     0.00104576  -0.00515237
  0.00076769   0.00317246     0.00251123  -0.00359138    -0.01620981  -0.00431178
    2    6
 -0.00451254  -0.02464600    -0.00199101  -0.00261783    -0.00574870  -0.03942038
 -0.01312722  -0.00641372     0.00397502  -0.00236167    -0.00705327  -0.00542326
  0.00558332  -0.02877062    -0.00954520   0.00087060     0.01177082  -0.01387180
    2    7
 -0.01690501  -0.00778298    -0.00076722  -0.00755070     0.01366788   0.00912393
  0.00076769  -0.00317246    -0.01620981   0.00431178     0.00251123   0.00359138
  0.03427555  -0.00641114     0.00104576   0.00515237    -0.00941632   0.00850235
    3    1
 -0.00074641   0.00180198     0.01222168   0.00823892    -0.01446783  -0.00281623
 -0.00973924   0.00714064    -0.00671650   0.00779743     0.00378018  -0.00511172
  0.00183749   0.01193588     0.00094154  -0.00628752    -0.00076433   0.01026289
    3    2
  0.00159336  -0.00000000     0.00473599  -0.00332531     0.00473599   0.00332531
  0.00473599  -0.00332531    -0.00228066  -0.01616843    -0.00763464  -0.00000000
  0.00473599   0.00332531    -0.00763464  -0.00000000    -0.00228066   0.01616843
    3    3
  0.07250404   0.00000000     0.00368524  -0.01673869     0.00368524   0.01673869
  0.00368524   0.01673869     0.04710786  -0.00000000     0.00628034   0.00451338
  0.00368524  -0.01673869     0.00628034  -0.00451338     0.04710786  -0.00000000
    3    4
 -0.01690501  -0.00778298     0.01366788   0.00912393    -0.00076722  -0.00755070
  0.03427555  -0.00641114    -0.00941632   0.00850235     0.00104576   0.00515237
  0.00076769  -0.00317246     0.00251123   0.00359138    -0.01620981   0.00431178
    3    5
 -0.00451254  -0.02464600    -0.00574870  -0.03942038    -0.00199101  -0.00261783
  0.00558332  -0.02877062     0.01177082  -0.01387180    -0.00954520   0.00087060
 -0.01312722  -0.00641372    -0.00705327  -0.00542326     0.00397502  -0.00236167
    3    6
 -0.01690501   0.00778298    -0.00076722   0.00755070     0.01366788  -0.00912393
  0.00076769   0.00317246    -0.01620981  -0.00431178     0.00251123  -0.00359138
  0.03427555   0.00641114     0.00104576  -0.00515237    -0.00941632  -0.00850235
    3    7
 -0.00451254   0.02464600    -0.00199101   0.00261783    -0.00574870   0.03942038
 -0.01312722   0.00641372     0.00397502   0.00236167    -0.00705327   0.00542326
  0.00558332   0.02877062    -0.00954520  -0.00087060     0.01177082   0.01387180
    4    1
 -0.00118121   0.00283752    -0.01232333   0.01320465    -0.00067954  -0.00424511
  0.00527130   0.00673355     0.01451987   0.00782207     0.00648055  -0.00233375
 -0.00429908  -0.00855131     0.00649900   0.00220528     0.01124014  -0.00485616
    4    2
 -0.00451254  -0.02464600     0.00558332  -0.02877062    -0.01312722  -0.00641372
 -0.00574870  -0.03942038     0.01177082  -0.01387180    -0.00705327  -0.00542326
 -0.00199101  -0.00261783    -0.00954520   0.00087060     0.00397502  -0.00236167
    4    3
 -0.01690501   0.00778298     0.03427555   0.00641114     0.00076769   0.00317246
  0.01366788  -0.00912393    -0.00941632  -0.00850235     0.00251123  -0.00359138
 -0.00076722   0.00755070     0.00104576  -0.00515237    -0.01620981  -0.00431178
    4    4
  0.05248585   0.00000000     0.00572366  -0.00013358    -0.00133935   0.00376446
  0.00572366   0.00013358     0.04957948  -0.00000000     0.00224261   0.00496693
 -0.00133935  -0.00376446     0.00224261  -0.00496693     0.03990128  -0.00000000
    4    5
  0.01188984  -0.01488544     0.00092459  -0.00062543    -0.00740967  -0.00241522
  0.00092459  -0.00062543    -0.01239683  -0.00568596     0.00514127  -0.00166590
 -0.00740967  -0.00241522     0.00514127  -0.00166590    -0.01134811   0.00978504
    4    6
 -0.00554671   0.00792158    -0.00797768  -0.00663854    -0.01250355   0.00448838
 -0.01250355   0.00448838    -0.00363287   0.00871128    -0.02906035   0.01134899
 -0.00797768  -0.00663854    -0.01889737   0.01997467    -0.00363287   0.00871128
    4    7
 -0.01130338   0.00000000    -0.00049900   0.01063305     0.00041872  -0.00643472
  0.00041872   0.00643472    -0.01247053   0.00647666     0.01534081   0.00000000
 -0.00049900  -0.01063305     0.02304152   0.00000000    -0.01247053  -0.00647666
    5    1
 -0.00117118   0.00284167    -0.00062318   0.01805101     0.00348226  -0.00252124
 -0.00848871   0.00103397    -0.01579814  -0.00473605    -0.00293223  -0.00623265
  0.00908659  -0.00300679    -0.00615485  -0.00303611    -0.00451416  -0.01138180
    5    2
 -0.01690501  -0.00778298     0.03427555  -0.00641114     0.00076769  -0.00317246
  0.01366788   0.00912393    -0.00941632   0.00850235     0.00251123   0.00359138
 -0.00076722  -0.00755070     0.00104576   0.00515237    -0.01620981   0.00431178
    5    3
 -0.00451254   0.02464600     0.00558332   0.02877062    -0.01312722   0.00641372
 -0.00574870   0.03942038     0.01177082   0.01387180    -0.00705327   0.00542326
 -0.00199101   0.00261783    -0.00954520  -0.00087060     0.00397502   0.00236167
    5    4
  0.01188984   0.01488544     0.00092459   0.00062543    -0.00740967   0.00241522
  0.00092459   0.00062543    -0.01239683   0.00568596     0.00514127   0.00166590
 -0.00740967   0.00241522     0.00514127   0.00166590    -0.01134811  -0.00978504
    5    5
  0.05248585  -0.00000000     0.00572366   0.00013358    -0.00133935  -0.00376446
  0.00572366  -0.00013358     0.04957948   0.00000000     0.00224261  -0.00496693
 -0.00133935   0.00376446     0.00224261   0.00496693     0.03990128   0.00000000
    5    6
 -0.01130338  -0.00000000    -0.00049900  -0.01063305     0.00041872   0.00643472
  0.00041872  -0.00643472    -0.01247053  -0.00647666     0.01534081   0.00000000
 -0.00049900   0.01063305     0.02304152   0.00000000    -0.01247053   0.00647666
    5    7
 -0.00554671  -0.00792158    -0.00797768   0.00663854    -0.01250355  -0.00448838
 -0.01250355  -0.00448838    -0.00363287  -0.00871128    -0.02906035  -0.01134899
 -0.00797768   0.00663854    -0.01889737  -0.01997467    -0.00363287  -0.00871128
    6    1
 -0.00117118   0.00284167     0.00348226  -0.00252124    -0.00062318   0.01805101
  0.00908659  -0.00300679    -0.00451416  -0.01138180    -0.00615485  -0.00303611
 -0.00848871   0.00103397    -0.00293223  -0.00623265    -0.01579814  -0.00473605
    6    2
 -0.00451254   0.02464600    -0.01312722   0.00641372     0.00558332   0.02877062
 -0.00199101   0.00261783     0.00397502   0.00236167    -0.00954520  -0.00087060
 -0.00574870   0.03942038    -0.00705327   0.00542326     0.01177082   0.01387180
    6    3
 -0.01690501  -0.00778298     0.00076769  -0.00317246     0.03427555  -0.00641114
 -0.00076722  -0.00755070    -0.01620981   0.00431178     0.00104576   0.00515237
  0.01366788   0.00912393     0.00251123   0.00359138    -0.00941632   0.00850235
    6    4
 -0.00554671  -0.00792158    -0.01250355  -0.00448838    -0.00797768   0.00663854
 -0.00797768   0.00663854    -0.00363287  -0.00871128    -0.01889737  -0.01997467
 -0.01250355  -0.00448838    -0.02906035  -0.01134899    -0.00363287  -0.00871128
    6    5
 -0.01130338   0.00000000     0.00041872   0.00643472    -0.00049900  -0.01063305
 -0.00049900   0.01063305    -0.01247053   0.00647666     0.02304152  -0.00000000
  0.00041872  -0.00643472     0.01534081  -0.00000000    -0.01247053  -0.00647666
    6    6
  0.05248585  -0.00000000    -0.00133935  -0.00376446     0.00572366   0.00013358
 -0.00133935   0.00376446     0.03990128   0.00000000     0.00224261   0.00496693
  0.00572366  -0.00013358     0.00224261  -0.00496693     0.04957948  -0.00000000
    6    7
  0.01188984   0.01488544    -0.00740967   0.00241522     0.00092459   0.00062543
 -0.00740967   0.00241522    -0.01134811  -0.00978504     0.00514127   0.00166590
  0.00092459   0.00062543     0.00514127   0.00166590    -0.01239683   0.00568596
    7    1
 -0.00118121   0.00283752    -0.00067954  -0.00424511    -0.01232333   0.01320465
 -0.00429908  -0.00855131     0.01124014  -0.00485616     0.00649900   0.00220528
  0.00527130   0.00673355     0.00648055  -0.00233375     0.01451987   0.00782207
    7    2
 -0.01690501   0.00778298     0.00076769   0.00317246     0.03427555   0.00641114
 -0.00076722   0.00755070    -0.01620981  -0.00431178     0.00104576  -0.00515237
  0.01366788  -0.00912393     0.00251123  -0.00359138    -0.00941632  -0.00850235
    7    3
 -0.00451254  -0.02464600    -0.01312722  -0.00641372     0.00558332  -0.02877062
 -0.00199101  -0.00261783     0.00397502  -0.00236167    -0.00954520   0.00087060
 -0.00574870  -0.03942038    -0.00705327  -0.00542326     0.01177082  -0.01387180
    7    4
 -0.01130338   0.00000000     0.00041872  -0.00643472    -0.00049900   0.01063305
 -0.00049900  -0.01063305    -0.01247053  -0.00647666     0.02304152  -0.00000000
  0.00041872   0.00643472     0.01534081  -0.00000000    -0.01247053   0.00647666
    7    5
 -0.00554671   0.00792158    -0.01250355   0.00448838    -0.00797768  -0.00663854
 -0.00797768  -0.00663854    -0.00363287   0.00871128    -0.01889737   0.01997467
 -0.01250355   0.00448838    -0.02906035   0.01134899    -0.00363287   0.00871128
    7    6
  0.01188984  -0.01488544    -0.00740967  -0.00241522     0.00092459  -0.00062543
 -0.00740967  -0.00241522    -0.01134811   0.00978504     0.00514127  -0.00166590
  0.00092459  -0.00062543     0.00514127  -0.00166590    -0.01239683  -0.00568596
    7    7
  0.05248585   0.00000000    -0.00133935   0.00376446     0.00572366  -0.00013358
 -0.00133935  -0.00376446     0.03990128  -0.00000000     0.00224261  -0.00496693
  0.00572366   0.00013358     0.00224261   0.00496693     0.04957948   0.00000000

     Dynamical  Matrix in cartesian axes

     q = (   -0.433012700   0.324759500  -0.324759500 ) 

    1    1
  0.06856375  -0.00000000     0.01064074   0.00000000    -0.01064074  -0.00000000
  0.01064074   0.00000000     0.06668522  -0.00000000    -0.01263696   0.00000000
 -0.01064074  -0.00000000    -0.01263696   0.00000000     0.06668522  -0.00000000
    1    2
 -0.00074641   0.00180198    -0.00183749  -0.01193588    -0.00973924   0.00714064
  0.01446783   0.00281623    -0.00076433   0.01026289    -0.00378018   0.00511172
  0.01222168   0.00823892    -0.00094154   0.00628752    -0.00671650   0.00779743
    1    3
  0.00180198  -0.00074641    -0.01193588  -0.00183749     0.00714064  -0.00973924
  0.00281623   0.01446783     0.01026289  -0.00076433     0.00511172  -0.00378018
  0.00823892   0.01222168     0.00628752  -0.00094154     0.00779743  -0.00671650
    1    4
  0.00118121   0.00283752     0.00527130  -0.00673355     0.00429908  -0.00855131
 -0.01232333  -0.01320465    -0.01451987   0.00782208     0.00649900  -0.00220528
  0.00067954  -0.00424511     0.00648055   0.00233375    -0.01124014  -0.00485616
    1    5
  0.00283752   0.00118121    -0.00673355   0.00527130    -0.00855131   0.00429908
 -0.01320465  -0.01232333     0.00782208  -0.01451987    -0.00220528   0.00649900
 -0.00424511   0.00067954     0.00233375   0.00648055    -0.00485616  -0.01124014
    1    6
  0.00283752  -0.00118121     0.00855131   0.00429908     0.00673355   0.00527130
  0.00424511   0.00067954    -0.00485616   0.01124014     0.00233375  -0.00648055
  0.01320465  -0.01232333    -0.00220528  -0.00649900     0.00782208   0.01451987
    1    7
 -0.00118121   0.00283752     0.00429908   0.00855131     0.00527130   0.00673355
  0.00067954   0.00424511     0.01124014  -0.00485616    -0.00648055   0.00233375
 -0.01232333   0.01320465    -0.00649900  -0.00220528     0.01451987   0.00782207
    2    1
 -0.00074641  -0.00180198     0.01446783  -0.00281623     0.01222168  -0.00823892
 -0.00183749   0.01193588    -0.00076433  -0.01026289    -0.00094154  -0.00628752
 -0.00973924  -0.00714064    -0.00378018  -0.00511172    -0.00671650  -0.00779743
    2    2
  0.07250404  -0.00000000    -0.00368524   0.01673869     0.00368524   0.01673869
 -0.00368524  -0.01673869     0.04710786   0.00000000    -0.00628034  -0.00451338
  0.00368524  -0.01673869    -0.00628034   0.00451338     0.04710786  -0.00000000
    2    3
 -0.00112667  -0.00112668     0.00570020   0.00099750    -0.00099750  -0.00570020
  0.00570020   0.00099750    -0.00982014   0.01304547    -0.00539851  -0.00539851
 -0.00099750  -0.00570020    -0.00539851  -0.00539851     0.01304548  -0.00982014
    2    4
 -0.01745704   0.00645025    -0.01611624   0.00321306    -0.00588166  -0.00479665
 -0.01970312   0.02876984    -0.00064628   0.01267041    -0.00438274  -0.00290381
 -0.00170043  -0.00278610    -0.00431520  -0.00076379    -0.00841318   0.01451095
    2    5
 -0.02464600   0.00451254     0.03942038  -0.00574869    -0.00261783   0.00199101
  0.02877062   0.00558332    -0.01387180  -0.01177082    -0.00087060  -0.00954520
 -0.00641372   0.01312722     0.00542326  -0.00705327    -0.00236167  -0.00397502
    2    6
  0.02061821  -0.01423650    -0.00325894   0.00044322     0.03193936  -0.02380947
 -0.01381753  -0.00474717    -0.00114081  -0.00448072    -0.00882224  -0.00115259
  0.01639590  -0.02429190    -0.00613387  -0.00736509     0.00148562  -0.01813207
    2    7
 -0.01690501   0.00778298     0.00076722  -0.00755070     0.01366788  -0.00912393
 -0.00076769  -0.00317246    -0.01620981  -0.00431178    -0.00251123   0.00359138
  0.03427555   0.00641114    -0.00104576   0.00515237    -0.00941632  -0.00850235
    3    1
  0.00180198   0.00074641     0.00281623  -0.01446783     0.00823892  -0.01222168
 -0.01193588   0.00183749     0.01026289   0.00076433     0.00628752   0.00094154
  0.00714064   0.00973924     0.00511172   0.00378018     0.00779743   0.00671650
    3    2
 -0.00112667   0.00112668     0.00570020  -0.00099750    -0.00099750   0.00570020
  0.00570020  -0.00099750    -0.00982014  -0.01304547    -0.00539851   0.00539851
 -0.00099750   0.00570020    -0.00539851   0.00539851     0.01304548   0.00982014
    3    3
  0.07250404  -0.00000000    -0.00368524  -0.01673869     0.00368524  -0.01673869
 -0.00368524   0.01673869     0.04710786   0.00000000    -0.00628034   0.00451338
  0.00368524   0.01673869    -0.00628034  -0.00451338     0.04710786  -0.00000000
    3    4
 -0.02464600  -0.00451254     0.03942038   0.00574869    -0.00261783  -0.00199101
  0.02877062  -0.00558332    -0.01387180   0.01177082    -0.00087060   0.00954520
 -0.00641372  -0.01312722     0.00542326   0.00705327    -0.00236167   0.00397502
    3    5
 -0.01745704  -0.00645025    -0.01611624  -0.00321306    -0.00588166   0.00479665
 -0.01970312  -0.02876984    -0.00064628  -0.01267041    -0.00438274   0.00290381
 -0.00170043   0.00278610    -0.00431520   0.00076379    -0.00841318  -0.01451095
    3    6
 -0.01690501  -0.00778298     0.00076722   0.00755070     0.01366788   0.00912393
 -0.00076769   0.00317246    -0.01620981   0.00431178    -0.00251123  -0.00359138
  0.03427555  -0.00641114    -0.00104576  -0.00515237    -0.00941632   0.00850235
    3    7
  0.02061821   0.01423650    -0.00325894  -0.00044322     0.03193936   0.02380947
 -0.01381753   0.00474717    -0.00114081   0.00448072    -0.00882224   0.00115259
  0.01639590   0.02429190    -0.00613387   0.00736509     0.00148562   0.01813207
    4    1
  0.00118121  -0.00283752    -0.01232333   0.01320465     0.00067954   0.00424511
  0.00527130   0.00673355    -0.01451987  -0.00782208     0.00648055  -0.00233375
  0.00429908   0.00855131     0.00649900   0.00220528    -0.01124014   0.00485616
    4    2
 -0.01745704  -0.00645025    -0.01970312  -0.02876984    -0.00170043   0.00278610
 -0.01611624  -0.00321306    -0.00064628  -0.01267041    -0.00431520   0.00076379
 -0.00588166   0.00479665    -0.00438274   0.00290381    -0.00841318  -0.01451095
    4    3
 -0.02464600   0.00451254     0.02877062   0.00558332    -0.00641372   0.01312722
  0.03942038  -0.00574869    -0.01387180  -0.01177082     0.00542326  -0.00705327
 -0.00261783   0.00199101    -0.00087060  -0.00954520    -0.00236167  -0.00397502
    4    4
  0.05248585   0.00000000    -0.00572366   0.00013358    -0.00133935   0.00376446
 -0.00572366  -0.00013358     0.04957948  -0.00000000    -0.00224261  -0.00496693
 -0.00133935  -0.00376446    -0.00224261   0.00496693     0.03990128  -0.00000000
    4    5
 -0.00211821  -0.01893298    -0.00021154   0.00109603    -0.00694724   0.00353161
 -0.00021154   0.00109603    -0.01278646   0.00474530    -0.00245746   0.00481339
 -0.00694724   0.00353161    -0.00245746   0.00481339    -0.00110526   0.01494339
    4    6
 -0.00000000   0.01130338    -0.01063305  -0.00049900    -0.00643472  -0.00041872
 -0.00643472   0.00041872     0.00647666   0.01247053    -0.00000000   0.01534081
 -0.01063305   0.00049900    -0.00000000   0.02304152    -0.00647666   0.01247053
    4    7
 -0.00952352   0.00167929     0.00094692   0.01033523    -0.01201511  -0.00566757
  0.01201511   0.00566757    -0.00872863   0.00359098     0.02857373   0.01252382
 -0.00094692  -0.01033523     0.02748668  -0.00076177    -0.00872863   0.00359098
    5    1
  0.00283752  -0.00118121    -0.01320465   0.01232333    -0.00424511  -0.00067954
 -0.00673355  -0.00527130     0.00782208   0.01451987     0.00233375  -0.00648055
 -0.00855131  -0.00429908    -0.00220528  -0.00649900    -0.00485616   0.01124014
    5    2
 -0.02464600  -0.00451254     0.02877062  -0.00558332    -0.00641372  -0.01312722
  0.03942038   0.00574869    -0.01387180   0.01177082     0.00542326   0.00705327
 -0.00261783  -0.00199101    -0.00087060   0.00954520    -0.00236167   0.00397502
    5    3
 -0.01745704   0.00645025    -0.01970312   0.02876984    -0.00170043  -0.00278610
 -0.01611624   0.00321306    -0.00064628   0.01267041    -0.00431520  -0.00076379
 -0.00588166  -0.00479665    -0.00438274  -0.00290381    -0.00841318   0.01451095
    5    4
 -0.00211821   0.01893298    -0.00021154  -0.00109603    -0.00694724  -0.00353161
 -0.00021154  -0.00109603    -0.01278646  -0.00474530    -0.00245746  -0.00481339
 -0.00694724  -0.00353161    -0.00245746  -0.00481339    -0.00110526  -0.01494339
    5    5
  0.05248585  -0.00000000    -0.00572366  -0.00013358    -0.00133935  -0.00376446
 -0.00572366   0.00013358     0.04957948   0.00000000    -0.00224261   0.00496693
 -0.00133935   0.00376446    -0.00224261  -0.00496693     0.03990128   0.00000000
    5    6
 -0.00952352  -0.00167929     0.00094692  -0.01033523    -0.01201511   0.00566757
  0.01201511  -0.00566757    -0.00872863  -0.00359098     0.02857373  -0.01252382
 -0.00094692   0.01033523     0.02748668   0.00076177    -0.00872863  -0.00359098
    5    7
 -0.00000000  -0.01130338    -0.01063305   0.00049900    -0.00643472   0.00041872
 -0.00643472  -0.00041872     0.00647666  -0.01247053    -0.00000000  -0.01534081
 -0.01063305  -0.00049900    -0.00000000  -0.02304152    -0.00647666  -0.01247053
    6    1
  0.00283752   0.00118121     0.00424511  -0.00067954     0.01320465   0.01232333
  0.00855131  -0.00429908    -0.00485616  -0.01124014    -0.00220528   0.00649900
  0.00673355  -0.00527130     0.00233375   0.00648055     0.00782208  -0.01451987
    6    2
  0.02061821   0.01423650    -0.01381753   0.00474717     0.01639590   0.02429190
 -0.00325894  -0.00044322    -0.00114081   0.00448072    -0.00613387   0.00736509
  0.03193936   0.02380947    -0.00882224   0.00115259     0.00148562   0.01813207
    6    3
 -0.01690501   0.00778298    -0.00076769  -0.00317246     0.03427555   0.00641114
  0.00076722  -0.00755070    -0.01620981  -0.00431178    -0.00104576   0.00515237
  0.01366788  -0.00912393    -0.00251123   0.00359138    -0.00941632  -0.00850235
    6    4
 -0.00000000  -0.01130338    -0.00643472  -0.00041872    -0.01063305  -0.00049900
 -0.01063305   0.00049900     0.00647666  -0.01247053    -0.00000000  -0.02304152
 -0.00643472   0.00041872    -0.00000000  -0.01534081    -0.00647666  -0.01247053
    6    5
 -0.00952352   0.00167929     0.01201511   0.00566757    -0.00094692  -0.01033523
  0.00094692   0.01033523    -0.00872863   0.00359098     0.02748668  -0.00076177
 -0.01201511  -0.00566757     0.02857373   0.01252382    -0.00872863   0.00359098
    6    6
  0.05248585   0.00000000     0.00133935  -0.00376446     0.00572366  -0.00013358
  0.00133935   0.00376446     0.03990128  -0.00000000    -0.00224261   0.00496693
  0.00572366   0.00013358    -0.00224261  -0.00496693     0.04957948  -0.00000000
    6    7
  0.00211821   0.01893298    -0.00694724   0.00353161    -0.00021154   0.00109603
 -0.00694724   0.00353161     0.00110526  -0.01494339     0.00245746  -0.00481339
 -0.00021154   0.00109603     0.00245746  -0.00481339     0.01278646  -0.00474530
    7    1
 -0.00118121  -0.00283752     0.00067954  -0.00424511    -0.01232333  -0.01320465
  0.00429908  -0.00855131     0.01124014   0.00485616    -0.00649900   0.00220528
  0.00527130  -0.00673355    -0.00648055  -0.00233375     0.01451987  -0.00782207
    7    2
 -0.01690501  -0.00778298    -0.00076769   0.00317246     0.03427555  -0.00641114
  0.00076722   0.00755070    -0.01620981   0.00431178    -0.00104576  -0.00515237
  0.01366788   0.00912393    -0.00251123  -0.00359138    -0.00941632   0.00850235
    7    3
  0.02061821  -0.01423650    -0.01381753  -0.00474717     0.01639590  -0.02429190
 -0.00325894   0.00044322    -0.00114081  -0.00448072    -0.00613387  -0.00736509
  0.03193936  -0.02380947    -0.00882224  -0.00115259     0.00148562  -0.01813207
    7    4
 -0.00952352  -0.00167929     0.01201511  -0.00566757    -0.00094692   0.01033523
  0.00094692  -0.01033523    -0.00872863  -0.00359098     0.02748668   0.00076177
 -0.01201511   0.00566757     0.02857373  -0.01252382    -0.00872863  -0.00359098
    7    5
 -0.00000000   0.01130338    -0.00643472   0.00041872    -0.01063305   0.00049900
 -0.01063305  -0.00049900     0.00647666   0.01247053    -0.00000000   0.02304152
 -0.00643472  -0.00041872    -0.00000000   0.01534081    -0.00647666   0.01247053
    7    6
  0.00211821  -0.01893298    -0.00694724  -0.00353161    -0.00021154  -0.00109603
 -0.00694724  -0.00353161     0.00110526   0.01494339     0.00245746   0.00481339
 -0.00021154  -0.00109603     0.00245746   0.00481339     0.01278646   0.00474530
    7    7
  0.05248585  -0.00000000     0.00133935   0.00376446     0.00572366   0.00013358
  0.00133935  -0.00376446     0.03990128   0.00000000    -0.00224261  -0.00496693
  0.00572366  -0.00013358    -0.00224261   0.00496693     0.04957948   0.00000000

     Dynamical  Matrix in cartesian axes

     q = (    0.433012700  -0.324759500  -0.324759500 ) 

    1    1
  0.06856375  -0.00000000     0.01064074   0.00000000     0.01064074   0.00000000
  0.01064074   0.00000000     0.06668522  -0.00000000     0.01263696  -0.00000000
  0.01064074   0.00000000     0.01263696  -0.00000000     0.06668522  -0.00000000
    1    2
  0.00180198   0.00074641    -0.00714064  -0.00973924    -0.01193588   0.00183749
 -0.00823892   0.01222168     0.00779743   0.00671650    -0.00628752  -0.00094154
  0.00281623  -0.01446783    -0.00511172  -0.00378018     0.01026289   0.00076433
    1    3
  0.00180198   0.00074641    -0.01193588   0.00183749    -0.00714064  -0.00973924
  0.00281623  -0.01446783     0.01026289   0.00076433    -0.00511172  -0.00378018
 -0.00823892   0.01222168    -0.00628752  -0.00094154     0.00779743   0.00671650
    1    4
  0.00118121  -0.00283752     0.00527130   0.00673355    -0.00429908  -0.00855131
 -0.01232333   0.01320465    -0.01451987  -0.00782208    -0.00649900  -0.00220528
 -0.00067954  -0.00424511    -0.00648055   0.00233375    -0.01124014   0.00485616
    1    5
 -0.00117118   0.00284167     0.00848871  -0.00103397    -0.00908659   0.00300679
  0.00062318  -0.01805101    -0.01579814  -0.00473605    -0.00615485  -0.00303611
 -0.00348226   0.00252124    -0.00293223  -0.00623265    -0.00451416  -0.01138180
    1    6
 -0.00117118   0.00284167    -0.00908659   0.00300679     0.00848871  -0.00103397
 -0.00348226   0.00252124    -0.00451416  -0.01138180    -0.00293223  -0.00623265
  0.00062318  -0.01805101    -0.00615485  -0.00303611    -0.01579814  -0.00473605
    1    7
  0.00118121  -0.00283752    -0.00429908  -0.00855131     0.00527130   0.00673355
 -0.00067954  -0.00424511    -0.01124014   0.00485616    -0.00648055   0.00233375
 -0.01232333   0.01320465    -0.00649900  -0.00220528    -0.01451987  -0.00782208
    2    1
  0.00180198  -0.00074641    -0.00823892  -0.01222168     0.00281623   0.01446783
 -0.00714064   0.00973924     0.00779743  -0.00671650    -0.00511172   0.00378018
 -0.01193588  -0.00183749    -0.00628752   0.00094154     0.01026289  -0.00076433
    2    2
  0.07250404   0.00000000    -0.00368524  -0.01673869    -0.00368524   0.01673869
 -0.00368524   0.01673869     0.04710786  -0.00000000     0.00628034  -0.00451338
 -0.00368524  -0.01673869     0.00628034   0.00451338     0.04710786  -0.00000000
    2    3
  0.00159336   0.00000000    -0.00473599  -0.00332531    -0.00473599   0.00332531
 -0.00473599  -0.00332531    -0.00228066   0.01616843    -0.00763464  -0.00000000
 -0.00473599   0.00332531    -0.00763464  -0.00000000    -0.00228066  -0.01616843
    2    4
  0.00778298   0.01690501     0.00912392   0.01366788    -0.00755070  -0.00076722
 -0.00641114   0.03427555    -0.00850235   0.00941632    -0.00515237  -0.00104576
 -0.00317246   0.00076769    -0.00359138  -0.00251123    -0.00431178   0.01620981
    2    5
 -0.02464600  -0.00451254     0.03942038   0.00574869     0.00261783   0.00199101
  0.02877062  -0.00558332    -0.01387180   0.01177082     0.00087060  -0.00954520
  0.00641372   0.01312722    -0.00542326  -0.00705327    -0.00236167   0.00397502
    2    6
  0.00778298  -0.01690501    -0.00755070   0.00076722     0.00912392  -0.01366788
 -0.00317246  -0.00076769    -0.00431178  -0.01620981    -0.00359138   0.00251123
 -0.00641114  -0.03427555    -0.00515237   0.00104576    -0.00850235  -0.00941632
    2    7
 -0.02464600   0.00451254     0.00261783  -0.00199101     0.03942038  -0.00574869
  0.00641372  -0.01312722    -0.00236167  -0.00397502    -0.00542326   0.00705327
  0.02877062   0.00558332     0.00087060   0.00954520    -0.01387180  -0.01177082
    3    1
  0.00180198  -0.00074641     0.00281623   0.01446783    -0.00823892  -0.01222168
 -0.01193588  -0.00183749     0.01026289  -0.00076433    -0.00628752   0.00094154
 -0.00714064   0.00973924    -0.00511172   0.00378018     0.00779743  -0.00671650
    3    2
  0.00159336  -0.00000000    -0.00473599   0.00332531    -0.00473599  -0.00332531
 -0.00473599   0.00332531    -0.00228066  -0.01616843    -0.00763464   0.00000000
 -0.00473599  -0.00332531    -0.00763464   0.00000000    -0.00228066   0.01616843
    3    3
  0.07250404  -0.00000000    -0.00368524   0.01673869    -0.00368524  -0.01673869
 -0.00368524  -0.01673869     0.04710786  -0.00000000     0.00628034   0.00451338
 -0.00368524   0.01673869     0.00628034  -0.00451338     0.04710786  -0.00000000
    3    4
 -0.02464600   0.00451254     0.03942038  -0.00574869     0.00261783  -0.00199101
  0.02877062   0.00558332    -0.01387180  -0.01177082     0.00087060   0.00954520
  0.00641372  -0.01312722    -0.00542326   0.00705327    -0.00236167  -0.00397502
    3    5
  0.00778298  -0.01690501     0.00912392  -0.01366788    -0.00755070   0.00076722
 -0.00641114  -0.03427555    -0.00850235  -0.00941632    -0.00515237   0.00104576
 -0.00317246  -0.00076769    -0.00359138   0.00251123    -0.00431178  -0.01620981
    3    6
 -0.02464600  -0.00451254     0.00261783   0.00199101     0.03942038   0.00574869
  0.00641372   0.01312722    -0.00236167   0.00397502    -0.00542326  -0.00705327
  0.02877062  -0.00558332     0.00087060  -0.00954520    -0.01387180   0.01177082
    3    7
  0.00778298   0.01690501    -0.00755070  -0.00076722     0.00912392   0.01366788
 -0.00317246   0.00076769    -0.00431178   0.01620981    -0.00359138  -0.00251123
 -0.00641114   0.03427555    -0.00515237  -0.00104576    -0.00850235   0.00941632
    4    1
  0.00118121   0.00283752    -0.01232333  -0.01320465    -0.00067954   0.00424511
  0.00527130  -0.00673355    -0.01451987   0.00782208    -0.00648055  -0.00233375
 -0.00429908   0.00855131    -0.00649900   0.00220528    -0.01124014  -0.00485616
    4    2
  0.00778298  -0.01690501    -0.00641114  -0.03427555    -0.00317246  -0.00076769
  0.00912392  -0.01366788    -0.00850235  -0.00941632    -0.00359138   0.00251123
 -0.00755070   0.00076722    -0.00515237   0.00104576    -0.00431178  -0.01620981
    4    3
 -0.02464600  -0.00451254     0.02877062  -0.00558332     0.00641372   0.01312722
  0.03942038   0.00574869    -0.01387180   0.01177082    -0.00542326  -0.00705327
  0.00261783   0.00199101     0.00087060  -0.00954520    -0.00236167   0.00397502
    4    4
  0.05248585  -0.00000000    -0.00572366  -0.00013358     0.00133935   0.00376446
 -0.00572366   0.00013358     0.04957948   0.00000000     0.00224261  -0.00496693
  0.00133935  -0.00376446     0.00224261   0.00496693     0.03990128  -0.00000000
    4    5
 -0.01188984  -0.01488544     0.00092459   0.00062543    -0.00740967   0.00241522
  0.00092459   0.00062543     0.01239683  -0.00568596    -0.00514127  -0.00166590
 -0.00740967   0.00241522    -0.00514127  -0.00166590     0.01134812   0.00978503
    4    6
  0.00554671   0.00792158    -0.00797768   0.00663854    -0.01250355  -0.00448838
 -0.01250355  -0.00448838     0.00363287   0.00871128     0.02906035   0.01134899
 -0.00797768   0.00663854     0.01889737   0.01997467     0.00363287   0.00871128
    4    7
 -0.01130338   0.00000000     0.00049900   0.01063305    -0.00041872  -0.00643472
 -0.00041872   0.00643472    -0.01247053  -0.00647666     0.01534081  -0.00000000
  0.00049900  -0.01063305     0.02304152  -0.00000000    -0.01247053   0.00647666
    5    1
 -0.00117118  -0.00284167     0.00062318   0.01805101    -0.00348226  -0.00252124
  0.00848871   0.00103397    -0.01579814   0.00473605    -0.00293223   0.00623265
 -0.00908659  -0.00300679    -0.00615485   0.00303611    -0.00451416   0.01138180
    5    2
 -0.02464600   0.00451254     0.02877062   0.00558332     0.00641372  -0.01312722
  0.03942038  -0.00574869    -0.01387180  -0.01177082    -0.00542326   0.00705327
  0.00261783  -0.00199101     0.00087060   0.00954520    -0.00236167  -0.00397502
    5    3
  0.00778298   0.01690501    -0.00641114   0.03427555    -0.00317246   0.00076769
  0.00912392   0.01366788    -0.00850235   0.00941632    -0.00359138  -0.00251123
 -0.00755070  -0.00076722    -0.00515237  -0.00104576    -0.00431178   0.01620981
    5    4
 -0.01188984   0.01488544     0.00092459  -0.00062543    -0.00740967  -0.00241522
  0.00092459  -0.00062543     0.01239683   0.00568596    -0.00514127   0.00166590
 -0.00740967  -0.00241522    -0.00514127   0.00166590     0.01134812  -0.00978503
    5    5
  0.05248585   0.00000000    -0.00572366   0.00013358     0.00133935  -0.00376446
 -0.00572366  -0.00013358     0.04957948  -0.00000000     0.00224261   0.00496693
  0.00133935   0.00376446     0.00224261  -0.00496693     0.03990128   0.00000000
    5    6
 -0.01130338   0.00000000     0.00049900  -0.01063305    -0.00041872   0.00643472
 -0.00041872  -0.00643472    -0.01247053   0.00647666     0.01534081  -0.00000000
  0.00049900   0.01063305     0.02304152  -0.00000000    -0.01247053  -0.00647666
    5    7
  0.00554671  -0.00792158    -0.00797768  -0.00663854    -0.01250355   0.00448838
 -0.01250355   0.00448838     0.00363287  -0.00871128     0.02906035  -0.01134899
 -0.00797768  -0.00663854     0.01889737  -0.01997467     0.00363287  -0.00871128
    6    1
 -0.00117118  -0.00284167    -0.00348226  -0.00252124     0.00062318   0.01805101
 -0.00908659  -0.00300679    -0.00451416   0.01138180    -0.00615485   0.00303611
  0.00848871   0.00103397    -0.00293223   0.00623265    -0.01579814   0.00473605
    6    2
  0.00778298   0.01690501    -0.00317246   0.00076769    -0.00641114   0.03427555
 -0.00755070  -0.00076722    -0.00431178   0.01620981    -0.00515237  -0.00104576
  0.00912392   0.01366788    -0.00359138  -0.00251123    -0.00850235   0.00941632
    6    3
 -0.02464600   0.00451254     0.00641372  -0.01312722     0.02877062   0.00558332
  0.00261783  -0.00199101    -0.00236167  -0.00397502     0.00087060   0.00954520
  0.03942038  -0.00574869    -0.00542326   0.00705327    -0.01387180  -0.01177082
    6    4
  0.00554671  -0.00792158    -0.01250355   0.00448838    -0.00797768  -0.00663854
 -0.00797768  -0.00663854     0.00363287  -0.00871128     0.01889737  -0.01997467
 -0.01250355   0.00448838     0.02906035  -0.01134899     0.00363287  -0.00871128
    6    5
 -0.01130338  -0.00000000    -0.00041872   0.00643472     0.00049900  -0.01063305
  0.00049900   0.01063305    -0.01247053  -0.00647666     0.02304152   0.00000000
 -0.00041872  -0.00643472     0.01534081   0.00000000    -0.01247053   0.00647666
    6    6
  0.05248585   0.00000000     0.00133935  -0.00376446    -0.00572366   0.00013358
  0.00133935   0.00376446     0.03990128  -0.00000000     0.00224261  -0.00496693
 -0.00572366  -0.00013358     0.00224261   0.00496693     0.04957948   0.00000000
    6    7
 -0.01188984   0.01488544    -0.00740967  -0.00241522     0.00092459  -0.00062543
 -0.00740967  -0.00241522     0.01134812  -0.00978503    -0.00514127   0.00166590
  0.00092459  -0.00062543    -0.00514127   0.00166590     0.01239683   0.00568596
    7    1
  0.00118121   0.00283752    -0.00067954   0.00424511    -0.01232333  -0.01320465
 -0.00429908   0.00855131    -0.01124014  -0.00485616    -0.00649900   0.00220528
  0.00527130  -0.00673355    -0.00648055  -0.00233375    -0.01451987   0.00782208
    7    2
 -0.02464600  -0.00451254     0.00641372   0.01312722     0.02877062  -0.00558332
  0.00261783   0.00199101    -0.00236167   0.00397502     0.00087060  -0.00954520
  0.03942038   0.00574869    -0.00542326  -0.00705327    -0.01387180   0.01177082
    7    3
  0.00778298  -0.01690501    -0.00317246  -0.00076769    -0.00641114  -0.03427555
 -0.00755070   0.00076722    -0.00431178  -0.01620981    -0.00515237   0.00104576
  0.00912392  -0.01366788    -0.00359138   0.00251123    -0.00850235  -0.00941632
    7    4
 -0.01130338  -0.00000000    -0.00041872  -0.00643472     0.00049900   0.01063305
  0.00049900  -0.01063305    -0.01247053   0.00647666     0.02304152   0.00000000
 -0.00041872   0.00643472     0.01534081   0.00000000    -0.01247053  -0.00647666
    7    5
  0.00554671   0.00792158    -0.01250355  -0.00448838    -0.00797768   0.00663854
 -0.00797768   0.00663854     0.00363287   0.00871128     0.01889737   0.01997467
 -0.01250355  -0.00448838     0.02906035   0.01134899     0.00363287   0.00871128
    7    6
 -0.01188984  -0.01488544    -0.00740967   0.00241522     0.00092459   0.00062543
 -0.00740967   0.00241522     0.01134812   0.00978503    -0.00514127  -0.00166590
  0.00092459   0.00062543    -0.00514127  -0.00166590     0.01239683  -0.00568596
    7    7
  0.05248585  -0.00000000     0.00133935   0.00376446    -0.00572366  -0.00013358
  0.00133935  -0.00376446     0.03990128   0.00000000     0.00224261   0.00496693
 -0.00572366   0.00013358     0.00224261  -0.00496693     0.04957948  -0.00000000

     Dynamical  Matrix in cartesian axes

     q = (    0.324759500   0.433012700  -0.324759500 ) 

    1    1
  0.06668522  -0.00000000    -0.01064074  -0.00000000    -0.01263696   0.00000000
 -0.01064074  -0.00000000     0.06856375  -0.00000000     0.01064074   0.00000000
 -0.01263696   0.00000000     0.01064074   0.00000000     0.06668522   0.00000000
    1    2
  0.00782208  -0.01451987     0.01320465   0.01232333    -0.00220528   0.00649900
  0.00673355  -0.00527130     0.00283752   0.00118121     0.00855131  -0.00429908
  0.00233375   0.00648055     0.00424511  -0.00067954    -0.00485616  -0.01124014
    1    3
  0.01451987  -0.00782207    -0.01232333  -0.01320465    -0.00649900   0.00220528
  0.00527130  -0.00673355    -0.00118121  -0.00283752     0.00429908  -0.00855131
 -0.00648055  -0.00233375     0.00067954  -0.00424511     0.01124014   0.00485616
    1    4
 -0.00671650  -0.00779743     0.01222168  -0.00823892    -0.00094154  -0.00628752
 -0.00973924  -0.00714064    -0.00074641  -0.00180198    -0.00183749   0.01193588
 -0.00378018  -0.00511172     0.01446783  -0.00281623    -0.00076433  -0.01026289
    1    5
  0.00779743   0.00671650     0.00823892  -0.01222168     0.00628752   0.00094154
  0.00714064   0.00973924     0.00180198   0.00074641    -0.01193588   0.00183749
  0.00511172   0.00378018     0.00281623  -0.01446783     0.01026289   0.00076433
    1    6
 -0.01124014   0.00485616     0.00067954   0.00424511     0.00648055  -0.00233375
  0.00429908   0.00855131     0.00118121  -0.00283752     0.00527130   0.00673355
  0.00649900   0.00220528    -0.01232333   0.01320465    -0.01451987  -0.00782208
    1    7
 -0.00485616   0.01124014    -0.00424511  -0.00067954     0.00233375  -0.00648055
 -0.00855131  -0.00429908     0.00283752  -0.00118121    -0.00673355  -0.00527130
