  3.500000000000000E-002   1.26001304832687        2.38111420361614     
          24

     Dynamical  Matrix in cartesian axes

     q = (    0.433012700   0.324759500   0.324759500 ) 

    1    1
  0.06954488   0.00000000    -0.01064275   0.00000000    -0.01064275   0.00000000
 -0.01064275   0.00000000     0.06851992   0.00000000     0.01296132   0.00000000
 -0.01064275   0.00000000     0.01296132   0.00000000     0.06851992   0.00000000
    1    2
 -0.00037865  -0.00091414     0.00186064  -0.01179423    -0.00965545  -0.00702412
 -0.01422460   0.00222630    -0.00015812  -0.00975760     0.00341384   0.00533471
  0.01163255  -0.00848408     0.00135826   0.00618616    -0.00678786  -0.00701148
    1    3
 -0.00037865  -0.00091414    -0.00965545  -0.00702412     0.00186064  -0.01179423
  0.01163255  -0.00848408    -0.00678786  -0.00701148     0.00135826   0.00618616
 -0.01422460   0.00222630     0.00341384   0.00533471    -0.00015812  -0.00975760
    1    4
 -0.00131940  -0.00275745     0.00472824  -0.00612170    -0.00443427   0.00822907
 -0.01235729  -0.01253554     0.01457043  -0.00822271     0.00657213  -0.00276940
 -0.00105060   0.00445230     0.00686967   0.00225024     0.01125206   0.00521844
    1    5
 -0.00101686  -0.00288277    -0.00767207  -0.00098533     0.00895433   0.00268333
 -0.00012603  -0.01760189    -0.01611719   0.00448851    -0.00660546   0.00268894
  0.00389114   0.00240536    -0.00326643   0.00644875    -0.00426642   0.01164640
    1    6
 -0.00101686  -0.00288277     0.00895433   0.00268333    -0.00767207  -0.00098533
  0.00389114   0.00240536    -0.00426642   0.01164640    -0.00326643   0.00644875
 -0.00012603  -0.01760189    -0.00660546   0.00268894    -0.01611719   0.00448851
    1    7
 -0.00131940  -0.00275745    -0.00443427   0.00822907     0.00472824  -0.00612170
 -0.00105060   0.00445230     0.01125206   0.00521844     0.00686967   0.00225024
 -0.01235729  -0.01253554     0.00657213  -0.00276940     0.01457043  -0.00822271
    2    1
 -0.00037865   0.00091414    -0.01422460  -0.00222630     0.01163255   0.00848408
  0.00186064   0.01179423    -0.00015812   0.00975760     0.00135826  -0.00618616
 -0.00965545   0.00702412     0.00341384  -0.00533471    -0.00678786   0.00701148
    2    2
  0.07298801   0.00000000     0.00341108   0.01645661     0.00341108  -0.01645661
  0.00341108  -0.01645661     0.04802132  -0.00000000     0.00591210  -0.00424645
  0.00341108   0.01645661     0.00591210   0.00424645     0.04802132   0.00000000
    2    3
  0.00235354   0.00000000     0.00457068   0.00281216     0.00457068  -0.00281216
  0.00457068   0.00281216    -0.00221879   0.01652266    -0.00745145   0.00000000
  0.00457068  -0.00281216    -0.00745145  -0.00000000    -0.00221879  -0.01652266
    2    4
 -0.00460888   0.02424891    -0.00553058   0.03978491    -0.00204274   0.00254585
  0.00544218   0.02940372     0.01140655   0.01399502    -0.00957504  -0.00107465
 -0.01282580   0.00614076    -0.00704355   0.00529418     0.00432808   0.00229422
    2    5
 -0.01728755   0.00745151     0.01384535  -0.00943786    -0.00073161   0.00770897
  0.03467542   0.00613589    -0.01031813  -0.00814416     0.00126355  -0.00500886
  0.00074799   0.00312159     0.00289976  -0.00374798    -0.01597336  -0.00403975
    2    6
 -0.00460888  -0.02424891    -0.00204274  -0.00254585    -0.00553058  -0.03978491
 -0.01282580  -0.00614076     0.00432808  -0.00229422    -0.00704355  -0.00529418
  0.00544218  -0.02940372    -0.00957504   0.00107465     0.01140655  -0.01399502
    2    7
 -0.01728755  -0.00745151    -0.00073161  -0.00770897     0.01384535   0.00943786
  0.00074799  -0.00312159    -0.01597336   0.00403975     0.00289976   0.00374798
  0.03467542  -0.00613589     0.00126355   0.00500886    -0.01031813   0.00814416
    3    1
 -0.00037865   0.00091414     0.01163255   0.00848408    -0.01422460  -0.00222630
 -0.00965545   0.00702412    -0.00678786   0.00701148     0.00341384  -0.00533471
  0.00186064   0.01179423     0.00135826  -0.00618616    -0.00015812   0.00975760
    3    2
  0.00235354  -0.00000000     0.00457068  -0.00281216     0.00457068   0.00281216
  0.00457068  -0.00281216    -0.00221879  -0.01652266    -0.00745145  -0.00000000
  0.00457068   0.00281216    -0.00745145   0.00000000    -0.00221879   0.01652266
    3    3
  0.07298801  -0.00000000     0.00341108  -0.01645661     0.00341108   0.01645661
  0.00341108   0.01645661     0.04802132   0.00000000     0.00591210   0.00424645
  0.00341108  -0.01645661     0.00591210  -0.00424645     0.04802132  -0.00000000
    3    4
 -0.01728755  -0.00745151     0.01384535   0.00943786    -0.00073161  -0.00770897
  0.03467542  -0.00613589    -0.01031813   0.00814416     0.00126355   0.00500886
  0.00074799  -0.00312159     0.00289976   0.00374798    -0.01597336   0.00403975
    3    5
 -0.00460888  -0.02424891    -0.00553058  -0.03978491    -0.00204274  -0.00254585
  0.00544218  -0.02940372     0.01140655  -0.01399502    -0.00957504   0.00107465
 -0.01282580  -0.00614076    -0.00704355  -0.00529418     0.00432808  -0.00229422
    3    6
 -0.01728755   0.00745151    -0.00073161   0.00770897     0.01384535  -0.00943786
  0.00074799   0.00312159    -0.01597336  -0.00403975     0.00289976  -0.00374798
  0.03467542   0.00613589     0.00126355  -0.00500886    -0.01031813  -0.00814416
    3    7
 -0.00460888   0.02424891    -0.00204274   0.00254585    -0.00553058   0.03978491
 -0.01282580   0.00614076     0.00432808   0.00229422    -0.00704355   0.00529418
  0.00544218   0.02940372    -0.00957504  -0.00107465     0.01140655   0.01399502
    4    1
 -0.00131940   0.00275745    -0.01235729   0.01253554    -0.00105060  -0.00445230
  0.00472824   0.00612170     0.01457043   0.00822271     0.00686967  -0.00225024
 -0.00443427  -0.00822907     0.00657213   0.00276940     0.01125206  -0.00521844
    4    2
 -0.00460888  -0.02424891     0.00544218  -0.02940372    -0.01282580  -0.00614076
 -0.00553058  -0.03978491     0.01140655  -0.01399502    -0.00704355  -0.00529418
 -0.00204274  -0.00254585    -0.00957504   0.00107465     0.00432808  -0.00229422
    4    3
 -0.01728755   0.00745151     0.03467542   0.00613589     0.00074799   0.00312159
  0.01384535  -0.00943786    -0.01031813  -0.00814416     0.00289976  -0.00374798
 -0.00073161   0.00770897     0.00126355  -0.00500886    -0.01597336  -0.00403975
    4    4
  0.05323363   0.00000000     0.00544450  -0.00012038    -0.00148666   0.00354688
  0.00544450   0.00012038     0.05134343   0.00000000     0.00183885   0.00516093
 -0.00148666  -0.00354688     0.00183885  -0.00516093     0.04129317  -0.00000000
    4    5
  0.01150483  -0.01530288     0.00084728  -0.00024811    -0.00718543  -0.00253400
  0.00084728  -0.00024811    -0.01178224  -0.00516348     0.00531373  -0.00214715
 -0.00718543  -0.00253400     0.00531373  -0.00214715    -0.01155151   0.01033111
    4    6
 -0.00509172   0.00796917    -0.00779102  -0.00659901    -0.01229065   0.00438925
 -0.01229065   0.00438925    -0.00394693   0.00839887    -0.02942775   0.01166227
 -0.00779102  -0.00659901    -0.01959484   0.02070505    -0.00394693   0.00839887
    4    7
 -0.01087309   0.00000000    -0.00065096   0.01043985     0.00055072  -0.00659265
  0.00055072   0.00659265    -0.01335816   0.00647796     0.01604853   0.00000000
 -0.00065096  -0.01043985     0.02378543   0.00000000    -0.01335816  -0.00647796
    5    1
 -0.00101686   0.00288277    -0.00012603   0.01760189     0.00389114  -0.00240536
 -0.00767207   0.00098533    -0.01611719  -0.00448851    -0.00326643  -0.00644875
  0.00895433  -0.00268333    -0.00660546  -0.00268894    -0.00426642  -0.01164640
    5    2
 -0.01728755  -0.00745151     0.03467542  -0.00613589     0.00074799  -0.00312159
  0.01384535   0.00943786    -0.01031813   0.00814416     0.00289976   0.00374798
 -0.00073161  -0.00770897     0.00126355   0.00500886    -0.01597336   0.00403975
    5    3
 -0.00460888   0.02424891     0.00544218   0.02940372    -0.01282580   0.00614076
 -0.00553058   0.03978491     0.01140655   0.01399502    -0.00704355   0.00529418
 -0.00204274   0.00254585    -0.00957504  -0.00107465     0.00432808   0.00229422
    5    4
  0.01150483   0.01530288     0.00084728   0.00024811    -0.00718543   0.00253400
  0.00084728   0.00024811    -0.01178224   0.00516348     0.00531373   0.00214715
 -0.00718543   0.00253400     0.00531373   0.00214715    -0.01155151  -0.01033111
    5    5
  0.05323363  -0.00000000     0.00544450   0.00012038    -0.00148666  -0.00354688
  0.00544450  -0.00012038     0.05134343  -0.00000000     0.00183885  -0.00516093
 -0.00148666   0.00354688     0.00183885   0.00516093     0.04129317   0.00000000
    5    6
 -0.01087309  -0.00000000    -0.00065096  -0.01043985     0.00055072   0.00659265
  0.00055072  -0.00659265    -0.01335816  -0.00647796     0.01604853   0.00000000
 -0.00065096   0.01043985     0.02378543   0.00000000    -0.01335816   0.00647796
    5    7
 -0.00509172  -0.00796917    -0.00779102   0.00659901    -0.01229065  -0.00438925
 -0.01229065  -0.00438925    -0.00394693  -0.00839887    -0.02942775  -0.01166227
 -0.00779102   0.00659901    -0.01959484  -0.02070505    -0.00394693  -0.00839887
    6    1
 -0.00101686   0.00288277     0.00389114  -0.00240536    -0.00012603   0.01760189
  0.00895433  -0.00268333    -0.00426642  -0.01164640    -0.00660546  -0.00268894
 -0.00767207   0.00098533    -0.00326643  -0.00644875    -0.01611719  -0.00448851
    6    2
 -0.00460888   0.02424891    -0.01282580   0.00614076     0.00544218   0.02940372
 -0.00204274   0.00254585     0.00432808   0.00229422    -0.00957504  -0.00107465
 -0.00553058   0.03978491    -0.00704355   0.00529418     0.01140655   0.01399502
    6    3
 -0.01728755  -0.00745151     0.00074799  -0.00312159     0.03467542  -0.00613589
 -0.00073161  -0.00770897    -0.01597336   0.00403975     0.00126355   0.00500886
  0.01384535   0.00943786     0.00289976   0.00374798    -0.01031813   0.00814416
    6    4
 -0.00509172  -0.00796917    -0.01229065  -0.00438925    -0.00779102   0.00659901
 -0.00779102   0.00659901    -0.00394693  -0.00839887    -0.01959484  -0.02070505
 -0.01229065  -0.00438925    -0.02942775  -0.01166227    -0.00394693  -0.00839887
    6    5
 -0.01087309   0.00000000     0.00055072   0.00659265    -0.00065096  -0.01043985
 -0.00065096   0.01043985    -0.01335816   0.00647796     0.02378543  -0.00000000
  0.00055072  -0.00659265     0.01604853  -0.00000000    -0.01335816  -0.00647796
    6    6
  0.05323363  -0.00000000    -0.00148666  -0.00354688     0.00544450   0.00012038
 -0.00148666   0.00354688     0.04129317   0.00000000     0.00183885   0.00516093
  0.00544450  -0.00012038     0.00183885  -0.00516093     0.05134343  -0.00000000
    6    7
  0.01150483   0.01530288    -0.00718543   0.00253400     0.00084728   0.00024811
 -0.00718543   0.00253400    -0.01155151  -0.01033111     0.00531373   0.00214715
  0.00084728   0.00024811     0.00531373   0.00214715    -0.01178224   0.00516348
    7    1
 -0.00131940   0.00275745    -0.00105060  -0.00445230    -0.01235729   0.01253554
 -0.00443427  -0.00822907     0.01125206  -0.00521844     0.00657213   0.00276940
  0.00472824   0.00612170     0.00686967  -0.00225024     0.01457043   0.00822271
    7    2
 -0.01728755   0.00745151     0.00074799   0.00312159     0.03467542   0.00613589
 -0.00073161   0.00770897    -0.01597336  -0.00403975     0.00126355  -0.00500886
  0.01384535  -0.00943786     0.00289976  -0.00374798    -0.01031813  -0.00814416
    7    3
 -0.00460888  -0.02424891    -0.01282580  -0.00614076     0.00544218  -0.02940372
 -0.00204274  -0.00254585     0.00432808  -0.00229422    -0.00957504   0.00107465
 -0.00553058  -0.03978491    -0.00704355  -0.00529418     0.01140655  -0.01399502
    7    4
 -0.01087309   0.00000000     0.00055072  -0.00659265    -0.00065096   0.01043985
 -0.00065096  -0.01043985    -0.01335816  -0.00647796     0.02378543  -0.00000000
  0.00055072   0.00659265     0.01604853  -0.00000000    -0.01335816   0.00647796
    7    5
 -0.00509172   0.00796917    -0.01229065   0.00438925    -0.00779102  -0.00659901
 -0.00779102  -0.00659901    -0.00394693   0.00839887    -0.01959484   0.02070505
 -0.01229065   0.00438925    -0.02942775   0.01166227    -0.00394693   0.00839887
    7    6
  0.01150483  -0.01530288    -0.00718543  -0.00253400     0.00084728  -0.00024811
 -0.00718543  -0.00253400    -0.01155151   0.01033111     0.00531373  -0.00214715
  0.00084728  -0.00024811     0.00531373  -0.00214715    -0.01178224  -0.00516348
    7    7
  0.05323363   0.00000000    -0.00148666   0.00354688     0.00544450  -0.00012038
 -0.00148666  -0.00354688     0.04129317  -0.00000000     0.00183885  -0.00516093
  0.00544450   0.00012038     0.00183885   0.00516093     0.05134343   0.00000000

     Dynamical  Matrix in cartesian axes

     q = (   -0.433012700   0.324759500  -0.324759500 ) 

    1    1
  0.06954488   0.00000000     0.01064275  -0.00000000    -0.01064275   0.00000000
  0.01064275  -0.00000000     0.06851992   0.00000000    -0.01296132  -0.00000000
 -0.01064275   0.00000000    -0.01296132  -0.00000000     0.06851992   0.00000000
    1    2
 -0.00037865   0.00091414    -0.00186064  -0.01179423    -0.00965545   0.00702412
  0.01422460   0.00222630    -0.00015812   0.00975760    -0.00341384   0.00533471
  0.01163255   0.00848408    -0.00135826   0.00618616    -0.00678786   0.00701148
    1    3
  0.00091414  -0.00037865    -0.01179423  -0.00186064     0.00702412  -0.00965545
  0.00222630   0.01422460     0.00975760  -0.00015812     0.00533471  -0.00341384
  0.00848408   0.01163255     0.00618616  -0.00135826     0.00701148  -0.00678786
    1    4
  0.00131940   0.00275745     0.00472824  -0.00612170     0.00443427  -0.00822907
 -0.01235729  -0.01253554    -0.01457043   0.00822271     0.00657213  -0.00276940
  0.00105060  -0.00445230     0.00686967   0.00225024    -0.01125206  -0.00521844
    1    5
  0.00275745   0.00131940    -0.00612170   0.00472824    -0.00822907   0.00443427
 -0.01253554  -0.01235729     0.00822271  -0.01457043    -0.00276940   0.00657213
 -0.00445230   0.00105060     0.00225024   0.00686967    -0.00521844  -0.01125206
    1    6
  0.00275745  -0.00131940     0.00822907   0.00443427     0.00612170   0.00472824
  0.00445230   0.00105060    -0.00521844   0.01125206     0.00225024  -0.00686967
  0.01253554  -0.01235729    -0.00276940  -0.00657213     0.00822271   0.01457043
    1    7
 -0.00131940   0.00275745     0.00443427   0.00822907     0.00472824   0.00612170
  0.00105060   0.00445230     0.01125206  -0.00521844    -0.00686967   0.00225024
 -0.01235729   0.01253554    -0.00657213  -0.00276940     0.01457043   0.00822271
    2    1
 -0.00037865  -0.00091414     0.01422460  -0.00222630     0.01163255  -0.00848408
 -0.00186064   0.01179423    -0.00015812  -0.00975760    -0.00135826  -0.00618616
 -0.00965545  -0.00702412    -0.00341384  -0.00533471    -0.00678786  -0.00701148
    2    2
  0.07298801   0.00000000    -0.00341108   0.01645661     0.00341108   0.01645661
 -0.00341108  -0.01645661     0.04802132   0.00000000    -0.00591210  -0.00424645
  0.00341108  -0.01645661    -0.00591210   0.00424645     0.04802132   0.00000000
    2    3
 -0.00166421  -0.00166421     0.00522046   0.00124346    -0.00124346  -0.00522046
  0.00522046   0.00124346    -0.01011436   0.01325221    -0.00526897  -0.00526897
 -0.00124346  -0.00522046    -0.00526897  -0.00526897     0.01325221  -0.01011436
    2    4
 -0.01749316   0.00695512    -0.01646371   0.00311657    -0.00596839  -0.00493374
 -0.02018050   0.02885795    -0.00153723   0.01305481    -0.00443527  -0.00264833
 -0.00167839  -0.00273621    -0.00470066  -0.00059979    -0.00843834   0.01415140
    2    5
 -0.02424891   0.00460888     0.03978491  -0.00553058    -0.00254585   0.00204274
  0.02940372   0.00544218    -0.01399502  -0.01140655    -0.00107465  -0.00957504
 -0.00614076   0.01282580     0.00529418  -0.00704355    -0.00229422  -0.00432808
    2    6
  0.02040555  -0.01388759    -0.00324462   0.00035575     0.03204289  -0.02422146
 -0.01341138  -0.00472704    -0.00143815  -0.00468267    -0.00872409  -0.00123700
  0.01694337  -0.02463977    -0.00601068  -0.00753047     0.00183033  -0.01796162
    2    7
 -0.01728755   0.00745151     0.00073161  -0.00770897     0.01384535  -0.00943786
 -0.00074799  -0.00312159    -0.01597336  -0.00403975    -0.00289976   0.00374798
  0.03467542   0.00613589    -0.00126355   0.00500886    -0.01031813  -0.00814416
    3    1
  0.00091414   0.00037865     0.00222630  -0.01422460     0.00848408  -0.01163255
 -0.01179423   0.00186064     0.00975760   0.00015812     0.00618616   0.00135826
  0.00702412   0.00965545     0.00533471   0.00341384     0.00701148   0.00678786
    3    2
 -0.00166421   0.00166421     0.00522046  -0.00124346    -0.00124346   0.00522046
  0.00522046  -0.00124346    -0.01011436  -0.01325221    -0.00526897   0.00526897
 -0.00124346   0.00522046    -0.00526897   0.00526897     0.01325221   0.01011436
    3    3
  0.07298801   0.00000000    -0.00341108  -0.01645661     0.00341108  -0.01645661
 -0.00341108   0.01645661     0.04802132   0.00000000    -0.00591210   0.00424645
  0.00341108   0.01645661    -0.00591210  -0.00424645     0.04802132  -0.00000000
    3    4
 -0.02424891  -0.00460888     0.03978491   0.00553058    -0.00254585  -0.00204274
  0.02940372  -0.00544218    -0.01399502   0.01140655    -0.00107465   0.00957504
 -0.00614076  -0.01282580     0.00529418   0.00704355    -0.00229422   0.00432808
    3    5
 -0.01749316  -0.00695512    -0.01646371  -0.00311657    -0.00596839   0.00493374
 -0.02018050  -0.02885795    -0.00153723  -0.01305481    -0.00443527   0.00264833
 -0.00167839   0.00273621    -0.00470066   0.00059979    -0.00843834  -0.01415140
    3    6
 -0.01728755  -0.00745151     0.00073161   0.00770897     0.01384535   0.00943786
 -0.00074799   0.00312159    -0.01597336   0.00403975    -0.00289976  -0.00374798
  0.03467542  -0.00613589    -0.00126355  -0.00500886    -0.01031813   0.00814416
    3    7
  0.02040555   0.01388759    -0.00324462  -0.00035575     0.03204289   0.02422146
 -0.01341138   0.00472704    -0.00143815   0.00468267    -0.00872409   0.00123700
  0.01694337   0.02463977    -0.00601068   0.00753047     0.00183033   0.01796162
    4    1
  0.00131940  -0.00275745    -0.01235729   0.01253554     0.00105060   0.00445230
  0.00472824   0.00612170    -0.01457043  -0.00822271     0.00686967  -0.00225024
  0.00443427   0.00822907     0.00657213   0.00276940    -0.01125206   0.00521844
    4    2
 -0.01749316  -0.00695512    -0.02018050  -0.02885795    -0.00167839   0.00273621
 -0.01646371  -0.00311657    -0.00153723  -0.01305481    -0.00470066   0.00059979
 -0.00596839   0.00493374    -0.00443527   0.00264833    -0.00843834  -0.01415140
    4    3
 -0.02424891   0.00460888     0.02940372   0.00544218    -0.00614076   0.01282580
  0.03978491  -0.00553058    -0.01399502  -0.01140655     0.00529418  -0.00704355
 -0.00254585   0.00204274    -0.00107465  -0.00957504    -0.00229422  -0.00432808
    4    4
  0.05323363   0.00000000    -0.00544450   0.00012038    -0.00148666   0.00354688
 -0.00544450  -0.00012038     0.05134343   0.00000000    -0.00183885  -0.00516093
 -0.00148666  -0.00354688    -0.00183885   0.00516093     0.04129317  -0.00000000
    4    5
 -0.00268562  -0.01895591    -0.00042368   0.00077456    -0.00687268   0.00328906
 -0.00042368   0.00077456    -0.01198243   0.00468018    -0.00223911   0.00527564
 -0.00687268   0.00328906    -0.00223911   0.00527564    -0.00086295   0.01547335
    4    6
 -0.00000000   0.01087309    -0.01043985  -0.00065096    -0.00659265  -0.00055072
 -0.00659265   0.00055072     0.00647796   0.01335816    -0.00000000   0.01604853
 -0.01043985   0.00065096    -0.00000000   0.02378543    -0.00647796   0.01335816
    4    7
 -0.00923545   0.00203467     0.00084288   0.01017529    -0.01179447  -0.00558713
  0.01179447   0.00558713    -0.00872980   0.00314800     0.02905503   0.01256209
 -0.00084288  -0.01017529     0.02849633  -0.00078505    -0.00872980   0.00314800
    5    1
  0.00275745  -0.00131940    -0.01253554   0.01235729    -0.00445230  -0.00105060
 -0.00612170  -0.00472824     0.00822271   0.01457043     0.00225024  -0.00686967
 -0.00822907  -0.00443427    -0.00276940  -0.00657213    -0.00521844   0.01125206
    5    2
 -0.02424891  -0.00460888     0.02940372  -0.00544218    -0.00614076  -0.01282580
  0.03978491   0.00553058    -0.01399502   0.01140655     0.00529418   0.00704355
 -0.00254585  -0.00204274    -0.00107465   0.00957504    -0.00229422   0.00432808
    5    3
 -0.01749316   0.00695512    -0.02018050   0.02885795    -0.00167839  -0.00273621
 -0.01646371   0.00311657    -0.00153723   0.01305481    -0.00470066  -0.00059979
 -0.00596839  -0.00493374    -0.00443527  -0.00264833    -0.00843834   0.01415140
    5    4
 -0.00268562   0.01895591    -0.00042368  -0.00077456    -0.00687268  -0.00328906
 -0.00042368  -0.00077456    -0.01198243  -0.00468018    -0.00223911  -0.00527564
 -0.00687268  -0.00328906    -0.00223911  -0.00527564    -0.00086295  -0.01547335
    5    5
  0.05323363  -0.00000000    -0.00544450  -0.00012038    -0.00148666  -0.00354688
 -0.00544450   0.00012038     0.05134343  -0.00000000    -0.00183885   0.00516093
 -0.00148666   0.00354688    -0.00183885  -0.00516093     0.04129317  -0.00000000
    5    6
 -0.00923545  -0.00203467     0.00084288  -0.01017529    -0.01179447   0.00558713
  0.01179447  -0.00558713    -0.00872980  -0.00314800     0.02905503  -0.01256209
 -0.00084288   0.01017529     0.02849633   0.00078505    -0.00872980  -0.00314800
    5    7
 -0.00000000  -0.01087309    -0.01043985   0.00065096    -0.00659265   0.00055072
 -0.00659265  -0.00055072     0.00647796  -0.01335816    -0.00000000  -0.01604853
 -0.01043985  -0.00065096    -0.00000000  -0.02378543    -0.00647796  -0.01335816
    6    1
  0.00275745   0.00131940     0.00445230  -0.00105060     0.01253554   0.01235729
  0.00822907  -0.00443427    -0.00521844  -0.01125206    -0.00276940   0.00657213
  0.00612170  -0.00472824     0.00225024   0.00686967     0.00822271  -0.01457043
    6    2
  0.02040555   0.01388759    -0.01341138   0.00472704     0.01694337   0.02463977
 -0.00324462  -0.00035575    -0.00143815   0.00468267    -0.00601068   0.00753047
  0.03204289   0.02422146    -0.00872409   0.00123700     0.00183033   0.01796162
    6    3
 -0.01728755   0.00745151    -0.00074799  -0.00312159     0.03467542   0.00613589
  0.00073161  -0.00770897    -0.01597336  -0.00403975    -0.00126355   0.00500886
  0.01384535  -0.00943786    -0.00289976   0.00374798    -0.01031813  -0.00814416
    6    4
 -0.00000000  -0.01087309    -0.00659265  -0.00055072    -0.01043985  -0.00065096
 -0.01043985   0.00065096     0.00647796  -0.01335816    -0.00000000  -0.02378543
 -0.00659265   0.00055072    -0.00000000  -0.01604853    -0.00647796  -0.01335816
    6    5
 -0.00923545   0.00203467     0.01179447   0.00558713    -0.00084288  -0.01017529
  0.00084288   0.01017529    -0.00872980   0.00314800     0.02849633  -0.00078505
 -0.01179447  -0.00558713     0.02905503   0.01256209    -0.00872980   0.00314800
    6    6
  0.05323363   0.00000000     0.00148666  -0.00354688     0.00544450  -0.00012038
  0.00148666   0.00354688     0.04129317  -0.00000000    -0.00183885   0.00516093
  0.00544450   0.00012038    -0.00183885  -0.00516093     0.05134343   0.00000000
    6    7
  0.00268563   0.01895591    -0.00687268   0.00328906    -0.00042368   0.00077456
 -0.00687268   0.00328906     0.00086295  -0.01547335     0.00223911  -0.00527564
 -0.00042368   0.00077456     0.00223911  -0.00527564     0.01198243  -0.00468018
    7    1
 -0.00131940  -0.00275745     0.00105060  -0.00445230    -0.01235729  -0.01253554
  0.00443427  -0.00822907     0.01125206   0.00521844    -0.00657213   0.00276940
  0.00472824  -0.00612170    -0.00686967  -0.00225024     0.01457043  -0.00822271
    7    2
 -0.01728755  -0.00745151    -0.00074799   0.00312159     0.03467542  -0.00613589
  0.00073161   0.00770897    -0.01597336   0.00403975    -0.00126355  -0.00500886
  0.01384535   0.00943786    -0.00289976  -0.00374798    -0.01031813   0.00814416
    7    3
  0.02040555  -0.01388759    -0.01341138  -0.00472704     0.01694337  -0.02463977
 -0.00324462   0.00035575    -0.00143815  -0.00468267    -0.00601068  -0.00753047
  0.03204289  -0.02422146    -0.00872409  -0.00123700     0.00183033  -0.01796162
    7    4
 -0.00923545  -0.00203467     0.01179447  -0.00558713    -0.00084288   0.01017529
  0.00084288  -0.01017529    -0.00872980  -0.00314800     0.02849633   0.00078505
 -0.01179447   0.00558713     0.02905503  -0.01256209    -0.00872980  -0.00314800
    7    5
 -0.00000000   0.01087309    -0.00659265   0.00055072    -0.01043985   0.00065096
 -0.01043985  -0.00065096     0.00647796   0.01335816    -0.00000000   0.02378543
 -0.00659265  -0.00055072    -0.00000000   0.01604853    -0.00647796   0.01335816
    7    6
  0.00268563  -0.01895591    -0.00687268  -0.00328906    -0.00042368  -0.00077456
 -0.00687268  -0.00328906     0.00086295   0.01547335     0.00223911   0.00527564
 -0.00042368  -0.00077456     0.00223911   0.00527564     0.01198243   0.00468018
    7    7
  0.05323363  -0.00000000     0.00148666   0.00354688     0.00544450   0.00012038
  0.00148666  -0.00354688     0.04129317   0.00000000    -0.00183885  -0.00516093
  0.00544450  -0.00012038    -0.00183885   0.00516093     0.05134343  -0.00000000

     Dynamical  Matrix in cartesian axes

     q = (    0.433012700  -0.324759500  -0.324759500 ) 

    1    1
  0.06954488   0.00000000     0.01064275  -0.00000000     0.01064275  -0.00000000
  0.01064275  -0.00000000     0.06851992   0.00000000     0.01296132   0.00000000
  0.01064275  -0.00000000     0.01296132   0.00000000     0.06851992   0.00000000
    1    2
  0.00091414   0.00037865    -0.00702412  -0.00965545    -0.01179423   0.00186064
 -0.00848408   0.01163255     0.00701148   0.00678786    -0.00618616  -0.00135826
  0.00222630  -0.01422460    -0.00533471  -0.00341384     0.00975760   0.00015812
    1    3
  0.00091414   0.00037865    -0.01179423   0.00186064    -0.00702412  -0.00965545
  0.00222630  -0.01422460     0.00975760   0.00015812    -0.00533471  -0.00341384
 -0.00848408   0.01163255    -0.00618616  -0.00135826     0.00701148   0.00678786
    1    4
  0.00131940  -0.00275745     0.00472824   0.00612170    -0.00443427  -0.00822907
 -0.01235729   0.01253554    -0.01457043  -0.00822271    -0.00657213  -0.00276940
 -0.00105060  -0.00445230    -0.00686967   0.00225024    -0.01125206   0.00521844
    1    5
 -0.00101686   0.00288277     0.00767207  -0.00098533    -0.00895433   0.00268333
  0.00012603  -0.01760189    -0.01611719  -0.00448851    -0.00660546  -0.00268894
 -0.00389114   0.00240536    -0.00326643  -0.00644875    -0.00426642  -0.01164640
    1    6
 -0.00101686   0.00288277    -0.00895433   0.00268333     0.00767207  -0.00098533
 -0.00389114   0.00240536    -0.00426642  -0.01164640    -0.00326643  -0.00644875
  0.00012603  -0.01760189    -0.00660546  -0.00268894    -0.01611719  -0.00448851
    1    7
  0.00131940  -0.00275745    -0.00443427  -0.00822907     0.00472824   0.00612170
 -0.00105060  -0.00445230    -0.01125206   0.00521844    -0.00686967   0.00225024
 -0.01235729   0.01253554    -0.00657213  -0.00276940    -0.01457043  -0.00822271
    2    1
  0.00091414  -0.00037865    -0.00848408  -0.01163255     0.00222630   0.01422460
 -0.00702412   0.00965545     0.00701148  -0.00678786    -0.00533471   0.00341384
 -0.01179423  -0.00186064    -0.00618616   0.00135826     0.00975760  -0.00015812
    2    2
  0.07298801  -0.00000000    -0.00341108  -0.01645661    -0.00341108   0.01645661
 -0.00341108   0.01645661     0.04802132   0.00000000     0.00591210  -0.00424645
 -0.00341108  -0.01645661     0.00591210   0.00424645     0.04802132  -0.00000000
    2    3
  0.00235354   0.00000000    -0.00457068  -0.00281216    -0.00457068   0.00281216
 -0.00457068  -0.00281216    -0.00221879   0.01652266    -0.00745145  -0.00000000
 -0.00457068   0.00281216    -0.00745145  -0.00000000    -0.00221879  -0.01652266
    2    4
  0.00745151   0.01728755     0.00943786   0.01384535    -0.00770897  -0.00073161
 -0.00613589   0.03467542    -0.00814416   0.01031813    -0.00500886  -0.00126355
 -0.00312159   0.00074799    -0.00374798  -0.00289976    -0.00403975   0.01597336
    2    5
 -0.02424891  -0.00460888     0.03978491   0.00553058     0.00254585   0.00204274
  0.02940372  -0.00544218    -0.01399502   0.01140655     0.00107465  -0.00957504
  0.00614076   0.01282580    -0.00529418  -0.00704355    -0.00229422   0.00432808
    2    6
  0.00745151  -0.01728755    -0.00770897   0.00073161     0.00943786  -0.01384535
 -0.00312159  -0.00074799    -0.00403975  -0.01597336    -0.00374798   0.00289976
 -0.00613589  -0.03467542    -0.00500886   0.00126355    -0.00814416  -0.01031813
    2    7
 -0.02424891   0.00460888     0.00254585  -0.00204274     0.03978491  -0.00553058
  0.00614076  -0.01282580    -0.00229422  -0.00432808    -0.00529418   0.00704355
  0.02940372   0.00544218     0.00107465   0.00957504    -0.01399502  -0.01140655
    3    1
  0.00091414  -0.00037865     0.00222630   0.01422460    -0.00848408  -0.01163255
 -0.01179423  -0.00186064     0.00975760  -0.00015812    -0.00618616   0.00135826
 -0.00702412   0.00965545    -0.00533471   0.00341384     0.00701148  -0.00678786
    3    2
  0.00235354  -0.00000000    -0.00457068   0.00281216    -0.00457068  -0.00281216
 -0.00457068   0.00281216    -0.00221879  -0.01652266    -0.00745145   0.00000000
 -0.00457068  -0.00281216    -0.00745145   0.00000000    -0.00221879   0.01652266
    3    3
  0.07298801   0.00000000    -0.00341108   0.01645661    -0.00341108  -0.01645661
 -0.00341108  -0.01645661     0.04802132  -0.00000000     0.00591210   0.00424645
 -0.00341108   0.01645661     0.00591210  -0.00424645     0.04802132   0.00000000
    3    4
 -0.02424891   0.00460888     0.03978491  -0.00553058     0.00254585  -0.00204274
  0.02940372   0.00544218    -0.01399502  -0.01140655     0.00107465   0.00957504
  0.00614076  -0.01282580    -0.00529418   0.00704355    -0.00229422  -0.00432808
    3    5
  0.00745151  -0.01728755     0.00943786  -0.01384535    -0.00770897   0.00073161
 -0.00613589  -0.03467542    -0.00814416  -0.01031813    -0.00500886   0.00126355
 -0.00312159  -0.00074799    -0.00374798   0.00289976    -0.00403975  -0.01597336
    3    6
 -0.02424891  -0.00460888     0.00254585   0.00204274     0.03978491   0.00553058
  0.00614076   0.01282580    -0.00229422   0.00432808    -0.00529418  -0.00704355
  0.02940372  -0.00544218     0.00107465  -0.00957504    -0.01399502   0.01140655
    3    7
  0.00745151   0.01728755    -0.00770897  -0.00073161     0.00943786   0.01384535
 -0.00312159   0.00074799    -0.00403975   0.01597336    -0.00374798  -0.00289976
 -0.00613589   0.03467542    -0.00500886  -0.00126355    -0.00814416   0.01031813
    4    1
  0.00131940   0.00275745    -0.01235729  -0.01253554    -0.00105060   0.00445230
  0.00472824  -0.00612170    -0.01457043   0.00822271    -0.00686967  -0.00225024
 -0.00443427   0.00822907    -0.00657213   0.00276940    -0.01125206  -0.00521844
    4    2
  0.00745151  -0.01728755    -0.00613589  -0.03467542    -0.00312159  -0.00074799
  0.00943786  -0.01384535    -0.00814416  -0.01031813    -0.00374798   0.00289976
 -0.00770897   0.00073161    -0.00500886   0.00126355    -0.00403975  -0.01597336
    4    3
 -0.02424891  -0.00460888     0.02940372  -0.00544218     0.00614076   0.01282580
  0.03978491   0.00553058    -0.01399502   0.01140655    -0.00529418  -0.00704355
  0.00254585   0.00204274     0.00107465  -0.00957504    -0.00229422   0.00432808
    4    4
  0.05323363  -0.00000000    -0.00544450  -0.00012038     0.00148666   0.00354688
 -0.00544450   0.00012038     0.05134343  -0.00000000     0.00183885  -0.00516093
  0.00148666  -0.00354688     0.00183885   0.00516093     0.04129317  -0.00000000
    4    5
 -0.01150484  -0.01530288     0.00084728   0.00024811    -0.00718543   0.00253400
  0.00084728   0.00024811     0.01178224  -0.00516348    -0.00531373  -0.00214715
 -0.00718543   0.00253400    -0.00531373  -0.00214715     0.01155151   0.01033111
    4    6
  0.00509172   0.00796917    -0.00779102   0.00659901    -0.01229065  -0.00438925
 -0.01229065  -0.00438925     0.00394693   0.00839887     0.02942775   0.01166227
 -0.00779102   0.00659901     0.01959484   0.02070505     0.00394693   0.00839887
    4    7
 -0.01087309   0.00000000     0.00065096   0.01043985    -0.00055072  -0.00659265
 -0.00055072   0.00659265    -0.01335816  -0.00647796     0.01604853  -0.00000000
  0.00065096  -0.01043985     0.02378543  -0.00000000    -0.01335816   0.00647796
    5    1
 -0.00101686  -0.00288277     0.00012603   0.01760189    -0.00389114  -0.00240536
  0.00767207   0.00098533    -0.01611719   0.00448851    -0.00326643   0.00644875
 -0.00895433  -0.00268333    -0.00660546   0.00268894    -0.00426642   0.01164640
    5    2
 -0.02424891   0.00460888     0.02940372   0.00544218     0.00614076  -0.01282580
  0.03978491  -0.00553058    -0.01399502  -0.01140655    -0.00529418   0.00704355
  0.00254585  -0.00204274     0.00107465   0.00957504    -0.00229422  -0.00432808
    5    3
  0.00745151   0.01728755    -0.00613589   0.03467542    -0.00312159   0.00074799
  0.00943786   0.01384535    -0.00814416   0.01031813    -0.00374798  -0.00289976
 -0.00770897  -0.00073161    -0.00500886  -0.00126355    -0.00403975   0.01597336
    5    4
 -0.01150484   0.01530288     0.00084728  -0.00024811    -0.00718543  -0.00253400
  0.00084728  -0.00024811     0.01178224   0.00516348    -0.00531373   0.00214715
 -0.00718543  -0.00253400    -0.00531373   0.00214715     0.01155151  -0.01033111
    5    5
  0.05323363   0.00000000    -0.00544450   0.00012038     0.00148666  -0.00354688
 -0.00544450  -0.00012038     0.05134343   0.00000000     0.00183885   0.00516093
  0.00148666   0.00354688     0.00183885  -0.00516093     0.04129317   0.00000000
    5    6
 -0.01087309   0.00000000     0.00065096  -0.01043985    -0.00055072   0.00659265
 -0.00055072  -0.00659265    -0.01335816   0.00647796     0.01604853  -0.00000000
  0.00065096   0.01043985     0.02378543  -0.00000000    -0.01335816  -0.00647796
    5    7
  0.00509172  -0.00796917    -0.00779102  -0.00659901    -0.01229065   0.00438925
 -0.01229065   0.00438925     0.00394693  -0.00839887     0.02942775  -0.01166227
 -0.00779102  -0.00659901     0.01959484  -0.02070505     0.00394693  -0.00839887
    6    1
 -0.00101686  -0.00288277    -0.00389114  -0.00240536     0.00012603   0.01760189
 -0.00895433  -0.00268333    -0.00426642   0.01164640    -0.00660546   0.00268894
  0.00767207   0.00098533    -0.00326643   0.00644875    -0.01611719   0.00448851
    6    2
  0.00745151   0.01728755    -0.00312159   0.00074799    -0.00613589   0.03467542
 -0.00770897  -0.00073161    -0.00403975   0.01597336    -0.00500886  -0.00126355
  0.00943786   0.01384535    -0.00374798  -0.00289976    -0.00814416   0.01031813
    6    3
 -0.02424891   0.00460888     0.00614076  -0.01282580     0.02940372   0.00544218
  0.00254585  -0.00204274    -0.00229422  -0.00432808     0.00107465   0.00957504
  0.03978491  -0.00553058    -0.00529418   0.00704355    -0.01399502  -0.01140655
    6    4
  0.00509172  -0.00796917    -0.01229065   0.00438925    -0.00779102  -0.00659901
 -0.00779102  -0.00659901     0.00394693  -0.00839887     0.01959484  -0.02070505
 -0.01229065   0.00438925     0.02942775  -0.01166227     0.00394693  -0.00839887
    6    5
 -0.01087309  -0.00000000    -0.00055072   0.00659265     0.00065096  -0.01043985
  0.00065096   0.01043985    -0.01335816  -0.00647796     0.02378543   0.00000000
 -0.00055072  -0.00659265     0.01604853   0.00000000    -0.01335816   0.00647796
    6    6
  0.05323363   0.00000000     0.00148666  -0.00354688    -0.00544450   0.00012038
  0.00148666   0.00354688     0.04129317  -0.00000000     0.00183885  -0.00516093
 -0.00544450  -0.00012038     0.00183885   0.00516093     0.05134343   0.00000000
    6    7
 -0.01150484   0.01530288    -0.00718543  -0.00253400     0.00084728  -0.00024811
 -0.00718543  -0.00253400     0.01155151  -0.01033111    -0.00531373   0.00214715
  0.00084728  -0.00024811    -0.00531373   0.00214715     0.01178224   0.00516348
    7    1
  0.00131940   0.00275745    -0.00105060   0.00445230    -0.01235729  -0.01253554
 -0.00443427   0.00822907    -0.01125206  -0.00521844    -0.00657213   0.00276940
  0.00472824  -0.00612170    -0.00686967  -0.00225024    -0.01457043   0.00822271
    7    2
 -0.02424891  -0.00460888     0.00614076   0.01282580     0.02940372  -0.00544218
  0.00254585   0.00204274    -0.00229422   0.00432808     0.00107465  -0.00957504
  0.03978491   0.00553058    -0.00529418  -0.00704355    -0.01399502   0.01140655
    7    3
  0.00745151  -0.01728755    -0.00312159  -0.00074799    -0.00613589  -0.03467542
 -0.00770897   0.00073161    -0.00403975  -0.01597336    -0.00500886   0.00126355
  0.00943786  -0.01384535    -0.00374798   0.00289976    -0.00814416  -0.01031813
    7    4
 -0.01087309  -0.00000000    -0.00055072  -0.00659265     0.00065096   0.01043985
  0.00065096  -0.01043985    -0.01335816   0.00647796     0.02378543   0.00000000
 -0.00055072   0.00659265     0.01604853   0.00000000    -0.01335816  -0.00647796
    7    5
  0.00509172   0.00796917    -0.01229065  -0.00438925    -0.00779102   0.00659901
 -0.00779102   0.00659901     0.00394693   0.00839887     0.01959484   0.02070505
 -0.01229065  -0.00438925     0.02942775   0.01166227     0.00394693   0.00839887
    7    6
 -0.01150484  -0.01530288    -0.00718543   0.00253400     0.00084728   0.00024811
 -0.00718543   0.00253400     0.01155151   0.01033111    -0.00531373  -0.00214715
  0.00084728   0.00024811    -0.00531373  -0.00214715     0.01178224  -0.00516348
    7    7
  0.05323363  -0.00000000     0.00148666   0.00354688    -0.00544450  -0.00012038
  0.00148666  -0.00354688     0.04129317   0.00000000     0.00183885   0.00516093
 -0.00544450   0.00012038     0.00183885  -0.00516093     0.05134343  -0.00000000

     Dynamical  Matrix in cartesian axes

     q = (    0.324759500   0.433012700  -0.324759500 ) 

    1    1
  0.06851992   0.00000000    -0.01064275   0.00000000    -0.01296132   0.00000000
 -0.01064275   0.00000000     0.06954488   0.00000000     0.01064275   0.00000000
 -0.01296132   0.00000000     0.01064275   0.00000000     0.06851992   0.00000000
    1    2
  0.00822271  -0.01457043     0.01253554   0.01235729    -0.00276940   0.00657213
  0.00612170  -0.00472824     0.00275745   0.00131940     0.00822907  -0.00443427
  0.00225024   0.00686967     0.00445230  -0.00105060    -0.00521844  -0.01125206
    1    3
  0.01457043  -0.00822271    -0.01235729  -0.01253554    -0.00657213   0.00276940
  0.00472824  -0.00612170    -0.00131940  -0.00275745     0.00443427  -0.00822907
 -0.00686967  -0.00225024     0.00105060  -0.00445230     0.01125206   0.00521844
    1    4
 -0.00678786  -0.00701148     0.01163255  -0.00848408    -0.00135826  -0.00618616
 -0.00965545  -0.00702412    -0.00037865  -0.00091414    -0.00186064   0.01179423
 -0.00341384  -0.00533471     0.01422460  -0.00222630    -0.00015812  -0.00975760
    1    5
  0.00701148   0.00678786     0.00848408  -0.01163255     0.00618616   0.00135826
  0.00702412   0.00965545     0.00091414   0.00037865    -0.01179423   0.00186064
  0.00533471   0.00341384     0.00222630  -0.01422460     0.00975760   0.00015812
    1    6
 -0.01125206   0.00521844     0.00105060   0.00445230     0.00686967  -0.00225024
  0.00443427   0.00822907     0.00131940  -0.00275745     0.00472824   0.00612170
  0.00657213   0.00276940    -0.01235729   0.01253554    -0.01457043  -0.00822271
    1    7
 -0.00521844   0.01125206    -0.00445230  -0.00105060     0.00225024  -0.00686967
 -0.00822907  -0.00443427     0.00275745  -0.00131940    -0.00612170  -0.00472824
