  5.000000000000000E-003   1.26088367795901        1.90067469670089     
          12

     Dynamical  Matrix in cartesian axes

     q = (   -0.866025400  -0.324759500  -0.324759500 ) 

    1    1
  0.00613597   0.00000000     0.00000000  -0.00000000    -0.00000000  -0.00000000
  0.00000000  -0.00000000     0.08738702   0.00000000    -0.02686982   0.00000000
 -0.00000000  -0.00000000    -0.02686982   0.00000000     0.08738702   0.00000000
    1    2
 -0.00000000  -0.00000000     0.00039301  -0.00016279     0.00039301  -0.00016279
 -0.00600779   0.00248851     0.00321875   0.00777075    -0.00077093  -0.00186120
 -0.00600779   0.00248851     0.00077093   0.00186120    -0.00321875  -0.00777075
    1    3
 -0.00000000  -0.00000000     0.00039301  -0.00016279     0.00039301  -0.00016279
 -0.00600779   0.00248851    -0.00321875  -0.00777075     0.00077093   0.00186120
 -0.00600779   0.00248851    -0.00077093  -0.00186120     0.00321875   0.00777075
    1    4
  0.00148444   0.00221068     0.00000000  -0.00000000    -0.00000000   0.00000000
  0.00000000   0.00000000    -0.01002478   0.01032856    -0.00499484  -0.01545343
 -0.00000000  -0.00000000     0.00251030   0.01794056     0.01180726  -0.01091029
    1    5
 -0.00051353  -0.00261285     0.00000000   0.00000000    -0.00000000   0.00000000
  0.00000000  -0.00000000    -0.01439198  -0.00021480     0.00739535   0.01445911
 -0.00000000   0.00000000    -0.01091085  -0.01446094     0.01606374  -0.00063425
    1    6
 -0.00051353  -0.00261285    -0.00000000  -0.00000000     0.00000000   0.00000000
 -0.00000000   0.00000000     0.01606374  -0.00063425    -0.01091085  -0.01446094
  0.00000000  -0.00000000     0.00739535   0.01445911    -0.01439198  -0.00021480
    1    7
  0.00148444   0.00221068    -0.00000000   0.00000000     0.00000000  -0.00000000
 -0.00000000  -0.00000000     0.01180726  -0.01091029     0.00251030   0.01794056
  0.00000000   0.00000000    -0.00499484  -0.01545343    -0.01002478   0.01032856
    2    1
 -0.00000000   0.00000000    -0.00600779  -0.00248851    -0.00600779  -0.00248851
  0.00039301   0.00016279     0.00321875  -0.00777075     0.00077093  -0.00186120
  0.00039301   0.00016279    -0.00077093   0.00186120    -0.00321875   0.00777075
    2    2
  0.00228619  -0.00000000     0.00000000   0.00070322    -0.00000000  -0.00070322
  0.00000000  -0.00070322     0.01996620   0.00000000    -0.01687413   0.00000000
 -0.00000000   0.00070322    -0.01687413   0.00000000     0.01996620  -0.00000000
    2    3
  0.00071172   0.00000000     0.00000000   0.00273795    -0.00000000  -0.00273795
  0.00000000   0.00273795     0.01383619  -0.00000000    -0.01539070   0.00000000
 -0.00000000  -0.00273795    -0.01539070   0.00000000     0.01383619  -0.00000000
    2    4
  0.00017237   0.00143608     0.00212678  -0.00232518    -0.00172290   0.00177583
  0.01565540   0.00036873     0.00283239   0.00134998    -0.00225823  -0.00049250
 -0.01483742   0.00040517    -0.00183448  -0.00074593     0.00114134   0.00170178
    2    5
 -0.00017237   0.00143608     0.00212678   0.00232518    -0.00172290  -0.00177583
  0.01565540  -0.00036873    -0.00283239   0.00134998     0.00225823  -0.00049250
 -0.01483742  -0.00040517     0.00183448  -0.00074593    -0.00114134   0.00170178
    2    6
  0.00017237  -0.00143608    -0.00172290  -0.00177583     0.00212678   0.00232518
 -0.01483742  -0.00040517     0.00114134  -0.00170178    -0.00183448   0.00074593
  0.01565540  -0.00036873    -0.00225823   0.00049250     0.00283239  -0.00134998
    2    7
 -0.00017237  -0.00143608    -0.00172290   0.00177583     0.00212678  -0.00232518
 -0.01483742   0.00040517    -0.00114134  -0.00170178     0.00183448   0.00074593
  0.01565540   0.00036873     0.00225823   0.00049250    -0.00283239  -0.00134998
    3    1
 -0.00000000   0.00000000    -0.00600779  -0.00248851    -0.00600779  -0.00248851
  0.00039301   0.00016279    -0.00321875   0.00777075    -0.00077093   0.00186120
  0.00039301   0.00016279     0.00077093  -0.00186120     0.00321875  -0.00777075
    3    2
  0.00071172   0.00000000     0.00000000  -0.00273795    -0.00000000   0.00273795
  0.00000000  -0.00273795     0.01383619   0.00000000    -0.01539070  -0.00000000
 -0.00000000   0.00273795    -0.01539070  -0.00000000     0.01383619   0.00000000
    3    3
  0.00228619   0.00000000     0.00000000  -0.00070322     0.00000000   0.00070322
  0.00000000   0.00070322     0.01996620  -0.00000000    -0.01687413   0.00000000
  0.00000000  -0.00070322    -0.01687413   0.00000000     0.01996620   0.00000000
    3    4
 -0.00017237  -0.00143608     0.00212678  -0.00232518    -0.00172290   0.00177583
  0.01565540   0.00036873    -0.00283239  -0.00134998     0.00225823   0.00049250
 -0.01483742   0.00040517     0.00183448   0.00074593    -0.00114134  -0.00170178
    3    5
  0.00017237  -0.00143608     0.00212678   0.00232518    -0.00172290  -0.00177583
  0.01565540  -0.00036873     0.00283239  -0.00134998    -0.00225823   0.00049250
 -0.01483742  -0.00040517    -0.00183448   0.00074593     0.00114134  -0.00170178
    3    6
 -0.00017237   0.00143608    -0.00172290  -0.00177583     0.00212678   0.00232518
 -0.01483742  -0.00040517    -0.00114134   0.00170178     0.00183448  -0.00074593
  0.01565540  -0.00036873     0.00225823  -0.00049250    -0.00283239   0.00134998
    3    7
  0.00017237   0.00143608    -0.00172290   0.00177583     0.00212678  -0.00232518
 -0.01483742   0.00040517     0.00114134   0.00170178    -0.00183448  -0.00074593
  0.01565540   0.00036873    -0.00225823  -0.00049250     0.00283239   0.00134998
    4    1
  0.00148444  -0.00221068     0.00000000  -0.00000000    -0.00000000   0.00000000
  0.00000000   0.00000000    -0.01002478  -0.01032856     0.00251030  -0.01794056
 -0.00000000  -0.00000000    -0.00499484   0.01545343     0.01180726   0.01091029
    4    2
  0.00017237  -0.00143608     0.01565540  -0.00036873    -0.01483742  -0.00040517
  0.00212678   0.00232518     0.00283239  -0.00134998    -0.00183448   0.00074593
 -0.00172290  -0.00177583    -0.00225823   0.00049250     0.00114134  -0.00170178
    4    3
 -0.00017237   0.00143608     0.01565540  -0.00036873    -0.01483742  -0.00040517
  0.00212678   0.00232518    -0.00283239   0.00134998     0.00183448  -0.00074593
 -0.00172290  -0.00177583     0.00225823  -0.00049250    -0.00114134   0.00170178
    4    4
  0.01619450  -0.00000000    -0.00000000  -0.00000000    -0.00000000   0.00000000
  0.00000000   0.00000000     0.01283251  -0.00000000    -0.00809959  -0.00196848
 -0.00000000   0.00000000    -0.00809959   0.00196848     0.02711171   0.00000000
    4    5
  0.01342284  -0.00080833     0.00000000  -0.00000000     0.00000000   0.00000000
  0.00000000  -0.00000000    -0.00208351   0.00442491     0.00845047  -0.00818991
  0.00000000   0.00000000     0.00845047  -0.00818991    -0.01346299   0.01010860
    4    6
 -0.01494295  -0.00099387    -0.00000000   0.00000000     0.00000000  -0.00000000
  0.00000000  -0.00000000     0.00405688  -0.00413622    -0.00343723   0.00742409
 -0.00000000   0.00000000    -0.01871992   0.01621681     0.00405688  -0.00413622
    4    7
 -0.01257379   0.00000000     0.00000000   0.00000000     0.00000000  -0.00000000
  0.00000000   0.00000000    -0.01429980  -0.00223597     0.00585877  -0.00000000
  0.00000000  -0.00000000     0.01836882  -0.00000000    -0.01429980   0.00223597
    5    1
 -0.00051353   0.00261285     0.00000000   0.00000000    -0.00000000   0.00000000
  0.00000000  -0.00000000    -0.01439198   0.00021480    -0.01091085   0.01446094
 -0.00000000   0.00000000     0.00739535  -0.01445911     0.01606374   0.00063425
    5    2
 -0.00017237  -0.00143608     0.01565540   0.00036873    -0.01483742   0.00040517
  0.00212678  -0.00232518    -0.00283239  -0.00134998     0.00183448   0.00074593
 -0.00172290   0.00177583     0.00225823   0.00049250    -0.00114134  -0.00170178
    5    3
  0.00017237   0.00143608     0.01565540   0.00036873    -0.01483742   0.00040517
  0.00212678  -0.00232518     0.00283239   0.00134998    -0.00183448  -0.00074593
 -0.00172290   0.00177583    -0.00225823  -0.00049250     0.00114134   0.00170178
    5    4
  0.01342284   0.00080833     0.00000000   0.00000000     0.00000000  -0.00000000
  0.00000000   0.00000000    -0.00208351  -0.00442491     0.00845047   0.00818991
  0.00000000  -0.00000000     0.00845047   0.00818991    -0.01346299  -0.01010860
    5    5
  0.01619450   0.00000000    -0.00000000   0.00000000    -0.00000000  -0.00000000
 -0.00000000  -0.00000000     0.01283251   0.00000000    -0.00809959   0.00196848
 -0.00000000   0.00000000    -0.00809959  -0.00196848     0.02711171   0.00000000
    5    6
 -0.01257379   0.00000000     0.00000000  -0.00000000     0.00000000   0.00000000
  0.00000000  -0.00000000    -0.01429980   0.00223597     0.00585877   0.00000000
  0.00000000   0.00000000     0.01836882  -0.00000000    -0.01429980  -0.00223597
    5    7
 -0.01494295   0.00099387    -0.00000000  -0.00000000     0.00000000   0.00000000
  0.00000000   0.00000000     0.00405688   0.00413622    -0.00343723  -0.00742409
 -0.00000000  -0.00000000    -0.01871992  -0.01621681     0.00405688   0.00413622
    6    1
 -0.00051353   0.00261285     0.00000000  -0.00000000     0.00000000   0.00000000
 -0.00000000   0.00000000     0.01606374   0.00063425     0.00739535  -0.01445911
  0.00000000  -0.00000000    -0.01091085   0.01446094    -0.01439198   0.00021480
    6    2
  0.00017237   0.00143608    -0.01483742   0.00040517     0.01565540   0.00036873
 -0.00172290   0.00177583     0.00114134   0.00170178    -0.00225823  -0.00049250
  0.00212678  -0.00232518    -0.00183448  -0.00074593     0.00283239   0.00134998
    6    3
 -0.00017237  -0.00143608    -0.01483742   0.00040517     0.01565540   0.00036873
 -0.00172290   0.00177583    -0.00114134  -0.00170178     0.00225823   0.00049250
  0.00212678  -0.00232518     0.00183448   0.00074593    -0.00283239  -0.00134998
    6    4
 -0.01494295   0.00099387     0.00000000   0.00000000    -0.00000000  -0.00000000
 -0.00000000  -0.00000000     0.00405688   0.00413622    -0.01871992  -0.01621681
  0.00000000   0.00000000    -0.00343723  -0.00742409     0.00405688   0.00413622
    6    5
 -0.01257379   0.00000000     0.00000000   0.00000000     0.00000000  -0.00000000
  0.00000000   0.00000000    -0.01429980  -0.00223597     0.01836882  -0.00000000
  0.00000000  -0.00000000     0.00585877   0.00000000    -0.01429980   0.00223597
    6    6
  0.01619450   0.00000000    -0.00000000  -0.00000000    -0.00000000   0.00000000
 -0.00000000  -0.00000000     0.02711171  -0.00000000    -0.00809959  -0.00196848
 -0.00000000  -0.00000000    -0.00809959   0.00196848     0.01283251   0.00000000
    6    7
  0.01342284   0.00080833     0.00000000  -0.00000000     0.00000000   0.00000000
  0.00000000  -0.00000000    -0.01346299  -0.01010860     0.00845047   0.00818991
  0.00000000   0.00000000     0.00845047   0.00818991    -0.00208351  -0.00442491
    7    1
  0.00148444  -0.00221068    -0.00000000   0.00000000     0.00000000  -0.00000000
 -0.00000000  -0.00000000     0.01180726   0.01091029    -0.00499484   0.01545343
  0.00000000   0.00000000     0.00251030  -0.01794056    -0.01002478  -0.01032856
    7    2
 -0.00017237   0.00143608    -0.01483742  -0.00040517     0.01565540  -0.00036873
 -0.00172290  -0.00177583    -0.00114134   0.00170178     0.00225823  -0.00049250
  0.00212678   0.00232518     0.00183448  -0.00074593    -0.00283239   0.00134998
    7    3
  0.00017237  -0.00143608    -0.01483742  -0.00040517     0.01565540  -0.00036873
 -0.00172290  -0.00177583     0.00114134  -0.00170178    -0.00225823   0.00049250
  0.00212678   0.00232518    -0.00183448   0.00074593     0.00283239  -0.00134998
    7    4
 -0.01257379  -0.00000000     0.00000000  -0.00000000     0.00000000   0.00000000
  0.00000000  -0.00000000    -0.01429980   0.00223597     0.01836882   0.00000000
  0.00000000   0.00000000     0.00585877   0.00000000    -0.01429980  -0.00223597
    7    5
 -0.01494295  -0.00099387     0.00000000  -0.00000000    -0.00000000   0.00000000
 -0.00000000   0.00000000     0.00405688  -0.00413622    -0.01871992   0.01621681
  0.00000000  -0.00000000    -0.00343723   0.00742409     0.00405688  -0.00413622
    7    6
  0.01342284  -0.00080833     0.00000000   0.00000000     0.00000000  -0.00000000
  0.00000000   0.00000000    -0.01346299   0.01010860     0.00845047  -0.00818991
  0.00000000  -0.00000000     0.00845047  -0.00818991    -0.00208351   0.00442491
    7    7
  0.01619450  -0.00000000    -0.00000000   0.00000000    -0.00000000  -0.00000000
 -0.00000000  -0.00000000     0.02711171  -0.00000000    -0.00809959   0.00196848
 -0.00000000   0.00000000    -0.00809959  -0.00196848     0.01283251  -0.00000000

     Dynamical  Matrix in cartesian axes

     q = (   -0.324759500  -0.866025400   0.324759500 ) 

    1    1
  0.08738702   0.00000000    -0.00000000   0.00000000     0.02686982  -0.00000000
 -0.00000000   0.00000000     0.00613597   0.00000000    -0.00000000   0.00000000
  0.02686982  -0.00000000    -0.00000000   0.00000000     0.08738702   0.00000000
    1    2
  0.01002478   0.01032856    -0.00000000  -0.00000000    -0.00499484   0.01545343
 -0.00000000   0.00000000    -0.00148444   0.00221068     0.00000000   0.00000000
  0.00251030  -0.01794056     0.00000000   0.00000000    -0.01180726  -0.01091029
    1    3
 -0.01002478   0.01032856     0.00000000   0.00000000     0.00499484   0.01545343
  0.00000000  -0.00000000     0.00148444   0.00221068     0.00000000  -0.00000000
 -0.00251030  -0.01794056     0.00000000   0.00000000     0.01180726  -0.01091029
    1    4
 -0.00321875  -0.00777075    -0.00600779   0.00248851    -0.00077093  -0.00186120
  0.00039301  -0.00016279    -0.00000000  -0.00000000    -0.00039301   0.00016279
  0.00077093   0.00186120     0.00600779  -0.00248851     0.00321875   0.00777075
    1    5
  0.00321875  -0.00777075     0.00600779   0.00248851     0.00077093  -0.00186120
 -0.00039301  -0.00016279    -0.00000000   0.00000000     0.00039301   0.00016279
 -0.00077093   0.00186120    -0.00600779  -0.00248851    -0.00321875   0.00777075
    1    6
  0.01180726   0.01091029    -0.00000000  -0.00000000    -0.00251030   0.01794056
 -0.00000000  -0.00000000     0.00148444  -0.00221068     0.00000000   0.00000000
  0.00499484  -0.01545343     0.00000000   0.00000000    -0.01002478  -0.01032856
    1    7
 -0.01180726   0.01091029     0.00000000   0.00000000     0.00251030   0.01794056
  0.00000000  -0.00000000    -0.00148444  -0.00221068     0.00000000  -0.00000000
 -0.00499484  -0.01545343     0.00000000   0.00000000     0.01002478  -0.01032856
    2    1
  0.01002478  -0.01032856    -0.00000000   0.00000000     0.00251030   0.01794056
 -0.00000000   0.00000000    -0.00148444  -0.00221068     0.00000000  -0.00000000
 -0.00499484  -0.01545343     0.00000000   0.00000000    -0.01180726   0.01091029
    2    2
  0.01283251   0.00000000     0.00000000   0.00000000     0.00809959  -0.00196848
 -0.00000000   0.00000000     0.01619450   0.00000000    -0.00000000   0.00000000
  0.00809959   0.00196848    -0.00000000   0.00000000     0.02711171   0.00000000
    2    3
  0.00460215   0.00165562    -0.00000000  -0.00000000     0.01176652  -0.00018425
 -0.00000000  -0.00000000    -0.01006295   0.00891981    -0.00000000  -0.00000000
  0.01176652  -0.00018425    -0.00000000  -0.00000000     0.01666763  -0.00237192
    2    4
 -0.00295738   0.00104822     0.00014029   0.00314802    -0.00182462   0.00076972
 -0.01133076   0.01080931    -0.00113735  -0.00089358    -0.01020514   0.01077814
 -0.00194506   0.00124856     0.00003742   0.00247397    -0.00201038  -0.00039629
    2    5
 -0.00283239  -0.00134998     0.00212678  -0.00232518    -0.00183448  -0.00074593
  0.01565540   0.00036873    -0.00017237  -0.00143608     0.01483742  -0.00040517
 -0.00225823  -0.00049250     0.00172290  -0.00177583    -0.00114134  -0.00170178
    2    6
  0.01429980  -0.00223597    -0.00000000   0.00000000     0.00585877  -0.00000000
 -0.00000000   0.00000000     0.01257379  -0.00000000    -0.00000000  -0.00000000
  0.01836882  -0.00000000    -0.00000000  -0.00000000     0.01429980   0.00223597
    2    7
  0.00579340   0.00005610     0.00000000  -0.00000000     0.00768012   0.00281914
 -0.00000000  -0.00000000    -0.00986349   0.01126903    -0.00000000   0.00000000
  0.02470400  -0.00176996     0.00000000   0.00000000     0.00579340   0.00005610
    3    1
 -0.01002478  -0.01032856     0.00000000   0.00000000    -0.00251030   0.01794056
  0.00000000  -0.00000000     0.00148444  -0.00221068     0.00000000  -0.00000000
  0.00499484  -0.01545343     0.00000000   0.00000000     0.01180726   0.01091029
    3    2
  0.00460215  -0.00165562    -0.00000000   0.00000000     0.01176652   0.00018425
 -0.00000000   0.00000000    -0.01006295  -0.00891981    -0.00000000   0.00000000
  0.01176652   0.00018425    -0.00000000   0.00000000     0.01666763   0.00237192
    3    3
  0.01283251   0.00000000     0.00000000  -0.00000000     0.00809959   0.00196848
 -0.00000000   0.00000000     0.01619450  -0.00000000    -0.00000000   0.00000000
  0.00809959  -0.00196848    -0.00000000   0.00000000     0.02711171   0.00000000
    3    4
 -0.00283239   0.00134998     0.00212678   0.00232518    -0.00183448   0.00074593
  0.01565540  -0.00036873    -0.00017237   0.00143608     0.01483742   0.00040517
 -0.00225823   0.00049250     0.00172290   0.00177583    -0.00114134   0.00170178
    3    5
 -0.00295738  -0.00104822     0.00014029  -0.00314802    -0.00182462  -0.00076972
 -0.01133076  -0.01080931    -0.00113735   0.00089358    -0.01020514  -0.01077814
 -0.00194506  -0.00124856     0.00003742  -0.00247397    -0.00201038   0.00039629
    3    6
  0.00579340  -0.00005610     0.00000000   0.00000000     0.00768012  -0.00281914
 -0.00000000   0.00000000    -0.00986349  -0.01126903    -0.00000000  -0.00000000
  0.02470400   0.00176996     0.00000000  -0.00000000     0.00579340  -0.00005610
    3    7
  0.01429980   0.00223597    -0.00000000  -0.00000000     0.00585877   0.00000000
 -0.00000000   0.00000000     0.01257379   0.00000000    -0.00000000   0.00000000
  0.01836882   0.00000000    -0.00000000   0.00000000     0.01429980  -0.00223597
    4    1
 -0.00321875   0.00777075     0.00039301   0.00016279     0.00077093  -0.00186120
 -0.00600779  -0.00248851    -0.00000000   0.00000000     0.00600779   0.00248851
 -0.00077093   0.00186120    -0.00039301  -0.00016279     0.00321875  -0.00777075
    4    2
 -0.00295738  -0.00104822    -0.01133076  -0.01080931    -0.00194506  -0.00124856
  0.00014029  -0.00314802    -0.00113735   0.00089358     0.00003742  -0.00247397
 -0.00182462  -0.00076972    -0.01020514  -0.01077814    -0.00201038   0.00039629
    4    3
 -0.00283239  -0.00134998     0.01565540   0.00036873    -0.00225823  -0.00049250
  0.00212678  -0.00232518    -0.00017237  -0.00143608     0.00172290  -0.00177583
 -0.00183448  -0.00074593     0.01483742  -0.00040517    -0.00114134  -0.00170178
    4    4
  0.01996620   0.00000000    -0.00000000   0.00070322     0.01687413   0.00000000
 -0.00000000  -0.00070322     0.00228619  -0.00000000    -0.00000000  -0.00070322
  0.01687413   0.00000000    -0.00000000   0.00070322     0.01996620   0.00000000
    4    5
 -0.00978366  -0.00978366    -0.00193603   0.00193603    -0.01088287  -0.01088287
 -0.00193603   0.00193603    -0.00050326  -0.00050326    -0.00193603   0.00193603
 -0.01088287  -0.01088287    -0.00193603   0.00193603    -0.00978366  -0.00978366
    4    6
 -0.00201038   0.00039629    -0.01020514  -0.01077814    -0.00182462  -0.00076972
  0.00003742  -0.00247397    -0.00113735   0.00089358     0.00014029  -0.00314802
 -0.00194506  -0.00124856    -0.01133076  -0.01080931    -0.00295738  -0.00104822
    4    7
 -0.00114134  -0.00170178     0.01483742  -0.00040517    -0.00183448  -0.00074593
  0.00172290  -0.00177583    -0.00017237  -0.00143608     0.00212678  -0.00232518
 -0.00225823  -0.00049250     0.01565540   0.00036873    -0.00283239  -0.00134998
    5    1
  0.00321875   0.00777075    -0.00039301   0.00016279    -0.00077093  -0.00186120
  0.00600779  -0.00248851    -0.00000000  -0.00000000    -0.00600779   0.00248851
  0.00077093   0.00186120     0.00039301  -0.00016279    -0.00321875  -0.00777075
    5    2
 -0.00283239   0.00134998     0.01565540  -0.00036873    -0.00225823   0.00049250
  0.00212678   0.00232518    -0.00017237   0.00143608     0.00172290   0.00177583
 -0.00183448   0.00074593     0.01483742   0.00040517    -0.00114134   0.00170178
    5    3
 -0.00295738   0.00104822    -0.01133076   0.01080931    -0.00194506   0.00124856
  0.00014029   0.00314802    -0.00113735  -0.00089358     0.00003742   0.00247397
 -0.00182462   0.00076972    -0.01020514   0.01077814    -0.00201038  -0.00039629
    5    4
 -0.00978366   0.00978366    -0.00193603  -0.00193603    -0.01088287   0.01088287
 -0.00193603  -0.00193603    -0.00050326   0.00050326    -0.00193603  -0.00193603
 -0.01088287   0.01088287    -0.00193603  -0.00193603    -0.00978366   0.00978366
    5    5
  0.01996620  -0.00000000    -0.00000000  -0.00070322     0.01687413   0.00000000
 -0.00000000   0.00070322     0.00228619  -0.00000000    -0.00000000   0.00070322
  0.01687413   0.00000000    -0.00000000  -0.00070322     0.01996620  -0.00000000
    5    6
 -0.00114134   0.00170178     0.01483742   0.00040517    -0.00183448   0.00074593
  0.00172290   0.00177583    -0.00017237   0.00143608     0.00212678   0.00232518
 -0.00225823   0.00049250     0.01565540  -0.00036873    -0.00283239   0.00134998
    5    7
 -0.00201038  -0.00039629    -0.01020514   0.01077814    -0.00182462   0.00076972
  0.00003742   0.00247397    -0.00113735  -0.00089358     0.00014029   0.00314802
 -0.00194506   0.00124856    -0.01133076   0.01080931    -0.00295738   0.00104822
    6    1
  0.01180726  -0.01091029    -0.00000000  -0.00000000     0.00499484   0.01545343
 -0.00000000   0.00000000     0.00148444   0.00221068     0.00000000  -0.00000000
 -0.00251030  -0.01794056     0.00000000  -0.00000000    -0.01002478   0.01032856
    6    2
  0.01429980   0.00223597    -0.00000000  -0.00000000     0.01836882   0.00000000
  0.00000000  -0.00000000     0.01257379   0.00000000    -0.00000000   0.00000000
  0.00585877   0.00000000    -0.00000000   0.00000000     0.01429980  -0.00223597
    6    3
  0.00579340   0.00005610    -0.00000000  -0.00000000     0.02470400  -0.00176996
  0.00000000  -0.00000000    -0.00986349   0.01126903     0.00000000   0.00000000
  0.00768012   0.00281914    -0.00000000   0.00000000     0.00579340   0.00005610
    6    4
 -0.00201038  -0.00039629     0.00003742   0.00247397    -0.00194506   0.00124856
 -0.01020514   0.01077814    -0.00113735  -0.00089358    -0.01133076   0.01080931
 -0.00182462   0.00076972     0.00014029   0.00314802    -0.00295738   0.00104822
    6    5
 -0.00114134  -0.00170178     0.00172290  -0.00177583    -0.00225823  -0.00049250
  0.01483742  -0.00040517    -0.00017237  -0.00143608     0.01565540   0.00036873
 -0.00183448  -0.00074593     0.00212678  -0.00232518    -0.00283239  -0.00134998
    6    6
  0.02711171   0.00000000     0.00000000  -0.00000000     0.00809959   0.00196848
 -0.00000000   0.00000000     0.01619450   0.00000000     0.00000000   0.00000000
  0.00809959  -0.00196848     0.00000000   0.00000000     0.01283251   0.00000000
    6    7
  0.01666763  -0.00237192     0.00000000   0.00000000     0.01176652  -0.00018425
  0.00000000   0.00000000    -0.01006295   0.00891981     0.00000000   0.00000000
  0.01176652  -0.00018425     0.00000000   0.00000000     0.00460215   0.00165562
    7    1
 -0.01180726  -0.01091029     0.00000000   0.00000000    -0.00499484   0.01545343
  0.00000000  -0.00000000    -0.00148444   0.00221068     0.00000000  -0.00000000
  0.00251030  -0.01794056     0.00000000   0.00000000     0.01002478   0.01032856
    7    2
  0.00579340  -0.00005610    -0.00000000   0.00000000     0.02470400   0.00176996
  0.00000000   0.00000000    -0.00986349  -0.01126903     0.00000000  -0.00000000
  0.00768012  -0.00281914    -0.00000000  -0.00000000     0.00579340  -0.00005610
    7    3
  0.01429980  -0.00223597    -0.00000000   0.00000000     0.01836882  -0.00000000
 -0.00000000   0.00000000     0.01257379  -0.00000000    -0.00000000   0.00000000
  0.00585877  -0.00000000    -0.00000000  -0.00000000     0.01429980   0.00223597
    7    4
 -0.00114134   0.00170178     0.00172290   0.00177583    -0.00225823   0.00049250
  0.01483742   0.00040517    -0.00017237   0.00143608     0.01565540  -0.00036873
 -0.00183448   0.00074593     0.00212678   0.00232518    -0.00283239   0.00134998
    7    5
 -0.00201038   0.00039629     0.00003742  -0.00247397    -0.00194506  -0.00124856
 -0.01020514  -0.01077814    -0.00113735   0.00089358    -0.01133076  -0.01080931
 -0.00182462  -0.00076972     0.00014029  -0.00314802    -0.00295738  -0.00104822
    7    6
  0.01666763   0.00237192     0.00000000  -0.00000000     0.01176652   0.00018425
  0.00000000  -0.00000000    -0.01006295  -0.00891981     0.00000000  -0.00000000
  0.01176652   0.00018425     0.00000000  -0.00000000     0.00460215  -0.00165562
    7    7
  0.02711171   0.00000000    -0.00000000  -0.00000000     0.00809959  -0.00196848
 -0.00000000  -0.00000000     0.01619450  -0.00000000    -0.00000000   0.00000000
  0.00809959   0.00196848    -0.00000000  -0.00000000     0.01283251  -0.00000000

     Dynamical  Matrix in cartesian axes

     q = (    0.324759500   0.866025400   0.324759500 ) 

    1    1
  0.08738702   0.00000000     0.00000000  -0.00000000    -0.02686982   0.00000000
  0.00000000  -0.00000000     0.00613597   0.00000000    -0.00000000  -0.00000000
 -0.02686982   0.00000000    -0.00000000  -0.00000000     0.08738702   0.00000000
    1    2
 -0.01439198   0.00021480    -0.00000000   0.00000000     0.00739535  -0.01445911
  0.00000000  -0.00000000    -0.00051353   0.00261285    -0.00000000  -0.00000000
 -0.01091085   0.01446094     0.00000000  -0.00000000     0.01606374   0.00063425
    1    3
 -0.01002478  -0.01032856     0.00000000   0.00000000    -0.00499484   0.01545343
  0.00000000   0.00000000     0.00148444  -0.00221068    -0.00000000  -0.00000000
  0.00251030  -0.01794056    -0.00000000   0.00000000     0.01180726   0.01091029
    1    4
 -0.00321875   0.00777075    -0.00600779  -0.00248851     0.00077093  -0.00186120
  0.00039301   0.00016279     0.00000000  -0.00000000     0.00039301   0.00016279
 -0.00077093   0.00186120    -0.00600779  -0.00248851     0.00321875  -0.00777075
    1    5
  0.00321875  -0.00777075    -0.00600779  -0.00248851    -0.00077093   0.00186120
  0.00039301   0.00016279     0.00000000  -0.00000000     0.00039301   0.00016279
  0.00077093  -0.00186120    -0.00600779  -0.00248851    -0.00321875   0.00777075
    1    6
  0.01180726   0.01091029     0.00000000  -0.00000000     0.00251030  -0.01794056
 -0.00000000  -0.00000000     0.00148444  -0.00221068     0.00000000   0.00000000
 -0.00499484   0.01545343     0.00000000   0.00000000    -0.01002478  -0.01032856
    1    7
  0.01606374   0.00063425     0.00000000  -0.00000000    -0.01091085   0.01446094
 -0.00000000  -0.00000000    -0.00051353   0.00261285     0.00000000  -0.00000000
  0.00739535  -0.01445911    -0.00000000   0.00000000    -0.01439198   0.00021480
    2    1
 -0.01439198  -0.00021480     0.00000000   0.00000000    -0.01091085  -0.01446094
 -0.00000000  -0.00000000    -0.00051353  -0.00261285     0.00000000   0.00000000
  0.00739535   0.01445911    -0.00000000   0.00000000     0.01606374  -0.00063425
    2    2
  0.01283251  -0.00000000    -0.00000000   0.00000000    -0.00809959  -0.00196848
  0.00000000  -0.00000000     0.01619450  -0.00000000    -0.00000000   0.00000000
 -0.00809959   0.00196848    -0.00000000   0.00000000     0.02711171   0.00000000
    2    3
 -0.00208351   0.00442491     0.00000000  -0.00000000     0.00845047  -0.00818991
  0.00000000  -0.00000000     0.01342284  -0.00080833     0.00000000   0.00000000
  0.00845047  -0.00818991     0.00000000   0.00000000    -0.01346299   0.01010860
    2    4
  0.00283239  -0.00134998     0.00212678   0.00232518    -0.00183448   0.00074593
  0.01565540  -0.00036873     0.00017237  -0.00143608    -0.01483742  -0.00040517
 -0.00225823   0.00049250    -0.00172290  -0.00177583     0.00114134  -0.00170178
    2    5
 -0.00283239   0.00134998     0.00212678   0.00232518     0.00183448  -0.00074593
  0.01565540  -0.00036873    -0.00017237   0.00143608    -0.01483742  -0.00040517
  0.00225823  -0.00049250    -0.00172290  -0.00177583    -0.00114134   0.00170178
    2    6
  0.00405688  -0.00413622     0.00000000  -0.00000000    -0.00343723   0.00742409
 -0.00000000   0.00000000    -0.01494295  -0.00099387     0.00000000  -0.00000000
 -0.01871992   0.01621681    -0.00000000   0.00000000     0.00405688  -0.00413622
    2    7
 -0.01429980  -0.00223597     0.00000000   0.00000000     0.00585877  -0.00000000
  0.00000000   0.00000000    -0.01257379   0.00000000     0.00000000  -0.00000000
  0.01836882  -0.00000000     0.00000000  -0.00000000    -0.01429980   0.00223597
    3    1
 -0.01002478   0.01032856    -0.00000000  -0.00000000     0.00251030   0.01794056
  0.00000000  -0.00000000     0.00148444   0.00221068    -0.00000000   0.00000000
 -0.00499484  -0.01545343    -0.00000000   0.00000000     0.01180726  -0.01091029
    3    2
 -0.00208351  -0.00442491     0.00000000   0.00000000     0.00845047   0.00818991
  0.00000000   0.00000000     0.01342284   0.00080833     0.00000000  -0.00000000
  0.00845047   0.00818991     0.00000000  -0.00000000    -0.01346299  -0.01010860
    3    3
  0.01283251   0.00000000    -0.00000000  -0.00000000    -0.00809959   0.00196848
  0.00000000   0.00000000     0.01619450   0.00000000    -0.00000000  -0.00000000
 -0.00809959  -0.00196848    -0.00000000   0.00000000     0.02711171   0.00000000
    3    4
 -0.00283239  -0.00134998     0.00212678  -0.00232518     0.00183448   0.00074593
  0.01565540   0.00036873    -0.00017237  -0.00143608    -0.01483742   0.00040517
  0.00225823   0.00049250    -0.00172290   0.00177583    -0.00114134  -0.00170178
    3    5
  0.00283239   0.00134998     0.00212678  -0.00232518    -0.00183448  -0.00074593
  0.01565540   0.00036873     0.00017237   0.00143608    -0.01483742   0.00040517
 -0.00225823  -0.00049250    -0.00172290   0.00177583     0.00114134   0.00170178
    3    6
 -0.01429980   0.00223597     0.00000000  -0.00000000     0.00585877  -0.00000000
  0.00000000  -0.00000000    -0.01257379   0.00000000     0.00000000   0.00000000
  0.01836882  -0.00000000     0.00000000   0.00000000    -0.01429980  -0.00223597
    3    7
  0.00405688   0.00413622     0.00000000   0.00000000    -0.00343723  -0.00742409
 -0.00000000  -0.00000000    -0.01494295   0.00099387     0.00000000   0.00000000
 -0.01871992  -0.01621681    -0.00000000  -0.00000000     0.00405688   0.00413622
    4    1
 -0.00321875  -0.00777075     0.00039301  -0.00016279    -0.00077093  -0.00186120
 -0.00600779   0.00248851     0.00000000   0.00000000    -0.00600779   0.00248851
  0.00077093   0.00186120     0.00039301  -0.00016279     0.00321875   0.00777075
    4    2
  0.00283239   0.00134998     0.01565540   0.00036873    -0.00225823  -0.00049250
  0.00212678  -0.00232518     0.00017237   0.00143608    -0.00172290   0.00177583
 -0.00183448  -0.00074593    -0.01483742   0.00040517     0.00114134   0.00170178
    4    3
 -0.00283239   0.00134998     0.01565540  -0.00036873     0.00225823  -0.00049250
  0.00212678   0.00232518    -0.00017237   0.00143608    -0.00172290  -0.00177583
  0.00183448  -0.00074593    -0.01483742  -0.00040517    -0.00114134   0.00170178
    4    4
  0.01996620   0.00000000     0.00000000  -0.00070322    -0.01687413   0.00000000
  0.00000000   0.00070322     0.00228619  -0.00000000    -0.00000000  -0.00070322
 -0.01687413  -0.00000000    -0.00000000   0.00070322     0.01996620  -0.00000000
    4    5
  0.01383619   0.00000000     0.00000000   0.00273795    -0.01539070  -0.00000000
  0.00000000   0.00273795     0.00071172   0.00000000    -0.00000000  -0.00273795
 -0.01539070  -0.00000000    -0.00000000  -0.00273795     0.01383619   0.00000000
    4    6
  0.00114134  -0.00170178    -0.01483742  -0.00040517    -0.00183448   0.00074593
 -0.00172290  -0.00177583     0.00017237  -0.00143608     0.00212678   0.00232518
 -0.00225823   0.00049250     0.01565540  -0.00036873     0.00283239  -0.00134998
    4    7
 -0.00114134  -0.00170178    -0.01483742   0.00040517     0.00183448   0.00074593
 -0.00172290   0.00177583    -0.00017237  -0.00143608     0.00212678  -0.00232518
  0.00225823   0.00049250     0.01565540   0.00036873    -0.00283239  -0.00134998
    5    1
  0.00321875   0.00777075     0.00039301  -0.00016279     0.00077093   0.00186120
 -0.00600779   0.00248851     0.00000000   0.00000000    -0.00600779   0.00248851
 -0.00077093  -0.00186120     0.00039301  -0.00016279    -0.00321875  -0.00777075
    5    2
 -0.00283239  -0.00134998     0.01565540   0.00036873     0.00225823   0.00049250
  0.00212678  -0.00232518    -0.00017237  -0.00143608    -0.00172290   0.00177583
  0.00183448   0.00074593    -0.01483742   0.00040517    -0.00114134  -0.00170178
    5    3
  0.00283239  -0.00134998     0.01565540  -0.00036873    -0.00225823   0.00049250
  0.00212678   0.00232518     0.00017237  -0.00143608    -0.00172290  -0.00177583
 -0.00183448   0.00074593    -0.01483742  -0.00040517     0.00114134  -0.00170178
    5    4
  0.01383619  -0.00000000     0.00000000  -0.00273795    -0.01539070   0.00000000
  0.00000000  -0.00273795     0.00071172  -0.00000000    -0.00000000   0.00273795
 -0.01539070   0.00000000    -0.00000000   0.00273795     0.01383619  -0.00000000
    5    5
  0.01996620  -0.00000000     0.00000000   0.00070322    -0.01687413  -0.00000000
  0.00000000  -0.00070322     0.00228619   0.00000000     0.00000000   0.00070322
 -0.01687413   0.00000000    -0.00000000  -0.00070322     0.01996620  -0.00000000
    5    6
 -0.00114134   0.00170178    -0.01483742  -0.00040517     0.00183448  -0.00074593
 -0.00172290  -0.00177583    -0.00017237   0.00143608     0.00212678   0.00232518
  0.00225823  -0.00049250     0.01565540  -0.00036873    -0.00283239   0.00134998
    5    7
  0.00114134   0.00170178    -0.01483742   0.00040517    -0.00183448  -0.00074593
 -0.00172290   0.00177583     0.00017237   0.00143608     0.00212678  -0.00232518
 -0.00225823  -0.00049250     0.01565540   0.00036873     0.00283239   0.00134998
    6    1
  0.01180726  -0.01091029    -0.00000000   0.00000000    -0.00499484  -0.01545343
 -0.00000000   0.00000000     0.00148444   0.00221068     0.00000000  -0.00000000
  0.00251030   0.01794056     0.00000000  -0.00000000    -0.01002478   0.01032856
    6    2
  0.00405688   0.00413622    -0.00000000  -0.00000000    -0.01871992  -0.01621681
  0.00000000   0.00000000    -0.01494295   0.00099387    -0.00000000  -0.00000000
 -0.00343723  -0.00742409     0.00000000   0.00000000     0.00405688   0.00413622
    6    3
 -0.01429980  -0.00223597     0.00000000   0.00000000     0.01836882   0.00000000
  0.00000000   0.00000000    -0.01257379  -0.00000000     0.00000000  -0.00000000
  0.00585877   0.00000000     0.00000000  -0.00000000    -0.01429980   0.00223597
    6    4
  0.00114134   0.00170178    -0.00172290   0.00177583    -0.00225823  -0.00049250
 -0.01483742   0.00040517     0.00017237   0.00143608     0.01565540   0.00036873
 -0.00183448  -0.00074593     0.00212678  -0.00232518     0.00283239   0.00134998
    6    5
 -0.00114134  -0.00170178    -0.00172290   0.00177583     0.00225823   0.00049250
 -0.01483742   0.00040517    -0.00017237  -0.00143608     0.01565540   0.00036873
  0.00183448   0.00074593     0.00212678  -0.00232518    -0.00283239  -0.00134998
    6    6
  0.02711171  -0.00000000    -0.00000000  -0.00000000    -0.00809959  -0.00196848
  0.00000000  -0.00000000     0.01619450   0.00000000    -0.00000000   0.00000000
 -0.00809959   0.00196848    -0.00000000  -0.00000000     0.01283251   0.00000000
    6    7
 -0.01346299  -0.01010860     0.00000000  -0.00000000     0.00845047   0.00818991
  0.00000000  -0.00000000     0.01342284   0.00080833     0.00000000   0.00000000
  0.00845047   0.00818991     0.00000000   0.00000000    -0.00208351  -0.00442491
    7    1
  0.01606374  -0.00063425    -0.00000000   0.00000000     0.00739535   0.01445911
  0.00000000   0.00000000    -0.00051353  -0.00261285    -0.00000000  -0.00000000
 -0.01091085  -0.01446094     0.00000000   0.00000000    -0.01439198  -0.00021480
    7    2
 -0.01429980   0.00223597     0.00000000  -0.00000000     0.01836882   0.00000000
  0.00000000  -0.00000000    -0.01257379  -0.00000000     0.00000000   0.00000000
  0.00585877   0.00000000     0.00000000   0.00000000    -0.01429980  -0.00223597
    7    3
  0.00405688  -0.00413622    -0.00000000   0.00000000    -0.01871992   0.01621681
  0.00000000  -0.00000000    -0.01494295  -0.00099387    -0.00000000   0.00000000
 -0.00343723   0.00742409     0.00000000  -0.00000000     0.00405688  -0.00413622
    7    4
 -0.00114134   0.00170178    -0.00172290  -0.00177583     0.00225823  -0.00049250
 -0.01483742  -0.00040517    -0.00017237   0.00143608     0.01565540  -0.00036873
  0.00183448  -0.00074593     0.00212678   0.00232518    -0.00283239   0.00134998
    7    5
  0.00114134  -0.00170178    -0.00172290  -0.00177583    -0.00225823   0.00049250
 -0.01483742  -0.00040517     0.00017237  -0.00143608     0.01565540  -0.00036873
 -0.00183448   0.00074593     0.00212678   0.00232518     0.00283239  -0.00134998
    7    6
 -0.01346299   0.01010860     0.00000000   0.00000000     0.00845047  -0.00818991
  0.00000000   0.00000000     0.01342284  -0.00080833     0.00000000  -0.00000000
  0.00845047  -0.00818991     0.00000000  -0.00000000    -0.00208351   0.00442491
    7    7
  0.02711171  -0.00000000    -0.00000000  -0.00000000    -0.00809959   0.00196848
  0.00000000   0.00000000     0.01619450  -0.00000000    -0.00000000  -0.00000000
 -0.00809959  -0.00196848    -0.00000000   0.00000000     0.01283251  -0.00000000

     Dynamical  Matrix in cartesian axes

     q = (   -0.324759500   0.866025400  -0.324759500 ) 

    1    1
  0.08738702   0.00000000     0.00000000  -0.00000000    -0.02686982   0.00000000
  0.00000000  -0.00000000     0.00613597   0.00000000    -0.00000000  -0.00000000
 -0.02686982   0.00000000    -0.00000000  -0.00000000     0.08738702   0.00000000
    1    2
 -0.01439198  -0.00021480    -0.00000000   0.00000000     0.00739535   0.01445911
  0.00000000   0.00000000    -0.00051353  -0.00261285    -0.00000000  -0.00000000
 -0.01091085  -0.01446094    -0.00000000   0.00000000     0.01606374  -0.00063425
    1    3
 -0.01002478   0.01032856    -0.00000000  -0.00000000    -0.00499484  -0.01545343
 -0.00000000   0.00000000     0.00148444   0.00221068     0.00000000  -0.00000000
  0.00251030   0.01794056     0.00000000   0.00000000     0.01180726  -0.01091029
    1    4
 -0.00321875  -0.00777075    -0.00600779   0.00248851     0.00077093   0.00186120
  0.00039301  -0.00016279     0.00000000   0.00000000     0.00039301  -0.00016279
 -0.00077093  -0.00186120    -0.00600779   0.00248851     0.00321875   0.00777075
    1    5
  0.00321875   0.00777075    -0.00600779   0.00248851    -0.00077093  -0.00186120
  0.00039301  -0.00016279     0.00000000   0.00000000     0.00039301  -0.00016279
  0.00077093   0.00186120    -0.00600779   0.00248851    -0.00321875  -0.00777075
    1    6
  0.01180726  -0.01091029     0.00000000   0.00000000     0.00251030   0.01794056
  0.00000000  -0.00000000     0.00148444   0.00221068    -0.00000000   0.00000000
 -0.00499484  -0.01545343    -0.00000000  -0.00000000    -0.01002478   0.01032856
    1    7
  0.01606374  -0.00063425     0.00000000   0.00000000    -0.01091085  -0.01446094
 -0.00000000  -0.00000000    -0.00051353  -0.00261285     0.00000000  -0.00000000
