  4.500000000000000E-002   1.25986529217407        2.41685017272211     
           2

     Dynamical  Matrix in cartesian axes

     q = (    0.433012700   0.433012700   0.433012700 ) 

    1    1
  0.06386615   0.00000000    -0.00000000   0.00000000     0.00000000   0.00000000
 -0.00000000   0.00000000     0.06386615   0.00000000     0.00000000   0.00000000
  0.00000000   0.00000000     0.00000000   0.00000000     0.06386615   0.00000000
    1    2
 -0.00000000  -0.00000000     0.00000000  -0.00841877    -0.00841877  -0.00000000
 -0.00000000   0.00706079    -0.00000000   0.00000000     0.00000000   0.00000000
  0.00706079   0.00000000     0.00000000  -0.00000000    -0.00000000   0.00000000
    1    3
  0.00000000  -0.00000000    -0.00841877  -0.00000000     0.00000000  -0.00841877
  0.00706079   0.00000000     0.00000000   0.00000000     0.00000000   0.00000000
 -0.00000000   0.00706079     0.00000000  -0.00000000    -0.00000000   0.00000000
    1    4
 -0.00000000   0.00000000     0.00706079   0.00000000     0.00000000  -0.00000000
 -0.00841877  -0.00000000     0.00000000  -0.00000000     0.00000000  -0.00841877
  0.00000000   0.00000000    -0.00000000   0.00706079     0.00000000   0.00000000
    1    5
 -0.00000000   0.00000000    -0.00000000   0.00706079     0.00000000   0.00000000
  0.00000000  -0.00841877    -0.00000000  -0.00000000    -0.00841877  -0.00000000
  0.00000000  -0.00000000     0.00706079   0.00000000     0.00000000   0.00000000
    1    6
  0.00000000   0.00000000     0.00000000  -0.00000000    -0.00000000   0.00706079
  0.00000000   0.00000000    -0.00000000   0.00000000     0.00706079   0.00000000
  0.00000000  -0.00841877    -0.00841877  -0.00000000    -0.00000000  -0.00000000
    1    7
  0.00000000   0.00000000     0.00000000   0.00000000     0.00706079   0.00000000
  0.00000000  -0.00000000    -0.00000000   0.00000000    -0.00000000   0.00706079
 -0.00841877  -0.00000000     0.00000000  -0.00841877    -0.00000000  -0.00000000
    2    1
 -0.00000000   0.00000000    -0.00000000  -0.00706079     0.00706079  -0.00000000
  0.00000000   0.00841877     0.00000000  -0.00000000     0.00000000  -0.00000000
 -0.00841877   0.00000000     0.00000000   0.00000000    -0.00000000  -0.00000000
    2    2
  0.06449901  -0.00000000    -0.00000000   0.00000000    -0.00000000   0.00000000
 -0.00000000  -0.00000000     0.05853710   0.00000000     0.00000000   0.00210346
 -0.00000000  -0.00000000    -0.00000000  -0.00210346     0.05853710   0.00000000
    2    3
 -0.00000000   0.00000000     0.00000000   0.00000000     0.00000000  -0.00000000
  0.00000000   0.00000000     0.00000000   0.02626619    -0.00725970   0.00000000
  0.00000000  -0.00000000    -0.00725970   0.00000000    -0.00000000  -0.02626619
    2    4
  0.00000000   0.01567306     0.00000000   0.02815060    -0.00773719  -0.00000000
 -0.00000000   0.04062036     0.00000000   0.01567306    -0.00944390   0.00000000
 -0.00944390   0.00000000    -0.00773719  -0.00000000    -0.00000000   0.01457922
    2    5
 -0.01567306  -0.00000000     0.02815060  -0.00000000    -0.00000000   0.00773719
  0.04062036   0.00000000    -0.01567306   0.00000000     0.00000000  -0.00944390
 -0.00000000   0.00944390    -0.00000000  -0.00773719    -0.01457922   0.00000000
    2    6
  0.00000000  -0.01567306    -0.00773719   0.00000000     0.00000000  -0.02815060
 -0.00944390  -0.00000000    -0.00000000  -0.01457922    -0.00773719   0.00000000
 -0.00000000  -0.04062036    -0.00944390  -0.00000000     0.00000000  -0.01567306
    2    7
 -0.01567306   0.00000000    -0.00000000  -0.00773719     0.02815060   0.00000000
  0.00000000  -0.00944390    -0.01457922   0.00000000    -0.00000000   0.00773719
  0.04062036  -0.00000000    -0.00000000   0.00944390    -0.01567306  -0.00000000
    3    1
  0.00000000   0.00000000     0.00706079  -0.00000000    -0.00000000  -0.00706079
 -0.00841877   0.00000000     0.00000000  -0.00000000     0.00000000  -0.00000000
  0.00000000   0.00841877     0.00000000   0.00000000    -0.00000000  -0.00000000
    3    2
 -0.00000000  -0.00000000     0.00000000  -0.00000000     0.00000000   0.00000000
  0.00000000  -0.00000000     0.00000000  -0.02626619    -0.00725970  -0.00000000
  0.00000000   0.00000000    -0.00725970  -0.00000000    -0.00000000   0.02626619
    3    3
  0.06449901   0.00000000    -0.00000000  -0.00000000    -0.00000000  -0.00000000
 -0.00000000   0.00000000     0.05853710  -0.00000000     0.00000000  -0.00210346
 -0.00000000   0.00000000    -0.00000000   0.00210346     0.05853710   0.00000000
    3    4
 -0.01567306   0.00000000     0.02815060  -0.00000000    -0.00000000  -0.00773719
  0.04062036  -0.00000000    -0.01567306   0.00000000     0.00000000   0.00944390
 -0.00000000  -0.00944390    -0.00000000   0.00773719    -0.01457922   0.00000000
    3    5
  0.00000000  -0.01567306     0.00000000  -0.02815060    -0.00773719   0.00000000
 -0.00000000  -0.04062036     0.00000000  -0.01567306    -0.00944390  -0.00000000
 -0.00944390  -0.00000000    -0.00773719   0.00000000    -0.00000000  -0.01457922
    3    6
 -0.01567306   0.00000000    -0.00000000   0.00773719     0.02815060   0.00000000
  0.00000000   0.00944390    -0.01457922   0.00000000    -0.00000000  -0.00773719
  0.04062036   0.00000000     0.00000000  -0.00944390    -0.01567306  -0.00000000
    3    7
  0.00000000   0.01567306    -0.00773719  -0.00000000     0.00000000   0.02815060
 -0.00944390   0.00000000    -0.00000000   0.01457922    -0.00773719  -0.00000000
 -0.00000000   0.04062036    -0.00944390   0.00000000     0.00000000   0.01567306
    4    1
 -0.00000000  -0.00000000    -0.00841877   0.00000000     0.00000000   0.00000000
  0.00706079  -0.00000000     0.00000000   0.00000000    -0.00000000  -0.00706079
  0.00000000  -0.00000000     0.00000000   0.00841877     0.00000000  -0.00000000
    4    2
  0.00000000  -0.01567306    -0.00000000  -0.04062036    -0.00944390  -0.00000000
  0.00000000  -0.02815060     0.00000000  -0.01567306    -0.00773719   0.00000000
 -0.00773719   0.00000000    -0.00944390  -0.00000000    -0.00000000  -0.01457922
    4    3
 -0.01567306  -0.00000000     0.04062036   0.00000000    -0.00000000   0.00944390
  0.02815060   0.00000000    -0.01567306  -0.00000000     0.00000000  -0.00773719
 -0.00000000   0.00773719     0.00000000  -0.00944390    -0.01457922  -0.00000000
    4    4
  0.05853710   0.00000000    -0.00000000   0.00000000    -0.00000000  -0.00210346
 -0.00000000  -0.00000000     0.06449901   0.00000000    -0.00000000  -0.00000000
 -0.00000000   0.00210346    -0.00000000   0.00000000     0.05853710   0.00000000
    4    5
  0.00000000  -0.02626619     0.00000000  -0.00000000    -0.00725970  -0.00000000
  0.00000000  -0.00000000    -0.00000000  -0.00000000     0.00000000   0.00000000
 -0.00725970  -0.00000000     0.00000000   0.00000000    -0.00000000   0.02626619
    4    6
 -0.00000000   0.01457922    -0.00944390   0.00000000    -0.00773719  -0.00000000
 -0.00773719  -0.00000000     0.00000000   0.01567306     0.00000000   0.02815060
 -0.00944390   0.00000000    -0.00000000   0.04062036     0.00000000   0.01567306
    4    7
 -0.01457922  -0.00000000    -0.00000000   0.00944390     0.00000000  -0.00773719
 -0.00000000   0.00773719    -0.01567306  -0.00000000     0.02815060   0.00000000
  0.00000000  -0.00944390     0.04062036   0.00000000    -0.01567306  -0.00000000
    5    1
 -0.00000000  -0.00000000     0.00000000   0.00841877     0.00000000   0.00000000
 -0.00000000  -0.00706079     0.00000000   0.00000000     0.00706079  -0.00000000
  0.00000000   0.00000000    -0.00841877   0.00000000     0.00000000  -0.00000000
    5    2
 -0.01567306   0.00000000     0.04062036   0.00000000    -0.00000000  -0.00944390
  0.02815060  -0.00000000    -0.01567306  -0.00000000    -0.00000000   0.00773719
 -0.00000000  -0.00773719    -0.00000000   0.00944390    -0.01457922   0.00000000
    5    3
  0.00000000   0.01567306    -0.00000000   0.04062036    -0.00944390   0.00000000
  0.00000000   0.02815060     0.00000000   0.01567306    -0.00773719  -0.00000000
 -0.00773719  -0.00000000    -0.00944390   0.00000000    -0.00000000   0.01457922
    5    4
  0.00000000   0.02626619     0.00000000   0.00000000    -0.00725970   0.00000000
  0.00000000   0.00000000    -0.00000000   0.00000000     0.00000000  -0.00000000
 -0.00725970   0.00000000     0.00000000  -0.00000000    -0.00000000  -0.02626619
    5    5
  0.05853710   0.00000000    -0.00000000  -0.00000000    -0.00000000   0.00210346
 -0.00000000   0.00000000     0.06449901   0.00000000    -0.00000000   0.00000000
 -0.00000000  -0.00210346    -0.00000000  -0.00000000     0.05853710   0.00000000
    5    6
 -0.01457922  -0.00000000    -0.00000000  -0.00944390    -0.00000000   0.00773719
 -0.00000000  -0.00773719    -0.01567306   0.00000000     0.02815060  -0.00000000
  0.00000000   0.00944390     0.04062036  -0.00000000    -0.01567306   0.00000000
    5    7
 -0.00000000  -0.01457922    -0.00944390  -0.00000000    -0.00773719   0.00000000
 -0.00773719   0.00000000     0.00000000  -0.01567306     0.00000000  -0.02815060
 -0.00944390  -0.00000000    -0.00000000  -0.04062036     0.00000000  -0.01567306
    6    1
  0.00000000  -0.00000000     0.00000000   0.00000000     0.00000000   0.00841877
  0.00000000   0.00000000    -0.00000000  -0.00000000    -0.00841877   0.00000000
 -0.00000000  -0.00706079     0.00706079  -0.00000000    -0.00000000   0.00000000
    6    2
  0.00000000   0.01567306    -0.00944390   0.00000000    -0.00000000   0.04062036
 -0.00773719  -0.00000000    -0.00000000   0.01457922    -0.00944390   0.00000000
  0.00000000   0.02815060    -0.00773719  -0.00000000     0.00000000   0.01567306
    6    3
 -0.01567306   0.00000000    -0.00000000  -0.00944390     0.04062036  -0.00000000
 -0.00000000  -0.00773719    -0.01457922   0.00000000     0.00000000   0.00944390
  0.02815060  -0.00000000    -0.00000000   0.00773719    -0.01567306   0.00000000
    6    4
 -0.00000000  -0.01457922    -0.00773719   0.00000000    -0.00944390  -0.00000000
 -0.00944390  -0.00000000     0.00000000  -0.01567306    -0.00000000  -0.04062036
 -0.00773719   0.00000000     0.00000000  -0.02815060     0.00000000  -0.01567306
    6    5
 -0.01457922  -0.00000000    -0.00000000   0.00773719    -0.00000000  -0.00944390
 -0.00000000   0.00944390    -0.01567306  -0.00000000     0.04062036   0.00000000
 -0.00000000  -0.00773719     0.02815060  -0.00000000    -0.01567306  -0.00000000
    6    6
  0.05853710   0.00000000     0.00000000   0.00210346    -0.00000000  -0.00000000
  0.00000000  -0.00210346     0.05853710  -0.00000000    -0.00000000  -0.00000000
 -0.00000000   0.00000000    -0.00000000   0.00000000     0.06449901   0.00000000
    6    7
  0.00000000   0.02626619    -0.00725970  -0.00000000     0.00000000   0.00000000
 -0.00725970  -0.00000000     0.00000000  -0.02626619     0.00000000  -0.00000000
  0.00000000   0.00000000     0.00000000  -0.00000000     0.00000000   0.00000000
    7    1
  0.00000000  -0.00000000     0.00000000  -0.00000000    -0.00841877   0.00000000
  0.00000000   0.00000000    -0.00000000  -0.00000000     0.00000000   0.00841877
  0.00706079  -0.00000000    -0.00000000  -0.00706079     0.00000000   0.00000000
    7    2
 -0.01567306   0.00000000     0.00000000   0.00944390     0.04062036   0.00000000
 -0.00000000   0.00773719    -0.01457922   0.00000000    -0.00000000  -0.00944390
  0.02815060  -0.00000000    -0.00000000  -0.00773719    -0.01567306  -0.00000000
    7    3
  0.00000000  -0.01567306    -0.00944390  -0.00000000    -0.00000000  -0.04062036
 -0.00773719   0.00000000    -0.00000000  -0.01457922    -0.00944390  -0.00000000
  0.00000000  -0.02815060    -0.00773719   0.00000000     0.00000000  -0.01567306
    7    4
 -0.01457922   0.00000000    -0.00000000  -0.00773719     0.00000000   0.00944390
 -0.00000000  -0.00944390    -0.01567306   0.00000000     0.04062036  -0.00000000
 -0.00000000   0.00773719     0.02815060  -0.00000000    -0.01567306   0.00000000
    7    5
 -0.00000000   0.01457922    -0.00773719  -0.00000000    -0.00944390   0.00000000
 -0.00944390   0.00000000     0.00000000   0.01567306    -0.00000000   0.04062036
 -0.00773719  -0.00000000     0.00000000   0.02815060     0.00000000   0.01567306
    7    6
  0.00000000  -0.02626619    -0.00725970   0.00000000     0.00000000  -0.00000000
 -0.00725970   0.00000000     0.00000000   0.02626619     0.00000000   0.00000000
  0.00000000  -0.00000000     0.00000000   0.00000000     0.00000000  -0.00000000
    7    7
  0.05853710   0.00000000     0.00000000  -0.00210346    -0.00000000   0.00000000
  0.00000000   0.00210346     0.05853710   0.00000000    -0.00000000   0.00000000
 -0.00000000  -0.00000000    -0.00000000  -0.00000000     0.06449901   0.00000000

     Dynamical  Matrix in cartesian axes

     q = (   -0.433012700  -0.433012700  -0.433012700 ) 

    1    1
  0.06386615   0.00000000     0.00000000   0.00000000    -0.00000000   0.00000000
  0.00000000   0.00000000     0.06386615   0.00000000    -0.00000000   0.00000000
 -0.00000000   0.00000000    -0.00000000   0.00000000     0.06386615   0.00000000
    1    2
 -0.00000000  -0.00000000     0.00000000   0.00841877    -0.00841877   0.00000000
 -0.00000000  -0.00706079     0.00000000  -0.00000000    -0.00000000  -0.00000000
  0.00706079  -0.00000000     0.00000000  -0.00000000     0.00000000  -0.00000000
    1    3
 -0.00000000  -0.00000000    -0.00841877   0.00000000     0.00000000   0.00841877
  0.00706079  -0.00000000     0.00000000   0.00000000     0.00000000  -0.00000000
 -0.00000000  -0.00706079     0.00000000  -0.00000000     0.00000000   0.00000000
    1    4
  0.00000000   0.00000000     0.00706079   0.00000000     0.00000000  -0.00000000
 -0.00841877  -0.00000000    -0.00000000   0.00000000    -0.00000000   0.00841877
 -0.00000000  -0.00000000     0.00000000  -0.00706079     0.00000000  -0.00000000
    1    5
  0.00000000  -0.00000000    -0.00000000  -0.00706079    -0.00000000  -0.00000000
  0.00000000   0.00841877    -0.00000000   0.00000000    -0.00841877   0.00000000
 -0.00000000  -0.00000000     0.00706079  -0.00000000     0.00000000   0.00000000
    1    6
  0.00000000  -0.00000000     0.00000000  -0.00000000    -0.00000000  -0.00706079
 -0.00000000  -0.00000000     0.00000000  -0.00000000     0.00706079  -0.00000000
  0.00000000   0.00841877    -0.00841877   0.00000000    -0.00000000   0.00000000
    1    7
  0.00000000   0.00000000    -0.00000000  -0.00000000     0.00706079  -0.00000000
  0.00000000  -0.00000000     0.00000000  -0.00000000    -0.00000000  -0.00706079
 -0.00841877   0.00000000     0.00000000   0.00841877    -0.00000000  -0.00000000
    2    1
 -0.00000000   0.00000000    -0.00000000   0.00706079     0.00706079   0.00000000
  0.00000000  -0.00841877     0.00000000   0.00000000     0.00000000   0.00000000
 -0.00841877  -0.00000000    -0.00000000   0.00000000     0.00000000   0.00000000
    2    2
  0.06449901   0.00000000    -0.00000000  -0.00000000    -0.00000000   0.00000000
 -0.00000000   0.00000000     0.05853710   0.00000000    -0.00000000  -0.00210346
 -0.00000000   0.00000000    -0.00000000   0.00210346     0.05853710   0.00000000
    2    3
  0.00000000  -0.00000000     0.00000000  -0.00000000     0.00000000   0.00000000
  0.00000000  -0.00000000     0.00000000  -0.02626619    -0.00725970   0.00000000
  0.00000000   0.00000000    -0.00725970  -0.00000000    -0.00000000   0.02626619
    2    4
  0.00000000  -0.01567306     0.00000000  -0.02815060    -0.00773719   0.00000000
 -0.00000000  -0.04062036     0.00000000  -0.01567306    -0.00944390  -0.00000000
 -0.00944390  -0.00000000    -0.00773719   0.00000000    -0.00000000  -0.01457922
    2    5
 -0.01567306   0.00000000     0.02815060  -0.00000000    -0.00000000  -0.00773719
  0.04062036  -0.00000000    -0.01567306  -0.00000000    -0.00000000   0.00944390
 -0.00000000  -0.00944390    -0.00000000   0.00773719    -0.01457922   0.00000000
    2    6
  0.00000000   0.01567306    -0.00773719  -0.00000000     0.00000000   0.02815060
 -0.00944390   0.00000000    -0.00000000   0.01457922    -0.00773719  -0.00000000
 -0.00000000   0.04062036    -0.00944390   0.00000000     0.00000000   0.01567306
    2    7
 -0.01567306   0.00000000     0.00000000   0.00773719     0.02815060   0.00000000
  0.00000000   0.00944390    -0.01457922  -0.00000000     0.00000000  -0.00773719
  0.04062036   0.00000000     0.00000000  -0.00944390    -0.01567306  -0.00000000
    3    1
 -0.00000000   0.00000000     0.00706079   0.00000000    -0.00000000   0.00706079
 -0.00841877   0.00000000     0.00000000   0.00000000     0.00000000   0.00000000
  0.00000000  -0.00841877     0.00000000   0.00000000     0.00000000  -0.00000000
    3    2
  0.00000000   0.00000000     0.00000000   0.00000000     0.00000000  -0.00000000
  0.00000000   0.00000000     0.00000000   0.02626619    -0.00725970  -0.00000000
  0.00000000  -0.00000000    -0.00725970   0.00000000    -0.00000000  -0.02626619
    3    3
  0.06449901  -0.00000000    -0.00000000   0.00000000    -0.00000000  -0.00000000
 -0.00000000  -0.00000000     0.05853710  -0.00000000    -0.00000000   0.00210346
 -0.00000000  -0.00000000    -0.00000000  -0.00210346     0.05853710   0.00000000
    3    4
 -0.01567306  -0.00000000     0.02815060   0.00000000    -0.00000000   0.00773719
  0.04062036   0.00000000    -0.01567306  -0.00000000     0.00000000  -0.00944390
 -0.00000000   0.00944390     0.00000000  -0.00773719    -0.01457922  -0.00000000
    3    5
  0.00000000   0.01567306     0.00000000   0.02815060    -0.00773719  -0.00000000
 -0.00000000   0.04062036     0.00000000   0.01567306    -0.00944390   0.00000000
 -0.00944390   0.00000000    -0.00773719  -0.00000000    -0.00000000   0.01457922
    3    6
 -0.01567306   0.00000000     0.00000000  -0.00773719     0.02815060  -0.00000000
  0.00000000  -0.00944390    -0.01457922   0.00000000     0.00000000   0.00773719
  0.04062036  -0.00000000     0.00000000   0.00944390    -0.01567306   0.00000000
    3    7
  0.00000000  -0.01567306    -0.00773719   0.00000000     0.00000000  -0.02815060
 -0.00944390  -0.00000000    -0.00000000  -0.01457922    -0.00773719   0.00000000
 -0.00000000  -0.04062036    -0.00944390  -0.00000000     0.00000000  -0.01567306
    4    1
  0.00000000  -0.00000000    -0.00841877   0.00000000     0.00000000   0.00000000
  0.00706079  -0.00000000    -0.00000000  -0.00000000     0.00000000   0.00706079
  0.00000000   0.00000000     0.00000000  -0.00841877     0.00000000  -0.00000000
    4    2
  0.00000000   0.01567306    -0.00000000   0.04062036    -0.00944390   0.00000000
  0.00000000   0.02815060     0.00000000   0.01567306    -0.00773719  -0.00000000
 -0.00773719  -0.00000000    -0.00944390   0.00000000    -0.00000000   0.01457922
    4    3
 -0.01567306   0.00000000     0.04062036  -0.00000000    -0.00000000  -0.00944390
  0.02815060  -0.00000000    -0.01567306   0.00000000    -0.00000000   0.00773719
 -0.00000000  -0.00773719    -0.00000000   0.00944390    -0.01457922   0.00000000
    4    4
  0.05853710   0.00000000    -0.00000000  -0.00000000    -0.00000000   0.00210346
 -0.00000000   0.00000000     0.06449901   0.00000000    -0.00000000   0.00000000
 -0.00000000  -0.00210346    -0.00000000   0.00000000     0.05853710   0.00000000
    4    5
  0.00000000   0.02626619     0.00000000   0.00000000    -0.00725970   0.00000000
  0.00000000   0.00000000    -0.00000000  -0.00000000     0.00000000  -0.00000000
 -0.00725970   0.00000000     0.00000000  -0.00000000    -0.00000000  -0.02626619
    4    6
 -0.00000000  -0.01457922    -0.00944390  -0.00000000    -0.00773719   0.00000000
 -0.00773719   0.00000000     0.00000000  -0.01567306     0.00000000  -0.02815060
 -0.00944390  -0.00000000    -0.00000000  -0.04062036     0.00000000  -0.01567306
    4    7
 -0.01457922   0.00000000    -0.00000000  -0.00944390     0.00000000   0.00773719
 -0.00000000  -0.00773719    -0.01567306   0.00000000     0.02815060  -0.00000000
  0.00000000   0.00944390     0.04062036  -0.00000000    -0.01567306   0.00000000
    5    1
  0.00000000   0.00000000     0.00000000  -0.00841877    -0.00000000   0.00000000
 -0.00000000   0.00706079    -0.00000000   0.00000000     0.00706079   0.00000000
 -0.00000000   0.00000000    -0.00841877  -0.00000000     0.00000000   0.00000000
    5    2
 -0.01567306  -0.00000000     0.04062036  -0.00000000    -0.00000000   0.00944390
  0.02815060   0.00000000    -0.01567306   0.00000000    -0.00000000  -0.00773719
 -0.00000000   0.00773719    -0.00000000  -0.00944390    -0.01457922   0.00000000
    5    3
  0.00000000  -0.01567306    -0.00000000  -0.04062036    -0.00944390  -0.00000000
  0.00000000  -0.02815060     0.00000000  -0.01567306    -0.00773719   0.00000000
 -0.00773719   0.00000000    -0.00944390  -0.00000000    -0.00000000  -0.01457922
    5    4
  0.00000000  -0.02626619     0.00000000  -0.00000000    -0.00725970  -0.00000000
  0.00000000  -0.00000000    -0.00000000   0.00000000     0.00000000   0.00000000
 -0.00725970  -0.00000000     0.00000000   0.00000000    -0.00000000   0.02626619
    5    5
  0.05853710  -0.00000000    -0.00000000   0.00000000    -0.00000000  -0.00210346
 -0.00000000  -0.00000000     0.06449901  -0.00000000    -0.00000000  -0.00000000
 -0.00000000   0.00210346    -0.00000000   0.00000000     0.05853710   0.00000000
    5    6
 -0.01457922   0.00000000    -0.00000000   0.00944390     0.00000000  -0.00773719
 -0.00000000   0.00773719    -0.01567306   0.00000000     0.02815060   0.00000000
  0.00000000  -0.00944390     0.04062036   0.00000000    -0.01567306  -0.00000000
    5    7
 -0.00000000   0.01457922    -0.00944390   0.00000000    -0.00773719  -0.00000000
 -0.00773719  -0.00000000     0.00000000   0.01567306     0.00000000   0.02815060
 -0.00944390   0.00000000    -0.00000000   0.04062036     0.00000000   0.01567306
    6    1
  0.00000000   0.00000000    -0.00000000   0.00000000     0.00000000  -0.00841877
 -0.00000000   0.00000000     0.00000000  -0.00000000    -0.00841877  -0.00000000
 -0.00000000   0.00706079     0.00706079   0.00000000    -0.00000000  -0.00000000
    6    2
  0.00000000  -0.01567306    -0.00944390  -0.00000000    -0.00000000  -0.04062036
 -0.00773719   0.00000000    -0.00000000  -0.01457922    -0.00944390  -0.00000000
  0.00000000  -0.02815060    -0.00773719   0.00000000     0.00000000  -0.01567306
    6    3
 -0.01567306  -0.00000000    -0.00000000   0.00944390     0.04062036   0.00000000
  0.00000000   0.00773719    -0.01457922   0.00000000     0.00000000  -0.00944390
  0.02815060   0.00000000     0.00000000  -0.00773719    -0.01567306  -0.00000000
    6    4
 -0.00000000   0.01457922    -0.00773719  -0.00000000    -0.00944390   0.00000000
 -0.00944390   0.00000000     0.00000000   0.01567306    -0.00000000   0.04062036
 -0.00773719  -0.00000000     0.00000000   0.02815060     0.00000000   0.01567306
    6    5
 -0.01457922   0.00000000     0.00000000  -0.00773719    -0.00000000   0.00944390
 -0.00000000  -0.00944390    -0.01567306   0.00000000     0.04062036  -0.00000000
  0.00000000   0.00773719     0.02815060  -0.00000000    -0.01567306   0.00000000
    6    6
  0.05853710   0.00000000    -0.00000000  -0.00210346    -0.00000000   0.00000000
 -0.00000000   0.00210346     0.05853710   0.00000000    -0.00000000   0.00000000
 -0.00000000  -0.00000000    -0.00000000  -0.00000000     0.06449901   0.00000000
    6    7
  0.00000000  -0.02626619    -0.00725970   0.00000000     0.00000000  -0.00000000
 -0.00725970   0.00000000    -0.00000000   0.02626619     0.00000000   0.00000000
  0.00000000  -0.00000000     0.00000000   0.00000000    -0.00000000  -0.00000000
    7    1
  0.00000000   0.00000000     0.00000000   0.00000000    -0.00841877  -0.00000000
  0.00000000   0.00000000     0.00000000   0.00000000     0.00000000  -0.00841877
  0.00706079   0.00000000    -0.00000000   0.00706079    -0.00000000   0.00000000
    7    2
 -0.01567306   0.00000000     0.00000000  -0.00944390     0.04062036  -0.00000000
  0.00000000  -0.00773719    -0.01457922   0.00000000     0.00000000   0.00944390
  0.02815060  -0.00000000     0.00000000   0.00773719    -0.01567306   0.00000000
    7    3
  0.00000000   0.01567306    -0.00944390   0.00000000    -0.00000000   0.04062036
 -0.00773719  -0.00000000    -0.00000000   0.01457922    -0.00944390   0.00000000
  0.00000000   0.02815060    -0.00773719  -0.00000000     0.00000000   0.01567306
    7    4
 -0.01457922  -0.00000000    -0.00000000   0.00773719     0.00000000  -0.00944390
 -0.00000000   0.00944390    -0.01567306  -0.00000000     0.04062036   0.00000000
  0.00000000  -0.00773719     0.02815060   0.00000000    -0.01567306  -0.00000000
    7    5
 -0.00000000  -0.01457922    -0.00773719   0.00000000    -0.00944390  -0.00000000
 -0.00944390  -0.00000000     0.00000000  -0.01567306    -0.00000000  -0.04062036
 -0.00773719   0.00000000     0.00000000  -0.02815060     0.00000000  -0.01567306
    7    6
  0.00000000   0.02626619    -0.00725970  -0.00000000     0.00000000   0.00000000
 -0.00725970  -0.00000000    -0.00000000  -0.02626619     0.00000000  -0.00000000
  0.00000000   0.00000000     0.00000000  -0.00000000    -0.00000000   0.00000000
    7    7
  0.05853710   0.00000000    -0.00000000   0.00210346    -0.00000000  -0.00000000
 -0.00000000  -0.00210346     0.05853710  -0.00000000    -0.00000000  -0.00000000
 -0.00000000   0.00000000    -0.00000000   0.00000000     0.06449901  -0.00000000
