  1.500000000000000E-002   1.26023585003145        2.23508645248256     
           2

     Dynamical  Matrix in cartesian axes

     q = (    0.433012700   0.433012700   0.433012700 ) 

    1    1
  0.05420782   0.00000000     0.00000000   0.00000000    -0.00000000   0.00000000
  0.00000000   0.00000000     0.05420782   0.00000000     0.00000000   0.00000000
  0.00000000   0.00000000    -0.00000000   0.00000000     0.05420782   0.00000000
    1    2
  0.00000000  -0.00000000     0.00000000  -0.00523293    -0.00523293  -0.00000000
  0.00000000  -0.00427225     0.00000000   0.00000000     0.00000000  -0.00000000
 -0.00427225  -0.00000000     0.00000000  -0.00000000    -0.00000000   0.00000000
    1    3
  0.00000000  -0.00000000    -0.00523293  -0.00000000     0.00000000  -0.00523293
 -0.00427225  -0.00000000     0.00000000   0.00000000     0.00000000  -0.00000000
  0.00000000  -0.00427225     0.00000000   0.00000000     0.00000000   0.00000000
    1    4
  0.00000000   0.00000000    -0.00427225  -0.00000000     0.00000000   0.00000000
 -0.00523293  -0.00000000     0.00000000  -0.00000000     0.00000000  -0.00523293
  0.00000000  -0.00000000     0.00000000  -0.00427225     0.00000000   0.00000000
    1    5
 -0.00000000   0.00000000     0.00000000  -0.00427225     0.00000000  -0.00000000
  0.00000000  -0.00523293     0.00000000  -0.00000000    -0.00523293  -0.00000000
  0.00000000  -0.00000000    -0.00427225  -0.00000000    -0.00000000   0.00000000
    1    6
  0.00000000   0.00000000     0.00000000   0.00000000     0.00000000  -0.00427225
  0.00000000   0.00000000     0.00000000   0.00000000    -0.00427225  -0.00000000
  0.00000000  -0.00523293    -0.00523293  -0.00000000     0.00000000  -0.00000000
    1    7
  0.00000000   0.00000000     0.00000000   0.00000000    -0.00427225  -0.00000000
  0.00000000   0.00000000    -0.00000000   0.00000000     0.00000000  -0.00427225
 -0.00523293  -0.00000000     0.00000000  -0.00523293     0.00000000  -0.00000000
    2    1
  0.00000000   0.00000000     0.00000000   0.00427225    -0.00427225   0.00000000
  0.00000000   0.00523293     0.00000000  -0.00000000     0.00000000   0.00000000
 -0.00523293   0.00000000     0.00000000   0.00000000    -0.00000000  -0.00000000
    2    2
  0.06616941   0.00000000     0.00000000   0.00000000    -0.00000000   0.00000000
  0.00000000  -0.00000000     0.06502503  -0.00000000    -0.00000000   0.01182690
 -0.00000000   0.00000000    -0.00000000  -0.01182690     0.06502503   0.00000000
    2    3
 -0.00000000  -0.00000000    -0.00000000   0.00000000    -0.00000000  -0.00000000
 -0.00000000   0.00000000     0.00000000   0.03225372     0.00222790   0.00000000
 -0.00000000  -0.00000000     0.00222790   0.00000000    -0.00000000  -0.03225372
    2    4
 -0.00000000   0.01543878     0.00000000   0.02877177    -0.00759128  -0.00000000
 -0.00000000   0.04614252    -0.00000000   0.01543878    -0.00206319   0.00000000
 -0.00206319   0.00000000    -0.00759128  -0.00000000    -0.00000000   0.00868975
    2    5
 -0.01543878  -0.00000000     0.02877177  -0.00000000    -0.00000000   0.00759128
  0.04614252   0.00000000    -0.01543878   0.00000000     0.00000000  -0.00206319
  0.00000000   0.00206319     0.00000000  -0.00759128    -0.00868975   0.00000000
    2    6
 -0.00000000  -0.01543878    -0.00759128   0.00000000     0.00000000  -0.02877177
 -0.00206319  -0.00000000    -0.00000000  -0.00868975    -0.00759128   0.00000000
 -0.00000000  -0.04614252    -0.00206319  -0.00000000    -0.00000000  -0.01543878
    2    7
 -0.01543878   0.00000000    -0.00000000  -0.00759128     0.02877177   0.00000000
 -0.00000000  -0.00206319    -0.00868975  -0.00000000     0.00000000   0.00759128
  0.04614252  -0.00000000     0.00000000   0.00206319    -0.01543878   0.00000000
    3    1
  0.00000000   0.00000000    -0.00427225   0.00000000     0.00000000   0.00427225
 -0.00523293   0.00000000     0.00000000  -0.00000000     0.00000000   0.00000000
  0.00000000   0.00523293     0.00000000   0.00000000     0.00000000  -0.00000000
    3    2
 -0.00000000   0.00000000    -0.00000000  -0.00000000    -0.00000000   0.00000000
 -0.00000000  -0.00000000     0.00000000  -0.03225372     0.00222790  -0.00000000
 -0.00000000   0.00000000     0.00222790  -0.00000000    -0.00000000   0.03225372
    3    3
  0.06616941  -0.00000000     0.00000000  -0.00000000    -0.00000000  -0.00000000
  0.00000000   0.00000000     0.06502503   0.00000000    -0.00000000  -0.01182690
 -0.00000000  -0.00000000    -0.00000000   0.01182690     0.06502503  -0.00000000
    3    4
 -0.01543878   0.00000000     0.02877177  -0.00000000    -0.00000000  -0.00759128
  0.04614252  -0.00000000    -0.01543878   0.00000000     0.00000000   0.00206319
  0.00000000  -0.00206319     0.00000000   0.00759128    -0.00868975   0.00000000
    3    5
 -0.00000000  -0.01543878     0.00000000  -0.02877177    -0.00759128   0.00000000
 -0.00000000  -0.04614252    -0.00000000  -0.01543878    -0.00206319  -0.00000000
 -0.00206319  -0.00000000    -0.00759128   0.00000000    -0.00000000  -0.00868975
    3    6
 -0.01543878  -0.00000000    -0.00000000   0.00759128     0.02877177   0.00000000
 -0.00000000   0.00206319    -0.00868975  -0.00000000     0.00000000  -0.00759128
  0.04614252   0.00000000     0.00000000  -0.00206319    -0.01543878  -0.00000000
    3    7
 -0.00000000   0.01543878    -0.00759128  -0.00000000     0.00000000   0.02877177
 -0.00206319   0.00000000    -0.00000000   0.00868975    -0.00759128  -0.00000000
 -0.00000000   0.04614252    -0.00206319   0.00000000    -0.00000000   0.01543878
    4    1
  0.00000000  -0.00000000    -0.00523293   0.00000000     0.00000000   0.00000000
 -0.00427225   0.00000000     0.00000000   0.00000000     0.00000000   0.00427225
  0.00000000   0.00000000     0.00000000   0.00523293     0.00000000  -0.00000000
    4    2
 -0.00000000  -0.01543878    -0.00000000  -0.04614252    -0.00206319  -0.00000000
  0.00000000  -0.02877177    -0.00000000  -0.01543878    -0.00759128   0.00000000
 -0.00759128   0.00000000    -0.00206319  -0.00000000    -0.00000000  -0.00868975
    4    3
 -0.01543878  -0.00000000     0.04614252   0.00000000     0.00000000   0.00206319
  0.02877177   0.00000000    -0.01543878  -0.00000000    -0.00000000  -0.00759128
 -0.00000000   0.00759128     0.00000000  -0.00206319    -0.00868975  -0.00000000
    4    4
  0.06502503   0.00000000     0.00000000   0.00000000     0.00000000  -0.01182690
  0.00000000  -0.00000000     0.06616941  -0.00000000     0.00000000   0.00000000
  0.00000000   0.01182690     0.00000000   0.00000000     0.06502503   0.00000000
    4    5
  0.00000000  -0.03225372    -0.00000000  -0.00000000     0.00222790  -0.00000000
 -0.00000000  -0.00000000    -0.00000000   0.00000000    -0.00000000   0.00000000
  0.00222790  -0.00000000    -0.00000000   0.00000000    -0.00000000   0.03225372
    4    6
 -0.00000000   0.00868975    -0.00206319   0.00000000    -0.00759128  -0.00000000
 -0.00759128  -0.00000000    -0.00000000   0.01543878     0.00000000   0.02877177
 -0.00206319   0.00000000    -0.00000000   0.04614252    -0.00000000   0.01543878
    4    7
 -0.00868975  -0.00000000     0.00000000   0.00206319     0.00000000  -0.00759128
 -0.00000000   0.00759128    -0.01543878  -0.00000000     0.02877177   0.00000000
  0.00000000  -0.00206319     0.04614252   0.00000000    -0.01543878  -0.00000000
    5    1
 -0.00000000  -0.00000000     0.00000000   0.00523293     0.00000000   0.00000000
  0.00000000   0.00427225     0.00000000   0.00000000    -0.00427225   0.00000000
  0.00000000  -0.00000000    -0.00523293   0.00000000    -0.00000000  -0.00000000
    5    2
 -0.01543878   0.00000000     0.04614252  -0.00000000     0.00000000  -0.00206319
  0.02877177  -0.00000000    -0.01543878  -0.00000000    -0.00000000   0.00759128
 -0.00000000  -0.00759128     0.00000000   0.00206319    -0.00868975  -0.00000000
    5    3
 -0.00000000   0.01543878    -0.00000000   0.04614252    -0.00206319   0.00000000
  0.00000000   0.02877177    -0.00000000   0.01543878    -0.00759128  -0.00000000
 -0.00759128  -0.00000000    -0.00206319   0.00000000    -0.00000000   0.00868975
    5    4
  0.00000000   0.03225372    -0.00000000   0.00000000     0.00222790   0.00000000
 -0.00000000   0.00000000    -0.00000000  -0.00000000    -0.00000000  -0.00000000
  0.00222790   0.00000000    -0.00000000  -0.00000000    -0.00000000  -0.03225372
    5    5
  0.06502503  -0.00000000     0.00000000  -0.00000000     0.00000000   0.01182690
  0.00000000   0.00000000     0.06616941   0.00000000     0.00000000   0.00000000
  0.00000000  -0.01182690     0.00000000   0.00000000     0.06502503  -0.00000000
    5    6
 -0.00868975   0.00000000     0.00000000  -0.00206319     0.00000000   0.00759128
 -0.00000000  -0.00759128    -0.01543878   0.00000000     0.02877177  -0.00000000
  0.00000000   0.00206319     0.04614252  -0.00000000    -0.01543878   0.00000000
    5    7
 -0.00000000  -0.00868975    -0.00206319  -0.00000000    -0.00759128   0.00000000
 -0.00759128   0.00000000    -0.00000000  -0.01543878     0.00000000  -0.02877177
 -0.00206319  -0.00000000    -0.00000000  -0.04614252    -0.00000000  -0.01543878
    6    1
  0.00000000  -0.00000000     0.00000000  -0.00000000     0.00000000   0.00523293
  0.00000000  -0.00000000     0.00000000  -0.00000000    -0.00523293   0.00000000
  0.00000000   0.00427225    -0.00427225   0.00000000     0.00000000   0.00000000
    6    2
 -0.00000000   0.01543878    -0.00206319   0.00000000    -0.00000000   0.04614252
 -0.00759128  -0.00000000    -0.00000000   0.00868975    -0.00206319   0.00000000
  0.00000000   0.02877177    -0.00759128  -0.00000000    -0.00000000   0.01543878
    6    3
 -0.01543878   0.00000000     0.00000000  -0.00206319     0.04614252  -0.00000000
 -0.00000000  -0.00759128    -0.00868975   0.00000000     0.00000000   0.00206319
  0.02877177  -0.00000000     0.00000000   0.00759128    -0.01543878   0.00000000
    6    4
 -0.00000000  -0.00868975    -0.00759128   0.00000000    -0.00206319  -0.00000000
 -0.00206319  -0.00000000    -0.00000000  -0.01543878    -0.00000000  -0.04614252
 -0.00759128   0.00000000     0.00000000  -0.02877177    -0.00000000  -0.01543878
    6    5
 -0.00868975   0.00000000     0.00000000   0.00759128     0.00000000  -0.00206319
  0.00000000   0.00206319    -0.01543878   0.00000000     0.04614252   0.00000000
  0.00000000  -0.00759128     0.02877177   0.00000000    -0.01543878  -0.00000000
    6    6
  0.06502503   0.00000000    -0.00000000   0.01182690    -0.00000000   0.00000000
 -0.00000000  -0.01182690     0.06502503  -0.00000000    -0.00000000   0.00000000
 -0.00000000  -0.00000000    -0.00000000  -0.00000000     0.06616941   0.00000000
    6    7
 -0.00000000   0.03225372     0.00222790   0.00000000    -0.00000000   0.00000000
  0.00222790  -0.00000000    -0.00000000  -0.03225372    -0.00000000  -0.00000000
 -0.00000000   0.00000000    -0.00000000  -0.00000000     0.00000000  -0.00000000
    7    1
  0.00000000  -0.00000000     0.00000000  -0.00000000    -0.00523293   0.00000000
  0.00000000  -0.00000000    -0.00000000  -0.00000000     0.00000000   0.00523293
 -0.00427225   0.00000000     0.00000000   0.00427225    -0.00000000   0.00000000
    7    2
 -0.01543878   0.00000000     0.00000000   0.00206319     0.04614252   0.00000000
 -0.00000000   0.00759128    -0.00868975   0.00000000     0.00000000  -0.00206319
  0.02877177   0.00000000    -0.00000000  -0.00759128    -0.01543878  -0.00000000
    7    3
 -0.00000000  -0.01543878    -0.00206319  -0.00000000    -0.00000000  -0.04614252
 -0.00759128   0.00000000    -0.00000000  -0.00868975    -0.00206319  -0.00000000
  0.00000000  -0.02877177    -0.00759128   0.00000000    -0.00000000  -0.01543878
    7    4
 -0.00868975   0.00000000    -0.00000000  -0.00759128     0.00000000   0.00206319
 -0.00000000  -0.00206319    -0.01543878   0.00000000     0.04614252  -0.00000000
  0.00000000   0.00759128     0.02877177  -0.00000000    -0.01543878   0.00000000
    7    5
 -0.00000000   0.00868975    -0.00759128  -0.00000000    -0.00206319   0.00000000
 -0.00206319   0.00000000    -0.00000000   0.01543878    -0.00000000   0.04614252
 -0.00759128  -0.00000000     0.00000000   0.02877177    -0.00000000   0.01543878
    7    6
 -0.00000000  -0.03225372     0.00222790  -0.00000000    -0.00000000  -0.00000000
  0.00222790   0.00000000    -0.00000000   0.03225372    -0.00000000   0.00000000
 -0.00000000  -0.00000000    -0.00000000   0.00000000     0.00000000   0.00000000
    7    7
  0.06502503  -0.00000000    -0.00000000  -0.01182690    -0.00000000   0.00000000
 -0.00000000   0.01182690     0.06502503   0.00000000    -0.00000000   0.00000000
 -0.00000000   0.00000000    -0.00000000   0.00000000     0.06616941  -0.00000000

     Dynamical  Matrix in cartesian axes

     q = (   -0.433012700  -0.433012700  -0.433012700 ) 

    1    1
  0.05420782   0.00000000    -0.00000000   0.00000000     0.00000000   0.00000000
  0.00000000   0.00000000     0.05420782   0.00000000     0.00000000   0.00000000
  0.00000000   0.00000000    -0.00000000   0.00000000     0.05420782   0.00000000
    1    2
 -0.00000000  -0.00000000     0.00000000   0.00523293    -0.00523293   0.00000000
  0.00000000   0.00427225     0.00000000   0.00000000     0.00000000  -0.00000000
 -0.00427225   0.00000000     0.00000000  -0.00000000     0.00000000  -0.00000000
    1    3
 -0.00000000  -0.00000000    -0.00523293   0.00000000     0.00000000   0.00523293
 -0.00427225   0.00000000     0.00000000   0.00000000     0.00000000  -0.00000000
  0.00000000   0.00427225     0.00000000  -0.00000000     0.00000000  -0.00000000
    1    4
  0.00000000   0.00000000    -0.00427225  -0.00000000     0.00000000  -0.00000000
 -0.00523293  -0.00000000    -0.00000000  -0.00000000    -0.00000000   0.00523293
  0.00000000  -0.00000000    -0.00000000   0.00427225     0.00000000   0.00000000
    1    5
  0.00000000  -0.00000000     0.00000000   0.00427225    -0.00000000  -0.00000000
  0.00000000   0.00523293    -0.00000000  -0.00000000    -0.00523293   0.00000000
  0.00000000  -0.00000000    -0.00427225   0.00000000     0.00000000  -0.00000000
    1    6
  0.00000000  -0.00000000     0.00000000  -0.00000000     0.00000000   0.00427225
  0.00000000  -0.00000000     0.00000000  -0.00000000    -0.00427225   0.00000000
  0.00000000   0.00523293    -0.00523293   0.00000000    -0.00000000   0.00000000
    1    7
  0.00000000   0.00000000     0.00000000  -0.00000000    -0.00427225   0.00000000
  0.00000000  -0.00000000     0.00000000  -0.00000000     0.00000000   0.00427225
 -0.00523293   0.00000000     0.00000000   0.00523293    -0.00000000   0.00000000
    2    1
 -0.00000000   0.00000000     0.00000000  -0.00427225    -0.00427225  -0.00000000
  0.00000000  -0.00523293     0.00000000   0.00000000     0.00000000   0.00000000
 -0.00523293  -0.00000000    -0.00000000   0.00000000     0.00000000   0.00000000
    2    2
  0.06616941  -0.00000000     0.00000000   0.00000000    -0.00000000   0.00000000
  0.00000000  -0.00000000     0.06502503  -0.00000000    -0.00000000  -0.01182690
 -0.00000000  -0.00000000    -0.00000000   0.01182690     0.06502503   0.00000000
    2    3
 -0.00000000   0.00000000    -0.00000000  -0.00000000    -0.00000000   0.00000000
 -0.00000000  -0.00000000     0.00000000  -0.03225372     0.00222790  -0.00000000
 -0.00000000   0.00000000     0.00222790  -0.00000000    -0.00000000   0.03225372
    2    4
 -0.00000000  -0.01543878     0.00000000  -0.02877177    -0.00759128   0.00000000
 -0.00000000  -0.04614252    -0.00000000  -0.01543878    -0.00206319  -0.00000000
 -0.00206319  -0.00000000    -0.00759128   0.00000000    -0.00000000  -0.00868975
    2    5
 -0.01543878   0.00000000     0.02877177   0.00000000    -0.00000000  -0.00759128
  0.04614252   0.00000000    -0.01543878  -0.00000000     0.00000000   0.00206319
  0.00000000  -0.00206319    -0.00000000   0.00759128    -0.00868975   0.00000000
    2    6
 -0.00000000   0.01543878    -0.00759128  -0.00000000     0.00000000   0.02877177
 -0.00206319   0.00000000    -0.00000000   0.00868975    -0.00759128  -0.00000000
 -0.00000000   0.04614252    -0.00206319   0.00000000    -0.00000000   0.01543878
    2    7
 -0.01543878  -0.00000000     0.00000000   0.00759128     0.02877177   0.00000000
  0.00000000   0.00206319    -0.00868975  -0.00000000     0.00000000  -0.00759128
  0.04614252   0.00000000     0.00000000  -0.00206319    -0.01543878  -0.00000000
    3    1
 -0.00000000   0.00000000    -0.00427225  -0.00000000     0.00000000  -0.00427225
 -0.00523293   0.00000000     0.00000000   0.00000000     0.00000000   0.00000000
  0.00000000  -0.00523293     0.00000000   0.00000000     0.00000000   0.00000000
    3    2
 -0.00000000  -0.00000000    -0.00000000   0.00000000    -0.00000000  -0.00000000
 -0.00000000   0.00000000     0.00000000   0.03225372     0.00222790   0.00000000
 -0.00000000  -0.00000000     0.00222790   0.00000000    -0.00000000  -0.03225372
    3    3
  0.06616941   0.00000000     0.00000000  -0.00000000    -0.00000000  -0.00000000
  0.00000000   0.00000000     0.06502503   0.00000000    -0.00000000   0.01182690
 -0.00000000   0.00000000    -0.00000000  -0.01182690     0.06502503  -0.00000000
    3    4
 -0.01543878  -0.00000000     0.02877177   0.00000000    -0.00000000   0.00759128
  0.04614252   0.00000000    -0.01543878  -0.00000000     0.00000000  -0.00206319
 -0.00000000   0.00206319    -0.00000000  -0.00759128    -0.00868975  -0.00000000
    3    5
 -0.00000000   0.01543878     0.00000000   0.02877177    -0.00759128  -0.00000000
 -0.00000000   0.04614252    -0.00000000   0.01543878    -0.00206319   0.00000000
 -0.00206319   0.00000000    -0.00759128  -0.00000000    -0.00000000   0.00868975
    3    6
 -0.01543878   0.00000000     0.00000000  -0.00759128     0.02877177  -0.00000000
  0.00000000  -0.00206319    -0.00868975  -0.00000000     0.00000000   0.00759128
  0.04614252  -0.00000000     0.00000000   0.00206319    -0.01543878   0.00000000
    3    7
 -0.00000000  -0.01543878    -0.00759128   0.00000000     0.00000000  -0.02877177
 -0.00206319  -0.00000000    -0.00000000  -0.00868975    -0.00759128   0.00000000
 -0.00000000  -0.04614252    -0.00206319  -0.00000000    -0.00000000  -0.01543878
    4    1
  0.00000000  -0.00000000    -0.00523293   0.00000000    -0.00000000   0.00000000
 -0.00427225   0.00000000    -0.00000000   0.00000000    -0.00000000  -0.00427225
 -0.00000000   0.00000000    -0.00000000  -0.00523293     0.00000000  -0.00000000
    4    2
 -0.00000000   0.01543878    -0.00000000   0.04614252    -0.00206319   0.00000000
  0.00000000   0.02877177    -0.00000000   0.01543878    -0.00759128  -0.00000000
 -0.00759128  -0.00000000    -0.00206319   0.00000000    -0.00000000   0.00868975
    4    3
 -0.01543878   0.00000000     0.04614252  -0.00000000     0.00000000  -0.00206319
  0.02877177  -0.00000000    -0.01543878   0.00000000    -0.00000000   0.00759128
 -0.00000000  -0.00759128     0.00000000   0.00206319    -0.00868975   0.00000000
    4    4
  0.06502503   0.00000000    -0.00000000  -0.00000000    -0.00000000   0.01182690
 -0.00000000   0.00000000     0.06616941   0.00000000    -0.00000000   0.00000000
 -0.00000000  -0.01182690    -0.00000000   0.00000000     0.06502503   0.00000000
    4    5
  0.00000000   0.03225372    -0.00000000   0.00000000     0.00222790   0.00000000
 -0.00000000   0.00000000    -0.00000000  -0.00000000    -0.00000000  -0.00000000
  0.00222790   0.00000000    -0.00000000  -0.00000000    -0.00000000  -0.03225372
    4    6
 -0.00000000  -0.00868975    -0.00206319  -0.00000000    -0.00759128   0.00000000
 -0.00759128   0.00000000    -0.00000000  -0.01543878     0.00000000  -0.02877177
 -0.00206319  -0.00000000    -0.00000000  -0.04614252    -0.00000000  -0.01543878
    4    7
 -0.00868975   0.00000000    -0.00000000  -0.00206319     0.00000000   0.00759128
 -0.00000000  -0.00759128    -0.01543878   0.00000000     0.02877177  -0.00000000
  0.00000000   0.00206319     0.04614252  -0.00000000    -0.01543878   0.00000000
    5    1
  0.00000000   0.00000000     0.00000000  -0.00523293     0.00000000   0.00000000
  0.00000000  -0.00427225    -0.00000000   0.00000000    -0.00427225  -0.00000000
  0.00000000   0.00000000    -0.00523293  -0.00000000     0.00000000   0.00000000
    5    2
 -0.01543878  -0.00000000     0.04614252  -0.00000000     0.00000000   0.00206319
  0.02877177   0.00000000    -0.01543878   0.00000000    -0.00000000  -0.00759128
 -0.00000000   0.00759128     0.00000000  -0.00206319    -0.00868975   0.00000000
    5    3
 -0.00000000  -0.01543878    -0.00000000  -0.04614252    -0.00206319  -0.00000000
  0.00000000  -0.02877177    -0.00000000  -0.01543878    -0.00759128   0.00000000
 -0.00759128   0.00000000    -0.00206319  -0.00000000    -0.00000000  -0.00868975
    5    4
  0.00000000  -0.03225372    -0.00000000  -0.00000000     0.00222790  -0.00000000
 -0.00000000  -0.00000000    -0.00000000   0.00000000    -0.00000000   0.00000000
  0.00222790  -0.00000000    -0.00000000   0.00000000    -0.00000000   0.03225372
    5    5
  0.06502503  -0.00000000    -0.00000000   0.00000000    -0.00000000  -0.01182690
 -0.00000000  -0.00000000     0.06616941  -0.00000000    -0.00000000   0.00000000
 -0.00000000   0.01182690    -0.00000000   0.00000000     0.06502503   0.00000000
    5    6
 -0.00868975   0.00000000     0.00000000   0.00206319     0.00000000  -0.00759128
 -0.00000000   0.00759128    -0.01543878  -0.00000000     0.02877177   0.00000000
  0.00000000  -0.00206319     0.04614252   0.00000000    -0.01543878  -0.00000000
    5    7
 -0.00000000   0.00868975    -0.00206319   0.00000000    -0.00759128  -0.00000000
 -0.00759128  -0.00000000    -0.00000000   0.01543878     0.00000000   0.02877177
 -0.00206319   0.00000000    -0.00000000   0.04614252    -0.00000000   0.01543878
    6    1
  0.00000000   0.00000000     0.00000000   0.00000000     0.00000000  -0.00523293
  0.00000000   0.00000000     0.00000000   0.00000000    -0.00523293  -0.00000000
  0.00000000  -0.00427225    -0.00427225  -0.00000000    -0.00000000   0.00000000
    6    2
 -0.00000000  -0.01543878    -0.00206319  -0.00000000    -0.00000000  -0.04614252
 -0.00759128   0.00000000    -0.00000000  -0.00868975    -0.00206319  -0.00000000
  0.00000000  -0.02877177    -0.00759128   0.00000000    -0.00000000  -0.01543878
    6    3
 -0.01543878   0.00000000     0.00000000   0.00206319     0.04614252   0.00000000
 -0.00000000   0.00759128    -0.00868975   0.00000000     0.00000000  -0.00206319
  0.02877177   0.00000000    -0.00000000  -0.00759128    -0.01543878  -0.00000000
    6    4
 -0.00000000   0.00868975    -0.00759128  -0.00000000    -0.00206319   0.00000000
 -0.00206319   0.00000000    -0.00000000   0.01543878    -0.00000000   0.04614252
 -0.00759128  -0.00000000     0.00000000   0.02877177    -0.00000000   0.01543878
    6    5
 -0.00868975   0.00000000    -0.00000000  -0.00759128     0.00000000   0.00206319
 -0.00000000  -0.00206319    -0.01543878   0.00000000     0.04614252  -0.00000000
  0.00000000   0.00759128     0.02877177  -0.00000000    -0.01543878   0.00000000
    6    6
  0.06502503   0.00000000    -0.00000000  -0.01182690    -0.00000000  -0.00000000
 -0.00000000   0.01182690     0.06502503  -0.00000000    -0.00000000  -0.00000000
 -0.00000000   0.00000000    -0.00000000   0.00000000     0.06616941   0.00000000
    6    7
 -0.00000000  -0.03225372     0.00222790   0.00000000    -0.00000000  -0.00000000
  0.00222790   0.00000000    -0.00000000   0.03225372    -0.00000000   0.00000000
 -0.00000000  -0.00000000    -0.00000000   0.00000000    -0.00000000  -0.00000000
    7    1
  0.00000000   0.00000000     0.00000000   0.00000000    -0.00523293  -0.00000000
  0.00000000   0.00000000     0.00000000   0.00000000     0.00000000  -0.00523293
 -0.00427225  -0.00000000     0.00000000  -0.00427225    -0.00000000   0.00000000
    7    2
 -0.01543878   0.00000000     0.00000000  -0.00206319     0.04614252  -0.00000000
 -0.00000000  -0.00759128    -0.00868975   0.00000000     0.00000000   0.00206319
  0.02877177  -0.00000000     0.00000000   0.00759128    -0.01543878   0.00000000
    7    3
 -0.00000000   0.01543878    -0.00206319   0.00000000    -0.00000000   0.04614252
 -0.00759128  -0.00000000    -0.00000000   0.00868975    -0.00206319   0.00000000
  0.00000000   0.02877177    -0.00759128  -0.00000000    -0.00000000   0.01543878
    7    4
 -0.00868975  -0.00000000    -0.00000000   0.00759128     0.00000000  -0.00206319
 -0.00000000   0.00206319    -0.01543878  -0.00000000     0.04614252   0.00000000
  0.00000000  -0.00759128     0.02877177   0.00000000    -0.01543878  -0.00000000
    7    5
 -0.00000000  -0.00868975    -0.00759128   0.00000000    -0.00206319  -0.00000000
 -0.00206319  -0.00000000    -0.00000000  -0.01543878    -0.00000000  -0.04614252
 -0.00759128   0.00000000     0.00000000  -0.02877177    -0.00000000  -0.01543878
    7    6
 -0.00000000   0.03225372     0.00222790  -0.00000000    -0.00000000   0.00000000
  0.00222790  -0.00000000    -0.00000000  -0.03225372    -0.00000000  -0.00000000
 -0.00000000   0.00000000    -0.00000000  -0.00000000    -0.00000000   0.00000000
    7    7
  0.06502503  -0.00000000    -0.00000000   0.01182690    -0.00000000   0.00000000
 -0.00000000  -0.01182690     0.06502503   0.00000000    -0.00000000   0.00000000
 -0.00000000  -0.00000000    -0.00000000  -0.00000000     0.06616941   0.00000000
