  1.500000000000000E-002   1.26023585003145        2.23508645248256     
          24

     Dynamical  Matrix in cartesian axes

     q = (    0.433012700   0.324759500   0.324759500 ) 

    1    1
  0.05883639   0.00000000    -0.01025394   0.00000000    -0.01025394   0.00000000
 -0.01025394   0.00000000     0.05122095   0.00000000     0.00646687   0.00000000
 -0.01025394   0.00000000     0.00646687   0.00000000     0.05122095   0.00000000
    1    2
 -0.00059520  -0.00143694     0.00191444  -0.00991442    -0.00836426  -0.00565684
 -0.01256601   0.00263468    -0.00249458  -0.00995476     0.00404057   0.00125659
  0.01074851  -0.00702251    -0.00196857   0.00374566    -0.00527514  -0.00880301
    1    3
 -0.00059520  -0.00143694    -0.00836426  -0.00565684     0.00191444  -0.00991442
  0.01074851  -0.00702251    -0.00527514  -0.00880301    -0.00196857   0.00374566
 -0.01256601   0.00263468     0.00404057   0.00125659    -0.00249458  -0.00995476
    1    4
 -0.00157891  -0.00234546     0.00373126  -0.00654962    -0.00328115   0.00804825
 -0.00912922  -0.01297175     0.01308156  -0.00474644     0.00355427  -0.00089766
  0.00197761   0.00134412     0.00617246   0.00279468     0.00816011   0.00272811
    1    5
 -0.00054204  -0.00277495    -0.00726968  -0.00199288     0.00801109   0.00337085
 -0.00271708  -0.01562774    -0.01260630   0.00589382    -0.00314799   0.00187851
 -0.00044795   0.00234882    -0.00238845   0.00634073    -0.00384101   0.00769914
    1    6
 -0.00054204  -0.00277495     0.00801109   0.00337085    -0.00726968  -0.00199288
 -0.00044795   0.00234882    -0.00384101   0.00769914    -0.00238845   0.00634073
 -0.00271708  -0.01562774    -0.00314799   0.00187851    -0.01260630   0.00589382
    1    7
 -0.00157891  -0.00234546    -0.00328115   0.00804825     0.00373126  -0.00654962
  0.00197761   0.00134412     0.00816011   0.00272811     0.00617246   0.00279468
 -0.00912922  -0.01297175     0.00355427  -0.00089766     0.01308156  -0.00474644
    2    1
 -0.00059520   0.00143694    -0.01256601  -0.00263468     0.01074851   0.00702251
  0.00191444   0.00991442    -0.00249458   0.00995476    -0.00196857  -0.00374566
 -0.00836426   0.00565684     0.00404057  -0.00125659    -0.00527514   0.00880301
    2    2
  0.06185861   0.00000000     0.00516163   0.01438256     0.00516163  -0.01438256
  0.00516163  -0.01438256     0.03877580  -0.00000000     0.00631568  -0.00454182
  0.00516163   0.01438256     0.00631568   0.00454182     0.03877580   0.00000000
    2    3
 -0.00068116   0.00000000     0.00352137   0.00540827     0.00352137  -0.00540827
  0.00352137   0.00540827    -0.00429221   0.01404867    -0.00827710   0.00000000
  0.00352137  -0.00540827    -0.00827710  -0.00000000    -0.00429221  -0.01404867
    2    4
 -0.00337540   0.02369366    -0.00578193   0.03273952    -0.00020535   0.00205995
  0.00379467   0.02348931     0.01090300   0.01325318    -0.01066788   0.00095776
 -0.01262287   0.00646093    -0.00570278   0.00537058     0.00409508   0.00511460
    2    5
 -0.01255487   0.00762888     0.01037266  -0.00717030    -0.00009474   0.00492249
  0.02944722   0.00700547    -0.00427605  -0.00541101     0.00259405  -0.00638440
  0.00081710   0.00364395     0.00130173  -0.00092070    -0.01595099  -0.00390416
    2    6
 -0.00337540  -0.02369366    -0.00020535  -0.00205995    -0.00578193  -0.03273952
 -0.01262287  -0.00646093     0.00409508  -0.00511460    -0.00570278  -0.00537058
  0.00379467  -0.02348931    -0.01066788  -0.00095776     0.01090300  -0.01325318
    2    7
 -0.01255487  -0.00762888    -0.00009474  -0.00492249     0.01037266   0.00717030
  0.00081710  -0.00364395    -0.01595099   0.00390416     0.00130173   0.00092070
  0.02944722  -0.00700547     0.00259405   0.00638440    -0.00427605   0.00541101
    3    1
 -0.00059520   0.00143694     0.01074851   0.00702251    -0.01256601  -0.00263468
 -0.00836426   0.00565684    -0.00527514   0.00880301     0.00404057  -0.00125659
  0.00191444   0.00991442    -0.00196857  -0.00374566    -0.00249458   0.00995476
    3    2
 -0.00068116   0.00000000     0.00352137  -0.00540827     0.00352137   0.00540827
  0.00352137  -0.00540827    -0.00429221  -0.01404867    -0.00827710  -0.00000000
  0.00352137   0.00540827    -0.00827710   0.00000000    -0.00429221   0.01404867
    3    3
  0.06185861  -0.00000000     0.00516163  -0.01438256     0.00516163   0.01438256
  0.00516163   0.01438256     0.03877580   0.00000000     0.00631568   0.00454182
  0.00516163  -0.01438256     0.00631568  -0.00454182     0.03877580  -0.00000000
    3    4
 -0.01255487  -0.00762888     0.01037266   0.00717030    -0.00009474  -0.00492249
  0.02944722  -0.00700547    -0.00427605   0.00541101     0.00259405   0.00638440
  0.00081710  -0.00364395     0.00130173   0.00092070    -0.01595099   0.00390416
    3    5
 -0.00337540  -0.02369366    -0.00578193  -0.03273952    -0.00020535  -0.00205995
  0.00379467  -0.02348931     0.01090300  -0.01325318    -0.01066788  -0.00095776
 -0.01262287  -0.00646093    -0.00570278  -0.00537058     0.00409508  -0.00511460
    3    6
 -0.01255487   0.00762888    -0.00009474   0.00492249     0.01037266  -0.00717030
  0.00081710   0.00364395    -0.01595099  -0.00390416     0.00130173  -0.00092070
  0.02944722   0.00700547     0.00259405  -0.00638440    -0.00427605  -0.00541101
    3    7
 -0.00337540   0.02369366    -0.00020535   0.00205995    -0.00578193   0.03273952
 -0.01262287   0.00646093     0.00409508   0.00511460    -0.00570278   0.00537058
  0.00379467   0.02348931    -0.01066788   0.00095776     0.01090300   0.01325318
    4    1
 -0.00157891   0.00234546    -0.00912922   0.01297175     0.00197761  -0.00134412
  0.00373126   0.00654962     0.01308156   0.00474644     0.00617246  -0.00279468
 -0.00328115  -0.00804825     0.00355427   0.00089766     0.00816011  -0.00272811
    4    2
 -0.00337540  -0.02369366     0.00379467  -0.02348931    -0.01262287  -0.00646093
 -0.00578193  -0.03273952     0.01090300  -0.01325318    -0.00570278  -0.00537058
 -0.00020535  -0.00205995    -0.01066788  -0.00095776     0.00409508  -0.00511460
    4    3
 -0.01255487   0.00762888     0.02944722   0.00700547     0.00081710   0.00364395
  0.01037266  -0.00717030    -0.00427605  -0.00541101     0.00130173  -0.00092070
 -0.00009474   0.00492249     0.00259405  -0.00638440    -0.01595099  -0.00390416
    4    4
  0.04430102   0.00000000     0.00713917  -0.00131779     0.00122117   0.00460965
  0.00713917   0.00131779     0.03840578   0.00000000     0.00161900   0.00315590
  0.00122117  -0.00460965     0.00161900  -0.00315590     0.03385723   0.00000000
    4    5
  0.01035009  -0.01201550     0.00209319  -0.00299322    -0.00997005  -0.00332831
  0.00209319  -0.00299322    -0.01045927  -0.00447254     0.00442984  -0.00183204
 -0.00997005  -0.00332831     0.00442984  -0.00183204    -0.01192533   0.00830103
    4    6
 -0.00597796   0.00689128    -0.00949154  -0.00567767    -0.01116093   0.00514551
 -0.01116093   0.00514551    -0.00240238   0.00599858    -0.02409758   0.00914628
 -0.00949154  -0.00567767    -0.01754664   0.01679672    -0.00240238   0.00599858
    4    7
 -0.01178665   0.00000000     0.00101456   0.01142079    -0.00028255  -0.00438871
 -0.00028255   0.00438871    -0.00951464   0.00404362     0.01072942   0.00000000
  0.00101456  -0.01142079     0.02072681   0.00000000    -0.00951464  -0.00404362
    5    1
 -0.00054204   0.00277495    -0.00271708   0.01562774    -0.00044795  -0.00234882
 -0.00726968   0.00199288    -0.01260630  -0.00589382    -0.00238845  -0.00634073
  0.00801109  -0.00337085    -0.00314799  -0.00187851    -0.00384101  -0.00769914
    5    2
 -0.01255487  -0.00762888     0.02944722  -0.00700547     0.00081710  -0.00364395
  0.01037266   0.00717030    -0.00427605   0.00541101     0.00130173   0.00092070
 -0.00009474  -0.00492249     0.00259405   0.00638440    -0.01595099   0.00390416
    5    3
 -0.00337540   0.02369366     0.00379467   0.02348931    -0.01262287   0.00646093
 -0.00578193   0.03273952     0.01090300   0.01325318    -0.00570278   0.00537058
 -0.00020535   0.00205995    -0.01066788   0.00095776     0.00409508   0.00511460
    5    4
  0.01035009   0.01201550     0.00209319   0.00299322    -0.00997005   0.00332831
  0.00209319   0.00299322    -0.01045927   0.00447254     0.00442984   0.00183204
 -0.00997005   0.00332831     0.00442984   0.00183204    -0.01192533  -0.00830103
    5    5
  0.04430102  -0.00000000     0.00713917   0.00131779     0.00122117  -0.00460965
  0.00713917  -0.00131779     0.03840578  -0.00000000     0.00161900  -0.00315590
  0.00122117   0.00460965     0.00161900   0.00315590     0.03385723  -0.00000000
    5    6
 -0.01178665  -0.00000000     0.00101456  -0.01142079    -0.00028255   0.00438871
 -0.00028255  -0.00438871    -0.00951464  -0.00404362     0.01072942   0.00000000
  0.00101456   0.01142079     0.02072681   0.00000000    -0.00951464   0.00404362
    5    7
 -0.00597796  -0.00689128    -0.00949154   0.00567767    -0.01116093  -0.00514551
 -0.01116093  -0.00514551    -0.00240238  -0.00599858    -0.02409758  -0.00914628
 -0.00949154   0.00567767    -0.01754664  -0.01679672    -0.00240238  -0.00599858
    6    1
 -0.00054204   0.00277495    -0.00044795  -0.00234882    -0.00271708   0.01562774
  0.00801109  -0.00337085    -0.00384101  -0.00769914    -0.00314799  -0.00187851
 -0.00726968   0.00199288    -0.00238845  -0.00634073    -0.01260630  -0.00589382
    6    2
 -0.00337540   0.02369366    -0.01262287   0.00646093     0.00379467   0.02348931
 -0.00020535   0.00205995     0.00409508   0.00511460    -0.01066788   0.00095776
 -0.00578193   0.03273952    -0.00570278   0.00537058     0.01090300   0.01325318
    6    3
 -0.01255487  -0.00762888     0.00081710  -0.00364395     0.02944722  -0.00700547
 -0.00009474  -0.00492249    -0.01595099   0.00390416     0.00259405   0.00638440
  0.01037266   0.00717030     0.00130173   0.00092070    -0.00427605   0.00541101
    6    4
 -0.00597796  -0.00689128    -0.01116093  -0.00514551    -0.00949154   0.00567767
 -0.00949154   0.00567767    -0.00240238  -0.00599858    -0.01754664  -0.01679672
 -0.01116093  -0.00514551    -0.02409758  -0.00914628    -0.00240238  -0.00599858
    6    5
 -0.01178665   0.00000000    -0.00028255   0.00438871     0.00101456  -0.01142079
  0.00101456   0.01142079    -0.00951464   0.00404362     0.02072681  -0.00000000
 -0.00028255  -0.00438871     0.01072942  -0.00000000    -0.00951464  -0.00404362
    6    6
  0.04430102  -0.00000000     0.00122117  -0.00460965     0.00713917   0.00131779
  0.00122117   0.00460965     0.03385723  -0.00000000     0.00161900   0.00315590
  0.00713917  -0.00131779     0.00161900  -0.00315590     0.03840578  -0.00000000
    6    7
  0.01035009   0.01201550    -0.00997005   0.00332831     0.00209319   0.00299322
 -0.00997005   0.00332831    -0.01192533  -0.00830103     0.00442984   0.00183204
  0.00209319   0.00299322     0.00442984   0.00183204    -0.01045927   0.00447254
    7    1
 -0.00157891   0.00234546     0.00197761  -0.00134412    -0.00912922   0.01297175
 -0.00328115  -0.00804825     0.00816011  -0.00272811     0.00355427   0.00089766
  0.00373126   0.00654962     0.00617246  -0.00279468     0.01308156   0.00474644
    7    2
 -0.01255487   0.00762888     0.00081710   0.00364395     0.02944722   0.00700547
 -0.00009474   0.00492249    -0.01595099  -0.00390416     0.00259405  -0.00638440
  0.01037266  -0.00717030     0.00130173  -0.00092070    -0.00427605  -0.00541101
    7    3
 -0.00337540  -0.02369366    -0.01262287  -0.00646093     0.00379467  -0.02348931
 -0.00020535  -0.00205995     0.00409508  -0.00511460    -0.01066788  -0.00095776
 -0.00578193  -0.03273952    -0.00570278  -0.00537058     0.01090300  -0.01325318
    7    4
 -0.01178665   0.00000000    -0.00028255  -0.00438871     0.00101456   0.01142079
  0.00101456  -0.01142079    -0.00951464  -0.00404362     0.02072681  -0.00000000
 -0.00028255   0.00438871     0.01072942  -0.00000000    -0.00951464   0.00404362
    7    5
 -0.00597796   0.00689128    -0.01116093   0.00514551    -0.00949154  -0.00567767
 -0.00949154  -0.00567767    -0.00240238   0.00599858    -0.01754664   0.01679672
 -0.01116093   0.00514551    -0.02409758   0.00914628    -0.00240238   0.00599858
    7    6
  0.01035009  -0.01201550    -0.00997005  -0.00332831     0.00209319  -0.00299322
 -0.00997005  -0.00332831    -0.01192533   0.00830103     0.00442984  -0.00183204
  0.00209319  -0.00299322     0.00442984  -0.00183204    -0.01045927  -0.00447254
    7    7
  0.04430102   0.00000000     0.00122117   0.00460965     0.00713917  -0.00131779
  0.00122117  -0.00460965     0.03385723   0.00000000     0.00161900  -0.00315590
  0.00713917   0.00131779     0.00161900   0.00315590     0.03840578   0.00000000

     Dynamical  Matrix in cartesian axes

     q = (   -0.433012700   0.324759500  -0.324759500 ) 

    1    1
  0.05883639   0.00000000     0.01025394  -0.00000000    -0.01025394   0.00000000
  0.01025394  -0.00000000     0.05122095   0.00000000    -0.00646687  -0.00000000
 -0.01025394   0.00000000    -0.00646687  -0.00000000     0.05122095   0.00000000
    1    2
 -0.00059520   0.00143694    -0.00191444  -0.00991442    -0.00836426   0.00565684
  0.01256601   0.00263468    -0.00249458   0.00995476    -0.00404057   0.00125659
  0.01074851   0.00702251     0.00196857   0.00374566    -0.00527514   0.00880301
    1    3
  0.00143694  -0.00059520    -0.00991442  -0.00191444     0.00565684  -0.00836426
  0.00263468   0.01256601     0.00995476  -0.00249458     0.00125659  -0.00404057
  0.00702251   0.01074851     0.00374566   0.00196857     0.00880301  -0.00527514
    1    4
  0.00157891   0.00234546     0.00373126  -0.00654962     0.00328115  -0.00804825
 -0.00912922  -0.01297175    -0.01308156   0.00474644     0.00355427  -0.00089766
 -0.00197761  -0.00134412     0.00617246   0.00279468    -0.00816011  -0.00272811
    1    5
  0.00234546   0.00157891    -0.00654962   0.00373126    -0.00804825   0.00328115
 -0.01297175  -0.00912922     0.00474644  -0.01308156    -0.00089766   0.00355427
 -0.00134412  -0.00197761     0.00279468   0.00617246    -0.00272811  -0.00816011
    1    6
  0.00234546  -0.00157891     0.00804825   0.00328115     0.00654962   0.00373126
  0.00134412  -0.00197761    -0.00272811   0.00816011     0.00279468  -0.00617246
  0.01297175  -0.00912922    -0.00089766  -0.00355427     0.00474644   0.01308156
    1    7
 -0.00157891   0.00234546     0.00328115   0.00804825     0.00373126   0.00654962
 -0.00197761   0.00134412     0.00816011  -0.00272811    -0.00617246   0.00279468
 -0.00912922   0.01297175    -0.00355427  -0.00089766     0.01308156   0.00474644
    2    1
 -0.00059520  -0.00143694     0.01256601  -0.00263468     0.01074851  -0.00702251
 -0.00191444   0.00991442    -0.00249458  -0.00995476     0.00196857  -0.00374566
 -0.00836426  -0.00565684    -0.00404057  -0.00125659    -0.00527514  -0.00880301
    2    2
  0.06185861   0.00000000    -0.00516163   0.01438256     0.00516163   0.01438256
 -0.00516163  -0.01438256     0.03877580   0.00000000    -0.00631568  -0.00454182
  0.00516163  -0.01438256    -0.00631568   0.00454182     0.03877580   0.00000000
    2    3
  0.00048165   0.00048165     0.00631421  -0.00133423     0.00133424  -0.00631421
  0.00631421  -0.00133423    -0.00689887   0.01296896    -0.00585279  -0.00585279
  0.00133424  -0.00631421    -0.00585279  -0.00585279     0.01296896  -0.00689886
    2    4
 -0.01427206   0.00348320    -0.01240474   0.00226441    -0.00354771  -0.00341374
 -0.01586872   0.02577594     0.00080254   0.00684979    -0.00634873  -0.00268018
 -0.00199888  -0.00315444    -0.00157150   0.00026943    -0.00851840   0.01403971
    2    5
 -0.02369366   0.00337540     0.03273952  -0.00578193    -0.00205995   0.00020535
  0.02348931   0.00379467    -0.01325318  -0.01090300     0.00095776  -0.01066788
 -0.00646093   0.01262287     0.00537058  -0.00570278    -0.00511460  -0.00409508
    2    6
  0.01914072  -0.01436717    -0.00160181   0.00131140     0.02723878  -0.01906189
 -0.01349429  -0.00435715     0.00072091  -0.00651223    -0.00783005  -0.00023491
  0.01392621  -0.01929269    -0.00822057  -0.00686610     0.00166184  -0.01708100
    2    7
 -0.01255487   0.00762888     0.00009474  -0.00492249     0.01037266  -0.00717030
 -0.00081710  -0.00364395    -0.01595099  -0.00390416    -0.00130173   0.00092070
  0.02944722   0.00700547    -0.00259405   0.00638440    -0.00427605  -0.00541101
    3    1
  0.00143694   0.00059520     0.00263468  -0.01256601     0.00702251  -0.01074851
 -0.00991442   0.00191444     0.00995476   0.00249458     0.00374566  -0.00196857
  0.00565684   0.00836426     0.00125659   0.00404057     0.00880301   0.00527514
    3    2
  0.00048165  -0.00048165     0.00631421   0.00133423     0.00133424   0.00631421
  0.00631421   0.00133423    -0.00689887  -0.01296896    -0.00585279   0.00585279
  0.00133424   0.00631421    -0.00585279   0.00585279     0.01296896   0.00689886
    3    3
  0.06185861   0.00000000    -0.00516163  -0.01438256     0.00516163  -0.01438256
 -0.00516163   0.01438256     0.03877580   0.00000000    -0.00631568   0.00454182
  0.00516163   0.01438256    -0.00631568  -0.00454182     0.03877580   0.00000000
    3    4
 -0.02369366  -0.00337540     0.03273952   0.00578193    -0.00205995  -0.00020535
  0.02348931  -0.00379467    -0.01325318   0.01090300     0.00095776   0.01066788
 -0.00646093  -0.01262287     0.00537058   0.00570278    -0.00511460   0.00409508
    3    5
 -0.01427206  -0.00348320    -0.01240474  -0.00226441    -0.00354771   0.00341374
 -0.01586872  -0.02577594     0.00080254  -0.00684979    -0.00634873   0.00268018
 -0.00199888   0.00315444    -0.00157150  -0.00026943    -0.00851840  -0.01403971
    3    6
 -0.01255487  -0.00762888     0.00009474   0.00492249     0.01037266   0.00717030
 -0.00081710   0.00364395    -0.01595099   0.00390416    -0.00130173  -0.00092070
  0.02944722  -0.00700547    -0.00259405  -0.00638440    -0.00427605   0.00541101
    3    7
  0.01914072   0.01436717    -0.00160181  -0.00131140     0.02723878   0.01906189
 -0.01349429   0.00435715     0.00072091   0.00651223    -0.00783005   0.00023491
  0.01392621   0.01929269    -0.00822057   0.00686610     0.00166184   0.01708100
    4    1
  0.00157891  -0.00234546    -0.00912922   0.01297175    -0.00197761   0.00134412
  0.00373126   0.00654962    -0.01308156  -0.00474644     0.00617246  -0.00279468
  0.00328115   0.00804825     0.00355427   0.00089766    -0.00816011   0.00272811
    4    2
 -0.01427206  -0.00348320    -0.01586872  -0.02577594    -0.00199888   0.00315444
 -0.01240474  -0.00226441     0.00080254  -0.00684979    -0.00157150  -0.00026943
 -0.00354771   0.00341374    -0.00634873   0.00268018    -0.00851840  -0.01403971
    4    3
 -0.02369366   0.00337540     0.02348931   0.00379467    -0.00646093   0.01262287
  0.03273952  -0.00578193    -0.01325318  -0.01090300     0.00537058  -0.00570278
 -0.00205995   0.00020535     0.00095776  -0.01066788    -0.00511460  -0.00409508
    4    4
  0.04430102   0.00000000    -0.00713917   0.00131779     0.00122117   0.00460965
 -0.00713917  -0.00131779     0.03840578   0.00000000    -0.00161900  -0.00315590
  0.00122117  -0.00460965    -0.00161900   0.00315590     0.03385723   0.00000000
    4    5
 -0.00117762  -0.01581487     0.00063642   0.00359664    -0.00940335   0.00469642
  0.00063642   0.00359664    -0.01055838   0.00423326    -0.00183692   0.00442782
 -0.00940335   0.00469642    -0.00183692   0.00442782    -0.00256276   0.01430220
    4    6
 -0.00000000   0.01178665    -0.01142079   0.00101456    -0.00438871   0.00028255
 -0.00438871  -0.00028255     0.00404362   0.00951464    -0.00000000   0.01072942
 -0.01142079  -0.00101456    -0.00000000   0.02072681    -0.00404362   0.00951464
    4    7
 -0.00909992   0.00064582     0.00269681   0.01072625    -0.01153039  -0.00425354
  0.01153039   0.00425354    -0.00594038   0.00254289     0.02350696   0.01057216
 -0.00269681  -0.01072625     0.02428442   0.00053027    -0.00594038   0.00254289
    5    1
  0.00234546  -0.00157891    -0.01297175   0.00912922    -0.00134412   0.00197761
 -0.00654962  -0.00373126     0.00474644   0.01308156     0.00279468  -0.00617246
 -0.00804825  -0.00328115    -0.00089766  -0.00355427    -0.00272811   0.00816011
    5    2
 -0.02369366  -0.00337540     0.02348931  -0.00379467    -0.00646093  -0.01262287
  0.03273952   0.00578193    -0.01325318   0.01090300     0.00537058   0.00570278
 -0.00205995  -0.00020535     0.00095776   0.01066788    -0.00511460   0.00409508
    5    3
 -0.01427206   0.00348320    -0.01586872   0.02577594    -0.00199888  -0.00315444
 -0.01240474   0.00226441     0.00080254   0.00684979    -0.00157150   0.00026943
 -0.00354771  -0.00341374    -0.00634873  -0.00268018    -0.00851840   0.01403971
    5    4
 -0.00117762   0.01581487     0.00063642  -0.00359664    -0.00940335  -0.00469642
  0.00063642  -0.00359664    -0.01055838  -0.00423326    -0.00183692  -0.00442782
 -0.00940335  -0.00469642    -0.00183692  -0.00442782    -0.00256276  -0.01430220
    5    5
  0.04430102  -0.00000000    -0.00713917  -0.00131779     0.00122117  -0.00460965
 -0.00713917   0.00131779     0.03840578  -0.00000000    -0.00161900   0.00315590
  0.00122117   0.00460965    -0.00161900  -0.00315590     0.03385723  -0.00000000
    5    6
 -0.00909992  -0.00064582     0.00269681  -0.01072625    -0.01153039   0.00425354
  0.01153039  -0.00425354    -0.00594038  -0.00254289     0.02350696  -0.01057216
 -0.00269681   0.01072625     0.02428442  -0.00053027    -0.00594038  -0.00254289
    5    7
 -0.00000000  -0.01178665    -0.01142079  -0.00101456    -0.00438871  -0.00028255
 -0.00438871   0.00028255     0.00404362  -0.00951464    -0.00000000  -0.01072942
 -0.01142079   0.00101456    -0.00000000  -0.02072681    -0.00404362  -0.00951464
    6    1
  0.00234546   0.00157891     0.00134412   0.00197761     0.01297175   0.00912922
  0.00804825  -0.00328115    -0.00272811  -0.00816011    -0.00089766   0.00355427
  0.00654962  -0.00373126     0.00279468   0.00617246     0.00474644  -0.01308156
    6    2
  0.01914072   0.01436717    -0.01349429   0.00435715     0.01392621   0.01929269
 -0.00160181  -0.00131140     0.00072091   0.00651223    -0.00822057   0.00686610
  0.02723878   0.01906189    -0.00783005   0.00023491     0.00166184   0.01708100
    6    3
 -0.01255487   0.00762888    -0.00081710  -0.00364395     0.02944722   0.00700547
  0.00009474  -0.00492249    -0.01595099  -0.00390416    -0.00259405   0.00638440
  0.01037266  -0.00717030    -0.00130173   0.00092070    -0.00427605  -0.00541101
    6    4
 -0.00000000  -0.01178665    -0.00438871   0.00028255    -0.01142079   0.00101456
 -0.01142079  -0.00101456     0.00404362  -0.00951464    -0.00000000  -0.02072681
 -0.00438871  -0.00028255    -0.00000000  -0.01072942    -0.00404362  -0.00951464
    6    5
 -0.00909992   0.00064582     0.01153039   0.00425354    -0.00269681  -0.01072625
  0.00269681   0.01072625    -0.00594038   0.00254289     0.02428442   0.00053027
 -0.01153039  -0.00425354     0.02350696   0.01057216    -0.00594038   0.00254289
    6    6
  0.04430102   0.00000000    -0.00122117  -0.00460965     0.00713917  -0.00131779
 -0.00122117   0.00460965     0.03385723   0.00000000    -0.00161900   0.00315590
  0.00713917   0.00131779    -0.00161900  -0.00315590     0.03840578   0.00000000
    6    7
  0.00117762   0.01581487    -0.00940335   0.00469642     0.00063642   0.00359664
 -0.00940335   0.00469642     0.00256276  -0.01430220     0.00183692  -0.00442782
  0.00063642   0.00359664     0.00183692  -0.00442782     0.01055838  -0.00423326
    7    1
 -0.00157891  -0.00234546    -0.00197761  -0.00134412    -0.00912922  -0.01297175
  0.00328115  -0.00804825     0.00816011   0.00272811    -0.00355427   0.00089766
  0.00373126  -0.00654962    -0.00617246  -0.00279468     0.01308156  -0.00474644
    7    2
 -0.01255487  -0.00762888    -0.00081710   0.00364395     0.02944722  -0.00700547
  0.00009474   0.00492249    -0.01595099   0.00390416    -0.00259405  -0.00638440
  0.01037266   0.00717030    -0.00130173  -0.00092070    -0.00427605   0.00541101
    7    3
  0.01914072  -0.01436717    -0.01349429  -0.00435715     0.01392621  -0.01929269
 -0.00160181   0.00131140     0.00072091  -0.00651223    -0.00822057  -0.00686610
  0.02723878  -0.01906189    -0.00783005  -0.00023491     0.00166184  -0.01708100
    7    4
 -0.00909992  -0.00064582     0.01153039  -0.00425354    -0.00269681   0.01072625
  0.00269681  -0.01072625    -0.00594038  -0.00254289     0.02428442  -0.00053027
 -0.01153039   0.00425354     0.02350696  -0.01057216    -0.00594038  -0.00254289
    7    5
 -0.00000000   0.01178665    -0.00438871  -0.00028255    -0.01142079  -0.00101456
 -0.01142079   0.00101456     0.00404362   0.00951464    -0.00000000   0.02072681
 -0.00438871   0.00028255    -0.00000000   0.01072942    -0.00404362   0.00951464
    7    6
  0.00117762  -0.01581487    -0.00940335  -0.00469642     0.00063642  -0.00359664
 -0.00940335  -0.00469642     0.00256276   0.01430220     0.00183692   0.00442782
  0.00063642  -0.00359664     0.00183692   0.00442782     0.01055838   0.00423326
    7    7
  0.04430102  -0.00000000    -0.00122117   0.00460965     0.00713917   0.00131779
 -0.00122117  -0.00460965     0.03385723  -0.00000000    -0.00161900  -0.00315590
  0.00713917  -0.00131779    -0.00161900   0.00315590     0.03840578   0.00000000

     Dynamical  Matrix in cartesian axes

     q = (    0.433012700  -0.324759500  -0.324759500 ) 

    1    1
  0.05883639   0.00000000     0.01025394  -0.00000000     0.01025394  -0.00000000
  0.01025394  -0.00000000     0.05122095   0.00000000     0.00646687   0.00000000
  0.01025394  -0.00000000     0.00646687   0.00000000     0.05122095   0.00000000
    1    2
  0.00143694   0.00059520    -0.00565684  -0.00836426    -0.00991442   0.00191444
 -0.00702251   0.01074851     0.00880301   0.00527514    -0.00374566   0.00196857
  0.00263468  -0.01256601    -0.00125659  -0.00404057     0.00995476   0.00249458
    1    3
  0.00143694   0.00059520    -0.00991442   0.00191444    -0.00565684  -0.00836426
  0.00263468  -0.01256601     0.00995476   0.00249458    -0.00125659  -0.00404057
 -0.00702251   0.01074851    -0.00374566   0.00196857     0.00880301   0.00527514
    1    4
  0.00157891  -0.00234546     0.00373126   0.00654962    -0.00328115  -0.00804825
 -0.00912922   0.01297175    -0.01308156  -0.00474644    -0.00355427  -0.00089766
  0.00197761  -0.00134412    -0.00617246   0.00279468    -0.00816011   0.00272811
    1    5
 -0.00054204   0.00277495     0.00726968  -0.00199288    -0.00801109   0.00337085
  0.00271708  -0.01562774    -0.01260630  -0.00589382    -0.00314799  -0.00187851
  0.00044795   0.00234882    -0.00238845  -0.00634073    -0.00384101  -0.00769914
    1    6
 -0.00054204   0.00277495    -0.00801109   0.00337085     0.00726968  -0.00199288
  0.00044795   0.00234882    -0.00384101  -0.00769914    -0.00238845  -0.00634073
  0.00271708  -0.01562774    -0.00314799  -0.00187851    -0.01260630  -0.00589382
    1    7
  0.00157891  -0.00234546    -0.00328115  -0.00804825     0.00373126   0.00654962
  0.00197761  -0.00134412    -0.00816011   0.00272811    -0.00617246   0.00279468
 -0.00912922   0.01297175    -0.00355427  -0.00089766    -0.01308156  -0.00474644
    2    1
  0.00143694  -0.00059520    -0.00702251  -0.01074851     0.00263468   0.01256601
 -0.00565684   0.00836426     0.00880301  -0.00527514    -0.00125659   0.00404057
 -0.00991442  -0.00191444    -0.00374566  -0.00196857     0.00995476  -0.00249458
    2    2
  0.06185861   0.00000000    -0.00516163  -0.01438256    -0.00516163   0.01438256
 -0.00516163   0.01438256     0.03877580  -0.00000000     0.00631568  -0.00454182
 -0.00516163  -0.01438256     0.00631568   0.00454182     0.03877580  -0.00000000
    2    3
 -0.00068116  -0.00000000    -0.00352137  -0.00540827    -0.00352137   0.00540827
 -0.00352137  -0.00540827    -0.00429221   0.01404867    -0.00827710  -0.00000000
 -0.00352137   0.00540827    -0.00827710  -0.00000000    -0.00429221  -0.01404867
    2    4
  0.00762888   0.01255487     0.00717030   0.01037266    -0.00492249  -0.00009474
 -0.00700547   0.02944722    -0.00541101   0.00427605    -0.00638440  -0.00259405
 -0.00364395   0.00081710    -0.00092070  -0.00130173    -0.00390416   0.01595099
    2    5
 -0.02369366  -0.00337540     0.03273952   0.00578193     0.00205995   0.00020535
  0.02348931  -0.00379467    -0.01325318   0.01090300    -0.00095776  -0.01066788
  0.00646093   0.01262287    -0.00537058  -0.00570278    -0.00511460   0.00409508
    2    6
  0.00762888  -0.01255487    -0.00492249   0.00009474     0.00717030  -0.01037266
 -0.00364395  -0.00081710    -0.00390416  -0.01595099    -0.00092070   0.00130173
 -0.00700547  -0.02944722    -0.00638440   0.00259405    -0.00541101  -0.00427605
    2    7
 -0.02369366   0.00337540     0.00205995  -0.00020535     0.03273952  -0.00578193
  0.00646093  -0.01262287    -0.00511460  -0.00409508    -0.00537058   0.00570278
  0.02348931   0.00379467    -0.00095776   0.01066788    -0.01325318  -0.01090300
    3    1
  0.00143694  -0.00059520     0.00263468   0.01256601    -0.00702251  -0.01074851
 -0.00991442  -0.00191444     0.00995476  -0.00249458    -0.00374566  -0.00196857
 -0.00565684   0.00836426    -0.00125659   0.00404057     0.00880301  -0.00527514
    3    2
 -0.00068116   0.00000000    -0.00352137   0.00540827    -0.00352137  -0.00540827
 -0.00352137   0.00540827    -0.00429221  -0.01404867    -0.00827710   0.00000000
 -0.00352137  -0.00540827    -0.00827710   0.00000000    -0.00429221   0.01404867
    3    3
  0.06185861  -0.00000000    -0.00516163   0.01438256    -0.00516163  -0.01438256
 -0.00516163  -0.01438256     0.03877580   0.00000000     0.00631568   0.00454182
 -0.00516163   0.01438256     0.00631568  -0.00454182     0.03877580   0.00000000
    3    4
 -0.02369366   0.00337540     0.03273952  -0.00578193     0.00205995  -0.00020535
  0.02348931   0.00379467    -0.01325318  -0.01090300    -0.00095776   0.01066788
  0.00646093  -0.01262287    -0.00537058   0.00570278    -0.00511460  -0.00409508
    3    5
  0.00762888  -0.01255487     0.00717030  -0.01037266    -0.00492249   0.00009474
 -0.00700547  -0.02944722    -0.00541101  -0.00427605    -0.00638440   0.00259405
 -0.00364395  -0.00081710    -0.00092070   0.00130173    -0.00390416  -0.01595099
    3    6
 -0.02369366  -0.00337540     0.00205995   0.00020535     0.03273952   0.00578193
  0.00646093   0.01262287    -0.00511460   0.00409508    -0.00537058  -0.00570278
  0.02348931  -0.00379467    -0.00095776  -0.01066788    -0.01325318   0.01090300
    3    7
  0.00762888   0.01255487    -0.00492249  -0.00009474     0.00717030   0.01037266
 -0.00364395   0.00081710    -0.00390416   0.01595099    -0.00092070  -0.00130173
 -0.00700547   0.02944722    -0.00638440  -0.00259405    -0.00541101   0.00427605
    4    1
  0.00157891   0.00234546    -0.00912922  -0.01297175     0.00197761   0.00134412
  0.00373126  -0.00654962    -0.01308156   0.00474644    -0.00617246  -0.00279468
 -0.00328115   0.00804825    -0.00355427   0.00089766    -0.00816011  -0.00272811
    4    2
  0.00762888  -0.01255487    -0.00700547  -0.02944722    -0.00364395  -0.00081710
  0.00717030  -0.01037266    -0.00541101  -0.00427605    -0.00092070   0.00130173
 -0.00492249   0.00009474    -0.00638440   0.00259405    -0.00390416  -0.01595099
    4    3
 -0.02369366  -0.00337540     0.02348931  -0.00379467     0.00646093   0.01262287
  0.03273952   0.00578193    -0.01325318   0.01090300    -0.00537058  -0.00570278
  0.00205995   0.00020535    -0.00095776  -0.01066788    -0.00511460   0.00409508
    4    4
  0.04430102  -0.00000000    -0.00713917  -0.00131779    -0.00122117   0.00460965
 -0.00713917   0.00131779     0.03840578   0.00000000     0.00161900  -0.00315590
 -0.00122117  -0.00460965     0.00161900   0.00315590     0.03385723  -0.00000000
    4    5
 -0.01035009  -0.01201550     0.00209319   0.00299322    -0.00997004   0.00332831
  0.00209319   0.00299322     0.01045927  -0.00447254    -0.00442984  -0.00183204
 -0.00997004   0.00332831    -0.00442984  -0.00183204     0.01192533   0.00830103
    4    6
  0.00597796   0.00689128    -0.00949154   0.00567767    -0.01116093  -0.00514551
 -0.01116093  -0.00514551     0.00240238   0.00599858     0.02409758   0.00914628
 -0.00949154   0.00567767     0.01754664   0.01679672     0.00240238   0.00599858
    4    7
 -0.01178665   0.00000000    -0.00101456   0.01142079     0.00028255  -0.00438871
  0.00028255   0.00438871    -0.00951464  -0.00404362     0.01072942  -0.00000000
 -0.00101456  -0.01142079     0.02072681  -0.00000000    -0.00951464   0.00404362
    5    1
 -0.00054204  -0.00277495     0.00271708   0.01562774     0.00044795  -0.00234882
  0.00726968   0.00199288    -0.01260630   0.00589382    -0.00238845   0.00634073
 -0.00801109  -0.00337085    -0.00314799   0.00187851    -0.00384101   0.00769914
    5    2
 -0.02369366   0.00337540     0.02348931   0.00379467     0.00646093  -0.01262287
  0.03273952  -0.00578193    -0.01325318  -0.01090300    -0.00537058   0.00570278
  0.00205995  -0.00020535    -0.00095776   0.01066788    -0.00511460  -0.00409508
    5    3
  0.00762888   0.01255487    -0.00700547   0.02944722    -0.00364395   0.00081710
  0.00717030   0.01037266    -0.00541101   0.00427605    -0.00092070  -0.00130173
 -0.00492249  -0.00009474    -0.00638440  -0.00259405    -0.00390416   0.01595099
    5    4
 -0.01035009   0.01201550     0.00209319  -0.00299322    -0.00997004  -0.00332831
  0.00209319  -0.00299322     0.01045927   0.00447254    -0.00442984   0.00183204
 -0.00997004  -0.00332831    -0.00442984   0.00183204     0.01192533  -0.00830103
    5    5
  0.04430102   0.00000000    -0.00713917   0.00131779    -0.00122117  -0.00460965
 -0.00713917  -0.00131779     0.03840578  -0.00000000     0.00161900   0.00315590
 -0.00122117   0.00460965     0.00161900  -0.00315590     0.03385723   0.00000000
    5    6
 -0.01178665   0.00000000    -0.00101456  -0.01142079     0.00028255   0.00438871
  0.00028255  -0.00438871    -0.00951464   0.00404362     0.01072942  -0.00000000
 -0.00101456   0.01142079     0.02072681  -0.00000000    -0.00951464  -0.00404362
    5    7
  0.00597796  -0.00689128    -0.00949154  -0.00567767    -0.01116093   0.00514551
 -0.01116093   0.00514551     0.00240238  -0.00599858     0.02409758  -0.00914628
 -0.00949154  -0.00567767     0.01754664  -0.01679672     0.00240238  -0.00599858
    6    1
 -0.00054204  -0.00277495     0.00044795  -0.00234882     0.00271708   0.01562774
 -0.00801109  -0.00337085    -0.00384101   0.00769914    -0.00314799   0.00187851
  0.00726968   0.00199288    -0.00238845   0.00634073    -0.01260630   0.00589382
    6    2
  0.00762888   0.01255487    -0.00364395   0.00081710    -0.00700547   0.02944722
 -0.00492249  -0.00009474    -0.00390416   0.01595099    -0.00638440  -0.00259405
  0.00717030   0.01037266    -0.00092070  -0.00130173    -0.00541101   0.00427605
    6    3
 -0.02369366   0.00337540     0.00646093  -0.01262287     0.02348931   0.00379467
  0.00205995  -0.00020535    -0.00511460  -0.00409508    -0.00095776   0.01066788
  0.03273952  -0.00578193    -0.00537058   0.00570278    -0.01325318  -0.01090300
    6    4
  0.00597796  -0.00689128    -0.01116093   0.00514551    -0.00949154  -0.00567767
 -0.00949154  -0.00567767     0.00240238  -0.00599858     0.01754664  -0.01679672
 -0.01116093   0.00514551     0.02409758  -0.00914628     0.00240238  -0.00599858
    6    5
 -0.01178665  -0.00000000     0.00028255   0.00438871    -0.00101456  -0.01142079
 -0.00101456   0.01142079    -0.00951464  -0.00404362     0.02072681   0.00000000
  0.00028255  -0.00438871     0.01072942   0.00000000    -0.00951464   0.00404362
    6    6
  0.04430102   0.00000000    -0.00122117  -0.00460965    -0.00713917   0.00131779
 -0.00122117   0.00460965     0.03385723   0.00000000     0.00161900  -0.00315590
 -0.00713917  -0.00131779     0.00161900   0.00315590     0.03840578   0.00000000
    6    7
 -0.01035009   0.01201550    -0.00997004  -0.00332831     0.00209319  -0.00299322
 -0.00997004  -0.00332831     0.01192533  -0.00830103    -0.00442984   0.00183204
  0.00209319  -0.00299322    -0.00442984   0.00183204     0.01045927   0.00447254
    7    1
  0.00157891   0.00234546     0.00197761   0.00134412    -0.00912922  -0.01297175
 -0.00328115   0.00804825    -0.00816011  -0.00272811    -0.00355427   0.00089766
  0.00373126  -0.00654962    -0.00617246  -0.00279468    -0.01308156   0.00474644
    7    2
 -0.02369366  -0.00337540     0.00646093   0.01262287     0.02348931  -0.00379467
  0.00205995   0.00020535    -0.00511460   0.00409508    -0.00095776  -0.01066788
  0.03273952   0.00578193    -0.00537058  -0.00570278    -0.01325318   0.01090300
    7    3
  0.00762888  -0.01255487    -0.00364395  -0.00081710    -0.00700547  -0.02944722
 -0.00492249   0.00009474    -0.00390416  -0.01595099    -0.00638440   0.00259405
  0.00717030  -0.01037266    -0.00092070   0.00130173    -0.00541101  -0.00427605
    7    4
 -0.01178665  -0.00000000     0.00028255  -0.00438871    -0.00101456   0.01142079
 -0.00101456  -0.01142079    -0.00951464   0.00404362     0.02072681   0.00000000
  0.00028255   0.00438871     0.01072942   0.00000000    -0.00951464  -0.00404362
    7    5
  0.00597796   0.00689128    -0.01116093  -0.00514551    -0.00949154   0.00567767
 -0.00949154   0.00567767     0.00240238   0.00599858     0.01754664   0.01679672
 -0.01116093  -0.00514551     0.02409758   0.00914628     0.00240238   0.00599858
    7    6
 -0.01035009  -0.01201550    -0.00997004   0.00332831     0.00209319   0.00299322
 -0.00997004   0.00332831     0.01192533   0.00830103    -0.00442984  -0.00183204
  0.00209319   0.00299322    -0.00442984  -0.00183204     0.01045927  -0.00447254
    7    7
  0.04430102  -0.00000000    -0.00122117   0.00460965    -0.00713917  -0.00131779
 -0.00122117  -0.00460965     0.03385723  -0.00000000     0.00161900   0.00315590
 -0.00713917   0.00131779     0.00161900  -0.00315590     0.03840578  -0.00000000

     Dynamical  Matrix in cartesian axes

     q = (    0.324759500   0.433012700  -0.324759500 ) 

    1    1
  0.05122095   0.00000000    -0.01025394   0.00000000    -0.00646687   0.00000000
 -0.01025394   0.00000000     0.05883639   0.00000000     0.01025394   0.00000000
 -0.00646687   0.00000000     0.01025394   0.00000000     0.05122095   0.00000000
    1    2
  0.00474644  -0.01308156     0.01297175   0.00912922    -0.00089766   0.00355427
  0.00654962  -0.00373126     0.00234546   0.00157891     0.00804825  -0.00328115
  0.00279468   0.00617246     0.00134412   0.00197761    -0.00272811  -0.00816011
    1    3
  0.01308156  -0.00474644    -0.00912922  -0.01297175    -0.00355427   0.00089766
  0.00373126  -0.00654962    -0.00157891  -0.00234546     0.00328115  -0.00804825
 -0.00617246  -0.00279468    -0.00197761  -0.00134412     0.00816011   0.00272811
    1    4
 -0.00527514  -0.00880301     0.01074851  -0.00702251     0.00196857  -0.00374566
 -0.00836426  -0.00565684    -0.00059520  -0.00143694    -0.00191444   0.00991442
 -0.00404057  -0.00125659     0.01256601  -0.00263468    -0.00249458  -0.00995476
    1    5
  0.00880301   0.00527514     0.00702251  -0.01074851     0.00374566  -0.00196857
  0.00565684   0.00836426     0.00143694   0.00059520    -0.00991442   0.00191444
  0.00125659   0.00404057     0.00263468  -0.01256601     0.00995476   0.00249458
    1    6
 -0.00816011   0.00272811    -0.00197761   0.00134412     0.00617246  -0.00279468
  0.00328115   0.00804825     0.00157891  -0.00234546     0.00373126   0.00654962
  0.00355427   0.00089766    -0.00912922   0.01297175    -0.01308156  -0.00474644
    1    7
 -0.00272811   0.00816011    -0.00134412   0.00197761     0.00279468  -0.00617246
 -0.00804825  -0.00328115     0.00234546  -0.00157891    -0.00654962  -0.00373126
