  4.000000000000000E-002   1.25994432394592        2.39890022168420     
          24

     Dynamical  Matrix in cartesian axes

     q = (    0.433012702   0.216506351   0.216506351 ) 

    1    1
  0.12332385   0.00000000     0.00523472   0.00000000     0.00523472   0.00000000
  0.00523472   0.00000000     0.04827490   0.00000000     0.01213332   0.00000000
  0.00523472   0.00000000     0.01213332   0.00000000     0.04827490   0.00000000
    1    2
 -0.00000000   0.02479555     0.01584615  -0.00573399    -0.01584615  -0.00573399
 -0.00092093  -0.00851845     0.00536725  -0.00040542    -0.00975084  -0.00537534
  0.00092093  -0.00851845     0.00975084  -0.00537534    -0.00536725  -0.00040542
    1    3
 -0.00000000   0.02479555    -0.01584615  -0.00573399     0.01584615  -0.00573399
  0.00092093  -0.00851845    -0.00536725  -0.00040542     0.00975084  -0.00537534
 -0.00092093  -0.00851845    -0.00975084  -0.00537534     0.00536725  -0.00040542
    1    4
 -0.01544274  -0.00298187    -0.00704205   0.01539918    -0.00059355  -0.00604219
 -0.00639964  -0.00377010     0.00933876   0.00034546     0.00809047  -0.00874842
 -0.00400954  -0.00013804     0.01554798   0.01364898     0.01051437   0.00181638
    1    5
  0.01544274  -0.00298187     0.00704205   0.01539918     0.00059355  -0.00604219
  0.00639964  -0.00377010    -0.00933876   0.00034546    -0.00809047  -0.00874842
  0.00400954  -0.00013804    -0.01554798   0.01364898    -0.01051437   0.00181638
    1    6
  0.01544274  -0.00298187     0.00059355  -0.00604219     0.00704205   0.01539918
  0.00400954  -0.00013804    -0.01051437   0.00181638    -0.01554798   0.01364898
  0.00639964  -0.00377010    -0.00809047  -0.00874842    -0.00933876   0.00034546
    1    7
 -0.01544274  -0.00298187    -0.00059355  -0.00604219    -0.00704205   0.01539918
 -0.00400954  -0.00013804     0.01051437   0.00181638     0.01554798   0.01364898
 -0.00639964  -0.00377010     0.00809047  -0.00874842     0.00933876   0.00034546
    2    1
 -0.00000000  -0.02479555    -0.00092093   0.00851845     0.00092093   0.00851845
  0.01584615   0.00573399     0.00536725   0.00040542     0.00975084   0.00537534
 -0.01584615   0.00573399    -0.00975084   0.00537534    -0.00536725   0.00040542
    2    2
  0.06817256  -0.00000000     0.00303588   0.00679563     0.00303588  -0.00679563
  0.00303588  -0.00679563     0.03539907  -0.00000000     0.00386395  -0.00092103
  0.00303588   0.00679563     0.00386395   0.00092103     0.03539907   0.00000000
    2    3
  0.01026627   0.00000000    -0.00027343   0.00184195    -0.00027343  -0.00184195
 -0.00027343   0.00184195    -0.01143251   0.01179482    -0.00055122   0.00000000
 -0.00027343  -0.00184195    -0.00055122   0.00000000    -0.01143251  -0.01179482
    2    4
 -0.00363158   0.02316640    -0.00073721   0.01968218     0.00524368  -0.00450916
 -0.00308644   0.02012817     0.00572262   0.01710389    -0.00699120   0.00907763
 -0.00132375   0.00369401    -0.00066744   0.00543372     0.00948011   0.01115382
    2    5
 -0.01970435   0.00087880     0.00881846  -0.00955362     0.00276972  -0.00005226
  0.02378159   0.00596297    -0.01120035   0.00915660     0.00712617  -0.00315370
  0.00098143   0.00305657    -0.00020366   0.00510066    -0.00562735  -0.00058375
    2    6
 -0.00363158  -0.02316640     0.00524368   0.00450916    -0.00073721  -0.01968218
 -0.00132375  -0.00369401     0.00948011  -0.01115382    -0.00066744  -0.00543372
 -0.00308644  -0.02012817    -0.00699120  -0.00907763     0.00572262  -0.01710389
    2    7
 -0.01970435  -0.00087880     0.00276972   0.00005226     0.00881846   0.00955362
  0.00098143  -0.00305657    -0.00562735   0.00058375    -0.00020366  -0.00510066
  0.02378159  -0.00596297     0.00712617   0.00315370    -0.01120035  -0.00915660
    3    1
 -0.00000000  -0.02479555     0.00092093   0.00851845    -0.00092093   0.00851845
 -0.01584615   0.00573399    -0.00536725   0.00040542    -0.00975084   0.00537534
  0.01584615   0.00573399     0.00975084   0.00537534     0.00536725   0.00040542
    3    2
  0.01026627  -0.00000000    -0.00027343  -0.00184195    -0.00027343   0.00184195
 -0.00027343  -0.00184195    -0.01143251  -0.01179482    -0.00055122  -0.00000000
 -0.00027343   0.00184195    -0.00055122  -0.00000000    -0.01143251   0.01179482
    3    3
  0.06817256   0.00000000     0.00303588  -0.00679563     0.00303588   0.00679563
  0.00303588   0.00679563     0.03539907   0.00000000     0.00386395   0.00092103
  0.00303588  -0.00679563     0.00386395  -0.00092103     0.03539907  -0.00000000
    3    4
 -0.01970435  -0.00087880     0.00881846   0.00955362     0.00276972   0.00005226
  0.02378159  -0.00596297    -0.01120035  -0.00915660     0.00712617   0.00315370
  0.00098143  -0.00305657    -0.00020366  -0.00510066    -0.00562735   0.00058375
    3    5
 -0.00363158  -0.02316640    -0.00073721  -0.01968218     0.00524368   0.00450916
 -0.00308644  -0.02012817     0.00572262  -0.01710389    -0.00699120  -0.00907763
 -0.00132375  -0.00369401    -0.00066744  -0.00543372     0.00948011  -0.01115382
    3    6
 -0.01970435   0.00087880     0.00276972  -0.00005226     0.00881846  -0.00955362
  0.00098143   0.00305657    -0.00562735  -0.00058375    -0.00020366   0.00510066
  0.02378159   0.00596297     0.00712617  -0.00315370    -0.01120035   0.00915660
    3    7
 -0.00363158   0.02316640     0.00524368  -0.00450916    -0.00073721   0.01968218
 -0.00132375   0.00369401     0.00948011   0.01115382    -0.00066744   0.00543372
 -0.00308644   0.02012817    -0.00699120   0.00907763     0.00572262   0.01710389
    4    1
 -0.01544274   0.00298187    -0.00639964   0.00377010    -0.00400954   0.00013804
 -0.00704205  -0.01539918     0.00933876  -0.00034546     0.01554798  -0.01364898
 -0.00059355   0.00604219     0.00809047   0.00874842     0.01051437  -0.00181638
    4    2
 -0.00363158  -0.02316640    -0.00308644  -0.02012817    -0.00132375  -0.00369401
 -0.00073721  -0.01968218     0.00572262  -0.01710389    -0.00066744  -0.00543372
  0.00524368   0.00450916    -0.00699120  -0.00907763     0.00948011  -0.01115382
    4    3
 -0.01970435   0.00087880     0.02378159   0.00596297     0.00098143   0.00305657
  0.00881846  -0.00955362    -0.01120035   0.00915660    -0.00020366   0.00510066
  0.00276972  -0.00005226     0.00712617  -0.00315370    -0.00562735  -0.00058375
    4    4
  0.04455249  -0.00000000     0.00373790  -0.00637532     0.00535794   0.00300790
  0.00373790   0.00637532     0.03931323   0.00000000     0.00351531   0.00141922
  0.00535794  -0.00300790     0.00351531  -0.00141922     0.04239204   0.00000000
    4    5
  0.00006115  -0.00438810     0.00359322  -0.00198053    -0.00424716  -0.01145586
  0.00359322  -0.00198053     0.00690212   0.01463709     0.00506046   0.00371670
 -0.00424716  -0.01145586     0.00506046   0.00371670    -0.02160772  -0.00469999
    4    6
  0.00015970   0.00562586    -0.00616259  -0.00684673    -0.01041209   0.00023626
 -0.01041209   0.00023626    -0.00998477  -0.00475159    -0.01403671  -0.01060770
 -0.00616259  -0.00684673    -0.03364551  -0.00433080    -0.00998477  -0.00475159
    4    7
 -0.00074402   0.00000000     0.00132251   0.01080432    -0.00402485  -0.00457512
 -0.00402485   0.00457512    -0.01146141  -0.00633097    -0.00218441  -0.00000000
  0.00132251  -0.01080432     0.02741350   0.00000000    -0.01146141   0.00633097
    5    1
  0.01544274   0.00298187     0.00639964   0.00377010     0.00400954   0.00013804
  0.00704205  -0.01539918    -0.00933876  -0.00034546    -0.01554798  -0.01364898
  0.00059355   0.00604219    -0.00809047   0.00874842    -0.01051437  -0.00181638
    5    2
 -0.01970435  -0.00087880     0.02378159  -0.00596297     0.00098143  -0.00305657
  0.00881846   0.00955362    -0.01120035  -0.00915660    -0.00020366  -0.00510066
  0.00276972   0.00005226     0.00712617   0.00315370    -0.00562735   0.00058375
    5    3
 -0.00363158   0.02316640    -0.00308644   0.02012817    -0.00132375   0.00369401
 -0.00073721   0.01968218     0.00572262   0.01710389    -0.00066744   0.00543372
  0.00524368  -0.00450916    -0.00699120   0.00907763     0.00948011   0.01115382
    5    4
  0.00006115   0.00438810     0.00359322   0.00198053    -0.00424716   0.01145586
  0.00359322   0.00198053     0.00690212  -0.01463709     0.00506046  -0.00371670
 -0.00424716   0.01145586     0.00506046  -0.00371670    -0.02160772   0.00469999
    5    5
  0.04455249   0.00000000     0.00373790   0.00637532     0.00535794  -0.00300790
  0.00373790  -0.00637532     0.03931323  -0.00000000     0.00351531  -0.00141922
  0.00535794   0.00300790     0.00351531   0.00141922     0.04239204  -0.00000000
    5    6
 -0.00074402  -0.00000000     0.00132251  -0.01080432    -0.00402485   0.00457512
 -0.00402485  -0.00457512    -0.01146141   0.00633097    -0.00218441   0.00000000
  0.00132251   0.01080432     0.02741350   0.00000000    -0.01146141  -0.00633097
    5    7
  0.00015970  -0.00562586    -0.00616259   0.00684673    -0.01041209  -0.00023626
 -0.01041209  -0.00023626    -0.00998477   0.00475159    -0.01403671   0.01060770
 -0.00616259   0.00684673    -0.03364551   0.00433080    -0.00998477   0.00475159
    6    1
  0.01544274   0.00298187     0.00400954   0.00013804     0.00639964   0.00377010
  0.00059355   0.00604219    -0.01051437  -0.00181638    -0.00809047   0.00874842
  0.00704205  -0.01539918    -0.01554798  -0.01364898    -0.00933876  -0.00034546
    6    2
 -0.00363158   0.02316640    -0.00132375   0.00369401    -0.00308644   0.02012817
  0.00524368  -0.00450916     0.00948011   0.01115382    -0.00699120   0.00907763
 -0.00073721   0.01968218    -0.00066744   0.00543372     0.00572262   0.01710389
    6    3
 -0.01970435  -0.00087880     0.00098143  -0.00305657     0.02378159  -0.00596297
  0.00276972   0.00005226    -0.00562735   0.00058375     0.00712617   0.00315370
  0.00881846   0.00955362    -0.00020366  -0.00510066    -0.01120035  -0.00915660
    6    4
  0.00015970  -0.00562586    -0.01041209  -0.00023626    -0.00616259   0.00684673
 -0.00616259   0.00684673    -0.00998477   0.00475159    -0.03364551   0.00433080
 -0.01041209  -0.00023626    -0.01403671   0.01060770    -0.00998477   0.00475159
    6    5
 -0.00074402   0.00000000    -0.00402485   0.00457512     0.00132251  -0.01080432
  0.00132251   0.01080432    -0.01146141  -0.00633097     0.02741350  -0.00000000
 -0.00402485  -0.00457512    -0.00218441  -0.00000000    -0.01146141   0.00633097
    6    6
  0.04455249   0.00000000     0.00535794  -0.00300790     0.00373790   0.00637532
  0.00535794   0.00300790     0.04239204  -0.00000000     0.00351531   0.00141922
  0.00373790  -0.00637532     0.00351531  -0.00141922     0.03931323  -0.00000000
    6    7
  0.00006115   0.00438810    -0.00424716   0.01145586     0.00359322   0.00198053
 -0.00424716   0.01145586    -0.02160772   0.00469999     0.00506046  -0.00371670
  0.00359322   0.00198053     0.00506046  -0.00371670     0.00690212  -0.01463709
    7    1
 -0.01544274   0.00298187    -0.00400954   0.00013804    -0.00639964   0.00377010
 -0.00059355   0.00604219     0.01051437  -0.00181638     0.00809047   0.00874842
 -0.00704205  -0.01539918     0.01554798  -0.01364898     0.00933876  -0.00034546
    7    2
 -0.01970435   0.00087880     0.00098143   0.00305657     0.02378159   0.00596297
  0.00276972  -0.00005226    -0.00562735  -0.00058375     0.00712617  -0.00315370
  0.00881846  -0.00955362    -0.00020366   0.00510066    -0.01120035   0.00915660
    7    3
 -0.00363158  -0.02316640    -0.00132375  -0.00369401    -0.00308644  -0.02012817
  0.00524368   0.00450916     0.00948011  -0.01115382    -0.00699120  -0.00907763
 -0.00073721  -0.01968218    -0.00066744  -0.00543372     0.00572262  -0.01710389
    7    4
 -0.00074402   0.00000000    -0.00402485  -0.00457512     0.00132251   0.01080432
  0.00132251  -0.01080432    -0.01146141   0.00633097     0.02741350  -0.00000000
 -0.00402485   0.00457512    -0.00218441   0.00000000    -0.01146141  -0.00633097
    7    5
  0.00015970   0.00562586    -0.01041209   0.00023626    -0.00616259  -0.00684673
 -0.00616259  -0.00684673    -0.00998477  -0.00475159    -0.03364551  -0.00433080
 -0.01041209   0.00023626    -0.01403671  -0.01060770    -0.00998477  -0.00475159
    7    6
  0.00006115  -0.00438810    -0.00424716  -0.01145586     0.00359322  -0.00198053
 -0.00424716  -0.01145586    -0.02160772  -0.00469999     0.00506046   0.00371670
  0.00359322  -0.00198053     0.00506046   0.00371670     0.00690212   0.01463709
    7    7
  0.04455249  -0.00000000     0.00535794   0.00300790     0.00373790  -0.00637532
  0.00535794  -0.00300790     0.04239204   0.00000000     0.00351531  -0.00141922
  0.00373790   0.00637532     0.00351531   0.00141922     0.03931323   0.00000000

     Dynamical  Matrix in cartesian axes

     q = (   -0.433012702   0.216506351   0.216506351 ) 

    1    1
  0.12332385  -0.00000000    -0.00523472   0.00000000    -0.00523472   0.00000000
 -0.00523472   0.00000000     0.04827490  -0.00000000     0.01213332  -0.00000000
 -0.00523472   0.00000000     0.01213332  -0.00000000     0.04827490  -0.00000000
    1    2
 -0.02479555   0.00000000    -0.00573399   0.01584615    -0.00573399  -0.01584615
 -0.00851845  -0.00092093     0.00040542  -0.00536725     0.00537534   0.00975084
 -0.00851845   0.00092093     0.00537534  -0.00975084     0.00040542   0.00536725
    1    3
 -0.02479555  -0.00000000    -0.00573399  -0.01584615    -0.00573399   0.01584615
 -0.00851845   0.00092093     0.00040542   0.00536725     0.00537534  -0.00975084
 -0.00851845  -0.00092093     0.00537534   0.00975084     0.00040542  -0.00536725
    1    4
  0.01544274   0.00298187    -0.00704205   0.01539918    -0.00059355  -0.00604219
 -0.00639964  -0.00377010    -0.00933876  -0.00034546    -0.00809047   0.00874842
 -0.00400954  -0.00013804    -0.01554798  -0.01364898    -0.01051437  -0.00181638
    1    5
  0.01544274  -0.00298187    -0.00704205  -0.01539918    -0.00059355   0.00604219
 -0.00639964   0.00377010    -0.00933876   0.00034546    -0.00809047  -0.00874842
 -0.00400954   0.00013804    -0.01554798   0.01364898    -0.01051437   0.00181638
    1    6
  0.01544274  -0.00298187    -0.00059355   0.00604219    -0.00704205  -0.01539918
 -0.00400954   0.00013804    -0.01051437   0.00181638    -0.01554798   0.01364898
 -0.00639964   0.00377010    -0.00809047  -0.00874842    -0.00933876   0.00034546
    1    7
  0.01544274   0.00298187    -0.00059355  -0.00604219    -0.00704205   0.01539918
 -0.00400954  -0.00013804    -0.01051437  -0.00181638    -0.01554798  -0.01364898
 -0.00639964  -0.00377010    -0.00809047   0.00874842    -0.00933876  -0.00034546
    2    1
 -0.02479555  -0.00000000    -0.00851845   0.00092093    -0.00851845  -0.00092093
 -0.00573399  -0.01584615     0.00040542   0.00536725     0.00537534   0.00975084
 -0.00573399   0.01584615     0.00537534  -0.00975084     0.00040542  -0.00536725
    2    2
  0.06817256  -0.00000000    -0.00303588   0.00679563    -0.00303588  -0.00679563
 -0.00303588  -0.00679563     0.03539907   0.00000000     0.00386395   0.00092103
 -0.00303588   0.00679563     0.00386395  -0.00092103     0.03539907  -0.00000000
    2    3
  0.01026627   0.00000000     0.00027343   0.00184195     0.00027343  -0.00184195
  0.00027343   0.00184195    -0.01143251  -0.01179482    -0.00055122  -0.00000000
  0.00027343  -0.00184195    -0.00055122  -0.00000000    -0.01143251   0.01179482
    2    4
  0.00087880  -0.01970435     0.00955362  -0.00881846     0.00005226  -0.00276972
 -0.00596297  -0.02378159     0.00915660  -0.01120035    -0.00315370   0.00712617
 -0.00305657  -0.00098143     0.00510066  -0.00020366    -0.00058375  -0.00562735
    2    5
 -0.02316640   0.00363158     0.01968218  -0.00073721    -0.00450916   0.00524368
  0.02012817  -0.00308644    -0.01710389  -0.00572262    -0.00907763   0.00699120
  0.00369401  -0.00132375    -0.00543372   0.00066744    -0.01115382  -0.00948011
    2    6
  0.00087880   0.01970435     0.00005226   0.00276972     0.00955362   0.00881846
 -0.00305657   0.00098143    -0.00058375   0.00562735     0.00510066   0.00020366
 -0.00596297   0.02378159    -0.00315370  -0.00712617     0.00915660   0.01120035
    2    7
 -0.02316640  -0.00363158    -0.00450916  -0.00524368     0.01968218   0.00073721
  0.00369401   0.00132375    -0.01115382   0.00948011    -0.00543372  -0.00066744
  0.02012817   0.00308644    -0.00907763  -0.00699120    -0.01710389   0.00572262
    3    1
 -0.02479555   0.00000000    -0.00851845  -0.00092093    -0.00851845   0.00092093
 -0.00573399   0.01584615     0.00040542  -0.00536725     0.00537534  -0.00975084
 -0.00573399  -0.01584615     0.00537534   0.00975084     0.00040542   0.00536725
    3    2
  0.01026627  -0.00000000     0.00027343  -0.00184195     0.00027343   0.00184195
  0.00027343  -0.00184195    -0.01143251   0.01179482    -0.00055122   0.00000000
  0.00027343   0.00184195    -0.00055122   0.00000000    -0.01143251  -0.01179482
    3    3
  0.06817256   0.00000000    -0.00303588  -0.00679563    -0.00303588   0.00679563
 -0.00303588   0.00679563     0.03539907   0.00000000     0.00386395  -0.00092103
 -0.00303588  -0.00679563     0.00386395   0.00092103     0.03539907   0.00000000
    3    4
 -0.02316640  -0.00363158     0.01968218   0.00073721    -0.00450916  -0.00524368
  0.02012817   0.00308644    -0.01710389   0.00572262    -0.00907763  -0.00699120
  0.00369401   0.00132375    -0.00543372  -0.00066744    -0.01115382   0.00948011
    3    5
  0.00087880   0.01970435     0.00955362   0.00881846     0.00005226   0.00276972
 -0.00596297   0.02378159     0.00915660   0.01120035    -0.00315370  -0.00712617
 -0.00305657   0.00098143     0.00510066   0.00020366    -0.00058375   0.00562735
    3    6
 -0.02316640   0.00363158    -0.00450916   0.00524368     0.01968218  -0.00073721
  0.00369401  -0.00132375    -0.01115382  -0.00948011    -0.00543372   0.00066744
  0.02012817  -0.00308644    -0.00907763   0.00699120    -0.01710389  -0.00572262
    3    7
  0.00087880  -0.01970435     0.00005226  -0.00276972     0.00955362  -0.00881846
 -0.00305657  -0.00098143    -0.00058375  -0.00562735     0.00510066  -0.00020366
 -0.00596297  -0.02378159    -0.00315370   0.00712617     0.00915660  -0.01120035
    4    1
  0.01544274  -0.00298187    -0.00639964   0.00377010    -0.00400954   0.00013804
 -0.00704205  -0.01539918    -0.00933876   0.00034546    -0.01554798   0.01364898
 -0.00059355   0.00604219    -0.00809047  -0.00874842    -0.01051437   0.00181638
    4    2
  0.00087880   0.01970435    -0.00596297   0.02378159    -0.00305657   0.00098143
  0.00955362   0.00881846     0.00915660   0.01120035     0.00510066   0.00020366
  0.00005226   0.00276972    -0.00315370  -0.00712617    -0.00058375   0.00562735
    4    3
 -0.02316640   0.00363158     0.02012817  -0.00308644     0.00369401  -0.00132375
  0.01968218  -0.00073721    -0.01710389  -0.00572262    -0.00543372   0.00066744
 -0.00450916   0.00524368    -0.00907763   0.00699120    -0.01115382  -0.00948011
    4    4
  0.04455249  -0.00000000    -0.00373790   0.00637532    -0.00535794  -0.00300790
 -0.00373790  -0.00637532     0.03931323  -0.00000000     0.00351531   0.00141922
 -0.00535794   0.00300790     0.00351531  -0.00141922     0.04239204   0.00000000
    4    5
 -0.00006115   0.00438810     0.00359322  -0.00198053    -0.00424716  -0.01145586
  0.00359322  -0.00198053    -0.00690212  -0.01463709    -0.00506046  -0.00371670
 -0.00424716  -0.01145586    -0.00506046  -0.00371670     0.02160772   0.00469999
    4    6
 -0.00015970  -0.00562586    -0.00616259  -0.00684673    -0.01041209   0.00023626
 -0.01041209   0.00023626     0.00998477   0.00475159     0.01403671   0.01060770
 -0.00616259  -0.00684673     0.03364551   0.00433080     0.00998477   0.00475159
    4    7
 -0.00074402   0.00000000    -0.00132251  -0.01080432     0.00402485   0.00457512
  0.00402485  -0.00457512    -0.01146141  -0.00633097    -0.00218441  -0.00000000
 -0.00132251   0.01080432     0.02741350  -0.00000000    -0.01146141   0.00633097
    5    1
  0.01544274   0.00298187    -0.00639964  -0.00377010    -0.00400954  -0.00013804
 -0.00704205   0.01539918    -0.00933876  -0.00034546    -0.01554798  -0.01364898
 -0.00059355  -0.00604219    -0.00809047   0.00874842    -0.01051437  -0.00181638
    5    2
 -0.02316640  -0.00363158     0.02012817   0.00308644     0.00369401   0.00132375
  0.01968218   0.00073721    -0.01710389   0.00572262    -0.00543372  -0.00066744
 -0.00450916  -0.00524368    -0.00907763  -0.00699120    -0.01115382   0.00948011
    5    3
  0.00087880  -0.01970435    -0.00596297  -0.02378159    -0.00305657  -0.00098143
  0.00955362  -0.00881846     0.00915660  -0.01120035     0.00510066  -0.00020366
  0.00005226  -0.00276972    -0.00315370   0.00712617    -0.00058375  -0.00562735
    5    4
 -0.00006115  -0.00438810     0.00359322   0.00198053    -0.00424716   0.01145586
  0.00359322   0.00198053    -0.00690212   0.01463709    -0.00506046   0.00371670
 -0.00424716   0.01145586    -0.00506046   0.00371670     0.02160772  -0.00469999
    5    5
  0.04455249   0.00000000    -0.00373790  -0.00637532    -0.00535794   0.00300790
 -0.00373790   0.00637532     0.03931323   0.00000000     0.00351531  -0.00141922
 -0.00535794  -0.00300790     0.00351531   0.00141922     0.04239204   0.00000000
    5    6
 -0.00074402  -0.00000000    -0.00132251   0.01080432     0.00402485  -0.00457512
  0.00402485   0.00457512    -0.01146141   0.00633097    -0.00218441   0.00000000
 -0.00132251  -0.01080432     0.02741350   0.00000000    -0.01146141  -0.00633097
    5    7
 -0.00015970   0.00562586    -0.00616259   0.00684673    -0.01041209  -0.00023626
 -0.01041209  -0.00023626     0.00998477  -0.00475159     0.01403671  -0.01060770
 -0.00616259   0.00684673     0.03364551  -0.00433080     0.00998477  -0.00475159
    6    1
  0.01544274   0.00298187    -0.00400954  -0.00013804    -0.00639964  -0.00377010
 -0.00059355  -0.00604219    -0.01051437  -0.00181638    -0.00809047   0.00874842
 -0.00704205   0.01539918    -0.01554798  -0.01364898    -0.00933876  -0.00034546
    6    2
  0.00087880  -0.01970435    -0.00305657  -0.00098143    -0.00596297  -0.02378159
  0.00005226  -0.00276972    -0.00058375  -0.00562735    -0.00315370   0.00712617
  0.00955362  -0.00881846     0.00510066  -0.00020366     0.00915660  -0.01120035
    6    3
 -0.02316640  -0.00363158     0.00369401   0.00132375     0.02012817   0.00308644
 -0.00450916  -0.00524368    -0.01115382   0.00948011    -0.00907763  -0.00699120
  0.01968218   0.00073721    -0.00543372  -0.00066744    -0.01710389   0.00572262
    6    4
 -0.00015970   0.00562586    -0.01041209  -0.00023626    -0.00616259   0.00684673
 -0.00616259   0.00684673     0.00998477  -0.00475159     0.03364551  -0.00433080
 -0.01041209  -0.00023626     0.01403671  -0.01060770     0.00998477  -0.00475159
    6    5
 -0.00074402  -0.00000000     0.00402485  -0.00457512    -0.00132251   0.01080432
 -0.00132251  -0.01080432    -0.01146141  -0.00633097     0.02741350  -0.00000000
  0.00402485   0.00457512    -0.00218441  -0.00000000    -0.01146141   0.00633097
    6    6
  0.04455249   0.00000000    -0.00535794   0.00300790    -0.00373790  -0.00637532
 -0.00535794  -0.00300790     0.04239204  -0.00000000     0.00351531   0.00141922
 -0.00373790   0.00637532     0.00351531  -0.00141922     0.03931323   0.00000000
    6    7
 -0.00006115  -0.00438810    -0.00424716   0.01145586     0.00359322   0.00198053
 -0.00424716   0.01145586     0.02160772  -0.00469999    -0.00506046   0.00371670
  0.00359322   0.00198053    -0.00506046   0.00371670    -0.00690212   0.01463709
    7    1
  0.01544274  -0.00298187    -0.00400954   0.00013804    -0.00639964   0.00377010
 -0.00059355   0.00604219    -0.01051437   0.00181638    -0.00809047  -0.00874842
 -0.00704205  -0.01539918    -0.01554798   0.01364898    -0.00933876   0.00034546
    7    2
 -0.02316640   0.00363158     0.00369401  -0.00132375     0.02012817  -0.00308644
 -0.00450916   0.00524368    -0.01115382  -0.00948011    -0.00907763   0.00699120
  0.01968218  -0.00073721    -0.00543372   0.00066744    -0.01710389  -0.00572262
    7    3
  0.00087880   0.01970435    -0.00305657   0.00098143    -0.00596297   0.02378159
  0.00005226   0.00276972    -0.00058375   0.00562735    -0.00315370  -0.00712617
  0.00955362   0.00881846     0.00510066   0.00020366     0.00915660   0.01120035
    7    4
 -0.00074402   0.00000000     0.00402485   0.00457512    -0.00132251  -0.01080432
 -0.00132251   0.01080432    -0.01146141   0.00633097     0.02741350   0.00000000
  0.00402485  -0.00457512    -0.00218441  -0.00000000    -0.01146141  -0.00633097
    7    5
 -0.00015970  -0.00562586    -0.01041209   0.00023626    -0.00616259  -0.00684673
 -0.00616259  -0.00684673     0.00998477   0.00475159     0.03364551   0.00433080
 -0.01041209   0.00023626     0.01403671   0.01060770     0.00998477   0.00475159
    7    6
 -0.00006115   0.00438810    -0.00424716  -0.01145586     0.00359322  -0.00198053
 -0.00424716  -0.01145586     0.02160772   0.00469999    -0.00506046  -0.00371670
  0.00359322  -0.00198053    -0.00506046  -0.00371670    -0.00690212  -0.01463709
    7    7
  0.04455249  -0.00000000    -0.00535794  -0.00300790    -0.00373790   0.00637532
 -0.00535794   0.00300790     0.04239204   0.00000000     0.00351531  -0.00141922
 -0.00373790  -0.00637532     0.00351531   0.00141922     0.03931323  -0.00000000

     Dynamical  Matrix in cartesian axes

     q = (    0.216506351  -0.433012702   0.216506351 ) 

    1    1
  0.04827490  -0.00000000    -0.00523472   0.00000000     0.01213332  -0.00000000
 -0.00523472   0.00000000     0.12332385  -0.00000000    -0.00523472   0.00000000
  0.01213332  -0.00000000    -0.00523472   0.00000000     0.04827490  -0.00000000
    1    2
 -0.00933876   0.00034546    -0.00639964   0.00377010    -0.00809047  -0.00874842
 -0.00704205  -0.01539918     0.01544274  -0.00298187    -0.00059355   0.00604219
 -0.01554798   0.01364898    -0.00400954   0.00013804    -0.01051437   0.00181638
    1    3
 -0.00933876  -0.00034546    -0.00639964  -0.00377010    -0.00809047   0.00874842
 -0.00704205   0.01539918     0.01544274   0.00298187    -0.00059355  -0.00604219
 -0.01554798  -0.01364898    -0.00400954  -0.00013804    -0.01051437  -0.00181638
    1    4
  0.00040542   0.00536725    -0.00851845   0.00092093     0.00537534  -0.00975084
 -0.00573399  -0.01584615    -0.02479555   0.00000000    -0.00573399   0.01584615
  0.00537534   0.00975084    -0.00851845  -0.00092093     0.00040542  -0.00536725
    1    5
  0.00040542  -0.00536725    -0.00851845  -0.00092093     0.00537534   0.00975084
 -0.00573399   0.01584615    -0.02479555  -0.00000000    -0.00573399  -0.01584615
  0.00537534  -0.00975084    -0.00851845   0.00092093     0.00040542   0.00536725
    1    6
 -0.01051437  -0.00181638    -0.00400954  -0.00013804    -0.01554798  -0.01364898
 -0.00059355  -0.00604219     0.01544274   0.00298187    -0.00704205   0.01539918
 -0.00809047   0.00874842    -0.00639964  -0.00377010    -0.00933876  -0.00034546
    1    7
 -0.01051437   0.00181638    -0.00400954   0.00013804    -0.01554798   0.01364898
 -0.00059355   0.00604219     0.01544274  -0.00298187    -0.00704205  -0.01539918
 -0.00809047  -0.00874842    -0.00639964   0.00377010    -0.00933876   0.00034546
    2    1
 -0.00933876  -0.00034546    -0.00704205   0.01539918    -0.01554798  -0.01364898
 -0.00639964  -0.00377010     0.01544274   0.00298187    -0.00400954  -0.00013804
 -0.00809047   0.00874842    -0.00059355  -0.00604219    -0.01051437  -0.00181638
    2    2
  0.03931323   0.00000000    -0.00373790   0.00637532     0.00351531  -0.00141922
 -0.00373790  -0.00637532     0.04455249  -0.00000000    -0.00535794   0.00300790
  0.00351531   0.00141922    -0.00535794  -0.00300790     0.04239204   0.00000000
    2    3
 -0.00690212   0.01463709     0.00359322   0.00198053    -0.00506046   0.00371670
  0.00359322   0.00198053    -0.00006115  -0.00438810    -0.00424716   0.01145586
 -0.00506046   0.00371670    -0.00424716   0.01145586     0.02160772  -0.00469999
    2    4
  0.00915660  -0.01120035     0.00955362  -0.00881846     0.00510066  -0.00020366
 -0.00596297  -0.02378159     0.00087880  -0.01970435    -0.00305657  -0.00098143
 -0.00315370   0.00712617     0.00005226  -0.00276972    -0.00058375  -0.00562735
    2    5
 -0.01710389   0.00572262     0.01968218   0.00073721    -0.00543372  -0.00066744
  0.02012817   0.00308644    -0.02316640  -0.00363158     0.00369401   0.00132375
 -0.00907763  -0.00699120    -0.00450916  -0.00524368    -0.01115382   0.00948011
    2    6
  0.00998477  -0.00475159    -0.01041209  -0.00023626     0.01403671  -0.01060770
 -0.00616259   0.00684673    -0.00015970   0.00562586    -0.01041209  -0.00023626
  0.03364551  -0.00433080    -0.00616259   0.00684673     0.00998477  -0.00475159
    2    7
 -0.01146141   0.00633097     0.00402485   0.00457512    -0.00218441   0.00000000
 -0.00132251   0.01080432    -0.00074402  -0.00000000     0.00402485  -0.00457512
  0.02741350   0.00000000    -0.00132251  -0.01080432    -0.01146141  -0.00633097
    3    1
 -0.00933876   0.00034546    -0.00704205  -0.01539918    -0.01554798   0.01364898
 -0.00639964   0.00377010     0.01544274  -0.00298187    -0.00400954   0.00013804
 -0.00809047  -0.00874842    -0.00059355   0.00604219    -0.01051437   0.00181638
    3    2
 -0.00690212  -0.01463709     0.00359322  -0.00198053    -0.00506046  -0.00371670
  0.00359322  -0.00198053    -0.00006115   0.00438810    -0.00424716  -0.01145586
 -0.00506046  -0.00371670    -0.00424716  -0.01145586     0.02160772   0.00469999
    3    3
  0.03931323  -0.00000000    -0.00373790  -0.00637532     0.00351531   0.00141922
 -0.00373790   0.00637532     0.04455249   0.00000000    -0.00535794  -0.00300790
  0.00351531  -0.00141922    -0.00535794   0.00300790     0.04239204   0.00000000
    3    4
 -0.01710389  -0.00572262     0.01968218  -0.00073721    -0.00543372   0.00066744
  0.02012817  -0.00308644    -0.02316640   0.00363158     0.00369401  -0.00132375
 -0.00907763   0.00699120    -0.00450916   0.00524368    -0.01115382  -0.00948011
    3    5
  0.00915660   0.01120035     0.00955362   0.00881846     0.00510066   0.00020366
 -0.00596297   0.02378159     0.00087880   0.01970435    -0.00305657   0.00098143
 -0.00315370  -0.00712617     0.00005226   0.00276972    -0.00058375   0.00562735
    3    6
 -0.01146141  -0.00633097     0.00402485  -0.00457512    -0.00218441  -0.00000000
 -0.00132251  -0.01080432    -0.00074402   0.00000000     0.00402485   0.00457512
  0.02741350   0.00000000    -0.00132251   0.01080432    -0.01146141   0.00633097
    3    7
  0.00998477   0.00475159    -0.01041209   0.00023626     0.01403671   0.01060770
 -0.00616259  -0.00684673    -0.00015970  -0.00562586    -0.01041209   0.00023626
  0.03364551   0.00433080    -0.00616259  -0.00684673     0.00998477   0.00475159
    4    1
  0.00040542  -0.00536725    -0.00573399   0.01584615     0.00537534  -0.00975084
 -0.00851845  -0.00092093    -0.02479555   0.00000000    -0.00851845   0.00092093
  0.00537534   0.00975084    -0.00573399  -0.01584615     0.00040542   0.00536725
    4    2
  0.00915660   0.01120035    -0.00596297   0.02378159    -0.00315370  -0.00712617
  0.00955362   0.00881846     0.00087880   0.01970435     0.00005226   0.00276972
  0.00510066   0.00020366    -0.00305657   0.00098143    -0.00058375   0.00562735
    4    3
 -0.01710389   0.00572262     0.02012817   0.00308644    -0.00907763  -0.00699120
  0.01968218   0.00073721    -0.02316640  -0.00363158    -0.00450916  -0.00524368
 -0.00543372  -0.00066744     0.00369401   0.00132375    -0.01115382   0.00948011
    4    4
  0.03539907  -0.00000000    -0.00303588   0.00679563     0.00386395  -0.00092103
 -0.00303588  -0.00679563     0.06817256   0.00000000    -0.00303588   0.00679563
  0.00386395   0.00092103    -0.00303588  -0.00679563     0.03539907   0.00000000
    4    5
 -0.01143251   0.01179482     0.00027343  -0.00184195    -0.00055122   0.00000000
  0.00027343  -0.00184195     0.01026627   0.00000000     0.00027343   0.00184195
 -0.00055122   0.00000000     0.00027343   0.00184195    -0.01143251  -0.01179482
    4    6
 -0.00058375  -0.00562735    -0.00305657  -0.00098143     0.00510066  -0.00020366
  0.00005226  -0.00276972     0.00087880  -0.01970435     0.00955362  -0.00881846
 -0.00315370   0.00712617    -0.00596297  -0.02378159     0.00915660  -0.01120035
    4    7
 -0.01115382  -0.00948011     0.00369401  -0.00132375    -0.00543372   0.00066744
 -0.00450916   0.00524368    -0.02316640   0.00363158     0.01968218  -0.00073721
 -0.00907763   0.00699120     0.02012817  -0.00308644    -0.01710389  -0.00572262
    5    1
  0.00040542   0.00536725    -0.00573399  -0.01584615     0.00537534   0.00975084
 -0.00851845   0.00092093    -0.02479555   0.00000000    -0.00851845  -0.00092093
  0.00537534  -0.00975084    -0.00573399   0.01584615     0.00040542  -0.00536725
    5    2
 -0.01710389  -0.00572262     0.02012817  -0.00308644    -0.00907763   0.00699120
  0.01968218  -0.00073721    -0.02316640   0.00363158    -0.00450916   0.00524368
 -0.00543372   0.00066744     0.00369401  -0.00132375    -0.01115382  -0.00948011
    5    3
  0.00915660  -0.01120035    -0.00596297  -0.02378159    -0.00315370   0.00712617
  0.00955362  -0.00881846     0.00087880  -0.01970435     0.00005226  -0.00276972
  0.00510066  -0.00020366    -0.00305657  -0.00098143    -0.00058375  -0.00562735
    5    4
 -0.01143251  -0.01179482     0.00027343   0.00184195    -0.00055122  -0.00000000
  0.00027343   0.00184195     0.01026627  -0.00000000     0.00027343  -0.00184195
 -0.00055122  -0.00000000     0.00027343  -0.00184195    -0.01143251   0.01179482
    5    5
  0.03539907   0.00000000    -0.00303588  -0.00679563     0.00386395   0.00092103
 -0.00303588   0.00679563     0.06817256  -0.00000000    -0.00303588  -0.00679563
  0.00386395  -0.00092103    -0.00303588   0.00679563     0.03539907  -0.00000000
    5    6
 -0.01115382   0.00948011     0.00369401   0.00132375    -0.00543372  -0.00066744
 -0.00450916  -0.00524368    -0.02316640  -0.00363158     0.01968218   0.00073721
 -0.00907763  -0.00699120     0.02012817   0.00308644    -0.01710389   0.00572262
    5    7
 -0.00058375   0.00562735    -0.00305657   0.00098143     0.00510066   0.00020366
  0.00005226   0.00276972     0.00087880   0.01970435     0.00955362   0.00881846
 -0.00315370  -0.00712617    -0.00596297   0.02378159     0.00915660   0.01120035
    6    1
 -0.01051437   0.00181638    -0.00059355   0.00604219    -0.00809047  -0.00874842
 -0.00400954   0.00013804     0.01544274  -0.00298187    -0.00639964   0.00377010
 -0.01554798   0.01364898    -0.00704205  -0.01539918    -0.00933876   0.00034546
    6    2
  0.00998477   0.00475159    -0.00616259  -0.00684673     0.03364551   0.00433080
 -0.01041209   0.00023626    -0.00015970  -0.00562586    -0.00616259  -0.00684673
  0.01403671   0.01060770    -0.01041209   0.00023626     0.00998477   0.00475159
    6    3
 -0.01146141   0.00633097    -0.00132251   0.01080432     0.02741350  -0.00000000
  0.00402485   0.00457512    -0.00074402   0.00000000    -0.00132251  -0.01080432
 -0.00218441   0.00000000     0.00402485  -0.00457512    -0.01146141  -0.00633097
    6    4
 -0.00058375   0.00562735     0.00005226   0.00276972    -0.00315370  -0.00712617
 -0.00305657   0.00098143     0.00087880   0.01970435    -0.00596297   0.02378159
  0.00510066   0.00020366     0.00955362   0.00881846     0.00915660   0.01120035
    6    5
 -0.01115382  -0.00948011    -0.00450916   0.00524368    -0.00907763   0.00699120
  0.00369401  -0.00132375    -0.02316640   0.00363158     0.02012817  -0.00308644
 -0.00543372   0.00066744     0.01968218  -0.00073721    -0.01710389  -0.00572262
    6    6
  0.04239204   0.00000000    -0.00535794   0.00300790     0.00351531  -0.00141922
 -0.00535794  -0.00300790     0.04455249   0.00000000    -0.00373790   0.00637532
  0.00351531   0.00141922    -0.00373790  -0.00637532     0.03931323  -0.00000000
    6    7
  0.02160772   0.00469999    -0.00424716  -0.01145586    -0.00506046  -0.00371670
 -0.00424716  -0.01145586    -0.00006115   0.00438810     0.00359322  -0.00198053
 -0.00506046  -0.00371670     0.00359322  -0.00198053    -0.00690212  -0.01463709
    7    1
 -0.01051437  -0.00181638    -0.00059355  -0.00604219    -0.00809047   0.00874842
 -0.00400954  -0.00013804     0.01544274   0.00298187    -0.00639964  -0.00377010
 -0.01554798  -0.01364898    -0.00704205   0.01539918    -0.00933876  -0.00034546
    7    2
 -0.01146141  -0.00633097    -0.00132251  -0.01080432     0.02741350  -0.00000000
  0.00402485  -0.00457512    -0.00074402  -0.00000000    -0.00132251   0.01080432
 -0.00218441  -0.00000000     0.00402485   0.00457512    -0.01146141   0.00633097
    7    3
  0.00998477  -0.00475159    -0.00616259   0.00684673     0.03364551  -0.00433080
 -0.01041209  -0.00023626    -0.00015970   0.00562586    -0.00616259   0.00684673
  0.01403671  -0.01060770    -0.01041209  -0.00023626     0.00998477  -0.00475159
    7    4
 -0.01115382   0.00948011    -0.00450916  -0.00524368    -0.00907763  -0.00699120
  0.00369401   0.00132375    -0.02316640  -0.00363158     0.02012817   0.00308644
 -0.00543372  -0.00066744     0.01968218   0.00073721    -0.01710389   0.00572262
    7    5
 -0.00058375  -0.00562735     0.00005226  -0.00276972    -0.00315370   0.00712617
 -0.00305657  -0.00098143     0.00087880  -0.01970435    -0.00596297  -0.02378159
  0.00510066  -0.00020366     0.00955362  -0.00881846     0.00915660  -0.01120035
    7    6
  0.02160772  -0.00469999    -0.00424716   0.01145586    -0.00506046   0.00371670
 -0.00424716   0.01145586    -0.00006115  -0.00438810     0.00359322   0.00198053
 -0.00506046   0.00371670     0.00359322   0.00198053    -0.00690212   0.01463709
    7    7
  0.04239204   0.00000000    -0.00535794  -0.00300790     0.00351531   0.00141922
 -0.00535794   0.00300790     0.04455249  -0.00000000    -0.00373790  -0.00637532
  0.00351531  -0.00141922    -0.00373790   0.00637532     0.03931323   0.00000000

     Dynamical  Matrix in cartesian axes

     q = (   -0.216506351  -0.433012702   0.216506351 ) 

    1    1
  0.04827490  -0.00000000     0.00523472  -0.00000000    -0.01213332   0.00000000
  0.00523472  -0.00000000     0.12332385  -0.00000000    -0.00523472   0.00000000
 -0.01213332   0.00000000    -0.00523472   0.00000000     0.04827490   0.00000000
    1    2
 -0.00034546   0.00933876     0.00377010  -0.00639964    -0.00874842  -0.00809047
 -0.01539918  -0.00704205     0.00298187  -0.01544274    -0.00604219   0.00059355
  0.01364898  -0.01554798    -0.00013804   0.00400954    -0.00181638   0.01051437
    1    3
  0.00933876  -0.00034546    -0.00639964   0.00377010    -0.00809047  -0.00874842
 -0.00704205  -0.01539918    -0.01544274   0.00298187     0.00059355  -0.00604219
 -0.01554798   0.01364898     0.00400954  -0.00013804     0.01051437  -0.00181638
    1    4
 -0.00536725   0.00040542     0.00092093   0.00851845    -0.00975084  -0.00537534
 -0.01584615   0.00573399    -0.00000000  -0.02479555    -0.01584615  -0.00573399
  0.00975084  -0.00537534     0.00092093  -0.00851845     0.00536725   0.00040542
    1    5
  0.00040542  -0.00536725     0.00851845   0.00092093    -0.00537534  -0.00975084
  0.00573399  -0.01584615    -0.02479555  -0.00000000    -0.00573399  -0.01584615
 -0.00537534   0.00975084    -0.00851845   0.00092093     0.00040542   0.00536725
    1    6
 -0.01051437  -0.00181638     0.00400954   0.00013804     0.01554798   0.01364898
  0.00059355   0.00604219     0.01544274   0.00298187    -0.00704205   0.01539918
  0.00809047  -0.00874842    -0.00639964  -0.00377010    -0.00933876  -0.00034546
    1    7
 -0.00181638  -0.01051437     0.00013804   0.00400954     0.01364898   0.01554798
  0.00604219   0.00059355     0.00298187   0.01544274     0.01539918  -0.00704205
