  5.000000000000000E-003   1.26088367795901        1.90067469670089     
           6

     Dynamical  Matrix in cartesian axes

     q = (    0.000000000   0.000000000   0.433012700 ) 

    1    1
  0.04076873   0.00000000    -0.00000000   0.00000000    -0.00000000   0.00000000
  0.00000000   0.00000000     0.04076873   0.00000000    -0.00000000   0.00000000
 -0.00000000   0.00000000    -0.00000000   0.00000000     0.35782429   0.00000000
    1    2
 -0.00000000   0.01012414     0.00000000  -0.00000000    -0.02282499  -0.00000000
  0.00000000   0.00000000     0.00000000  -0.00284181     0.00000000   0.00000000
 -0.06595614  -0.00000000     0.00000000   0.00000000     0.00000000  -0.01705468
    1    3
 -0.01012414  -0.00000000     0.00000000  -0.00000000     0.00000000   0.02282499
  0.00000000  -0.00000000     0.00284181  -0.00000000    -0.00000000   0.00000000
  0.00000000   0.06595614    -0.00000000  -0.00000000     0.01705468  -0.00000000
    1    4
  0.00284181  -0.00000000     0.00000000  -0.00000000    -0.00000000  -0.00000000
  0.00000000   0.00000000    -0.01012414   0.00000000     0.00000000   0.02282499
 -0.00000000  -0.00000000     0.00000000   0.06595614     0.01705468  -0.00000000
    1    5
  0.00000000  -0.00284181     0.00000000  -0.00000000    -0.00000000   0.00000000
  0.00000000  -0.00000000    -0.00000000   0.01012414    -0.02282499  -0.00000000
  0.00000000   0.00000000    -0.06595614  -0.00000000     0.00000000  -0.01705468
    1    6
 -0.00326141   0.02228651     0.00000000   0.00000000     0.00000000  -0.00000000
  0.00000000   0.00000000    -0.02228651   0.00326141     0.00000000  -0.00000000
  0.00000000  -0.00000000     0.00000000  -0.00000000    -0.04319000   0.04319000
    1    7
 -0.02228651   0.00326141    -0.00000000   0.00000000     0.00000000  -0.00000000
  0.00000000  -0.00000000    -0.00326141   0.02228651     0.00000000  -0.00000000
  0.00000000  -0.00000000     0.00000000  -0.00000000    -0.04319000   0.04319000
    2    1
 -0.00000000  -0.01012414     0.00000000   0.00000000    -0.06595614   0.00000000
  0.00000000   0.00000000     0.00000000   0.00284181    -0.00000000  -0.00000000
 -0.02282499   0.00000000     0.00000000  -0.00000000     0.00000000   0.01705468
    2    2
  0.02283984   0.00000000     0.00000000  -0.00000000    -0.00000000   0.01208903
  0.00000000   0.00000000     0.03688493  -0.00000000    -0.00000000   0.00000000
 -0.00000000  -0.01208903    -0.00000000  -0.00000000     0.06371278  -0.00000000
    2    3
 -0.00000000  -0.01323134     0.00000000   0.00000000    -0.00278610   0.00000000
  0.00000000   0.00000000    -0.00000000  -0.03511045    -0.00000000   0.00000000
 -0.00278610   0.00000000    -0.00000000  -0.00000000     0.00000000   0.02699077
    2    4
 -0.00000000  -0.00169741    -0.00000000  -0.01594472    -0.01007307   0.00000000
 -0.00000000  -0.03570501    -0.00000000  -0.00169741    -0.00045966   0.00000000
 -0.00045966   0.00000000    -0.01007307   0.00000000     0.00000000   0.03318118
    2    5
 -0.00169741  -0.00000000     0.01594472  -0.00000000    -0.00000000   0.01007307
  0.03570501  -0.00000000    -0.00169741   0.00000000    -0.00000000  -0.00045966
 -0.00000000   0.00045966    -0.00000000  -0.01007307     0.03318118   0.00000000
    2    6
  0.00578907  -0.00003942    -0.00000000   0.00000000     0.01031453  -0.01567313
  0.00000000   0.00000000     0.00022236  -0.00127722     0.00000000   0.00000000
  0.00210932  -0.01605558     0.00000000   0.00000000    -0.02064006  -0.03952825
    2    7
 -0.00003942   0.00578907    -0.00000000   0.00000000     0.01567312  -0.01031453
 -0.00000000  -0.00000000    -0.00127722   0.00022236     0.00000000   0.00000000
  0.01605558  -0.00210932     0.00000000   0.00000000    -0.03952825  -0.02064006
    3    1
 -0.01012414   0.00000000     0.00000000   0.00000000     0.00000000  -0.06595614
  0.00000000   0.00000000     0.00284181   0.00000000    -0.00000000   0.00000000
  0.00000000  -0.02282499    -0.00000000  -0.00000000     0.01705468   0.00000000
    3    2
 -0.00000000   0.01323134     0.00000000  -0.00000000    -0.00278610  -0.00000000
  0.00000000  -0.00000000    -0.00000000   0.03511045    -0.00000000  -0.00000000
 -0.00278610  -0.00000000    -0.00000000   0.00000000     0.00000000  -0.02699077
    3    3
  0.02283984  -0.00000000     0.00000000   0.00000000    -0.00000000  -0.01208903
  0.00000000  -0.00000000     0.03688493   0.00000000    -0.00000000  -0.00000000
 -0.00000000   0.01208903    -0.00000000   0.00000000     0.06371278   0.00000000
    3    4
 -0.00169741   0.00000000     0.01594472  -0.00000000    -0.00000000  -0.01007307
  0.03570501  -0.00000000    -0.00169741  -0.00000000    -0.00000000   0.00045966
 -0.00000000  -0.00045966    -0.00000000   0.01007307     0.03318118  -0.00000000
    3    5
 -0.00000000   0.00169741    -0.00000000   0.01594472    -0.01007307  -0.00000000
 -0.00000000   0.03570501    -0.00000000   0.00169741    -0.00045966  -0.00000000
 -0.00045966  -0.00000000    -0.01007307  -0.00000000     0.00000000  -0.03318118
    3    6
 -0.00003942  -0.00578907    -0.00000000   0.00000000     0.01567312   0.01031453
 -0.00000000   0.00000000    -0.00127722  -0.00022236     0.00000000  -0.00000000
  0.01605558   0.00210932    -0.00000000   0.00000000    -0.03952825   0.02064006
    3    7
  0.00578907   0.00003942    -0.00000000  -0.00000000     0.01031453   0.01567313
  0.00000000   0.00000000     0.00022236   0.00127722     0.00000000  -0.00000000
  0.00210932   0.01605558     0.00000000  -0.00000000    -0.02064006   0.03952825
    4    1
  0.00284181   0.00000000     0.00000000   0.00000000    -0.00000000   0.00000000
  0.00000000   0.00000000    -0.01012414  -0.00000000     0.00000000  -0.06595614
 -0.00000000   0.00000000     0.00000000  -0.02282499     0.01705468   0.00000000
    4    2
 -0.00000000   0.00169741    -0.00000000   0.03570501    -0.00045966  -0.00000000
 -0.00000000   0.01594472    -0.00000000   0.00169741    -0.01007307  -0.00000000
 -0.01007307  -0.00000000    -0.00045966  -0.00000000     0.00000000  -0.03318118
    4    3
 -0.00169741  -0.00000000     0.03570501   0.00000000    -0.00000000   0.00045966
  0.01594472   0.00000000    -0.00169741   0.00000000    -0.00000000  -0.01007307
 -0.00000000   0.01007307    -0.00000000  -0.00045966     0.03318118   0.00000000
    4    4
  0.03688493   0.00000000     0.00000000  -0.00000000    -0.00000000   0.00000000
  0.00000000   0.00000000     0.02283984  -0.00000000    -0.00000000  -0.01208903
 -0.00000000  -0.00000000    -0.00000000   0.01208903     0.06371278  -0.00000000
    4    5
 -0.00000000   0.03511045     0.00000000   0.00000000     0.00000000   0.00000000
  0.00000000  -0.00000000    -0.00000000   0.01323134    -0.00278610  -0.00000000
 -0.00000000   0.00000000    -0.00278610  -0.00000000     0.00000000  -0.02699077
    4    6
  0.00022236   0.00127722    -0.00000000   0.00000000     0.00000000  -0.00000000
 -0.00000000  -0.00000000     0.00578907   0.00003942     0.01031453   0.01567313
  0.00000000  -0.00000000     0.00210932   0.01605558    -0.02064006   0.03952825
    4    7
 -0.00127722  -0.00022236    -0.00000000   0.00000000     0.00000000  -0.00000000
 -0.00000000   0.00000000    -0.00003942  -0.00578907     0.01567312   0.01031453
  0.00000000  -0.00000000     0.01605558   0.00210932    -0.03952825   0.02064006
    5    1
  0.00000000   0.00284181     0.00000000   0.00000000     0.00000000  -0.00000000
  0.00000000   0.00000000    -0.00000000  -0.01012414    -0.06595614   0.00000000
  0.00000000  -0.00000000    -0.02282499   0.00000000     0.00000000   0.01705468
    5    2
 -0.00169741   0.00000000     0.03570501  -0.00000000    -0.00000000  -0.00045966
  0.01594472   0.00000000    -0.00169741  -0.00000000    -0.00000000   0.01007307
 -0.00000000  -0.01007307    -0.00000000   0.00045966     0.03318118   0.00000000
    5    3
 -0.00000000  -0.00169741    -0.00000000  -0.03570501    -0.00045966   0.00000000
 -0.00000000  -0.01594472    -0.00000000  -0.00169741    -0.01007307   0.00000000
 -0.01007307   0.00000000    -0.00045966   0.00000000     0.00000000   0.03318118
    5    4
 -0.00000000  -0.03511045     0.00000000  -0.00000000     0.00000000  -0.00000000
  0.00000000   0.00000000    -0.00000000  -0.01323134    -0.00278610   0.00000000
 -0.00000000  -0.00000000    -0.00278610   0.00000000     0.00000000   0.02699077
    5    5
  0.03688493  -0.00000000     0.00000000   0.00000000    -0.00000000  -0.00000000
  0.00000000  -0.00000000     0.02283984   0.00000000    -0.00000000   0.01208903
 -0.00000000   0.00000000    -0.00000000  -0.01208903     0.06371278   0.00000000
    5    6
 -0.00127722   0.00022236    -0.00000000  -0.00000000     0.00000000   0.00000000
 -0.00000000   0.00000000    -0.00003942   0.00578907     0.01567312  -0.01031453
  0.00000000   0.00000000     0.01605558  -0.00210932    -0.03952825  -0.02064006
    5    7
  0.00022236  -0.00127722     0.00000000   0.00000000     0.00000000   0.00000000
 -0.00000000   0.00000000     0.00578907  -0.00003942     0.01031453  -0.01567313
  0.00000000   0.00000000     0.00210932  -0.01605558    -0.02064006  -0.03952825
    6    1
 -0.00326141  -0.02228651    -0.00000000   0.00000000     0.00000000   0.00000000
  0.00000000   0.00000000    -0.02228651  -0.00326141     0.00000000   0.00000000
  0.00000000   0.00000000     0.00000000   0.00000000    -0.04319000  -0.04319000
    6    2
  0.00578907   0.00003942    -0.00000000   0.00000000     0.00210932   0.01605558
 -0.00000000   0.00000000     0.00022236   0.00127722     0.00000000  -0.00000000
  0.01031453   0.01567313     0.00000000  -0.00000000    -0.02064006   0.03952825
    6    3
 -0.00003942   0.00578907     0.00000000  -0.00000000     0.01605558  -0.00210932
 -0.00000000   0.00000000    -0.00127722   0.00022236     0.00000000   0.00000000
  0.01567312  -0.01031453     0.00000000   0.00000000    -0.03952825  -0.02064006
    6    4
  0.00022236  -0.00127722    -0.00000000  -0.00000000     0.00000000   0.00000000
 -0.00000000   0.00000000     0.00578907  -0.00003942     0.00210932  -0.01605558
 -0.00000000   0.00000000     0.01031453  -0.01567313    -0.02064006  -0.03952825
    6    5
 -0.00127722  -0.00022236    -0.00000000  -0.00000000     0.00000000  -0.00000000
 -0.00000000   0.00000000    -0.00003942  -0.00578907     0.01605558   0.00210932
  0.00000000  -0.00000000     0.01567312   0.01031453    -0.03952825   0.02064006
    6    6
  0.01760582  -0.00000000     0.00000000  -0.00000000    -0.00000000   0.00000000
  0.00000000   0.00000000     0.01760582   0.00000000    -0.00000000   0.00000000
 -0.00000000   0.00000000    -0.00000000   0.00000000     0.08952228   0.00000000
    6    7
  0.00242206   0.01462746     0.00000000   0.00000000    -0.00000000   0.00000000
  0.00000000   0.00000000     0.00242206  -0.01462746    -0.00000000  -0.00000000
 -0.00000000   0.00000000    -0.00000000  -0.00000000     0.02440004   0.00000000
    7    1
 -0.02228651  -0.00326141    -0.00000000   0.00000000     0.00000000   0.00000000
 -0.00000000   0.00000000    -0.00326141  -0.02228651     0.00000000   0.00000000
  0.00000000   0.00000000     0.00000000   0.00000000    -0.04319000  -0.04319000
    7    2
 -0.00003942  -0.00578907     0.00000000   0.00000000     0.01605558   0.00210932
 -0.00000000  -0.00000000    -0.00127722  -0.00022236     0.00000000  -0.00000000
  0.01567312   0.01031453     0.00000000  -0.00000000    -0.03952825   0.02064006
    7    3
  0.00578907  -0.00003942     0.00000000   0.00000000     0.00210932  -0.01605558
 -0.00000000   0.00000000     0.00022236  -0.00127722     0.00000000   0.00000000
  0.01031453  -0.01567313     0.00000000   0.00000000    -0.02064006  -0.03952825
    7    4
 -0.00127722   0.00022236    -0.00000000   0.00000000     0.00000000   0.00000000
 -0.00000000  -0.00000000    -0.00003942   0.00578907     0.01605558  -0.00210932
  0.00000000   0.00000000     0.01567312  -0.01031453    -0.03952825  -0.02064006
    7    5
  0.00022236   0.00127722    -0.00000000   0.00000000     0.00000000  -0.00000000
  0.00000000  -0.00000000     0.00578907   0.00003942     0.00210932   0.01605558
  0.00000000  -0.00000000     0.01031453   0.01567313    -0.02064006   0.03952825
    7    6
  0.00242206  -0.01462746     0.00000000  -0.00000000    -0.00000000  -0.00000000
  0.00000000  -0.00000000     0.00242206   0.01462746    -0.00000000   0.00000000
 -0.00000000  -0.00000000    -0.00000000   0.00000000     0.02440004  -0.00000000
    7    7
  0.01760582   0.00000000     0.00000000   0.00000000    -0.00000000   0.00000000
  0.00000000   0.00000000     0.01760582  -0.00000000    -0.00000000   0.00000000
 -0.00000000   0.00000000    -0.00000000   0.00000000     0.08952228  -0.00000000

     Dynamical  Matrix in cartesian axes

     q = (    0.433012700  -0.000000000   0.000000000 ) 

    1    1
  0.35782429   0.00000000    -0.00000000   0.00000000    -0.00000000   0.00000000
  0.00000000   0.00000000     0.04076873   0.00000000    -0.00000000   0.00000000
  0.00000000   0.00000000    -0.00000000   0.00000000     0.04076873   0.00000000
    1    2
 -0.04319000   0.04319000     0.00000000   0.00000000     0.00000000   0.00000000
  0.00000000  -0.00000000    -0.00326141   0.02228651     0.00000000  -0.00000000
  0.00000000  -0.00000000     0.00000000  -0.00000000    -0.02228651   0.00326141
    1    3
 -0.04319000   0.04319000     0.00000000  -0.00000000     0.00000000  -0.00000000
  0.00000000  -0.00000000    -0.02228651   0.00326141     0.00000000  -0.00000000
 -0.00000000  -0.00000000    -0.00000000  -0.00000000    -0.00326141   0.02228651
    1    4
  0.00000000  -0.01705468    -0.06595614  -0.00000000     0.00000000   0.00000000
 -0.02282499  -0.00000000    -0.00000000   0.01012414    -0.00000000   0.00000000
  0.00000000   0.00000000     0.00000000   0.00000000     0.00000000  -0.00284181
    1    5
  0.01705468  -0.00000000     0.00000000   0.06595614     0.00000000   0.00000000
  0.00000000   0.02282499    -0.01012414   0.00000000     0.00000000  -0.00000000
 -0.00000000   0.00000000    -0.00000000   0.00000000     0.00284181  -0.00000000
    1    6
  0.01705468  -0.00000000    -0.00000000  -0.00000000     0.00000000   0.06595614
 -0.00000000  -0.00000000     0.00284181  -0.00000000     0.00000000  -0.00000000
  0.00000000   0.02282499     0.00000000   0.00000000    -0.01012414  -0.00000000
    1    7
  0.00000000  -0.01705468     0.00000000   0.00000000    -0.06595614  -0.00000000
  0.00000000   0.00000000     0.00000000  -0.00284181     0.00000000  -0.00000000
 -0.02282499  -0.00000000     0.00000000  -0.00000000    -0.00000000   0.01012414
    2    1
 -0.04319000  -0.04319000    -0.00000000   0.00000000     0.00000000   0.00000000
  0.00000000   0.00000000    -0.00326141  -0.02228651     0.00000000   0.00000000
  0.00000000   0.00000000     0.00000000  -0.00000000    -0.02228651  -0.00326141
    2    2
  0.08952228   0.00000000    -0.00000000   0.00000000     0.00000000   0.00000000
  0.00000000   0.00000000     0.01760582  -0.00000000     0.00000000   0.00000000
  0.00000000   0.00000000     0.00000000   0.00000000     0.01760582   0.00000000
    2    3
  0.02440004   0.00000000     0.00000000  -0.00000000    -0.00000000   0.00000000
  0.00000000  -0.00000000     0.00242206   0.01462746    -0.00000000   0.00000000
 -0.00000000   0.00000000    -0.00000000   0.00000000     0.00242206  -0.01462746
    2    4
 -0.02064006   0.03952825     0.01031453   0.01567313     0.00000000   0.00000000
  0.00210932   0.01605558     0.00578907   0.00003942     0.00000000   0.00000000
 -0.00000000   0.00000000    -0.00000000   0.00000000     0.00022236   0.00127722
    2    5
 -0.03952825  -0.02064006     0.01567312  -0.01031453     0.00000000  -0.00000000
  0.01605558  -0.00210932    -0.00003942   0.00578907     0.00000000  -0.00000000
 -0.00000000  -0.00000000     0.00000000  -0.00000000    -0.00127722   0.00022236
    2    6
 -0.02064006  -0.03952825     0.00000000   0.00000000     0.01031453  -0.01567313
 -0.00000000   0.00000000     0.00022236  -0.00127722     0.00000000   0.00000000
  0.00210932  -0.01605558     0.00000000   0.00000000     0.00578907  -0.00003942
    2    7
 -0.03952825   0.02064006    -0.00000000  -0.00000000     0.01567312   0.01031453
 -0.00000000  -0.00000000    -0.00127722  -0.00022236     0.00000000  -0.00000000
  0.01605558   0.00210932     0.00000000   0.00000000    -0.00003942  -0.00578907
    3    1
 -0.04319000  -0.04319000     0.00000000   0.00000000    -0.00000000   0.00000000
  0.00000000   0.00000000    -0.02228651  -0.00326141     0.00000000   0.00000000
  0.00000000   0.00000000    -0.00000000   0.00000000    -0.00326141  -0.02228651
    3    2
  0.02440004  -0.00000000     0.00000000   0.00000000    -0.00000000  -0.00000000
  0.00000000   0.00000000     0.00242206  -0.01462746    -0.00000000  -0.00000000
 -0.00000000  -0.00000000    -0.00000000  -0.00000000     0.00242206   0.01462746
    3    3
  0.08952228  -0.00000000    -0.00000000  -0.00000000     0.00000000  -0.00000000
  0.00000000  -0.00000000     0.01760582   0.00000000     0.00000000  -0.00000000
  0.00000000  -0.00000000     0.00000000  -0.00000000     0.01760582  -0.00000000
    3    4
 -0.03952825   0.02064006     0.01567312   0.01031453     0.00000000  -0.00000000
  0.01605558   0.00210932    -0.00003942  -0.00578907     0.00000000   0.00000000
 -0.00000000   0.00000000     0.00000000   0.00000000    -0.00127722  -0.00022236
    3    5
 -0.02064006  -0.03952825     0.01031453  -0.01567313    -0.00000000  -0.00000000
  0.00210932  -0.01605558     0.00578907  -0.00003942    -0.00000000   0.00000000
 -0.00000000  -0.00000000     0.00000000  -0.00000000     0.00022236  -0.00127722
    3    6
 -0.03952825  -0.02064006     0.00000000   0.00000000     0.01567312  -0.01031453
 -0.00000000   0.00000000    -0.00127722   0.00022236     0.00000000   0.00000000
  0.01605558  -0.00210932     0.00000000  -0.00000000    -0.00003942   0.00578907
    3    7
 -0.02064006   0.03952825    -0.00000000  -0.00000000     0.01031453   0.01567313
 -0.00000000  -0.00000000     0.00022236   0.00127722    -0.00000000   0.00000000
  0.00210932   0.01605558    -0.00000000  -0.00000000     0.00578907   0.00003942
    4    1
  0.00000000   0.01705468    -0.02282499   0.00000000     0.00000000   0.00000000
 -0.06595614   0.00000000    -0.00000000  -0.01012414    -0.00000000   0.00000000
  0.00000000   0.00000000     0.00000000   0.00000000     0.00000000   0.00284181
    4    2
 -0.02064006  -0.03952825     0.00210932  -0.01605558     0.00000000   0.00000000
  0.01031453  -0.01567313     0.00578907  -0.00003942    -0.00000000   0.00000000
  0.00000000   0.00000000     0.00000000  -0.00000000     0.00022236  -0.00127722
    4    3
 -0.03952825  -0.02064006     0.01605558  -0.00210932    -0.00000000   0.00000000
  0.01567312  -0.01031453    -0.00003942   0.00578907     0.00000000   0.00000000
  0.00000000  -0.00000000     0.00000000  -0.00000000    -0.00127722   0.00022236
    4    4
  0.06371278  -0.00000000    -0.00000000  -0.01208903    -0.00000000  -0.00000000
 -0.00000000   0.01208903     0.02283984  -0.00000000     0.00000000  -0.00000000
 -0.00000000   0.00000000     0.00000000   0.00000000     0.03688493  -0.00000000
    4    5
  0.00000000   0.02699077    -0.00278610   0.00000000    -0.00000000   0.00000000
 -0.00278610   0.00000000    -0.00000000  -0.01323134    -0.00000000   0.00000000
  0.00000000   0.00000000     0.00000000   0.00000000    -0.00000000  -0.03511045
    4    6
  0.00000000   0.03318118    -0.00045966   0.00000000    -0.01007307   0.00000000
 -0.01007307   0.00000000    -0.00000000  -0.00169741    -0.00000000  -0.01594472
 -0.00045966   0.00000000    -0.00000000  -0.03570501    -0.00000000  -0.00169741
    4    7
  0.03318118  -0.00000000    -0.00000000   0.00045966    -0.00000000  -0.01007307
 -0.00000000   0.01007307    -0.00169741   0.00000000     0.01594472  -0.00000000
 -0.00000000  -0.00045966     0.03570501  -0.00000000    -0.00169741   0.00000000
    5    1
  0.01705468   0.00000000     0.00000000  -0.02282499     0.00000000   0.00000000
  0.00000000  -0.06595614    -0.01012414   0.00000000    -0.00000000   0.00000000
 -0.00000000   0.00000000    -0.00000000   0.00000000     0.00284181   0.00000000
    5    2
 -0.03952825   0.02064006     0.01605558   0.00210932    -0.00000000   0.00000000
  0.01567312   0.01031453    -0.00003942  -0.00578907     0.00000000   0.00000000
  0.00000000   0.00000000    -0.00000000   0.00000000    -0.00127722  -0.00022236
    5    3
 -0.02064006   0.03952825     0.00210932   0.01605558    -0.00000000   0.00000000
  0.01031453   0.01567313     0.00578907   0.00003942     0.00000000   0.00000000
 -0.00000000   0.00000000     0.00000000   0.00000000     0.00022236   0.00127722
    5    4
  0.00000000  -0.02699077    -0.00278610  -0.00000000    -0.00000000  -0.00000000
 -0.00278610  -0.00000000    -0.00000000   0.01323134    -0.00000000  -0.00000000
  0.00000000  -0.00000000     0.00000000  -0.00000000    -0.00000000   0.03511045
    5    5
  0.06371278   0.00000000    -0.00000000   0.01208903    -0.00000000   0.00000000
 -0.00000000  -0.01208903     0.02283984   0.00000000     0.00000000   0.00000000
 -0.00000000   0.00000000     0.00000000   0.00000000     0.03688493   0.00000000
    5    6
  0.03318118   0.00000000    -0.00000000  -0.00045966    -0.00000000   0.01007307
 -0.00000000  -0.01007307    -0.00169741   0.00000000     0.01594472   0.00000000
 -0.00000000   0.00045966     0.03570501   0.00000000    -0.00169741   0.00000000
    5    7
  0.00000000  -0.03318118    -0.00045966  -0.00000000    -0.01007307  -0.00000000
 -0.01007307  -0.00000000    -0.00000000   0.00169741    -0.00000000   0.01594472
 -0.00045966  -0.00000000    -0.00000000   0.03570501    -0.00000000   0.00169741
    6    1
  0.01705468   0.00000000     0.00000000   0.00000000     0.00000000  -0.02282499
 -0.00000000   0.00000000     0.00284181   0.00000000     0.00000000   0.00000000
  0.00000000  -0.06595614     0.00000000   0.00000000    -0.01012414  -0.00000000
    6    2
 -0.02064006   0.03952825    -0.00000000  -0.00000000     0.00210932   0.01605558
  0.00000000  -0.00000000     0.00022236   0.00127722     0.00000000  -0.00000000
  0.01031453   0.01567313    -0.00000000   0.00000000     0.00578907   0.00003942
    6    3
 -0.03952825   0.02064006    -0.00000000  -0.00000000     0.01605558   0.00210932
 -0.00000000  -0.00000000    -0.00127722  -0.00022236     0.00000000   0.00000000
  0.01567312   0.01031453    -0.00000000   0.00000000    -0.00003942  -0.00578907
    6    4
  0.00000000  -0.03318118    -0.01007307  -0.00000000    -0.00045966  -0.00000000
 -0.00045966  -0.00000000    -0.00000000   0.00169741    -0.00000000   0.03570501
 -0.01007307  -0.00000000    -0.00000000   0.01594472    -0.00000000   0.00169741
    6    5
  0.03318118  -0.00000000     0.00000000   0.01007307     0.00000000  -0.00045966
 -0.00000000   0.00045966    -0.00169741   0.00000000     0.03570501  -0.00000000
 -0.00000000  -0.01007307     0.01594472  -0.00000000    -0.00169741   0.00000000
    6    6
  0.06371278  -0.00000000     0.00000000   0.00000000     0.00000000   0.01208903
 -0.00000000  -0.00000000     0.03688493   0.00000000    -0.00000000  -0.00000000
  0.00000000  -0.01208903    -0.00000000   0.00000000     0.02283984   0.00000000
    6    7
  0.00000000  -0.02699077     0.00000000   0.00000000    -0.00278610  -0.00000000
  0.00000000   0.00000000    -0.00000000   0.03511045    -0.00000000  -0.00000000
 -0.00278610  -0.00000000    -0.00000000   0.00000000    -0.00000000   0.01323134
    7    1
  0.00000000   0.01705468     0.00000000   0.00000000    -0.02282499   0.00000000
  0.00000000  -0.00000000     0.00000000   0.00284181    -0.00000000   0.00000000
 -0.06595614   0.00000000     0.00000000   0.00000000    -0.00000000  -0.01012414
    7    2
 -0.03952825  -0.02064006    -0.00000000   0.00000000     0.01605558  -0.00210932
 -0.00000000   0.00000000    -0.00127722   0.00022236     0.00000000  -0.00000000
  0.01567312  -0.01031453    -0.00000000   0.00000000    -0.00003942   0.00578907
    7    3
 -0.02064006  -0.03952825     0.00000000   0.00000000     0.00210932  -0.01605558
 -0.00000000   0.00000000     0.00022236  -0.00127722    -0.00000000   0.00000000
  0.01031453  -0.01567313    -0.00000000  -0.00000000     0.00578907  -0.00003942
    7    4
  0.03318118   0.00000000    -0.00000000  -0.01007307    -0.00000000   0.00045966
 -0.00000000  -0.00045966    -0.00169741  -0.00000000     0.03570501   0.00000000
 -0.00000000   0.01007307     0.01594472   0.00000000    -0.00169741   0.00000000
    7    5
  0.00000000   0.03318118    -0.01007307   0.00000000    -0.00045966   0.00000000
 -0.00045966   0.00000000    -0.00000000  -0.00169741    -0.00000000  -0.03570501
 -0.01007307   0.00000000    -0.00000000  -0.01594472    -0.00000000  -0.00169741
    7    6
  0.00000000   0.02699077     0.00000000  -0.00000000    -0.00278610   0.00000000
  0.00000000  -0.00000000    -0.00000000  -0.03511045    -0.00000000   0.00000000
 -0.00278610   0.00000000    -0.00000000   0.00000000    -0.00000000  -0.01323134
    7    7
  0.06371278   0.00000000     0.00000000  -0.00000000     0.00000000  -0.01208903
 -0.00000000   0.00000000     0.03688493  -0.00000000    -0.00000000   0.00000000
  0.00000000   0.01208903    -0.00000000  -0.00000000     0.02283984  -0.00000000

     Dynamical  Matrix in cartesian axes

     q = (   -0.433012700  -0.000000000  -0.000000000 ) 

    1    1
  0.35782429   0.00000000    -0.00000000   0.00000000    -0.00000000   0.00000000
 -0.00000000   0.00000000     0.04076873   0.00000000     0.00000000   0.00000000
  0.00000000   0.00000000     0.00000000   0.00000000     0.04076873   0.00000000
    1    2
 -0.04319000  -0.04319000     0.00000000   0.00000000     0.00000000   0.00000000
  0.00000000   0.00000000    -0.00326141  -0.02228651     0.00000000   0.00000000
  0.00000000   0.00000000     0.00000000   0.00000000    -0.02228651  -0.00326141
    1    3
 -0.04319000  -0.04319000     0.00000000   0.00000000    -0.00000000   0.00000000
  0.00000000   0.00000000    -0.02228651  -0.00326141    -0.00000000   0.00000000
  0.00000000   0.00000000    -0.00000000   0.00000000    -0.00326141  -0.02228651
    1    4
  0.00000000   0.01705468    -0.06595614   0.00000000    -0.00000000   0.00000000
 -0.02282499   0.00000000    -0.00000000  -0.01012414     0.00000000  -0.00000000
 -0.00000000   0.00000000    -0.00000000   0.00000000     0.00000000   0.00284181
    1    5
  0.01705468   0.00000000     0.00000000  -0.06595614     0.00000000   0.00000000
  0.00000000  -0.02282499    -0.01012414   0.00000000     0.00000000   0.00000000
 -0.00000000   0.00000000    -0.00000000   0.00000000     0.00284181   0.00000000
    1    6
  0.01705468   0.00000000     0.00000000   0.00000000     0.00000000  -0.06595614
 -0.00000000   0.00000000     0.00284181   0.00000000     0.00000000   0.00000000
  0.00000000  -0.02282499     0.00000000   0.00000000    -0.01012414   0.00000000
    1    7
  0.00000000   0.01705468     0.00000000  -0.00000000    -0.06595614   0.00000000
  0.00000000  -0.00000000     0.00000000   0.00284181     0.00000000   0.00000000
 -0.02282499   0.00000000    -0.00000000   0.00000000    -0.00000000  -0.01012414
    2    1
 -0.04319000   0.04319000     0.00000000  -0.00000000     0.00000000   0.00000000
  0.00000000  -0.00000000    -0.00326141   0.02228651     0.00000000  -0.00000000
  0.00000000  -0.00000000     0.00000000  -0.00000000    -0.02228651   0.00326141
    2    2
  0.08952228   0.00000000    -0.00000000  -0.00000000     0.00000000   0.00000000
  0.00000000  -0.00000000     0.01760582   0.00000000    -0.00000000   0.00000000
  0.00000000   0.00000000    -0.00000000   0.00000000     0.01760582  -0.00000000
    2    3
  0.02440004   0.00000000     0.00000000  -0.00000000     0.00000000  -0.00000000
  0.00000000  -0.00000000     0.00242206  -0.01462746     0.00000000  -0.00000000
  0.00000000  -0.00000000     0.00000000  -0.00000000     0.00242206   0.01462746
    2    4
 -0.02064006  -0.03952825     0.01031453  -0.01567313     0.00000000   0.00000000
  0.00210932  -0.01605558     0.00578907  -0.00003942     0.00000000   0.00000000
  0.00000000   0.00000000    -0.00000000   0.00000000     0.00022236  -0.00127722
    2    5
 -0.03952825   0.02064006     0.01567312   0.01031453     0.00000000  -0.00000000
  0.01605558   0.00210932    -0.00003942  -0.00578907     0.00000000  -0.00000000
  0.00000000   0.00000000    -0.00000000   0.00000000    -0.00127722  -0.00022236
    2    6
 -0.02064006   0.03952825    -0.00000000  -0.00000000     0.01031453   0.01567313
 -0.00000000  -0.00000000     0.00022236   0.00127722    -0.00000000   0.00000000
  0.00210932   0.01605558    -0.00000000   0.00000000     0.00578907   0.00003942
    2    7
 -0.03952825  -0.02064006     0.00000000   0.00000000     0.01567312  -0.01031453
  0.00000000   0.00000000    -0.00127722   0.00022236     0.00000000   0.00000000
  0.01605558  -0.00210932     0.00000000  -0.00000000    -0.00003942   0.00578907
    3    1
 -0.04319000   0.04319000    -0.00000000   0.00000000    -0.00000000  -0.00000000
  0.00000000   0.00000000    -0.02228651   0.00326141    -0.00000000  -0.00000000
 -0.00000000  -0.00000000     0.00000000  -0.00000000    -0.00326141   0.02228651
    3    2
  0.02440004  -0.00000000     0.00000000   0.00000000     0.00000000   0.00000000
  0.00000000   0.00000000     0.00242206   0.01462746     0.00000000   0.00000000
  0.00000000   0.00000000     0.00000000   0.00000000     0.00242206  -0.01462746
    3    3
  0.08952228  -0.00000000    -0.00000000   0.00000000     0.00000000  -0.00000000
  0.00000000   0.00000000     0.01760582  -0.00000000    -0.00000000  -0.00000000
  0.00000000  -0.00000000    -0.00000000  -0.00000000     0.01760582   0.00000000
    3    4
 -0.03952825  -0.02064006     0.01567312  -0.01031453     0.00000000   0.00000000
  0.01605558  -0.00210932    -0.00003942   0.00578907     0.00000000   0.00000000
  0.00000000   0.00000000    -0.00000000   0.00000000    -0.00127722   0.00022236
    3    5
 -0.02064006   0.03952825     0.01031453   0.01567313    -0.00000000   0.00000000
  0.00210932   0.01605558     0.00578907   0.00003942    -0.00000000   0.00000000
 -0.00000000   0.00000000     0.00000000   0.00000000     0.00022236   0.00127722
    3    6
 -0.03952825   0.02064006     0.00000000  -0.00000000     0.01567312   0.01031453
  0.00000000  -0.00000000    -0.00127722  -0.00022236     0.00000000  -0.00000000
  0.01605558   0.00210932     0.00000000   0.00000000    -0.00003942  -0.00578907
    3    7
 -0.02064006  -0.03952825     0.00000000   0.00000000     0.01031453  -0.01567313
 -0.00000000   0.00000000     0.00022236  -0.00127722     0.00000000   0.00000000
  0.00210932  -0.01605558     0.00000000  -0.00000000     0.00578907  -0.00003942
    4    1
  0.00000000  -0.01705468    -0.02282499  -0.00000000    -0.00000000   0.00000000
 -0.06595614  -0.00000000    -0.00000000   0.01012414     0.00000000   0.00000000
  0.00000000   0.00000000    -0.00000000   0.00000000     0.00000000  -0.00284181
    4    2
 -0.02064006   0.03952825     0.00210932   0.01605558     0.00000000   0.00000000
  0.01031453   0.01567313     0.00578907   0.00003942     0.00000000   0.00000000
  0.00000000   0.00000000     0.00000000   0.00000000     0.00022236   0.00127722
    4    3
 -0.03952825   0.02064006     0.01605558   0.00210932     0.00000000   0.00000000
  0.01567312   0.01031453    -0.00003942  -0.00578907    -0.00000000   0.00000000
  0.00000000   0.00000000     0.00000000   0.00000000    -0.00127722  -0.00022236
    4    4
  0.06371278   0.00000000     0.00000000   0.01208903     0.00000000   0.00000000
 -0.00000000  -0.01208903     0.02283984   0.00000000    -0.00000000   0.00000000
  0.00000000   0.00000000    -0.00000000   0.00000000     0.03688493   0.00000000
    4    5
  0.00000000  -0.02699077    -0.00278610  -0.00000000     0.00000000  -0.00000000
 -0.00278610  -0.00000000    -0.00000000   0.01323134    -0.00000000  -0.00000000
  0.00000000  -0.00000000    -0.00000000  -0.00000000    -0.00000000   0.03511045
    4    6
  0.00000000  -0.03318118    -0.00045966  -0.00000000    -0.01007307  -0.00000000
 -0.01007307  -0.00000000    -0.00000000   0.00169741    -0.00000000   0.01594472
 -0.00045966  -0.00000000    -0.00000000   0.03570501    -0.00000000   0.00169741
    4    7
  0.03318118  -0.00000000    -0.00000000  -0.00045966     0.00000000   0.01007307
 -0.00000000  -0.01007307    -0.00169741   0.00000000     0.01594472  -0.00000000
  0.00000000   0.00045966     0.03570501  -0.00000000    -0.00169741   0.00000000
    5    1
  0.01705468  -0.00000000     0.00000000   0.02282499     0.00000000   0.00000000
  0.00000000   0.06595614    -0.01012414  -0.00000000     0.00000000   0.00000000
 -0.00000000  -0.00000000    -0.00000000   0.00000000     0.00284181   0.00000000
    5    2
 -0.03952825  -0.02064006     0.01605558  -0.00210932     0.00000000  -0.00000000
  0.01567312  -0.01031453    -0.00003942   0.00578907    -0.00000000  -0.00000000
  0.00000000  -0.00000000     0.00000000  -0.00000000    -0.00127722   0.00022236
    5    3
 -0.02064006  -0.03952825     0.00210932  -0.01605558     0.00000000  -0.00000000
  0.01031453  -0.01567313     0.00578907  -0.00003942     0.00000000   0.00000000
 -0.00000000   0.00000000     0.00000000   0.00000000     0.00022236  -0.00127722
    5    4
  0.00000000   0.02699077    -0.00278610   0.00000000     0.00000000   0.00000000
 -0.00278610   0.00000000    -0.00000000  -0.01323134    -0.00000000   0.00000000
  0.00000000   0.00000000    -0.00000000   0.00000000    -0.00000000  -0.03511045
    5    5
  0.06371278  -0.00000000     0.00000000  -0.01208903     0.00000000   0.00000000
 -0.00000000   0.01208903     0.02283984  -0.00000000    -0.00000000   0.00000000
  0.00000000   0.00000000    -0.00000000   0.00000000     0.03688493  -0.00000000
    5    6
  0.03318118   0.00000000    -0.00000000   0.00045966     0.00000000  -0.01007307
 -0.00000000   0.01007307    -0.00169741  -0.00000000     0.01594472   0.00000000
  0.00000000  -0.00045966     0.03570501   0.00000000    -0.00169741  -0.00000000
    5    7
  0.00000000   0.03318118    -0.00045966   0.00000000    -0.01007307   0.00000000
 -0.01007307   0.00000000    -0.00000000  -0.00169741    -0.00000000  -0.01594472
 -0.00045966   0.00000000    -0.00000000  -0.03570501    -0.00000000  -0.00169741
    6    1
  0.01705468  -0.00000000    -0.00000000  -0.00000000     0.00000000   0.02282499
 -0.00000000  -0.00000000     0.00284181  -0.00000000     0.00000000  -0.00000000
  0.00000000   0.06595614     0.00000000  -0.00000000    -0.01012414   0.00000000
    6    2
 -0.02064006  -0.03952825     0.00000000   0.00000000     0.00210932  -0.01605558
 -0.00000000   0.00000000     0.00022236  -0.00127722     0.00000000   0.00000000
  0.01031453  -0.01567313    -0.00000000   0.00000000     0.00578907  -0.00003942
    6    3
 -0.03952825  -0.02064006    -0.00000000   0.00000000     0.01605558  -0.00210932
 -0.00000000   0.00000000    -0.00127722   0.00022236     0.00000000  -0.00000000
  0.01567312  -0.01031453     0.00000000   0.00000000    -0.00003942   0.00578907
    6    4
  0.00000000   0.03318118    -0.01007307   0.00000000    -0.00045966   0.00000000
 -0.00045966   0.00000000    -0.00000000  -0.00169741    -0.00000000  -0.03570501
 -0.01007307   0.00000000    -0.00000000  -0.01594472    -0.00000000  -0.00169741
    6    5
  0.03318118  -0.00000000    -0.00000000  -0.01007307    -0.00000000   0.00045966
 -0.00000000  -0.00045966    -0.00169741   0.00000000     0.03570501  -0.00000000
  0.00000000   0.01007307     0.01594472  -0.00000000    -0.00169741   0.00000000
    6    6
  0.06371278   0.00000000    -0.00000000   0.00000000    -0.00000000  -0.01208903
  0.00000000   0.00000000     0.03688493  -0.00000000     0.00000000   0.00000000
 -0.00000000   0.01208903     0.00000000   0.00000000     0.02283984   0.00000000
    6    7
  0.00000000   0.02699077     0.00000000  -0.00000000    -0.00278610   0.00000000
  0.00000000   0.00000000    -0.00000000  -0.03511045    -0.00000000   0.00000000
 -0.00278610   0.00000000    -0.00000000   0.00000000    -0.00000000  -0.01323134
    7    1
  0.00000000  -0.01705468     0.00000000   0.00000000    -0.02282499  -0.00000000
  0.00000000   0.00000000     0.00000000  -0.00284181     0.00000000   0.00000000
 -0.06595614  -0.00000000     0.00000000  -0.00000000    -0.00000000   0.01012414
    7    2
 -0.03952825   0.02064006    -0.00000000  -0.00000000     0.01605558   0.00210932
 -0.00000000  -0.00000000    -0.00127722  -0.00022236    -0.00000000   0.00000000
  0.01567312   0.01031453     0.00000000   0.00000000    -0.00003942  -0.00578907
    7    3
 -0.02064006   0.03952825     0.00000000  -0.00000000     0.00210932   0.01605558
  0.00000000  -0.00000000     0.00022236   0.00127722     0.00000000   0.00000000
  0.01031453   0.01567313    -0.00000000   0.00000000     0.00578907   0.00003942
    7    4
  0.03318118   0.00000000    -0.00000000   0.01007307    -0.00000000  -0.00045966
 -0.00000000   0.00045966    -0.00169741   0.00000000     0.03570501   0.00000000
  0.00000000  -0.01007307     0.01594472   0.00000000    -0.00169741  -0.00000000
    7    5
  0.00000000  -0.03318118    -0.01007307  -0.00000000    -0.00045966  -0.00000000
 -0.00045966  -0.00000000    -0.00000000   0.00169741    -0.00000000   0.03570501
 -0.01007307  -0.00000000    -0.00000000   0.01594472    -0.00000000   0.00169741
    7    6
  0.00000000  -0.02699077     0.00000000   0.00000000    -0.00278610  -0.00000000
  0.00000000  -0.00000000    -0.00000000   0.03511045    -0.00000000  -0.00000000
 -0.00278610  -0.00000000    -0.00000000   0.00000000    -0.00000000   0.01323134
    7    7
  0.06371278  -0.00000000    -0.00000000  -0.00000000    -0.00000000   0.01208903
  0.00000000  -0.00000000     0.03688493   0.00000000     0.00000000  -0.00000000
 -0.00000000  -0.01208903     0.00000000   0.00000000     0.02283984  -0.00000000

     Dynamical  Matrix in cartesian axes

     q = (   -0.000000000   0.433012700   0.000000000 ) 

    1    1
  0.04076873   0.00000000     0.00000000   0.00000000    -0.00000000   0.00000000
 -0.00000000   0.00000000     0.35782429   0.00000000    -0.00000000   0.00000000
 -0.00000000   0.00000000     0.00000000   0.00000000     0.04076873   0.00000000
    1    2
 -0.01012414   0.00000000     0.00000000   0.02282499    -0.00000000   0.00000000
  0.00000000   0.06595614     0.01705468  -0.00000000    -0.00000000  -0.00000000
  0.00000000  -0.00000000     0.00000000  -0.00000000     0.00284181  -0.00000000
    1    3
 -0.00000000   0.01012414    -0.02282499  -0.00000000     0.00000000   0.00000000
 -0.06595614  -0.00000000     0.00000000  -0.01705468    -0.00000000   0.00000000
  0.00000000   0.00000000     0.00000000   0.00000000     0.00000000  -0.00284181
    1    4
 -0.02228651   0.00326141     0.00000000   0.00000000     0.00000000  -0.00000000
  0.00000000   0.00000000    -0.04319000   0.04319000     0.00000000  -0.00000000
  0.00000000  -0.00000000     0.00000000  -0.00000000    -0.00326141   0.02228651
    1    5
 -0.00326141   0.02228651     0.00000000  -0.00000000     0.00000000   0.00000000
  0.00000000   0.00000000    -0.04319000   0.04319000     0.00000000  -0.00000000
  0.00000000  -0.00000000     0.00000000  -0.00000000    -0.02228651   0.00326141
    1    6
  0.00000000  -0.00284181     0.00000000   0.00000000     0.00000000  -0.00000000
  0.00000000   0.00000000     0.00000000  -0.01705468    -0.06595614  -0.00000000
 -0.00000000  -0.00000000    -0.02282499  -0.00000000    -0.00000000   0.01012414
    1    7
  0.00284181  -0.00000000    -0.00000000  -0.00000000     0.00000000  -0.00000000
 -0.00000000  -0.00000000     0.01705468  -0.00000000     0.00000000   0.06595614
