  4.500000000000000E-002   1.25986529217407        2.41685017272211     
          24

     Dynamical  Matrix in cartesian axes

     q = (    0.433012700   0.324759500   0.324759500 ) 

    1    1
  0.07143827   0.00000000    -0.01052176   0.00000000    -0.01052176   0.00000000
 -0.01052176   0.00000000     0.07113319   0.00000000     0.01256057   0.00000000
 -0.01052176   0.00000000     0.01256057   0.00000000     0.07113319   0.00000000
    1    2
  0.00052935   0.00127797     0.00194122  -0.01144548    -0.00946582  -0.00672053
 -0.01348029   0.00093523     0.00103871  -0.00844839     0.00255309   0.00525895
  0.01019331  -0.00887069     0.00191333   0.00552394    -0.00670839  -0.00523944
    1    3
  0.00052935   0.00127797    -0.00946582  -0.00672053     0.00194122  -0.01144548
  0.01019331  -0.00887069    -0.00670839  -0.00523944     0.00191333   0.00552394
 -0.01348029   0.00093523     0.00255309   0.00525895     0.00103871  -0.00844839
    1    4
 -0.00159607  -0.00251092     0.00348719  -0.00431796    -0.00454453   0.00728232
 -0.01211379  -0.01104980     0.01437138  -0.00879244     0.00606579  -0.00404459
 -0.00146096   0.00447367     0.00774097   0.00236472     0.01069324   0.00573711
    1    5
 -0.00064690  -0.00290408    -0.00551908  -0.00058744     0.00836285   0.00193591
  0.00075236  -0.01637913    -0.01637929   0.00394490    -0.00714911   0.00142920
  0.00419641   0.00213031    -0.00380158   0.00714580    -0.00350452   0.01161801
    1    6
 -0.00064690  -0.00290408     0.00836285   0.00193591    -0.00551908  -0.00058744
  0.00419641   0.00213031    -0.00350452   0.01161801    -0.00380158   0.00714580
  0.00075236  -0.01637913    -0.00714911   0.00142920    -0.01637929   0.00394490
    1    7
 -0.00159607  -0.00251092    -0.00454453   0.00728232     0.00348719  -0.00431796
 -0.00146096   0.00447367     0.01069324   0.00573711     0.00774097   0.00236472
 -0.01211379  -0.01104980     0.00606579  -0.00404459     0.01437138  -0.00879244
    2    1
  0.00052935  -0.00127797    -0.01348029  -0.00093523     0.01019331   0.00887069
  0.00194122   0.01144548     0.00103871   0.00844839     0.00191333  -0.00552394
 -0.00946582   0.00672053     0.00255309  -0.00525895    -0.00670839   0.00523944
    2    2
  0.07275453  -0.00000000     0.00302486   0.01533596     0.00302486  -0.01533596
  0.00302486  -0.01533596     0.04915756  -0.00000000     0.00498980  -0.00373215
  0.00302486   0.01533596     0.00498980   0.00373215     0.04915756   0.00000000
    2    3
  0.00345144   0.00000000     0.00411531   0.00194821     0.00411531  -0.00194821
  0.00411531   0.00194821    -0.00216577   0.01694647    -0.00717082   0.00000000
  0.00411531  -0.00194821    -0.00717082   0.00000000    -0.00216577  -0.01694647
    2    4
 -0.00441055   0.02314065    -0.00512124   0.03978879    -0.00204930   0.00227353
  0.00489098   0.03011970     0.01028838   0.01440661    -0.00982585  -0.00123623
 -0.01215658   0.00549971    -0.00671800   0.00495725     0.00507055   0.00257442
    2    5
 -0.01740899   0.00666016     0.01395798  -0.00972416    -0.00059355   0.00781070
  0.03483037   0.00542503    -0.01179084  -0.00691001     0.00185647  -0.00490259
  0.00061887   0.00319892     0.00364077  -0.00393573    -0.01530821  -0.00339058
    2    6
 -0.00441055  -0.02314065    -0.00204930  -0.00227353    -0.00512124  -0.03978879
 -0.01215658  -0.00549971     0.00507055  -0.00257442    -0.00671800  -0.00495725
  0.00489098  -0.03011970    -0.00982585   0.00123623     0.01028838  -0.01440661
    2    7
 -0.01740899  -0.00666016    -0.00059355  -0.00781070     0.01395798   0.00972416
  0.00061887  -0.00319892    -0.01530821   0.00339058     0.00364077   0.00393573
  0.03483037  -0.00542503     0.00185647   0.00490259    -0.01179084   0.00691001
    3    1
  0.00052935  -0.00127797     0.01019331   0.00887069    -0.01348029  -0.00093523
 -0.00946582   0.00672053    -0.00670839   0.00523944     0.00255309  -0.00525895
  0.00194122   0.01144548     0.00191333  -0.00552394     0.00103871   0.00844839
    3    2
  0.00345144  -0.00000000     0.00411531  -0.00194821     0.00411531   0.00194821
  0.00411531  -0.00194821    -0.00216577  -0.01694647    -0.00717082  -0.00000000
  0.00411531   0.00194821    -0.00717082  -0.00000000    -0.00216577   0.01694647
    3    3
  0.07275453   0.00000000     0.00302486  -0.01533596     0.00302486   0.01533596
  0.00302486   0.01533596     0.04915756   0.00000000     0.00498980   0.00373215
  0.00302486  -0.01533596     0.00498980  -0.00373215     0.04915756  -0.00000000
    3    4
 -0.01740899  -0.00666016     0.01395798   0.00972416    -0.00059355  -0.00781070
  0.03483037  -0.00542503    -0.01179084   0.00691001     0.00185647   0.00490259
  0.00061887  -0.00319892     0.00364077   0.00393573    -0.01530821   0.00339058
    3    5
 -0.00441055  -0.02314065    -0.00512124  -0.03978879    -0.00204930  -0.00227353
  0.00489098  -0.03011970     0.01028838  -0.01440661    -0.00982585   0.00123623
 -0.01215658  -0.00549971    -0.00671800  -0.00495725     0.00507055  -0.00257442
    3    6
 -0.01740899   0.00666016    -0.00059355   0.00781070     0.01395798  -0.00972416
  0.00061887   0.00319892    -0.01530821  -0.00339058     0.00364077  -0.00393573
  0.03483037   0.00542503     0.00185647  -0.00490259    -0.01179084  -0.00691001
    3    7
 -0.00441055   0.02314065    -0.00204930   0.00227353    -0.00512124   0.03978879
 -0.01215658   0.00549971     0.00507055   0.00257442    -0.00671800   0.00495725
  0.00489098   0.03011970    -0.00982585  -0.00123623     0.01028838   0.01440661
    4    1
 -0.00159607   0.00251092    -0.01211379   0.01104980    -0.00146096  -0.00447367
  0.00348719   0.00431796     0.01437138   0.00879244     0.00774097  -0.00236472
 -0.00454453  -0.00728232     0.00606579   0.00404459     0.01069324  -0.00573711
    4    2
 -0.00441055  -0.02314065     0.00489098  -0.03011970    -0.01215658  -0.00549971
 -0.00512124  -0.03978879     0.01028838  -0.01440661    -0.00671800  -0.00495725
 -0.00204930  -0.00227353    -0.00982585   0.00123623     0.00507055  -0.00257442
    4    3
 -0.01740899   0.00666016     0.03483037   0.00542503     0.00061887   0.00319892
  0.01395798  -0.00972416    -0.01179084  -0.00691001     0.00364077  -0.00393573
 -0.00059355   0.00781070     0.00185647  -0.00490259    -0.01530821  -0.00339058
    4    4
  0.05372914   0.00000000     0.00501610  -0.00007346    -0.00146696   0.00324249
  0.00501610   0.00007346     0.05446498   0.00000000     0.00095858   0.00543130
 -0.00146696  -0.00324249     0.00095858  -0.00543130     0.04369133  -0.00000000
    4    5
  0.01033805  -0.01584566     0.00090542   0.00026170    -0.00706556  -0.00291738
  0.00090542   0.00026170    -0.00981249  -0.00383903     0.00560665  -0.00313174
 -0.00706556  -0.00291738     0.00560665  -0.00313174    -0.01180161   0.01123012
    4    6
 -0.00411189   0.00799442    -0.00762532  -0.00636767    -0.01151543   0.00411767
 -0.01151543   0.00411767    -0.00473291   0.00757225    -0.02969489   0.01216727
 -0.00762532  -0.00636767    -0.02083520   0.02187586    -0.00473291   0.00757225
    4    7
 -0.01010484   0.00000000    -0.00079348   0.01011588     0.00086953  -0.00669256
  0.00086953   0.00669256    -0.01513347   0.00609645     0.01700548   0.00000000
 -0.00079348  -0.01011588     0.02501065   0.00000000    -0.01513347  -0.00609645
    5    1
 -0.00064690   0.00290408     0.00075236   0.01637913     0.00419641  -0.00213031
 -0.00551908   0.00058744    -0.01637929  -0.00394490    -0.00380158  -0.00714580
  0.00836285  -0.00193591    -0.00714911  -0.00142920    -0.00350452  -0.01161801
    5    2
 -0.01740899  -0.00666016     0.03483037  -0.00542503     0.00061887  -0.00319892
  0.01395798   0.00972416    -0.01179084   0.00691001     0.00364077   0.00393573
 -0.00059355  -0.00781070     0.00185647   0.00490259    -0.01530821   0.00339058
    5    3
 -0.00441055   0.02314065     0.00489098   0.03011970    -0.01215658   0.00549971
 -0.00512124   0.03978879     0.01028838   0.01440661    -0.00671800   0.00495725
 -0.00204930   0.00227353    -0.00982585  -0.00123623     0.00507055   0.00257442
    5    4
  0.01033805   0.01584566     0.00090542  -0.00026170    -0.00706556   0.00291738
  0.00090542  -0.00026170    -0.00981249   0.00383903     0.00560665   0.00313174
 -0.00706556   0.00291738     0.00560665   0.00313174    -0.01180161  -0.01123012
    5    5
  0.05372914  -0.00000000     0.00501610   0.00007346    -0.00146696  -0.00324249
  0.00501610  -0.00007346     0.05446498  -0.00000000     0.00095858  -0.00543130
 -0.00146696   0.00324249     0.00095858   0.00543130     0.04369133   0.00000000
    5    6
 -0.01010484  -0.00000000    -0.00079348  -0.01011588     0.00086953   0.00669256
  0.00086953  -0.00669256    -0.01513347  -0.00609645     0.01700548   0.00000000
 -0.00079348   0.01011588     0.02501065   0.00000000    -0.01513347   0.00609645
    5    7
 -0.00411189  -0.00799442    -0.00762532   0.00636767    -0.01151543  -0.00411767
 -0.01151543  -0.00411767    -0.00473291  -0.00757225    -0.02969489  -0.01216727
 -0.00762532   0.00636767    -0.02083520  -0.02187586    -0.00473291  -0.00757225
    6    1
 -0.00064690   0.00290408     0.00419641  -0.00213031     0.00075236   0.01637913
  0.00836285  -0.00193591    -0.00350452  -0.01161801    -0.00714911  -0.00142920
 -0.00551908   0.00058744    -0.00380158  -0.00714580    -0.01637929  -0.00394490
    6    2
 -0.00441055   0.02314065    -0.01215658   0.00549971     0.00489098   0.03011970
 -0.00204930   0.00227353     0.00507055   0.00257442    -0.00982585  -0.00123623
 -0.00512124   0.03978879    -0.00671800   0.00495725     0.01028838   0.01440661
    6    3
 -0.01740899  -0.00666016     0.00061887  -0.00319892     0.03483037  -0.00542503
 -0.00059355  -0.00781070    -0.01530821   0.00339058     0.00185647   0.00490259
  0.01395798   0.00972416     0.00364077   0.00393573    -0.01179084   0.00691001
    6    4
 -0.00411189  -0.00799442    -0.01151543  -0.00411767    -0.00762532   0.00636767
 -0.00762532   0.00636767    -0.00473291  -0.00757225    -0.02083520  -0.02187586
 -0.01151543  -0.00411767    -0.02969489  -0.01216727    -0.00473291  -0.00757225
    6    5
 -0.01010484   0.00000000     0.00086953   0.00669256    -0.00079348  -0.01011588
 -0.00079348   0.01011588    -0.01513347   0.00609645     0.02501065  -0.00000000
  0.00086953  -0.00669256     0.01700548  -0.00000000    -0.01513347  -0.00609645
    6    6
  0.05372914  -0.00000000    -0.00146696  -0.00324249     0.00501610   0.00007346
 -0.00146696   0.00324249     0.04369133   0.00000000     0.00095858   0.00543130
  0.00501610  -0.00007346     0.00095858  -0.00543130     0.05446498  -0.00000000
    6    7
  0.01033805   0.01584566    -0.00706556   0.00291738     0.00090542  -0.00026170
 -0.00706556   0.00291738    -0.01180161  -0.01123012     0.00560665   0.00313174
  0.00090542  -0.00026170     0.00560665   0.00313174    -0.00981249   0.00383903
    7    1
 -0.00159607   0.00251092    -0.00146096  -0.00447367    -0.01211379   0.01104980
 -0.00454453  -0.00728232     0.01069324  -0.00573711     0.00606579   0.00404459
  0.00348719   0.00431796     0.00774097  -0.00236472     0.01437138   0.00879244
    7    2
 -0.01740899   0.00666016     0.00061887   0.00319892     0.03483037   0.00542503
 -0.00059355   0.00781070    -0.01530821  -0.00339058     0.00185647  -0.00490259
  0.01395798  -0.00972416     0.00364077  -0.00393573    -0.01179084  -0.00691001
    7    3
 -0.00441055  -0.02314065    -0.01215658  -0.00549971     0.00489098  -0.03011970
 -0.00204930  -0.00227353     0.00507055  -0.00257442    -0.00982585   0.00123623
 -0.00512124  -0.03978879    -0.00671800  -0.00495725     0.01028838  -0.01440661
    7    4
 -0.01010484  -0.00000000     0.00086953  -0.00669256    -0.00079348   0.01011588
 -0.00079348  -0.01011588    -0.01513347  -0.00609645     0.02501065  -0.00000000
  0.00086953   0.00669256     0.01700548  -0.00000000    -0.01513347   0.00609645
    7    5
 -0.00411189   0.00799442    -0.01151543   0.00411767    -0.00762532  -0.00636767
 -0.00762532  -0.00636767    -0.00473291   0.00757225    -0.02083520   0.02187586
 -0.01151543   0.00411767    -0.02969489   0.01216727    -0.00473291   0.00757225
    7    6
  0.01033805  -0.01584566    -0.00706556  -0.00291738     0.00090542   0.00026170
 -0.00706556  -0.00291738    -0.01180161   0.01123012     0.00560665  -0.00313174
  0.00090542   0.00026170     0.00560665  -0.00313174    -0.00981249  -0.00383903
    7    7
  0.05372914   0.00000000    -0.00146696   0.00324249     0.00501610  -0.00007346
 -0.00146696  -0.00324249     0.04369133  -0.00000000     0.00095858  -0.00543130
  0.00501610   0.00007346     0.00095858   0.00543130     0.05446498   0.00000000

     Dynamical  Matrix in cartesian axes

     q = (   -0.433012700   0.324759500  -0.324759500 ) 

    1    1
  0.07143827   0.00000000     0.01052176  -0.00000000    -0.01052176   0.00000000
  0.01052176  -0.00000000     0.07113319   0.00000000    -0.01256057  -0.00000000
 -0.01052176   0.00000000    -0.01256057  -0.00000000     0.07113319   0.00000000
    1    2
  0.00052935  -0.00127797    -0.00194122  -0.01144548    -0.00946582   0.00672053
  0.01348029   0.00093523     0.00103871   0.00844839    -0.00255309   0.00525895
  0.01019331   0.00887069    -0.00191333   0.00552394    -0.00670839   0.00523944
    1    3
 -0.00127797   0.00052935    -0.01144548  -0.00194122     0.00672053  -0.00946582
  0.00093523   0.01348029     0.00844839   0.00103871     0.00525895  -0.00255309
  0.00887069   0.01019331     0.00552394  -0.00191333     0.00523944  -0.00670839
    1    4
  0.00159607   0.00251092     0.00348719  -0.00431796     0.00454453  -0.00728232
 -0.01211379  -0.01104980    -0.01437138   0.00879244     0.00606579  -0.00404459
  0.00146096  -0.00447367     0.00774097   0.00236472    -0.01069324  -0.00573711
    1    5
  0.00251092   0.00159607    -0.00431796   0.00348719    -0.00728232   0.00454453
 -0.01104980  -0.01211379     0.00879244  -0.01437138    -0.00404459   0.00606579
 -0.00447367   0.00146096     0.00236472   0.00774097    -0.00573711  -0.01069324
    1    6
  0.00251092  -0.00159607     0.00728232   0.00454453     0.00431796   0.00348719
  0.00447367   0.00146096    -0.00573711   0.01069324     0.00236472  -0.00774097
  0.01104980  -0.01211379    -0.00404459  -0.00606579     0.00879244   0.01437138
    1    7
 -0.00159607   0.00251092     0.00454453   0.00728232     0.00348719   0.00431796
  0.00146096   0.00447367     0.01069324  -0.00573711    -0.00774097   0.00236472
 -0.01211379   0.01104980    -0.00606579  -0.00404459     0.01437138   0.00879244
    2    1
  0.00052935   0.00127797     0.01348029  -0.00093523     0.01019331  -0.00887069
 -0.00194122   0.01144548     0.00103871  -0.00844839    -0.00191333  -0.00552394
 -0.00946582  -0.00672053    -0.00255309  -0.00525895    -0.00670839  -0.00523944
    2    2
  0.07275453  -0.00000000    -0.00302486   0.01533596     0.00302486   0.01533596
 -0.00302486  -0.01533596     0.04915756   0.00000000    -0.00498980  -0.00373215
  0.00302486  -0.01533596    -0.00498980   0.00373215     0.04915756   0.00000000
    2    3
 -0.00244054  -0.00244054     0.00428755   0.00153237    -0.00153237  -0.00428756
  0.00428755   0.00153237    -0.01045154   0.01351439    -0.00507054  -0.00507054
 -0.00153237  -0.00428756    -0.00507054  -0.00507054     0.01351439  -0.01045153
    2    4
 -0.01701946   0.00760057    -0.01674580   0.00299376    -0.00594270  -0.00510330
 -0.02079272   0.02846486    -0.00345127   0.01322349    -0.00477937  -0.00215393
 -0.00182437  -0.00269959    -0.00535739  -0.00020857    -0.00842703   0.01322204
    2    5
 -0.02314065   0.00441055     0.03978879  -0.00512124    -0.00227353   0.00204930
  0.03011970   0.00489098    -0.01440661  -0.01028838    -0.00123623  -0.00982585
 -0.00549971   0.01215658     0.00495725  -0.00671800    -0.00257442  -0.00507055
    2    6
  0.01948165  -0.01324418    -0.00305670   0.00015855     0.03175619  -0.02451365
 -0.01248488  -0.00470712    -0.00176503  -0.00540581    -0.00825565  -0.00124504
  0.01783940  -0.02475628    -0.00607378  -0.00782207     0.00291203  -0.01746200
    2    7
 -0.01740899   0.00666016     0.00059355  -0.00781070     0.01395798  -0.00972416
 -0.00061887  -0.00319892    -0.01530821  -0.00339058    -0.00364077   0.00393573
  0.03483037   0.00542503    -0.00185647   0.00490259    -0.01179084  -0.00691001
    3    1
 -0.00127797  -0.00052935     0.00093523  -0.01348029     0.00887069  -0.01019331
 -0.01144548   0.00194122     0.00844839  -0.00103871     0.00552394   0.00191333
  0.00672053   0.00946582     0.00525895   0.00255309     0.00523944   0.00670839
    3    2
 -0.00244054   0.00244054     0.00428755  -0.00153237    -0.00153237   0.00428756
  0.00428755  -0.00153237    -0.01045154  -0.01351439    -0.00507054   0.00507054
 -0.00153237   0.00428756    -0.00507054   0.00507054     0.01351439   0.01045153
    3    3
  0.07275453  -0.00000000    -0.00302486  -0.01533596     0.00302486  -0.01533596
 -0.00302486   0.01533596     0.04915756   0.00000000    -0.00498980   0.00373215
  0.00302486   0.01533596    -0.00498980  -0.00373215     0.04915756  -0.00000000
    3    4
 -0.02314065  -0.00441055     0.03978879   0.00512124    -0.00227353  -0.00204930
  0.03011970  -0.00489098    -0.01440661   0.01028838    -0.00123623   0.00982585
 -0.00549971  -0.01215658     0.00495725   0.00671800    -0.00257442   0.00507055
    3    5
 -0.01701946  -0.00760057    -0.01674580  -0.00299376    -0.00594270   0.00510330
 -0.02079272  -0.02846486    -0.00345127  -0.01322349    -0.00477937   0.00215393
 -0.00182437   0.00269959    -0.00535739   0.00020857    -0.00842703  -0.01322204
    3    6
 -0.01740899  -0.00666016     0.00059355   0.00781070     0.01395798   0.00972416
 -0.00061887   0.00319892    -0.01530821   0.00339058    -0.00364077  -0.00393573
  0.03483037  -0.00542503    -0.00185647  -0.00490259    -0.01179084   0.00691001
    3    7
  0.01948165   0.01324418    -0.00305670  -0.00015855     0.03175619   0.02451365
 -0.01248488   0.00470712    -0.00176503   0.00540581    -0.00825565   0.00124504
  0.01783940   0.02475628    -0.00607378   0.00782207     0.00291203   0.01746200
    4    1
  0.00159607  -0.00251092    -0.01211379   0.01104980     0.00146096   0.00447367
  0.00348719   0.00431796    -0.01437138  -0.00879244     0.00774097  -0.00236472
  0.00454453   0.00728232     0.00606579   0.00404459    -0.01069324   0.00573711
    4    2
 -0.01701946  -0.00760057    -0.02079272  -0.02846486    -0.00182437   0.00269959
 -0.01674580  -0.00299376    -0.00345127  -0.01322349    -0.00535739   0.00020857
 -0.00594270   0.00510330    -0.00477937   0.00215393    -0.00842703  -0.01322204
    4    3
 -0.02314065   0.00441055     0.03011970   0.00489098    -0.00549971   0.01215658
  0.03978879  -0.00512124    -0.01440661  -0.01028838     0.00495725  -0.00671800
 -0.00227353   0.00204930    -0.00123623  -0.00982585    -0.00257442  -0.00507055
    4    4
  0.05372914  -0.00000000    -0.00501610   0.00007346    -0.00146696   0.00324249
 -0.00501610  -0.00007346     0.05446498   0.00000000    -0.00095858  -0.00543130
 -0.00146696  -0.00324249    -0.00095858   0.00543130     0.04369133  -0.00000000
    4    5
 -0.00389448  -0.01851468    -0.00082528   0.00045518    -0.00705900   0.00293321
 -0.00082528   0.00045518    -0.00965308   0.00422388    -0.00175002   0.00617898
 -0.00705900   0.00293321    -0.00175002   0.00617898    -0.00040410   0.01628589
    4    6
 -0.00000000   0.01010484    -0.01011588  -0.00079348    -0.00669256  -0.00086953
 -0.00669256   0.00086953     0.00609645   0.01513347    -0.00000000   0.01700548
 -0.01011588   0.00079348    -0.00000000   0.02501065    -0.00609645   0.01513347
    4    7
 -0.00856045   0.00274536     0.00088929   0.00989454    -0.01105427  -0.00523100
  0.01105427   0.00523100    -0.00870106   0.00200772     0.02960102   0.01239389
 -0.00088929  -0.00989454     0.03020128  -0.00073586    -0.00870106   0.00200772
    5    1
  0.00251092  -0.00159607    -0.01104980   0.01211379    -0.00447367  -0.00146096
 -0.00431796  -0.00348719     0.00879244   0.01437138     0.00236472  -0.00774097
 -0.00728232  -0.00454453    -0.00404459  -0.00606579    -0.00573711   0.01069324
    5    2
 -0.02314065  -0.00441055     0.03011970  -0.00489098    -0.00549971  -0.01215658
  0.03978879   0.00512124    -0.01440661   0.01028838     0.00495725   0.00671800
 -0.00227353  -0.00204930    -0.00123623   0.00982585    -0.00257442   0.00507055
    5    3
 -0.01701946   0.00760057    -0.02079272   0.02846486    -0.00182437  -0.00269959
 -0.01674580   0.00299376    -0.00345127   0.01322349    -0.00535739  -0.00020857
 -0.00594270  -0.00510330    -0.00477937  -0.00215393    -0.00842703   0.01322204
    5    4
 -0.00389448   0.01851468    -0.00082528  -0.00045518    -0.00705900  -0.00293321
 -0.00082528  -0.00045518    -0.00965308  -0.00422388    -0.00175002  -0.00617898
 -0.00705900  -0.00293321    -0.00175002  -0.00617898    -0.00040410  -0.01628589
    5    5
  0.05372914  -0.00000000    -0.00501610  -0.00007346    -0.00146696  -0.00324249
 -0.00501610   0.00007346     0.05446498  -0.00000000    -0.00095858   0.00543130
 -0.00146696   0.00324249    -0.00095858  -0.00543130     0.04369133  -0.00000000
    5    6
 -0.00856045  -0.00274536     0.00088929  -0.00989454    -0.01105427   0.00523100
  0.01105427  -0.00523100    -0.00870106  -0.00200772     0.02960102  -0.01239389
 -0.00088929   0.00989454     0.03020128   0.00073586    -0.00870106  -0.00200772
    5    7
 -0.00000000  -0.01010484    -0.01011588   0.00079348    -0.00669256   0.00086953
 -0.00669256  -0.00086953     0.00609645  -0.01513347    -0.00000000  -0.01700548
 -0.01011588  -0.00079348    -0.00000000  -0.02501065    -0.00609645  -0.01513347
    6    1
  0.00251092   0.00159607     0.00447367  -0.00146096     0.01104980   0.01211379
  0.00728232  -0.00454453    -0.00573711  -0.01069324    -0.00404459   0.00606579
  0.00431796  -0.00348719     0.00236472   0.00774097     0.00879244  -0.01437138
    6    2
  0.01948165   0.01324418    -0.01248488   0.00470712     0.01783940   0.02475628
 -0.00305670  -0.00015855    -0.00176503   0.00540581    -0.00607378   0.00782207
  0.03175619   0.02451365    -0.00825565   0.00124504     0.00291203   0.01746200
    6    3
 -0.01740899   0.00666016    -0.00061887  -0.00319892     0.03483037   0.00542503
  0.00059355  -0.00781070    -0.01530821  -0.00339058    -0.00185647   0.00490259
  0.01395798  -0.00972416    -0.00364077   0.00393573    -0.01179084  -0.00691001
    6    4
 -0.00000000  -0.01010484    -0.00669256  -0.00086953    -0.01011588  -0.00079348
 -0.01011588   0.00079348     0.00609645  -0.01513347    -0.00000000  -0.02501065
 -0.00669256   0.00086953    -0.00000000  -0.01700548    -0.00609645  -0.01513347
    6    5
 -0.00856045   0.00274536     0.01105427   0.00523100    -0.00088929  -0.00989454
  0.00088929   0.00989454    -0.00870106   0.00200772     0.03020128  -0.00073586
 -0.01105427  -0.00523100     0.02960102   0.01239389    -0.00870106   0.00200772
    6    6
  0.05372914  -0.00000000     0.00146696  -0.00324249     0.00501610  -0.00007346
  0.00146696   0.00324249     0.04369133  -0.00000000    -0.00095858   0.00543130
  0.00501610   0.00007346    -0.00095858  -0.00543130     0.05446498  -0.00000000
    6    7
  0.00389448   0.01851468    -0.00705900   0.00293321    -0.00082528   0.00045518
 -0.00705900   0.00293321     0.00040410  -0.01628589     0.00175002  -0.00617898
 -0.00082528   0.00045518     0.00175002  -0.00617898     0.00965308  -0.00422388
    7    1
 -0.00159607  -0.00251092     0.00146096  -0.00447367    -0.01211379  -0.01104980
  0.00454453  -0.00728232     0.01069324   0.00573711    -0.00606579   0.00404459
  0.00348719  -0.00431796    -0.00774097  -0.00236472     0.01437138  -0.00879244
    7    2
 -0.01740899  -0.00666016    -0.00061887   0.00319892     0.03483037  -0.00542503
  0.00059355   0.00781070    -0.01530821   0.00339058    -0.00185647  -0.00490259
  0.01395798   0.00972416    -0.00364077  -0.00393573    -0.01179084   0.00691001
    7    3
  0.01948165  -0.01324418    -0.01248488  -0.00470712     0.01783940  -0.02475628
 -0.00305670   0.00015855    -0.00176503  -0.00540581    -0.00607378  -0.00782207
  0.03175619  -0.02451365    -0.00825565  -0.00124504     0.00291203  -0.01746200
    7    4
 -0.00856045  -0.00274536     0.01105427  -0.00523100    -0.00088929   0.00989454
  0.00088929  -0.00989454    -0.00870106  -0.00200772     0.03020128   0.00073586
 -0.01105427   0.00523100     0.02960102  -0.01239389    -0.00870106  -0.00200772
    7    5
 -0.00000000   0.01010484    -0.00669256   0.00086953    -0.01011588   0.00079348
 -0.01011588  -0.00079348     0.00609645   0.01513347    -0.00000000   0.02501065
 -0.00669256  -0.00086953    -0.00000000   0.01700548    -0.00609645   0.01513347
    7    6
  0.00389448  -0.01851468    -0.00705900  -0.00293321    -0.00082528  -0.00045518
 -0.00705900  -0.00293321     0.00040410   0.01628589     0.00175002   0.00617898
 -0.00082528  -0.00045518     0.00175002   0.00617898     0.00965308   0.00422388
    7    7
  0.05372914  -0.00000000     0.00146696   0.00324249     0.00501610   0.00007346
  0.00146696  -0.00324249     0.04369133   0.00000000    -0.00095858  -0.00543130
  0.00501610  -0.00007346    -0.00095858   0.00543130     0.05446498  -0.00000000

     Dynamical  Matrix in cartesian axes

     q = (    0.433012700  -0.324759500  -0.324759500 ) 

    1    1
  0.07143827   0.00000000     0.01052176  -0.00000000     0.01052176  -0.00000000
  0.01052176  -0.00000000     0.07113319   0.00000000     0.01256057   0.00000000
  0.01052176  -0.00000000     0.01256057   0.00000000     0.07113319   0.00000000
    1    2
 -0.00127797  -0.00052935    -0.00672053  -0.00946582    -0.01144548   0.00194122
 -0.00887069   0.01019331     0.00523944   0.00670839    -0.00552394  -0.00191333
  0.00093523  -0.01348029    -0.00525895  -0.00255309     0.00844839  -0.00103871
    1    3
 -0.00127797  -0.00052935    -0.01144548   0.00194122    -0.00672053  -0.00946582
  0.00093523  -0.01348029     0.00844839  -0.00103871    -0.00525895  -0.00255309
 -0.00887069   0.01019331    -0.00552394  -0.00191333     0.00523944   0.00670839
    1    4
  0.00159607  -0.00251092     0.00348719   0.00431796    -0.00454453  -0.00728232
 -0.01211379   0.01104980    -0.01437138  -0.00879244    -0.00606579  -0.00404459
 -0.00146096  -0.00447367    -0.00774097   0.00236472    -0.01069324   0.00573711
    1    5
 -0.00064690   0.00290408     0.00551908  -0.00058744    -0.00836285   0.00193591
 -0.00075236  -0.01637913    -0.01637929  -0.00394490    -0.00714911  -0.00142920
 -0.00419641   0.00213031    -0.00380158  -0.00714580    -0.00350452  -0.01161801
    1    6
 -0.00064690   0.00290408    -0.00836285   0.00193591     0.00551908  -0.00058744
 -0.00419641   0.00213031    -0.00350452  -0.01161801    -0.00380158  -0.00714580
 -0.00075236  -0.01637913    -0.00714911  -0.00142920    -0.01637929  -0.00394490
    1    7
  0.00159607  -0.00251092    -0.00454453  -0.00728232     0.00348719   0.00431796
 -0.00146096  -0.00447367    -0.01069324   0.00573711    -0.00774097   0.00236472
 -0.01211379   0.01104980    -0.00606579  -0.00404459    -0.01437138  -0.00879244
    2    1
 -0.00127797   0.00052935    -0.00887069  -0.01019331     0.00093523   0.01348029
 -0.00672053   0.00946582     0.00523944  -0.00670839    -0.00525895   0.00255309
 -0.01144548  -0.00194122    -0.00552394   0.00191333     0.00844839   0.00103871
    2    2
  0.07275453   0.00000000    -0.00302486  -0.01533596    -0.00302486   0.01533596
 -0.00302486   0.01533596     0.04915756  -0.00000000     0.00498980  -0.00373215
 -0.00302486  -0.01533596     0.00498980   0.00373215     0.04915756   0.00000000
    2    3
  0.00345144   0.00000000    -0.00411531  -0.00194821    -0.00411531   0.00194821
 -0.00411531  -0.00194821    -0.00216577   0.01694647    -0.00717082  -0.00000000
 -0.00411531   0.00194821    -0.00717082  -0.00000000    -0.00216577  -0.01694647
    2    4
  0.00666016   0.01740899     0.00972416   0.01395798    -0.00781070  -0.00059355
 -0.00542503   0.03483037    -0.00691001   0.01179084    -0.00490259  -0.00185647
 -0.00319892   0.00061887    -0.00393573  -0.00364077    -0.00339058   0.01530821
    2    5
 -0.02314065  -0.00441055     0.03978879   0.00512124     0.00227353   0.00204930
  0.03011970  -0.00489098    -0.01440661   0.01028838     0.00123623  -0.00982585
  0.00549971   0.01215658    -0.00495725  -0.00671800    -0.00257442   0.00507055
    2    6
  0.00666016  -0.01740899    -0.00781070   0.00059355     0.00972416  -0.01395798
 -0.00319892  -0.00061887    -0.00339058  -0.01530821    -0.00393573   0.00364077
 -0.00542503  -0.03483037    -0.00490259   0.00185647    -0.00691001  -0.01179084
    2    7
 -0.02314065   0.00441055     0.00227353  -0.00204930     0.03978879  -0.00512124
  0.00549971  -0.01215658    -0.00257442  -0.00507055    -0.00495725   0.00671800
  0.03011970   0.00489098     0.00123623   0.00982585    -0.01440661  -0.01028838
    3    1
 -0.00127797   0.00052935     0.00093523   0.01348029    -0.00887069  -0.01019331
 -0.01144548  -0.00194122     0.00844839   0.00103871    -0.00552394   0.00191333
 -0.00672053   0.00946582    -0.00525895   0.00255309     0.00523944  -0.00670839
    3    2
  0.00345144  -0.00000000    -0.00411531   0.00194821    -0.00411531  -0.00194821
 -0.00411531   0.00194821    -0.00216577  -0.01694647    -0.00717082   0.00000000
 -0.00411531  -0.00194821    -0.00717082   0.00000000    -0.00216577   0.01694647
    3    3
  0.07275453  -0.00000000    -0.00302486   0.01533596    -0.00302486  -0.01533596
 -0.00302486  -0.01533596     0.04915756  -0.00000000     0.00498980   0.00373215
 -0.00302486   0.01533596     0.00498980  -0.00373215     0.04915756   0.00000000
    3    4
 -0.02314065   0.00441055     0.03978879  -0.00512124     0.00227353  -0.00204930
  0.03011970   0.00489098    -0.01440661  -0.01028838     0.00123623   0.00982585
  0.00549971  -0.01215658    -0.00495725   0.00671800    -0.00257442  -0.00507055
    3    5
  0.00666016  -0.01740899     0.00972416  -0.01395798    -0.00781070   0.00059355
 -0.00542503  -0.03483037    -0.00691001  -0.01179084    -0.00490259   0.00185647
 -0.00319892  -0.00061887    -0.00393573   0.00364077    -0.00339058  -0.01530821
    3    6
 -0.02314065  -0.00441055     0.00227353   0.00204930     0.03978879   0.00512124
  0.00549971   0.01215658    -0.00257442   0.00507055    -0.00495725  -0.00671800
  0.03011970  -0.00489098     0.00123623  -0.00982585    -0.01440661   0.01028838
    3    7
  0.00666016   0.01740899    -0.00781070  -0.00059355     0.00972416   0.01395798
 -0.00319892   0.00061887    -0.00339058   0.01530821    -0.00393573  -0.00364077
 -0.00542503   0.03483037    -0.00490259  -0.00185647    -0.00691001   0.01179084
    4    1
  0.00159607   0.00251092    -0.01211379  -0.01104980    -0.00146096   0.00447367
  0.00348719  -0.00431796    -0.01437138   0.00879244    -0.00774097  -0.00236472
 -0.00454453   0.00728232    -0.00606579   0.00404459    -0.01069324  -0.00573711
    4    2
  0.00666016  -0.01740899    -0.00542503  -0.03483037    -0.00319892  -0.00061887
  0.00972416  -0.01395798    -0.00691001  -0.01179084    -0.00393573   0.00364077
 -0.00781070   0.00059355    -0.00490259   0.00185647    -0.00339058  -0.01530821
    4    3
 -0.02314065  -0.00441055     0.03011970  -0.00489098     0.00549971   0.01215658
  0.03978879   0.00512124    -0.01440661   0.01028838    -0.00495725  -0.00671800
  0.00227353   0.00204930     0.00123623  -0.00982585    -0.00257442   0.00507055
    4    4
  0.05372914  -0.00000000    -0.00501610  -0.00007346     0.00146696   0.00324249
 -0.00501610   0.00007346     0.05446498  -0.00000000     0.00095858  -0.00543130
  0.00146696  -0.00324249     0.00095858   0.00543130     0.04369133  -0.00000000
    4    5
 -0.01033805  -0.01584566     0.00090542  -0.00026170    -0.00706556   0.00291738
  0.00090542  -0.00026170     0.00981249  -0.00383903    -0.00560665  -0.00313174
 -0.00706556   0.00291738    -0.00560665  -0.00313174     0.01180161   0.01123012
    4    6
  0.00411189   0.00799442    -0.00762532   0.00636767    -0.01151543  -0.00411767
 -0.01151543  -0.00411767     0.00473291   0.00757225     0.02969489   0.01216727
 -0.00762532   0.00636767     0.02083520   0.02187586     0.00473291   0.00757225
    4    7
 -0.01010484   0.00000000     0.00079348   0.01011588    -0.00086953  -0.00669256
 -0.00086953   0.00669256    -0.01513347  -0.00609645     0.01700548  -0.00000000
  0.00079348  -0.01011588     0.02501065  -0.00000000    -0.01513347   0.00609645
    5    1
 -0.00064690  -0.00290408    -0.00075236   0.01637913    -0.00419641  -0.00213031
  0.00551908   0.00058744    -0.01637929   0.00394490    -0.00380158   0.00714580
 -0.00836285  -0.00193591    -0.00714911   0.00142920    -0.00350452   0.01161801
    5    2
 -0.02314065   0.00441055     0.03011970   0.00489098     0.00549971  -0.01215658
  0.03978879  -0.00512124    -0.01440661  -0.01028838    -0.00495725   0.00671800
  0.00227353  -0.00204930     0.00123623   0.00982585    -0.00257442  -0.00507055
    5    3
  0.00666016   0.01740899    -0.00542503   0.03483037    -0.00319892   0.00061887
  0.00972416   0.01395798    -0.00691001   0.01179084    -0.00393573  -0.00364077
 -0.00781070  -0.00059355    -0.00490259  -0.00185647    -0.00339058   0.01530821
    5    4
 -0.01033805   0.01584566     0.00090542   0.00026170    -0.00706556  -0.00291738
  0.00090542   0.00026170     0.00981249   0.00383903    -0.00560665   0.00313174
 -0.00706556  -0.00291738    -0.00560665   0.00313174     0.01180161  -0.01123012
    5    5
  0.05372914   0.00000000    -0.00501610   0.00007346     0.00146696  -0.00324249
 -0.00501610  -0.00007346     0.05446498  -0.00000000     0.00095858   0.00543130
  0.00146696   0.00324249     0.00095858  -0.00543130     0.04369133   0.00000000
    5    6
 -0.01010484   0.00000000     0.00079348  -0.01011588    -0.00086953   0.00669256
 -0.00086953  -0.00669256    -0.01513347   0.00609645     0.01700548  -0.00000000
  0.00079348   0.01011588     0.02501065  -0.00000000    -0.01513347  -0.00609645
    5    7
  0.00411189  -0.00799442    -0.00762532  -0.00636767    -0.01151543   0.00411767
 -0.01151543   0.00411767     0.00473291  -0.00757225     0.02969489  -0.01216727
 -0.00762532  -0.00636767     0.02083520  -0.02187586     0.00473291  -0.00757225
    6    1
 -0.00064690  -0.00290408    -0.00419641  -0.00213031    -0.00075236   0.01637913
 -0.00836285  -0.00193591    -0.00350452   0.01161801    -0.00714911   0.00142920
  0.00551908   0.00058744    -0.00380158   0.00714580    -0.01637929   0.00394490
    6    2
  0.00666016   0.01740899    -0.00319892   0.00061887    -0.00542503   0.03483037
 -0.00781070  -0.00059355    -0.00339058   0.01530821    -0.00490259  -0.00185647
  0.00972416   0.01395798    -0.00393573  -0.00364077    -0.00691001   0.01179084
    6    3
 -0.02314065   0.00441055     0.00549971  -0.01215658     0.03011970   0.00489098
  0.00227353  -0.00204930    -0.00257442  -0.00507055     0.00123623   0.00982585
  0.03978879  -0.00512124    -0.00495725   0.00671800    -0.01440661  -0.01028838
    6    4
  0.00411189  -0.00799442    -0.01151543   0.00411767    -0.00762532  -0.00636767
 -0.00762532  -0.00636767     0.00473291  -0.00757225     0.02083520  -0.02187586
 -0.01151543   0.00411767     0.02969489  -0.01216727     0.00473291  -0.00757225
    6    5
 -0.01010484  -0.00000000    -0.00086953   0.00669256     0.00079348  -0.01011588
  0.00079348   0.01011588    -0.01513347  -0.00609645     0.02501065   0.00000000
 -0.00086953  -0.00669256     0.01700548   0.00000000    -0.01513347   0.00609645
    6    6
  0.05372914   0.00000000     0.00146696  -0.00324249    -0.00501610   0.00007346
  0.00146696   0.00324249     0.04369133  -0.00000000     0.00095858  -0.00543130
 -0.00501610  -0.00007346     0.00095858   0.00543130     0.05446498   0.00000000
    6    7
 -0.01033805   0.01584566    -0.00706556  -0.00291738     0.00090542   0.00026170
 -0.00706556  -0.00291738     0.01180161  -0.01123012    -0.00560665   0.00313174
  0.00090542   0.00026170    -0.00560665   0.00313174     0.00981249   0.00383903
    7    1
  0.00159607   0.00251092    -0.00146096   0.00447367    -0.01211379  -0.01104980
 -0.00454453   0.00728232    -0.01069324  -0.00573711    -0.00606579   0.00404459
  0.00348719  -0.00431796    -0.00774097  -0.00236472    -0.01437138   0.00879244
    7    2
 -0.02314065  -0.00441055     0.00549971   0.01215658     0.03011970  -0.00489098
  0.00227353   0.00204930    -0.00257442   0.00507055     0.00123623  -0.00982585
  0.03978879   0.00512124    -0.00495725  -0.00671800    -0.01440661   0.01028838
    7    3
  0.00666016  -0.01740899    -0.00319892  -0.00061887    -0.00542503  -0.03483037
 -0.00781070   0.00059355    -0.00339058  -0.01530821    -0.00490259   0.00185647
  0.00972416  -0.01395798    -0.00393573   0.00364077    -0.00691001  -0.01179084
    7    4
 -0.01010484  -0.00000000    -0.00086953  -0.00669256     0.00079348   0.01011588
  0.00079348  -0.01011588    -0.01513347   0.00609645     0.02501065   0.00000000
 -0.00086953   0.00669256     0.01700548   0.00000000    -0.01513347  -0.00609645
    7    5
  0.00411189   0.00799442    -0.01151543  -0.00411767    -0.00762532   0.00636767
 -0.00762532   0.00636767     0.00473291   0.00757225     0.02083520   0.02187586
 -0.01151543  -0.00411767     0.02969489   0.01216727     0.00473291   0.00757225
    7    6
 -0.01033805  -0.01584566    -0.00706556   0.00291738     0.00090542  -0.00026170
 -0.00706556   0.00291738     0.01180161   0.01123012    -0.00560665  -0.00313174
  0.00090542  -0.00026170    -0.00560665  -0.00313174     0.00981249  -0.00383903
    7    7
  0.05372914  -0.00000000     0.00146696   0.00324249    -0.00501610  -0.00007346
  0.00146696  -0.00324249     0.04369133   0.00000000     0.00095858   0.00543130
 -0.00501610   0.00007346     0.00095858  -0.00543130     0.05446498  -0.00000000

     Dynamical  Matrix in cartesian axes

     q = (    0.324759500   0.433012700  -0.324759500 ) 

    1    1
  0.07113319   0.00000000    -0.01052176   0.00000000    -0.01256057   0.00000000
 -0.01052176   0.00000000     0.07143827   0.00000000     0.01052176   0.00000000
 -0.01256057   0.00000000     0.01052176   0.00000000     0.07113319   0.00000000
    1    2
  0.00879244  -0.01437138     0.01104980   0.01211379    -0.00404459   0.00606579
  0.00431796  -0.00348719     0.00251092   0.00159607     0.00728232  -0.00454453
  0.00236472   0.00774097     0.00447367  -0.00146096    -0.00573711  -0.01069324
    1    3
  0.01437138  -0.00879244    -0.01211379  -0.01104980    -0.00606579   0.00404459
  0.00348719  -0.00431796    -0.00159607  -0.00251092     0.00454453  -0.00728232
 -0.00774097  -0.00236472     0.00146096  -0.00447367     0.01069324   0.00573711
    1    4
 -0.00670839  -0.00523944     0.01019331  -0.00887069    -0.00191333  -0.00552394
 -0.00946582  -0.00672053     0.00052935   0.00127797    -0.00194122   0.01144548
 -0.00255309  -0.00525895     0.01348029  -0.00093523     0.00103871  -0.00844839
    1    5
  0.00523944   0.00670839     0.00887069  -0.01019331     0.00552394   0.00191333
  0.00672053   0.00946582    -0.00127797  -0.00052935    -0.01144548   0.00194122
  0.00525895   0.00255309     0.00093523  -0.01348029     0.00844839  -0.00103871
    1    6
 -0.01069324   0.00573711     0.00146096   0.00447367     0.00774097  -0.00236472
  0.00454453   0.00728232     0.00159607  -0.00251092     0.00348719   0.00431796
  0.00606579   0.00404459    -0.01211379   0.01104980    -0.01437138  -0.00879244
    1    7
 -0.00573711   0.01069324    -0.00447367  -0.00146096     0.00236472  -0.00774097
 -0.00728232  -0.00454453     0.00251092  -0.00159607    -0.00431796  -0.00348719
