  5.000000000000000E-003   1.26088367795901        1.90067469670089     
          12

     Dynamical  Matrix in cartesian axes

     q = (    0.433012700   0.433012700   0.216506400 ) 

    1    1
  0.02435277   0.00000000     0.00298172  -0.00000000    -0.00000000   0.00000000
  0.00298172   0.00000000     0.02435277  -0.00000000    -0.00000000   0.00000000
 -0.00000000   0.00000000    -0.00000000   0.00000000     0.01515518   0.00000000
    1    2
 -0.00339068   0.00339068     0.00761386  -0.00761386     0.00149520   0.00149520
 -0.00664244   0.00664244     0.00155287  -0.00155287    -0.00090033  -0.00090033
  0.00082401   0.00082401    -0.01503629  -0.01503628    -0.00608080   0.00608080
    1    3
  0.00479514   0.00000000    -0.01076762  -0.00000000    -0.00000000   0.00211454
  0.00939383   0.00000000    -0.00219608  -0.00000000     0.00000000  -0.00127325
 -0.00000000   0.00116533     0.00000000  -0.02126452     0.00859955   0.00000000
    1    4
 -0.00219608  -0.00000000     0.00939383   0.00000000     0.00000000  -0.00127325
 -0.01076762  -0.00000000     0.00479514   0.00000000    -0.00000000   0.00211454
  0.00000000  -0.02126452    -0.00000000   0.00116533     0.00859955   0.00000000
    1    5
  0.00155287  -0.00155287    -0.00664244   0.00664244    -0.00090033  -0.00090033
  0.00761386  -0.00761386    -0.00339068   0.00339068     0.00149520   0.00149520
 -0.01503629  -0.01503628     0.00082401   0.00082401    -0.00608080   0.00608080
    1    6
  0.00000000   0.00000000     0.00000000   0.00000000    -0.00211257  -0.00167483
 -0.00000000   0.00000000     0.00000000   0.00000000     0.00030952  -0.00267810
  0.01194619  -0.00029801    -0.00865796   0.00823651     0.00000000   0.00000000
    1    7
  0.00000000   0.00000000    -0.00000000   0.00000000     0.00030952  -0.00267810
  0.00000000   0.00000000    -0.00000000   0.00000000    -0.00211257  -0.00167483
 -0.00865796   0.00823651     0.01194619  -0.00029801     0.00000000   0.00000000
    2    1
 -0.00339068  -0.00339068    -0.00664244  -0.00664244     0.00082401  -0.00082401
  0.00761386   0.00761386     0.00155287   0.00155287    -0.01503629   0.01503628
  0.00149520  -0.00149520    -0.00090033   0.00090033    -0.00608080  -0.00608080
    2    2
  0.03453842  -0.00000000    -0.00359195  -0.00000000    -0.00000000  -0.00433510
 -0.00359195   0.00000000     0.05277186   0.00000000     0.00000000  -0.00750091
 -0.00000000   0.00433510     0.00000000   0.00750091     0.01382936  -0.00000000
    2    3
  0.00974869   0.00974869     0.00478407   0.00478407     0.00143530  -0.00143530
  0.00478407   0.00478407     0.01469183   0.01469183    -0.01650313   0.01650312
  0.00143530  -0.00143530    -0.01650313   0.01650312    -0.00188149  -0.00188149
    2    4
  0.00909378   0.00909378     0.01316720   0.01316720     0.00283746  -0.00283746
  0.02026942   0.02026943     0.00909378   0.00909378    -0.01466576   0.01466575
 -0.01466576   0.01466575     0.00283746  -0.00283746    -0.00070175  -0.00070175
    2    5
 -0.01129823   0.00000000     0.02686025  -0.00000000    -0.00000000  -0.00607283
  0.04375640   0.00000000    -0.01129823   0.00000000    -0.00000000  -0.00980051
 -0.00000000   0.00980051    -0.00000000   0.00607283     0.01033625   0.00000000
    2    6
 -0.00666473  -0.00915474    -0.00907037   0.00165253    -0.00559449   0.00553618
 -0.01516149   0.01335787    -0.00005692  -0.02008827     0.00130852  -0.01155240
 -0.00663007  -0.00741326     0.00740276  -0.00041490    -0.00779523  -0.00239690
    2    7
 -0.01118606   0.00176070    -0.00524520  -0.00758223     0.00004123   0.00787057
 -0.00127535  -0.02016623    -0.01424480   0.01416431     0.00724352  -0.00909404
  0.00993013  -0.00055380    -0.00494117  -0.00552792    -0.00720692  -0.00381720
    3    1
  0.00479514  -0.00000000     0.00939383  -0.00000000    -0.00000000  -0.00116533
 -0.01076762   0.00000000    -0.00219608   0.00000000     0.00000000   0.02126452
 -0.00000000  -0.00211454     0.00000000   0.00127325     0.00859955  -0.00000000
    3    2
  0.00974869  -0.00974869     0.00478407  -0.00478407     0.00143530   0.00143530
  0.00478407  -0.00478407     0.01469183  -0.01469183    -0.01650313  -0.01650312
  0.00143530   0.00143530    -0.01650313  -0.01650312    -0.00188149   0.00188149
    3    3
  0.03453842   0.00000000    -0.00359195   0.00000000     0.00000000   0.00433510
 -0.00359195   0.00000000     0.05277186   0.00000000    -0.00000000   0.00750091
  0.00000000  -0.00433510    -0.00000000  -0.00750091     0.01382936   0.00000000
    3    4
 -0.01129823   0.00000000     0.02686025  -0.00000000    -0.00000000   0.00607283
  0.04375640  -0.00000000    -0.01129823   0.00000000    -0.00000000   0.00980051
 -0.00000000  -0.00980051    -0.00000000  -0.00607283     0.01033625  -0.00000000
    3    5
  0.00909378  -0.00909378     0.01316720  -0.01316720     0.00283746   0.00283746
  0.02026942  -0.02026943     0.00909378  -0.00909378    -0.01466576  -0.01466575
 -0.01466576  -0.01466575     0.00283746   0.00283746    -0.00070175   0.00070175
    3    6
 -0.01118606  -0.00176070    -0.00524520   0.00758223     0.00004123  -0.00787057
 -0.00127535   0.02016623    -0.01424480  -0.01416431     0.00724352   0.00909404
  0.00993013   0.00055380    -0.00494117   0.00552792    -0.00720692   0.00381720
    3    7
 -0.00666473   0.00915474    -0.00907037  -0.00165253    -0.00559449  -0.00553618
 -0.01516149  -0.01335787    -0.00005692   0.02008827     0.00130852   0.01155240
 -0.00663007   0.00741326     0.00740276   0.00041490    -0.00779523   0.00239690
    4    1
 -0.00219608   0.00000000    -0.01076762   0.00000000     0.00000000   0.02126452
  0.00939383  -0.00000000     0.00479514  -0.00000000    -0.00000000  -0.00116533
  0.00000000   0.00127325    -0.00000000  -0.00211454     0.00859955  -0.00000000
    4    2
  0.00909378  -0.00909378     0.02026942  -0.02026943    -0.01466576  -0.01466575
  0.01316720  -0.01316720     0.00909378  -0.00909378     0.00283746   0.00283746
  0.00283746   0.00283746    -0.01466576  -0.01466575    -0.00070175   0.00070175
    4    3
 -0.01129823  -0.00000000     0.04375640   0.00000000    -0.00000000   0.00980051
  0.02686025   0.00000000    -0.01129823  -0.00000000    -0.00000000   0.00607283
 -0.00000000  -0.00607283    -0.00000000  -0.00980051     0.01033625   0.00000000
    4    4
  0.05277186  -0.00000000    -0.00359195  -0.00000000     0.00000000   0.00750091
 -0.00359195   0.00000000     0.03453842  -0.00000000    -0.00000000   0.00433510
 -0.00000000  -0.00750091    -0.00000000  -0.00433510     0.01382936  -0.00000000
    4    5
  0.01469183  -0.01469183     0.00478407  -0.00478407    -0.01650313  -0.01650312
  0.00478407  -0.00478407     0.00974869  -0.00974869     0.00143530   0.00143530
 -0.01650313  -0.01650312     0.00143530   0.00143530    -0.00188149   0.00188149
    4    6
 -0.00005692   0.02008827    -0.01516149  -0.01335787     0.00130852   0.01155240
 -0.00907037  -0.00165253    -0.00666473   0.00915474    -0.00559449  -0.00553618
  0.00740276   0.00041490    -0.00663007   0.00741326    -0.00779523   0.00239690
    4    7
 -0.01424480  -0.01416431    -0.00127535   0.02016623     0.00724352   0.00909404
 -0.00524520   0.00758223    -0.01118606  -0.00176070     0.00004123  -0.00787057
 -0.00494117   0.00552792     0.00993013   0.00055380    -0.00720692   0.00381720
    5    1
  0.00155287   0.00155287     0.00761386   0.00761386    -0.01503629   0.01503628
 -0.00664244  -0.00664244    -0.00339068  -0.00339068     0.00082401  -0.00082401
 -0.00090033   0.00090033     0.00149520  -0.00149520    -0.00608080  -0.00608080
    5    2
 -0.01129823   0.00000000     0.04375640  -0.00000000    -0.00000000  -0.00980051
  0.02686025  -0.00000000    -0.01129823  -0.00000000    -0.00000000  -0.00607283
 -0.00000000   0.00607283    -0.00000000   0.00980051     0.01033625   0.00000000
    5    3
  0.00909378   0.00909378     0.02026942   0.02026943    -0.01466576   0.01466575
  0.01316720   0.01316720     0.00909378   0.00909378     0.00283746  -0.00283746
  0.00283746  -0.00283746    -0.01466576   0.01466575    -0.00070175  -0.00070175
    5    4
  0.01469183   0.01469183     0.00478407   0.00478407    -0.01650313   0.01650312
  0.00478407   0.00478407     0.00974869   0.00974869     0.00143530  -0.00143530
 -0.01650313   0.01650312     0.00143530  -0.00143530    -0.00188149  -0.00188149
    5    5
  0.05277186   0.00000000    -0.00359195   0.00000000    -0.00000000  -0.00750091
 -0.00359195   0.00000000     0.03453842   0.00000000    -0.00000000  -0.00433510
 -0.00000000   0.00750091     0.00000000   0.00433510     0.01382936   0.00000000
    5    6
 -0.01424480   0.01416431    -0.00127535  -0.02016623     0.00724352  -0.00909404
 -0.00524520  -0.00758223    -0.01118606   0.00176070     0.00004123   0.00787057
 -0.00494117  -0.00552792     0.00993013  -0.00055380    -0.00720692  -0.00381720
    5    7
 -0.00005692  -0.02008827    -0.01516149   0.01335787     0.00130852  -0.01155240
 -0.00907037   0.00165253    -0.00666473  -0.00915474    -0.00559449   0.00553618
  0.00740276  -0.00041490    -0.00663007  -0.00741326    -0.00779523  -0.00239690
    6    1
 -0.00000000  -0.00000000    -0.00000000  -0.00000000     0.01194619   0.00029801
  0.00000000  -0.00000000     0.00000000  -0.00000000    -0.00865796  -0.00823651
 -0.00211257   0.00167483     0.00030952   0.00267810     0.00000000  -0.00000000
    6    2
 -0.00666473   0.00915474    -0.01516149  -0.01335787    -0.00663007   0.00741326
 -0.00907037  -0.00165253    -0.00005692   0.02008827     0.00740276   0.00041490
 -0.00559449  -0.00553618     0.00130852   0.01155240    -0.00779523   0.00239690
    6    3
 -0.01118606   0.00176070    -0.00127535  -0.02016623     0.00993013  -0.00055380
 -0.00524520  -0.00758223    -0.01424480   0.01416431    -0.00494117  -0.00552792
  0.00004123   0.00787057     0.00724352  -0.00909404    -0.00720692  -0.00381720
    6    4
 -0.00005692  -0.02008827    -0.00907037   0.00165253     0.00740276  -0.00041490
 -0.01516149   0.01335787    -0.00666473  -0.00915474    -0.00663007  -0.00741326
  0.00130852  -0.01155240    -0.00559449   0.00553618    -0.00779523  -0.00239690
    6    5
 -0.01424480  -0.01416431    -0.00524520   0.00758223    -0.00494117   0.00552792
 -0.00127535   0.02016623    -0.01118606  -0.00176070     0.00993013   0.00055380
  0.00724352   0.00909404     0.00004123  -0.00787057    -0.00720692   0.00381720
    6    6
  0.01902021   0.00000000    -0.00606979   0.00448974    -0.00000000  -0.00000000
 -0.00606979  -0.00448974     0.01902021  -0.00000000    -0.00000000  -0.00000000
 -0.00000000   0.00000000    -0.00000000   0.00000000     0.01651098   0.00000000
    6    7
 -0.00589731   0.00371947     0.01312368  -0.00000000     0.00000000   0.00000000
  0.01312368  -0.00000000    -0.00589731  -0.00371947    -0.00000000   0.00000000
  0.00000000  -0.00000000    -0.00000000  -0.00000000     0.01016963   0.00000000
    7    1
  0.00000000  -0.00000000     0.00000000  -0.00000000    -0.00865796  -0.00823651
 -0.00000000  -0.00000000    -0.00000000  -0.00000000     0.01194619   0.00029801
  0.00030952   0.00267810    -0.00211257   0.00167483     0.00000000  -0.00000000
    7    2
 -0.01118606  -0.00176070    -0.00127535   0.02016623     0.00993013   0.00055380
 -0.00524520   0.00758223    -0.01424480  -0.01416431    -0.00494117   0.00552792
  0.00004123  -0.00787057     0.00724352   0.00909404    -0.00720692   0.00381720
    7    3
 -0.00666473  -0.00915474    -0.01516149   0.01335787    -0.00663007  -0.00741326
 -0.00907037   0.00165253    -0.00005692  -0.02008827     0.00740276  -0.00041490
 -0.00559449   0.00553618     0.00130852  -0.01155240    -0.00779523  -0.00239690
    7    4
 -0.01424480   0.01416431    -0.00524520  -0.00758223    -0.00494117  -0.00552792
 -0.00127535  -0.02016623    -0.01118606   0.00176070     0.00993013  -0.00055380
  0.00724352  -0.00909404     0.00004123   0.00787057    -0.00720692  -0.00381720
    7    5
 -0.00005692   0.02008827    -0.00907037  -0.00165253     0.00740276   0.00041490
 -0.01516149  -0.01335787    -0.00666473   0.00915474    -0.00663007   0.00741326
  0.00130852   0.01155240    -0.00559449  -0.00553618    -0.00779523   0.00239690
    7    6
 -0.00589731  -0.00371947     0.01312368  -0.00000000     0.00000000   0.00000000
  0.01312368   0.00000000    -0.00589731   0.00371947    -0.00000000   0.00000000
  0.00000000   0.00000000    -0.00000000   0.00000000     0.01016963   0.00000000
    7    7
  0.01902021   0.00000000    -0.00606979  -0.00448974    -0.00000000   0.00000000
 -0.00606979   0.00448974     0.01902021   0.00000000    -0.00000000   0.00000000
 -0.00000000   0.00000000    -0.00000000   0.00000000     0.01651098   0.00000000

     Dynamical  Matrix in cartesian axes

     q = (    0.433012700   0.433012700  -0.216506400 ) 

    1    1
  0.02435277  -0.00000000     0.00298172   0.00000000    -0.00000000   0.00000000
  0.00298172  -0.00000000     0.02435277   0.00000000    -0.00000000   0.00000000
 -0.00000000   0.00000000    -0.00000000   0.00000000     0.01515518   0.00000000
    1    2
 -0.00339068  -0.00339068     0.00761386   0.00761386     0.00149520  -0.00149520
 -0.00664244  -0.00664244     0.00155287   0.00155287    -0.00090033   0.00090033
  0.00082401  -0.00082401    -0.01503629   0.01503628    -0.00608080  -0.00608080
    1    3
  0.00479514   0.00000000    -0.01076762  -0.00000000     0.00000000  -0.00211454
  0.00939383   0.00000000    -0.00219608  -0.00000000    -0.00000000   0.00127325
  0.00000000  -0.00116533    -0.00000000   0.02126452     0.00859955   0.00000000
    1    4
 -0.00219608  -0.00000000     0.00939383   0.00000000    -0.00000000   0.00127325
 -0.01076762  -0.00000000     0.00479514   0.00000000     0.00000000  -0.00211454
 -0.00000000   0.02126452     0.00000000  -0.00116533     0.00859955   0.00000000
    1    5
  0.00155287   0.00155287    -0.00664244  -0.00664244    -0.00090033   0.00090033
  0.00761386   0.00761386    -0.00339068  -0.00339068     0.00149520  -0.00149520
 -0.01503629   0.01503628     0.00082401  -0.00082401    -0.00608080  -0.00608080
    1    6
 -0.00000000   0.00000000    -0.00000000   0.00000000    -0.00211257   0.00167483
 -0.00000000   0.00000000    -0.00000000   0.00000000     0.00030952   0.00267810
  0.01194619   0.00029801    -0.00865796  -0.00823651     0.00000000   0.00000000
    1    7
 -0.00000000   0.00000000     0.00000000   0.00000000     0.00030952   0.00267810
 -0.00000000   0.00000000    -0.00000000   0.00000000    -0.00211257   0.00167483
 -0.00865796  -0.00823651     0.01194619   0.00029801     0.00000000   0.00000000
    2    1
 -0.00339068   0.00339068    -0.00664244   0.00664244     0.00082401   0.00082401
  0.00761386  -0.00761386     0.00155287  -0.00155287    -0.01503629  -0.01503628
  0.00149520   0.00149520    -0.00090033  -0.00090033    -0.00608080   0.00608080
    2    2
  0.03453842   0.00000000    -0.00359195   0.00000000    -0.00000000   0.00433510
 -0.00359195  -0.00000000     0.05277186  -0.00000000    -0.00000000   0.00750091
 -0.00000000  -0.00433510     0.00000000  -0.00750091     0.01382936   0.00000000
    2    3
  0.00974869  -0.00974869     0.00478407  -0.00478407     0.00143530   0.00143530
  0.00478407  -0.00478407     0.01469183  -0.01469183    -0.01650313  -0.01650312
  0.00143530   0.00143530    -0.01650313  -0.01650312    -0.00188149   0.00188149
    2    4
  0.00909378  -0.00909378     0.01316720  -0.01316720     0.00283746   0.00283746
  0.02026942  -0.02026943     0.00909378  -0.00909378    -0.01466576  -0.01466575
 -0.01466576  -0.01466575     0.00283746   0.00283746    -0.00070175   0.00070175
    2    5
 -0.01129823  -0.00000000     0.02686025  -0.00000000    -0.00000000   0.00607283
  0.04375640  -0.00000000    -0.01129823  -0.00000000    -0.00000000   0.00980051
 -0.00000000  -0.00980051    -0.00000000  -0.00607283     0.01033625   0.00000000
    2    6
 -0.00666473   0.00915474    -0.00907037  -0.00165253    -0.00559449  -0.00553618
 -0.01516149  -0.01335787    -0.00005692   0.02008827     0.00130852   0.01155240
 -0.00663007   0.00741326     0.00740276   0.00041490    -0.00779523   0.00239690
    2    7
 -0.01118606  -0.00176070    -0.00524520   0.00758223     0.00004123  -0.00787057
 -0.00127535   0.02016623    -0.01424480  -0.01416431     0.00724352   0.00909404
  0.00993013   0.00055380    -0.00494117   0.00552792    -0.00720692   0.00381720
    3    1
  0.00479514  -0.00000000     0.00939383  -0.00000000     0.00000000   0.00116533
 -0.01076762   0.00000000    -0.00219608   0.00000000    -0.00000000  -0.02126452
  0.00000000   0.00211454    -0.00000000  -0.00127325     0.00859955  -0.00000000
    3    2
  0.00974869   0.00974869     0.00478407   0.00478407     0.00143530  -0.00143530
  0.00478407   0.00478407     0.01469183   0.01469183    -0.01650313   0.01650312
  0.00143530  -0.00143530    -0.01650313   0.01650312    -0.00188149  -0.00188149
    3    3
  0.03453842  -0.00000000    -0.00359195  -0.00000000     0.00000000  -0.00433510
 -0.00359195   0.00000000     0.05277186   0.00000000    -0.00000000  -0.00750091
  0.00000000   0.00433510    -0.00000000   0.00750091     0.01382936  -0.00000000
    3    4
 -0.01129823  -0.00000000     0.02686025   0.00000000    -0.00000000  -0.00607283
  0.04375640   0.00000000    -0.01129823  -0.00000000    -0.00000000  -0.00980051
 -0.00000000   0.00980051    -0.00000000   0.00607283     0.01033625   0.00000000
    3    5
  0.00909378   0.00909378     0.01316720   0.01316720     0.00283746  -0.00283746
  0.02026942   0.02026943     0.00909378   0.00909378    -0.01466576   0.01466575
 -0.01466576   0.01466575     0.00283746  -0.00283746    -0.00070175  -0.00070175
    3    6
 -0.01118606   0.00176070    -0.00524520  -0.00758223     0.00004123   0.00787057
 -0.00127535  -0.02016623    -0.01424480   0.01416431     0.00724352  -0.00909404
  0.00993013  -0.00055380    -0.00494117  -0.00552792    -0.00720692  -0.00381720
    3    7
 -0.00666473  -0.00915474    -0.00907037   0.00165253    -0.00559449   0.00553618
 -0.01516149   0.01335787    -0.00005692  -0.02008827     0.00130852  -0.01155240
 -0.00663007  -0.00741326     0.00740276  -0.00041490    -0.00779523  -0.00239690
    4    1
 -0.00219608   0.00000000    -0.01076762   0.00000000    -0.00000000  -0.02126452
  0.00939383  -0.00000000     0.00479514  -0.00000000     0.00000000   0.00116533
 -0.00000000  -0.00127325     0.00000000   0.00211454     0.00859955  -0.00000000
    4    2
  0.00909378   0.00909378     0.02026942   0.02026943    -0.01466576   0.01466575
  0.01316720   0.01316720     0.00909378   0.00909378     0.00283746  -0.00283746
  0.00283746  -0.00283746    -0.01466576   0.01466575    -0.00070175  -0.00070175
    4    3
 -0.01129823   0.00000000     0.04375640  -0.00000000    -0.00000000  -0.00980051
  0.02686025  -0.00000000    -0.01129823   0.00000000    -0.00000000  -0.00607283
 -0.00000000   0.00607283    -0.00000000   0.00980051     0.01033625  -0.00000000
    4    4
  0.05277186   0.00000000    -0.00359195   0.00000000     0.00000000  -0.00750091
 -0.00359195   0.00000000     0.03453842   0.00000000    -0.00000000  -0.00433510
 -0.00000000   0.00750091    -0.00000000   0.00433510     0.01382936   0.00000000
    4    5
  0.01469183   0.01469183     0.00478407   0.00478407    -0.01650313   0.01650312
  0.00478407   0.00478407     0.00974869   0.00974869     0.00143530  -0.00143530
 -0.01650313   0.01650312     0.00143530  -0.00143530    -0.00188149  -0.00188149
    4    6
 -0.00005692  -0.02008827    -0.01516149   0.01335787     0.00130852  -0.01155240
 -0.00907037   0.00165253    -0.00666473  -0.00915474    -0.00559449   0.00553618
  0.00740276  -0.00041490    -0.00663007  -0.00741326    -0.00779523  -0.00239690
    4    7
 -0.01424480   0.01416431    -0.00127535  -0.02016623     0.00724352  -0.00909404
 -0.00524520  -0.00758223    -0.01118606   0.00176070     0.00004123   0.00787057
 -0.00494117  -0.00552792     0.00993013  -0.00055380    -0.00720692  -0.00381720
    5    1
  0.00155287  -0.00155287     0.00761386  -0.00761386    -0.01503629  -0.01503628
 -0.00664244   0.00664244    -0.00339068   0.00339068     0.00082401   0.00082401
 -0.00090033  -0.00090033     0.00149520   0.00149520    -0.00608080   0.00608080
    5    2
 -0.01129823  -0.00000000     0.04375640   0.00000000    -0.00000000   0.00980051
  0.02686025  -0.00000000    -0.01129823   0.00000000    -0.00000000   0.00607283
 -0.00000000  -0.00607283    -0.00000000  -0.00980051     0.01033625   0.00000000
    5    3
  0.00909378  -0.00909378     0.02026942  -0.02026943    -0.01466576  -0.01466575
  0.01316720  -0.01316720     0.00909378  -0.00909378     0.00283746   0.00283746
  0.00283746   0.00283746    -0.01466576  -0.01466575    -0.00070175   0.00070175
    5    4
  0.01469183  -0.01469183     0.00478407  -0.00478407    -0.01650313  -0.01650312
  0.00478407  -0.00478407     0.00974869  -0.00974869     0.00143530   0.00143530
 -0.01650313  -0.01650312     0.00143530   0.00143530    -0.00188149   0.00188149
    5    5
  0.05277186  -0.00000000    -0.00359195  -0.00000000    -0.00000000   0.00750091
 -0.00359195   0.00000000     0.03453842  -0.00000000    -0.00000000   0.00433510
 -0.00000000  -0.00750091     0.00000000  -0.00433510     0.01382936  -0.00000000
    5    6
 -0.01424480  -0.01416431    -0.00127535   0.02016623     0.00724352   0.00909404
 -0.00524520   0.00758223    -0.01118606  -0.00176070     0.00004123  -0.00787057
 -0.00494117   0.00552792     0.00993013   0.00055380    -0.00720692   0.00381720
    5    7
 -0.00005692   0.02008827    -0.01516149  -0.01335787     0.00130852   0.01155240
 -0.00907037  -0.00165253    -0.00666473   0.00915474    -0.00559449  -0.00553618
  0.00740276   0.00041490    -0.00663007   0.00741326    -0.00779523   0.00239690
    6    1
 -0.00000000  -0.00000000    -0.00000000  -0.00000000     0.01194619  -0.00029801
 -0.00000000  -0.00000000    -0.00000000  -0.00000000    -0.00865796   0.00823651
 -0.00211257  -0.00167483     0.00030952  -0.00267810     0.00000000  -0.00000000
    6    2
 -0.00666473  -0.00915474    -0.01516149   0.01335787    -0.00663007  -0.00741326
 -0.00907037   0.00165253    -0.00005692  -0.02008827     0.00740276  -0.00041490
 -0.00559449   0.00553618     0.00130852  -0.01155240    -0.00779523  -0.00239690
    6    3
 -0.01118606  -0.00176070    -0.00127535   0.02016623     0.00993013   0.00055380
 -0.00524520   0.00758223    -0.01424480  -0.01416431    -0.00494117   0.00552792
  0.00004123  -0.00787057     0.00724352   0.00909404    -0.00720692   0.00381720
    6    4
 -0.00005692   0.02008827    -0.00907037  -0.00165253     0.00740276   0.00041490
 -0.01516149  -0.01335787    -0.00666473   0.00915474    -0.00663007   0.00741326
  0.00130852   0.01155240    -0.00559449  -0.00553618    -0.00779523   0.00239690
    6    5
 -0.01424480   0.01416431    -0.00524520  -0.00758223    -0.00494117  -0.00552792
 -0.00127535  -0.02016623    -0.01118606   0.00176070     0.00993013  -0.00055380
  0.00724352  -0.00909404     0.00004123   0.00787057    -0.00720692  -0.00381720
    6    6
  0.01902021   0.00000000    -0.00606979  -0.00448974    -0.00000000   0.00000000
 -0.00606979   0.00448974     0.01902021   0.00000000    -0.00000000   0.00000000
 -0.00000000  -0.00000000    -0.00000000  -0.00000000     0.01651098   0.00000000
    6    7
 -0.00589731  -0.00371947     0.01312368   0.00000000     0.00000000   0.00000000
  0.01312368   0.00000000    -0.00589731   0.00371947    -0.00000000   0.00000000
  0.00000000   0.00000000    -0.00000000   0.00000000     0.01016963   0.00000000
    7    1
 -0.00000000  -0.00000000    -0.00000000  -0.00000000    -0.00865796   0.00823651
 -0.00000000  -0.00000000    -0.00000000  -0.00000000     0.01194619  -0.00029801
  0.00030952  -0.00267810    -0.00211257  -0.00167483     0.00000000  -0.00000000
    7    2
 -0.01118606   0.00176070    -0.00127535  -0.02016623     0.00993013  -0.00055380
 -0.00524520  -0.00758223    -0.01424480   0.01416431    -0.00494117  -0.00552792
  0.00004123   0.00787057     0.00724352  -0.00909404    -0.00720692  -0.00381720
    7    3
 -0.00666473   0.00915474    -0.01516149  -0.01335787    -0.00663007   0.00741326
 -0.00907037  -0.00165253    -0.00005692   0.02008827     0.00740276   0.00041490
 -0.00559449  -0.00553618     0.00130852   0.01155240    -0.00779523   0.00239690
    7    4
 -0.01424480  -0.01416431    -0.00524520   0.00758223    -0.00494117   0.00552792
 -0.00127535   0.02016623    -0.01118606  -0.00176070     0.00993013   0.00055380
  0.00724352   0.00909404     0.00004123  -0.00787057    -0.00720692   0.00381720
    7    5
 -0.00005692  -0.02008827    -0.00907037   0.00165253     0.00740276  -0.00041490
 -0.01516149   0.01335787    -0.00666473  -0.00915474    -0.00663007  -0.00741326
  0.00130852  -0.01155240    -0.00559449   0.00553618    -0.00779523  -0.00239690
    7    6
 -0.00589731   0.00371947     0.01312368   0.00000000     0.00000000   0.00000000
  0.01312368  -0.00000000    -0.00589731  -0.00371947    -0.00000000   0.00000000
  0.00000000   0.00000000    -0.00000000   0.00000000     0.01016963   0.00000000
    7    7
  0.01902021   0.00000000    -0.00606979   0.00448974    -0.00000000   0.00000000
 -0.00606979  -0.00448974     0.01902021   0.00000000    -0.00000000   0.00000000
 -0.00000000   0.00000000    -0.00000000   0.00000000     0.01651098   0.00000000

     Dynamical  Matrix in cartesian axes

     q = (    0.433012700  -0.433012700   0.216506400 ) 

    1    1
  0.02435277  -0.00000000    -0.00298172  -0.00000000    -0.00000000   0.00000000
 -0.00298172   0.00000000     0.02435277   0.00000000    -0.00000000   0.00000000
 -0.00000000   0.00000000    -0.00000000   0.00000000     0.01515518   0.00000000
    1    2
 -0.00339068   0.00339068    -0.00761386   0.00761386     0.00149520   0.00149520
  0.00664244  -0.00664244     0.00155287  -0.00155287     0.00090033   0.00090033
  0.00082401   0.00082401     0.01503629   0.01503628    -0.00608080   0.00608080
    1    3
 -0.00479514   0.00000000    -0.01076762   0.00000000    -0.00000000  -0.00211454
  0.00939383  -0.00000000     0.00219608  -0.00000000    -0.00000000  -0.00127325
 -0.00000000  -0.00116533    -0.00000000  -0.02126452    -0.00859955   0.00000000
    1    4
  0.00219608   0.00000000     0.00939383   0.00000000     0.00000000  -0.00127325
 -0.01076762  -0.00000000    -0.00479514  -0.00000000     0.00000000  -0.00211454
  0.00000000  -0.02126452     0.00000000  -0.00116533    -0.00859955  -0.00000000
    1    5
  0.00155287  -0.00155287     0.00664244  -0.00664244     0.00090033   0.00090033
 -0.00761386   0.00761386    -0.00339068   0.00339068     0.00149520   0.00149520
  0.01503629   0.01503628     0.00082401   0.00082401    -0.00608080   0.00608080
    1    6
  0.00000000  -0.00000000     0.00000000   0.00000000     0.00211257   0.00167483
  0.00000000   0.00000000     0.00000000  -0.00000000     0.00030952  -0.00267810
 -0.01194619   0.00029801    -0.00865796   0.00823651    -0.00000000  -0.00000000
    1    7
  0.00000000   0.00000000     0.00000000  -0.00000000     0.00030952  -0.00267810
  0.00000000  -0.00000000     0.00000000   0.00000000     0.00211257   0.00167483
 -0.00865796   0.00823651    -0.01194619   0.00029801     0.00000000   0.00000000
    2    1
 -0.00339068  -0.00339068     0.00664244   0.00664244     0.00082401  -0.00082401
 -0.00761386  -0.00761386     0.00155287   0.00155287     0.01503629  -0.01503628
  0.00149520  -0.00149520     0.00090033  -0.00090033    -0.00608080  -0.00608080
    2    2
  0.03453842   0.00000000     0.00359195   0.00000000     0.00000000  -0.00433510
  0.00359195  -0.00000000     0.05277186   0.00000000    -0.00000000   0.00750091
 -0.00000000   0.00433510     0.00000000  -0.00750091     0.01382936  -0.00000000
    2    3
 -0.00974869  -0.00974869     0.00478407   0.00478407    -0.00143530   0.00143530
  0.00478407   0.00478407    -0.01469183  -0.01469183    -0.01650313   0.01650312
 -0.00143530   0.00143530    -0.01650313   0.01650312     0.00188149   0.00188149
    2    4
 -0.00798905  -0.00798906    -0.01899306  -0.01899307     0.00429414  -0.00429414
 -0.03094044  -0.03094045    -0.00798905  -0.00798906    -0.00693001   0.00693000
 -0.00693001   0.00693000     0.00429414  -0.00429414     0.00730883   0.00730883
    2    5
 -0.01286055   0.00000000     0.01862123  -0.00000000     0.00000000   0.00401277
  0.02866530  -0.00000000    -0.01286055   0.00000000     0.00000000   0.02074051
 -0.00000000  -0.02074051    -0.00000000  -0.00401277     0.00099243  -0.00000000
    2    6
  0.00666473   0.00915474    -0.00907037   0.00165253     0.00559449  -0.00553618
 -0.01516149   0.01335787     0.00005692   0.02008827     0.00130852  -0.01155240
  0.00663007   0.00741326     0.00740276  -0.00041490     0.00779523   0.00239690
    2    7
 -0.01118606   0.00176070     0.00524520   0.00758223     0.00004123   0.00787057
  0.00127535   0.02016623    -0.01424480   0.01416431    -0.00724352   0.00909404
  0.00993013  -0.00055380     0.00494117   0.00552792    -0.00720692  -0.00381720
    3    1
 -0.00479514  -0.00000000     0.00939383   0.00000000    -0.00000000   0.00116533
 -0.01076762  -0.00000000     0.00219608   0.00000000    -0.00000000   0.02126452
 -0.00000000   0.00211454    -0.00000000   0.00127325    -0.00859955  -0.00000000
    3    2
 -0.00974869   0.00974869     0.00478407  -0.00478407    -0.00143530  -0.00143530
  0.00478407  -0.00478407    -0.01469183   0.01469183    -0.01650313  -0.01650312
 -0.00143530  -0.00143530    -0.01650313  -0.01650312     0.00188149  -0.00188149
    3    3
  0.03453842  -0.00000000     0.00359195  -0.00000000    -0.00000000   0.00433510
  0.00359195  -0.00000000     0.05277186   0.00000000    -0.00000000  -0.00750091
 -0.00000000  -0.00433510    -0.00000000   0.00750091     0.01382936  -0.00000000
    3    4
 -0.01286055  -0.00000000     0.01862123   0.00000000     0.00000000  -0.00401277
  0.02866530   0.00000000    -0.01286055  -0.00000000     0.00000000  -0.02074051
 -0.00000000   0.02074051    -0.00000000   0.00401277     0.00099243   0.00000000
    3    5
 -0.00798905   0.00798906    -0.01899306   0.01899307     0.00429414   0.00429414
 -0.03094044   0.03094045    -0.00798905   0.00798906    -0.00693001  -0.00693000
 -0.00693001  -0.00693000     0.00429414   0.00429414     0.00730883  -0.00730883
    3    6
 -0.01118606  -0.00176070     0.00524520  -0.00758223     0.00004123  -0.00787057
  0.00127535  -0.02016623    -0.01424480  -0.01416431    -0.00724352  -0.00909404
  0.00993013   0.00055380     0.00494117  -0.00552792    -0.00720692   0.00381720
    3    7
  0.00666473  -0.00915474    -0.00907037  -0.00165253     0.00559449   0.00553618
 -0.01516149  -0.01335787     0.00005692  -0.02008827     0.00130852   0.01155240
  0.00663007  -0.00741326     0.00740276   0.00041490     0.00779523  -0.00239690
    4    1
  0.00219608  -0.00000000    -0.01076762   0.00000000     0.00000000   0.02126452
  0.00939383  -0.00000000    -0.00479514   0.00000000     0.00000000   0.00116533
  0.00000000   0.00127325     0.00000000   0.00211454    -0.00859955   0.00000000
    4    2
 -0.00798905   0.00798906    -0.03094044   0.03094045    -0.00693001  -0.00693000
 -0.01899306   0.01899307    -0.00798905   0.00798906     0.00429414   0.00429414
  0.00429414   0.00429414    -0.00693001  -0.00693000     0.00730883  -0.00730883
    4    3
 -0.01286055   0.00000000     0.02866530  -0.00000000    -0.00000000  -0.02074051
  0.01862123  -0.00000000    -0.01286055   0.00000000    -0.00000000  -0.00401277
  0.00000000   0.00401277     0.00000000   0.02074051     0.00099243  -0.00000000
    4    4
  0.05277186   0.00000000     0.00359195   0.00000000    -0.00000000  -0.00750091
  0.00359195  -0.00000000     0.03453842   0.00000000    -0.00000000   0.00433510
 -0.00000000   0.00750091    -0.00000000  -0.00433510     0.01382936  -0.00000000
    4    5
 -0.01469183   0.01469183     0.00478407  -0.00478407    -0.01650313  -0.01650312
  0.00478407  -0.00478407    -0.00974869   0.00974869    -0.00143530  -0.00143530
 -0.01650313  -0.01650312    -0.00143530  -0.00143530     0.00188149  -0.00188149
    4    6
  0.00005691  -0.02008827    -0.01516149  -0.01335787     0.00130852   0.01155240
 -0.00907037  -0.00165253     0.00666473  -0.00915474     0.00559449   0.00553618
  0.00740276   0.00041490     0.00663007  -0.00741326     0.00779523  -0.00239690
    4    7
 -0.01424480  -0.01416431     0.00127535  -0.02016623    -0.00724352  -0.00909404
  0.00524520  -0.00758223    -0.01118606  -0.00176070     0.00004123  -0.00787057
  0.00494117  -0.00552792     0.00993013   0.00055380    -0.00720692   0.00381720
    5    1
  0.00155287   0.00155287    -0.00761386  -0.00761386     0.01503629  -0.01503628
  0.00664244   0.00664244    -0.00339068  -0.00339068     0.00082401  -0.00082401
  0.00090033  -0.00090033     0.00149520  -0.00149520    -0.00608080  -0.00608080
    5    2
 -0.01286055  -0.00000000     0.02866530   0.00000000    -0.00000000   0.02074051
  0.01862123   0.00000000    -0.01286055  -0.00000000    -0.00000000   0.00401277
  0.00000000  -0.00401277     0.00000000  -0.02074051     0.00099243   0.00000000
    5    3
 -0.00798905  -0.00798906    -0.03094044  -0.03094045    -0.00693001   0.00693000
 -0.01899306  -0.01899307    -0.00798905  -0.00798906     0.00429414  -0.00429414
  0.00429414  -0.00429414    -0.00693001   0.00693000     0.00730883   0.00730883
    5    4
 -0.01469183  -0.01469183     0.00478407   0.00478407    -0.01650313   0.01650312
  0.00478407   0.00478407    -0.00974869  -0.00974869    -0.00143530   0.00143530
 -0.01650313   0.01650312    -0.00143530   0.00143530     0.00188149   0.00188149
    5    5
  0.05277186   0.00000000     0.00359195  -0.00000000    -0.00000000   0.00750091
  0.00359195   0.00000000     0.03453842   0.00000000    -0.00000000  -0.00433510
 -0.00000000  -0.00750091    -0.00000000   0.00433510     0.01382936  -0.00000000
    5    6
 -0.01424480   0.01416431     0.00127535   0.02016623    -0.00724352   0.00909404
  0.00524520   0.00758223    -0.01118606   0.00176070     0.00004123   0.00787057
  0.00494117   0.00552792     0.00993013  -0.00055380    -0.00720692  -0.00381720
    5    7
  0.00005691   0.02008827    -0.01516149   0.01335787     0.00130852  -0.01155240
 -0.00907037   0.00165253     0.00666473   0.00915474     0.00559449  -0.00553618
  0.00740276  -0.00041490     0.00663007   0.00741326     0.00779523   0.00239690
    6    1
  0.00000000   0.00000000     0.00000000  -0.00000000    -0.01194619  -0.00029801
  0.00000000  -0.00000000     0.00000000   0.00000000    -0.00865796  -0.00823651
  0.00211257  -0.00167483     0.00030952   0.00267810    -0.00000000   0.00000000
    6    2
  0.00666473  -0.00915474    -0.01516149  -0.01335787     0.00663007  -0.00741326
 -0.00907037  -0.00165253     0.00005692  -0.02008827     0.00740276   0.00041490
  0.00559449   0.00553618     0.00130852   0.01155240     0.00779523  -0.00239690
    6    3
 -0.01118606   0.00176070     0.00127535   0.02016623     0.00993013  -0.00055380
  0.00524520   0.00758223    -0.01424480   0.01416431     0.00494117   0.00552792
  0.00004123   0.00787057    -0.00724352   0.00909404    -0.00720692  -0.00381720
    6    4
  0.00005691   0.02008827    -0.00907037   0.00165253     0.00740276  -0.00041490
 -0.01516149   0.01335787     0.00666473   0.00915474     0.00663007   0.00741326
  0.00130852  -0.01155240     0.00559449  -0.00553618     0.00779523   0.00239690
    6    5
 -0.01424480  -0.01416431     0.00524520  -0.00758223     0.00494117  -0.00552792
  0.00127535  -0.02016623    -0.01118606  -0.00176070     0.00993013   0.00055380
 -0.00724352  -0.00909404     0.00004123  -0.00787057    -0.00720692   0.00381720
    6    6
  0.01902021   0.00000000     0.00606979  -0.00448974    -0.00000000   0.00000000
  0.00606979   0.00448974     0.01902021   0.00000000    -0.00000000   0.00000000
 -0.00000000   0.00000000    -0.00000000   0.00000000     0.01651098   0.00000000
    6    7
  0.00589731  -0.00371947     0.01312368   0.00000000     0.00000000  -0.00000000
  0.01312368   0.00000000     0.00589731   0.00371947     0.00000000  -0.00000000
  0.00000000  -0.00000000     0.00000000  -0.00000000    -0.01016963  -0.00000000
    7    1
  0.00000000  -0.00000000    -0.00000000   0.00000000    -0.00865796  -0.00823651
  0.00000000   0.00000000     0.00000000  -0.00000000    -0.01194619  -0.00029801
  0.00030952   0.00267810     0.00211257  -0.00167483     0.00000000  -0.00000000
    7    2
 -0.01118606  -0.00176070     0.00127535  -0.02016623     0.00993013   0.00055380
  0.00524520  -0.00758223    -0.01424480  -0.01416431     0.00494117  -0.00552792
  0.00004123  -0.00787057    -0.00724352  -0.00909404    -0.00720692   0.00381720
    7    3
  0.00666473   0.00915474    -0.01516149   0.01335787     0.00663007   0.00741326
 -0.00907037   0.00165253     0.00005692   0.02008827     0.00740276  -0.00041490
  0.00559449  -0.00553618     0.00130852  -0.01155240     0.00779523   0.00239690
    7    4
 -0.01424480   0.01416431     0.00524520   0.00758223     0.00494117   0.00552792
  0.00127535   0.02016623    -0.01118606   0.00176070     0.00993013  -0.00055380
 -0.00724352   0.00909404     0.00004123   0.00787057    -0.00720692  -0.00381720
    7    5
  0.00005691  -0.02008827    -0.00907037  -0.00165253     0.00740276   0.00041490
 -0.01516149  -0.01335787     0.00666473  -0.00915474     0.00663007  -0.00741326
  0.00130852   0.01155240     0.00559449   0.00553618     0.00779523  -0.00239690
    7    6
  0.00589731   0.00371947     0.01312368  -0.00000000     0.00000000   0.00000000
  0.01312368  -0.00000000     0.00589731  -0.00371947     0.00000000   0.00000000
  0.00000000   0.00000000     0.00000000   0.00000000    -0.01016963   0.00000000
    7    7
  0.01902021  -0.00000000     0.00606979   0.00448974    -0.00000000   0.00000000
  0.00606979  -0.00448974     0.01902021   0.00000000    -0.00000000   0.00000000
 -0.00000000   0.00000000    -0.00000000   0.00000000     0.01651098   0.00000000

     Dynamical  Matrix in cartesian axes

     q = (    0.216506400  -0.433012700   0.433012700 ) 

    1    1
  0.01515518   0.00000000     0.00000000   0.00000000    -0.00000000  -0.00000000
  0.00000000   0.00000000     0.02435277  -0.00000000    -0.00298172  -0.00000000
 -0.00000000  -0.00000000    -0.00298172   0.00000000     0.02435277   0.00000000
    1    2
  0.00000000   0.00000000    -0.01194619   0.00029801    -0.00865796   0.00823651
  0.00211257   0.00167483     0.00000000   0.00000000    -0.00000000  -0.00000000
  0.00030952  -0.00267810     0.00000000  -0.00000000     0.00000000   0.00000000
    1    3
  0.00000000  -0.00000000    -0.00865796   0.00823651    -0.01194619   0.00029801
  0.00030952  -0.00267810     0.00000000  -0.00000000     0.00000000   0.00000000
  0.00211257   0.00167483     0.00000000   0.00000000    -0.00000000  -0.00000000
    1    4
 -0.00608080   0.00608080     0.00082401   0.00082401     0.01503629   0.01503628
  0.00149520   0.00149520    -0.00339068   0.00339068    -0.00761386   0.00761386
  0.00090033   0.00090033     0.00664244  -0.00664244     0.00155287  -0.00155287
    1    5
 -0.00859955  -0.00000000     0.00000000  -0.00116533     0.00000000  -0.02126452
  0.00000000  -0.00211454    -0.00479514  -0.00000000    -0.01076762  -0.00000000
  0.00000000  -0.00127325     0.00939383   0.00000000     0.00219608   0.00000000
    1    6
 -0.00859955   0.00000000    -0.00000000  -0.02126452    -0.00000000  -0.00116533
 -0.00000000  -0.00127325     0.00219608  -0.00000000     0.00939383  -0.00000000
 -0.00000000  -0.00211454    -0.01076762   0.00000000    -0.00479514   0.00000000
    1    7
 -0.00608080   0.00608080     0.01503629   0.01503628     0.00082401   0.00082401
  0.00090033   0.00090033     0.00155287  -0.00155287     0.00664244  -0.00664244
