Dynamical matrix file
Electron-phonon coefficients for Ca1H6                                     
  2    7   0   5.5613398   0.0000000   0.0000000   0.0000000   0.0000000   0.0000000
Basis vectors
     -0.577350269    0.577350269    0.577350269
      0.577350269   -0.577350269    0.577350269
      0.577350269    0.577350269   -0.577350269
           1  'Ca  '    36528.8623753087     
           2  'H   '    918.681110398939     
    1    1      0.0000000000      0.0000000000      0.0000000000
    2    2      0.2886751346      0.0000000000      0.5773502692
    3    2      0.2886751346      0.5773502692      0.0000000000
    4    2      0.5773502692      0.2886751346      0.0000000000
    5    2      0.0000000000      0.2886751346      0.5773502692
    6    2      0.0000000000      0.5773502692      0.2886751346
    7    2      0.5773502692      0.0000000000      0.2886751346

     Dynamical  Matrix in cartesian axes

     q = (    0.324759526   0.324759526   0.000000000 ) 

    1    1
  0.67187503   0.00000000     0.13430720   0.00000000    -0.00000000   0.00000000
  0.13430720   0.00000000     0.67187503   0.00000000    -0.00000000   0.00000000
 -0.00000000   0.00000000    -0.00000000   0.00000000     0.69642587   0.00000000
    1    2
 -0.00895317   0.01915397     0.08603206   0.01989457     0.00000000  -0.00000000
  0.04477074   0.02444041    -0.00722919   0.03424100     0.00000000  -0.00000000
  0.00000000  -0.00000000     0.00000000  -0.00000000    -0.11161193   0.00466986
    1    3
 -0.00721305   0.01987475    -0.07490144  -0.04676627    -0.00000000  -0.00000000
 -0.04893967  -0.01437571    -0.01910023   0.02932385    -0.00000000  -0.00000000
 -0.00000000  -0.00000000    -0.00000000  -0.00000000     0.07561947   0.08222364
    1    4
 -0.01910023   0.02932385    -0.04893967  -0.01437571    -0.00000000  -0.00000000
 -0.07490144  -0.04676627    -0.00721305   0.01987475    -0.00000000  -0.00000000
 -0.00000000  -0.00000000    -0.00000000  -0.00000000     0.07561947   0.08222364
    1    5
 -0.00722919   0.03424100     0.04477074   0.02444041     0.00000000  -0.00000000
  0.08603206   0.01989457    -0.00895317   0.01915397     0.00000000  -0.00000000
  0.00000000  -0.00000000     0.00000000  -0.00000000    -0.11161193   0.00466986
    1    6
 -0.01539623   0.03716978    -0.00130769   0.00315704     0.04004719   0.01658809
 -0.00130769   0.00315704    -0.01539623   0.03716978    -0.04004719  -0.01658809
  0.04509991   0.01868099    -0.04509991  -0.01868099    -0.00970405   0.02342766
    1    7
 -0.01539623   0.03716978    -0.00130769   0.00315704    -0.04004719  -0.01658809
 -0.00130769   0.00315704    -0.01539623   0.03716978     0.04004719   0.01658809
 -0.04509991  -0.01868099     0.04509991   0.01868099    -0.00970405   0.02342766
    2    1
 -0.00895317  -0.01915397     0.04477074  -0.02444041     0.00000000   0.00000000
  0.08603206  -0.01989457    -0.00722919  -0.03424100     0.00000000   0.00000000
  0.00000000   0.00000000     0.00000000   0.00000000    -0.11161193  -0.00466986
    2    2
  0.17238751   0.00000000    -0.00384031  -0.00232930    -0.00000000   0.00000000
 -0.00384031   0.00232930     0.14560501   0.00000000    -0.00000000   0.00000000
 -0.00000000   0.00000000    -0.00000000   0.00000000     0.14883267   0.00000000
    2    3
 -0.00619589   0.04577119    -0.00410198   0.00220302    -0.00000000   0.00000000
 -0.00410198   0.00220302     0.00772692  -0.00884145    -0.00000000   0.00000000
 -0.00000000  -0.00000000    -0.00000000   0.00000000     0.01602531  -0.00258821
    2    4
 -0.01014412  -0.00472265    -0.01081846  -0.00110082     0.00000000  -0.00000000
 -0.00722187  -0.01409805    -0.01014412  -0.00472265     0.00000000  -0.00000000
  0.00000000  -0.00000000     0.00000000  -0.00000000    -0.02512085   0.00061325
    2    5
  0.00434098   0.00478074     0.02284701   0.00000000     0.00000000   0.00000000
 -0.00564761  -0.00000000     0.00434098  -0.00478074     0.00000000   0.00000000
  0.00000000   0.00000000     0.00000000   0.00000000    -0.01730491   0.00000000
    2    6
  0.00804583  -0.00362509     0.01133766   0.00705566    -0.00771642   0.00864794
  0.00899321   0.00131224    -0.00514501   0.01141692     0.01310894   0.00515997
  0.01446910  -0.00150925     0.00939036   0.00136392     0.00824768   0.00302624
    2    7
  0.00804583  -0.00362509     0.01133766   0.00705566     0.00771642  -0.00864794
  0.00899321   0.00131224    -0.00514501   0.01141692    -0.01310894  -0.00515997
 -0.01446910   0.00150925    -0.00939036  -0.00136392     0.00824768   0.00302624
    3    1
 -0.00721305  -0.01987475    -0.04893967   0.01437571    -0.00000000   0.00000000
 -0.07490144   0.04676627    -0.01910023  -0.02932385    -0.00000000   0.00000000
 -0.00000000   0.00000000    -0.00000000   0.00000000     0.07561947  -0.08222364
    3    2
 -0.00619589  -0.04577119    -0.00410198  -0.00220302    -0.00000000   0.00000000
 -0.00410198  -0.00220302     0.00772692   0.00884145    -0.00000000   0.00000000
 -0.00000000   0.00000000    -0.00000000   0.00000000     0.01602531   0.00258821
    3    3
  0.17238751  -0.00000000    -0.00384031   0.00232930    -0.00000000   0.00000000
 -0.00384031  -0.00232930     0.14560501  -0.00000000    -0.00000000   0.00000000
 -0.00000000   0.00000000    -0.00000000   0.00000000     0.14883267   0.00000000
    3    4
  0.00434098  -0.00478074     0.02284701  -0.00000000     0.00000000   0.00000000
 -0.00564761   0.00000000     0.00434098   0.00478074     0.00000000   0.00000000
  0.00000000   0.00000000     0.00000000   0.00000000    -0.01730491  -0.00000000
    3    5
 -0.01014412   0.00472265    -0.01081846   0.00110082     0.00000000   0.00000000
 -0.00722187   0.01409805    -0.01014412   0.00472265     0.00000000   0.00000000
  0.00000000   0.00000000     0.00000000   0.00000000    -0.02512085  -0.00061325
    3    6
  0.00804583   0.00362509     0.01133766  -0.00705566     0.00771642   0.00864794
  0.00899321  -0.00131224    -0.00514501  -0.01141692    -0.01310894   0.00515997
 -0.01446910  -0.00150925    -0.00939036   0.00136392     0.00824768  -0.00302624
    3    7
  0.00804583   0.00362509     0.01133766  -0.00705566    -0.00771642  -0.00864794
  0.00899321  -0.00131224    -0.00514501  -0.01141692     0.01310894  -0.00515997
  0.01446910   0.00150925     0.00939036  -0.00136392     0.00824768  -0.00302624
    4    1
 -0.01910023  -0.02932385    -0.07490144   0.04676627    -0.00000000   0.00000000
 -0.04893967   0.01437571    -0.00721305  -0.01987475    -0.00000000   0.00000000
 -0.00000000   0.00000000    -0.00000000   0.00000000     0.07561947  -0.08222364
    4    2
 -0.01014412   0.00472265    -0.00722187   0.01409805     0.00000000   0.00000000
 -0.01081846   0.00110082    -0.01014412   0.00472265     0.00000000   0.00000000
  0.00000000   0.00000000     0.00000000   0.00000000    -0.02512085  -0.00061325
    4    3
  0.00434098   0.00478074    -0.00564761   0.00000000     0.00000000   0.00000000
  0.02284701  -0.00000000     0.00434098  -0.00478074     0.00000000   0.00000000
  0.00000000   0.00000000     0.00000000   0.00000000    -0.01730491  -0.00000000
    4    4
  0.14560501  -0.00000000    -0.00384031  -0.00232930    -0.00000000   0.00000000
 -0.00384031   0.00232930     0.17238751   0.00000000     0.00000000   0.00000000
 -0.00000000   0.00000000    -0.00000000   0.00000000     0.14883267   0.00000000
    4    5
  0.00772692   0.00884145    -0.00410198  -0.00220302    -0.00000000   0.00000000
 -0.00410198  -0.00220302    -0.00619589  -0.04577119    -0.00000000   0.00000000
 -0.00000000   0.00000000    -0.00000000  -0.00000000     0.01602531   0.00258821
    4    6
 -0.00514501  -0.01141692     0.00899321  -0.00131224     0.01310894  -0.00515997
  0.01133766  -0.00705566     0.00804583   0.00362509    -0.00771642  -0.00864794
  0.00939036  -0.00136392     0.01446910   0.00150925     0.00824768  -0.00302624
    4    7
 -0.00514501  -0.01141692     0.00899321  -0.00131224    -0.01310894   0.00515997
  0.01133766  -0.00705566     0.00804583   0.00362509     0.00771642   0.00864794
 -0.00939036   0.00136392    -0.01446910  -0.00150925     0.00824768  -0.00302624
    5    1
 -0.00722919  -0.03424100     0.08603206  -0.01989457     0.00000000   0.00000000
  0.04477074  -0.02444041    -0.00895317  -0.01915397     0.00000000   0.00000000
  0.00000000   0.00000000     0.00000000   0.00000000    -0.11161193  -0.00466986
    5    2
  0.00434098  -0.00478074    -0.00564761  -0.00000000     0.00000000   0.00000000
  0.02284701   0.00000000     0.00434098   0.00478074     0.00000000   0.00000000
  0.00000000   0.00000000     0.00000000   0.00000000    -0.01730491   0.00000000
    5    3
 -0.01014412  -0.00472265    -0.00722187  -0.01409805     0.00000000  -0.00000000
 -0.01081846  -0.00110082    -0.01014412  -0.00472265     0.00000000  -0.00000000
  0.00000000  -0.00000000     0.00000000  -0.00000000    -0.02512085   0.00061325
    5    4
  0.00772692  -0.00884145    -0.00410198   0.00220302    -0.00000000   0.00000000
 -0.00410198   0.00220302    -0.00619589   0.04577119    -0.00000000   0.00000000
 -0.00000000   0.00000000    -0.00000000   0.00000000     0.01602531  -0.00258821
    5    5
  0.14560501   0.00000000    -0.00384031   0.00232930    -0.00000000   0.00000000
 -0.00384031  -0.00232930     0.17238751  -0.00000000     0.00000000   0.00000000
 -0.00000000   0.00000000    -0.00000000   0.00000000     0.14883267   0.00000000
    5    6
 -0.00514501   0.01141692     0.00899321   0.00131224    -0.01310894  -0.00515997
  0.01133766   0.00705566     0.00804583  -0.00362509     0.00771642  -0.00864794
 -0.00939036  -0.00136392    -0.01446910   0.00150925     0.00824768   0.00302624
    5    7
 -0.00514501   0.01141692     0.00899321   0.00131224     0.01310894   0.00515997
  0.01133766   0.00705566     0.00804583  -0.00362509    -0.00771642   0.00864794
  0.00939036   0.00136392     0.01446910  -0.00150925     0.00824768   0.00302624
    6    1
 -0.01539623  -0.03716978    -0.00130769  -0.00315704     0.04509991  -0.01868099
 -0.00130769  -0.00315704    -0.01539623  -0.03716978    -0.04509991   0.01868099
  0.04004719  -0.01658809    -0.04004719   0.01658809    -0.00970405  -0.02342766
    6    2
  0.00804583   0.00362509     0.00899321  -0.00131224     0.01446910   0.00150925
  0.01133766  -0.00705566    -0.00514501  -0.01141692     0.00939036  -0.00136392
 -0.00771642  -0.00864794     0.01310894  -0.00515997     0.00824768  -0.00302624
    6    3
  0.00804583  -0.00362509     0.00899321   0.00131224    -0.01446910   0.00150925
  0.01133766   0.00705566    -0.00514501   0.01141692    -0.00939036  -0.00136392
  0.00771642  -0.00864794    -0.01310894  -0.00515997     0.00824768   0.00302624
    6    4
 -0.00514501   0.01141692     0.01133766   0.00705566     0.00939036   0.00136392
  0.00899321   0.00131224     0.00804583  -0.00362509     0.01446910  -0.00150925
  0.01310894   0.00515997    -0.00771642   0.00864794     0.00824768   0.00302624
    6    5
 -0.00514501  -0.01141692     0.01133766  -0.00705566    -0.00939036   0.00136392
  0.00899321  -0.00131224     0.00804583   0.00362509    -0.01446910  -0.00150925
 -0.01310894   0.00515997     0.00771642   0.00864794     0.00824768  -0.00302624
    6    6
  0.14066135   0.00000000    -0.00319646  -0.00000000    -0.00000000   0.00109998
 -0.00319646   0.00000000     0.14066135  -0.00000000    -0.00000000  -0.00109998
 -0.00000000  -0.00109998    -0.00000000   0.00109998     0.18430200   0.00000000
    6    7
  0.01579616   0.00000000     0.00767891   0.00000000     0.00000000  -0.00037580
  0.00767891  -0.00000000     0.01579616  -0.00000000     0.00000000   0.00037580
  0.00000000  -0.00037580     0.00000000   0.00037580    -0.08526269   0.00000000
    7    1
 -0.01539623  -0.03716978    -0.00130769  -0.00315704    -0.04509991   0.01868099
 -0.00130769  -0.00315704    -0.01539623  -0.03716978     0.04509991  -0.01868099
 -0.04004719   0.01658809     0.04004719  -0.01658809    -0.00970405  -0.02342766
    7    2
  0.00804583   0.00362509     0.00899321  -0.00131224    -0.01446910  -0.00150925
  0.01133766  -0.00705566    -0.00514501  -0.01141692    -0.00939036   0.00136392
  0.00771642   0.00864794    -0.01310894   0.00515997     0.00824768  -0.00302624
    7    3
  0.00804583  -0.00362509     0.00899321   0.00131224     0.01446910  -0.00150925
  0.01133766   0.00705566    -0.00514501   0.01141692     0.00939036   0.00136392
 -0.00771642   0.00864794     0.01310894   0.00515997     0.00824768   0.00302624
    7    4
 -0.00514501   0.01141692     0.01133766   0.00705566    -0.00939036  -0.00136392
  0.00899321   0.00131224     0.00804583  -0.00362509    -0.01446910   0.00150925
 -0.01310894  -0.00515997     0.00771642  -0.00864794     0.00824768   0.00302624
    7    5
 -0.00514501  -0.01141692     0.01133766  -0.00705566     0.00939036  -0.00136392
  0.00899321  -0.00131224     0.00804583   0.00362509     0.01446910   0.00150925
  0.01310894  -0.00515997    -0.00771642  -0.00864794     0.00824768  -0.00302624
    7    6
  0.01579616  -0.00000000     0.00767891  -0.00000000     0.00000000   0.00037580
  0.00767891   0.00000000     0.01579616   0.00000000     0.00000000  -0.00037580
  0.00000000   0.00037580     0.00000000  -0.00037580    -0.08526269   0.00000000
    7    7
  0.14066135  -0.00000000    -0.00319646   0.00000000    -0.00000000  -0.00109998
 -0.00319646  -0.00000000     0.14066135  -0.00000000    -0.00000000   0.00109998
 -0.00000000   0.00109998    -0.00000000  -0.00109998     0.18430200   0.00000000

     Dynamical  Matrix in cartesian axes

     q = (    0.324759526  -0.324759526   0.000000000 ) 

    1    1
  0.67187503   0.00000000    -0.13430720   0.00000000    -0.00000000   0.00000000
 -0.13430720   0.00000000     0.67187503   0.00000000    -0.00000000   0.00000000
 -0.00000000   0.00000000    -0.00000000   0.00000000     0.69642587   0.00000000
    1    2
 -0.00895317   0.01915397    -0.08603206  -0.01989457     0.00000000   0.00000000
 -0.04477074  -0.02444041    -0.00722919   0.03424100     0.00000000  -0.00000000
  0.00000000   0.00000000     0.00000000  -0.00000000    -0.11161193   0.00466986
    1    3
 -0.00895317  -0.01915397    -0.08603206   0.01989457     0.00000000   0.00000000
 -0.04477074   0.02444041    -0.00722919  -0.03424100     0.00000000   0.00000000
  0.00000000  -0.00000000     0.00000000   0.00000000    -0.11161193  -0.00466986
    1    4
 -0.00722919   0.03424100    -0.04477074  -0.02444041     0.00000000  -0.00000000
 -0.08603206  -0.01989457    -0.00895317   0.01915397     0.00000000  -0.00000000
  0.00000000  -0.00000000     0.00000000   0.00000000    -0.11161193   0.00466986
    1    5
 -0.00722919  -0.03424100    -0.04477074   0.02444041     0.00000000  -0.00000000
 -0.08603206   0.01989457    -0.00895317  -0.01915397     0.00000000   0.00000000
  0.00000000  -0.00000000     0.00000000   0.00000000    -0.11161193  -0.00466986
    1    6
 -0.01539623  -0.03716978     0.00130769   0.00315704    -0.04004719   0.01658809
  0.00130769   0.00315704    -0.01539623  -0.03716978    -0.04004719   0.01658809
 -0.04509991   0.01868099    -0.04509991   0.01868099    -0.00970405  -0.02342766
    1    7
 -0.01539623   0.03716978     0.00130769  -0.00315704    -0.04004719  -0.01658809
  0.00130769  -0.00315704    -0.01539623   0.03716978    -0.04004719  -0.01658809
 -0.04509991  -0.01868099    -0.04509991  -0.01868099    -0.00970405   0.02342766
    2    1
 -0.00895317  -0.01915397    -0.04477074   0.02444041     0.00000000  -0.00000000
 -0.08603206   0.01989457    -0.00722919  -0.03424100     0.00000000  -0.00000000
  0.00000000  -0.00000000     0.00000000  -0.00000000    -0.11161193  -0.00466986
    2    2
  0.17238751   0.00000000     0.00384031   0.00232930    -0.00000000   0.00000000
  0.00384031  -0.00232930     0.14560501  -0.00000000    -0.00000000   0.00000000
 -0.00000000   0.00000000    -0.00000000   0.00000000     0.14883267   0.00000000
    2    3
 -0.02798396  -0.03674628    -0.00134277   0.00445831     0.00000000  -0.00000000
 -0.00134277   0.00445831     0.00078809   0.01171561     0.00000000   0.00000000
  0.00000000  -0.00000000     0.00000000  -0.00000000    -0.00950146   0.01316174
    2    4
  0.00434098   0.00478074    -0.02284701  -0.00000000     0.00000000   0.00000000
  0.00564761   0.00000000     0.00434098  -0.00478074     0.00000000   0.00000000
  0.00000000   0.00000000     0.00000000   0.00000000    -0.01730491  -0.00000000
    2    5
  0.01051240  -0.00383356    -0.00842821   0.00687141    -0.00000000   0.00000000
 -0.01507546  -0.00486219     0.01051240  -0.00383356     0.00000000   0.00000000
  0.00000000   0.00000000     0.00000000   0.00000000     0.01732949  -0.01819676
    2    6
 -0.00312594   0.00825258     0.01300604  -0.00302783    -0.00065869  -0.01157135
  0.00728705  -0.00543127    -0.00443491  -0.01171106     0.01291806  -0.00562077
 -0.00916400   0.01129840     0.00760442  -0.00567555    -0.00797186   0.00369212
    2    7
  0.00804583  -0.00362509    -0.01133766  -0.00705566     0.00771642  -0.00864794
 -0.00899321  -0.00131224    -0.00514501   0.01141692     0.01310894   0.00515997
 -0.01446910   0.00150925     0.00939036   0.00136392     0.00824768   0.00302624
    3    1
 -0.00895317   0.01915397    -0.04477074  -0.02444041     0.00000000  -0.00000000
 -0.08603206  -0.01989457    -0.00722919   0.03424100     0.00000000  -0.00000000
  0.00000000  -0.00000000     0.00000000  -0.00000000    -0.11161193   0.00466986
    3    2
 -0.02798396   0.03674628    -0.00134277  -0.00445831     0.00000000   0.00000000
 -0.00134277  -0.00445831     0.00078809  -0.01171561     0.00000000  -0.00000000
  0.00000000   0.00000000     0.00000000   0.00000000    -0.00950146  -0.01316174
    3    3
  0.17238751  -0.00000000     0.00384031  -0.00232930    -0.00000000   0.00000000
  0.00384031   0.00232930     0.14560501   0.00000000    -0.00000000   0.00000000
 -0.00000000   0.00000000    -0.00000000   0.00000000     0.14883267   0.00000000
    3    4
  0.01051240   0.00383356    -0.00842821  -0.00687141    -0.00000000  -0.00000000
 -0.01507546   0.00486219     0.01051240   0.00383356     0.00000000  -0.00000000
 -0.00000000  -0.00000000     0.00000000  -0.00000000     0.01732949   0.01819676
    3    5
  0.00434098  -0.00478074    -0.02284701  -0.00000000     0.00000000   0.00000000
  0.00564761   0.00000000     0.00434098   0.00478074     0.00000000   0.00000000
  0.00000000   0.00000000     0.00000000   0.00000000    -0.01730491  -0.00000000
    3    6
  0.00804583   0.00362509    -0.01133766   0.00705566     0.00771642   0.00864794
 -0.00899321   0.00131224    -0.00514501  -0.01141692     0.01310894  -0.00515997
 -0.01446910  -0.00150925     0.00939036  -0.00136392     0.00824768  -0.00302624
    3    7
 -0.00312594  -0.00825258     0.01300604   0.00302783    -0.00065869   0.01157135
  0.00728705   0.00543127    -0.00443491   0.01171106     0.01291806   0.00562077
 -0.00916400  -0.01129840     0.00760442   0.00567555    -0.00797186  -0.00369212
    4    1
 -0.00722919  -0.03424100    -0.08603206   0.01989457     0.00000000   0.00000000
 -0.04477074   0.02444041    -0.00895317  -0.01915397     0.00000000  -0.00000000
  0.00000000   0.00000000     0.00000000   0.00000000    -0.11161193  -0.00466986
    4    2
  0.00434098  -0.00478074     0.00564761  -0.00000000     0.00000000   0.00000000
 -0.02284701   0.00000000     0.00434098   0.00478074     0.00000000   0.00000000
  0.00000000   0.00000000     0.00000000   0.00000000    -0.01730491   0.00000000
    4    3
  0.01051240  -0.00383356    -0.01507546  -0.00486219    -0.00000000   0.00000000
 -0.00842821   0.00687141     0.01051240  -0.00383356     0.00000000   0.00000000
 -0.00000000  -0.00000000    -0.00000000   0.00000000     0.01732949  -0.01819676
    4    4
  0.14560501   0.00000000     0.00384031  -0.00232930     0.00000000   0.00000000
  0.00384031   0.00232930     0.17238751   0.00000000    -0.00000000   0.00000000
 -0.00000000   0.00000000    -0.00000000   0.00000000     0.14883267   0.00000000
    4    5
  0.00078809   0.01171561    -0.00134277   0.00445831     0.00000000  -0.00000000
 -0.00134277   0.00445831    -0.02798396  -0.03674628     0.00000000  -0.00000000
  0.00000000  -0.00000000     0.00000000  -0.00000000    -0.00950146   0.01316174
    4    6
 -0.00443491  -0.01171106     0.00728705  -0.00543127     0.01291806  -0.00562077
  0.01300604  -0.00302783    -0.00312594   0.00825258    -0.00065869  -0.01157135
  0.00760442  -0.00567555    -0.00916400   0.01129840    -0.00797186   0.00369212
    4    7
 -0.00514501   0.01141692    -0.00899321  -0.00131224     0.01310894   0.00515997
 -0.01133766  -0.00705566     0.00804583  -0.00362509     0.00771642  -0.00864794
  0.00939036   0.00136392    -0.01446910   0.00150925     0.00824768   0.00302624
    5    1
 -0.00722919   0.03424100    -0.08603206  -0.01989457     0.00000000  -0.00000000
 -0.04477074  -0.02444041    -0.00895317   0.01915397     0.00000000  -0.00000000
  0.00000000  -0.00000000     0.00000000  -0.00000000    -0.11161193   0.00466986
    5    2
  0.01051240   0.00383356    -0.01507546   0.00486219    -0.00000000  -0.00000000
 -0.00842821  -0.00687141     0.01051240   0.00383356    -0.00000000  -0.00000000
 -0.00000000  -0.00000000    -0.00000000  -0.00000000     0.01732949   0.01819676
    5    3
  0.00434098   0.00478074     0.00564761  -0.00000000     0.00000000  -0.00000000
 -0.02284701   0.00000000     0.00434098  -0.00478074     0.00000000  -0.00000000
  0.00000000  -0.00000000     0.00000000  -0.00000000    -0.01730491   0.00000000
    5    4
  0.00078809  -0.01171561    -0.00134277  -0.00445831     0.00000000   0.00000000
 -0.00134277  -0.00445831    -0.02798396   0.03674628    -0.00000000   0.00000000
  0.00000000   0.00000000     0.00000000   0.00000000    -0.00950146  -0.01316174
    5    5
  0.14560501   0.00000000     0.00384031   0.00232930    -0.00000000   0.00000000
  0.00384031  -0.00232930     0.17238751  -0.00000000    -0.00000000   0.00000000
 -0.00000000   0.00000000    -0.00000000   0.00000000     0.14883267   0.00000000
    5    6
 -0.00514501  -0.01141692    -0.00899321   0.00131224     0.01310894  -0.00515997
 -0.01133766   0.00705566     0.00804583   0.00362509     0.00771642   0.00864794
  0.00939036  -0.00136392    -0.01446910  -0.00150925     0.00824768  -0.00302624
    5    7
 -0.00443491   0.01171106     0.00728705   0.00543127     0.01291806   0.00562077
  0.01300604   0.00302783    -0.00312594  -0.00825258    -0.00065869   0.01157135
  0.00760442   0.00567555    -0.00916400  -0.01129840    -0.00797186  -0.00369212
    6    1
 -0.01539623   0.03716978     0.00130769  -0.00315704    -0.04509991  -0.01868099
  0.00130769  -0.00315704    -0.01539623   0.03716978    -0.04509991  -0.01868099
 -0.04004719  -0.01658809    -0.04004719  -0.01658809    -0.00970405   0.02342766
    6    2
 -0.00312594  -0.00825258     0.00728705   0.00543127    -0.00916400  -0.01129840
  0.01300604   0.00302783    -0.00443491   0.01171106     0.00760442   0.00567555
 -0.00065869   0.01157135     0.01291806   0.00562077    -0.00797186  -0.00369212
    6    3
  0.00804583  -0.00362509    -0.00899321  -0.00131224    -0.01446910   0.00150925
 -0.01133766  -0.00705566    -0.00514501   0.01141692     0.00939036   0.00136392
  0.00771642  -0.00864794     0.01310894   0.00515997     0.00824768   0.00302624
    6    4
 -0.00443491   0.01171106     0.01300604   0.00302783     0.00760442   0.00567555
  0.00728705   0.00543127    -0.00312594  -0.00825258    -0.00916400  -0.01129840
  0.01291806   0.00562077    -0.00065869   0.01157135    -0.00797186  -0.00369212
    6    5
 -0.00514501   0.01141692    -0.01133766  -0.00705566     0.00939036   0.00136392
 -0.00899321  -0.00131224     0.00804583  -0.00362509    -0.01446910   0.00150925
  0.01310894   0.00515997     0.00771642  -0.00864794     0.00824768   0.00302624
    6    6
  0.14066135   0.00000000     0.00319646   0.00000000    -0.00000000   0.00109998
  0.00319646   0.00000000     0.14066135   0.00000000    -0.00000000   0.00109998
 -0.00000000  -0.00109998    -0.00000000  -0.00109998     0.18430200  -0.00000000
    6    7
 -0.01116957  -0.01116957     0.00542981   0.00542981    -0.00026573   0.00026573
  0.00542981   0.00542981    -0.01116957  -0.01116957    -0.00026573   0.00026573
 -0.00026573   0.00026573    -0.00026573   0.00026573     0.06028983   0.06028983
    7    1
 -0.01539623  -0.03716978     0.00130769   0.00315704    -0.04509991   0.01868099
  0.00130769   0.00315704    -0.01539623  -0.03716978    -0.04509991   0.01868099
 -0.04004719   0.01658809    -0.04004719   0.01658809    -0.00970405  -0.02342766
    7    2
  0.00804583   0.00362509    -0.00899321   0.00131224    -0.01446910  -0.00150925
 -0.01133766   0.00705566    -0.00514501  -0.01141692     0.00939036  -0.00136392
  0.00771642   0.00864794     0.01310894  -0.00515997     0.00824768  -0.00302624
    7    3
 -0.00312594   0.00825258     0.00728705  -0.00543127    -0.00916400   0.01129840
  0.01300604  -0.00302783    -0.00443491  -0.01171106     0.00760442  -0.00567555
 -0.00065869  -0.01157135     0.01291806  -0.00562077    -0.00797186   0.00369212
    7    4
 -0.00514501  -0.01141692    -0.01133766   0.00705566     0.00939036  -0.00136392
 -0.00899321   0.00131224     0.00804583   0.00362509    -0.01446910  -0.00150925
  0.01310894  -0.00515997     0.00771642   0.00864794     0.00824768  -0.00302624
    7    5
 -0.00443491  -0.01171106     0.01300604  -0.00302783     0.00760442  -0.00567555
  0.00728705  -0.00543127    -0.00312594   0.00825258    -0.00916400   0.01129840
  0.01291806  -0.00562077    -0.00065869  -0.01157135    -0.00797186   0.00369212
    7    6
 -0.01116957   0.01116957     0.00542981  -0.00542981    -0.00026573  -0.00026573
  0.00542981  -0.00542981    -0.01116957   0.01116957    -0.00026573  -0.00026573
 -0.00026573  -0.00026573    -0.00026573  -0.00026573     0.06028983  -0.06028983
    7    7
  0.14066135   0.00000000     0.00319646  -0.00000000    -0.00000000  -0.00109998
  0.00319646   0.00000000     0.14066135  -0.00000000    -0.00000000  -0.00109998
 -0.00000000   0.00109998    -0.00000000   0.00109998     0.18430200  -0.00000000

     Dynamical  Matrix in cartesian axes

     q = (   -0.324759526  -0.324759526   0.000000000 ) 

    1    1
  0.67187503   0.00000000     0.13430720   0.00000000    -0.00000000   0.00000000
  0.13430720   0.00000000     0.67187503   0.00000000    -0.00000000   0.00000000
 -0.00000000   0.00000000    -0.00000000   0.00000000     0.69642587   0.00000000
    1    2
 -0.00895317  -0.01915397     0.08603206  -0.01989457     0.00000000   0.00000000
  0.04477074  -0.02444041    -0.00722919  -0.03424100     0.00000000   0.00000000
  0.00000000   0.00000000     0.00000000   0.00000000    -0.11161193  -0.00466986
    1    3
 -0.00721305  -0.01987475    -0.07490144   0.04676627    -0.00000000   0.00000000
 -0.04893967   0.01437571    -0.01910023  -0.02932385    -0.00000000   0.00000000
 -0.00000000   0.00000000    -0.00000000   0.00000000     0.07561947  -0.08222364
    1    4
 -0.01910023  -0.02932385    -0.04893967   0.01437571    -0.00000000   0.00000000
 -0.07490144   0.04676627    -0.00721305  -0.01987475    -0.00000000   0.00000000
 -0.00000000   0.00000000    -0.00000000   0.00000000     0.07561947  -0.08222364
    1    5
 -0.00722919  -0.03424100     0.04477074  -0.02444041     0.00000000   0.00000000
  0.08603206  -0.01989457    -0.00895317  -0.01915397     0.00000000   0.00000000
  0.00000000   0.00000000     0.00000000   0.00000000    -0.11161193  -0.00466986
    1    6
 -0.01539623  -0.03716978    -0.00130769  -0.00315704     0.04004719  -0.01658809
 -0.00130769  -0.00315704    -0.01539623  -0.03716978    -0.04004719   0.01658809
  0.04509991  -0.01868099    -0.04509991   0.01868099    -0.00970405  -0.02342766
    1    7
 -0.01539623  -0.03716978    -0.00130769  -0.00315704    -0.04004719   0.01658809
 -0.00130769  -0.00315704    -0.01539623  -0.03716978     0.04004719  -0.01658809
 -0.04509991   0.01868099     0.04509991  -0.01868099    -0.00970405  -0.02342766
    2    1
 -0.00895317   0.01915397     0.04477074   0.02444041     0.00000000  -0.00000000
  0.08603206   0.01989457    -0.00722919   0.03424100     0.00000000  -0.00000000
  0.00000000  -0.00000000     0.00000000  -0.00000000    -0.11161193   0.00466986
    2    2
  0.17238751  -0.00000000    -0.00384031   0.00232930    -0.00000000   0.00000000
 -0.00384031  -0.00232930     0.14560501  -0.00000000    -0.00000000   0.00000000
 -0.00000000   0.00000000    -0.00000000   0.00000000     0.14883267   0.00000000
    2    3
 -0.00619589  -0.04577119    -0.00410198  -0.00220302    -0.00000000   0.00000000
 -0.00410198  -0.00220302     0.00772692   0.00884145    -0.00000000   0.00000000
 -0.00000000   0.00000000    -0.00000000   0.00000000     0.01602531   0.00258821
    2    4
 -0.01014412   0.00472265    -0.01081846   0.00110082     0.00000000   0.00000000
 -0.00722187   0.01409805    -0.01014412   0.00472265     0.00000000   0.00000000
  0.00000000   0.00000000     0.00000000   0.00000000    -0.02512085  -0.00061325
    2    5
  0.00434098  -0.00478074     0.02284701  -0.00000000     0.00000000   0.00000000
 -0.00564761   0.00000000     0.00434098   0.00478074     0.00000000   0.00000000
  0.00000000   0.00000000     0.00000000   0.00000000    -0.01730491  -0.00000000
    2    6
  0.00804583   0.00362509     0.01133766  -0.00705566    -0.00771642  -0.00864794
  0.00899321  -0.00131224    -0.00514501  -0.01141692     0.01310894  -0.00515997
  0.01446910   0.00150925     0.00939036  -0.00136392     0.00824768  -0.00302624
    2    7
  0.00804583   0.00362509     0.01133766  -0.00705566     0.00771642   0.00864794
  0.00899321  -0.00131224    -0.00514501  -0.01141692    -0.01310894   0.00515997
 -0.01446910  -0.00150925    -0.00939036   0.00136392     0.00824768  -0.00302624
    3    1
 -0.00721305   0.01987475    -0.04893967  -0.01437571    -0.00000000  -0.00000000
 -0.07490144  -0.04676627    -0.01910023   0.02932385    -0.00000000  -0.00000000
 -0.00000000  -0.00000000    -0.00000000  -0.00000000     0.07561947   0.08222364
    3    2
 -0.00619589   0.04577119    -0.00410198   0.00220302    -0.00000000   0.00000000
 -0.00410198   0.00220302     0.00772692  -0.00884145    -0.00000000   0.00000000
 -0.00000000  -0.00000000    -0.00000000   0.00000000     0.01602531  -0.00258821
    3    3
  0.17238751   0.00000000    -0.00384031  -0.00232930    -0.00000000   0.00000000
 -0.00384031   0.00232930     0.14560501   0.00000000    -0.00000000   0.00000000
 -0.00000000   0.00000000    -0.00000000   0.00000000     0.14883267   0.00000000
    3    4
  0.00434098   0.00478074     0.02284701   0.00000000     0.00000000   0.00000000
 -0.00564761  -0.00000000     0.00434098  -0.00478074     0.00000000   0.00000000
  0.00000000   0.00000000     0.00000000   0.00000000    -0.01730491   0.00000000
    3    5
 -0.01014412  -0.00472265    -0.01081846  -0.00110082     0.00000000  -0.00000000
 -0.00722187  -0.01409805    -0.01014412  -0.00472265     0.00000000  -0.00000000
  0.00000000  -0.00000000     0.00000000  -0.00000000    -0.02512085   0.00061325
    3    6
  0.00804583  -0.00362509     0.01133766   0.00705566     0.00771642  -0.00864794
  0.00899321   0.00131224    -0.00514501   0.01141692    -0.01310894  -0.00515997
 -0.01446910   0.00150925    -0.00939036  -0.00136392     0.00824768   0.00302624
    3    7
  0.00804583  -0.00362509     0.01133766   0.00705566    -0.00771642   0.00864794
  0.00899321   0.00131224    -0.00514501   0.01141692     0.01310894   0.00515997
  0.01446910  -0.00150925     0.00939036   0.00136392     0.00824768   0.00302624
    4    1
 -0.01910023   0.02932385    -0.07490144  -0.04676627    -0.00000000  -0.00000000
 -0.04893967  -0.01437571    -0.00721305   0.01987475    -0.00000000  -0.00000000
 -0.00000000  -0.00000000    -0.00000000  -0.00000000     0.07561947   0.08222364
    4    2
 -0.01014412  -0.00472265    -0.00722187  -0.01409805     0.00000000   0.00000000
 -0.01081846  -0.00110082    -0.01014412  -0.00472265     0.00000000  -0.00000000
  0.00000000  -0.00000000     0.00000000  -0.00000000    -0.02512085   0.00061325
    4    3
  0.00434098  -0.00478074    -0.00564761  -0.00000000     0.00000000   0.00000000
  0.02284701   0.00000000     0.00434098   0.00478074     0.00000000   0.00000000
  0.00000000   0.00000000     0.00000000   0.00000000    -0.01730491   0.00000000
    4    4
  0.14560501   0.00000000    -0.00384031   0.00232930    -0.00000000   0.00000000
 -0.00384031  -0.00232930     0.17238751  -0.00000000     0.00000000   0.00000000
 -0.00000000   0.00000000    -0.00000000   0.00000000     0.14883267   0.00000000
    4    5
  0.00772692  -0.00884145    -0.00410198   0.00220302    -0.00000000   0.00000000
 -0.00410198   0.00220302    -0.00619589   0.04577119    -0.00000000   0.00000000
 -0.00000000   0.00000000    -0.00000000   0.00000000     0.01602531  -0.00258821
    4    6
 -0.00514501   0.01141692     0.00899321   0.00131224     0.01310894   0.00515997
  0.01133766   0.00705566     0.00804583  -0.00362509    -0.00771642   0.00864794
  0.00939036   0.00136392     0.01446910  -0.00150925     0.00824768   0.00302624
    4    7
 -0.00514501   0.01141692     0.00899321   0.00131224    -0.01310894  -0.00515997
  0.01133766   0.00705566     0.00804583  -0.00362509     0.00771642  -0.00864794
 -0.00939036  -0.00136392    -0.01446910   0.00150925     0.00824768   0.00302624
    5    1
 -0.00722919   0.03424100     0.08603206   0.01989457     0.00000000  -0.00000000
  0.04477074   0.02444041    -0.00895317   0.01915397     0.00000000  -0.00000000
  0.00000000  -0.00000000     0.00000000  -0.00000000    -0.11161193   0.00466986
    5    2
  0.00434098   0.00478074    -0.00564761   0.00000000     0.00000000   0.00000000
  0.02284701  -0.00000000     0.00434098  -0.00478074     0.00000000   0.00000000
  0.00000000   0.00000000     0.00000000   0.00000000    -0.01730491  -0.00000000
    5    3
 -0.01014412   0.00472265    -0.00722187   0.01409805     0.00000000   0.00000000
 -0.01081846   0.00110082    -0.01014412   0.00472265     0.00000000   0.00000000
  0.00000000   0.00000000     0.00000000   0.00000000    -0.02512085  -0.00061325
    5    4
  0.00772692   0.00884145    -0.00410198  -0.00220302    -0.00000000   0.00000000
 -0.00410198  -0.00220302    -0.00619589  -0.04577119    -0.00000000   0.00000000
 -0.00000000   0.00000000    -0.00000000  -0.00000000     0.01602531   0.00258821
    5    5
  0.14560501  -0.00000000    -0.00384031  -0.00232930    -0.00000000   0.00000000
 -0.00384031   0.00232930     0.17238751   0.00000000     0.00000000   0.00000000
 -0.00000000   0.00000000    -0.00000000   0.00000000     0.14883267   0.00000000
    5    6
 -0.00514501  -0.01141692     0.00899321  -0.00131224    -0.01310894   0.00515997
  0.01133766  -0.00705566     0.00804583   0.00362509     0.00771642   0.00864794
 -0.00939036   0.00136392    -0.01446910  -0.00150925     0.00824768  -0.00302624
    5    7
 -0.00514501  -0.01141692     0.00899321  -0.00131224     0.01310894  -0.00515997
  0.01133766  -0.00705566     0.00804583   0.00362509    -0.00771642  -0.00864794
  0.00939036  -0.00136392     0.01446910   0.00150925     0.00824768  -0.00302624
    6    1
 -0.01539623   0.03716978    -0.00130769   0.00315704     0.04509991   0.01868099
 -0.00130769   0.00315704    -0.01539623   0.03716978    -0.04509991  -0.01868099
  0.04004719   0.01658809    -0.04004719  -0.01658809    -0.00970405   0.02342766
    6    2
  0.00804583  -0.00362509     0.00899321   0.00131224     0.01446910  -0.00150925
  0.01133766   0.00705566    -0.00514501   0.01141692     0.00939036   0.00136392
 -0.00771642   0.00864794     0.01310894   0.00515997     0.00824768   0.00302624
    6    3
  0.00804583   0.00362509     0.00899321  -0.00131224    -0.01446910  -0.00150925
  0.01133766  -0.00705566    -0.00514501  -0.01141692    -0.00939036   0.00136392
  0.00771642   0.00864794    -0.01310894   0.00515997     0.00824768  -0.00302624
    6    4
 -0.00514501  -0.01141692     0.01133766  -0.00705566     0.00939036  -0.00136392
  0.00899321  -0.00131224     0.00804583   0.00362509     0.01446910   0.00150925
  0.01310894  -0.00515997    -0.00771642  -0.00864794     0.00824768  -0.00302624
    6    5
 -0.00514501   0.01141692     0.01133766   0.00705566    -0.00939036  -0.00136392
  0.00899321   0.00131224     0.00804583  -0.00362509    -0.01446910   0.00150925
 -0.01310894  -0.00515997     0.00771642  -0.00864794     0.00824768   0.00302624
    6    6
  0.14066135  -0.00000000    -0.00319646   0.00000000    -0.00000000  -0.00109998
 -0.00319646  -0.00000000     0.14066135  -0.00000000    -0.00000000   0.00109998
 -0.00000000   0.00109998    -0.00000000  -0.00109998     0.18430200   0.00000000
    6    7
  0.01579616  -0.00000000     0.00767891  -0.00000000     0.00000000   0.00037580
  0.00767891   0.00000000     0.01579616   0.00000000     0.00000000  -0.00037580
  0.00000000   0.00037580     0.00000000  -0.00037580    -0.08526269   0.00000000
    7    1
 -0.01539623   0.03716978    -0.00130769   0.00315704    -0.04509991  -0.01868099
 -0.00130769   0.00315704    -0.01539623   0.03716978     0.04509991   0.01868099
 -0.04004719  -0.01658809     0.04004719   0.01658809    -0.00970405   0.02342766
    7    2
  0.00804583  -0.00362509     0.00899321   0.00131224    -0.01446910   0.00150925
  0.01133766   0.00705566    -0.00514501   0.01141692    -0.00939036  -0.00136392
  0.00771642  -0.00864794    -0.01310894  -0.00515997     0.00824768   0.00302624
    7    3
  0.00804583   0.00362509     0.00899321  -0.00131224     0.01446910   0.00150925
  0.01133766  -0.00705566    -0.00514501  -0.01141692     0.00939036  -0.00136392
 -0.00771642  -0.00864794     0.01310894  -0.00515997     0.00824768  -0.00302624
    7    4
 -0.00514501  -0.01141692     0.01133766  -0.00705566    -0.00939036   0.00136392
  0.00899321  -0.00131224     0.00804583   0.00362509    -0.01446910  -0.00150925
 -0.01310894   0.00515997     0.00771642   0.00864794     0.00824768  -0.00302624
    7    5
 -0.00514501   0.01141692     0.01133766   0.00705566     0.00939036   0.00136392
  0.00899321   0.00131224     0.00804583  -0.00362509     0.01446910  -0.00150925
  0.01310894   0.00515997    -0.00771642   0.00864794     0.00824768   0.00302624
    7    6
  0.01579616   0.00000000     0.00767891   0.00000000     0.00000000  -0.00037580
  0.00767891  -0.00000000     0.01579616  -0.00000000     0.00000000   0.00037580
  0.00000000  -0.00037580     0.00000000   0.00037580    -0.08526269   0.00000000
    7    7
  0.14066135  -0.00000000    -0.00319646  -0.00000000    -0.00000000   0.00109998
 -0.00319646   0.00000000     0.14066135  -0.00000000    -0.00000000  -0.00109998
 -0.00000000  -0.00109998    -0.00000000   0.00109998     0.18430200   0.00000000

     Dynamical  Matrix in cartesian axes

     q = (   -0.324759526   0.324759526   0.000000000 ) 

    1    1
  0.67187503   0.00000000    -0.13430720   0.00000000    -0.00000000   0.00000000
 -0.13430720   0.00000000     0.67187503   0.00000000    -0.00000000   0.00000000
 -0.00000000   0.00000000    -0.00000000   0.00000000     0.69642587   0.00000000
    1    2
 -0.00895317  -0.01915397    -0.08603206   0.01989457     0.00000000   0.00000000
 -0.04477074   0.02444041    -0.00722919  -0.03424100     0.00000000   0.00000000
  0.00000000   0.00000000     0.00000000   0.00000000    -0.11161193  -0.00466986
    1    3
 -0.00895317   0.01915397    -0.08603206  -0.01989457     0.00000000  -0.00000000
 -0.04477074  -0.02444041    -0.00722919   0.03424100     0.00000000  -0.00000000
  0.00000000  -0.00000000     0.00000000  -0.00000000    -0.11161193   0.00466986
    1    4
 -0.00722919  -0.03424100    -0.04477074   0.02444041     0.00000000   0.00000000
