  1.500000000000000E-002   1.26023585003145        2.23508645248256     
           8

     Dynamical  Matrix in cartesian axes

     q = (   -0.649519100  -0.216506400  -0.216506400 ) 

    1    1
  0.14746819  -0.00000000    -0.00760564  -0.00000000    -0.00760564  -0.00000000
 -0.00760564  -0.00000000     0.14746819  -0.00000000     0.00760564  -0.00000000
 -0.00760564  -0.00000000     0.00760564  -0.00000000     0.14746819  -0.00000000
    1    2
  0.00938679  -0.02266170     0.01051588   0.01268801    -0.01640763   0.00153592
 -0.04155513   0.01466477     0.00833525   0.00714036    -0.01781925  -0.00426095
  0.01901433   0.03975349     0.01561305   0.00958718    -0.01094290  -0.00084492
    1    3
  0.00938679  -0.02266170    -0.01640763   0.00153592     0.01051588   0.01268801
  0.01901433   0.03975349    -0.01094290  -0.00084492     0.01561305   0.00958718
 -0.04155513   0.01466477    -0.01781925  -0.00426095     0.00833525   0.00714036
    1    4
 -0.01094291   0.00084492     0.01901435  -0.03975348    -0.01561306   0.00958717
 -0.01640763  -0.00153593     0.00938678   0.02266171    -0.01051589   0.01268800
  0.01781925  -0.00426094     0.04155513   0.01466480     0.00833525  -0.00714035
    1    5
  0.00714035   0.00833525     0.01466480  -0.04155512     0.00426094   0.01781925
  0.01268800   0.01051589    -0.02266171   0.00938678    -0.00153593   0.01640763
 -0.00958717  -0.01561306    -0.03975348  -0.01901436    -0.00084492  -0.01094291
    1    6
  0.00714035   0.00833525     0.00426094   0.01781925     0.01466480  -0.04155512
 -0.00958717  -0.01561306    -0.00084492  -0.01094291    -0.03975348  -0.01901436
  0.01268800   0.01051589    -0.00153593   0.01640763    -0.02266171   0.00938678
    1    7
 -0.01094291   0.00084492    -0.01561306   0.00958717     0.01901435  -0.03975348
  0.01781925  -0.00426094     0.00833525  -0.00714035     0.04155513   0.01466480
 -0.01640763  -0.00153593    -0.01051589   0.01268800     0.00938678   0.02266171
    2    1
  0.00938679   0.02266170    -0.04155513  -0.01466477     0.01901433  -0.03975349
  0.01051588  -0.01268801     0.00833525  -0.00714036     0.01561305  -0.00958718
 -0.01640763  -0.00153592    -0.01781925   0.00426095    -0.01094290   0.00084492
    2    2
  0.06463249   0.00000000    -0.00199624  -0.00815140    -0.00199624   0.00815140
 -0.00199624   0.00815140     0.04627808  -0.00000000    -0.00024199   0.00578643
 -0.00199624  -0.00815140    -0.00024199  -0.00578643     0.04627808   0.00000000
    2    3
 -0.02454727   0.00000000     0.00927325  -0.00355732     0.00927325   0.00355732
  0.00927325  -0.00355732     0.00948641  -0.01115232    -0.00647583  -0.00000000
  0.00927325   0.00355732    -0.00647583   0.00000000     0.00948641   0.01115232
    2    4
  0.01813408  -0.01624614     0.00274128  -0.00274128    -0.00472520   0.00458240
  0.01680057  -0.01680057     0.01624613  -0.01813408    -0.00399605  -0.00912427
 -0.00912427  -0.00399604     0.00458240  -0.00472520     0.00970947  -0.00970947
    2    5
 -0.01774442  -0.00676492     0.02031551   0.02366485     0.00059065   0.00244507
  0.03286980   0.00050852    -0.01774442  -0.00676492     0.00376477   0.00164117
 -0.00376477  -0.00164117    -0.00059065  -0.00244507    -0.00341627   0.00100727
    2    6
  0.01813408   0.01624614    -0.00472520  -0.00458240     0.00274128   0.00274128
 -0.00912427   0.00399604     0.00970947   0.00970947     0.00458240   0.00472520
  0.01680057   0.01680057    -0.00399605   0.00912427     0.01624613   0.01813408
    2    7
 -0.01774442   0.00676492     0.00059065  -0.00244507     0.02031551  -0.02366485
 -0.00376477   0.00164117    -0.00341627  -0.00100727    -0.00059065   0.00244507
  0.03286980  -0.00050852     0.00376477  -0.00164117    -0.01774442   0.00676492
    3    1
  0.00938679   0.02266170     0.01901433  -0.03975349    -0.04155513  -0.01466477
 -0.01640763  -0.00153592    -0.01094290   0.00084492    -0.01781925   0.00426095
  0.01051588  -0.01268801     0.01561305  -0.00958718     0.00833525  -0.00714036
    3    2
 -0.02454727  -0.00000000     0.00927325   0.00355732     0.00927325  -0.00355732
  0.00927325   0.00355732     0.00948641   0.01115232    -0.00647583   0.00000000
  0.00927325  -0.00355732    -0.00647583  -0.00000000     0.00948641  -0.01115232
    3    3
  0.06463249   0.00000000    -0.00199624   0.00815140    -0.00199624  -0.00815140
 -0.00199624  -0.00815140     0.04627808   0.00000000    -0.00024199  -0.00578643
 -0.00199624   0.00815140    -0.00024199   0.00578643     0.04627808  -0.00000000
    3    4
 -0.01774442   0.00676492     0.02031551  -0.02366485     0.00059065  -0.00244507
  0.03286980  -0.00050852    -0.01774442   0.00676492     0.00376477  -0.00164117
 -0.00376477   0.00164117    -0.00059065   0.00244507    -0.00341627  -0.00100727
    3    5
  0.01813408   0.01624614     0.00274128   0.00274128    -0.00472520  -0.00458240
  0.01680057   0.01680057     0.01624613   0.01813408    -0.00399605   0.00912427
 -0.00912427   0.00399604     0.00458240   0.00472520     0.00970947   0.00970947
    3    6
 -0.01774442  -0.00676492     0.00059065   0.00244507     0.02031551   0.02366485
 -0.00376477  -0.00164117    -0.00341627   0.00100727    -0.00059065  -0.00244507
  0.03286980   0.00050852     0.00376477   0.00164117    -0.01774442  -0.00676492
    3    7
  0.01813408  -0.01624614    -0.00472520   0.00458240     0.00274128  -0.00274128
 -0.00912427  -0.00399604     0.00970947  -0.00970947     0.00458240  -0.00472520
  0.01680057  -0.01680057    -0.00399605  -0.00912427     0.01624613  -0.01813408
    4    1
 -0.01094291  -0.00084492    -0.01640763   0.00153593     0.01781925   0.00426094
  0.01901435   0.03975348     0.00938678  -0.02266171     0.04155513  -0.01466480
 -0.01561306  -0.00958717    -0.01051589  -0.01268800     0.00833525   0.00714035
    4    2
  0.01813408   0.01624614     0.01680057   0.01680057    -0.00912427   0.00399604
  0.00274128   0.00274128     0.01624613   0.01813408     0.00458240   0.00472520
 -0.00472520  -0.00458240    -0.00399605   0.00912427     0.00970947   0.00970947
    4    3
 -0.01774442  -0.00676492     0.03286980   0.00050852    -0.00376477  -0.00164117
  0.02031551   0.02366485    -0.01774442  -0.00676492    -0.00059065  -0.00244507
  0.00059065   0.00244507     0.00376477   0.00164117    -0.00341627   0.00100727
    4    4
  0.04627808  -0.00000000    -0.00199624   0.00815140     0.00024199  -0.00578643
 -0.00199624  -0.00815140     0.06463249   0.00000000     0.00199624  -0.00815140
  0.00024199   0.00578643     0.00199624   0.00815140     0.04627808  -0.00000000
    4    5
  0.01115232   0.00948641     0.00355732   0.00927325    -0.00000000   0.00647583
  0.00355732   0.00927325     0.00000000  -0.02454727     0.00355732  -0.00927325
 -0.00000000   0.00647583     0.00355732  -0.00927325    -0.01115232   0.00948641
    4    6
 -0.00312791   0.00170342    -0.00150162   0.00382258    -0.00131128  -0.00214658
 -0.00131128  -0.00214658    -0.00776368   0.01733072     0.00236833   0.03109881
 -0.00150162   0.00382258    -0.02288288   0.02360203    -0.00776368   0.01733072
    4    7
 -0.01373127  -0.00000000     0.00362620  -0.00927746     0.00658147   0.00010097
  0.00658147  -0.00010097    -0.02431049   0.00133498     0.00387676  -0.00000000
  0.00362620   0.00927746     0.02375960  -0.00000000    -0.02431049  -0.00133498
    5    1
  0.00714035  -0.00833525     0.01268800  -0.01051589    -0.00958717   0.01561306
  0.01466480   0.04155512    -0.02266171  -0.00938678    -0.03975348   0.01901436
  0.00426094  -0.01781925    -0.00153593  -0.01640763    -0.00084492   0.01094291
    5    2
 -0.01774442   0.00676492     0.03286980  -0.00050852    -0.00376477   0.00164117
  0.02031551  -0.02366485    -0.01774442   0.00676492    -0.00059065   0.00244507
  0.00059065  -0.00244507     0.00376477  -0.00164117    -0.00341627  -0.00100727
    5    3
  0.01813408  -0.01624614     0.01680057  -0.01680057    -0.00912427  -0.00399604
  0.00274128  -0.00274128     0.01624613  -0.01813408     0.00458240  -0.00472520
 -0.00472520   0.00458240    -0.00399605  -0.00912427     0.00970947  -0.00970947
    5    4
  0.01115232  -0.00948641     0.00355732  -0.00927325    -0.00000000  -0.00647583
  0.00355732  -0.00927325     0.00000000   0.02454727     0.00355732   0.00927325
 -0.00000000  -0.00647583     0.00355732   0.00927325    -0.01115232  -0.00948641
    5    5
  0.04627808   0.00000000    -0.00199624  -0.00815140     0.00024199   0.00578643
 -0.00199624   0.00815140     0.06463249   0.00000000     0.00199624   0.00815140
  0.00024199  -0.00578643     0.00199624  -0.00815140     0.04627808  -0.00000000
    5    6
 -0.01373127   0.00000000     0.00362620   0.00927746     0.00658147  -0.00010097
  0.00658147   0.00010097    -0.02431049  -0.00133498     0.00387676  -0.00000000
  0.00362620  -0.00927746     0.02375960  -0.00000000    -0.02431049   0.00133498
    5    7
 -0.00312791  -0.00170342    -0.00150162  -0.00382258    -0.00131128   0.00214658
 -0.00131128   0.00214658    -0.00776368  -0.01733072     0.00236833  -0.03109881
 -0.00150162  -0.00382258    -0.02288288  -0.02360203    -0.00776368  -0.01733072
    6    1
  0.00714035  -0.00833525    -0.00958717   0.01561306     0.01268800  -0.01051589
  0.00426094  -0.01781925    -0.00084492   0.01094291    -0.00153593  -0.01640763
  0.01466480   0.04155512    -0.03975348   0.01901436    -0.02266171  -0.00938678
    6    2
  0.01813408  -0.01624614    -0.00912427  -0.00399604     0.01680057  -0.01680057
 -0.00472520   0.00458240     0.00970947  -0.00970947    -0.00399605  -0.00912427
  0.00274128  -0.00274128     0.00458240  -0.00472520     0.01624613  -0.01813408
    6    3
 -0.01774442   0.00676492    -0.00376477   0.00164117     0.03286980  -0.00050852
  0.00059065  -0.00244507    -0.00341627  -0.00100727     0.00376477  -0.00164117
  0.02031551  -0.02366485    -0.00059065   0.00244507    -0.01774442   0.00676492
    6    4
 -0.00312791  -0.00170342    -0.00131128   0.00214658    -0.00150162  -0.00382258
 -0.00150162  -0.00382258    -0.00776368  -0.01733072    -0.02288288  -0.02360203
 -0.00131128   0.00214658     0.00236833  -0.03109881    -0.00776368  -0.01733072
    6    5
 -0.01373127  -0.00000000     0.00658147  -0.00010097     0.00362620   0.00927746
  0.00362620  -0.00927746    -0.02431049   0.00133498     0.02375960   0.00000000
  0.00658147   0.00010097     0.00387676   0.00000000    -0.02431049  -0.00133498
    6    6
  0.04627808  -0.00000000     0.00024199   0.00578643    -0.00199624  -0.00815140
  0.00024199  -0.00578643     0.04627808  -0.00000000     0.00199624  -0.00815140
 -0.00199624   0.00815140     0.00199624   0.00815140     0.06463249   0.00000000
    6    7
  0.01115232  -0.00948641    -0.00000000  -0.00647583     0.00355732  -0.00927325
 -0.00000000  -0.00647583    -0.01115232  -0.00948641     0.00355732   0.00927325
  0.00355732  -0.00927325     0.00355732   0.00927325     0.00000000   0.02454727
    7    1
 -0.01094291  -0.00084492     0.01781925   0.00426094    -0.01640763   0.00153593
 -0.01561306  -0.00958717     0.00833525   0.00714035    -0.01051589  -0.01268800
  0.01901435   0.03975348     0.04155513  -0.01466480     0.00938678  -0.02266171
    7    2
 -0.01774442  -0.00676492    -0.00376477  -0.00164117     0.03286980   0.00050852
  0.00059065   0.00244507    -0.00341627   0.00100727     0.00376477   0.00164117
  0.02031551   0.02366485    -0.00059065  -0.00244507    -0.01774442  -0.00676492
    7    3
  0.01813408   0.01624614    -0.00912427   0.00399604     0.01680057   0.01680057
 -0.00472520  -0.00458240     0.00970947   0.00970947    -0.00399605   0.00912427
  0.00274128   0.00274128     0.00458240   0.00472520     0.01624613   0.01813408
    7    4
 -0.01373127   0.00000000     0.00658147   0.00010097     0.00362620  -0.00927746
  0.00362620   0.00927746    -0.02431049  -0.00133498     0.02375960  -0.00000000
  0.00658147  -0.00010097     0.00387676  -0.00000000    -0.02431049   0.00133498
    7    5
 -0.00312791   0.00170342    -0.00131128  -0.00214658    -0.00150162   0.00382258
 -0.00150162   0.00382258    -0.00776368   0.01733072    -0.02288288   0.02360203
 -0.00131128  -0.00214658     0.00236833   0.03109881    -0.00776368   0.01733072
    7    6
  0.01115232   0.00948641    -0.00000000   0.00647583     0.00355732   0.00927325
 -0.00000000   0.00647583    -0.01115232   0.00948641     0.00355732  -0.00927325
  0.00355732   0.00927325     0.00355732  -0.00927325     0.00000000  -0.02454727
    7    7
  0.04627808   0.00000000     0.00024199  -0.00578643    -0.00199624   0.00815140
  0.00024199   0.00578643     0.04627808   0.00000000     0.00199624   0.00815140
 -0.00199624  -0.00815140     0.00199624  -0.00815140     0.06463249   0.00000000

     Dynamical  Matrix in cartesian axes

     q = (   -0.216506400   0.649519100  -0.216506400 ) 

    1    1
  0.14746819   0.00000000     0.00760564  -0.00000000     0.00760564  -0.00000000
  0.00760564  -0.00000000     0.14746819  -0.00000000     0.00760564   0.00000000
  0.00760564   0.00000000     0.00760564  -0.00000000     0.14746819  -0.00000000
    1    2
 -0.02266171   0.00938678    -0.01268800  -0.01051589    -0.00153593   0.01640763
 -0.01466480   0.04155512     0.00714035   0.00833525    -0.00426094  -0.01781925
 -0.03975348  -0.01901436     0.00958717   0.01561306    -0.00084492  -0.01094291
    1    3
 -0.02266171   0.00938679    -0.00153592   0.01640763    -0.01268801  -0.01051588
 -0.03975349  -0.01901434    -0.00084492  -0.01094290     0.00958717   0.01561305
 -0.01466478   0.04155513    -0.00426094  -0.01781925     0.00714035   0.00833525
    1    4
 -0.00084492  -0.01094291    -0.03975348  -0.01901435     0.00958717   0.01561305
 -0.00153592   0.01640763    -0.02266171   0.00938678    -0.01268800  -0.01051589
 -0.00426094  -0.01781925    -0.01466479   0.04155513     0.00714035   0.00833525
    1    5
  0.00714035   0.00833525    -0.01466479   0.04155513    -0.00426094  -0.01781925
 -0.01268800  -0.01051589    -0.02266171   0.00938678    -0.00153592   0.01640763
  0.00958717   0.01561305    -0.03975348  -0.01901435    -0.00084492  -0.01094291
    1    6
  0.00714035   0.00833525    -0.00426094  -0.01781925    -0.01466478   0.04155513
  0.00958717   0.01561305    -0.00084492  -0.01094290    -0.03975349  -0.01901434
 -0.01268801  -0.01051588    -0.00153592   0.01640763    -0.02266171   0.00938679
    1    7
 -0.00084492  -0.01094291     0.00958717   0.01561306    -0.03975348  -0.01901436
 -0.00426094  -0.01781925     0.00714035   0.00833525    -0.01466480   0.04155512
 -0.00153593   0.01640763    -0.01268800  -0.01051589    -0.02266171   0.00938678
    2    1
 -0.02266171  -0.00938678    -0.01466480  -0.04155512    -0.03975348   0.01901436
 -0.01268800   0.01051589     0.00714035  -0.00833525     0.00958717  -0.01561306
 -0.00153593  -0.01640763    -0.00426094   0.01781925    -0.00084492   0.01094291
    2    2
  0.06463249  -0.00000000     0.00199624  -0.00815140     0.00199624   0.00815140
  0.00199624   0.00815140     0.04627808   0.00000000    -0.00024199  -0.00578643
  0.00199624  -0.00815140    -0.00024199   0.00578643     0.04627808  -0.00000000
    2    3
 -0.02454727   0.00000001    -0.00927325  -0.00355732    -0.00927325   0.00355733
 -0.00927325  -0.00355732     0.00948642   0.01115231    -0.00647583   0.00000000
 -0.00927325   0.00355733    -0.00647583   0.00000000     0.00948641  -0.01115232
    2    4
  0.01733073   0.00776368     0.03109881  -0.00236834     0.00214658  -0.00131128
  0.02360204   0.02288287     0.01733073   0.00776368    -0.00382258  -0.00150161
 -0.00382258  -0.00150161     0.00214658  -0.00131128     0.00170342   0.00312791
    2    5
 -0.02431049   0.00133499     0.00387676  -0.00000000    -0.00658147   0.00010098
  0.02375960  -0.00000001    -0.02431049  -0.00133497    -0.00362621  -0.00927746
 -0.00362620   0.00927746    -0.00658147  -0.00010097    -0.01373127   0.00000000
    2    6
  0.01733072  -0.00776369     0.00214658   0.00131127     0.03109881   0.00236832
 -0.00382258   0.00150162     0.00170341  -0.00312791     0.00214658   0.00131127
  0.02360202  -0.02288289    -0.00382258   0.00150162     0.01733072  -0.00776369
    2    7
 -0.02431049  -0.00133498    -0.00658147  -0.00010097     0.00387676  -0.00000000
 -0.00362620  -0.00927746    -0.01373127   0.00000000    -0.00658147   0.00010097
  0.02375960  -0.00000000    -0.00362620   0.00927746    -0.02431049   0.00133498
    3    1
 -0.02266171  -0.00938679    -0.03975349   0.01901434    -0.01466478  -0.04155513
 -0.00153592  -0.01640763    -0.00084492   0.01094290    -0.00426094   0.01781925
 -0.01268801   0.01051588     0.00958717  -0.01561305     0.00714035  -0.00833525
    3    2
 -0.02454727  -0.00000001    -0.00927325   0.00355732    -0.00927325  -0.00355733
 -0.00927325   0.00355732     0.00948642  -0.01115231    -0.00647583  -0.00000000
 -0.00927325  -0.00355733    -0.00647583  -0.00000000     0.00948641   0.01115232
    3    3
  0.06463249  -0.00000000     0.00199624   0.00815140     0.00199624  -0.00815140
  0.00199624  -0.00815140     0.04627808  -0.00000000    -0.00024199   0.00578643
  0.00199624   0.00815140    -0.00024199  -0.00578643     0.04627808  -0.00000000
    3    4
 -0.02431049  -0.00133499     0.00387676   0.00000000    -0.00658147  -0.00010098
  0.02375960   0.00000001    -0.02431049   0.00133497    -0.00362621   0.00927746
 -0.00362620  -0.00927746    -0.00658147   0.00010097    -0.01373127  -0.00000000
    3    5
  0.01733073  -0.00776368     0.03109881   0.00236834     0.00214658   0.00131128
  0.02360204  -0.02288287     0.01733073  -0.00776368    -0.00382258   0.00150161
 -0.00382258   0.00150161     0.00214658   0.00131128     0.00170342  -0.00312791
    3    6
 -0.02431049   0.00133498    -0.00658147   0.00010097     0.00387676   0.00000000
 -0.00362620   0.00927746    -0.01373127   0.00000000    -0.00658147  -0.00010097
  0.02375960  -0.00000000    -0.00362620  -0.00927746    -0.02431049  -0.00133498
    3    7
  0.01733072   0.00776369     0.00214658  -0.00131127     0.03109881  -0.00236832
 -0.00382258  -0.00150162     0.00170341   0.00312791     0.00214658  -0.00131127
  0.02360202   0.02288289    -0.00382258  -0.00150162     0.01733072   0.00776369
    4    1
 -0.00084492   0.01094291    -0.00153592  -0.01640763    -0.00426094   0.01781925
 -0.03975348   0.01901435    -0.02266171  -0.00938678    -0.01466479  -0.04155513
  0.00958717  -0.01561305    -0.01268800   0.01051589     0.00714035  -0.00833525
    4    2
  0.01733073  -0.00776368     0.02360204  -0.02288287    -0.00382258   0.00150161
  0.03109881   0.00236834     0.01733073  -0.00776368     0.00214658   0.00131128
  0.00214658   0.00131128    -0.00382258   0.00150161     0.00170342  -0.00312791
    4    3
 -0.02431049   0.00133499     0.02375960  -0.00000001    -0.00362620   0.00927746
  0.00387676  -0.00000000    -0.02431049  -0.00133497    -0.00658147  -0.00010097
 -0.00658147   0.00010098    -0.00362621  -0.00927746    -0.01373127   0.00000000
    4    4
  0.04627808   0.00000000     0.00199624  -0.00815140    -0.00024199   0.00578643
  0.00199624   0.00815140     0.06463249   0.00000000     0.00199624  -0.00815140
 -0.00024199  -0.00578643     0.00199624   0.00815140     0.04627808   0.00000000
    4    5
  0.00948641  -0.01115232    -0.00927325   0.00355732    -0.00647583  -0.00000000
 -0.00927325   0.00355732    -0.02454727   0.00000000    -0.00927325  -0.00355732
 -0.00647583   0.00000000    -0.00927325  -0.00355732     0.00948641   0.01115232
    4    6
  0.00170342   0.00312791    -0.00382258  -0.00150161     0.00214658  -0.00131128
  0.00214658  -0.00131128     0.01733073   0.00776368     0.03109881  -0.00236834
 -0.00382258  -0.00150161     0.02360204   0.02288287     0.01733073   0.00776368
    4    7
 -0.01373127  -0.00000000    -0.00362621   0.00927746    -0.00658147  -0.00010098
 -0.00658147   0.00010097    -0.02431049   0.00133497     0.00387676   0.00000000
 -0.00362620  -0.00927746     0.02375960   0.00000001    -0.02431049  -0.00133499
    5    1
  0.00714035  -0.00833525    -0.01268800   0.01051589     0.00958717  -0.01561305
 -0.01466479  -0.04155513    -0.02266171  -0.00938678    -0.03975348   0.01901435
 -0.00426094   0.01781925    -0.00153592  -0.01640763    -0.00084492   0.01094291
    5    2
 -0.02431049  -0.00133499     0.02375960   0.00000001    -0.00362620  -0.00927746
  0.00387676   0.00000000    -0.02431049   0.00133497    -0.00658147   0.00010097
 -0.00658147  -0.00010098    -0.00362621   0.00927746    -0.01373127  -0.00000000
    5    3
  0.01733073   0.00776368     0.02360204   0.02288287    -0.00382258  -0.00150161
  0.03109881  -0.00236834     0.01733073   0.00776368     0.00214658  -0.00131128
  0.00214658  -0.00131128    -0.00382258  -0.00150161     0.00170342   0.00312791
    5    4
  0.00948641   0.01115232    -0.00927325  -0.00355732    -0.00647583   0.00000000
 -0.00927325  -0.00355732    -0.02454727  -0.00000000    -0.00927325   0.00355732
 -0.00647583  -0.00000000    -0.00927325   0.00355732     0.00948641  -0.01115232
    5    5
  0.04627808  -0.00000000     0.00199624   0.00815140    -0.00024199  -0.00578643
  0.00199624  -0.00815140     0.06463249  -0.00000000     0.00199624   0.00815140
 -0.00024199   0.00578643     0.00199624  -0.00815140     0.04627808   0.00000000
    5    6
 -0.01373127   0.00000000    -0.00362621  -0.00927746    -0.00658147   0.00010098
 -0.00658147  -0.00010097    -0.02431049  -0.00133497     0.00387676  -0.00000000
 -0.00362620   0.00927746     0.02375960  -0.00000001    -0.02431049   0.00133499
    5    7
  0.00170342  -0.00312791    -0.00382258   0.00150161     0.00214658   0.00131128
  0.00214658   0.00131128     0.01733073  -0.00776368     0.03109881   0.00236834
 -0.00382258   0.00150161     0.02360204  -0.02288287     0.01733073  -0.00776368
    6    1
  0.00714035  -0.00833525     0.00958717  -0.01561305    -0.01268801   0.01051588
 -0.00426094   0.01781925    -0.00084492   0.01094290    -0.00153592  -0.01640763
 -0.01466478  -0.04155513    -0.03975349   0.01901434    -0.02266171  -0.00938679
    6    2
  0.01733072   0.00776369    -0.00382258  -0.00150162     0.02360202   0.02288289
  0.00214658  -0.00131127     0.00170341   0.00312791    -0.00382258  -0.00150162
  0.03109881  -0.00236832     0.00214658  -0.00131127     0.01733072   0.00776369
    6    3
 -0.02431049  -0.00133498    -0.00362620  -0.00927746     0.02375960  -0.00000000
 -0.00658147  -0.00010097    -0.01373127  -0.00000000    -0.00362620   0.00927746
  0.00387676  -0.00000000    -0.00658147   0.00010097    -0.02431049   0.00133498
    6    4
  0.00170342  -0.00312791     0.00214658   0.00131128    -0.00382258   0.00150161
 -0.00382258   0.00150161     0.01733073  -0.00776368     0.02360204  -0.02288287
  0.00214658   0.00131128     0.03109881   0.00236834     0.01733073  -0.00776368
    6    5
 -0.01373127  -0.00000000    -0.00658147   0.00010097    -0.00362620  -0.00927746
 -0.00362621   0.00927746    -0.02431049   0.00133497     0.02375960   0.00000001
 -0.00658147  -0.00010098     0.00387676   0.00000000    -0.02431049  -0.00133499
    6    6
  0.04627808  -0.00000000    -0.00024199  -0.00578643     0.00199624   0.00815140
 -0.00024199   0.00578643     0.04627808   0.00000000     0.00199624  -0.00815140
  0.00199624  -0.00815140     0.00199624   0.00815140     0.06463249  -0.00000000
    6    7
  0.00948641   0.01115232    -0.00647583  -0.00000000    -0.00927325  -0.00355733
 -0.00647583  -0.00000000     0.00948642  -0.01115231    -0.00927325   0.00355732
 -0.00927325  -0.00355733    -0.00927325   0.00355732    -0.02454727  -0.00000001
    7    1
 -0.00084492   0.01094291    -0.00426094   0.01781925    -0.00153593  -0.01640763
  0.00958717  -0.01561306     0.00714035  -0.00833525    -0.01268800   0.01051589
 -0.03975348   0.01901436    -0.01466480  -0.04155512    -0.02266171  -0.00938678
    7    2
 -0.02431049   0.00133498    -0.00362620   0.00927746     0.02375960   0.00000000
 -0.00658147   0.00010097    -0.01373127  -0.00000000    -0.00362620  -0.00927746
  0.00387676   0.00000000    -0.00658147  -0.00010097    -0.02431049  -0.00133498
    7    3
  0.01733072  -0.00776369    -0.00382258   0.00150162     0.02360202  -0.02288289
  0.00214658   0.00131127     0.00170341  -0.00312791    -0.00382258   0.00150162
  0.03109881   0.00236832     0.00214658   0.00131127     0.01733072  -0.00776369
    7    4
 -0.01373127   0.00000000    -0.00658147  -0.00010097    -0.00362620   0.00927746
 -0.00362621  -0.00927746    -0.02431049  -0.00133497     0.02375960  -0.00000001
 -0.00658147   0.00010098     0.00387676  -0.00000000    -0.02431049   0.00133499
    7    5
  0.00170342   0.00312791     0.00214658  -0.00131128    -0.00382258  -0.00150161
 -0.00382258  -0.00150161     0.01733073   0.00776368     0.02360204   0.02288287
  0.00214658  -0.00131128     0.03109881  -0.00236834     0.01733073   0.00776368
    7    6
  0.00948641  -0.01115232    -0.00647583   0.00000000    -0.00927325   0.00355733
 -0.00647583   0.00000000     0.00948642   0.01115231    -0.00927325  -0.00355732
 -0.00927325   0.00355733    -0.00927325  -0.00355732    -0.02454727   0.00000001
    7    7
  0.04627808  -0.00000000    -0.00024199   0.00578643     0.00199624  -0.00815140
 -0.00024199  -0.00578643     0.04627808   0.00000000     0.00199624   0.00815140
  0.00199624   0.00815140     0.00199624  -0.00815140     0.06463249   0.00000000

     Dynamical  Matrix in cartesian axes

     q = (    0.216506400  -0.649519100  -0.216506400 ) 

    1    1
  0.14746819  -0.00000000     0.00760564   0.00000000    -0.00760564   0.00000000
  0.00760564  -0.00000000     0.14746819  -0.00000000    -0.00760564  -0.00000000
 -0.00760564  -0.00000000    -0.00760564   0.00000000     0.14746819  -0.00000000
    1    2
  0.00938679  -0.02266171    -0.01051588  -0.01268801    -0.01640763   0.00153592
  0.04155513  -0.01466478     0.00833525   0.00714035     0.01781925   0.00426094
  0.01901434   0.03975349    -0.01561305  -0.00958717    -0.01094290  -0.00084492
    1    3
 -0.02266171  -0.00938679    -0.00153592  -0.01640763     0.01268801  -0.01051588
 -0.03975349   0.01901434    -0.00084492   0.01094290    -0.00958717   0.01561305
  0.01466478   0.04155513     0.00426095  -0.01781925     0.00714035  -0.00833525
    1    4
 -0.00084492   0.01094291    -0.03975349   0.01901434    -0.00958717   0.01561305
 -0.00153592  -0.01640763    -0.02266171  -0.00938679     0.01268801  -0.01051589
  0.00426094  -0.01781925     0.01466479   0.04155513     0.00714035  -0.00833525
    1    5
  0.00833525   0.00714036     0.04155513  -0.01466477     0.01781925   0.00426095
 -0.01051588  -0.01268801     0.00938679  -0.02266170    -0.01640763   0.00153592
 -0.01561305  -0.00958718     0.01901433   0.03975349    -0.01094290  -0.00084492
    1    6
  0.00833525  -0.00714035    -0.01781925   0.00426094    -0.04155513  -0.01466480
  0.01561306  -0.00958717    -0.01094291   0.00084492     0.01901435  -0.03975348
  0.01051589  -0.01268800    -0.01640763  -0.00153593     0.00938678   0.02266171
    1    7
 -0.01094291   0.00084492     0.01561305  -0.00958717     0.01901434  -0.03975349
 -0.01781925   0.00426094     0.00833525  -0.00714035    -0.04155513  -0.01466479
 -0.01640763  -0.00153592     0.01051589  -0.01268801     0.00938679   0.02266171
    2    1
  0.00938679   0.02266171     0.04155513   0.01466478     0.01901434  -0.03975349
 -0.01051588   0.01268801     0.00833525  -0.00714035    -0.01561305   0.00958717
 -0.01640763  -0.00153592     0.01781925  -0.00426094    -0.01094290   0.00084492
    2    2
  0.06463249   0.00000000     0.00199624   0.00815140    -0.00199624   0.00815140
  0.00199624  -0.00815140     0.04627808   0.00000000     0.00024199  -0.00578643
 -0.00199624  -0.00815140     0.00024199   0.00578643     0.04627808   0.00000000
    2    3
 -0.00000000   0.02454727     0.00355732   0.00927325     0.00355732  -0.00927325
  0.00355732   0.00927325    -0.01115232  -0.00948641     0.00000000  -0.00647583
  0.00355732  -0.00927325     0.00000000  -0.00647583     0.01115232  -0.00948641
    2    4
 -0.00776368  -0.01733072     0.00236833  -0.03109881    -0.00131128   0.00214658
 -0.02288288  -0.02360203    -0.00776368  -0.01733072    -0.00150162  -0.00382258
 -0.00150162  -0.00382258    -0.00131128   0.00214658    -0.00312791  -0.00170342
    2    5
 -0.02431049  -0.00133499     0.00387676   0.00000000     0.00658147   0.00010098
  0.02375960   0.00000001    -0.02431049   0.00133497     0.00362621  -0.00927746
  0.00362620   0.00927746     0.00658147  -0.00010097    -0.01373127  -0.00000000
    2    6
  0.01624614  -0.01813408     0.00458240  -0.00472520     0.00274128  -0.00274128
 -0.00399604  -0.00912427     0.00970948  -0.00970947    -0.00472520   0.00458240
  0.01680058  -0.01680057    -0.00912427  -0.00399605     0.01813408  -0.01624613
    2    7
 -0.01774442   0.00676492    -0.00059065   0.00244507     0.02031551  -0.02366485
  0.00376477  -0.00164117    -0.00341627  -0.00100727     0.00059065  -0.00244507
  0.03286980  -0.00050852    -0.00376477   0.00164117    -0.01774442   0.00676492
    3    1
 -0.02266171   0.00938679    -0.03975349  -0.01901434     0.01466478  -0.04155513
 -0.00153592   0.01640763    -0.00084492  -0.01094290     0.00426095   0.01781925
  0.01268801   0.01051588    -0.00958717  -0.01561305     0.00714035   0.00833525
    3    2
 -0.00000000  -0.02454727     0.00355732  -0.00927325     0.00355732   0.00927325
  0.00355732  -0.00927325    -0.01115232   0.00948641     0.00000000   0.00647583
  0.00355732   0.00927325     0.00000000   0.00647583     0.01115232   0.00948641
    3    3
  0.06463249   0.00000000     0.00199624  -0.00815140    -0.00199624  -0.00815140
  0.00199624   0.00815140     0.04627808   0.00000000     0.00024199   0.00578643
 -0.00199624   0.00815140     0.00024199  -0.00578643     0.04627808  -0.00000000
    3    4
 -0.02431049   0.00133499     0.00387676  -0.00000000     0.00658147  -0.00010098
  0.02375960  -0.00000001    -0.02431049  -0.00133497     0.00362621   0.00927746
  0.00362620  -0.00927746     0.00658147   0.00010097    -0.01373127   0.00000000
    3    5
 -0.00776368   0.01733072     0.00236833   0.03109881    -0.00131128  -0.00214658
 -0.02288288   0.02360203    -0.00776368   0.01733072    -0.00150162   0.00382258
 -0.00150162   0.00382258    -0.00131128  -0.00214658    -0.00312791   0.00170342
    3    6
 -0.01774442  -0.00676492    -0.00059065  -0.00244507     0.02031551   0.02366485
  0.00376477   0.00164117    -0.00341627   0.00100727     0.00059065   0.00244507
  0.03286980   0.00050852    -0.00376477  -0.00164117    -0.01774442  -0.00676492
    3    7
  0.01624614   0.01813408     0.00458240   0.00472520     0.00274128   0.00274128
 -0.00399604   0.00912427     0.00970948   0.00970947    -0.00472520  -0.00458240
  0.01680058   0.01680057    -0.00912427   0.00399605     0.01813408   0.01624613
    4    1
 -0.00084492  -0.01094291    -0.00153592   0.01640763     0.00426094   0.01781925
 -0.03975349  -0.01901434    -0.02266171   0.00938679     0.01466479  -0.04155513
 -0.00958717  -0.01561305     0.01268801   0.01051589     0.00714035   0.00833525
    4    2
 -0.00776368   0.01733072    -0.02288288   0.02360203    -0.00150162   0.00382258
  0.00236833   0.03109881    -0.00776368   0.01733072    -0.00131128  -0.00214658
 -0.00131128  -0.00214658    -0.00150162   0.00382258    -0.00312791   0.00170342
    4    3
 -0.02431049  -0.00133499     0.02375960   0.00000001     0.00362620   0.00927746
  0.00387676   0.00000000    -0.02431049   0.00133497     0.00658147  -0.00010097
  0.00658147   0.00010098     0.00362621  -0.00927746    -0.01373127  -0.00000000
    4    4
  0.04627808   0.00000000     0.00199624   0.00815140     0.00024199   0.00578643
  0.00199624  -0.00815140     0.06463249   0.00000000    -0.00199624  -0.00815140
  0.00024199  -0.00578643    -0.00199624   0.00815140     0.04627808   0.00000000
    4    5
 -0.01115232   0.00948641     0.00355732  -0.00927325    -0.00000000   0.00647583
  0.00355732  -0.00927325     0.00000001  -0.02454727     0.00355732   0.00927325
 -0.00000000   0.00647583     0.00355732   0.00927325     0.01115231   0.00948642
    4    6
  0.00970947   0.00970948    -0.00399605   0.00912427    -0.00472520  -0.00458240
  0.00458240   0.00472520     0.01624613   0.01813409     0.00274128   0.00274128
 -0.00912427   0.00399604     0.01680057   0.01680058     0.01813408   0.01624614
    4    7
 -0.00341627   0.00100727     0.00376477   0.00164117     0.00059065   0.00244507
 -0.00059065  -0.00244507    -0.01774442  -0.00676492     0.02031551   0.02366485
 -0.00376477  -0.00164117     0.03286980   0.00050852    -0.01774442  -0.00676492
    5    1
  0.00833525  -0.00714036    -0.01051588   0.01268801    -0.01561305   0.00958718
  0.04155513   0.01466477     0.00938679   0.02266170     0.01901433  -0.03975349
  0.01781925  -0.00426095    -0.01640763  -0.00153592    -0.01094290   0.00084492
    5    2
 -0.02431049   0.00133499     0.02375960  -0.00000001     0.00362620  -0.00927746
  0.00387676  -0.00000000    -0.02431049  -0.00133497     0.00658147   0.00010097
  0.00658147  -0.00010098     0.00362621   0.00927746    -0.01373127   0.00000000
    5    3
 -0.00776368  -0.01733072    -0.02288288  -0.02360203    -0.00150162  -0.00382258
  0.00236833  -0.03109881    -0.00776368  -0.01733072    -0.00131128   0.00214658
 -0.00131128   0.00214658    -0.00150162  -0.00382258    -0.00312791  -0.00170342
    5    4
 -0.01115232  -0.00948641     0.00355732   0.00927325    -0.00000000  -0.00647583
  0.00355732   0.00927325     0.00000001   0.02454727     0.00355732  -0.00927325
 -0.00000000  -0.00647583     0.00355732  -0.00927325     0.01115231  -0.00948642
    5    5
  0.04627808   0.00000000     0.00199624  -0.00815140     0.00024199  -0.00578643
  0.00199624   0.00815140     0.06463249   0.00000000    -0.00199624   0.00815140
  0.00024199   0.00578643    -0.00199624  -0.00815140     0.04627808   0.00000000
    5    6
 -0.00341627  -0.00100727     0.00376477  -0.00164117     0.00059065  -0.00244507
 -0.00059065   0.00244507    -0.01774442   0.00676492     0.02031551  -0.02366485
 -0.00376477   0.00164117     0.03286980  -0.00050852    -0.01774442   0.00676492
    5    7
  0.00970947  -0.00970948    -0.00399605  -0.00912427    -0.00472520   0.00458240
  0.00458240  -0.00472520     0.01624613  -0.01813409     0.00274128  -0.00274128
 -0.00912427  -0.00399604     0.01680057  -0.01680058     0.01813408  -0.01624614
    6    1
  0.00833525   0.00714035     0.01561306   0.00958717     0.01051589   0.01268800
 -0.01781925  -0.00426094    -0.01094291  -0.00084492    -0.01640763   0.00153593
 -0.04155513   0.01466480     0.01901435   0.03975348     0.00938678  -0.02266171
    6    2
  0.01624614   0.01813408    -0.00399604   0.00912427     0.01680058   0.01680057
  0.00458240   0.00472520     0.00970948   0.00970947    -0.00912427   0.00399605
  0.00274128   0.00274128    -0.00472520  -0.00458240     0.01813408   0.01624613
    6    3
 -0.01774442   0.00676492     0.00376477  -0.00164117     0.03286980  -0.00050852
 -0.00059065   0.00244507    -0.00341627  -0.00100727    -0.00376477   0.00164117
  0.02031551  -0.02366485     0.00059065  -0.00244507    -0.01774442   0.00676492
    6    4
  0.00970947  -0.00970948     0.00458240  -0.00472520    -0.00912427  -0.00399604
 -0.00399605  -0.00912427     0.01624613  -0.01813409     0.01680057  -0.01680058
 -0.00472520   0.00458240     0.00274128  -0.00274128     0.01813408  -0.01624614
    6    5
 -0.00341627   0.00100727    -0.00059065  -0.00244507    -0.00376477  -0.00164117
  0.00376477   0.00164117    -0.01774442  -0.00676492     0.03286980   0.00050852
  0.00059065   0.00244507     0.02031551   0.02366485    -0.01774442  -0.00676492
    6    6
  0.04627808   0.00000000    -0.00024199  -0.00578643    -0.00199624  -0.00815140
 -0.00024199   0.00578643     0.04627808  -0.00000000    -0.00199624   0.00815140
 -0.00199624   0.00815140    -0.00199624  -0.00815140     0.06463249   0.00000000
    6    7
  0.00948642   0.01115232    -0.00647583   0.00000000     0.00927325   0.00355732
 -0.00647583   0.00000000     0.00948641  -0.01115232     0.00927325  -0.00355732
  0.00927325   0.00355732     0.00927325  -0.00355732    -0.02454727   0.00000001
    7    1
 -0.01094291  -0.00084492    -0.01781925  -0.00426094    -0.01640763   0.00153592
  0.01561305   0.00958717     0.00833525   0.00714035     0.01051589   0.01268801
  0.01901434   0.03975349    -0.04155513   0.01466479     0.00938679  -0.02266171
    7    2
 -0.01774442  -0.00676492     0.00376477   0.00164117     0.03286980   0.00050852
 -0.00059065  -0.00244507    -0.00341627   0.00100727    -0.00376477  -0.00164117
  0.02031551   0.02366485     0.00059065   0.00244507    -0.01774442  -0.00676492
    7    3
  0.01624614  -0.01813408    -0.00399604  -0.00912427     0.01680058  -0.01680057
  0.00458240  -0.00472520     0.00970948  -0.00970947    -0.00912427  -0.00399605
  0.00274128  -0.00274128    -0.00472520   0.00458240     0.01813408  -0.01624613
    7    4
 -0.00341627  -0.00100727    -0.00059065   0.00244507    -0.00376477   0.00164117
  0.00376477  -0.00164117    -0.01774442   0.00676492     0.03286980  -0.00050852
  0.00059065  -0.00244507     0.02031551  -0.02366485    -0.01774442   0.00676492
    7    5
  0.00970947   0.00970948     0.00458240   0.00472520    -0.00912427   0.00399604
 -0.00399605   0.00912427     0.01624613   0.01813409     0.01680057   0.01680058
 -0.00472520  -0.00458240     0.00274128   0.00274128     0.01813408   0.01624614
    7    6
  0.00948642  -0.01115232    -0.00647583  -0.00000000     0.00927325  -0.00355732
 -0.00647583  -0.00000000     0.00948641   0.01115232     0.00927325   0.00355732
  0.00927325  -0.00355732     0.00927325   0.00355732    -0.02454727  -0.00000001
    7    7
  0.04627808  -0.00000000    -0.00024199   0.00578643    -0.00199624   0.00815140
 -0.00024199  -0.00578643     0.04627808   0.00000000    -0.00199624  -0.00815140
 -0.00199624  -0.00815140    -0.00199624   0.00815140     0.06463249   0.00000000

     Dynamical  Matrix in cartesian axes

     q = (   -0.216506400   0.216506400  -0.649519100 ) 

    1    1
  0.14746819  -0.00000000    -0.00760564  -0.00000000    -0.00760564  -0.00000000
 -0.00760564  -0.00000000     0.14746819  -0.00000000     0.00760564   0.00000000
 -0.00760564  -0.00000000     0.00760564  -0.00000000     0.14746819  -0.00000000
    1    2
  0.00938678   0.02266171     0.01051589  -0.01268800    -0.01640763  -0.00153593
 -0.04155513  -0.01466480     0.00833525  -0.00714035    -0.01781925   0.00426094
  0.01901435  -0.03975348     0.01561306  -0.00958717    -0.01094291   0.00084492
    1    3
  0.00938679   0.02266171    -0.01640763  -0.00153592     0.01051589  -0.01268801
  0.01901434  -0.03975349    -0.01094291   0.00084492     0.01561305  -0.00958717
 -0.04155513  -0.01466479    -0.01781925   0.00426094     0.00833525  -0.00714035
    1    4
 -0.01094290  -0.00084492     0.01901434   0.03975349    -0.01561305  -0.00958717
 -0.01640763   0.00153592     0.00938679  -0.02266171    -0.01051588  -0.01268801
  0.01781925   0.00426094     0.04155513  -0.01466478     0.00833525   0.00714035
    1    5
  0.00714035  -0.00833525     0.01466478   0.04155513     0.00426095  -0.01781925
  0.01268801  -0.01051588    -0.02266171  -0.00938679    -0.00153592  -0.01640763
 -0.00958717   0.01561305    -0.03975349   0.01901434    -0.00084492   0.01094290
    1    6
  0.00714035  -0.00833525     0.00426094  -0.01781925     0.01466479   0.04155513
 -0.00958717   0.01561305    -0.00084492   0.01094291    -0.03975349   0.01901434
  0.01268801  -0.01051589    -0.00153592  -0.01640763    -0.02266171  -0.00938679
    1    7
 -0.01094290  -0.00084492    -0.01561305  -0.00958718     0.01901433   0.03975349
  0.01781925   0.00426095     0.00833525   0.00714036     0.04155513  -0.01466477
