  2.000000000000000E-002   1.26015754758087        2.29045391948694     
          12

     Dynamical  Matrix in cartesian axes

     q = (    0.324759526   0.324759526   0.000000000 ) 

    1    1
  0.09284331   0.00000000     0.05656788   0.00000000    -0.00000000   0.00000000
  0.05656788   0.00000000     0.09284331   0.00000000    -0.00000000   0.00000000
 -0.00000000   0.00000000    -0.00000000   0.00000000     0.03066276   0.00000000
    1    2
 -0.00286771  -0.00342175     0.00476622   0.01280506     0.00000000   0.00000000
  0.00595034   0.00164711     0.00765979   0.02072381     0.00000000   0.00000000
  0.00000000   0.00000000     0.00000000   0.00000000    -0.01096678  -0.00695782
    1    3
  0.00444731  -0.00039177    -0.01242477   0.00568432    -0.00000000   0.00000000
 -0.00537220  -0.00304284    -0.02007024   0.00923766    -0.00000000   0.00000000
 -0.00000000  -0.00000000    -0.00000000  -0.00000000     0.01267460   0.00283476
    1    4
 -0.02007024   0.00923766    -0.00537220  -0.00304284    -0.00000000   0.00000000
 -0.01242477   0.00568432     0.00444731  -0.00039177    -0.00000000   0.00000000
 -0.00000000  -0.00000000    -0.00000000  -0.00000000     0.01267460   0.00283476
    1    5
  0.00765979   0.02072381     0.00595034   0.00164711     0.00000000   0.00000000
  0.00476622   0.01280506    -0.00286771  -0.00342175     0.00000000   0.00000000
  0.00000000   0.00000000     0.00000000   0.00000000    -0.01096678  -0.00695782
    1    6
  0.00040048  -0.00096685     0.00276039  -0.00666417     0.00597484   0.00247486
  0.00276039  -0.00666417     0.00040048  -0.00096685    -0.00597484  -0.00247486
  0.01282027   0.00531033    -0.01282027  -0.00531033     0.00097867  -0.00236272
    1    7
  0.00040048  -0.00096685     0.00276039  -0.00666417    -0.00597484  -0.00247486
  0.00276039  -0.00666417     0.00040048  -0.00096685     0.00597484   0.00247486
 -0.01282027  -0.00531033     0.01282027   0.00531033     0.00097867  -0.00236272
    2    1
 -0.00286771   0.00342175     0.00595034  -0.00164711     0.00000000  -0.00000000
  0.00476622  -0.01280506     0.00765979  -0.02072381     0.00000000  -0.00000000
  0.00000000   0.00000000     0.00000000  -0.00000000    -0.01096678   0.00695782
    2    2
  0.03203072  -0.00000000     0.00801320  -0.00469183    -0.00000000  -0.00000000
  0.00801320   0.00469183     0.05959586  -0.00000000    -0.00000000  -0.00000000
 -0.00000000  -0.00000000    -0.00000000  -0.00000000     0.03104909  -0.00000000
    2    3
  0.00251396  -0.01657691     0.00822078  -0.00237703     0.00000000  -0.00000000
  0.00822078  -0.00237703     0.01399373   0.04176418     0.00000000   0.00000000
  0.00000000   0.00000000     0.00000000   0.00000000    -0.02366640   0.00683385
    2    4
  0.01657578   0.00731451     0.00906230   0.00597371    -0.00000000   0.00000000
  0.02008713   0.04493340     0.01657578   0.00731451    -0.00000000   0.00000000
 -0.00000000   0.00000000    -0.00000000   0.00000000     0.01109357   0.00252647
    2    5
 -0.00696582  -0.01008674     0.00310778   0.00000000     0.00000000   0.00000000
  0.04852111   0.00000000    -0.00696582   0.01008674     0.00000000   0.00000000
  0.00000000   0.00000000     0.00000000   0.00000000    -0.01047788  -0.00000000
    2    6
 -0.00924561   0.00596546    -0.00081175   0.00006879    -0.00406299  -0.00190365
 -0.00299176  -0.00263386     0.00024422  -0.00665526    -0.00227806   0.00071675
 -0.02766610   0.00348324    -0.01204024  -0.00076058    -0.00252376  -0.00138516
    2    7
 -0.00924561   0.00596546    -0.00081175   0.00006879     0.00406299   0.00190365
 -0.00299176  -0.00263386     0.00024422  -0.00665526     0.00227806  -0.00071675
  0.02766610  -0.00348324     0.01204024   0.00076058    -0.00252376  -0.00138516
    3    1
  0.00444731   0.00039177    -0.00537220   0.00304284    -0.00000000   0.00000000
 -0.01242477  -0.00568432    -0.02007024  -0.00923766    -0.00000000   0.00000000
 -0.00000000   0.00000000    -0.00000000   0.00000000     0.01267460  -0.00283476
    3    2
  0.00251396   0.01657691     0.00822078   0.00237703     0.00000000   0.00000000
  0.00822078   0.00237703     0.01399373  -0.04176418     0.00000000   0.00000000
  0.00000000   0.00000000     0.00000000   0.00000000    -0.02366640  -0.00683385
    3    3
  0.03203072   0.00000000     0.00801320   0.00469183    -0.00000000   0.00000000
  0.00801320  -0.00469183     0.05959586  -0.00000000    -0.00000000   0.00000000
 -0.00000000   0.00000000    -0.00000000   0.00000000     0.03104909   0.00000000
    3    4
 -0.00696582   0.01008674     0.00310778   0.00000000     0.00000000   0.00000000
  0.04852111   0.00000000    -0.00696582  -0.01008674     0.00000000   0.00000000
  0.00000000   0.00000000     0.00000000   0.00000000    -0.01047788   0.00000000
    3    5
  0.01657578  -0.00731451     0.00906230  -0.00597371    -0.00000000   0.00000000
  0.02008713  -0.04493340     0.01657578  -0.00731451    -0.00000000   0.00000000
 -0.00000000  -0.00000000    -0.00000000   0.00000000     0.01109357  -0.00252647
    3    6
 -0.00924561  -0.00596546    -0.00081175  -0.00006879     0.00406299  -0.00190365
 -0.00299176   0.00263386     0.00024422   0.00665526     0.00227806   0.00071675
  0.02766610   0.00348324     0.01204024  -0.00076058    -0.00252376   0.00138516
    3    7
 -0.00924561  -0.00596546    -0.00081175  -0.00006879    -0.00406299   0.00190365
 -0.00299176   0.00263386     0.00024422   0.00665526    -0.00227806  -0.00071675
 -0.02766610  -0.00348324    -0.01204024   0.00076058    -0.00252376   0.00138516
    4    1
 -0.02007024  -0.00923766    -0.01242477  -0.00568432    -0.00000000   0.00000000
 -0.00537220   0.00304284     0.00444731   0.00039177    -0.00000000   0.00000000
 -0.00000000   0.00000000    -0.00000000   0.00000000     0.01267460  -0.00283476
    4    2
  0.01657578  -0.00731451     0.02008713  -0.04493340    -0.00000000   0.00000000
  0.00906230  -0.00597371     0.01657578  -0.00731451    -0.00000000   0.00000000
 -0.00000000   0.00000000    -0.00000000   0.00000000     0.01109357  -0.00252647
    4    3
 -0.00696582  -0.01008674     0.04852111  -0.00000000     0.00000000   0.00000000
  0.00310778  -0.00000000    -0.00696582   0.01008674     0.00000000   0.00000000
  0.00000000   0.00000000    -0.00000000   0.00000000    -0.01047788   0.00000000
    4    4
  0.05959586   0.00000000     0.00801320  -0.00469183    -0.00000000   0.00000000
  0.00801320   0.00469183     0.03203072   0.00000000    -0.00000000   0.00000000
 -0.00000000   0.00000000    -0.00000000   0.00000000     0.03104909   0.00000000
    4    5
  0.01399373  -0.04176418     0.00822078   0.00237703     0.00000000   0.00000000
  0.00822078   0.00237703     0.00251396   0.01657691     0.00000000   0.00000000
  0.00000000   0.00000000     0.00000000   0.00000000    -0.02366640  -0.00683385
    4    6
  0.00024422   0.00665526    -0.00299176   0.00263386    -0.00227806  -0.00071675
 -0.00081175  -0.00006879    -0.00924561  -0.00596546    -0.00406299   0.00190365
 -0.01204024   0.00076058    -0.02766610  -0.00348324    -0.00252376   0.00138516
    4    7
  0.00024422   0.00665526    -0.00299176   0.00263386     0.00227806   0.00071675
 -0.00081175  -0.00006879    -0.00924561  -0.00596546     0.00406299  -0.00190365
  0.01204024  -0.00076058     0.02766610   0.00348324    -0.00252376   0.00138516
    5    1
  0.00765979  -0.02072381     0.00476622  -0.01280506     0.00000000   0.00000000
  0.00595034  -0.00164711    -0.00286771   0.00342175     0.00000000  -0.00000000
  0.00000000   0.00000000     0.00000000   0.00000000    -0.01096678   0.00695782
    5    2
 -0.00696582   0.01008674     0.04852111   0.00000000     0.00000000   0.00000000
  0.00310778   0.00000000    -0.00696582  -0.01008674     0.00000000   0.00000000
  0.00000000   0.00000000    -0.00000000   0.00000000    -0.01047788  -0.00000000
    5    3
  0.01657578   0.00731451     0.02008713   0.04493340    -0.00000000   0.00000000
  0.00906230   0.00597371     0.01657578   0.00731451    -0.00000000   0.00000000
 -0.00000000   0.00000000    -0.00000000  -0.00000000     0.01109357   0.00252647
    5    4
  0.01399373   0.04176418     0.00822078  -0.00237703     0.00000000  -0.00000000
  0.00822078  -0.00237703     0.00251396  -0.01657691     0.00000000  -0.00000000
  0.00000000  -0.00000000     0.00000000  -0.00000000    -0.02366640   0.00683385
    5    5
  0.05959586  -0.00000000     0.00801320   0.00469183    -0.00000000  -0.00000000
  0.00801320  -0.00469183     0.03203072  -0.00000000    -0.00000000  -0.00000000
 -0.00000000   0.00000000    -0.00000000   0.00000000     0.03104909  -0.00000000
    5    6
  0.00024422  -0.00665526    -0.00299176  -0.00263386     0.00227806  -0.00071675
 -0.00081175   0.00006879    -0.00924561   0.00596546     0.00406299   0.00190365
  0.01204024   0.00076058     0.02766610  -0.00348324    -0.00252376  -0.00138516
    5    7
  0.00024422  -0.00665526    -0.00299176  -0.00263386    -0.00227806   0.00071675
 -0.00081175   0.00006879    -0.00924561   0.00596546    -0.00406299  -0.00190365
 -0.01204024  -0.00076058    -0.02766610   0.00348324    -0.00252376  -0.00138516
    6    1
  0.00040048   0.00096685     0.00276039   0.00666417     0.01282027  -0.00531033
  0.00276039   0.00666417     0.00040048   0.00096685    -0.01282027   0.00531033
  0.00597484  -0.00247486    -0.00597484   0.00247486     0.00097867   0.00236272
    6    2
 -0.00924561  -0.00596546    -0.00299176   0.00263386    -0.02766610  -0.00348324
 -0.00081175  -0.00006879     0.00024422   0.00665526    -0.01204024   0.00076058
 -0.00406299   0.00190365    -0.00227806  -0.00071675    -0.00252376   0.00138516
    6    3
 -0.00924561   0.00596546    -0.00299176  -0.00263386     0.02766610  -0.00348324
 -0.00081175   0.00006879     0.00024422  -0.00665526     0.01204024   0.00076058
  0.00406299   0.00190365     0.00227806  -0.00071675    -0.00252376  -0.00138516
    6    4
  0.00024422  -0.00665526    -0.00081175   0.00006879    -0.01204024  -0.00076058
 -0.00299176  -0.00263386    -0.00924561   0.00596546    -0.02766610   0.00348324
 -0.00227806   0.00071675    -0.00406299  -0.00190365    -0.00252376  -0.00138516
    6    5
  0.00024422   0.00665526    -0.00081175  -0.00006879     0.01204024  -0.00076058
 -0.00299176   0.00263386    -0.00924561  -0.00596546     0.02766610   0.00348324
  0.00227806   0.00071675     0.00406299  -0.00190365    -0.00252376   0.00138516
    6    6
  0.04129797   0.00000000     0.01639046  -0.00000000    -0.00000000   0.00042712
  0.01639046   0.00000000     0.04129797   0.00000000    -0.00000000  -0.00042712
 -0.00000000  -0.00042712    -0.00000000   0.00042712     0.01047109  -0.00000000
    6    7
 -0.01992231   0.00000000    -0.01169534   0.00000000    -0.00000000  -0.00061589
 -0.01169534  -0.00000000    -0.01992231  -0.00000000    -0.00000000   0.00061589
 -0.00000000  -0.00061589    -0.00000000   0.00061589     0.00197839   0.00000000
    7    1
  0.00040048   0.00096685     0.00276039   0.00666417    -0.01282027   0.00531033
  0.00276039   0.00666417     0.00040048   0.00096685     0.01282027  -0.00531033
 -0.00597484   0.00247486     0.00597484  -0.00247486     0.00097867   0.00236272
    7    2
 -0.00924561  -0.00596546    -0.00299176   0.00263386     0.02766610   0.00348324
 -0.00081175  -0.00006879     0.00024422   0.00665526     0.01204024  -0.00076058
  0.00406299  -0.00190365     0.00227806   0.00071675    -0.00252376   0.00138516
    7    3
 -0.00924561   0.00596546    -0.00299176  -0.00263386    -0.02766610   0.00348324
 -0.00081175   0.00006879     0.00024422  -0.00665526    -0.01204024  -0.00076058
 -0.00406299  -0.00190365    -0.00227806   0.00071675    -0.00252376  -0.00138516
    7    4
  0.00024422  -0.00665526    -0.00081175   0.00006879     0.01204024   0.00076058
 -0.00299176  -0.00263386    -0.00924561   0.00596546     0.02766610  -0.00348324
  0.00227806  -0.00071675     0.00406299   0.00190365    -0.00252376  -0.00138516
    7    5
  0.00024422   0.00665526    -0.00081175  -0.00006879    -0.01204024   0.00076058
 -0.00299176   0.00263386    -0.00924561  -0.00596546    -0.02766610  -0.00348324
 -0.00227806  -0.00071675    -0.00406299   0.00190365    -0.00252376   0.00138516
    7    6
 -0.01992231  -0.00000000    -0.01169534  -0.00000000    -0.00000000   0.00061589
 -0.01169534  -0.00000000    -0.01992231   0.00000000    -0.00000000  -0.00061589
 -0.00000000   0.00061589    -0.00000000  -0.00061589     0.00197839   0.00000000
    7    7
  0.04129797   0.00000000     0.01639046   0.00000000    -0.00000000  -0.00042712
  0.01639046  -0.00000000     0.04129797   0.00000000    -0.00000000   0.00042712
 -0.00000000   0.00042712    -0.00000000  -0.00042712     0.01047109   0.00000000

     Dynamical  Matrix in cartesian axes

     q = (    0.324759526  -0.324759526   0.000000000 ) 

    1    1
  0.09284331   0.00000000    -0.05656788   0.00000000    -0.00000000   0.00000000
 -0.05656788   0.00000000     0.09284331   0.00000000    -0.00000000   0.00000000
 -0.00000000   0.00000000    -0.00000000   0.00000000     0.03066276   0.00000000
    1    2
 -0.00286771  -0.00342175    -0.00476622  -0.01280506     0.00000000   0.00000000
 -0.00595034  -0.00164711     0.00765979   0.02072381     0.00000000   0.00000000
  0.00000000   0.00000000     0.00000000   0.00000000    -0.01096678  -0.00695782
    1    3
 -0.00286771   0.00342175    -0.00476622   0.01280506     0.00000000   0.00000000
 -0.00595034   0.00164711     0.00765979  -0.02072381     0.00000000  -0.00000000
  0.00000000   0.00000000     0.00000000   0.00000000    -0.01096678   0.00695782
    1    4
  0.00765979   0.02072381    -0.00595034  -0.00164711     0.00000000   0.00000000
 -0.00476622  -0.01280506    -0.00286771  -0.00342175     0.00000000   0.00000000
  0.00000000   0.00000000     0.00000000   0.00000000    -0.01096678  -0.00695782
    1    5
  0.00765979  -0.02072381    -0.00595034   0.00164711     0.00000000   0.00000000
 -0.00476622   0.01280506    -0.00286771   0.00342175     0.00000000  -0.00000000
  0.00000000   0.00000000     0.00000000   0.00000000    -0.01096678   0.00695782
    1    6
  0.00040048   0.00096685    -0.00276039  -0.00666417    -0.00597484   0.00247486
 -0.00276039  -0.00666417     0.00040048   0.00096685    -0.00597484   0.00247486
 -0.01282027   0.00531033    -0.01282027   0.00531033     0.00097867   0.00236272
    1    7
  0.00040048  -0.00096685    -0.00276039   0.00666417    -0.00597484  -0.00247486
 -0.00276039   0.00666417     0.00040048  -0.00096685    -0.00597484  -0.00247486
 -0.01282027  -0.00531033    -0.01282027  -0.00531033     0.00097867  -0.00236272
    2    1
 -0.00286771   0.00342175    -0.00595034   0.00164711     0.00000000   0.00000000
 -0.00476622   0.01280506     0.00765979  -0.02072381     0.00000000  -0.00000000
  0.00000000  -0.00000000     0.00000000   0.00000000    -0.01096678   0.00695782
    2    2
  0.03203072  -0.00000000    -0.00801320   0.00469183    -0.00000000   0.00000000
 -0.00801320  -0.00469183     0.05959586  -0.00000000    -0.00000000   0.00000000
 -0.00000000   0.00000000    -0.00000000   0.00000000     0.03104909  -0.00000000
    2    3
  0.00994401   0.01349928     0.00413216  -0.00749378    -0.00000000   0.00000000
  0.00413216  -0.00749378    -0.03942680  -0.01963667    -0.00000000   0.00000000
 -0.00000000   0.00000000    -0.00000000   0.00000000     0.01190241  -0.02156694
    2    4
 -0.00696582  -0.01008674    -0.00310778  -0.00000000     0.00000000   0.00000000
 -0.04852111  -0.00000000    -0.00696582   0.01008674    -0.00000000   0.00000000
  0.00000000   0.00000000     0.00000000   0.00000000    -0.01047788  -0.00000000
    2    5
 -0.01689298   0.00654871     0.01063206  -0.00218396     0.00000000  -0.00000000
  0.04597646   0.01756896    -0.01689298   0.00654871     0.00000000  -0.00000000
  0.00000000  -0.00000000     0.00000000  -0.00000000    -0.00963083   0.00605786
    2    6
  0.00231942  -0.01075585    -0.00052536   0.00062264     0.00421905  -0.00152688
 -0.00397792   0.00025308     0.00453329   0.00487867    -0.00110401   0.00211765
  0.01709987  -0.02202591    -0.00905155   0.00797593     0.00276402  -0.00080511
    2    7
 -0.00924561   0.00596546     0.00081175  -0.00006879     0.00406299   0.00190365
  0.00299176   0.00263386     0.00024422  -0.00665526    -0.00227806   0.00071675
  0.02766610  -0.00348324    -0.01204024  -0.00076058    -0.00252376  -0.00138516
    3    1
 -0.00286771  -0.00342175    -0.00595034  -0.00164711     0.00000000   0.00000000
 -0.00476622  -0.01280506     0.00765979   0.02072381     0.00000000   0.00000000
  0.00000000   0.00000000     0.00000000   0.00000000    -0.01096678  -0.00695782
    3    2
  0.00994401  -0.01349928     0.00413216   0.00749378    -0.00000000   0.00000000
  0.00413216   0.00749378    -0.03942680   0.01963667    -0.00000000  -0.00000000
 -0.00000000  -0.00000000    -0.00000000  -0.00000000     0.01190241   0.02156694
    3    3
  0.03203072   0.00000000    -0.00801320  -0.00469183    -0.00000000   0.00000000
 -0.00801320   0.00469183     0.05959586   0.00000000    -0.00000000   0.00000000
 -0.00000000   0.00000000    -0.00000000   0.00000000     0.03104909   0.00000000
    3    4
 -0.01689298  -0.00654871     0.01063206   0.00218396     0.00000000   0.00000000
  0.04597646  -0.01756896    -0.01689298  -0.00654871     0.00000000   0.00000000
  0.00000000   0.00000000    -0.00000000   0.00000000    -0.00963083  -0.00605786
    3    5
 -0.00696582   0.01008674    -0.00310778   0.00000000     0.00000000   0.00000000
 -0.04852111  -0.00000000    -0.00696582  -0.01008674     0.00000000   0.00000000
  0.00000000  -0.00000000     0.00000000  -0.00000000    -0.01047788  -0.00000000
    3    6
 -0.00924561  -0.00596546     0.00081175   0.00006879     0.00406299  -0.00190365
  0.00299176  -0.00263386     0.00024422   0.00665526    -0.00227806  -0.00071675
  0.02766610   0.00348324    -0.01204024   0.00076058    -0.00252376   0.00138516
    3    7
  0.00231942   0.01075585    -0.00052536  -0.00062264     0.00421905   0.00152688
 -0.00397792  -0.00025308     0.00453329  -0.00487867    -0.00110401  -0.00211765
  0.01709987   0.02202591    -0.00905155  -0.00797593     0.00276402   0.00080511
    4    1
  0.00765979  -0.02072381    -0.00476622   0.01280506     0.00000000   0.00000000
 -0.00595034   0.00164711    -0.00286771   0.00342175     0.00000000  -0.00000000
  0.00000000  -0.00000000     0.00000000  -0.00000000    -0.01096678   0.00695782
    4    2
 -0.00696582   0.01008674    -0.04852111   0.00000000     0.00000000   0.00000000
 -0.00310778   0.00000000    -0.00696582  -0.01008674     0.00000000   0.00000000
  0.00000000   0.00000000     0.00000000   0.00000000    -0.01047788   0.00000000
    4    3
 -0.01689298   0.00654871     0.04597646   0.01756896     0.00000000   0.00000000
  0.01063206  -0.00218396    -0.01689298   0.00654871     0.00000000   0.00000000
 -0.00000000  -0.00000000     0.00000000  -0.00000000    -0.00963083   0.00605786
    4    4
  0.05959586  -0.00000000    -0.00801320  -0.00469183    -0.00000000   0.00000000
 -0.00801320   0.00469183     0.03203072  -0.00000000    -0.00000000   0.00000000
 -0.00000000   0.00000000    -0.00000000   0.00000000     0.03104909  -0.00000000
    4    5
 -0.03942680  -0.01963667     0.00413216  -0.00749378    -0.00000000   0.00000000
  0.00413216  -0.00749378     0.00994401   0.01349928     0.00000000   0.00000000
 -0.00000000   0.00000000    -0.00000000   0.00000000     0.01190241  -0.02156694
    4    6
  0.00453329   0.00487867    -0.00397792   0.00025308    -0.00110401   0.00211765
 -0.00052536   0.00062264     0.00231942  -0.01075585     0.00421905  -0.00152688
 -0.00905155   0.00797593     0.01709987  -0.02202591     0.00276402  -0.00080511
    4    7
  0.00024422  -0.00665526     0.00299176   0.00263386    -0.00227806   0.00071675
  0.00081175  -0.00006879    -0.00924561   0.00596546     0.00406299   0.00190365
 -0.01204024  -0.00076058     0.02766610  -0.00348324    -0.00252376  -0.00138516
    5    1
  0.00765979   0.02072381    -0.00476622  -0.01280506     0.00000000   0.00000000
 -0.00595034  -0.00164711    -0.00286771  -0.00342175     0.00000000   0.00000000
  0.00000000   0.00000000     0.00000000   0.00000000    -0.01096678  -0.00695782
    5    2
 -0.01689298  -0.00654871     0.04597646  -0.01756896    -0.00000000   0.00000000
  0.01063206   0.00218396    -0.01689298  -0.00654871    -0.00000000   0.00000000
 -0.00000000   0.00000000    -0.00000000   0.00000000    -0.00963083  -0.00605786
    5    3
 -0.00696582  -0.01008674    -0.04852111   0.00000000     0.00000000   0.00000000
 -0.00310778   0.00000000    -0.00696582   0.01008674     0.00000000   0.00000000
  0.00000000   0.00000000     0.00000000   0.00000000    -0.01047788   0.00000000
    5    4
 -0.03942680   0.01963667     0.00413216   0.00749378     0.00000000  -0.00000000
  0.00413216   0.00749378     0.00994401  -0.01349928     0.00000000  -0.00000000
 -0.00000000  -0.00000000    -0.00000000  -0.00000000     0.01190241   0.02156694
    5    5
  0.05959586   0.00000000    -0.00801320   0.00469183    -0.00000000   0.00000000
 -0.00801320  -0.00469183     0.03203072   0.00000000    -0.00000000   0.00000000
 -0.00000000   0.00000000    -0.00000000   0.00000000     0.03104909   0.00000000
    5    6
  0.00024422   0.00665526     0.00299176  -0.00263386    -0.00227806  -0.00071675
  0.00081175   0.00006879    -0.00924561  -0.00596546     0.00406299  -0.00190365
 -0.01204024   0.00076058     0.02766610   0.00348324    -0.00252376   0.00138516
    5    7
  0.00453329  -0.00487867    -0.00397792  -0.00025308    -0.00110401  -0.00211765
 -0.00052536  -0.00062264     0.00231942   0.01075585     0.00421905   0.00152688
 -0.00905155  -0.00797593     0.01709987   0.02202591     0.00276402   0.00080511
    6    1
  0.00040048  -0.00096685    -0.00276039   0.00666417    -0.01282027  -0.00531033
 -0.00276039   0.00666417     0.00040048  -0.00096685    -0.01282027  -0.00531033
 -0.00597484  -0.00247486    -0.00597484  -0.00247486     0.00097867  -0.00236272
    6    2
  0.00231942   0.01075585    -0.00397792  -0.00025308     0.01709987   0.02202591
 -0.00052536  -0.00062264     0.00453329  -0.00487867    -0.00905155  -0.00797593
  0.00421905   0.00152688    -0.00110401  -0.00211765     0.00276402   0.00080511
    6    3
 -0.00924561   0.00596546     0.00299176   0.00263386     0.02766610  -0.00348324
  0.00081175  -0.00006879     0.00024422  -0.00665526    -0.01204024  -0.00076058
  0.00406299   0.00190365    -0.00227806   0.00071675    -0.00252376  -0.00138516
    6    4
  0.00453329  -0.00487867    -0.00052536  -0.00062264    -0.00905155  -0.00797593
 -0.00397792  -0.00025308     0.00231942   0.01075585     0.01709987   0.02202591
 -0.00110401  -0.00211765     0.00421905   0.00152688     0.00276402   0.00080511
    6    5
  0.00024422  -0.00665526     0.00081175  -0.00006879    -0.01204024  -0.00076058
  0.00299176   0.00263386    -0.00924561   0.00596546     0.02766610  -0.00348324
 -0.00227806   0.00071675     0.00406299   0.00190365    -0.00252376  -0.00138516
    6    6
  0.04129797   0.00000000    -0.01639046   0.00000000     0.00000000   0.00042712
 -0.01639046   0.00000000     0.04129797   0.00000000    -0.00000000   0.00042712
 -0.00000000  -0.00042712     0.00000000  -0.00042712     0.01047109   0.00000000
    6    7
  0.01408720   0.01408720    -0.00826985  -0.00826985    -0.00043550   0.00043550
 -0.00826985  -0.00826985     0.01408720   0.01408720    -0.00043550   0.00043550
 -0.00043550   0.00043550    -0.00043550   0.00043550    -0.00139893  -0.00139893
    7    1
  0.00040048   0.00096685    -0.00276039  -0.00666417    -0.01282027   0.00531033
 -0.00276039  -0.00666417     0.00040048   0.00096685    -0.01282027   0.00531033
 -0.00597484   0.00247486    -0.00597484   0.00247486     0.00097867   0.00236272
    7    2
 -0.00924561  -0.00596546     0.00299176  -0.00263386     0.02766610   0.00348324
  0.00081175   0.00006879     0.00024422   0.00665526    -0.01204024   0.00076058
  0.00406299  -0.00190365    -0.00227806  -0.00071675    -0.00252376   0.00138516
    7    3
  0.00231942  -0.01075585    -0.00397792   0.00025308     0.01709987  -0.02202591
 -0.00052536   0.00062264     0.00453329   0.00487867    -0.00905155   0.00797593
  0.00421905  -0.00152688    -0.00110401   0.00211765     0.00276402  -0.00080511
    7    4
  0.00024422   0.00665526     0.00081175   0.00006879    -0.01204024   0.00076058
  0.00299176  -0.00263386    -0.00924561  -0.00596546     0.02766610   0.00348324
 -0.00227806  -0.00071675     0.00406299  -0.00190365    -0.00252376   0.00138516
    7    5
  0.00453329   0.00487867    -0.00052536   0.00062264    -0.00905155   0.00797593
 -0.00397792   0.00025308     0.00231942  -0.01075585     0.01709987  -0.02202591
 -0.00110401   0.00211765     0.00421905  -0.00152688     0.00276402  -0.00080511
    7    6
  0.01408720  -0.01408720    -0.00826985   0.00826985    -0.00043550  -0.00043550
 -0.00826985   0.00826985     0.01408720  -0.01408720    -0.00043550  -0.00043550
 -0.00043550  -0.00043550    -0.00043550  -0.00043550    -0.00139893   0.00139893
    7    7
  0.04129797   0.00000000    -0.01639046   0.00000000     0.00000000  -0.00042712
 -0.01639046   0.00000000     0.04129797   0.00000000    -0.00000000  -0.00042712
 -0.00000000   0.00042712     0.00000000   0.00042712     0.01047109   0.00000000

     Dynamical  Matrix in cartesian axes

     q = (   -0.324759526  -0.324759526   0.000000000 ) 

    1    1
  0.09284331   0.00000000     0.05656788   0.00000000    -0.00000000   0.00000000
  0.05656788   0.00000000     0.09284331   0.00000000    -0.00000000   0.00000000
 -0.00000000   0.00000000    -0.00000000   0.00000000     0.03066276   0.00000000
    1    2
 -0.00286771   0.00342175     0.00476622  -0.01280506     0.00000000   0.00000000
  0.00595034  -0.00164711     0.00765979  -0.02072381     0.00000000  -0.00000000
  0.00000000  -0.00000000     0.00000000  -0.00000000    -0.01096678   0.00695782
    1    3
  0.00444731   0.00039177    -0.01242477  -0.00568432    -0.00000000   0.00000000
 -0.00537220   0.00304284    -0.02007024  -0.00923766    -0.00000000   0.00000000
 -0.00000000   0.00000000    -0.00000000   0.00000000     0.01267460  -0.00283476
    1    4
 -0.02007024  -0.00923766    -0.00537220   0.00304284    -0.00000000   0.00000000
 -0.01242477  -0.00568432     0.00444731   0.00039177    -0.00000000   0.00000000
 -0.00000000   0.00000000    -0.00000000   0.00000000     0.01267460  -0.00283476
    1    5
  0.00765979  -0.02072381     0.00595034  -0.00164711     0.00000000   0.00000000
  0.00476622  -0.01280506    -0.00286771   0.00342175     0.00000000   0.00000000
  0.00000000   0.00000000     0.00000000  -0.00000000    -0.01096678   0.00695782
    1    6
  0.00040048   0.00096685     0.00276039   0.00666417     0.00597484  -0.00247486
  0.00276039   0.00666417     0.00040048   0.00096685    -0.00597484   0.00247486
  0.01282027  -0.00531033    -0.01282027   0.00531033     0.00097867   0.00236272
    1    7
  0.00040048   0.00096685     0.00276039   0.00666417    -0.00597484   0.00247486
  0.00276039   0.00666417     0.00040048   0.00096685     0.00597484  -0.00247486
 -0.01282027   0.00531033     0.01282027  -0.00531033     0.00097867   0.00236272
    2    1
 -0.00286771  -0.00342175     0.00595034   0.00164711     0.00000000   0.00000000
  0.00476622   0.01280506     0.00765979   0.02072381     0.00000000   0.00000000
  0.00000000  -0.00000000    -0.00000000  -0.00000000    -0.01096678  -0.00695782
    2    2
  0.03203072  -0.00000000     0.00801320   0.00469183    -0.00000000   0.00000000
  0.00801320  -0.00469183     0.05959586  -0.00000000    -0.00000000   0.00000000
 -0.00000000   0.00000000    -0.00000000   0.00000000     0.03104909   0.00000000
    2    3
  0.00251396   0.01657691     0.00822078   0.00237703     0.00000000   0.00000000
  0.00822078   0.00237703     0.01399373  -0.04176418     0.00000000   0.00000000
  0.00000000   0.00000000     0.00000000   0.00000000    -0.02366640  -0.00683385
    2    4
  0.01657578  -0.00731451     0.00906230  -0.00597371    -0.00000000   0.00000000
  0.02008713  -0.04493340     0.01657578  -0.00731451    -0.00000000   0.00000000
 -0.00000000  -0.00000000    -0.00000000   0.00000000     0.01109357  -0.00252647
    2    5
 -0.00696582   0.01008674     0.00310778  -0.00000000     0.00000000  -0.00000000
  0.04852111  -0.00000000    -0.00696582  -0.01008674     0.00000000  -0.00000000
  0.00000000  -0.00000000     0.00000000  -0.00000000    -0.01047788   0.00000000
    2    6
 -0.00924561  -0.00596546    -0.00081175  -0.00006879    -0.00406299   0.00190365
 -0.00299176   0.00263386     0.00024422   0.00665526    -0.00227806  -0.00071675
 -0.02766610  -0.00348324    -0.01204024   0.00076058    -0.00252376   0.00138516
    2    7
 -0.00924561  -0.00596546    -0.00081175  -0.00006879     0.00406299  -0.00190365
 -0.00299176   0.00263386     0.00024422   0.00665526     0.00227806   0.00071675
  0.02766610   0.00348324     0.01204024  -0.00076058    -0.00252376   0.00138516
    3    1
  0.00444731  -0.00039177    -0.00537220  -0.00304284    -0.00000000  -0.00000000
 -0.01242477   0.00568432    -0.02007024   0.00923766    -0.00000000  -0.00000000
 -0.00000000  -0.00000000    -0.00000000   0.00000000     0.01267460   0.00283476
    3    2
  0.00251396  -0.01657691     0.00822078  -0.00237703     0.00000000   0.00000000
  0.00822078  -0.00237703     0.01399373   0.04176418     0.00000000  -0.00000000
  0.00000000  -0.00000000     0.00000000   0.00000000    -0.02366640   0.00683385
    3    3
  0.03203072   0.00000000     0.00801320  -0.00469183    -0.00000000   0.00000000
  0.00801320   0.00469183     0.05959586  -0.00000000    -0.00000000   0.00000000
 -0.00000000  -0.00000000    -0.00000000  -0.00000000     0.03104909  -0.00000000
    3    4
 -0.00696582  -0.01008674     0.00310778  -0.00000000     0.00000000   0.00000000
  0.04852111   0.00000000    -0.00696582   0.01008674     0.00000000   0.00000000
  0.00000000  -0.00000000     0.00000000  -0.00000000    -0.01047788  -0.00000000
    3    5
  0.01657578   0.00731451     0.00906230   0.00597371    -0.00000000   0.00000000
  0.02008713   0.04493340     0.01657578   0.00731451    -0.00000000   0.00000000
 -0.00000000   0.00000000    -0.00000000   0.00000000     0.01109357   0.00252647
    3    6
 -0.00924561   0.00596546    -0.00081175   0.00006879     0.00406299   0.00190365
 -0.00299176  -0.00263386     0.00024422  -0.00665526     0.00227806  -0.00071675
  0.02766610  -0.00348324     0.01204024   0.00076058    -0.00252376  -0.00138516
    3    7
 -0.00924561   0.00596546    -0.00081175   0.00006879    -0.00406299  -0.00190365
 -0.00299176  -0.00263386     0.00024422  -0.00665526    -0.00227806   0.00071675
 -0.02766610   0.00348324    -0.01204024  -0.00076058    -0.00252376  -0.00138516
    4    1
 -0.02007024   0.00923766    -0.01242477   0.00568432    -0.00000000  -0.00000000
 -0.00537220  -0.00304284     0.00444731  -0.00039177    -0.00000000  -0.00000000
 -0.00000000  -0.00000000    -0.00000000  -0.00000000     0.01267460   0.00283476
    4    2
  0.01657578   0.00731451     0.02008713   0.04493340    -0.00000000   0.00000000
  0.00906230   0.00597371     0.01657578   0.00731451     0.00000000   0.00000000
 -0.00000000   0.00000000    -0.00000000  -0.00000000     0.01109357   0.00252647
    4    3
 -0.00696582   0.01008674     0.04852111   0.00000000     0.00000000  -0.00000000
  0.00310778  -0.00000000    -0.00696582  -0.01008674     0.00000000  -0.00000000
  0.00000000   0.00000000     0.00000000   0.00000000    -0.01047788  -0.00000000
    4    4
  0.05959586  -0.00000000     0.00801320   0.00469183    -0.00000000   0.00000000
  0.00801320  -0.00469183     0.03203072  -0.00000000    -0.00000000   0.00000000
 -0.00000000  -0.00000000     0.00000000  -0.00000000     0.03104909  -0.00000000
    4    5
  0.01399373   0.04176418     0.00822078  -0.00237703     0.00000000  -0.00000000
  0.00822078  -0.00237703     0.00251396  -0.01657691     0.00000000  -0.00000000
  0.00000000  -0.00000000     0.00000000  -0.00000000    -0.02366640   0.00683385
    4    6
  0.00024422  -0.00665526    -0.00299176  -0.00263386    -0.00227806   0.00071675
 -0.00081175   0.00006879    -0.00924561   0.00596546    -0.00406299  -0.00190365
 -0.01204024  -0.00076058    -0.02766610   0.00348324    -0.00252376  -0.00138516
    4    7
  0.00024422  -0.00665526    -0.00299176  -0.00263386     0.00227806  -0.00071675
 -0.00081175   0.00006879    -0.00924561   0.00596546     0.00406299   0.00190365
  0.01204024   0.00076058     0.02766610  -0.00348324    -0.00252376  -0.00138516
    5    1
  0.00765979   0.02072381     0.00476622   0.01280506     0.00000000   0.00000000
  0.00595034   0.00164711    -0.00286771  -0.00342175     0.00000000   0.00000000
  0.00000000   0.00000000     0.00000000   0.00000000    -0.01096678  -0.00695782
    5    2
 -0.00696582  -0.01008674     0.04852111  -0.00000000     0.00000000  -0.00000000
  0.00310778  -0.00000000    -0.00696582   0.01008674     0.00000000  -0.00000000
  0.00000000   0.00000000     0.00000000   0.00000000    -0.01047788   0.00000000
    5    3
  0.01657578  -0.00731451     0.02008713  -0.04493340    -0.00000000   0.00000000
  0.00906230  -0.00597371     0.01657578  -0.00731451     0.00000000   0.00000000
 -0.00000000   0.00000000    -0.00000000   0.00000000     0.01109357  -0.00252647
    5    4
  0.01399373  -0.04176418     0.00822078   0.00237703     0.00000000   0.00000000
  0.00822078   0.00237703     0.00251396   0.01657691     0.00000000   0.00000000
  0.00000000   0.00000000     0.00000000   0.00000000    -0.02366640  -0.00683385
    5    5
  0.05959586  -0.00000000     0.00801320  -0.00469183    -0.00000000   0.00000000
  0.00801320   0.00469183     0.03203072   0.00000000    -0.00000000   0.00000000
 -0.00000000   0.00000000    -0.00000000   0.00000000     0.03104909   0.00000000
    5    6
  0.00024422   0.00665526    -0.00299176   0.00263386     0.00227806   0.00071675
 -0.00081175  -0.00006879    -0.00924561  -0.00596546     0.00406299  -0.00190365
  0.01204024  -0.00076058     0.02766610   0.00348324    -0.00252376   0.00138516
    5    7
  0.00024422   0.00665526    -0.00299176   0.00263386    -0.00227806  -0.00071675
 -0.00081175  -0.00006879    -0.00924561  -0.00596546    -0.00406299   0.00190365
 -0.01204024   0.00076058    -0.02766610  -0.00348324    -0.00252376   0.00138516
    6    1
  0.00040048  -0.00096685     0.00276039  -0.00666417     0.01282027   0.00531033
  0.00276039  -0.00666417     0.00040048  -0.00096685    -0.01282027  -0.00531033
  0.00597484   0.00247486    -0.00597484  -0.00247486     0.00097867  -0.00236272
    6    2
 -0.00924561   0.00596546    -0.00299176  -0.00263386    -0.02766610   0.00348324
 -0.00081175   0.00006879     0.00024422  -0.00665526    -0.01204024  -0.00076058
 -0.00406299  -0.00190365    -0.00227806   0.00071675    -0.00252376  -0.00138516
    6    3
 -0.00924561  -0.00596546    -0.00299176   0.00263386     0.02766610   0.00348324
 -0.00081175  -0.00006879     0.00024422   0.00665526     0.01204024  -0.00076058
  0.00406299  -0.00190365     0.00227806   0.00071675    -0.00252376   0.00138516
    6    4
  0.00024422   0.00665526    -0.00081175  -0.00006879    -0.01204024   0.00076058
 -0.00299176   0.00263386    -0.00924561  -0.00596546    -0.02766610  -0.00348324
 -0.00227806  -0.00071675    -0.00406299   0.00190365    -0.00252376   0.00138516
    6    5
  0.00024422  -0.00665526    -0.00081175   0.00006879     0.01204024   0.00076058
 -0.00299176  -0.00263386    -0.00924561   0.00596546     0.02766610  -0.00348324
  0.00227806  -0.00071675     0.00406299   0.00190365    -0.00252376  -0.00138516
    6    6
  0.04129797   0.00000000     0.01639046   0.00000000    -0.00000000  -0.00042712
  0.01639046  -0.00000000     0.04129797   0.00000000    -0.00000000   0.00042712
 -0.00000000   0.00042712    -0.00000000  -0.00042712     0.01047109   0.00000000
    6    7
 -0.01992231  -0.00000000    -0.01169534  -0.00000000    -0.00000000   0.00061589
 -0.01169534  -0.00000000    -0.01992231   0.00000000    -0.00000000  -0.00061589
 -0.00000000   0.00061589    -0.00000000  -0.00061589     0.00197839   0.00000000
    7    1
  0.00040048  -0.00096685     0.00276039  -0.00666417    -0.01282027  -0.00531033
  0.00276039  -0.00666417     0.00040048  -0.00096685     0.01282027   0.00531033
 -0.00597484  -0.00247486     0.00597484   0.00247486     0.00097867  -0.00236272
    7    2
 -0.00924561   0.00596546    -0.00299176  -0.00263386     0.02766610  -0.00348324
 -0.00081175   0.00006879     0.00024422  -0.00665526     0.01204024   0.00076058
  0.00406299   0.00190365     0.00227806  -0.00071675    -0.00252376  -0.00138516
    7    3
 -0.00924561  -0.00596546    -0.00299176   0.00263386    -0.02766610  -0.00348324
 -0.00081175  -0.00006879     0.00024422   0.00665526    -0.01204024   0.00076058
 -0.00406299   0.00190365    -0.00227806  -0.00071675    -0.00252376   0.00138516
    7    4
  0.00024422   0.00665526    -0.00081175  -0.00006879     0.01204024  -0.00076058
 -0.00299176   0.00263386    -0.00924561  -0.00596546     0.02766610   0.00348324
  0.00227806   0.00071675     0.00406299  -0.00190365    -0.00252376   0.00138516
    7    5
  0.00024422  -0.00665526    -0.00081175   0.00006879    -0.01204024  -0.00076058
 -0.00299176  -0.00263386    -0.00924561   0.00596546    -0.02766610   0.00348324
 -0.00227806   0.00071675    -0.00406299  -0.00190365    -0.00252376  -0.00138516
    7    6
 -0.01992231   0.00000000    -0.01169534   0.00000000    -0.00000000  -0.00061589
 -0.01169534  -0.00000000    -0.01992231  -0.00000000    -0.00000000   0.00061589
 -0.00000000  -0.00061589    -0.00000000   0.00061589     0.00197839   0.00000000
    7    7
  0.04129797   0.00000000     0.01639046  -0.00000000    -0.00000000   0.00042712
  0.01639046   0.00000000     0.04129797   0.00000000    -0.00000000  -0.00042712
  0.00000000  -0.00042712    -0.00000000   0.00042712     0.01047109  -0.00000000

     Dynamical  Matrix in cartesian axes

     q = (   -0.324759526   0.324759526   0.000000000 ) 

    1    1
  0.09284331   0.00000000    -0.05656788   0.00000000    -0.00000000   0.00000000
 -0.05656788   0.00000000     0.09284331   0.00000000    -0.00000000   0.00000000
 -0.00000000   0.00000000    -0.00000000   0.00000000     0.03066276   0.00000000
    1    2
 -0.00286771   0.00342175    -0.00476622   0.01280506     0.00000000   0.00000000
 -0.00595034   0.00164711     0.00765979  -0.02072381     0.00000000  -0.00000000
  0.00000000   0.00000000     0.00000000   0.00000000    -0.01096678   0.00695782
    1    3
 -0.00286771  -0.00342175    -0.00476622  -0.01280506     0.00000000   0.00000000
 -0.00595034  -0.00164711     0.00765979   0.02072381     0.00000000   0.00000000
  0.00000000   0.00000000     0.00000000   0.00000000    -0.01096678  -0.00695782
    1    4
  0.00765979  -0.02072381    -0.00595034   0.00164711     0.00000000   0.00000000
 -0.00476622   0.01280506    -0.00286771   0.00342175     0.00000000   0.00000000
  0.00000000  -0.00000000     0.00000000   0.00000000    -0.01096678   0.00695782
    1    5
  0.00765979   0.02072381    -0.00595034  -0.00164711     0.00000000   0.00000000
 -0.00476622  -0.01280506    -0.00286771  -0.00342175     0.00000000   0.00000000
  0.00000000  -0.00000000     0.00000000   0.00000000    -0.01096678  -0.00695782
    1    6
  0.00040048  -0.00096685    -0.00276039   0.00666417    -0.00597484  -0.00247486
 -0.00276039   0.00666417     0.00040048  -0.00096685    -0.00597484  -0.00247486
 -0.01282027  -0.00531033    -0.01282027  -0.00531033     0.00097867  -0.00236272
    1    7
  0.00040048   0.00096685    -0.00276039  -0.00666417    -0.00597484   0.00247486
 -0.00276039  -0.00666417     0.00040048   0.00096685    -0.00597484   0.00247486
