  3.000000000000000E-002   1.26007061404212        2.36059544634539     
          12

     Dynamical  Matrix in cartesian axes

     q = (    0.433012700   0.433012700   0.216506400 ) 

    1    1
  0.11748945   0.00000000     0.04040338   0.00000000    -0.00000000   0.00000000
  0.04040338   0.00000000     0.11748945   0.00000000    -0.00000000   0.00000000
 -0.00000000   0.00000000    -0.00000000   0.00000000     0.06386306   0.00000000
    1    2
 -0.01654924   0.01654924     0.01862112  -0.01862113    -0.00960958  -0.00960958
 -0.00632889   0.00632889     0.01357475  -0.01357476    -0.00755004  -0.00755003
 -0.00436336  -0.00436336    -0.00270609  -0.00270609    -0.01126313   0.01126313
    1    3
  0.02340416   0.00000000    -0.02633425  -0.00000000     0.00000000  -0.01359000
  0.00895041   0.00000000    -0.01919760  -0.00000000     0.00000000  -0.01067736
  0.00000000  -0.00617073     0.00000000  -0.00382699     0.01592848   0.00000000
    1    4
 -0.01919760  -0.00000000     0.00895041   0.00000000     0.00000000  -0.01067736
 -0.02633425  -0.00000000     0.02340416   0.00000000     0.00000000  -0.01359000
  0.00000000  -0.00382699     0.00000000  -0.00617073     0.01592848   0.00000000
    1    5
  0.01357475  -0.01357476    -0.00632889   0.00632889    -0.00755004  -0.00755003
  0.01862112  -0.01862113    -0.01654924   0.01654924    -0.00960958  -0.00960958
 -0.00270609  -0.00270609    -0.00436336  -0.00436336    -0.01126313   0.01126313
    1    6
  0.00000000   0.00000000    -0.00000000   0.00000000     0.01517335   0.01808001
  0.00000000   0.00000000    -0.00000000   0.00000000     0.00205532   0.02351367
  0.01886018  -0.00454122    -0.01654729   0.01012504     0.00000000   0.00000000
    1    7
 -0.00000000   0.00000000     0.00000000   0.00000000     0.00205532   0.02351367
 -0.00000000   0.00000000     0.00000000   0.00000000     0.01517335   0.01808001
 -0.01654729   0.01012504     0.01886018  -0.00454122     0.00000000   0.00000000
    2    1
 -0.01654924  -0.01654924    -0.00632889  -0.00632889    -0.00436336   0.00436336
  0.01862112   0.01862113     0.01357475   0.01357476    -0.00270609   0.00270609
 -0.00960958   0.00960958    -0.00755004   0.00755003    -0.01126313  -0.01126313
    2    2
  0.07427466   0.00000000     0.00130128  -0.00000000    -0.00000000  -0.00800393
  0.00130128   0.00000000     0.07278525  -0.00000000    -0.00000000  -0.00527130
 -0.00000000   0.00800393     0.00000000   0.00527130     0.03819667   0.00000000
    2    3
  0.00303790   0.00303791     0.00570908   0.00570908    -0.00227685   0.00227685
  0.00570908   0.00570908     0.01760877   0.01760877    -0.00778382   0.00778381
 -0.00227685   0.00227685    -0.00778382   0.00778381    -0.01125876  -0.01125877
    2    4
  0.01927552   0.01927553     0.02451234   0.02451234     0.00389122  -0.00389122
  0.02879738   0.02879739     0.01927552   0.01927553    -0.00569761   0.00569761
 -0.00569761   0.00569761     0.00389122  -0.00389122     0.01225502   0.01225502
    2    5
 -0.01965103  -0.00000000     0.03168680   0.00000000     0.00000000  -0.00552002
  0.05380253  -0.00000000    -0.01965103   0.00000000     0.00000000  -0.00621404
  0.00000000   0.00621404     0.00000000   0.00552002    -0.00155558   0.00000000
    2    6
 -0.01705952  -0.00934821    -0.00944510  -0.00168188    -0.01330359  -0.00430306
 -0.00917954   0.00427111    -0.00117246  -0.00839434    -0.00718013  -0.00051362
 -0.01617181  -0.02146872    -0.00695683   0.00444231    -0.01427555  -0.00456301
    2    7
 -0.01867308  -0.00545273    -0.00786796  -0.00548943     0.01244978   0.00636434
 -0.00347078  -0.00951104    -0.00676475   0.00510664     0.00544031   0.00471393
  0.02661587  -0.00374548     0.00177803   0.00806041    -0.01332088  -0.00686780
    3    1
  0.02340416  -0.00000000     0.00895041  -0.00000000     0.00000000   0.00617073
 -0.02633425   0.00000000    -0.01919760   0.00000000     0.00000000   0.00382699
  0.00000000   0.01359000     0.00000000   0.01067736     0.01592848  -0.00000000
    3    2
  0.00303790  -0.00303791     0.00570908  -0.00570908    -0.00227685  -0.00227685
  0.00570908  -0.00570908     0.01760877  -0.01760877    -0.00778382  -0.00778381
 -0.00227685  -0.00227685    -0.00778382  -0.00778381    -0.01125876   0.01125877
    3    3
  0.07427466  -0.00000000     0.00130128   0.00000000    -0.00000000   0.00800393
  0.00130128  -0.00000000     0.07278525  -0.00000000    -0.00000000   0.00527130
  0.00000000  -0.00800393    -0.00000000  -0.00527130     0.03819667  -0.00000000
    3    4
 -0.01965103   0.00000000     0.03168680  -0.00000000    -0.00000000   0.00552002
  0.05380253  -0.00000000    -0.01965103   0.00000000    -0.00000000   0.00621404
 -0.00000000  -0.00621404     0.00000000  -0.00552002    -0.00155558   0.00000000
    3    5
  0.01927552  -0.01927553     0.02451234  -0.02451234     0.00389122   0.00389122
  0.02879738  -0.02879739     0.01927552  -0.01927553    -0.00569761  -0.00569761
 -0.00569761  -0.00569761     0.00389122   0.00389122     0.01225502  -0.01225502
    3    6
 -0.01867308   0.00545273    -0.00786796   0.00548943     0.01244978  -0.00636434
 -0.00347078   0.00951104    -0.00676475  -0.00510664     0.00544031  -0.00471393
  0.02661587   0.00374548     0.00177803  -0.00806041    -0.01332088   0.00686780
    3    7
 -0.01705952   0.00934821    -0.00944510   0.00168188    -0.01330359   0.00430306
 -0.00917954  -0.00427111    -0.00117246   0.00839434    -0.00718013   0.00051362
 -0.01617181   0.02146872    -0.00695683  -0.00444231    -0.01427555   0.00456301
    4    1
 -0.01919760   0.00000000    -0.02633425   0.00000000     0.00000000   0.00382699
  0.00895041  -0.00000000     0.02340416  -0.00000000     0.00000000   0.00617073
  0.00000000   0.01067736     0.00000000   0.01359000     0.01592848  -0.00000000
    4    2
  0.01927552  -0.01927553     0.02879738  -0.02879739    -0.00569761  -0.00569761
  0.02451234  -0.02451234     0.01927552  -0.01927553     0.00389122   0.00389122
  0.00389122   0.00389122    -0.00569761  -0.00569761     0.01225502  -0.01225502
    4    3
 -0.01965103  -0.00000000     0.05380253   0.00000000    -0.00000000   0.00621404
  0.03168680   0.00000000    -0.01965103  -0.00000000    -0.00000000   0.00552002
 -0.00000000  -0.00552002     0.00000000  -0.00621404    -0.00155558  -0.00000000
    4    4
  0.07278525  -0.00000000     0.00130128  -0.00000000    -0.00000000   0.00527130
  0.00130128  -0.00000000     0.07427466  -0.00000000    -0.00000000   0.00800393
  0.00000000  -0.00527130    -0.00000000  -0.00800393     0.03819667   0.00000000
    4    5
  0.01760877  -0.01760877     0.00570908  -0.00570908    -0.00778382  -0.00778381
  0.00570908  -0.00570908     0.00303790  -0.00303791    -0.00227685  -0.00227685
 -0.00778382  -0.00778381    -0.00227685  -0.00227685    -0.01125876   0.01125877
    4    6
 -0.00117246   0.00839434    -0.00917954  -0.00427111    -0.00718013   0.00051362
 -0.00944510   0.00168188    -0.01705952   0.00934821    -0.01330359   0.00430306
 -0.00695683  -0.00444231    -0.01617181   0.02146872    -0.01427555   0.00456301
    4    7
 -0.00676475  -0.00510664    -0.00347078   0.00951104     0.00544031  -0.00471393
 -0.00786796   0.00548943    -0.01867308   0.00545273     0.01244978  -0.00636434
  0.00177803  -0.00806041     0.02661587   0.00374548    -0.01332088   0.00686780
    5    1
  0.01357475   0.01357476     0.01862112   0.01862113    -0.00270609   0.00270609
 -0.00632889  -0.00632889    -0.01654924  -0.01654924    -0.00436336   0.00436336
 -0.00755004   0.00755003    -0.00960958   0.00960958    -0.01126313  -0.01126313
    5    2
 -0.01965103   0.00000000     0.05380253   0.00000000     0.00000000  -0.00621404
  0.03168680   0.00000000    -0.01965103   0.00000000     0.00000000  -0.00552002
  0.00000000   0.00552002     0.00000000   0.00621404    -0.00155558   0.00000000
    5    3
  0.01927552   0.01927553     0.02879738   0.02879739    -0.00569761   0.00569761
  0.02451234   0.02451234     0.01927552   0.01927553     0.00389122  -0.00389122
  0.00389122  -0.00389122    -0.00569761   0.00569761     0.01225502   0.01225502
    5    4
  0.01760877   0.01760877     0.00570908   0.00570908    -0.00778382   0.00778381
  0.00570908   0.00570908     0.00303790   0.00303791    -0.00227685   0.00227685
 -0.00778382   0.00778381    -0.00227685   0.00227685    -0.01125876  -0.01125877
    5    5
  0.07278525   0.00000000     0.00130128   0.00000000    -0.00000000  -0.00527130
  0.00130128   0.00000000     0.07427466   0.00000000    -0.00000000  -0.00800393
  0.00000000   0.00527130     0.00000000   0.00800393     0.03819667  -0.00000000
    5    6
 -0.00676475   0.00510664    -0.00347078  -0.00951104     0.00544031   0.00471393
 -0.00786796  -0.00548943    -0.01867308  -0.00545273     0.01244978   0.00636434
  0.00177803   0.00806041     0.02661587  -0.00374548    -0.01332088  -0.00686780
    5    7
 -0.00117246  -0.00839434    -0.00917954   0.00427111    -0.00718013  -0.00051362
 -0.00944510  -0.00168188    -0.01705952  -0.00934821    -0.01330359  -0.00430306
 -0.00695683   0.00444231    -0.01617181  -0.02146872    -0.01427555  -0.00456301
    6    1
  0.00000000  -0.00000000     0.00000000  -0.00000000     0.01886018   0.00454122
 -0.00000000  -0.00000000    -0.00000000  -0.00000000    -0.01654729  -0.01012504
  0.01517335  -0.01808001     0.00205532  -0.02351367     0.00000000  -0.00000000
    6    2
 -0.01705952   0.00934821    -0.00917954  -0.00427111    -0.01617181   0.02146872
 -0.00944510   0.00168188    -0.00117246   0.00839434    -0.00695683  -0.00444231
 -0.01330359   0.00430306    -0.00718013   0.00051362    -0.01427555   0.00456301
    6    3
 -0.01867308  -0.00545273    -0.00347078  -0.00951104     0.02661587  -0.00374548
 -0.00786796  -0.00548943    -0.00676475   0.00510664     0.00177803   0.00806041
  0.01244978   0.00636434     0.00544031   0.00471393    -0.01332088  -0.00686780
    6    4
 -0.00117246  -0.00839434    -0.00944510  -0.00168188    -0.00695683   0.00444231
 -0.00917954   0.00427111    -0.01705952  -0.00934821    -0.01617181  -0.02146872
 -0.00718013  -0.00051362    -0.01330359  -0.00430306    -0.01427555  -0.00456301
    6    5
 -0.00676475  -0.00510664    -0.00786796   0.00548943     0.00177803  -0.00806041
 -0.00347078   0.00951104    -0.01867308   0.00545273     0.02661587   0.00374548
  0.00544031  -0.00471393     0.01244978  -0.00636434    -0.01332088   0.00686780
    6    6
  0.04652985   0.00000000    -0.00204711  -0.00483919    -0.00000000   0.00000000
 -0.00204711   0.00483919     0.04652985  -0.00000000    -0.00000000   0.00000000
 -0.00000000   0.00000000    -0.00000000   0.00000000     0.04314763   0.00000000
    6    7
 -0.00647155   0.01303490    -0.00378300  -0.00000000    -0.00000000   0.00000000
 -0.00378300   0.00000000    -0.00647155  -0.01303490    -0.00000000   0.00000000
 -0.00000000   0.00000000    -0.00000000   0.00000000     0.01868509   0.00000000
    7    1
 -0.00000000  -0.00000000    -0.00000000  -0.00000000    -0.01654729  -0.01012504
  0.00000000  -0.00000000     0.00000000  -0.00000000     0.01886018   0.00454122
  0.00205532  -0.02351367     0.01517335  -0.01808001     0.00000000  -0.00000000
    7    2
 -0.01867308   0.00545273    -0.00347078   0.00951104     0.02661587   0.00374548
 -0.00786796   0.00548943    -0.00676475  -0.00510664     0.00177803  -0.00806041
  0.01244978  -0.00636434     0.00544031  -0.00471393    -0.01332088   0.00686780
    7    3
 -0.01705952  -0.00934821    -0.00917954   0.00427111    -0.01617181  -0.02146872
 -0.00944510  -0.00168188    -0.00117246  -0.00839434    -0.00695683   0.00444231
 -0.01330359  -0.00430306    -0.00718013  -0.00051362    -0.01427555  -0.00456301
    7    4
 -0.00676475   0.00510664    -0.00786796  -0.00548943     0.00177803   0.00806041
 -0.00347078  -0.00951104    -0.01867308  -0.00545273     0.02661587  -0.00374548
  0.00544031   0.00471393     0.01244978   0.00636434    -0.01332088  -0.00686780
    7    5
 -0.00117246   0.00839434    -0.00944510   0.00168188    -0.00695683  -0.00444231
 -0.00917954  -0.00427111    -0.01705952   0.00934821    -0.01617181   0.02146872
 -0.00718013   0.00051362    -0.01330359   0.00430306    -0.01427555   0.00456301
    7    6
 -0.00647155  -0.01303490    -0.00378300   0.00000000    -0.00000000   0.00000000
 -0.00378300   0.00000000    -0.00647155   0.01303490    -0.00000000   0.00000000
 -0.00000000   0.00000000    -0.00000000   0.00000000     0.01868509   0.00000000
    7    7
  0.04652985  -0.00000000    -0.00204711   0.00483919    -0.00000000   0.00000000
 -0.00204711  -0.00483919     0.04652985   0.00000000    -0.00000000   0.00000000
 -0.00000000   0.00000000    -0.00000000   0.00000000     0.04314763   0.00000000

     Dynamical  Matrix in cartesian axes

     q = (    0.433012700   0.433012700  -0.216506400 ) 

    1    1
  0.11748945   0.00000000     0.04040338   0.00000000    -0.00000000   0.00000000
  0.04040338   0.00000000     0.11748945   0.00000000    -0.00000000   0.00000000
 -0.00000000   0.00000000    -0.00000000   0.00000000     0.06386306   0.00000000
    1    2
 -0.01654924  -0.01654924     0.01862112   0.01862113    -0.00960958   0.00960958
 -0.00632889  -0.00632889     0.01357475   0.01357476    -0.00755004   0.00755003
 -0.00436336   0.00436336    -0.00270609   0.00270609    -0.01126313  -0.01126314
    1    3
  0.02340416   0.00000000    -0.02633425  -0.00000000    -0.00000000   0.01359000
  0.00895041   0.00000000    -0.01919760  -0.00000000    -0.00000000   0.01067736
 -0.00000000   0.00617073    -0.00000000   0.00382699     0.01592848   0.00000000
    1    4
 -0.01919760  -0.00000000     0.00895041   0.00000000    -0.00000000   0.01067736
 -0.02633425  -0.00000000     0.02340416   0.00000000    -0.00000000   0.01359000
 -0.00000000   0.00382699    -0.00000000   0.00617073     0.01592848   0.00000000
    1    5
  0.01357475   0.01357476    -0.00632889  -0.00632889    -0.00755004   0.00755003
  0.01862112   0.01862113    -0.01654924  -0.01654924    -0.00960958   0.00960958
 -0.00270609   0.00270609    -0.00436336   0.00436336    -0.01126313  -0.01126314
    1    6
 -0.00000000   0.00000000     0.00000000   0.00000000     0.01517335  -0.01808001
 -0.00000000   0.00000000     0.00000000   0.00000000     0.00205532  -0.02351367
  0.01886018   0.00454122    -0.01654729  -0.01012504    -0.00000000   0.00000000
    1    7
  0.00000000   0.00000000    -0.00000000   0.00000000     0.00205532  -0.02351367
  0.00000000   0.00000000    -0.00000000   0.00000000     0.01517335  -0.01808001
 -0.01654729  -0.01012504     0.01886018   0.00454122    -0.00000000   0.00000000
    2    1
 -0.01654924   0.01654924    -0.00632889   0.00632889    -0.00436336  -0.00436336
  0.01862112  -0.01862113     0.01357475  -0.01357476    -0.00270609  -0.00270609
 -0.00960958  -0.00960958    -0.00755004  -0.00755003    -0.01126313   0.01126314
    2    2
  0.07427466  -0.00000000     0.00130128   0.00000000    -0.00000000   0.00800393
  0.00130128  -0.00000000     0.07278525  -0.00000000    -0.00000000   0.00527130
 -0.00000000  -0.00800393     0.00000000  -0.00527130     0.03819667  -0.00000000
    2    3
  0.00303790  -0.00303791     0.00570908  -0.00570908    -0.00227685  -0.00227685
  0.00570908  -0.00570908     0.01760877  -0.01760877    -0.00778382  -0.00778381
 -0.00227685  -0.00227685    -0.00778382  -0.00778381    -0.01125876   0.01125877
    2    4
  0.01927552  -0.01927553     0.02451234  -0.02451234     0.00389122   0.00389122
  0.02879738  -0.02879739     0.01927552  -0.01927553    -0.00569761  -0.00569761
 -0.00569761  -0.00569761     0.00389122   0.00389122     0.01225502  -0.01225502
    2    5
 -0.01965103   0.00000000     0.03168680   0.00000000    -0.00000000   0.00552002
  0.05380253   0.00000000    -0.01965103   0.00000000    -0.00000000   0.00621404
  0.00000000  -0.00621404    -0.00000000  -0.00552002    -0.00155558   0.00000000
    2    6
 -0.01705952   0.00934821    -0.00944510   0.00168188    -0.01330359   0.00430306
 -0.00917954  -0.00427111    -0.00117246   0.00839434    -0.00718013   0.00051362
 -0.01617181   0.02146872    -0.00695683  -0.00444231    -0.01427555   0.00456301
    2    7
 -0.01867308   0.00545273    -0.00786796   0.00548943     0.01244978  -0.00636434
 -0.00347078   0.00951104    -0.00676475  -0.00510664     0.00544031  -0.00471393
  0.02661587   0.00374548     0.00177803  -0.00806041    -0.01332088   0.00686780
    3    1
  0.02340416  -0.00000000     0.00895041  -0.00000000    -0.00000000  -0.00617073
 -0.02633425   0.00000000    -0.01919760   0.00000000    -0.00000000  -0.00382699
 -0.00000000  -0.01359000    -0.00000000  -0.01067736     0.01592848  -0.00000000
    3    2
  0.00303790   0.00303791     0.00570908   0.00570908    -0.00227685   0.00227685
  0.00570908   0.00570908     0.01760877   0.01760877    -0.00778382   0.00778381
 -0.00227685   0.00227685    -0.00778382   0.00778381    -0.01125876  -0.01125877
    3    3
  0.07427466   0.00000000     0.00130128   0.00000000    -0.00000000  -0.00800393
  0.00130128   0.00000000     0.07278525  -0.00000000    -0.00000000  -0.00527130
 -0.00000000   0.00800393    -0.00000000   0.00527130     0.03819667   0.00000000
    3    4
 -0.01965103  -0.00000000     0.03168680   0.00000000     0.00000000  -0.00552002
  0.05380253   0.00000000    -0.01965103  -0.00000000     0.00000000  -0.00621404
 -0.00000000   0.00621404     0.00000000   0.00552002    -0.00155558  -0.00000000
    3    5
  0.01927552   0.01927553     0.02451234   0.02451234     0.00389122  -0.00389122
  0.02879738   0.02879739     0.01927552   0.01927553    -0.00569761   0.00569761
 -0.00569761   0.00569761     0.00389122  -0.00389122     0.01225502   0.01225502
    3    6
 -0.01867308  -0.00545273    -0.00786796  -0.00548943     0.01244978   0.00636434
 -0.00347078  -0.00951104    -0.00676475   0.00510664     0.00544031   0.00471393
  0.02661587  -0.00374548     0.00177803   0.00806041    -0.01332088  -0.00686780
    3    7
 -0.01705952  -0.00934821    -0.00944510  -0.00168188    -0.01330359  -0.00430306
 -0.00917954   0.00427111    -0.00117246  -0.00839434    -0.00718013  -0.00051362
 -0.01617181  -0.02146872    -0.00695683   0.00444231    -0.01427555  -0.00456301
    4    1
 -0.01919760   0.00000000    -0.02633425   0.00000000    -0.00000000  -0.00382699
  0.00895041  -0.00000000     0.02340416  -0.00000000    -0.00000000  -0.00617073
 -0.00000000  -0.01067736    -0.00000000  -0.01359000     0.01592848  -0.00000000
    4    2
  0.01927552   0.01927553     0.02879738   0.02879739    -0.00569761   0.00569761
  0.02451234   0.02451234     0.01927552   0.01927553     0.00389122  -0.00389122
  0.00389122  -0.00389122    -0.00569761   0.00569761     0.01225502   0.01225502
    4    3
 -0.01965103   0.00000000     0.05380253  -0.00000000     0.00000000  -0.00621404
  0.03168680  -0.00000000    -0.01965103   0.00000000     0.00000000  -0.00552002
  0.00000000   0.00552002     0.00000000   0.00621404    -0.00155558   0.00000000
    4    4
  0.07278525  -0.00000000     0.00130128  -0.00000000    -0.00000000  -0.00527130
  0.00130128   0.00000000     0.07427466   0.00000000    -0.00000000  -0.00800393
 -0.00000000   0.00527130    -0.00000000   0.00800393     0.03819667  -0.00000000
    4    5
  0.01760877   0.01760877     0.00570908   0.00570908    -0.00778382   0.00778381
  0.00570908   0.00570908     0.00303790   0.00303791    -0.00227685   0.00227685
 -0.00778382   0.00778381    -0.00227685   0.00227685    -0.01125876  -0.01125877
    4    6
 -0.00117246  -0.00839434    -0.00917954   0.00427111    -0.00718013  -0.00051362
 -0.00944510  -0.00168188    -0.01705952  -0.00934821    -0.01330359  -0.00430306
 -0.00695683   0.00444231    -0.01617181  -0.02146872    -0.01427555  -0.00456301
    4    7
 -0.00676475   0.00510664    -0.00347078  -0.00951104     0.00544031   0.00471393
 -0.00786796  -0.00548943    -0.01867308  -0.00545273     0.01244978   0.00636434
  0.00177803   0.00806041     0.02661587  -0.00374548    -0.01332088  -0.00686780
    5    1
  0.01357475  -0.01357476     0.01862112  -0.01862113    -0.00270609  -0.00270609
 -0.00632889   0.00632889    -0.01654924   0.01654924    -0.00436336  -0.00436336
 -0.00755004  -0.00755003    -0.00960958  -0.00960958    -0.01126313   0.01126314
    5    2
 -0.01965103  -0.00000000     0.05380253  -0.00000000    -0.00000000   0.00621404
  0.03168680   0.00000000    -0.01965103   0.00000000    -0.00000000   0.00552002
  0.00000000  -0.00552002     0.00000000  -0.00621404    -0.00155558   0.00000000
    5    3
  0.01927552  -0.01927553     0.02879738  -0.02879739    -0.00569761  -0.00569761
  0.02451234  -0.02451234     0.01927552  -0.01927553     0.00389122   0.00389122
  0.00389122   0.00389122    -0.00569761  -0.00569761     0.01225502  -0.01225502
    5    4
  0.01760877  -0.01760877     0.00570908  -0.00570908    -0.00778382  -0.00778381
  0.00570908  -0.00570908     0.00303790  -0.00303791    -0.00227685  -0.00227685
 -0.00778382  -0.00778381    -0.00227685  -0.00227685    -0.01125876   0.01125877
    5    5
  0.07278525  -0.00000000     0.00130128  -0.00000000    -0.00000000   0.00527130
  0.00130128  -0.00000000     0.07427466  -0.00000000    -0.00000000   0.00800393
  0.00000000  -0.00527130     0.00000000  -0.00800393     0.03819667   0.00000000
    5    6
 -0.00676475  -0.00510664    -0.00347078   0.00951104     0.00544031  -0.00471393
 -0.00786796   0.00548943    -0.01867308   0.00545273     0.01244978  -0.00636434
  0.00177803  -0.00806041     0.02661587   0.00374548    -0.01332088   0.00686780
    5    7
 -0.00117246   0.00839434    -0.00917954  -0.00427111    -0.00718013   0.00051362
 -0.00944510   0.00168188    -0.01705952   0.00934821    -0.01330359   0.00430306
 -0.00695683  -0.00444231    -0.01617181   0.02146872    -0.01427555   0.00456301
    6    1
 -0.00000000  -0.00000000    -0.00000000  -0.00000000     0.01886018  -0.00454122
  0.00000000  -0.00000000     0.00000000  -0.00000000    -0.01654729   0.01012504
  0.01517335   0.01808001     0.00205532   0.02351367    -0.00000000  -0.00000000
    6    2
 -0.01705952  -0.00934821    -0.00917954   0.00427111    -0.01617181  -0.02146872
 -0.00944510  -0.00168188    -0.00117246  -0.00839434    -0.00695683   0.00444231
 -0.01330359  -0.00430306    -0.00718013  -0.00051362    -0.01427555  -0.00456301
    6    3
 -0.01867308   0.00545273    -0.00347078   0.00951104     0.02661587   0.00374548
 -0.00786796   0.00548943    -0.00676475  -0.00510664     0.00177803  -0.00806041
  0.01244978  -0.00636434     0.00544031  -0.00471393    -0.01332088   0.00686780
    6    4
 -0.00117246   0.00839434    -0.00944510   0.00168188    -0.00695683  -0.00444231
 -0.00917954  -0.00427111    -0.01705952   0.00934821    -0.01617181   0.02146872
 -0.00718013   0.00051362    -0.01330359   0.00430306    -0.01427555   0.00456301
    6    5
 -0.00676475   0.00510664    -0.00786796  -0.00548943     0.00177803   0.00806041
 -0.00347078  -0.00951104    -0.01867308  -0.00545273     0.02661587  -0.00374548
  0.00544031   0.00471393     0.01244978   0.00636434    -0.01332088  -0.00686780
    6    6
  0.04652985  -0.00000000    -0.00204711   0.00483919    -0.00000000  -0.00000000
 -0.00204711  -0.00483919     0.04652985   0.00000000    -0.00000000  -0.00000000
 -0.00000000   0.00000000    -0.00000000   0.00000000     0.04314763   0.00000000
    6    7
 -0.00647155  -0.01303490    -0.00378300   0.00000000    -0.00000000   0.00000000
 -0.00378300   0.00000000    -0.00647155   0.01303490    -0.00000000   0.00000000
 -0.00000000   0.00000000    -0.00000000   0.00000000     0.01868509   0.00000000
    7    1
  0.00000000  -0.00000000     0.00000000  -0.00000000    -0.01654729   0.01012504
 -0.00000000  -0.00000000    -0.00000000  -0.00000000     0.01886018  -0.00454122
  0.00205532   0.02351367     0.01517335   0.01808001    -0.00000000  -0.00000000
    7    2
 -0.01867308  -0.00545273    -0.00347078  -0.00951104     0.02661587  -0.00374548
 -0.00786796  -0.00548943    -0.00676475   0.00510664     0.00177803   0.00806041
  0.01244978   0.00636434     0.00544031   0.00471393    -0.01332088  -0.00686780
    7    3
 -0.01705952   0.00934821    -0.00917954  -0.00427111    -0.01617181   0.02146872
 -0.00944510   0.00168188    -0.00117246   0.00839434    -0.00695683  -0.00444231
 -0.01330359   0.00430306    -0.00718013   0.00051362    -0.01427555   0.00456301
    7    4
 -0.00676475  -0.00510664    -0.00786796   0.00548943     0.00177803  -0.00806041
 -0.00347078   0.00951104    -0.01867308   0.00545273     0.02661587   0.00374548
  0.00544031  -0.00471393     0.01244978  -0.00636434    -0.01332088   0.00686780
    7    5
 -0.00117246  -0.00839434    -0.00944510  -0.00168188    -0.00695683   0.00444231
 -0.00917954   0.00427111    -0.01705952  -0.00934821    -0.01617181  -0.02146872
 -0.00718013  -0.00051362    -0.01330359  -0.00430306    -0.01427555  -0.00456301
    7    6
 -0.00647155   0.01303490    -0.00378300  -0.00000000    -0.00000000   0.00000000
 -0.00378300   0.00000000    -0.00647155  -0.01303490    -0.00000000   0.00000000
 -0.00000000   0.00000000    -0.00000000   0.00000000     0.01868509   0.00000000
    7    7
  0.04652985   0.00000000    -0.00204711  -0.00483919    -0.00000000   0.00000000
 -0.00204711   0.00483919     0.04652985  -0.00000000    -0.00000000   0.00000000
 -0.00000000  -0.00000000    -0.00000000  -0.00000000     0.04314763   0.00000000

     Dynamical  Matrix in cartesian axes

     q = (    0.433012700  -0.433012700   0.216506400 ) 

    1    1
  0.11748945   0.00000000    -0.04040338   0.00000000    -0.00000000   0.00000000
 -0.04040338   0.00000000     0.11748945   0.00000000    -0.00000000   0.00000000
 -0.00000000   0.00000000    -0.00000000   0.00000000     0.06386306   0.00000000
    1    2
 -0.01654924   0.01654924    -0.01862112   0.01862113    -0.00960958  -0.00960958
  0.00632889  -0.00632889     0.01357475  -0.01357476     0.00755004   0.00755003
 -0.00436336  -0.00436336     0.00270609   0.00270609    -0.01126313   0.01126313
    1    3
 -0.02340416   0.00000000    -0.02633425   0.00000000     0.00000000   0.01359000
  0.00895041  -0.00000000     0.01919760  -0.00000000    -0.00000000  -0.01067736
  0.00000000   0.00617073    -0.00000000  -0.00382699    -0.01592848   0.00000000
    1    4
  0.01919760   0.00000000     0.00895041   0.00000000     0.00000000  -0.01067736
 -0.02633425  -0.00000000    -0.02340416  -0.00000000    -0.00000000   0.01359000
  0.00000000  -0.00382699    -0.00000000   0.00617073    -0.01592848  -0.00000000
    1    5
  0.01357475  -0.01357476     0.00632889  -0.00632889     0.00755004   0.00755003
 -0.01862112   0.01862113    -0.01654924   0.01654924    -0.00960958  -0.00960958
  0.00270609   0.00270609    -0.00436336  -0.00436336    -0.01126313   0.01126314
    1    6
 -0.00000000  -0.00000000    -0.00000000   0.00000000    -0.01517335  -0.01808001
  0.00000000   0.00000000     0.00000000  -0.00000000     0.00205532   0.02351367
 -0.01886018   0.00454122    -0.01654729   0.01012504    -0.00000000  -0.00000000
    1    7
 -0.00000000   0.00000000    -0.00000000  -0.00000000     0.00205532   0.02351367
  0.00000000  -0.00000000     0.00000000   0.00000000    -0.01517335  -0.01808001
 -0.01654729   0.01012504    -0.01886018   0.00454122     0.00000000   0.00000000
    2    1
 -0.01654924  -0.01654924     0.00632889   0.00632889    -0.00436336   0.00436336
 -0.01862112  -0.01862113     0.01357475   0.01357476     0.00270609  -0.00270609
 -0.00960958   0.00960958     0.00755004  -0.00755003    -0.01126313  -0.01126313
    2    2
  0.07427466  -0.00000000    -0.00130128   0.00000000    -0.00000000  -0.00800393
 -0.00130128  -0.00000000     0.07278525  -0.00000000    -0.00000000   0.00527130
  0.00000000   0.00800393     0.00000000  -0.00527130     0.03819667  -0.00000000
    2    3
 -0.00303790  -0.00303791     0.00570908   0.00570908     0.00227685  -0.00227685
  0.00570908   0.00570908    -0.01760877  -0.01760877    -0.00778382   0.00778381
  0.00227685  -0.00227685    -0.00778382   0.00778381     0.01125876   0.01125877
    2    4
 -0.01389537  -0.01389538    -0.02240595  -0.02240595     0.00390324  -0.00390324
 -0.03804413  -0.03804414    -0.01389537  -0.01389538    -0.00439399   0.00439399
 -0.00439399   0.00439399     0.00390324  -0.00390324    -0.00109996  -0.00109996
    2    5
 -0.02725971   0.00000000     0.03466568  -0.00000000     0.00000000   0.00550301
  0.04072565  -0.00000000    -0.02725971   0.00000000     0.00000000   0.00805764
 -0.00000000  -0.00805764    -0.00000000  -0.00550301    -0.01733122   0.00000000
    2    6
  0.01705952   0.00934821    -0.00944510  -0.00168188     0.01330359   0.00430306
 -0.00917954   0.00427111     0.00117246   0.00839434    -0.00718013  -0.00051362
  0.01617181   0.02146872    -0.00695683   0.00444231     0.01427555   0.00456301
    2    7
 -0.01867308  -0.00545273     0.00786796   0.00548943     0.01244978   0.00636434
  0.00347078   0.00951104    -0.00676475   0.00510664    -0.00544031  -0.00471393
  0.02661587  -0.00374548    -0.00177803  -0.00806041    -0.01332088  -0.00686780
    3    1
 -0.02340416  -0.00000000     0.00895041   0.00000000     0.00000000  -0.00617073
 -0.02633425  -0.00000000     0.01919760   0.00000000    -0.00000000   0.00382699
  0.00000000  -0.01359000    -0.00000000   0.01067736    -0.01592848  -0.00000000
    3    2
 -0.00303790   0.00303791     0.00570908  -0.00570908     0.00227685   0.00227685
  0.00570908  -0.00570908    -0.01760877   0.01760877    -0.00778382  -0.00778381
  0.00227685   0.00227685    -0.00778382  -0.00778381     0.01125876  -0.01125877
    3    3
  0.07427466   0.00000000    -0.00130128  -0.00000000    -0.00000000   0.00800393
 -0.00130128   0.00000000     0.07278525  -0.00000000    -0.00000000  -0.00527130
  0.00000000  -0.00800393    -0.00000000   0.00527130     0.03819667  -0.00000000
    3    4
 -0.02725971  -0.00000000     0.03466568   0.00000000     0.00000000  -0.00550301
  0.04072565   0.00000000    -0.02725971  -0.00000000     0.00000000  -0.00805764
 -0.00000000   0.00805764    -0.00000000   0.00550301    -0.01733122  -0.00000000
    3    5
 -0.01389537   0.01389538    -0.02240595   0.02240595     0.00390324   0.00390324
 -0.03804413   0.03804414    -0.01389537   0.01389538    -0.00439399  -0.00439399
 -0.00439399  -0.00439399     0.00390324   0.00390324    -0.00109996   0.00109996
    3    6
 -0.01867308   0.00545273     0.00786796  -0.00548943     0.01244978  -0.00636434
  0.00347078  -0.00951104    -0.00676475  -0.00510664    -0.00544031   0.00471393
  0.02661587   0.00374548    -0.00177803   0.00806041    -0.01332088   0.00686780
    3    7
  0.01705952  -0.00934821    -0.00944510   0.00168188     0.01330359  -0.00430306
 -0.00917954  -0.00427111     0.00117246  -0.00839434    -0.00718013   0.00051362
  0.01617181  -0.02146872    -0.00695683  -0.00444231     0.01427555  -0.00456301
    4    1
  0.01919760  -0.00000000    -0.02633425   0.00000000     0.00000000   0.00382699
  0.00895041  -0.00000000    -0.02340416   0.00000000    -0.00000000  -0.00617073
  0.00000000   0.01067736    -0.00000000  -0.01359000    -0.01592848   0.00000000
    4    2
 -0.01389537   0.01389538    -0.03804413   0.03804414    -0.00439399  -0.00439399
 -0.02240595   0.02240595    -0.01389537   0.01389538     0.00390324   0.00390324
  0.00390324   0.00390324    -0.00439399  -0.00439399    -0.00109996   0.00109996
    4    3
 -0.02725971   0.00000000     0.04072565  -0.00000000    -0.00000000  -0.00805764
  0.03466568  -0.00000000    -0.02725971   0.00000000    -0.00000000  -0.00550301
  0.00000000   0.00550301     0.00000000   0.00805764    -0.01733122   0.00000000
    4    4
  0.07278525  -0.00000000    -0.00130128   0.00000000    -0.00000000  -0.00527130
 -0.00130128  -0.00000000     0.07427466   0.00000000    -0.00000000   0.00800393
  0.00000000   0.00527130     0.00000000  -0.00800393     0.03819667  -0.00000000
    4    5
 -0.01760877   0.01760877     0.00570908  -0.00570908    -0.00778382  -0.00778381
  0.00570908  -0.00570908    -0.00303790   0.00303791     0.00227685   0.00227685
 -0.00778382  -0.00778381     0.00227685   0.00227685     0.01125876  -0.01125877
    4    6
  0.00117246  -0.00839434    -0.00917954  -0.00427111    -0.00718013   0.00051363
 -0.00944510   0.00168188     0.01705952  -0.00934821     0.01330359  -0.00430306
 -0.00695683  -0.00444231     0.01617181  -0.02146872     0.01427555  -0.00456301
    4    7
 -0.00676475  -0.00510664     0.00347078  -0.00951104    -0.00544031   0.00471393
  0.00786796  -0.00548943    -0.01867308   0.00545273     0.01244978  -0.00636434
 -0.00177803   0.00806041     0.02661587   0.00374548    -0.01332088   0.00686780
    5    1
  0.01357475   0.01357476    -0.01862112  -0.01862113     0.00270609  -0.00270609
  0.00632889   0.00632889    -0.01654924  -0.01654924    -0.00436336   0.00436336
  0.00755004  -0.00755003    -0.00960958   0.00960958    -0.01126313  -0.01126314
    5    2
 -0.02725971  -0.00000000     0.04072565   0.00000000    -0.00000000   0.00805764
  0.03466568   0.00000000    -0.02725971  -0.00000000    -0.00000000   0.00550301
  0.00000000  -0.00550301     0.00000000  -0.00805764    -0.01733122  -0.00000000
    5    3
 -0.01389537  -0.01389538    -0.03804413  -0.03804414    -0.00439399   0.00439399
 -0.02240595  -0.02240595    -0.01389537  -0.01389538     0.00390324  -0.00390324
  0.00390324  -0.00390324    -0.00439399   0.00439399    -0.00109996  -0.00109996
    5    4
 -0.01760877  -0.01760877     0.00570908   0.00570908    -0.00778382   0.00778381
  0.00570908   0.00570908    -0.00303790  -0.00303791     0.00227685  -0.00227685
 -0.00778382   0.00778381     0.00227685  -0.00227685     0.01125876   0.01125877
    5    5
  0.07278525  -0.00000000    -0.00130128  -0.00000000    -0.00000000   0.00527130
 -0.00130128   0.00000000     0.07427466   0.00000000    -0.00000000  -0.00800393
  0.00000000  -0.00527130    -0.00000000   0.00800393     0.03819667  -0.00000000
    5    6
 -0.00676475   0.00510664     0.00347078   0.00951104    -0.00544031  -0.00471393
  0.00786796   0.00548943    -0.01867308  -0.00545273     0.01244978   0.00636434
 -0.00177803  -0.00806041     0.02661587  -0.00374548    -0.01332088  -0.00686780
    5    7
  0.00117246   0.00839434    -0.00917954   0.00427111    -0.00718013  -0.00051363
 -0.00944510  -0.00168188     0.01705952   0.00934821     0.01330359   0.00430306
 -0.00695683   0.00444231     0.01617181   0.02146872     0.01427555   0.00456301
    6    1
 -0.00000000   0.00000000     0.00000000  -0.00000000    -0.01886018  -0.00454122
 -0.00000000  -0.00000000     0.00000000   0.00000000    -0.01654729  -0.01012504
 -0.01517335   0.01808001     0.00205532  -0.02351367    -0.00000000   0.00000000
    6    2
  0.01705952  -0.00934821    -0.00917954  -0.00427111     0.01617181  -0.02146872
 -0.00944510   0.00168188     0.00117246  -0.00839434    -0.00695683  -0.00444231
  0.01330359  -0.00430306    -0.00718013   0.00051362     0.01427555  -0.00456301
    6    3
 -0.01867308  -0.00545273     0.00347078   0.00951104     0.02661587  -0.00374548
  0.00786796   0.00548943    -0.00676475   0.00510664    -0.00177803  -0.00806041
  0.01244978   0.00636434    -0.00544031  -0.00471393    -0.01332088  -0.00686780
    6    4
  0.00117246   0.00839434    -0.00944510  -0.00168188    -0.00695683   0.00444231
 -0.00917954   0.00427111     0.01705952   0.00934821     0.01617181   0.02146872
 -0.00718013  -0.00051363     0.01330359   0.00430306     0.01427555   0.00456301
    6    5
 -0.00676475  -0.00510664     0.00786796  -0.00548943    -0.00177803   0.00806041
  0.00347078  -0.00951104    -0.01867308   0.00545273     0.02661587   0.00374548
 -0.00544031   0.00471393     0.01244978  -0.00636434    -0.01332088   0.00686780
    6    6
  0.04652985   0.00000000     0.00204711   0.00483919    -0.00000000   0.00000000
  0.00204711  -0.00483919     0.04652985  -0.00000000    -0.00000000   0.00000000
 -0.00000000   0.00000000    -0.00000000   0.00000000     0.04314763   0.00000000
    6    7
  0.00647155  -0.01303490    -0.00378300  -0.00000000     0.00000000   0.00000000
 -0.00378300  -0.00000000     0.00647155   0.01303490     0.00000000   0.00000000
  0.00000000   0.00000000     0.00000000   0.00000000    -0.01868509  -0.00000000
    7    1
 -0.00000000  -0.00000000     0.00000000   0.00000000    -0.01654729  -0.01012504
 -0.00000000   0.00000000     0.00000000  -0.00000000    -0.01886018  -0.00454122
  0.00205532  -0.02351367    -0.01517335   0.01808001     0.00000000  -0.00000000
    7    2
 -0.01867308   0.00545273     0.00347078  -0.00951104     0.02661587   0.00374548
  0.00786796  -0.00548943    -0.00676475  -0.00510664    -0.00177803   0.00806041
  0.01244978  -0.00636434    -0.00544031   0.00471393    -0.01332088   0.00686780
    7    3
  0.01705952   0.00934821    -0.00917954   0.00427111     0.01617181   0.02146872
 -0.00944510  -0.00168188     0.00117246   0.00839434    -0.00695683   0.00444231
  0.01330359   0.00430306    -0.00718013  -0.00051362     0.01427555   0.00456301
    7    4
 -0.00676475   0.00510664     0.00786796   0.00548943    -0.00177803  -0.00806041
  0.00347078   0.00951104    -0.01867308  -0.00545273     0.02661587  -0.00374548
 -0.00544031  -0.00471393     0.01244978   0.00636434    -0.01332088  -0.00686780
    7    5
  0.00117246  -0.00839434    -0.00944510   0.00168188    -0.00695683  -0.00444231
 -0.00917954  -0.00427111     0.01705952  -0.00934821     0.01617181  -0.02146872
 -0.00718013   0.00051363     0.01330359  -0.00430306     0.01427555  -0.00456301
    7    6
  0.00647155   0.01303490    -0.00378300   0.00000000     0.00000000  -0.00000000
 -0.00378300   0.00000000     0.00647155  -0.01303490     0.00000000  -0.00000000
  0.00000000  -0.00000000     0.00000000  -0.00000000    -0.01868509   0.00000000
    7    7
  0.04652985  -0.00000000     0.00204711  -0.00483919    -0.00000000   0.00000000
  0.00204711   0.00483919     0.04652985   0.00000000    -0.00000000   0.00000000
 -0.00000000   0.00000000    -0.00000000   0.00000000     0.04314763   0.00000000

     Dynamical  Matrix in cartesian axes

     q = (    0.216506400  -0.433012700   0.433012700 ) 

    1    1
  0.06386306   0.00000000     0.00000000   0.00000000    -0.00000000   0.00000000
  0.00000000   0.00000000     0.11748945   0.00000000    -0.04040338   0.00000000
 -0.00000000   0.00000000    -0.04040338   0.00000000     0.11748945   0.00000000
    1    2
  0.00000000   0.00000000    -0.01886018   0.00454122    -0.01654729   0.01012504
 -0.01517335  -0.01808001     0.00000000   0.00000000     0.00000000  -0.00000000
  0.00205532   0.02351367    -0.00000000  -0.00000000    -0.00000000   0.00000000
    1    3
 -0.00000000  -0.00000000    -0.01654729   0.01012504    -0.01886018   0.00454122
  0.00205532   0.02351367     0.00000000  -0.00000000     0.00000000   0.00000000
 -0.01517335  -0.01808001    -0.00000000   0.00000000    -0.00000000  -0.00000000
    1    4
 -0.01126313   0.01126314    -0.00436336  -0.00436336     0.00270609   0.00270609
 -0.00960958  -0.00960958    -0.01654924   0.01654924    -0.01862112   0.01862113
  0.00755004   0.00755003     0.00632889  -0.00632889     0.01357475  -0.01357476
    1    5
 -0.01592848  -0.00000000    -0.00000000   0.00617073     0.00000000  -0.00382699
 -0.00000000   0.01359000    -0.02340416  -0.00000000    -0.02633425  -0.00000000
  0.00000000  -0.01067736     0.00895041   0.00000000     0.01919760   0.00000000
    1    6
 -0.01592848   0.00000000    -0.00000000  -0.00382699     0.00000000   0.00617073
 -0.00000000  -0.01067736     0.01919760  -0.00000000     0.00895041  -0.00000000
  0.00000000   0.01359000    -0.02633425   0.00000000    -0.02340416   0.00000000
    1    7
 -0.01126313   0.01126313     0.00270609   0.00270609    -0.00436336  -0.00436336
  0.00755004   0.00755003     0.01357475  -0.01357476     0.00632889  -0.00632889
