  4.500000000000000E-002   1.25986529217407        2.41685017272211     
          24

     Dynamical  Matrix in cartesian axes

     q = (    0.433012702   0.216506351   0.216506351 ) 

    1    1
  0.12538364   0.00000000     0.00545540   0.00000000     0.00545540   0.00000000
  0.00545540   0.00000000     0.04938658   0.00000000     0.01144532   0.00000000
  0.00545540   0.00000000     0.01144532   0.00000000     0.04938658   0.00000000
    1    2
 -0.00000000   0.02535539     0.01588599  -0.00593953    -0.01588599  -0.00593953
 -0.00097695  -0.00869072     0.00536934  -0.00038096    -0.00998359  -0.00532671
  0.00097695  -0.00869072     0.00998359  -0.00532671    -0.00536934  -0.00038096
    1    3
 -0.00000000   0.02535539    -0.01588599  -0.00593953     0.01588599  -0.00593953
  0.00097695  -0.00869072    -0.00536934  -0.00038096     0.00998359  -0.00532671
 -0.00097695  -0.00869072    -0.00998359  -0.00532671     0.00536934  -0.00038096
    1    4
 -0.01533386  -0.00294522    -0.00748623   0.01626313    -0.00032574  -0.00645653
 -0.00634705  -0.00386967     0.00930246  -0.00006884     0.00799958  -0.00883320
 -0.00395610   0.00004249     0.01565390   0.01358734     0.01051164   0.00214831
    1    5
  0.01533386  -0.00294522     0.00748623   0.01626313     0.00032574  -0.00645653
  0.00634705  -0.00386967    -0.00930246  -0.00006884    -0.00799958  -0.00883320
  0.00395610   0.00004249    -0.01565390   0.01358734    -0.01051164   0.00214831
    1    6
  0.01533386  -0.00294522     0.00032574  -0.00645653     0.00748623   0.01626313
  0.00395610   0.00004249    -0.01051164   0.00214831    -0.01565390   0.01358734
  0.00634705  -0.00386967    -0.00799958  -0.00883320    -0.00930246  -0.00006884
    1    7
 -0.01533386  -0.00294522    -0.00032574  -0.00645653    -0.00748623   0.01626313
 -0.00395610   0.00004249     0.01051164   0.00214831     0.01565390   0.01358734
 -0.00634705  -0.00386967     0.00799958  -0.00883320     0.00930246  -0.00006884
    2    1
 -0.00000000  -0.02535539    -0.00097695   0.00869072     0.00097695   0.00869072
  0.01588599   0.00593953     0.00536934   0.00038096     0.00998359   0.00532671
 -0.01588599   0.00593953    -0.00998359   0.00532671    -0.00536934   0.00038096
    2    2
  0.06836558  -0.00000000     0.00319820   0.00670743     0.00319820  -0.00670743
  0.00319820  -0.00670743     0.03588963  -0.00000000     0.00381836  -0.00103334
  0.00319820   0.00670743     0.00381836   0.00103334     0.03588963   0.00000000
    2    3
  0.00962402   0.00000000    -0.00028172   0.00191562    -0.00028172  -0.00191562
 -0.00028172   0.00191562    -0.01137219   0.01185039    -0.00079697   0.00000000
 -0.00028172  -0.00191562    -0.00079697   0.00000000    -0.01137219  -0.01185039
    2    4
 -0.00327127   0.02312190    -0.00082384   0.01977544     0.00499218  -0.00430287
 -0.00312133   0.02036300     0.00552967   0.01718283    -0.00692120   0.00902018
 -0.00154679   0.00376509    -0.00058853   0.00529853     0.00945111   0.01109896
    2    5
 -0.01945633   0.00103755     0.00898042  -0.00953020     0.00263972  -0.00026984
  0.02394161   0.00579222    -0.01127044   0.00915004     0.00698060  -0.00319430
  0.00088572   0.00318066    -0.00013835   0.00500995    -0.00547218  -0.00058244
    2    6
 -0.00327127  -0.02312190     0.00499218   0.00430287    -0.00082384  -0.01977544
 -0.00154679  -0.00376509     0.00945111  -0.01109896    -0.00058853  -0.00529853
 -0.00312133  -0.02036300    -0.00692120  -0.00902018     0.00552967  -0.01718283
    2    7
 -0.01945633  -0.00103755     0.00263972   0.00026984     0.00898042   0.00953020
  0.00088572  -0.00318066    -0.00547218   0.00058244    -0.00013835  -0.00500995
  0.02394161  -0.00579222     0.00698060   0.00319430    -0.01127044  -0.00915004
    3    1
 -0.00000000  -0.02535539     0.00097695   0.00869072    -0.00097695   0.00869072
 -0.01588599   0.00593953    -0.00536934   0.00038096    -0.00998359   0.00532671
  0.01588599   0.00593953     0.00998359   0.00532671     0.00536934   0.00038096
    3    2
  0.00962402  -0.00000000    -0.00028172  -0.00191562    -0.00028172   0.00191562
 -0.00028172  -0.00191562    -0.01137219  -0.01185039    -0.00079697  -0.00000000
 -0.00028172   0.00191562    -0.00079697  -0.00000000    -0.01137219   0.01185039
    3    3
  0.06836558   0.00000000     0.00319820  -0.00670743     0.00319820   0.00670743
  0.00319820   0.00670743     0.03588963   0.00000000     0.00381836   0.00103334
  0.00319820  -0.00670743     0.00381836  -0.00103334     0.03588963  -0.00000000
    3    4
 -0.01945633  -0.00103755     0.00898042   0.00953020     0.00263972   0.00026984
  0.02394161  -0.00579222    -0.01127044  -0.00915004     0.00698060   0.00319430
  0.00088572  -0.00318066    -0.00013835  -0.00500995    -0.00547218   0.00058244
    3    5
 -0.00327127  -0.02312190    -0.00082384  -0.01977544     0.00499218   0.00430287
 -0.00312133  -0.02036300     0.00552967  -0.01718283    -0.00692120  -0.00902018
 -0.00154679  -0.00376509    -0.00058853  -0.00529853     0.00945111  -0.01109896
    3    6
 -0.01945633   0.00103755     0.00263972  -0.00026984     0.00898042  -0.00953020
  0.00088572   0.00318066    -0.00547218  -0.00058244    -0.00013835   0.00500995
  0.02394161   0.00579222     0.00698060  -0.00319430    -0.01127044   0.00915004
    3    7
 -0.00327127   0.02312190     0.00499218  -0.00430287    -0.00082384   0.01977544
 -0.00154679   0.00376509     0.00945111   0.01109896    -0.00058853   0.00529853
 -0.00312133   0.02036300    -0.00692120   0.00902018     0.00552967   0.01718283
    4    1
 -0.01533386   0.00294522    -0.00634705   0.00386967    -0.00395610  -0.00004249
 -0.00748623  -0.01626313     0.00930246   0.00006884     0.01565390  -0.01358734
 -0.00032574   0.00645653     0.00799958   0.00883320     0.01051164  -0.00214831
    4    2
 -0.00327127  -0.02312190    -0.00312133  -0.02036300    -0.00154679  -0.00376509
 -0.00082384  -0.01977544     0.00552967  -0.01718283    -0.00058853  -0.00529853
  0.00499218   0.00430287    -0.00692120  -0.00902018     0.00945111  -0.01109896
    4    3
 -0.01945633   0.00103755     0.02394161   0.00579222     0.00088572   0.00318066
  0.00898042  -0.00953020    -0.01127044   0.00915004    -0.00013835   0.00500995
  0.00263972  -0.00026984     0.00698060  -0.00319430    -0.00547218  -0.00058244
    4    4
  0.04473760  -0.00000000     0.00376718  -0.00617988     0.00537770   0.00292489
  0.00376718   0.00617988     0.03988086  -0.00000000     0.00352617   0.00167586
  0.00537770  -0.00292489     0.00352617  -0.00167586     0.04250553  -0.00000000
    4    5
 -0.00001305  -0.00474045     0.00371684  -0.00200015    -0.00432458  -0.01128345
  0.00371684  -0.00200015     0.00713743   0.01429434     0.00495660   0.00385554
 -0.00432458  -0.01128345     0.00495660   0.00385554    -0.02134005  -0.00461737
    4    6
  0.00007302   0.00564938    -0.00624341  -0.00671956    -0.01027466   0.00028804
 -0.01027466   0.00028804    -0.01026558  -0.00472412    -0.01410881  -0.01092406
 -0.00624341  -0.00671956    -0.03356230  -0.00437387    -0.01026558  -0.00472412
    4    7
 -0.00101862   0.00000000     0.00138652   0.01064527    -0.00374572  -0.00447119
 -0.00374572   0.00447119    -0.01173197  -0.00614351    -0.00204067  -0.00000000
  0.00138652  -0.01064527     0.02727550   0.00000000    -0.01173197   0.00614351
    5    1
  0.01533386   0.00294522     0.00634705   0.00386967     0.00395610  -0.00004249
  0.00748623  -0.01626313    -0.00930246   0.00006884    -0.01565390  -0.01358734
  0.00032574   0.00645653    -0.00799958   0.00883320    -0.01051164  -0.00214831
    5    2
 -0.01945633  -0.00103755     0.02394161  -0.00579222     0.00088572  -0.00318066
  0.00898042   0.00953020    -0.01127044  -0.00915004    -0.00013835  -0.00500995
  0.00263972   0.00026984     0.00698060   0.00319430    -0.00547218   0.00058244
    5    3
 -0.00327127   0.02312190    -0.00312133   0.02036300    -0.00154679   0.00376509
 -0.00082384   0.01977544     0.00552967   0.01718283    -0.00058853   0.00529853
  0.00499218  -0.00430287    -0.00692120   0.00902018     0.00945111   0.01109896
    5    4
 -0.00001305   0.00474045     0.00371684   0.00200015    -0.00432458   0.01128345
  0.00371684   0.00200015     0.00713743  -0.01429434     0.00495660  -0.00385554
 -0.00432458   0.01128345     0.00495660  -0.00385554    -0.02134005   0.00461737
    5    5
  0.04473760   0.00000000     0.00376718   0.00617988     0.00537770  -0.00292489
  0.00376718  -0.00617988     0.03988086   0.00000000     0.00352617  -0.00167586
  0.00537770   0.00292489     0.00352617   0.00167586     0.04250553   0.00000000
    5    6
 -0.00101862  -0.00000000     0.00138652  -0.01064527    -0.00374572   0.00447119
 -0.00374572  -0.00447119    -0.01173197   0.00614351    -0.00204067   0.00000000
  0.00138652   0.01064527     0.02727550   0.00000000    -0.01173197  -0.00614351
    5    7
  0.00007302  -0.00564938    -0.00624341   0.00671956    -0.01027466  -0.00028804
 -0.01027466  -0.00028804    -0.01026558   0.00472412    -0.01410881   0.01092406
 -0.00624341   0.00671956    -0.03356230   0.00437387    -0.01026558   0.00472412
    6    1
  0.01533386   0.00294522     0.00395610  -0.00004249     0.00634705   0.00386967
  0.00032574   0.00645653    -0.01051164  -0.00214831    -0.00799958   0.00883320
  0.00748623  -0.01626313    -0.01565390  -0.01358734    -0.00930246   0.00006884
    6    2
 -0.00327127   0.02312190    -0.00154679   0.00376509    -0.00312133   0.02036300
  0.00499218  -0.00430287     0.00945111   0.01109896    -0.00692120   0.00902018
 -0.00082384   0.01977544    -0.00058853   0.00529853     0.00552967   0.01718283
    6    3
 -0.01945633  -0.00103755     0.00088572  -0.00318066     0.02394161  -0.00579222
  0.00263972   0.00026984    -0.00547218   0.00058244     0.00698060   0.00319430
  0.00898042   0.00953020    -0.00013835  -0.00500995    -0.01127044  -0.00915004
    6    4
  0.00007302  -0.00564938    -0.01027466  -0.00028804    -0.00624341   0.00671956
 -0.00624341   0.00671956    -0.01026558   0.00472412    -0.03356230   0.00437387
 -0.01027466  -0.00028804    -0.01410881   0.01092406    -0.01026558   0.00472412
    6    5
 -0.00101862   0.00000000    -0.00374572   0.00447119     0.00138652  -0.01064527
  0.00138652   0.01064527    -0.01173197  -0.00614351     0.02727550  -0.00000000
 -0.00374572  -0.00447119    -0.00204067  -0.00000000    -0.01173197   0.00614351
    6    6
  0.04473760   0.00000000     0.00537770  -0.00292489     0.00376718   0.00617988
  0.00537770   0.00292489     0.04250553   0.00000000     0.00352617   0.00167586
  0.00376718  -0.00617988     0.00352617  -0.00167586     0.03988086   0.00000000
    6    7
 -0.00001305   0.00474045    -0.00432458   0.01128345     0.00371684   0.00200015
 -0.00432458   0.01128345    -0.02134005   0.00461737     0.00495660  -0.00385554
  0.00371684   0.00200015     0.00495660  -0.00385554     0.00713743  -0.01429434
    7    1
 -0.01533386   0.00294522    -0.00395610  -0.00004249    -0.00634705   0.00386967
 -0.00032574   0.00645653     0.01051164  -0.00214831     0.00799958   0.00883320
 -0.00748623  -0.01626313     0.01565390  -0.01358734     0.00930246   0.00006884
    7    2
 -0.01945633   0.00103755     0.00088572   0.00318066     0.02394161   0.00579222
  0.00263972  -0.00026984    -0.00547218  -0.00058244     0.00698060  -0.00319430
  0.00898042  -0.00953020    -0.00013835   0.00500995    -0.01127044   0.00915004
    7    3
 -0.00327127  -0.02312190    -0.00154679  -0.00376509    -0.00312133  -0.02036300
  0.00499218   0.00430287     0.00945111  -0.01109896    -0.00692120  -0.00902018
 -0.00082384  -0.01977544    -0.00058853  -0.00529853     0.00552967  -0.01718283
    7    4
 -0.00101862   0.00000000    -0.00374572  -0.00447119     0.00138652   0.01064527
  0.00138652  -0.01064527    -0.01173197   0.00614351     0.02727550  -0.00000000
 -0.00374572   0.00447119    -0.00204067   0.00000000    -0.01173197  -0.00614351
    7    5
  0.00007302   0.00564938    -0.01027466   0.00028804    -0.00624341  -0.00671956
 -0.00624341  -0.00671956    -0.01026558  -0.00472412    -0.03356230  -0.00437387
 -0.01027466   0.00028804    -0.01410881  -0.01092406    -0.01026558  -0.00472412
    7    6
 -0.00001305  -0.00474045    -0.00432458  -0.01128345     0.00371684  -0.00200015
 -0.00432458  -0.01128345    -0.02134005  -0.00461737     0.00495660   0.00385554
  0.00371684  -0.00200015     0.00495660   0.00385554     0.00713743   0.01429434
    7    7
  0.04473760  -0.00000000     0.00537770   0.00292489     0.00376718  -0.00617988
  0.00537770  -0.00292489     0.04250553  -0.00000000     0.00352617  -0.00167586
  0.00376718   0.00617988     0.00352617   0.00167586     0.03988086  -0.00000000

     Dynamical  Matrix in cartesian axes

     q = (   -0.433012702   0.216506351   0.216506351 ) 

    1    1
  0.12538364  -0.00000000    -0.00545540   0.00000000    -0.00545540   0.00000000
 -0.00545540   0.00000000     0.04938658  -0.00000000     0.01144532   0.00000000
 -0.00545540   0.00000000     0.01144532  -0.00000000     0.04938658   0.00000000
    1    2
 -0.02535539   0.00000000    -0.00593953   0.01588599    -0.00593953  -0.01588599
 -0.00869072  -0.00097695     0.00038096  -0.00536934     0.00532671   0.00998359
 -0.00869072   0.00097695     0.00532671  -0.00998359     0.00038096   0.00536934
    1    3
 -0.02535539  -0.00000000    -0.00593953  -0.01588599    -0.00593953   0.01588599
 -0.00869072   0.00097695     0.00038096   0.00536934     0.00532671  -0.00998359
 -0.00869072  -0.00097695     0.00532671   0.00998359     0.00038096  -0.00536934
    1    4
  0.01533386   0.00294522    -0.00748623   0.01626313    -0.00032574  -0.00645653
 -0.00634705  -0.00386967    -0.00930246   0.00006884    -0.00799958   0.00883320
 -0.00395610   0.00004249    -0.01565390  -0.01358734    -0.01051164  -0.00214831
    1    5
  0.01533386  -0.00294522    -0.00748623  -0.01626313    -0.00032574   0.00645653
 -0.00634705   0.00386967    -0.00930246  -0.00006884    -0.00799958  -0.00883320
 -0.00395610  -0.00004249    -0.01565390   0.01358734    -0.01051164   0.00214831
    1    6
  0.01533386  -0.00294522    -0.00032574   0.00645653    -0.00748623  -0.01626313
 -0.00395610  -0.00004249    -0.01051164   0.00214831    -0.01565390   0.01358734
 -0.00634705   0.00386967    -0.00799958  -0.00883320    -0.00930246  -0.00006884
    1    7
  0.01533386   0.00294522    -0.00032574  -0.00645653    -0.00748623   0.01626313
 -0.00395610   0.00004249    -0.01051164  -0.00214831    -0.01565390  -0.01358734
 -0.00634705  -0.00386967    -0.00799958   0.00883320    -0.00930246   0.00006884
    2    1
 -0.02535539  -0.00000000    -0.00869072   0.00097695    -0.00869072  -0.00097695
 -0.00593953  -0.01588599     0.00038096   0.00536934     0.00532671   0.00998359
 -0.00593953   0.01588599     0.00532671  -0.00998359     0.00038096  -0.00536934
    2    2
  0.06836558  -0.00000000    -0.00319820   0.00670743    -0.00319820  -0.00670743
 -0.00319820  -0.00670743     0.03588963  -0.00000000     0.00381836   0.00103334
 -0.00319820   0.00670743     0.00381836  -0.00103334     0.03588963   0.00000000
    2    3
  0.00962402   0.00000000     0.00028172   0.00191562     0.00028172  -0.00191562
  0.00028172   0.00191562    -0.01137219  -0.01185039    -0.00079697  -0.00000000
  0.00028172  -0.00191562    -0.00079697  -0.00000000    -0.01137219   0.01185039
    2    4
  0.00103755  -0.01945633     0.00953020  -0.00898042     0.00026984  -0.00263972
 -0.00579222  -0.02394161     0.00915004  -0.01127044    -0.00319430   0.00698060
 -0.00318066  -0.00088572     0.00500995  -0.00013835    -0.00058244  -0.00547218
    2    5
 -0.02312190   0.00327127     0.01977544  -0.00082384    -0.00430287   0.00499218
  0.02036300  -0.00312133    -0.01718283  -0.00552967    -0.00902018   0.00692120
  0.00376509  -0.00154679    -0.00529853   0.00058853    -0.01109896  -0.00945111
    2    6
  0.00103755   0.01945633     0.00026984   0.00263972     0.00953020   0.00898042
 -0.00318066   0.00088572    -0.00058244   0.00547218     0.00500995   0.00013835
 -0.00579222   0.02394161    -0.00319430  -0.00698060     0.00915004   0.01127044
    2    7
 -0.02312190  -0.00327127    -0.00430287  -0.00499218     0.01977544   0.00082384
  0.00376509   0.00154679    -0.01109896   0.00945111    -0.00529853  -0.00058853
  0.02036300   0.00312133    -0.00902018  -0.00692120    -0.01718283   0.00552967
    3    1
 -0.02535539   0.00000000    -0.00869072  -0.00097695    -0.00869072   0.00097695
 -0.00593953   0.01588599     0.00038096  -0.00536934     0.00532671  -0.00998359
 -0.00593953  -0.01588599     0.00532671   0.00998359     0.00038096   0.00536934
    3    2
  0.00962402  -0.00000000     0.00028172  -0.00191562     0.00028172   0.00191562
  0.00028172  -0.00191562    -0.01137219   0.01185039    -0.00079697   0.00000000
  0.00028172   0.00191562    -0.00079697   0.00000000    -0.01137219  -0.01185039
    3    3
  0.06836558   0.00000000    -0.00319820  -0.00670743    -0.00319820   0.00670743
 -0.00319820   0.00670743     0.03588963   0.00000000     0.00381836  -0.00103334
 -0.00319820  -0.00670743     0.00381836   0.00103334     0.03588963  -0.00000000
    3    4
 -0.02312190  -0.00327127     0.01977544   0.00082384    -0.00430287  -0.00499218
  0.02036300   0.00312133    -0.01718283   0.00552967    -0.00902018  -0.00692120
  0.00376509   0.00154679    -0.00529853  -0.00058853    -0.01109896   0.00945111
    3    5
  0.00103755   0.01945633     0.00953020   0.00898042     0.00026984   0.00263972
 -0.00579222   0.02394161     0.00915004   0.01127044    -0.00319430  -0.00698060
 -0.00318066   0.00088572     0.00500995   0.00013835    -0.00058244   0.00547218
    3    6
 -0.02312190   0.00327127    -0.00430287   0.00499218     0.01977544  -0.00082384
  0.00376509  -0.00154679    -0.01109896  -0.00945111    -0.00529853   0.00058853
  0.02036300  -0.00312133    -0.00902018   0.00692120    -0.01718283  -0.00552967
    3    7
  0.00103755  -0.01945633     0.00026984  -0.00263972     0.00953020  -0.00898042
 -0.00318066  -0.00088572    -0.00058244  -0.00547218     0.00500995  -0.00013835
 -0.00579222  -0.02394161    -0.00319430   0.00698060     0.00915004  -0.01127044
    4    1
  0.01533386  -0.00294522    -0.00634705   0.00386967    -0.00395610  -0.00004249
 -0.00748623  -0.01626313    -0.00930246  -0.00006884    -0.01565390   0.01358734
 -0.00032574   0.00645653    -0.00799958  -0.00883320    -0.01051164   0.00214831
    4    2
  0.00103755   0.01945633    -0.00579222   0.02394161    -0.00318066   0.00088572
  0.00953020   0.00898042     0.00915004   0.01127044     0.00500995   0.00013835
  0.00026984   0.00263972    -0.00319430  -0.00698060    -0.00058244   0.00547218
    4    3
 -0.02312190   0.00327127     0.02036300  -0.00312133     0.00376509  -0.00154679
  0.01977544  -0.00082384    -0.01718283  -0.00552967    -0.00529853   0.00058853
 -0.00430287   0.00499218    -0.00902018   0.00692120    -0.01109896  -0.00945111
    4    4
  0.04473760  -0.00000000    -0.00376718   0.00617988    -0.00537770  -0.00292489
 -0.00376718  -0.00617988     0.03988086  -0.00000000     0.00352617   0.00167586
 -0.00537770   0.00292489     0.00352617  -0.00167586     0.04250553  -0.00000000
    4    5
  0.00001305   0.00474045     0.00371684  -0.00200015    -0.00432458  -0.01128345
  0.00371684  -0.00200015    -0.00713743  -0.01429434    -0.00495660  -0.00385554
 -0.00432458  -0.01128345    -0.00495660  -0.00385554     0.02134005   0.00461737
    4    6
 -0.00007302  -0.00564938    -0.00624341  -0.00671956    -0.01027466   0.00028804
 -0.01027466   0.00028804     0.01026558   0.00472412     0.01410881   0.01092406
 -0.00624341  -0.00671956     0.03356230   0.00437387     0.01026558   0.00472412
    4    7
 -0.00101862   0.00000000    -0.00138652  -0.01064527     0.00374572   0.00447119
  0.00374572  -0.00447119    -0.01173197  -0.00614351    -0.00204067   0.00000000
 -0.00138652   0.01064527     0.02727550  -0.00000000    -0.01173197   0.00614351
    5    1
  0.01533386   0.00294522    -0.00634705  -0.00386967    -0.00395610   0.00004249
 -0.00748623   0.01626313    -0.00930246   0.00006884    -0.01565390  -0.01358734
 -0.00032574  -0.00645653    -0.00799958   0.00883320    -0.01051164  -0.00214831
    5    2
 -0.02312190  -0.00327127     0.02036300   0.00312133     0.00376509   0.00154679
  0.01977544   0.00082384    -0.01718283   0.00552967    -0.00529853  -0.00058853
 -0.00430287  -0.00499218    -0.00902018  -0.00692120    -0.01109896   0.00945111
    5    3
  0.00103755  -0.01945633    -0.00579222  -0.02394161    -0.00318066  -0.00088572
  0.00953020  -0.00898042     0.00915004  -0.01127044     0.00500995  -0.00013835
  0.00026984  -0.00263972    -0.00319430   0.00698060    -0.00058244  -0.00547218
    5    4
  0.00001305  -0.00474045     0.00371684   0.00200015    -0.00432458   0.01128345
  0.00371684   0.00200015    -0.00713743   0.01429434    -0.00495660   0.00385554
 -0.00432458   0.01128345    -0.00495660   0.00385554     0.02134005  -0.00461737
    5    5
  0.04473760   0.00000000    -0.00376718  -0.00617988    -0.00537770   0.00292489
 -0.00376718   0.00617988     0.03988086   0.00000000     0.00352617  -0.00167586
 -0.00537770  -0.00292489     0.00352617   0.00167586     0.04250553   0.00000000
    5    6
 -0.00101862   0.00000000    -0.00138652   0.01064527     0.00374572  -0.00447119
  0.00374572   0.00447119    -0.01173197   0.00614351    -0.00204067  -0.00000000
 -0.00138652  -0.01064527     0.02727550   0.00000000    -0.01173197  -0.00614351
    5    7
 -0.00007302   0.00564938    -0.00624341   0.00671956    -0.01027466  -0.00028804
 -0.01027466  -0.00028804     0.01026558  -0.00472412     0.01410881  -0.01092406
 -0.00624341   0.00671956     0.03356230  -0.00437387     0.01026558  -0.00472412
    6    1
  0.01533386   0.00294522    -0.00395610   0.00004249    -0.00634705  -0.00386967
 -0.00032574  -0.00645653    -0.01051164  -0.00214831    -0.00799958   0.00883320
 -0.00748623   0.01626313    -0.01565390  -0.01358734    -0.00930246   0.00006884
    6    2
  0.00103755  -0.01945633    -0.00318066  -0.00088572    -0.00579222  -0.02394161
  0.00026984  -0.00263972    -0.00058244  -0.00547218    -0.00319430   0.00698060
  0.00953020  -0.00898042     0.00500995  -0.00013835     0.00915004  -0.01127044
    6    3
 -0.02312190  -0.00327127     0.00376509   0.00154679     0.02036300   0.00312133
 -0.00430287  -0.00499218    -0.01109896   0.00945111    -0.00902018  -0.00692120
  0.01977544   0.00082384    -0.00529853  -0.00058853    -0.01718283   0.00552967
    6    4
 -0.00007302   0.00564938    -0.01027466  -0.00028804    -0.00624341   0.00671956
 -0.00624341   0.00671956     0.01026558  -0.00472412     0.03356230  -0.00437387
 -0.01027466  -0.00028804     0.01410881  -0.01092406     0.01026558  -0.00472412
    6    5
 -0.00101862  -0.00000000     0.00374572  -0.00447119    -0.00138652   0.01064527
 -0.00138652  -0.01064527    -0.01173197  -0.00614351     0.02727550  -0.00000000
  0.00374572   0.00447119    -0.00204067  -0.00000000    -0.01173197   0.00614351
    6    6
  0.04473760   0.00000000    -0.00537770   0.00292489    -0.00376718  -0.00617988
 -0.00537770  -0.00292489     0.04250553   0.00000000     0.00352617   0.00167586
 -0.00376718   0.00617988     0.00352617  -0.00167586     0.03988086   0.00000000
    6    7
  0.00001305  -0.00474045    -0.00432458   0.01128345     0.00371684   0.00200015
 -0.00432458   0.01128345     0.02134005  -0.00461737    -0.00495660   0.00385554
  0.00371684   0.00200015    -0.00495660   0.00385554    -0.00713743   0.01429434
    7    1
  0.01533386  -0.00294522    -0.00395610  -0.00004249    -0.00634705   0.00386967
 -0.00032574   0.00645653    -0.01051164   0.00214831    -0.00799958  -0.00883320
 -0.00748623  -0.01626313    -0.01565390   0.01358734    -0.00930246  -0.00006884
    7    2
 -0.02312190   0.00327127     0.00376509  -0.00154679     0.02036300  -0.00312133
 -0.00430287   0.00499218    -0.01109896  -0.00945111    -0.00902018   0.00692120
  0.01977544  -0.00082384    -0.00529853   0.00058853    -0.01718283  -0.00552967
    7    3
  0.00103755   0.01945633    -0.00318066   0.00088572    -0.00579222   0.02394161
  0.00026984   0.00263972    -0.00058244   0.00547218    -0.00319430  -0.00698060
  0.00953020   0.00898042     0.00500995   0.00013835     0.00915004   0.01127044
    7    4
 -0.00101862   0.00000000     0.00374572   0.00447119    -0.00138652  -0.01064527
 -0.00138652   0.01064527    -0.01173197   0.00614351     0.02727550   0.00000000
  0.00374572  -0.00447119    -0.00204067   0.00000000    -0.01173197  -0.00614351
    7    5
 -0.00007302  -0.00564938    -0.01027466   0.00028804    -0.00624341  -0.00671956
 -0.00624341  -0.00671956     0.01026558   0.00472412     0.03356230   0.00437387
 -0.01027466   0.00028804     0.01410881   0.01092406     0.01026558   0.00472412
    7    6
  0.00001305   0.00474045    -0.00432458  -0.01128345     0.00371684  -0.00200015
 -0.00432458  -0.01128345     0.02134005   0.00461737    -0.00495660  -0.00385554
  0.00371684  -0.00200015    -0.00495660  -0.00385554    -0.00713743  -0.01429434
    7    7
  0.04473760  -0.00000000    -0.00537770  -0.00292489    -0.00376718   0.00617988
 -0.00537770   0.00292489     0.04250553  -0.00000000     0.00352617  -0.00167586
 -0.00376718  -0.00617988     0.00352617   0.00167586     0.03988086  -0.00000000

     Dynamical  Matrix in cartesian axes

     q = (    0.216506351  -0.433012702   0.216506351 ) 

    1    1
  0.04938658  -0.00000000    -0.00545540   0.00000000     0.01144532   0.00000000
 -0.00545540   0.00000000     0.12538364  -0.00000000    -0.00545540   0.00000000
  0.01144532   0.00000000    -0.00545540   0.00000000     0.04938658   0.00000000
    1    2
 -0.00930246  -0.00006884    -0.00634705   0.00386967    -0.00799958  -0.00883320
 -0.00748623  -0.01626313     0.01533386  -0.00294522    -0.00032574   0.00645653
 -0.01565390   0.01358734    -0.00395610  -0.00004249    -0.01051164   0.00214831
    1    3
 -0.00930246   0.00006884    -0.00634705  -0.00386967    -0.00799958   0.00883320
 -0.00748623   0.01626313     0.01533386   0.00294522    -0.00032574  -0.00645653
 -0.01565390  -0.01358734    -0.00395610   0.00004249    -0.01051164  -0.00214831
    1    4
  0.00038096   0.00536934    -0.00869072   0.00097695     0.00532671  -0.00998359
 -0.00593953  -0.01588599    -0.02535539   0.00000000    -0.00593953   0.01588599
  0.00532671   0.00998359    -0.00869072  -0.00097695     0.00038096  -0.00536934
    1    5
  0.00038096  -0.00536934    -0.00869072  -0.00097695     0.00532671   0.00998359
 -0.00593953   0.01588599    -0.02535539  -0.00000000    -0.00593953  -0.01588599
  0.00532671  -0.00998359    -0.00869072   0.00097695     0.00038096   0.00536934
    1    6
 -0.01051164  -0.00214831    -0.00395610   0.00004249    -0.01565390  -0.01358734
 -0.00032574  -0.00645653     0.01533386   0.00294522    -0.00748623   0.01626313
 -0.00799958   0.00883320    -0.00634705  -0.00386967    -0.00930246   0.00006884
    1    7
 -0.01051164   0.00214831    -0.00395610  -0.00004249    -0.01565390   0.01358734
 -0.00032574   0.00645653     0.01533386  -0.00294522    -0.00748623  -0.01626313
 -0.00799958  -0.00883320    -0.00634705   0.00386967    -0.00930246  -0.00006884
    2    1
 -0.00930246   0.00006884    -0.00748623   0.01626313    -0.01565390  -0.01358734
 -0.00634705  -0.00386967     0.01533386   0.00294522    -0.00395610   0.00004249
 -0.00799958   0.00883320    -0.00032574  -0.00645653    -0.01051164  -0.00214831
    2    2
  0.03988086   0.00000000    -0.00376718   0.00617988     0.00352617  -0.00167586
 -0.00376718  -0.00617988     0.04473760  -0.00000000    -0.00537770   0.00292489
  0.00352617   0.00167586    -0.00537770  -0.00292489     0.04250553   0.00000000
    2    3
 -0.00713743   0.01429434     0.00371684   0.00200015    -0.00495660   0.00385554
  0.00371684   0.00200015     0.00001305  -0.00474045    -0.00432458   0.01128345
 -0.00495660   0.00385554    -0.00432458   0.01128345     0.02134005  -0.00461737
    2    4
  0.00915004  -0.01127044     0.00953020  -0.00898042     0.00500995  -0.00013835
 -0.00579222  -0.02394161     0.00103755  -0.01945633    -0.00318066  -0.00088572
 -0.00319430   0.00698060     0.00026984  -0.00263972    -0.00058244  -0.00547218
    2    5
 -0.01718283   0.00552967     0.01977544   0.00082384    -0.00529853  -0.00058853
  0.02036300   0.00312133    -0.02312190  -0.00327127     0.00376509   0.00154679
 -0.00902018  -0.00692120    -0.00430287  -0.00499218    -0.01109896   0.00945111
    2    6
  0.01026558  -0.00472412    -0.01027466  -0.00028804     0.01410881  -0.01092406
 -0.00624341   0.00671956    -0.00007302   0.00564938    -0.01027466  -0.00028804
  0.03356230  -0.00437387    -0.00624341   0.00671956     0.01026558  -0.00472412
    2    7
 -0.01173197   0.00614351     0.00374572   0.00447119    -0.00204067  -0.00000000
 -0.00138652   0.01064527    -0.00101862   0.00000000     0.00374572  -0.00447119
  0.02727550   0.00000000    -0.00138652  -0.01064527    -0.01173197  -0.00614351
    3    1
 -0.00930246  -0.00006884    -0.00748623  -0.01626313    -0.01565390   0.01358734
 -0.00634705   0.00386967     0.01533386  -0.00294522    -0.00395610  -0.00004249
 -0.00799958  -0.00883320    -0.00032574   0.00645653    -0.01051164   0.00214831
    3    2
 -0.00713743  -0.01429434     0.00371684  -0.00200015    -0.00495660  -0.00385554
  0.00371684  -0.00200015     0.00001305   0.00474045    -0.00432458  -0.01128345
 -0.00495660  -0.00385554    -0.00432458  -0.01128345     0.02134005   0.00461737
    3    3
  0.03988086  -0.00000000    -0.00376718  -0.00617988     0.00352617   0.00167586
 -0.00376718   0.00617988     0.04473760   0.00000000    -0.00537770  -0.00292489
  0.00352617  -0.00167586    -0.00537770   0.00292489     0.04250553  -0.00000000
    3    4
 -0.01718283  -0.00552967     0.01977544  -0.00082384    -0.00529853   0.00058853
  0.02036300  -0.00312133    -0.02312190   0.00327127     0.00376509  -0.00154679
 -0.00902018   0.00692120    -0.00430287   0.00499218    -0.01109896  -0.00945111
    3    5
  0.00915004   0.01127044     0.00953020   0.00898042     0.00500995   0.00013835
 -0.00579222   0.02394161     0.00103755   0.01945633    -0.00318066   0.00088572
 -0.00319430  -0.00698060     0.00026984   0.00263972    -0.00058244   0.00547218
    3    6
 -0.01173197  -0.00614351     0.00374572  -0.00447119    -0.00204067  -0.00000000
 -0.00138652  -0.01064527    -0.00101862  -0.00000000     0.00374572   0.00447119
  0.02727550   0.00000000    -0.00138652   0.01064527    -0.01173197   0.00614351
    3    7
  0.01026558   0.00472412    -0.01027466   0.00028804     0.01410881   0.01092406
 -0.00624341  -0.00671956    -0.00007302  -0.00564938    -0.01027466   0.00028804
  0.03356230   0.00437387    -0.00624341  -0.00671956     0.01026558   0.00472412
    4    1
  0.00038096  -0.00536934    -0.00593953   0.01588599     0.00532671  -0.00998359
 -0.00869072  -0.00097695    -0.02535539  -0.00000000    -0.00869072   0.00097695
  0.00532671   0.00998359    -0.00593953  -0.01588599     0.00038096   0.00536934
    4    2
  0.00915004   0.01127044    -0.00579222   0.02394161    -0.00319430  -0.00698060
  0.00953020   0.00898042     0.00103755   0.01945633     0.00026984   0.00263972
  0.00500995   0.00013835    -0.00318066   0.00088572    -0.00058244   0.00547218
    4    3
 -0.01718283   0.00552967     0.02036300   0.00312133    -0.00902018  -0.00692120
  0.01977544   0.00082384    -0.02312190  -0.00327127    -0.00430287  -0.00499218
 -0.00529853  -0.00058853     0.00376509   0.00154679    -0.01109896   0.00945111
    4    4
  0.03588963   0.00000000    -0.00319820   0.00670743     0.00381836  -0.00103334
 -0.00319820  -0.00670743     0.06836558  -0.00000000    -0.00319820   0.00670743
  0.00381836   0.00103334    -0.00319820  -0.00670743     0.03588963  -0.00000000
    4    5
 -0.01137219   0.01185039     0.00028172  -0.00191562    -0.00079697   0.00000000
  0.00028172  -0.00191562     0.00962402   0.00000000     0.00028172   0.00191562
 -0.00079697   0.00000000     0.00028172   0.00191562    -0.01137219  -0.01185039
    4    6
 -0.00058244  -0.00547218    -0.00318066  -0.00088572     0.00500995  -0.00013835
  0.00026984  -0.00263972     0.00103755  -0.01945633     0.00953020  -0.00898042
 -0.00319430   0.00698060    -0.00579222  -0.02394161     0.00915004  -0.01127044
    4    7
 -0.01109896  -0.00945111     0.00376509  -0.00154679    -0.00529853   0.00058853
 -0.00430287   0.00499218    -0.02312190   0.00327127     0.01977544  -0.00082384
 -0.00902018   0.00692120     0.02036300  -0.00312133    -0.01718283  -0.00552967
    5    1
  0.00038096   0.00536934    -0.00593953  -0.01588599     0.00532671   0.00998359
 -0.00869072   0.00097695    -0.02535539   0.00000000    -0.00869072  -0.00097695
  0.00532671  -0.00998359    -0.00593953   0.01588599     0.00038096  -0.00536934
    5    2
 -0.01718283  -0.00552967     0.02036300  -0.00312133    -0.00902018   0.00692120
  0.01977544  -0.00082384    -0.02312190   0.00327127    -0.00430287   0.00499218
 -0.00529853   0.00058853     0.00376509  -0.00154679    -0.01109896  -0.00945111
    5    3
  0.00915004  -0.01127044    -0.00579222  -0.02394161    -0.00319430   0.00698060
  0.00953020  -0.00898042     0.00103755  -0.01945633     0.00026984  -0.00263972
  0.00500995  -0.00013835    -0.00318066  -0.00088572    -0.00058244  -0.00547218
    5    4
 -0.01137219  -0.01185039     0.00028172   0.00191562    -0.00079697  -0.00000000
  0.00028172   0.00191562     0.00962402  -0.00000000     0.00028172  -0.00191562
 -0.00079697  -0.00000000     0.00028172  -0.00191562    -0.01137219   0.01185039
    5    5
  0.03588963  -0.00000000    -0.00319820  -0.00670743     0.00381836   0.00103334
 -0.00319820   0.00670743     0.06836558   0.00000000    -0.00319820  -0.00670743
  0.00381836  -0.00103334    -0.00319820   0.00670743     0.03588963   0.00000000
    5    6
 -0.01109896   0.00945111     0.00376509   0.00154679    -0.00529853  -0.00058853
 -0.00430287  -0.00499218    -0.02312190  -0.00327127     0.01977544   0.00082384
 -0.00902018  -0.00692120     0.02036300   0.00312133    -0.01718283   0.00552967
    5    7
 -0.00058244   0.00547218    -0.00318066   0.00088572     0.00500995   0.00013835
  0.00026984   0.00263972     0.00103755   0.01945633     0.00953020   0.00898042
 -0.00319430  -0.00698060    -0.00579222   0.02394161     0.00915004   0.01127044
    6    1
 -0.01051164   0.00214831    -0.00032574   0.00645653    -0.00799958  -0.00883320
 -0.00395610  -0.00004249     0.01533386  -0.00294522    -0.00634705   0.00386967
 -0.01565390   0.01358734    -0.00748623  -0.01626313    -0.00930246  -0.00006884
    6    2
  0.01026558   0.00472412    -0.00624341  -0.00671956     0.03356230   0.00437387
 -0.01027466   0.00028804    -0.00007302  -0.00564938    -0.00624341  -0.00671956
  0.01410881   0.01092406    -0.01027466   0.00028804     0.01026558   0.00472412
    6    3
 -0.01173197   0.00614351    -0.00138652   0.01064527     0.02727550  -0.00000000
  0.00374572   0.00447119    -0.00101862   0.00000000    -0.00138652  -0.01064527
 -0.00204067   0.00000000     0.00374572  -0.00447119    -0.01173197  -0.00614351
    6    4
 -0.00058244   0.00547218     0.00026984   0.00263972    -0.00319430  -0.00698060
 -0.00318066   0.00088572     0.00103755   0.01945633    -0.00579222   0.02394161
  0.00500995   0.00013835     0.00953020   0.00898042     0.00915004   0.01127044
    6    5
 -0.01109896  -0.00945111    -0.00430287   0.00499218    -0.00902018   0.00692120
  0.00376509  -0.00154679    -0.02312190   0.00327127     0.02036300  -0.00312133
 -0.00529853   0.00058853     0.01977544  -0.00082384    -0.01718283  -0.00552967
    6    6
  0.04250553  -0.00000000    -0.00537770   0.00292489     0.00352617  -0.00167586
 -0.00537770  -0.00292489     0.04473760   0.00000000    -0.00376718   0.00617988
  0.00352617   0.00167586    -0.00376718  -0.00617988     0.03988086  -0.00000000
    6    7
  0.02134005   0.00461737    -0.00432458  -0.01128345    -0.00495660  -0.00385554
 -0.00432458  -0.01128345     0.00001305   0.00474045     0.00371684  -0.00200015
 -0.00495660  -0.00385554     0.00371684  -0.00200015    -0.00713743  -0.01429434
    7    1
 -0.01051164  -0.00214831    -0.00032574  -0.00645653    -0.00799958   0.00883320
 -0.00395610   0.00004249     0.01533386   0.00294522    -0.00634705  -0.00386967
 -0.01565390  -0.01358734    -0.00748623   0.01626313    -0.00930246   0.00006884
    7    2
 -0.01173197  -0.00614351    -0.00138652  -0.01064527     0.02727550  -0.00000000
  0.00374572  -0.00447119    -0.00101862  -0.00000000    -0.00138652   0.01064527
 -0.00204067  -0.00000000     0.00374572   0.00447119    -0.01173197   0.00614351
    7    3
  0.01026558  -0.00472412    -0.00624341   0.00671956     0.03356230  -0.00437387
 -0.01027466  -0.00028804    -0.00007302   0.00564938    -0.00624341   0.00671956
  0.01410881  -0.01092406    -0.01027466  -0.00028804     0.01026558  -0.00472412
    7    4
 -0.01109896   0.00945111    -0.00430287  -0.00499218    -0.00902018  -0.00692120
  0.00376509   0.00154679    -0.02312190  -0.00327127     0.02036300   0.00312133
 -0.00529853  -0.00058853     0.01977544   0.00082384    -0.01718283   0.00552967
    7    5
 -0.00058244  -0.00547218     0.00026984  -0.00263972    -0.00319430   0.00698060
 -0.00318066  -0.00088572     0.00103755  -0.01945633    -0.00579222  -0.02394161
  0.00500995  -0.00013835     0.00953020  -0.00898042     0.00915004  -0.01127044
    7    6
  0.02134005  -0.00461737    -0.00432458   0.01128345    -0.00495660   0.00385554
 -0.00432458   0.01128345     0.00001305  -0.00474045     0.00371684   0.00200015
 -0.00495660   0.00385554     0.00371684   0.00200015    -0.00713743   0.01429434
    7    7
  0.04250553   0.00000000    -0.00537770  -0.00292489     0.00352617   0.00167586
 -0.00537770   0.00292489     0.04473760  -0.00000000    -0.00376718  -0.00617988
  0.00352617  -0.00167586    -0.00376718   0.00617988     0.03988086   0.00000000

     Dynamical  Matrix in cartesian axes

     q = (   -0.216506351  -0.433012702   0.216506351 ) 

    1    1
  0.04938658  -0.00000000     0.00545540  -0.00000000    -0.01144532   0.00000000
  0.00545540  -0.00000000     0.12538364  -0.00000000    -0.00545540   0.00000000
 -0.01144532   0.00000000    -0.00545540   0.00000000     0.04938658   0.00000000
    1    2
  0.00006884   0.00930246     0.00386967  -0.00634705    -0.00883320  -0.00799958
 -0.01626313  -0.00748623     0.00294522  -0.01533386    -0.00645653   0.00032574
  0.01358734  -0.01565390     0.00004249   0.00395610    -0.00214831   0.01051164
    1    3
  0.00930246   0.00006884    -0.00634705   0.00386967    -0.00799958  -0.00883320
 -0.00748623  -0.01626313    -0.01533386   0.00294522     0.00032574  -0.00645653
 -0.01565390   0.01358734     0.00395610   0.00004249     0.01051164  -0.00214831
    1    4
 -0.00536934   0.00038096     0.00097695   0.00869072    -0.00998359  -0.00532671
 -0.01588599   0.00593953    -0.00000000  -0.02535539    -0.01588599  -0.00593953
  0.00998359  -0.00532671     0.00097695  -0.00869072     0.00536934   0.00038096
    1    5
  0.00038096  -0.00536934     0.00869072   0.00097695    -0.00532671  -0.00998359
  0.00593953  -0.01588599    -0.02535539  -0.00000000    -0.00593953  -0.01588599
 -0.00532671   0.00998359    -0.00869072   0.00097695     0.00038096   0.00536934
    1    6
 -0.01051164  -0.00214831     0.00395610  -0.00004249     0.01565390   0.01358734
  0.00032574   0.00645653     0.01533386   0.00294522    -0.00748623   0.01626313
  0.00799958  -0.00883320    -0.00634705  -0.00386967    -0.00930246   0.00006884
    1    7
 -0.00214831  -0.01051164    -0.00004249   0.00395610     0.01358734   0.01565390
  0.00645653   0.00032574     0.00294522   0.01533386     0.01626313  -0.00748623
