  5.000000000000000E-003   1.26088367795901        1.90067469670089     
          24

     Dynamical  Matrix in cartesian axes

     q = (    0.433012702   0.216506351   0.216506351 ) 

    1    1
  0.05282946   0.00000000    -0.02077623   0.00000000    -0.02077623   0.00000000
 -0.02077623   0.00000000     0.01566731   0.00000000     0.00904197   0.00000000
 -0.02077623   0.00000000     0.00904197   0.00000000     0.01566731   0.00000000
    1    2
  0.00000000  -0.01370396     0.01273971   0.00523657    -0.01273971   0.00523657
  0.00028142   0.01106534    -0.00700285  -0.00208075     0.00199478  -0.00247570
 -0.00028142   0.01106534    -0.00199478  -0.00247570     0.00700285  -0.00208075
    1    3
  0.00000000  -0.01370396    -0.01273971   0.00523657     0.01273971   0.00523657
 -0.00028142   0.01106534     0.00700285  -0.00208075    -0.00199478  -0.00247570
  0.00028142   0.01106534     0.00199478  -0.00247570    -0.00700285  -0.00208075
    1    4
  0.00106068   0.01493269    -0.00221768  -0.00711988    -0.02062942  -0.00382042
 -0.00324827  -0.00921841    -0.00069384   0.00169254     0.00853797   0.00131451
 -0.00508470  -0.00731040     0.00253314   0.00771218     0.00875215   0.00427544
    1    5
 -0.00106068   0.01493269     0.00221768  -0.00711988     0.02062942  -0.00382042
  0.00324827  -0.00921841     0.00069384   0.00169254    -0.00853797   0.00131451
  0.00508470  -0.00731040    -0.00253314   0.00771218    -0.00875215   0.00427544
    1    6
 -0.00106068   0.01493269     0.02062942  -0.00382042     0.00221768  -0.00711988
  0.00508470  -0.00731040    -0.00875215   0.00427544    -0.00253314   0.00771218
  0.00324827  -0.00921841    -0.00853797   0.00131451     0.00069384   0.00169254
    1    7
  0.00106068   0.01493269    -0.02062942  -0.00382042    -0.00221768  -0.00711988
 -0.00508470  -0.00731040     0.00875215   0.00427544     0.00253314   0.00771218
 -0.00324827  -0.00921841     0.00853797   0.00131451    -0.00069384   0.00169254
    2    1
  0.00000000   0.01370396     0.00028142  -0.01106534    -0.00028142  -0.01106534
  0.01273971  -0.00523657    -0.00700285   0.00208075    -0.00199478   0.00247570
 -0.01273971  -0.00523657     0.00199478   0.00247570     0.00700285   0.00208075
    2    2
  0.02269402   0.00000000    -0.00184055   0.00313774    -0.00184055  -0.00313774
 -0.00184055  -0.00313774     0.00872404   0.00000000     0.00049842   0.00347905
 -0.00184055   0.00313774     0.00049842  -0.00347905     0.00872404  -0.00000000
    2    3
  0.02032349   0.00000000    -0.00082018  -0.00279479    -0.00082018   0.00279479
 -0.00082018  -0.00279479    -0.00583981   0.00350221     0.00108117   0.00000000
 -0.00082018   0.00279479     0.00108117   0.00000000    -0.00583981  -0.00350221
    2    4
 -0.01052937   0.00980418     0.00519762   0.00087675     0.00562482  -0.00527428
 -0.00009916   0.00595598     0.00034488   0.00289191    -0.00586897   0.00342003
  0.00061358  -0.00264200     0.00194854   0.00538971     0.00537023   0.00495252
    2    5
 -0.01091317  -0.00902122     0.00662074  -0.00236748     0.00521663   0.00475274
  0.00458367   0.00471659    -0.00274415   0.00157034     0.00512689  -0.00135069
  0.00307769  -0.00254923    -0.00281054   0.00515520    -0.00565527   0.00007973
    2    6
 -0.01052937  -0.00980418     0.00562482   0.00527428     0.00519762  -0.00087675
  0.00061358   0.00264200     0.00537023  -0.00495252     0.00194854  -0.00538971
 -0.00009916  -0.00595598    -0.00586897  -0.00342003     0.00034488  -0.00289191
    2    7
 -0.01091317   0.00902122     0.00521663  -0.00475274     0.00662074   0.00236748
  0.00307769   0.00254923    -0.00565527  -0.00007973    -0.00281054  -0.00515520
  0.00458367  -0.00471659     0.00512689   0.00135069    -0.00274415  -0.00157034
    3    1
  0.00000000   0.01370396    -0.00028142  -0.01106534     0.00028142  -0.01106534
 -0.01273971  -0.00523657     0.00700285   0.00208075     0.00199478   0.00247570
  0.01273971  -0.00523657    -0.00199478   0.00247570    -0.00700285   0.00208075
    3    2
  0.02032349  -0.00000000    -0.00082018   0.00279479    -0.00082018  -0.00279479
 -0.00082018   0.00279479    -0.00583981  -0.00350221     0.00108117  -0.00000000
 -0.00082018  -0.00279479     0.00108117  -0.00000000    -0.00583981   0.00350221
    3    3
  0.02269402  -0.00000000    -0.00184055  -0.00313774    -0.00184055   0.00313774
 -0.00184055   0.00313774     0.00872404  -0.00000000     0.00049842  -0.00347905
 -0.00184055  -0.00313774     0.00049842   0.00347905     0.00872404   0.00000000
    3    4
 -0.01091317   0.00902122     0.00662074   0.00236748     0.00521663  -0.00475274
  0.00458367  -0.00471659    -0.00274415  -0.00157034     0.00512689   0.00135069
  0.00307769   0.00254923    -0.00281054  -0.00515520    -0.00565527  -0.00007973
    3    5
 -0.01052937  -0.00980418     0.00519762  -0.00087675     0.00562482   0.00527428
 -0.00009916  -0.00595598     0.00034488  -0.00289191    -0.00586897  -0.00342003
  0.00061358   0.00264200     0.00194854  -0.00538971     0.00537023  -0.00495252
    3    6
 -0.01091317  -0.00902122     0.00521663   0.00475274     0.00662074  -0.00236748
  0.00307769  -0.00254923    -0.00565527   0.00007973    -0.00281054   0.00515520
  0.00458367   0.00471659     0.00512689  -0.00135069    -0.00274415   0.00157034
    3    7
 -0.01052937   0.00980418     0.00562482  -0.00527428     0.00519762   0.00087675
  0.00061358  -0.00264200     0.00537023   0.00495252     0.00194854   0.00538971
 -0.00009916   0.00595598    -0.00586897   0.00342003     0.00034488   0.00289191
    4    1
  0.00106068  -0.01493269    -0.00324827   0.00921841    -0.00508470   0.00731040
 -0.00221768   0.00711988    -0.00069384  -0.00169254     0.00253314  -0.00771218
 -0.02062942   0.00382042     0.00853797  -0.00131451     0.00875215  -0.00427544
    4    2
 -0.01052937  -0.00980418    -0.00009916  -0.00595598     0.00061358   0.00264200
  0.00519762  -0.00087675     0.00034488  -0.00289191     0.00194854  -0.00538971
  0.00562482   0.00527428    -0.00586897  -0.00342003     0.00537023  -0.00495252
    4    3
 -0.01091317  -0.00902122     0.00458367   0.00471659     0.00307769  -0.00254923
  0.00662074  -0.00236748    -0.00274415   0.00157034    -0.00281054   0.00515520
  0.00521663   0.00475274     0.00512689  -0.00135069    -0.00565527   0.00007973
    4    4
  0.01568646  -0.00000000    -0.00246823  -0.00421401    -0.00207064   0.00244311
 -0.00246823   0.00421401     0.00938824   0.00000000     0.00427113  -0.00192345
 -0.00207064  -0.00244311     0.00427113   0.00192345     0.01281480  -0.00000000
    4    5
  0.00161646   0.00477121    -0.00292270  -0.00334008    -0.00170416  -0.00915438
 -0.00292270  -0.00334008     0.00479659   0.00526520     0.00293854   0.00316305
 -0.00170416  -0.00915438     0.00293854   0.00316305    -0.00738958   0.00276652
    4    6
  0.00256454   0.00875821    -0.00338547  -0.00773551    -0.00614704  -0.00132064
 -0.00614704  -0.00132064    -0.00167143   0.00144106    -0.00202407  -0.00506172
 -0.00338547  -0.00773551    -0.00945964   0.00242371    -0.00167143   0.00144106
    4    7
  0.01024114   0.00000000    -0.00325054   0.00484309    -0.00325608  -0.00076900
 -0.00325608   0.00076900     0.00022810  -0.00437513    -0.00356438  -0.00000000
 -0.00325054  -0.00484309     0.00987761   0.00000000     0.00022810   0.00437513
    5    1
 -0.00106068  -0.01493269     0.00324827   0.00921841     0.00508470   0.00731040
  0.00221768   0.00711988     0.00069384  -0.00169254    -0.00253314  -0.00771218
  0.02062942   0.00382042    -0.00853797  -0.00131451    -0.00875215  -0.00427544
    5    2
 -0.01091317   0.00902122     0.00458367  -0.00471659     0.00307769   0.00254923
  0.00662074   0.00236748    -0.00274415  -0.00157034    -0.00281054  -0.00515520
  0.00521663  -0.00475274     0.00512689   0.00135069    -0.00565527  -0.00007973
    5    3
 -0.01052937   0.00980418    -0.00009916   0.00595598     0.00061358  -0.00264200
  0.00519762   0.00087675     0.00034488   0.00289191     0.00194854   0.00538971
  0.00562482  -0.00527428    -0.00586897   0.00342003     0.00537023   0.00495252
    5    4
  0.00161646  -0.00477121    -0.00292270   0.00334008    -0.00170416   0.00915438
 -0.00292270   0.00334008     0.00479659  -0.00526520     0.00293854  -0.00316305
 -0.00170416   0.00915438     0.00293854  -0.00316305    -0.00738958  -0.00276652
    5    5
  0.01568646   0.00000000    -0.00246823   0.00421401    -0.00207064  -0.00244311
 -0.00246823  -0.00421401     0.00938824  -0.00000000     0.00427113   0.00192345
 -0.00207064   0.00244311     0.00427113  -0.00192345     0.01281480   0.00000000
    5    6
  0.01024114   0.00000000    -0.00325054  -0.00484309    -0.00325608   0.00076900
 -0.00325608  -0.00076900     0.00022810   0.00437513    -0.00356438  -0.00000000
 -0.00325054   0.00484309     0.00987761   0.00000000     0.00022810  -0.00437513
    5    7
  0.00256454  -0.00875821    -0.00338547   0.00773551    -0.00614704   0.00132064
 -0.00614704   0.00132064    -0.00167143  -0.00144106    -0.00202407   0.00506172
 -0.00338547   0.00773551    -0.00945964  -0.00242371    -0.00167143  -0.00144106
    6    1
 -0.00106068  -0.01493269     0.00508470   0.00731040     0.00324827   0.00921841
  0.02062942   0.00382042    -0.00875215  -0.00427544    -0.00853797  -0.00131451
  0.00221768   0.00711988    -0.00253314  -0.00771218     0.00069384  -0.00169254
    6    2
 -0.01052937   0.00980418     0.00061358  -0.00264200    -0.00009916   0.00595598
  0.00562482  -0.00527428     0.00537023   0.00495252    -0.00586897   0.00342003
  0.00519762   0.00087675     0.00194854   0.00538971     0.00034488   0.00289191
    6    3
 -0.01091317   0.00902122     0.00307769   0.00254923     0.00458367  -0.00471659
  0.00521663  -0.00475274    -0.00565527  -0.00007973     0.00512689   0.00135069
  0.00662074   0.00236748    -0.00281054  -0.00515520    -0.00274415  -0.00157034
    6    4
  0.00256454  -0.00875821    -0.00614704   0.00132064    -0.00338547   0.00773551
 -0.00338547   0.00773551    -0.00167143  -0.00144106    -0.00945964  -0.00242371
 -0.00614704   0.00132064    -0.00202407   0.00506172    -0.00167143  -0.00144106
    6    5
  0.01024114   0.00000000    -0.00325608   0.00076900    -0.00325054  -0.00484309
 -0.00325054   0.00484309     0.00022810  -0.00437513     0.00987761   0.00000000
 -0.00325608  -0.00076900    -0.00356438  -0.00000000     0.00022810   0.00437513
    6    6
  0.01568646   0.00000000    -0.00207064  -0.00244311    -0.00246823   0.00421401
 -0.00207064   0.00244311     0.01281480   0.00000000     0.00427113  -0.00192345
 -0.00246823  -0.00421401     0.00427113   0.00192345     0.00938824  -0.00000000
    6    7
  0.00161646  -0.00477121    -0.00170416   0.00915438    -0.00292270   0.00334008
 -0.00170416   0.00915438    -0.00738958  -0.00276652     0.00293854  -0.00316305
 -0.00292270   0.00334008     0.00293854  -0.00316305     0.00479659  -0.00526520
    7    1
  0.00106068  -0.01493269    -0.00508470   0.00731040    -0.00324827   0.00921841
 -0.02062942   0.00382042     0.00875215  -0.00427544     0.00853797  -0.00131451
 -0.00221768   0.00711988     0.00253314  -0.00771218    -0.00069384  -0.00169254
    7    2
 -0.01091317  -0.00902122     0.00307769  -0.00254923     0.00458367   0.00471659
  0.00521663   0.00475274    -0.00565527   0.00007973     0.00512689  -0.00135069
  0.00662074  -0.00236748    -0.00281054   0.00515520    -0.00274415   0.00157034
    7    3
 -0.01052937  -0.00980418     0.00061358   0.00264200    -0.00009916  -0.00595598
  0.00562482   0.00527428     0.00537023  -0.00495252    -0.00586897  -0.00342003
  0.00519762  -0.00087675     0.00194854  -0.00538971     0.00034488  -0.00289191
    7    4
  0.01024114  -0.00000000    -0.00325608  -0.00076900    -0.00325054   0.00484309
 -0.00325054  -0.00484309     0.00022810   0.00437513     0.00987761  -0.00000000
 -0.00325608   0.00076900    -0.00356438   0.00000000     0.00022810  -0.00437513
    7    5
  0.00256454   0.00875821    -0.00614704  -0.00132064    -0.00338547  -0.00773551
 -0.00338547  -0.00773551    -0.00167143   0.00144106    -0.00945964   0.00242371
 -0.00614704  -0.00132064    -0.00202407  -0.00506172    -0.00167143   0.00144106
    7    6
  0.00161646   0.00477121    -0.00170416  -0.00915438    -0.00292270  -0.00334008
 -0.00170416  -0.00915438    -0.00738958   0.00276652     0.00293854   0.00316305
 -0.00292270  -0.00334008     0.00293854   0.00316305     0.00479659   0.00526520
    7    7
  0.01568646  -0.00000000    -0.00207064   0.00244311    -0.00246823  -0.00421401
 -0.00207064  -0.00244311     0.01281480  -0.00000000     0.00427113   0.00192345
 -0.00246823   0.00421401     0.00427113  -0.00192345     0.00938824   0.00000000

     Dynamical  Matrix in cartesian axes

     q = (   -0.433012702   0.216506351   0.216506351 ) 

    1    1
  0.05282946  -0.00000000     0.02077623   0.00000000     0.02077623   0.00000000
  0.02077623   0.00000000     0.01566731  -0.00000000     0.00904197  -0.00000000
  0.02077623   0.00000000     0.00904197  -0.00000000     0.01566731  -0.00000000
    1    2
  0.01370396  -0.00000000     0.00523657   0.01273971     0.00523657  -0.01273971
  0.01106534   0.00028142     0.00208075   0.00700285     0.00247570  -0.00199478
  0.01106534  -0.00028142     0.00247570   0.00199478     0.00208075  -0.00700285
    1    3
  0.01370396   0.00000000     0.00523657  -0.01273971     0.00523657   0.01273971
  0.01106534  -0.00028142     0.00208075  -0.00700285     0.00247570   0.00199478
  0.01106534   0.00028142     0.00247570  -0.00199478     0.00208075   0.00700285
    1    4
 -0.00106068  -0.01493269    -0.00221768  -0.00711988    -0.02062942  -0.00382042
 -0.00324827  -0.00921841     0.00069384  -0.00169254    -0.00853797  -0.00131451
 -0.00508470  -0.00731040    -0.00253314  -0.00771218    -0.00875215  -0.00427544
    1    5
 -0.00106068   0.01493269    -0.00221768   0.00711988    -0.02062942   0.00382042
 -0.00324827   0.00921841     0.00069384   0.00169254    -0.00853797   0.00131451
 -0.00508470   0.00731040    -0.00253314   0.00771218    -0.00875215   0.00427544
    1    6
 -0.00106068   0.01493269    -0.02062942   0.00382042    -0.00221768   0.00711988
 -0.00508470   0.00731040    -0.00875215   0.00427544    -0.00253314   0.00771218
 -0.00324827   0.00921841    -0.00853797   0.00131451     0.00069384   0.00169254
    1    7
 -0.00106068  -0.01493269    -0.02062942  -0.00382042    -0.00221768  -0.00711988
 -0.00508470  -0.00731040    -0.00875215  -0.00427544    -0.00253314  -0.00771218
 -0.00324827  -0.00921841    -0.00853797  -0.00131451     0.00069384  -0.00169254
    2    1
  0.01370396   0.00000000     0.01106534  -0.00028142     0.01106534   0.00028142
  0.00523657  -0.01273971     0.00208075  -0.00700285     0.00247570  -0.00199478
  0.00523657   0.01273971     0.00247570   0.00199478     0.00208075   0.00700285
    2    2
  0.02269402  -0.00000000     0.00184055   0.00313774     0.00184055  -0.00313774
  0.00184055  -0.00313774     0.00872404  -0.00000000     0.00049842  -0.00347905
  0.00184055   0.00313774     0.00049842   0.00347905     0.00872404   0.00000000
    2    3
  0.02032349   0.00000000     0.00082018  -0.00279479     0.00082018   0.00279479
  0.00082018  -0.00279479    -0.00583981  -0.00350221     0.00108117   0.00000000
  0.00082018   0.00279479     0.00108117   0.00000000    -0.00583981   0.00350221
    2    4
 -0.00902122  -0.01091317     0.00236748  -0.00662074    -0.00475274  -0.00521663
 -0.00471659  -0.00458367     0.00157034  -0.00274415    -0.00135069   0.00512689
  0.00254923  -0.00307769     0.00515520  -0.00281054     0.00007973  -0.00565527
    2    5
 -0.00980418   0.01052937     0.00087675   0.00519762    -0.00527428   0.00562482
  0.00595598  -0.00009916    -0.00289191  -0.00034488    -0.00342003   0.00586897
 -0.00264200   0.00061358    -0.00538971  -0.00194854    -0.00495252  -0.00537023
    2    6
 -0.00902122   0.01091317    -0.00475274   0.00521663     0.00236748   0.00662074
  0.00254923   0.00307769     0.00007973   0.00565527     0.00515520   0.00281054
 -0.00471659   0.00458367    -0.00135069  -0.00512689     0.00157034   0.00274415
    2    7
 -0.00980418  -0.01052937    -0.00527428  -0.00562482     0.00087675  -0.00519762
 -0.00264200  -0.00061358    -0.00495252   0.00537023    -0.00538971   0.00194854
  0.00595598   0.00009916    -0.00342003  -0.00586897    -0.00289191   0.00034488
    3    1
  0.01370396  -0.00000000     0.01106534   0.00028142     0.01106534  -0.00028142
  0.00523657   0.01273971     0.00208075   0.00700285     0.00247570   0.00199478
  0.00523657  -0.01273971     0.00247570  -0.00199478     0.00208075  -0.00700285
    3    2
  0.02032349  -0.00000000     0.00082018   0.00279479     0.00082018  -0.00279479
  0.00082018   0.00279479    -0.00583981   0.00350221     0.00108117   0.00000000
  0.00082018  -0.00279479     0.00108117  -0.00000000    -0.00583981  -0.00350221
    3    3
  0.02269402   0.00000000     0.00184055  -0.00313774     0.00184055   0.00313774
  0.00184055   0.00313774     0.00872404   0.00000000     0.00049842   0.00347905
  0.00184055  -0.00313774     0.00049842  -0.00347905     0.00872404  -0.00000000
    3    4
 -0.00980418  -0.01052937     0.00087675  -0.00519762    -0.00527428  -0.00562482
  0.00595598   0.00009916    -0.00289191   0.00034488    -0.00342003  -0.00586897
 -0.00264200  -0.00061358    -0.00538971   0.00194854    -0.00495252   0.00537023
    3    5
 -0.00902122   0.01091317     0.00236748   0.00662074    -0.00475274   0.00521663
 -0.00471659   0.00458367     0.00157034   0.00274415    -0.00135069  -0.00512689
  0.00254923   0.00307769     0.00515520   0.00281054     0.00007973   0.00565527
    3    6
 -0.00980418   0.01052937    -0.00527428   0.00562482     0.00087675   0.00519762
 -0.00264200   0.00061358    -0.00495252  -0.00537023    -0.00538971  -0.00194854
  0.00595598  -0.00009916    -0.00342003   0.00586897    -0.00289191  -0.00034488
    3    7
 -0.00902122  -0.01091317    -0.00475274  -0.00521663     0.00236748  -0.00662074
  0.00254923  -0.00307769     0.00007973  -0.00565527     0.00515520  -0.00281054
 -0.00471659  -0.00458367    -0.00135069   0.00512689     0.00157034  -0.00274415
    4    1
 -0.00106068   0.01493269    -0.00324827   0.00921841    -0.00508470   0.00731040
 -0.00221768   0.00711988     0.00069384   0.00169254    -0.00253314   0.00771218
 -0.02062942   0.00382042    -0.00853797   0.00131451    -0.00875215   0.00427544
    4    2
 -0.00902122   0.01091317    -0.00471659   0.00458367     0.00254923   0.00307769
  0.00236748   0.00662074     0.00157034   0.00274415     0.00515520   0.00281054
 -0.00475274   0.00521663    -0.00135069  -0.00512689     0.00007973   0.00565527
    4    3
 -0.00980418   0.01052937     0.00595598  -0.00009916    -0.00264200   0.00061358
  0.00087675   0.00519762    -0.00289191  -0.00034488    -0.00538971  -0.00194854
 -0.00527428   0.00562482    -0.00342003   0.00586897    -0.00495252  -0.00537023
    4    4
  0.01568646  -0.00000000     0.00246823   0.00421401     0.00207064  -0.00244311
  0.00246823  -0.00421401     0.00938824   0.00000000     0.00427113  -0.00192345
  0.00207064   0.00244311     0.00427113   0.00192345     0.01281480  -0.00000000
    4    5
 -0.00161646  -0.00477121    -0.00292270  -0.00334008    -0.00170416  -0.00915438
 -0.00292270  -0.00334008    -0.00479659  -0.00526520    -0.00293854  -0.00316305
 -0.00170416  -0.00915438    -0.00293854  -0.00316305     0.00738958  -0.00276652
    4    6
 -0.00256454  -0.00875821    -0.00338547  -0.00773551    -0.00614704  -0.00132064
 -0.00614704  -0.00132064     0.00167143  -0.00144106     0.00202407   0.00506172
 -0.00338547  -0.00773551     0.00945964  -0.00242371     0.00167143  -0.00144106
    4    7
  0.01024114  -0.00000000     0.00325054  -0.00484309     0.00325608   0.00076900
  0.00325608  -0.00076900     0.00022810  -0.00437513    -0.00356438   0.00000000
  0.00325054   0.00484309     0.00987761  -0.00000000     0.00022810   0.00437513
    5    1
 -0.00106068  -0.01493269    -0.00324827  -0.00921841    -0.00508470  -0.00731040
 -0.00221768  -0.00711988     0.00069384  -0.00169254    -0.00253314  -0.00771218
 -0.02062942  -0.00382042    -0.00853797  -0.00131451    -0.00875215  -0.00427544
    5    2
 -0.00980418  -0.01052937     0.00595598   0.00009916    -0.00264200  -0.00061358
  0.00087675  -0.00519762    -0.00289191   0.00034488    -0.00538971   0.00194854
 -0.00527428  -0.00562482    -0.00342003  -0.00586897    -0.00495252   0.00537023
    5    3
 -0.00902122  -0.01091317    -0.00471659  -0.00458367     0.00254923  -0.00307769
  0.00236748  -0.00662074     0.00157034  -0.00274415     0.00515520  -0.00281054
 -0.00475274  -0.00521663    -0.00135069   0.00512689     0.00007973  -0.00565527
    5    4
 -0.00161646   0.00477121    -0.00292270   0.00334008    -0.00170416   0.00915438
 -0.00292270   0.00334008    -0.00479659   0.00526520    -0.00293854   0.00316305
 -0.00170416   0.00915438    -0.00293854   0.00316305     0.00738958   0.00276652
    5    5
  0.01568646   0.00000000     0.00246823  -0.00421401     0.00207064   0.00244311
  0.00246823   0.00421401     0.00938824  -0.00000000     0.00427113   0.00192345
  0.00207064  -0.00244311     0.00427113  -0.00192345     0.01281480   0.00000000
    5    6
  0.01024114   0.00000000     0.00325054   0.00484309     0.00325608  -0.00076900
  0.00325608   0.00076900     0.00022810   0.00437513    -0.00356438  -0.00000000
  0.00325054  -0.00484309     0.00987761   0.00000000     0.00022810  -0.00437513
    5    7
 -0.00256454   0.00875821    -0.00338547   0.00773551    -0.00614704   0.00132064
 -0.00614704   0.00132064     0.00167143   0.00144106     0.00202407  -0.00506172
 -0.00338547   0.00773551     0.00945964   0.00242371     0.00167143   0.00144106
    6    1
 -0.00106068  -0.01493269    -0.00508470  -0.00731040    -0.00324827  -0.00921841
 -0.02062942  -0.00382042    -0.00875215  -0.00427544    -0.00853797  -0.00131451
 -0.00221768  -0.00711988    -0.00253314  -0.00771218     0.00069384  -0.00169254
    6    2
 -0.00902122  -0.01091317     0.00254923  -0.00307769    -0.00471659  -0.00458367
 -0.00475274  -0.00521663     0.00007973  -0.00565527    -0.00135069   0.00512689
  0.00236748  -0.00662074     0.00515520  -0.00281054     0.00157034  -0.00274415
    6    3
 -0.00980418  -0.01052937    -0.00264200  -0.00061358     0.00595598   0.00009916
 -0.00527428  -0.00562482    -0.00495252   0.00537023    -0.00342003  -0.00586897
  0.00087675  -0.00519762    -0.00538971   0.00194854    -0.00289191   0.00034488
    6    4
 -0.00256454   0.00875821    -0.00614704   0.00132064    -0.00338547   0.00773551
 -0.00338547   0.00773551     0.00167143   0.00144106     0.00945964   0.00242371
 -0.00614704   0.00132064     0.00202407  -0.00506172     0.00167143   0.00144106
    6    5
  0.01024114  -0.00000000     0.00325608  -0.00076900     0.00325054   0.00484309
  0.00325054  -0.00484309     0.00022810  -0.00437513     0.00987761  -0.00000000
  0.00325608   0.00076900    -0.00356438   0.00000000     0.00022810   0.00437513
    6    6
  0.01568646   0.00000000     0.00207064   0.00244311     0.00246823  -0.00421401
  0.00207064  -0.00244311     0.01281480   0.00000000     0.00427113  -0.00192345
  0.00246823   0.00421401     0.00427113   0.00192345     0.00938824  -0.00000000
    6    7
 -0.00161646   0.00477121    -0.00170416   0.00915438    -0.00292270   0.00334008
 -0.00170416   0.00915438     0.00738958   0.00276652    -0.00293854   0.00316305
 -0.00292270   0.00334008    -0.00293854   0.00316305    -0.00479659   0.00526520
    7    1
 -0.00106068   0.01493269    -0.00508470   0.00731040    -0.00324827   0.00921841
 -0.02062942   0.00382042    -0.00875215   0.00427544    -0.00853797   0.00131451
 -0.00221768   0.00711988    -0.00253314   0.00771218     0.00069384   0.00169254
    7    2
 -0.00980418   0.01052937    -0.00264200   0.00061358     0.00595598  -0.00009916
 -0.00527428   0.00562482    -0.00495252  -0.00537023    -0.00342003   0.00586897
  0.00087675   0.00519762    -0.00538971  -0.00194854    -0.00289191  -0.00034488
    7    3
 -0.00902122   0.01091317     0.00254923   0.00307769    -0.00471659   0.00458367
 -0.00475274   0.00521663     0.00007973   0.00565527    -0.00135069  -0.00512689
  0.00236748   0.00662074     0.00515520   0.00281054     0.00157034   0.00274415
    7    4
  0.01024114   0.00000000     0.00325608   0.00076900     0.00325054  -0.00484309
  0.00325054   0.00484309     0.00022810   0.00437513     0.00987761   0.00000000
  0.00325608  -0.00076900    -0.00356438  -0.00000000     0.00022810  -0.00437513
    7    5
 -0.00256454  -0.00875821    -0.00614704  -0.00132064    -0.00338547  -0.00773551
 -0.00338547  -0.00773551     0.00167143  -0.00144106     0.00945964  -0.00242371
 -0.00614704  -0.00132064     0.00202407   0.00506172     0.00167143  -0.00144106
    7    6
 -0.00161646  -0.00477121    -0.00170416  -0.00915438    -0.00292270  -0.00334008
 -0.00170416  -0.00915438     0.00738958  -0.00276652    -0.00293854  -0.00316305
 -0.00292270  -0.00334008    -0.00293854  -0.00316305    -0.00479659  -0.00526520
    7    7
  0.01568646  -0.00000000     0.00207064  -0.00244311     0.00246823   0.00421401
  0.00207064   0.00244311     0.01281480  -0.00000000     0.00427113   0.00192345
  0.00246823  -0.00421401     0.00427113  -0.00192345     0.00938824   0.00000000

     Dynamical  Matrix in cartesian axes

     q = (    0.216506351  -0.433012702   0.216506351 ) 

    1    1
  0.01566731  -0.00000000     0.02077623   0.00000000     0.00904197  -0.00000000
  0.02077623   0.00000000     0.05282946  -0.00000000     0.02077623   0.00000000
  0.00904197  -0.00000000     0.02077623   0.00000000     0.01566731  -0.00000000
    1    2
  0.00069384   0.00169254    -0.00324827   0.00921841    -0.00853797   0.00131451
 -0.00221768   0.00711988    -0.00106068   0.01493269    -0.02062942   0.00382042
 -0.00253314   0.00771218    -0.00508470   0.00731040    -0.00875215   0.00427544
    1    3
  0.00069384  -0.00169254    -0.00324827  -0.00921841    -0.00853797  -0.00131451
 -0.00221768  -0.00711988    -0.00106068  -0.01493269    -0.02062942  -0.00382042
 -0.00253314  -0.00771218    -0.00508470  -0.00731040    -0.00875215  -0.00427544
    1    4
  0.00208075  -0.00700285     0.01106534  -0.00028142     0.00247570   0.00199478
  0.00523657  -0.01273971     0.01370396  -0.00000000     0.00523657   0.01273971
  0.00247570  -0.00199478     0.01106534   0.00028142     0.00208075   0.00700285
    1    5
  0.00208075   0.00700285     0.01106534   0.00028142     0.00247570  -0.00199478
  0.00523657   0.01273971     0.01370396   0.00000000     0.00523657  -0.01273971
  0.00247570   0.00199478     0.01106534  -0.00028142     0.00208075  -0.00700285
    1    6
 -0.00875215  -0.00427544    -0.00508470  -0.00731040    -0.00253314  -0.00771218
 -0.02062942  -0.00382042    -0.00106068  -0.01493269    -0.00221768  -0.00711988
 -0.00853797  -0.00131451    -0.00324827  -0.00921841     0.00069384  -0.00169254
    1    7
 -0.00875215   0.00427544    -0.00508470   0.00731040    -0.00253314   0.00771218
 -0.02062942   0.00382042    -0.00106068   0.01493269    -0.00221768   0.00711988
 -0.00853797   0.00131451    -0.00324827   0.00921841     0.00069384   0.00169254
    2    1
  0.00069384  -0.00169254    -0.00221768  -0.00711988    -0.00253314  -0.00771218
 -0.00324827  -0.00921841    -0.00106068  -0.01493269    -0.00508470  -0.00731040
 -0.00853797  -0.00131451    -0.02062942  -0.00382042    -0.00875215  -0.00427544
    2    2
  0.00938824  -0.00000000     0.00246823   0.00421401     0.00427113   0.00192345
  0.00246823  -0.00421401     0.01568646   0.00000000     0.00207064   0.00244311
  0.00427113  -0.00192345     0.00207064  -0.00244311     0.01281480   0.00000000
    2    3
 -0.00479659   0.00526520    -0.00292270   0.00334008    -0.00293854   0.00316305
 -0.00292270   0.00334008    -0.00161646   0.00477121    -0.00170416   0.00915438
 -0.00293854   0.00316305    -0.00170416   0.00915438     0.00738958   0.00276652
    2    4
  0.00157034  -0.00274415     0.00236748  -0.00662074     0.00515520  -0.00281054
 -0.00471659  -0.00458367    -0.00902122  -0.01091317     0.00254923  -0.00307769
 -0.00135069   0.00512689    -0.00475274  -0.00521663     0.00007973  -0.00565527
    2    5
 -0.00289191   0.00034488     0.00087675  -0.00519762    -0.00538971   0.00194854
  0.00595598   0.00009916    -0.00980418  -0.01052937    -0.00264200  -0.00061358
 -0.00342003  -0.00586897    -0.00527428  -0.00562482    -0.00495252   0.00537023
    2    6
  0.00167143   0.00144106    -0.00614704   0.00132064     0.00202407  -0.00506172
 -0.00338547   0.00773551    -0.00256454   0.00875821    -0.00614704   0.00132064
  0.00945964   0.00242371    -0.00338547   0.00773551     0.00167143   0.00144106
    2    7
  0.00022810   0.00437513     0.00325608   0.00076900    -0.00356438  -0.00000000
  0.00325054   0.00484309     0.01024114   0.00000000     0.00325608  -0.00076900
  0.00987761   0.00000000     0.00325054  -0.00484309     0.00022810  -0.00437513
    3    1
  0.00069384   0.00169254    -0.00221768   0.00711988    -0.00253314   0.00771218
 -0.00324827   0.00921841    -0.00106068   0.01493269    -0.00508470   0.00731040
 -0.00853797   0.00131451    -0.02062942   0.00382042    -0.00875215   0.00427544
    3    2
 -0.00479659  -0.00526520    -0.00292270  -0.00334008    -0.00293854  -0.00316305
 -0.00292270  -0.00334008    -0.00161646  -0.00477121    -0.00170416  -0.00915438
 -0.00293854  -0.00316305    -0.00170416  -0.00915438     0.00738958  -0.00276652
    3    3
  0.00938824   0.00000000     0.00246823  -0.00421401     0.00427113  -0.00192345
  0.00246823   0.00421401     0.01568646  -0.00000000     0.00207064  -0.00244311
  0.00427113   0.00192345     0.00207064   0.00244311     0.01281480  -0.00000000
    3    4
 -0.00289191  -0.00034488     0.00087675   0.00519762    -0.00538971  -0.00194854
  0.00595598  -0.00009916    -0.00980418   0.01052937    -0.00264200   0.00061358
 -0.00342003   0.00586897    -0.00527428   0.00562482    -0.00495252  -0.00537023
    3    5
  0.00157034   0.00274415     0.00236748   0.00662074     0.00515520   0.00281054
 -0.00471659   0.00458367    -0.00902122   0.01091317     0.00254923   0.00307769
 -0.00135069  -0.00512689    -0.00475274   0.00521663     0.00007973   0.00565527
    3    6
  0.00022810  -0.00437513     0.00325608  -0.00076900    -0.00356438  -0.00000000
  0.00325054  -0.00484309     0.01024114   0.00000000     0.00325608   0.00076900
  0.00987761   0.00000000     0.00325054   0.00484309     0.00022810   0.00437513
    3    7
  0.00167143  -0.00144106    -0.00614704  -0.00132064     0.00202407   0.00506172
 -0.00338547  -0.00773551    -0.00256454  -0.00875821    -0.00614704  -0.00132064
  0.00945964  -0.00242371    -0.00338547  -0.00773551     0.00167143  -0.00144106
    4    1
  0.00208075   0.00700285     0.00523657   0.01273971     0.00247570   0.00199478
  0.01106534   0.00028142     0.01370396   0.00000000     0.01106534  -0.00028142
  0.00247570  -0.00199478     0.00523657  -0.01273971     0.00208075  -0.00700285
    4    2
  0.00157034   0.00274415    -0.00471659   0.00458367    -0.00135069  -0.00512689
  0.00236748   0.00662074    -0.00902122   0.01091317    -0.00475274   0.00521663
  0.00515520   0.00281054     0.00254923   0.00307769     0.00007973   0.00565527
    4    3
 -0.00289191   0.00034488     0.00595598   0.00009916    -0.00342003  -0.00586897
  0.00087675  -0.00519762    -0.00980418  -0.01052937    -0.00527428  -0.00562482
 -0.00538971   0.00194854    -0.00264200  -0.00061358    -0.00495252   0.00537023
    4    4
  0.00872404   0.00000000     0.00184055   0.00313774     0.00049842   0.00347905
  0.00184055  -0.00313774     0.02269402   0.00000000     0.00184055   0.00313774
  0.00049842  -0.00347905     0.00184055  -0.00313774     0.00872404  -0.00000000
    4    5
 -0.00583981   0.00350221     0.00082018   0.00279479     0.00108117   0.00000000
  0.00082018   0.00279479     0.02032349   0.00000000     0.00082018  -0.00279479
  0.00108117   0.00000000     0.00082018  -0.00279479    -0.00583981  -0.00350221
    4    6
  0.00007973  -0.00565527     0.00254923  -0.00307769     0.00515520  -0.00281054
 -0.00475274  -0.00521663    -0.00902122  -0.01091317     0.00236748  -0.00662074
 -0.00135069   0.00512689    -0.00471659  -0.00458367     0.00157034  -0.00274415
    4    7
 -0.00495252  -0.00537023    -0.00264200   0.00061358    -0.00538971  -0.00194854
 -0.00527428   0.00562482    -0.00980418   0.01052937     0.00087675   0.00519762
 -0.00342003   0.00586897     0.00595598  -0.00009916    -0.00289191  -0.00034488
    5    1
  0.00208075  -0.00700285     0.00523657  -0.01273971     0.00247570  -0.00199478
  0.01106534  -0.00028142     0.01370396  -0.00000000     0.01106534   0.00028142
  0.00247570   0.00199478     0.00523657   0.01273971     0.00208075   0.00700285
    5    2
 -0.00289191  -0.00034488     0.00595598  -0.00009916    -0.00342003   0.00586897
  0.00087675   0.00519762    -0.00980418   0.01052937    -0.00527428   0.00562482
 -0.00538971  -0.00194854    -0.00264200   0.00061358    -0.00495252  -0.00537023
    5    3
  0.00157034  -0.00274415    -0.00471659  -0.00458367    -0.00135069   0.00512689
  0.00236748  -0.00662074    -0.00902122  -0.01091317    -0.00475274  -0.00521663
  0.00515520  -0.00281054     0.00254923  -0.00307769     0.00007973  -0.00565527
    5    4
 -0.00583981  -0.00350221     0.00082018  -0.00279479     0.00108117  -0.00000000
  0.00082018  -0.00279479     0.02032349  -0.00000000     0.00082018   0.00279479
  0.00108117  -0.00000000     0.00082018   0.00279479    -0.00583981   0.00350221
    5    5
  0.00872404  -0.00000000     0.00184055  -0.00313774     0.00049842  -0.00347905
  0.00184055   0.00313774     0.02269402  -0.00000000     0.00184055  -0.00313774
  0.00049842   0.00347905     0.00184055   0.00313774     0.00872404   0.00000000
    5    6
 -0.00495252   0.00537023    -0.00264200  -0.00061358    -0.00538971   0.00194854
 -0.00527428  -0.00562482    -0.00980418  -0.01052937     0.00087675  -0.00519762
 -0.00342003  -0.00586897     0.00595598   0.00009916    -0.00289191   0.00034488
    5    7
  0.00007973   0.00565527     0.00254923   0.00307769     0.00515520   0.00281054
 -0.00475274   0.00521663    -0.00902122   0.01091317     0.00236748   0.00662074
 -0.00135069  -0.00512689    -0.00471659   0.00458367     0.00157034   0.00274415
    6    1
 -0.00875215   0.00427544    -0.02062942   0.00382042    -0.00853797   0.00131451
 -0.00508470   0.00731040    -0.00106068   0.01493269    -0.00324827   0.00921841
 -0.00253314   0.00771218    -0.00221768   0.00711988     0.00069384   0.00169254
    6    2
  0.00167143  -0.00144106    -0.00338547  -0.00773551     0.00945964  -0.00242371
 -0.00614704  -0.00132064    -0.00256454  -0.00875821    -0.00338547  -0.00773551
  0.00202407   0.00506172    -0.00614704  -0.00132064     0.00167143  -0.00144106
    6    3
  0.00022810   0.00437513     0.00325054   0.00484309     0.00987761  -0.00000000
  0.00325608   0.00076900     0.01024114  -0.00000000     0.00325054  -0.00484309
 -0.00356438   0.00000000     0.00325608  -0.00076900     0.00022810  -0.00437513
    6    4
  0.00007973   0.00565527    -0.00475274   0.00521663    -0.00135069  -0.00512689
  0.00254923   0.00307769    -0.00902122   0.01091317    -0.00471659   0.00458367
  0.00515520   0.00281054     0.00236748   0.00662074     0.00157034   0.00274415
    6    5
 -0.00495252  -0.00537023    -0.00527428   0.00562482    -0.00342003   0.00586897
 -0.00264200   0.00061358    -0.00980418   0.01052937     0.00595598  -0.00009916
 -0.00538971  -0.00194854     0.00087675   0.00519762    -0.00289191  -0.00034488
    6    6
  0.01281480  -0.00000000     0.00207064   0.00244311     0.00427113   0.00192345
  0.00207064  -0.00244311     0.01568646  -0.00000000     0.00246823   0.00421401
  0.00427113  -0.00192345     0.00246823  -0.00421401     0.00938824   0.00000000
    6    7
  0.00738958  -0.00276652    -0.00170416  -0.00915438    -0.00293854  -0.00316305
 -0.00170416  -0.00915438    -0.00161646  -0.00477121    -0.00292270  -0.00334008
 -0.00293854  -0.00316305    -0.00292270  -0.00334008    -0.00479659  -0.00526520
    7    1
 -0.00875215  -0.00427544    -0.02062942  -0.00382042    -0.00853797  -0.00131451
 -0.00508470  -0.00731040    -0.00106068  -0.01493269    -0.00324827  -0.00921841
 -0.00253314  -0.00771218    -0.00221768  -0.00711988     0.00069384  -0.00169254
    7    2
  0.00022810  -0.00437513     0.00325054  -0.00484309     0.00987761  -0.00000000
  0.00325608  -0.00076900     0.01024114  -0.00000000     0.00325054   0.00484309
 -0.00356438   0.00000000     0.00325608   0.00076900     0.00022810   0.00437513
    7    3
  0.00167143   0.00144106    -0.00338547   0.00773551     0.00945964   0.00242371
 -0.00614704   0.00132064    -0.00256454   0.00875821    -0.00338547   0.00773551
  0.00202407  -0.00506172    -0.00614704   0.00132064     0.00167143   0.00144106
    7    4
 -0.00495252   0.00537023    -0.00527428  -0.00562482    -0.00342003  -0.00586897
 -0.00264200  -0.00061358    -0.00980418  -0.01052937     0.00595598   0.00009916
 -0.00538971   0.00194854     0.00087675  -0.00519762    -0.00289191   0.00034488
    7    5
  0.00007973  -0.00565527    -0.00475274  -0.00521663    -0.00135069   0.00512689
  0.00254923  -0.00307769    -0.00902122  -0.01091317    -0.00471659  -0.00458367
  0.00515520  -0.00281054     0.00236748  -0.00662074     0.00157034  -0.00274415
    7    6
  0.00738958   0.00276652    -0.00170416   0.00915438    -0.00293854   0.00316305
 -0.00170416   0.00915438    -0.00161646   0.00477121    -0.00292270   0.00334008
 -0.00293854   0.00316305    -0.00292270   0.00334008    -0.00479659   0.00526520
    7    7
  0.01281480   0.00000000     0.00207064  -0.00244311     0.00427113  -0.00192345
  0.00207064   0.00244311     0.01568646   0.00000000     0.00246823  -0.00421401
  0.00427113   0.00192345     0.00246823   0.00421401     0.00938824  -0.00000000

     Dynamical  Matrix in cartesian axes

     q = (   -0.216506351  -0.433012702   0.216506351 ) 

    1    1
  0.01566731  -0.00000000    -0.02077623  -0.00000000    -0.00904197   0.00000000
 -0.02077623  -0.00000000     0.05282946  -0.00000000     0.02077623   0.00000000
 -0.00904197   0.00000000     0.02077623   0.00000000     0.01566731   0.00000000
    1    2
 -0.00169254  -0.00069384     0.00921841  -0.00324827     0.00131451  -0.00853797
  0.00711988  -0.00221768    -0.01493269   0.00106068    -0.00382042   0.02062942
  0.00771218  -0.00253314    -0.00731040   0.00508470    -0.00427544   0.00875215
    1    3
 -0.00069384  -0.00169254    -0.00324827   0.00921841    -0.00853797   0.00131451
 -0.00221768   0.00711988     0.00106068  -0.01493269     0.02062942  -0.00382042
 -0.00253314   0.00771218     0.00508470  -0.00731040     0.00875215  -0.00427544
    1    4
  0.00700285   0.00208075    -0.00028142  -0.01106534     0.00199478  -0.00247570
 -0.01273971  -0.00523657     0.00000000   0.01370396    -0.01273971   0.00523657
 -0.00199478  -0.00247570    -0.00028142   0.01106534    -0.00700285   0.00208075
    1    5
  0.00208075   0.00700285    -0.01106534  -0.00028142    -0.00247570   0.00199478
 -0.00523657  -0.01273971     0.01370396   0.00000000     0.00523657  -0.01273971
 -0.00247570  -0.00199478     0.01106534  -0.00028142     0.00208075  -0.00700285
    1    6
 -0.00875215  -0.00427544     0.00508470   0.00731040     0.00253314   0.00771218
  0.02062942   0.00382042    -0.00106068  -0.01493269    -0.00221768  -0.00711988
  0.00853797   0.00131451    -0.00324827  -0.00921841     0.00069384  -0.00169254
    1    7
 -0.00427544  -0.00875215     0.00731040   0.00508470     0.00771218   0.00253314
  0.00382042   0.02062942    -0.01493269  -0.00106068    -0.00711988  -0.00221768
