  1.500000000000000E-002   1.26023585003145        2.23508645248256     
          24

     Dynamical  Matrix in cartesian axes

     q = (    0.433012702   0.216506351   0.216506351 ) 

    1    1
  0.10564749   0.00000000    -0.00180981   0.00000000    -0.00180981   0.00000000
 -0.00180981   0.00000000     0.04270760   0.00000000     0.01648375   0.00000000
 -0.00180981   0.00000000     0.01648375   0.00000000     0.04270760   0.00000000
    1    2
 -0.00000000   0.01605726     0.01460369  -0.00319626    -0.01460369  -0.00319626
 -0.00059527  -0.00771533     0.00202426  -0.00204670    -0.00777924  -0.00519818
  0.00059527  -0.00771533     0.00777924  -0.00519818    -0.00202426  -0.00204670
    1    3
 -0.00000000   0.01605726    -0.01460369  -0.00319626     0.01460369  -0.00319626
  0.00059527  -0.00771533    -0.00202426  -0.00204670     0.00777924  -0.00519818
 -0.00059527  -0.00771533    -0.00777924  -0.00519818     0.00202426  -0.00204670
    1    4
 -0.01303269  -0.00092824    -0.00491398   0.00612744    -0.00484850  -0.00306426
 -0.00445461  -0.00506829     0.00935393   0.00200408     0.00945547  -0.00811454
 -0.00490003  -0.00080790     0.01449489   0.01382430     0.01086470   0.00061789
    1    5
  0.01303269  -0.00092824     0.00491398   0.00612744     0.00484850  -0.00306426
  0.00445461  -0.00506829    -0.00935393   0.00200408    -0.00945547  -0.00811454
  0.00490003  -0.00080790    -0.01449489   0.01382430    -0.01086470   0.00061789
    1    6
  0.01303269  -0.00092824     0.00484850  -0.00306426     0.00491398   0.00612744
  0.00490003  -0.00080790    -0.01086470   0.00061789    -0.01449489   0.01382430
  0.00445461  -0.00506829    -0.00945547  -0.00811454    -0.00935393   0.00200408
    1    7
 -0.01303269  -0.00092824    -0.00484850  -0.00306426    -0.00491398   0.00612744
 -0.00490003  -0.00080790     0.01086470   0.00061789     0.01449489   0.01382430
 -0.00445461  -0.00506829     0.00945547  -0.00811454     0.00935393   0.00200408
    2    1
 -0.00000000  -0.01605726    -0.00059527   0.00771533     0.00059527   0.00771533
  0.01460369   0.00319626     0.00202426   0.00204670     0.00777924   0.00519818
 -0.01460369   0.00319626    -0.00777924   0.00519818    -0.00202426   0.00204670
    2    2
  0.06603175  -0.00000000     0.00170523   0.00728869     0.00170523  -0.00728869
  0.00170523  -0.00728869     0.03301676   0.00000000     0.00531100   0.00086567
  0.00170523   0.00728869     0.00531100  -0.00086567     0.03301676   0.00000000
    2    3
  0.01791337   0.00000000     0.00144778   0.00017953     0.00144778  -0.00017953
  0.00144778   0.00017953    -0.01204282   0.01125144    -0.00074523   0.00000000
  0.00144778  -0.00017953    -0.00074523   0.00000000    -0.01204282  -0.01125144
    2    4
 -0.00745937   0.02142217    -0.00164196   0.01698889     0.00803939  -0.00575441
 -0.00358816   0.01952392     0.00606359   0.01694620    -0.00717729   0.00939461
 -0.00146746   0.00255213     0.00072408   0.00808677     0.00960227   0.01153863
    2    5
 -0.02063249  -0.00223336     0.00812853  -0.01181421     0.00539522   0.00069017
  0.02258124   0.00665275    -0.01114933   0.00856658     0.00817288  -0.00137486
  0.00306610   0.00183018    -0.00138816   0.00696238    -0.00648231   0.00070520
    2    6
 -0.00745937  -0.02142217     0.00803939   0.00575441    -0.00164196  -0.01698889
 -0.00146746  -0.00255213     0.00960227  -0.01153863     0.00072408  -0.00808677
 -0.00358816  -0.01952392    -0.00717729  -0.00939461     0.00606359  -0.01694620
    2    7
 -0.02063249   0.00223336     0.00539522  -0.00069017     0.00812853   0.01181421
  0.00306610  -0.00183018    -0.00648231  -0.00070520    -0.00138816  -0.00696238
  0.02258124  -0.00665275     0.00817288   0.00137486    -0.01114933  -0.00856658
    3    1
 -0.00000000  -0.01605726     0.00059527   0.00771533    -0.00059527   0.00771533
 -0.01460369   0.00319626    -0.00202426   0.00204670    -0.00777924   0.00519818
  0.01460369   0.00319626     0.00777924   0.00519818     0.00202426   0.00204670
    3    2
  0.01791337  -0.00000000     0.00144778  -0.00017953     0.00144778   0.00017953
  0.00144778  -0.00017953    -0.01204282  -0.01125144    -0.00074523  -0.00000000
  0.00144778   0.00017953    -0.00074523  -0.00000000    -0.01204282   0.01125144
    3    3
  0.06603175   0.00000000     0.00170523  -0.00728869     0.00170523   0.00728869
  0.00170523   0.00728869     0.03301676  -0.00000000     0.00531100  -0.00086567
  0.00170523  -0.00728869     0.00531100   0.00086567     0.03301676  -0.00000000
    3    4
 -0.02063249   0.00223336     0.00812853   0.01181421     0.00539522  -0.00069017
  0.02258124  -0.00665275    -0.01114933  -0.00856658     0.00817288   0.00137486
  0.00306610  -0.00183018    -0.00138816  -0.00696238    -0.00648231  -0.00070520
    3    5
 -0.00745937  -0.02142217    -0.00164196  -0.01698889     0.00803939   0.00575441
 -0.00358816  -0.01952392     0.00606359  -0.01694620    -0.00717729  -0.00939461
 -0.00146746  -0.00255213     0.00072408  -0.00808677     0.00960227  -0.01153863
    3    6
 -0.02063249  -0.00223336     0.00539522   0.00069017     0.00812853  -0.01181421
  0.00306610   0.00183018    -0.00648231   0.00070520    -0.00138816   0.00696238
  0.02258124   0.00665275     0.00817288  -0.00137486    -0.01114933   0.00856658
    3    7
 -0.00745937   0.02142217     0.00803939  -0.00575441    -0.00164196   0.01698889
 -0.00146746   0.00255213     0.00960227   0.01153863     0.00072408   0.00808677
 -0.00358816   0.01952392    -0.00717729   0.00939461     0.00606359   0.01694620
    4    1
 -0.01303269   0.00092824    -0.00445461   0.00506829    -0.00490003   0.00080790
 -0.00491398  -0.00612744     0.00935393  -0.00200408     0.01449489  -0.01382430
 -0.00484850   0.00306426     0.00945547   0.00811454     0.01086470  -0.00061789
    4    2
 -0.00745937  -0.02142217    -0.00358816  -0.01952392    -0.00146746  -0.00255213
 -0.00164196  -0.01698889     0.00606359  -0.01694620     0.00072408  -0.00808677
  0.00803939   0.00575441    -0.00717729  -0.00939461     0.00960227  -0.01153863
    4    3
 -0.02063249  -0.00223336     0.02258124   0.00665275     0.00306610   0.00183018
  0.00812853  -0.01181421    -0.01114933   0.00856658    -0.00138816   0.00696238
  0.00539522   0.00069017     0.00817288  -0.00137486    -0.00648231   0.00070520
    4    4
  0.04276799  -0.00000000     0.00240008  -0.00806584     0.00452126   0.00183882
  0.00240008   0.00806584     0.03729588  -0.00000000     0.00479441   0.00016245
  0.00452126  -0.00183882     0.00479441  -0.00016245     0.04064857   0.00000000
    4    5
  0.00037981  -0.00444718     0.00203113  -0.00272544    -0.00340454  -0.01284970
  0.00203113  -0.00272544     0.00583303   0.01854609     0.00671242   0.00272356
 -0.00340454  -0.01284970     0.00671242   0.00272356    -0.02073777  -0.00371625
    4    6
  0.00248817   0.00776457    -0.00656211  -0.00682224    -0.01148244   0.00147523
 -0.01148244   0.00147523    -0.00917327  -0.00563056    -0.01469270  -0.01016796
 -0.00656211  -0.00682224    -0.03229770  -0.00311948    -0.00917327  -0.00563056
    4    7
  0.00175340   0.00000000     0.00019473   0.01090920    -0.00443948  -0.00349423
 -0.00443948   0.00349423    -0.01007364  -0.00819822    -0.00548390  -0.00000000
  0.00019473  -0.01090920     0.02642178  -0.00000000    -0.01007364   0.00819822
    5    1
  0.01303269   0.00092824     0.00445461   0.00506829     0.00490003   0.00080790
  0.00491398  -0.00612744    -0.00935393  -0.00200408    -0.01449489  -0.01382430
  0.00484850   0.00306426    -0.00945547   0.00811454    -0.01086470  -0.00061789
    5    2
 -0.02063249   0.00223336     0.02258124  -0.00665275     0.00306610  -0.00183018
  0.00812853   0.01181421    -0.01114933  -0.00856658    -0.00138816  -0.00696238
  0.00539522  -0.00069017     0.00817288   0.00137486    -0.00648231  -0.00070520
    5    3
 -0.00745937   0.02142217    -0.00358816   0.01952392    -0.00146746   0.00255213
 -0.00164196   0.01698889     0.00606359   0.01694620     0.00072408   0.00808677
  0.00803939  -0.00575441    -0.00717729   0.00939461     0.00960227   0.01153863
    5    4
  0.00037981   0.00444718     0.00203113   0.00272544    -0.00340454   0.01284970
  0.00203113   0.00272544     0.00583303  -0.01854609     0.00671242  -0.00272356
 -0.00340454   0.01284970     0.00671242  -0.00272356    -0.02073777   0.00371625
    5    5
  0.04276799   0.00000000     0.00240008   0.00806584     0.00452126  -0.00183882
  0.00240008  -0.00806584     0.03729588   0.00000000     0.00479441  -0.00016245
  0.00452126   0.00183882     0.00479441   0.00016245     0.04064857  -0.00000000
    5    6
  0.00175340  -0.00000000     0.00019473  -0.01090920    -0.00443948   0.00349423
 -0.00443948  -0.00349423    -0.01007364   0.00819822    -0.00548390   0.00000000
  0.00019473   0.01090920     0.02642178   0.00000000    -0.01007364  -0.00819822
    5    7
  0.00248817  -0.00776457    -0.00656211   0.00682224    -0.01148244  -0.00147523
 -0.01148244  -0.00147523    -0.00917327   0.00563056    -0.01469270   0.01016796
 -0.00656211   0.00682224    -0.03229770   0.00311948    -0.00917327   0.00563056
    6    1
  0.01303269   0.00092824     0.00490003   0.00080790     0.00445461   0.00506829
  0.00484850   0.00306426    -0.01086470  -0.00061789    -0.00945547   0.00811454
  0.00491398  -0.00612744    -0.01449489  -0.01382430    -0.00935393  -0.00200408
    6    2
 -0.00745937   0.02142217    -0.00146746   0.00255213    -0.00358816   0.01952392
  0.00803939  -0.00575441     0.00960227   0.01153863    -0.00717729   0.00939461
 -0.00164196   0.01698889     0.00072408   0.00808677     0.00606359   0.01694620
    6    3
 -0.02063249   0.00223336     0.00306610  -0.00183018     0.02258124  -0.00665275
  0.00539522  -0.00069017    -0.00648231  -0.00070520     0.00817288   0.00137486
  0.00812853   0.01181421    -0.00138816  -0.00696238    -0.01114933  -0.00856658
    6    4
  0.00248817  -0.00776457    -0.01148244  -0.00147523    -0.00656211   0.00682224
 -0.00656211   0.00682224    -0.00917327   0.00563056    -0.03229770   0.00311948
 -0.01148244  -0.00147523    -0.01469270   0.01016796    -0.00917327   0.00563056
    6    5
  0.00175340   0.00000000    -0.00443948   0.00349423     0.00019473  -0.01090920
  0.00019473   0.01090920    -0.01007364  -0.00819822     0.02642178  -0.00000000
 -0.00443948  -0.00349423    -0.00548390  -0.00000000    -0.01007364   0.00819822
    6    6
  0.04276799   0.00000000     0.00452126  -0.00183882     0.00240008   0.00806584
  0.00452126   0.00183882     0.04064857   0.00000000     0.00479441   0.00016245
  0.00240008  -0.00806584     0.00479441  -0.00016245     0.03729588   0.00000000
    6    7
  0.00037981   0.00444718    -0.00340454   0.01284970     0.00203113   0.00272544
 -0.00340454   0.01284970    -0.02073777   0.00371625     0.00671242  -0.00272356
  0.00203113   0.00272544     0.00671242  -0.00272356     0.00583303  -0.01854609
    7    1
 -0.01303269   0.00092824    -0.00490003   0.00080790    -0.00445461   0.00506829
 -0.00484850   0.00306426     0.01086470  -0.00061789     0.00945547   0.00811454
 -0.00491398  -0.00612744     0.01449489  -0.01382430     0.00935393  -0.00200408
    7    2
 -0.02063249  -0.00223336     0.00306610   0.00183018     0.02258124   0.00665275
  0.00539522   0.00069017    -0.00648231   0.00070520     0.00817288  -0.00137486
  0.00812853  -0.01181421    -0.00138816   0.00696238    -0.01114933   0.00856658
    7    3
 -0.00745937  -0.02142217    -0.00146746  -0.00255213    -0.00358816  -0.01952392
  0.00803939   0.00575441     0.00960227  -0.01153863    -0.00717729  -0.00939461
 -0.00164196  -0.01698889     0.00072408  -0.00808677     0.00606359  -0.01694620
    7    4
  0.00175340  -0.00000000    -0.00443948  -0.00349423     0.00019473   0.01090920
  0.00019473  -0.01090920    -0.01007364   0.00819822     0.02642178  -0.00000000
 -0.00443948   0.00349423    -0.00548390   0.00000000    -0.01007364  -0.00819822
    7    5
  0.00248817   0.00776457    -0.01148244   0.00147523    -0.00656211  -0.00682224
 -0.00656211  -0.00682224    -0.00917327  -0.00563056    -0.03229770  -0.00311948
 -0.01148244   0.00147523    -0.01469270  -0.01016796    -0.00917327  -0.00563056
    7    6
  0.00037981  -0.00444718    -0.00340454  -0.01284970     0.00203113  -0.00272544
 -0.00340454  -0.01284970    -0.02073777  -0.00371625     0.00671242   0.00272356
  0.00203113  -0.00272544     0.00671242   0.00272356     0.00583303   0.01854609
    7    7
  0.04276799  -0.00000000     0.00452126   0.00183882     0.00240008  -0.00806584
  0.00452126  -0.00183882     0.04064857  -0.00000000     0.00479441  -0.00016245
  0.00240008   0.00806584     0.00479441   0.00016245     0.03729588  -0.00000000

     Dynamical  Matrix in cartesian axes

     q = (   -0.433012702   0.216506351   0.216506351 ) 

    1    1
  0.10564749   0.00000000     0.00180981  -0.00000000     0.00180981  -0.00000000
  0.00180981  -0.00000000     0.04270760   0.00000000     0.01648375   0.00000000
  0.00180981  -0.00000000     0.01648375   0.00000000     0.04270760   0.00000000
    1    2
 -0.01605726   0.00000000    -0.00319626   0.01460369    -0.00319626  -0.01460369
 -0.00771533  -0.00059527     0.00204670  -0.00202426     0.00519818   0.00777924
 -0.00771533   0.00059527     0.00519818  -0.00777924     0.00204670   0.00202426
    1    3
 -0.01605726  -0.00000000    -0.00319626  -0.01460369    -0.00319626   0.01460369
 -0.00771533   0.00059527     0.00204670   0.00202426     0.00519818  -0.00777924
 -0.00771533  -0.00059527     0.00519818   0.00777924     0.00204670  -0.00202426
    1    4
  0.01303269   0.00092824    -0.00491398   0.00612744    -0.00484850  -0.00306426
 -0.00445461  -0.00506829    -0.00935393  -0.00200408    -0.00945547   0.00811454
 -0.00490003  -0.00080790    -0.01449489  -0.01382430    -0.01086470  -0.00061789
    1    5
  0.01303269  -0.00092824    -0.00491398  -0.00612744    -0.00484850   0.00306426
 -0.00445461   0.00506829    -0.00935393   0.00200408    -0.00945547  -0.00811454
 -0.00490003   0.00080790    -0.01449489   0.01382430    -0.01086470   0.00061789
    1    6
  0.01303269  -0.00092824    -0.00484850   0.00306426    -0.00491398  -0.00612744
 -0.00490003   0.00080790    -0.01086470   0.00061789    -0.01449489   0.01382430
 -0.00445461   0.00506829    -0.00945547  -0.00811454    -0.00935393   0.00200408
    1    7
  0.01303269   0.00092824    -0.00484850  -0.00306426    -0.00491398   0.00612744
 -0.00490003  -0.00080790    -0.01086470  -0.00061789    -0.01449489  -0.01382430
 -0.00445461  -0.00506829    -0.00945547   0.00811454    -0.00935393  -0.00200408
    2    1
 -0.01605726  -0.00000000    -0.00771533   0.00059527    -0.00771533  -0.00059527
 -0.00319626  -0.01460369     0.00204670   0.00202426     0.00519818   0.00777924
 -0.00319626   0.01460369     0.00519818  -0.00777924     0.00204670  -0.00202426
    2    2
  0.06603175  -0.00000000    -0.00170523   0.00728869    -0.00170523  -0.00728869
 -0.00170523  -0.00728869     0.03301676  -0.00000000     0.00531100  -0.00086567
 -0.00170523   0.00728869     0.00531100   0.00086567     0.03301676  -0.00000000
    2    3
  0.01791337   0.00000000    -0.00144778   0.00017953    -0.00144778  -0.00017953
 -0.00144778   0.00017953    -0.01204282  -0.01125144    -0.00074523  -0.00000000
 -0.00144778  -0.00017953    -0.00074523  -0.00000000    -0.01204282   0.01125144
    2    4
 -0.00223336  -0.02063249     0.01181421  -0.00812853    -0.00069017  -0.00539522
 -0.00665275  -0.02258124     0.00856658  -0.01114933    -0.00137486   0.00817288
 -0.00183018  -0.00306610     0.00696238  -0.00138816     0.00070520  -0.00648231
    2    5
 -0.02142217   0.00745937     0.01698889  -0.00164196    -0.00575441   0.00803939
  0.01952392  -0.00358816    -0.01694620  -0.00606359    -0.00939461   0.00717729
  0.00255213  -0.00146746    -0.00808677  -0.00072408    -0.01153863  -0.00960227
    2    6
 -0.00223336   0.02063249    -0.00069017   0.00539522     0.01181421   0.00812853
 -0.00183018   0.00306610     0.00070520   0.00648231     0.00696238   0.00138816
 -0.00665275   0.02258124    -0.00137486  -0.00817288     0.00856658   0.01114933
    2    7
 -0.02142217  -0.00745937    -0.00575441  -0.00803939     0.01698889   0.00164196
  0.00255213   0.00146746    -0.01153863   0.00960227    -0.00808677   0.00072408
  0.01952392   0.00358816    -0.00939461  -0.00717729    -0.01694620   0.00606359
    3    1
 -0.01605726   0.00000000    -0.00771533  -0.00059527    -0.00771533   0.00059527
 -0.00319626   0.01460369     0.00204670  -0.00202426     0.00519818  -0.00777924
 -0.00319626  -0.01460369     0.00519818   0.00777924     0.00204670   0.00202426
    3    2
  0.01791337  -0.00000000    -0.00144778  -0.00017953    -0.00144778   0.00017953
 -0.00144778  -0.00017953    -0.01204282   0.01125144    -0.00074523   0.00000000
 -0.00144778   0.00017953    -0.00074523   0.00000000    -0.01204282  -0.01125144
    3    3
  0.06603175   0.00000000    -0.00170523  -0.00728869    -0.00170523   0.00728869
 -0.00170523   0.00728869     0.03301676  -0.00000000     0.00531100   0.00086567
 -0.00170523  -0.00728869     0.00531100  -0.00086567     0.03301676  -0.00000000
    3    4
 -0.02142217  -0.00745937     0.01698889   0.00164196    -0.00575441  -0.00803939
  0.01952392   0.00358816    -0.01694620   0.00606359    -0.00939461  -0.00717729
  0.00255213   0.00146746    -0.00808677   0.00072408    -0.01153863   0.00960227
    3    5
 -0.00223336   0.02063249     0.01181421   0.00812853    -0.00069017   0.00539522
 -0.00665275   0.02258124     0.00856658   0.01114933    -0.00137486  -0.00817288
 -0.00183018   0.00306610     0.00696238   0.00138816     0.00070520   0.00648231
    3    6
 -0.02142217   0.00745937    -0.00575441   0.00803939     0.01698889  -0.00164196
  0.00255213  -0.00146746    -0.01153863  -0.00960227    -0.00808677  -0.00072408
  0.01952392  -0.00358816    -0.00939461   0.00717729    -0.01694620  -0.00606359
    3    7
 -0.00223336  -0.02063249    -0.00069017  -0.00539522     0.01181421  -0.00812853
 -0.00183018  -0.00306610     0.00070520  -0.00648231     0.00696238  -0.00138816
 -0.00665275  -0.02258124    -0.00137486   0.00817288     0.00856658  -0.01114933
    4    1
  0.01303269  -0.00092824    -0.00445461   0.00506829    -0.00490003   0.00080790
 -0.00491398  -0.00612744    -0.00935393   0.00200408    -0.01449489   0.01382430
 -0.00484850   0.00306426    -0.00945547  -0.00811454    -0.01086470   0.00061789
    4    2
 -0.00223336   0.02063249    -0.00665275   0.02258124    -0.00183018   0.00306610
  0.01181421   0.00812853     0.00856658   0.01114933     0.00696238   0.00138816
 -0.00069017   0.00539522    -0.00137486  -0.00817288     0.00070520   0.00648231
    4    3
 -0.02142217   0.00745937     0.01952392  -0.00358816     0.00255213  -0.00146746
  0.01698889  -0.00164196    -0.01694620  -0.00606359    -0.00808677  -0.00072408
 -0.00575441   0.00803939    -0.00939461   0.00717729    -0.01153863  -0.00960227
    4    4
  0.04276799  -0.00000000    -0.00240008   0.00806584    -0.00452126  -0.00183882
 -0.00240008  -0.00806584     0.03729588   0.00000000     0.00479441   0.00016245
 -0.00452126   0.00183882     0.00479441  -0.00016245     0.04064857  -0.00000000
    4    5
 -0.00037981   0.00444718     0.00203113  -0.00272544    -0.00340454  -0.01284970
  0.00203113  -0.00272544    -0.00583303  -0.01854609    -0.00671242  -0.00272356
 -0.00340454  -0.01284970    -0.00671242  -0.00272356     0.02073777   0.00371625
    4    6
 -0.00248817  -0.00776457    -0.00656211  -0.00682224    -0.01148244   0.00147523
 -0.01148244   0.00147523     0.00917327   0.00563056     0.01469270   0.01016796
 -0.00656211  -0.00682224     0.03229770   0.00311948     0.00917327   0.00563056
    4    7
  0.00175340  -0.00000000    -0.00019473  -0.01090920     0.00443948   0.00349423
  0.00443948  -0.00349423    -0.01007364  -0.00819822    -0.00548390   0.00000000
 -0.00019473   0.01090920     0.02642178  -0.00000000    -0.01007364   0.00819822
    5    1
  0.01303269   0.00092824    -0.00445461  -0.00506829    -0.00490003  -0.00080790
 -0.00491398   0.00612744    -0.00935393  -0.00200408    -0.01449489  -0.01382430
 -0.00484850  -0.00306426    -0.00945547   0.00811454    -0.01086470  -0.00061789
    5    2
 -0.02142217  -0.00745937     0.01952392   0.00358816     0.00255213   0.00146746
  0.01698889   0.00164196    -0.01694620   0.00606359    -0.00808677   0.00072408
 -0.00575441  -0.00803939    -0.00939461  -0.00717729    -0.01153863   0.00960227
    5    3
 -0.00223336  -0.02063249    -0.00665275  -0.02258124    -0.00183018  -0.00306610
  0.01181421  -0.00812853     0.00856658  -0.01114933     0.00696238  -0.00138816
 -0.00069017  -0.00539522    -0.00137486   0.00817288     0.00070520  -0.00648231
    5    4
 -0.00037981  -0.00444718     0.00203113   0.00272544    -0.00340454   0.01284970
  0.00203113   0.00272544    -0.00583303   0.01854609    -0.00671242   0.00272356
 -0.00340454   0.01284970    -0.00671242   0.00272356     0.02073777  -0.00371625
    5    5
  0.04276799   0.00000000    -0.00240008  -0.00806584    -0.00452126   0.00183882
 -0.00240008   0.00806584     0.03729588  -0.00000000     0.00479441  -0.00016245
 -0.00452126  -0.00183882     0.00479441   0.00016245     0.04064857   0.00000000
    5    6
  0.00175340   0.00000000    -0.00019473   0.01090920     0.00443948  -0.00349423
  0.00443948   0.00349423    -0.01007364   0.00819822    -0.00548390  -0.00000000
 -0.00019473  -0.01090920     0.02642178   0.00000000    -0.01007364  -0.00819822
    5    7
 -0.00248817   0.00776457    -0.00656211   0.00682224    -0.01148244  -0.00147523
 -0.01148244  -0.00147523     0.00917327  -0.00563056     0.01469270  -0.01016796
 -0.00656211   0.00682224     0.03229770  -0.00311948     0.00917327  -0.00563056
    6    1
  0.01303269   0.00092824    -0.00490003  -0.00080790    -0.00445461  -0.00506829
 -0.00484850  -0.00306426    -0.01086470  -0.00061789    -0.00945547   0.00811454
 -0.00491398   0.00612744    -0.01449489  -0.01382430    -0.00935393  -0.00200408
    6    2
 -0.00223336  -0.02063249    -0.00183018  -0.00306610    -0.00665275  -0.02258124
 -0.00069017  -0.00539522     0.00070520  -0.00648231    -0.00137486   0.00817288
  0.01181421  -0.00812853     0.00696238  -0.00138816     0.00856658  -0.01114933
    6    3
 -0.02142217  -0.00745937     0.00255213   0.00146746     0.01952392   0.00358816
 -0.00575441  -0.00803939    -0.01153863   0.00960227    -0.00939461  -0.00717729
  0.01698889   0.00164196    -0.00808677   0.00072408    -0.01694620   0.00606359
    6    4
 -0.00248817   0.00776457    -0.01148244  -0.00147523    -0.00656211   0.00682224
 -0.00656211   0.00682224     0.00917327  -0.00563056     0.03229770  -0.00311948
 -0.01148244  -0.00147523     0.01469270  -0.01016796     0.00917327  -0.00563056
    6    5
  0.00175340  -0.00000000     0.00443948  -0.00349423    -0.00019473   0.01090920
 -0.00019473  -0.01090920    -0.01007364  -0.00819822     0.02642178  -0.00000000
  0.00443948   0.00349423    -0.00548390  -0.00000000    -0.01007364   0.00819822
    6    6
  0.04276799   0.00000000    -0.00452126   0.00183882    -0.00240008  -0.00806584
 -0.00452126  -0.00183882     0.04064857   0.00000000     0.00479441   0.00016245
 -0.00240008   0.00806584     0.00479441  -0.00016245     0.03729588   0.00000000
    6    7
 -0.00037981  -0.00444718    -0.00340454   0.01284970     0.00203113   0.00272544
 -0.00340454   0.01284970     0.02073777  -0.00371625    -0.00671242   0.00272356
  0.00203113   0.00272544    -0.00671242   0.00272356    -0.00583303   0.01854609
    7    1
  0.01303269  -0.00092824    -0.00490003   0.00080790    -0.00445461   0.00506829
 -0.00484850   0.00306426    -0.01086470   0.00061789    -0.00945547  -0.00811454
 -0.00491398  -0.00612744    -0.01449489   0.01382430    -0.00935393   0.00200408
    7    2
 -0.02142217   0.00745937     0.00255213  -0.00146746     0.01952392  -0.00358816
 -0.00575441   0.00803939    -0.01153863  -0.00960227    -0.00939461   0.00717729
  0.01698889  -0.00164196    -0.00808677  -0.00072408    -0.01694620  -0.00606359
    7    3
 -0.00223336   0.02063249    -0.00183018   0.00306610    -0.00665275   0.02258124
 -0.00069017   0.00539522     0.00070520   0.00648231    -0.00137486  -0.00817288
  0.01181421   0.00812853     0.00696238   0.00138816     0.00856658   0.01114933
    7    4
  0.00175340   0.00000000     0.00443948   0.00349423    -0.00019473  -0.01090920
 -0.00019473   0.01090920    -0.01007364   0.00819822     0.02642178   0.00000000
  0.00443948  -0.00349423    -0.00548390   0.00000000    -0.01007364  -0.00819822
    7    5
 -0.00248817  -0.00776457    -0.01148244   0.00147523    -0.00656211  -0.00682224
 -0.00656211  -0.00682224     0.00917327   0.00563056     0.03229770   0.00311948
 -0.01148244   0.00147523     0.01469270   0.01016796     0.00917327   0.00563056
    7    6
 -0.00037981   0.00444718    -0.00340454  -0.01284970     0.00203113  -0.00272544
 -0.00340454  -0.01284970     0.02073777   0.00371625    -0.00671242  -0.00272356
  0.00203113  -0.00272544    -0.00671242  -0.00272356    -0.00583303  -0.01854609
    7    7
  0.04276799  -0.00000000    -0.00452126  -0.00183882    -0.00240008   0.00806584
 -0.00452126   0.00183882     0.04064857  -0.00000000     0.00479441  -0.00016245
 -0.00240008  -0.00806584     0.00479441   0.00016245     0.03729588  -0.00000000

     Dynamical  Matrix in cartesian axes

     q = (    0.216506351  -0.433012702   0.216506351 ) 

    1    1
  0.04270760   0.00000000     0.00180981  -0.00000000     0.01648375   0.00000000
  0.00180981  -0.00000000     0.10564749   0.00000000     0.00180981  -0.00000000
  0.01648375   0.00000000     0.00180981  -0.00000000     0.04270760   0.00000000
    1    2
 -0.00935393   0.00200408    -0.00445461   0.00506829    -0.00945547  -0.00811454
 -0.00491398  -0.00612744     0.01303269  -0.00092824    -0.00484850   0.00306426
 -0.01449489   0.01382430    -0.00490003   0.00080790    -0.01086470   0.00061789
    1    3
 -0.00935393  -0.00200408    -0.00445461  -0.00506829    -0.00945547   0.00811454
 -0.00491398   0.00612744     0.01303269   0.00092824    -0.00484850  -0.00306426
 -0.01449489  -0.01382430    -0.00490003  -0.00080790    -0.01086470  -0.00061789
    1    4
  0.00204670   0.00202426    -0.00771533   0.00059527     0.00519818  -0.00777924
 -0.00319626  -0.01460369    -0.01605726  -0.00000000    -0.00319626   0.01460369
  0.00519818   0.00777924    -0.00771533  -0.00059527     0.00204670  -0.00202426
    1    5
  0.00204670  -0.00202426    -0.00771533  -0.00059527     0.00519818   0.00777924
 -0.00319626   0.01460369    -0.01605726  -0.00000000    -0.00319626  -0.01460369
  0.00519818  -0.00777924    -0.00771533   0.00059527     0.00204670   0.00202426
    1    6
 -0.01086470  -0.00061789    -0.00490003  -0.00080790    -0.01449489  -0.01382430
 -0.00484850  -0.00306426     0.01303269   0.00092824    -0.00491398   0.00612744
 -0.00945547   0.00811454    -0.00445461  -0.00506829    -0.00935393  -0.00200408
    1    7
 -0.01086470   0.00061789    -0.00490003   0.00080790    -0.01449489   0.01382430
 -0.00484850   0.00306426     0.01303269  -0.00092824    -0.00491398  -0.00612744
 -0.00945547  -0.00811454    -0.00445461   0.00506829    -0.00935393   0.00200408
    2    1
 -0.00935393  -0.00200408    -0.00491398   0.00612744    -0.01449489  -0.01382430
 -0.00445461  -0.00506829     0.01303269   0.00092824    -0.00490003  -0.00080790
 -0.00945547   0.00811454    -0.00484850  -0.00306426    -0.01086470  -0.00061789
    2    2
  0.03729588  -0.00000000    -0.00240008   0.00806584     0.00479441  -0.00016245
 -0.00240008  -0.00806584     0.04276799   0.00000000    -0.00452126   0.00183882
  0.00479441   0.00016245    -0.00452126  -0.00183882     0.04064857   0.00000000
    2    3
 -0.00583303   0.01854609     0.00203113   0.00272544    -0.00671242   0.00272356
  0.00203113   0.00272544    -0.00037981  -0.00444718    -0.00340454   0.01284970
 -0.00671242   0.00272356    -0.00340454   0.01284970     0.02073777  -0.00371625
    2    4
  0.00856658  -0.01114933     0.01181421  -0.00812853     0.00696238  -0.00138816
 -0.00665275  -0.02258124    -0.00223336  -0.02063249    -0.00183018  -0.00306610
 -0.00137486   0.00817288    -0.00069017  -0.00539522     0.00070520  -0.00648231
    2    5
 -0.01694620   0.00606359     0.01698889   0.00164196    -0.00808677   0.00072408
  0.01952392   0.00358816    -0.02142217  -0.00745937     0.00255213   0.00146746
 -0.00939461  -0.00717729    -0.00575441  -0.00803939    -0.01153863   0.00960227
    2    6
  0.00917327  -0.00563056    -0.01148244  -0.00147523     0.01469270  -0.01016796
 -0.00656211   0.00682224    -0.00248817   0.00776457    -0.01148244  -0.00147523
  0.03229770  -0.00311948    -0.00656211   0.00682224     0.00917327  -0.00563056
    2    7
 -0.01007364   0.00819822     0.00443948   0.00349423    -0.00548390  -0.00000000
 -0.00019473   0.01090920     0.00175340   0.00000000     0.00443948  -0.00349423
  0.02642178   0.00000000    -0.00019473  -0.01090920    -0.01007364  -0.00819822
    3    1
 -0.00935393   0.00200408    -0.00491398  -0.00612744    -0.01449489   0.01382430
 -0.00445461   0.00506829     0.01303269  -0.00092824    -0.00490003   0.00080790
 -0.00945547  -0.00811454    -0.00484850   0.00306426    -0.01086470   0.00061789
    3    2
 -0.00583303  -0.01854609     0.00203113  -0.00272544    -0.00671242  -0.00272356
  0.00203113  -0.00272544    -0.00037981   0.00444718    -0.00340454  -0.01284970
 -0.00671242  -0.00272356    -0.00340454  -0.01284970     0.02073777   0.00371625
    3    3
  0.03729588   0.00000000    -0.00240008  -0.00806584     0.00479441   0.00016245
 -0.00240008   0.00806584     0.04276799  -0.00000000    -0.00452126  -0.00183882
  0.00479441  -0.00016245    -0.00452126   0.00183882     0.04064857  -0.00000000
    3    4
 -0.01694620  -0.00606359     0.01698889  -0.00164196    -0.00808677  -0.00072408
  0.01952392  -0.00358816    -0.02142217   0.00745937     0.00255213  -0.00146746
 -0.00939461   0.00717729    -0.00575441   0.00803939    -0.01153863  -0.00960227
    3    5
  0.00856658   0.01114933     0.01181421   0.00812853     0.00696238   0.00138816
 -0.00665275   0.02258124    -0.00223336   0.02063249    -0.00183018   0.00306610
 -0.00137486  -0.00817288    -0.00069017   0.00539522     0.00070520   0.00648231
    3    6
 -0.01007364  -0.00819822     0.00443948  -0.00349423    -0.00548390  -0.00000000
 -0.00019473  -0.01090920     0.00175340   0.00000000     0.00443948   0.00349423
  0.02642178   0.00000000    -0.00019473   0.01090920    -0.01007364   0.00819822
    3    7
  0.00917327   0.00563056    -0.01148244   0.00147523     0.01469270   0.01016796
 -0.00656211  -0.00682224    -0.00248817  -0.00776457    -0.01148244   0.00147523
  0.03229770   0.00311948    -0.00656211  -0.00682224     0.00917327   0.00563056
    4    1
  0.00204670  -0.00202426    -0.00319626   0.01460369     0.00519818  -0.00777924
 -0.00771533  -0.00059527    -0.01605726  -0.00000000    -0.00771533   0.00059527
  0.00519818   0.00777924    -0.00319626  -0.01460369     0.00204670   0.00202426
    4    2
  0.00856658   0.01114933    -0.00665275   0.02258124    -0.00137486  -0.00817288
  0.01181421   0.00812853    -0.00223336   0.02063249    -0.00069017   0.00539522
  0.00696238   0.00138816    -0.00183018   0.00306610     0.00070520   0.00648231
    4    3
 -0.01694620   0.00606359     0.01952392   0.00358816    -0.00939461  -0.00717729
  0.01698889   0.00164196    -0.02142217  -0.00745937    -0.00575441  -0.00803939
 -0.00808677   0.00072408     0.00255213   0.00146746    -0.01153863   0.00960227
    4    4
  0.03301676  -0.00000000    -0.00170523   0.00728869     0.00531100   0.00086567
 -0.00170523  -0.00728869     0.06603175  -0.00000000    -0.00170523   0.00728869
  0.00531100  -0.00086567    -0.00170523  -0.00728869     0.03301676  -0.00000000
    4    5
 -0.01204282   0.01125144    -0.00144778  -0.00017953    -0.00074523   0.00000000
 -0.00144778  -0.00017953     0.01791337   0.00000000    -0.00144778   0.00017953
 -0.00074523   0.00000000    -0.00144778   0.00017953    -0.01204282  -0.01125144
    4    6
  0.00070520  -0.00648231    -0.00183018  -0.00306610     0.00696238  -0.00138816
 -0.00069017  -0.00539522    -0.00223336  -0.02063249     0.01181421  -0.00812853
 -0.00137486   0.00817288    -0.00665275  -0.02258124     0.00856658  -0.01114933
    4    7
 -0.01153863  -0.00960227     0.00255213  -0.00146746    -0.00808677  -0.00072408
 -0.00575441   0.00803939    -0.02142217   0.00745937     0.01698889  -0.00164196
 -0.00939461   0.00717729     0.01952392  -0.00358816    -0.01694620  -0.00606359
    5    1
  0.00204670   0.00202426    -0.00319626  -0.01460369     0.00519818   0.00777924
 -0.00771533   0.00059527    -0.01605726   0.00000000    -0.00771533  -0.00059527
  0.00519818  -0.00777924    -0.00319626   0.01460369     0.00204670  -0.00202426
    5    2
 -0.01694620  -0.00606359     0.01952392  -0.00358816    -0.00939461   0.00717729
  0.01698889  -0.00164196    -0.02142217   0.00745937    -0.00575441   0.00803939
 -0.00808677  -0.00072408     0.00255213  -0.00146746    -0.01153863  -0.00960227
    5    3
  0.00856658  -0.01114933    -0.00665275  -0.02258124    -0.00137486   0.00817288
  0.01181421  -0.00812853    -0.00223336  -0.02063249    -0.00069017  -0.00539522
  0.00696238  -0.00138816    -0.00183018  -0.00306610     0.00070520  -0.00648231
    5    4
 -0.01204282  -0.01125144    -0.00144778   0.00017953    -0.00074523  -0.00000000
 -0.00144778   0.00017953     0.01791337  -0.00000000    -0.00144778  -0.00017953
 -0.00074523  -0.00000000    -0.00144778  -0.00017953    -0.01204282   0.01125144
    5    5
  0.03301676  -0.00000000    -0.00170523  -0.00728869     0.00531100  -0.00086567
 -0.00170523   0.00728869     0.06603175   0.00000000    -0.00170523  -0.00728869
  0.00531100   0.00086567    -0.00170523   0.00728869     0.03301676   0.00000000
    5    6
 -0.01153863   0.00960227     0.00255213   0.00146746    -0.00808677   0.00072408
 -0.00575441  -0.00803939    -0.02142217  -0.00745937     0.01698889   0.00164196
 -0.00939461  -0.00717729     0.01952392   0.00358816    -0.01694620   0.00606359
    5    7
  0.00070520   0.00648231    -0.00183018   0.00306610     0.00696238   0.00138816
 -0.00069017   0.00539522    -0.00223336   0.02063249     0.01181421   0.00812853
 -0.00137486  -0.00817288    -0.00665275   0.02258124     0.00856658   0.01114933
    6    1
 -0.01086470   0.00061789    -0.00484850   0.00306426    -0.00945547  -0.00811454
 -0.00490003   0.00080790     0.01303269  -0.00092824    -0.00445461   0.00506829
 -0.01449489   0.01382430    -0.00491398  -0.00612744    -0.00935393   0.00200408
    6    2
  0.00917327   0.00563056    -0.00656211  -0.00682224     0.03229770   0.00311948
 -0.01148244   0.00147523    -0.00248817  -0.00776457    -0.00656211  -0.00682224
  0.01469270   0.01016796    -0.01148244   0.00147523     0.00917327   0.00563056
    6    3
 -0.01007364   0.00819822    -0.00019473   0.01090920     0.02642178  -0.00000000
  0.00443948   0.00349423     0.00175340   0.00000000    -0.00019473  -0.01090920
 -0.00548390   0.00000000     0.00443948  -0.00349423    -0.01007364  -0.00819822
    6    4
  0.00070520   0.00648231    -0.00069017   0.00539522    -0.00137486  -0.00817288
 -0.00183018   0.00306610    -0.00223336   0.02063249    -0.00665275   0.02258124
  0.00696238   0.00138816     0.01181421   0.00812853     0.00856658   0.01114933
    6    5
 -0.01153863  -0.00960227    -0.00575441   0.00803939    -0.00939461   0.00717729
  0.00255213  -0.00146746    -0.02142217   0.00745937     0.01952392  -0.00358816
 -0.00808677  -0.00072408     0.01698889  -0.00164196    -0.01694620  -0.00606359
    6    6
  0.04064857  -0.00000000    -0.00452126   0.00183882     0.00479441  -0.00016245
 -0.00452126  -0.00183882     0.04276799  -0.00000000    -0.00240008   0.00806584
  0.00479441   0.00016245    -0.00240008  -0.00806584     0.03729588   0.00000000
    6    7
  0.02073777   0.00371625    -0.00340454  -0.01284970    -0.00671242  -0.00272356
 -0.00340454  -0.01284970    -0.00037981   0.00444718     0.00203113  -0.00272544
 -0.00671242  -0.00272356     0.00203113  -0.00272544    -0.00583303  -0.01854609
    7    1
 -0.01086470  -0.00061789    -0.00484850  -0.00306426    -0.00945547   0.00811454
 -0.00490003  -0.00080790     0.01303269   0.00092824    -0.00445461  -0.00506829
 -0.01449489  -0.01382430    -0.00491398   0.00612744    -0.00935393  -0.00200408
    7    2
 -0.01007364  -0.00819822    -0.00019473  -0.01090920     0.02642178  -0.00000000
  0.00443948  -0.00349423     0.00175340  -0.00000000    -0.00019473   0.01090920
 -0.00548390  -0.00000000     0.00443948   0.00349423    -0.01007364   0.00819822
    7    3
  0.00917327  -0.00563056    -0.00656211   0.00682224     0.03229770  -0.00311948
 -0.01148244  -0.00147523    -0.00248817   0.00776457    -0.00656211   0.00682224
  0.01469270  -0.01016796    -0.01148244  -0.00147523     0.00917327  -0.00563056
    7    4
 -0.01153863   0.00960227    -0.00575441  -0.00803939    -0.00939461  -0.00717729
  0.00255213   0.00146746    -0.02142217  -0.00745937     0.01952392   0.00358816
 -0.00808677   0.00072408     0.01698889   0.00164196    -0.01694620   0.00606359
    7    5
  0.00070520  -0.00648231    -0.00069017  -0.00539522    -0.00137486   0.00817288
 -0.00183018  -0.00306610    -0.00223336  -0.02063249    -0.00665275  -0.02258124
  0.00696238  -0.00138816     0.01181421  -0.00812853     0.00856658  -0.01114933
    7    6
  0.02073777  -0.00371625    -0.00340454   0.01284970    -0.00671242   0.00272356
 -0.00340454   0.01284970    -0.00037981  -0.00444718     0.00203113   0.00272544
 -0.00671242   0.00272356     0.00203113   0.00272544    -0.00583303   0.01854609
    7    7
  0.04064857   0.00000000    -0.00452126  -0.00183882     0.00479441   0.00016245
 -0.00452126   0.00183882     0.04276799   0.00000000    -0.00240008  -0.00806584
  0.00479441  -0.00016245    -0.00240008   0.00806584     0.03729588  -0.00000000

     Dynamical  Matrix in cartesian axes

     q = (   -0.216506351  -0.433012702   0.216506351 ) 

    1    1
  0.04270760   0.00000000    -0.00180981   0.00000000    -0.01648375  -0.00000000
 -0.00180981   0.00000000     0.10564749   0.00000000     0.00180981  -0.00000000
 -0.01648375  -0.00000000     0.00180981  -0.00000000     0.04270760   0.00000000
    1    2
 -0.00200408   0.00935393     0.00506829  -0.00445461    -0.00811454  -0.00945547
 -0.00612744  -0.00491398     0.00092824  -0.01303269    -0.00306426   0.00484850
  0.01382430  -0.01449489    -0.00080790   0.00490003    -0.00061789   0.01086470
    1    3
  0.00935393  -0.00200408    -0.00445461   0.00506829    -0.00945547  -0.00811454
 -0.00491398  -0.00612744    -0.01303269   0.00092824     0.00484850  -0.00306426
 -0.01449489   0.01382430     0.00490003  -0.00080790     0.01086470  -0.00061789
    1    4
 -0.00202426   0.00204670     0.00059527   0.00771533    -0.00777924  -0.00519818
 -0.01460369   0.00319626    -0.00000000  -0.01605726    -0.01460369  -0.00319626
  0.00777924  -0.00519818     0.00059527  -0.00771533     0.00202426   0.00204670
    1    5
  0.00204670  -0.00202426     0.00771533   0.00059527    -0.00519818  -0.00777924
  0.00319626  -0.01460369    -0.01605726  -0.00000000    -0.00319626  -0.01460369
 -0.00519818   0.00777924    -0.00771533   0.00059527     0.00204670   0.00202426
    1    6
 -0.01086470  -0.00061789     0.00490003   0.00080790     0.01449489   0.01382430
  0.00484850   0.00306426     0.01303269   0.00092824    -0.00491398   0.00612744
  0.00945547  -0.00811454    -0.00445461  -0.00506829    -0.00935393  -0.00200408
    1    7
 -0.00061789  -0.01086470     0.00080790   0.00490003     0.01382430   0.01449489
  0.00306426   0.00484850     0.00092824   0.01303269     0.00612744  -0.00491398
