  5.000000000000000E-003   1.26088367795901        1.90067469670089     
          12

     Dynamical  Matrix in cartesian axes

     q = (    0.216506351   0.216506351   0.000000000 ) 

    1    1
  0.09164792   0.00000000     0.09120266   0.00000000     0.00000000   0.00000000
  0.09120266   0.00000000     0.09164792   0.00000000     0.00000000   0.00000000
 -0.00000000   0.00000000     0.00000000   0.00000000     0.00010877   0.00000000
    1    2
 -0.01166201   0.01388504    -0.00580988   0.04245854     0.00000000  -0.00000000
 -0.01135662   0.01350606    -0.00560317   0.04239254     0.00000000  -0.00000000
  0.00000000   0.00000000     0.00000000   0.00000000    -0.00004824  -0.00009797
    1    3
 -0.01388504   0.01166201    -0.04245854   0.00580988     0.00000000  -0.00000000
 -0.01350606   0.01135662    -0.04239254   0.00560317     0.00000000  -0.00000000
 -0.00000000   0.00000000    -0.00000000   0.00000000     0.00009797   0.00004824
    1    4
 -0.04239254   0.00560317    -0.01350606   0.01135662     0.00000000   0.00000000
 -0.04245854   0.00580988    -0.01388504   0.01166201     0.00000000   0.00000000
 -0.00000000   0.00000000    -0.00000000   0.00000000     0.00009797   0.00004824
    1    5
 -0.00560317   0.04239254    -0.01135662   0.01350606     0.00000000  -0.00000000
 -0.00580988   0.04245854    -0.01166201   0.01388504     0.00000000  -0.00000000
  0.00000000   0.00000000     0.00000000   0.00000000    -0.00004824  -0.00009797
    1    6
  0.00258810  -0.00258810     0.00218213  -0.00218213    -0.00006645  -0.00006645
  0.00218213  -0.00218213     0.00258810  -0.00258810     0.00006645   0.00006645
  0.00007535   0.00007535    -0.00007535  -0.00007535    -0.00002667   0.00002667
    1    7
  0.00258810  -0.00258810     0.00218213  -0.00218213     0.00006645   0.00006645
  0.00218213  -0.00218213     0.00258810  -0.00258810    -0.00006645  -0.00006645
 -0.00007535  -0.00007535     0.00007535   0.00007535    -0.00002667   0.00002667
    2    1
 -0.01166201  -0.01388504    -0.01135662  -0.01350606     0.00000000  -0.00000000
 -0.00580988  -0.04245854    -0.00560317  -0.04239254     0.00000000  -0.00000000
  0.00000000   0.00000000     0.00000000   0.00000000    -0.00004824   0.00009797
    2    2
  0.01355114   0.00000000     0.01087633  -0.02512119     0.00000000   0.00000000
  0.01087633   0.02512119     0.07892862   0.00000000     0.00000000   0.00000000
  0.00000000   0.00000000     0.00000000   0.00000000     0.01002122   0.00000000
    2    3
  0.01073516  -0.00564972     0.02239839   0.02027829     0.00000000   0.00000000
  0.02239839   0.02027829    -0.01790202   0.07020694     0.00000000   0.00000000
  0.00000000   0.00000000     0.00000000   0.00000000    -0.00752918   0.00087284
    2    4
  0.02216558   0.02036321     0.01016869  -0.00574896    -0.00000000   0.00000000
 -0.01799669   0.07031157     0.02216558   0.02036321    -0.00000000   0.00000000
  0.00000000   0.00000000    -0.00000000   0.00000000     0.00732435  -0.00056866
    2    5
  0.01066869  -0.02526606     0.01294961  -0.00000000     0.00000000   0.00000000
  0.07878221  -0.00000000     0.01066869   0.02526606     0.00000000   0.00000000
  0.00000000   0.00000000    -0.00000000   0.00000000    -0.00962642   0.00000000
    2    6
 -0.00704729   0.00241332    -0.00638332   0.00248445    -0.00002122   0.00009416
 -0.00709118  -0.01272831    -0.00683006  -0.01286259     0.00002581   0.00006140
 -0.00927625   0.00051531    -0.00895720   0.00034919    -0.00005938  -0.00009239
    2    7
 -0.00704729   0.00241332    -0.00638332   0.00248445     0.00002122  -0.00009416
 -0.00709118  -0.01272831    -0.00683006  -0.01286259    -0.00002581  -0.00006140
  0.00927625  -0.00051531     0.00895720  -0.00034919    -0.00005938  -0.00009239
    3    1
 -0.01388504  -0.01166201    -0.01350606  -0.01135662    -0.00000000   0.00000000
 -0.04245854  -0.00580988    -0.04239254  -0.00560317    -0.00000000   0.00000000
  0.00000000   0.00000000     0.00000000   0.00000000     0.00009797  -0.00004824
    3    2
  0.01073516   0.00564972     0.02239839  -0.02027829     0.00000000  -0.00000000
  0.02239839  -0.02027829    -0.01790202  -0.07020694     0.00000000  -0.00000000
  0.00000000  -0.00000000    -0.00000000  -0.00000000    -0.00752918  -0.00087284
    3    3
  0.01355114   0.00000000     0.01087633   0.02512119     0.00000000   0.00000000
  0.01087633  -0.02512119     0.07892862  -0.00000000     0.00000000   0.00000000
  0.00000000   0.00000000     0.00000000   0.00000000     0.01002122  -0.00000000
    3    4
  0.01066869   0.02526606     0.01294961   0.00000000     0.00000000   0.00000000
  0.07878221   0.00000000     0.01066869  -0.02526606     0.00000000   0.00000000
  0.00000000   0.00000000    -0.00000000   0.00000000    -0.00962642  -0.00000000
    3    5
  0.02216558  -0.02036321     0.01016869   0.00574896     0.00000000  -0.00000000
 -0.01799669  -0.07031157     0.02216558  -0.02036321     0.00000000  -0.00000000
  0.00000000  -0.00000000    -0.00000000   0.00000000     0.00732435   0.00056866
    3    6
 -0.00704729  -0.00241332    -0.00638332  -0.00248445     0.00002122   0.00009416
 -0.00709118   0.01272831    -0.00683006   0.01286259    -0.00002581   0.00006140
  0.00927625   0.00051531     0.00895720   0.00034919    -0.00005938   0.00009239
    3    7
 -0.00704729  -0.00241332    -0.00638332  -0.00248445    -0.00002122  -0.00009416
 -0.00709118   0.01272831    -0.00683006   0.01286259     0.00002581  -0.00006140
 -0.00927625  -0.00051531    -0.00895720  -0.00034919    -0.00005938   0.00009239
    4    1
 -0.04239254  -0.00560317    -0.04245854  -0.00580988    -0.00000000  -0.00000000
 -0.01350606  -0.01135662    -0.01388504  -0.01166201    -0.00000000   0.00000000
  0.00000000   0.00000000     0.00000000   0.00000000     0.00009797  -0.00004824
    4    2
  0.02216558  -0.02036321    -0.01799669  -0.07031157    -0.00000000  -0.00000000
  0.01016869   0.00574896     0.02216558  -0.02036321    -0.00000000  -0.00000000
  0.00000000   0.00000000     0.00000000   0.00000000     0.00732435   0.00056866
    4    3
  0.01066869  -0.02526606     0.07878221   0.00000000     0.00000000   0.00000000
  0.01294961   0.00000000     0.01066869   0.02526606     0.00000000   0.00000000
  0.00000000   0.00000000    -0.00000000   0.00000000    -0.00962642  -0.00000000
    4    4
  0.07892862  -0.00000000     0.01087633  -0.02512119     0.00000000   0.00000000
  0.01087633   0.02512119     0.01355114  -0.00000000     0.00000000   0.00000000
 -0.00000000   0.00000000     0.00000000   0.00000000     0.01002122  -0.00000000
    4    5
 -0.01790202  -0.07020694     0.02239839  -0.02027829     0.00000000  -0.00000000
  0.02239839  -0.02027829     0.01073516   0.00564972     0.00000000  -0.00000000
 -0.00000000   0.00000000     0.00000000  -0.00000000    -0.00752918  -0.00087284
    4    6
 -0.00683006   0.01286259    -0.00709118   0.01272831     0.00002581  -0.00006140
 -0.00638332  -0.00248445    -0.00704729  -0.00241332    -0.00002122  -0.00009416
 -0.00895720  -0.00034919    -0.00927625  -0.00051531    -0.00005938   0.00009239
    4    7
 -0.00683006   0.01286259    -0.00709118   0.01272831    -0.00002581   0.00006140
 -0.00638332  -0.00248445    -0.00704729  -0.00241332     0.00002122   0.00009416
  0.00895720   0.00034919     0.00927625   0.00051531    -0.00005938   0.00009239
    5    1
 -0.00560317  -0.04239254    -0.00580988  -0.04245854     0.00000000   0.00000000
 -0.01135662  -0.01350606    -0.01166201  -0.01388504     0.00000000  -0.00000000
  0.00000000   0.00000000     0.00000000   0.00000000    -0.00004824   0.00009797
    5    2
  0.01066869   0.02526606     0.07878221   0.00000000    -0.00000000   0.00000000
  0.01294961  -0.00000000     0.01066869  -0.02526606    -0.00000000   0.00000000
  0.00000000   0.00000000     0.00000000   0.00000000    -0.00962642   0.00000000
    5    3
  0.02216558   0.02036321    -0.01799669   0.07031157     0.00000000   0.00000000
  0.01016869  -0.00574896     0.02216558   0.02036321    -0.00000000   0.00000000
  0.00000000   0.00000000     0.00000000   0.00000000     0.00732435  -0.00056866
    5    4
 -0.01790202   0.07020694     0.02239839   0.02027829     0.00000000   0.00000000
  0.02239839   0.02027829     0.01073516  -0.00564972     0.00000000   0.00000000
  0.00000000   0.00000000     0.00000000   0.00000000    -0.00752918   0.00087284
    5    5
  0.07892862   0.00000000     0.01087633   0.02512119     0.00000000   0.00000000
  0.01087633  -0.02512119     0.01355114   0.00000000     0.00000000   0.00000000
  0.00000000   0.00000000     0.00000000   0.00000000     0.01002122   0.00000000
    5    6
 -0.00683006  -0.01286259    -0.00709118  -0.01272831    -0.00002581  -0.00006140
 -0.00638332   0.00248445    -0.00704729   0.00241332     0.00002122  -0.00009416
  0.00895720  -0.00034919     0.00927625  -0.00051531    -0.00005938  -0.00009239
    5    7
 -0.00683006  -0.01286259    -0.00709118  -0.01272831     0.00002581   0.00006140
 -0.00638332   0.00248445    -0.00704729   0.00241332    -0.00002122   0.00009416
 -0.00895720   0.00034919    -0.00927625   0.00051531    -0.00005938  -0.00009239
    6    1
  0.00258810   0.00258810     0.00218213   0.00218213     0.00007535  -0.00007535
  0.00218213   0.00218213     0.00258810   0.00258810    -0.00007535   0.00007535
 -0.00006645   0.00006645     0.00006645  -0.00006645    -0.00002667  -0.00002667
    6    2
 -0.00704729  -0.00241332    -0.00709118   0.01272831    -0.00927625  -0.00051531
 -0.00638332  -0.00248445    -0.00683006   0.01286259    -0.00895720  -0.00034919
 -0.00002122  -0.00009416     0.00002581  -0.00006140    -0.00005938   0.00009239
    6    3
 -0.00704729   0.00241332    -0.00709118  -0.01272831     0.00927625  -0.00051531
 -0.00638332   0.00248445    -0.00683006  -0.01286259     0.00895720  -0.00034919
  0.00002122  -0.00009416    -0.00002581  -0.00006140    -0.00005938  -0.00009239
    6    4
 -0.00683006  -0.01286259    -0.00638332   0.00248445    -0.00895720   0.00034919
 -0.00709118  -0.01272831    -0.00704729   0.00241332    -0.00927625   0.00051531
  0.00002581   0.00006140    -0.00002122   0.00009416    -0.00005938  -0.00009239
    6    5
 -0.00683006   0.01286259    -0.00638332  -0.00248445     0.00895720   0.00034919
 -0.00709118   0.01272831    -0.00704729  -0.00241332     0.00927625   0.00051531
 -0.00002581   0.00006140     0.00002122   0.00009416    -0.00005938   0.00009239
    6    6
  0.01551277   0.00000000     0.01439563   0.00000000    -0.00000000  -0.00002276
  0.01439563  -0.00000000     0.01551277  -0.00000000    -0.00000000   0.00002276
 -0.00000000   0.00002276    -0.00000000  -0.00002276     0.00015306  -0.00000000
    6    7
 -0.00468173  -0.00000000    -0.00511552  -0.00000000     0.00000000   0.00022247
 -0.00511552   0.00000000    -0.00468173   0.00000000     0.00000000  -0.00022247
  0.00000000   0.00022247     0.00000000  -0.00022247     0.00000387   0.00000000
    7    1
  0.00258810   0.00258810     0.00218213   0.00218213    -0.00007535   0.00007535
  0.00218213   0.00218213     0.00258810   0.00258810     0.00007535  -0.00007535
  0.00006645  -0.00006645    -0.00006645   0.00006645    -0.00002667  -0.00002667
    7    2
 -0.00704729  -0.00241332    -0.00709118   0.01272831     0.00927625   0.00051531
 -0.00638332  -0.00248445    -0.00683006   0.01286259     0.00895720   0.00034919
  0.00002122   0.00009416    -0.00002581   0.00006140    -0.00005938   0.00009239
    7    3
 -0.00704729   0.00241332    -0.00709118  -0.01272831    -0.00927625   0.00051531
 -0.00638332   0.00248445    -0.00683006  -0.01286259    -0.00895720   0.00034919
 -0.00002122   0.00009416     0.00002581   0.00006140    -0.00005938  -0.00009239
    7    4
 -0.00683006  -0.01286259    -0.00638332   0.00248445     0.00895720  -0.00034919
 -0.00709118  -0.01272831    -0.00704729   0.00241332     0.00927625  -0.00051531
 -0.00002581  -0.00006140     0.00002122  -0.00009416    -0.00005938  -0.00009239
    7    5
 -0.00683006   0.01286259    -0.00638332  -0.00248445    -0.00895720  -0.00034919
 -0.00709118   0.01272831    -0.00704729  -0.00241332    -0.00927625  -0.00051531
  0.00002581  -0.00006140    -0.00002122  -0.00009416    -0.00005938   0.00009239
    7    6
 -0.00468173   0.00000000    -0.00511552  -0.00000000     0.00000000  -0.00022247
 -0.00511552  -0.00000000    -0.00468173  -0.00000000     0.00000000   0.00022247
  0.00000000  -0.00022247     0.00000000   0.00022247     0.00000387   0.00000000
    7    7
  0.01551277  -0.00000000     0.01439563  -0.00000000    -0.00000000   0.00002276
  0.01439563   0.00000000     0.01551277  -0.00000000    -0.00000000  -0.00002276
 -0.00000000  -0.00002276    -0.00000000   0.00002276     0.00015306   0.00000000

     Dynamical  Matrix in cartesian axes

     q = (    0.216506351  -0.216506351   0.000000000 ) 

    1    1
  0.09164792   0.00000000    -0.09120266   0.00000000    -0.00000000   0.00000000
 -0.09120266   0.00000000     0.09164792   0.00000000    -0.00000000   0.00000000
 -0.00000000   0.00000000    -0.00000000   0.00000000     0.00010877   0.00000000
    1    2
 -0.01166201   0.01388504     0.00580988  -0.04245854    -0.00000000   0.00000000
  0.01135662  -0.01350606    -0.00560317   0.04239254    -0.00000000   0.00000000
 -0.00000000   0.00000000     0.00000000  -0.00000000    -0.00004824  -0.00009797
    1    3
 -0.01166201  -0.01388504     0.00580988   0.04245854    -0.00000000   0.00000000
  0.01135662   0.01350606    -0.00560317  -0.04239254    -0.00000000   0.00000000
 -0.00000000   0.00000000    -0.00000000   0.00000000    -0.00004824   0.00009797
    1    4
 -0.00560317   0.04239254     0.01135662  -0.01350606    -0.00000000  -0.00000000
  0.00580988  -0.04245854    -0.01166201   0.01388504    -0.00000000  -0.00000000
  0.00000000  -0.00000000     0.00000000  -0.00000000    -0.00004824  -0.00009797
    1    5
 -0.00560317  -0.04239254     0.01135662   0.01350606     0.00000000   0.00000000
  0.00580988   0.04245854    -0.01166201  -0.01388504     0.00000000   0.00000000
  0.00000000  -0.00000000     0.00000000   0.00000000    -0.00004824   0.00009797
    1    6
  0.00258810   0.00258810    -0.00218213  -0.00218213     0.00006645  -0.00006645
 -0.00218213  -0.00218213     0.00258810   0.00258810     0.00006645  -0.00006645
 -0.00007535   0.00007535    -0.00007535   0.00007535    -0.00002667  -0.00002667
    1    7
  0.00258810  -0.00258810    -0.00218213   0.00218213     0.00006645   0.00006645
 -0.00218213   0.00218213     0.00258810  -0.00258810     0.00006645   0.00006645
 -0.00007535  -0.00007535    -0.00007535  -0.00007535    -0.00002667   0.00002667
    2    1
 -0.01166201  -0.01388504     0.01135662   0.01350606    -0.00000000   0.00000000
  0.00580988   0.04245854    -0.00560317  -0.04239254    -0.00000000   0.00000000
  0.00000000  -0.00000000    -0.00000000   0.00000000    -0.00004824   0.00009797
    2    2
  0.01355114   0.00000000    -0.01087633   0.02512119    -0.00000000   0.00000000
 -0.01087633  -0.02512119     0.07892862   0.00000000    -0.00000000   0.00000000
 -0.00000000   0.00000000    -0.00000000   0.00000000     0.01002122   0.00000000
    2    3
  0.00564972   0.01073516     0.02027829  -0.02239839     0.00000000   0.00000000
  0.02027829  -0.02239839    -0.07020694  -0.01790202     0.00000000   0.00000000
  0.00000000   0.00000000     0.00000000   0.00000000    -0.00087284  -0.00752918
    2    4
  0.01066869  -0.02526606    -0.01294961  -0.00000000    -0.00000000   0.00000000
 -0.07878221  -0.00000000     0.01066869   0.02526606     0.00000000   0.00000000
  0.00000000   0.00000000    -0.00000000   0.00000000    -0.00962642  -0.00000000
    2    5
 -0.02036321   0.02216558    -0.00574896  -0.01016869    -0.00000000  -0.00000000
  0.07031157   0.01799669    -0.02036321   0.02216558    -0.00000000   0.00000000
 -0.00000000  -0.00000000    -0.00000000  -0.00000000     0.00056866   0.00732435
    2    6
 -0.00241332  -0.00704729     0.00248445   0.00638332    -0.00009416  -0.00002122
 -0.01272831   0.00709118     0.01286259  -0.00683006     0.00006140  -0.00002581
 -0.00051531  -0.00927625     0.00034919   0.00895720     0.00009239  -0.00005938
    2    7
 -0.00704729   0.00241332     0.00638332  -0.00248445     0.00002122  -0.00009416
  0.00709118   0.01272831    -0.00683006  -0.01286259     0.00002581   0.00006140
  0.00927625  -0.00051531    -0.00895720   0.00034919    -0.00005938  -0.00009239
    3    1
 -0.01166201   0.01388504     0.01135662  -0.01350606     0.00000000   0.00000000
  0.00580988  -0.04245854    -0.00560317   0.04239254    -0.00000000  -0.00000000
 -0.00000000  -0.00000000    -0.00000000  -0.00000000    -0.00004824  -0.00009797
    3    2
  0.00564972  -0.01073516     0.02027829   0.02239839     0.00000000   0.00000000
  0.02027829   0.02239839    -0.07020694   0.01790202     0.00000000   0.00000000
  0.00000000   0.00000000     0.00000000  -0.00000000    -0.00087284   0.00752918
    3    3
  0.01355114  -0.00000000    -0.01087633  -0.02512119    -0.00000000   0.00000000
 -0.01087633   0.02512119     0.07892862  -0.00000000    -0.00000000   0.00000000
  0.00000000  -0.00000000     0.00000000  -0.00000000     0.01002122  -0.00000000
    3    4
 -0.02036321  -0.02216558    -0.00574896   0.01016869     0.00000000   0.00000000
  0.07031157  -0.01799669    -0.02036321  -0.02216558     0.00000000   0.00000000
 -0.00000000   0.00000000     0.00000000  -0.00000000     0.00056866  -0.00732435
    3    5
  0.01066869   0.02526606    -0.01294961   0.00000000    -0.00000000   0.00000000
 -0.07878221  -0.00000000     0.01066869  -0.02526606    -0.00000000   0.00000000
  0.00000000   0.00000000    -0.00000000   0.00000000    -0.00962642   0.00000000
    3    6
 -0.00704729  -0.00241332     0.00638332   0.00248445     0.00002122   0.00009416
  0.00709118  -0.01272831    -0.00683006   0.01286259     0.00002581  -0.00006140
  0.00927625   0.00051531    -0.00895720  -0.00034919    -0.00005938   0.00009239
    3    7
 -0.00241332   0.00704729     0.00248445  -0.00638332    -0.00009416   0.00002122
 -0.01272831  -0.00709118     0.01286259   0.00683006     0.00006140   0.00002581
 -0.00051531   0.00927625     0.00034919  -0.00895720     0.00009239   0.00005938
    4    1
 -0.00560317  -0.04239254     0.00580988   0.04245854     0.00000000   0.00000000
  0.01135662   0.01350606    -0.01166201  -0.01388504     0.00000000   0.00000000
  0.00000000   0.00000000     0.00000000   0.00000000    -0.00004824   0.00009797
    4    2
  0.01066869   0.02526606    -0.07878221   0.00000000    -0.00000000  -0.00000000
 -0.01294961   0.00000000     0.01066869  -0.02526606    -0.00000000  -0.00000000
 -0.00000000  -0.00000000    -0.00000000  -0.00000000    -0.00962642   0.00000000
    4    3
 -0.02036321   0.02216558     0.07031157   0.01799669     0.00000000   0.00000000
 -0.00574896  -0.01016869    -0.02036321   0.02216558    -0.00000000  -0.00000000
  0.00000000  -0.00000000     0.00000000  -0.00000000     0.00056866   0.00732435
    4    4
  0.07892862   0.00000000    -0.01087633  -0.02512119    -0.00000000   0.00000000
 -0.01087633   0.02512119     0.01355114   0.00000000    -0.00000000   0.00000000
  0.00000000   0.00000000    -0.00000000   0.00000000     0.01002122   0.00000000
    4    5
 -0.07020694  -0.01790202     0.02027829  -0.02239839     0.00000000   0.00000000
  0.02027829  -0.02239839     0.00564972   0.01073516     0.00000000   0.00000000
  0.00000000   0.00000000     0.00000000   0.00000000    -0.00087284  -0.00752918
    4    6
  0.01286259  -0.00683006    -0.01272831   0.00709118     0.00006140  -0.00002581
  0.00248445   0.00638332    -0.00241332  -0.00704729    -0.00009416  -0.00002122
  0.00034919   0.00895720    -0.00051531  -0.00927625     0.00009239  -0.00005938
    4    7
 -0.00683006  -0.01286259     0.00709118   0.01272831     0.00002581   0.00006140
  0.00638332  -0.00248445    -0.00704729   0.00241332     0.00002122  -0.00009416
 -0.00895720   0.00034919     0.00927625  -0.00051531    -0.00005938  -0.00009239
    5    1
 -0.00560317   0.04239254     0.00580988  -0.04245854     0.00000000  -0.00000000
  0.01135662  -0.01350606    -0.01166201   0.01388504     0.00000000  -0.00000000
  0.00000000   0.00000000     0.00000000  -0.00000000    -0.00004824  -0.00009797
    5    2
 -0.02036321  -0.02216558     0.07031157  -0.01799669     0.00000000   0.00000000
 -0.00574896   0.01016869    -0.02036321  -0.02216558     0.00000000   0.00000000
  0.00000000   0.00000000     0.00000000   0.00000000     0.00056866  -0.00732435
    5    3
  0.01066869  -0.02526606    -0.07878221   0.00000000    -0.00000000   0.00000000
 -0.01294961   0.00000000     0.01066869   0.02526606    -0.00000000   0.00000000
 -0.00000000   0.00000000     0.00000000   0.00000000    -0.00962642   0.00000000
    5    4
 -0.07020694   0.01790202     0.02027829   0.02239839    -0.00000000  -0.00000000
  0.02027829   0.02239839     0.00564972  -0.01073516    -0.00000000  -0.00000000
 -0.00000000  -0.00000000     0.00000000  -0.00000000    -0.00087284   0.00752918
    5    5
  0.07892862  -0.00000000    -0.01087633   0.02512119    -0.00000000   0.00000000
 -0.01087633  -0.02512119     0.01355114  -0.00000000    -0.00000000   0.00000000
  0.00000000  -0.00000000    -0.00000000  -0.00000000     0.01002122  -0.00000000
    5    6
 -0.00683006   0.01286259     0.00709118  -0.01272831     0.00002581  -0.00006140
  0.00638332   0.00248445    -0.00704729  -0.00241332     0.00002122   0.00009416
 -0.00895720  -0.00034919     0.00927625   0.00051531    -0.00005938   0.00009239
    5    7
  0.01286259   0.00683006    -0.01272831  -0.00709118     0.00006140   0.00002581
  0.00248445  -0.00638332    -0.00241332   0.00704729    -0.00009416   0.00002122
  0.00034919  -0.00895720    -0.00051531   0.00927625     0.00009239   0.00005938
    6    1
  0.00258810  -0.00258810    -0.00218213   0.00218213    -0.00007535  -0.00007535
 -0.00218213   0.00218213     0.00258810  -0.00258810    -0.00007535  -0.00007535
  0.00006645   0.00006645     0.00006645   0.00006645    -0.00002667   0.00002667
    6    2
 -0.00241332   0.00704729    -0.01272831  -0.00709118    -0.00051531   0.00927625
  0.00248445  -0.00638332     0.01286259   0.00683006     0.00034919  -0.00895720
 -0.00009416   0.00002122     0.00006140   0.00002581     0.00009239   0.00005938
    6    3
 -0.00704729   0.00241332     0.00709118   0.01272831     0.00927625  -0.00051531
  0.00638332  -0.00248445    -0.00683006  -0.01286259    -0.00895720   0.00034919
  0.00002122  -0.00009416     0.00002581   0.00006140    -0.00005938  -0.00009239
    6    4
  0.01286259   0.00683006     0.00248445  -0.00638332     0.00034919  -0.00895720
 -0.01272831  -0.00709118    -0.00241332   0.00704729    -0.00051531   0.00927625
  0.00006140   0.00002581    -0.00009416   0.00002122     0.00009239   0.00005938
    6    5
 -0.00683006  -0.01286259     0.00638332  -0.00248445    -0.00895720   0.00034919
  0.00709118   0.01272831    -0.00704729   0.00241332     0.00927625  -0.00051531
  0.00002581   0.00006140     0.00002122  -0.00009416    -0.00005938  -0.00009239
    6    6
  0.01551277  -0.00000000    -0.01439563  -0.00000000    -0.00000000  -0.00002276
 -0.01439563   0.00000000     0.01551277   0.00000000    -0.00000000  -0.00002276
 -0.00000000   0.00002276    -0.00000000   0.00002276     0.00015306   0.00000000
    6    7
 -0.00000000   0.00468173     0.00000000  -0.00511552     0.00022247  -0.00000000
  0.00000000  -0.00511552    -0.00000000   0.00468173     0.00022247  -0.00000000
  0.00022247  -0.00000000     0.00022247  -0.00000000     0.00000000  -0.00000387
    7    1
  0.00258810   0.00258810    -0.00218213  -0.00218213    -0.00007535   0.00007535
 -0.00218213  -0.00218213     0.00258810   0.00258810    -0.00007535   0.00007535
  0.00006645  -0.00006645     0.00006645  -0.00006645    -0.00002667  -0.00002667
    7    2
 -0.00704729  -0.00241332     0.00709118  -0.01272831     0.00927625   0.00051531
  0.00638332   0.00248445    -0.00683006   0.01286259    -0.00895720  -0.00034919
  0.00002122   0.00009416     0.00002581  -0.00006140    -0.00005938   0.00009239
    7    3
 -0.00241332  -0.00704729    -0.01272831   0.00709118    -0.00051531  -0.00927625
  0.00248445   0.00638332     0.01286259  -0.00683006     0.00034919   0.00895720
 -0.00009416  -0.00002122     0.00006140  -0.00002581     0.00009239  -0.00005938
    7    4
 -0.00683006   0.01286259     0.00638332   0.00248445    -0.00895720  -0.00034919
  0.00709118  -0.01272831    -0.00704729  -0.00241332     0.00927625   0.00051531
  0.00002581  -0.00006140     0.00002122   0.00009416    -0.00005938   0.00009239
    7    5
  0.01286259  -0.00683006     0.00248445   0.00638332     0.00034919   0.00895720
 -0.01272831   0.00709118    -0.00241332  -0.00704729    -0.00051531  -0.00927625
  0.00006140  -0.00002581    -0.00009416  -0.00002122     0.00009239  -0.00005938
    7    6
 -0.00000000  -0.00468173     0.00000000   0.00511552     0.00022247   0.00000000
  0.00000000   0.00511552    -0.00000000  -0.00468173     0.00022247   0.00000000
  0.00022247   0.00000000     0.00022247   0.00000000     0.00000000   0.00000387
    7    7
  0.01551277  -0.00000000    -0.01439563  -0.00000000    -0.00000000   0.00002276
 -0.01439563   0.00000000     0.01551277   0.00000000    -0.00000000   0.00002276
 -0.00000000  -0.00002276    -0.00000000  -0.00002276     0.00015306   0.00000000

     Dynamical  Matrix in cartesian axes

     q = (   -0.216506351  -0.216506351   0.000000000 ) 

    1    1
  0.09164792   0.00000000     0.09120266   0.00000000     0.00000000   0.00000000
  0.09120266   0.00000000     0.09164792   0.00000000     0.00000000   0.00000000
 -0.00000000   0.00000000     0.00000000   0.00000000     0.00010877   0.00000000
    1    2
 -0.01166201  -0.01388504    -0.00580988  -0.04245854     0.00000000   0.00000000
 -0.01135662  -0.01350606    -0.00560317  -0.04239254     0.00000000   0.00000000
  0.00000000  -0.00000000     0.00000000  -0.00000000    -0.00004824   0.00009797
    1    3
 -0.01388504  -0.01166201    -0.04245854  -0.00580988     0.00000000   0.00000000
 -0.01350606  -0.01135662    -0.04239254  -0.00560317     0.00000000   0.00000000
  0.00000000   0.00000000    -0.00000000   0.00000000     0.00009797  -0.00004824
    1    4
 -0.04239254  -0.00560317    -0.01350606  -0.01135662     0.00000000   0.00000000
 -0.04245854  -0.00580988    -0.01388504  -0.01166201     0.00000000   0.00000000
 -0.00000000   0.00000000    -0.00000000   0.00000000     0.00009797  -0.00004824
    1    5
 -0.00560317  -0.04239254    -0.01135662  -0.01350606     0.00000000   0.00000000
 -0.00580988  -0.04245854    -0.01166201  -0.01388504     0.00000000   0.00000000
  0.00000000  -0.00000000     0.00000000  -0.00000000    -0.00004824   0.00009797
    1    6
  0.00258810   0.00258810     0.00218213   0.00218213    -0.00006645   0.00006645
  0.00218213   0.00218213     0.00258810   0.00258810     0.00006645  -0.00006645
  0.00007535  -0.00007535    -0.00007535   0.00007535    -0.00002667  -0.00002667
    1    7
  0.00258810   0.00258810     0.00218213   0.00218213     0.00006645  -0.00006645
  0.00218213   0.00218213     0.00258810   0.00258810    -0.00006645   0.00006645
 -0.00007535   0.00007535     0.00007535  -0.00007535    -0.00002667  -0.00002667
    2    1
 -0.01166201   0.01388504    -0.01135662   0.01350606     0.00000000   0.00000000
 -0.00580988   0.04245854    -0.00560317   0.04239254     0.00000000   0.00000000
 -0.00000000  -0.00000000    -0.00000000  -0.00000000    -0.00004824  -0.00009797
    2    2
  0.01355114  -0.00000000     0.01087633   0.02512119     0.00000000   0.00000000
  0.01087633  -0.02512119     0.07892862  -0.00000000     0.00000000   0.00000000
  0.00000000   0.00000000     0.00000000   0.00000000     0.01002122  -0.00000000
    2    3
  0.01073516   0.00564972     0.02239839  -0.02027829     0.00000000  -0.00000000
  0.02239839  -0.02027829    -0.01790202  -0.07020694     0.00000000  -0.00000000
  0.00000000  -0.00000000     0.00000000  -0.00000000    -0.00752918  -0.00087284
    2    4
  0.02216558  -0.02036321     0.01016869   0.00574896    -0.00000000  -0.00000000
 -0.01799669  -0.07031157     0.02216558  -0.02036321    -0.00000000  -0.00000000
  0.00000000  -0.00000000    -0.00000000  -0.00000000     0.00732435   0.00056866
    2    5
  0.01066869   0.02526606     0.01294961   0.00000000     0.00000000   0.00000000
  0.07878221   0.00000000     0.01066869  -0.02526606     0.00000000   0.00000000
  0.00000000   0.00000000     0.00000000   0.00000000    -0.00962642  -0.00000000
    2    6
 -0.00704729  -0.00241332    -0.00638332  -0.00248445    -0.00002122  -0.00009416
 -0.00709118   0.01272831    -0.00683006   0.01286259     0.00002581  -0.00006140
 -0.00927625  -0.00051531    -0.00895720  -0.00034919    -0.00005938   0.00009239
    2    7
 -0.00704729  -0.00241332    -0.00638332  -0.00248445     0.00002122   0.00009416
 -0.00709118   0.01272831    -0.00683006   0.01286259    -0.00002581   0.00006140
  0.00927625   0.00051531     0.00895720   0.00034919    -0.00005938   0.00009239
    3    1
 -0.01388504   0.01166201    -0.01350606   0.01135662    -0.00000000   0.00000000
 -0.04245854   0.00580988    -0.04239254   0.00560317    -0.00000000   0.00000000
  0.00000000   0.00000000     0.00000000   0.00000000     0.00009797   0.00004824
    3    2
  0.01073516  -0.00564972     0.02239839   0.02027829     0.00000000   0.00000000
  0.02239839   0.02027829    -0.01790202   0.07020694     0.00000000   0.00000000
  0.00000000   0.00000000     0.00000000   0.00000000    -0.00752918   0.00087284
    3    3
  0.01355114   0.00000000     0.01087633  -0.02512119     0.00000000   0.00000000
  0.01087633   0.02512119     0.07892862   0.00000000     0.00000000   0.00000000
  0.00000000   0.00000000     0.00000000   0.00000000     0.01002122   0.00000000
    3    4
  0.01066869  -0.02526606     0.01294961  -0.00000000     0.00000000   0.00000000
  0.07878221  -0.00000000     0.01066869   0.02526606     0.00000000   0.00000000
  0.00000000  -0.00000000     0.00000000  -0.00000000    -0.00962642   0.00000000
    3    5
  0.02216558   0.02036321     0.01016869  -0.00574896    -0.00000000   0.00000000
 -0.01799669   0.07031157     0.02216558   0.02036321    -0.00000000   0.00000000
  0.00000000   0.00000000    -0.00000000   0.00000000     0.00732435  -0.00056866
    3    6
 -0.00704729   0.00241332    -0.00638332   0.00248445     0.00002122  -0.00009416
 -0.00709118  -0.01272831    -0.00683006  -0.01286259    -0.00002581  -0.00006140
  0.00927625  -0.00051531     0.00895720  -0.00034919    -0.00005938  -0.00009239
    3    7
 -0.00704729   0.00241332    -0.00638332   0.00248445    -0.00002122   0.00009416
 -0.00709118  -0.01272831    -0.00683006  -0.01286259     0.00002581   0.00006140
 -0.00927625   0.00051531    -0.00895720   0.00034919    -0.00005938  -0.00009239
    4    1
 -0.04239254   0.00560317    -0.04245854   0.00580988    -0.00000000   0.00000000
 -0.01350606   0.01135662    -0.01388504   0.01166201    -0.00000000  -0.00000000
  0.00000000   0.00000000     0.00000000   0.00000000     0.00009797   0.00004824
    4    2
  0.02216558   0.02036321    -0.01799669   0.07031157     0.00000000   0.00000000
  0.01016869  -0.00574896     0.02216558   0.02036321     0.00000000   0.00000000
  0.00000000   0.00000000     0.00000000   0.00000000     0.00732435  -0.00056866
    4    3
  0.01066869   0.02526606     0.07878221   0.00000000     0.00000000   0.00000000
  0.01294961  -0.00000000     0.01066869  -0.02526606     0.00000000   0.00000000
  0.00000000   0.00000000     0.00000000   0.00000000    -0.00962642   0.00000000
    4    4
  0.07892862   0.00000000     0.01087633   0.02512119     0.00000000   0.00000000
  0.01087633  -0.02512119     0.01355114   0.00000000     0.00000000   0.00000000
 -0.00000000   0.00000000     0.00000000   0.00000000     0.01002122   0.00000000
    4    5
 -0.01790202   0.07020694     0.02239839   0.02027829     0.00000000   0.00000000
  0.02239839   0.02027829     0.01073516  -0.00564972     0.00000000   0.00000000
  0.00000000   0.00000000     0.00000000   0.00000000    -0.00752918   0.00087284
    4    6
 -0.00683006  -0.01286259    -0.00709118  -0.01272831     0.00002581   0.00006140
 -0.00638332   0.00248445    -0.00704729   0.00241332    -0.00002122   0.00009416
 -0.00895720   0.00034919    -0.00927625   0.00051531    -0.00005938  -0.00009239
    4    7
 -0.00683006  -0.01286259    -0.00709118  -0.01272831    -0.00002581  -0.00006140
 -0.00638332   0.00248445    -0.00704729   0.00241332     0.00002122  -0.00009416
  0.00895720  -0.00034919     0.00927625  -0.00051531    -0.00005938  -0.00009239
    5    1
 -0.00560317   0.04239254    -0.00580988   0.04245854     0.00000000   0.00000000
 -0.01135662   0.01350606    -0.01166201   0.01388504     0.00000000   0.00000000
  0.00000000   0.00000000     0.00000000   0.00000000    -0.00004824  -0.00009797
    5    2
  0.01066869  -0.02526606     0.07878221   0.00000000     0.00000000   0.00000000
  0.01294961   0.00000000     0.01066869   0.02526606     0.00000000   0.00000000
  0.00000000   0.00000000     0.00000000   0.00000000    -0.00962642  -0.00000000
    5    3
  0.02216558  -0.02036321    -0.01799669  -0.07031157    -0.00000000  -0.00000000
  0.01016869   0.00574896     0.02216558  -0.02036321    -0.00000000  -0.00000000
  0.00000000  -0.00000000     0.00000000   0.00000000     0.00732435   0.00056866
    5    4
 -0.01790202  -0.07020694     0.02239839  -0.02027829     0.00000000  -0.00000000
  0.02239839  -0.02027829     0.01073516   0.00564972     0.00000000  -0.00000000
  0.00000000  -0.00000000     0.00000000  -0.00000000    -0.00752918  -0.00087284
    5    5
  0.07892862  -0.00000000     0.01087633  -0.02512119     0.00000000   0.00000000
  0.01087633   0.02512119     0.01355114  -0.00000000     0.00000000   0.00000000
  0.00000000   0.00000000     0.00000000   0.00000000     0.01002122  -0.00000000
    5    6
 -0.00683006   0.01286259    -0.00709118   0.01272831    -0.00002581   0.00006140
 -0.00638332  -0.00248445    -0.00704729  -0.00241332     0.00002122   0.00009416
  0.00895720   0.00034919     0.00927625   0.00051531    -0.00005938   0.00009239
    5    7
 -0.00683006   0.01286259    -0.00709118   0.01272831     0.00002581  -0.00006140
 -0.00638332  -0.00248445    -0.00704729  -0.00241332    -0.00002122  -0.00009416
 -0.00895720  -0.00034919    -0.00927625  -0.00051531    -0.00005938   0.00009239
    6    1
  0.00258810  -0.00258810     0.00218213  -0.00218213     0.00007535   0.00007535
  0.00218213  -0.00218213     0.00258810  -0.00258810    -0.00007535  -0.00007535
 -0.00006645  -0.00006645     0.00006645   0.00006645    -0.00002667   0.00002667
    6    2
 -0.00704729   0.00241332    -0.00709118  -0.01272831    -0.00927625   0.00051531
 -0.00638332   0.00248445    -0.00683006  -0.01286259    -0.00895720   0.00034919
 -0.00002122   0.00009416     0.00002581   0.00006140    -0.00005938  -0.00009239
    6    3
 -0.00704729  -0.00241332    -0.00709118   0.01272831     0.00927625   0.00051531
 -0.00638332  -0.00248445    -0.00683006   0.01286259     0.00895720   0.00034919
  0.00002122   0.00009416    -0.00002581   0.00006140    -0.00005938   0.00009239
    6    4
 -0.00683006   0.01286259    -0.00638332  -0.00248445    -0.00895720  -0.00034919
 -0.00709118   0.01272831    -0.00704729  -0.00241332    -0.00927625  -0.00051531
  0.00002581  -0.00006140    -0.00002122  -0.00009416    -0.00005938   0.00009239
    6    5
 -0.00683006  -0.01286259    -0.00638332   0.00248445     0.00895720  -0.00034919
 -0.00709118  -0.01272831    -0.00704729   0.00241332     0.00927625  -0.00051531
 -0.00002581  -0.00006140     0.00002122  -0.00009416    -0.00005938  -0.00009239
    6    6
  0.01551277  -0.00000000     0.01439563  -0.00000000    -0.00000000   0.00002276
  0.01439563   0.00000000     0.01551277   0.00000000    -0.00000000  -0.00002276
 -0.00000000  -0.00002276    -0.00000000   0.00002276     0.00015306   0.00000000
    6    7
 -0.00468173   0.00000000    -0.00511552  -0.00000000     0.00000000  -0.00022247
 -0.00511552  -0.00000000    -0.00468173  -0.00000000     0.00000000   0.00022247
  0.00000000  -0.00022247     0.00000000   0.00022247     0.00000387   0.00000000
    7    1
  0.00258810  -0.00258810     0.00218213  -0.00218213    -0.00007535  -0.00007535
  0.00218213  -0.00218213     0.00258810  -0.00258810     0.00007535   0.00007535
  0.00006645   0.00006645    -0.00006645  -0.00006645    -0.00002667   0.00002667
    7    2
 -0.00704729   0.00241332    -0.00709118  -0.01272831     0.00927625  -0.00051531
 -0.00638332   0.00248445    -0.00683006  -0.01286259     0.00895720  -0.00034919
  0.00002122  -0.00009416    -0.00002581  -0.00006140    -0.00005938  -0.00009239
    7    3
 -0.00704729  -0.00241332    -0.00709118   0.01272831    -0.00927625  -0.00051531
 -0.00638332  -0.00248445    -0.00683006   0.01286259    -0.00895720  -0.00034919
 -0.00002122  -0.00009416     0.00002581  -0.00006140    -0.00005938   0.00009239
    7    4
 -0.00683006   0.01286259    -0.00638332  -0.00248445     0.00895720   0.00034919
 -0.00709118   0.01272831    -0.00704729  -0.00241332     0.00927625   0.00051531
 -0.00002581   0.00006140     0.00002122   0.00009416    -0.00005938   0.00009239
    7    5
 -0.00683006  -0.01286259    -0.00638332   0.00248445    -0.00895720   0.00034919
 -0.00709118  -0.01272831    -0.00704729   0.00241332    -0.00927625   0.00051531
  0.00002581   0.00006140    -0.00002122   0.00009416    -0.00005938  -0.00009239
    7    6
 -0.00468173  -0.00000000    -0.00511552  -0.00000000     0.00000000   0.00022247
 -0.00511552  -0.00000000    -0.00468173   0.00000000     0.00000000  -0.00022247
  0.00000000   0.00022247     0.00000000  -0.00022247     0.00000387   0.00000000
    7    7
  0.01551277   0.00000000     0.01439563   0.00000000    -0.00000000  -0.00002276
  0.01439563  -0.00000000     0.01551277  -0.00000000    -0.00000000   0.00002276
 -0.00000000   0.00002276    -0.00000000  -0.00002276     0.00015306  -0.00000000

     Dynamical  Matrix in cartesian axes

     q = (   -0.216506351   0.216506351   0.000000000 ) 

    1    1
  0.09164792   0.00000000    -0.09120266   0.00000000    -0.00000000   0.00000000
 -0.09120266   0.00000000     0.09164792   0.00000000    -0.00000000   0.00000000
 -0.00000000   0.00000000    -0.00000000   0.00000000     0.00010877   0.00000000
    1    2
 -0.01166201  -0.01388504     0.00580988   0.04245854     0.00000000  -0.00000000
  0.01135662   0.01350606    -0.00560317  -0.04239254    -0.00000000  -0.00000000
 -0.00000000  -0.00000000     0.00000000   0.00000000    -0.00004824   0.00009797
    1    3
 -0.01166201   0.01388504     0.00580988  -0.04245854    -0.00000000  -0.00000000
  0.01135662  -0.01350606    -0.00560317   0.04239254    -0.00000000  -0.00000000
 -0.00000000  -0.00000000    -0.00000000  -0.00000000    -0.00004824  -0.00009797
    1    4
 -0.00560317  -0.04239254     0.01135662   0.01350606     0.00000000   0.00000000
  0.00580988   0.04245854    -0.01166201  -0.01388504    -0.00000000  -0.00000000
  0.00000000  -0.00000000     0.00000000   0.00000000    -0.00004824   0.00009797
    1    5
 -0.00560317   0.04239254     0.01135662  -0.01350606    -0.00000000   0.00000000
  0.00580988  -0.04245854    -0.01166201   0.01388504    -0.00000000   0.00000000
 -0.00000000   0.00000000    -0.00000000  -0.00000000    -0.00004824  -0.00009797
    1    6
  0.00258810  -0.00258810    -0.00218213   0.00218213     0.00006645   0.00006645
 -0.00218213   0.00218213     0.00258810  -0.00258810     0.00006645   0.00006645
 -0.00007535  -0.00007535    -0.00007535  -0.00007535    -0.00002667   0.00002667
    1    7
  0.00258810   0.00258810    -0.00218213  -0.00218213     0.00006645  -0.00006645
 -0.00218213  -0.00218213     0.00258810   0.00258810     0.00006645  -0.00006645
