  4.500000000000000E-002   1.25986529217407        2.41685017272211     
          24

     Dynamical  Matrix in cartesian axes

     q = (    0.324759526   0.324759526   0.216506351 ) 

    1    1
  0.06686058   0.00000000     0.00731953   0.00000000     0.00332213   0.00000000
  0.00731953   0.00000000     0.06686058   0.00000000     0.00332213   0.00000000
  0.00332213   0.00000000     0.00332213   0.00000000     0.04505707   0.00000000
    1    2
 -0.01120460  -0.00314920     0.00971704  -0.00381028    -0.00734956  -0.00888513
 -0.00045707  -0.00502690     0.00833543   0.00431988    -0.00343232  -0.00715323
 -0.00776498   0.00250334     0.00605920  -0.00178096    -0.00660000   0.00376101
    1    3
  0.01120460  -0.00314920    -0.00971704  -0.00381028     0.00734956  -0.00888513
  0.00045707  -0.00502690    -0.00833543   0.00431988     0.00343232  -0.00715323
  0.00776498   0.00250334    -0.00605920  -0.00178096     0.00660000   0.00376101
    1    4
 -0.00833543   0.00431988     0.00045707  -0.00502690     0.00343232  -0.00715323
 -0.00971704  -0.00381028     0.01120460  -0.00314920     0.00734956  -0.00888513
 -0.00605920  -0.00178096     0.00776498   0.00250334     0.00660000   0.00376101
    1    5
  0.00833543   0.00431988    -0.00045707  -0.00502690    -0.00343232  -0.00715323
  0.00971704  -0.00381028    -0.01120460  -0.00314920    -0.00734956  -0.00888513
  0.00605920  -0.00178096    -0.00776498   0.00250334    -0.00660000   0.00376101
    1    6
  0.00498099   0.00863773     0.00041713  -0.00097335     0.00801070   0.01639220
 -0.00041713  -0.00097335    -0.00498099   0.00863773    -0.00801070   0.01639220
  0.00563234  -0.00353540    -0.00563234  -0.00353540    -0.00000000   0.00643937
    1    7
 -0.00498099   0.00863773    -0.00041713  -0.00097335    -0.00801070   0.01639220
  0.00041713  -0.00097335     0.00498099   0.00863773     0.00801070   0.01639220
 -0.00563234  -0.00353540     0.00563234  -0.00353540    -0.00000000   0.00643937
    2    1
 -0.01120460   0.00314920    -0.00045707   0.00502690    -0.00776498  -0.00250334
  0.00971704   0.00381028     0.00833543  -0.00431988     0.00605920   0.00178096
 -0.00734956   0.00888513    -0.00343232   0.00715323    -0.00660000  -0.00376101
    2    2
  0.06107673  -0.00000000     0.00096821   0.00133618     0.00629566  -0.00176429
  0.00096821  -0.00133618     0.04826567  -0.00000000     0.00679728  -0.00196628
  0.00629566   0.00176429     0.00679728   0.00196628     0.04042728  -0.00000000
    2    3
  0.01455021  -0.01079727     0.00520404  -0.00698175     0.00697538   0.00436247
  0.00520404  -0.00698175    -0.01091268   0.01490647    -0.00760871   0.00410810
  0.00697538   0.00436247    -0.00760871   0.00410810    -0.01972428  -0.00435316
    2    4
  0.00298308   0.01463554    -0.00241531   0.02935638     0.00634191   0.00453639
 -0.00815641   0.03077678     0.00298308   0.01463554    -0.00597456   0.00608875
 -0.00597456   0.00608875     0.00634191   0.00453639     0.01660618   0.01193036
    2    5
 -0.02311761  -0.00477194     0.00703757  -0.00000000     0.00693154  -0.00377877
  0.02724348   0.00000000    -0.02311761   0.00477194     0.00505611  -0.00509893
  0.00505611   0.00509893     0.00693154   0.00377877    -0.00864547   0.00000000
    2    6
 -0.01147103  -0.00707191    -0.00467307  -0.00451409    -0.02598225  -0.01737755
 -0.01138798   0.00112937     0.01114220  -0.01053866    -0.00575777  -0.00337244
 -0.02624057  -0.01733788    -0.01427492  -0.00074965    -0.01171758  -0.00865252
    2    7
 -0.02083304   0.00578926     0.00282093  -0.00340072    -0.00575403   0.00436679
  0.00526567  -0.00712968    -0.00696146   0.00139684     0.00418902   0.00354759
  0.02309147  -0.00270329     0.00780671   0.00565020    -0.01424339  -0.00874594
    3    1
  0.01120460   0.00314920     0.00045707   0.00502690     0.00776498  -0.00250334
 -0.00971704   0.00381028    -0.00833543  -0.00431988    -0.00605920   0.00178096
  0.00734956   0.00888513     0.00343232   0.00715323     0.00660000  -0.00376101
    3    2
  0.01455021   0.01079727     0.00520404   0.00698175     0.00697538  -0.00436247
  0.00520404   0.00698175    -0.01091268  -0.01490647    -0.00760871  -0.00410810
  0.00697538  -0.00436247    -0.00760871  -0.00410810    -0.01972428   0.00435316
    3    3
  0.06107673   0.00000000     0.00096821  -0.00133618     0.00629566   0.00176429
  0.00096821   0.00133618     0.04826567   0.00000000     0.00679728   0.00196628
  0.00629566  -0.00176429     0.00679728  -0.00196628     0.04042728   0.00000000
    3    4
 -0.02311761   0.00477194     0.00703757  -0.00000000     0.00693154   0.00377877
  0.02724348  -0.00000000    -0.02311761  -0.00477194     0.00505611   0.00509893
  0.00505611  -0.00509893     0.00693154  -0.00377877    -0.00864547   0.00000000
    3    5
  0.00298308  -0.01463554    -0.00241531  -0.02935638     0.00634191  -0.00453639
 -0.00815641  -0.03077678     0.00298308  -0.01463554    -0.00597456  -0.00608875
 -0.00597456  -0.00608875     0.00634191  -0.00453639     0.01660618  -0.01193036
    3    6
 -0.02083304  -0.00578926     0.00282093   0.00340072    -0.00575403  -0.00436679
  0.00526567   0.00712968    -0.00696146  -0.00139684     0.00418902  -0.00354759
  0.02309147   0.00270329     0.00780671  -0.00565020    -0.01424339   0.00874594
    3    7
 -0.01147103   0.00707191    -0.00467307   0.00451409    -0.02598225   0.01737755
 -0.01138798  -0.00112937     0.01114220   0.01053866    -0.00575777   0.00337244
 -0.02624057   0.01733788    -0.01427492   0.00074965    -0.01171758   0.00865252
    4    1
 -0.00833543  -0.00431988    -0.00971704   0.00381028    -0.00605920   0.00178096
  0.00045707   0.00502690     0.01120460   0.00314920     0.00776498  -0.00250334
  0.00343232   0.00715323     0.00734956   0.00888513     0.00660000  -0.00376101
    4    2
  0.00298308  -0.01463554    -0.00815641  -0.03077678    -0.00597456  -0.00608875
 -0.00241531  -0.02935638     0.00298308  -0.01463554     0.00634191  -0.00453639
  0.00634191  -0.00453639    -0.00597456  -0.00608875     0.01660618  -0.01193036
    4    3
 -0.02311761  -0.00477194     0.02724348   0.00000000     0.00505611   0.00509893
  0.00703757   0.00000000    -0.02311761   0.00477194     0.00693154   0.00377877
  0.00693154  -0.00377877     0.00505611  -0.00509893    -0.00864547  -0.00000000
    4    4
  0.04826567   0.00000000     0.00096821   0.00133618     0.00679728   0.00196628
  0.00096821  -0.00133618     0.06107673  -0.00000000     0.00629566   0.00176429
  0.00679728  -0.00196628     0.00629566  -0.00176429     0.04042728   0.00000000
    4    5
 -0.01091268  -0.01490647     0.00520404   0.00698175    -0.00760871  -0.00410810
  0.00520404   0.00698175     0.01455021   0.01079727     0.00697538  -0.00436247
 -0.00760871  -0.00410810     0.00697538  -0.00436247    -0.01972428   0.00435316
    4    6
  0.01114220   0.01053866    -0.01138798  -0.00112937    -0.00575777   0.00337244
 -0.00467307   0.00451409    -0.01147103   0.00707191    -0.02598225   0.01737755
 -0.01427492   0.00074965    -0.02624057   0.01733788    -0.01171758   0.00865252
    4    7
 -0.00696146  -0.00139684     0.00526567   0.00712968     0.00418902  -0.00354759
  0.00282093   0.00340072    -0.02083304  -0.00578926    -0.00575403  -0.00436679
  0.00780671  -0.00565020     0.02309147   0.00270329    -0.01424339   0.00874594
    5    1
  0.00833543  -0.00431988     0.00971704   0.00381028     0.00605920   0.00178096
 -0.00045707   0.00502690    -0.01120460   0.00314920    -0.00776498  -0.00250334
 -0.00343232   0.00715323    -0.00734956   0.00888513    -0.00660000  -0.00376101
    5    2
 -0.02311761   0.00477194     0.02724348   0.00000000     0.00505611  -0.00509893
  0.00703757  -0.00000000    -0.02311761  -0.00477194     0.00693154  -0.00377877
  0.00693154   0.00377877     0.00505611   0.00509893    -0.00864547   0.00000000
    5    3
  0.00298308   0.01463554    -0.00815641   0.03077678    -0.00597456   0.00608875
 -0.00241531   0.02935638     0.00298308   0.01463554     0.00634191   0.00453639
  0.00634191   0.00453639    -0.00597456   0.00608875     0.01660618   0.01193036
    5    4
 -0.01091268   0.01490647     0.00520404  -0.00698175    -0.00760871   0.00410810
  0.00520404  -0.00698175     0.01455021  -0.01079727     0.00697538   0.00436247
 -0.00760871   0.00410810     0.00697538   0.00436247    -0.01972428  -0.00435316
    5    5
  0.04826567  -0.00000000     0.00096821  -0.00133618     0.00679728  -0.00196628
  0.00096821   0.00133618     0.06107673   0.00000000     0.00629566  -0.00176429
  0.00679728   0.00196628     0.00629566   0.00176429     0.04042728  -0.00000000
    5    6
 -0.00696146   0.00139684     0.00526567  -0.00712968     0.00418902   0.00354759
  0.00282093  -0.00340072    -0.02083304   0.00578926    -0.00575403   0.00436679
  0.00780671   0.00565020     0.02309147  -0.00270329    -0.01424339  -0.00874594
    5    7
  0.01114220  -0.01053866    -0.01138798   0.00112937    -0.00575777  -0.00337244
 -0.00467307  -0.00451409    -0.01147103  -0.00707191    -0.02598225  -0.01737755
 -0.01427492  -0.00074965    -0.02624057  -0.01733788    -0.01171758  -0.00865252
    6    1
  0.00498099  -0.00863773    -0.00041713   0.00097335     0.00563234   0.00353540
  0.00041713   0.00097335    -0.00498099  -0.00863773    -0.00563234   0.00353540
  0.00801070  -0.01639220    -0.00801070  -0.01639220    -0.00000000  -0.00643937
    6    2
 -0.01147103   0.00707191    -0.01138798  -0.00112937    -0.02624057   0.01733788
 -0.00467307   0.00451409     0.01114220   0.01053866    -0.01427492   0.00074965
 -0.02598225   0.01737755    -0.00575777   0.00337244    -0.01171758   0.00865252
    6    3
 -0.02083304   0.00578926     0.00526567  -0.00712968     0.02309147  -0.00270329
  0.00282093  -0.00340072    -0.00696146   0.00139684     0.00780671   0.00565020
 -0.00575403   0.00436679     0.00418902   0.00354759    -0.01424339  -0.00874594
    6    4
  0.01114220  -0.01053866    -0.00467307  -0.00451409    -0.01427492  -0.00074965
 -0.01138798   0.00112937    -0.01147103  -0.00707191    -0.02624057  -0.01733788
 -0.00575777  -0.00337244    -0.02598225  -0.01737755    -0.01171758  -0.00865252
    6    5
 -0.00696146  -0.00139684     0.00282093   0.00340072     0.00780671  -0.00565020
  0.00526567   0.00712968    -0.02083304  -0.00578926     0.02309147   0.00270329
  0.00418902  -0.00354759    -0.00575403  -0.00436679    -0.01424339   0.00874594
    6    6
  0.04657108  -0.00000000     0.00683870  -0.00073903     0.00584529   0.00006279
  0.00683870   0.00073903     0.04657108   0.00000000     0.00584529  -0.00006279
  0.00584529  -0.00006279     0.00584529   0.00006279     0.04661985   0.00000000
    6    7
 -0.01584264   0.00722789    -0.01080387  -0.00000000     0.00589371  -0.00416785
 -0.01080387   0.00000000    -0.01584264  -0.00722789     0.00589371   0.00416785
  0.00589371  -0.00416785     0.00589371   0.00416785     0.02009967   0.00000000
    7    1
 -0.00498099  -0.00863773     0.00041713   0.00097335    -0.00563234   0.00353540
 -0.00041713   0.00097335     0.00498099  -0.00863773     0.00563234   0.00353540
 -0.00801070  -0.01639220     0.00801070  -0.01639220    -0.00000000  -0.00643937
    7    2
 -0.02083304  -0.00578926     0.00526567   0.00712968     0.02309147   0.00270329
  0.00282093   0.00340072    -0.00696146  -0.00139684     0.00780671  -0.00565020
 -0.00575403  -0.00436679     0.00418902  -0.00354759    -0.01424339   0.00874594
    7    3
 -0.01147103  -0.00707191    -0.01138798   0.00112937    -0.02624057  -0.01733788
 -0.00467307  -0.00451409     0.01114220  -0.01053866    -0.01427492  -0.00074965
 -0.02598225  -0.01737755    -0.00575777  -0.00337244    -0.01171758  -0.00865252
    7    4
 -0.00696146   0.00139684     0.00282093  -0.00340072     0.00780671   0.00565020
  0.00526567  -0.00712968    -0.02083304   0.00578926     0.02309147  -0.00270329
  0.00418902   0.00354759    -0.00575403   0.00436679    -0.01424339  -0.00874594
    7    5
  0.01114220   0.01053866    -0.00467307   0.00451409    -0.01427492   0.00074965
 -0.01138798  -0.00112937    -0.01147103   0.00707191    -0.02624057   0.01733788
 -0.00575777   0.00337244    -0.02598225   0.01737755    -0.01171758   0.00865252
    7    6
 -0.01584264  -0.00722789    -0.01080387   0.00000000     0.00589371   0.00416785
 -0.01080387  -0.00000000    -0.01584264   0.00722789     0.00589371  -0.00416785
  0.00589371   0.00416785     0.00589371  -0.00416785     0.02009967   0.00000000
    7    7
  0.04657108   0.00000000     0.00683870   0.00073903     0.00584529  -0.00006279
  0.00683870  -0.00073903     0.04657108  -0.00000000     0.00584529   0.00006279
  0.00584529   0.00006279     0.00584529  -0.00006279     0.04661985  -0.00000000

     Dynamical  Matrix in cartesian axes

     q = (   -0.324759526   0.216506351   0.324759526 ) 

    1    1
  0.06686058   0.00000000    -0.00332213   0.00000000    -0.00731953   0.00000000
 -0.00332213   0.00000000     0.04505707   0.00000000     0.00332213   0.00000000
 -0.00731953   0.00000000     0.00332213   0.00000000     0.06686058   0.00000000
    1    2
 -0.00569603  -0.01014967    -0.00108581   0.01147966    -0.00956527  -0.00417671
  0.00726079   0.00372054    -0.00732634  -0.00200747     0.00554383   0.00302517
 -0.00323135   0.00387775     0.00263108  -0.00748512     0.00283943   0.00894865
    1    3
  0.00314920   0.01120460    -0.00888513  -0.00734956    -0.00381028   0.00971704
  0.00250334  -0.00776498    -0.00376101   0.00660000     0.00178096  -0.00605920
 -0.00502690  -0.00045707     0.00715323   0.00343232    -0.00431988  -0.00833543
    1    4
 -0.00258571  -0.00962989     0.00592661   0.01725546    -0.00098322  -0.00039331
 -0.00648258   0.00148276    -0.00455332  -0.00455332    -0.00148276   0.00648258
 -0.00039331  -0.00098322    -0.01725546  -0.00592661    -0.00962989  -0.00258571
    1    5
  0.00498099   0.00863773    -0.00801070  -0.01639220    -0.00041713   0.00097335
 -0.00563234   0.00353540     0.00000000   0.00643937    -0.00563234  -0.00353540
  0.00041713   0.00097335    -0.00801070   0.01639220    -0.00498099   0.00863773
    1    6
  0.00833543   0.00431988     0.00343232   0.00715323     0.00045707   0.00502690
 -0.00605920   0.00178096    -0.00660000   0.00376101    -0.00776498   0.00250334
 -0.00971704   0.00381028    -0.00734956  -0.00888513    -0.01120460  -0.00314920
    1    7
  0.00283943  -0.00894865    -0.00263108  -0.00748512    -0.00323135  -0.00387775
 -0.00554383   0.00302517    -0.00732634   0.00200747    -0.00726079   0.00372054
 -0.00956527   0.00417671     0.00108581   0.01147966    -0.00569603   0.01014967
    2    1
 -0.00569603   0.01014967     0.00726079  -0.00372054    -0.00323135  -0.00387775
 -0.00108581  -0.01147966    -0.00732634   0.00200747     0.00263108   0.00748512
 -0.00956527   0.00417671     0.00554383  -0.00302517     0.00283943  -0.00894865
    2    2
  0.06107673  -0.00000000    -0.00629566   0.00176429    -0.00096821  -0.00133618
 -0.00629566  -0.00176429     0.04042728  -0.00000000     0.00679728   0.00196628
 -0.00096821   0.00133618     0.00679728  -0.00196628     0.04826567  -0.00000000
    2    3
  0.01792337   0.00265373    -0.00184760  -0.00801707    -0.00861665   0.00125703
 -0.00184760  -0.00801707    -0.01086902  -0.01702532    -0.00828503  -0.00247530
 -0.00861665   0.00125703    -0.00828503  -0.00247530    -0.01825689   0.00282403
    2    4
 -0.00578926  -0.02083304     0.00436679   0.00575403    -0.00340072  -0.00282093
 -0.00270329  -0.02309147     0.00874594  -0.01424339    -0.00565020   0.00780671
 -0.00712968  -0.00526567    -0.00354759   0.00418902    -0.00139684  -0.00696146
    2    5
 -0.01311184   0.00311065     0.03066001  -0.00608444     0.00649630  -0.00011241
  0.03081462  -0.00629515    -0.01440384   0.00216732    -0.01062398   0.00956381
  0.00725393  -0.00885110    -0.00645603   0.00168668     0.00042677  -0.01533068
    2    6
 -0.01972089   0.01297235    -0.00222934   0.00757333    -0.00497631   0.00497631
 -0.00718070  -0.00003028    -0.00611327   0.00611327     0.00757333  -0.00222934
 -0.01926405   0.01926405    -0.00003028  -0.00718070    -0.01297235   0.01972089
    2    7
 -0.01463554   0.00298308     0.00453639  -0.00634191     0.02935638   0.00241531
  0.00608875   0.00597456    -0.01193036   0.01660618    -0.00453639   0.00634191
  0.03077678   0.00815641    -0.00608875  -0.00597456    -0.01463554   0.00298308
    3    1
  0.00314920  -0.01120460     0.00250334   0.00776498    -0.00502690   0.00045707
 -0.00888513   0.00734956    -0.00376101  -0.00660000     0.00715323  -0.00343232
 -0.00381028  -0.00971704     0.00178096   0.00605920    -0.00431988   0.00833543
    3    2
  0.01792337  -0.00265373    -0.00184760   0.00801707    -0.00861665  -0.00125703
 -0.00184760   0.00801707    -0.01086902   0.01702532    -0.00828503   0.00247530
 -0.00861665  -0.00125703    -0.00828503   0.00247530    -0.01825689  -0.00282403
    3    3
  0.06107673   0.00000000    -0.00629566  -0.00176429    -0.00096821   0.00133618
 -0.00629566   0.00176429     0.04042728   0.00000000     0.00679728  -0.00196628
 -0.00096821  -0.00133618     0.00679728   0.00196628     0.04826567   0.00000000
    3    4
 -0.01311184  -0.00311065     0.03066001   0.00608444     0.00649630   0.00011241
  0.03081462   0.00629515    -0.01440384  -0.00216732    -0.01062398  -0.00956381
  0.00725393   0.00885110    -0.00645603  -0.00168668     0.00042677   0.01533068
    3    5
 -0.00578926   0.02083304     0.00436679  -0.00575403    -0.00340072   0.00282093
 -0.00270329   0.02309147     0.00874594   0.01424339    -0.00565020  -0.00780671
 -0.00712968   0.00526567    -0.00354759  -0.00418902    -0.00139684   0.00696146
    3    6
 -0.01463554  -0.00298308     0.00453639   0.00634191     0.02935638  -0.00241531
  0.00608875  -0.00597456    -0.01193036  -0.01660618    -0.00453639  -0.00634191
  0.03077678  -0.00815641    -0.00608875   0.00597456    -0.01463554  -0.00298308
    3    7
 -0.01972089  -0.01297235    -0.00222934  -0.00757333    -0.00497631  -0.00497631
 -0.00718070   0.00003028    -0.00611327  -0.00611327     0.00757333   0.00222934
 -0.01926405  -0.01926405    -0.00003028   0.00718070    -0.01297235  -0.01972089
    4    1
 -0.00258571   0.00962989    -0.00648258  -0.00148276    -0.00039331   0.00098322
  0.00592661  -0.01725546    -0.00455332   0.00455332    -0.01725546   0.00592661
 -0.00098322   0.00039331    -0.00148276  -0.00648258    -0.00962989   0.00258571
    4    2
 -0.00578926   0.02083304    -0.00270329   0.02309147    -0.00712968   0.00526567
  0.00436679  -0.00575403     0.00874594   0.01424339    -0.00354759  -0.00418902
 -0.00340072   0.00282093    -0.00565020  -0.00780671    -0.00139684   0.00696146
    4    3
 -0.01311184   0.00311065     0.03081462  -0.00629515     0.00725393  -0.00885110
  0.03066001  -0.00608444    -0.01440384   0.00216732    -0.00645603   0.00168668
  0.00649630  -0.00011241    -0.01062398   0.00956381     0.00042677  -0.01533068
    4    4
  0.04657108   0.00000000    -0.00584529   0.00006279    -0.00683870  -0.00073903
 -0.00584529  -0.00006279     0.04661985  -0.00000000     0.00584529  -0.00006279
 -0.00683870   0.00073903     0.00584529   0.00006279     0.04657108  -0.00000000
    4    5
  0.00609155   0.01631333     0.00122037   0.00711460    -0.00763949  -0.00763949
  0.00122037   0.00711460    -0.01421262  -0.01421262    -0.00711460  -0.00122037
 -0.00763949  -0.00763949    -0.00711460  -0.00122037     0.01631333   0.00609155
    4    6
 -0.00042677  -0.01533068    -0.01062398  -0.00956381    -0.00649630  -0.00011241
 -0.00645603  -0.00168668     0.01440384   0.00216732     0.03066001   0.00608444
 -0.00725393  -0.00885110     0.03081462   0.00629515     0.01311184   0.00311065
    4    7
 -0.00696146   0.00139684    -0.00780671  -0.00565020    -0.00282093   0.00340072
 -0.00418902  -0.00354759    -0.01424339  -0.00874594    -0.00575403   0.00436679
 -0.00526567   0.00712968     0.02309147  -0.00270329    -0.02083304   0.00578926
    5    1
  0.00498099  -0.00863773    -0.00563234  -0.00353540     0.00041713  -0.00097335
 -0.00801070   0.01639220     0.00000000  -0.00643937    -0.00801070  -0.01639220
 -0.00041713  -0.00097335    -0.00563234   0.00353540    -0.00498099  -0.00863773
    5    2
 -0.01311184  -0.00311065     0.03081462   0.00629515     0.00725393   0.00885110
  0.03066001   0.00608444    -0.01440384  -0.00216732    -0.00645603  -0.00168668
  0.00649630   0.00011241    -0.01062398  -0.00956381     0.00042677   0.01533068
    5    3
 -0.00578926  -0.02083304    -0.00270329  -0.02309147    -0.00712968  -0.00526567
  0.00436679   0.00575403     0.00874594  -0.01424339    -0.00354759   0.00418902
 -0.00340072  -0.00282093    -0.00565020   0.00780671    -0.00139684  -0.00696146
    5    4
  0.00609155  -0.01631333     0.00122037  -0.00711460    -0.00763949   0.00763949
  0.00122037  -0.00711460    -0.01421262   0.01421262    -0.00711460   0.00122037
 -0.00763949   0.00763949    -0.00711460   0.00122037     0.01631333  -0.00609155
    5    5
  0.04657108   0.00000000    -0.00584529  -0.00006279    -0.00683870   0.00073903
 -0.00584529   0.00006279     0.04661985   0.00000000     0.00584529   0.00006279
 -0.00683870  -0.00073903     0.00584529  -0.00006279     0.04657108   0.00000000
    5    6
 -0.00696146  -0.00139684    -0.00780671   0.00565020    -0.00282093  -0.00340072
 -0.00418902   0.00354759    -0.01424339   0.00874594    -0.00575403  -0.00436679
 -0.00526567  -0.00712968     0.02309147   0.00270329    -0.02083304  -0.00578926
    5    7
 -0.00042677   0.01533068    -0.01062398   0.00956381    -0.00649630   0.00011241
 -0.00645603   0.00168668     0.01440384  -0.00216732     0.03066001  -0.00608444
 -0.00725393   0.00885110     0.03081462  -0.00629515     0.01311184  -0.00311065
    6    1
  0.00833543  -0.00431988    -0.00605920  -0.00178096    -0.00971704  -0.00381028
  0.00343232  -0.00715323    -0.00660000  -0.00376101    -0.00734956   0.00888513
  0.00045707  -0.00502690    -0.00776498  -0.00250334    -0.01120460   0.00314920
    6    2
 -0.01972089  -0.01297235    -0.00718070   0.00003028    -0.01926405  -0.01926405
 -0.00222934  -0.00757333    -0.00611327  -0.00611327    -0.00003028   0.00718070
 -0.00497631  -0.00497631     0.00757333   0.00222934    -0.01297235  -0.01972089
    6    3
 -0.01463554   0.00298308     0.00608875   0.00597456     0.03077678   0.00815641
  0.00453639  -0.00634191    -0.01193036   0.01660618    -0.00608875  -0.00597456
  0.02935638   0.00241531    -0.00453639   0.00634191    -0.01463554   0.00298308
    6    4
 -0.00042677   0.01533068    -0.00645603   0.00168668    -0.00725393   0.00885110
 -0.01062398   0.00956381     0.01440384  -0.00216732     0.03081462  -0.00629515
 -0.00649630   0.00011241     0.03066001  -0.00608444     0.01311184  -0.00311065
    6    5
 -0.00696146   0.00139684    -0.00418902  -0.00354759    -0.00526567   0.00712968
 -0.00780671  -0.00565020    -0.01424339  -0.00874594     0.02309147  -0.00270329
 -0.00282093   0.00340072    -0.00575403   0.00436679    -0.02083304   0.00578926
    6    6
  0.04826567  -0.00000000    -0.00679728   0.00196628    -0.00096821   0.00133618
 -0.00679728  -0.00196628     0.04042728  -0.00000000     0.00629566   0.00176429
 -0.00096821  -0.00133618     0.00629566  -0.00176429     0.06107673   0.00000000
    6    7
 -0.00282403  -0.01825689    -0.00247530   0.00828503    -0.00125703  -0.00861665
 -0.00247530   0.00828503     0.01702532  -0.01086902    -0.00801707   0.00184760
 -0.00125703  -0.00861665    -0.00801707   0.00184760    -0.00265373   0.01792337
    7    1
  0.00283943   0.00894865    -0.00554383  -0.00302517    -0.00956527  -0.00417671
 -0.00263108   0.00748512    -0.00732634  -0.00200747     0.00108581  -0.01147966
 -0.00323135   0.00387775    -0.00726079  -0.00372054    -0.00569603  -0.01014967
    7    2
 -0.01463554  -0.00298308     0.00608875  -0.00597456     0.03077678  -0.00815641
  0.00453639   0.00634191    -0.01193036  -0.01660618    -0.00608875   0.00597456
  0.02935638  -0.00241531    -0.00453639  -0.00634191    -0.01463554  -0.00298308
    7    3
 -0.01972089   0.01297235    -0.00718070  -0.00003028    -0.01926405   0.01926405
 -0.00222934   0.00757333    -0.00611327   0.00611327    -0.00003028  -0.00718070
 -0.00497631   0.00497631     0.00757333  -0.00222934    -0.01297235   0.01972089
    7    4
 -0.00696146  -0.00139684    -0.00418902   0.00354759    -0.00526567  -0.00712968
 -0.00780671   0.00565020    -0.01424339   0.00874594     0.02309147   0.00270329
 -0.00282093  -0.00340072    -0.00575403  -0.00436679    -0.02083304  -0.00578926
    7    5
 -0.00042677  -0.01533068    -0.00645603  -0.00168668    -0.00725393  -0.00885110
 -0.01062398  -0.00956381     0.01440384   0.00216732     0.03081462   0.00629515
 -0.00649630  -0.00011241     0.03066001   0.00608444     0.01311184   0.00311065
    7    6
 -0.00282403   0.01825689    -0.00247530  -0.00828503    -0.00125703   0.00861665
 -0.00247530  -0.00828503     0.01702532   0.01086902    -0.00801707  -0.00184760
 -0.00125703   0.00861665    -0.00801707  -0.00184760    -0.00265373  -0.01792337
    7    7
  0.04826567   0.00000000    -0.00679728  -0.00196628    -0.00096821  -0.00133618
 -0.00679728   0.00196628     0.04042728   0.00000000     0.00629566  -0.00176429
 -0.00096821   0.00133618     0.00629566   0.00176429     0.06107673  -0.00000000

     Dynamical  Matrix in cartesian axes

     q = (    0.324759526   0.216506351   0.324759526 ) 

    1    1
  0.06686058   0.00000000     0.00332213   0.00000000     0.00731953   0.00000000
  0.00332213   0.00000000     0.04505707   0.00000000     0.00332213   0.00000000
  0.00731953   0.00000000     0.00332213   0.00000000     0.06686058   0.00000000
    1    2
  0.01120460  -0.00314920     0.00734956  -0.00888513    -0.00971704  -0.00381028
  0.00776498   0.00250334     0.00660000   0.00376101    -0.00605920  -0.00178096
  0.00045707  -0.00502690     0.00343232  -0.00715323    -0.00833543   0.00431988
    1    3
 -0.01120460  -0.00314920    -0.00734956  -0.00888513     0.00971704  -0.00381028
 -0.00776498   0.00250334    -0.00660000   0.00376101     0.00605920  -0.00178096
 -0.00045707  -0.00502690    -0.00343232  -0.00715323     0.00833543   0.00431988
    1    4
 -0.00498099   0.00863773    -0.00801070   0.01639220    -0.00041713  -0.00097335
 -0.00563234  -0.00353540    -0.00000000   0.00643937     0.00563234  -0.00353540
  0.00041713  -0.00097335     0.00801070   0.01639220     0.00498099   0.00863773
    1    5
  0.00498099   0.00863773     0.00801070   0.01639220     0.00041713  -0.00097335
  0.00563234  -0.00353540    -0.00000000   0.00643937    -0.00563234  -0.00353540
 -0.00041713  -0.00097335    -0.00801070   0.01639220    -0.00498099   0.00863773
    1    6
  0.00833543   0.00431988    -0.00343232  -0.00715323    -0.00045707  -0.00502690
  0.00605920  -0.00178096    -0.00660000   0.00376101    -0.00776498   0.00250334
  0.00971704  -0.00381028    -0.00734956  -0.00888513    -0.01120460  -0.00314920
    1    7
 -0.00833543   0.00431988     0.00343232  -0.00715323     0.00045707  -0.00502690
 -0.00605920  -0.00178096     0.00660000   0.00376101     0.00776498   0.00250334
 -0.00971704  -0.00381028     0.00734956  -0.00888513     0.01120460  -0.00314920
    2    1
  0.01120460   0.00314920     0.00776498  -0.00250334     0.00045707   0.00502690
  0.00734956   0.00888513     0.00660000  -0.00376101     0.00343232   0.00715323
 -0.00971704   0.00381028    -0.00605920   0.00178096    -0.00833543  -0.00431988
    2    2
  0.06107673   0.00000000     0.00629566   0.00176429     0.00096821  -0.00133618
  0.00629566  -0.00176429     0.04042728   0.00000000     0.00679728  -0.00196628
  0.00096821   0.00133618     0.00679728   0.00196628     0.04826567   0.00000000
    2    3
  0.01455021   0.01079727     0.00697538  -0.00436247     0.00520404   0.00698175
  0.00697538  -0.00436247    -0.01972428   0.00435316    -0.00760871  -0.00410810
  0.00520404   0.00698175    -0.00760871  -0.00410810    -0.01091268  -0.01490647
    2    4
 -0.01147103   0.00707191    -0.02598225   0.01737755    -0.00467307   0.00451409
 -0.02624057   0.01733788    -0.01171758   0.00865252    -0.01427492   0.00074965
 -0.01138798  -0.00112937    -0.00575777   0.00337244     0.01114220   0.01053866
    2    5
 -0.02083304  -0.00578926    -0.00575403  -0.00436679     0.00282093   0.00340072
  0.02309147   0.00270329    -0.01424339   0.00874594     0.00780671  -0.00565020
  0.00526567   0.00712968     0.00418902  -0.00354759    -0.00696146  -0.00139684
    2    6
  0.00298308  -0.01463554     0.00634191  -0.00453639    -0.00241531  -0.02935638
 -0.00597456  -0.00608875     0.01660618  -0.01193036     0.00634191  -0.00453639
 -0.00815641  -0.03077678    -0.00597456  -0.00608875     0.00298308  -0.01463554
    2    7
 -0.02311761   0.00477194     0.00693154   0.00377877     0.00703757   0.00000000
  0.00505611  -0.00509893    -0.00864547  -0.00000000     0.00693154  -0.00377877
  0.02724348   0.00000000     0.00505611   0.00509893    -0.02311761  -0.00477194
    3    1
 -0.01120460   0.00314920    -0.00776498  -0.00250334    -0.00045707   0.00502690
 -0.00734956   0.00888513    -0.00660000  -0.00376101    -0.00343232   0.00715323
  0.00971704   0.00381028     0.00605920   0.00178096     0.00833543  -0.00431988
    3    2
  0.01455021  -0.01079727     0.00697538   0.00436247     0.00520404  -0.00698175
  0.00697538   0.00436247    -0.01972428  -0.00435316    -0.00760871   0.00410810
  0.00520404  -0.00698175    -0.00760871   0.00410810    -0.01091268   0.01490647
    3    3
  0.06107673  -0.00000000     0.00629566  -0.00176429     0.00096821   0.00133618
  0.00629566   0.00176429     0.04042728  -0.00000000     0.00679728   0.00196628
  0.00096821  -0.00133618     0.00679728  -0.00196628     0.04826567  -0.00000000
    3    4
 -0.02083304   0.00578926    -0.00575403   0.00436679     0.00282093  -0.00340072
  0.02309147  -0.00270329    -0.01424339  -0.00874594     0.00780671   0.00565020
  0.00526567  -0.00712968     0.00418902   0.00354759    -0.00696146   0.00139684
    3    5
 -0.01147103  -0.00707191    -0.02598225  -0.01737755    -0.00467307  -0.00451409
 -0.02624057  -0.01733788    -0.01171758  -0.00865252    -0.01427492  -0.00074965
 -0.01138798   0.00112937    -0.00575777  -0.00337244     0.01114220  -0.01053866
    3    6
 -0.02311761  -0.00477194     0.00693154  -0.00377877     0.00703757  -0.00000000
  0.00505611   0.00509893    -0.00864547   0.00000000     0.00693154   0.00377877
  0.02724348  -0.00000000     0.00505611  -0.00509893    -0.02311761   0.00477194
    3    7
  0.00298308   0.01463554     0.00634191   0.00453639    -0.00241531   0.02935638
 -0.00597456   0.00608875     0.01660618   0.01193036     0.00634191   0.00453639
 -0.00815641   0.03077678    -0.00597456   0.00608875     0.00298308   0.01463554
    4    1
 -0.00498099  -0.00863773    -0.00563234   0.00353540     0.00041713   0.00097335
 -0.00801070  -0.01639220    -0.00000000  -0.00643937     0.00801070  -0.01639220
 -0.00041713   0.00097335     0.00563234   0.00353540     0.00498099  -0.00863773
    4    2
 -0.01147103  -0.00707191    -0.02624057  -0.01733788    -0.01138798   0.00112937
 -0.02598225  -0.01737755    -0.01171758  -0.00865252    -0.00575777  -0.00337244
 -0.00467307  -0.00451409    -0.01427492  -0.00074965     0.01114220  -0.01053866
    4    3
 -0.02083304  -0.00578926     0.02309147   0.00270329     0.00526567   0.00712968
 -0.00575403  -0.00436679    -0.01424339   0.00874594     0.00418902  -0.00354759
  0.00282093   0.00340072     0.00780671  -0.00565020    -0.00696146  -0.00139684
    4    4
  0.04657108   0.00000000     0.00584529  -0.00006279     0.00683870   0.00073903
  0.00584529   0.00006279     0.04661985  -0.00000000     0.00584529  -0.00006279
  0.00683870  -0.00073903     0.00584529   0.00006279     0.04657108   0.00000000
    4    5
 -0.01584264  -0.00722789     0.00589371   0.00416785    -0.01080387   0.00000000
  0.00589371   0.00416785     0.02009967  -0.00000000     0.00589371  -0.00416785
 -0.01080387  -0.00000000     0.00589371  -0.00416785    -0.01584264   0.00722789
    4    6
  0.01114220   0.01053866    -0.01427492   0.00074965    -0.00467307   0.00451409
 -0.00575777   0.00337244    -0.01171758   0.00865252    -0.02598225   0.01737755
 -0.01138798  -0.00112937    -0.02624057   0.01733788    -0.01147103   0.00707191
    4    7
 -0.00696146   0.00139684     0.00780671   0.00565020     0.00282093  -0.00340072
  0.00418902   0.00354759    -0.01424339  -0.00874594    -0.00575403   0.00436679
  0.00526567  -0.00712968     0.02309147  -0.00270329    -0.02083304   0.00578926
    5    1
  0.00498099  -0.00863773     0.00563234   0.00353540    -0.00041713   0.00097335
  0.00801070  -0.01639220    -0.00000000  -0.00643937    -0.00801070  -0.01639220
  0.00041713   0.00097335    -0.00563234   0.00353540    -0.00498099  -0.00863773
    5    2
 -0.02083304   0.00578926     0.02309147  -0.00270329     0.00526567  -0.00712968
 -0.00575403   0.00436679    -0.01424339  -0.00874594     0.00418902   0.00354759
  0.00282093  -0.00340072     0.00780671   0.00565020    -0.00696146   0.00139684
    5    3
 -0.01147103   0.00707191    -0.02624057   0.01733788    -0.01138798  -0.00112937
 -0.02598225   0.01737755    -0.01171758   0.00865252    -0.00575777   0.00337244
 -0.00467307   0.00451409    -0.01427492   0.00074965     0.01114220   0.01053866
    5    4
 -0.01584264   0.00722789     0.00589371  -0.00416785    -0.01080387  -0.00000000
  0.00589371  -0.00416785     0.02009967   0.00000000     0.00589371   0.00416785
 -0.01080387   0.00000000     0.00589371   0.00416785    -0.01584264  -0.00722789
    5    5
  0.04657108  -0.00000000     0.00584529   0.00006279     0.00683870  -0.00073903
  0.00584529  -0.00006279     0.04661985   0.00000000     0.00584529   0.00006279
  0.00683870   0.00073903     0.00584529  -0.00006279     0.04657108   0.00000000
    5    6
 -0.00696146  -0.00139684     0.00780671  -0.00565020     0.00282093   0.00340072
  0.00418902  -0.00354759    -0.01424339   0.00874594    -0.00575403  -0.00436679
  0.00526567   0.00712968     0.02309147   0.00270329    -0.02083304  -0.00578926
    5    7
  0.01114220  -0.01053866    -0.01427492  -0.00074965    -0.00467307  -0.00451409
 -0.00575777  -0.00337244    -0.01171758  -0.00865252    -0.02598225  -0.01737755
 -0.01138798   0.00112937    -0.02624057  -0.01733788    -0.01147103  -0.00707191
    6    1
  0.00833543  -0.00431988     0.00605920   0.00178096     0.00971704   0.00381028
 -0.00343232   0.00715323    -0.00660000  -0.00376101    -0.00734956   0.00888513
 -0.00045707   0.00502690    -0.00776498  -0.00250334    -0.01120460   0.00314920
    6    2
  0.00298308   0.01463554    -0.00597456   0.00608875    -0.00815641   0.03077678
  0.00634191   0.00453639     0.01660618   0.01193036    -0.00597456   0.00608875
 -0.00241531   0.02935638     0.00634191   0.00453639     0.00298308   0.01463554
    6    3
 -0.02311761   0.00477194     0.00505611  -0.00509893     0.02724348   0.00000000
  0.00693154   0.00377877    -0.00864547  -0.00000000     0.00505611   0.00509893
  0.00703757   0.00000000     0.00693154  -0.00377877    -0.02311761  -0.00477194
    6    4
  0.01114220  -0.01053866    -0.00575777  -0.00337244    -0.01138798   0.00112937
 -0.01427492  -0.00074965    -0.01171758  -0.00865252    -0.02624057  -0.01733788
 -0.00467307  -0.00451409    -0.02598225  -0.01737755    -0.01147103  -0.00707191
    6    5
 -0.00696146   0.00139684     0.00418902   0.00354759     0.00526567  -0.00712968
  0.00780671   0.00565020    -0.01424339  -0.00874594     0.02309147  -0.00270329
  0.00282093  -0.00340072    -0.00575403   0.00436679    -0.02083304   0.00578926
    6    6
  0.04826567  -0.00000000     0.00679728  -0.00196628     0.00096821  -0.00133618
  0.00679728   0.00196628     0.04042728  -0.00000000     0.00629566   0.00176429
  0.00096821   0.00133618     0.00629566  -0.00176429     0.06107673  -0.00000000
    6    7
 -0.01091268   0.01490647    -0.00760871   0.00410810     0.00520404  -0.00698175
 -0.00760871   0.00410810    -0.01972428  -0.00435316     0.00697538   0.00436247
  0.00520404  -0.00698175     0.00697538   0.00436247     0.01455021  -0.01079727
    7    1
 -0.00833543  -0.00431988    -0.00605920   0.00178096    -0.00971704   0.00381028
  0.00343232   0.00715323     0.00660000  -0.00376101     0.00734956   0.00888513
  0.00045707   0.00502690     0.00776498  -0.00250334     0.01120460   0.00314920
    7    2
 -0.02311761  -0.00477194     0.00505611   0.00509893     0.02724348  -0.00000000
  0.00693154  -0.00377877    -0.00864547   0.00000000     0.00505611  -0.00509893
  0.00703757  -0.00000000     0.00693154   0.00377877    -0.02311761   0.00477194
    7    3
  0.00298308  -0.01463554    -0.00597456  -0.00608875    -0.00815641  -0.03077678
  0.00634191  -0.00453639     0.01660618  -0.01193036    -0.00597456  -0.00608875
 -0.00241531  -0.02935638     0.00634191  -0.00453639     0.00298308  -0.01463554
    7    4
 -0.00696146  -0.00139684     0.00418902  -0.00354759     0.00526567   0.00712968
  0.00780671  -0.00565020    -0.01424339   0.00874594     0.02309147   0.00270329
  0.00282093   0.00340072    -0.00575403  -0.00436679    -0.02083304  -0.00578926
    7    5
  0.01114220   0.01053866    -0.00575777   0.00337244    -0.01138798  -0.00112937
 -0.01427492   0.00074965    -0.01171758   0.00865252    -0.02624057   0.01733788
 -0.00467307   0.00451409    -0.02598225   0.01737755    -0.01147103   0.00707191
    7    6
 -0.01091268  -0.01490647    -0.00760871  -0.00410810     0.00520404   0.00698175
 -0.00760871  -0.00410810    -0.01972428   0.00435316     0.00697538  -0.00436247
  0.00520404   0.00698175     0.00697538  -0.00436247     0.01455021   0.01079727
    7    7
  0.04826567   0.00000000     0.00679728   0.00196628     0.00096821   0.00133618
  0.00679728  -0.00196628     0.04042728   0.00000000     0.00629566  -0.00176429
  0.00096821  -0.00133618     0.00629566   0.00176429     0.06107673   0.00000000

     Dynamical  Matrix in cartesian axes

     q = (    0.324759526  -0.324759526   0.216506351 ) 

    1    1
  0.06686058   0.00000000    -0.00731953   0.00000000     0.00332213   0.00000000
 -0.00731953   0.00000000     0.06686058   0.00000000    -0.00332213   0.00000000
  0.00332213   0.00000000    -0.00332213   0.00000000     0.04505707   0.00000000
    1    2
 -0.01120460  -0.00314920    -0.00971704   0.00381028    -0.00734956  -0.00888513
  0.00045707   0.00502690     0.00833543   0.00431988     0.00343232   0.00715323
 -0.00776498   0.00250334    -0.00605920   0.00178096    -0.00660000   0.00376101
    1    3
 -0.00569603   0.01014967    -0.00956527   0.00417671     0.00108581   0.01147966
 -0.00323135  -0.00387775     0.00283943  -0.00894865    -0.00263108  -0.00748512
 -0.00726079   0.00372054    -0.00554383   0.00302517    -0.00732634   0.00200747
    1    4
  0.00283943   0.00894865    -0.00323135   0.00387775     0.00263108  -0.00748512
 -0.00956527  -0.00417671    -0.00569603  -0.01014967    -0.00108581   0.01147966
  0.00554383   0.00302517     0.00726079   0.00372054    -0.00732634  -0.00200747
    1    5
 -0.00431988  -0.00833543    -0.00502690  -0.00045707     0.00715323   0.00343232
 -0.00381028   0.00971704     0.00314920   0.01120460    -0.00888513  -0.00734956
  0.00178096  -0.00605920     0.00250334  -0.00776498    -0.00376101   0.00660000
    1    6
 -0.00962989  -0.00258571    -0.00039331  -0.00098322    -0.01725546  -0.00592661
 -0.00098322  -0.00039331    -0.00258571  -0.00962989     0.00592661   0.01725546
 -0.00148276   0.00648258    -0.00648258   0.00148276    -0.00455332  -0.00455332
    1    7
 -0.00498099   0.00863773     0.00041713   0.00097335    -0.00801070   0.01639220
 -0.00041713   0.00097335     0.00498099   0.00863773    -0.00801070  -0.01639220
