  2.000000000000000E-002   1.26015754758087        2.29045391948694     
           6

     Dynamical  Matrix in cartesian axes

     q = (    0.000000000   0.000000000   0.433012700 ) 

    1    1
  0.02898635   0.00000000     0.00000000   0.00000000    -0.00000000   0.00000000
  0.00000000   0.00000000     0.02898635   0.00000000    -0.00000000   0.00000000
 -0.00000000   0.00000000    -0.00000000   0.00000000     0.35235811   0.00000000
    1    2
  0.00000000  -0.00190490     0.00000000  -0.00000000    -0.01493284  -0.00000000
 -0.00000000  -0.00000000    -0.00000000   0.00015146     0.00000000   0.00000000
 -0.06717949  -0.00000000     0.00000000   0.00000000     0.00000000  -0.02639367
    1    3
  0.00190490  -0.00000000    -0.00000000  -0.00000000     0.00000000   0.01493284
  0.00000000   0.00000000    -0.00015146  -0.00000000    -0.00000000  -0.00000000
  0.00000000   0.06717949    -0.00000000   0.00000000     0.02639367  -0.00000000
    1    4
 -0.00015146  -0.00000000     0.00000000  -0.00000000    -0.00000000  -0.00000000
  0.00000000  -0.00000000     0.00190490  -0.00000000     0.00000000   0.01493284
 -0.00000000   0.00000000     0.00000000   0.06717949     0.02639367  -0.00000000
    1    5
 -0.00000000   0.00015146     0.00000000  -0.00000000     0.00000000   0.00000000
  0.00000000  -0.00000000     0.00000000  -0.00190490    -0.01493284  -0.00000000
  0.00000000   0.00000000    -0.06717949  -0.00000000     0.00000000  -0.02639367
    1    6
 -0.00166761   0.01104420     0.00000000  -0.00000000     0.00000000  -0.00000000
  0.00000000  -0.00000000    -0.01104420   0.00166761     0.00000000  -0.00000000
  0.00000000  -0.00000000     0.00000000  -0.00000000    -0.00531488   0.00531488
    1    7
 -0.01104420   0.00166761     0.00000000   0.00000000     0.00000000  -0.00000000
  0.00000000   0.00000000    -0.00166761   0.01104420     0.00000000  -0.00000000
  0.00000000  -0.00000000     0.00000000  -0.00000000    -0.00531488   0.00531488
    2    1
  0.00000000   0.00190490     0.00000000  -0.00000000    -0.06717949   0.00000000
  0.00000000   0.00000000    -0.00000000  -0.00015146    -0.00000000  -0.00000000
 -0.01493284   0.00000000    -0.00000000  -0.00000000     0.00000000   0.02639367
    2    2
  0.03246250  -0.00000000     0.00000000   0.00000000    -0.00000000  -0.00068043
 -0.00000000  -0.00000000     0.07678419   0.00000000    -0.00000000  -0.00000000
 -0.00000000   0.00068043    -0.00000000  -0.00000000     0.05490098  -0.00000000
    2    3
 -0.00000000  -0.01535381     0.00000000   0.00000000    -0.00542817   0.00000000
  0.00000000   0.00000000    -0.00000000  -0.07270902     0.00000000  -0.00000000
 -0.00542817   0.00000000     0.00000000   0.00000000     0.00000000   0.00708583
    2    4
 -0.00000000  -0.00218729    -0.00000000  -0.01844804    -0.00691716   0.00000000
 -0.00000000  -0.07319203    -0.00000000  -0.00218729     0.00042377  -0.00000000
  0.00042377  -0.00000000    -0.00691716   0.00000000     0.00000000   0.00726076
    2    5
 -0.00218729  -0.00000000     0.01844804  -0.00000000    -0.00000000   0.00691716
  0.07319203   0.00000000    -0.00218729  -0.00000000    -0.00000000   0.00042377
 -0.00000000  -0.00042377    -0.00000000  -0.00691716     0.00726076   0.00000000
    2    6
  0.00138625  -0.00378679    -0.00000000   0.00000000     0.00007766  -0.01015594
  0.00000000   0.00000000     0.00090650  -0.00058390    -0.00000000   0.00000000
  0.00262722  -0.01940941    -0.00000000   0.00000000     0.00569930  -0.02658035
    2    7
 -0.00378679   0.00138625    -0.00000000   0.00000000     0.01015594  -0.00007766
 -0.00000000   0.00000000    -0.00058390   0.00090650     0.00000000  -0.00000000
  0.01940941  -0.00262722     0.00000000  -0.00000000    -0.02658035   0.00569930
    3    1
  0.00190490   0.00000000     0.00000000   0.00000000     0.00000000  -0.06717949
 -0.00000000   0.00000000    -0.00015146   0.00000000    -0.00000000  -0.00000000
  0.00000000  -0.01493284    -0.00000000  -0.00000000     0.02639367   0.00000000
    3    2
 -0.00000000   0.01535381     0.00000000  -0.00000000    -0.00542817  -0.00000000
  0.00000000  -0.00000000    -0.00000000   0.07270902     0.00000000   0.00000000
 -0.00542817  -0.00000000     0.00000000  -0.00000000     0.00000000  -0.00708583
    3    3
  0.03246250   0.00000000     0.00000000  -0.00000000    -0.00000000   0.00068043
 -0.00000000   0.00000000     0.07678419   0.00000000    -0.00000000   0.00000000
 -0.00000000  -0.00068043    -0.00000000   0.00000000     0.05490098   0.00000000
    3    4
 -0.00218729   0.00000000     0.01844804  -0.00000000    -0.00000000  -0.00691716
  0.07319203  -0.00000000    -0.00218729   0.00000000    -0.00000000  -0.00042377
 -0.00000000   0.00042377    -0.00000000   0.00691716     0.00726076  -0.00000000
    3    5
 -0.00000000   0.00218729    -0.00000000   0.01844804    -0.00691716  -0.00000000
 -0.00000000   0.07319203    -0.00000000   0.00218729     0.00042377   0.00000000
  0.00042377   0.00000000    -0.00691716  -0.00000000     0.00000000  -0.00726076
    3    6
 -0.00378679  -0.00138625    -0.00000000  -0.00000000     0.01015594   0.00007766
 -0.00000000  -0.00000000    -0.00058390  -0.00090650     0.00000000   0.00000000
  0.01940941   0.00262722     0.00000000   0.00000000    -0.02658035  -0.00569930
    3    7
  0.00138625   0.00378679    -0.00000000  -0.00000000     0.00007766   0.01015594
 -0.00000000  -0.00000000     0.00090650   0.00058390    -0.00000000  -0.00000000
  0.00262722   0.01940941    -0.00000000  -0.00000000     0.00569930   0.02658035
    4    1
 -0.00015146   0.00000000     0.00000000   0.00000000    -0.00000000   0.00000000
  0.00000000   0.00000000     0.00190490   0.00000000     0.00000000  -0.06717949
  0.00000000  -0.00000000     0.00000000  -0.01493284     0.02639367   0.00000000
    4    2
 -0.00000000   0.00218729    -0.00000000   0.07319203     0.00042377   0.00000000
 -0.00000000   0.01844804    -0.00000000   0.00218729    -0.00691716  -0.00000000
 -0.00691716  -0.00000000     0.00042377   0.00000000     0.00000000  -0.00726076
    4    3
 -0.00218729   0.00000000     0.07319203   0.00000000    -0.00000000  -0.00042377
  0.01844804   0.00000000    -0.00218729  -0.00000000     0.00000000  -0.00691716
 -0.00000000   0.00691716     0.00000000   0.00042377     0.00726076   0.00000000
    4    4
  0.07678419   0.00000000    -0.00000000   0.00000000    -0.00000000   0.00000000
  0.00000000  -0.00000000     0.03246250  -0.00000000    -0.00000000   0.00068043
 -0.00000000  -0.00000000    -0.00000000  -0.00068043     0.05490098  -0.00000000
    4    5
 -0.00000000   0.07270902     0.00000000   0.00000000     0.00000000   0.00000000
  0.00000000   0.00000000    -0.00000000   0.01535381    -0.00542817  -0.00000000
  0.00000000   0.00000000    -0.00542817  -0.00000000     0.00000000  -0.00708583
    4    6
  0.00090650   0.00058390     0.00000000  -0.00000000    -0.00000000  -0.00000000
 -0.00000000  -0.00000000     0.00138625   0.00378679     0.00007766   0.01015594
 -0.00000000  -0.00000000     0.00262722   0.01940941     0.00569930   0.02658035
    4    7
 -0.00058390  -0.00090650     0.00000000   0.00000000     0.00000000   0.00000000
 -0.00000000   0.00000000    -0.00378679  -0.00138625     0.01015594   0.00007766
  0.00000000   0.00000000     0.01940941   0.00262722    -0.02658035  -0.00569930
    5    1
 -0.00000000  -0.00015146     0.00000000   0.00000000    -0.00000000  -0.00000000
  0.00000000   0.00000000     0.00000000   0.00190490    -0.06717949   0.00000000
  0.00000000  -0.00000000    -0.01493284   0.00000000     0.00000000   0.02639367
    5    2
 -0.00218729  -0.00000000     0.07319203   0.00000000    -0.00000000   0.00042377
  0.01844804  -0.00000000    -0.00218729  -0.00000000     0.00000000   0.00691716
 -0.00000000  -0.00691716     0.00000000  -0.00042377     0.00726076   0.00000000
    5    3
 -0.00000000  -0.00218729    -0.00000000  -0.07319203     0.00042377  -0.00000000
 -0.00000000  -0.01844804    -0.00000000  -0.00218729    -0.00691716   0.00000000
 -0.00691716   0.00000000     0.00042377  -0.00000000     0.00000000   0.00726076
    5    4
 -0.00000000  -0.07270902     0.00000000  -0.00000000     0.00000000  -0.00000000
  0.00000000  -0.00000000    -0.00000000  -0.01535381    -0.00542817   0.00000000
  0.00000000  -0.00000000    -0.00542817   0.00000000     0.00000000   0.00708583
    5    5
  0.07678419   0.00000000    -0.00000000  -0.00000000    -0.00000000  -0.00000000
  0.00000000   0.00000000     0.03246250   0.00000000    -0.00000000  -0.00068043
 -0.00000000   0.00000000    -0.00000000   0.00068043     0.05490098   0.00000000
    5    6
 -0.00058390   0.00090650    -0.00000000   0.00000000     0.00000000  -0.00000000
 -0.00000000   0.00000000    -0.00378679   0.00138625     0.01015594  -0.00007766
  0.00000000  -0.00000000     0.01940941  -0.00262722    -0.02658035   0.00569930
    5    7
  0.00090650  -0.00058390    -0.00000000   0.00000000    -0.00000000   0.00000000
 -0.00000000   0.00000000     0.00138625  -0.00378679     0.00007766  -0.01015594
 -0.00000000   0.00000000     0.00262722  -0.01940941     0.00569930  -0.02658035
    6    1
 -0.00166761  -0.01104420     0.00000000   0.00000000     0.00000000   0.00000000
  0.00000000   0.00000000    -0.01104420  -0.00166761     0.00000000   0.00000000
  0.00000000   0.00000000     0.00000000   0.00000000    -0.00531488  -0.00531488
    6    2
  0.00138625   0.00378679     0.00000000   0.00000000     0.00262722   0.01940941
  0.00000000  -0.00000000     0.00090650   0.00058390    -0.00000000  -0.00000000
  0.00007766   0.01015594    -0.00000000  -0.00000000     0.00569930   0.02658035
    6    3
 -0.00378679   0.00138625    -0.00000000   0.00000000     0.01940941  -0.00262722
 -0.00000000  -0.00000000    -0.00058390   0.00090650     0.00000000  -0.00000000
  0.01015594  -0.00007766     0.00000000  -0.00000000    -0.02658035   0.00569930
    6    4
  0.00090650  -0.00058390     0.00000000   0.00000000    -0.00000000   0.00000000
 -0.00000000   0.00000000     0.00138625  -0.00378679     0.00262722  -0.01940941
 -0.00000000   0.00000000     0.00007766  -0.01015594     0.00569930  -0.02658035
    6    5
 -0.00058390  -0.00090650    -0.00000000  -0.00000000     0.00000000   0.00000000
  0.00000000  -0.00000000    -0.00378679  -0.00138625     0.01940941   0.00262722
  0.00000000   0.00000000     0.01015594   0.00007766    -0.02658035  -0.00569930
    6    6
  0.02753326  -0.00000000     0.00000000   0.00000000    -0.00000000   0.00000000
  0.00000000   0.00000000     0.02753326   0.00000000    -0.00000000   0.00000000
 -0.00000000   0.00000000    -0.00000000   0.00000000     0.08744557   0.00000000
    6    7
  0.00195923   0.01938745    -0.00000000   0.00000000     0.00000000   0.00000000
 -0.00000000   0.00000000     0.00195923  -0.01938745     0.00000000   0.00000000
  0.00000000   0.00000000     0.00000000   0.00000000    -0.01286639  -0.00000000
    7    1
 -0.01104420  -0.00166761    -0.00000000   0.00000000     0.00000000   0.00000000
 -0.00000000   0.00000000    -0.00166761  -0.01104420     0.00000000   0.00000000
  0.00000000   0.00000000     0.00000000   0.00000000    -0.00531488  -0.00531488
    7    2
 -0.00378679  -0.00138625    -0.00000000  -0.00000000     0.01940941   0.00262722
 -0.00000000  -0.00000000    -0.00058390  -0.00090650     0.00000000   0.00000000
  0.01015594   0.00007766     0.00000000   0.00000000    -0.02658035  -0.00569930
    7    3
  0.00138625  -0.00378679     0.00000000  -0.00000000     0.00262722  -0.01940941
 -0.00000000   0.00000000     0.00090650  -0.00058390    -0.00000000   0.00000000
  0.00007766  -0.01015594    -0.00000000   0.00000000     0.00569930  -0.02658035
    7    4
 -0.00058390   0.00090650     0.00000000   0.00000000     0.00000000  -0.00000000
 -0.00000000   0.00000000    -0.00378679   0.00138625     0.01940941  -0.00262722
  0.00000000  -0.00000000     0.01015594  -0.00007766    -0.02658035   0.00569930
    7    5
  0.00090650   0.00058390     0.00000000  -0.00000000    -0.00000000  -0.00000000
  0.00000000  -0.00000000     0.00138625   0.00378679     0.00262722   0.01940941
 -0.00000000  -0.00000000     0.00007766   0.01015594     0.00569930   0.02658035
    7    6
  0.00195923  -0.01938745    -0.00000000  -0.00000000     0.00000000  -0.00000000
 -0.00000000  -0.00000000     0.00195923   0.01938745     0.00000000  -0.00000000
  0.00000000  -0.00000000     0.00000000  -0.00000000    -0.01286639   0.00000000
    7    7
  0.02753326   0.00000000     0.00000000  -0.00000000    -0.00000000   0.00000000
  0.00000000   0.00000000     0.02753326  -0.00000000    -0.00000000   0.00000000
 -0.00000000   0.00000000    -0.00000000   0.00000000     0.08744557   0.00000000

     Dynamical  Matrix in cartesian axes

     q = (    0.433012700  -0.000000000   0.000000000 ) 

    1    1
  0.35235811   0.00000000    -0.00000000   0.00000000    -0.00000000   0.00000000
  0.00000000   0.00000000     0.02898635   0.00000000     0.00000000   0.00000000
  0.00000000   0.00000000     0.00000000   0.00000000     0.02898635   0.00000000
    1    2
 -0.00531488   0.00531488     0.00000000  -0.00000000     0.00000000   0.00000000
 -0.00000000  -0.00000000    -0.00166761   0.01104420     0.00000000  -0.00000000
  0.00000000   0.00000000     0.00000000   0.00000000    -0.01104420   0.00166761
    1    3
 -0.00531488   0.00531488     0.00000000   0.00000000     0.00000000  -0.00000000
  0.00000000   0.00000000    -0.01104420   0.00166761     0.00000000  -0.00000000
  0.00000000  -0.00000000     0.00000000  -0.00000000    -0.00166761   0.01104420
    1    4
  0.00000000  -0.02639367    -0.06717949  -0.00000000     0.00000000  -0.00000000
 -0.01493284  -0.00000000     0.00000000  -0.00190490     0.00000000  -0.00000000
  0.00000000  -0.00000000     0.00000000   0.00000000    -0.00000000   0.00015146
    1    5
  0.02639367  -0.00000000     0.00000000   0.06717949     0.00000000  -0.00000000
  0.00000000   0.01493284     0.00190490   0.00000000     0.00000000  -0.00000000
  0.00000000   0.00000000     0.00000000  -0.00000000    -0.00015146   0.00000000
    1    6
  0.02639367  -0.00000000    -0.00000000  -0.00000000     0.00000000   0.06717949
 -0.00000000  -0.00000000    -0.00015146  -0.00000000    -0.00000000   0.00000000
  0.00000000   0.01493284    -0.00000000   0.00000000     0.00190490   0.00000000
    1    7
  0.00000000  -0.02639367     0.00000000   0.00000000    -0.06717949  -0.00000000
  0.00000000   0.00000000    -0.00000000   0.00015146    -0.00000000   0.00000000
 -0.01493284  -0.00000000    -0.00000000   0.00000000     0.00000000  -0.00190490
    2    1
 -0.00531488  -0.00531488     0.00000000   0.00000000     0.00000000   0.00000000
 -0.00000000   0.00000000    -0.00166761  -0.01104420     0.00000000   0.00000000
  0.00000000   0.00000000     0.00000000   0.00000000    -0.01104420  -0.00166761
    2    2
  0.08744557   0.00000000    -0.00000000   0.00000000    -0.00000000   0.00000000
 -0.00000000   0.00000000     0.02753326  -0.00000000    -0.00000000   0.00000000
 -0.00000000   0.00000000    -0.00000000   0.00000000     0.02753326   0.00000000
    2    3
 -0.01286639  -0.00000000     0.00000000  -0.00000000    -0.00000000   0.00000000
 -0.00000000  -0.00000000     0.00195923   0.01938745    -0.00000000   0.00000000
 -0.00000000   0.00000000    -0.00000000   0.00000000     0.00195923  -0.01938745
    2    4
  0.00569930   0.02658035     0.00007766   0.01015594     0.00000000   0.00000000
  0.00262722   0.01940941     0.00138625   0.00378679     0.00000000   0.00000000
  0.00000000  -0.00000000     0.00000000  -0.00000000     0.00090650   0.00058390
    2    5
 -0.02658035   0.00569930     0.01015594  -0.00007766     0.00000000   0.00000000
  0.01940941  -0.00262722    -0.00378679   0.00138625    -0.00000000  -0.00000000
  0.00000000  -0.00000000     0.00000000  -0.00000000    -0.00058390   0.00090650
    2    6
  0.00569930  -0.02658035    -0.00000000   0.00000000     0.00007766  -0.01015594
 -0.00000000   0.00000000     0.00090650  -0.00058390    -0.00000000   0.00000000
  0.00262722  -0.01940941    -0.00000000   0.00000000     0.00138625  -0.00378679
    2    7
 -0.02658035  -0.00569930     0.00000000   0.00000000     0.01015594   0.00007766
 -0.00000000   0.00000000    -0.00058390  -0.00090650     0.00000000   0.00000000
  0.01940941   0.00262722     0.00000000   0.00000000    -0.00378679  -0.00138625
    3    1
 -0.00531488  -0.00531488     0.00000000   0.00000000    -0.00000000   0.00000000
 -0.00000000   0.00000000    -0.01104420  -0.00166761     0.00000000   0.00000000
 -0.00000000   0.00000000     0.00000000   0.00000000    -0.00166761  -0.01104420
    3    2
 -0.01286639   0.00000000     0.00000000   0.00000000    -0.00000000  -0.00000000
 -0.00000000   0.00000000     0.00195923  -0.01938745    -0.00000000  -0.00000000
 -0.00000000  -0.00000000    -0.00000000  -0.00000000     0.00195923   0.01938745
    3    3
  0.08744557  -0.00000000    -0.00000000  -0.00000000    -0.00000000  -0.00000000
 -0.00000000  -0.00000000     0.02753326   0.00000000    -0.00000000  -0.00000000
 -0.00000000  -0.00000000    -0.00000000  -0.00000000     0.02753326  -0.00000000
    3    4
 -0.02658035  -0.00569930     0.01015594   0.00007766     0.00000000   0.00000000
  0.01940941   0.00262722    -0.00378679  -0.00138625    -0.00000000   0.00000000
  0.00000000   0.00000000     0.00000000   0.00000000    -0.00058390  -0.00090650
    3    5
  0.00569930  -0.02658035     0.00007766  -0.01015594    -0.00000000   0.00000000
  0.00262722  -0.01940941     0.00138625  -0.00378679    -0.00000000   0.00000000
  0.00000000   0.00000000     0.00000000   0.00000000     0.00090650  -0.00058390
    3    6
 -0.02658035   0.00569930     0.00000000  -0.00000000     0.01015594  -0.00007766
 -0.00000000   0.00000000    -0.00058390   0.00090650     0.00000000  -0.00000000
  0.01940941  -0.00262722     0.00000000  -0.00000000    -0.00378679   0.00138625
    3    7
  0.00569930   0.02658035    -0.00000000  -0.00000000     0.00007766   0.01015594
 -0.00000000  -0.00000000     0.00090650   0.00058390    -0.00000000  -0.00000000
  0.00262722   0.01940941    -0.00000000   0.00000000     0.00138625   0.00378679
    4    1
  0.00000000   0.02639367    -0.01493284   0.00000000    -0.00000000   0.00000000
 -0.06717949   0.00000000     0.00000000   0.00190490    -0.00000000   0.00000000
 -0.00000000   0.00000000    -0.00000000   0.00000000    -0.00000000  -0.00015146
    4    2
  0.00569930  -0.02658035     0.00262722  -0.01940941     0.00000000   0.00000000
  0.00007766  -0.01015594     0.00138625  -0.00378679    -0.00000000   0.00000000
 -0.00000000   0.00000000     0.00000000   0.00000000     0.00090650  -0.00058390
    4    3
 -0.02658035   0.00569930     0.01940941  -0.00262722     0.00000000  -0.00000000
  0.01015594  -0.00007766    -0.00378679   0.00138625     0.00000000  -0.00000000
  0.00000000  -0.00000000    -0.00000000  -0.00000000    -0.00058390   0.00090650
    4    4
  0.05490098  -0.00000000    -0.00000000   0.00068043    -0.00000000   0.00000000
  0.00000000  -0.00068043     0.03246250   0.00000000    -0.00000000   0.00000000
 -0.00000000  -0.00000000    -0.00000000  -0.00000000     0.07678419   0.00000000
    4    5
  0.00000000   0.00708583    -0.00542817   0.00000000     0.00000000   0.00000000
 -0.00542817   0.00000000    -0.00000000  -0.01535381    -0.00000000  -0.00000000
  0.00000000   0.00000000     0.00000000   0.00000000    -0.00000000  -0.07270902
    4    6
  0.00000000   0.00726076     0.00042377  -0.00000000    -0.00691716   0.00000000
 -0.00691716   0.00000000    -0.00000000  -0.00218729    -0.00000000  -0.01844804
  0.00042377  -0.00000000    -0.00000000  -0.07319203    -0.00000000  -0.00218729
    4    7
  0.00726076  -0.00000000    -0.00000000  -0.00042377    -0.00000000  -0.00691716
  0.00000000   0.00691716    -0.00218729   0.00000000     0.01844804  -0.00000000
  0.00000000   0.00042377     0.07319203  -0.00000000    -0.00218729   0.00000000
    5    1
  0.02639367   0.00000000     0.00000000  -0.01493284     0.00000000   0.00000000
  0.00000000  -0.06717949     0.00190490   0.00000000     0.00000000   0.00000000
  0.00000000   0.00000000     0.00000000   0.00000000    -0.00015146   0.00000000
    5    2
 -0.02658035  -0.00569930     0.01940941   0.00262722     0.00000000   0.00000000
  0.01015594   0.00007766    -0.00378679  -0.00138625     0.00000000   0.00000000
  0.00000000  -0.00000000    -0.00000000   0.00000000    -0.00058390  -0.00090650
    5    3
  0.00569930   0.02658035     0.00262722   0.01940941    -0.00000000   0.00000000
  0.00007766   0.01015594     0.00138625   0.00378679    -0.00000000  -0.00000000
 -0.00000000  -0.00000000    -0.00000000  -0.00000000     0.00090650   0.00058390
    5    4
  0.00000000  -0.00708583    -0.00542817  -0.00000000     0.00000000  -0.00000000
 -0.00542817  -0.00000000    -0.00000000   0.01535381    -0.00000000   0.00000000
  0.00000000  -0.00000000     0.00000000  -0.00000000    -0.00000000   0.07270902
    5    5
  0.05490098   0.00000000    -0.00000000  -0.00068043    -0.00000000  -0.00000000
  0.00000000   0.00068043     0.03246250  -0.00000000    -0.00000000  -0.00000000
 -0.00000000   0.00000000    -0.00000000   0.00000000     0.07678419   0.00000000
    5    6
  0.00726076   0.00000000    -0.00000000   0.00042377    -0.00000000   0.00691716
  0.00000000  -0.00691716    -0.00218729  -0.00000000     0.01844804   0.00000000
  0.00000000  -0.00042377     0.07319203   0.00000000    -0.00218729  -0.00000000
    5    7
  0.00000000  -0.00726076     0.00042377   0.00000000    -0.00691716  -0.00000000
 -0.00691716  -0.00000000    -0.00000000   0.00218729    -0.00000000   0.01844804
  0.00042377   0.00000000    -0.00000000   0.07319203    -0.00000000   0.00218729
    6    1
  0.02639367   0.00000000    -0.00000000   0.00000000     0.00000000  -0.01493284
 -0.00000000  -0.00000000    -0.00015146   0.00000000    -0.00000000  -0.00000000
  0.00000000  -0.06717949     0.00000000  -0.00000000     0.00190490  -0.00000000
    6    2
  0.00569930   0.02658035    -0.00000000  -0.00000000     0.00262722   0.01940941
 -0.00000000  -0.00000000     0.00090650   0.00058390    -0.00000000  -0.00000000
  0.00007766   0.01015594    -0.00000000  -0.00000000     0.00138625   0.00378679
    6    3
 -0.02658035  -0.00569930    -0.00000000  -0.00000000     0.01940941   0.00262722
 -0.00000000   0.00000000    -0.00058390  -0.00090650     0.00000000   0.00000000
  0.01015594   0.00007766     0.00000000   0.00000000    -0.00378679  -0.00138625
    6    4
  0.00000000  -0.00726076    -0.00691716  -0.00000000     0.00042377   0.00000000
  0.00042377   0.00000000    -0.00000000   0.00218729    -0.00000000   0.07319203
 -0.00691716  -0.00000000    -0.00000000   0.01844804    -0.00000000   0.00218729
    6    5
  0.00726076  -0.00000000     0.00000000   0.00691716    -0.00000000   0.00042377
 -0.00000000  -0.00042377    -0.00218729   0.00000000     0.07319203  -0.00000000
 -0.00000000  -0.00691716     0.01844804  -0.00000000    -0.00218729   0.00000000
    6    6
  0.05490098  -0.00000000    -0.00000000   0.00000000    -0.00000000  -0.00068043
  0.00000000  -0.00000000     0.07678419   0.00000000    -0.00000000   0.00000000
 -0.00000000   0.00068043    -0.00000000  -0.00000000     0.03246250  -0.00000000
    6    7
  0.00000000  -0.00708583     0.00000000  -0.00000000    -0.00542817  -0.00000000
  0.00000000  -0.00000000    -0.00000000   0.07270902    -0.00000000   0.00000000
 -0.00542817  -0.00000000    -0.00000000   0.00000000    -0.00000000   0.01535381
    7    1
  0.00000000   0.02639367     0.00000000  -0.00000000    -0.01493284   0.00000000
 -0.00000000   0.00000000    -0.00000000  -0.00015146    -0.00000000   0.00000000
 -0.06717949   0.00000000     0.00000000  -0.00000000     0.00000000   0.00190490
    7    2
 -0.02658035   0.00569930    -0.00000000   0.00000000     0.01940941  -0.00262722
 -0.00000000   0.00000000    -0.00058390   0.00090650     0.00000000  -0.00000000
  0.01015594  -0.00007766     0.00000000  -0.00000000    -0.00378679   0.00138625
    7    3
  0.00569930  -0.02658035    -0.00000000   0.00000000     0.00262722  -0.01940941
  0.00000000   0.00000000     0.00090650  -0.00058390    -0.00000000   0.00000000
  0.00007766  -0.01015594     0.00000000   0.00000000     0.00138625  -0.00378679
    7    4
  0.00726076   0.00000000     0.00000000  -0.00691716    -0.00000000  -0.00042377
 -0.00000000   0.00042377    -0.00218729  -0.00000000     0.07319203   0.00000000
 -0.00000000   0.00691716     0.01844804   0.00000000    -0.00218729  -0.00000000
    7    5
  0.00000000   0.00726076    -0.00691716   0.00000000     0.00042377  -0.00000000
  0.00042377  -0.00000000    -0.00000000  -0.00218729    -0.00000000  -0.07319203
 -0.00691716   0.00000000    -0.00000000  -0.01844804    -0.00000000  -0.00218729
    7    6
  0.00000000   0.00708583     0.00000000   0.00000000    -0.00542817   0.00000000
  0.00000000   0.00000000    -0.00000000  -0.07270902    -0.00000000   0.00000000
 -0.00542817   0.00000000    -0.00000000  -0.00000000    -0.00000000  -0.01535381
    7    7
  0.05490098   0.00000000    -0.00000000  -0.00000000    -0.00000000   0.00068043
  0.00000000   0.00000000     0.07678419   0.00000000    -0.00000000   0.00000000
 -0.00000000  -0.00068043    -0.00000000   0.00000000     0.03246250   0.00000000

     Dynamical  Matrix in cartesian axes

     q = (   -0.433012700  -0.000000000  -0.000000000 ) 

    1    1
  0.35235811   0.00000000     0.00000000   0.00000000     0.00000000   0.00000000
  0.00000000   0.00000000     0.02898635   0.00000000    -0.00000000   0.00000000
  0.00000000   0.00000000    -0.00000000   0.00000000     0.02898635   0.00000000
    1    2
 -0.00531488  -0.00531488    -0.00000000   0.00000000     0.00000000  -0.00000000
 -0.00000000  -0.00000000    -0.00166761  -0.01104420     0.00000000   0.00000000
  0.00000000  -0.00000000     0.00000000   0.00000000    -0.01104420  -0.00166761
    1    3
 -0.00531488  -0.00531488     0.00000000   0.00000000    -0.00000000   0.00000000
 -0.00000000   0.00000000    -0.01104420  -0.00166761    -0.00000000   0.00000000
  0.00000000   0.00000000    -0.00000000   0.00000000    -0.00166761  -0.01104420
    1    4
  0.00000000   0.02639367    -0.06717949   0.00000000     0.00000000  -0.00000000
 -0.01493284   0.00000000     0.00000000   0.00190490     0.00000000   0.00000000
 -0.00000000   0.00000000    -0.00000000   0.00000000    -0.00000000  -0.00015146
    1    5
  0.02639367   0.00000000     0.00000000  -0.06717949    -0.00000000   0.00000000
  0.00000000  -0.01493284     0.00190490  -0.00000000    -0.00000000   0.00000000
 -0.00000000   0.00000000     0.00000000   0.00000000    -0.00015146   0.00000000
    1    6
  0.02639367   0.00000000    -0.00000000   0.00000000     0.00000000  -0.06717949
 -0.00000000   0.00000000    -0.00015146   0.00000000     0.00000000  -0.00000000
  0.00000000  -0.01493284    -0.00000000  -0.00000000     0.00190490   0.00000000
    1    7
  0.00000000   0.02639367     0.00000000  -0.00000000    -0.06717949   0.00000000
  0.00000000  -0.00000000    -0.00000000  -0.00015146    -0.00000000  -0.00000000
 -0.01493284   0.00000000     0.00000000  -0.00000000     0.00000000   0.00190490
    2    1
 -0.00531488   0.00531488     0.00000000  -0.00000000     0.00000000   0.00000000
  0.00000000   0.00000000    -0.00166761   0.01104420     0.00000000   0.00000000
  0.00000000   0.00000000     0.00000000   0.00000000    -0.01104420   0.00166761
    2    2
  0.08744557   0.00000000    -0.00000000  -0.00000000    -0.00000000   0.00000000
 -0.00000000  -0.00000000     0.02753326   0.00000000    -0.00000000   0.00000000
 -0.00000000   0.00000000    -0.00000000   0.00000000     0.02753326  -0.00000000
    2    3
 -0.01286639  -0.00000000     0.00000000   0.00000000    -0.00000000  -0.00000000
  0.00000000   0.00000000     0.00195923  -0.01938745     0.00000000  -0.00000000
  0.00000000  -0.00000000    -0.00000000  -0.00000000     0.00195923   0.01938745
    2    4
  0.00569930  -0.02658035     0.00007766  -0.01015594    -0.00000000   0.00000000
  0.00262722  -0.01940941     0.00138625  -0.00378679    -0.00000000   0.00000000
  0.00000000   0.00000000    -0.00000000   0.00000000     0.00090650  -0.00058390
    2    5
 -0.02658035  -0.00569930     0.01015594   0.00007766    -0.00000000   0.00000000
  0.01940941   0.00262722    -0.00378679  -0.00138625    -0.00000000   0.00000000
 -0.00000000   0.00000000    -0.00000000   0.00000000    -0.00058390  -0.00090650
    2    6
  0.00569930   0.02658035    -0.00000000  -0.00000000     0.00007766   0.01015594
 -0.00000000  -0.00000000     0.00090650   0.00058390    -0.00000000  -0.00000000
  0.00262722   0.01940941    -0.00000000   0.00000000     0.00138625   0.00378679
    2    7
 -0.02658035   0.00569930     0.00000000  -0.00000000     0.01015594  -0.00007766
 -0.00000000   0.00000000    -0.00058390   0.00090650    -0.00000000  -0.00000000
  0.01940941  -0.00262722    -0.00000000  -0.00000000    -0.00378679   0.00138625
    3    1
 -0.00531488   0.00531488     0.00000000   0.00000000     0.00000000  -0.00000000
 -0.00000000   0.00000000    -0.01104420   0.00166761    -0.00000000  -0.00000000
 -0.00000000  -0.00000000    -0.00000000  -0.00000000    -0.00166761   0.01104420
    3    2
 -0.01286639   0.00000000     0.00000000  -0.00000000    -0.00000000   0.00000000
  0.00000000  -0.00000000     0.00195923   0.01938745     0.00000000   0.00000000
  0.00000000   0.00000000    -0.00000000   0.00000000     0.00195923  -0.01938745
    3    3
  0.08744557   0.00000000    -0.00000000   0.00000000    -0.00000000  -0.00000000
 -0.00000000   0.00000000     0.02753326  -0.00000000    -0.00000000  -0.00000000
 -0.00000000  -0.00000000    -0.00000000  -0.00000000     0.02753326   0.00000000
    3    4
 -0.02658035   0.00569930     0.01015594  -0.00007766    -0.00000000  -0.00000000
  0.01940941  -0.00262722    -0.00378679   0.00138625     0.00000000   0.00000000
  0.00000000  -0.00000000     0.00000000  -0.00000000    -0.00058390   0.00090650
    3    5
  0.00569930   0.02658035     0.00007766   0.01015594    -0.00000000  -0.00000000
  0.00262722   0.01940941     0.00138625   0.00378679     0.00000000  -0.00000000
 -0.00000000   0.00000000     0.00000000   0.00000000     0.00090650   0.00058390
    3    6
 -0.02658035  -0.00569930    -0.00000000   0.00000000     0.01015594   0.00007766
 -0.00000000   0.00000000    -0.00058390  -0.00090650    -0.00000000   0.00000000
  0.01940941   0.00262722    -0.00000000   0.00000000    -0.00378679  -0.00138625
    3    7
  0.00569930  -0.02658035     0.00000000   0.00000000     0.00007766  -0.01015594
 -0.00000000   0.00000000     0.00090650  -0.00058390    -0.00000000   0.00000000
  0.00262722  -0.01940941     0.00000000   0.00000000     0.00138625  -0.00378679
    4    1
  0.00000000  -0.02639367    -0.01493284  -0.00000000    -0.00000000   0.00000000
 -0.06717949  -0.00000000     0.00000000  -0.00190490     0.00000000  -0.00000000
 -0.00000000   0.00000000     0.00000000   0.00000000    -0.00000000   0.00015146
    4    2
  0.00569930   0.02658035     0.00262722   0.01940941     0.00000000  -0.00000000
  0.00007766   0.01015594     0.00138625   0.00378679    -0.00000000  -0.00000000
  0.00000000  -0.00000000     0.00000000  -0.00000000     0.00090650   0.00058390
    4    3
 -0.02658035  -0.00569930     0.01940941   0.00262722     0.00000000   0.00000000
  0.01015594   0.00007766    -0.00378679  -0.00138625     0.00000000   0.00000000
 -0.00000000   0.00000000     0.00000000   0.00000000    -0.00058390  -0.00090650
    4    4
  0.05490098   0.00000000     0.00000000  -0.00068043    -0.00000000  -0.00000000
  0.00000000   0.00068043     0.03246250  -0.00000000    -0.00000000  -0.00000000
 -0.00000000   0.00000000    -0.00000000   0.00000000     0.07678419   0.00000000
    4    5
  0.00000000  -0.00708583    -0.00542817  -0.00000000     0.00000000  -0.00000000
 -0.00542817  -0.00000000    -0.00000000   0.01535381     0.00000000   0.00000000
 -0.00000000  -0.00000000     0.00000000  -0.00000000    -0.00000000   0.07270902
    4    6
  0.00000000  -0.00726076     0.00042377   0.00000000    -0.00691716  -0.00000000
 -0.00691716  -0.00000000    -0.00000000   0.00218729    -0.00000000   0.01844804
  0.00042377   0.00000000    -0.00000000   0.07319203    -0.00000000   0.00218729
    4    7
  0.00726076  -0.00000000    -0.00000000   0.00042377     0.00000000   0.00691716
 -0.00000000  -0.00691716    -0.00218729   0.00000000     0.01844804  -0.00000000
  0.00000000  -0.00042377     0.07319203  -0.00000000    -0.00218729   0.00000000
    5    1
  0.02639367  -0.00000000     0.00000000   0.01493284    -0.00000000  -0.00000000
  0.00000000   0.06717949     0.00190490  -0.00000000    -0.00000000  -0.00000000
  0.00000000   0.00000000    -0.00000000  -0.00000000    -0.00015146  -0.00000000
    5    2
 -0.02658035   0.00569930     0.01940941  -0.00262722     0.00000000   0.00000000
  0.01015594  -0.00007766    -0.00378679   0.00138625    -0.00000000  -0.00000000
 -0.00000000  -0.00000000     0.00000000  -0.00000000    -0.00058390   0.00090650
    5    3
  0.00569930  -0.02658035     0.00262722  -0.01940941     0.00000000   0.00000000
  0.00007766  -0.01015594     0.00138625  -0.00378679    -0.00000000   0.00000000
 -0.00000000   0.00000000    -0.00000000   0.00000000     0.00090650  -0.00058390
    5    4
  0.00000000   0.00708583    -0.00542817   0.00000000     0.00000000   0.00000000
 -0.00542817   0.00000000    -0.00000000  -0.01535381     0.00000000  -0.00000000
 -0.00000000   0.00000000     0.00000000   0.00000000    -0.00000000  -0.07270902
    5    5
  0.05490098  -0.00000000     0.00000000   0.00068043    -0.00000000   0.00000000
  0.00000000  -0.00068043     0.03246250   0.00000000    -0.00000000   0.00000000
 -0.00000000  -0.00000000    -0.00000000  -0.00000000     0.07678419   0.00000000
    5    6
  0.00726076   0.00000000    -0.00000000  -0.00042377     0.00000000  -0.00691716
 -0.00000000   0.00691716    -0.00218729  -0.00000000     0.01844804   0.00000000
  0.00000000   0.00042377     0.07319203   0.00000000    -0.00218729  -0.00000000
    5    7
  0.00000000   0.00726076     0.00042377  -0.00000000    -0.00691716   0.00000000
 -0.00691716   0.00000000    -0.00000000  -0.00218729    -0.00000000  -0.01844804
  0.00042377  -0.00000000    -0.00000000  -0.07319203    -0.00000000  -0.00218729
    6    1
  0.02639367  -0.00000000     0.00000000   0.00000000     0.00000000   0.01493284
 -0.00000000   0.00000000    -0.00015146  -0.00000000     0.00000000   0.00000000
  0.00000000   0.06717949     0.00000000   0.00000000     0.00190490  -0.00000000
    6    2
  0.00569930  -0.02658035    -0.00000000   0.00000000     0.00262722  -0.01940941
 -0.00000000   0.00000000     0.00090650  -0.00058390    -0.00000000  -0.00000000
  0.00007766  -0.01015594    -0.00000000   0.00000000     0.00138625  -0.00378679
    6    3
 -0.02658035   0.00569930    -0.00000000   0.00000000     0.01940941  -0.00262722
 -0.00000000  -0.00000000    -0.00058390   0.00090650    -0.00000000  -0.00000000
  0.01015594  -0.00007766    -0.00000000   0.00000000    -0.00378679   0.00138625
    6    4
  0.00000000   0.00726076    -0.00691716   0.00000000     0.00042377  -0.00000000
  0.00042377  -0.00000000    -0.00000000  -0.00218729    -0.00000000  -0.07319203
 -0.00691716   0.00000000    -0.00000000  -0.01844804    -0.00000000  -0.00218729
    6    5
  0.00726076  -0.00000000    -0.00000000  -0.00691716    -0.00000000  -0.00042377
 -0.00000000   0.00042377    -0.00218729   0.00000000     0.07319203  -0.00000000
  0.00000000   0.00691716     0.01844804  -0.00000000    -0.00218729   0.00000000
    6    6
  0.05490098   0.00000000    -0.00000000  -0.00000000    -0.00000000   0.00068043
 -0.00000000   0.00000000     0.07678419   0.00000000    -0.00000000   0.00000000
 -0.00000000  -0.00068043    -0.00000000   0.00000000     0.03246250  -0.00000000
    6    7
  0.00000000   0.00708583     0.00000000   0.00000000    -0.00542817   0.00000000
  0.00000000   0.00000000    -0.00000000  -0.07270902     0.00000000   0.00000000
 -0.00542817   0.00000000    -0.00000000   0.00000000    -0.00000000  -0.01535381
    7    1
  0.00000000  -0.02639367     0.00000000   0.00000000    -0.01493284  -0.00000000
  0.00000000   0.00000000    -0.00000000   0.00015146     0.00000000   0.00000000
 -0.06717949  -0.00000000     0.00000000   0.00000000     0.00000000  -0.00190490
    7    2
 -0.02658035  -0.00569930    -0.00000000  -0.00000000     0.01940941   0.00262722
 -0.00000000   0.00000000    -0.00058390  -0.00090650    -0.00000000   0.00000000
  0.01015594   0.00007766    -0.00000000   0.00000000    -0.00378679  -0.00138625
    7    3
  0.00569930   0.02658035    -0.00000000  -0.00000000     0.00262722   0.01940941
 -0.00000000  -0.00000000     0.00090650   0.00058390     0.00000000  -0.00000000
  0.00007766   0.01015594    -0.00000000  -0.00000000     0.00138625   0.00378679
    7    4
  0.00726076   0.00000000    -0.00000000   0.00691716    -0.00000000   0.00042377
 -0.00000000  -0.00042377    -0.00218729   0.00000000     0.07319203   0.00000000
  0.00000000  -0.00691716     0.01844804   0.00000000    -0.00218729  -0.00000000
    7    5
  0.00000000  -0.00726076    -0.00691716  -0.00000000     0.00042377   0.00000000
  0.00042377   0.00000000    -0.00000000   0.00218729    -0.00000000   0.07319203
 -0.00691716  -0.00000000    -0.00000000   0.01844804    -0.00000000   0.00218729
    7    6
  0.00000000  -0.00708583     0.00000000  -0.00000000    -0.00542817  -0.00000000
  0.00000000   0.00000000    -0.00000000   0.07270902     0.00000000  -0.00000000
 -0.00542817  -0.00000000    -0.00000000  -0.00000000    -0.00000000   0.01535381
    7    7
  0.05490098  -0.00000000    -0.00000000   0.00000000    -0.00000000  -0.00068043
 -0.00000000  -0.00000000     0.07678419   0.00000000    -0.00000000   0.00000000
 -0.00000000   0.00068043    -0.00000000   0.00000000     0.03246250   0.00000000

     Dynamical  Matrix in cartesian axes

     q = (   -0.000000000   0.433012700   0.000000000 ) 

    1    1
  0.02898635   0.00000000    -0.00000000   0.00000000     0.00000000   0.00000000
 -0.00000000   0.00000000     0.35235811   0.00000000    -0.00000000   0.00000000
  0.00000000   0.00000000    -0.00000000   0.00000000     0.02898635   0.00000000
    1    2
  0.00190490   0.00000000     0.00000000   0.01493284     0.00000000   0.00000000
  0.00000000   0.06717949     0.02639367  -0.00000000     0.00000000   0.00000000
  0.00000000   0.00000000     0.00000000  -0.00000000    -0.00015146   0.00000000
    1    3
  0.00000000  -0.00190490    -0.01493284  -0.00000000     0.00000000   0.00000000
 -0.06717949  -0.00000000     0.00000000  -0.02639367     0.00000000   0.00000000
 -0.00000000   0.00000000     0.00000000   0.00000000    -0.00000000   0.00015146
    1    4
 -0.01104420   0.00166761     0.00000000   0.00000000    -0.00000000  -0.00000000
  0.00000000  -0.00000000    -0.00531488   0.00531488     0.00000000  -0.00000000
  0.00000000  -0.00000000     0.00000000  -0.00000000    -0.00166761   0.01104420
    1    5
 -0.00166761   0.01104420     0.00000000  -0.00000000     0.00000000  -0.00000000
 -0.00000000  -0.00000000    -0.00531488   0.00531488     0.00000000   0.00000000
  0.00000000   0.00000000     0.00000000  -0.00000000    -0.01104420   0.00166761
    1    6
 -0.00000000   0.00015146     0.00000000  -0.00000000     0.00000000   0.00000000
  0.00000000   0.00000000     0.00000000  -0.02639367    -0.06717949  -0.00000000
  0.00000000   0.00000000    -0.01493284  -0.00000000     0.00000000  -0.00190490
    1    7
 -0.00015146  -0.00000000     0.00000000  -0.00000000     0.00000000   0.00000000
  0.00000000  -0.00000000     0.02639367  -0.00000000     0.00000000   0.06717949
