  1.000000000000000E-002   1.26045764302382        2.13065582614097     
           8

     Dynamical  Matrix in cartesian axes

     q = (   -0.649519100  -0.216506400  -0.216506400 ) 

    1    1
  0.16716332  -0.00000000    -0.01116263  -0.00000000    -0.01116263  -0.00000000
 -0.01116263  -0.00000000     0.16716332  -0.00000000     0.01116263   0.00000000
 -0.01116263  -0.00000000     0.01116263  -0.00000000     0.16716332  -0.00000000
    1    2
  0.01048758  -0.02531924     0.01086782   0.01506864    -0.01833985   0.00297042
 -0.04671481   0.01691971     0.00849948   0.00627312    -0.01992243  -0.00476580
  0.02106829   0.04499641     0.01745721   0.01071737    -0.01044580  -0.00157428
    1    3
  0.01048758  -0.02531924    -0.01833985   0.00297042     0.01086782   0.01506864
  0.02106829   0.04499641    -0.01044580  -0.00157428     0.01745721   0.01071737
 -0.04671481   0.01691971    -0.01992243  -0.00476580     0.00849948   0.00627312
    1    4
 -0.01044580   0.00157427     0.02106832  -0.04499640    -0.01745721   0.01071736
 -0.01833985  -0.00297043     0.01048757   0.02531924    -0.01086783   0.01506863
  0.01992243  -0.00476579     0.04671480   0.01691973     0.00849948  -0.00627311
    1    5
  0.00627311   0.00849948     0.01691974  -0.04671480     0.00476579   0.01992243
  0.01506863   0.01086783    -0.02531924   0.01048756    -0.00297043   0.01833985
 -0.01071736  -0.01745722    -0.04499640  -0.02106832    -0.00157427  -0.01044580
    1    6
  0.00627311   0.00849948     0.00476579   0.01992243     0.01691974  -0.04671480
 -0.01071736  -0.01745722    -0.00157427  -0.01044580    -0.04499640  -0.02106832
  0.01506863   0.01086783    -0.00297043   0.01833985    -0.02531924   0.01048756
    1    7
 -0.01044580   0.00157427    -0.01745721   0.01071736     0.02106832  -0.04499640
  0.01992243  -0.00476579     0.00849948  -0.00627311     0.04671480   0.01691973
 -0.01833985  -0.00297043    -0.01086783   0.01506863     0.01048757   0.02531924
    2    1
  0.01048758   0.02531924    -0.04671481  -0.01691971     0.02106829  -0.04499641
  0.01086782  -0.01506864     0.00849948  -0.00627312     0.01745721  -0.01071737
 -0.01833985  -0.00297042    -0.01992243   0.00476580    -0.01044580   0.00157428
    2    2
  0.07304444   0.00000000    -0.00152367  -0.00930891    -0.00152367   0.00930891
 -0.00152367   0.00930891     0.05057158   0.00000000     0.00006025   0.00590559
 -0.00152367  -0.00930891     0.00006025  -0.00590559     0.05057158  -0.00000000
    2    3
 -0.02918256   0.00000000     0.00992580  -0.00466626     0.00992580   0.00466626
  0.00992580  -0.00466626     0.01066653  -0.01153087    -0.00783298  -0.00000000
  0.00992580   0.00466626    -0.00783298  -0.00000000     0.01066653   0.01153087
    2    4
  0.02065211  -0.01763783     0.00158303  -0.00158303    -0.00481631   0.00617337
  0.01855615  -0.01855615     0.01763783  -0.02065211    -0.00528367  -0.00991125
 -0.00991125  -0.00528366     0.00617336  -0.00481631     0.01046088  -0.01046088
    2    5
 -0.02027921  -0.00729280     0.02299064   0.02786472     0.00091711   0.00350255
  0.03534478   0.00063493    -0.02027921  -0.00729280     0.00458001   0.00153409
 -0.00458001  -0.00153409    -0.00091711  -0.00350255    -0.00352612   0.00071508
    2    6
  0.02065211   0.01763783    -0.00481631  -0.00617337     0.00158303   0.00158303
 -0.00991125   0.00528366     0.01046088   0.01046088     0.00617336   0.00481631
  0.01855615   0.01855615    -0.00528367   0.00991125     0.01763783   0.02065211
    2    7
 -0.02027921   0.00729280     0.00091711  -0.00350255     0.02299064  -0.02786472
 -0.00458001   0.00153409    -0.00352612  -0.00071508    -0.00091711   0.00350255
  0.03534478  -0.00063493     0.00458001  -0.00153409    -0.02027921   0.00729280
    3    1
  0.01048758   0.02531924     0.02106829  -0.04499641    -0.04671481  -0.01691971
 -0.01833985  -0.00297042    -0.01044580   0.00157428    -0.01992243   0.00476580
  0.01086782  -0.01506864     0.01745721  -0.01071737     0.00849948  -0.00627312
    3    2
 -0.02918256  -0.00000000     0.00992580   0.00466626     0.00992580  -0.00466626
  0.00992580   0.00466626     0.01066653   0.01153087    -0.00783298  -0.00000000
  0.00992580  -0.00466626    -0.00783298  -0.00000000     0.01066653  -0.01153087
    3    3
  0.07304444  -0.00000000    -0.00152367   0.00930891    -0.00152367  -0.00930891
 -0.00152367  -0.00930891     0.05057158  -0.00000000     0.00006025  -0.00590559
 -0.00152367   0.00930891     0.00006025   0.00590559     0.05057158   0.00000000
    3    4
 -0.02027921   0.00729280     0.02299064  -0.02786472     0.00091711  -0.00350255
  0.03534478  -0.00063493    -0.02027921   0.00729280     0.00458001  -0.00153409
 -0.00458001   0.00153409    -0.00091711   0.00350255    -0.00352612  -0.00071508
    3    5
  0.02065211   0.01763783     0.00158303   0.00158303    -0.00481631  -0.00617337
  0.01855615   0.01855615     0.01763783   0.02065211    -0.00528367   0.00991125
 -0.00991125   0.00528366     0.00617336   0.00481631     0.01046088   0.01046088
    3    6
 -0.02027921  -0.00729280     0.00091711   0.00350255     0.02299064   0.02786472
 -0.00458001  -0.00153409    -0.00352612   0.00071508    -0.00091711  -0.00350255
  0.03534478   0.00063493     0.00458001   0.00153409    -0.02027921  -0.00729280
    3    7
  0.02065211  -0.01763783    -0.00481631   0.00617337     0.00158303  -0.00158303
 -0.00991125  -0.00528366     0.01046088  -0.01046088     0.00617336  -0.00481631
  0.01855615  -0.01855615    -0.00528367  -0.00991125     0.01763783  -0.02065211
    4    1
 -0.01044580  -0.00157427    -0.01833985   0.00297043     0.01992243   0.00476579
  0.02106832   0.04499640     0.01048757  -0.02531924     0.04671480  -0.01691973
 -0.01745721  -0.01071736    -0.01086783  -0.01506863     0.00849948   0.00627311
    4    2
  0.02065211   0.01763783     0.01855615   0.01855615    -0.00991125   0.00528366
  0.00158303   0.00158303     0.01763783   0.02065211     0.00617336   0.00481631
 -0.00481631  -0.00617337    -0.00528367   0.00991125     0.01046088   0.01046088
    4    3
 -0.02027921  -0.00729280     0.03534478   0.00063493    -0.00458001  -0.00153409
  0.02299064   0.02786472    -0.02027921  -0.00729280    -0.00091711  -0.00350255
  0.00091711   0.00350255     0.00458001   0.00153409    -0.00352612   0.00071508
    4    4
  0.05057158   0.00000000    -0.00152367   0.00930891    -0.00006025  -0.00590559
 -0.00152367  -0.00930891     0.07304444   0.00000000     0.00152367  -0.00930891
 -0.00006025   0.00590559     0.00152367   0.00930891     0.05057158  -0.00000000
    4    5
  0.01153087   0.01066653     0.00466626   0.00992580    -0.00000000   0.00783298
  0.00466626   0.00992580     0.00000000  -0.02918256     0.00466626  -0.00992579
 -0.00000000   0.00783298     0.00466626  -0.00992579    -0.01153087   0.01066653
    4    6
 -0.00299898   0.00198770    -0.00215379   0.00432332    -0.00182818  -0.00312517
 -0.00182818  -0.00312517    -0.00918278   0.01949636     0.00344650   0.03596017
 -0.00215379   0.00432332    -0.02454358   0.02544149    -0.00918278   0.01949636
    4    7
 -0.01479391   0.00000000     0.00327220  -0.01074443     0.00777087  -0.00095958
  0.00777087   0.00095958    -0.02707508   0.00213142     0.00223874   0.00000000
  0.00327220   0.01074443     0.02624236   0.00000000    -0.02707508  -0.00213142
    5    1
  0.00627311  -0.00849948     0.01506863  -0.01086783    -0.01071736   0.01745722
  0.01691974   0.04671480    -0.02531924  -0.01048756    -0.04499640   0.02106832
  0.00476579  -0.01992243    -0.00297043  -0.01833985    -0.00157427   0.01044580
    5    2
 -0.02027921   0.00729280     0.03534478  -0.00063493    -0.00458001   0.00153409
  0.02299064  -0.02786472    -0.02027921   0.00729280    -0.00091711   0.00350255
  0.00091711  -0.00350255     0.00458001  -0.00153409    -0.00352612  -0.00071508
    5    3
  0.02065211  -0.01763783     0.01855615  -0.01855615    -0.00991125  -0.00528366
  0.00158303  -0.00158303     0.01763783  -0.02065211     0.00617336  -0.00481631
 -0.00481631   0.00617337    -0.00528367  -0.00991125     0.01046088  -0.01046088
    5    4
  0.01153087  -0.01066653     0.00466626  -0.00992580    -0.00000000  -0.00783298
  0.00466626  -0.00992580     0.00000000   0.02918256     0.00466626   0.00992579
 -0.00000000  -0.00783298     0.00466626   0.00992579    -0.01153087  -0.01066653
    5    5
  0.05057158  -0.00000000    -0.00152367  -0.00930891    -0.00006025   0.00590559
 -0.00152367   0.00930891     0.07304444   0.00000000     0.00152367   0.00930891
 -0.00006025  -0.00590559     0.00152367  -0.00930891     0.05057158   0.00000000
    5    6
 -0.01479391   0.00000000     0.00327220   0.01074443     0.00777087   0.00095958
  0.00777087  -0.00095958    -0.02707508  -0.00213142     0.00223874  -0.00000000
  0.00327220  -0.01074443     0.02624236  -0.00000000    -0.02707508   0.00213142
    5    7
 -0.00299898  -0.00198770    -0.00215379  -0.00432332    -0.00182818   0.00312517
 -0.00182818   0.00312517    -0.00918278  -0.01949636     0.00344650  -0.03596017
 -0.00215379  -0.00432332    -0.02454358  -0.02544149    -0.00918278  -0.01949636
    6    1
  0.00627311  -0.00849948    -0.01071736   0.01745722     0.01506863  -0.01086783
  0.00476579  -0.01992243    -0.00157427   0.01044580    -0.00297043  -0.01833985
  0.01691974   0.04671480    -0.04499640   0.02106832    -0.02531924  -0.01048756
    6    2
  0.02065211  -0.01763783    -0.00991125  -0.00528366     0.01855615  -0.01855615
 -0.00481631   0.00617337     0.01046088  -0.01046088    -0.00528367  -0.00991125
  0.00158303  -0.00158303     0.00617336  -0.00481631     0.01763783  -0.02065211
    6    3
 -0.02027921   0.00729280    -0.00458001   0.00153409     0.03534478  -0.00063493
  0.00091711  -0.00350255    -0.00352612  -0.00071508     0.00458001  -0.00153409
  0.02299064  -0.02786472    -0.00091711   0.00350255    -0.02027921   0.00729280
    6    4
 -0.00299898  -0.00198770    -0.00182818   0.00312517    -0.00215379  -0.00432332
 -0.00215379  -0.00432332    -0.00918278  -0.01949636    -0.02454358  -0.02544149
 -0.00182818   0.00312517     0.00344650  -0.03596017    -0.00918278  -0.01949636
    6    5
 -0.01479391  -0.00000000     0.00777087   0.00095958     0.00327220   0.01074443
  0.00327220  -0.01074443    -0.02707508   0.00213142     0.02624236   0.00000000
  0.00777087  -0.00095958     0.00223874   0.00000000    -0.02707508  -0.00213142
    6    6
  0.05057158   0.00000000    -0.00006025   0.00590559    -0.00152367  -0.00930891
 -0.00006025  -0.00590559     0.05057158  -0.00000000     0.00152367  -0.00930891
 -0.00152367   0.00930891     0.00152367   0.00930891     0.07304444   0.00000000
    6    7
  0.01153087  -0.01066653    -0.00000000  -0.00783298     0.00466626  -0.00992580
 -0.00000000  -0.00783298    -0.01153087  -0.01066653     0.00466626   0.00992579
  0.00466626  -0.00992580     0.00466626   0.00992579     0.00000000   0.02918256
    7    1
 -0.01044580  -0.00157427     0.01992243   0.00476579    -0.01833985   0.00297043
 -0.01745721  -0.01071736     0.00849948   0.00627311    -0.01086783  -0.01506863
  0.02106832   0.04499640     0.04671480  -0.01691973     0.01048757  -0.02531924
    7    2
 -0.02027921  -0.00729280    -0.00458001  -0.00153409     0.03534478   0.00063493
  0.00091711   0.00350255    -0.00352612   0.00071508     0.00458001   0.00153409
  0.02299064   0.02786472    -0.00091711  -0.00350255    -0.02027921  -0.00729280
    7    3
  0.02065211   0.01763783    -0.00991125   0.00528366     0.01855615   0.01855615
 -0.00481631  -0.00617337     0.01046088   0.01046088    -0.00528367   0.00991125
  0.00158303   0.00158303     0.00617336   0.00481631     0.01763783   0.02065211
    7    4
 -0.01479391   0.00000000     0.00777087  -0.00095958     0.00327220  -0.01074443
  0.00327220   0.01074443    -0.02707508  -0.00213142     0.02624236  -0.00000000
  0.00777087   0.00095958     0.00223874  -0.00000000    -0.02707508   0.00213142
    7    5
 -0.00299898   0.00198770    -0.00182818  -0.00312517    -0.00215379   0.00432332
 -0.00215379   0.00432332    -0.00918278   0.01949636    -0.02454358   0.02544149
 -0.00182818  -0.00312517     0.00344650   0.03596017    -0.00918278   0.01949636
    7    6
  0.01153087   0.01066653    -0.00000000   0.00783298     0.00466626   0.00992580
 -0.00000000   0.00783298    -0.01153087   0.01066653     0.00466626  -0.00992579
  0.00466626   0.00992580     0.00466626  -0.00992579     0.00000000  -0.02918256
    7    7
  0.05057158   0.00000000    -0.00006025  -0.00590559    -0.00152367   0.00930891
 -0.00006025   0.00590559     0.05057158  -0.00000000     0.00152367   0.00930891
 -0.00152367  -0.00930891     0.00152367  -0.00930891     0.07304444   0.00000000

     Dynamical  Matrix in cartesian axes

     q = (   -0.216506400   0.649519100  -0.216506400 ) 

    1    1
  0.16716332  -0.00000000     0.01116263  -0.00000000     0.01116263  -0.00000000
  0.01116263   0.00000000     0.16716332  -0.00000000     0.01116263  -0.00000000
  0.01116263  -0.00000000     0.01116263  -0.00000000     0.16716332  -0.00000000
    1    2
 -0.02531924   0.01048756    -0.01506863  -0.01086783    -0.00297043   0.01833985
 -0.01691974   0.04671480     0.00627311   0.00849948    -0.00476579  -0.01992243
 -0.04499640  -0.02106832     0.01071736   0.01745722    -0.00157427  -0.01044580
    1    3
 -0.02531924   0.01048758    -0.00297042   0.01833985    -0.01506864  -0.01086782
 -0.04499641  -0.02106830    -0.00157428  -0.01044580     0.01071736   0.01745721
 -0.01691972   0.04671481    -0.00476579  -0.01992243     0.00627312   0.00849948
    1    4
 -0.00157427  -0.01044580    -0.04499640  -0.02106831     0.01071736   0.01745721
 -0.00297043   0.01833985    -0.02531924   0.01048757    -0.01506864  -0.01086783
 -0.00476579  -0.01992243    -0.01691973   0.04671480     0.00627312   0.00849948
    1    5
  0.00627312   0.00849948    -0.01691973   0.04671480    -0.00476579  -0.01992243
 -0.01506864  -0.01086783    -0.02531924   0.01048757    -0.00297043   0.01833985
  0.01071736   0.01745721    -0.04499640  -0.02106831    -0.00157427  -0.01044580
    1    6
  0.00627312   0.00849948    -0.00476579  -0.01992243    -0.01691972   0.04671481
  0.01071736   0.01745721    -0.00157428  -0.01044580    -0.04499641  -0.02106830
 -0.01506864  -0.01086782    -0.00297042   0.01833985    -0.02531924   0.01048758
    1    7
 -0.00157427  -0.01044580     0.01071736   0.01745722    -0.04499640  -0.02106832
 -0.00476579  -0.01992243     0.00627311   0.00849948    -0.01691974   0.04671480
 -0.00297043   0.01833985    -0.01506863  -0.01086783    -0.02531924   0.01048756
    2    1
 -0.02531924  -0.01048756    -0.01691974  -0.04671480    -0.04499640   0.02106832
 -0.01506863   0.01086783     0.00627311  -0.00849948     0.01071736  -0.01745722
 -0.00297043  -0.01833985    -0.00476579   0.01992243    -0.00157427   0.01044580
    2    2
  0.07304444   0.00000000     0.00152367  -0.00930891     0.00152367   0.00930891
  0.00152367   0.00930891     0.05057158   0.00000000     0.00006025  -0.00590559
  0.00152367  -0.00930891     0.00006025   0.00590559     0.05057158  -0.00000000
    2    3
 -0.02918256   0.00000001    -0.00992580  -0.00466626    -0.00992579   0.00466626
 -0.00992580  -0.00466626     0.01066653   0.01153086    -0.00783298   0.00000000
 -0.00992579   0.00466626    -0.00783298   0.00000000     0.01066652  -0.01153087
    2    4
  0.01949636   0.00918277     0.03596017  -0.00344651     0.00312517  -0.00182818
  0.02544150   0.02454357     0.01949636   0.00918277    -0.00432332  -0.00215379
 -0.00432332  -0.00215379     0.00312517  -0.00182818     0.00198770   0.00299898
    2    5
 -0.02707508   0.00213142     0.00223874  -0.00000000    -0.00777088  -0.00095958
  0.02624236  -0.00000001    -0.02707508  -0.00213141    -0.00327220  -0.01074443
 -0.00327219   0.01074443    -0.00777087   0.00095958    -0.01479391   0.00000000
    2    6
  0.01949635  -0.00918279     0.00312517   0.00182818     0.03596017   0.00344648
 -0.00432332   0.00215379     0.00198770  -0.00299898     0.00312517   0.00182818
  0.02544148  -0.02454358    -0.00432332   0.00215379     0.01949635  -0.00918279
    2    7
 -0.02707508  -0.00213142    -0.00777087   0.00095958     0.00223874  -0.00000000
 -0.00327220  -0.01074443    -0.01479391   0.00000000    -0.00777087  -0.00095958
  0.02624236  -0.00000000    -0.00327220   0.01074443    -0.02707508   0.00213142
    3    1
 -0.02531924  -0.01048758    -0.04499641   0.02106830    -0.01691972  -0.04671481
 -0.00297042  -0.01833985    -0.00157428   0.01044580    -0.00476579   0.01992243
 -0.01506864   0.01086782     0.01071736  -0.01745721     0.00627312  -0.00849948
    3    2
 -0.02918256  -0.00000001    -0.00992580   0.00466626    -0.00992579  -0.00466626
 -0.00992580   0.00466626     0.01066653  -0.01153086    -0.00783298  -0.00000000
 -0.00992579  -0.00466626    -0.00783298  -0.00000000     0.01066652   0.01153087
    3    3
  0.07304444  -0.00000000     0.00152367   0.00930891     0.00152367  -0.00930891
  0.00152367  -0.00930891     0.05057158  -0.00000000     0.00006025   0.00590559
  0.00152367   0.00930891     0.00006025  -0.00590559     0.05057158   0.00000000
    3    4
 -0.02707508  -0.00213142     0.00223874   0.00000000    -0.00777088   0.00095958
  0.02624236   0.00000001    -0.02707508   0.00213141    -0.00327220   0.01074443
 -0.00327219  -0.01074443    -0.00777087  -0.00095958    -0.01479391  -0.00000000
    3    5
  0.01949636  -0.00918277     0.03596017   0.00344651     0.00312517   0.00182818
  0.02544150  -0.02454357     0.01949636  -0.00918277    -0.00432332   0.00215379
 -0.00432332   0.00215379     0.00312517   0.00182818     0.00198770  -0.00299898
    3    6
 -0.02707508   0.00213142    -0.00777087  -0.00095958     0.00223874   0.00000000
 -0.00327220   0.01074443    -0.01479391   0.00000000    -0.00777087   0.00095958
  0.02624236  -0.00000000    -0.00327220  -0.01074443    -0.02707508  -0.00213142
    3    7
  0.01949635   0.00918279     0.00312517  -0.00182818     0.03596017  -0.00344648
 -0.00432332  -0.00215379     0.00198770   0.00299898     0.00312517  -0.00182818
  0.02544148   0.02454358    -0.00432332  -0.00215379     0.01949635   0.00918279
    4    1
 -0.00157427   0.01044580    -0.00297043  -0.01833985    -0.00476579   0.01992243
 -0.04499640   0.02106831    -0.02531924  -0.01048757    -0.01691973  -0.04671480
  0.01071736  -0.01745721    -0.01506864   0.01086783     0.00627312  -0.00849948
    4    2
  0.01949636  -0.00918277     0.02544150  -0.02454357    -0.00432332   0.00215379
  0.03596017   0.00344651     0.01949636  -0.00918277     0.00312517   0.00182818
  0.00312517   0.00182818    -0.00432332   0.00215379     0.00198770  -0.00299898
    4    3
 -0.02707508   0.00213142     0.02624236  -0.00000001    -0.00327219   0.01074443
  0.00223874  -0.00000000    -0.02707508  -0.00213141    -0.00777087   0.00095958
 -0.00777088  -0.00095958    -0.00327220  -0.01074443    -0.01479391   0.00000000
    4    4
  0.05057158  -0.00000000     0.00152367  -0.00930891     0.00006025   0.00590559
  0.00152367   0.00930891     0.07304444   0.00000000     0.00152367  -0.00930891
  0.00006025  -0.00590559     0.00152367   0.00930891     0.05057158   0.00000000
    4    5
  0.01066653  -0.01153087    -0.00992580   0.00466626    -0.00783298   0.00000000
 -0.00992580   0.00466626    -0.02918256   0.00000000    -0.00992580  -0.00466626
 -0.00783298  -0.00000000    -0.00992580  -0.00466626     0.01066653   0.01153087
    4    6
  0.00198770   0.00299898    -0.00432332  -0.00215379     0.00312517  -0.00182818
  0.00312517  -0.00182818     0.01949636   0.00918277     0.03596017  -0.00344651
 -0.00432332  -0.00215379     0.02544150   0.02454357     0.01949636   0.00918277
    4    7
 -0.01479391  -0.00000000    -0.00327220   0.01074443    -0.00777088   0.00095958
 -0.00777087  -0.00095958    -0.02707508   0.00213141     0.00223874   0.00000000
 -0.00327219  -0.01074443     0.02624236   0.00000001    -0.02707508  -0.00213142
    5    1
  0.00627312  -0.00849948    -0.01506864   0.01086783     0.01071736  -0.01745721
 -0.01691973  -0.04671480    -0.02531924  -0.01048757    -0.04499640   0.02106831
 -0.00476579   0.01992243    -0.00297043  -0.01833985    -0.00157427   0.01044580
    5    2
 -0.02707508  -0.00213142     0.02624236   0.00000001    -0.00327219  -0.01074443
  0.00223874   0.00000000    -0.02707508   0.00213141    -0.00777087  -0.00095958
 -0.00777088   0.00095958    -0.00327220   0.01074443    -0.01479391  -0.00000000
    5    3
  0.01949636   0.00918277     0.02544150   0.02454357    -0.00432332  -0.00215379
  0.03596017  -0.00344651     0.01949636   0.00918277     0.00312517  -0.00182818
  0.00312517  -0.00182818    -0.00432332  -0.00215379     0.00198770   0.00299898
    5    4
  0.01066653   0.01153087    -0.00992580  -0.00466626    -0.00783298   0.00000000
 -0.00992580  -0.00466626    -0.02918256  -0.00000000    -0.00992580   0.00466626
 -0.00783298   0.00000000    -0.00992580   0.00466626     0.01066653  -0.01153087
    5    5
  0.05057158   0.00000000     0.00152367   0.00930891     0.00006025  -0.00590559
  0.00152367  -0.00930891     0.07304444  -0.00000000     0.00152367   0.00930891
  0.00006025   0.00590559     0.00152367  -0.00930891     0.05057158   0.00000000
    5    6
 -0.01479391   0.00000000    -0.00327220  -0.01074443    -0.00777088  -0.00095958
 -0.00777087   0.00095958    -0.02707508  -0.00213141     0.00223874  -0.00000000
 -0.00327219   0.01074443     0.02624236  -0.00000001    -0.02707508   0.00213142
    5    7
  0.00198770  -0.00299898    -0.00432332   0.00215379     0.00312517   0.00182818
  0.00312517   0.00182818     0.01949636  -0.00918277     0.03596017   0.00344651
 -0.00432332   0.00215379     0.02544150  -0.02454357     0.01949636  -0.00918277
    6    1
  0.00627312  -0.00849948     0.01071736  -0.01745721    -0.01506864   0.01086782
 -0.00476579   0.01992243    -0.00157428   0.01044580    -0.00297042  -0.01833985
 -0.01691972  -0.04671481    -0.04499641   0.02106830    -0.02531924  -0.01048758
    6    2
  0.01949635   0.00918279    -0.00432332  -0.00215379     0.02544148   0.02454358
  0.00312517  -0.00182818     0.00198770   0.00299898    -0.00432332  -0.00215379
  0.03596017  -0.00344648     0.00312517  -0.00182818     0.01949635   0.00918279
    6    3
 -0.02707508  -0.00213142    -0.00327220  -0.01074443     0.02624236   0.00000000
 -0.00777087   0.00095958    -0.01479391   0.00000000    -0.00327220   0.01074443
  0.00223874  -0.00000000    -0.00777087  -0.00095958    -0.02707508   0.00213142
    6    4
  0.00198770  -0.00299898     0.00312517   0.00182818    -0.00432332   0.00215379
 -0.00432332   0.00215379     0.01949636  -0.00918277     0.02544150  -0.02454357
  0.00312517   0.00182818     0.03596017   0.00344651     0.01949636  -0.00918277
    6    5
 -0.01479391  -0.00000000    -0.00777087  -0.00095958    -0.00327219  -0.01074443
 -0.00327220   0.01074443    -0.02707508   0.00213141     0.02624236   0.00000001
 -0.00777088   0.00095958     0.00223874   0.00000000    -0.02707508  -0.00213142
    6    6
  0.05057158  -0.00000000     0.00006025  -0.00590559     0.00152367   0.00930891
  0.00006025   0.00590559     0.05057158  -0.00000000     0.00152367  -0.00930891
  0.00152367  -0.00930891     0.00152367   0.00930891     0.07304444   0.00000000
    6    7
  0.01066652   0.01153087    -0.00783298  -0.00000000    -0.00992579  -0.00466626
 -0.00783298  -0.00000000     0.01066653  -0.01153086    -0.00992580   0.00466626
 -0.00992579  -0.00466626    -0.00992580   0.00466626    -0.02918256  -0.00000001
    7    1
 -0.00157427   0.01044580    -0.00476579   0.01992243    -0.00297043  -0.01833985
  0.01071736  -0.01745722     0.00627311  -0.00849948    -0.01506863   0.01086783
 -0.04499640   0.02106832    -0.01691974  -0.04671480    -0.02531924  -0.01048756
    7    2
 -0.02707508   0.00213142    -0.00327220   0.01074443     0.02624236   0.00000000
 -0.00777087  -0.00095958    -0.01479391  -0.00000000    -0.00327220  -0.01074443
  0.00223874   0.00000000    -0.00777087   0.00095958    -0.02707508  -0.00213142
    7    3
  0.01949635  -0.00918279    -0.00432332   0.00215379     0.02544148  -0.02454358
  0.00312517   0.00182818     0.00198770  -0.00299898    -0.00432332   0.00215379
  0.03596017   0.00344648     0.00312517   0.00182818     0.01949635  -0.00918279
    7    4
 -0.01479391   0.00000000    -0.00777087   0.00095958    -0.00327219   0.01074443
 -0.00327220  -0.01074443    -0.02707508  -0.00213141     0.02624236  -0.00000001
 -0.00777088  -0.00095958     0.00223874  -0.00000000    -0.02707508   0.00213142
    7    5
  0.00198770   0.00299898     0.00312517  -0.00182818    -0.00432332  -0.00215379
 -0.00432332  -0.00215379     0.01949636   0.00918277     0.02544150   0.02454357
  0.00312517  -0.00182818     0.03596017  -0.00344651     0.01949636   0.00918277
    7    6
  0.01066652  -0.01153087    -0.00783298   0.00000000    -0.00992579   0.00466626
 -0.00783298   0.00000000     0.01066653   0.01153086    -0.00992580  -0.00466626
 -0.00992579   0.00466626    -0.00992580  -0.00466626    -0.02918256   0.00000001
    7    7
  0.05057158   0.00000000     0.00006025   0.00590559     0.00152367  -0.00930891
  0.00006025  -0.00590559     0.05057158   0.00000000     0.00152367   0.00930891
  0.00152367   0.00930891     0.00152367  -0.00930891     0.07304444  -0.00000000

     Dynamical  Matrix in cartesian axes

     q = (    0.216506400  -0.649519100  -0.216506400 ) 

    1    1
  0.16716332  -0.00000000     0.01116263   0.00000000    -0.01116263  -0.00000000
  0.01116263   0.00000000     0.16716332  -0.00000000    -0.01116263  -0.00000000
 -0.01116263  -0.00000000    -0.01116263  -0.00000000     0.16716332  -0.00000000
    1    2
  0.01048758  -0.02531924    -0.01086782  -0.01506864    -0.01833985   0.00297042
  0.04671481  -0.01691972     0.00849948   0.00627312     0.01992243   0.00476580
  0.02106830   0.04499641    -0.01745721  -0.01071736    -0.01044580  -0.00157428
    1    3
 -0.02531924  -0.01048758    -0.00297042  -0.01833985     0.01506864  -0.01086782
 -0.04499641   0.02106830    -0.00157428   0.01044580    -0.01071737   0.01745721
  0.01691971   0.04671481     0.00476580  -0.01992243     0.00627312  -0.00849948
    1    4
 -0.00157428   0.01044580    -0.04499640   0.02106831    -0.01071736   0.01745721
 -0.00297042  -0.01833985    -0.02531924  -0.01048757     0.01506864  -0.01086782
  0.00476579  -0.01992243     0.01691972   0.04671480     0.00627312  -0.00849948
    1    5
  0.00849948   0.00627312     0.04671481  -0.01691971     0.01992243   0.00476580
 -0.01086782  -0.01506864     0.01048758  -0.02531924    -0.01833985   0.00297042
 -0.01745721  -0.01071737     0.02106829   0.04499641    -0.01044580  -0.00157428
    1    6
  0.00849948  -0.00627311    -0.01992243   0.00476579    -0.04671480  -0.01691973
  0.01745721  -0.01071736    -0.01044580   0.00157427     0.02106832  -0.04499640
  0.01086783  -0.01506863    -0.01833985  -0.00297043     0.01048757   0.02531924
    1    7
 -0.01044580   0.00157428     0.01745721  -0.01071736     0.02106831  -0.04499640
 -0.01992243   0.00476579     0.00849948  -0.00627312    -0.04671481  -0.01691972
 -0.01833985  -0.00297042     0.01086782  -0.01506864     0.01048757   0.02531924
    2    1
  0.01048758   0.02531924     0.04671481   0.01691972     0.02106830  -0.04499641
 -0.01086782   0.01506864     0.00849948  -0.00627312    -0.01745721   0.01071736
 -0.01833985  -0.00297042     0.01992243  -0.00476580    -0.01044580   0.00157428
    2    2
  0.07304444   0.00000000     0.00152367   0.00930891    -0.00152367   0.00930891
  0.00152367  -0.00930891     0.05057158   0.00000000    -0.00006025  -0.00590559
 -0.00152367  -0.00930891    -0.00006025   0.00590559     0.05057158   0.00000000
    2    3
 -0.00000000   0.02918256     0.00466626   0.00992580     0.00466626  -0.00992579
  0.00466626   0.00992580    -0.01153087  -0.01066653     0.00000000  -0.00783298
  0.00466626  -0.00992579     0.00000000  -0.00783298     0.01153087  -0.01066653
    2    4
 -0.00918278  -0.01949636     0.00344650  -0.03596017    -0.00182818   0.00312517
 -0.02454358  -0.02544149    -0.00918278  -0.01949636    -0.00215379  -0.00432332
 -0.00215379  -0.00432332    -0.00182818   0.00312517    -0.00299898  -0.00198770
    2    5
 -0.02707508  -0.00213142     0.00223874   0.00000000     0.00777088  -0.00095958
  0.02624236   0.00000001    -0.02707508   0.00213141     0.00327220  -0.01074443
  0.00327219   0.01074443     0.00777087   0.00095958    -0.01479391  -0.00000000
    2    6
  0.01763784  -0.02065211     0.00617337  -0.00481631     0.00158303  -0.00158303
 -0.00528366  -0.00991125     0.01046088  -0.01046088    -0.00481631   0.00617336
  0.01855615  -0.01855615    -0.00991125  -0.00528367     0.02065212  -0.01763783
    2    7
 -0.02027921   0.00729280    -0.00091711   0.00350255     0.02299064  -0.02786472
  0.00458001  -0.00153409    -0.00352612  -0.00071508     0.00091711  -0.00350255
  0.03534478  -0.00063493    -0.00458001   0.00153409    -0.02027921   0.00729280
    3    1
 -0.02531924   0.01048758    -0.04499641  -0.02106830     0.01691971  -0.04671481
 -0.00297042   0.01833985    -0.00157428  -0.01044580     0.00476580   0.01992243
  0.01506864   0.01086782    -0.01071737  -0.01745721     0.00627312   0.00849948
    3    2
 -0.00000000  -0.02918256     0.00466626  -0.00992580     0.00466626   0.00992579
  0.00466626  -0.00992580    -0.01153087   0.01066653     0.00000000   0.00783298
  0.00466626   0.00992579     0.00000000   0.00783298     0.01153087   0.01066653
    3    3
  0.07304444   0.00000000     0.00152367  -0.00930891    -0.00152367  -0.00930891
  0.00152367   0.00930891     0.05057158  -0.00000000    -0.00006025   0.00590559
 -0.00152367   0.00930891    -0.00006025  -0.00590559     0.05057158   0.00000000
    3    4
 -0.02707508   0.00213142     0.00223874  -0.00000000     0.00777088   0.00095958
  0.02624236  -0.00000001    -0.02707508  -0.00213141     0.00327220   0.01074443
  0.00327219  -0.01074443     0.00777087  -0.00095958    -0.01479391   0.00000000
    3    5
 -0.00918278   0.01949636     0.00344650   0.03596017    -0.00182818  -0.00312517
 -0.02454358   0.02544149    -0.00918278   0.01949636    -0.00215379   0.00432332
 -0.00215379   0.00432332    -0.00182818  -0.00312517    -0.00299898   0.00198770
    3    6
 -0.02027921  -0.00729280    -0.00091711  -0.00350255     0.02299064   0.02786472
  0.00458001   0.00153409    -0.00352612   0.00071508     0.00091711   0.00350255
  0.03534478   0.00063493    -0.00458001  -0.00153409    -0.02027921  -0.00729280
    3    7
  0.01763784   0.02065211     0.00617337   0.00481631     0.00158303   0.00158303
 -0.00528366   0.00991125     0.01046088   0.01046088    -0.00481631  -0.00617336
  0.01855615   0.01855615    -0.00991125   0.00528367     0.02065212   0.01763783
    4    1
 -0.00157428  -0.01044580    -0.00297042   0.01833985     0.00476579   0.01992243
 -0.04499640  -0.02106831    -0.02531924   0.01048757     0.01691972  -0.04671480
 -0.01071736  -0.01745721     0.01506864   0.01086782     0.00627312   0.00849948
    4    2
 -0.00918278   0.01949636    -0.02454358   0.02544149    -0.00215379   0.00432332
  0.00344650   0.03596017    -0.00918278   0.01949636    -0.00182818  -0.00312517
 -0.00182818  -0.00312517    -0.00215379   0.00432332    -0.00299898   0.00198770
    4    3
 -0.02707508  -0.00213142     0.02624236   0.00000001     0.00327219   0.01074443
  0.00223874   0.00000000    -0.02707508   0.00213141     0.00777087   0.00095958
  0.00777088  -0.00095958     0.00327220  -0.01074443    -0.01479391  -0.00000000
    4    4
  0.05057158   0.00000000     0.00152367   0.00930891    -0.00006025   0.00590559
  0.00152367  -0.00930891     0.07304444   0.00000000    -0.00152367  -0.00930891
 -0.00006025  -0.00590559    -0.00152367   0.00930891     0.05057158  -0.00000000
    4    5
 -0.01153087   0.01066652     0.00466626  -0.00992579    -0.00000000   0.00783298
  0.00466626  -0.00992579     0.00000001  -0.02918256     0.00466626   0.00992580
 -0.00000000   0.00783298     0.00466626   0.00992580     0.01153087   0.01066653
    4    6
  0.01046087   0.01046088    -0.00528367   0.00991125    -0.00481631  -0.00617337
  0.00617336   0.00481631     0.01763783   0.02065212     0.00158303   0.00158303
 -0.00991125   0.00528366     0.01855615   0.01855616     0.02065211   0.01763784
    4    7
 -0.00352612   0.00071508     0.00458001   0.00153409     0.00091711   0.00350255
 -0.00091711  -0.00350255    -0.02027921  -0.00729280     0.02299064   0.02786472
 -0.00458001  -0.00153409     0.03534478   0.00063493    -0.02027921  -0.00729280
    5    1
  0.00849948  -0.00627312    -0.01086782   0.01506864    -0.01745721   0.01071737
  0.04671481   0.01691971     0.01048758   0.02531924     0.02106829  -0.04499641
  0.01992243  -0.00476580    -0.01833985  -0.00297042    -0.01044580   0.00157428
    5    2
 -0.02707508   0.00213142     0.02624236  -0.00000001     0.00327219  -0.01074443
  0.00223874  -0.00000000    -0.02707508  -0.00213141     0.00777087  -0.00095958
  0.00777088   0.00095958     0.00327220   0.01074443    -0.01479391   0.00000000
    5    3
 -0.00918278  -0.01949636    -0.02454358  -0.02544149    -0.00215379  -0.00432332
  0.00344650  -0.03596017    -0.00918278  -0.01949636    -0.00182818   0.00312517
 -0.00182818   0.00312517    -0.00215379  -0.00432332    -0.00299898  -0.00198770
    5    4
 -0.01153087  -0.01066652     0.00466626   0.00992579    -0.00000000  -0.00783298
  0.00466626   0.00992579     0.00000001   0.02918256     0.00466626  -0.00992580
 -0.00000000  -0.00783298     0.00466626  -0.00992580     0.01153087  -0.01066653
    5    5
  0.05057158   0.00000000     0.00152367  -0.00930891    -0.00006025  -0.00590559
  0.00152367   0.00930891     0.07304444   0.00000000    -0.00152367   0.00930891
 -0.00006025   0.00590559    -0.00152367  -0.00930891     0.05057158   0.00000000
    5    6
 -0.00352612  -0.00071508     0.00458001  -0.00153409     0.00091711  -0.00350255
 -0.00091711   0.00350255    -0.02027921   0.00729280     0.02299064  -0.02786472
 -0.00458001   0.00153409     0.03534478  -0.00063493    -0.02027921   0.00729280
    5    7
  0.01046087  -0.01046088    -0.00528367  -0.00991125    -0.00481631   0.00617337
  0.00617336  -0.00481631     0.01763783  -0.02065212     0.00158303  -0.00158303
 -0.00991125  -0.00528366     0.01855615  -0.01855616     0.02065211  -0.01763784
    6    1
  0.00849948   0.00627311     0.01745721   0.01071736     0.01086783   0.01506863
 -0.01992243  -0.00476579    -0.01044580  -0.00157427    -0.01833985   0.00297043
 -0.04671480   0.01691973     0.02106832   0.04499640     0.01048757  -0.02531924
    6    2
  0.01763784   0.02065211    -0.00528366   0.00991125     0.01855615   0.01855615
  0.00617337   0.00481631     0.01046088   0.01046088    -0.00991125   0.00528367
  0.00158303   0.00158303    -0.00481631  -0.00617336     0.02065212   0.01763783
    6    3
 -0.02027921   0.00729280     0.00458001  -0.00153409     0.03534478  -0.00063493
 -0.00091711   0.00350255    -0.00352612  -0.00071508    -0.00458001   0.00153409
  0.02299064  -0.02786472     0.00091711  -0.00350255    -0.02027921   0.00729280
    6    4
  0.01046087  -0.01046088     0.00617336  -0.00481631    -0.00991125  -0.00528366
 -0.00528367  -0.00991125     0.01763783  -0.02065212     0.01855615  -0.01855616
 -0.00481631   0.00617337     0.00158303  -0.00158303     0.02065211  -0.01763784
    6    5
 -0.00352612   0.00071508    -0.00091711  -0.00350255    -0.00458001  -0.00153409
  0.00458001   0.00153409    -0.02027921  -0.00729280     0.03534478   0.00063493
  0.00091711   0.00350255     0.02299064   0.02786472    -0.02027921  -0.00729280
    6    6
  0.05057158   0.00000000     0.00006025  -0.00590559    -0.00152367  -0.00930891
  0.00006025   0.00590559     0.05057158   0.00000000    -0.00152367   0.00930891
 -0.00152367   0.00930891    -0.00152367  -0.00930891     0.07304444   0.00000000
    6    7
  0.01066653   0.01153087    -0.00783298   0.00000000     0.00992580   0.00466626
 -0.00783298   0.00000000     0.01066652  -0.01153087     0.00992579  -0.00466626
  0.00992580   0.00466626     0.00992579  -0.00466626    -0.02918256   0.00000001
    7    1
 -0.01044580  -0.00157428    -0.01992243  -0.00476579    -0.01833985   0.00297042
  0.01745721   0.01071736     0.00849948   0.00627312     0.01086782   0.01506864
  0.02106831   0.04499640    -0.04671481   0.01691972     0.01048757  -0.02531924
    7    2
 -0.02027921  -0.00729280     0.00458001   0.00153409     0.03534478   0.00063493
 -0.00091711  -0.00350255    -0.00352612   0.00071508    -0.00458001  -0.00153409
  0.02299064   0.02786472     0.00091711   0.00350255    -0.02027921  -0.00729280
    7    3
  0.01763784  -0.02065211    -0.00528366  -0.00991125     0.01855615  -0.01855615
  0.00617337  -0.00481631     0.01046088  -0.01046088    -0.00991125  -0.00528367
  0.00158303  -0.00158303    -0.00481631   0.00617336     0.02065212  -0.01763783
    7    4
 -0.00352612  -0.00071508    -0.00091711   0.00350255    -0.00458001   0.00153409
  0.00458001  -0.00153409    -0.02027921   0.00729280     0.03534478  -0.00063493
  0.00091711  -0.00350255     0.02299064  -0.02786472    -0.02027921   0.00729280
    7    5
  0.01046087   0.01046088     0.00617336   0.00481631    -0.00991125   0.00528366
 -0.00528367   0.00991125     0.01763783   0.02065212     0.01855615   0.01855616
 -0.00481631  -0.00617337     0.00158303   0.00158303     0.02065211   0.01763784
    7    6
  0.01066653  -0.01153087    -0.00783298  -0.00000000     0.00992580  -0.00466626
 -0.00783298  -0.00000000     0.01066652   0.01153087     0.00992579   0.00466626
  0.00992580  -0.00466626     0.00992579   0.00466626    -0.02918256  -0.00000001
    7    7
  0.05057158  -0.00000000     0.00006025   0.00590559    -0.00152367   0.00930891
  0.00006025  -0.00590559     0.05057158  -0.00000000    -0.00152367  -0.00930891
 -0.00152367  -0.00930891    -0.00152367   0.00930891     0.07304444   0.00000000

     Dynamical  Matrix in cartesian axes

     q = (   -0.216506400   0.216506400  -0.649519100 ) 

    1    1
  0.16716332  -0.00000000    -0.01116263  -0.00000000    -0.01116263  -0.00000000
 -0.01116263  -0.00000000     0.16716332  -0.00000000     0.01116263  -0.00000000
 -0.01116263  -0.00000000     0.01116263   0.00000000     0.16716332  -0.00000000
    1    2
  0.01048757   0.02531924     0.01086783  -0.01506863    -0.01833985  -0.00297043
 -0.04671480  -0.01691973     0.00849948  -0.00627311    -0.01992243   0.00476579
  0.02106832  -0.04499640     0.01745721  -0.01071736    -0.01044580   0.00157427
    1    3
  0.01048757   0.02531924    -0.01833985  -0.00297042     0.01086782  -0.01506864
  0.02106831  -0.04499640    -0.01044580   0.00157428     0.01745721  -0.01071736
 -0.04671481  -0.01691972    -0.01992243   0.00476579     0.00849948  -0.00627312
    1    4
 -0.01044580  -0.00157428     0.02106830   0.04499641    -0.01745721  -0.01071736
 -0.01833985   0.00297042     0.01048758  -0.02531924    -0.01086782  -0.01506864
  0.01992243   0.00476580     0.04671481  -0.01691972     0.00849948   0.00627312
    1    5
  0.00627312  -0.00849948     0.01691971   0.04671481     0.00476580  -0.01992243
  0.01506864  -0.01086782    -0.02531924  -0.01048758    -0.00297042  -0.01833985
 -0.01071737   0.01745721    -0.04499641   0.02106830    -0.00157428   0.01044580
    1    6
  0.00627312  -0.00849948     0.00476579  -0.01992243     0.01691972   0.04671480
 -0.01071736   0.01745721    -0.00157428   0.01044580    -0.04499640   0.02106831
  0.01506864  -0.01086782    -0.00297042  -0.01833985    -0.02531924  -0.01048757
    1    7
 -0.01044580  -0.00157428    -0.01745721  -0.01071737     0.02106829   0.04499641
  0.01992243   0.00476580     0.00849948   0.00627312     0.04671481  -0.01691971
