  5.000000000000000E-002   1.25977579764806        2.43615232611498     
           6

     Dynamical  Matrix in cartesian axes

     q = (    0.000000000   0.000000000   0.216506400 ) 

    1    1
  0.01462322   0.00000000     0.00000000   0.00000000    -0.00000000   0.00000000
  0.00000000   0.00000000     0.01462322   0.00000000    -0.00000000   0.00000000
 -0.00000000   0.00000000    -0.00000000   0.00000000     0.20366860   0.00000000
    1    2
 -0.00295481   0.00295481     0.00000000   0.00000000    -0.01000759  -0.01000758
  0.00000000   0.00000000    -0.00018455   0.00018455     0.00000000   0.00000000
 -0.02296202  -0.02296201     0.00000000  -0.00000000     0.00280758  -0.00280758
    1    3
 -0.00417873  -0.00000000     0.00000000  -0.00000000     0.00000000   0.01415286
  0.00000000  -0.00000000    -0.00026099  -0.00000000     0.00000000   0.00000000
  0.00000000   0.03247320    -0.00000000   0.00000000     0.00397052  -0.00000000
    1    4
 -0.00026099   0.00000000     0.00000000  -0.00000000    -0.00000000   0.00000000
  0.00000000  -0.00000000    -0.00417873  -0.00000000     0.00000000   0.01415286
 -0.00000000   0.00000000     0.00000000   0.03247320     0.00397052  -0.00000000
    1    5
 -0.00018455   0.00018455     0.00000000   0.00000000     0.00000000  -0.00000000
  0.00000000   0.00000000    -0.00295481   0.00295481    -0.01000759  -0.01000758
  0.00000000   0.00000000    -0.02296202  -0.02296201     0.00280758  -0.00280758
    1    6
 -0.00160044   0.01370360    -0.00000000   0.00000000     0.00000000  -0.00000000
 -0.00000000  -0.00000000    -0.01082159  -0.00855823     0.00000000   0.00000000
  0.00000000  -0.00000000     0.00000000  -0.00000000    -0.01563172   0.00647487
    1    7
 -0.01082159  -0.00855823     0.00000000   0.00000000     0.00000000  -0.00000000
 -0.00000000  -0.00000000    -0.00160044   0.01370360     0.00000000  -0.00000000
  0.00000000   0.00000000     0.00000000   0.00000000    -0.01563172   0.00647487
    2    1
 -0.00295481  -0.00295481     0.00000000  -0.00000000    -0.02296202   0.02296201
  0.00000000  -0.00000000    -0.00018455  -0.00018455     0.00000000  -0.00000000
 -0.01000759   0.01000758     0.00000000  -0.00000000     0.00280758   0.00280758
    2    2
  0.02123592   0.00000000    -0.00000000   0.00000000    -0.00000000   0.00403921
 -0.00000000   0.00000000     0.06702651   0.00000000    -0.00000000  -0.00000000
 -0.00000000  -0.00403921     0.00000000   0.00000000     0.03640645  -0.00000000
    2    3
 -0.00836093  -0.00836094     0.00000000  -0.00000000     0.00467203  -0.00467203
  0.00000000   0.00000000    -0.04582837  -0.04582839     0.00000000   0.00000000
  0.00467203  -0.00467203     0.00000000   0.00000000    -0.01909181  -0.01909182
    2    4
 -0.00073201  -0.00073201    -0.00773049  -0.00773049     0.00090755  -0.00090755
 -0.04596377  -0.04596378    -0.00073201  -0.00073201     0.00009451  -0.00009451
  0.00009451  -0.00009451     0.00090755  -0.00090755     0.00192516   0.00192517
    2    5
 -0.00103522   0.00000000     0.01093256  -0.00000000    -0.00000000  -0.00128347
  0.06500260  -0.00000000    -0.00103522  -0.00000000     0.00000000   0.00013366
  0.00000000  -0.00013366    -0.00000000   0.00128347     0.00272259  -0.00000000
    2    6
  0.00290746  -0.00372465     0.00000000   0.00000000    -0.00474768  -0.00345209
  0.00000000   0.00000000     0.00024655   0.00006492     0.00000000   0.00000000
 -0.02116028  -0.02080641     0.00000000   0.00000000    -0.00177659  -0.00080987
    2    7
 -0.00057784   0.00468960    -0.00000000  -0.00000000     0.00579811   0.00091612
 -0.00000000  -0.00000000     0.00022024   0.00012843    -0.00000000   0.00000000
  0.02967493   0.00025023    -0.00000000   0.00000000    -0.00182891  -0.00068357
    3    1
 -0.00417873   0.00000000     0.00000000   0.00000000     0.00000000  -0.03247320
  0.00000000   0.00000000    -0.00026099   0.00000000     0.00000000   0.00000000
  0.00000000  -0.01415286     0.00000000   0.00000000     0.00397052   0.00000000
    3    2
 -0.00836093   0.00836094     0.00000000   0.00000000     0.00467203   0.00467203
  0.00000000   0.00000000    -0.04582837   0.04582839     0.00000000   0.00000000
  0.00467203   0.00467203     0.00000000  -0.00000000    -0.01909181   0.01909182
    3    3
  0.02123592  -0.00000000    -0.00000000  -0.00000000    -0.00000000  -0.00403921
 -0.00000000  -0.00000000     0.06702651  -0.00000000    -0.00000000   0.00000000
 -0.00000000   0.00403921     0.00000000  -0.00000000     0.03640645   0.00000000
    3    4
 -0.00103522   0.00000000     0.01093256  -0.00000000     0.00000000   0.00128347
  0.06500260  -0.00000000    -0.00103522   0.00000000     0.00000000  -0.00013366
  0.00000000   0.00013366     0.00000000  -0.00128347     0.00272259  -0.00000000
    3    5
 -0.00073201   0.00073201    -0.00773049   0.00773049     0.00090755   0.00090755
 -0.04596377   0.04596378    -0.00073201   0.00073201     0.00009451   0.00009451
  0.00009451   0.00009451     0.00090755   0.00090755     0.00192516  -0.00192517
    3    6
 -0.00057784  -0.00468960    -0.00000000   0.00000000     0.00579811  -0.00091612
 -0.00000000   0.00000000     0.00022024  -0.00012843    -0.00000000   0.00000000
  0.02967493  -0.00025023    -0.00000000  -0.00000000    -0.00182891   0.00068357
    3    7
  0.00290746   0.00372465     0.00000000  -0.00000000    -0.00474768   0.00345209
  0.00000000  -0.00000000     0.00024655  -0.00006492     0.00000000  -0.00000000
 -0.02116028   0.02080641     0.00000000  -0.00000000    -0.00177659   0.00080987
    4    1
 -0.00026099   0.00000000     0.00000000   0.00000000    -0.00000000   0.00000000
  0.00000000   0.00000000    -0.00417873   0.00000000     0.00000000  -0.03247320
 -0.00000000   0.00000000     0.00000000  -0.01415286     0.00397052   0.00000000
    4    2
 -0.00073201   0.00073201    -0.04596377   0.04596378     0.00009451   0.00009451
 -0.00773049   0.00773049    -0.00073201   0.00073201     0.00090755   0.00090755
  0.00090755   0.00090755     0.00009451   0.00009451     0.00192516  -0.00192517
    4    3
 -0.00103522  -0.00000000     0.06500260   0.00000000     0.00000000  -0.00013366
  0.01093256   0.00000000    -0.00103522  -0.00000000     0.00000000   0.00128347
  0.00000000  -0.00128347     0.00000000   0.00013366     0.00272259   0.00000000
    4    4
  0.06702651  -0.00000000     0.00000000  -0.00000000    -0.00000000   0.00000000
 -0.00000000   0.00000000     0.02123592  -0.00000000     0.00000000  -0.00403921
 -0.00000000   0.00000000    -0.00000000   0.00403921     0.03640645  -0.00000000
    4    5
 -0.04582837   0.04582839     0.00000000  -0.00000000     0.00000000  -0.00000000
  0.00000000  -0.00000000    -0.00836093   0.00836094     0.00467203   0.00467203
  0.00000000  -0.00000000     0.00467203   0.00467203    -0.01909181   0.01909182
    4    6
  0.00024655  -0.00006492     0.00000000  -0.00000000     0.00000000   0.00000000
  0.00000000  -0.00000000     0.00290746   0.00372465    -0.00474768   0.00345209
  0.00000000   0.00000000    -0.02116028   0.02080641    -0.00177659   0.00080987
    4    7
  0.00022024  -0.00012843    -0.00000000   0.00000000     0.00000000   0.00000000
 -0.00000000   0.00000000    -0.00057784  -0.00468960     0.00579811  -0.00091612
 -0.00000000   0.00000000     0.02967493  -0.00025023    -0.00182891   0.00068357
    5    1
 -0.00018455  -0.00018455     0.00000000  -0.00000000     0.00000000   0.00000000
  0.00000000  -0.00000000    -0.00295481  -0.00295481    -0.02296202   0.02296201
  0.00000000   0.00000000    -0.01000759   0.01000758     0.00280758   0.00280758
    5    2
 -0.00103522  -0.00000000     0.06500260  -0.00000000     0.00000000   0.00013366
  0.01093256  -0.00000000    -0.00103522   0.00000000     0.00000000  -0.00128347
  0.00000000   0.00128347     0.00000000  -0.00013366     0.00272259  -0.00000000
    5    3
 -0.00073201  -0.00073201    -0.04596377  -0.04596378     0.00009451  -0.00009451
 -0.00773049  -0.00773049    -0.00073201  -0.00073201     0.00090755  -0.00090755
  0.00090755  -0.00090755     0.00009451  -0.00009451     0.00192516   0.00192517
    5    4
 -0.04582837  -0.04582839     0.00000000   0.00000000     0.00000000   0.00000000
  0.00000000   0.00000000    -0.00836093  -0.00836094     0.00467203  -0.00467203
  0.00000000   0.00000000     0.00467203  -0.00467203    -0.01909181  -0.01909182
    5    5
  0.06702651   0.00000000     0.00000000   0.00000000    -0.00000000  -0.00000000
 -0.00000000  -0.00000000     0.02123592   0.00000000     0.00000000   0.00403921
 -0.00000000  -0.00000000    -0.00000000  -0.00403921     0.03640645   0.00000000
    5    6
  0.00022024   0.00012843    -0.00000000   0.00000000     0.00000000   0.00000000
 -0.00000000  -0.00000000    -0.00057784   0.00468960     0.00579811   0.00091612
 -0.00000000  -0.00000000     0.02967493   0.00025023    -0.00182891  -0.00068357
    5    7
  0.00024655   0.00006492     0.00000000   0.00000000     0.00000000   0.00000000
  0.00000000   0.00000000     0.00290746  -0.00372465    -0.00474768  -0.00345209
  0.00000000  -0.00000000    -0.02116028  -0.02080641    -0.00177659  -0.00080987
    6    1
 -0.00160044  -0.01370360     0.00000000  -0.00000000     0.00000000   0.00000000
  0.00000000   0.00000000    -0.01082159   0.00855823     0.00000000   0.00000000
  0.00000000   0.00000000     0.00000000   0.00000000    -0.01563172  -0.00647487
    6    2
  0.00290746   0.00372465     0.00000000  -0.00000000    -0.02116028   0.02080641
  0.00000000  -0.00000000     0.00024655  -0.00006492     0.00000000   0.00000000
 -0.00474768   0.00345209    -0.00000000  -0.00000000    -0.00177659   0.00080987
    6    3
 -0.00057784   0.00468960    -0.00000000  -0.00000000     0.02967493   0.00025023
  0.00000000  -0.00000000     0.00022024   0.00012843     0.00000000  -0.00000000
  0.00579811   0.00091612     0.00000000   0.00000000    -0.00182891  -0.00068357
    6    4
  0.00024655   0.00006492    -0.00000000   0.00000000     0.00000000  -0.00000000
  0.00000000   0.00000000     0.00290746  -0.00372465    -0.02116028  -0.02080641
  0.00000000   0.00000000    -0.00474768  -0.00345209    -0.00177659  -0.00080987
    6    5
  0.00022024  -0.00012843    -0.00000000   0.00000000     0.00000000   0.00000000
 -0.00000000   0.00000000    -0.00057784  -0.00468960     0.02967493  -0.00025023
  0.00000000   0.00000000     0.00579811  -0.00091612    -0.00182891   0.00068357
    6    6
  0.03170361  -0.00000000    -0.00000000   0.00000000     0.00000000  -0.00000000
 -0.00000000   0.00000000     0.03170361   0.00000000    -0.00000000  -0.00000000
  0.00000000  -0.00000000    -0.00000000  -0.00000000     0.02169224  -0.00000000
    6    7
 -0.01947568   0.01941946     0.00000000  -0.00000000     0.00000000   0.00000000
  0.00000000  -0.00000000    -0.01947568  -0.01941946     0.00000000   0.00000000
  0.00000000   0.00000000     0.00000000   0.00000000    -0.00389872  -0.00000000
    7    1
 -0.01082159   0.00855823    -0.00000000  -0.00000000     0.00000000   0.00000000
 -0.00000000   0.00000000    -0.00160044  -0.01370360     0.00000000   0.00000000
  0.00000000   0.00000000     0.00000000   0.00000000    -0.01563172  -0.00647487
    7    2
 -0.00057784  -0.00468960    -0.00000000   0.00000000     0.02967493  -0.00025023
 -0.00000000   0.00000000     0.00022024  -0.00012843     0.00000000   0.00000000
  0.00579811  -0.00091612     0.00000000   0.00000000    -0.00182891   0.00068357
    7    3
  0.00290746  -0.00372465     0.00000000   0.00000000    -0.02116028  -0.02080641
  0.00000000   0.00000000     0.00024655   0.00006492     0.00000000  -0.00000000
 -0.00474768  -0.00345209     0.00000000   0.00000000    -0.00177659  -0.00080987
    7    4
  0.00022024   0.00012843    -0.00000000  -0.00000000     0.00000000  -0.00000000
 -0.00000000  -0.00000000    -0.00057784   0.00468960     0.02967493   0.00025023
  0.00000000  -0.00000000     0.00579811   0.00091612    -0.00182891  -0.00068357
    7    5
  0.00024655  -0.00006492     0.00000000  -0.00000000     0.00000000   0.00000000
  0.00000000  -0.00000000     0.00290746   0.00372465    -0.02116028   0.02080641
  0.00000000  -0.00000000    -0.00474768   0.00345209    -0.00177659   0.00080987
    7    6
 -0.01947568  -0.01941946     0.00000000   0.00000000     0.00000000   0.00000000
  0.00000000   0.00000000    -0.01947568   0.01941946     0.00000000   0.00000000
  0.00000000   0.00000000     0.00000000   0.00000000    -0.00389872   0.00000000
    7    7
  0.03170361   0.00000000    -0.00000000  -0.00000000     0.00000000   0.00000000
 -0.00000000  -0.00000000     0.03170361  -0.00000000    -0.00000000   0.00000000
  0.00000000   0.00000000    -0.00000000   0.00000000     0.02169224   0.00000000

     Dynamical  Matrix in cartesian axes

     q = (    0.216506400  -0.000000000   0.000000000 ) 

    1    1
  0.20366860   0.00000000     0.00000000   0.00000000     0.00000000   0.00000000
  0.00000000   0.00000000     0.01462322   0.00000000     0.00000000   0.00000000
  0.00000000   0.00000000     0.00000000   0.00000000     0.01462322   0.00000000
    1    2
 -0.01563172   0.00647487    -0.00000000  -0.00000000     0.00000000   0.00000000
  0.00000000  -0.00000000    -0.00160044   0.01370360    -0.00000000   0.00000000
  0.00000000   0.00000000     0.00000000   0.00000000    -0.01082159  -0.00855823
    1    3
 -0.01563172   0.00647487     0.00000000  -0.00000000    -0.00000000  -0.00000000
  0.00000000  -0.00000000    -0.01082159  -0.00855823     0.00000000  -0.00000000
 -0.00000000  -0.00000000    -0.00000000  -0.00000000    -0.00160044   0.01370360
    1    4
  0.00280758  -0.00280758    -0.02296202  -0.02296201    -0.00000000  -0.00000000
 -0.01000759  -0.01000758    -0.00295481   0.00295481    -0.00000000  -0.00000000
 -0.00000000  -0.00000000    -0.00000000   0.00000000    -0.00018455   0.00018455
    1    5
  0.00397052  -0.00000000     0.00000000   0.03247320     0.00000000  -0.00000000
  0.00000000   0.01415286    -0.00417873  -0.00000000     0.00000000  -0.00000000
  0.00000000  -0.00000000     0.00000000  -0.00000000    -0.00026099   0.00000000
    1    6
  0.00397052  -0.00000000    -0.00000000  -0.00000000     0.00000000   0.03247320
 -0.00000000  -0.00000000    -0.00026099  -0.00000000     0.00000000  -0.00000000
  0.00000000   0.01415286     0.00000000  -0.00000000    -0.00417873  -0.00000000
    1    7
  0.00280758  -0.00280758     0.00000000   0.00000000    -0.02296202  -0.02296201
  0.00000000   0.00000000    -0.00018455   0.00018455     0.00000000  -0.00000000
 -0.01000759  -0.01000758     0.00000000  -0.00000000    -0.00295481   0.00295481
    2    1
 -0.01563172  -0.00647487    -0.00000000   0.00000000     0.00000000  -0.00000000
 -0.00000000   0.00000000    -0.00160044  -0.01370360     0.00000000  -0.00000000
  0.00000000  -0.00000000     0.00000000  -0.00000000    -0.01082159   0.00855823
    2    2
  0.02169224   0.00000000     0.00000000   0.00000000     0.00000000   0.00000000
  0.00000000   0.00000000     0.03170361  -0.00000000    -0.00000000   0.00000000
  0.00000000   0.00000000    -0.00000000   0.00000000     0.03170361   0.00000000
    2    3
 -0.00389872  -0.00000000     0.00000000  -0.00000000     0.00000000   0.00000000
  0.00000000  -0.00000000    -0.01947568   0.01941946     0.00000000   0.00000000
  0.00000000   0.00000000     0.00000000   0.00000000    -0.01947568  -0.01941946
    2    4
 -0.00177659   0.00080987    -0.00474768   0.00345209     0.00000000   0.00000000
 -0.02116028   0.02080641     0.00290746   0.00372465     0.00000000  -0.00000000
  0.00000000   0.00000000     0.00000000   0.00000000     0.00024655  -0.00006492
    2    5
 -0.00182891  -0.00068357     0.00579811   0.00091612     0.00000000  -0.00000000
  0.02967493   0.00025023    -0.00057784   0.00468960     0.00000000  -0.00000000
  0.00000000  -0.00000000     0.00000000  -0.00000000     0.00022024   0.00012843
    2    6
 -0.00177659  -0.00080987     0.00000000   0.00000000    -0.00474768  -0.00345209
  0.00000000   0.00000000     0.00024655   0.00006492    -0.00000000   0.00000000
 -0.02116028  -0.02080641     0.00000000   0.00000000     0.00290746  -0.00372465
    2    7
 -0.00182891   0.00068357    -0.00000000   0.00000000     0.00579811  -0.00091612
  0.00000000   0.00000000     0.00022024  -0.00012843     0.00000000   0.00000000
  0.02967493  -0.00025023     0.00000000   0.00000000    -0.00057784  -0.00468960
    3    1
 -0.01563172  -0.00647487     0.00000000  -0.00000000    -0.00000000   0.00000000
  0.00000000  -0.00000000    -0.01082159   0.00855823     0.00000000   0.00000000
 -0.00000000   0.00000000     0.00000000   0.00000000    -0.00160044  -0.01370360
    3    2
 -0.00389872   0.00000000     0.00000000   0.00000000     0.00000000  -0.00000000
  0.00000000   0.00000000    -0.01947568  -0.01941946     0.00000000  -0.00000000
  0.00000000  -0.00000000     0.00000000  -0.00000000    -0.01947568   0.01941946
    3    3
  0.02169224  -0.00000000     0.00000000  -0.00000000     0.00000000  -0.00000000
  0.00000000  -0.00000000     0.03170361   0.00000000    -0.00000000  -0.00000000
  0.00000000  -0.00000000    -0.00000000  -0.00000000     0.03170361  -0.00000000
    3    4
 -0.00182891   0.00068357     0.00579811  -0.00091612     0.00000000   0.00000000
  0.02967493  -0.00025023    -0.00057784  -0.00468960     0.00000000   0.00000000
  0.00000000   0.00000000     0.00000000   0.00000000     0.00022024  -0.00012843
    3    5
 -0.00177659  -0.00080987    -0.00474768  -0.00345209     0.00000000   0.00000000
 -0.02116028  -0.02080641     0.00290746  -0.00372465     0.00000000   0.00000000
  0.00000000   0.00000000    -0.00000000   0.00000000     0.00024655   0.00006492
    3    6
 -0.00182891  -0.00068357    -0.00000000  -0.00000000     0.00579811   0.00091612
  0.00000000  -0.00000000     0.00022024   0.00012843     0.00000000  -0.00000000
  0.02967493   0.00025023     0.00000000  -0.00000000    -0.00057784   0.00468960
    3    7
 -0.00177659   0.00080987     0.00000000   0.00000000    -0.00474768   0.00345209
  0.00000000  -0.00000000     0.00024655  -0.00006492     0.00000000  -0.00000000
 -0.02116028   0.02080641     0.00000000  -0.00000000     0.00290746   0.00372465
    4    1
  0.00280758   0.00280758    -0.01000759   0.01000758    -0.00000000   0.00000000
 -0.02296202   0.02296201    -0.00295481  -0.00295481    -0.00000000   0.00000000
 -0.00000000   0.00000000    -0.00000000   0.00000000    -0.00018455  -0.00018455
    4    2
 -0.00177659  -0.00080987    -0.02116028  -0.02080641     0.00000000  -0.00000000
 -0.00474768  -0.00345209     0.00290746  -0.00372465     0.00000000   0.00000000
  0.00000000  -0.00000000     0.00000000  -0.00000000     0.00024655   0.00006492
    4    3
 -0.00182891  -0.00068357     0.02967493   0.00025023     0.00000000  -0.00000000
  0.00579811   0.00091612    -0.00057784   0.00468960     0.00000000   0.00000000
  0.00000000   0.00000000    -0.00000000  -0.00000000     0.00022024   0.00012843
    4    4
  0.03640645  -0.00000000     0.00000000  -0.00403921    -0.00000000   0.00000000
  0.00000000   0.00403921     0.02123592   0.00000000    -0.00000000   0.00000000
 -0.00000000   0.00000000    -0.00000000   0.00000000     0.06702651   0.00000000
    4    5
 -0.01909181  -0.01909182     0.00467203  -0.00467203     0.00000000   0.00000000
  0.00467203  -0.00467203    -0.00836093  -0.00836094     0.00000000   0.00000000
  0.00000000   0.00000000     0.00000000   0.00000000    -0.04582837  -0.04582839
    4    6
  0.00192516   0.00192517     0.00009451  -0.00009451     0.00090755  -0.00090755
  0.00090755  -0.00090755    -0.00073201  -0.00073201    -0.00773049  -0.00773049
  0.00009451  -0.00009451    -0.04596377  -0.04596378    -0.00073201  -0.00073201
    4    7
  0.00272259  -0.00000000    -0.00000000  -0.00013366     0.00000000   0.00128347
  0.00000000  -0.00128347    -0.00103522   0.00000000     0.01093256  -0.00000000
  0.00000000   0.00013366     0.06500260  -0.00000000    -0.00103522   0.00000000
    5    1
  0.00397052   0.00000000     0.00000000  -0.01415286     0.00000000   0.00000000
  0.00000000  -0.03247320    -0.00417873   0.00000000     0.00000000   0.00000000
 -0.00000000   0.00000000    -0.00000000   0.00000000    -0.00026099   0.00000000
    5    2
 -0.00182891   0.00068357     0.02967493  -0.00025023     0.00000000   0.00000000
  0.00579811  -0.00091612    -0.00057784  -0.00468960     0.00000000   0.00000000
  0.00000000   0.00000000    -0.00000000   0.00000000     0.00022024  -0.00012843
    5    3
 -0.00177659   0.00080987    -0.02116028   0.02080641     0.00000000   0.00000000
 -0.00474768   0.00345209     0.00290746   0.00372465     0.00000000  -0.00000000
 -0.00000000  -0.00000000    -0.00000000   0.00000000     0.00024655  -0.00006492
    5    4
 -0.01909181   0.01909182     0.00467203   0.00467203     0.00000000  -0.00000000
  0.00467203   0.00467203    -0.00836093   0.00836094     0.00000000  -0.00000000
  0.00000000  -0.00000000     0.00000000  -0.00000000    -0.04582837   0.04582839
    5    5
  0.03640645   0.00000000     0.00000000   0.00403921    -0.00000000   0.00000000
  0.00000000  -0.00403921     0.02123592  -0.00000000    -0.00000000   0.00000000
 -0.00000000   0.00000000    -0.00000000   0.00000000     0.06702651  -0.00000000
    5    6
  0.00272259   0.00000000     0.00000000   0.00013366     0.00000000  -0.00128347
  0.00000000   0.00128347    -0.00103522  -0.00000000     0.01093256   0.00000000
  0.00000000  -0.00013366     0.06500260   0.00000000    -0.00103522  -0.00000000
    5    7
  0.00192516  -0.00192517     0.00009451   0.00009451     0.00090755   0.00090755
  0.00090755   0.00090755    -0.00073201   0.00073201    -0.00773049   0.00773049
  0.00009451   0.00009451    -0.04596377   0.04596378    -0.00073201   0.00073201
    6    1
  0.00397052   0.00000000    -0.00000000   0.00000000     0.00000000  -0.01415286
 -0.00000000   0.00000000    -0.00026099   0.00000000     0.00000000   0.00000000
  0.00000000  -0.03247320     0.00000000   0.00000000    -0.00417873   0.00000000
    6    2
 -0.00177659   0.00080987     0.00000000  -0.00000000    -0.02116028   0.02080641
  0.00000000  -0.00000000     0.00024655  -0.00006492     0.00000000   0.00000000
 -0.00474768   0.00345209     0.00000000   0.00000000     0.00290746   0.00372465
    6    3
 -0.00182891   0.00068357    -0.00000000  -0.00000000     0.02967493  -0.00025023
 -0.00000000   0.00000000     0.00022024  -0.00012843    -0.00000000   0.00000000
  0.00579811  -0.00091612     0.00000000   0.00000000    -0.00057784  -0.00468960
    6    4
  0.00192516  -0.00192517     0.00090755   0.00090755     0.00009451   0.00009451
  0.00009451   0.00009451    -0.00073201   0.00073201    -0.04596377   0.04596378
  0.00090755   0.00090755    -0.00773049   0.00773049    -0.00073201   0.00073201
    6    5
  0.00272259  -0.00000000     0.00000000  -0.00128347     0.00000000   0.00013366
  0.00000000  -0.00013366    -0.00103522   0.00000000     0.06500260  -0.00000000
  0.00000000   0.00128347     0.01093256  -0.00000000    -0.00103522  -0.00000000
    6    6
  0.03640645  -0.00000000    -0.00000000   0.00000000    -0.00000000   0.00403921
  0.00000000  -0.00000000     0.06702651  -0.00000000    -0.00000000  -0.00000000
 -0.00000000  -0.00403921    -0.00000000   0.00000000     0.02123592   0.00000000
    6    7
 -0.01909181   0.01909182     0.00000000  -0.00000000     0.00467203   0.00467203
  0.00000000  -0.00000000    -0.04582837   0.04582839    -0.00000000   0.00000000
  0.00467203   0.00467203     0.00000000   0.00000000    -0.00836093   0.00836094
    7    1
  0.00280758   0.00280758     0.00000000  -0.00000000    -0.01000759   0.01000758
  0.00000000  -0.00000000    -0.00018455  -0.00018455     0.00000000  -0.00000000
 -0.02296202   0.02296201     0.00000000   0.00000000    -0.00295481  -0.00295481
    7    2
 -0.00182891  -0.00068357    -0.00000000   0.00000000     0.02967493   0.00025023
 -0.00000000   0.00000000     0.00022024   0.00012843    -0.00000000  -0.00000000
  0.00579811   0.00091612     0.00000000  -0.00000000    -0.00057784   0.00468960
    7    3
 -0.00177659  -0.00080987     0.00000000   0.00000000    -0.02116028  -0.02080641
  0.00000000   0.00000000     0.00024655   0.00006492     0.00000000   0.00000000
 -0.00474768  -0.00345209     0.00000000   0.00000000     0.00290746  -0.00372465
    7    4
  0.00272259   0.00000000     0.00000000   0.00128347     0.00000000  -0.00013366
  0.00000000   0.00013366    -0.00103522   0.00000000     0.06500260   0.00000000
  0.00000000  -0.00128347     0.01093256   0.00000000    -0.00103522  -0.00000000
    7    5
  0.00192516   0.00192517     0.00090755  -0.00090755     0.00009451  -0.00009451
  0.00009451  -0.00009451    -0.00073201  -0.00073201    -0.04596377  -0.04596378
  0.00090755  -0.00090755    -0.00773049  -0.00773049    -0.00073201  -0.00073201
    7    6
 -0.01909181  -0.01909182     0.00000000   0.00000000     0.00467203  -0.00467203
  0.00000000   0.00000000    -0.04582837  -0.04582839    -0.00000000  -0.00000000
  0.00467203  -0.00467203     0.00000000  -0.00000000    -0.00836093  -0.00836094
    7    7
  0.03640645   0.00000000    -0.00000000  -0.00000000    -0.00000000  -0.00403921
  0.00000000   0.00000000     0.06702651   0.00000000    -0.00000000   0.00000000
 -0.00000000   0.00403921    -0.00000000  -0.00000000     0.02123592  -0.00000000

     Dynamical  Matrix in cartesian axes

     q = (   -0.216506400  -0.000000000  -0.000000000 ) 

    1    1
  0.20366860   0.00000000     0.00000000   0.00000000     0.00000000   0.00000000
  0.00000000   0.00000000     0.01462322   0.00000000     0.00000000   0.00000000
  0.00000000   0.00000000     0.00000000   0.00000000     0.01462322   0.00000000
    1    2
 -0.01563172  -0.00647487     0.00000000   0.00000000     0.00000000  -0.00000000
 -0.00000000   0.00000000    -0.00160044  -0.01370360     0.00000000   0.00000000
  0.00000000  -0.00000000     0.00000000  -0.00000000    -0.01082159   0.00855823
    1    3
 -0.01563172  -0.00647487     0.00000000  -0.00000000     0.00000000   0.00000000
  0.00000000   0.00000000    -0.01082159   0.00855823     0.00000000   0.00000000
 -0.00000000   0.00000000     0.00000000   0.00000000    -0.00160044  -0.01370360
    1    4
  0.00280758   0.00280758    -0.02296202   0.02296201    -0.00000000   0.00000000
 -0.01000759   0.01000758    -0.00295481  -0.00295481    -0.00000000  -0.00000000
 -0.00000000   0.00000000    -0.00000000   0.00000000    -0.00018455  -0.00018455
    1    5
  0.00397052   0.00000000     0.00000000  -0.03247320     0.00000000   0.00000000
  0.00000000  -0.01415286    -0.00417873   0.00000000     0.00000000   0.00000000
  0.00000000   0.00000000     0.00000000   0.00000000    -0.00026099   0.00000000
    1    6
  0.00397052   0.00000000    -0.00000000   0.00000000     0.00000000  -0.03247320
 -0.00000000   0.00000000    -0.00026099   0.00000000     0.00000000   0.00000000
  0.00000000  -0.01415286     0.00000000   0.00000000    -0.00417873   0.00000000
    1    7
  0.00280758   0.00280758     0.00000000  -0.00000000    -0.02296202   0.02296201
  0.00000000  -0.00000000    -0.00018455  -0.00018455     0.00000000   0.00000000
 -0.01000759   0.01000758     0.00000000   0.00000000    -0.00295481  -0.00295481
    2    1
 -0.01563172   0.00647487     0.00000000  -0.00000000     0.00000000   0.00000000
 -0.00000000  -0.00000000    -0.00160044   0.01370360     0.00000000  -0.00000000
  0.00000000  -0.00000000     0.00000000   0.00000000    -0.01082159  -0.00855823
    2    2
  0.02169224  -0.00000000     0.00000000  -0.00000000    -0.00000000   0.00000000
  0.00000000  -0.00000000     0.03170361   0.00000000    -0.00000000   0.00000000
 -0.00000000   0.00000000    -0.00000000   0.00000000     0.03170361  -0.00000000
    2    3
 -0.00389872  -0.00000000     0.00000000   0.00000000     0.00000000  -0.00000000
  0.00000000   0.00000000    -0.01947568  -0.01941946     0.00000000  -0.00000000
  0.00000000  -0.00000000     0.00000000  -0.00000000    -0.01947568   0.01941946
    2    4
 -0.00177659  -0.00080987    -0.00474768  -0.00345209    -0.00000000   0.00000000
 -0.02116028  -0.02080641     0.00290746  -0.00372465    -0.00000000   0.00000000
  0.00000000  -0.00000000     0.00000000  -0.00000000     0.00024655   0.00006492
    2    5
 -0.00182891   0.00068357     0.00579811  -0.00091612    -0.00000000   0.00000000
  0.02967493  -0.00025023    -0.00057784  -0.00468960    -0.00000000   0.00000000
  0.00000000   0.00000000     0.00000000   0.00000000     0.00022024  -0.00012843
    2    6
 -0.00177659   0.00080987     0.00000000   0.00000000    -0.00474768   0.00345209
  0.00000000  -0.00000000     0.00024655  -0.00006492     0.00000000  -0.00000000
 -0.02116028   0.02080641     0.00000000   0.00000000     0.00290746   0.00372465
    2    7
 -0.00182891  -0.00068357     0.00000000  -0.00000000     0.00579811   0.00091612
  0.00000000  -0.00000000     0.00022024   0.00012843     0.00000000  -0.00000000
  0.02967493   0.00025023    -0.00000000  -0.00000000    -0.00057784   0.00468960
    3    1
 -0.01563172   0.00647487     0.00000000   0.00000000     0.00000000  -0.00000000
  0.00000000   0.00000000    -0.01082159  -0.00855823    -0.00000000  -0.00000000
 -0.00000000  -0.00000000    -0.00000000  -0.00000000    -0.00160044   0.01370360
    3    2
 -0.00389872   0.00000000     0.00000000  -0.00000000     0.00000000   0.00000000
  0.00000000  -0.00000000    -0.01947568   0.01941946     0.00000000   0.00000000
  0.00000000   0.00000000     0.00000000   0.00000000    -0.01947568  -0.01941946
    3    3
  0.02169224   0.00000000     0.00000000   0.00000000    -0.00000000  -0.00000000
  0.00000000   0.00000000     0.03170361  -0.00000000    -0.00000000  -0.00000000
 -0.00000000  -0.00000000    -0.00000000  -0.00000000     0.03170361   0.00000000
    3    4
 -0.00182891  -0.00068357     0.00579811   0.00091612    -0.00000000  -0.00000000
  0.02967493   0.00025023    -0.00057784   0.00468960    -0.00000000  -0.00000000
  0.00000000  -0.00000000     0.00000000  -0.00000000     0.00022024   0.00012843
    3    5
 -0.00177659   0.00080987    -0.00474768   0.00345209    -0.00000000  -0.00000000
 -0.02116028   0.02080641     0.00290746   0.00372465    -0.00000000   0.00000000
 -0.00000000   0.00000000    -0.00000000   0.00000000     0.00024655  -0.00006492
    3    6
 -0.00182891   0.00068357    -0.00000000   0.00000000     0.00579811  -0.00091612
  0.00000000   0.00000000     0.00022024  -0.00012843     0.00000000   0.00000000
  0.02967493  -0.00025023    -0.00000000   0.00000000    -0.00057784  -0.00468960
    3    7
 -0.00177659  -0.00080987     0.00000000   0.00000000    -0.00474768  -0.00345209
  0.00000000   0.00000000     0.00024655   0.00006492     0.00000000   0.00000000
 -0.02116028  -0.02080641     0.00000000   0.00000000     0.00290746  -0.00372465
    4    1
  0.00280758  -0.00280758    -0.01000759  -0.01000758    -0.00000000   0.00000000
 -0.02296202  -0.02296201    -0.00295481   0.00295481    -0.00000000  -0.00000000
  0.00000000   0.00000000     0.00000000   0.00000000    -0.00018455   0.00018455
    4    2
 -0.00177659   0.00080987    -0.02116028   0.02080641     0.00000000   0.00000000
 -0.00474768   0.00345209     0.00290746   0.00372465    -0.00000000  -0.00000000
 -0.00000000  -0.00000000     0.00000000  -0.00000000     0.00024655  -0.00006492
    4    3
 -0.00182891   0.00068357     0.02967493  -0.00025023    -0.00000000  -0.00000000
  0.00579811  -0.00091612    -0.00057784  -0.00468960    -0.00000000   0.00000000
  0.00000000  -0.00000000     0.00000000   0.00000000     0.00022024  -0.00012843
    4    4
  0.03640645   0.00000000     0.00000000   0.00403921    -0.00000000   0.00000000
  0.00000000  -0.00403921     0.02123592  -0.00000000    -0.00000000   0.00000000
 -0.00000000   0.00000000    -0.00000000   0.00000000     0.06702651  -0.00000000
    4    5
 -0.01909181   0.01909182     0.00467203   0.00467203     0.00000000  -0.00000000
  0.00467203   0.00467203    -0.00836093   0.00836094     0.00000000  -0.00000000
  0.00000000  -0.00000000     0.00000000  -0.00000000    -0.04582837   0.04582839
    4    6
  0.00192516  -0.00192517     0.00009451   0.00009451     0.00090755   0.00090755
  0.00090755   0.00090755    -0.00073201   0.00073201    -0.00773049   0.00773049
  0.00009451   0.00009451    -0.04596377   0.04596378    -0.00073201   0.00073201
    4    7
  0.00272259  -0.00000000    -0.00000000   0.00013366     0.00000000  -0.00128347
 -0.00000000   0.00128347    -0.00103522   0.00000000     0.01093256  -0.00000000
  0.00000000  -0.00013366     0.06500260  -0.00000000    -0.00103522   0.00000000
    5    1
  0.00397052  -0.00000000     0.00000000   0.01415286     0.00000000   0.00000000
  0.00000000   0.03247320    -0.00417873  -0.00000000     0.00000000   0.00000000
  0.00000000  -0.00000000     0.00000000  -0.00000000    -0.00026099   0.00000000
    5    2
 -0.00182891  -0.00068357     0.02967493   0.00025023    -0.00000000  -0.00000000
  0.00579811   0.00091612    -0.00057784   0.00468960    -0.00000000  -0.00000000
 -0.00000000  -0.00000000    -0.00000000   0.00000000     0.00022024   0.00012843
    5    3
 -0.00177659  -0.00080987    -0.02116028  -0.02080641     0.00000000  -0.00000000
 -0.00474768  -0.00345209     0.00290746  -0.00372465    -0.00000000  -0.00000000
  0.00000000  -0.00000000     0.00000000   0.00000000     0.00024655   0.00006492
    5    4
 -0.01909181  -0.01909182     0.00467203  -0.00467203     0.00000000   0.00000000
  0.00467203  -0.00467203    -0.00836093  -0.00836094     0.00000000   0.00000000
  0.00000000   0.00000000     0.00000000   0.00000000    -0.04582837  -0.04582839
    5    5
  0.03640645  -0.00000000     0.00000000  -0.00403921    -0.00000000   0.00000000
  0.00000000   0.00403921     0.02123592   0.00000000    -0.00000000   0.00000000
 -0.00000000   0.00000000    -0.00000000   0.00000000     0.06702651   0.00000000
    5    6
  0.00272259  -0.00000000    -0.00000000  -0.00013366     0.00000000   0.00128347
 -0.00000000  -0.00128347    -0.00103522  -0.00000000     0.01093256   0.00000000
  0.00000000   0.00013366     0.06500260   0.00000000    -0.00103522   0.00000000
    5    7
  0.00192516   0.00192517     0.00009451  -0.00009451     0.00090755  -0.00090755
  0.00090755  -0.00090755    -0.00073201  -0.00073201    -0.00773049  -0.00773049
  0.00009451  -0.00009451    -0.04596377  -0.04596378    -0.00073201  -0.00073201
    6    1
  0.00397052  -0.00000000    -0.00000000  -0.00000000     0.00000000   0.01415286
 -0.00000000  -0.00000000    -0.00026099   0.00000000     0.00000000   0.00000000
  0.00000000   0.03247320     0.00000000   0.00000000    -0.00417873   0.00000000
    6    2
 -0.00177659  -0.00080987     0.00000000   0.00000000    -0.02116028  -0.02080641
  0.00000000   0.00000000     0.00024655   0.00006492     0.00000000  -0.00000000
 -0.00474768  -0.00345209     0.00000000   0.00000000     0.00290746  -0.00372465
    6    3
 -0.00182891  -0.00068357    -0.00000000   0.00000000     0.02967493   0.00025023
 -0.00000000   0.00000000     0.00022024   0.00012843    -0.00000000  -0.00000000
  0.00579811   0.00091612     0.00000000  -0.00000000    -0.00057784   0.00468960
    6    4
  0.00192516   0.00192517     0.00090755  -0.00090755     0.00009451  -0.00009451
  0.00009451  -0.00009451    -0.00073201  -0.00073201    -0.04596377  -0.04596378
  0.00090755  -0.00090755    -0.00773049  -0.00773049    -0.00073201  -0.00073201
    6    5
  0.00272259  -0.00000000    -0.00000000   0.00128347     0.00000000  -0.00013366
 -0.00000000   0.00013366    -0.00103522   0.00000000     0.06500260  -0.00000000
 -0.00000000  -0.00128347     0.01093256  -0.00000000    -0.00103522   0.00000000
    6    6
  0.03640645   0.00000000    -0.00000000   0.00000000    -0.00000000  -0.00403921
 -0.00000000  -0.00000000     0.06702651   0.00000000    -0.00000000   0.00000000
 -0.00000000   0.00403921    -0.00000000   0.00000000     0.02123592  -0.00000000
    6    7
 -0.01909181  -0.01909182     0.00000000   0.00000000     0.00467203  -0.00467203
  0.00000000   0.00000000    -0.04582837  -0.04582839     0.00000000   0.00000000
  0.00467203  -0.00467203     0.00000000   0.00000000    -0.00836093  -0.00836094
    7    1
  0.00280758  -0.00280758     0.00000000   0.00000000    -0.01000759  -0.01000758
  0.00000000   0.00000000    -0.00018455   0.00018455     0.00000000  -0.00000000
 -0.02296202  -0.02296201     0.00000000  -0.00000000    -0.00295481   0.00295481
    7    2
 -0.00182891   0.00068357    -0.00000000   0.00000000     0.02967493  -0.00025023
 -0.00000000   0.00000000     0.00022024  -0.00012843    -0.00000000   0.00000000
  0.00579811  -0.00091612     0.00000000   0.00000000    -0.00057784  -0.00468960
    7    3
 -0.00177659   0.00080987     0.00000000  -0.00000000    -0.02116028   0.02080641
  0.00000000  -0.00000000     0.00024655  -0.00006492     0.00000000   0.00000000
 -0.00474768   0.00345209     0.00000000  -0.00000000     0.00290746   0.00372465
    7    4
  0.00272259  -0.00000000    -0.00000000  -0.00128347     0.00000000   0.00013366
 -0.00000000  -0.00013366    -0.00103522  -0.00000000     0.06500260   0.00000000
  0.00000000   0.00128347     0.01093256   0.00000000    -0.00103522   0.00000000
    7    5
  0.00192516  -0.00192517     0.00090755   0.00090755     0.00009451   0.00009451
  0.00009451   0.00009451    -0.00073201   0.00073201    -0.04596377   0.04596378
  0.00090755   0.00090755    -0.00773049   0.00773049    -0.00073201   0.00073201
    7    6
 -0.01909181   0.01909182     0.00000000  -0.00000000     0.00467203   0.00467203
  0.00000000  -0.00000000    -0.04582837   0.04582839     0.00000000  -0.00000000
  0.00467203   0.00467203     0.00000000   0.00000000    -0.00836093   0.00836094
    7    7
  0.03640645  -0.00000000    -0.00000000  -0.00000000    -0.00000000   0.00403921
 -0.00000000   0.00000000     0.06702651  -0.00000000    -0.00000000   0.00000000
 -0.00000000  -0.00403921    -0.00000000   0.00000000     0.02123592   0.00000000

     Dynamical  Matrix in cartesian axes

     q = (   -0.000000000   0.216506400   0.000000000 ) 

    1    1
  0.01462322   0.00000000    -0.00000000   0.00000000     0.00000000   0.00000000
  0.00000000   0.00000000     0.20366860   0.00000000     0.00000000   0.00000000
  0.00000000   0.00000000     0.00000000   0.00000000     0.01462322   0.00000000
    1    2
 -0.00417873  -0.00000000     0.00000000   0.01415286     0.00000000   0.00000000
  0.00000000   0.03247320     0.00397052  -0.00000000     0.00000000  -0.00000000
  0.00000000   0.00000000     0.00000000   0.00000000    -0.00026099   0.00000000
    1    3
 -0.00295481   0.00295481    -0.01000759  -0.01000758    -0.00000000  -0.00000000
 -0.02296202  -0.02296201     0.00280758  -0.00280758    -0.00000000  -0.00000000
 -0.00000000  -0.00000000    -0.00000000  -0.00000000    -0.00018455   0.00018455
    1    4
 -0.01082159  -0.00855823     0.00000000  -0.00000000    -0.00000000  -0.00000000
  0.00000000  -0.00000000    -0.01563172   0.00647487    -0.00000000  -0.00000000
 -0.00000000  -0.00000000    -0.00000000  -0.00000000    -0.00160044   0.01370360
    1    5
 -0.00160044   0.01370360    -0.00000000  -0.00000000     0.00000000   0.00000000
 -0.00000000  -0.00000000    -0.01563172   0.00647487     0.00000000   0.00000000
  0.00000000   0.00000000    -0.00000000   0.00000000    -0.01082159  -0.00855823
    1    6
 -0.00018455   0.00018455     0.00000000   0.00000000     0.00000000  -0.00000000
  0.00000000   0.00000000     0.00280758  -0.00280758    -0.02296202  -0.02296201
  0.00000000  -0.00000000    -0.01000759  -0.01000758    -0.00295481   0.00295481
    1    7
 -0.00026099  -0.00000000     0.00000000  -0.00000000     0.00000000  -0.00000000
  0.00000000  -0.00000000     0.00397052  -0.00000000     0.00000000   0.03247320
