  4.500000000000000E-002   1.25986529217407        2.41685017272211     
           6

     Dynamical  Matrix in cartesian axes

     q = (    0.000000000   0.000000000   0.216506400 ) 

    1    1
  0.01407640   0.00000000     0.00000000   0.00000000    -0.00000000   0.00000000
  0.00000000   0.00000000     0.01407640   0.00000000    -0.00000000   0.00000000
 -0.00000000   0.00000000    -0.00000000   0.00000000     0.20419218   0.00000000
    1    2
 -0.00283544   0.00283544     0.00000000   0.00000000    -0.01002143  -0.01002142
  0.00000000   0.00000000    -0.00013312   0.00013312    -0.00000000   0.00000000
 -0.02246363  -0.02246362    -0.00000000   0.00000000     0.00304627  -0.00304627
    1    3
 -0.00400992  -0.00000000     0.00000000  -0.00000000     0.00000000   0.01417243
  0.00000000  -0.00000000    -0.00018826   0.00000000     0.00000000   0.00000000
  0.00000000   0.03176836     0.00000000   0.00000000     0.00430807  -0.00000000
    1    4
 -0.00018826   0.00000000     0.00000000  -0.00000000    -0.00000000   0.00000000
  0.00000000   0.00000000    -0.00400992  -0.00000000     0.00000000   0.01417243
 -0.00000000   0.00000000     0.00000000   0.03176836     0.00430807  -0.00000000
    1    5
 -0.00013312   0.00013312     0.00000000   0.00000000    -0.00000000  -0.00000000
  0.00000000   0.00000000    -0.00283544   0.00283544    -0.01002143  -0.01002142
  0.00000000   0.00000000    -0.02246363  -0.02246362     0.00304627  -0.00304627
    1    6
 -0.00175525   0.01356867     0.00000000   0.00000000     0.00000000  -0.00000000
  0.00000000  -0.00000000    -0.01083565  -0.00835335     0.00000000  -0.00000000
  0.00000000  -0.00000000     0.00000000  -0.00000000    -0.01595518   0.00660885
    1    7
 -0.01083565  -0.00835335     0.00000000   0.00000000     0.00000000  -0.00000000
  0.00000000  -0.00000000    -0.00175525   0.01356867     0.00000000  -0.00000000
  0.00000000   0.00000000     0.00000000  -0.00000000    -0.01595518   0.00660885
    2    1
 -0.00283544  -0.00283544     0.00000000  -0.00000000    -0.02246363   0.02246362
  0.00000000  -0.00000000    -0.00013312  -0.00013312    -0.00000000   0.00000000
 -0.01002143   0.01002142    -0.00000000   0.00000000     0.00304627   0.00304627
    2    2
  0.02004310  -0.00000000    -0.00000000  -0.00000000    -0.00000000   0.00390556
 -0.00000000   0.00000000     0.06913522  -0.00000000     0.00000000   0.00000000
 -0.00000000  -0.00390556    -0.00000000   0.00000000     0.03542134   0.00000000
    2    3
 -0.00819663  -0.00819663     0.00000000   0.00000000     0.00447289  -0.00447289
  0.00000000   0.00000000    -0.04745396  -0.04745398     0.00000000   0.00000000
  0.00447289  -0.00447289     0.00000000   0.00000000    -0.01850720  -0.01850721
    2    4
 -0.00069497  -0.00069497    -0.00745694  -0.00745694     0.00082868  -0.00082868
 -0.04754736  -0.04754738    -0.00069497  -0.00069497     0.00015779  -0.00015779
  0.00015779  -0.00015779     0.00082868  -0.00082868     0.00191392   0.00191392
    2    5
 -0.00098283   0.00000000     0.01054571   0.00000000     0.00000000  -0.00117193
  0.06724214   0.00000000    -0.00098283  -0.00000000    -0.00000000   0.00022315
  0.00000000  -0.00022315     0.00000000   0.00117193     0.00270670   0.00000000
    2    6
  0.00292114  -0.00341282     0.00000000   0.00000000    -0.00450924  -0.00321773
  0.00000000   0.00000000     0.00024820   0.00015652     0.00000000  -0.00000000
 -0.02043123  -0.02044497     0.00000000  -0.00000000    -0.00167072  -0.00075773
    2    7
 -0.00034767   0.00447878    -0.00000000  -0.00000000     0.00546379   0.00091324
 -0.00000000  -0.00000000     0.00028618   0.00006482     0.00000000  -0.00000000
  0.02890383  -0.00000971    -0.00000000  -0.00000000    -0.00171717  -0.00064558
    3    1
 -0.00400992   0.00000000    -0.00000000   0.00000000     0.00000000  -0.03176836
  0.00000000   0.00000000    -0.00018826   0.00000000    -0.00000000   0.00000000
  0.00000000  -0.01417243    -0.00000000  -0.00000000     0.00430807   0.00000000
    3    2
 -0.00819663   0.00819663     0.00000000  -0.00000000     0.00447289   0.00447289
  0.00000000  -0.00000000    -0.04745396   0.04745398     0.00000000  -0.00000000
  0.00447289   0.00447289     0.00000000  -0.00000000    -0.01850720   0.01850721
    3    3
  0.02004310   0.00000000    -0.00000000   0.00000000    -0.00000000  -0.00390556
 -0.00000000  -0.00000000     0.06913522   0.00000000     0.00000000  -0.00000000
 -0.00000000   0.00390556    -0.00000000   0.00000000     0.03542134  -0.00000000
    3    4
 -0.00098283   0.00000000     0.01054571  -0.00000000     0.00000000   0.00117193
  0.06724214  -0.00000000    -0.00098283   0.00000000    -0.00000000  -0.00022315
  0.00000000   0.00022315     0.00000000  -0.00117193     0.00270670  -0.00000000
    3    5
 -0.00069497   0.00069497    -0.00745694   0.00745694     0.00082868   0.00082868
 -0.04754736   0.04754738    -0.00069497   0.00069497     0.00015779   0.00015779
  0.00015779   0.00015779     0.00082868   0.00082868     0.00191392  -0.00191392
    3    6
 -0.00034767  -0.00447878    -0.00000000   0.00000000     0.00546379  -0.00091324
 -0.00000000   0.00000000     0.00028618  -0.00006482     0.00000000   0.00000000
  0.02890383   0.00000971    -0.00000000   0.00000000    -0.00171717   0.00064558
    3    7
  0.00292114   0.00341282     0.00000000  -0.00000000    -0.00450924   0.00321773
  0.00000000   0.00000000     0.00024820  -0.00015652     0.00000000  -0.00000000
 -0.02043123   0.02044497     0.00000000  -0.00000000    -0.00167072   0.00075773
    4    1
 -0.00018826   0.00000000    -0.00000000   0.00000000    -0.00000000   0.00000000
  0.00000000   0.00000000    -0.00400992   0.00000000     0.00000000  -0.03176836
 -0.00000000   0.00000000     0.00000000  -0.01417243     0.00430807   0.00000000
    4    2
 -0.00069497   0.00069497    -0.04754736   0.04754738     0.00015779   0.00015779
 -0.00745694   0.00745694    -0.00069497   0.00069497     0.00082868   0.00082868
  0.00082868   0.00082868     0.00015779   0.00015779     0.00191392  -0.00191392
    4    3
 -0.00098283   0.00000000     0.06724214   0.00000000    -0.00000000  -0.00022315
  0.01054571   0.00000000    -0.00098283  -0.00000000    -0.00000000   0.00117193
 -0.00000000  -0.00117193    -0.00000000   0.00022315     0.00270670   0.00000000
    4    4
  0.06913522   0.00000000    -0.00000000  -0.00000000    -0.00000000  -0.00000000
 -0.00000000   0.00000000     0.02004310   0.00000000    -0.00000000  -0.00390556
 -0.00000000  -0.00000000    -0.00000000   0.00390556     0.03542134   0.00000000
    4    5
 -0.04745396   0.04745398     0.00000000   0.00000000     0.00000000  -0.00000000
  0.00000000   0.00000000    -0.00819663   0.00819663     0.00447289   0.00447289
  0.00000000  -0.00000000     0.00447289   0.00447289    -0.01850720   0.01850721
    4    6
  0.00024820  -0.00015652     0.00000000  -0.00000000     0.00000000   0.00000000
  0.00000000  -0.00000000     0.00292114   0.00341282    -0.00450924   0.00321773
  0.00000000   0.00000000    -0.02043123   0.02044497    -0.00167072   0.00075773
    4    7
  0.00028618  -0.00006482    -0.00000000   0.00000000     0.00000000  -0.00000000
 -0.00000000   0.00000000    -0.00034767  -0.00447878     0.00546379  -0.00091324
 -0.00000000   0.00000000     0.02890383   0.00000971    -0.00171717   0.00064558
    5    1
 -0.00013312  -0.00013312     0.00000000  -0.00000000     0.00000000   0.00000000
  0.00000000  -0.00000000    -0.00283544  -0.00283544    -0.02246363   0.02246362
  0.00000000   0.00000000    -0.01002143   0.01002142     0.00304627   0.00304627
    5    2
 -0.00098283  -0.00000000     0.06724214  -0.00000000    -0.00000000   0.00022315
  0.01054571   0.00000000    -0.00098283   0.00000000    -0.00000000  -0.00117193
 -0.00000000   0.00117193    -0.00000000  -0.00022315     0.00270670   0.00000000
    5    3
 -0.00069497  -0.00069497    -0.04754736  -0.04754738     0.00015779  -0.00015779
 -0.00745694  -0.00745694    -0.00069497  -0.00069497     0.00082868  -0.00082868
  0.00082868  -0.00082868     0.00015779  -0.00015779     0.00191392   0.00191392
    5    4
 -0.04745396  -0.04745398     0.00000000   0.00000000     0.00000000   0.00000000
  0.00000000   0.00000000    -0.00819663  -0.00819663     0.00447289  -0.00447289
  0.00000000   0.00000000     0.00447289  -0.00447289    -0.01850720  -0.01850721
    5    5
  0.06913522  -0.00000000    -0.00000000   0.00000000    -0.00000000   0.00000000
 -0.00000000  -0.00000000     0.02004310  -0.00000000    -0.00000000   0.00390556
 -0.00000000   0.00000000    -0.00000000  -0.00390556     0.03542134  -0.00000000
    5    6
  0.00028618   0.00006482    -0.00000000  -0.00000000     0.00000000  -0.00000000
 -0.00000000  -0.00000000    -0.00034767   0.00447878     0.00546379   0.00091324
 -0.00000000  -0.00000000     0.02890383  -0.00000971    -0.00171717  -0.00064558
    5    7
  0.00024820   0.00015652     0.00000000   0.00000000     0.00000000  -0.00000000
  0.00000000   0.00000000     0.00292114  -0.00341282    -0.00450924  -0.00321773
  0.00000000  -0.00000000    -0.02043123  -0.02044497    -0.00167072  -0.00075773
    6    1
 -0.00175525  -0.01356867    -0.00000000   0.00000000     0.00000000   0.00000000
 -0.00000000   0.00000000    -0.01083565   0.00835335     0.00000000   0.00000000
  0.00000000   0.00000000     0.00000000   0.00000000    -0.01595518  -0.00660885
    6    2
  0.00292114   0.00341282     0.00000000  -0.00000000    -0.02043123   0.02044497
  0.00000000  -0.00000000     0.00024820  -0.00015652    -0.00000000   0.00000000
 -0.00450924   0.00321773    -0.00000000   0.00000000    -0.00167072   0.00075773
    6    3
 -0.00034767   0.00447878    -0.00000000  -0.00000000     0.02890383  -0.00000971
 -0.00000000  -0.00000000     0.00028618   0.00006482     0.00000000  -0.00000000
  0.00546379   0.00091324    -0.00000000   0.00000000    -0.00171717  -0.00064558
    6    4
  0.00024820   0.00015652     0.00000000   0.00000000     0.00000000  -0.00000000
  0.00000000   0.00000000     0.00292114  -0.00341282    -0.02043123  -0.02044497
 -0.00000000  -0.00000000    -0.00450924  -0.00321773    -0.00167072  -0.00075773
    6    5
  0.00028618  -0.00006482    -0.00000000   0.00000000     0.00000000   0.00000000
 -0.00000000   0.00000000    -0.00034767  -0.00447878     0.02890383   0.00000971
  0.00000000   0.00000000     0.00546379  -0.00091324    -0.00171717   0.00064558
    6    6
  0.03063614  -0.00000000     0.00000000   0.00000000    -0.00000000   0.00000000
  0.00000000   0.00000000     0.03063614   0.00000000    -0.00000000   0.00000000
 -0.00000000   0.00000000    -0.00000000   0.00000000     0.02075711   0.00000000
    6    7
 -0.01856505   0.01921310     0.00000000  -0.00000000     0.00000000  -0.00000000
  0.00000000  -0.00000000    -0.01856505  -0.01921310     0.00000000  -0.00000000
  0.00000000   0.00000000     0.00000000   0.00000000    -0.00357347  -0.00000000
    7    1
 -0.01083565   0.00835335     0.00000000  -0.00000000     0.00000000   0.00000000
  0.00000000   0.00000000    -0.00175525  -0.01356867     0.00000000   0.00000000
  0.00000000   0.00000000     0.00000000   0.00000000    -0.01595518  -0.00660885
    7    2
 -0.00034767  -0.00447878    -0.00000000   0.00000000     0.02890383   0.00000971
 -0.00000000   0.00000000     0.00028618  -0.00006482     0.00000000   0.00000000
  0.00546379  -0.00091324    -0.00000000   0.00000000    -0.00171717   0.00064558
    7    3
  0.00292114  -0.00341282     0.00000000   0.00000000    -0.02043123  -0.02044497
  0.00000000   0.00000000     0.00024820   0.00015652    -0.00000000  -0.00000000
 -0.00450924  -0.00321773    -0.00000000  -0.00000000    -0.00167072  -0.00075773
    7    4
  0.00028618   0.00006482    -0.00000000  -0.00000000     0.00000000  -0.00000000
 -0.00000000  -0.00000000    -0.00034767   0.00447878     0.02890383  -0.00000971
  0.00000000  -0.00000000     0.00546379   0.00091324    -0.00171717  -0.00064558
    7    5
  0.00024820  -0.00015652     0.00000000   0.00000000     0.00000000   0.00000000
  0.00000000  -0.00000000     0.00292114   0.00341282    -0.02043123   0.02044497
 -0.00000000   0.00000000    -0.00450924   0.00321773    -0.00167072   0.00075773
    7    6
 -0.01856505  -0.01921310     0.00000000   0.00000000     0.00000000   0.00000000
  0.00000000   0.00000000    -0.01856505   0.01921310     0.00000000   0.00000000
  0.00000000   0.00000000     0.00000000   0.00000000    -0.00357347   0.00000000
    7    7
  0.03063614   0.00000000     0.00000000  -0.00000000    -0.00000000   0.00000000
  0.00000000   0.00000000     0.03063614  -0.00000000    -0.00000000   0.00000000
 -0.00000000   0.00000000    -0.00000000   0.00000000     0.02075711   0.00000000

     Dynamical  Matrix in cartesian axes

     q = (    0.216506400  -0.000000000   0.000000000 ) 

    1    1
  0.20419218   0.00000000    -0.00000000   0.00000000    -0.00000000   0.00000000
 -0.00000000   0.00000000     0.01407640   0.00000000    -0.00000000   0.00000000
  0.00000000   0.00000000    -0.00000000   0.00000000     0.01407640   0.00000000
    1    2
 -0.01595518   0.00660885     0.00000000  -0.00000000     0.00000000   0.00000000
  0.00000000  -0.00000000    -0.00175525   0.01356867     0.00000000   0.00000000
  0.00000000   0.00000000     0.00000000   0.00000000    -0.01083565  -0.00835335
    1    3
 -0.01595518   0.00660885     0.00000000   0.00000000     0.00000000  -0.00000000
  0.00000000   0.00000000    -0.01083565  -0.00835335     0.00000000  -0.00000000
  0.00000000  -0.00000000     0.00000000  -0.00000000    -0.00175525   0.01356867
    1    4
  0.00304627  -0.00304627    -0.02246363  -0.02246362    -0.00000000  -0.00000000
 -0.01002143  -0.01002142    -0.00283544   0.00283544    -0.00000000  -0.00000000
 -0.00000000   0.00000000    -0.00000000  -0.00000000    -0.00013312   0.00013312
    1    5
  0.00430807  -0.00000000     0.00000000   0.03176836     0.00000000   0.00000000
  0.00000000   0.01417243    -0.00400992  -0.00000000     0.00000000   0.00000000
  0.00000000   0.00000000     0.00000000   0.00000000    -0.00018826   0.00000000
    1    6
  0.00430807  -0.00000000    -0.00000000  -0.00000000     0.00000000   0.03176836
 -0.00000000  -0.00000000    -0.00018826   0.00000000     0.00000000   0.00000000
  0.00000000   0.01417243     0.00000000   0.00000000    -0.00400992   0.00000000
    1    7
  0.00304627  -0.00304627     0.00000000   0.00000000    -0.02246363  -0.02246362
  0.00000000   0.00000000    -0.00013312   0.00013312     0.00000000   0.00000000
 -0.01002143  -0.01002142     0.00000000   0.00000000    -0.00283544   0.00283544
    2    1
 -0.01595518  -0.00660885     0.00000000   0.00000000     0.00000000  -0.00000000
  0.00000000   0.00000000    -0.00175525  -0.01356867     0.00000000  -0.00000000
  0.00000000  -0.00000000     0.00000000  -0.00000000    -0.01083565   0.00835335
    2    2
  0.02075711   0.00000000     0.00000000   0.00000000    -0.00000000  -0.00000000
  0.00000000  -0.00000000     0.03063614  -0.00000000    -0.00000000  -0.00000000
 -0.00000000   0.00000000    -0.00000000   0.00000000     0.03063614   0.00000000
    2    3
 -0.00357347  -0.00000000     0.00000000   0.00000000     0.00000000   0.00000000
  0.00000000  -0.00000000    -0.01856505   0.01921310     0.00000000   0.00000000
  0.00000000   0.00000000     0.00000000   0.00000000    -0.01856505  -0.01921310
    2    4
 -0.00167072   0.00075773    -0.00450924   0.00321773     0.00000000   0.00000000
 -0.02043123   0.02044497     0.00292114   0.00341282     0.00000000   0.00000000
  0.00000000   0.00000000     0.00000000   0.00000000     0.00024820  -0.00015652
    2    5
 -0.00171717  -0.00064558     0.00546379   0.00091324    -0.00000000  -0.00000000
  0.02890383  -0.00000971    -0.00034767   0.00447878     0.00000000  -0.00000000
 -0.00000000  -0.00000000    -0.00000000  -0.00000000     0.00028618   0.00006482
    2    6
 -0.00167072  -0.00075773     0.00000000   0.00000000    -0.00450924  -0.00321773
  0.00000000  -0.00000000     0.00024820   0.00015652    -0.00000000   0.00000000
 -0.02043123  -0.02044497    -0.00000000   0.00000000     0.00292114  -0.00341282
    2    7
 -0.00171717   0.00064558     0.00000000   0.00000000     0.00546379  -0.00091324
 -0.00000000   0.00000000     0.00028618  -0.00006482     0.00000000   0.00000000
  0.02890383   0.00000971    -0.00000000   0.00000000    -0.00034767  -0.00447878
    3    1
 -0.01595518  -0.00660885     0.00000000  -0.00000000    -0.00000000   0.00000000
  0.00000000   0.00000000    -0.01083565   0.00835335     0.00000000   0.00000000
  0.00000000   0.00000000     0.00000000   0.00000000    -0.00175525  -0.01356867
    3    2
 -0.00357347   0.00000000     0.00000000  -0.00000000     0.00000000  -0.00000000
  0.00000000   0.00000000    -0.01856505  -0.01921310     0.00000000  -0.00000000
  0.00000000  -0.00000000     0.00000000  -0.00000000    -0.01856505   0.01921310
    3    3
  0.02075711   0.00000000     0.00000000  -0.00000000    -0.00000000   0.00000000
  0.00000000   0.00000000     0.03063614   0.00000000    -0.00000000   0.00000000
 -0.00000000  -0.00000000    -0.00000000  -0.00000000     0.03063614  -0.00000000
    3    4
 -0.00171717   0.00064558     0.00546379  -0.00091324    -0.00000000   0.00000000
  0.02890383   0.00000971    -0.00034767  -0.00447878     0.00000000   0.00000000
 -0.00000000   0.00000000    -0.00000000   0.00000000     0.00028618  -0.00006482
    3    5
 -0.00167072  -0.00075773    -0.00450924  -0.00321773     0.00000000   0.00000000
 -0.02043123  -0.02044497     0.00292114  -0.00341282     0.00000000   0.00000000
  0.00000000   0.00000000     0.00000000   0.00000000     0.00024820   0.00015652
    3    6
 -0.00171717  -0.00064558     0.00000000  -0.00000000     0.00546379   0.00091324
 -0.00000000  -0.00000000     0.00028618   0.00006482     0.00000000  -0.00000000
  0.02890383  -0.00000971    -0.00000000  -0.00000000    -0.00034767   0.00447878
    3    7
 -0.00167072   0.00075773     0.00000000   0.00000000    -0.00450924   0.00321773
  0.00000000   0.00000000     0.00024820  -0.00015652    -0.00000000   0.00000000
 -0.02043123   0.02044497    -0.00000000   0.00000000     0.00292114   0.00341282
    4    1
  0.00304627   0.00304627    -0.01002143   0.01002142    -0.00000000   0.00000000
 -0.02246363   0.02246362    -0.00283544  -0.00283544     0.00000000   0.00000000
 -0.00000000  -0.00000000     0.00000000   0.00000000    -0.00013312  -0.00013312
    4    2
 -0.00167072  -0.00075773    -0.02043123  -0.02044497    -0.00000000  -0.00000000
 -0.00450924  -0.00321773     0.00292114  -0.00341282    -0.00000000  -0.00000000
 -0.00000000  -0.00000000    -0.00000000  -0.00000000     0.00024820   0.00015652
    4    3
 -0.00171717  -0.00064558     0.02890383  -0.00000971     0.00000000  -0.00000000
  0.00546379   0.00091324    -0.00034767   0.00447878    -0.00000000  -0.00000000
  0.00000000   0.00000000     0.00000000  -0.00000000     0.00028618   0.00006482
    4    4
  0.03542134  -0.00000000    -0.00000000  -0.00390556    -0.00000000   0.00000000
  0.00000000   0.00390556     0.02004310  -0.00000000    -0.00000000   0.00000000
 -0.00000000  -0.00000000    -0.00000000  -0.00000000     0.06913522  -0.00000000
    4    5
 -0.01850720  -0.01850721     0.00447289  -0.00447289     0.00000000   0.00000000
  0.00447289  -0.00447289    -0.00819663  -0.00819663     0.00000000   0.00000000
  0.00000000   0.00000000     0.00000000   0.00000000    -0.04745396  -0.04745398
    4    6
  0.00191392   0.00191392     0.00015779  -0.00015779     0.00082868  -0.00082868
  0.00082868  -0.00082868    -0.00069497  -0.00069497    -0.00745694  -0.00745694
  0.00015779  -0.00015779    -0.04754736  -0.04754738    -0.00069497  -0.00069497
    4    7
  0.00270670   0.00000000    -0.00000000  -0.00022315     0.00000000   0.00117193
 -0.00000000  -0.00117193    -0.00098283   0.00000000     0.01054571  -0.00000000
  0.00000000   0.00022315     0.06724214  -0.00000000    -0.00098283   0.00000000
    5    1
  0.00430807   0.00000000     0.00000000  -0.01417243    -0.00000000  -0.00000000
  0.00000000  -0.03176836    -0.00400992   0.00000000    -0.00000000  -0.00000000
  0.00000000  -0.00000000     0.00000000  -0.00000000    -0.00018826  -0.00000000
    5    2
 -0.00171717   0.00064558     0.02890383   0.00000971     0.00000000   0.00000000
  0.00546379  -0.00091324    -0.00034767  -0.00447878    -0.00000000   0.00000000
  0.00000000   0.00000000     0.00000000  -0.00000000     0.00028618  -0.00006482
    5    3
 -0.00167072   0.00075773    -0.02043123   0.02044497    -0.00000000  -0.00000000
 -0.00450924   0.00321773     0.00292114   0.00341282     0.00000000  -0.00000000
  0.00000000   0.00000000    -0.00000000   0.00000000     0.00024820  -0.00015652
    5    4
 -0.01850720   0.01850721     0.00447289   0.00447289     0.00000000  -0.00000000
  0.00447289   0.00447289    -0.00819663   0.00819663     0.00000000  -0.00000000
  0.00000000  -0.00000000     0.00000000  -0.00000000    -0.04745396   0.04745398
    5    5
  0.03542134   0.00000000    -0.00000000   0.00390556    -0.00000000   0.00000000
  0.00000000  -0.00390556     0.02004310   0.00000000    -0.00000000   0.00000000
 -0.00000000   0.00000000    -0.00000000   0.00000000     0.06913522   0.00000000
    5    6
  0.00270670   0.00000000    -0.00000000   0.00022315     0.00000000  -0.00117193
 -0.00000000   0.00117193    -0.00098283  -0.00000000     0.01054571   0.00000000
  0.00000000  -0.00022315     0.06724214   0.00000000    -0.00098283  -0.00000000
    5    7
  0.00191392  -0.00191392     0.00015779   0.00015779     0.00082868   0.00082868
  0.00082868   0.00082868    -0.00069497   0.00069497    -0.00745694   0.00745694
  0.00015779   0.00015779    -0.04754736   0.04754738    -0.00069497   0.00069497
    6    1
  0.00430807   0.00000000    -0.00000000   0.00000000     0.00000000  -0.01417243
 -0.00000000   0.00000000    -0.00018826  -0.00000000     0.00000000  -0.00000000
  0.00000000  -0.03176836     0.00000000  -0.00000000    -0.00400992   0.00000000
    6    2
 -0.00167072   0.00075773     0.00000000  -0.00000000    -0.02043123   0.02044497
  0.00000000  -0.00000000     0.00024820  -0.00015652     0.00000000   0.00000000
 -0.00450924   0.00321773     0.00000000   0.00000000     0.00292114   0.00341282
    6    3
 -0.00171717   0.00064558    -0.00000000   0.00000000     0.02890383   0.00000971
  0.00000000   0.00000000     0.00028618  -0.00006482     0.00000000   0.00000000
  0.00546379  -0.00091324     0.00000000   0.00000000    -0.00034767  -0.00447878
    6    4
  0.00191392  -0.00191392     0.00082868   0.00082868     0.00015779   0.00015779
  0.00015779   0.00015779    -0.00069497   0.00069497    -0.04754736   0.04754738
  0.00082868   0.00082868    -0.00745694   0.00745694    -0.00069497   0.00069497
    6    5
  0.00270670   0.00000000    -0.00000000  -0.00117193    -0.00000000   0.00022315
 -0.00000000  -0.00022315    -0.00098283   0.00000000     0.06724214  -0.00000000
  0.00000000   0.00117193     0.01054571  -0.00000000    -0.00098283   0.00000000
    6    6
  0.03542134  -0.00000000    -0.00000000  -0.00000000    -0.00000000   0.00390556
 -0.00000000   0.00000000     0.06913522   0.00000000    -0.00000000   0.00000000
 -0.00000000  -0.00390556    -0.00000000  -0.00000000     0.02004310  -0.00000000
    6    7
 -0.01850720   0.01850721     0.00000000  -0.00000000     0.00447289   0.00447289
  0.00000000  -0.00000000    -0.04745396   0.04745398    -0.00000000   0.00000000
  0.00447289   0.00447289     0.00000000   0.00000000    -0.00819663   0.00819663
    7    1
  0.00304627   0.00304627     0.00000000  -0.00000000    -0.01002143   0.01002142
  0.00000000   0.00000000    -0.00013312  -0.00013312    -0.00000000   0.00000000
 -0.02246363   0.02246362    -0.00000000   0.00000000    -0.00283544  -0.00283544
    7    2
 -0.00171717  -0.00064558    -0.00000000   0.00000000     0.02890383  -0.00000971
  0.00000000  -0.00000000     0.00028618   0.00006482     0.00000000  -0.00000000
  0.00546379   0.00091324     0.00000000  -0.00000000    -0.00034767   0.00447878
    7    3
 -0.00167072  -0.00075773     0.00000000   0.00000000    -0.02043123  -0.02044497
  0.00000000   0.00000000     0.00024820   0.00015652     0.00000000   0.00000000
 -0.00450924  -0.00321773     0.00000000  -0.00000000     0.00292114  -0.00341282
    7    4
  0.00270670   0.00000000    -0.00000000   0.00117193    -0.00000000  -0.00022315
 -0.00000000   0.00022315    -0.00098283   0.00000000     0.06724214   0.00000000
 -0.00000000  -0.00117193     0.01054571   0.00000000    -0.00098283  -0.00000000
    7    5
  0.00191392   0.00191392     0.00082868  -0.00082868     0.00015779  -0.00015779
  0.00015779  -0.00015779    -0.00069497  -0.00069497    -0.04754736  -0.04754738
  0.00082868  -0.00082868    -0.00745694  -0.00745694    -0.00069497  -0.00069497
    7    6
 -0.01850720  -0.01850721     0.00000000   0.00000000     0.00447289  -0.00447289
  0.00000000   0.00000000    -0.04745396  -0.04745398    -0.00000000   0.00000000
  0.00447289  -0.00447289     0.00000000   0.00000000    -0.00819663  -0.00819663
    7    7
  0.03542134   0.00000000    -0.00000000   0.00000000    -0.00000000  -0.00390556
 -0.00000000  -0.00000000     0.06913522  -0.00000000    -0.00000000   0.00000000
 -0.00000000   0.00390556    -0.00000000   0.00000000     0.02004310   0.00000000

     Dynamical  Matrix in cartesian axes

     q = (   -0.216506400  -0.000000000  -0.000000000 ) 

    1    1
  0.20419218   0.00000000    -0.00000000   0.00000000    -0.00000000   0.00000000
 -0.00000000   0.00000000     0.01407640   0.00000000     0.00000000   0.00000000
 -0.00000000   0.00000000     0.00000000   0.00000000     0.01407640   0.00000000
    1    2
 -0.01595518  -0.00660885     0.00000000   0.00000000     0.00000000  -0.00000000
  0.00000000   0.00000000    -0.00175525  -0.01356867     0.00000000  -0.00000000
  0.00000000  -0.00000000     0.00000000  -0.00000000    -0.01083565   0.00835335
    1    3
 -0.01595518  -0.00660885     0.00000000  -0.00000000    -0.00000000   0.00000000
  0.00000000  -0.00000000    -0.01083565   0.00835335     0.00000000   0.00000000
 -0.00000000  -0.00000000     0.00000000   0.00000000    -0.00175525  -0.01356867
    1    4
  0.00304627   0.00304627    -0.02246363   0.02246362     0.00000000   0.00000000
 -0.01002143   0.01002142    -0.00283544  -0.00283544     0.00000000  -0.00000000
 -0.00000000   0.00000000     0.00000000  -0.00000000    -0.00013312  -0.00013312
    1    5
  0.00430807   0.00000000     0.00000000  -0.03176836    -0.00000000   0.00000000
  0.00000000  -0.01417243    -0.00400992   0.00000000    -0.00000000   0.00000000
 -0.00000000   0.00000000    -0.00000000   0.00000000    -0.00018826   0.00000000
    1    6
  0.00430807   0.00000000    -0.00000000   0.00000000     0.00000000  -0.03176836
 -0.00000000   0.00000000    -0.00018826  -0.00000000     0.00000000  -0.00000000
  0.00000000  -0.01417243     0.00000000  -0.00000000    -0.00400992   0.00000000
    1    7
  0.00304627   0.00304627     0.00000000  -0.00000000    -0.02246363   0.02246362
  0.00000000  -0.00000000    -0.00013312  -0.00013312     0.00000000  -0.00000000
 -0.01002143   0.01002142     0.00000000  -0.00000000    -0.00283544  -0.00283544
    2    1
 -0.01595518   0.00660885     0.00000000   0.00000000     0.00000000   0.00000000
 -0.00000000  -0.00000000    -0.00175525   0.01356867     0.00000000   0.00000000
  0.00000000   0.00000000    -0.00000000   0.00000000    -0.01083565  -0.00835335
    2    2
  0.02075711   0.00000000     0.00000000  -0.00000000     0.00000000   0.00000000
  0.00000000  -0.00000000     0.03063614   0.00000000     0.00000000   0.00000000
 -0.00000000   0.00000000    -0.00000000   0.00000000     0.03063614  -0.00000000
    2    3
 -0.00357347  -0.00000000     0.00000000   0.00000000     0.00000000  -0.00000000
  0.00000000  -0.00000000    -0.01856505  -0.01921310     0.00000000  -0.00000000
  0.00000000  -0.00000000     0.00000000  -0.00000000    -0.01856505   0.01921310
    2    4
 -0.00167072  -0.00075773    -0.00450924  -0.00321773     0.00000000  -0.00000000
 -0.02043123  -0.02044497     0.00292114  -0.00341282     0.00000000  -0.00000000
  0.00000000  -0.00000000     0.00000000  -0.00000000     0.00024820   0.00015652
    2    5
 -0.00171717   0.00064558     0.00546379  -0.00091324     0.00000000   0.00000000
  0.02890383   0.00000971    -0.00034767  -0.00447878    -0.00000000   0.00000000
 -0.00000000   0.00000000    -0.00000000   0.00000000     0.00028618  -0.00006482
    2    6
 -0.00167072   0.00075773     0.00000000   0.00000000    -0.00450924   0.00321773
  0.00000000  -0.00000000     0.00024820  -0.00015652     0.00000000   0.00000000
 -0.02043123   0.02044497     0.00000000   0.00000000     0.00292114   0.00341282
    2    7
 -0.00171717  -0.00064558    -0.00000000   0.00000000     0.00546379   0.00091324
 -0.00000000  -0.00000000     0.00028618   0.00006482    -0.00000000  -0.00000000
  0.02890383  -0.00000971    -0.00000000  -0.00000000    -0.00034767   0.00447878
    3    1
 -0.01595518   0.00660885     0.00000000   0.00000000     0.00000000  -0.00000000
  0.00000000   0.00000000    -0.01083565  -0.00835335     0.00000000  -0.00000000
 -0.00000000  -0.00000000     0.00000000  -0.00000000    -0.00175525   0.01356867
    3    2
 -0.00357347   0.00000000     0.00000000  -0.00000000     0.00000000   0.00000000
  0.00000000   0.00000000    -0.01856505   0.01921310     0.00000000   0.00000000
  0.00000000   0.00000000     0.00000000   0.00000000    -0.01856505  -0.01921310
    3    3
  0.02075711   0.00000000     0.00000000   0.00000000     0.00000000  -0.00000000
  0.00000000   0.00000000     0.03063614  -0.00000000     0.00000000  -0.00000000
 -0.00000000  -0.00000000    -0.00000000  -0.00000000     0.03063614   0.00000000
    3    4
 -0.00171717  -0.00064558     0.00546379   0.00091324     0.00000000  -0.00000000
  0.02890383  -0.00000971    -0.00034767   0.00447878    -0.00000000  -0.00000000
 -0.00000000  -0.00000000    -0.00000000  -0.00000000     0.00028618   0.00006482
    3    5
 -0.00167072   0.00075773    -0.00450924   0.00321773     0.00000000   0.00000000
 -0.02043123   0.02044497     0.00292114   0.00341282     0.00000000   0.00000000
  0.00000000   0.00000000     0.00000000   0.00000000     0.00024820  -0.00015652
    3    6
 -0.00171717   0.00064558     0.00000000   0.00000000     0.00546379  -0.00091324
 -0.00000000   0.00000000     0.00028618  -0.00006482    -0.00000000   0.00000000
  0.02890383   0.00000971     0.00000000   0.00000000    -0.00034767  -0.00447878
    3    7
 -0.00167072  -0.00075773     0.00000000   0.00000000    -0.00450924  -0.00321773
  0.00000000   0.00000000     0.00024820   0.00015652     0.00000000   0.00000000
 -0.02043123  -0.02044497     0.00000000   0.00000000     0.00292114  -0.00341282
    4    1
  0.00304627  -0.00304627    -0.01002143  -0.01002142     0.00000000  -0.00000000
 -0.02246363  -0.02246362    -0.00283544   0.00283544    -0.00000000  -0.00000000
  0.00000000  -0.00000000    -0.00000000   0.00000000    -0.00013312   0.00013312
    4    2
 -0.00167072   0.00075773    -0.02043123   0.02044497     0.00000000   0.00000000
 -0.00450924   0.00321773     0.00292114   0.00341282     0.00000000   0.00000000
 -0.00000000   0.00000000    -0.00000000   0.00000000     0.00024820  -0.00015652
    4    3
 -0.00171717   0.00064558     0.02890383   0.00000971    -0.00000000   0.00000000
  0.00546379  -0.00091324    -0.00034767  -0.00447878     0.00000000   0.00000000
  0.00000000   0.00000000     0.00000000   0.00000000     0.00028618  -0.00006482
    4    4
  0.03542134   0.00000000     0.00000000   0.00390556    -0.00000000   0.00000000
  0.00000000  -0.00390556     0.02004310   0.00000000    -0.00000000   0.00000000
 -0.00000000   0.00000000    -0.00000000   0.00000000     0.06913522   0.00000000
    4    5
 -0.01850720   0.01850721     0.00447289   0.00447289     0.00000000  -0.00000000
  0.00447289   0.00447289    -0.00819663   0.00819663     0.00000000  -0.00000000
  0.00000000  -0.00000000     0.00000000  -0.00000000    -0.04745396   0.04745398
    4    6
  0.00191392  -0.00191392     0.00015779   0.00015779     0.00082868   0.00082868
  0.00082868   0.00082868    -0.00069497   0.00069497    -0.00745694   0.00745694
  0.00015779   0.00015779    -0.04754736   0.04754738    -0.00069497   0.00069497
    4    7
  0.00270670  -0.00000000    -0.00000000   0.00022315     0.00000000  -0.00117193
  0.00000000   0.00117193    -0.00098283  -0.00000000     0.01054571  -0.00000000
 -0.00000000  -0.00022315     0.06724214  -0.00000000    -0.00098283   0.00000000
    5    1
  0.00430807  -0.00000000     0.00000000   0.01417243    -0.00000000   0.00000000
  0.00000000   0.03176836    -0.00400992   0.00000000    -0.00000000   0.00000000
 -0.00000000  -0.00000000    -0.00000000  -0.00000000    -0.00018826   0.00000000
    5    2
 -0.00171717  -0.00064558     0.02890383  -0.00000971     0.00000000  -0.00000000
  0.00546379   0.00091324    -0.00034767   0.00447878     0.00000000  -0.00000000
  0.00000000  -0.00000000     0.00000000  -0.00000000     0.00028618   0.00006482
    5    3
 -0.00167072  -0.00075773    -0.02043123  -0.02044497     0.00000000  -0.00000000
 -0.00450924  -0.00321773     0.00292114  -0.00341282     0.00000000   0.00000000
  0.00000000   0.00000000     0.00000000  -0.00000000     0.00024820   0.00015652
    5    4
 -0.01850720  -0.01850721     0.00447289  -0.00447289     0.00000000   0.00000000
  0.00447289  -0.00447289    -0.00819663  -0.00819663     0.00000000   0.00000000
  0.00000000   0.00000000     0.00000000   0.00000000    -0.04745396  -0.04745398
    5    5
  0.03542134  -0.00000000     0.00000000  -0.00390556    -0.00000000  -0.00000000
  0.00000000   0.00390556     0.02004310  -0.00000000    -0.00000000  -0.00000000
 -0.00000000   0.00000000    -0.00000000   0.00000000     0.06913522  -0.00000000
    5    6
  0.00270670   0.00000000    -0.00000000  -0.00022315    -0.00000000   0.00117193
 -0.00000000  -0.00117193    -0.00098283   0.00000000     0.01054571   0.00000000
 -0.00000000   0.00022315     0.06724214   0.00000000    -0.00098283  -0.00000000
    5    7
  0.00191392   0.00191392     0.00015779  -0.00015779     0.00082868  -0.00082868
  0.00082868  -0.00082868    -0.00069497  -0.00069497    -0.00745694  -0.00745694
  0.00015779  -0.00015779    -0.04754736  -0.04754738    -0.00069497  -0.00069497
    6    1
  0.00430807  -0.00000000    -0.00000000  -0.00000000     0.00000000   0.01417243
 -0.00000000  -0.00000000    -0.00018826   0.00000000     0.00000000   0.00000000
  0.00000000   0.03176836     0.00000000   0.00000000    -0.00400992   0.00000000
    6    2
 -0.00167072  -0.00075773     0.00000000   0.00000000    -0.02043123  -0.02044497
  0.00000000   0.00000000     0.00024820   0.00015652     0.00000000   0.00000000
 -0.00450924  -0.00321773    -0.00000000   0.00000000     0.00292114  -0.00341282
    6    3
 -0.00171717  -0.00064558    -0.00000000  -0.00000000     0.02890383  -0.00000971
  0.00000000  -0.00000000     0.00028618   0.00006482     0.00000000  -0.00000000
  0.00546379   0.00091324     0.00000000  -0.00000000    -0.00034767   0.00447878
    6    4
  0.00191392   0.00191392     0.00082868  -0.00082868     0.00015779  -0.00015779
  0.00015779  -0.00015779    -0.00069497  -0.00069497    -0.04754736  -0.04754738
  0.00082868  -0.00082868    -0.00745694  -0.00745694    -0.00069497  -0.00069497
    6    5
  0.00270670   0.00000000    -0.00000000   0.00117193     0.00000000  -0.00022315
 -0.00000000   0.00022315    -0.00098283  -0.00000000     0.06724214  -0.00000000
 -0.00000000  -0.00117193     0.01054571  -0.00000000    -0.00098283   0.00000000
    6    6
  0.03542134   0.00000000     0.00000000   0.00000000    -0.00000000  -0.00390556
  0.00000000   0.00000000     0.06913522  -0.00000000    -0.00000000   0.00000000
 -0.00000000   0.00390556    -0.00000000  -0.00000000     0.02004310   0.00000000
    6    7
 -0.01850720  -0.01850721     0.00000000   0.00000000     0.00447289  -0.00447289
  0.00000000   0.00000000    -0.04745396  -0.04745398    -0.00000000   0.00000000
  0.00447289  -0.00447289    -0.00000000  -0.00000000    -0.00819663  -0.00819663
    7    1
  0.00304627  -0.00304627     0.00000000   0.00000000    -0.01002143  -0.01002142
  0.00000000   0.00000000    -0.00013312   0.00013312    -0.00000000  -0.00000000
 -0.02246363  -0.02246362    -0.00000000   0.00000000    -0.00283544   0.00283544
    7    2
 -0.00171717   0.00064558    -0.00000000   0.00000000     0.02890383   0.00000971
  0.00000000   0.00000000     0.00028618  -0.00006482     0.00000000   0.00000000
  0.00546379  -0.00091324     0.00000000   0.00000000    -0.00034767  -0.00447878
    7    3
 -0.00167072   0.00075773     0.00000000  -0.00000000    -0.02043123   0.02044497
  0.00000000  -0.00000000     0.00024820  -0.00015652     0.00000000  -0.00000000
 -0.00450924   0.00321773     0.00000000   0.00000000     0.00292114   0.00341282
    7    4
  0.00270670   0.00000000    -0.00000000  -0.00117193     0.00000000   0.00022315
 -0.00000000  -0.00022315    -0.00098283   0.00000000     0.06724214   0.00000000
 -0.00000000   0.00117193     0.01054571   0.00000000    -0.00098283  -0.00000000
    7    5
  0.00191392  -0.00191392     0.00082868   0.00082868     0.00015779   0.00015779
  0.00015779   0.00015779    -0.00069497   0.00069497    -0.04754736   0.04754738
  0.00082868   0.00082868    -0.00745694   0.00745694    -0.00069497   0.00069497
    7    6
 -0.01850720   0.01850721     0.00000000   0.00000000     0.00447289   0.00447289
  0.00000000  -0.00000000    -0.04745396   0.04745398    -0.00000000  -0.00000000
  0.00447289   0.00447289    -0.00000000   0.00000000    -0.00819663   0.00819663
    7    7
  0.03542134  -0.00000000     0.00000000  -0.00000000    -0.00000000   0.00390556
  0.00000000  -0.00000000     0.06913522   0.00000000    -0.00000000  -0.00000000
 -0.00000000  -0.00390556    -0.00000000   0.00000000     0.02004310  -0.00000000

     Dynamical  Matrix in cartesian axes

     q = (   -0.000000000   0.216506400   0.000000000 ) 

    1    1
  0.01407640   0.00000000    -0.00000000   0.00000000    -0.00000000   0.00000000
 -0.00000000   0.00000000     0.20419218   0.00000000    -0.00000000   0.00000000
 -0.00000000   0.00000000     0.00000000   0.00000000     0.01407640   0.00000000
    1    2
 -0.00400992  -0.00000000     0.00000000   0.01417243     0.00000000   0.00000000
  0.00000000   0.03176836     0.00430807  -0.00000000     0.00000000  -0.00000000
  0.00000000   0.00000000     0.00000000   0.00000000    -0.00018826   0.00000000
    1    3
 -0.00283544   0.00283544    -0.01002143  -0.01002142     0.00000000  -0.00000000
 -0.02246363  -0.02246362     0.00304627  -0.00304627     0.00000000  -0.00000000
  0.00000000  -0.00000000     0.00000000  -0.00000000    -0.00013312   0.00013312
    1    4
 -0.01083565  -0.00835335    -0.00000000   0.00000000    -0.00000000  -0.00000000
  0.00000000  -0.00000000    -0.01595518   0.00660885     0.00000000  -0.00000000
 -0.00000000  -0.00000000    -0.00000000  -0.00000000    -0.00175525   0.01356867
    1    5
 -0.00175525   0.01356867    -0.00000000  -0.00000000     0.00000000   0.00000000
  0.00000000  -0.00000000    -0.01595518   0.00660885     0.00000000   0.00000000
 -0.00000000  -0.00000000     0.00000000   0.00000000    -0.01083565  -0.00835335
    1    6
 -0.00013312   0.00013312     0.00000000   0.00000000     0.00000000   0.00000000
  0.00000000   0.00000000     0.00304627  -0.00304627    -0.02246363  -0.02246362
  0.00000000   0.00000000    -0.01002143  -0.01002142    -0.00283544   0.00283544
    1    7
 -0.00018826   0.00000000     0.00000000   0.00000000     0.00000000   0.00000000
 -0.00000000   0.00000000     0.00430807  -0.00000000     0.00000000   0.03176836
