  4.000000000000000E-002   1.25994432394592        2.39890022168420     
           6

     Dynamical  Matrix in cartesian axes

     q = (   -0.433012700  -0.433012700   0.000000000 ) 

    1    1
  0.14996886   0.00000000     0.07546149   0.00000000    -0.00000000   0.00000000
  0.07546149   0.00000000     0.14996886   0.00000000    -0.00000000   0.00000000
 -0.00000000   0.00000000    -0.00000000   0.00000000     0.04791855   0.00000000
    1    2
 -0.03509283   0.00000000     0.02297322  -0.00000000    -0.00000000   0.00000000
 -0.00717731   0.00000000     0.02917562  -0.00000000    -0.00000000   0.00000000
  0.00000000   0.00000000     0.00000000  -0.00000000    -0.01376570   0.00000000
    1    3
  0.03509283  -0.00000000    -0.02297322   0.00000000    -0.00000000   0.00000000
  0.00717731  -0.00000000    -0.02917562   0.00000000     0.00000000   0.00000000
 -0.00000000   0.00000000    -0.00000000   0.00000000     0.01376570  -0.00000000
    1    4
 -0.02917562   0.00000000     0.00717731  -0.00000000    -0.00000000   0.00000000
 -0.02297322   0.00000000     0.03509283  -0.00000000    -0.00000000   0.00000000
 -0.00000000  -0.00000000    -0.00000000   0.00000000     0.01376570  -0.00000000
    1    5
  0.02917562  -0.00000000    -0.00717731   0.00000000     0.00000000   0.00000000
  0.02297322  -0.00000000    -0.03509283   0.00000000     0.00000000   0.00000000
  0.00000000  -0.00000000     0.00000000   0.00000000    -0.01376570   0.00000000
    1    6
 -0.00000000  -0.00000000    -0.00000000   0.00000000     0.00962521  -0.00000000
 -0.00000000   0.00000000     0.00000000  -0.00000000    -0.00962521   0.00000000
  0.01907110  -0.00000000    -0.01907110   0.00000000    -0.00000000   0.00000000
    1    7
 -0.00000000  -0.00000000     0.00000000   0.00000000    -0.00962521   0.00000000
 -0.00000000   0.00000000     0.00000000  -0.00000000     0.00962521  -0.00000000
 -0.01907110   0.00000000     0.01907110  -0.00000000     0.00000000   0.00000000
    2    1
 -0.03509283  -0.00000000    -0.00717731  -0.00000000     0.00000000  -0.00000000
  0.02297322   0.00000000     0.02917562   0.00000000     0.00000000   0.00000000
 -0.00000000  -0.00000000    -0.00000000  -0.00000000    -0.01376570  -0.00000000
    2    2
  0.06768197   0.00000000     0.01396978   0.00000000    -0.00000000   0.00000000
  0.01396978   0.00000000     0.08815590   0.00000000    -0.00000000   0.00000000
 -0.00000000   0.00000000    -0.00000000   0.00000000     0.03219568   0.00000000
    2    3
  0.00754112   0.00000000     0.02267895   0.00000000     0.00000000   0.00000000
  0.02267895   0.00000000     0.04182689   0.00000000     0.00000000   0.00000000
  0.00000000   0.00000000     0.00000000   0.00000000    -0.02402960   0.00000000
    2    4
  0.03967036   0.00000000     0.03639925   0.00000000    -0.00000000   0.00000000
  0.05454112   0.00000000     0.03967036   0.00000000    -0.00000000   0.00000000
 -0.00000000   0.00000000    -0.00000000   0.00000000     0.01306039   0.00000000
    2    5
 -0.00725046   0.00000000     0.02955118   0.00000000     0.00000000   0.00000000
  0.07162906   0.00000000    -0.00725046   0.00000000     0.00000000   0.00000000
  0.00000000   0.00000000     0.00000000   0.00000000    -0.01198472   0.00000000
    2    6
 -0.02051688   0.00000000    -0.01427099   0.00000000    -0.01079747   0.00000000
 -0.00739589   0.00000000    -0.00443097   0.00000000    -0.00565815   0.00000000
 -0.02651011   0.00000000    -0.01097459   0.00000000    -0.00389085   0.00000000
    2    7
 -0.02051688   0.00000000    -0.01427099   0.00000000     0.01079747   0.00000000
 -0.00739589   0.00000000    -0.00443097   0.00000000     0.00565815   0.00000000
  0.02651011   0.00000000     0.01097459   0.00000000    -0.00389085   0.00000000
    3    1
  0.03509283   0.00000000     0.00717731   0.00000000    -0.00000000  -0.00000000
 -0.02297322  -0.00000000    -0.02917562  -0.00000000    -0.00000000  -0.00000000
 -0.00000000  -0.00000000    -0.00000000   0.00000000     0.01376570   0.00000000
    3    2
  0.00754112   0.00000000     0.02267895   0.00000000     0.00000000   0.00000000
  0.02267895   0.00000000     0.04182689   0.00000000     0.00000000   0.00000000
  0.00000000   0.00000000     0.00000000   0.00000000    -0.02402960   0.00000000
    3    3
  0.06768197   0.00000000     0.01396978   0.00000000    -0.00000000   0.00000000
  0.01396978   0.00000000     0.08815590   0.00000000    -0.00000000   0.00000000
 -0.00000000   0.00000000    -0.00000000   0.00000000     0.03219568   0.00000000
    3    4
 -0.00725046   0.00000000     0.02955118   0.00000000     0.00000000   0.00000000
  0.07162906   0.00000000    -0.00725046   0.00000000     0.00000000   0.00000000
  0.00000000   0.00000000    -0.00000000   0.00000000    -0.01198472   0.00000000
    3    5
  0.03967036   0.00000000     0.03639925   0.00000000    -0.00000000   0.00000000
  0.05454112   0.00000000     0.03967036   0.00000000    -0.00000000   0.00000000
 -0.00000000   0.00000000    -0.00000000   0.00000000     0.01306039   0.00000000
    3    6
 -0.02051688   0.00000000    -0.01427099   0.00000000     0.01079747   0.00000000
 -0.00739589   0.00000000    -0.00443097   0.00000000     0.00565815   0.00000000
  0.02651011   0.00000000     0.01097459   0.00000000    -0.00389085   0.00000000
    3    7
 -0.02051688   0.00000000    -0.01427099   0.00000000    -0.01079747   0.00000000
 -0.00739589   0.00000000    -0.00443097   0.00000000    -0.00565815   0.00000000
 -0.02651011   0.00000000    -0.01097459   0.00000000    -0.00389085   0.00000000
    4    1
 -0.02917562  -0.00000000    -0.02297322  -0.00000000    -0.00000000   0.00000000
  0.00717731   0.00000000     0.03509283   0.00000000    -0.00000000  -0.00000000
 -0.00000000  -0.00000000     0.00000000  -0.00000000     0.01376570   0.00000000
    4    2
  0.03967036   0.00000000     0.05454112   0.00000000    -0.00000000   0.00000000
  0.03639925   0.00000000     0.03967036   0.00000000    -0.00000000   0.00000000
  0.00000000   0.00000000     0.00000000   0.00000000     0.01306039   0.00000000
    4    3
 -0.00725046   0.00000000     0.07162906   0.00000000    -0.00000000   0.00000000
  0.02955118   0.00000000    -0.00725046   0.00000000     0.00000000   0.00000000
 -0.00000000   0.00000000     0.00000000   0.00000000    -0.01198472   0.00000000
    4    4
  0.08815590   0.00000000     0.01396978   0.00000000    -0.00000000   0.00000000
  0.01396978   0.00000000     0.06768197   0.00000000    -0.00000000   0.00000000
 -0.00000000   0.00000000    -0.00000000   0.00000000     0.03219568   0.00000000
    4    5
  0.04182689   0.00000000     0.02267895   0.00000000     0.00000000   0.00000000
  0.02267895   0.00000000     0.00754112   0.00000000     0.00000000   0.00000000
  0.00000000   0.00000000     0.00000000   0.00000000    -0.02402960   0.00000000
    4    6
 -0.00443097   0.00000000    -0.00739589   0.00000000    -0.00565815   0.00000000
 -0.01427099   0.00000000    -0.02051688   0.00000000    -0.01079747   0.00000000
 -0.01097459   0.00000000    -0.02651011   0.00000000    -0.00389085   0.00000000
    4    7
 -0.00443097   0.00000000    -0.00739589   0.00000000     0.00565815   0.00000000
 -0.01427099   0.00000000    -0.02051688   0.00000000     0.01079747   0.00000000
  0.01097459   0.00000000     0.02651011   0.00000000    -0.00389085   0.00000000
    5    1
  0.02917562   0.00000000     0.02297322   0.00000000     0.00000000   0.00000000
 -0.00717731  -0.00000000    -0.03509283  -0.00000000     0.00000000  -0.00000000
  0.00000000  -0.00000000    -0.00000000  -0.00000000    -0.01376570  -0.00000000
    5    2
 -0.00725046   0.00000000     0.07162906   0.00000000     0.00000000   0.00000000
  0.02955118   0.00000000    -0.00725046   0.00000000     0.00000000   0.00000000
  0.00000000   0.00000000    -0.00000000   0.00000000    -0.01198472   0.00000000
    5    3
  0.03967036   0.00000000     0.05454112   0.00000000    -0.00000000   0.00000000
  0.03639925   0.00000000     0.03967036   0.00000000    -0.00000000   0.00000000
 -0.00000000   0.00000000    -0.00000000   0.00000000     0.01306039   0.00000000
    5    4
  0.04182689   0.00000000     0.02267895   0.00000000     0.00000000   0.00000000
  0.02267895   0.00000000     0.00754112   0.00000000     0.00000000   0.00000000
  0.00000000   0.00000000     0.00000000   0.00000000    -0.02402960   0.00000000
    5    5
  0.08815590   0.00000000     0.01396978   0.00000000    -0.00000000   0.00000000
  0.01396978   0.00000000     0.06768197   0.00000000    -0.00000000   0.00000000
  0.00000000   0.00000000    -0.00000000   0.00000000     0.03219568   0.00000000
    5    6
 -0.00443097   0.00000000    -0.00739589   0.00000000     0.00565815   0.00000000
 -0.01427099   0.00000000    -0.02051688   0.00000000     0.01079747   0.00000000
  0.01097459   0.00000000     0.02651011   0.00000000    -0.00389085   0.00000000
    5    7
 -0.00443097   0.00000000    -0.00739589   0.00000000    -0.00565815   0.00000000
 -0.01427099   0.00000000    -0.02051688   0.00000000    -0.01079747   0.00000000
 -0.01097459   0.00000000    -0.02651011   0.00000000    -0.00389085   0.00000000
    6    1
 -0.00000000   0.00000000     0.00000000  -0.00000000     0.01907110   0.00000000
  0.00000000  -0.00000000     0.00000000   0.00000000    -0.01907110  -0.00000000
  0.00962521   0.00000000    -0.00962521  -0.00000000     0.00000000  -0.00000000
    6    2
 -0.02051688   0.00000000    -0.00739589   0.00000000    -0.02651011   0.00000000
 -0.01427099   0.00000000    -0.00443097   0.00000000    -0.01097459   0.00000000
 -0.01079747   0.00000000    -0.00565815   0.00000000    -0.00389085   0.00000000
    6    3
 -0.02051688   0.00000000    -0.00739589   0.00000000     0.02651011   0.00000000
 -0.01427099   0.00000000    -0.00443097   0.00000000     0.01097459   0.00000000
  0.01079747   0.00000000     0.00565815   0.00000000    -0.00389085   0.00000000
    6    4
 -0.00443097   0.00000000    -0.01427099   0.00000000    -0.01097459   0.00000000
 -0.00739589   0.00000000    -0.02051688   0.00000000    -0.02651011   0.00000000
 -0.00565815   0.00000000    -0.01079747   0.00000000    -0.00389085   0.00000000
    6    5
 -0.00443097   0.00000000    -0.01427099   0.00000000     0.01097459   0.00000000
 -0.00739589   0.00000000    -0.02051688   0.00000000     0.02651011   0.00000000
  0.00565815   0.00000000     0.01079747   0.00000000    -0.00389085   0.00000000
    6    6
  0.04784497   0.00000000     0.01720551   0.00000000    -0.00000000   0.00000000
  0.01720551   0.00000000     0.04784497   0.00000000    -0.00000000   0.00000000
 -0.00000000   0.00000000    -0.00000000   0.00000000     0.01761264   0.00000000
    6    7
 -0.01200516   0.00000000    -0.00095916   0.00000000    -0.00000000   0.00000000
 -0.00095916   0.00000000    -0.01200516   0.00000000     0.00000000   0.00000000
  0.00000000   0.00000000    -0.00000000   0.00000000     0.00142993   0.00000000
    7    1
  0.00000000   0.00000000     0.00000000  -0.00000000    -0.01907110  -0.00000000
 -0.00000000  -0.00000000     0.00000000   0.00000000     0.01907110   0.00000000
 -0.00962521  -0.00000000     0.00962521   0.00000000     0.00000000  -0.00000000
    7    2
 -0.02051688   0.00000000    -0.00739589   0.00000000     0.02651011   0.00000000
 -0.01427099   0.00000000    -0.00443097   0.00000000     0.01097459   0.00000000
  0.01079747   0.00000000     0.00565815   0.00000000    -0.00389085   0.00000000
    7    3
 -0.02051688   0.00000000    -0.00739589   0.00000000    -0.02651011   0.00000000
 -0.01427099   0.00000000    -0.00443097   0.00000000    -0.01097459   0.00000000
 -0.01079747   0.00000000    -0.00565815   0.00000000    -0.00389085   0.00000000
    7    4
 -0.00443097   0.00000000    -0.01427099   0.00000000     0.01097459   0.00000000
 -0.00739589   0.00000000    -0.02051688   0.00000000     0.02651011   0.00000000
  0.00565815   0.00000000     0.01079747   0.00000000    -0.00389085   0.00000000
    7    5
 -0.00443097   0.00000000    -0.01427099   0.00000000    -0.01097459   0.00000000
 -0.00739589   0.00000000    -0.02051688   0.00000000    -0.02651011   0.00000000
 -0.00565815   0.00000000    -0.01079747   0.00000000    -0.00389085   0.00000000
    7    6
 -0.01200516   0.00000000    -0.00095916   0.00000000     0.00000000   0.00000000
 -0.00095916   0.00000000    -0.01200516   0.00000000    -0.00000000   0.00000000
 -0.00000000   0.00000000     0.00000000   0.00000000     0.00142993   0.00000000
    7    7
  0.04784497   0.00000000     0.01720551   0.00000000    -0.00000000   0.00000000
  0.01720551   0.00000000     0.04784497   0.00000000     0.00000000   0.00000000
 -0.00000000   0.00000000     0.00000000   0.00000000     0.01761264   0.00000000

     Dynamical  Matrix in cartesian axes

     q = (    0.000000000   0.433012700  -0.433012700 ) 

    1    1
  0.04791855   0.00000000     0.00000000   0.00000000    -0.00000000   0.00000000
  0.00000000   0.00000000     0.14996886   0.00000000    -0.07546149   0.00000000
 -0.00000000   0.00000000    -0.07546149   0.00000000     0.14996886   0.00000000
    1    2
  0.00000000   0.00000000    -0.01907110   0.00000000    -0.01907110   0.00000000
 -0.00962521   0.00000000     0.00000000  -0.00000000     0.00000000  -0.00000000
 -0.00962521   0.00000000    -0.00000000  -0.00000000    -0.00000000  -0.00000000
    1    3
  0.00000000  -0.00000000    -0.01907110  -0.00000000    -0.01907110  -0.00000000
 -0.00962521  -0.00000000     0.00000000   0.00000000    -0.00000000  -0.00000000
 -0.00962521  -0.00000000    -0.00000000   0.00000000     0.00000000  -0.00000000
    1    4
 -0.01376570  -0.00000000     0.00000000   0.00000000     0.00000000   0.00000000
  0.00000000   0.00000000    -0.03509283  -0.00000000    -0.02297322  -0.00000000
 -0.00000000  -0.00000000     0.00717731   0.00000000     0.02917562   0.00000000
    1    5
 -0.01376570   0.00000000     0.00000000   0.00000000    -0.00000000   0.00000000
  0.00000000   0.00000000    -0.03509283   0.00000000    -0.02297322   0.00000000
 -0.00000000  -0.00000000     0.00717731  -0.00000000     0.02917562  -0.00000000
    1    6
 -0.01376570  -0.00000000     0.00000000  -0.00000000     0.00000000  -0.00000000
  0.00000000   0.00000000     0.02917562   0.00000000     0.00717731   0.00000000
  0.00000000  -0.00000000    -0.02297322  -0.00000000    -0.03509283  -0.00000000
    1    7
 -0.01376570   0.00000000     0.00000000   0.00000000     0.00000000   0.00000000
 -0.00000000  -0.00000000     0.02917562  -0.00000000     0.00717731  -0.00000000
  0.00000000   0.00000000    -0.02297322   0.00000000    -0.03509283   0.00000000
    2    1
  0.00000000  -0.00000000    -0.00962521  -0.00000000    -0.00962521  -0.00000000
 -0.01907110  -0.00000000     0.00000000   0.00000000     0.00000000   0.00000000
 -0.01907110  -0.00000000     0.00000000   0.00000000     0.00000000   0.00000000
    2    2
  0.01761264   0.00000000     0.00000000   0.00000000    -0.00000000   0.00000000
 -0.00000000   0.00000000     0.04784497   0.00000000    -0.01720551   0.00000000
 -0.00000000   0.00000000    -0.01720551   0.00000000     0.04784497   0.00000000
    2    3
 -0.00142993  -0.00000000     0.00000000   0.00000000    -0.00000000  -0.00000000
  0.00000000   0.00000000     0.01200516   0.00000000    -0.00095916  -0.00000000
 -0.00000000  -0.00000000    -0.00095916  -0.00000000     0.01200516   0.00000000
    2    4
  0.00389085   0.00000000     0.01079747   0.00000000    -0.00565815  -0.00000000
  0.02651011   0.00000000     0.02051688   0.00000000    -0.00739589  -0.00000000
 -0.01097459  -0.00000000    -0.01427099  -0.00000000     0.00443097   0.00000000
    2    5
 -0.00389085   0.00000000     0.01079747  -0.00000000    -0.00565815   0.00000000
  0.02651011  -0.00000000    -0.02051688   0.00000000     0.00739589  -0.00000000
 -0.01097459   0.00000000     0.01427099  -0.00000000    -0.00443097   0.00000000
    2    6
  0.00389085   0.00000000    -0.00565815  -0.00000000     0.01079747   0.00000000
 -0.01097459  -0.00000000     0.00443097   0.00000000    -0.01427099  -0.00000000
  0.02651011   0.00000000    -0.00739589  -0.00000000     0.02051688   0.00000000
    2    7
 -0.00389085   0.00000000    -0.00565815   0.00000000     0.01079747  -0.00000000
 -0.01097459   0.00000000    -0.00443097   0.00000000     0.01427099  -0.00000000
  0.02651011  -0.00000000     0.00739589  -0.00000000    -0.02051688   0.00000000
    3    1
  0.00000000   0.00000000    -0.00962521   0.00000000    -0.00962521   0.00000000
 -0.01907110   0.00000000     0.00000000  -0.00000000     0.00000000  -0.00000000
 -0.01907110   0.00000000     0.00000000   0.00000000     0.00000000   0.00000000
    3    2
 -0.00142993   0.00000000     0.00000000  -0.00000000    -0.00000000   0.00000000
  0.00000000  -0.00000000     0.01200516  -0.00000000    -0.00095916   0.00000000
 -0.00000000   0.00000000    -0.00095916   0.00000000     0.01200516  -0.00000000
    3    3
  0.01761264   0.00000000     0.00000000   0.00000000    -0.00000000   0.00000000
  0.00000000   0.00000000     0.04784497   0.00000000    -0.01720551   0.00000000
 -0.00000000   0.00000000    -0.01720551   0.00000000     0.04784497   0.00000000
    3    4
 -0.00389085   0.00000000     0.01079747  -0.00000000    -0.00565815   0.00000000
  0.02651011  -0.00000000    -0.02051688   0.00000000     0.00739589  -0.00000000
 -0.01097459   0.00000000     0.01427099  -0.00000000    -0.00443097   0.00000000
    3    5
  0.00389085  -0.00000000     0.01079747  -0.00000000    -0.00565815   0.00000000
  0.02651011  -0.00000000     0.02051688  -0.00000000    -0.00739589   0.00000000
 -0.01097459   0.00000000    -0.01427099   0.00000000     0.00443097  -0.00000000
    3    6
 -0.00389085   0.00000000    -0.00565815   0.00000000     0.01079747  -0.00000000
 -0.01097459   0.00000000    -0.00443097   0.00000000     0.01427099  -0.00000000
  0.02651011  -0.00000000     0.00739589  -0.00000000    -0.02051688   0.00000000
    3    7
  0.00389085  -0.00000000    -0.00565815   0.00000000     0.01079747  -0.00000000
 -0.01097459   0.00000000     0.00443097  -0.00000000    -0.01427099   0.00000000
  0.02651011  -0.00000000    -0.00739589   0.00000000     0.02051688  -0.00000000
    4    1
 -0.01376570   0.00000000     0.00000000  -0.00000000    -0.00000000   0.00000000
  0.00000000  -0.00000000    -0.03509283   0.00000000     0.00717731  -0.00000000
 -0.00000000  -0.00000000    -0.02297322   0.00000000     0.02917562  -0.00000000
    4    2
  0.00389085  -0.00000000     0.02651011  -0.00000000    -0.01097459   0.00000000
  0.01079747  -0.00000000     0.02051688  -0.00000000    -0.01427099   0.00000000
 -0.00565815   0.00000000    -0.00739589   0.00000000     0.00443097  -0.00000000
    4    3
 -0.00389085  -0.00000000     0.02651011   0.00000000    -0.01097459  -0.00000000
  0.01079747   0.00000000    -0.02051688  -0.00000000     0.01427099   0.00000000
 -0.00565815  -0.00000000     0.00739589   0.00000000    -0.00443097  -0.00000000
    4    4
  0.03219568   0.00000000    -0.00000000   0.00000000    -0.00000000   0.00000000
 -0.00000000   0.00000000     0.06768197   0.00000000    -0.01396978   0.00000000
 -0.00000000   0.00000000    -0.01396978   0.00000000     0.08815590   0.00000000
    4    5
  0.02402960  -0.00000000    -0.00000000   0.00000000    -0.00000000  -0.00000000
 -0.00000000   0.00000000    -0.00754112   0.00000000     0.02267895  -0.00000000
  0.00000000  -0.00000000     0.02267895  -0.00000000    -0.04182689   0.00000000
    4    6
 -0.01198472  -0.00000000     0.00000000   0.00000000    -0.00000000   0.00000000
  0.00000000   0.00000000    -0.00725046  -0.00000000    -0.02955118  -0.00000000
 -0.00000000   0.00000000    -0.07162906  -0.00000000    -0.00725046  -0.00000000
    4    7
 -0.01306039   0.00000000     0.00000000   0.00000000     0.00000000  -0.00000000
  0.00000000  -0.00000000    -0.03967036   0.00000000     0.03639925  -0.00000000
  0.00000000  -0.00000000     0.05454112  -0.00000000    -0.03967036   0.00000000
    5    1
 -0.01376570  -0.00000000     0.00000000  -0.00000000    -0.00000000   0.00000000
  0.00000000  -0.00000000    -0.03509283  -0.00000000     0.00717731   0.00000000
 -0.00000000  -0.00000000    -0.02297322  -0.00000000     0.02917562   0.00000000
    5    2
 -0.00389085  -0.00000000     0.02651011   0.00000000    -0.01097459  -0.00000000
  0.01079747   0.00000000    -0.02051688  -0.00000000     0.01427099   0.00000000
 -0.00565815  -0.00000000     0.00739589   0.00000000    -0.00443097  -0.00000000
    5    3
  0.00389085   0.00000000     0.02651011   0.00000000    -0.01097459  -0.00000000
  0.01079747   0.00000000     0.02051688   0.00000000    -0.01427099  -0.00000000
 -0.00565815  -0.00000000    -0.00739589  -0.00000000     0.00443097   0.00000000
    5    4
  0.02402960   0.00000000    -0.00000000  -0.00000000     0.00000000   0.00000000
 -0.00000000  -0.00000000    -0.00754112  -0.00000000     0.02267895   0.00000000
 -0.00000000   0.00000000     0.02267895   0.00000000    -0.04182689  -0.00000000
    5    5
  0.03219568   0.00000000    -0.00000000   0.00000000    -0.00000000   0.00000000
 -0.00000000   0.00000000     0.06768197   0.00000000    -0.01396978   0.00000000
  0.00000000   0.00000000    -0.01396978   0.00000000     0.08815590   0.00000000
    5    6
 -0.01306039  -0.00000000    -0.00000000   0.00000000     0.00000000  -0.00000000
 -0.00000000   0.00000000    -0.03967036  -0.00000000     0.03639925   0.00000000
  0.00000000  -0.00000000     0.05454112   0.00000000    -0.03967036  -0.00000000
    5    7
 -0.01198472   0.00000000     0.00000000  -0.00000000    -0.00000000  -0.00000000
  0.00000000   0.00000000    -0.00725046   0.00000000    -0.02955118   0.00000000
 -0.00000000   0.00000000    -0.07162906   0.00000000    -0.00725046   0.00000000
    6    1
 -0.01376570   0.00000000    -0.00000000  -0.00000000     0.00000000   0.00000000
  0.00000000   0.00000000     0.02917562  -0.00000000    -0.02297322   0.00000000
  0.00000000   0.00000000     0.00717731  -0.00000000    -0.03509283   0.00000000
    6    2
  0.00389085  -0.00000000    -0.01097459   0.00000000     0.02651011  -0.00000000
 -0.00565815   0.00000000     0.00443097  -0.00000000    -0.00739589   0.00000000
  0.01079747  -0.00000000    -0.01427099   0.00000000     0.02051688  -0.00000000
    6    3
 -0.00389085  -0.00000000    -0.01097459  -0.00000000     0.02651011   0.00000000
 -0.00565815  -0.00000000    -0.00443097  -0.00000000     0.00739589   0.00000000
  0.01079747   0.00000000     0.01427099   0.00000000    -0.02051688  -0.00000000
    6    4
 -0.01198472   0.00000000     0.00000000  -0.00000000    -0.00000000  -0.00000000
  0.00000000  -0.00000000    -0.00725046   0.00000000    -0.07162906   0.00000000
 -0.00000000  -0.00000000    -0.02955118   0.00000000    -0.00725046   0.00000000
    6    5
 -0.01306039   0.00000000    -0.00000000  -0.00000000     0.00000000   0.00000000
 -0.00000000  -0.00000000    -0.03967036   0.00000000     0.05454112  -0.00000000
  0.00000000   0.00000000     0.03639925  -0.00000000    -0.03967036   0.00000000
    6    6
  0.03219568   0.00000000    -0.00000000   0.00000000     0.00000000   0.00000000
 -0.00000000   0.00000000     0.08815590   0.00000000    -0.01396978   0.00000000
  0.00000000   0.00000000    -0.01396978   0.00000000     0.06768197   0.00000000
    6    7
  0.02402960  -0.00000000    -0.00000000  -0.00000000    -0.00000000   0.00000000
 -0.00000000  -0.00000000    -0.04182689   0.00000000     0.02267895  -0.00000000
 -0.00000000   0.00000000     0.02267895  -0.00000000    -0.00754112   0.00000000
    7    1
 -0.01376570  -0.00000000     0.00000000   0.00000000     0.00000000  -0.00000000
 -0.00000000  -0.00000000     0.02917562   0.00000000    -0.02297322  -0.00000000
  0.00000000  -0.00000000     0.00717731   0.00000000    -0.03509283  -0.00000000
    7    2
 -0.00389085  -0.00000000    -0.01097459  -0.00000000     0.02651011   0.00000000
 -0.00565815  -0.00000000    -0.00443097  -0.00000000     0.00739589   0.00000000
  0.01079747   0.00000000     0.01427099   0.00000000    -0.02051688  -0.00000000
    7    3
  0.00389085   0.00000000    -0.01097459  -0.00000000     0.02651011   0.00000000
 -0.00565815  -0.00000000     0.00443097   0.00000000    -0.00739589  -0.00000000
  0.01079747   0.00000000    -0.01427099  -0.00000000     0.02051688   0.00000000
    7    4
 -0.01306039  -0.00000000     0.00000000   0.00000000     0.00000000   0.00000000
 -0.00000000  -0.00000000    -0.03967036  -0.00000000     0.05454112   0.00000000
  0.00000000   0.00000000     0.03639925   0.00000000    -0.03967036  -0.00000000
    7    5
 -0.01198472  -0.00000000     0.00000000  -0.00000000     0.00000000  -0.00000000
  0.00000000   0.00000000    -0.00725046  -0.00000000    -0.07162906  -0.00000000
 -0.00000000   0.00000000    -0.02955118  -0.00000000    -0.00725046  -0.00000000
    7    6
  0.02402960   0.00000000    -0.00000000   0.00000000    -0.00000000  -0.00000000
 -0.00000000   0.00000000    -0.04182689  -0.00000000     0.02267895   0.00000000
 -0.00000000  -0.00000000     0.02267895   0.00000000    -0.00754112  -0.00000000
    7    7
  0.03219568   0.00000000    -0.00000000   0.00000000     0.00000000   0.00000000
 -0.00000000   0.00000000     0.08815590   0.00000000    -0.01396978   0.00000000
  0.00000000   0.00000000    -0.01396978   0.00000000     0.06768197   0.00000000

     Dynamical  Matrix in cartesian axes

     q = (   -0.000000000   0.433012700   0.433012700 ) 

    1    1
  0.04791855   0.00000000    -0.00000000   0.00000000    -0.00000000   0.00000000
 -0.00000000   0.00000000     0.14996886   0.00000000     0.07546149   0.00000000
 -0.00000000   0.00000000     0.07546149   0.00000000     0.14996886   0.00000000
    1    2
  0.00000000  -0.00000000     0.01907110   0.00000000    -0.01907110  -0.00000000
  0.00962521   0.00000000     0.00000000   0.00000000     0.00000000   0.00000000
 -0.00962521  -0.00000000     0.00000000  -0.00000000     0.00000000  -0.00000000
    1    3
 -0.00000000  -0.00000000    -0.01907110  -0.00000000     0.01907110   0.00000000
 -0.00962521  -0.00000000     0.00000000   0.00000000    -0.00000000  -0.00000000
  0.00962521   0.00000000    -0.00000000  -0.00000000    -0.00000000   0.00000000
    1    4
 -0.01376570  -0.00000000     0.00000000   0.00000000    -0.00000000  -0.00000000
  0.00000000   0.00000000    -0.03509283  -0.00000000     0.02297322   0.00000000
  0.00000000   0.00000000    -0.00717731  -0.00000000     0.02917562   0.00000000
    1    5
  0.01376570   0.00000000    -0.00000000  -0.00000000     0.00000000   0.00000000
 -0.00000000  -0.00000000     0.03509283   0.00000000    -0.02297322  -0.00000000
  0.00000000  -0.00000000     0.00717731   0.00000000    -0.02917562  -0.00000000
    1    6
  0.01376570   0.00000000     0.00000000   0.00000000    -0.00000000  -0.00000000
  0.00000000   0.00000000    -0.02917562  -0.00000000     0.00717731   0.00000000
 -0.00000000  -0.00000000    -0.02297322  -0.00000000     0.03509283   0.00000000
    1    7
 -0.01376570  -0.00000000    -0.00000000  -0.00000000     0.00000000   0.00000000
  0.00000000   0.00000000     0.02917562   0.00000000    -0.00717731  -0.00000000
  0.00000000   0.00000000     0.02297322   0.00000000    -0.03509283  -0.00000000
    2    1
  0.00000000   0.00000000     0.00962521  -0.00000000    -0.00962521   0.00000000
  0.01907110  -0.00000000     0.00000000  -0.00000000     0.00000000   0.00000000
 -0.01907110   0.00000000     0.00000000  -0.00000000     0.00000000   0.00000000
    2    2
  0.01761264   0.00000000    -0.00000000   0.00000000    -0.00000000   0.00000000
 -0.00000000   0.00000000     0.04784497   0.00000000     0.01720551   0.00000000
 -0.00000000   0.00000000     0.01720551   0.00000000     0.04784497   0.00000000
    2    3
  0.00142993   0.00000000    -0.00000000  -0.00000000     0.00000000  -0.00000000
 -0.00000000  -0.00000000    -0.01200516  -0.00000000    -0.00095916  -0.00000000
  0.00000000  -0.00000000    -0.00095916  -0.00000000    -0.01200516  -0.00000000
    2    4
 -0.00389085   0.00000000    -0.01079747   0.00000000    -0.00565815   0.00000000
 -0.02651011   0.00000000    -0.02051688   0.00000000    -0.00739589   0.00000000
 -0.01097459   0.00000000    -0.01427099   0.00000000    -0.00443097   0.00000000
    2    5
 -0.00389085  -0.00000000     0.01079747   0.00000000     0.00565815   0.00000000
  0.02651011   0.00000000    -0.02051688  -0.00000000    -0.00739589  -0.00000000
  0.01097459   0.00000000    -0.01427099  -0.00000000    -0.00443097  -0.00000000
    2    6
 -0.00389085  -0.00000000    -0.00565815  -0.00000000    -0.01079747  -0.00000000
 -0.01097459  -0.00000000    -0.00443097  -0.00000000    -0.01427099  -0.00000000
 -0.02651011  -0.00000000    -0.00739589  -0.00000000    -0.02051688  -0.00000000
    2    7
 -0.00389085  -0.00000000     0.00565815   0.00000000     0.01079747   0.00000000
  0.01097459   0.00000000    -0.00443097  -0.00000000    -0.01427099  -0.00000000
  0.02651011   0.00000000    -0.00739589  -0.00000000    -0.02051688  -0.00000000
    3    1
  0.00000000   0.00000000    -0.00962521   0.00000000     0.00962521  -0.00000000
 -0.01907110   0.00000000     0.00000000  -0.00000000     0.00000000   0.00000000
  0.01907110  -0.00000000    -0.00000000   0.00000000     0.00000000  -0.00000000
    3    2
  0.00142993  -0.00000000    -0.00000000   0.00000000     0.00000000   0.00000000
 -0.00000000   0.00000000    -0.01200516   0.00000000    -0.00095916   0.00000000
  0.00000000   0.00000000    -0.00095916   0.00000000    -0.01200516   0.00000000
    3    3
  0.01761264   0.00000000     0.00000000   0.00000000    -0.00000000   0.00000000
  0.00000000   0.00000000     0.04784497   0.00000000     0.01720551   0.00000000
 -0.00000000   0.00000000     0.01720551   0.00000000     0.04784497   0.00000000
    3    4
 -0.00389085   0.00000000     0.01079747  -0.00000000     0.00565815  -0.00000000
  0.02651011  -0.00000000    -0.02051688   0.00000000    -0.00739589   0.00000000
  0.01097459  -0.00000000    -0.01427099   0.00000000    -0.00443097   0.00000000
    3    5
 -0.00389085   0.00000000    -0.01079747   0.00000000    -0.00565815   0.00000000
 -0.02651011   0.00000000    -0.02051688   0.00000000    -0.00739589   0.00000000
 -0.01097459   0.00000000    -0.01427099   0.00000000    -0.00443097   0.00000000
    3    6
 -0.00389085   0.00000000     0.00565815  -0.00000000     0.01079747  -0.00000000
  0.01097459  -0.00000000    -0.00443097   0.00000000    -0.01427099   0.00000000
  0.02651011  -0.00000000    -0.00739589   0.00000000    -0.02051688   0.00000000
    3    7
 -0.00389085   0.00000000    -0.00565815   0.00000000    -0.01079747   0.00000000
 -0.01097459   0.00000000    -0.00443097   0.00000000    -0.01427099   0.00000000
 -0.02651011   0.00000000    -0.00739589   0.00000000    -0.02051688   0.00000000
    4    1
 -0.01376570   0.00000000     0.00000000  -0.00000000     0.00000000  -0.00000000
  0.00000000  -0.00000000    -0.03509283   0.00000000    -0.00717731   0.00000000
 -0.00000000   0.00000000     0.02297322  -0.00000000     0.02917562  -0.00000000
    4    2
 -0.00389085  -0.00000000    -0.02651011  -0.00000000    -0.01097459  -0.00000000
 -0.01079747  -0.00000000    -0.02051688  -0.00000000    -0.01427099  -0.00000000
 -0.00565815  -0.00000000    -0.00739589  -0.00000000    -0.00443097  -0.00000000
    4    3
 -0.00389085  -0.00000000     0.02651011   0.00000000     0.01097459   0.00000000
  0.01079747   0.00000000    -0.02051688  -0.00000000    -0.01427099  -0.00000000
  0.00565815   0.00000000    -0.00739589  -0.00000000    -0.00443097  -0.00000000
    4    4
  0.03219568   0.00000000     0.00000000   0.00000000    -0.00000000   0.00000000
  0.00000000   0.00000000     0.06768197   0.00000000     0.01396978   0.00000000
 -0.00000000   0.00000000     0.01396978   0.00000000     0.08815590   0.00000000
    4    5
 -0.02402960   0.00000000    -0.00000000   0.00000000    -0.00000000   0.00000000
  0.00000000   0.00000000     0.00754112  -0.00000000     0.02267895  -0.00000000
 -0.00000000   0.00000000     0.02267895  -0.00000000     0.04182689  -0.00000000
    4    6
  0.01306039   0.00000000    -0.00000000  -0.00000000    -0.00000000  -0.00000000
 -0.00000000  -0.00000000     0.03967036   0.00000000     0.03639925   0.00000000
 -0.00000000  -0.00000000     0.05454112   0.00000000     0.03967036   0.00000000
    4    7
 -0.01198472  -0.00000000    -0.00000000  -0.00000000    -0.00000000   0.00000000
 -0.00000000   0.00000000    -0.00725046  -0.00000000     0.02955118   0.00000000
 -0.00000000  -0.00000000     0.07162906   0.00000000    -0.00725046  -0.00000000
    5    1
  0.01376570  -0.00000000    -0.00000000   0.00000000     0.00000000   0.00000000
 -0.00000000   0.00000000     0.03509283  -0.00000000     0.00717731  -0.00000000
  0.00000000  -0.00000000    -0.02297322   0.00000000    -0.02917562   0.00000000
    5    2
 -0.00389085   0.00000000     0.02651011  -0.00000000     0.01097459  -0.00000000
  0.01079747  -0.00000000    -0.02051688   0.00000000    -0.01427099   0.00000000
  0.00565815  -0.00000000    -0.00739589   0.00000000    -0.00443097   0.00000000
    5    3
 -0.00389085  -0.00000000    -0.02651011  -0.00000000    -0.01097459  -0.00000000
 -0.01079747  -0.00000000    -0.02051688  -0.00000000    -0.01427099  -0.00000000
 -0.00565815  -0.00000000    -0.00739589  -0.00000000    -0.00443097  -0.00000000
    5    4
 -0.02402960  -0.00000000    -0.00000000  -0.00000000    -0.00000000  -0.00000000
  0.00000000  -0.00000000     0.00754112   0.00000000     0.02267895   0.00000000
 -0.00000000  -0.00000000     0.02267895   0.00000000     0.04182689   0.00000000
    5    5
  0.03219568   0.00000000     0.00000000   0.00000000    -0.00000000   0.00000000
 -0.00000000   0.00000000     0.06768197   0.00000000     0.01396978   0.00000000
 -0.00000000   0.00000000     0.01396978   0.00000000     0.08815590   0.00000000
    5    6
 -0.01198472  -0.00000000    -0.00000000  -0.00000000     0.00000000   0.00000000
 -0.00000000   0.00000000    -0.00725046  -0.00000000     0.02955118   0.00000000
  0.00000000  -0.00000000     0.07162906   0.00000000    -0.00725046  -0.00000000
    5    7
  0.01306039   0.00000000    -0.00000000  -0.00000000    -0.00000000  -0.00000000
 -0.00000000  -0.00000000     0.03967036   0.00000000     0.03639925   0.00000000
 -0.00000000  -0.00000000     0.05454112   0.00000000     0.03967036   0.00000000
    6    1
  0.01376570  -0.00000000     0.00000000   0.00000000    -0.00000000   0.00000000
  0.00000000  -0.00000000    -0.02917562   0.00000000    -0.02297322   0.00000000
 -0.00000000   0.00000000     0.00717731  -0.00000000     0.03509283  -0.00000000
    6    2
 -0.00389085   0.00000000    -0.01097459   0.00000000    -0.02651011   0.00000000
 -0.00565815   0.00000000    -0.00443097   0.00000000    -0.00739589   0.00000000
 -0.01079747   0.00000000    -0.01427099   0.00000000    -0.02051688   0.00000000
    6    3
 -0.00389085  -0.00000000     0.01097459   0.00000000     0.02651011   0.00000000
  0.00565815   0.00000000    -0.00443097  -0.00000000    -0.00739589  -0.00000000
  0.01079747   0.00000000    -0.01427099  -0.00000000    -0.02051688  -0.00000000
    6    4
  0.01306039  -0.00000000    -0.00000000   0.00000000    -0.00000000   0.00000000
 -0.00000000   0.00000000     0.03967036  -0.00000000     0.05454112  -0.00000000
 -0.00000000   0.00000000     0.03639925  -0.00000000     0.03967036  -0.00000000
    6    5
 -0.01198472   0.00000000     0.00000000  -0.00000000     0.00000000   0.00000000
 -0.00000000   0.00000000    -0.00725046   0.00000000     0.07162906  -0.00000000
  0.00000000  -0.00000000     0.02955118  -0.00000000    -0.00725046   0.00000000
    6    6
  0.03219568   0.00000000    -0.00000000   0.00000000    -0.00000000   0.00000000
 -0.00000000   0.00000000     0.08815590   0.00000000     0.01396978   0.00000000
 -0.00000000   0.00000000     0.01396978   0.00000000     0.06768197   0.00000000
    6    7
 -0.02402960   0.00000000    -0.00000000  -0.00000000     0.00000000  -0.00000000
 -0.00000000  -0.00000000     0.04182689  -0.00000000     0.02267895  -0.00000000
 -0.00000000  -0.00000000     0.02267895  -0.00000000     0.00754112  -0.00000000
    7    1
 -0.01376570   0.00000000    -0.00000000  -0.00000000     0.00000000  -0.00000000
 -0.00000000   0.00000000     0.02917562  -0.00000000     0.02297322  -0.00000000
  0.00000000  -0.00000000    -0.00717731   0.00000000    -0.03509283   0.00000000
    7    2
 -0.00389085   0.00000000     0.01097459  -0.00000000     0.02651011  -0.00000000
  0.00565815  -0.00000000    -0.00443097   0.00000000    -0.00739589   0.00000000
  0.01079747  -0.00000000    -0.01427099   0.00000000    -0.02051688   0.00000000
    7    3
 -0.00389085  -0.00000000    -0.01097459  -0.00000000    -0.02651011  -0.00000000
 -0.00565815  -0.00000000    -0.00443097  -0.00000000    -0.00739589  -0.00000000
 -0.01079747  -0.00000000    -0.01427099  -0.00000000    -0.02051688  -0.00000000
    7    4
 -0.01198472   0.00000000    -0.00000000  -0.00000000    -0.00000000   0.00000000
 -0.00000000   0.00000000    -0.00725046   0.00000000     0.07162906  -0.00000000
 -0.00000000  -0.00000000     0.02955118  -0.00000000    -0.00725046   0.00000000
    7    5
  0.01306039  -0.00000000    -0.00000000   0.00000000    -0.00000000   0.00000000
 -0.00000000   0.00000000     0.03967036  -0.00000000     0.05454112  -0.00000000
 -0.00000000   0.00000000     0.03639925  -0.00000000     0.03967036  -0.00000000
    7    6
 -0.02402960  -0.00000000    -0.00000000   0.00000000    -0.00000000   0.00000000
 -0.00000000   0.00000000     0.04182689   0.00000000     0.02267895   0.00000000
 -0.00000000   0.00000000     0.02267895   0.00000000     0.00754112   0.00000000
    7    7
  0.03219568   0.00000000    -0.00000000   0.00000000    -0.00000000   0.00000000
 -0.00000000   0.00000000     0.08815590   0.00000000     0.01396978   0.00000000
 -0.00000000   0.00000000     0.01396978   0.00000000     0.06768197   0.00000000

     Dynamical  Matrix in cartesian axes

     q = (    0.433012700   0.000000000  -0.433012700 ) 

    1    1
  0.14996886   0.00000000     0.00000000   0.00000000    -0.07546149   0.00000000
  0.00000000   0.00000000     0.04791855   0.00000000    -0.00000000   0.00000000
 -0.07546149   0.00000000    -0.00000000   0.00000000     0.14996886   0.00000000
    1    2
 -0.03509283   0.00000000     0.00000000   0.00000000    -0.02297322   0.00000000
  0.00000000   0.00000000    -0.01376570   0.00000000    -0.00000000   0.00000000
  0.00717731  -0.00000000    -0.00000000  -0.00000000     0.02917562  -0.00000000
    1    3
 -0.03509283  -0.00000000     0.00000000  -0.00000000    -0.02297322  -0.00000000
  0.00000000  -0.00000000    -0.01376570  -0.00000000     0.00000000  -0.00000000
  0.00717731   0.00000000    -0.00000000   0.00000000     0.02917562   0.00000000
    1    4
  0.00000000   0.00000000    -0.00962521  -0.00000000    -0.00000000   0.00000000
 -0.01907110  -0.00000000     0.00000000  -0.00000000    -0.01907110  -0.00000000
 -0.00000000   0.00000000    -0.00962521  -0.00000000     0.00000000   0.00000000
    1    5
  0.00000000  -0.00000000    -0.00962521   0.00000000     0.00000000  -0.00000000
 -0.01907110   0.00000000     0.00000000   0.00000000    -0.01907110   0.00000000
  0.00000000  -0.00000000    -0.00962521   0.00000000     0.00000000  -0.00000000
    1    6
  0.02917562  -0.00000000    -0.00000000  -0.00000000     0.00717731  -0.00000000
 -0.00000000   0.00000000    -0.01376570   0.00000000     0.00000000   0.00000000
 -0.02297322   0.00000000     0.00000000   0.00000000    -0.03509283   0.00000000
    1    7
  0.02917562   0.00000000    -0.00000000   0.00000000     0.00717731   0.00000000
 -0.00000000  -0.00000000    -0.01376570  -0.00000000     0.00000000  -0.00000000
