  1.000000000000000E-002   1.26045764302382        2.13065582614097     
           6

     Dynamical  Matrix in cartesian axes

     q = (    0.000000000   0.000000000   0.216506400 ) 

    1    1
  0.01519261   0.00000000     0.00000000   0.00000000    -0.00000000   0.00000000
  0.00000000   0.00000000     0.01519261   0.00000000     0.00000000   0.00000000
 -0.00000000   0.00000000    -0.00000000   0.00000000     0.26128772   0.00000000
    1    2
 -0.00322500   0.00322500     0.00000000   0.00000000    -0.01208304  -0.01208304
  0.00000000   0.00000000     0.00003051  -0.00003051    -0.00000000   0.00000000
 -0.03020368  -0.03020367    -0.00000000  -0.00000000     0.00579303  -0.00579303
    1    3
 -0.00456084  -0.00000000    -0.00000000  -0.00000000     0.00000000   0.01708800
  0.00000000  -0.00000000     0.00004314  -0.00000000    -0.00000000  -0.00000000
  0.00000000   0.04271444    -0.00000000  -0.00000000     0.00819258  -0.00000000
    1    4
  0.00004314  -0.00000000     0.00000000  -0.00000000    -0.00000000   0.00000000
  0.00000000  -0.00000000    -0.00456084  -0.00000000     0.00000000   0.01708800
 -0.00000000  -0.00000000     0.00000000   0.04271444     0.00819258  -0.00000000
    1    5
  0.00003051  -0.00003051     0.00000000   0.00000000     0.00000000   0.00000000
  0.00000000   0.00000000    -0.00322500   0.00322500    -0.01208304  -0.01208304
 -0.00000000   0.00000000    -0.03020368  -0.03020367     0.00579303  -0.00579303
    1    6
 -0.00238650   0.01574038    -0.00000000  -0.00000000     0.00000000  -0.00000000
 -0.00000000   0.00000000    -0.01281765  -0.00944261     0.00000000  -0.00000000
  0.00000000  -0.00000000     0.00000000  -0.00000000    -0.02022859   0.00837896
    1    7
 -0.01281765  -0.00944261     0.00000000   0.00000000     0.00000000  -0.00000000
  0.00000000   0.00000000    -0.00238650   0.01574038     0.00000000  -0.00000000
  0.00000000   0.00000000     0.00000000   0.00000000    -0.02022859   0.00837896
    2    1
 -0.00322500  -0.00322500     0.00000000  -0.00000000    -0.03020368   0.03020367
  0.00000000  -0.00000000     0.00003051   0.00003051    -0.00000000  -0.00000000
 -0.01208304   0.01208304    -0.00000000  -0.00000000     0.00579303   0.00579303
    2    2
  0.02764037  -0.00000000     0.00000000  -0.00000000     0.00000000   0.00274130
 -0.00000000   0.00000000     0.12476732   0.00000000    -0.00000000  -0.00000000
  0.00000000  -0.00274130    -0.00000000   0.00000000     0.03961736  -0.00000000
    2    3
 -0.01459139  -0.01459139     0.00000000   0.00000000     0.00471532  -0.00471532
  0.00000000   0.00000000    -0.08696189  -0.08696192     0.00000000   0.00000000
  0.00471532  -0.00471532    -0.00000000   0.00000000    -0.01545562  -0.01545562
    2    4
 -0.00061134  -0.00061134    -0.01300179  -0.01300179     0.00103592  -0.00103592
 -0.08683980  -0.08683983    -0.00061134  -0.00061134     0.00031000  -0.00031000
  0.00031000  -0.00031000     0.00103592  -0.00103592     0.00464857   0.00464857
    2    5
 -0.00086456   0.00000000     0.01838731  -0.00000000     0.00000000  -0.00146501
  0.12281005  -0.00000000    -0.00086456  -0.00000000     0.00000000   0.00043841
  0.00000000  -0.00043841     0.00000000   0.00146501     0.00657407  -0.00000000
    2    6
  0.00302689  -0.00245352     0.00000000   0.00000000    -0.00648901  -0.00128530
  0.00000000   0.00000000     0.00028526   0.00045455     0.00000000   0.00000000
 -0.01988803  -0.02141347    -0.00000000   0.00000000    -0.00525036  -0.00271364
    2    7
  0.00040544   0.00387523    -0.00000000  -0.00000000     0.00549726   0.00367958
 -0.00000000  -0.00000000     0.00052312  -0.00011971    -0.00000000   0.00000000
  0.02920457  -0.00107865    -0.00000000  -0.00000000    -0.00563140  -0.00179373
    3    1
 -0.00456084   0.00000000     0.00000000   0.00000000     0.00000000  -0.04271444
  0.00000000  -0.00000000     0.00004314   0.00000000    -0.00000000   0.00000000
  0.00000000  -0.01708800    -0.00000000   0.00000000     0.00819258   0.00000000
    3    2
 -0.01459139   0.01459139     0.00000000   0.00000000     0.00471532   0.00471532
  0.00000000  -0.00000000    -0.08696189   0.08696192     0.00000000  -0.00000000
  0.00471532   0.00471532    -0.00000000  -0.00000000    -0.01545562   0.01545562
    3    3
  0.02764037   0.00000000     0.00000000   0.00000000     0.00000000  -0.00274130
 -0.00000000  -0.00000000     0.12476732  -0.00000000    -0.00000000   0.00000000
  0.00000000   0.00274130    -0.00000000   0.00000000     0.03961736   0.00000000
    3    4
 -0.00086456  -0.00000000     0.01838731  -0.00000000     0.00000000   0.00146501
  0.12281005  -0.00000000    -0.00086456  -0.00000000     0.00000000  -0.00043841
  0.00000000   0.00043841     0.00000000  -0.00146501     0.00657407  -0.00000000
    3    5
 -0.00061134   0.00061134    -0.01300179   0.01300179     0.00103592   0.00103592
 -0.08683980   0.08683983    -0.00061134   0.00061134     0.00031000   0.00031000
  0.00031000   0.00031000     0.00103592   0.00103592     0.00464857  -0.00464857
    3    6
  0.00040544  -0.00387523    -0.00000000   0.00000000     0.00549726  -0.00367958
 -0.00000000  -0.00000000     0.00052312   0.00011971    -0.00000000  -0.00000000
  0.02920457   0.00107865    -0.00000000   0.00000000    -0.00563140   0.00179373
    3    7
  0.00302689   0.00245352    -0.00000000  -0.00000000    -0.00648901   0.00128530
  0.00000000  -0.00000000     0.00028526  -0.00045455     0.00000000   0.00000000
 -0.01988803   0.02141347     0.00000000   0.00000000    -0.00525036   0.00271364
    4    1
  0.00004314   0.00000000     0.00000000   0.00000000    -0.00000000   0.00000000
  0.00000000   0.00000000    -0.00456084   0.00000000     0.00000000  -0.04271444
 -0.00000000  -0.00000000     0.00000000  -0.01708800     0.00819258   0.00000000
    4    2
 -0.00061134   0.00061134    -0.08683980   0.08683983     0.00031000   0.00031000
 -0.01300179   0.01300179    -0.00061134   0.00061134     0.00103592   0.00103592
  0.00103592   0.00103592     0.00031000   0.00031000     0.00464857  -0.00464857
    4    3
 -0.00086456   0.00000000     0.12281005   0.00000000    -0.00000000  -0.00043841
  0.01838731   0.00000000    -0.00086456  -0.00000000     0.00000000   0.00146501
 -0.00000000  -0.00146501     0.00000000   0.00043841     0.00657407   0.00000000
    4    4
  0.12476732  -0.00000000    -0.00000000  -0.00000000    -0.00000000   0.00000000
 -0.00000000   0.00000000     0.02764037   0.00000000    -0.00000000  -0.00274130
 -0.00000000   0.00000000    -0.00000000   0.00274130     0.03961736  -0.00000000
    4    5
 -0.08696189   0.08696192     0.00000000  -0.00000000     0.00000000  -0.00000000
 -0.00000000  -0.00000000    -0.01459139   0.01459139     0.00471532   0.00471532
  0.00000000  -0.00000000     0.00471532   0.00471532    -0.01545562   0.01545562
    4    6
  0.00028526  -0.00045455     0.00000000  -0.00000000    -0.00000000   0.00000000
  0.00000000  -0.00000000     0.00302689   0.00245352    -0.00648901   0.00128530
  0.00000000  -0.00000000    -0.01988803   0.02141347    -0.00525036   0.00271364
    4    7
  0.00052312   0.00011971    -0.00000000   0.00000000     0.00000000  -0.00000000
 -0.00000000   0.00000000     0.00040544  -0.00387523     0.00549726  -0.00367958
  0.00000000   0.00000000     0.02920457   0.00107865    -0.00563140   0.00179373
    5    1
  0.00003051   0.00003051     0.00000000  -0.00000000    -0.00000000  -0.00000000
  0.00000000  -0.00000000    -0.00322500  -0.00322500    -0.03020368   0.03020367
  0.00000000   0.00000000    -0.01208304   0.01208304     0.00579303   0.00579303
    5    2
 -0.00086456  -0.00000000     0.12281005  -0.00000000    -0.00000000   0.00043841
  0.01838731  -0.00000000    -0.00086456   0.00000000     0.00000000  -0.00146501
 -0.00000000   0.00146501     0.00000000  -0.00043841     0.00657407  -0.00000000
    5    3
 -0.00061134  -0.00061134    -0.08683980  -0.08683983     0.00031000  -0.00031000
 -0.01300179  -0.01300179    -0.00061134  -0.00061134     0.00103592  -0.00103592
  0.00103592  -0.00103592     0.00031000  -0.00031000     0.00464857   0.00464857
    5    4
 -0.08696189  -0.08696192     0.00000000   0.00000000     0.00000000   0.00000000
 -0.00000000   0.00000000    -0.01459139  -0.01459139     0.00471532  -0.00471532
  0.00000000   0.00000000     0.00471532  -0.00471532    -0.01545562  -0.01545562
    5    5
  0.12476732   0.00000000    -0.00000000   0.00000000    -0.00000000  -0.00000000
 -0.00000000  -0.00000000     0.02764037  -0.00000000    -0.00000000   0.00274130
 -0.00000000  -0.00000000    -0.00000000  -0.00274130     0.03961736   0.00000000
    5    6
  0.00052312  -0.00011971    -0.00000000  -0.00000000     0.00000000   0.00000000
 -0.00000000  -0.00000000     0.00040544   0.00387523     0.00549726   0.00367958
  0.00000000  -0.00000000     0.02920457  -0.00107865    -0.00563140  -0.00179373
    5    7
  0.00028526   0.00045455     0.00000000   0.00000000     0.00000000   0.00000000
  0.00000000   0.00000000     0.00302689  -0.00245352    -0.00648901  -0.00128530
  0.00000000   0.00000000    -0.01988803  -0.02141347    -0.00525036  -0.00271364
    6    1
 -0.00238650  -0.01574038    -0.00000000   0.00000000     0.00000000   0.00000000
 -0.00000000   0.00000000    -0.01281765   0.00944261     0.00000000   0.00000000
  0.00000000   0.00000000     0.00000000   0.00000000    -0.02022859  -0.00837896
    6    2
  0.00302689   0.00245352     0.00000000  -0.00000000    -0.01988803   0.02141347
  0.00000000  -0.00000000     0.00028526  -0.00045455     0.00000000  -0.00000000
 -0.00648901   0.00128530     0.00000000  -0.00000000    -0.00525036   0.00271364
    6    3
  0.00040544   0.00387523    -0.00000000  -0.00000000     0.02920457  -0.00107865
 -0.00000000  -0.00000000     0.00052312  -0.00011971     0.00000000   0.00000000
  0.00549726   0.00367958     0.00000000   0.00000000    -0.00563140  -0.00179373
    6    4
  0.00028526   0.00045455     0.00000000   0.00000000     0.00000000   0.00000000
  0.00000000   0.00000000     0.00302689  -0.00245352    -0.01988803  -0.02141347
  0.00000000   0.00000000    -0.00648901  -0.00128530    -0.00525036  -0.00271364
    6    5
  0.00052312   0.00011971    -0.00000000   0.00000000    -0.00000000  -0.00000000
 -0.00000000   0.00000000     0.00040544  -0.00387523     0.02920457   0.00107865
 -0.00000000   0.00000000     0.00549726  -0.00367958    -0.00563140   0.00179373
    6    6
  0.03043913  -0.00000000    -0.00000000  -0.00000000    -0.00000000  -0.00000000
 -0.00000000   0.00000000     0.03043913   0.00000000    -0.00000000  -0.00000000
 -0.00000000  -0.00000000    -0.00000000  -0.00000000     0.02950801  -0.00000000
    6    7
 -0.01717326   0.02080736     0.00000000  -0.00000000    -0.00000000   0.00000000
  0.00000000  -0.00000000    -0.01717326  -0.02080736    -0.00000000   0.00000000
 -0.00000000   0.00000000    -0.00000000   0.00000000    -0.00212347  -0.00000000
    7    1
 -0.01281765   0.00944261     0.00000000   0.00000000     0.00000000   0.00000000
  0.00000000   0.00000000    -0.00238650  -0.01574038     0.00000000   0.00000000
  0.00000000   0.00000000     0.00000000   0.00000000    -0.02022859  -0.00837896
    7    2
  0.00040544  -0.00387523    -0.00000000   0.00000000     0.02920457   0.00107865
 -0.00000000   0.00000000     0.00052312   0.00011971     0.00000000  -0.00000000
  0.00549726  -0.00367958     0.00000000  -0.00000000    -0.00563140   0.00179373
    7    3
  0.00302689  -0.00245352     0.00000000   0.00000000    -0.01988803  -0.02141347
  0.00000000   0.00000000     0.00028526   0.00045455     0.00000000   0.00000000
 -0.00648901  -0.00128530     0.00000000   0.00000000    -0.00525036  -0.00271364
    7    4
  0.00052312  -0.00011971    -0.00000000  -0.00000000    -0.00000000   0.00000000
 -0.00000000  -0.00000000     0.00040544   0.00387523     0.02920457  -0.00107865
 -0.00000000   0.00000000     0.00549726   0.00367958    -0.00563140  -0.00179373
    7    5
  0.00028526  -0.00045455     0.00000000  -0.00000000     0.00000000  -0.00000000
  0.00000000  -0.00000000     0.00302689   0.00245352    -0.01988803   0.02141347
  0.00000000   0.00000000    -0.00648901   0.00128530    -0.00525036   0.00271364
    7    6
 -0.01717326  -0.02080736     0.00000000   0.00000000    -0.00000000   0.00000000
  0.00000000   0.00000000    -0.01717326   0.02080736    -0.00000000   0.00000000
 -0.00000000   0.00000000    -0.00000000   0.00000000    -0.00212347   0.00000000
    7    7
  0.03043913   0.00000000    -0.00000000   0.00000000    -0.00000000   0.00000000
 -0.00000000   0.00000000     0.03043913  -0.00000000    -0.00000000   0.00000000
 -0.00000000   0.00000000    -0.00000000   0.00000000     0.02950801   0.00000000

     Dynamical  Matrix in cartesian axes

     q = (    0.216506400  -0.000000000   0.000000000 ) 

    1    1
  0.26128772   0.00000000    -0.00000000   0.00000000     0.00000000   0.00000000
  0.00000000   0.00000000     0.01519261   0.00000000     0.00000000   0.00000000
 -0.00000000   0.00000000     0.00000000   0.00000000     0.01519261   0.00000000
    1    2
 -0.02022859   0.00837896    -0.00000000  -0.00000000     0.00000000   0.00000000
  0.00000000  -0.00000000    -0.00238650   0.01574038     0.00000000   0.00000000
  0.00000000   0.00000000     0.00000000   0.00000000    -0.01281765  -0.00944261
    1    3
 -0.02022859   0.00837896     0.00000000   0.00000000     0.00000000  -0.00000000
  0.00000000   0.00000000    -0.01281765  -0.00944261     0.00000000  -0.00000000
  0.00000000  -0.00000000     0.00000000  -0.00000000    -0.00238650   0.01574038
    1    4
  0.00579303  -0.00579303    -0.03020368  -0.03020367     0.00000000   0.00000000
 -0.01208304  -0.01208304    -0.00322500   0.00322500     0.00000000   0.00000000
  0.00000000   0.00000000     0.00000000   0.00000000     0.00003051  -0.00003051
    1    5
  0.00819258  -0.00000000     0.00000000   0.04271444     0.00000000   0.00000000
  0.00000000   0.01708800    -0.00456084   0.00000000     0.00000000   0.00000000
  0.00000000   0.00000000     0.00000000   0.00000000     0.00004314   0.00000000
    1    6
  0.00819258  -0.00000000     0.00000000  -0.00000000     0.00000000   0.04271444
 -0.00000000  -0.00000000     0.00004314  -0.00000000     0.00000000  -0.00000000
  0.00000000   0.01708800     0.00000000  -0.00000000    -0.00456084  -0.00000000
    1    7
  0.00579303  -0.00579303     0.00000000   0.00000000    -0.03020368  -0.03020367
  0.00000000   0.00000000     0.00003051  -0.00003051     0.00000000  -0.00000000
 -0.01208304  -0.01208304     0.00000000  -0.00000000    -0.00322500   0.00322500
    2    1
 -0.02022859  -0.00837896     0.00000000   0.00000000     0.00000000  -0.00000000
  0.00000000   0.00000000    -0.00238650  -0.01574038     0.00000000  -0.00000000
  0.00000000  -0.00000000     0.00000000  -0.00000000    -0.01281765   0.00944261
    2    2
  0.02950801  -0.00000000    -0.00000000  -0.00000000    -0.00000000  -0.00000000
 -0.00000000  -0.00000000     0.03043913  -0.00000000    -0.00000000  -0.00000000
 -0.00000000  -0.00000000    -0.00000000  -0.00000000     0.03043913   0.00000000
    2    3
 -0.00212347  -0.00000000     0.00000000  -0.00000000     0.00000000   0.00000000
  0.00000000  -0.00000000    -0.01717326   0.02080736     0.00000000   0.00000000
  0.00000000   0.00000000     0.00000000   0.00000000    -0.01717326  -0.02080736
    2    4
 -0.00525036   0.00271364    -0.00648901   0.00128530     0.00000000   0.00000000
 -0.01988803   0.02141347     0.00302689   0.00245352    -0.00000000  -0.00000000
  0.00000000   0.00000000    -0.00000000   0.00000000     0.00028526  -0.00045455
    2    5
 -0.00563140  -0.00179373     0.00549726   0.00367958     0.00000000  -0.00000000
  0.02920457  -0.00107865     0.00040544   0.00387523     0.00000000  -0.00000000
  0.00000000  -0.00000000     0.00000000   0.00000000     0.00052312  -0.00011971
    2    6
 -0.00525036  -0.00271364     0.00000000   0.00000000    -0.00648901  -0.00128530
  0.00000000   0.00000000     0.00028526   0.00045455     0.00000000   0.00000000
 -0.01988803  -0.02141347     0.00000000  -0.00000000     0.00302689  -0.00245352
    2    7
 -0.00563140   0.00179373    -0.00000000  -0.00000000     0.00549726  -0.00367958
  0.00000000  -0.00000000     0.00052312   0.00011971     0.00000000   0.00000000
  0.02920457   0.00107865    -0.00000000   0.00000000     0.00040544  -0.00387523
    3    1
 -0.02022859  -0.00837896     0.00000000   0.00000000     0.00000000   0.00000000
  0.00000000   0.00000000    -0.01281765   0.00944261     0.00000000   0.00000000
  0.00000000   0.00000000     0.00000000   0.00000000    -0.00238650  -0.01574038
    3    2
 -0.00212347   0.00000000     0.00000000   0.00000000     0.00000000  -0.00000000
  0.00000000   0.00000000    -0.01717326  -0.02080736     0.00000000  -0.00000000
  0.00000000  -0.00000000     0.00000000  -0.00000000    -0.01717326   0.02080736
    3    3
  0.02950801   0.00000000    -0.00000000   0.00000000    -0.00000000   0.00000000
 -0.00000000   0.00000000     0.03043913   0.00000000    -0.00000000   0.00000000
 -0.00000000   0.00000000    -0.00000000   0.00000000     0.03043913  -0.00000000
    3    4
 -0.00563140   0.00179373     0.00549726  -0.00367958     0.00000000   0.00000000
  0.02920457   0.00107865     0.00040544  -0.00387523    -0.00000000   0.00000000
  0.00000000   0.00000000     0.00000000   0.00000000     0.00052312   0.00011971
    3    5
 -0.00525036  -0.00271364    -0.00648901  -0.00128530    -0.00000000  -0.00000000
 -0.01988803  -0.02141347     0.00302689  -0.00245352     0.00000000  -0.00000000
  0.00000000  -0.00000000    -0.00000000  -0.00000000     0.00028526   0.00045455
    3    6
 -0.00563140  -0.00179373    -0.00000000   0.00000000     0.00549726   0.00367958
  0.00000000   0.00000000     0.00052312  -0.00011971     0.00000000  -0.00000000
  0.02920457  -0.00107865     0.00000000   0.00000000     0.00040544   0.00387523
    3    7
 -0.00525036   0.00271364     0.00000000  -0.00000000    -0.00648901   0.00128530
  0.00000000  -0.00000000     0.00028526  -0.00045455     0.00000000   0.00000000
 -0.01988803   0.02141347    -0.00000000  -0.00000000     0.00302689   0.00245352
    4    1
  0.00579303   0.00579303    -0.01208304   0.01208304    -0.00000000  -0.00000000
 -0.03020368   0.03020367    -0.00322500  -0.00322500     0.00000000  -0.00000000
  0.00000000  -0.00000000    -0.00000000   0.00000000     0.00003051   0.00003051
    4    2
 -0.00525036  -0.00271364    -0.01988803  -0.02141347     0.00000000  -0.00000000
 -0.00648901  -0.00128530     0.00302689  -0.00245352    -0.00000000  -0.00000000
  0.00000000   0.00000000     0.00000000   0.00000000     0.00028526   0.00045455
    4    3
 -0.00563140  -0.00179373     0.02920457  -0.00107865    -0.00000000  -0.00000000
  0.00549726   0.00367958     0.00040544   0.00387523     0.00000000  -0.00000000
  0.00000000  -0.00000000     0.00000000  -0.00000000     0.00052312  -0.00011971
    4    4
  0.03961736  -0.00000000     0.00000000  -0.00274130    -0.00000000   0.00000000
 -0.00000000   0.00274130     0.02764037   0.00000000    -0.00000000   0.00000000
 -0.00000000   0.00000000    -0.00000000   0.00000000     0.12476732   0.00000000
    4    5
 -0.01545562  -0.01545562     0.00471532  -0.00471532     0.00000000   0.00000000
  0.00471532  -0.00471532    -0.01459139  -0.01459139     0.00000000   0.00000000
  0.00000000   0.00000000     0.00000000   0.00000000    -0.08696189  -0.08696192
    4    6
  0.00464857   0.00464857     0.00031000  -0.00031000     0.00103592  -0.00103592
  0.00103592  -0.00103592    -0.00061134  -0.00061134    -0.01300179  -0.01300179
  0.00031000  -0.00031000    -0.08683980  -0.08683983    -0.00061134  -0.00061134
    4    7
  0.00657407  -0.00000000    -0.00000000  -0.00043841     0.00000000   0.00146501
 -0.00000000  -0.00146501    -0.00086456   0.00000000     0.01838731  -0.00000000
  0.00000000   0.00043841     0.12281005  -0.00000000    -0.00086456  -0.00000000
    5    1
  0.00819258  -0.00000000     0.00000000  -0.01708800    -0.00000000  -0.00000000
  0.00000000  -0.04271444    -0.00456084  -0.00000000    -0.00000000  -0.00000000
 -0.00000000  -0.00000000     0.00000000  -0.00000000     0.00004314  -0.00000000
    5    2
 -0.00563140   0.00179373     0.02920457   0.00107865    -0.00000000   0.00000000
  0.00549726  -0.00367958     0.00040544  -0.00387523     0.00000000   0.00000000
 -0.00000000   0.00000000     0.00000000   0.00000000     0.00052312   0.00011971
    5    3
 -0.00525036   0.00271364    -0.01988803   0.02141347    -0.00000000   0.00000000
 -0.00648901   0.00128530     0.00302689   0.00245352     0.00000000   0.00000000
  0.00000000   0.00000000     0.00000000   0.00000000     0.00028526  -0.00045455
    5    4
 -0.01545562   0.01545562     0.00471532   0.00471532     0.00000000  -0.00000000
  0.00471532   0.00471532    -0.01459139   0.01459139     0.00000000  -0.00000000
  0.00000000  -0.00000000     0.00000000  -0.00000000    -0.08696189   0.08696192
    5    5
  0.03961736   0.00000000     0.00000000   0.00274130    -0.00000000  -0.00000000
 -0.00000000  -0.00274130     0.02764037  -0.00000000    -0.00000000  -0.00000000
 -0.00000000   0.00000000    -0.00000000   0.00000000     0.12476732  -0.00000000
    5    6
  0.00657407   0.00000000    -0.00000000   0.00043841     0.00000000  -0.00146501
 -0.00000000   0.00146501    -0.00086456   0.00000000     0.01838731   0.00000000
  0.00000000  -0.00043841     0.12281005   0.00000000    -0.00086456   0.00000000
    5    7
  0.00464857  -0.00464857     0.00031000   0.00031000     0.00103592   0.00103592
  0.00103592   0.00103592    -0.00061134   0.00061134    -0.01300179   0.01300179
  0.00031000   0.00031000    -0.08683980   0.08683983    -0.00061134   0.00061134
    6    1
  0.00819258   0.00000000    -0.00000000   0.00000000     0.00000000  -0.01708800
  0.00000000   0.00000000     0.00004314   0.00000000     0.00000000   0.00000000
  0.00000000  -0.04271444     0.00000000   0.00000000    -0.00456084   0.00000000
    6    2
 -0.00525036   0.00271364     0.00000000  -0.00000000    -0.01988803   0.02141347
  0.00000000   0.00000000     0.00028526  -0.00045455     0.00000000   0.00000000
 -0.00648901   0.00128530    -0.00000000   0.00000000     0.00302689   0.00245352
    6    3
 -0.00563140   0.00179373    -0.00000000   0.00000000     0.02920457   0.00107865
 -0.00000000   0.00000000     0.00052312   0.00011971    -0.00000000   0.00000000
  0.00549726  -0.00367958    -0.00000000   0.00000000     0.00040544  -0.00387523
    6    4
  0.00464857  -0.00464857     0.00103592   0.00103592     0.00031000   0.00031000
  0.00031000   0.00031000    -0.00061134   0.00061134    -0.08683980   0.08683983
  0.00103592   0.00103592    -0.01300179   0.01300179    -0.00061134   0.00061134
    6    5
  0.00657407  -0.00000000    -0.00000000  -0.00146501    -0.00000000   0.00043841
 -0.00000000  -0.00043841    -0.00086456   0.00000000     0.12281005  -0.00000000
  0.00000000   0.00146501     0.01838731  -0.00000000    -0.00086456  -0.00000000
    6    6
  0.03961736  -0.00000000     0.00000000  -0.00000000    -0.00000000   0.00274130
  0.00000000   0.00000000     0.12476732  -0.00000000    -0.00000000   0.00000000
 -0.00000000  -0.00274130    -0.00000000   0.00000000     0.02764037   0.00000000
    6    7
 -0.01545562   0.01545562     0.00000000  -0.00000000     0.00471532   0.00471532
  0.00000000   0.00000000    -0.08696189   0.08696192    -0.00000000   0.00000000
  0.00471532   0.00471532     0.00000000   0.00000000    -0.01459139   0.01459139
    7    1
  0.00579303   0.00579303     0.00000000  -0.00000000    -0.01208304   0.01208304
  0.00000000  -0.00000000     0.00003051   0.00003051    -0.00000000  -0.00000000
 -0.03020368   0.03020367     0.00000000   0.00000000    -0.00322500  -0.00322500
    7    2
 -0.00563140  -0.00179373    -0.00000000   0.00000000     0.02920457  -0.00107865
 -0.00000000  -0.00000000     0.00052312  -0.00011971    -0.00000000  -0.00000000
  0.00549726   0.00367958    -0.00000000  -0.00000000     0.00040544   0.00387523
    7    3
 -0.00525036  -0.00271364     0.00000000   0.00000000    -0.01988803  -0.02141347
  0.00000000  -0.00000000     0.00028526   0.00045455     0.00000000  -0.00000000
 -0.00648901  -0.00128530     0.00000000  -0.00000000     0.00302689  -0.00245352
    7    4
  0.00657407   0.00000000    -0.00000000   0.00146501    -0.00000000  -0.00043841
 -0.00000000   0.00043841    -0.00086456  -0.00000000     0.12281005   0.00000000
  0.00000000  -0.00146501     0.01838731   0.00000000    -0.00086456   0.00000000
    7    5
  0.00464857   0.00464857     0.00103592  -0.00103592     0.00031000  -0.00031000
  0.00031000  -0.00031000    -0.00061134  -0.00061134    -0.08683980  -0.08683983
  0.00103592  -0.00103592    -0.01300179  -0.01300179    -0.00061134  -0.00061134
    7    6
 -0.01545562  -0.01545562     0.00000000   0.00000000     0.00471532  -0.00471532
  0.00000000   0.00000000    -0.08696189  -0.08696192    -0.00000000  -0.00000000
  0.00471532  -0.00471532     0.00000000  -0.00000000    -0.01459139  -0.01459139
    7    7
  0.03961736   0.00000000     0.00000000   0.00000000    -0.00000000  -0.00274130
  0.00000000  -0.00000000     0.12476732   0.00000000    -0.00000000  -0.00000000
 -0.00000000   0.00274130    -0.00000000   0.00000000     0.02764037  -0.00000000

     Dynamical  Matrix in cartesian axes

     q = (   -0.216506400  -0.000000000  -0.000000000 ) 

    1    1
  0.26128772   0.00000000    -0.00000000   0.00000000     0.00000000   0.00000000
  0.00000000   0.00000000     0.01519261   0.00000000     0.00000000   0.00000000
  0.00000000   0.00000000     0.00000000   0.00000000     0.01519261   0.00000000
    1    2
 -0.02022859  -0.00837896     0.00000000   0.00000000     0.00000000  -0.00000000
  0.00000000   0.00000000    -0.00238650  -0.01574038     0.00000000  -0.00000000
  0.00000000  -0.00000000     0.00000000   0.00000000    -0.01281765   0.00944261
    1    3
 -0.02022859  -0.00837896     0.00000000  -0.00000000     0.00000000   0.00000000
  0.00000000   0.00000000    -0.01281765   0.00944261    -0.00000000   0.00000000
  0.00000000   0.00000000    -0.00000000   0.00000000    -0.00238650  -0.01574038
    1    4
  0.00579303   0.00579303    -0.03020368   0.03020367    -0.00000000   0.00000000
 -0.01208304   0.01208304    -0.00322500  -0.00322500    -0.00000000   0.00000000
 -0.00000000   0.00000000    -0.00000000  -0.00000000     0.00003051   0.00003051
    1    5
  0.00819258   0.00000000     0.00000000  -0.04271444     0.00000000  -0.00000000
  0.00000000  -0.01708800    -0.00456084   0.00000000     0.00000000   0.00000000
  0.00000000  -0.00000000     0.00000000   0.00000000     0.00004314  -0.00000000
    1    6
  0.00819258   0.00000000     0.00000000   0.00000000     0.00000000  -0.04271444
  0.00000000   0.00000000     0.00004314   0.00000000     0.00000000  -0.00000000
  0.00000000  -0.01708800     0.00000000   0.00000000    -0.00456084  -0.00000000
    1    7
  0.00579303   0.00579303     0.00000000  -0.00000000    -0.03020368   0.03020367
  0.00000000  -0.00000000     0.00003051   0.00003051     0.00000000  -0.00000000
 -0.01208304   0.01208304     0.00000000  -0.00000000    -0.00322500  -0.00322500
    2    1
 -0.02022859   0.00837896     0.00000000  -0.00000000     0.00000000   0.00000000
  0.00000000  -0.00000000    -0.00238650   0.01574038     0.00000000   0.00000000
  0.00000000   0.00000000     0.00000000   0.00000000    -0.01281765  -0.00944261
    2    2
  0.02950801  -0.00000000    -0.00000000  -0.00000000    -0.00000000   0.00000000
  0.00000000  -0.00000000     0.03043913   0.00000000    -0.00000000   0.00000000
 -0.00000000   0.00000000    -0.00000000   0.00000000     0.03043913  -0.00000000
    2    3
 -0.00212347  -0.00000000     0.00000000   0.00000000     0.00000000  -0.00000000
  0.00000000   0.00000000    -0.01717326  -0.02080736     0.00000000  -0.00000000
  0.00000000  -0.00000000     0.00000000  -0.00000000    -0.01717326   0.02080736
    2    4
 -0.00525036  -0.00271364    -0.00648901  -0.00128530     0.00000000   0.00000000
 -0.01988803  -0.02141347     0.00302689  -0.00245352    -0.00000000   0.00000000
  0.00000000  -0.00000000    -0.00000000   0.00000000     0.00028526   0.00045455
    2    5
 -0.00563140   0.00179373     0.00549726  -0.00367958    -0.00000000  -0.00000000
  0.02920457   0.00107865     0.00040544  -0.00387523     0.00000000  -0.00000000
  0.00000000   0.00000000    -0.00000000   0.00000000     0.00052312   0.00011971
    2    6
 -0.00525036   0.00271364     0.00000000  -0.00000000    -0.00648901   0.00128530
  0.00000000  -0.00000000     0.00028526  -0.00045455    -0.00000000   0.00000000
 -0.01988803   0.02141347    -0.00000000   0.00000000     0.00302689   0.00245352
    2    7
 -0.00563140  -0.00179373    -0.00000000   0.00000000     0.00549726   0.00367958
 -0.00000000  -0.00000000     0.00052312  -0.00011971    -0.00000000  -0.00000000
  0.02920457  -0.00107865     0.00000000   0.00000000     0.00040544   0.00387523
    3    1
 -0.02022859   0.00837896     0.00000000  -0.00000000     0.00000000  -0.00000000
  0.00000000   0.00000000    -0.01281765  -0.00944261     0.00000000   0.00000000
  0.00000000  -0.00000000     0.00000000  -0.00000000    -0.00238650   0.01574038
    3    2
 -0.00212347   0.00000000     0.00000000  -0.00000000     0.00000000   0.00000000
  0.00000000  -0.00000000    -0.01717326   0.02080736     0.00000000   0.00000000
  0.00000000   0.00000000     0.00000000   0.00000000    -0.01717326  -0.02080736
    3    3
  0.02950801   0.00000000    -0.00000000   0.00000000    -0.00000000  -0.00000000
  0.00000000   0.00000000     0.03043913  -0.00000000    -0.00000000  -0.00000000
 -0.00000000  -0.00000000    -0.00000000  -0.00000000     0.03043913   0.00000000
    3    4
 -0.00563140  -0.00179373     0.00549726   0.00367958    -0.00000000   0.00000000
  0.02920457  -0.00107865     0.00040544   0.00387523     0.00000000  -0.00000000
  0.00000000  -0.00000000    -0.00000000  -0.00000000     0.00052312  -0.00011971
    3    5
 -0.00525036   0.00271364    -0.00648901   0.00128530    -0.00000000   0.00000000
 -0.01988803   0.02141347     0.00302689   0.00245352    -0.00000000   0.00000000
 -0.00000000  -0.00000000     0.00000000  -0.00000000     0.00028526  -0.00045455
    3    6
 -0.00563140   0.00179373    -0.00000000  -0.00000000     0.00549726  -0.00367958
 -0.00000000   0.00000000     0.00052312   0.00011971    -0.00000000   0.00000000
  0.02920457   0.00107865    -0.00000000   0.00000000     0.00040544  -0.00387523
    3    7
 -0.00525036  -0.00271364     0.00000000   0.00000000    -0.00648901  -0.00128530
  0.00000000   0.00000000     0.00028526   0.00045455    -0.00000000   0.00000000
 -0.01988803  -0.02141347    -0.00000000   0.00000000     0.00302689  -0.00245352
    4    1
  0.00579303  -0.00579303    -0.01208304  -0.01208304    -0.00000000   0.00000000
 -0.03020368  -0.03020367    -0.00322500   0.00322500     0.00000000  -0.00000000
  0.00000000  -0.00000000    -0.00000000  -0.00000000     0.00003051  -0.00003051
    4    2
 -0.00525036   0.00271364    -0.01988803   0.02141347     0.00000000   0.00000000
 -0.00648901   0.00128530     0.00302689   0.00245352     0.00000000   0.00000000
  0.00000000  -0.00000000     0.00000000  -0.00000000     0.00028526  -0.00045455
    4    3
 -0.00563140   0.00179373     0.02920457   0.00107865     0.00000000   0.00000000
  0.00549726  -0.00367958     0.00040544  -0.00387523    -0.00000000   0.00000000
  0.00000000   0.00000000    -0.00000000   0.00000000     0.00052312   0.00011971
    4    4
  0.03961736   0.00000000     0.00000000   0.00274130    -0.00000000   0.00000000
  0.00000000  -0.00274130     0.02764037   0.00000000    -0.00000000   0.00000000
 -0.00000000   0.00000000    -0.00000000   0.00000000     0.12476732  -0.00000000
    4    5
 -0.01545562   0.01545562     0.00471532   0.00471532     0.00000000  -0.00000000
  0.00471532   0.00471532    -0.01459139   0.01459139     0.00000000  -0.00000000
  0.00000000  -0.00000000     0.00000000  -0.00000000    -0.08696189   0.08696192
    4    6
  0.00464857  -0.00464857     0.00031000   0.00031000     0.00103592   0.00103592
  0.00103592   0.00103592    -0.00061134   0.00061134    -0.01300179   0.01300179
  0.00031000   0.00031000    -0.08683980   0.08683983    -0.00061134   0.00061134
    4    7
  0.00657407  -0.00000000    -0.00000000   0.00043841     0.00000000  -0.00146501
 -0.00000000   0.00146501    -0.00086456  -0.00000000     0.01838731  -0.00000000
  0.00000000  -0.00043841     0.12281005  -0.00000000    -0.00086456   0.00000000
    5    1
  0.00819258  -0.00000000     0.00000000   0.01708800    -0.00000000   0.00000000
  0.00000000   0.04271444    -0.00456084   0.00000000    -0.00000000   0.00000000
 -0.00000000  -0.00000000    -0.00000000   0.00000000     0.00004314   0.00000000
    5    2
 -0.00563140  -0.00179373     0.02920457  -0.00107865     0.00000000  -0.00000000
  0.00549726   0.00367958     0.00040544   0.00387523    -0.00000000  -0.00000000
  0.00000000   0.00000000     0.00000000   0.00000000     0.00052312  -0.00011971
    5    3
 -0.00525036  -0.00271364    -0.01988803  -0.02141347     0.00000000   0.00000000
 -0.00648901  -0.00128530     0.00302689  -0.00245352    -0.00000000   0.00000000
 -0.00000000   0.00000000    -0.00000000   0.00000000     0.00028526   0.00045455
    5    4
 -0.01545562  -0.01545562     0.00471532  -0.00471532     0.00000000   0.00000000
  0.00471532  -0.00471532    -0.01459139  -0.01459139     0.00000000   0.00000000
  0.00000000   0.00000000     0.00000000   0.00000000    -0.08696189  -0.08696192
    5    5
  0.03961736  -0.00000000     0.00000000  -0.00274130    -0.00000000   0.00000000
  0.00000000   0.00274130     0.02764037  -0.00000000    -0.00000000   0.00000000
 -0.00000000  -0.00000000    -0.00000000  -0.00000000     0.12476732   0.00000000
    5    6
  0.00657407   0.00000000    -0.00000000  -0.00043841     0.00000000   0.00146501
 -0.00000000  -0.00146501    -0.00086456  -0.00000000     0.01838731   0.00000000
  0.00000000   0.00043841     0.12281005   0.00000000    -0.00086456  -0.00000000
    5    7
  0.00464857   0.00464857     0.00031000  -0.00031000     0.00103592  -0.00103592
  0.00103592  -0.00103592    -0.00061134  -0.00061134    -0.01300179  -0.01300179
  0.00031000  -0.00031000    -0.08683980  -0.08683983    -0.00061134  -0.00061134
    6    1
  0.00819258  -0.00000000    -0.00000000   0.00000000     0.00000000   0.01708800
 -0.00000000  -0.00000000     0.00004314   0.00000000    -0.00000000   0.00000000
  0.00000000   0.04271444    -0.00000000  -0.00000000    -0.00456084   0.00000000
    6    2
 -0.00525036  -0.00271364     0.00000000   0.00000000    -0.01988803  -0.02141347
  0.00000000   0.00000000     0.00028526   0.00045455    -0.00000000   0.00000000
 -0.00648901  -0.00128530    -0.00000000   0.00000000     0.00302689  -0.00245352
    6    3
 -0.00563140  -0.00179373    -0.00000000  -0.00000000     0.02920457  -0.00107865
 -0.00000000   0.00000000     0.00052312  -0.00011971    -0.00000000  -0.00000000
  0.00549726   0.00367958    -0.00000000  -0.00000000     0.00040544   0.00387523
    6    4
  0.00464857   0.00464857     0.00103592  -0.00103592     0.00031000  -0.00031000
  0.00031000  -0.00031000    -0.00061134  -0.00061134    -0.08683980  -0.08683983
  0.00103592  -0.00103592    -0.01300179  -0.01300179    -0.00061134  -0.00061134
    6    5
  0.00657407  -0.00000000    -0.00000000   0.00146501     0.00000000  -0.00043841
 -0.00000000   0.00043841    -0.00086456  -0.00000000     0.12281005  -0.00000000
  0.00000000  -0.00146501     0.01838731  -0.00000000    -0.00086456   0.00000000
    6    6
  0.03961736   0.00000000    -0.00000000   0.00000000    -0.00000000  -0.00274130
 -0.00000000  -0.00000000     0.12476732   0.00000000    -0.00000000  -0.00000000
 -0.00000000   0.00274130    -0.00000000   0.00000000     0.02764037  -0.00000000
    6    7
 -0.01545562  -0.01545562     0.00000000   0.00000000     0.00471532  -0.00471532
  0.00000000   0.00000000    -0.08696189  -0.08696192     0.00000000   0.00000000
  0.00471532  -0.00471532    -0.00000000   0.00000000    -0.01459139  -0.01459139
    7    1
  0.00579303  -0.00579303     0.00000000   0.00000000    -0.01208304  -0.01208304
  0.00000000   0.00000000     0.00003051  -0.00003051     0.00000000   0.00000000
 -0.03020368  -0.03020367     0.00000000  -0.00000000    -0.00322500   0.00322500
    7    2
 -0.00563140   0.00179373    -0.00000000   0.00000000     0.02920457   0.00107865
 -0.00000000   0.00000000     0.00052312   0.00011971    -0.00000000   0.00000000
  0.00549726  -0.00367958    -0.00000000   0.00000000     0.00040544  -0.00387523
    7    3
 -0.00525036   0.00271364     0.00000000  -0.00000000    -0.01988803   0.02141347
  0.00000000  -0.00000000     0.00028526  -0.00045455     0.00000000  -0.00000000
 -0.00648901   0.00128530    -0.00000000  -0.00000000     0.00302689   0.00245352
    7    4
  0.00657407   0.00000000    -0.00000000  -0.00146501     0.00000000   0.00043841
 -0.00000000  -0.00043841    -0.00086456   0.00000000     0.12281005   0.00000000
  0.00000000   0.00146501     0.01838731   0.00000000    -0.00086456  -0.00000000
    7    5
  0.00464857  -0.00464857     0.00103592   0.00103592     0.00031000   0.00031000
  0.00031000   0.00031000    -0.00061134   0.00061134    -0.08683980   0.08683983
  0.00103592   0.00103592    -0.01300179   0.01300179    -0.00061134   0.00061134
    7    6
 -0.01545562   0.01545562     0.00000000  -0.00000000     0.00471532   0.00471532
  0.00000000  -0.00000000    -0.08696189   0.08696192     0.00000000  -0.00000000
  0.00471532   0.00471532    -0.00000000  -0.00000000    -0.01459139   0.01459139
    7    7
  0.03961736  -0.00000000    -0.00000000  -0.00000000    -0.00000000   0.00274130
 -0.00000000   0.00000000     0.12476732  -0.00000000    -0.00000000   0.00000000
 -0.00000000  -0.00274130    -0.00000000   0.00000000     0.02764037   0.00000000

     Dynamical  Matrix in cartesian axes

     q = (   -0.000000000   0.216506400   0.000000000 ) 

    1    1
  0.01519261   0.00000000    -0.00000000   0.00000000     0.00000000   0.00000000
  0.00000000   0.00000000     0.26128772   0.00000000     0.00000000   0.00000000
  0.00000000   0.00000000     0.00000000   0.00000000     0.01519261   0.00000000
    1    2
 -0.00456084  -0.00000000     0.00000000   0.01708800    -0.00000000  -0.00000000
  0.00000000   0.04271444     0.00819258  -0.00000000    -0.00000000   0.00000000
  0.00000000  -0.00000000     0.00000000   0.00000000     0.00004314  -0.00000000
    1    3
 -0.00322500   0.00322500    -0.01208304  -0.01208304    -0.00000000  -0.00000000
 -0.03020368  -0.03020367     0.00579303  -0.00579303     0.00000000  -0.00000000
 -0.00000000  -0.00000000     0.00000000  -0.00000000     0.00003051  -0.00003051
    1    4
 -0.01281765  -0.00944261     0.00000000  -0.00000000     0.00000000  -0.00000000
  0.00000000  -0.00000000    -0.02022859   0.00837896     0.00000000   0.00000000
  0.00000000  -0.00000000     0.00000000  -0.00000000    -0.00238650   0.01574038
    1    5
 -0.00238650   0.01574038     0.00000000   0.00000000     0.00000000   0.00000000
 -0.00000000   0.00000000    -0.02022859   0.00837896     0.00000000   0.00000000
  0.00000000   0.00000000     0.00000000   0.00000000    -0.01281765  -0.00944261
    1    6
  0.00003051  -0.00003051     0.00000000   0.00000000     0.00000000  -0.00000000
  0.00000000   0.00000000     0.00579303  -0.00579303    -0.03020368  -0.03020367
  0.00000000   0.00000000    -0.01208304  -0.01208304    -0.00322500   0.00322500
    1    7
  0.00004314   0.00000000    -0.00000000   0.00000000     0.00000000   0.00000000
  0.00000000  -0.00000000     0.00819258  -0.00000000     0.00000000   0.04271444
