  2.000000000000000E-002   1.26015754758087        2.29045391948694     
          24

     Dynamical  Matrix in cartesian axes

     q = (    0.433012700   0.324759500   0.324759500 ) 

    1    1
  0.06369278   0.00000000    -0.01054422   0.00000000    -0.01054422   0.00000000
 -0.01054422   0.00000000     0.05877641   0.00000000     0.00944425   0.00000000
 -0.01054422   0.00000000     0.00944425   0.00000000     0.05877641   0.00000000
    1    2
 -0.00105703  -0.00255189     0.00185490  -0.01130926    -0.00930847  -0.00668524
 -0.01396706   0.00319943    -0.00212991  -0.01058415     0.00416682   0.00322713
  0.01213854  -0.00761386    -0.00066446   0.00522831    -0.00597805  -0.00899020
    1    3
 -0.00105703  -0.00255189    -0.00930847  -0.00668524     0.00185490  -0.01130926
  0.01213854  -0.00761386    -0.00597805  -0.00899020    -0.00066446   0.00522831
 -0.01396706   0.00319943     0.00416682   0.00322713    -0.00212991  -0.01058415
    1    4
 -0.00105892  -0.00264446     0.00522705  -0.00709240    -0.00377708   0.00857366
 -0.01091819  -0.01384063     0.01390092  -0.00630683     0.00486397  -0.00125861
  0.00080272   0.00283621     0.00615017   0.00273503     0.00968367   0.00369468
    1    5
 -0.00112115  -0.00261869    -0.00871116  -0.00131901     0.00873329   0.00339169
 -0.00206647  -0.01750713    -0.01428904   0.00536983    -0.00432931   0.00254937
  0.00143789   0.00257311    -0.00241486   0.00628279    -0.00423486   0.00945992
    1    6
 -0.00112115  -0.00261869     0.00873329   0.00339169    -0.00871116  -0.00131901
  0.00143789   0.00257311    -0.00423486   0.00945992    -0.00241486   0.00628279
 -0.00206647  -0.01750713    -0.00432931   0.00254937    -0.01428904   0.00536983
    1    7
 -0.00105892  -0.00264446    -0.00377708   0.00857366     0.00522705  -0.00709240
  0.00080272   0.00283621     0.00968367   0.00369468     0.00615017   0.00273503
 -0.01091819  -0.01384063     0.00486397  -0.00125861     0.01390092  -0.00630683
    2    1
 -0.00105703   0.00255189    -0.01396706  -0.00319943     0.01213854   0.00761386
  0.00185490   0.01130926    -0.00212991   0.01058415    -0.00066446  -0.00522831
 -0.00930847   0.00668524     0.00416682  -0.00322713    -0.00597805   0.00899020
    2    2
  0.06746287  -0.00000000     0.00462283   0.01593806     0.00462283  -0.01593806
  0.00462283  -0.01593806     0.04278535  -0.00000000     0.00641270  -0.00481067
  0.00462283   0.01593806     0.00641270   0.00481067     0.04278535   0.00000000
    2    3
 -0.00003523   0.00000000     0.00453059   0.00468625     0.00453059  -0.00468625
  0.00453059   0.00468625    -0.00294231   0.01479288    -0.00809833  -0.00000000
  0.00453059  -0.00468625    -0.00809833   0.00000000    -0.00294231  -0.01479288
    2    4
 -0.00375968   0.02445711    -0.00606326   0.03644118    -0.00129163   0.00243453
  0.00507938   0.02589261     0.01169914   0.01367391    -0.00996084   0.00004388
 -0.01320942   0.00659628    -0.00643489   0.00540351     0.00364423   0.00353064
    2    5
 -0.01449716   0.00797379     0.01215454  -0.00814989    -0.00050789   0.00642107
  0.03168631   0.00676630    -0.00649622  -0.00765927     0.00149608  -0.00585222
  0.00062605   0.00350667     0.00170606  -0.00253068    -0.01631131  -0.00435260
    2    6
 -0.00375968  -0.02445711    -0.00129163  -0.00243453    -0.00606326  -0.03644118
 -0.01320942  -0.00659628     0.00364423  -0.00353064    -0.00643489  -0.00540351
  0.00507938  -0.02589261    -0.00996084  -0.00004388     0.01169914  -0.01367391
    2    7
 -0.01449716  -0.00797379    -0.00050789  -0.00642107     0.01215454   0.00814989
  0.00062605  -0.00350667    -0.01631131   0.00435260     0.00170606   0.00253068
  0.03168631  -0.00676630     0.00149608   0.00585222    -0.00649622   0.00765927
    3    1
 -0.00105703   0.00255189     0.01213854   0.00761386    -0.01396706  -0.00319943
 -0.00930847   0.00668524    -0.00597805   0.00899020     0.00416682  -0.00322713
  0.00185490   0.01130926    -0.00066446  -0.00522831    -0.00212991   0.01058415
    3    2
 -0.00003523   0.00000000     0.00453059  -0.00468625     0.00453059   0.00468625
  0.00453059  -0.00468625    -0.00294231  -0.01479288    -0.00809833   0.00000000
  0.00453059   0.00468625    -0.00809833  -0.00000000    -0.00294231   0.01479288
    3    3
  0.06746287   0.00000000     0.00462283  -0.01593806     0.00462283   0.01593806
  0.00462283   0.01593806     0.04278535   0.00000000     0.00641270   0.00481067
  0.00462283  -0.01593806     0.00641270  -0.00481067     0.04278535  -0.00000000
    3    4
 -0.01449716  -0.00797379     0.01215454   0.00814989    -0.00050789  -0.00642107
  0.03168631  -0.00676630    -0.00649622   0.00765927     0.00149608   0.00585222
  0.00062605  -0.00350667     0.00170606   0.00253068    -0.01631131   0.00435260
    3    5
 -0.00375968  -0.02445711    -0.00606326  -0.03644118    -0.00129163  -0.00243453
  0.00507938  -0.02589261     0.01169914  -0.01367391    -0.00996084  -0.00004388
 -0.01320942  -0.00659628    -0.00643489  -0.00540351     0.00364423  -0.00353064
    3    6
 -0.01449716   0.00797379    -0.00050789   0.00642107     0.01215454  -0.00814989
  0.00062605   0.00350667    -0.01631131  -0.00435260     0.00170606  -0.00253068
  0.03168631   0.00676630     0.00149608  -0.00585222    -0.00649622  -0.00765927
    3    7
 -0.00375968   0.02445711    -0.00129163   0.00243453    -0.00606326   0.03644118
 -0.01320942   0.00659628     0.00364423   0.00353064    -0.00643489   0.00540351
  0.00507938   0.02589261    -0.00996084   0.00004388     0.01169914   0.01367391
    4    1
 -0.00105892   0.00264446    -0.01091819   0.01384063     0.00080272  -0.00283621
  0.00522705   0.00709240     0.01390092   0.00630683     0.00615017  -0.00273503
 -0.00377708  -0.00857366     0.00486397   0.00125861     0.00968367  -0.00369468
    4    2
 -0.00375968  -0.02445711     0.00507938  -0.02589261    -0.01320942  -0.00659628
 -0.00606326  -0.03644118     0.01169914  -0.01367391    -0.00643489  -0.00540351
 -0.00129163  -0.00243453    -0.00996084  -0.00004388     0.00364423  -0.00353064
    4    3
 -0.01449716   0.00797379     0.03168631   0.00676630     0.00062605   0.00350667
  0.01215454  -0.00814989    -0.00649622  -0.00765927     0.00170606  -0.00253068
 -0.00050789   0.00642107     0.00149608  -0.00585222    -0.01631131  -0.00435260
    4    4
  0.04804666   0.00000000     0.00663113  -0.00042407    -0.00012468   0.00434822
  0.00663113   0.00042407     0.04377726  -0.00000000     0.00229822   0.00407937
 -0.00012468  -0.00434822     0.00229822  -0.00407937     0.03601685   0.00000000
    4    5
  0.01162503  -0.01326529     0.00153041  -0.00197000    -0.00865338  -0.00263345
  0.00153041  -0.00197000    -0.01223531  -0.00560303     0.00467244  -0.00136169
 -0.00865338  -0.00263345     0.00467244  -0.00136169    -0.01111961   0.00855414
    4    6
 -0.00621380   0.00750354    -0.00881764  -0.00621497    -0.01197634   0.00469670
 -0.01197634   0.00469670    -0.00289575   0.00793347    -0.02680104   0.01028119
 -0.00881764  -0.00621497    -0.01746929   0.01792257    -0.00289575   0.00793347
    4    7
 -0.01196750   0.00000000     0.00024038   0.01104677     0.00010941  -0.00550627
  0.00010941   0.00550627    -0.01059421   0.00547191     0.01300126   0.00000000
  0.00024038  -0.01104677     0.02118807   0.00000000    -0.01059421  -0.00547191
    5    1
 -0.00112115   0.00261869    -0.00206647   0.01750713     0.00143789  -0.00257311
 -0.00871116   0.00131901    -0.01428904  -0.00536983    -0.00241486  -0.00628279
  0.00873329  -0.00339169    -0.00432931  -0.00254937    -0.00423486  -0.00945992
    5    2
 -0.01449716  -0.00797379     0.03168631  -0.00676630     0.00062605  -0.00350667
  0.01215454   0.00814989    -0.00649622   0.00765927     0.00170606   0.00253068
 -0.00050789  -0.00642107     0.00149608   0.00585222    -0.01631131   0.00435260
    5    3
 -0.00375968   0.02445711     0.00507938   0.02589261    -0.01320942   0.00659628
 -0.00606326   0.03644118     0.01169914   0.01367391    -0.00643489   0.00540351
 -0.00129163   0.00243453    -0.00996084   0.00004388     0.00364423   0.00353064
    5    4
  0.01162503   0.01326529     0.00153041   0.00197000    -0.00865338   0.00263345
  0.00153041   0.00197000    -0.01223531   0.00560303     0.00467244   0.00136169
 -0.00865338   0.00263345     0.00467244   0.00136169    -0.01111961  -0.00855414
    5    5
  0.04804666  -0.00000000     0.00663113   0.00042407    -0.00012468  -0.00434822
  0.00663113  -0.00042407     0.04377726   0.00000000     0.00229822  -0.00407937
 -0.00012468   0.00434822     0.00229822   0.00407937     0.03601685  -0.00000000
    5    6
 -0.01196750  -0.00000000     0.00024038  -0.01104677     0.00010941   0.00550627
  0.00010941  -0.00550627    -0.01059421  -0.00547191     0.01300126   0.00000000
  0.00024038   0.01104677     0.02118807   0.00000000    -0.01059421   0.00547191
    5    7
 -0.00621380  -0.00750354    -0.00881764   0.00621497    -0.01197634  -0.00469670
 -0.01197634  -0.00469670    -0.00289575  -0.00793347    -0.02680104  -0.01028119
 -0.00881764   0.00621497    -0.01746929  -0.01792257    -0.00289575  -0.00793347
    6    1
 -0.00112115   0.00261869     0.00143789  -0.00257311    -0.00206647   0.01750713
  0.00873329  -0.00339169    -0.00423486  -0.00945992    -0.00432931  -0.00254937
 -0.00871116   0.00131901    -0.00241486  -0.00628279    -0.01428904  -0.00536983
    6    2
 -0.00375968   0.02445711    -0.01320942   0.00659628     0.00507938   0.02589261
 -0.00129163   0.00243453     0.00364423   0.00353064    -0.00996084   0.00004388
 -0.00606326   0.03644118    -0.00643489   0.00540351     0.01169914   0.01367391
    6    3
 -0.01449716  -0.00797379     0.00062605  -0.00350667     0.03168631  -0.00676630
 -0.00050789  -0.00642107    -0.01631131   0.00435260     0.00149608   0.00585222
  0.01215454   0.00814989     0.00170606   0.00253068    -0.00649622   0.00765927
    6    4
 -0.00621380  -0.00750354    -0.01197634  -0.00469670    -0.00881764   0.00621497
 -0.00881764   0.00621497    -0.00289575  -0.00793347    -0.01746929  -0.01792257
 -0.01197634  -0.00469670    -0.02680104  -0.01028119    -0.00289575  -0.00793347
    6    5
 -0.01196750   0.00000000     0.00010941   0.00550627     0.00024038  -0.01104677
  0.00024038   0.01104677    -0.01059421   0.00547191     0.02118807  -0.00000000
  0.00010941  -0.00550627     0.01300126  -0.00000000    -0.01059421  -0.00547191
    6    6
  0.04804666  -0.00000000    -0.00012468  -0.00434822     0.00663113   0.00042407
 -0.00012468   0.00434822     0.03601685  -0.00000000     0.00229822   0.00407937
  0.00663113  -0.00042407     0.00229822  -0.00407937     0.04377726   0.00000000
    6    7
  0.01162503   0.01326529    -0.00865338   0.00263345     0.00153041   0.00197000
 -0.00865338   0.00263345    -0.01111961  -0.00855414     0.00467244   0.00136169
  0.00153041   0.00197000     0.00467244   0.00136169    -0.01223531   0.00560303
    7    1
 -0.00105892   0.00264446     0.00080272  -0.00283621    -0.01091819   0.01384063
 -0.00377708  -0.00857366     0.00968367  -0.00369468     0.00486397   0.00125861
  0.00522705   0.00709240     0.00615017  -0.00273503     0.01390092   0.00630683
    7    2
 -0.01449716   0.00797379     0.00062605   0.00350667     0.03168631   0.00676630
 -0.00050789   0.00642107    -0.01631131  -0.00435260     0.00149608  -0.00585222
  0.01215454  -0.00814989     0.00170606  -0.00253068    -0.00649622  -0.00765927
    7    3
 -0.00375968  -0.02445711    -0.01320942  -0.00659628     0.00507938  -0.02589261
 -0.00129163  -0.00243453     0.00364423  -0.00353064    -0.00996084  -0.00004388
 -0.00606326  -0.03644118    -0.00643489  -0.00540351     0.01169914  -0.01367391
    7    4
 -0.01196750   0.00000000     0.00010941  -0.00550627     0.00024038   0.01104677
  0.00024038  -0.01104677    -0.01059421  -0.00547191     0.02118807  -0.00000000
  0.00010941   0.00550627     0.01300126  -0.00000000    -0.01059421   0.00547191
    7    5
 -0.00621380   0.00750354    -0.01197634   0.00469670    -0.00881764  -0.00621497
 -0.00881764  -0.00621497    -0.00289575   0.00793347    -0.01746929   0.01792257
 -0.01197634   0.00469670    -0.02680104   0.01028119    -0.00289575   0.00793347
    7    6
  0.01162503  -0.01326529    -0.00865338  -0.00263345     0.00153041  -0.00197000
 -0.00865338  -0.00263345    -0.01111961   0.00855414     0.00467244  -0.00136169
  0.00153041  -0.00197000     0.00467244  -0.00136169    -0.01223531  -0.00560303
    7    7
  0.04804666   0.00000000    -0.00012468   0.00434822     0.00663113  -0.00042407
 -0.00012468  -0.00434822     0.03601685   0.00000000     0.00229822  -0.00407937
  0.00663113   0.00042407     0.00229822   0.00407937     0.04377726  -0.00000000

     Dynamical  Matrix in cartesian axes

     q = (   -0.433012700   0.324759500  -0.324759500 ) 

    1    1
  0.06369278  -0.00000000     0.01054422   0.00000000    -0.01054422  -0.00000000
  0.01054422   0.00000000     0.05877641  -0.00000000    -0.00944425   0.00000000
 -0.01054422  -0.00000000    -0.00944425   0.00000000     0.05877641   0.00000000
    1    2
 -0.00105703   0.00255189    -0.00185490  -0.01130926    -0.00930847   0.00668524
  0.01396706   0.00319943    -0.00212991   0.01058415    -0.00416682   0.00322713
  0.01213854   0.00761386     0.00066446   0.00522831    -0.00597805   0.00899020
    1    3
  0.00255189  -0.00105703    -0.01130926  -0.00185490     0.00668524  -0.00930847
  0.00319943   0.01396706     0.01058415  -0.00212991     0.00322713  -0.00416682
  0.00761386   0.01213854     0.00522831   0.00066446     0.00899020  -0.00597805
    1    4
  0.00105892   0.00264446     0.00522705  -0.00709240     0.00377708  -0.00857366
 -0.01091819  -0.01384063    -0.01390092   0.00630683     0.00486397  -0.00125861
 -0.00080272  -0.00283621     0.00615017   0.00273503    -0.00968367  -0.00369468
    1    5
  0.00264446   0.00105892    -0.00709240   0.00522705    -0.00857366   0.00377708
 -0.01384063  -0.01091819     0.00630683  -0.01390092    -0.00125861   0.00486397
 -0.00283621  -0.00080272     0.00273503   0.00615017    -0.00369468  -0.00968367
    1    6
  0.00264446  -0.00105892     0.00857366   0.00377708     0.00709240   0.00522705
  0.00283621  -0.00080272    -0.00369468   0.00968367     0.00273503  -0.00615017
  0.01384063  -0.01091819    -0.00125861  -0.00486397     0.00630683   0.01390092
    1    7
 -0.00105892   0.00264446     0.00377708   0.00857366     0.00522705   0.00709240
 -0.00080272   0.00283621     0.00968367  -0.00369468    -0.00615017   0.00273503
 -0.01091819   0.01384063    -0.00486397  -0.00125861     0.01390092   0.00630683
    2    1
 -0.00105703  -0.00255189     0.01396706  -0.00319943     0.01213854  -0.00761386
 -0.00185490   0.01130926    -0.00212991  -0.01058415     0.00066446  -0.00522831
 -0.00930847  -0.00668524    -0.00416682  -0.00322713    -0.00597805  -0.00899020
    2    2
  0.06746287  -0.00000000    -0.00462283   0.01593806     0.00462283   0.01593806
 -0.00462283  -0.01593806     0.04278535   0.00000000    -0.00641270  -0.00481067
  0.00462283  -0.01593806    -0.00641270   0.00481067     0.04278535  -0.00000000
    2    3
  0.00002491   0.00002491     0.00651729  -0.00011006     0.00011006  -0.00651729
  0.00651729  -0.00011006    -0.00837962   0.01254067    -0.00572639  -0.00572639
  0.00011006  -0.00651729    -0.00572639  -0.00572639     0.01254067  -0.00837961
    2    4
 -0.01588937   0.00461272    -0.01435740   0.00283171    -0.00489952  -0.00418125
 -0.01762111   0.02719010     0.00082240   0.01000944    -0.00519603  -0.00308026
 -0.00203691  -0.00292227    -0.00299583  -0.00058310    -0.00845609   0.01461159
    2    5
 -0.02445711   0.00375968     0.03644118  -0.00606326    -0.00243453   0.00129163
  0.02589261   0.00507938    -0.01367391  -0.01169914     0.00004388  -0.00996084
 -0.00659628   0.01320942     0.00540351  -0.00643489    -0.00353064  -0.00364423
    2    6
  0.01995229  -0.01463529    -0.00263479   0.00080815     0.03005518  -0.02148043
 -0.01400474  -0.00467620    -0.00008032  -0.00507340    -0.00837101  -0.00072930
  0.01471718  -0.02190050    -0.00707440  -0.00701235     0.00139638  -0.01794146
    2    7
 -0.01449716   0.00797379     0.00050789  -0.00642107     0.01215454  -0.00814989
 -0.00062605  -0.00350667    -0.01631131  -0.00435260    -0.00170606   0.00253068
  0.03168631   0.00676630    -0.00149608   0.00585222    -0.00649622  -0.00765927
    3    1
  0.00255189   0.00105703     0.00319943  -0.01396706     0.00761386  -0.01213854
 -0.01130926   0.00185490     0.01058415   0.00212991     0.00522831  -0.00066446
  0.00668524   0.00930847     0.00322713   0.00416682     0.00899020   0.00597805
    3    2
  0.00002491  -0.00002491     0.00651729   0.00011006     0.00011006   0.00651729
  0.00651729   0.00011006    -0.00837962  -0.01254067    -0.00572639   0.00572639
  0.00011006   0.00651729    -0.00572639   0.00572639     0.01254067   0.00837961
    3    3
  0.06746287  -0.00000000    -0.00462283  -0.01593806     0.00462283  -0.01593806
 -0.00462283   0.01593806     0.04278535  -0.00000000    -0.00641270   0.00481067
  0.00462283   0.01593806    -0.00641270  -0.00481067     0.04278535  -0.00000000
    3    4
 -0.02445711  -0.00375968     0.03644118   0.00606326    -0.00243453  -0.00129163
  0.02589261  -0.00507938    -0.01367391   0.01169914     0.00004388   0.00996084
 -0.00659628  -0.01320942     0.00540351   0.00643489    -0.00353064   0.00364423
    3    5
 -0.01588937  -0.00461272    -0.01435740  -0.00283171    -0.00489952   0.00418125
 -0.01762111  -0.02719010     0.00082240  -0.01000944    -0.00519603   0.00308026
 -0.00203691   0.00292227    -0.00299583   0.00058310    -0.00845609  -0.01461159
    3    6
 -0.01449716  -0.00797379     0.00050789   0.00642107     0.01215454   0.00814989
 -0.00062605   0.00350667    -0.01631131   0.00435260    -0.00170606  -0.00253068
  0.03168631  -0.00676630    -0.00149608  -0.00585222    -0.00649622   0.00765927
    3    7
  0.01995229   0.01463529    -0.00263479  -0.00080815     0.03005518   0.02148043
 -0.01400474   0.00467620    -0.00008032   0.00507340    -0.00837101   0.00072930
  0.01471718   0.02190050    -0.00707440   0.00701235     0.00139638   0.01794146
    4    1
  0.00105892  -0.00264446    -0.01091819   0.01384063    -0.00080272   0.00283621
  0.00522705   0.00709240    -0.01390092  -0.00630683     0.00615017  -0.00273503
  0.00377708   0.00857366     0.00486397   0.00125861    -0.00968367   0.00369468
    4    2
 -0.01588937  -0.00461272    -0.01762111  -0.02719010    -0.00203691   0.00292227
 -0.01435740  -0.00283171     0.00082240  -0.01000944    -0.00299583   0.00058310
 -0.00489952   0.00418125    -0.00519603   0.00308026    -0.00845609  -0.01461159
    4    3
 -0.02445711   0.00375968     0.02589261   0.00507938    -0.00659628   0.01320942
  0.03644118  -0.00606326    -0.01367391  -0.01169914     0.00540351  -0.00643489
 -0.00243453   0.00129163     0.00004388  -0.00996084    -0.00353064  -0.00364423
    4    4
  0.04804666   0.00000000    -0.00663113   0.00042407    -0.00012468   0.00434822
 -0.00663113  -0.00042407     0.04377726  -0.00000000    -0.00229822  -0.00407937
 -0.00012468  -0.00434822    -0.00229822   0.00407937     0.03601685   0.00000000
    4    5
 -0.00115984  -0.01760012     0.00031083   0.00247516    -0.00798100   0.00425674
  0.00031083   0.00247516    -0.01261361   0.00468973    -0.00234105   0.00426677
 -0.00798100   0.00425674    -0.00234105   0.00426677    -0.00181406   0.01391145
    4    6
 -0.00000000   0.01196750    -0.01104677   0.00024038    -0.00550627  -0.00010941
 -0.00550627   0.00010941     0.00547191   0.01059421    -0.00000000   0.01300126
 -0.01104677  -0.00024038    -0.00000000   0.02118807    -0.00547191   0.01059421
    4    7
 -0.00969962   0.00091199     0.00184037   0.01062966    -0.01178963  -0.00514748
  0.01178963   0.00514748    -0.00765742   0.00356221     0.02622109   0.01168129
 -0.00184037  -0.01062966     0.02502583  -0.00032053    -0.00765742   0.00356221
    5    1
  0.00264446  -0.00105892    -0.01384063   0.01091819    -0.00283621   0.00080272
 -0.00709240  -0.00522705     0.00630683   0.01390092     0.00273503  -0.00615017
 -0.00857366  -0.00377708    -0.00125861  -0.00486397    -0.00369468   0.00968367
    5    2
 -0.02445711  -0.00375968     0.02589261  -0.00507938    -0.00659628  -0.01320942
  0.03644118   0.00606326    -0.01367391   0.01169914     0.00540351   0.00643489
 -0.00243453  -0.00129163     0.00004388   0.00996084    -0.00353064   0.00364423
    5    3
 -0.01588937   0.00461272    -0.01762111   0.02719010    -0.00203691  -0.00292227
 -0.01435740   0.00283171     0.00082240   0.01000944    -0.00299583  -0.00058310
 -0.00489952  -0.00418125    -0.00519603  -0.00308026    -0.00845609   0.01461159
    5    4
 -0.00115984   0.01760012     0.00031083  -0.00247516    -0.00798100  -0.00425674
  0.00031083  -0.00247516    -0.01261361  -0.00468973    -0.00234105  -0.00426677
 -0.00798100  -0.00425674    -0.00234105  -0.00426677    -0.00181406  -0.01391145
    5    5
  0.04804666  -0.00000000    -0.00663113  -0.00042407    -0.00012468  -0.00434822
 -0.00663113   0.00042407     0.04377726   0.00000000    -0.00229822   0.00407937
 -0.00012468   0.00434822    -0.00229822  -0.00407937     0.03601685  -0.00000000
    5    6
 -0.00969962  -0.00091199     0.00184037  -0.01062966    -0.01178963   0.00514748
  0.01178963  -0.00514748    -0.00765742  -0.00356221     0.02622109  -0.01168129
 -0.00184037   0.01062966     0.02502583   0.00032053    -0.00765742  -0.00356221
    5    7
 -0.00000000  -0.01196750    -0.01104677  -0.00024038    -0.00550627   0.00010941
 -0.00550627  -0.00010941     0.00547191  -0.01059421    -0.00000000  -0.01300126
 -0.01104677   0.00024038    -0.00000000  -0.02118807    -0.00547191  -0.01059421
    6    1
  0.00264446   0.00105892     0.00283621   0.00080272     0.01384063   0.01091819
  0.00857366  -0.00377708    -0.00369468  -0.00968367    -0.00125861   0.00486397
  0.00709240  -0.00522705     0.00273503   0.00615017     0.00630683  -0.01390092
    6    2
  0.01995229   0.01463529    -0.01400474   0.00467620     0.01471718   0.02190050
 -0.00263479  -0.00080815    -0.00008032   0.00507340    -0.00707440   0.00701235
  0.03005518   0.02148043    -0.00837101   0.00072930     0.00139638   0.01794146
    6    3
 -0.01449716   0.00797379    -0.00062605  -0.00350667     0.03168631   0.00676630
  0.00050789  -0.00642107    -0.01631131  -0.00435260    -0.00149608   0.00585222
  0.01215454  -0.00814989    -0.00170606   0.00253068    -0.00649622  -0.00765927
    6    4
 -0.00000000  -0.01196750    -0.00550627  -0.00010941    -0.01104677   0.00024038
 -0.01104677  -0.00024038     0.00547191  -0.01059421    -0.00000000  -0.02118807
 -0.00550627   0.00010941    -0.00000000  -0.01300126    -0.00547191  -0.01059421
    6    5
 -0.00969962   0.00091199     0.01178963   0.00514748    -0.00184037  -0.01062966
  0.00184037   0.01062966    -0.00765742   0.00356221     0.02502583  -0.00032053
 -0.01178963  -0.00514748     0.02622109   0.01168129    -0.00765742   0.00356221
    6    6
  0.04804666   0.00000000     0.00012468  -0.00434822     0.00663113  -0.00042407
  0.00012468   0.00434822     0.03601685   0.00000000    -0.00229822   0.00407937
  0.00663113   0.00042407    -0.00229822  -0.00407937     0.04377726  -0.00000000
    6    7
  0.00115984   0.01760012    -0.00798100   0.00425674     0.00031083   0.00247516
 -0.00798100   0.00425674     0.00181406  -0.01391145     0.00234105  -0.00426677
  0.00031083   0.00247516     0.00234105  -0.00426677     0.01261361  -0.00468973
    7    1
 -0.00105892  -0.00264446    -0.00080272  -0.00283621    -0.01091819  -0.01384063
  0.00377708  -0.00857366     0.00968367   0.00369468    -0.00486397   0.00125861
  0.00522705  -0.00709240    -0.00615017  -0.00273503     0.01390092  -0.00630683
    7    2
 -0.01449716  -0.00797379    -0.00062605   0.00350667     0.03168631  -0.00676630
  0.00050789   0.00642107    -0.01631131   0.00435260    -0.00149608  -0.00585222
  0.01215454   0.00814989    -0.00170606  -0.00253068    -0.00649622   0.00765927
    7    3
  0.01995229  -0.01463529    -0.01400474  -0.00467620     0.01471718  -0.02190050
 -0.00263479   0.00080815    -0.00008032  -0.00507340    -0.00707440  -0.00701235
  0.03005518  -0.02148043    -0.00837101  -0.00072930     0.00139638  -0.01794146
    7    4
 -0.00969962  -0.00091199     0.01178963  -0.00514748    -0.00184037   0.01062966
  0.00184037  -0.01062966    -0.00765742  -0.00356221     0.02502583   0.00032053
 -0.01178963   0.00514748     0.02622109  -0.01168129    -0.00765742  -0.00356221
    7    5
 -0.00000000   0.01196750    -0.00550627   0.00010941    -0.01104677  -0.00024038
 -0.01104677   0.00024038     0.00547191   0.01059421    -0.00000000   0.02118807
 -0.00550627  -0.00010941    -0.00000000   0.01300126    -0.00547191   0.01059421
    7    6
  0.00115984  -0.01760012    -0.00798100  -0.00425674     0.00031083  -0.00247516
 -0.00798100  -0.00425674     0.00181406   0.01391145     0.00234105   0.00426677
  0.00031083  -0.00247516     0.00234105   0.00426677     0.01261361   0.00468973
    7    7
  0.04804666  -0.00000000     0.00012468   0.00434822     0.00663113   0.00042407
  0.00012468  -0.00434822     0.03601685  -0.00000000    -0.00229822  -0.00407937
  0.00663113  -0.00042407    -0.00229822   0.00407937     0.04377726  -0.00000000

     Dynamical  Matrix in cartesian axes

     q = (    0.433012700  -0.324759500  -0.324759500 ) 

    1    1
  0.06369278  -0.00000000     0.01054422   0.00000000     0.01054422   0.00000000
  0.01054422   0.00000000     0.05877641  -0.00000000     0.00944425   0.00000000
  0.01054422   0.00000000     0.00944425  -0.00000000     0.05877641   0.00000000
    1    2
  0.00255189   0.00105703    -0.00668524  -0.00930847    -0.01130926   0.00185490
 -0.00761386   0.01213854     0.00899020   0.00597805    -0.00522831   0.00066446
  0.00319943  -0.01396706    -0.00322713  -0.00416682     0.01058415   0.00212991
    1    3
  0.00255189   0.00105703    -0.01130926   0.00185490    -0.00668524  -0.00930847
  0.00319943  -0.01396706     0.01058415   0.00212991    -0.00322713  -0.00416682
 -0.00761386   0.01213854    -0.00522831   0.00066446     0.00899020   0.00597805
    1    4
  0.00105892  -0.00264446     0.00522705   0.00709240    -0.00377708  -0.00857366
 -0.01091819   0.01384063    -0.01390092  -0.00630683    -0.00486397  -0.00125861
  0.00080272  -0.00283621    -0.00615017   0.00273503    -0.00968367   0.00369468
    1    5
 -0.00112115   0.00261869     0.00871116  -0.00131901    -0.00873329   0.00339169
  0.00206647  -0.01750713    -0.01428904  -0.00536983    -0.00432931  -0.00254937
 -0.00143789   0.00257311    -0.00241486  -0.00628279    -0.00423486  -0.00945992
    1    6
 -0.00112115   0.00261869    -0.00873329   0.00339169     0.00871116  -0.00131901
 -0.00143789   0.00257311    -0.00423486  -0.00945992    -0.00241486  -0.00628279
  0.00206647  -0.01750713    -0.00432931  -0.00254937    -0.01428904  -0.00536983
    1    7
  0.00105892  -0.00264446    -0.00377708  -0.00857366     0.00522705   0.00709240
  0.00080272  -0.00283621    -0.00968367   0.00369468    -0.00615017   0.00273503
 -0.01091819   0.01384063    -0.00486397  -0.00125861    -0.01390092  -0.00630683
    2    1
  0.00255189  -0.00105703    -0.00761386  -0.01213854     0.00319943   0.01396706
 -0.00668524   0.00930847     0.00899020  -0.00597805    -0.00322713   0.00416682
 -0.01130926  -0.00185490    -0.00522831  -0.00066446     0.01058415  -0.00212991
    2    2
  0.06746287  -0.00000000    -0.00462283  -0.01593806    -0.00462283   0.01593806
 -0.00462283   0.01593806     0.04278535   0.00000000     0.00641270  -0.00481067
 -0.00462283  -0.01593806     0.00641270   0.00481067     0.04278535  -0.00000000
    2    3
 -0.00003523   0.00000000    -0.00453059  -0.00468625    -0.00453059   0.00468625
 -0.00453059  -0.00468625    -0.00294231   0.01479288    -0.00809833  -0.00000000
 -0.00453059   0.00468625    -0.00809833  -0.00000000    -0.00294231  -0.01479288
    2    4
  0.00797379   0.01449716     0.00814989   0.01215454    -0.00642107  -0.00050789
 -0.00676630   0.03168631    -0.00765927   0.00649622    -0.00585222  -0.00149608
 -0.00350667   0.00062605    -0.00253068  -0.00170606    -0.00435260   0.01631131
    2    5
 -0.02445711  -0.00375968     0.03644118   0.00606326     0.00243453   0.00129163
  0.02589261  -0.00507938    -0.01367391   0.01169914    -0.00004388  -0.00996084
  0.00659628   0.01320942    -0.00540351  -0.00643489    -0.00353064   0.00364423
    2    6
  0.00797379  -0.01449716    -0.00642107   0.00050789     0.00814989  -0.01215454
 -0.00350667  -0.00062605    -0.00435260  -0.01631131    -0.00253068   0.00170606
 -0.00676630  -0.03168631    -0.00585222   0.00149608    -0.00765927  -0.00649622
    2    7
 -0.02445711   0.00375968     0.00243453  -0.00129163     0.03644118  -0.00606326
  0.00659628  -0.01320942    -0.00353064  -0.00364423    -0.00540351   0.00643489
  0.02589261   0.00507938    -0.00004388   0.00996084    -0.01367391  -0.01169914
    3    1
  0.00255189  -0.00105703     0.00319943   0.01396706    -0.00761386  -0.01213854
 -0.01130926  -0.00185490     0.01058415  -0.00212991    -0.00522831  -0.00066446
 -0.00668524   0.00930847    -0.00322713   0.00416682     0.00899020  -0.00597805
    3    2
 -0.00003523   0.00000000    -0.00453059   0.00468625    -0.00453059  -0.00468625
 -0.00453059   0.00468625    -0.00294231  -0.01479288    -0.00809833   0.00000000
 -0.00453059  -0.00468625    -0.00809833   0.00000000    -0.00294231   0.01479288
    3    3
  0.06746287   0.00000000    -0.00462283   0.01593806    -0.00462283  -0.01593806
 -0.00462283  -0.01593806     0.04278535  -0.00000000     0.00641270   0.00481067
 -0.00462283   0.01593806     0.00641270  -0.00481067     0.04278535   0.00000000
    3    4
 -0.02445711   0.00375968     0.03644118  -0.00606326     0.00243453  -0.00129163
  0.02589261   0.00507938    -0.01367391  -0.01169914    -0.00004388   0.00996084
  0.00659628  -0.01320942    -0.00540351   0.00643489    -0.00353064  -0.00364423
    3    5
  0.00797379  -0.01449716     0.00814989  -0.01215454    -0.00642107   0.00050789
 -0.00676630  -0.03168631    -0.00765927  -0.00649622    -0.00585222   0.00149608
 -0.00350667  -0.00062605    -0.00253068   0.00170606    -0.00435260  -0.01631131
    3    6
 -0.02445711  -0.00375968     0.00243453   0.00129163     0.03644118   0.00606326
  0.00659628   0.01320942    -0.00353064   0.00364423    -0.00540351  -0.00643489
  0.02589261  -0.00507938    -0.00004388  -0.00996084    -0.01367391   0.01169914
    3    7
  0.00797379   0.01449716    -0.00642107  -0.00050789     0.00814989   0.01215454
 -0.00350667   0.00062605    -0.00435260   0.01631131    -0.00253068  -0.00170606
 -0.00676630   0.03168631    -0.00585222  -0.00149608    -0.00765927   0.00649622
    4    1
  0.00105892   0.00264446    -0.01091819  -0.01384063     0.00080272   0.00283621
  0.00522705  -0.00709240    -0.01390092   0.00630683    -0.00615017  -0.00273503
 -0.00377708   0.00857366    -0.00486397   0.00125861    -0.00968367  -0.00369468
    4    2
  0.00797379  -0.01449716    -0.00676630  -0.03168631    -0.00350667  -0.00062605
  0.00814989  -0.01215454    -0.00765927  -0.00649622    -0.00253068   0.00170606
 -0.00642107   0.00050789    -0.00585222   0.00149608    -0.00435260  -0.01631131
    4    3
 -0.02445711  -0.00375968     0.02589261  -0.00507938     0.00659628   0.01320942
  0.03644118   0.00606326    -0.01367391   0.01169914    -0.00540351  -0.00643489
  0.00243453   0.00129163    -0.00004388  -0.00996084    -0.00353064   0.00364423
    4    4
  0.04804666  -0.00000000    -0.00663113  -0.00042407     0.00012468   0.00434822
 -0.00663113   0.00042407     0.04377726  -0.00000000     0.00229822  -0.00407937
  0.00012468  -0.00434822     0.00229822   0.00407937     0.03601685  -0.00000000
    4    5
 -0.01162503  -0.01326529     0.00153041   0.00197000    -0.00865338   0.00263345
  0.00153041   0.00197000     0.01223531  -0.00560303    -0.00467244  -0.00136169
 -0.00865338   0.00263345    -0.00467244  -0.00136169     0.01111961   0.00855414
    4    6
  0.00621380   0.00750354    -0.00881764   0.00621497    -0.01197634  -0.00469670
 -0.01197634  -0.00469670     0.00289575   0.00793347     0.02680104   0.01028119
 -0.00881764   0.00621497     0.01746929   0.01792257     0.00289575   0.00793347
    4    7
 -0.01196750   0.00000000    -0.00024038   0.01104677    -0.00010941  -0.00550627
 -0.00010941   0.00550627    -0.01059421  -0.00547191     0.01300126  -0.00000000
 -0.00024038  -0.01104677     0.02118807  -0.00000000    -0.01059421   0.00547191
    5    1
 -0.00112115  -0.00261869     0.00206647   0.01750713    -0.00143789  -0.00257311
  0.00871116   0.00131901    -0.01428904   0.00536983    -0.00241486   0.00628279
 -0.00873329  -0.00339169    -0.00432931   0.00254937    -0.00423486   0.00945992
    5    2
 -0.02445711   0.00375968     0.02589261   0.00507938     0.00659628  -0.01320942
  0.03644118  -0.00606326    -0.01367391  -0.01169914    -0.00540351   0.00643489
  0.00243453  -0.00129163    -0.00004388   0.00996084    -0.00353064  -0.00364423
    5    3
  0.00797379   0.01449716    -0.00676630   0.03168631    -0.00350667   0.00062605
  0.00814989   0.01215454    -0.00765927   0.00649622    -0.00253068  -0.00170606
 -0.00642107  -0.00050789    -0.00585222  -0.00149608    -0.00435260   0.01631131
    5    4
 -0.01162503   0.01326529     0.00153041  -0.00197000    -0.00865338  -0.00263345
  0.00153041  -0.00197000     0.01223531   0.00560303    -0.00467244   0.00136169
 -0.00865338  -0.00263345    -0.00467244   0.00136169     0.01111961  -0.00855414
    5    5
  0.04804666   0.00000000    -0.00663113   0.00042407     0.00012468  -0.00434822
 -0.00663113  -0.00042407     0.04377726   0.00000000     0.00229822   0.00407937
  0.00012468   0.00434822     0.00229822  -0.00407937     0.03601685   0.00000000
    5    6
 -0.01196750   0.00000000    -0.00024038  -0.01104677    -0.00010941   0.00550627
 -0.00010941  -0.00550627    -0.01059421   0.00547191     0.01300126  -0.00000000
 -0.00024038   0.01104677     0.02118807  -0.00000000    -0.01059421  -0.00547191
    5    7
  0.00621380  -0.00750354    -0.00881764  -0.00621497    -0.01197634   0.00469670
 -0.01197634   0.00469670     0.00289575  -0.00793347     0.02680104  -0.01028119
 -0.00881764  -0.00621497     0.01746929  -0.01792257     0.00289575  -0.00793347
    6    1
 -0.00112115  -0.00261869    -0.00143789  -0.00257311     0.00206647   0.01750713
 -0.00873329  -0.00339169    -0.00423486   0.00945992    -0.00432931   0.00254937
  0.00871116   0.00131901    -0.00241486   0.00628279    -0.01428904   0.00536983
    6    2
  0.00797379   0.01449716    -0.00350667   0.00062605    -0.00676630   0.03168631
 -0.00642107  -0.00050789    -0.00435260   0.01631131    -0.00585222  -0.00149608
  0.00814989   0.01215454    -0.00253068  -0.00170606    -0.00765927   0.00649622
    6    3
 -0.02445711   0.00375968     0.00659628  -0.01320942     0.02589261   0.00507938
  0.00243453  -0.00129163    -0.00353064  -0.00364423    -0.00004388   0.00996084
  0.03644118  -0.00606326    -0.00540351   0.00643489    -0.01367391  -0.01169914
    6    4
  0.00621380  -0.00750354    -0.01197634   0.00469670    -0.00881764  -0.00621497
 -0.00881764  -0.00621497     0.00289575  -0.00793347     0.01746929  -0.01792257
 -0.01197634   0.00469670     0.02680104  -0.01028119     0.00289575  -0.00793347
    6    5
 -0.01196750  -0.00000000    -0.00010941   0.00550627    -0.00024038  -0.01104677
 -0.00024038   0.01104677    -0.01059421  -0.00547191     0.02118807   0.00000000
 -0.00010941  -0.00550627     0.01300126   0.00000000    -0.01059421   0.00547191
    6    6
  0.04804666   0.00000000     0.00012468  -0.00434822    -0.00663113   0.00042407
  0.00012468   0.00434822     0.03601685   0.00000000     0.00229822  -0.00407937
 -0.00663113  -0.00042407     0.00229822   0.00407937     0.04377726  -0.00000000
    6    7
 -0.01162503   0.01326529    -0.00865338  -0.00263345     0.00153041  -0.00197000
 -0.00865338  -0.00263345     0.01111961  -0.00855414    -0.00467244   0.00136169
  0.00153041  -0.00197000    -0.00467244   0.00136169     0.01223531   0.00560303
    7    1
  0.00105892   0.00264446     0.00080272   0.00283621    -0.01091819  -0.01384063
 -0.00377708   0.00857366    -0.00968367  -0.00369468    -0.00486397   0.00125861
  0.00522705  -0.00709240    -0.00615017  -0.00273503    -0.01390092   0.00630683
    7    2
 -0.02445711  -0.00375968     0.00659628   0.01320942     0.02589261  -0.00507938
  0.00243453   0.00129163    -0.00353064   0.00364423    -0.00004388  -0.00996084
  0.03644118   0.00606326    -0.00540351  -0.00643489    -0.01367391   0.01169914
    7    3
  0.00797379  -0.01449716    -0.00350667  -0.00062605    -0.00676630  -0.03168631
 -0.00642107   0.00050789    -0.00435260  -0.01631131    -0.00585222   0.00149608
  0.00814989  -0.01215454    -0.00253068   0.00170606    -0.00765927  -0.00649622
    7    4
 -0.01196750  -0.00000000    -0.00010941  -0.00550627    -0.00024038   0.01104677
 -0.00024038  -0.01104677    -0.01059421   0.00547191     0.02118807   0.00000000
 -0.00010941   0.00550627     0.01300126   0.00000000    -0.01059421  -0.00547191
    7    5
  0.00621380   0.00750354    -0.01197634  -0.00469670    -0.00881764   0.00621497
 -0.00881764   0.00621497     0.00289575   0.00793347     0.01746929   0.01792257
 -0.01197634  -0.00469670     0.02680104   0.01028119     0.00289575   0.00793347
    7    6
 -0.01162503  -0.01326529    -0.00865338   0.00263345     0.00153041   0.00197000
 -0.00865338   0.00263345     0.01111961   0.00855414    -0.00467244  -0.00136169
  0.00153041   0.00197000    -0.00467244  -0.00136169     0.01223531  -0.00560303
    7    7
  0.04804666  -0.00000000     0.00012468   0.00434822    -0.00663113  -0.00042407
  0.00012468  -0.00434822     0.03601685  -0.00000000     0.00229822   0.00407937
 -0.00663113   0.00042407     0.00229822  -0.00407937     0.04377726  -0.00000000

     Dynamical  Matrix in cartesian axes

     q = (    0.324759500   0.433012700  -0.324759500 ) 

    1    1
  0.05877641  -0.00000000    -0.01054422  -0.00000000    -0.00944425   0.00000000
 -0.01054422  -0.00000000     0.06369278  -0.00000000     0.01054422   0.00000000
 -0.00944425   0.00000000     0.01054422   0.00000000     0.05877641   0.00000000
    1    2
  0.00630683  -0.01390092     0.01384063   0.01091819    -0.00125861   0.00486397
  0.00709240  -0.00522705     0.00264446   0.00105892     0.00857366  -0.00377708
  0.00273503   0.00615017     0.00283621   0.00080272    -0.00369468  -0.00968367
    1    3
  0.01390092  -0.00630683    -0.01091819  -0.01384063    -0.00486397   0.00125861
  0.00522705  -0.00709240    -0.00105892  -0.00264446     0.00377708  -0.00857366
 -0.00615017  -0.00273503    -0.00080272  -0.00283621     0.00968367   0.00369468
    1    4
 -0.00597805  -0.00899020     0.01213854  -0.00761386     0.00066446  -0.00522831
 -0.00930847  -0.00668524    -0.00105703  -0.00255189    -0.00185490   0.01130926
 -0.00416682  -0.00322713     0.01396706  -0.00319943    -0.00212991  -0.01058415
    1    5
  0.00899020   0.00597805     0.00761386  -0.01213854     0.00522831  -0.00066446
  0.00668524   0.00930847     0.00255189   0.00105703    -0.01130926   0.00185490
  0.00322713   0.00416682     0.00319943  -0.01396706     0.01058415   0.00212991
    1    6
 -0.00968367   0.00369468    -0.00080272   0.00283621     0.00615017  -0.00273503
  0.00377708   0.00857366     0.00105892  -0.00264446     0.00522705   0.00709240
  0.00486397   0.00125861    -0.01091819   0.01384063    -0.01390092  -0.00630683
    1    7
 -0.00369468   0.00968367    -0.00283621   0.00080272     0.00273503  -0.00615017
 -0.00857366  -0.00377708     0.00264446  -0.00105892    -0.00709240  -0.00522705
