  2.500000000000000E-002   1.26011648066226        2.33218954087644     
          24

     Dynamical  Matrix in cartesian axes

     q = (    0.433012702   0.216506351   0.216506351 ) 

    1    1
  0.11654108   0.00000000     0.00418827   0.00000000     0.00418827   0.00000000
  0.00418827   0.00000000     0.04624277   0.00000000     0.01465855   0.00000000
  0.00418827   0.00000000     0.01465855   0.00000000     0.04624277   0.00000000
    1    2
 -0.00000000   0.02160088     0.01557013  -0.00518620    -0.01557013  -0.00518620
 -0.00100974  -0.00845406     0.00499869  -0.00102602    -0.00916400  -0.00556646
  0.00100974  -0.00845406     0.00916400  -0.00556646    -0.00499869  -0.00102602
    1    3
 -0.00000000   0.02160088    -0.01557013  -0.00518620     0.01557013  -0.00518620
  0.00100974  -0.00845406    -0.00499869  -0.00102602     0.00916400  -0.00556646
 -0.00100974  -0.00845406    -0.00916400  -0.00556646     0.00499869  -0.00102602
    1    4
 -0.01522581  -0.00303362    -0.00541409   0.01174229    -0.00138944  -0.00463189
 -0.00619818  -0.00390390     0.00988591   0.00155846     0.00856486  -0.00865927
 -0.00423458  -0.00039983     0.01547797   0.01403806     0.01063069   0.00094179
    1    5
  0.01522581  -0.00303362     0.00541409   0.01174229     0.00138944  -0.00463189
  0.00619818  -0.00390390    -0.00988591   0.00155846    -0.00856486  -0.00865927
  0.00423458  -0.00039983    -0.01547797   0.01403806    -0.01063069   0.00094179
    1    6
  0.01522581  -0.00303362     0.00138944  -0.00463189     0.00541409   0.01174229
  0.00423458  -0.00039983    -0.01063069   0.00094179    -0.01547797   0.01403806
  0.00619818  -0.00390390    -0.00856486  -0.00865927    -0.00988591   0.00155846
    1    7
 -0.01522581  -0.00303362    -0.00138944  -0.00463189    -0.00541409   0.01174229
 -0.00423458  -0.00039983     0.01063069   0.00094179     0.01547797   0.01403806
 -0.00619818  -0.00390390     0.00856486  -0.00865927     0.00988591   0.00155846
    2    1
 -0.00000000  -0.02160088    -0.00100974   0.00845406     0.00100974   0.00845406
  0.01557013   0.00518620     0.00499869   0.00102602     0.00916400   0.00556646
 -0.01557013   0.00518620    -0.00916400   0.00556646    -0.00499869   0.00102602
    2    2
  0.06831475  -0.00000000     0.00260571   0.00731634     0.00260571  -0.00731634
  0.00260571  -0.00731634     0.03448587  -0.00000000     0.00413416  -0.00043019
  0.00260571   0.00731634     0.00413416   0.00043019     0.03448587   0.00000000
    2    3
  0.01248966   0.00000000     0.00015742   0.00135068     0.00015742  -0.00135068
  0.00015742   0.00135068    -0.01150864   0.01156799    -0.00000240   0.00000000
  0.00015742  -0.00135068    -0.00000240   0.00000000    -0.01150864  -0.01156799
    2    4
 -0.00499832   0.02309704    -0.00106573   0.01934727     0.00638712  -0.00516059
 -0.00290389   0.01968709     0.00628092   0.01713371    -0.00716877   0.00917417
 -0.00090296   0.00332754    -0.00063368   0.00614179     0.00953430   0.01137261
    2    5
 -0.02054348   0.00026257     0.00839085  -0.01016558     0.00358608   0.00052033
  0.02347409   0.00641932    -0.01128928   0.00888956     0.00756731  -0.00287735
  0.00148952   0.00257946    -0.00031130   0.00543146    -0.00605453  -0.00042117
    2    6
 -0.00499832  -0.02309704     0.00638712   0.00516059    -0.00106573  -0.01934727
 -0.00090296  -0.00332754     0.00953430  -0.01137261    -0.00063368  -0.00614179
 -0.00290389  -0.01968709    -0.00716877  -0.00917417     0.00628092  -0.01713371
    2    7
 -0.02054348  -0.00026257     0.00358608  -0.00052033     0.00839085   0.01016558
  0.00148952  -0.00257946    -0.00605453   0.00042117    -0.00031130  -0.00543146
  0.02347409  -0.00641932     0.00756731   0.00287735    -0.01128928  -0.00888956
    3    1
 -0.00000000  -0.02160088     0.00100974   0.00845406    -0.00100974   0.00845406
 -0.01557013   0.00518620    -0.00499869   0.00102602    -0.00916400   0.00556646
  0.01557013   0.00518620     0.00916400   0.00556646     0.00499869   0.00102602
    3    2
  0.01248966  -0.00000000     0.00015742  -0.00135068     0.00015742   0.00135068
  0.00015742  -0.00135068    -0.01150864  -0.01156799    -0.00000240  -0.00000000
  0.00015742   0.00135068    -0.00000240  -0.00000000    -0.01150864   0.01156799
    3    3
  0.06831475   0.00000000     0.00260571  -0.00731634     0.00260571   0.00731634
  0.00260571   0.00731634     0.03448587   0.00000000     0.00413416   0.00043019
  0.00260571  -0.00731634     0.00413416  -0.00043019     0.03448587  -0.00000000
    3    4
 -0.02054348  -0.00026257     0.00839085   0.01016558     0.00358608  -0.00052033
  0.02347409  -0.00641932    -0.01128928  -0.00888956     0.00756731   0.00287735
  0.00148952  -0.00257946    -0.00031130  -0.00543146    -0.00605453   0.00042117
    3    5
 -0.00499832  -0.02309704    -0.00106573  -0.01934727     0.00638712   0.00516059
 -0.00290389  -0.01968709     0.00628092  -0.01713371    -0.00716877  -0.00917417
 -0.00090296  -0.00332754    -0.00063368  -0.00614179     0.00953430  -0.01137261
    3    6
 -0.02054348   0.00026257     0.00358608   0.00052033     0.00839085  -0.01016558
  0.00148952   0.00257946    -0.00605453  -0.00042117    -0.00031130   0.00543146
  0.02347409   0.00641932     0.00756731  -0.00287735    -0.01128928   0.00888956
    3    7
 -0.00499832   0.02309704     0.00638712  -0.00516059    -0.00106573   0.01934727
 -0.00090296   0.00332754     0.00953430   0.01137261    -0.00063368   0.00614179
 -0.00290389   0.01968709    -0.00716877   0.00917417     0.00628092   0.01713371
    4    1
 -0.01522581   0.00303362    -0.00619818   0.00390390    -0.00423458   0.00039983
 -0.00541409  -0.01174229     0.00988591  -0.00155846     0.01547797  -0.01403806
 -0.00138944   0.00463189     0.00856486   0.00865927     0.01063069  -0.00094179
    4    2
 -0.00499832  -0.02309704    -0.00290389  -0.01968709    -0.00090296  -0.00332754
 -0.00106573  -0.01934727     0.00628092  -0.01713371    -0.00063368  -0.00614179
  0.00638712   0.00516059    -0.00716877  -0.00917417     0.00953430  -0.01137261
    4    3
 -0.02054348   0.00026257     0.02347409   0.00641932     0.00148952   0.00257946
  0.00839085  -0.01016558    -0.01128928   0.00888956    -0.00031130   0.00543146
  0.00358608   0.00052033     0.00756731  -0.00287735    -0.00605453  -0.00042117
    4    4
  0.04413220   0.00000000     0.00338515  -0.00697859     0.00512193   0.00296627
  0.00338515   0.00697859     0.03832967  -0.00000000     0.00368883   0.00058776
  0.00512193  -0.00296627     0.00368883  -0.00058776     0.04225837  -0.00000000
    4    5
  0.00041380  -0.00382851     0.00307182  -0.00204505    -0.00395441  -0.01196535
  0.00307182  -0.00204505     0.00601603   0.01635220     0.00562654   0.00320698
 -0.00395441  -0.01196535     0.00562654   0.00320698    -0.02209885  -0.00472423
    4    6
  0.00075580   0.00583760    -0.00610140  -0.00704781    -0.01088523   0.00032841
 -0.01088523   0.00032841    -0.00933481  -0.00499966    -0.01439530  -0.00962785
 -0.00610140  -0.00704781    -0.03380239  -0.00406434    -0.00933481  -0.00499966
    4    7
  0.00009635   0.00000000     0.00098633   0.01112675    -0.00463799  -0.00476951
 -0.00463799   0.00476951    -0.01074156  -0.00715166    -0.00301690  -0.00000000
  0.00098633  -0.01112675     0.02773293   0.00000000    -0.01074156   0.00715166
    5    1
  0.01522581   0.00303362     0.00619818   0.00390390     0.00423458   0.00039983
  0.00541409  -0.01174229    -0.00988591  -0.00155846    -0.01547797  -0.01403806
  0.00138944   0.00463189    -0.00856486   0.00865927    -0.01063069  -0.00094179
    5    2
 -0.02054348  -0.00026257     0.02347409  -0.00641932     0.00148952  -0.00257946
  0.00839085   0.01016558    -0.01128928  -0.00888956    -0.00031130  -0.00543146
  0.00358608  -0.00052033     0.00756731   0.00287735    -0.00605453   0.00042117
    5    3
 -0.00499832   0.02309704    -0.00290389   0.01968709    -0.00090296   0.00332754
 -0.00106573   0.01934727     0.00628092   0.01713371    -0.00063368   0.00614179
  0.00638712  -0.00516059    -0.00716877   0.00917417     0.00953430   0.01137261
    5    4
  0.00041380   0.00382851     0.00307182   0.00204505    -0.00395441   0.01196535
  0.00307182   0.00204505     0.00601603  -0.01635220     0.00562654  -0.00320698
 -0.00395441   0.01196535     0.00562654  -0.00320698    -0.02209885   0.00472423
    5    5
  0.04413220  -0.00000000     0.00338515   0.00697859     0.00512193  -0.00296627
  0.00338515  -0.00697859     0.03832967   0.00000000     0.00368883  -0.00058776
  0.00512193   0.00296627     0.00368883   0.00058776     0.04225837   0.00000000
    5    6
  0.00009635  -0.00000000     0.00098633  -0.01112675    -0.00463799   0.00476951
 -0.00463799  -0.00476951    -0.01074156   0.00715166    -0.00301690   0.00000000
  0.00098633   0.01112675     0.02773293   0.00000000    -0.01074156  -0.00715166
    5    7
  0.00075580  -0.00583760    -0.00610140   0.00704781    -0.01088523  -0.00032841
 -0.01088523  -0.00032841    -0.00933481   0.00499966    -0.01439530   0.00962785
 -0.00610140   0.00704781    -0.03380239   0.00406434    -0.00933481   0.00499966
    6    1
  0.01522581   0.00303362     0.00423458   0.00039983     0.00619818   0.00390390
  0.00138944   0.00463189    -0.01063069  -0.00094179    -0.00856486   0.00865927
  0.00541409  -0.01174229    -0.01547797  -0.01403806    -0.00988591  -0.00155846
    6    2
 -0.00499832   0.02309704    -0.00090296   0.00332754    -0.00290389   0.01968709
  0.00638712  -0.00516059     0.00953430   0.01137261    -0.00716877   0.00917417
 -0.00106573   0.01934727    -0.00063368   0.00614179     0.00628092   0.01713371
    6    3
 -0.02054348  -0.00026257     0.00148952  -0.00257946     0.02347409  -0.00641932
  0.00358608  -0.00052033    -0.00605453   0.00042117     0.00756731   0.00287735
  0.00839085   0.01016558    -0.00031130  -0.00543146    -0.01128928  -0.00888956
    6    4
  0.00075580  -0.00583760    -0.01088523  -0.00032841    -0.00610140   0.00704781
 -0.00610140   0.00704781    -0.00933481   0.00499966    -0.03380239   0.00406434
 -0.01088523  -0.00032841    -0.01439530   0.00962785    -0.00933481   0.00499966
    6    5
  0.00009635   0.00000000    -0.00463799   0.00476951     0.00098633  -0.01112675
  0.00098633   0.01112675    -0.01074156  -0.00715166     0.02773293  -0.00000000
 -0.00463799  -0.00476951    -0.00301690  -0.00000000    -0.01074156   0.00715166
    6    6
  0.04413220  -0.00000000     0.00512193  -0.00296627     0.00338515   0.00697859
  0.00512193   0.00296627     0.04225837   0.00000000     0.00368883   0.00058776
  0.00338515  -0.00697859     0.00368883  -0.00058776     0.03832967   0.00000000
    6    7
  0.00041380   0.00382851    -0.00395441   0.01196535     0.00307182   0.00204505
 -0.00395441   0.01196535    -0.02209885   0.00472423     0.00562654  -0.00320698
  0.00307182   0.00204505     0.00562654  -0.00320698     0.00601603  -0.01635220
    7    1
 -0.01522581   0.00303362    -0.00423458   0.00039983    -0.00619818   0.00390390
 -0.00138944   0.00463189     0.01063069  -0.00094179     0.00856486   0.00865927
 -0.00541409  -0.01174229     0.01547797  -0.01403806     0.00988591  -0.00155846
    7    2
 -0.02054348   0.00026257     0.00148952   0.00257946     0.02347409   0.00641932
  0.00358608   0.00052033    -0.00605453  -0.00042117     0.00756731  -0.00287735
  0.00839085  -0.01016558    -0.00031130   0.00543146    -0.01128928   0.00888956
    7    3
 -0.00499832  -0.02309704    -0.00090296  -0.00332754    -0.00290389  -0.01968709
  0.00638712   0.00516059     0.00953430  -0.01137261    -0.00716877  -0.00917417
 -0.00106573  -0.01934727    -0.00063368  -0.00614179     0.00628092  -0.01713371
    7    4
  0.00009635   0.00000000    -0.00463799  -0.00476951     0.00098633   0.01112675
  0.00098633  -0.01112675    -0.01074156   0.00715166     0.02773293  -0.00000000
 -0.00463799   0.00476951    -0.00301690   0.00000000    -0.01074156  -0.00715166
    7    5
  0.00075580   0.00583760    -0.01088523   0.00032841    -0.00610140  -0.00704781
 -0.00610140  -0.00704781    -0.00933481  -0.00499966    -0.03380239  -0.00406434
 -0.01088523   0.00032841    -0.01439530  -0.00962785    -0.00933481  -0.00499966
    7    6
  0.00041380  -0.00382851    -0.00395441  -0.01196535     0.00307182  -0.00204505
 -0.00395441  -0.01196535    -0.02209885  -0.00472423     0.00562654   0.00320698
  0.00307182  -0.00204505     0.00562654   0.00320698     0.00601603   0.01635220
    7    7
  0.04413220   0.00000000     0.00512193   0.00296627     0.00338515  -0.00697859
  0.00512193  -0.00296627     0.04225837  -0.00000000     0.00368883  -0.00058776
  0.00338515   0.00697859     0.00368883   0.00058776     0.03832967  -0.00000000

     Dynamical  Matrix in cartesian axes

     q = (   -0.433012702   0.216506351   0.216506351 ) 

    1    1
  0.11654108   0.00000000    -0.00418827  -0.00000000    -0.00418827  -0.00000000
 -0.00418827  -0.00000000     0.04624277   0.00000000     0.01465855   0.00000000
 -0.00418827  -0.00000000     0.01465855   0.00000000     0.04624277   0.00000000
    1    2
 -0.02160088   0.00000000    -0.00518620   0.01557013    -0.00518620  -0.01557013
 -0.00845406  -0.00100974     0.00102602  -0.00499869     0.00556646   0.00916400
 -0.00845406   0.00100974     0.00556646  -0.00916400     0.00102602   0.00499869
    1    3
 -0.02160088  -0.00000000    -0.00518620  -0.01557013    -0.00518620   0.01557013
 -0.00845406   0.00100974     0.00102602   0.00499869     0.00556646  -0.00916400
 -0.00845406  -0.00100974     0.00556646   0.00916400     0.00102602  -0.00499869
    1    4
  0.01522581   0.00303362    -0.00541409   0.01174229    -0.00138944  -0.00463189
 -0.00619818  -0.00390390    -0.00988591  -0.00155846    -0.00856486   0.00865927
 -0.00423458  -0.00039983    -0.01547797  -0.01403806    -0.01063069  -0.00094179
    1    5
  0.01522581  -0.00303362    -0.00541409  -0.01174229    -0.00138944   0.00463189
 -0.00619818   0.00390390    -0.00988591   0.00155846    -0.00856486  -0.00865927
 -0.00423458   0.00039983    -0.01547797   0.01403806    -0.01063069   0.00094179
    1    6
  0.01522581  -0.00303362    -0.00138944   0.00463189    -0.00541409  -0.01174229
 -0.00423458   0.00039983    -0.01063069   0.00094179    -0.01547797   0.01403806
 -0.00619818   0.00390390    -0.00856486  -0.00865927    -0.00988591   0.00155846
    1    7
  0.01522581   0.00303362    -0.00138944  -0.00463189    -0.00541409   0.01174229
 -0.00423458  -0.00039983    -0.01063069  -0.00094179    -0.01547797  -0.01403806
 -0.00619818  -0.00390390    -0.00856486   0.00865927    -0.00988591  -0.00155846
    2    1
 -0.02160088  -0.00000000    -0.00845406   0.00100974    -0.00845406  -0.00100974
 -0.00518620  -0.01557013     0.00102602   0.00499869     0.00556646   0.00916400
 -0.00518620   0.01557013     0.00556646  -0.00916400     0.00102602  -0.00499869
    2    2
  0.06831475  -0.00000000    -0.00260571   0.00731634    -0.00260571  -0.00731634
 -0.00260571  -0.00731634     0.03448587   0.00000000     0.00413416   0.00043019
 -0.00260571   0.00731634     0.00413416  -0.00043019     0.03448587  -0.00000000
    2    3
  0.01248966   0.00000000    -0.00015742   0.00135068    -0.00015742  -0.00135068
 -0.00015742   0.00135068    -0.01150864  -0.01156799    -0.00000240  -0.00000000
 -0.00015742  -0.00135068    -0.00000240  -0.00000000    -0.01150864   0.01156799
    2    4
  0.00026257  -0.02054348     0.01016558  -0.00839085    -0.00052033  -0.00358608
 -0.00641932  -0.02347409     0.00888956  -0.01128928    -0.00287735   0.00756731
 -0.00257946  -0.00148952     0.00543146  -0.00031130    -0.00042117  -0.00605453
    2    5
 -0.02309704   0.00499832     0.01934727  -0.00106573    -0.00516059   0.00638712
  0.01968709  -0.00290389    -0.01713371  -0.00628092    -0.00917417   0.00716877
  0.00332754  -0.00090296    -0.00614179   0.00063368    -0.01137261  -0.00953430
    2    6
  0.00026257   0.02054348    -0.00052033   0.00358608     0.01016558   0.00839085
 -0.00257946   0.00148952    -0.00042117   0.00605453     0.00543146   0.00031130
 -0.00641932   0.02347409    -0.00287735  -0.00756731     0.00888956   0.01128928
    2    7
 -0.02309704  -0.00499832    -0.00516059  -0.00638712     0.01934727   0.00106573
  0.00332754   0.00090296    -0.01137261   0.00953430    -0.00614179  -0.00063368
  0.01968709   0.00290389    -0.00917417  -0.00716877    -0.01713371   0.00628092
    3    1
 -0.02160088   0.00000000    -0.00845406  -0.00100974    -0.00845406   0.00100974
 -0.00518620   0.01557013     0.00102602  -0.00499869     0.00556646  -0.00916400
 -0.00518620  -0.01557013     0.00556646   0.00916400     0.00102602   0.00499869
    3    2
  0.01248966  -0.00000000    -0.00015742  -0.00135068    -0.00015742   0.00135068
 -0.00015742  -0.00135068    -0.01150864   0.01156799    -0.00000240   0.00000000
 -0.00015742   0.00135068    -0.00000240   0.00000000    -0.01150864  -0.01156799
    3    3
  0.06831475   0.00000000    -0.00260571  -0.00731634    -0.00260571   0.00731634
 -0.00260571   0.00731634     0.03448587   0.00000000     0.00413416  -0.00043019
 -0.00260571  -0.00731634     0.00413416   0.00043019     0.03448587   0.00000000
    3    4
 -0.02309704  -0.00499832     0.01934727   0.00106573    -0.00516059  -0.00638712
  0.01968709   0.00290389    -0.01713371   0.00628092    -0.00917417  -0.00716877
  0.00332754   0.00090296    -0.00614179  -0.00063368    -0.01137261   0.00953430
    3    5
  0.00026257   0.02054348     0.01016558   0.00839085    -0.00052033   0.00358608
 -0.00641932   0.02347409     0.00888956   0.01128928    -0.00287735  -0.00756731
 -0.00257946   0.00148952     0.00543146   0.00031130    -0.00042117   0.00605453
    3    6
 -0.02309704   0.00499832    -0.00516059   0.00638712     0.01934727  -0.00106573
  0.00332754  -0.00090296    -0.01137261  -0.00953430    -0.00614179   0.00063368
  0.01968709  -0.00290389    -0.00917417   0.00716877    -0.01713371  -0.00628092
    3    7
  0.00026257  -0.02054348    -0.00052033  -0.00358608     0.01016558  -0.00839085
 -0.00257946  -0.00148952    -0.00042117  -0.00605453     0.00543146  -0.00031130
 -0.00641932  -0.02347409    -0.00287735   0.00756731     0.00888956  -0.01128928
    4    1
  0.01522581  -0.00303362    -0.00619818   0.00390390    -0.00423458   0.00039983
 -0.00541409  -0.01174229    -0.00988591   0.00155846    -0.01547797   0.01403806
 -0.00138944   0.00463189    -0.00856486  -0.00865927    -0.01063069   0.00094179
    4    2
  0.00026257   0.02054348    -0.00641932   0.02347409    -0.00257946   0.00148952
  0.01016558   0.00839085     0.00888956   0.01128928     0.00543146   0.00031130
 -0.00052033   0.00358608    -0.00287735  -0.00756731    -0.00042117   0.00605453
    4    3
 -0.02309704   0.00499832     0.01968709  -0.00290389     0.00332754  -0.00090296
  0.01934727  -0.00106573    -0.01713371  -0.00628092    -0.00614179   0.00063368
 -0.00516059   0.00638712    -0.00917417   0.00716877    -0.01137261  -0.00953430
    4    4
  0.04413220  -0.00000000    -0.00338515   0.00697859    -0.00512193  -0.00296627
 -0.00338515  -0.00697859     0.03832967   0.00000000     0.00368883   0.00058776
 -0.00512193   0.00296627     0.00368883  -0.00058776     0.04225837   0.00000000
    4    5
 -0.00041380   0.00382851     0.00307182  -0.00204505    -0.00395441  -0.01196535
  0.00307182  -0.00204505    -0.00601603  -0.01635220    -0.00562654  -0.00320698
 -0.00395441  -0.01196535    -0.00562654  -0.00320698     0.02209885   0.00472423
    4    6
 -0.00075580  -0.00583760    -0.00610140  -0.00704781    -0.01088523   0.00032841
 -0.01088523   0.00032841     0.00933481   0.00499966     0.01439530   0.00962785
 -0.00610140  -0.00704781     0.03380239   0.00406434     0.00933481   0.00499966
    4    7
  0.00009635   0.00000000    -0.00098633  -0.01112675     0.00463799   0.00476951
  0.00463799  -0.00476951    -0.01074156  -0.00715166    -0.00301690   0.00000000
 -0.00098633   0.01112675     0.02773293  -0.00000000    -0.01074156   0.00715166
    5    1
  0.01522581   0.00303362    -0.00619818  -0.00390390    -0.00423458  -0.00039983
 -0.00541409   0.01174229    -0.00988591  -0.00155846    -0.01547797  -0.01403806
 -0.00138944  -0.00463189    -0.00856486   0.00865927    -0.01063069  -0.00094179
    5    2
 -0.02309704  -0.00499832     0.01968709   0.00290389     0.00332754   0.00090296
  0.01934727   0.00106573    -0.01713371   0.00628092    -0.00614179  -0.00063368
 -0.00516059  -0.00638712    -0.00917417  -0.00716877    -0.01137261   0.00953430
    5    3
  0.00026257  -0.02054348    -0.00641932  -0.02347409    -0.00257946  -0.00148952
  0.01016558  -0.00839085     0.00888956  -0.01128928     0.00543146  -0.00031130
 -0.00052033  -0.00358608    -0.00287735   0.00756731    -0.00042117  -0.00605453
    5    4
 -0.00041380  -0.00382851     0.00307182   0.00204505    -0.00395441   0.01196535
  0.00307182   0.00204505    -0.00601603   0.01635220    -0.00562654   0.00320698
 -0.00395441   0.01196535    -0.00562654   0.00320698     0.02209885  -0.00472423
    5    5
  0.04413220   0.00000000    -0.00338515  -0.00697859    -0.00512193   0.00296627
 -0.00338515   0.00697859     0.03832967   0.00000000     0.00368883  -0.00058776
 -0.00512193  -0.00296627     0.00368883   0.00058776     0.04225837   0.00000000
    5    6
  0.00009635   0.00000000    -0.00098633   0.01112675     0.00463799  -0.00476951
  0.00463799   0.00476951    -0.01074156   0.00715166    -0.00301690  -0.00000000
 -0.00098633  -0.01112675     0.02773293   0.00000000    -0.01074156  -0.00715166
    5    7
 -0.00075580   0.00583760    -0.00610140   0.00704781    -0.01088523  -0.00032841
 -0.01088523  -0.00032841     0.00933481  -0.00499966     0.01439530  -0.00962785
 -0.00610140   0.00704781     0.03380239  -0.00406434     0.00933481  -0.00499966
    6    1
  0.01522581   0.00303362    -0.00423458  -0.00039983    -0.00619818  -0.00390390
 -0.00138944  -0.00463189    -0.01063069  -0.00094179    -0.00856486   0.00865927
 -0.00541409   0.01174229    -0.01547797  -0.01403806    -0.00988591  -0.00155846
    6    2
  0.00026257  -0.02054348    -0.00257946  -0.00148952    -0.00641932  -0.02347409
 -0.00052033  -0.00358608    -0.00042117  -0.00605453    -0.00287735   0.00756731
  0.01016558  -0.00839085     0.00543146  -0.00031130     0.00888956  -0.01128928
    6    3
 -0.02309704  -0.00499832     0.00332754   0.00090296     0.01968709   0.00290389
 -0.00516059  -0.00638712    -0.01137261   0.00953430    -0.00917417  -0.00716877
  0.01934727   0.00106573    -0.00614179  -0.00063368    -0.01713371   0.00628092
    6    4
 -0.00075580   0.00583760    -0.01088523  -0.00032841    -0.00610140   0.00704781
 -0.00610140   0.00704781     0.00933481  -0.00499966     0.03380239  -0.00406434
 -0.01088523  -0.00032841     0.01439530  -0.00962785     0.00933481  -0.00499966
    6    5
  0.00009635   0.00000000     0.00463799  -0.00476951    -0.00098633   0.01112675
 -0.00098633  -0.01112675    -0.01074156  -0.00715166     0.02773293  -0.00000000
  0.00463799   0.00476951    -0.00301690  -0.00000000    -0.01074156   0.00715166
    6    6
  0.04413220   0.00000000    -0.00512193   0.00296627    -0.00338515  -0.00697859
 -0.00512193  -0.00296627     0.04225837   0.00000000     0.00368883   0.00058776
 -0.00338515   0.00697859     0.00368883  -0.00058776     0.03832967   0.00000000
    6    7
 -0.00041380  -0.00382851    -0.00395441   0.01196535     0.00307182   0.00204505
 -0.00395441   0.01196535     0.02209885  -0.00472423    -0.00562654   0.00320698
  0.00307182   0.00204505    -0.00562654   0.00320698    -0.00601603   0.01635220
    7    1
  0.01522581  -0.00303362    -0.00423458   0.00039983    -0.00619818   0.00390390
 -0.00138944   0.00463189    -0.01063069   0.00094179    -0.00856486  -0.00865927
 -0.00541409  -0.01174229    -0.01547797   0.01403806    -0.00988591   0.00155846
    7    2
 -0.02309704   0.00499832     0.00332754  -0.00090296     0.01968709  -0.00290389
 -0.00516059   0.00638712    -0.01137261  -0.00953430    -0.00917417   0.00716877
  0.01934727  -0.00106573    -0.00614179   0.00063368    -0.01713371  -0.00628092
    7    3
  0.00026257   0.02054348    -0.00257946   0.00148952    -0.00641932   0.02347409
 -0.00052033   0.00358608    -0.00042117   0.00605453    -0.00287735  -0.00756731
  0.01016558   0.00839085     0.00543146   0.00031130     0.00888956   0.01128928
    7    4
  0.00009635   0.00000000     0.00463799   0.00476951    -0.00098633  -0.01112675
 -0.00098633   0.01112675    -0.01074156   0.00715166     0.02773293   0.00000000
  0.00463799  -0.00476951    -0.00301690   0.00000000    -0.01074156  -0.00715166
    7    5
 -0.00075580  -0.00583760    -0.01088523   0.00032841    -0.00610140  -0.00704781
 -0.00610140  -0.00704781     0.00933481   0.00499966     0.03380239   0.00406434
 -0.01088523   0.00032841     0.01439530   0.00962785     0.00933481   0.00499966
    7    6
 -0.00041380   0.00382851    -0.00395441  -0.01196535     0.00307182  -0.00204505
 -0.00395441  -0.01196535     0.02209885   0.00472423    -0.00562654  -0.00320698
  0.00307182  -0.00204505    -0.00562654  -0.00320698    -0.00601603  -0.01635220
    7    7
  0.04413220  -0.00000000    -0.00512193  -0.00296627    -0.00338515   0.00697859
 -0.00512193   0.00296627     0.04225837   0.00000000     0.00368883  -0.00058776
 -0.00338515  -0.00697859     0.00368883   0.00058776     0.03832967   0.00000000

     Dynamical  Matrix in cartesian axes

     q = (    0.216506351  -0.433012702   0.216506351 ) 

    1    1
  0.04624277   0.00000000    -0.00418827  -0.00000000     0.01465855   0.00000000
 -0.00418827  -0.00000000     0.11654108   0.00000000    -0.00418827  -0.00000000
  0.01465855   0.00000000    -0.00418827  -0.00000000     0.04624277   0.00000000
    1    2
 -0.00988591   0.00155846    -0.00619818   0.00390390    -0.00856486  -0.00865927
 -0.00541409  -0.01174229     0.01522581  -0.00303362    -0.00138944   0.00463189
 -0.01547797   0.01403806    -0.00423458   0.00039983    -0.01063069   0.00094179
    1    3
 -0.00988591  -0.00155846    -0.00619818  -0.00390390    -0.00856486   0.00865927
 -0.00541409   0.01174229     0.01522581   0.00303362    -0.00138944  -0.00463189
 -0.01547797  -0.01403806    -0.00423458  -0.00039983    -0.01063069  -0.00094179
    1    4
  0.00102602   0.00499869    -0.00845406   0.00100974     0.00556646  -0.00916400
 -0.00518620  -0.01557013    -0.02160088   0.00000000    -0.00518620   0.01557013
  0.00556646   0.00916400    -0.00845406  -0.00100974     0.00102602  -0.00499869
    1    5
  0.00102602  -0.00499869    -0.00845406  -0.00100974     0.00556646   0.00916400
 -0.00518620   0.01557013    -0.02160088  -0.00000000    -0.00518620  -0.01557013
  0.00556646  -0.00916400    -0.00845406   0.00100974     0.00102602   0.00499869
    1    6
 -0.01063069  -0.00094179    -0.00423458  -0.00039983    -0.01547797  -0.01403806
 -0.00138944  -0.00463189     0.01522581   0.00303362    -0.00541409   0.01174229
 -0.00856486   0.00865927    -0.00619818  -0.00390390    -0.00988591  -0.00155846
    1    7
 -0.01063069   0.00094179    -0.00423458   0.00039983    -0.01547797   0.01403806
 -0.00138944   0.00463189     0.01522581  -0.00303362    -0.00541409  -0.01174229
 -0.00856486  -0.00865927    -0.00619818   0.00390390    -0.00988591   0.00155846
    2    1
 -0.00988591  -0.00155846    -0.00541409   0.01174229    -0.01547797  -0.01403806
 -0.00619818  -0.00390390     0.01522581   0.00303362    -0.00423458  -0.00039983
 -0.00856486   0.00865927    -0.00138944  -0.00463189    -0.01063069  -0.00094179
    2    2
  0.03832967   0.00000000    -0.00338515   0.00697859     0.00368883  -0.00058776
 -0.00338515  -0.00697859     0.04413220  -0.00000000    -0.00512193   0.00296627
  0.00368883   0.00058776    -0.00512193  -0.00296627     0.04225837   0.00000000
    2    3
 -0.00601603   0.01635220     0.00307182   0.00204505    -0.00562654   0.00320698
  0.00307182   0.00204505    -0.00041380  -0.00382851    -0.00395441   0.01196535
 -0.00562654   0.00320698    -0.00395441   0.01196535     0.02209885  -0.00472423
    2    4
  0.00888956  -0.01128928     0.01016558  -0.00839085     0.00543146  -0.00031130
 -0.00641932  -0.02347409     0.00026257  -0.02054348    -0.00257946  -0.00148952
 -0.00287735   0.00756731    -0.00052033  -0.00358608    -0.00042117  -0.00605453
    2    5
 -0.01713371   0.00628092     0.01934727   0.00106573    -0.00614179  -0.00063368
  0.01968709   0.00290389    -0.02309704  -0.00499832     0.00332754   0.00090296
 -0.00917417  -0.00716877    -0.00516059  -0.00638712    -0.01137261   0.00953430
    2    6
  0.00933481  -0.00499966    -0.01088523  -0.00032841     0.01439530  -0.00962785
 -0.00610140   0.00704781    -0.00075580   0.00583760    -0.01088523  -0.00032841
  0.03380239  -0.00406434    -0.00610140   0.00704781     0.00933481  -0.00499966
    2    7
 -0.01074156   0.00715166     0.00463799   0.00476951    -0.00301690  -0.00000000
 -0.00098633   0.01112675     0.00009635   0.00000000     0.00463799  -0.00476951
  0.02773293   0.00000000    -0.00098633  -0.01112675    -0.01074156  -0.00715166
    3    1
 -0.00988591   0.00155846    -0.00541409  -0.01174229    -0.01547797   0.01403806
 -0.00619818   0.00390390     0.01522581  -0.00303362    -0.00423458   0.00039983
 -0.00856486  -0.00865927    -0.00138944   0.00463189    -0.01063069   0.00094179
    3    2
 -0.00601603  -0.01635220     0.00307182  -0.00204505    -0.00562654  -0.00320698
  0.00307182  -0.00204505    -0.00041380   0.00382851    -0.00395441  -0.01196535
 -0.00562654  -0.00320698    -0.00395441  -0.01196535     0.02209885   0.00472423
    3    3
  0.03832967   0.00000000    -0.00338515  -0.00697859     0.00368883   0.00058776
 -0.00338515   0.00697859     0.04413220   0.00000000    -0.00512193  -0.00296627
  0.00368883  -0.00058776    -0.00512193   0.00296627     0.04225837   0.00000000
    3    4
 -0.01713371  -0.00628092     0.01934727  -0.00106573    -0.00614179   0.00063368
  0.01968709  -0.00290389    -0.02309704   0.00499832     0.00332754  -0.00090296
 -0.00917417   0.00716877    -0.00516059   0.00638712    -0.01137261  -0.00953430
    3    5
  0.00888956   0.01128928     0.01016558   0.00839085     0.00543146   0.00031130
 -0.00641932   0.02347409     0.00026257   0.02054348    -0.00257946   0.00148952
 -0.00287735  -0.00756731    -0.00052033   0.00358608    -0.00042117   0.00605453
    3    6
 -0.01074156  -0.00715166     0.00463799  -0.00476951    -0.00301690  -0.00000000
 -0.00098633  -0.01112675     0.00009635  -0.00000000     0.00463799   0.00476951
  0.02773293   0.00000000    -0.00098633   0.01112675    -0.01074156   0.00715166
    3    7
  0.00933481   0.00499966    -0.01088523   0.00032841     0.01439530   0.00962785
 -0.00610140  -0.00704781    -0.00075580  -0.00583760    -0.01088523   0.00032841
  0.03380239   0.00406434    -0.00610140  -0.00704781     0.00933481   0.00499966
    4    1
  0.00102602  -0.00499869    -0.00518620   0.01557013     0.00556646  -0.00916400
 -0.00845406  -0.00100974    -0.02160088  -0.00000000    -0.00845406   0.00100974
  0.00556646   0.00916400    -0.00518620  -0.01557013     0.00102602   0.00499869
    4    2
  0.00888956   0.01128928    -0.00641932   0.02347409    -0.00287735  -0.00756731
  0.01016558   0.00839085     0.00026257   0.02054348    -0.00052033   0.00358608
  0.00543146   0.00031130    -0.00257946   0.00148952    -0.00042117   0.00605453
    4    3
 -0.01713371   0.00628092     0.01968709   0.00290389    -0.00917417  -0.00716877
  0.01934727   0.00106573    -0.02309704  -0.00499832    -0.00516059  -0.00638712
 -0.00614179  -0.00063368     0.00332754   0.00090296    -0.01137261   0.00953430
    4    4
  0.03448587  -0.00000000    -0.00260571   0.00731634     0.00413416  -0.00043019
 -0.00260571  -0.00731634     0.06831475  -0.00000000    -0.00260571   0.00731634
  0.00413416   0.00043019    -0.00260571  -0.00731634     0.03448587   0.00000000
    4    5
 -0.01150864   0.01156799    -0.00015742  -0.00135068    -0.00000240   0.00000000
 -0.00015742  -0.00135068     0.01248966   0.00000000    -0.00015742   0.00135068
 -0.00000240   0.00000000    -0.00015742   0.00135068    -0.01150864  -0.01156799
    4    6
 -0.00042117  -0.00605453    -0.00257946  -0.00148952     0.00543146  -0.00031130
 -0.00052033  -0.00358608     0.00026257  -0.02054348     0.01016558  -0.00839085
 -0.00287735   0.00756731    -0.00641932  -0.02347409     0.00888956  -0.01128928
    4    7
 -0.01137261  -0.00953430     0.00332754  -0.00090296    -0.00614179   0.00063368
 -0.00516059   0.00638712    -0.02309704   0.00499832     0.01934727  -0.00106573
 -0.00917417   0.00716877     0.01968709  -0.00290389    -0.01713371  -0.00628092
    5    1
  0.00102602   0.00499869    -0.00518620  -0.01557013     0.00556646   0.00916400
 -0.00845406   0.00100974    -0.02160088   0.00000000    -0.00845406  -0.00100974
  0.00556646  -0.00916400    -0.00518620   0.01557013     0.00102602  -0.00499869
    5    2
 -0.01713371  -0.00628092     0.01968709  -0.00290389    -0.00917417   0.00716877
  0.01934727  -0.00106573    -0.02309704   0.00499832    -0.00516059   0.00638712
 -0.00614179   0.00063368     0.00332754  -0.00090296    -0.01137261  -0.00953430
    5    3
  0.00888956  -0.01128928    -0.00641932  -0.02347409    -0.00287735   0.00756731
  0.01016558  -0.00839085     0.00026257  -0.02054348    -0.00052033  -0.00358608
  0.00543146  -0.00031130    -0.00257946  -0.00148952    -0.00042117  -0.00605453
    5    4
 -0.01150864  -0.01156799    -0.00015742   0.00135068    -0.00000240  -0.00000000
 -0.00015742   0.00135068     0.01248966  -0.00000000    -0.00015742  -0.00135068
 -0.00000240  -0.00000000    -0.00015742  -0.00135068    -0.01150864   0.01156799
    5    5
  0.03448587   0.00000000    -0.00260571  -0.00731634     0.00413416   0.00043019
 -0.00260571   0.00731634     0.06831475   0.00000000    -0.00260571  -0.00731634
  0.00413416  -0.00043019    -0.00260571   0.00731634     0.03448587  -0.00000000
    5    6
 -0.01137261   0.00953430     0.00332754   0.00090296    -0.00614179  -0.00063368
 -0.00516059  -0.00638712    -0.02309704  -0.00499832     0.01934727   0.00106573
 -0.00917417  -0.00716877     0.01968709   0.00290389    -0.01713371   0.00628092
    5    7
 -0.00042117   0.00605453    -0.00257946   0.00148952     0.00543146   0.00031130
 -0.00052033   0.00358608     0.00026257   0.02054348     0.01016558   0.00839085
 -0.00287735  -0.00756731    -0.00641932   0.02347409     0.00888956   0.01128928
    6    1
 -0.01063069   0.00094179    -0.00138944   0.00463189    -0.00856486  -0.00865927
 -0.00423458   0.00039983     0.01522581  -0.00303362    -0.00619818   0.00390390
 -0.01547797   0.01403806    -0.00541409  -0.01174229    -0.00988591   0.00155846
    6    2
  0.00933481   0.00499966    -0.00610140  -0.00704781     0.03380239   0.00406434
 -0.01088523   0.00032841    -0.00075580  -0.00583760    -0.00610140  -0.00704781
  0.01439530   0.00962785    -0.01088523   0.00032841     0.00933481   0.00499966
    6    3
 -0.01074156   0.00715166    -0.00098633   0.01112675     0.02773293  -0.00000000
  0.00463799   0.00476951     0.00009635   0.00000000    -0.00098633  -0.01112675
 -0.00301690   0.00000000     0.00463799  -0.00476951    -0.01074156  -0.00715166
    6    4
 -0.00042117   0.00605453    -0.00052033   0.00358608    -0.00287735  -0.00756731
 -0.00257946   0.00148952     0.00026257   0.02054348    -0.00641932   0.02347409
  0.00543146   0.00031130     0.01016558   0.00839085     0.00888956   0.01128928
    6    5
 -0.01137261  -0.00953430    -0.00516059   0.00638712    -0.00917417   0.00716877
  0.00332754  -0.00090296    -0.02309704   0.00499832     0.01968709  -0.00290389
 -0.00614179   0.00063368     0.01934727  -0.00106573    -0.01713371  -0.00628092
    6    6
  0.04225837   0.00000000    -0.00512193   0.00296627     0.00368883  -0.00058776
 -0.00512193  -0.00296627     0.04413220   0.00000000    -0.00338515   0.00697859
  0.00368883   0.00058776    -0.00338515  -0.00697859     0.03832967   0.00000000
    6    7
  0.02209885   0.00472423    -0.00395441  -0.01196535    -0.00562654  -0.00320698
 -0.00395441  -0.01196535    -0.00041380   0.00382851     0.00307182  -0.00204505
 -0.00562654  -0.00320698     0.00307182  -0.00204505    -0.00601603  -0.01635220
    7    1
 -0.01063069  -0.00094179    -0.00138944  -0.00463189    -0.00856486   0.00865927
 -0.00423458  -0.00039983     0.01522581   0.00303362    -0.00619818  -0.00390390
 -0.01547797  -0.01403806    -0.00541409   0.01174229    -0.00988591  -0.00155846
    7    2
 -0.01074156  -0.00715166    -0.00098633  -0.01112675     0.02773293  -0.00000000
  0.00463799  -0.00476951     0.00009635   0.00000000    -0.00098633   0.01112675
 -0.00301690  -0.00000000     0.00463799   0.00476951    -0.01074156   0.00715166
    7    3
  0.00933481  -0.00499966    -0.00610140   0.00704781     0.03380239  -0.00406434
 -0.01088523  -0.00032841    -0.00075580   0.00583760    -0.00610140   0.00704781
  0.01439530  -0.00962785    -0.01088523  -0.00032841     0.00933481  -0.00499966
    7    4
 -0.01137261   0.00953430    -0.00516059  -0.00638712    -0.00917417  -0.00716877
  0.00332754   0.00090296    -0.02309704  -0.00499832     0.01968709   0.00290389
 -0.00614179  -0.00063368     0.01934727   0.00106573    -0.01713371   0.00628092
    7    5
 -0.00042117  -0.00605453    -0.00052033  -0.00358608    -0.00287735   0.00756731
 -0.00257946  -0.00148952     0.00026257  -0.02054348    -0.00641932  -0.02347409
  0.00543146  -0.00031130     0.01016558  -0.00839085     0.00888956  -0.01128928
    7    6
  0.02209885  -0.00472423    -0.00395441   0.01196535    -0.00562654   0.00320698
 -0.00395441   0.01196535    -0.00041380  -0.00382851     0.00307182   0.00204505
 -0.00562654   0.00320698     0.00307182   0.00204505    -0.00601603   0.01635220
    7    7
  0.04225837   0.00000000    -0.00512193  -0.00296627     0.00368883   0.00058776
 -0.00512193   0.00296627     0.04413220  -0.00000000    -0.00338515  -0.00697859
  0.00368883  -0.00058776    -0.00338515   0.00697859     0.03832967  -0.00000000

     Dynamical  Matrix in cartesian axes

     q = (   -0.216506351  -0.433012702   0.216506351 ) 

    1    1
  0.04624277   0.00000000     0.00418827   0.00000000    -0.01465855  -0.00000000
  0.00418827   0.00000000     0.11654108   0.00000000    -0.00418827  -0.00000000
 -0.01465855  -0.00000000    -0.00418827  -0.00000000     0.04624277   0.00000000
    1    2
 -0.00155846   0.00988591     0.00390390  -0.00619818    -0.00865927  -0.00856486
 -0.01174229  -0.00541409     0.00303362  -0.01522581    -0.00463189   0.00138944
  0.01403806  -0.01547797    -0.00039983   0.00423458    -0.00094179   0.01063069
    1    3
  0.00988591  -0.00155846    -0.00619818   0.00390390    -0.00856486  -0.00865927
 -0.00541409  -0.01174229    -0.01522581   0.00303362     0.00138944  -0.00463189
 -0.01547797   0.01403806     0.00423458  -0.00039983     0.01063069  -0.00094179
    1    4
 -0.00499869   0.00102602     0.00100974   0.00845406    -0.00916400  -0.00556646
 -0.01557013   0.00518620    -0.00000000  -0.02160088    -0.01557013  -0.00518620
  0.00916400  -0.00556646     0.00100974  -0.00845406     0.00499869   0.00102602
    1    5
  0.00102602  -0.00499869     0.00845406   0.00100974    -0.00556646  -0.00916400
  0.00518620  -0.01557013    -0.02160088  -0.00000000    -0.00518620  -0.01557013
 -0.00556646   0.00916400    -0.00845406   0.00100974     0.00102602   0.00499869
    1    6
 -0.01063069  -0.00094179     0.00423458   0.00039983     0.01547797   0.01403806
  0.00138944   0.00463189     0.01522581   0.00303362    -0.00541409   0.01174229
  0.00856486  -0.00865927    -0.00619818  -0.00390390    -0.00988591  -0.00155846
    1    7
 -0.00094179  -0.01063069     0.00039983   0.00423458     0.01403806   0.01547797
  0.00463189   0.00138944     0.00303362   0.01522581     0.01174229  -0.00541409
