  5.000000000000000E-002   1.25977579764806        2.43615232611498     
          12

     Dynamical  Matrix in cartesian axes

     q = (    0.216506351   0.216506351   0.000000000 ) 

    1    1
  0.07071531   0.00000000     0.04154617   0.00000000    -0.00000000   0.00000000
  0.04154617   0.00000000     0.07071531   0.00000000    -0.00000000   0.00000000
 -0.00000000   0.00000000    -0.00000000   0.00000000     0.01672415   0.00000000
    1    2
 -0.00563801   0.00883884     0.00218889   0.01098428     0.00000000   0.00000000
  0.00146289   0.01007331     0.00045223   0.01281930     0.00000000   0.00000000
  0.00000000   0.00000000     0.00000000   0.00000000    -0.00536302  -0.00702011
    1    3
 -0.00883884   0.00563801    -0.01098428  -0.00218889    -0.00000000  -0.00000000
 -0.01007331  -0.00146289    -0.01281930  -0.00045223    -0.00000000  -0.00000000
 -0.00000000  -0.00000000    -0.00000000  -0.00000000     0.00702011   0.00536302
    1    4
 -0.01281930  -0.00045223    -0.01007331  -0.00146289    -0.00000000  -0.00000000
 -0.01098428  -0.00218889    -0.00883884   0.00563801    -0.00000000  -0.00000000
 -0.00000000  -0.00000000    -0.00000000  -0.00000000     0.00702011   0.00536302
    1    5
  0.00045223   0.01281930     0.00146289   0.01007331     0.00000000   0.00000000
  0.00218889   0.01098428    -0.00563801   0.00883884     0.00000000   0.00000000
  0.00000000   0.00000000     0.00000000   0.00000000    -0.00536302  -0.00702011
    1    6
  0.00495650  -0.00495650     0.00372053  -0.00372053     0.00416340   0.00416340
  0.00372053  -0.00372053     0.00495650  -0.00495650    -0.00416340  -0.00416340
  0.00559800   0.00559800    -0.00559800  -0.00559800    -0.00274286   0.00274286
    1    7
  0.00495650  -0.00495650     0.00372053  -0.00372053    -0.00416340  -0.00416340
  0.00372053  -0.00372053     0.00495650  -0.00495650     0.00416340   0.00416340
 -0.00559800  -0.00559800     0.00559800   0.00559800    -0.00274286   0.00274286
    2    1
 -0.00563801  -0.00883884     0.00146289  -0.01007331     0.00000000  -0.00000000
  0.00218889  -0.01098428     0.00045223  -0.01281930     0.00000000  -0.00000000
  0.00000000  -0.00000000     0.00000000  -0.00000000    -0.00536302   0.00702011
    2    2
  0.03112624   0.00000000     0.00788051  -0.00881263     0.00000000   0.00000000
  0.00788051   0.00881263     0.06516742   0.00000000     0.00000000   0.00000000
 -0.00000000   0.00000000     0.00000000   0.00000000     0.02845914   0.00000000
    2    3
  0.00777567  -0.01206740     0.00976767   0.00635308     0.00000000  -0.00000000
  0.00976767   0.00635308    -0.01552027   0.05306330     0.00000000  -0.00000000
  0.00000000   0.00000000     0.00000000   0.00000000    -0.02129742   0.00801431
    2    4
  0.00984549   0.01536265    -0.00045838   0.01270910    -0.00000000   0.00000000
 -0.01515724   0.05626755     0.00984549   0.01536265    -0.00000000   0.00000000
 -0.00000000  -0.00000000    -0.00000000  -0.00000000     0.00800706   0.00394891
    2    5
 -0.00130284  -0.01271557     0.00117745  -0.00000000     0.00000000   0.00000000
  0.05892787   0.00000000    -0.00130284   0.01271557     0.00000000   0.00000000
 -0.00000000   0.00000000    -0.00000000   0.00000000    -0.00745471  -0.00000000
    2    6
 -0.00787531   0.00326964     0.00051433  -0.00037657    -0.00310601  -0.00232167
 -0.00222134  -0.00409045    -0.00004694  -0.00638556    -0.00058746   0.00069403
 -0.02545726   0.00442562    -0.00915003  -0.00171619    -0.00262775  -0.00469206
    2    7
 -0.00787531   0.00326964     0.00051433  -0.00037657     0.00310601   0.00232167
 -0.00222134  -0.00409045    -0.00004694  -0.00638556     0.00058746  -0.00069403
  0.02545726  -0.00442562     0.00915003   0.00171619    -0.00262775  -0.00469206
    3    1
 -0.00883884  -0.00563801    -0.01007331   0.00146289    -0.00000000   0.00000000
 -0.01098428   0.00218889    -0.01281930   0.00045223    -0.00000000   0.00000000
 -0.00000000   0.00000000    -0.00000000   0.00000000     0.00702011  -0.00536302
    3    2
  0.00777567   0.01206740     0.00976767  -0.00635308     0.00000000   0.00000000
  0.00976767  -0.00635308    -0.01552027  -0.05306330     0.00000000   0.00000000
  0.00000000   0.00000000     0.00000000   0.00000000    -0.02129742  -0.00801431
    3    3
  0.03112624  -0.00000000     0.00788051   0.00881263     0.00000000   0.00000000
  0.00788051  -0.00881263     0.06516742  -0.00000000    -0.00000000   0.00000000
  0.00000000   0.00000000     0.00000000   0.00000000     0.02845914  -0.00000000
    3    4
 -0.00130284   0.01271557     0.00117745   0.00000000    -0.00000000   0.00000000
  0.05892787  -0.00000000    -0.00130284  -0.01271557     0.00000000   0.00000000
 -0.00000000   0.00000000    -0.00000000   0.00000000    -0.00745471   0.00000000
    3    5
  0.00984549  -0.01536265    -0.00045838  -0.01270910    -0.00000000   0.00000000
 -0.01515724  -0.05626755     0.00984549  -0.01536265    -0.00000000   0.00000000
  0.00000000   0.00000000     0.00000000   0.00000000     0.00800706  -0.00394891
    3    6
 -0.00787531  -0.00326964     0.00051433   0.00037657     0.00310601  -0.00232167
 -0.00222134   0.00409045    -0.00004694   0.00638556     0.00058746   0.00069403
  0.02545726   0.00442562     0.00915003  -0.00171619    -0.00262775   0.00469206
    3    7
 -0.00787531  -0.00326964     0.00051433   0.00037657    -0.00310601   0.00232167
 -0.00222134   0.00409045    -0.00004694   0.00638556    -0.00058746  -0.00069403
 -0.02545726  -0.00442562    -0.00915003   0.00171619    -0.00262775   0.00469206
    4    1
 -0.01281930   0.00045223    -0.01098428   0.00218889    -0.00000000   0.00000000
 -0.01007331   0.00146289    -0.00883884  -0.00563801    -0.00000000   0.00000000
 -0.00000000   0.00000000    -0.00000000   0.00000000     0.00702011  -0.00536302
    4    2
  0.00984549  -0.01536265    -0.01515724  -0.05626755    -0.00000000  -0.00000000
 -0.00045838  -0.01270910     0.00984549  -0.01536265    -0.00000000   0.00000000
  0.00000000   0.00000000     0.00000000   0.00000000     0.00800706  -0.00394891
    4    3
 -0.00130284  -0.01271557     0.05892787  -0.00000000    -0.00000000   0.00000000
  0.00117745  -0.00000000    -0.00130284   0.01271557    -0.00000000   0.00000000
  0.00000000   0.00000000    -0.00000000   0.00000000    -0.00745471   0.00000000
    4    4
  0.06516742   0.00000000     0.00788051  -0.00881263    -0.00000000   0.00000000
  0.00788051   0.00881263     0.03112624   0.00000000    -0.00000000   0.00000000
  0.00000000   0.00000000    -0.00000000   0.00000000     0.02845914  -0.00000000
    4    5
 -0.01552027  -0.05306330     0.00976767  -0.00635308     0.00000000   0.00000000
  0.00976767  -0.00635308     0.00777567   0.01206740     0.00000000   0.00000000
  0.00000000  -0.00000000     0.00000000   0.00000000    -0.02129742  -0.00801431
    4    6
 -0.00004694   0.00638556    -0.00222134   0.00409045    -0.00058746  -0.00069403
  0.00051433   0.00037657    -0.00787531  -0.00326964    -0.00310601   0.00232167
 -0.00915003   0.00171619    -0.02545726  -0.00442562    -0.00262775   0.00469206
    4    7
 -0.00004694   0.00638556    -0.00222134   0.00409045     0.00058746   0.00069403
  0.00051433   0.00037657    -0.00787531  -0.00326964     0.00310601  -0.00232167
  0.00915003  -0.00171619     0.02545726   0.00442562    -0.00262775   0.00469206
    5    1
  0.00045223  -0.01281930     0.00218889  -0.01098428     0.00000000  -0.00000000
  0.00146289  -0.01007331    -0.00563801  -0.00883884     0.00000000  -0.00000000
  0.00000000  -0.00000000     0.00000000  -0.00000000    -0.00536302   0.00702011
    5    2
 -0.00130284   0.01271557     0.05892787   0.00000000    -0.00000000   0.00000000
  0.00117745   0.00000000    -0.00130284  -0.01271557    -0.00000000   0.00000000
  0.00000000   0.00000000    -0.00000000   0.00000000    -0.00745471  -0.00000000
    5    3
  0.00984549   0.01536265    -0.01515724   0.05626755    -0.00000000   0.00000000
 -0.00045838   0.01270910     0.00984549   0.01536265    -0.00000000   0.00000000
  0.00000000  -0.00000000     0.00000000  -0.00000000     0.00800706   0.00394891
    5    4
 -0.01552027   0.05306330     0.00976767   0.00635308     0.00000000   0.00000000
  0.00976767   0.00635308     0.00777567  -0.01206740     0.00000000   0.00000000
  0.00000000  -0.00000000     0.00000000  -0.00000000    -0.02129742   0.00801431
    5    5
  0.06516742  -0.00000000     0.00788051   0.00881263     0.00000000   0.00000000
  0.00788051  -0.00881263     0.03112624   0.00000000    -0.00000000   0.00000000
  0.00000000   0.00000000     0.00000000   0.00000000     0.02845914   0.00000000
    5    6
 -0.00004694  -0.00638556    -0.00222134  -0.00409045     0.00058746  -0.00069403
  0.00051433  -0.00037657    -0.00787531   0.00326964     0.00310601   0.00232167
  0.00915003   0.00171619     0.02545726  -0.00442562    -0.00262775  -0.00469206
    5    7
 -0.00004694  -0.00638556    -0.00222134  -0.00409045    -0.00058746   0.00069403
  0.00051433  -0.00037657    -0.00787531   0.00326964    -0.00310601  -0.00232167
 -0.00915003  -0.00171619    -0.02545726   0.00442562    -0.00262775  -0.00469206
    6    1
  0.00495650   0.00495650     0.00372053   0.00372053     0.00559800  -0.00559800
  0.00372053   0.00372053     0.00495650   0.00495650    -0.00559800   0.00559800
  0.00416340  -0.00416340    -0.00416340   0.00416340    -0.00274286  -0.00274286
    6    2
 -0.00787531  -0.00326964    -0.00222134   0.00409045    -0.02545726  -0.00442562
  0.00051433   0.00037657    -0.00004694   0.00638556    -0.00915003   0.00171619
 -0.00310601   0.00232167    -0.00058746  -0.00069403    -0.00262775   0.00469206
    6    3
 -0.00787531   0.00326964    -0.00222134  -0.00409045     0.02545726  -0.00442562
  0.00051433  -0.00037657    -0.00004694  -0.00638556     0.00915003   0.00171619
  0.00310601   0.00232167     0.00058746  -0.00069403    -0.00262775  -0.00469206
    6    4
 -0.00004694  -0.00638556     0.00051433  -0.00037657    -0.00915003  -0.00171619
 -0.00222134  -0.00409045    -0.00787531   0.00326964    -0.02545726   0.00442562
 -0.00058746   0.00069403    -0.00310601  -0.00232167    -0.00262775  -0.00469206
    6    5
 -0.00004694   0.00638556     0.00051433   0.00037657     0.00915003  -0.00171619
 -0.00222134   0.00409045    -0.00787531  -0.00326964     0.02545726   0.00442562
  0.00058746   0.00069403     0.00310601  -0.00232167    -0.00262775   0.00469206
    6    6
  0.03455809   0.00000000     0.01261082  -0.00000000    -0.00000000   0.00444846
  0.01261082   0.00000000     0.03455809   0.00000000    -0.00000000  -0.00444846
 -0.00000000  -0.00444846     0.00000000   0.00444846     0.01058043   0.00000000
    6    7
 -0.02023125  -0.00000000    -0.00962355  -0.00000000     0.00000000   0.00399840
 -0.00962355  -0.00000000    -0.02023125   0.00000000     0.00000000  -0.00399840
  0.00000000   0.00399840    -0.00000000  -0.00399840     0.00121951  -0.00000000
    7    1
  0.00495650   0.00495650     0.00372053   0.00372053    -0.00559800   0.00559800
  0.00372053   0.00372053     0.00495650   0.00495650     0.00559800  -0.00559800
 -0.00416340   0.00416340     0.00416340  -0.00416340    -0.00274286  -0.00274286
    7    2
 -0.00787531  -0.00326964    -0.00222134   0.00409045     0.02545726   0.00442562
  0.00051433   0.00037657    -0.00004694   0.00638556     0.00915003  -0.00171619
  0.00310601  -0.00232167     0.00058746   0.00069403    -0.00262775   0.00469206
    7    3
 -0.00787531   0.00326964    -0.00222134  -0.00409045    -0.02545726   0.00442562
  0.00051433  -0.00037657    -0.00004694  -0.00638556    -0.00915003  -0.00171619
 -0.00310601  -0.00232167    -0.00058746   0.00069403    -0.00262775  -0.00469206
    7    4
 -0.00004694  -0.00638556     0.00051433  -0.00037657     0.00915003   0.00171619
 -0.00222134  -0.00409045    -0.00787531   0.00326964     0.02545726  -0.00442562
  0.00058746  -0.00069403     0.00310601   0.00232167    -0.00262775  -0.00469206
    7    5
 -0.00004694   0.00638556     0.00051433   0.00037657    -0.00915003   0.00171619
 -0.00222134   0.00409045    -0.00787531  -0.00326964    -0.02545726  -0.00442562
 -0.00058746  -0.00069403    -0.00310601   0.00232167    -0.00262775   0.00469206
    7    6
 -0.02023125   0.00000000    -0.00962355   0.00000000     0.00000000  -0.00399840
 -0.00962355  -0.00000000    -0.02023125  -0.00000000     0.00000000   0.00399840
  0.00000000  -0.00399840     0.00000000   0.00399840     0.00121951   0.00000000
    7    7
  0.03455809   0.00000000     0.01261082   0.00000000    -0.00000000  -0.00444846
  0.01261082  -0.00000000     0.03455809  -0.00000000    -0.00000000   0.00444846
 -0.00000000   0.00444846     0.00000000  -0.00444846     0.01058043  -0.00000000

     Dynamical  Matrix in cartesian axes

     q = (    0.216506351  -0.216506351   0.000000000 ) 

    1    1
  0.07071531   0.00000000    -0.04154617  -0.00000000    -0.00000000  -0.00000000
 -0.04154617  -0.00000000     0.07071531   0.00000000    -0.00000000  -0.00000000
 -0.00000000  -0.00000000    -0.00000000  -0.00000000     0.01672415  -0.00000000
    1    2
 -0.00563801   0.00883884    -0.00218889  -0.01098428     0.00000000  -0.00000000
 -0.00146289  -0.01007331     0.00045223   0.01281930     0.00000000   0.00000000
 -0.00000000   0.00000000    -0.00000000   0.00000000    -0.00536302  -0.00702011
    1    3
 -0.00563801  -0.00883884    -0.00218889   0.01098428     0.00000000  -0.00000000
 -0.00146289   0.01007331     0.00045223  -0.01281930     0.00000000  -0.00000000
  0.00000000  -0.00000000     0.00000000  -0.00000000    -0.00536302   0.00702011
    1    4
  0.00045223   0.01281930    -0.00146289  -0.01007331     0.00000000   0.00000000
 -0.00218889  -0.01098428    -0.00563801   0.00883884     0.00000000   0.00000000
  0.00000000   0.00000000     0.00000000   0.00000000    -0.00536302  -0.00702011
    1    5
  0.00045223  -0.01281930    -0.00146289   0.01007331     0.00000000  -0.00000000
 -0.00218889   0.01098428    -0.00563801  -0.00883884     0.00000000  -0.00000000
  0.00000000  -0.00000000     0.00000000  -0.00000000    -0.00536302   0.00702011
    1    6
  0.00495650   0.00495650    -0.00372053  -0.00372053    -0.00416340   0.00416340
 -0.00372053  -0.00372053     0.00495650   0.00495650    -0.00416340   0.00416340
 -0.00559800   0.00559800    -0.00559800   0.00559800    -0.00274286  -0.00274286
    1    7
  0.00495650  -0.00495650    -0.00372053   0.00372053    -0.00416340  -0.00416340
 -0.00372053   0.00372053     0.00495650  -0.00495650    -0.00416340  -0.00416340
 -0.00559800  -0.00559800    -0.00559800  -0.00559800    -0.00274286   0.00274286
    2    1
 -0.00563801  -0.00883884    -0.00146289   0.01007331     0.00000000  -0.00000000
 -0.00218889   0.01098428     0.00045223  -0.01281930     0.00000000  -0.00000000
  0.00000000  -0.00000000     0.00000000  -0.00000000    -0.00536302   0.00702011
    2    2
  0.03112624   0.00000000    -0.00788051   0.00881263     0.00000000   0.00000000
 -0.00788051  -0.00881263     0.06516742   0.00000000     0.00000000   0.00000000
  0.00000000   0.00000000     0.00000000   0.00000000     0.02845914   0.00000000
    2    3
  0.01206740   0.00777567     0.00635308  -0.00976767     0.00000000   0.00000000
  0.00635308  -0.00976767    -0.05306330  -0.01552027     0.00000000   0.00000000
 -0.00000000   0.00000000     0.00000000   0.00000000    -0.00801431  -0.02129742
    2    4
 -0.00130284  -0.01271557    -0.00117745   0.00000000     0.00000000   0.00000000
 -0.05892787  -0.00000000    -0.00130284   0.01271557     0.00000000   0.00000000
  0.00000000   0.00000000    -0.00000000   0.00000000    -0.00745471  -0.00000000
    2    5
 -0.01536265   0.00984549     0.01270910   0.00045838     0.00000000  -0.00000000
  0.05626755   0.01515724    -0.01536265   0.00984549     0.00000000  -0.00000000
 -0.00000000  -0.00000000    -0.00000000  -0.00000000    -0.00394891   0.00800706
    2    6
 -0.00326964  -0.00787531    -0.00037657  -0.00051433     0.00232167  -0.00310601
 -0.00409045   0.00222134     0.00638556  -0.00004694     0.00069403   0.00058746
 -0.00442562  -0.02545726    -0.00171619   0.00915003     0.00469206  -0.00262775
    2    7
 -0.00787531   0.00326964    -0.00051433   0.00037657     0.00310601   0.00232167
  0.00222134   0.00409045    -0.00004694  -0.00638556    -0.00058746   0.00069403
  0.02545726  -0.00442562    -0.00915003  -0.00171619    -0.00262775  -0.00469206
    3    1
 -0.00563801   0.00883884    -0.00146289  -0.01007331     0.00000000  -0.00000000
 -0.00218889  -0.01098428     0.00045223   0.01281930     0.00000000   0.00000000
  0.00000000  -0.00000000     0.00000000   0.00000000    -0.00536302  -0.00702011
    3    2
  0.01206740  -0.00777567     0.00635308   0.00976767     0.00000000  -0.00000000
  0.00635308   0.00976767    -0.05306330   0.01552027    -0.00000000  -0.00000000
  0.00000000  -0.00000000     0.00000000  -0.00000000    -0.00801431   0.02129742
    3    3
  0.03112624  -0.00000000    -0.00788051  -0.00881263     0.00000000  -0.00000000
 -0.00788051   0.00881263     0.06516742   0.00000000    -0.00000000  -0.00000000
  0.00000000   0.00000000    -0.00000000   0.00000000     0.02845914  -0.00000000
    3    4
 -0.01536265  -0.00984549     0.01270910  -0.00045838     0.00000000   0.00000000
  0.05626755  -0.01515724    -0.01536265  -0.00984549     0.00000000   0.00000000
 -0.00000000   0.00000000     0.00000000   0.00000000    -0.00394891  -0.00800706
    3    5
 -0.00130284   0.01271557    -0.00117745   0.00000000     0.00000000   0.00000000
 -0.05892787  -0.00000000    -0.00130284  -0.01271557    -0.00000000   0.00000000
 -0.00000000  -0.00000000     0.00000000  -0.00000000    -0.00745471  -0.00000000
    3    6
 -0.00787531  -0.00326964    -0.00051433  -0.00037657     0.00310601  -0.00232167
  0.00222134  -0.00409045    -0.00004694   0.00638556    -0.00058746  -0.00069403
  0.02545726   0.00442562    -0.00915003   0.00171619    -0.00262775   0.00469206
    3    7
 -0.00326964   0.00787531    -0.00037657   0.00051433     0.00232167   0.00310601
 -0.00409045  -0.00222134     0.00638556   0.00004694     0.00069403  -0.00058746
 -0.00442562   0.02545726    -0.00171619  -0.00915003     0.00469206   0.00262775
    4    1
  0.00045223  -0.01281930    -0.00218889   0.01098428     0.00000000  -0.00000000
 -0.00146289   0.01007331    -0.00563801  -0.00883884     0.00000000  -0.00000000
  0.00000000  -0.00000000     0.00000000  -0.00000000    -0.00536302   0.00702011
    4    2
 -0.00130284   0.01271557    -0.05892787   0.00000000     0.00000000   0.00000000
 -0.00117745   0.00000000    -0.00130284  -0.01271557     0.00000000   0.00000000
  0.00000000   0.00000000     0.00000000   0.00000000    -0.00745471   0.00000000
    4    3
 -0.01536265   0.00984549     0.05626755   0.01515724     0.00000000  -0.00000000
  0.01270910   0.00045838    -0.01536265   0.00984549    -0.00000000  -0.00000000
 -0.00000000  -0.00000000    -0.00000000  -0.00000000    -0.00394891   0.00800706
    4    4
  0.06516742   0.00000000    -0.00788051  -0.00881263     0.00000000   0.00000000
 -0.00788051   0.00881263     0.03112624   0.00000000     0.00000000   0.00000000
 -0.00000000  -0.00000000     0.00000000  -0.00000000     0.02845914   0.00000000
    4    5
 -0.05306330  -0.01552027     0.00635308  -0.00976767     0.00000000   0.00000000
  0.00635308  -0.00976767     0.01206740   0.00777567     0.00000000   0.00000000
 -0.00000000   0.00000000     0.00000000   0.00000000    -0.00801431  -0.02129742
    4    6
  0.00638556  -0.00004694    -0.00409045   0.00222134     0.00069403   0.00058746
 -0.00037657  -0.00051433    -0.00326964  -0.00787531     0.00232167  -0.00310601
 -0.00171619   0.00915003    -0.00442562  -0.02545726     0.00469206  -0.00262775
    4    7
 -0.00004694  -0.00638556     0.00222134   0.00409045    -0.00058746   0.00069403
 -0.00051433   0.00037657    -0.00787531   0.00326964     0.00310601   0.00232167
 -0.00915003  -0.00171619     0.02545726  -0.00442562    -0.00262775  -0.00469206
    5    1
  0.00045223   0.01281930    -0.00218889  -0.01098428     0.00000000   0.00000000
 -0.00146289  -0.01007331    -0.00563801   0.00883884     0.00000000   0.00000000
  0.00000000   0.00000000     0.00000000   0.00000000    -0.00536302  -0.00702011
    5    2
 -0.01536265  -0.00984549     0.05626755  -0.01515724     0.00000000   0.00000000
  0.01270910  -0.00045838    -0.01536265  -0.00984549     0.00000000   0.00000000
  0.00000000   0.00000000     0.00000000   0.00000000    -0.00394891  -0.00800706
    5    3
 -0.00130284  -0.01271557    -0.05892787   0.00000000    -0.00000000   0.00000000
 -0.00117745  -0.00000000    -0.00130284   0.01271557     0.00000000   0.00000000
 -0.00000000   0.00000000     0.00000000   0.00000000    -0.00745471   0.00000000
    5    4
 -0.05306330   0.01552027     0.00635308   0.00976767     0.00000000  -0.00000000
  0.00635308   0.00976767     0.01206740  -0.00777567     0.00000000  -0.00000000
 -0.00000000  -0.00000000     0.00000000  -0.00000000    -0.00801431   0.02129742
    5    5
  0.06516742   0.00000000    -0.00788051   0.00881263    -0.00000000   0.00000000
 -0.00788051  -0.00881263     0.03112624   0.00000000    -0.00000000   0.00000000
 -0.00000000   0.00000000     0.00000000   0.00000000     0.02845914  -0.00000000
    5    6
 -0.00004694   0.00638556     0.00222134  -0.00409045    -0.00058746  -0.00069403
 -0.00051433  -0.00037657    -0.00787531  -0.00326964     0.00310601  -0.00232167
 -0.00915003   0.00171619     0.02545726   0.00442562    -0.00262775   0.00469206
    5    7
  0.00638556   0.00004694    -0.00409045  -0.00222134     0.00069403  -0.00058746
 -0.00037657   0.00051433    -0.00326964   0.00787531     0.00232167   0.00310601
 -0.00171619  -0.00915003    -0.00442562   0.02545726     0.00469206   0.00262775
    6    1
  0.00495650  -0.00495650    -0.00372053   0.00372053    -0.00559800  -0.00559800
 -0.00372053   0.00372053     0.00495650  -0.00495650    -0.00559800  -0.00559800
 -0.00416340  -0.00416340    -0.00416340  -0.00416340    -0.00274286   0.00274286
    6    2
 -0.00326964   0.00787531    -0.00409045  -0.00222134    -0.00442562   0.02545726
 -0.00037657   0.00051433     0.00638556   0.00004694    -0.00171619  -0.00915003
  0.00232167   0.00310601     0.00069403  -0.00058746     0.00469206   0.00262775
    6    3
 -0.00787531   0.00326964     0.00222134   0.00409045     0.02545726  -0.00442562
 -0.00051433   0.00037657    -0.00004694  -0.00638556    -0.00915003  -0.00171619
  0.00310601   0.00232167    -0.00058746   0.00069403    -0.00262775  -0.00469206
    6    4
  0.00638556   0.00004694    -0.00037657   0.00051433    -0.00171619  -0.00915003
 -0.00409045  -0.00222134    -0.00326964   0.00787531    -0.00442562   0.02545726
  0.00069403  -0.00058746     0.00232167   0.00310601     0.00469206   0.00262775
    6    5
 -0.00004694  -0.00638556    -0.00051433   0.00037657    -0.00915003  -0.00171619
  0.00222134   0.00409045    -0.00787531   0.00326964     0.02545726  -0.00442562
 -0.00058746   0.00069403     0.00310601   0.00232167    -0.00262775  -0.00469206
    6    6
  0.03455809  -0.00000000    -0.01261082  -0.00000000     0.00000000   0.00444846
 -0.01261082  -0.00000000     0.03455809  -0.00000000     0.00000000   0.00444846
  0.00000000  -0.00444846     0.00000000  -0.00444846     0.01058043   0.00000000
    6    7
 -0.00000000   0.02023125     0.00000000  -0.00962355     0.00399840   0.00000000
  0.00000000  -0.00962355    -0.00000000   0.02023125     0.00399840  -0.00000000
  0.00399840  -0.00000000     0.00399840   0.00000000     0.00000000  -0.00121951
    7    1
  0.00495650   0.00495650    -0.00372053  -0.00372053    -0.00559800   0.00559800
 -0.00372053  -0.00372053     0.00495650   0.00495650    -0.00559800   0.00559800
 -0.00416340   0.00416340    -0.00416340   0.00416340    -0.00274286  -0.00274286
    7    2
 -0.00787531  -0.00326964     0.00222134  -0.00409045     0.02545726   0.00442562
 -0.00051433  -0.00037657    -0.00004694   0.00638556    -0.00915003   0.00171619
  0.00310601  -0.00232167    -0.00058746  -0.00069403    -0.00262775   0.00469206
    7    3
 -0.00326964  -0.00787531    -0.00409045   0.00222134    -0.00442562  -0.02545726
 -0.00037657  -0.00051433     0.00638556  -0.00004694    -0.00171619   0.00915003
  0.00232167  -0.00310601     0.00069403   0.00058746     0.00469206  -0.00262775
    7    4
 -0.00004694   0.00638556    -0.00051433  -0.00037657    -0.00915003   0.00171619
  0.00222134  -0.00409045    -0.00787531  -0.00326964     0.02545726   0.00442562
 -0.00058746  -0.00069403     0.00310601  -0.00232167    -0.00262775   0.00469206
    7    5
  0.00638556  -0.00004694    -0.00037657  -0.00051433    -0.00171619   0.00915003
 -0.00409045   0.00222134    -0.00326964  -0.00787531    -0.00442562  -0.02545726
  0.00069403   0.00058746     0.00232167  -0.00310601     0.00469206  -0.00262775
    7    6
 -0.00000000  -0.02023125     0.00000000   0.00962355     0.00399840   0.00000000
  0.00000000   0.00962355    -0.00000000  -0.02023125     0.00399840   0.00000000
  0.00399840   0.00000000     0.00399840   0.00000000     0.00000000   0.00121951
    7    7
  0.03455809   0.00000000    -0.01261082   0.00000000     0.00000000  -0.00444846
 -0.01261082   0.00000000     0.03455809   0.00000000     0.00000000  -0.00444846
  0.00000000   0.00444846     0.00000000   0.00444846     0.01058043   0.00000000

     Dynamical  Matrix in cartesian axes

     q = (   -0.216506351  -0.216506351   0.000000000 ) 

    1    1
  0.07071531   0.00000000     0.04154617   0.00000000    -0.00000000  -0.00000000
  0.04154617   0.00000000     0.07071531   0.00000000    -0.00000000  -0.00000000
 -0.00000000  -0.00000000    -0.00000000  -0.00000000     0.01672415   0.00000000
    1    2
 -0.00563801  -0.00883884     0.00218889  -0.01098428     0.00000000  -0.00000000
  0.00146289  -0.01007331     0.00045223  -0.01281930     0.00000000  -0.00000000
  0.00000000  -0.00000000     0.00000000  -0.00000000    -0.00536302   0.00702011
    1    3
 -0.00883884  -0.00563801    -0.01098428   0.00218889    -0.00000000   0.00000000
 -0.01007331   0.00146289    -0.01281930   0.00045223    -0.00000000   0.00000000
 -0.00000000   0.00000000    -0.00000000   0.00000000     0.00702011  -0.00536302
    1    4
 -0.01281930   0.00045223    -0.01007331   0.00146289    -0.00000000   0.00000000
 -0.01098428   0.00218889    -0.00883884  -0.00563801    -0.00000000   0.00000000
 -0.00000000   0.00000000    -0.00000000   0.00000000     0.00702011  -0.00536302
    1    5
  0.00045223  -0.01281930     0.00146289  -0.01007331     0.00000000  -0.00000000
  0.00218889  -0.01098428    -0.00563801  -0.00883884     0.00000000  -0.00000000
  0.00000000  -0.00000000     0.00000000  -0.00000000    -0.00536302   0.00702011
    1    6
  0.00495650   0.00495650     0.00372053   0.00372053     0.00416340  -0.00416340
  0.00372053   0.00372053     0.00495650   0.00495650    -0.00416340   0.00416340
  0.00559800  -0.00559800    -0.00559800   0.00559800    -0.00274286  -0.00274286
    1    7
  0.00495650   0.00495650     0.00372053   0.00372053    -0.00416340   0.00416340
  0.00372053   0.00372053     0.00495650   0.00495650     0.00416340  -0.00416340
 -0.00559800   0.00559800     0.00559800  -0.00559800    -0.00274286  -0.00274286
    2    1
 -0.00563801   0.00883884     0.00146289   0.01007331     0.00000000   0.00000000
  0.00218889   0.01098428     0.00045223   0.01281930     0.00000000   0.00000000
  0.00000000   0.00000000     0.00000000   0.00000000    -0.00536302  -0.00702011
    2    2
  0.03112624  -0.00000000     0.00788051   0.00881263     0.00000000   0.00000000
  0.00788051  -0.00881263     0.06516742  -0.00000000     0.00000000   0.00000000
  0.00000000   0.00000000     0.00000000   0.00000000     0.02845914  -0.00000000
    2    3
  0.00777567   0.01206740     0.00976767  -0.00635308     0.00000000   0.00000000
  0.00976767  -0.00635308    -0.01552027  -0.05306330     0.00000000   0.00000000
  0.00000000   0.00000000     0.00000000   0.00000000    -0.02129742  -0.00801431
    2    4
  0.00984549  -0.01536265    -0.00045838  -0.01270910     0.00000000   0.00000000
 -0.01515724  -0.05626755     0.00984549  -0.01536265     0.00000000   0.00000000
  0.00000000   0.00000000     0.00000000   0.00000000     0.00800706  -0.00394891
    2    5
 -0.00130284   0.01271557     0.00117745   0.00000000    -0.00000000   0.00000000
  0.05892787  -0.00000000    -0.00130284  -0.01271557     0.00000000   0.00000000
 -0.00000000   0.00000000    -0.00000000   0.00000000    -0.00745471   0.00000000
    2    6
 -0.00787531  -0.00326964     0.00051433   0.00037657    -0.00310601   0.00232167
 -0.00222134   0.00409045    -0.00004694   0.00638556    -0.00058746  -0.00069403
 -0.02545726  -0.00442562    -0.00915003   0.00171619    -0.00262775   0.00469206
    2    7
 -0.00787531  -0.00326964     0.00051433   0.00037657     0.00310601  -0.00232167
 -0.00222134   0.00409045    -0.00004694   0.00638556     0.00058746   0.00069403
  0.02545726   0.00442562     0.00915003  -0.00171619    -0.00262775   0.00469206
    3    1
 -0.00883884   0.00563801    -0.01007331  -0.00146289    -0.00000000  -0.00000000
 -0.01098428  -0.00218889    -0.01281930  -0.00045223    -0.00000000  -0.00000000
 -0.00000000  -0.00000000    -0.00000000  -0.00000000     0.00702011   0.00536302
    3    2
  0.00777567  -0.01206740     0.00976767   0.00635308     0.00000000   0.00000000
  0.00976767   0.00635308    -0.01552027   0.05306330     0.00000000   0.00000000
  0.00000000   0.00000000     0.00000000   0.00000000    -0.02129742   0.00801431
    3    3
  0.03112624   0.00000000     0.00788051  -0.00881263     0.00000000   0.00000000
  0.00788051   0.00881263     0.06516742   0.00000000     0.00000000   0.00000000
  0.00000000  -0.00000000     0.00000000  -0.00000000     0.02845914   0.00000000
    3    4
 -0.00130284  -0.01271557     0.00117745  -0.00000000    -0.00000000   0.00000000
  0.05892787   0.00000000    -0.00130284   0.01271557     0.00000000   0.00000000
 -0.00000000   0.00000000    -0.00000000   0.00000000    -0.00745471  -0.00000000
    3    5
  0.00984549   0.01536265    -0.00045838   0.01270910    -0.00000000   0.00000000
 -0.01515724   0.05626755     0.00984549   0.01536265    -0.00000000   0.00000000
 -0.00000000  -0.00000000    -0.00000000   0.00000000     0.00800706   0.00394891
    3    6
 -0.00787531   0.00326964     0.00051433  -0.00037657     0.00310601   0.00232167
 -0.00222134  -0.00409045    -0.00004694  -0.00638556     0.00058746  -0.00069403
  0.02545726  -0.00442562     0.00915003   0.00171619    -0.00262775  -0.00469206
    3    7
 -0.00787531   0.00326964     0.00051433  -0.00037657    -0.00310601  -0.00232167
 -0.00222134  -0.00409045    -0.00004694  -0.00638556    -0.00058746   0.00069403
 -0.02545726   0.00442562    -0.00915003  -0.00171619    -0.00262775  -0.00469206
    4    1
 -0.01281930  -0.00045223    -0.01098428  -0.00218889    -0.00000000   0.00000000
 -0.01007331  -0.00146289    -0.00883884   0.00563801    -0.00000000   0.00000000
 -0.00000000  -0.00000000    -0.00000000  -0.00000000     0.00702011   0.00536302
    4    2
  0.00984549   0.01536265    -0.01515724   0.05626755    -0.00000000   0.00000000
 -0.00045838   0.01270910     0.00984549   0.01536265    -0.00000000   0.00000000
  0.00000000  -0.00000000     0.00000000  -0.00000000     0.00800706   0.00394891
    4    3
 -0.00130284   0.01271557     0.05892787   0.00000000    -0.00000000   0.00000000
  0.00117745   0.00000000    -0.00130284  -0.01271557    -0.00000000   0.00000000
  0.00000000   0.00000000    -0.00000000   0.00000000    -0.00745471  -0.00000000
    4    4
  0.06516742  -0.00000000     0.00788051   0.00881263    -0.00000000   0.00000000
  0.00788051  -0.00881263     0.03112624   0.00000000    -0.00000000   0.00000000
  0.00000000   0.00000000     0.00000000   0.00000000     0.02845914   0.00000000
    4    5
 -0.01552027   0.05306330     0.00976767   0.00635308     0.00000000   0.00000000
  0.00976767   0.00635308     0.00777567  -0.01206740     0.00000000   0.00000000
  0.00000000  -0.00000000     0.00000000  -0.00000000    -0.02129742   0.00801431
    4    6
 -0.00004694  -0.00638556    -0.00222134  -0.00409045    -0.00058746   0.00069403
  0.00051433  -0.00037657    -0.00787531   0.00326964    -0.00310601  -0.00232167
 -0.00915003  -0.00171619    -0.02545726   0.00442562    -0.00262775  -0.00469206
    4    7
 -0.00004694  -0.00638556    -0.00222134  -0.00409045     0.00058746  -0.00069403
  0.00051433  -0.00037657    -0.00787531   0.00326964     0.00310601   0.00232167
  0.00915003   0.00171619     0.02545726  -0.00442562    -0.00262775  -0.00469206
    5    1
  0.00045223   0.01281930     0.00218889   0.01098428     0.00000000   0.00000000
  0.00146289   0.01007331    -0.00563801   0.00883884     0.00000000   0.00000000
  0.00000000   0.00000000     0.00000000   0.00000000    -0.00536302  -0.00702011
    5    2
 -0.00130284  -0.01271557     0.05892787  -0.00000000     0.00000000   0.00000000
  0.00117745  -0.00000000    -0.00130284   0.01271557     0.00000000   0.00000000
  0.00000000   0.00000000    -0.00000000   0.00000000    -0.00745471   0.00000000
    5    3
  0.00984549  -0.01536265    -0.01515724  -0.05626755    -0.00000000   0.00000000
 -0.00045838  -0.01270910     0.00984549  -0.01536265    -0.00000000   0.00000000
 -0.00000000   0.00000000     0.00000000  -0.00000000     0.00800706  -0.00394891
    5    4
 -0.01552027  -0.05306330     0.00976767  -0.00635308     0.00000000   0.00000000
  0.00976767  -0.00635308     0.00777567   0.01206740     0.00000000   0.00000000
  0.00000000  -0.00000000     0.00000000   0.00000000    -0.02129742  -0.00801431
    5    5
  0.06516742   0.00000000     0.00788051  -0.00881263     0.00000000   0.00000000
  0.00788051   0.00881263     0.03112624   0.00000000     0.00000000   0.00000000
  0.00000000   0.00000000     0.00000000   0.00000000     0.02845914  -0.00000000
    5    6
 -0.00004694   0.00638556    -0.00222134   0.00409045     0.00058746   0.00069403
  0.00051433   0.00037657    -0.00787531  -0.00326964     0.00310601  -0.00232167
  0.00915003  -0.00171619     0.02545726   0.00442562    -0.00262775   0.00469206
    5    7
 -0.00004694   0.00638556    -0.00222134   0.00409045    -0.00058746  -0.00069403
  0.00051433   0.00037657    -0.00787531  -0.00326964    -0.00310601   0.00232167
 -0.00915003   0.00171619    -0.02545726  -0.00442562    -0.00262775   0.00469206
    6    1
  0.00495650  -0.00495650     0.00372053  -0.00372053     0.00559800   0.00559800
  0.00372053  -0.00372053     0.00495650  -0.00495650    -0.00559800  -0.00559800
  0.00416340   0.00416340    -0.00416340  -0.00416340    -0.00274286   0.00274286
    6    2
 -0.00787531   0.00326964    -0.00222134  -0.00409045    -0.02545726   0.00442562
  0.00051433  -0.00037657    -0.00004694  -0.00638556    -0.00915003  -0.00171619
 -0.00310601  -0.00232167    -0.00058746   0.00069403    -0.00262775  -0.00469206
    6    3
 -0.00787531  -0.00326964    -0.00222134   0.00409045     0.02545726   0.00442562
  0.00051433   0.00037657    -0.00004694   0.00638556     0.00915003  -0.00171619
  0.00310601  -0.00232167     0.00058746   0.00069403    -0.00262775   0.00469206
    6    4
 -0.00004694   0.00638556     0.00051433   0.00037657    -0.00915003   0.00171619
 -0.00222134   0.00409045    -0.00787531  -0.00326964    -0.02545726  -0.00442562
 -0.00058746  -0.00069403    -0.00310601   0.00232167    -0.00262775   0.00469206
    6    5
 -0.00004694  -0.00638556     0.00051433  -0.00037657     0.00915003   0.00171619
 -0.00222134  -0.00409045    -0.00787531   0.00326964     0.02545726  -0.00442562
  0.00058746  -0.00069403     0.00310601   0.00232167    -0.00262775  -0.00469206
    6    6
  0.03455809   0.00000000     0.01261082   0.00000000    -0.00000000  -0.00444846
  0.01261082  -0.00000000     0.03455809   0.00000000    -0.00000000   0.00444846
 -0.00000000   0.00444846     0.00000000  -0.00444846     0.01058043  -0.00000000
    6    7
 -0.02023125   0.00000000    -0.00962355   0.00000000     0.00000000  -0.00399840
 -0.00962355  -0.00000000    -0.02023125  -0.00000000     0.00000000   0.00399840
  0.00000000  -0.00399840     0.00000000   0.00399840     0.00121951  -0.00000000
    7    1
  0.00495650  -0.00495650     0.00372053  -0.00372053    -0.00559800  -0.00559800
  0.00372053  -0.00372053     0.00495650  -0.00495650     0.00559800   0.00559800
 -0.00416340  -0.00416340     0.00416340   0.00416340    -0.00274286   0.00274286
    7    2
 -0.00787531   0.00326964    -0.00222134  -0.00409045     0.02545726  -0.00442562
  0.00051433  -0.00037657    -0.00004694  -0.00638556     0.00915003   0.00171619
  0.00310601   0.00232167     0.00058746  -0.00069403    -0.00262775  -0.00469206
    7    3
 -0.00787531  -0.00326964    -0.00222134   0.00409045    -0.02545726  -0.00442562
  0.00051433   0.00037657    -0.00004694   0.00638556    -0.00915003   0.00171619
 -0.00310601   0.00232167    -0.00058746  -0.00069403    -0.00262775   0.00469206
    7    4
 -0.00004694   0.00638556     0.00051433   0.00037657     0.00915003  -0.00171619
 -0.00222134   0.00409045    -0.00787531  -0.00326964     0.02545726   0.00442562
  0.00058746   0.00069403     0.00310601  -0.00232167    -0.00262775   0.00469206
    7    5
 -0.00004694  -0.00638556     0.00051433  -0.00037657    -0.00915003  -0.00171619
 -0.00222134  -0.00409045    -0.00787531   0.00326964    -0.02545726   0.00442562
 -0.00058746   0.00069403    -0.00310601  -0.00232167    -0.00262775  -0.00469206
    7    6
 -0.02023125  -0.00000000    -0.00962355  -0.00000000     0.00000000   0.00399840
 -0.00962355  -0.00000000    -0.02023125   0.00000000     0.00000000  -0.00399840
  0.00000000   0.00399840     0.00000000  -0.00399840     0.00121951   0.00000000
    7    7
  0.03455809   0.00000000     0.01261082  -0.00000000    -0.00000000   0.00444846
  0.01261082   0.00000000     0.03455809   0.00000000    -0.00000000  -0.00444846
 -0.00000000  -0.00444846     0.00000000   0.00444846     0.01058043   0.00000000

     Dynamical  Matrix in cartesian axes

     q = (   -0.216506351   0.216506351   0.000000000 ) 

    1    1
  0.07071531   0.00000000    -0.04154617  -0.00000000    -0.00000000  -0.00000000
 -0.04154617  -0.00000000     0.07071531   0.00000000    -0.00000000  -0.00000000
 -0.00000000  -0.00000000    -0.00000000  -0.00000000     0.01672415  -0.00000000
    1    2
 -0.00563801  -0.00883884    -0.00218889   0.01098428     0.00000000  -0.00000000
 -0.00146289   0.01007331     0.00045223  -0.01281930     0.00000000  -0.00000000
  0.00000000  -0.00000000     0.00000000  -0.00000000    -0.00536302   0.00702011
    1    3
 -0.00563801   0.00883884    -0.00218889  -0.01098428     0.00000000   0.00000000
 -0.00146289  -0.01007331     0.00045223   0.01281930     0.00000000   0.00000000
  0.00000000   0.00000000     0.00000000   0.00000000    -0.00536302  -0.00702011
    1    4
  0.00045223  -0.01281930    -0.00146289   0.01007331     0.00000000  -0.00000000
 -0.00218889   0.01098428    -0.00563801  -0.00883884     0.00000000  -0.00000000
  0.00000000  -0.00000000     0.00000000  -0.00000000    -0.00536302   0.00702011
    1    5
  0.00045223   0.01281930    -0.00146289  -0.01007331     0.00000000   0.00000000
 -0.00218889  -0.01098428    -0.00563801   0.00883884     0.00000000   0.00000000
  0.00000000   0.00000000     0.00000000   0.00000000    -0.00536302  -0.00702011
    1    6
  0.00495650  -0.00495650    -0.00372053   0.00372053    -0.00416340  -0.00416340
 -0.00372053   0.00372053     0.00495650  -0.00495650    -0.00416340  -0.00416340
 -0.00559800  -0.00559800    -0.00559800  -0.00559800    -0.00274286   0.00274286
    1    7
  0.00495650   0.00495650    -0.00372053  -0.00372053    -0.00416340   0.00416340
 -0.00372053  -0.00372053     0.00495650   0.00495650    -0.00416340   0.00416340
