  4.000000000000000E-002   1.25994432394592        2.39890022168420     
          24

     Dynamical  Matrix in cartesian axes

     q = (    0.216506400   0.108253200   0.108253200 ) 

    1    1
  0.06729210   0.00000000     0.01673324   0.00000000     0.01673324   0.00000000
  0.01673324   0.00000000     0.02658239   0.00000000     0.00159737   0.00000000
  0.01673324   0.00000000     0.00159737   0.00000000     0.02658239   0.00000000
    1    2
 -0.00253946   0.00253946     0.00913201   0.00307357    -0.00307357  -0.00913201
 -0.00222112   0.00290339     0.00475257   0.00781493    -0.00113645  -0.00354089
 -0.00290339   0.00222112     0.00354089   0.00113645    -0.00781493  -0.00475257
    1    3
 -0.00253946   0.00253946    -0.00307357  -0.00913201     0.00913201   0.00307357
 -0.00290339   0.00222112    -0.00781493  -0.00475257     0.00354089   0.00113645
 -0.00222112   0.00290339    -0.00113645  -0.00354089     0.00475257   0.00781493
    1    4
 -0.00433444  -0.00387380    -0.01176522   0.00861619     0.01581470   0.00751302
 -0.00704156  -0.00467179    -0.00377400   0.00355386     0.00536848   0.00274917
 -0.00031207  -0.00257764    -0.00317598   0.00467451     0.00531616   0.00380969
    1    5
  0.00387381   0.00433444    -0.00861619   0.01176523    -0.00751302  -0.01581470
  0.00467179   0.00704156    -0.00355386   0.00377400    -0.00274918  -0.00536848
  0.00257764   0.00031207    -0.00467451   0.00317598    -0.00380970  -0.00531616
    1    6
  0.00387381   0.00433444    -0.00751302  -0.01581470    -0.00861619   0.01176523
  0.00257764   0.00031207    -0.00380970  -0.00531616    -0.00467451   0.00317598
  0.00467179   0.00704156    -0.00274918  -0.00536848    -0.00355386   0.00377400
    1    7
 -0.00433444  -0.00387380     0.01581470   0.00751302    -0.01176522   0.00861619
 -0.00031207  -0.00257764     0.00531616   0.00380969    -0.00317598   0.00467451
 -0.00704156  -0.00467179     0.00536848   0.00274917    -0.00377400   0.00355386
    2    1
 -0.00253946  -0.00253946    -0.00222112  -0.00290339    -0.00290339  -0.00222112
  0.00913201  -0.00307357     0.00475257  -0.00781493     0.00354089  -0.00113645
 -0.00307357   0.00913201    -0.00113645   0.00354089    -0.00781493   0.00475257
    2    2
  0.02625343  -0.00000000     0.00364188  -0.00042991     0.00364188   0.00042991
  0.00364188   0.00042991     0.03347468  -0.00000000     0.00685191  -0.00391763
  0.00364188  -0.00042991     0.00685191   0.00391763     0.03347468  -0.00000000
    2    3
  0.00822015   0.00000000    -0.00107512   0.00516150    -0.00107512  -0.00516150
 -0.00107512   0.00516150    -0.02221742   0.01423538    -0.00720738   0.00000000
 -0.00107512  -0.00516150    -0.00720738   0.00000000    -0.02221742  -0.01423538
    2    4
 -0.00560663   0.00740963    -0.00517277   0.00206919     0.00029421  -0.00046327
 -0.02341923   0.01636061    -0.00229193   0.00720716    -0.00701224   0.00705771
 -0.00731093   0.00407562    -0.00125437  -0.00095877     0.00740799   0.00835708
    2    5
 -0.00165164  -0.00417767     0.00288275  -0.00106474     0.00100640  -0.00105931
  0.02939066   0.00056322    -0.00237788   0.00391376     0.00798545  -0.00730205
  0.00580823   0.00721175     0.00026342   0.00207568    -0.00563515  -0.00537046
    2    6
 -0.00560663  -0.00740963     0.00029421   0.00046327    -0.00517277  -0.00206919
 -0.00731093  -0.00407562     0.00740799  -0.00835708    -0.00125437   0.00095877
 -0.02341923  -0.01636061    -0.00701224  -0.00705771    -0.00229193  -0.00720716
    2    7
 -0.00165164   0.00417767     0.00100640   0.00105931     0.00288275   0.00106474
  0.00580823  -0.00721175    -0.00563515   0.00537046     0.00026342  -0.00207568
  0.02939066  -0.00056322     0.00798545   0.00730205    -0.00237788  -0.00391376
    3    1
 -0.00253946  -0.00253946    -0.00290339  -0.00222112    -0.00222112  -0.00290339
 -0.00307357   0.00913201    -0.00781493   0.00475257    -0.00113645   0.00354089
  0.00913201  -0.00307357     0.00354089  -0.00113645     0.00475257  -0.00781493
    3    2
  0.00822015  -0.00000000    -0.00107512  -0.00516150    -0.00107512   0.00516150
 -0.00107512  -0.00516150    -0.02221742  -0.01423538    -0.00720738  -0.00000000
 -0.00107512   0.00516150    -0.00720738  -0.00000000    -0.02221742   0.01423538
    3    3
  0.02625343   0.00000000     0.00364188   0.00042991     0.00364188  -0.00042991
  0.00364188  -0.00042991     0.03347468   0.00000000     0.00685191   0.00391763
  0.00364188   0.00042991     0.00685191  -0.00391763     0.03347468   0.00000000
    3    4
 -0.00165164   0.00417767     0.00288275   0.00106474     0.00100640   0.00105931
  0.02939066  -0.00056322    -0.00237788  -0.00391376     0.00798545   0.00730205
  0.00580823  -0.00721175     0.00026342  -0.00207568    -0.00563515   0.00537046
    3    5
 -0.00560663  -0.00740963    -0.00517277  -0.00206919     0.00029421   0.00046327
 -0.02341923  -0.01636061    -0.00229193  -0.00720716    -0.00701224  -0.00705771
 -0.00731093  -0.00407562    -0.00125437   0.00095877     0.00740799  -0.00835708
    3    6
 -0.00165164  -0.00417767     0.00100640  -0.00105931     0.00288275  -0.00106474
  0.00580823   0.00721175    -0.00563515  -0.00537046     0.00026342   0.00207568
  0.02939066   0.00056322     0.00798545  -0.00730205    -0.00237788   0.00391376
    3    7
 -0.00560663   0.00740963     0.00029421  -0.00046327    -0.00517277   0.00206919
 -0.00731093   0.00407562     0.00740799   0.00835708    -0.00125437  -0.00095877
 -0.02341923   0.01636061    -0.00701224   0.00705771    -0.00229193   0.00720716
    4    1
 -0.00433444   0.00387380    -0.00704156   0.00467179    -0.00031207   0.00257764
 -0.01176522  -0.00861619    -0.00377400  -0.00355386    -0.00317598  -0.00467451
  0.01581470  -0.00751302     0.00536848  -0.00274917     0.00531616  -0.00380969
    4    2
 -0.00560663  -0.00740963    -0.02341923  -0.01636061    -0.00731093  -0.00407562
 -0.00517277  -0.00206919    -0.00229193  -0.00720716    -0.00125437   0.00095877
  0.00029421   0.00046327    -0.00701224  -0.00705771     0.00740799  -0.00835708
    4    3
 -0.00165164  -0.00417767     0.02939066   0.00056322     0.00580823   0.00721175
  0.00288275  -0.00106474    -0.00237788   0.00391376     0.00026342   0.00207568
  0.00100640  -0.00105931     0.00798545  -0.00730205    -0.00563515  -0.00537046
    4    4
  0.03505902  -0.00000000     0.00202748  -0.00150104     0.00867878   0.00421367
  0.00202748   0.00150104     0.01681478   0.00000000     0.00035760  -0.00356379
  0.00867878  -0.00421367     0.00035760   0.00356379     0.04155137  -0.00000000
    4    5
 -0.02064797  -0.01536147     0.00061829  -0.00414256    -0.00798231  -0.00447333
  0.00061829  -0.00414256     0.00540124   0.00215942    -0.00208129   0.00473108
 -0.00798231  -0.00447333    -0.00208129   0.00473108    -0.03668098  -0.00391895
    4    6
  0.00592148   0.01192796    -0.00757796  -0.00309570    -0.00031197  -0.00003604
 -0.00031197  -0.00003604    -0.00430579   0.00540330    -0.00176018  -0.00233536
 -0.00757796  -0.00309570    -0.03822021  -0.00419233    -0.00430579   0.00540330
    4    7
 -0.00533191   0.00000000     0.00759940   0.00484073    -0.00139776   0.00160122
 -0.00139776  -0.00160122    -0.00175299  -0.00590484    -0.00114812  -0.00000000
  0.00759940  -0.00484073     0.03826837   0.00000000    -0.00175299   0.00590484
    5    1
  0.00387381  -0.00433444     0.00467179  -0.00704156     0.00257764  -0.00031207
 -0.00861619  -0.01176523    -0.00355386  -0.00377400    -0.00467451  -0.00317598
 -0.00751302   0.01581470    -0.00274918   0.00536848    -0.00380970   0.00531616
    5    2
 -0.00165164   0.00417767     0.02939066  -0.00056322     0.00580823  -0.00721175
  0.00288275   0.00106474    -0.00237788  -0.00391376     0.00026342  -0.00207568
  0.00100640   0.00105931     0.00798545   0.00730205    -0.00563515   0.00537046
    5    3
 -0.00560663   0.00740963    -0.02341923   0.01636061    -0.00731093   0.00407562
 -0.00517277   0.00206919    -0.00229193   0.00720716    -0.00125437  -0.00095877
  0.00029421  -0.00046327    -0.00701224   0.00705771     0.00740799   0.00835708
    5    4
 -0.02064797   0.01536147     0.00061829   0.00414256    -0.00798231   0.00447333
  0.00061829   0.00414256     0.00540124  -0.00215942    -0.00208129  -0.00473108
 -0.00798231   0.00447333    -0.00208129  -0.00473108    -0.03668098   0.00391895
    5    5
  0.03505902   0.00000000     0.00202748   0.00150104     0.00867878  -0.00421367
  0.00202748  -0.00150104     0.01681478  -0.00000000     0.00035760   0.00356379
  0.00867878   0.00421367     0.00035760  -0.00356379     0.04155137   0.00000000
    5    6
 -0.00533191  -0.00000000     0.00759940  -0.00484073    -0.00139776  -0.00160122
 -0.00139776   0.00160122    -0.00175299   0.00590484    -0.00114812   0.00000000
  0.00759940   0.00484073     0.03826837   0.00000000    -0.00175299  -0.00590484
    5    7
  0.00592148  -0.01192796    -0.00757796   0.00309570    -0.00031197   0.00003604
 -0.00031197   0.00003604    -0.00430579  -0.00540330    -0.00176018   0.00233536
 -0.00757796   0.00309570    -0.03822021   0.00419233    -0.00430579  -0.00540330
    6    1
  0.00387381  -0.00433444     0.00257764  -0.00031207     0.00467179  -0.00704156
 -0.00751302   0.01581470    -0.00380970   0.00531616    -0.00274918   0.00536848
 -0.00861619  -0.01176523    -0.00467451  -0.00317598    -0.00355386  -0.00377400
    6    2
 -0.00560663   0.00740963    -0.00731093   0.00407562    -0.02341923   0.01636061
  0.00029421  -0.00046327     0.00740799   0.00835708    -0.00701224   0.00705771
 -0.00517277   0.00206919    -0.00125437  -0.00095877    -0.00229193   0.00720716
    6    3
 -0.00165164   0.00417767     0.00580823  -0.00721175     0.02939066  -0.00056322
  0.00100640   0.00105931    -0.00563515   0.00537046     0.00798545   0.00730205
  0.00288275   0.00106474     0.00026342  -0.00207568    -0.00237788  -0.00391376
    6    4
  0.00592148  -0.01192796    -0.00031197   0.00003604    -0.00757796   0.00309570
 -0.00757796   0.00309570    -0.00430579  -0.00540330    -0.03822021   0.00419233
 -0.00031197   0.00003604    -0.00176018   0.00233536    -0.00430579  -0.00540330
    6    5
 -0.00533191   0.00000000    -0.00139776  -0.00160122     0.00759940  -0.00484073
  0.00759940   0.00484073    -0.00175299  -0.00590484     0.03826837  -0.00000000
 -0.00139776   0.00160122    -0.00114812  -0.00000000    -0.00175299   0.00590484
    6    6
  0.03505902   0.00000000     0.00867878  -0.00421367     0.00202748   0.00150104
  0.00867878   0.00421367     0.04155137   0.00000000     0.00035760  -0.00356379
  0.00202748  -0.00150104     0.00035760   0.00356379     0.01681478   0.00000000
    6    7
 -0.02064797   0.01536147    -0.00798231   0.00447333     0.00061829   0.00414256
 -0.00798231   0.00447333    -0.03668098   0.00391895    -0.00208129  -0.00473108
  0.00061829   0.00414256    -0.00208129  -0.00473108     0.00540124  -0.00215942
    7    1
 -0.00433444   0.00387380    -0.00031207   0.00257764    -0.00704156   0.00467179
  0.01581470  -0.00751302     0.00531616  -0.00380969     0.00536848  -0.00274917
 -0.01176522  -0.00861619    -0.00317598  -0.00467451    -0.00377400  -0.00355386
    7    2
 -0.00165164  -0.00417767     0.00580823   0.00721175     0.02939066   0.00056322
  0.00100640  -0.00105931    -0.00563515  -0.00537046     0.00798545  -0.00730205
  0.00288275  -0.00106474     0.00026342   0.00207568    -0.00237788   0.00391376
    7    3
 -0.00560663  -0.00740963    -0.00731093  -0.00407562    -0.02341923  -0.01636061
  0.00029421   0.00046327     0.00740799  -0.00835708    -0.00701224  -0.00705771
 -0.00517277  -0.00206919    -0.00125437   0.00095877    -0.00229193  -0.00720716
    7    4
 -0.00533191  -0.00000000    -0.00139776   0.00160122     0.00759940   0.00484073
  0.00759940  -0.00484073    -0.00175299   0.00590484     0.03826837  -0.00000000
 -0.00139776  -0.00160122    -0.00114812   0.00000000    -0.00175299  -0.00590484
    7    5
  0.00592148   0.01192796    -0.00031197  -0.00003604    -0.00757796  -0.00309570
 -0.00757796  -0.00309570    -0.00430579   0.00540330    -0.03822021  -0.00419233
 -0.00031197  -0.00003604    -0.00176018  -0.00233536    -0.00430579   0.00540330
    7    6
 -0.02064797  -0.01536147    -0.00798231  -0.00447333     0.00061829  -0.00414256
 -0.00798231  -0.00447333    -0.03668098  -0.00391895    -0.00208129   0.00473108
  0.00061829  -0.00414256    -0.00208129   0.00473108     0.00540124   0.00215942
    7    7
  0.03505902  -0.00000000     0.00867878   0.00421367     0.00202748  -0.00150104
  0.00867878  -0.00421367     0.04155137  -0.00000000     0.00035760   0.00356379
  0.00202748   0.00150104     0.00035760  -0.00356379     0.01681478  -0.00000000

     Dynamical  Matrix in cartesian axes

     q = (   -0.216506400   0.108253200  -0.108253200 ) 

    1    1
  0.06729210  -0.00000000    -0.01673324  -0.00000000     0.01673324  -0.00000000
 -0.01673324   0.00000000     0.02658239   0.00000000    -0.00159737   0.00000000
  0.01673324  -0.00000000    -0.00159737  -0.00000000     0.02658239  -0.00000000
    1    2
 -0.00253946  -0.00253946    -0.00913201   0.00307357    -0.00307357   0.00913201
  0.00222112   0.00290339     0.00475257  -0.00781493     0.00113645  -0.00354089
 -0.00290339  -0.00222112    -0.00354089   0.00113645    -0.00781493   0.00475257
    1    3
 -0.00359134   0.00000000    -0.00428396  -0.00863064     0.00428396  -0.00863064
  0.00362358  -0.00048244    -0.00216542   0.00888657    -0.00170020   0.00330738
 -0.00362358  -0.00048244    -0.00170020  -0.00330738    -0.00216542  -0.00888657
    1    4
  0.00387381  -0.00433444     0.00861619   0.01176523    -0.00751302   0.01581470
 -0.00467179   0.00704156    -0.00355386  -0.00377400     0.00274918  -0.00536848
  0.00257764  -0.00031207     0.00467451   0.00317598    -0.00380970   0.00531616
    1    5
 -0.00032572   0.00580411     0.01441184  -0.00222671     0.00587017  -0.01649519
  0.00167568  -0.00828259    -0.00518158   0.00015566    -0.00185213   0.00574005
  0.00160200   0.00204333     0.00555114   0.00105962     0.00106523  -0.00645296
    1    6
 -0.00032572  -0.00580411    -0.00587017  -0.01649519    -0.01441184  -0.00222671
 -0.00160200   0.00204333     0.00106523   0.00645296     0.00555114  -0.00105962
 -0.00167568  -0.00828259    -0.00185213  -0.00574005    -0.00518158  -0.00015566
    1    7
 -0.00433444   0.00387380    -0.01581470   0.00751302    -0.01176522  -0.00861619
  0.00031207  -0.00257764     0.00531616  -0.00380969     0.00317598   0.00467451
 -0.00704156   0.00467179    -0.00536848   0.00274917    -0.00377400  -0.00355386
    2    1
 -0.00253946   0.00253946     0.00222112  -0.00290339    -0.00290339   0.00222112
 -0.00913201  -0.00307357     0.00475257   0.00781493    -0.00354089  -0.00113645
 -0.00307357  -0.00913201     0.00113645   0.00354089    -0.00781493  -0.00475257
    2    2
  0.02625343  -0.00000000    -0.00364188  -0.00042991     0.00364188  -0.00042991
 -0.00364188   0.00042991     0.03347468   0.00000000    -0.00685191  -0.00391763
  0.00364188   0.00042991    -0.00685191   0.00391763     0.03347468   0.00000000
    2    3
  0.00581252  -0.00581253     0.00440996   0.00288951     0.00288951   0.00440996
  0.00440996   0.00288951    -0.02577603   0.00564416     0.00509639  -0.00509639
  0.00288951   0.00440996     0.00509639  -0.00509639    -0.00564415   0.02577603
    2    4
 -0.00165164   0.00417767    -0.00288275  -0.00106474     0.00100640   0.00105931
 -0.02939066   0.00056322    -0.00237788  -0.00391376    -0.00798545  -0.00730205
  0.00580823  -0.00721175    -0.00026342   0.00207568    -0.00563515   0.00537046
    2    5
 -0.00920388  -0.00127491     0.00512084  -0.00219456     0.00053562   0.00011954
  0.02812859  -0.00499121    -0.00671687  -0.00347559     0.00994895   0.00003215
 -0.00805150   0.00228771     0.00020902  -0.00156493    -0.00067111  -0.01114759
    2    6
  0.00127491   0.00920388     0.00011954   0.00053562    -0.00219456   0.00512084
  0.00228771  -0.00805150     0.01114759   0.00067111     0.00156493  -0.00020902
 -0.00499120   0.02812860    -0.00003215  -0.00994895     0.00347559   0.00671687
    2    7
 -0.00165164  -0.00417767    -0.00100640   0.00105931     0.00288275  -0.00106474
 -0.00580823  -0.00721175    -0.00563515  -0.00537046    -0.00026342  -0.00207568
  0.02939066   0.00056322    -0.00798545   0.00730205    -0.00237788   0.00391376
    3    1
 -0.00359134  -0.00000000     0.00362358   0.00048244    -0.00362358   0.00048244
 -0.00428396   0.00863064    -0.00216542  -0.00888657    -0.00170020   0.00330738
  0.00428396   0.00863064    -0.00170020  -0.00330738    -0.00216542   0.00888657
    3    2
  0.00581252   0.00581253     0.00440996  -0.00288951     0.00288951  -0.00440996
  0.00440996  -0.00288951    -0.02577603  -0.00564416     0.00509639   0.00509639
  0.00288951  -0.00440996     0.00509639   0.00509639    -0.00564415  -0.02577603
    3    3
  0.02625343  -0.00000000    -0.00364188   0.00042991     0.00364188   0.00042991
 -0.00364188  -0.00042991     0.03347468  -0.00000000    -0.00685191   0.00391763
  0.00364188  -0.00042991    -0.00685191  -0.00391763     0.03347468  -0.00000000
    3    4
 -0.00920388   0.00127491     0.00512084   0.00219456     0.00053562  -0.00011954
  0.02812859   0.00499121    -0.00671687   0.00347559     0.00994895  -0.00003215
 -0.00805150  -0.00228771     0.00020902   0.00156493    -0.00067111   0.01114759
    3    5
 -0.00165164  -0.00417767    -0.00288275   0.00106474     0.00100640  -0.00105931
 -0.02939066  -0.00056322    -0.00237788   0.00391376    -0.00798545   0.00730205
  0.00580823   0.00721175    -0.00026342  -0.00207568    -0.00563515  -0.00537046
    3    6
 -0.00165164   0.00417767    -0.00100640  -0.00105931     0.00288275   0.00106474
 -0.00580823   0.00721175    -0.00563515   0.00537046    -0.00026342   0.00207568
  0.02939066  -0.00056322    -0.00798545  -0.00730205    -0.00237788  -0.00391376
    3    7
  0.00127491  -0.00920388     0.00011954  -0.00053562    -0.00219456  -0.00512084
  0.00228771   0.00805150     0.01114759  -0.00067111     0.00156493   0.00020902
 -0.00499120  -0.02812860    -0.00003215   0.00994895     0.00347559  -0.00671687
    4    1
  0.00387381   0.00433444    -0.00467179  -0.00704156     0.00257764   0.00031207
  0.00861619  -0.01176523    -0.00355386   0.00377400     0.00467451  -0.00317598
 -0.00751302  -0.01581470     0.00274918   0.00536848    -0.00380970  -0.00531616
    4    2
 -0.00165164  -0.00417767    -0.02939066  -0.00056322     0.00580823   0.00721175
 -0.00288275   0.00106474    -0.00237788   0.00391376    -0.00026342  -0.00207568
  0.00100640  -0.00105931    -0.00798545   0.00730205    -0.00563515  -0.00537046
    4    3
 -0.00920388  -0.00127491     0.02812859  -0.00499121    -0.00805150   0.00228771
  0.00512084  -0.00219456    -0.00671687  -0.00347559     0.00020902  -0.00156493
  0.00053562   0.00011954     0.00994895   0.00003215    -0.00067111  -0.01114759
    4    4
  0.03505902   0.00000000    -0.00202748   0.00150104     0.00867878   0.00421367
 -0.00202748  -0.00150104     0.01681478   0.00000000    -0.00035760   0.00356379
  0.00867878  -0.00421367    -0.00035760  -0.00356379     0.04155137   0.00000000
    4    5
 -0.02546252   0.00373813     0.00249204   0.00336642    -0.00880746   0.00248123
  0.00249204   0.00336642     0.00534620  -0.00229232    -0.00187369  -0.00481707
 -0.00880746   0.00248123    -0.00187369  -0.00481707    -0.02870848   0.02316626
    4    6
 -0.00377023   0.00377023    -0.00879651   0.00195068     0.00014386   0.00212060
  0.00212060   0.00014386    -0.00541490  -0.00293580     0.00081184  -0.00081184
  0.00195067  -0.00879651    -0.02705982   0.02705983     0.00293580   0.00541490
    4    7
  0.00592148   0.01192796     0.00757796   0.00309570    -0.00031197  -0.00003604
  0.00031197   0.00003604    -0.00430579   0.00540330     0.00176018   0.00233536
 -0.00757796  -0.00309570     0.03822021   0.00419233    -0.00430579   0.00540330
    5    1
 -0.00032572  -0.00580411     0.00167568   0.00828259     0.00160200  -0.00204333
  0.01441184   0.00222671    -0.00518158  -0.00015566     0.00555114  -0.00105962
  0.00587017   0.01649519    -0.00185213  -0.00574005     0.00106523   0.00645296
    5    2
 -0.00920388   0.00127491     0.02812859   0.00499121    -0.00805150  -0.00228771
  0.00512084   0.00219456    -0.00671687   0.00347559     0.00020902   0.00156493
  0.00053562  -0.00011954     0.00994895  -0.00003215    -0.00067111   0.01114759
    5    3
 -0.00165164   0.00417767    -0.02939066   0.00056322     0.00580823  -0.00721175
 -0.00288275  -0.00106474    -0.00237788  -0.00391376    -0.00026342   0.00207568
  0.00100640   0.00105931    -0.00798545  -0.00730205    -0.00563515   0.00537046
    5    4
 -0.02546252  -0.00373813     0.00249204  -0.00336642    -0.00880746  -0.00248123
  0.00249204  -0.00336642     0.00534620   0.00229232    -0.00187369   0.00481707
 -0.00880746  -0.00248123    -0.00187369   0.00481707    -0.02870848  -0.02316626
    5    5
  0.03505902  -0.00000000    -0.00202748  -0.00150104     0.00867878  -0.00421367
 -0.00202748   0.00150104     0.01681478  -0.00000000    -0.00035760  -0.00356379
  0.00867878   0.00421367    -0.00035760   0.00356379     0.04155137  -0.00000000
    5    6
  0.00592148  -0.01192796     0.00757796  -0.00309570    -0.00031197   0.00003604
  0.00031197  -0.00003604    -0.00430579  -0.00540330     0.00176018  -0.00233536
 -0.00757796   0.00309570     0.03822021  -0.00419233    -0.00430579  -0.00540330
    5    7
 -0.00377023  -0.00377023    -0.00879651  -0.00195068     0.00014386  -0.00212060
  0.00212060  -0.00014386    -0.00541490   0.00293580     0.00081184   0.00081184
  0.00195067   0.00879651    -0.02705982  -0.02705983     0.00293580  -0.00541490
    6    1
 -0.00032572   0.00580411    -0.00160200  -0.00204333    -0.00167568   0.00828259
 -0.00587017   0.01649519     0.00106523  -0.00645296    -0.00185213   0.00574005
 -0.01441184   0.00222671     0.00555114   0.00105962    -0.00518158   0.00015566
    6    2
  0.00127491  -0.00920388     0.00228771   0.00805150    -0.00499120  -0.02812860
  0.00011954  -0.00053562     0.01114759  -0.00067111    -0.00003215   0.00994895
 -0.00219456  -0.00512084     0.00156493   0.00020902     0.00347559  -0.00671687
    6    3
 -0.00165164  -0.00417767    -0.00580823  -0.00721175     0.02939066   0.00056322
 -0.00100640   0.00105931    -0.00563515  -0.00537046    -0.00798545   0.00730205
  0.00288275  -0.00106474    -0.00026342  -0.00207568    -0.00237788   0.00391376
    6    4
 -0.00377023  -0.00377023     0.00212060  -0.00014386     0.00195067   0.00879651
 -0.00879651  -0.00195068    -0.00541490   0.00293580    -0.02705982  -0.02705983
  0.00014386  -0.00212060     0.00081184   0.00081184     0.00293580  -0.00541490
    6    5
  0.00592148   0.01192796     0.00031197   0.00003604    -0.00757796  -0.00309570
  0.00757796   0.00309570    -0.00430579   0.00540330     0.03822021   0.00419233
 -0.00031197  -0.00003604     0.00176018   0.00233536    -0.00430579   0.00540330
    6    6
  0.03505902   0.00000000    -0.00867878  -0.00421367     0.00202748  -0.00150104
 -0.00867878   0.00421367     0.04155137   0.00000000    -0.00035760  -0.00356379
  0.00202748   0.00150104    -0.00035760   0.00356379     0.01681478  -0.00000000
    6    7
 -0.00373812  -0.02546252     0.00248122   0.00880746     0.00336642  -0.00249203
  0.00248122   0.00880746    -0.02316625  -0.02870849     0.00481708  -0.00187369
  0.00336642  -0.00249203     0.00481708  -0.00187369     0.00229231   0.00534620
    7    1
 -0.00433444  -0.00387380     0.00031207   0.00257764    -0.00704156  -0.00467179
 -0.01581470  -0.00751302     0.00531616   0.00380969    -0.00536848  -0.00274917
 -0.01176522   0.00861619     0.00317598  -0.00467451    -0.00377400   0.00355386
    7    2
 -0.00165164   0.00417767    -0.00580823   0.00721175     0.02939066  -0.00056322
 -0.00100640  -0.00105931    -0.00563515   0.00537046    -0.00798545  -0.00730205
  0.00288275   0.00106474    -0.00026342   0.00207568    -0.00237788  -0.00391376
    7    3
  0.00127491   0.00920388     0.00228771  -0.00805150    -0.00499120   0.02812860
  0.00011954   0.00053562     0.01114759   0.00067111    -0.00003215  -0.00994895
 -0.00219456   0.00512084     0.00156493  -0.00020902     0.00347559   0.00671687
    7    4
  0.00592148  -0.01192796     0.00031197  -0.00003604    -0.00757796   0.00309570
  0.00757796  -0.00309570    -0.00430579  -0.00540330     0.03822021  -0.00419233
 -0.00031197   0.00003604     0.00176018  -0.00233536    -0.00430579  -0.00540330
    7    5
 -0.00377023   0.00377023     0.00212060   0.00014386     0.00195067  -0.00879651
 -0.00879651   0.00195068    -0.00541490  -0.00293580    -0.02705982   0.02705983
  0.00014386   0.00212060     0.00081184  -0.00081184     0.00293580   0.00541490
    7    6
 -0.00373812   0.02546252     0.00248122  -0.00880746     0.00336642   0.00249203
  0.00248122  -0.00880746    -0.02316625   0.02870849     0.00481708   0.00187369
  0.00336642   0.00249203     0.00481708   0.00187369     0.00229231  -0.00534620
    7    7
  0.03505902  -0.00000000    -0.00867878   0.00421367     0.00202748   0.00150104
 -0.00867878  -0.00421367     0.04155137  -0.00000000    -0.00035760   0.00356379
  0.00202748  -0.00150104    -0.00035760  -0.00356379     0.01681478   0.00000000

     Dynamical  Matrix in cartesian axes

     q = (    0.216506400  -0.108253200  -0.108253200 ) 

    1    1
  0.06729210   0.00000000    -0.01673324   0.00000000    -0.01673324   0.00000000
 -0.01673324  -0.00000000     0.02658239  -0.00000000     0.00159737  -0.00000000
 -0.01673324  -0.00000000     0.00159737  -0.00000000     0.02658239  -0.00000000
    1    2
 -0.00359134   0.00000000    -0.00428396  -0.00863064    -0.00428396   0.00863064
  0.00362358  -0.00048244    -0.00216542   0.00888657     0.00170020  -0.00330738
  0.00362358   0.00048244     0.00170020   0.00330738    -0.00216542  -0.00888657
    1    3
 -0.00359134   0.00000000    -0.00428396   0.00863064    -0.00428396  -0.00863064
  0.00362358   0.00048244    -0.00216542  -0.00888657     0.00170020   0.00330738
  0.00362358  -0.00048244     0.00170020  -0.00330738    -0.00216542   0.00888657
    1    4
  0.00387381   0.00433444     0.00861619  -0.01176523     0.00751302   0.01581470
 -0.00467179  -0.00704156    -0.00355386   0.00377400    -0.00274918  -0.00536848
 -0.00257764  -0.00031207    -0.00467451   0.00317598    -0.00380970  -0.00531616
    1    5
  0.00387381  -0.00433444     0.00861619   0.01176523     0.00751302  -0.01581470
 -0.00467179   0.00704156    -0.00355386  -0.00377400    -0.00274918   0.00536848
 -0.00257764   0.00031207    -0.00467451  -0.00317598    -0.00380970   0.00531616
    1    6
  0.00387381  -0.00433444     0.00751302  -0.01581470     0.00861619   0.01176523
 -0.00257764   0.00031207    -0.00380970   0.00531616    -0.00467451  -0.00317598
 -0.00467179   0.00704156    -0.00274918   0.00536848    -0.00355386  -0.00377400
    1    7
  0.00387381   0.00433444     0.00751302   0.01581470     0.00861619  -0.01176523
 -0.00257764  -0.00031207    -0.00380970  -0.00531616    -0.00467451   0.00317598
 -0.00467179  -0.00704156    -0.00274918  -0.00536848    -0.00355386   0.00377400
    2    1
 -0.00359134   0.00000000     0.00362358   0.00048244     0.00362358  -0.00048244
 -0.00428396   0.00863064    -0.00216542  -0.00888657     0.00170020  -0.00330738
 -0.00428396  -0.00863064     0.00170020   0.00330738    -0.00216542   0.00888657
    2    2
  0.02625343   0.00000000    -0.00364188   0.00042991    -0.00364188  -0.00042991
 -0.00364188  -0.00042991     0.03347468   0.00000000     0.00685191  -0.00391763
 -0.00364188   0.00042991     0.00685191   0.00391763     0.03347468  -0.00000000
    2    3
  0.00822015   0.00000000     0.00107512  -0.00516150     0.00107512   0.00516150
  0.00107512  -0.00516150    -0.02221742   0.01423538    -0.00720738   0.00000000
  0.00107512   0.00516150    -0.00720738   0.00000000    -0.02221742  -0.01423538
    2    4
 -0.00412195  -0.00178617    -0.00128552   0.00279130     0.00003741   0.00146068
 -0.02118059   0.02038408     0.00108603   0.00444886     0.00048323  -0.01080989
 -0.00920652  -0.00099244     0.00165399   0.00128146    -0.00778214   0.00018717
    2    5
 -0.00920388   0.00127491     0.00512084   0.00219456    -0.00053562   0.00011954
  0.02812859   0.00499121    -0.00671687   0.00347559    -0.00994895   0.00003215
  0.00805150   0.00228771    -0.00020902  -0.00156493    -0.00067111   0.01114759
    2    6
 -0.00412195   0.00178617     0.00003741  -0.00146068    -0.00128552  -0.00279130
 -0.00920652   0.00099244    -0.00778214  -0.00018717     0.00165399  -0.00128146
 -0.02118059  -0.02038408     0.00048323   0.01080989     0.00108603  -0.00444886
    2    7
 -0.00920388  -0.00127491    -0.00053562  -0.00011954     0.00512084  -0.00219456
  0.00805150  -0.00228771    -0.00067111  -0.01114759    -0.00020902   0.00156493
  0.02812859  -0.00499121    -0.00994895  -0.00003215    -0.00671687  -0.00347559
    3    1
 -0.00359134   0.00000000     0.00362358  -0.00048244     0.00362358   0.00048244
 -0.00428396  -0.00863064    -0.00216542   0.00888657     0.00170020   0.00330738
 -0.00428396   0.00863064     0.00170020  -0.00330738    -0.00216542  -0.00888657
    3    2
  0.00822015  -0.00000000     0.00107512   0.00516150     0.00107512  -0.00516150
  0.00107512   0.00516150    -0.02221742  -0.01423538    -0.00720738  -0.00000000
  0.00107512  -0.00516150    -0.00720738  -0.00000000    -0.02221742   0.01423538
    3    3
  0.02625343  -0.00000000    -0.00364188  -0.00042991    -0.00364188   0.00042991
 -0.00364188   0.00042991     0.03347468  -0.00000000     0.00685191   0.00391763
 -0.00364188  -0.00042991     0.00685191  -0.00391763     0.03347468   0.00000000
    3    4
 -0.00920388  -0.00127491     0.00512084  -0.00219456    -0.00053562  -0.00011954
  0.02812859  -0.00499121    -0.00671687  -0.00347559    -0.00994895  -0.00003215
  0.00805150  -0.00228771    -0.00020902   0.00156493    -0.00067111  -0.01114759
    3    5
 -0.00412195   0.00178617    -0.00128552  -0.00279130     0.00003741  -0.00146068
 -0.02118059  -0.02038408     0.00108603  -0.00444886     0.00048323   0.01080989
 -0.00920652   0.00099244     0.00165399  -0.00128146    -0.00778214  -0.00018717
    3    6
 -0.00920388   0.00127491    -0.00053562   0.00011954     0.00512084   0.00219456
  0.00805150   0.00228771    -0.00067111   0.01114759    -0.00020902  -0.00156493
  0.02812859   0.00499121    -0.00994895   0.00003215    -0.00671687   0.00347559
    3    7
 -0.00412195  -0.00178617     0.00003741   0.00146068    -0.00128552   0.00279130
 -0.00920652  -0.00099244    -0.00778214   0.00018717     0.00165399   0.00128146
 -0.02118059   0.02038408     0.00048323  -0.01080989     0.00108603   0.00444886
    4    1
  0.00387381  -0.00433444    -0.00467179   0.00704156    -0.00257764   0.00031207
  0.00861619   0.01176523    -0.00355386  -0.00377400    -0.00467451  -0.00317598
  0.00751302  -0.01581470    -0.00274918   0.00536848    -0.00380970   0.00531616
    4    2
 -0.00412195   0.00178617    -0.02118059  -0.02038408    -0.00920652   0.00099244
 -0.00128552  -0.00279130     0.00108603  -0.00444886     0.00165399  -0.00128146
  0.00003741  -0.00146068     0.00048323   0.01080989    -0.00778214  -0.00018717
    4    3
 -0.00920388   0.00127491     0.02812859   0.00499121     0.00805150   0.00228771
  0.00512084   0.00219456    -0.00671687   0.00347559    -0.00020902  -0.00156493
 -0.00053562   0.00011954    -0.00994895   0.00003215    -0.00067111   0.01114759
    4    4
  0.03505902   0.00000000    -0.00202748  -0.00150104    -0.00867878   0.00421367
 -0.00202748   0.00150104     0.01681478   0.00000000     0.00035760   0.00356379
 -0.00867878  -0.00421367     0.00035760  -0.00356379     0.04155137  -0.00000000
    4    5
 -0.01536146  -0.02064798     0.00414256  -0.00061829     0.00447332   0.00798231
  0.00414256  -0.00061829     0.00215942   0.00540124     0.00473109  -0.00208129
  0.00447332   0.00798231     0.00473109  -0.00208129    -0.00391893  -0.03668098
    4    6
  0.01192796   0.00592149     0.00309570   0.00757796     0.00003604   0.00031197
  0.00003604   0.00031197     0.00540330  -0.00430579    -0.00233535  -0.00176018
  0.00309570   0.00757796    -0.00419232  -0.03822021     0.00540330  -0.00430579
    4    7
 -0.00533191   0.00000000    -0.00759940   0.00484073     0.00139776   0.00160122
  0.00139776  -0.00160122    -0.00175299   0.00590484    -0.00114812   0.00000000
 -0.00759940  -0.00484073     0.03826837  -0.00000000    -0.00175299  -0.00590484
    5    1
  0.00387381   0.00433444    -0.00467179  -0.00704156    -0.00257764  -0.00031207
  0.00861619  -0.01176523    -0.00355386   0.00377400    -0.00467451   0.00317598
  0.00751302   0.01581470    -0.00274918  -0.00536848    -0.00380970  -0.00531616
    5    2
 -0.00920388  -0.00127491     0.02812859  -0.00499121     0.00805150  -0.00228771
  0.00512084  -0.00219456    -0.00671687  -0.00347559    -0.00020902   0.00156493
 -0.00053562  -0.00011954    -0.00994895  -0.00003215    -0.00067111  -0.01114759
    5    3
 -0.00412195  -0.00178617    -0.02118059   0.02038408    -0.00920652  -0.00099244
 -0.00128552   0.00279130     0.00108603   0.00444886     0.00165399   0.00128146
  0.00003741   0.00146068     0.00048323  -0.01080989    -0.00778214   0.00018717
    5    4
 -0.01536146   0.02064798     0.00414256   0.00061829     0.00447332  -0.00798231
  0.00414256   0.00061829     0.00215942  -0.00540124     0.00473109   0.00208129
  0.00447332  -0.00798231     0.00473109   0.00208129    -0.00391893   0.03668098
    5    5
  0.03505902  -0.00000000    -0.00202748   0.00150104    -0.00867878  -0.00421367
 -0.00202748  -0.00150104     0.01681478  -0.00000000     0.00035760  -0.00356379
 -0.00867878   0.00421367     0.00035760   0.00356379     0.04155137   0.00000000
    5    6
 -0.00533191   0.00000000    -0.00759940  -0.00484073     0.00139776  -0.00160122
  0.00139776   0.00160122    -0.00175299  -0.00590484    -0.00114812  -0.00000000
 -0.00759940   0.00484073     0.03826837  -0.00000000    -0.00175299   0.00590484
    5    7
  0.01192796  -0.00592149     0.00309570  -0.00757796     0.00003604  -0.00031197
  0.00003604  -0.00031197     0.00540330   0.00430579    -0.00233535   0.00176018
  0.00309570  -0.00757796    -0.00419232   0.03822021     0.00540330   0.00430579
    6    1
  0.00387381   0.00433444    -0.00257764  -0.00031207    -0.00467179  -0.00704156
  0.00751302   0.01581470    -0.00380970  -0.00531616    -0.00274918  -0.00536848
  0.00861619  -0.01176523    -0.00467451   0.00317598    -0.00355386   0.00377400
    6    2
 -0.00412195  -0.00178617    -0.00920652  -0.00099244    -0.02118059   0.02038408
  0.00003741   0.00146068    -0.00778214   0.00018717     0.00048323  -0.01080989
 -0.00128552   0.00279130     0.00165399   0.00128146     0.00108603   0.00444886
    6    3
 -0.00920388  -0.00127491     0.00805150  -0.00228771     0.02812859  -0.00499121
 -0.00053562  -0.00011954    -0.00067111  -0.01114759    -0.00994895  -0.00003215
  0.00512084  -0.00219456    -0.00020902   0.00156493    -0.00671687  -0.00347559
    6    4
  0.01192796  -0.00592149     0.00003604  -0.00031197     0.00309570  -0.00757796
  0.00309570  -0.00757796     0.00540330   0.00430579    -0.00419232   0.03822021
  0.00003604  -0.00031197    -0.00233535   0.00176018     0.00540330   0.00430579
    6    5
 -0.00533191  -0.00000000     0.00139776  -0.00160122    -0.00759940  -0.00484073
 -0.00759940   0.00484073    -0.00175299   0.00590484     0.03826837   0.00000000
  0.00139776   0.00160122    -0.00114812   0.00000000    -0.00175299  -0.00590484
    6    6
  0.03505902  -0.00000000    -0.00867878  -0.00421367    -0.00202748   0.00150104
 -0.00867878   0.00421367     0.04155137   0.00000000     0.00035760   0.00356379
 -0.00202748  -0.00150104     0.00035760  -0.00356379     0.01681478  -0.00000000
    6    7
 -0.01536146   0.02064798     0.00447332  -0.00798231     0.00414256   0.00061829
  0.00447332  -0.00798231    -0.00391893   0.03668098     0.00473109   0.00208129
  0.00414256   0.00061829     0.00473109   0.00208129     0.00215942  -0.00540124
    7    1
  0.00387381  -0.00433444    -0.00257764   0.00031207    -0.00467179   0.00704156
  0.00751302  -0.01581470    -0.00380970   0.00531616    -0.00274918   0.00536848
  0.00861619   0.01176523    -0.00467451  -0.00317598    -0.00355386  -0.00377400
    7    2
 -0.00920388   0.00127491     0.00805150   0.00228771     0.02812859   0.00499121
 -0.00053562   0.00011954    -0.00067111   0.01114759    -0.00994895   0.00003215
  0.00512084   0.00219456    -0.00020902  -0.00156493    -0.00671687   0.00347559
    7    3
 -0.00412195   0.00178617    -0.00920652   0.00099244    -0.02118059  -0.02038408
  0.00003741  -0.00146068    -0.00778214  -0.00018717     0.00048323   0.01080989
 -0.00128552  -0.00279130     0.00165399  -0.00128146     0.00108603  -0.00444886
    7    4
 -0.00533191  -0.00000000     0.00139776   0.00160122    -0.00759940   0.00484073
 -0.00759940  -0.00484073    -0.00175299  -0.00590484     0.03826837   0.00000000
  0.00139776  -0.00160122    -0.00114812  -0.00000000    -0.00175299   0.00590484
    7    5
  0.01192796   0.00592149     0.00003604   0.00031197     0.00309570   0.00757796
  0.00309570   0.00757796     0.00540330  -0.00430579    -0.00419232  -0.03822021
  0.00003604   0.00031197    -0.00233535  -0.00176018     0.00540330  -0.00430579
    7    6
 -0.01536146  -0.02064798     0.00447332   0.00798231     0.00414256  -0.00061829
  0.00447332   0.00798231    -0.00391893  -0.03668098     0.00473109  -0.00208129
  0.00414256  -0.00061829     0.00473109  -0.00208129     0.00215942   0.00540124
    7    7
  0.03505902   0.00000000    -0.00867878   0.00421367    -0.00202748  -0.00150104
 -0.00867878  -0.00421367     0.04155137  -0.00000000     0.00035760  -0.00356379
 -0.00202748   0.00150104     0.00035760   0.00356379     0.01681478   0.00000000

     Dynamical  Matrix in cartesian axes

     q = (    0.108253200   0.216506400  -0.108253200 ) 

    1    1
  0.02658239  -0.00000000     0.01673324  -0.00000000    -0.00159737  -0.00000000
  0.01673324  -0.00000000     0.06729210  -0.00000000    -0.01673324  -0.00000000
 -0.00159737   0.00000000    -0.01673324   0.00000000     0.02658239   0.00000000
    1    2
 -0.00518158   0.00015566    -0.00167568   0.00828259    -0.00185213   0.00574005
 -0.01441184   0.00222671    -0.00032572   0.00580411    -0.00587017   0.01649519
  0.00555114   0.00105962    -0.00160200  -0.00204333     0.00106523  -0.00645296
    1    3
 -0.00377400   0.00355386    -0.00704156  -0.00467179    -0.00536848  -0.00274917
 -0.01176522   0.00861619    -0.00433444  -0.00387380    -0.01581470  -0.00751302
  0.00317598  -0.00467451     0.00031207   0.00257764     0.00531616   0.00380969
    1    4
 -0.00781493  -0.00475257    -0.00290339   0.00222112    -0.00354089  -0.00113645
 -0.00307357  -0.00913201    -0.00253946   0.00253946    -0.00913201  -0.00307357
  0.00113645   0.00354089     0.00222112  -0.00290339     0.00475257   0.00781493
    1    5
 -0.00216542   0.00888657    -0.00362358   0.00048244    -0.00170020   0.00330738
  0.00428396   0.00863064    -0.00359134  -0.00000000    -0.00428396   0.00863064
 -0.00170020  -0.00330738     0.00362358   0.00048244    -0.00216542  -0.00888657
    1    6
 -0.00380970  -0.00531616     0.00257764   0.00031207     0.00467451  -0.00317598
 -0.00751302  -0.01581470     0.00387381   0.00433444     0.00861619  -0.01176523
  0.00274918   0.00536848    -0.00467179  -0.00704156    -0.00355386   0.00377400
    1    7
  0.00106523   0.00645296     0.00160200  -0.00204333     0.00555114  -0.00105962
  0.00587017   0.01649519    -0.00032572  -0.00580411     0.01441184   0.00222671
