  3.500000000000000E-002   1.26001304832687        2.38111420361614     
           6

     Dynamical  Matrix in cartesian axes

     q = (    0.000000000   0.000000000   0.216506400 ) 

    1    1
  0.01385666   0.00000000     0.00000000   0.00000000    -0.00000000   0.00000000
  0.00000000   0.00000000     0.01385666   0.00000000    -0.00000000   0.00000000
 -0.00000000   0.00000000    -0.00000000   0.00000000     0.21227223   0.00000000
    1    2
 -0.00280028   0.00280028     0.00000000   0.00000000    -0.01042291  -0.01042291
  0.00000000   0.00000000    -0.00011926   0.00011926    -0.00000000  -0.00000000
 -0.02237117  -0.02237116    -0.00000000   0.00000000     0.00337853  -0.00337853
    1    3
 -0.00396019  -0.00000000     0.00000000  -0.00000000     0.00000000   0.01474022
  0.00000000  -0.00000000    -0.00016866   0.00000000    -0.00000000   0.00000000
  0.00000000   0.03163760    -0.00000000   0.00000000     0.00477796   0.00000000
    1    4
 -0.00016866  -0.00000000     0.00000000  -0.00000000    -0.00000000   0.00000000
  0.00000000  -0.00000000    -0.00396019  -0.00000000     0.00000000   0.01474022
 -0.00000000  -0.00000000     0.00000000   0.03163760     0.00477796   0.00000000
    1    5
 -0.00011926   0.00011926     0.00000000   0.00000000     0.00000000   0.00000000
  0.00000000   0.00000000    -0.00280028   0.00280028    -0.01042291  -0.01042291
  0.00000000   0.00000000    -0.02237117  -0.02237116     0.00337853  -0.00337853
    1    6
 -0.00211641   0.01380106    -0.00000000  -0.00000000     0.00000000  -0.00000000
 -0.00000000  -0.00000000    -0.01125536  -0.00826229     0.00000000  -0.00000000
  0.00000000  -0.00000000     0.00000000  -0.00000000    -0.01731218   0.00717094
    1    7
 -0.01125536  -0.00826229     0.00000000  -0.00000000     0.00000000  -0.00000000
  0.00000000  -0.00000000    -0.00211641   0.01380106     0.00000000  -0.00000000
  0.00000000  -0.00000000     0.00000000  -0.00000000    -0.01731218   0.00717094
    2    1
 -0.00280028  -0.00280028     0.00000000  -0.00000000    -0.02237117   0.02237116
  0.00000000  -0.00000000    -0.00011926  -0.00011926     0.00000000  -0.00000000
 -0.01042291   0.01042291    -0.00000000   0.00000000     0.00337853   0.00337853
    2    2
  0.01864886   0.00000000     0.00000000  -0.00000000    -0.00000000   0.00389854
 -0.00000000   0.00000000     0.07487943   0.00000000    -0.00000000   0.00000000
 -0.00000000  -0.00389854    -0.00000000  -0.00000000     0.03473261  -0.00000000
    2    3
 -0.00799440  -0.00799440     0.00000000   0.00000000     0.00428429  -0.00428429
  0.00000000   0.00000000    -0.05164460  -0.05164462     0.00000000   0.00000000
  0.00428429  -0.00428429     0.00000000   0.00000000    -0.01801067  -0.01801067
    2    4
 -0.00063676  -0.00063676    -0.00729500  -0.00729500     0.00066935  -0.00066935
 -0.05168404  -0.05168405    -0.00063676  -0.00063676     0.00025934  -0.00025934
  0.00025934  -0.00025934     0.00066935  -0.00066935     0.00192207   0.00192208
    2    5
 -0.00090051   0.00000000     0.01031669  -0.00000000    -0.00000000  -0.00094661
  0.07309228  -0.00000000    -0.00090051  -0.00000000    -0.00000000   0.00036677
 -0.00000000  -0.00036677    -0.00000000   0.00094661     0.00271822  -0.00000000
    2    6
  0.00303219  -0.00304220     0.00000000  -0.00000000    -0.00399211  -0.00286944
  0.00000000   0.00000000     0.00027634   0.00029538     0.00000000  -0.00000000
 -0.01960816  -0.02044509     0.00000000  -0.00000000    -0.00155147  -0.00070951
    2    7
 -0.00000707   0.00429524    -0.00000000  -0.00000000     0.00485185   0.00079385
 -0.00000000   0.00000000     0.00040427  -0.00001346    -0.00000000   0.00000000
  0.02832193  -0.00059179    -0.00000000   0.00000000    -0.00159876  -0.00059536
    3    1
 -0.00396019   0.00000000     0.00000000   0.00000000     0.00000000  -0.03163760
  0.00000000   0.00000000    -0.00016866   0.00000000    -0.00000000   0.00000000
  0.00000000  -0.01474022    -0.00000000   0.00000000     0.00477796   0.00000000
    3    2
 -0.00799440   0.00799440     0.00000000  -0.00000000     0.00428429   0.00428429
  0.00000000  -0.00000000    -0.05164460   0.05164462     0.00000000  -0.00000000
  0.00428429   0.00428429     0.00000000  -0.00000000    -0.01801067   0.01801067
    3    3
  0.01864886  -0.00000000     0.00000000   0.00000000    -0.00000000  -0.00389854
 -0.00000000  -0.00000000     0.07487943  -0.00000000    -0.00000000  -0.00000000
 -0.00000000   0.00389854    -0.00000000   0.00000000     0.03473261   0.00000000
    3    4
 -0.00090051  -0.00000000     0.01031669  -0.00000000    -0.00000000   0.00094661
  0.07309228  -0.00000000    -0.00090051   0.00000000    -0.00000000  -0.00036677
 -0.00000000   0.00036677    -0.00000000  -0.00094661     0.00271822  -0.00000000
    3    5
 -0.00063676   0.00063676    -0.00729500   0.00729500     0.00066935   0.00066935
 -0.05168404   0.05168405    -0.00063676   0.00063676     0.00025934   0.00025934
  0.00025934   0.00025934     0.00066935   0.00066935     0.00192207  -0.00192208
    3    6
 -0.00000707  -0.00429524     0.00000000   0.00000000     0.00485185  -0.00079385
 -0.00000000   0.00000000     0.00040427   0.00001346    -0.00000000  -0.00000000
  0.02832193   0.00059179    -0.00000000  -0.00000000    -0.00159876   0.00059536
    3    7
  0.00303219   0.00304220     0.00000000  -0.00000000    -0.00399211   0.00286944
  0.00000000  -0.00000000     0.00027634  -0.00029538     0.00000000   0.00000000
 -0.01960816   0.02044509     0.00000000   0.00000000    -0.00155147   0.00070951
    4    1
 -0.00016866   0.00000000     0.00000000   0.00000000    -0.00000000   0.00000000
 -0.00000000   0.00000000    -0.00396019   0.00000000     0.00000000  -0.03163760
 -0.00000000   0.00000000     0.00000000  -0.01474022     0.00477796   0.00000000
    4    2
 -0.00063676   0.00063676    -0.05168404   0.05168405     0.00025934   0.00025934
 -0.00729500   0.00729500    -0.00063676   0.00063676     0.00066935   0.00066935
  0.00066935   0.00066935     0.00025934   0.00025934     0.00192207  -0.00192208
    4    3
 -0.00090051   0.00000000     0.07309228   0.00000000     0.00000000  -0.00036677
  0.01031669   0.00000000    -0.00090051  -0.00000000    -0.00000000   0.00094661
  0.00000000  -0.00094661     0.00000000   0.00036677     0.00271822   0.00000000
    4    4
  0.07487943  -0.00000000    -0.00000000  -0.00000000    -0.00000000  -0.00000000
  0.00000000   0.00000000     0.01864886  -0.00000000    -0.00000000  -0.00389854
 -0.00000000  -0.00000000    -0.00000000   0.00389854     0.03473261   0.00000000
    4    5
 -0.05164460   0.05164462     0.00000000   0.00000000     0.00000000  -0.00000000
  0.00000000   0.00000000    -0.00799440   0.00799440     0.00428429   0.00428429
  0.00000000  -0.00000000     0.00428429   0.00428429    -0.01801067   0.01801067
    4    6
  0.00027634  -0.00029538     0.00000000  -0.00000000     0.00000000   0.00000000
  0.00000000   0.00000000     0.00303219   0.00304220    -0.00399211   0.00286944
  0.00000000  -0.00000000    -0.01960816   0.02044509    -0.00155147   0.00070951
    4    7
  0.00040427   0.00001346    -0.00000000  -0.00000000     0.00000000  -0.00000000
  0.00000000   0.00000000    -0.00000707  -0.00429524     0.00485185  -0.00079385
  0.00000000  -0.00000000     0.02832193   0.00059179    -0.00159876   0.00059536
    5    1
 -0.00011926  -0.00011926     0.00000000  -0.00000000    -0.00000000   0.00000000
  0.00000000  -0.00000000    -0.00280028  -0.00280028    -0.02237117   0.02237116
 -0.00000000  -0.00000000    -0.01042291   0.01042291     0.00337853   0.00337853
    5    2
 -0.00090051  -0.00000000     0.07309228  -0.00000000     0.00000000   0.00036677
  0.01031669  -0.00000000    -0.00090051   0.00000000    -0.00000000  -0.00094661
  0.00000000   0.00094661     0.00000000  -0.00036677     0.00271822  -0.00000000
    5    3
 -0.00063676  -0.00063676    -0.05168404  -0.05168405     0.00025934  -0.00025934
 -0.00729500  -0.00729500    -0.00063676  -0.00063676     0.00066935  -0.00066935
  0.00066935  -0.00066935     0.00025934  -0.00025934     0.00192207   0.00192208
    5    4
 -0.05164460  -0.05164462     0.00000000   0.00000000     0.00000000   0.00000000
  0.00000000   0.00000000    -0.00799440  -0.00799440     0.00428429  -0.00428429
  0.00000000   0.00000000     0.00428429  -0.00428429    -0.01801067  -0.01801067
    5    5
  0.07487943   0.00000000    -0.00000000   0.00000000    -0.00000000   0.00000000
  0.00000000  -0.00000000     0.01864886   0.00000000    -0.00000000   0.00389854
 -0.00000000   0.00000000    -0.00000000  -0.00389854     0.03473261  -0.00000000
    5    6
  0.00040427  -0.00001346    -0.00000000   0.00000000     0.00000000   0.00000000
  0.00000000  -0.00000000    -0.00000707   0.00429524     0.00485185   0.00079385
  0.00000000   0.00000000     0.02832193  -0.00059179    -0.00159876  -0.00059536
    5    7
  0.00027634   0.00029538     0.00000000   0.00000000     0.00000000   0.00000000
  0.00000000   0.00000000     0.00303219  -0.00304220    -0.00399211  -0.00286944
 -0.00000000  -0.00000000    -0.01960816  -0.02044509    -0.00155147  -0.00070951
    6    1
 -0.00211641  -0.01380106     0.00000000   0.00000000     0.00000000   0.00000000
  0.00000000   0.00000000    -0.01125536   0.00826229     0.00000000   0.00000000
  0.00000000   0.00000000     0.00000000   0.00000000    -0.01731218  -0.00717094
    6    2
  0.00303219   0.00304220     0.00000000  -0.00000000    -0.01960816   0.02044509
  0.00000000   0.00000000     0.00027634  -0.00029538     0.00000000   0.00000000
 -0.00399211   0.00286944     0.00000000   0.00000000    -0.00155147   0.00070951
    6    3
 -0.00000707   0.00429524    -0.00000000   0.00000000     0.02832193  -0.00059179
  0.00000000  -0.00000000     0.00040427  -0.00001346    -0.00000000   0.00000000
  0.00485185   0.00079385     0.00000000   0.00000000    -0.00159876  -0.00059536
    6    4
  0.00027634   0.00029538     0.00000000   0.00000000     0.00000000   0.00000000
  0.00000000   0.00000000     0.00303219  -0.00304220    -0.01960816  -0.02044509
  0.00000000  -0.00000000    -0.00399211  -0.00286944    -0.00155147  -0.00070951
    6    5
  0.00040427   0.00001346     0.00000000   0.00000000     0.00000000  -0.00000000
  0.00000000   0.00000000    -0.00000707  -0.00429524     0.02832193   0.00059179
  0.00000000  -0.00000000     0.00485185  -0.00079385    -0.00159876   0.00059536
    6    6
  0.02960064  -0.00000000     0.00000000  -0.00000000    -0.00000000   0.00000000
 -0.00000000  -0.00000000     0.02960064   0.00000000    -0.00000000   0.00000000
 -0.00000000   0.00000000    -0.00000000   0.00000000     0.01926552   0.00000000
    6    7
 -0.01726386   0.01944367     0.00000000  -0.00000000     0.00000000  -0.00000000
  0.00000000  -0.00000000    -0.01726386  -0.01944367     0.00000000  -0.00000000
  0.00000000   0.00000000     0.00000000   0.00000000    -0.00252793  -0.00000000
    7    1
 -0.01125536   0.00826229     0.00000000   0.00000000     0.00000000   0.00000000
  0.00000000   0.00000000    -0.00211641  -0.01380106     0.00000000   0.00000000
  0.00000000   0.00000000     0.00000000   0.00000000    -0.01731218  -0.00717094
    7    2
 -0.00000707  -0.00429524    -0.00000000   0.00000000     0.02832193   0.00059179
  0.00000000   0.00000000     0.00040427   0.00001346     0.00000000  -0.00000000
  0.00485185  -0.00079385     0.00000000  -0.00000000    -0.00159876   0.00059536
    7    3
  0.00303219  -0.00304220     0.00000000   0.00000000    -0.01960816  -0.02044509
  0.00000000   0.00000000     0.00027634   0.00029538     0.00000000   0.00000000
 -0.00399211  -0.00286944     0.00000000   0.00000000    -0.00155147  -0.00070951
    7    4
  0.00040427  -0.00001346     0.00000000  -0.00000000     0.00000000   0.00000000
  0.00000000  -0.00000000    -0.00000707   0.00429524     0.02832193  -0.00059179
  0.00000000   0.00000000     0.00485185   0.00079385    -0.00159876  -0.00059536
    7    5
  0.00027634  -0.00029538     0.00000000   0.00000000     0.00000000   0.00000000
  0.00000000  -0.00000000     0.00303219   0.00304220    -0.01960816   0.02044509
  0.00000000   0.00000000    -0.00399211   0.00286944    -0.00155147   0.00070951
    7    6
 -0.01726386  -0.01944367     0.00000000   0.00000000     0.00000000   0.00000000
  0.00000000   0.00000000    -0.01726386   0.01944367     0.00000000   0.00000000
  0.00000000   0.00000000     0.00000000   0.00000000    -0.00252793   0.00000000
    7    7
  0.02960064   0.00000000     0.00000000   0.00000000    -0.00000000   0.00000000
 -0.00000000   0.00000000     0.02960064  -0.00000000    -0.00000000   0.00000000
 -0.00000000   0.00000000    -0.00000000   0.00000000     0.01926552  -0.00000000

     Dynamical  Matrix in cartesian axes

     q = (    0.216506400  -0.000000000   0.000000000 ) 

    1    1
  0.21227223   0.00000000    -0.00000000   0.00000000    -0.00000000   0.00000000
 -0.00000000   0.00000000     0.01385666   0.00000000    -0.00000000   0.00000000
  0.00000000   0.00000000    -0.00000000   0.00000000     0.01385666   0.00000000
    1    2
 -0.01731218   0.00717094     0.00000000  -0.00000000     0.00000000  -0.00000000
 -0.00000000  -0.00000000    -0.00211641   0.01380106     0.00000000  -0.00000000
  0.00000000  -0.00000000     0.00000000  -0.00000000    -0.01125536  -0.00826229
    1    3
 -0.01731218   0.00717094     0.00000000  -0.00000000     0.00000000  -0.00000000
  0.00000000   0.00000000    -0.01125536  -0.00826229     0.00000000  -0.00000000
 -0.00000000  -0.00000000     0.00000000  -0.00000000    -0.00211641   0.01380106
    1    4
  0.00337853  -0.00337853    -0.02237117  -0.02237116     0.00000000   0.00000000
 -0.01042291  -0.01042291    -0.00280028   0.00280028    -0.00000000   0.00000000
 -0.00000000   0.00000000     0.00000000   0.00000000    -0.00011926   0.00011926
    1    5
  0.00477796  -0.00000000     0.00000000   0.03163760    -0.00000000   0.00000000
  0.00000000   0.01474022    -0.00396019  -0.00000000    -0.00000000  -0.00000000
  0.00000000   0.00000000     0.00000000   0.00000000    -0.00016866  -0.00000000
    1    6
  0.00477796  -0.00000000     0.00000000  -0.00000000     0.00000000   0.03163760
 -0.00000000  -0.00000000    -0.00016866   0.00000000     0.00000000  -0.00000000
  0.00000000   0.01474022     0.00000000   0.00000000    -0.00396019   0.00000000
    1    7
  0.00337853  -0.00337853     0.00000000   0.00000000    -0.02237117  -0.02237116
  0.00000000   0.00000000    -0.00011926   0.00011926    -0.00000000  -0.00000000
 -0.01042291  -0.01042291    -0.00000000  -0.00000000    -0.00280028   0.00280028
    2    1
 -0.01731218  -0.00717094    -0.00000000   0.00000000     0.00000000   0.00000000
 -0.00000000   0.00000000    -0.00211641  -0.01380106     0.00000000   0.00000000
  0.00000000   0.00000000     0.00000000   0.00000000    -0.01125536   0.00826229
    2    2
  0.01926552   0.00000000    -0.00000000   0.00000000    -0.00000000   0.00000000
  0.00000000   0.00000000     0.02960064  -0.00000000    -0.00000000   0.00000000
 -0.00000000   0.00000000    -0.00000000   0.00000000     0.02960064   0.00000000
    2    3
 -0.00252793  -0.00000000     0.00000000  -0.00000000     0.00000000   0.00000000
  0.00000000  -0.00000000    -0.01726386   0.01944367     0.00000000   0.00000000
  0.00000000   0.00000000     0.00000000   0.00000000    -0.01726386  -0.01944367
    2    4
 -0.00155147   0.00070951    -0.00399211   0.00286944    -0.00000000   0.00000000
 -0.01960816   0.02044509     0.00303219   0.00304220    -0.00000000   0.00000000
  0.00000000   0.00000000    -0.00000000   0.00000000     0.00027634  -0.00029538
    2    5
 -0.00159876  -0.00059536     0.00485185   0.00079385    -0.00000000   0.00000000
  0.02832193  -0.00059179    -0.00000707   0.00429524    -0.00000000   0.00000000
 -0.00000000  -0.00000000    -0.00000000   0.00000000     0.00040427  -0.00001346
    2    6
 -0.00155147  -0.00070951     0.00000000   0.00000000    -0.00399211  -0.00286944
  0.00000000   0.00000000     0.00027634   0.00029538    -0.00000000   0.00000000
 -0.01960816  -0.02044509     0.00000000   0.00000000     0.00303219  -0.00304220
    2    7
 -0.00159876   0.00059536     0.00000000  -0.00000000     0.00485185  -0.00079385
 -0.00000000  -0.00000000     0.00040427   0.00001346    -0.00000000   0.00000000
  0.02832193   0.00059179    -0.00000000   0.00000000    -0.00000707  -0.00429524
    3    1
 -0.01731218  -0.00717094    -0.00000000   0.00000000    -0.00000000   0.00000000
 -0.00000000   0.00000000    -0.01125536   0.00826229     0.00000000   0.00000000
 -0.00000000   0.00000000     0.00000000   0.00000000    -0.00211641  -0.01380106
    3    2
 -0.00252793   0.00000000     0.00000000   0.00000000     0.00000000  -0.00000000
  0.00000000   0.00000000    -0.01726386  -0.01944367     0.00000000  -0.00000000
  0.00000000  -0.00000000     0.00000000  -0.00000000    -0.01726386   0.01944367
    3    3
  0.01926552  -0.00000000    -0.00000000  -0.00000000    -0.00000000  -0.00000000
  0.00000000  -0.00000000     0.02960064   0.00000000    -0.00000000  -0.00000000
 -0.00000000  -0.00000000    -0.00000000  -0.00000000     0.02960064  -0.00000000
    3    4
 -0.00159876   0.00059536     0.00485185  -0.00079385    -0.00000000   0.00000000
  0.02832193   0.00059179    -0.00000707  -0.00429524    -0.00000000  -0.00000000
 -0.00000000  -0.00000000    -0.00000000   0.00000000     0.00040427   0.00001346
    3    5
 -0.00155147  -0.00070951    -0.00399211  -0.00286944    -0.00000000   0.00000000
 -0.01960816  -0.02044509     0.00303219  -0.00304220    -0.00000000  -0.00000000
  0.00000000  -0.00000000    -0.00000000  -0.00000000     0.00027634   0.00029538
    3    6
 -0.00159876  -0.00059536     0.00000000   0.00000000     0.00485185   0.00079385
 -0.00000000   0.00000000     0.00040427  -0.00001346    -0.00000000  -0.00000000
  0.02832193  -0.00059179    -0.00000000   0.00000000    -0.00000707   0.00429524
    3    7
 -0.00155147   0.00070951     0.00000000  -0.00000000    -0.00399211   0.00286944
  0.00000000  -0.00000000     0.00027634  -0.00029538     0.00000000  -0.00000000
 -0.01960816   0.02044509     0.00000000  -0.00000000     0.00303219   0.00304220
    4    1
  0.00337853   0.00337853    -0.01042291   0.01042291     0.00000000   0.00000000
 -0.02237117   0.02237116    -0.00280028  -0.00280028     0.00000000   0.00000000
  0.00000000  -0.00000000     0.00000000   0.00000000    -0.00011926  -0.00011926
    4    2
 -0.00155147  -0.00070951    -0.01960816  -0.02044509    -0.00000000  -0.00000000
 -0.00399211  -0.00286944     0.00303219  -0.00304220    -0.00000000  -0.00000000
 -0.00000000   0.00000000    -0.00000000   0.00000000     0.00027634   0.00029538
    4    3
 -0.00159876  -0.00059536     0.02832193  -0.00059179    -0.00000000   0.00000000
  0.00485185   0.00079385    -0.00000707   0.00429524    -0.00000000   0.00000000
  0.00000000   0.00000000     0.00000000   0.00000000     0.00040427  -0.00001346
    4    4
  0.03473261  -0.00000000    -0.00000000  -0.00389854    -0.00000000  -0.00000000
  0.00000000   0.00389854     0.01864886  -0.00000000    -0.00000000  -0.00000000
 -0.00000000  -0.00000000    -0.00000000  -0.00000000     0.07487943   0.00000000
    4    5
 -0.01801067  -0.01801067     0.00428429  -0.00428429     0.00000000   0.00000000
  0.00428429  -0.00428429    -0.00799440  -0.00799440     0.00000000   0.00000000
  0.00000000   0.00000000     0.00000000   0.00000000    -0.05164460  -0.05164462
    4    6
  0.00192207   0.00192208     0.00025934  -0.00025934     0.00066935  -0.00066935
  0.00066935  -0.00066935    -0.00063676  -0.00063676    -0.00729500  -0.00729500
  0.00025934  -0.00025934    -0.05168404  -0.05168405    -0.00063676  -0.00063676
    4    7
  0.00271822  -0.00000000    -0.00000000  -0.00036677     0.00000000   0.00094661
 -0.00000000  -0.00094661    -0.00090051   0.00000000     0.01031669  -0.00000000
  0.00000000   0.00036677     0.07309228  -0.00000000    -0.00090051   0.00000000
    5    1
  0.00477796   0.00000000     0.00000000  -0.01474022    -0.00000000   0.00000000
  0.00000000  -0.03163760    -0.00396019   0.00000000    -0.00000000   0.00000000
  0.00000000   0.00000000     0.00000000   0.00000000    -0.00016866   0.00000000
    5    2
 -0.00159876   0.00059536     0.02832193   0.00059179     0.00000000  -0.00000000
  0.00485185  -0.00079385    -0.00000707  -0.00429524     0.00000000  -0.00000000
 -0.00000000  -0.00000000    -0.00000000   0.00000000     0.00040427   0.00001346
    5    3
 -0.00155147   0.00070951    -0.01960816   0.02044509    -0.00000000   0.00000000
 -0.00399211   0.00286944     0.00303219   0.00304220    -0.00000000   0.00000000
 -0.00000000   0.00000000    -0.00000000   0.00000000     0.00027634  -0.00029538
    5    4
 -0.01801067   0.01801067     0.00428429   0.00428429     0.00000000  -0.00000000
  0.00428429   0.00428429    -0.00799440   0.00799440     0.00000000  -0.00000000
  0.00000000  -0.00000000     0.00000000  -0.00000000    -0.05164460   0.05164462
    5    5
  0.03473261   0.00000000    -0.00000000   0.00389854    -0.00000000   0.00000000
  0.00000000  -0.00389854     0.01864886   0.00000000    -0.00000000   0.00000000
 -0.00000000   0.00000000    -0.00000000   0.00000000     0.07487943  -0.00000000
    5    6
  0.00271822  -0.00000000    -0.00000000   0.00036677     0.00000000  -0.00094661
 -0.00000000   0.00094661    -0.00090051  -0.00000000     0.01031669   0.00000000
  0.00000000  -0.00036677     0.07309228   0.00000000    -0.00090051  -0.00000000
    5    7
  0.00192207  -0.00192208     0.00025934   0.00025934     0.00066935   0.00066935
  0.00066935   0.00066935    -0.00063676   0.00063676    -0.00729500   0.00729500
  0.00025934   0.00025934    -0.05168404   0.05168405    -0.00063676   0.00063676
    6    1
  0.00477796   0.00000000    -0.00000000   0.00000000     0.00000000  -0.01474022
  0.00000000   0.00000000    -0.00016866   0.00000000     0.00000000   0.00000000
  0.00000000  -0.03163760     0.00000000  -0.00000000    -0.00396019  -0.00000000
    6    2
 -0.00155147   0.00070951     0.00000000  -0.00000000    -0.01960816   0.02044509
  0.00000000   0.00000000     0.00027634  -0.00029538     0.00000000   0.00000000
 -0.00399211   0.00286944     0.00000000  -0.00000000     0.00303219   0.00304220
    6    3
 -0.00159876   0.00059536    -0.00000000   0.00000000     0.02832193   0.00059179
  0.00000000  -0.00000000     0.00040427   0.00001346     0.00000000   0.00000000
  0.00485185  -0.00079385    -0.00000000   0.00000000    -0.00000707  -0.00429524
    6    4
  0.00192207  -0.00192208     0.00066935   0.00066935     0.00025934   0.00025934
  0.00025934   0.00025934    -0.00063676   0.00063676    -0.05168404   0.05168405
  0.00066935   0.00066935    -0.00729500   0.00729500    -0.00063676   0.00063676
    6    5
  0.00271822   0.00000000    -0.00000000  -0.00094661    -0.00000000   0.00036677
 -0.00000000  -0.00036677    -0.00090051   0.00000000     0.07309228  -0.00000000
  0.00000000   0.00094661     0.01031669  -0.00000000    -0.00090051   0.00000000
    6    6
  0.03473261  -0.00000000    -0.00000000   0.00000000    -0.00000000   0.00389854
 -0.00000000   0.00000000     0.07487943  -0.00000000    -0.00000000   0.00000000
 -0.00000000  -0.00389854    -0.00000000   0.00000000     0.01864886   0.00000000
    6    7
 -0.01801067   0.01801067     0.00000000  -0.00000000     0.00428429   0.00428429
  0.00000000  -0.00000000    -0.05164460   0.05164462     0.00000000  -0.00000000
  0.00428429   0.00428429     0.00000000   0.00000000    -0.00799440   0.00799440
    7    1
  0.00337853   0.00337853     0.00000000  -0.00000000    -0.01042291   0.01042291
  0.00000000  -0.00000000    -0.00011926  -0.00011926    -0.00000000  -0.00000000
 -0.02237117   0.02237116    -0.00000000   0.00000000    -0.00280028  -0.00280028
    7    2
 -0.00159876  -0.00059536    -0.00000000   0.00000000     0.02832193  -0.00059179
  0.00000000   0.00000000     0.00040427  -0.00001346     0.00000000   0.00000000
  0.00485185   0.00079385    -0.00000000  -0.00000000    -0.00000707   0.00429524
    7    3
 -0.00155147  -0.00070951     0.00000000   0.00000000    -0.01960816  -0.02044509
  0.00000000   0.00000000     0.00027634   0.00029538     0.00000000   0.00000000
 -0.00399211  -0.00286944     0.00000000  -0.00000000     0.00303219  -0.00304220
    7    4
  0.00271822   0.00000000    -0.00000000   0.00094661    -0.00000000  -0.00036677
 -0.00000000   0.00036677    -0.00090051  -0.00000000     0.07309228   0.00000000
  0.00000000  -0.00094661     0.01031669   0.00000000    -0.00090051  -0.00000000
    7    5
  0.00192207   0.00192208     0.00066935  -0.00066935     0.00025934  -0.00025934
  0.00025934  -0.00025934    -0.00063676  -0.00063676    -0.05168404  -0.05168405
  0.00066935  -0.00066935    -0.00729500  -0.00729500    -0.00063676  -0.00063676
    7    6
 -0.01801067  -0.01801067     0.00000000   0.00000000     0.00428429  -0.00428429
  0.00000000   0.00000000    -0.05164460  -0.05164462     0.00000000   0.00000000
  0.00428429  -0.00428429     0.00000000   0.00000000    -0.00799440  -0.00799440
    7    7
  0.03473261   0.00000000    -0.00000000  -0.00000000    -0.00000000  -0.00389854
 -0.00000000  -0.00000000     0.07487943   0.00000000    -0.00000000  -0.00000000
 -0.00000000   0.00389854    -0.00000000  -0.00000000     0.01864886  -0.00000000

     Dynamical  Matrix in cartesian axes

     q = (   -0.216506400  -0.000000000  -0.000000000 ) 

    1    1
  0.21227223   0.00000000     0.00000000   0.00000000     0.00000000   0.00000000
  0.00000000   0.00000000     0.01385666   0.00000000     0.00000000   0.00000000
  0.00000000   0.00000000     0.00000000   0.00000000     0.01385666   0.00000000
    1    2
 -0.01731218  -0.00717094     0.00000000   0.00000000     0.00000000  -0.00000000
  0.00000000   0.00000000    -0.00211641  -0.01380106     0.00000000  -0.00000000
  0.00000000  -0.00000000     0.00000000  -0.00000000    -0.01125536   0.00826229
    1    3
 -0.01731218  -0.00717094     0.00000000  -0.00000000    -0.00000000   0.00000000
  0.00000000   0.00000000    -0.01125536   0.00826229     0.00000000   0.00000000
 -0.00000000   0.00000000    -0.00000000   0.00000000    -0.00211641  -0.01380106
    1    4
  0.00337853   0.00337853    -0.02237117   0.02237116    -0.00000000  -0.00000000
 -0.01042291   0.01042291    -0.00280028  -0.00280028    -0.00000000  -0.00000000
 -0.00000000  -0.00000000    -0.00000000  -0.00000000    -0.00011926  -0.00011926
    1    5
  0.00477796   0.00000000     0.00000000  -0.03163760     0.00000000   0.00000000
  0.00000000  -0.01474022    -0.00396019   0.00000000     0.00000000   0.00000000
  0.00000000   0.00000000     0.00000000   0.00000000    -0.00016866   0.00000000
    1    6
  0.00477796   0.00000000    -0.00000000   0.00000000     0.00000000  -0.03163760
 -0.00000000   0.00000000    -0.00016866   0.00000000     0.00000000   0.00000000
  0.00000000  -0.01474022     0.00000000   0.00000000    -0.00396019   0.00000000
    1    7
  0.00337853   0.00337853     0.00000000  -0.00000000    -0.02237117   0.02237116
  0.00000000  -0.00000000    -0.00011926  -0.00011926    -0.00000000  -0.00000000
 -0.01042291   0.01042291    -0.00000000  -0.00000000    -0.00280028  -0.00280028
    2    1
 -0.01731218   0.00717094     0.00000000  -0.00000000     0.00000000   0.00000000
  0.00000000  -0.00000000    -0.00211641   0.01380106     0.00000000   0.00000000
  0.00000000   0.00000000     0.00000000   0.00000000    -0.01125536  -0.00826229
    2    2
  0.01926552   0.00000000    -0.00000000  -0.00000000    -0.00000000   0.00000000
 -0.00000000  -0.00000000     0.02960064   0.00000000    -0.00000000   0.00000000
 -0.00000000   0.00000000    -0.00000000   0.00000000     0.02960064  -0.00000000
    2    3
 -0.00252793  -0.00000000    -0.00000000   0.00000000     0.00000000  -0.00000000
  0.00000000  -0.00000000    -0.01726386  -0.01944367     0.00000000  -0.00000000
  0.00000000  -0.00000000     0.00000000  -0.00000000    -0.01726386   0.01944367
    2    4
 -0.00155147  -0.00070951    -0.00399211  -0.00286944    -0.00000000  -0.00000000
 -0.01960816  -0.02044509     0.00303219  -0.00304220    -0.00000000  -0.00000000
  0.00000000   0.00000000     0.00000000   0.00000000     0.00027634   0.00029538
    2    5
 -0.00159876   0.00059536     0.00485185  -0.00079385     0.00000000   0.00000000
  0.02832193   0.00059179    -0.00000707  -0.00429524     0.00000000   0.00000000
 -0.00000000   0.00000000    -0.00000000  -0.00000000     0.00040427   0.00001346
    2    6
 -0.00155147   0.00070951    -0.00000000   0.00000000    -0.00399211   0.00286944
  0.00000000  -0.00000000     0.00027634  -0.00029538    -0.00000000   0.00000000
 -0.01960816   0.02044509     0.00000000   0.00000000     0.00303219   0.00304220
    2    7
 -0.00159876  -0.00059536     0.00000000   0.00000000     0.00485185   0.00079385
 -0.00000000   0.00000000     0.00040427  -0.00001346    -0.00000000  -0.00000000
  0.02832193  -0.00059179    -0.00000000  -0.00000000    -0.00000707   0.00429524
    3    1
 -0.01731218   0.00717094     0.00000000   0.00000000    -0.00000000  -0.00000000
  0.00000000   0.00000000    -0.01125536  -0.00826229     0.00000000  -0.00000000
 -0.00000000  -0.00000000     0.00000000  -0.00000000    -0.00211641   0.01380106
    3    2
 -0.00252793   0.00000000    -0.00000000  -0.00000000     0.00000000   0.00000000
  0.00000000   0.00000000    -0.01726386   0.01944367     0.00000000   0.00000000
  0.00000000   0.00000000     0.00000000   0.00000000    -0.01726386  -0.01944367
    3    3
  0.01926552  -0.00000000    -0.00000000   0.00000000    -0.00000000  -0.00000000
 -0.00000000   0.00000000     0.02960064  -0.00000000    -0.00000000  -0.00000000
 -0.00000000  -0.00000000    -0.00000000  -0.00000000     0.02960064   0.00000000
    3    4
 -0.00159876  -0.00059536     0.00485185   0.00079385    -0.00000000   0.00000000
  0.02832193  -0.00059179    -0.00000707   0.00429524    -0.00000000   0.00000000
 -0.00000000   0.00000000    -0.00000000   0.00000000     0.00040427  -0.00001346
    3    5
 -0.00155147   0.00070951    -0.00399211   0.00286944     0.00000000   0.00000000
 -0.01960816   0.02044509     0.00303219   0.00304220     0.00000000   0.00000000
  0.00000000   0.00000000     0.00000000   0.00000000     0.00027634  -0.00029538
    3    6
 -0.00159876   0.00059536     0.00000000  -0.00000000     0.00485185  -0.00079385
 -0.00000000  -0.00000000     0.00040427   0.00001346    -0.00000000   0.00000000
  0.02832193   0.00059179    -0.00000000   0.00000000    -0.00000707  -0.00429524
    3    7
 -0.00155147  -0.00070951     0.00000000   0.00000000    -0.00399211  -0.00286944
  0.00000000   0.00000000     0.00027634   0.00029538    -0.00000000  -0.00000000
 -0.01960816  -0.02044509    -0.00000000  -0.00000000     0.00303219  -0.00304220
    4    1
  0.00337853  -0.00337853    -0.01042291  -0.01042291    -0.00000000   0.00000000
 -0.02237117  -0.02237116    -0.00280028   0.00280028     0.00000000   0.00000000
 -0.00000000   0.00000000     0.00000000   0.00000000    -0.00011926   0.00011926
    4    2
 -0.00155147   0.00070951    -0.01960816   0.02044509     0.00000000   0.00000000
 -0.00399211   0.00286944     0.00303219   0.00304220     0.00000000   0.00000000
  0.00000000   0.00000000     0.00000000   0.00000000     0.00027634  -0.00029538
    4    3
 -0.00159876   0.00059536     0.02832193   0.00059179    -0.00000000  -0.00000000
  0.00485185  -0.00079385    -0.00000707  -0.00429524    -0.00000000   0.00000000
  0.00000000  -0.00000000     0.00000000   0.00000000     0.00040427   0.00001346
    4    4
  0.03473261   0.00000000    -0.00000000   0.00389854    -0.00000000   0.00000000
  0.00000000  -0.00389854     0.01864886  -0.00000000    -0.00000000   0.00000000
 -0.00000000   0.00000000    -0.00000000   0.00000000     0.07487943  -0.00000000
    4    5
 -0.01801067   0.01801067     0.00428429   0.00428429     0.00000000  -0.00000000
  0.00428429   0.00428429    -0.00799440   0.00799440     0.00000000  -0.00000000
  0.00000000  -0.00000000     0.00000000  -0.00000000    -0.05164460   0.05164462
    4    6
  0.00192207  -0.00192208     0.00025934   0.00025934     0.00066935   0.00066935
  0.00066935   0.00066935    -0.00063676   0.00063676    -0.00729500   0.00729500
  0.00025934   0.00025934    -0.05168404   0.05168405    -0.00063676   0.00063676
    4    7
  0.00271822  -0.00000000    -0.00000000   0.00036677     0.00000000  -0.00094661
 -0.00000000   0.00094661    -0.00090051   0.00000000     0.01031669  -0.00000000
 -0.00000000  -0.00036677     0.07309228  -0.00000000    -0.00090051   0.00000000
    5    1
  0.00477796  -0.00000000     0.00000000   0.01474022     0.00000000  -0.00000000
  0.00000000   0.03163760    -0.00396019  -0.00000000     0.00000000  -0.00000000
  0.00000000  -0.00000000     0.00000000  -0.00000000    -0.00016866  -0.00000000
    5    2
 -0.00159876  -0.00059536     0.02832193  -0.00059179    -0.00000000   0.00000000
  0.00485185   0.00079385    -0.00000707   0.00429524    -0.00000000   0.00000000
 -0.00000000  -0.00000000    -0.00000000  -0.00000000     0.00040427  -0.00001346
    5    3
 -0.00155147  -0.00070951    -0.01960816  -0.02044509    -0.00000000  -0.00000000
 -0.00399211  -0.00286944     0.00303219  -0.00304220    -0.00000000  -0.00000000
 -0.00000000  -0.00000000    -0.00000000  -0.00000000     0.00027634   0.00029538
    5    4
 -0.01801067  -0.01801067     0.00428429  -0.00428429     0.00000000   0.00000000
  0.00428429  -0.00428429    -0.00799440  -0.00799440     0.00000000   0.00000000
  0.00000000   0.00000000     0.00000000   0.00000000    -0.05164460  -0.05164462
    5    5
  0.03473261  -0.00000000    -0.00000000  -0.00389854    -0.00000000   0.00000000
  0.00000000   0.00389854     0.01864886   0.00000000    -0.00000000   0.00000000
 -0.00000000   0.00000000    -0.00000000   0.00000000     0.07487943   0.00000000
    5    6
  0.00271822  -0.00000000    -0.00000000  -0.00036677     0.00000000   0.00094661
 -0.00000000  -0.00094661    -0.00090051   0.00000000     0.01031669   0.00000000
 -0.00000000   0.00036677     0.07309228   0.00000000    -0.00090051  -0.00000000
    5    7
  0.00192207   0.00192208     0.00025934  -0.00025934     0.00066935  -0.00066935
  0.00066935  -0.00066935    -0.00063676  -0.00063676    -0.00729500  -0.00729500
  0.00025934  -0.00025934    -0.05168404  -0.05168405    -0.00063676  -0.00063676
    6    1
  0.00477796  -0.00000000     0.00000000  -0.00000000     0.00000000   0.01474022
 -0.00000000  -0.00000000    -0.00016866  -0.00000000     0.00000000  -0.00000000
  0.00000000   0.03163760     0.00000000  -0.00000000    -0.00396019  -0.00000000
    6    2
 -0.00155147  -0.00070951     0.00000000   0.00000000    -0.01960816  -0.02044509
  0.00000000   0.00000000     0.00027634   0.00029538    -0.00000000   0.00000000
 -0.00399211  -0.00286944    -0.00000000  -0.00000000     0.00303219  -0.00304220
    6    3
 -0.00159876  -0.00059536    -0.00000000   0.00000000     0.02832193  -0.00059179
 -0.00000000   0.00000000     0.00040427  -0.00001346    -0.00000000  -0.00000000
  0.00485185   0.00079385    -0.00000000  -0.00000000    -0.00000707   0.00429524
    6    4
  0.00192207   0.00192208     0.00066935  -0.00066935     0.00025934  -0.00025934
  0.00025934  -0.00025934    -0.00063676  -0.00063676    -0.05168404  -0.05168405
  0.00066935  -0.00066935    -0.00729500  -0.00729500    -0.00063676  -0.00063676
    6    5
  0.00271822  -0.00000000    -0.00000000   0.00094661    -0.00000000  -0.00036677
 -0.00000000   0.00036677    -0.00090051  -0.00000000     0.07309228  -0.00000000
  0.00000000  -0.00094661     0.01031669  -0.00000000    -0.00090051   0.00000000
    6    6
  0.03473261   0.00000000    -0.00000000   0.00000000    -0.00000000  -0.00389854
 -0.00000000   0.00000000     0.07487943   0.00000000    -0.00000000   0.00000000
 -0.00000000   0.00389854    -0.00000000   0.00000000     0.01864886   0.00000000
    6    7
 -0.01801067  -0.01801067     0.00000000   0.00000000     0.00428429  -0.00428429
  0.00000000   0.00000000    -0.05164460  -0.05164462     0.00000000   0.00000000
  0.00428429  -0.00428429    -0.00000000   0.00000000    -0.00799440  -0.00799440
    7    1
  0.00337853  -0.00337853     0.00000000   0.00000000    -0.01042291  -0.01042291
  0.00000000   0.00000000    -0.00011926   0.00011926     0.00000000   0.00000000
 -0.02237117  -0.02237116    -0.00000000   0.00000000    -0.00280028   0.00280028
    7    2
 -0.00159876   0.00059536    -0.00000000  -0.00000000     0.02832193   0.00059179
 -0.00000000  -0.00000000     0.00040427   0.00001346    -0.00000000   0.00000000
  0.00485185  -0.00079385    -0.00000000   0.00000000    -0.00000707  -0.00429524
    7    3
 -0.00155147   0.00070951     0.00000000  -0.00000000    -0.01960816   0.02044509
  0.00000000  -0.00000000     0.00027634  -0.00029538    -0.00000000  -0.00000000
 -0.00399211   0.00286944     0.00000000   0.00000000     0.00303219   0.00304220
    7    4
  0.00271822   0.00000000    -0.00000000  -0.00094661    -0.00000000   0.00036677
 -0.00000000  -0.00036677    -0.00090051   0.00000000     0.07309228   0.00000000
  0.00000000   0.00094661     0.01031669   0.00000000    -0.00090051  -0.00000000
    7    5
  0.00192207  -0.00192208     0.00066935   0.00066935     0.00025934   0.00025934
  0.00025934   0.00025934    -0.00063676   0.00063676    -0.05168404   0.05168405
  0.00066935   0.00066935    -0.00729500   0.00729500    -0.00063676   0.00063676
    7    6
 -0.01801067   0.01801067     0.00000000  -0.00000000     0.00428429   0.00428429
  0.00000000  -0.00000000    -0.05164460   0.05164462     0.00000000  -0.00000000
  0.00428429   0.00428429    -0.00000000   0.00000000    -0.00799440   0.00799440
    7    7
  0.03473261  -0.00000000    -0.00000000  -0.00000000    -0.00000000   0.00389854
 -0.00000000  -0.00000000     0.07487943  -0.00000000    -0.00000000  -0.00000000
 -0.00000000  -0.00389854    -0.00000000  -0.00000000     0.01864886  -0.00000000

     Dynamical  Matrix in cartesian axes

     q = (   -0.000000000   0.216506400   0.000000000 ) 

    1    1
  0.01385666   0.00000000    -0.00000000   0.00000000    -0.00000000   0.00000000
 -0.00000000   0.00000000     0.21227223   0.00000000    -0.00000000   0.00000000
 -0.00000000   0.00000000    -0.00000000   0.00000000     0.01385666   0.00000000
    1    2
 -0.00396019   0.00000000     0.00000000   0.01474022     0.00000000   0.00000000
  0.00000000   0.03163760     0.00477796  -0.00000000     0.00000000  -0.00000000
  0.00000000  -0.00000000     0.00000000   0.00000000    -0.00016866   0.00000000
    1    3
 -0.00280028   0.00280028    -0.01042291  -0.01042291    -0.00000000   0.00000000
 -0.02237117  -0.02237116     0.00337853  -0.00337853     0.00000000  -0.00000000
  0.00000000   0.00000000     0.00000000  -0.00000000    -0.00011926   0.00011926
    1    4
 -0.01125536  -0.00826229     0.00000000   0.00000000    -0.00000000  -0.00000000
 -0.00000000  -0.00000000    -0.01731218   0.00717094     0.00000000  -0.00000000
 -0.00000000  -0.00000000     0.00000000  -0.00000000    -0.00211641   0.01380106
    1    5
 -0.00211641   0.01380106     0.00000000  -0.00000000     0.00000000   0.00000000
  0.00000000  -0.00000000    -0.01731218   0.00717094     0.00000000   0.00000000
  0.00000000  -0.00000000     0.00000000   0.00000000    -0.01125536  -0.00826229
    1    6
 -0.00011926   0.00011926     0.00000000   0.00000000     0.00000000  -0.00000000
  0.00000000   0.00000000     0.00337853  -0.00337853    -0.02237117  -0.02237116
  0.00000000   0.00000000    -0.01042291  -0.01042291    -0.00280028   0.00280028
    1    7
 -0.00016866  -0.00000000     0.00000000   0.00000000     0.00000000   0.00000000
 -0.00000000  -0.00000000     0.00477796  -0.00000000     0.00000000   0.03163760
