  3.500000000000000E-002   1.26001304832687        2.38111420361614     
          12

     Dynamical  Matrix in cartesian axes

     q = (   -0.866025400  -0.108253200  -0.108253200 ) 

    1    1
  0.01777518  -0.00000000     0.00000000   0.00000000    -0.00000000   0.00000000
 -0.00000000   0.00000000     0.05118720  -0.00000000    -0.00101277  -0.00000000
 -0.00000000  -0.00000000    -0.00101277  -0.00000000     0.05118720   0.00000000
    1    2
 -0.00000000  -0.00000000    -0.00274500   0.00662700    -0.00274500   0.00662700
 -0.00603028   0.01455837     0.00639962   0.00265081    -0.00592115  -0.00245262
 -0.00603028   0.01455837     0.00592115   0.00245262    -0.00639962  -0.00265081
    1    3
 -0.00000000  -0.00000000    -0.00274500   0.00662700    -0.00274500   0.00662700
 -0.00603028   0.01455837    -0.00639962  -0.00265081     0.00592115   0.00245262
 -0.00603028   0.01455837    -0.00592115  -0.00245262     0.00639962   0.00265081
    1    4
 -0.00339611   0.00590286    -0.00000000  -0.00000000    -0.00000000  -0.00000000
 -0.00000000   0.00000000     0.00201116  -0.00543877    -0.00518631   0.00363892
  0.00000000  -0.00000000     0.00561761   0.02443657     0.00822432   0.00238735
    1    5
 -0.00177254   0.00657536     0.00000000  -0.00000000     0.00000000   0.00000000
  0.00000000  -0.00000000     0.00242369  -0.00526790     0.00109417   0.00624038
  0.00000000   0.00000000    -0.02125152   0.01330702    -0.00750358  -0.00412736
    1    6
 -0.00177254   0.00657536     0.00000000  -0.00000000     0.00000000   0.00000000
  0.00000000  -0.00000000    -0.00750358  -0.00412736    -0.02125152   0.01330702
  0.00000000   0.00000000     0.00109417   0.00624038     0.00242369  -0.00526790
    1    7
 -0.00339611   0.00590286    -0.00000000  -0.00000000    -0.00000000  -0.00000000
  0.00000000  -0.00000000     0.00822432   0.00238735     0.00561761   0.02443657
 -0.00000000   0.00000000    -0.00518631   0.00363892     0.00201116  -0.00543877
    2    1
 -0.00000000   0.00000000    -0.00603028  -0.01455837    -0.00603028  -0.01455837
 -0.00274500  -0.00662700     0.00639962  -0.00265081     0.00592115  -0.00245262
 -0.00274500  -0.00662700    -0.00592115   0.00245262    -0.00639962   0.00265081
    2    2
  0.02091765  -0.00000000     0.00000000  -0.00184145    -0.00000000   0.00184145
  0.00000000   0.00184145     0.03793568   0.00000000    -0.00318906   0.00000000
 -0.00000000  -0.00184145    -0.00318906   0.00000000     0.03793568   0.00000000
    2    3
  0.00695447   0.00000000    -0.00000000   0.00767293    -0.00000000  -0.00767293
  0.00000000   0.00767293     0.02600202  -0.00000000    -0.00147307   0.00000000
 -0.00000000  -0.00767293    -0.00147307   0.00000000     0.02600202  -0.00000000
    2    4
  0.00221269   0.00164932     0.00685845  -0.00607501     0.00023846  -0.00070413
  0.03041776   0.00063013     0.00443569   0.00274058     0.00024350   0.00037113
 -0.00232320   0.00126516    -0.00104744  -0.00133289    -0.00247765   0.00020210
    2    5
 -0.00221269   0.00164932     0.00685845   0.00607501     0.00023846   0.00070413
  0.03041776  -0.00063013    -0.00443569   0.00274058    -0.00024350   0.00037113
 -0.00232320  -0.00126516     0.00104744  -0.00133289     0.00247765   0.00020210
    2    6
  0.00221269  -0.00164932     0.00023846   0.00070413     0.00685845   0.00607501
 -0.00232320  -0.00126516    -0.00247765  -0.00020210    -0.00104744   0.00133289
  0.03041776  -0.00063013     0.00024350  -0.00037113     0.00443569  -0.00274058
    2    7
 -0.00221269  -0.00164932     0.00023846  -0.00070413     0.00685845  -0.00607501
 -0.00232320   0.00126516     0.00247765  -0.00020210     0.00104744   0.00133289
  0.03041776   0.00063013    -0.00024350  -0.00037113    -0.00443569  -0.00274058
    3    1
 -0.00000000   0.00000000    -0.00603028  -0.01455837    -0.00603028  -0.01455837
 -0.00274500  -0.00662700    -0.00639962   0.00265081    -0.00592115   0.00245262
 -0.00274500  -0.00662700     0.00592115  -0.00245262     0.00639962  -0.00265081
    3    2
  0.00695447  -0.00000000     0.00000000  -0.00767293    -0.00000000   0.00767293
  0.00000000  -0.00767293     0.02600202   0.00000000    -0.00147307  -0.00000000
 -0.00000000   0.00767293    -0.00147307  -0.00000000     0.02600202   0.00000000
    3    3
  0.02091765   0.00000000     0.00000000   0.00184145    -0.00000000  -0.00184145
  0.00000000  -0.00184145     0.03793568   0.00000000    -0.00318906   0.00000000
 -0.00000000   0.00184145    -0.00318906   0.00000000     0.03793568  -0.00000000
    3    4
 -0.00221269  -0.00164932     0.00685845  -0.00607501     0.00023846  -0.00070413
  0.03041776   0.00063013    -0.00443569  -0.00274058    -0.00024350  -0.00037113
 -0.00232320   0.00126516     0.00104744   0.00133289     0.00247765  -0.00020210
    3    5
  0.00221269  -0.00164932     0.00685845   0.00607501     0.00023846   0.00070413
  0.03041776  -0.00063013     0.00443569  -0.00274058     0.00024350  -0.00037113
 -0.00232320  -0.00126516    -0.00104744   0.00133289    -0.00247765  -0.00020210
    3    6
 -0.00221269   0.00164932     0.00023846   0.00070413     0.00685845   0.00607501
 -0.00232320  -0.00126516     0.00247765   0.00020210     0.00104744  -0.00133289
  0.03041776  -0.00063013    -0.00024350   0.00037113    -0.00443569   0.00274058
    3    7
  0.00221269   0.00164932     0.00023846  -0.00070413     0.00685845  -0.00607501
 -0.00232320   0.00126516    -0.00247765   0.00020210    -0.00104744  -0.00133289
  0.03041776   0.00063013     0.00024350   0.00037113     0.00443569   0.00274058
    4    1
 -0.00339611  -0.00590286    -0.00000000  -0.00000000     0.00000000   0.00000000
 -0.00000000   0.00000000     0.00201116   0.00543877     0.00561761  -0.02443657
 -0.00000000   0.00000000    -0.00518631  -0.00363892     0.00822432  -0.00238735
    4    2
  0.00221269  -0.00164932     0.03041776  -0.00063013    -0.00232320  -0.00126516
  0.00685845   0.00607501     0.00443569  -0.00274058    -0.00104744   0.00133289
  0.00023846   0.00070413     0.00024350  -0.00037113    -0.00247765  -0.00020210
    4    3
 -0.00221269   0.00164932     0.03041776  -0.00063013    -0.00232320  -0.00126516
  0.00685845   0.00607501    -0.00443569   0.00274058     0.00104744  -0.00133289
  0.00023846   0.00070413    -0.00024350   0.00037113     0.00247765   0.00020210
    4    4
  0.03459341   0.00000000    -0.00000000  -0.00000000    -0.00000000   0.00000000
 -0.00000000   0.00000000     0.03143439  -0.00000000    -0.00320375  -0.00398132
 -0.00000000  -0.00000000    -0.00320375   0.00398132     0.03404912  -0.00000000
    4    5
  0.02764622  -0.00162906    -0.00000000  -0.00000000    -0.00000000  -0.00000000
 -0.00000000  -0.00000000     0.00829145   0.01020143    -0.00572344   0.00267353
 -0.00000000  -0.00000000    -0.00572344   0.00267353     0.01118674   0.01480377
    4    6
 -0.00439455  -0.00235462     0.00000000   0.00000000     0.00000000  -0.00000000
  0.00000000  -0.00000000     0.00227810  -0.00019513    -0.00222819  -0.00421855
  0.00000000   0.00000000     0.01701692   0.02030066     0.00227810  -0.00019513
    4    7
 -0.00173053   0.00000000    -0.00000000  -0.00000000     0.00000000   0.00000000
  0.00000000  -0.00000000    -0.00653371   0.00209323    -0.00216595   0.00000000
  0.00000000   0.00000000     0.02287953  -0.00000000    -0.00653371  -0.00209323
    5    1
 -0.00177254  -0.00657536     0.00000000   0.00000000     0.00000000   0.00000000
  0.00000000   0.00000000     0.00242369   0.00526790    -0.02125152  -0.01330702
  0.00000000   0.00000000     0.00109417  -0.00624038    -0.00750358   0.00412736
    5    2
 -0.00221269  -0.00164932     0.03041776   0.00063013    -0.00232320   0.00126516
  0.00685845  -0.00607501    -0.00443569  -0.00274058     0.00104744   0.00133289
  0.00023846  -0.00070413    -0.00024350  -0.00037113     0.00247765  -0.00020210
    5    3
  0.00221269   0.00164932     0.03041776   0.00063013    -0.00232320   0.00126516
  0.00685845  -0.00607501     0.00443569   0.00274058    -0.00104744  -0.00133289
  0.00023846  -0.00070413     0.00024350   0.00037113    -0.00247765   0.00020210
    5    4
  0.02764622   0.00162906    -0.00000000   0.00000000    -0.00000000   0.00000000
 -0.00000000   0.00000000     0.00829145  -0.01020143    -0.00572344  -0.00267353
 -0.00000000   0.00000000    -0.00572344  -0.00267353     0.01118674  -0.01480377
    5    5
  0.03459341  -0.00000000    -0.00000000   0.00000000    -0.00000000  -0.00000000
 -0.00000000  -0.00000000     0.03143439   0.00000000    -0.00320375   0.00398132
 -0.00000000  -0.00000000    -0.00320375  -0.00398132     0.03404912   0.00000000
    5    6
 -0.00173053  -0.00000000     0.00000000  -0.00000000     0.00000000  -0.00000000
  0.00000000   0.00000000    -0.00653371  -0.00209323    -0.00216595  -0.00000000
  0.00000000  -0.00000000     0.02287953   0.00000000    -0.00653371   0.00209323
    5    7
 -0.00439455   0.00235462     0.00000000  -0.00000000     0.00000000   0.00000000
  0.00000000   0.00000000     0.00227810   0.00019513    -0.00222819   0.00421855
  0.00000000  -0.00000000     0.01701692  -0.02030066     0.00227810   0.00019513
    6    1
 -0.00177254  -0.00657536     0.00000000   0.00000000     0.00000000   0.00000000
  0.00000000   0.00000000    -0.00750358   0.00412736     0.00109417  -0.00624038
  0.00000000   0.00000000    -0.02125152  -0.01330702     0.00242369   0.00526790
    6    2
  0.00221269   0.00164932    -0.00232320   0.00126516     0.03041776   0.00063013
  0.00023846  -0.00070413    -0.00247765   0.00020210     0.00024350   0.00037113
  0.00685845  -0.00607501    -0.00104744  -0.00133289     0.00443569   0.00274058
    6    3
 -0.00221269  -0.00164932    -0.00232320   0.00126516     0.03041776   0.00063013
  0.00023846  -0.00070413     0.00247765  -0.00020210    -0.00024350  -0.00037113
  0.00685845  -0.00607501     0.00104744   0.00133289    -0.00443569  -0.00274058
    6    4
 -0.00439455   0.00235462     0.00000000   0.00000000     0.00000000  -0.00000000
  0.00000000  -0.00000000     0.00227810   0.00019513     0.01701692  -0.02030066
  0.00000000   0.00000000    -0.00222819   0.00421855     0.00227810   0.00019513
    6    5
 -0.00173053   0.00000000     0.00000000   0.00000000     0.00000000   0.00000000
  0.00000000  -0.00000000    -0.00653371   0.00209323     0.02287953  -0.00000000
  0.00000000   0.00000000    -0.00216595   0.00000000    -0.00653371  -0.00209323
    6    6
  0.03459341  -0.00000000    -0.00000000  -0.00000000    -0.00000000   0.00000000
 -0.00000000   0.00000000     0.03404912   0.00000000    -0.00320375  -0.00398132
 -0.00000000  -0.00000000    -0.00320375   0.00398132     0.03143439   0.00000000
    6    7
  0.02764622   0.00162906    -0.00000000   0.00000000    -0.00000000   0.00000000
 -0.00000000   0.00000000     0.01118674  -0.01480377    -0.00572344  -0.00267353
 -0.00000000   0.00000000    -0.00572344  -0.00267353     0.00829145  -0.01020143
    7    1
 -0.00339611  -0.00590286     0.00000000   0.00000000    -0.00000000  -0.00000000
 -0.00000000   0.00000000     0.00822432  -0.00238735    -0.00518631  -0.00363892
 -0.00000000   0.00000000     0.00561761  -0.02443657     0.00201116   0.00543877
    7    2
 -0.00221269   0.00164932    -0.00232320  -0.00126516     0.03041776  -0.00063013
  0.00023846   0.00070413     0.00247765   0.00020210    -0.00024350   0.00037113
  0.00685845   0.00607501     0.00104744  -0.00133289    -0.00443569   0.00274058
    7    3
  0.00221269  -0.00164932    -0.00232320  -0.00126516     0.03041776  -0.00063013
  0.00023846   0.00070413    -0.00247765  -0.00020210     0.00024350  -0.00037113
  0.00685845   0.00607501    -0.00104744   0.00133289     0.00443569  -0.00274058
    7    4
 -0.00173053  -0.00000000     0.00000000   0.00000000     0.00000000  -0.00000000
 -0.00000000   0.00000000    -0.00653371  -0.00209323     0.02287953   0.00000000
  0.00000000  -0.00000000    -0.00216595  -0.00000000    -0.00653371   0.00209323
    7    5
 -0.00439455  -0.00235462     0.00000000  -0.00000000     0.00000000   0.00000000
  0.00000000   0.00000000     0.00227810  -0.00019513     0.01701692   0.02030066
  0.00000000  -0.00000000    -0.00222819  -0.00421855     0.00227810  -0.00019513
    7    6
  0.02764622  -0.00162906    -0.00000000  -0.00000000    -0.00000000  -0.00000000
 -0.00000000  -0.00000000     0.01118674   0.01480377    -0.00572344   0.00267353
 -0.00000000  -0.00000000    -0.00572344   0.00267353     0.00829145   0.01020143
    7    7
  0.03459341   0.00000000    -0.00000000  -0.00000000    -0.00000000  -0.00000000
 -0.00000000   0.00000000     0.03404912  -0.00000000    -0.00320375   0.00398132
 -0.00000000   0.00000000    -0.00320375  -0.00398132     0.03143439  -0.00000000

     Dynamical  Matrix in cartesian axes

     q = (   -0.108253200  -0.866025400   0.108253200 ) 

    1    1
  0.05118720   0.00000000    -0.00000000   0.00000000     0.00101277   0.00000000
  0.00000000   0.00000000     0.01777518  -0.00000000    -0.00000000   0.00000000
  0.00101277   0.00000000    -0.00000000   0.00000000     0.05118720   0.00000000
    1    2
 -0.00201116  -0.00543877     0.00000000   0.00000000    -0.00518631  -0.00363892
 -0.00000000   0.00000000     0.00339611   0.00590286     0.00000000  -0.00000000
  0.00561761  -0.02443657     0.00000000   0.00000000    -0.00822432   0.00238735
    1    3
  0.00201116  -0.00543877    -0.00000000   0.00000000     0.00518631  -0.00363892
 -0.00000000  -0.00000000    -0.00339611   0.00590286     0.00000000   0.00000000
 -0.00561761  -0.02443657    -0.00000000   0.00000000     0.00822432   0.00238735
    1    4
 -0.00639962  -0.00265081    -0.00603028   0.01455837    -0.00592115  -0.00245262
 -0.00274500   0.00662700    -0.00000000  -0.00000000     0.00274500  -0.00662700
  0.00592115   0.00245262     0.00603028  -0.01455837     0.00639962   0.00265081
    1    5
  0.00639962  -0.00265081     0.00603028   0.01455837     0.00592115  -0.00245262
  0.00274500   0.00662700    -0.00000000   0.00000000    -0.00274500  -0.00662700
 -0.00592115   0.00245262    -0.00603028  -0.01455837    -0.00639962   0.00265081
    1    6
  0.00822432  -0.00238735     0.00000000  -0.00000000    -0.00561761   0.02443657
  0.00000000  -0.00000000    -0.00339611  -0.00590286    -0.00000000  -0.00000000
  0.00518631   0.00363892     0.00000000   0.00000000     0.00201116   0.00543877
    1    7
 -0.00822432  -0.00238735    -0.00000000   0.00000000     0.00561761   0.02443657
  0.00000000   0.00000000     0.00339611  -0.00590286    -0.00000000  -0.00000000
 -0.00518631   0.00363892    -0.00000000   0.00000000    -0.00201116   0.00543877
    2    1
 -0.00201116   0.00543877    -0.00000000  -0.00000000     0.00561761   0.02443657
 -0.00000000  -0.00000000     0.00339611  -0.00590286     0.00000000   0.00000000
 -0.00518631   0.00363892     0.00000000  -0.00000000    -0.00822432  -0.00238735
    2    2
  0.03143439  -0.00000000    -0.00000000   0.00000000     0.00320375  -0.00398132
 -0.00000000  -0.00000000     0.03459341  -0.00000000    -0.00000000   0.00000000
  0.00320375   0.00398132    -0.00000000   0.00000000     0.03404912   0.00000000
    2    3
  0.01307644  -0.00135056    -0.00000000  -0.00000000     0.00215661   0.00593756
 -0.00000000  -0.00000000     0.01839691   0.02070076     0.00000000  -0.00000000
  0.00215661   0.00593756     0.00000000  -0.00000000     0.01837807  -0.00255762
    2    4
  0.00119863   0.00507439     0.00914533   0.00055398    -0.00020185   0.00168315
  0.02106304   0.02195418     0.00039836   0.00273086     0.00253735   0.00074815
  0.00009025  -0.00043461    -0.00066651   0.00032928    -0.00189487  -0.00160906
    2    5
 -0.00443569  -0.00274058     0.00685845  -0.00607501    -0.00104744  -0.00133289
  0.03041776   0.00063013    -0.00221269  -0.00164932     0.00232320  -0.00126516
  0.00024350   0.00037113    -0.00023846   0.00070413     0.00247765  -0.00020210
    2    6
  0.00653371   0.00209323     0.00000000  -0.00000000    -0.00216595   0.00000000
 -0.00000000  -0.00000000     0.00173053  -0.00000000    -0.00000000   0.00000000
  0.02287953  -0.00000000     0.00000000   0.00000000     0.00653371  -0.00209323
    2    7
 -0.00147288  -0.00174884     0.00000000  -0.00000000    -0.00455854   0.00140739
 -0.00000000  -0.00000000     0.00477239   0.00144245    -0.00000000   0.00000000
  0.02638752  -0.00232195     0.00000000   0.00000000    -0.00147288  -0.00174884
    3    1
  0.00201116   0.00543877    -0.00000000   0.00000000    -0.00561761   0.02443657
 -0.00000000  -0.00000000    -0.00339611  -0.00590286    -0.00000000  -0.00000000
  0.00518631   0.00363892     0.00000000  -0.00000000     0.00822432  -0.00238735
    3    2
  0.01307644   0.00135056    -0.00000000   0.00000000     0.00215661  -0.00593756
 -0.00000000   0.00000000     0.01839691  -0.02070076     0.00000000   0.00000000
  0.00215661  -0.00593756     0.00000000   0.00000000     0.01837807   0.00255762
    3    3
  0.03143439   0.00000000    -0.00000000   0.00000000     0.00320375   0.00398132
 -0.00000000   0.00000000     0.03459341   0.00000000    -0.00000000  -0.00000000
  0.00320375  -0.00398132    -0.00000000   0.00000000     0.03404912  -0.00000000
    3    4
 -0.00443569   0.00274058     0.00685845   0.00607501    -0.00104744   0.00133289
  0.03041776  -0.00063013    -0.00221269   0.00164932     0.00232320   0.00126516
  0.00024350  -0.00037113    -0.00023846  -0.00070413     0.00247765   0.00020210
    3    5
  0.00119863  -0.00507439     0.00914533  -0.00055398    -0.00020185  -0.00168315
  0.02106304  -0.02195418     0.00039836  -0.00273086     0.00253735  -0.00074815
  0.00009025   0.00043461    -0.00066651  -0.00032928    -0.00189487   0.00160906
    3    6
 -0.00147288   0.00174884     0.00000000   0.00000000    -0.00455854  -0.00140739
 -0.00000000   0.00000000     0.00477239  -0.00144245    -0.00000000  -0.00000000
  0.02638752   0.00232195     0.00000000  -0.00000000    -0.00147288   0.00174884
    3    7
  0.00653371  -0.00209323    -0.00000000   0.00000000    -0.00216595  -0.00000000
 -0.00000000   0.00000000     0.00173053   0.00000000    -0.00000000  -0.00000000
  0.02287953   0.00000000    -0.00000000  -0.00000000     0.00653371   0.00209323
    4    1
 -0.00639962   0.00265081    -0.00274500  -0.00662700     0.00592115  -0.00245262
 -0.00603028  -0.01455837    -0.00000000   0.00000000     0.00603028   0.01455837
 -0.00592115   0.00245262     0.00274500   0.00662700     0.00639962  -0.00265081
    4    2
  0.00119863  -0.00507439     0.02106304  -0.02195418     0.00009025   0.00043461
  0.00914533  -0.00055398     0.00039836  -0.00273086    -0.00066651  -0.00032928
 -0.00020185  -0.00168315     0.00253735  -0.00074815    -0.00189487   0.00160906
    4    3
 -0.00443569  -0.00274058     0.03041776   0.00063013     0.00024350   0.00037113
  0.00685845  -0.00607501    -0.00221269  -0.00164932    -0.00023846   0.00070413
 -0.00104744  -0.00133289     0.00232320  -0.00126516     0.00247765  -0.00020210
    4    4
  0.03793568  -0.00000000     0.00000000  -0.00184145     0.00318906  -0.00000000
  0.00000000   0.00184145     0.02091765   0.00000000    -0.00000000   0.00184145
  0.00318906  -0.00000000    -0.00000000  -0.00184145     0.03793568  -0.00000000
    4    5
  0.01838620  -0.01838621    -0.00542558  -0.00542558     0.00104162  -0.00104162
 -0.00542558  -0.00542558     0.00491755  -0.00491756    -0.00542558  -0.00542558
  0.00104162  -0.00104162    -0.00542558  -0.00542558     0.01838620  -0.01838621
    4    6
 -0.00189487   0.00160906     0.00253735  -0.00074815    -0.00020185  -0.00168315
 -0.00066651  -0.00032928     0.00039836  -0.00273086     0.00914533  -0.00055398
  0.00009025   0.00043461     0.02106304  -0.02195418     0.00119863  -0.00507439
    4    7
  0.00247765  -0.00020210     0.00232320  -0.00126516    -0.00104744  -0.00133289
 -0.00023846   0.00070413    -0.00221269  -0.00164932     0.00685845  -0.00607501
  0.00024350   0.00037113     0.03041776   0.00063013    -0.00443569  -0.00274058
    5    1
  0.00639962   0.00265081     0.00274500  -0.00662700    -0.00592115  -0.00245262
  0.00603028  -0.01455837    -0.00000000  -0.00000000    -0.00603028   0.01455837
  0.00592115   0.00245262    -0.00274500   0.00662700    -0.00639962  -0.00265081
    5    2
 -0.00443569   0.00274058     0.03041776  -0.00063013     0.00024350  -0.00037113
  0.00685845   0.00607501    -0.00221269   0.00164932    -0.00023846  -0.00070413
 -0.00104744   0.00133289     0.00232320   0.00126516     0.00247765   0.00020210
    5    3
  0.00119863   0.00507439     0.02106304   0.02195418     0.00009025  -0.00043461
  0.00914533   0.00055398     0.00039836   0.00273086    -0.00066651   0.00032928
 -0.00020185   0.00168315     0.00253735   0.00074815    -0.00189487  -0.00160906
    5    4
  0.01838620   0.01838621    -0.00542558   0.00542558     0.00104162   0.00104162
 -0.00542558   0.00542558     0.00491755   0.00491756    -0.00542558   0.00542558
  0.00104162   0.00104162    -0.00542558   0.00542558     0.01838620   0.01838621
    5    5
  0.03793568   0.00000000     0.00000000   0.00184145     0.00318906   0.00000000
  0.00000000  -0.00184145     0.02091765   0.00000000    -0.00000000  -0.00184145
  0.00318906   0.00000000    -0.00000000   0.00184145     0.03793568   0.00000000
    5    6
  0.00247765   0.00020210     0.00232320   0.00126516    -0.00104744   0.00133289
 -0.00023846  -0.00070413    -0.00221269   0.00164932     0.00685845   0.00607501
  0.00024350  -0.00037113     0.03041776  -0.00063013    -0.00443569   0.00274058
    5    7
 -0.00189487  -0.00160906     0.00253735   0.00074815    -0.00020185   0.00168315
 -0.00066651   0.00032928     0.00039836   0.00273086     0.00914533   0.00055398
  0.00009025  -0.00043461     0.02106304   0.02195418     0.00119863   0.00507439
    6    1
  0.00822432   0.00238735    -0.00000000   0.00000000     0.00518631  -0.00363892
  0.00000000   0.00000000    -0.00339611   0.00590286     0.00000000   0.00000000
 -0.00561761  -0.02443657     0.00000000   0.00000000     0.00201116  -0.00543877
    6    2
  0.00653371  -0.00209323    -0.00000000   0.00000000     0.02287953   0.00000000
  0.00000000   0.00000000     0.00173053   0.00000000     0.00000000  -0.00000000
 -0.00216595  -0.00000000    -0.00000000  -0.00000000     0.00653371   0.00209323
    6    3
 -0.00147288  -0.00174884    -0.00000000  -0.00000000     0.02638752  -0.00232195
  0.00000000  -0.00000000     0.00477239   0.00144245     0.00000000   0.00000000
 -0.00455854   0.00140739    -0.00000000   0.00000000    -0.00147288  -0.00174884
    6    4
 -0.00189487  -0.00160906    -0.00066651   0.00032928     0.00009025  -0.00043461
  0.00253735   0.00074815     0.00039836   0.00273086     0.02106304   0.02195418
 -0.00020185   0.00168315     0.00914533   0.00055398     0.00119863   0.00507439
    6    5
  0.00247765  -0.00020210    -0.00023846   0.00070413     0.00024350   0.00037113
  0.00232320  -0.00126516    -0.00221269  -0.00164932     0.03041776   0.00063013
 -0.00104744  -0.00133289     0.00685845  -0.00607501    -0.00443569  -0.00274058
    6    6
  0.03404912  -0.00000000    -0.00000000   0.00000000     0.00320375   0.00398132
 -0.00000000  -0.00000000     0.03459341  -0.00000000    -0.00000000  -0.00000000
  0.00320375  -0.00398132    -0.00000000   0.00000000     0.03143439   0.00000000
    6    7
  0.01837807  -0.00255762    -0.00000000   0.00000000     0.00215661   0.00593756
 -0.00000000   0.00000000     0.01839691   0.02070076     0.00000000   0.00000000
  0.00215661   0.00593756     0.00000000   0.00000000     0.01307644  -0.00135056
    7    1
 -0.00822432   0.00238735     0.00000000  -0.00000000    -0.00518631  -0.00363892
 -0.00000000  -0.00000000     0.00339611   0.00590286    -0.00000000  -0.00000000
  0.00561761  -0.02443657    -0.00000000   0.00000000    -0.00201116  -0.00543877
    7    2
 -0.00147288   0.00174884    -0.00000000   0.00000000     0.02638752   0.00232195
  0.00000000   0.00000000     0.00477239  -0.00144245     0.00000000  -0.00000000
 -0.00455854  -0.00140739    -0.00000000  -0.00000000    -0.00147288   0.00174884
    7    3
  0.00653371   0.00209323    -0.00000000  -0.00000000     0.02287953  -0.00000000
 -0.00000000  -0.00000000     0.00173053  -0.00000000    -0.00000000   0.00000000
 -0.00216595   0.00000000     0.00000000   0.00000000     0.00653371  -0.00209323
    7    4
  0.00247765   0.00020210    -0.00023846  -0.00070413     0.00024350  -0.00037113
  0.00232320   0.00126516    -0.00221269   0.00164932     0.03041776  -0.00063013
 -0.00104744   0.00133289     0.00685845   0.00607501    -0.00443569   0.00274058
    7    5
 -0.00189487   0.00160906    -0.00066651  -0.00032928     0.00009025   0.00043461
  0.00253735  -0.00074815     0.00039836  -0.00273086     0.02106304  -0.02195418
 -0.00020185  -0.00168315     0.00914533  -0.00055398     0.00119863  -0.00507439
    7    6
  0.01837807   0.00255762    -0.00000000  -0.00000000     0.00215661  -0.00593756
 -0.00000000  -0.00000000     0.01839691  -0.02070076     0.00000000  -0.00000000
  0.00215661  -0.00593756     0.00000000  -0.00000000     0.01307644   0.00135056
    7    7
  0.03404912   0.00000000    -0.00000000   0.00000000     0.00320375  -0.00398132
 -0.00000000  -0.00000000     0.03459341   0.00000000    -0.00000000   0.00000000
  0.00320375   0.00398132    -0.00000000  -0.00000000     0.03143439  -0.00000000

     Dynamical  Matrix in cartesian axes

     q = (    0.108253200   0.866025400   0.108253200 ) 

    1    1
  0.05118720  -0.00000000    -0.00000000   0.00000000    -0.00101277  -0.00000000
 -0.00000000   0.00000000     0.01777518  -0.00000000    -0.00000000   0.00000000
 -0.00101277  -0.00000000    -0.00000000   0.00000000     0.05118720   0.00000000
    1    2
  0.00242369   0.00526790     0.00000000  -0.00000000     0.00109417  -0.00624038
  0.00000000  -0.00000000    -0.00177254  -0.00657536     0.00000000  -0.00000000
 -0.02125152  -0.01330701     0.00000000   0.00000000    -0.00750358   0.00412736
    1    3
  0.00201116   0.00543877     0.00000000   0.00000000    -0.00518631  -0.00363892
 -0.00000000   0.00000000    -0.00339611  -0.00590286    -0.00000000   0.00000000
  0.00561761  -0.02443657    -0.00000000   0.00000000     0.00822432  -0.00238735
    1    4
 -0.00639962   0.00265081    -0.00603028  -0.01455837     0.00592115  -0.00245262
 -0.00274500  -0.00662700     0.00000000  -0.00000000    -0.00274500  -0.00662700
 -0.00592115   0.00245262    -0.00603028  -0.01455837     0.00639962  -0.00265081
    1    5
  0.00639962  -0.00265081    -0.00603028  -0.01455837    -0.00592115   0.00245262
 -0.00274500  -0.00662700     0.00000000  -0.00000000    -0.00274500  -0.00662700
  0.00592115  -0.00245262    -0.00603028  -0.01455837    -0.00639962   0.00265081
    1    6
  0.00822432  -0.00238735    -0.00000000   0.00000000     0.00561761  -0.02443657
  0.00000000   0.00000000    -0.00339611  -0.00590286     0.00000000  -0.00000000
 -0.00518631  -0.00363892    -0.00000000  -0.00000000     0.00201116   0.00543877
    1    7
 -0.00750358   0.00412736     0.00000000   0.00000000    -0.02125152  -0.01330701
  0.00000000  -0.00000000    -0.00177254  -0.00657536     0.00000000  -0.00000000
  0.00109417  -0.00624038     0.00000000  -0.00000000     0.00242369   0.00526790
    2    1
  0.00242369  -0.00526790     0.00000000   0.00000000    -0.02125152   0.01330701
  0.00000000   0.00000000    -0.00177254   0.00657536     0.00000000  -0.00000000
  0.00109417   0.00624038     0.00000000   0.00000000    -0.00750358  -0.00412736
    2    2
  0.03143439  -0.00000000    -0.00000000   0.00000000    -0.00320375  -0.00398132
 -0.00000000  -0.00000000     0.03459341   0.00000000    -0.00000000   0.00000000
 -0.00320375   0.00398132    -0.00000000  -0.00000000     0.03404912   0.00000000
    2    3
  0.00829145   0.01020143    -0.00000000  -0.00000000    -0.00572344   0.00267353
 -0.00000000  -0.00000000     0.02764622  -0.00162906    -0.00000000  -0.00000000
 -0.00572344   0.00267353    -0.00000000  -0.00000000     0.01118674   0.01480377
    2    4
  0.00443569  -0.00274058     0.00685845   0.00607501    -0.00104744   0.00133289
  0.03041776  -0.00063013     0.00221269  -0.00164932    -0.00232320  -0.00126516
  0.00024350  -0.00037113     0.00023846   0.00070413    -0.00247765  -0.00020210
    2    5
 -0.00443569   0.00274058     0.00685845   0.00607501     0.00104744  -0.00133289
  0.03041776  -0.00063013    -0.00221269   0.00164932    -0.00232320  -0.00126516
 -0.00024350   0.00037113     0.00023846   0.00070413     0.00247765   0.00020210
    2    6
  0.00227810  -0.00019513     0.00000000  -0.00000000    -0.00222819  -0.00421855
  0.00000000   0.00000000    -0.00439455  -0.00235462     0.00000000  -0.00000000
  0.01701692   0.02030066     0.00000000   0.00000000     0.00227810  -0.00019513
    2    7
 -0.00653371   0.00209323     0.00000000  -0.00000000    -0.00216595   0.00000000
 -0.00000000  -0.00000000    -0.00173053   0.00000000     0.00000000   0.00000000
  0.02287953  -0.00000000     0.00000000   0.00000000    -0.00653371  -0.00209323
    3    1
  0.00201116  -0.00543877     0.00000000   0.00000000     0.00561761   0.02443657
  0.00000000   0.00000000    -0.00339611   0.00590286    -0.00000000  -0.00000000
 -0.00518631   0.00363892    -0.00000000   0.00000000     0.00822432   0.00238735
    3    2
  0.00829145  -0.01020143    -0.00000000   0.00000000    -0.00572344  -0.00267353
 -0.00000000   0.00000000     0.02764622   0.00162906    -0.00000000   0.00000000
 -0.00572344  -0.00267353    -0.00000000   0.00000000     0.01118674  -0.01480377
    3    3
  0.03143439   0.00000000    -0.00000000  -0.00000000    -0.00320375   0.00398132
 -0.00000000   0.00000000     0.03459341  -0.00000000    -0.00000000   0.00000000
 -0.00320375  -0.00398132    -0.00000000   0.00000000     0.03404912  -0.00000000
    3    4
 -0.00443569  -0.00274058     0.00685845  -0.00607501     0.00104744   0.00133289
  0.03041776   0.00063013    -0.00221269  -0.00164932    -0.00232320   0.00126516
 -0.00024350  -0.00037113     0.00023846  -0.00070413     0.00247765  -0.00020210
    3    5
  0.00443569   0.00274058     0.00685845  -0.00607501    -0.00104744  -0.00133289
  0.03041776   0.00063013     0.00221269   0.00164932    -0.00232320   0.00126516
  0.00024350   0.00037113     0.00023846  -0.00070413    -0.00247765   0.00020210
    3    6
 -0.00653371  -0.00209323     0.00000000   0.00000000    -0.00216595   0.00000000
 -0.00000000  -0.00000000    -0.00173053   0.00000000     0.00000000  -0.00000000
  0.02287953  -0.00000000     0.00000000  -0.00000000    -0.00653371   0.00209323
    3    7
  0.00227810   0.00019513     0.00000000   0.00000000    -0.00222819   0.00421855
  0.00000000  -0.00000000    -0.00439455   0.00235462     0.00000000   0.00000000
  0.01701692  -0.02030066     0.00000000  -0.00000000     0.00227810   0.00019513
    4    1
 -0.00639962  -0.00265081    -0.00274500   0.00662700    -0.00592115  -0.00245262
 -0.00603028   0.01455837     0.00000000   0.00000000    -0.00603028   0.01455837
  0.00592115   0.00245262    -0.00274500   0.00662700     0.00639962   0.00265081
    4    2
  0.00443569   0.00274058     0.03041776   0.00063013     0.00024350   0.00037113
  0.00685845  -0.00607501     0.00221269   0.00164932     0.00023846  -0.00070413
 -0.00104744  -0.00133289    -0.00232320   0.00126516    -0.00247765   0.00020210
    4    3
 -0.00443569   0.00274058     0.03041776  -0.00063013    -0.00024350   0.00037113
  0.00685845   0.00607501    -0.00221269   0.00164932     0.00023846   0.00070413
  0.00104744  -0.00133289    -0.00232320  -0.00126516     0.00247765   0.00020210
    4    4
  0.03793568  -0.00000000     0.00000000   0.00184145    -0.00318906   0.00000000
  0.00000000  -0.00184145     0.02091765  -0.00000000    -0.00000000   0.00184145
 -0.00318906  -0.00000000    -0.00000000  -0.00184145     0.03793568   0.00000000
    4    5
  0.02600202   0.00000000    -0.00000000   0.00767293    -0.00147307   0.00000000
 -0.00000000   0.00767293     0.00695447   0.00000000    -0.00000000  -0.00767293
 -0.00147307   0.00000000    -0.00000000  -0.00767293     0.02600202   0.00000000
    4    6
 -0.00247765  -0.00020210    -0.00232320  -0.00126516    -0.00104744   0.00133289
  0.00023846   0.00070413     0.00221269  -0.00164932     0.00685845   0.00607501
  0.00024350  -0.00037113     0.03041776  -0.00063013     0.00443569  -0.00274058
    4    7
  0.00247765  -0.00020210    -0.00232320   0.00126516     0.00104744   0.00133289
  0.00023846  -0.00070413    -0.00221269  -0.00164932     0.00685845  -0.00607501
 -0.00024350  -0.00037113     0.03041776   0.00063013    -0.00443569  -0.00274058
    5    1
  0.00639962   0.00265081    -0.00274500   0.00662700     0.00592115   0.00245262
 -0.00603028   0.01455837     0.00000000   0.00000000    -0.00603028   0.01455837
 -0.00592115  -0.00245262    -0.00274500   0.00662700    -0.00639962  -0.00265081
    5    2
 -0.00443569  -0.00274058     0.03041776   0.00063013    -0.00024350  -0.00037113
  0.00685845  -0.00607501    -0.00221269  -0.00164932     0.00023846  -0.00070413
  0.00104744   0.00133289    -0.00232320   0.00126516     0.00247765  -0.00020210
    5    3
  0.00443569  -0.00274058     0.03041776  -0.00063013     0.00024350  -0.00037113
  0.00685845   0.00607501     0.00221269  -0.00164932     0.00023846   0.00070413
 -0.00104744   0.00133289    -0.00232320  -0.00126516    -0.00247765  -0.00020210
    5    4
  0.02600202  -0.00000000     0.00000000  -0.00767293    -0.00147307  -0.00000000
 -0.00000000  -0.00767293     0.00695447  -0.00000000    -0.00000000   0.00767293
 -0.00147307  -0.00000000    -0.00000000   0.00767293     0.02600202  -0.00000000
    5    5
  0.03793568   0.00000000     0.00000000  -0.00184145    -0.00318906  -0.00000000
  0.00000000   0.00184145     0.02091765   0.00000000    -0.00000000  -0.00184145
 -0.00318906   0.00000000    -0.00000000   0.00184145     0.03793568  -0.00000000
    5    6
  0.00247765   0.00020210    -0.00232320  -0.00126516     0.00104744  -0.00133289
  0.00023846   0.00070413    -0.00221269   0.00164932     0.00685845   0.00607501
 -0.00024350   0.00037113     0.03041776  -0.00063013    -0.00443569   0.00274058
    5    7
 -0.00247765   0.00020210    -0.00232320   0.00126516    -0.00104744  -0.00133289
  0.00023846  -0.00070413     0.00221269   0.00164932     0.00685845  -0.00607501
  0.00024350   0.00037113     0.03041776   0.00063013     0.00443569   0.00274058
    6    1
  0.00822432   0.00238735     0.00000000  -0.00000000    -0.00518631   0.00363892
 -0.00000000  -0.00000000    -0.00339611   0.00590286    -0.00000000   0.00000000
  0.00561761   0.02443657    -0.00000000   0.00000000     0.00201116  -0.00543877
    6    2
  0.00227810   0.00019513     0.00000000  -0.00000000     0.01701692  -0.02030066
  0.00000000   0.00000000    -0.00439455   0.00235462     0.00000000  -0.00000000
 -0.00222819   0.00421855     0.00000000   0.00000000     0.00227810   0.00019513
    6    3
 -0.00653371   0.00209323     0.00000000  -0.00000000     0.02287953   0.00000000
  0.00000000  -0.00000000    -0.00173053  -0.00000000     0.00000000   0.00000000
 -0.00216595  -0.00000000     0.00000000   0.00000000    -0.00653371  -0.00209323
    6    4
 -0.00247765   0.00020210     0.00023846  -0.00070413     0.00024350   0.00037113
 -0.00232320   0.00126516     0.00221269   0.00164932     0.03041776   0.00063013
 -0.00104744  -0.00133289     0.00685845  -0.00607501     0.00443569   0.00274058
    6    5
  0.00247765  -0.00020210     0.00023846  -0.00070413    -0.00024350  -0.00037113
 -0.00232320   0.00126516    -0.00221269  -0.00164932     0.03041776   0.00063013
  0.00104744   0.00133289     0.00685845  -0.00607501    -0.00443569  -0.00274058
    6    6
  0.03404912   0.00000000    -0.00000000   0.00000000    -0.00320375  -0.00398132
 -0.00000000  -0.00000000     0.03459341  -0.00000000    -0.00000000   0.00000000
 -0.00320375   0.00398132    -0.00000000  -0.00000000     0.03143439  -0.00000000
    6    7
  0.01118674  -0.01480377    -0.00000000   0.00000000    -0.00572344  -0.00267353
 -0.00000000   0.00000000     0.02764622   0.00162906    -0.00000000   0.00000000
 -0.00572344  -0.00267353    -0.00000000   0.00000000     0.00829145  -0.01020143
    7    1
 -0.00750358  -0.00412736     0.00000000   0.00000000     0.00109417   0.00624038
  0.00000000  -0.00000000    -0.00177254   0.00657536     0.00000000   0.00000000
 -0.02125152   0.01330701     0.00000000   0.00000000     0.00242369  -0.00526790
    7    2
 -0.00653371  -0.00209323    -0.00000000  -0.00000000     0.02287953   0.00000000
 -0.00000000   0.00000000    -0.00173053  -0.00000000     0.00000000  -0.00000000
 -0.00216595  -0.00000000     0.00000000  -0.00000000    -0.00653371   0.00209323
    7    3
  0.00227810  -0.00019513     0.00000000   0.00000000     0.01701692   0.02030066
  0.00000000  -0.00000000    -0.00439455  -0.00235462     0.00000000   0.00000000
 -0.00222819  -0.00421855     0.00000000  -0.00000000     0.00227810  -0.00019513
    7    4
  0.00247765   0.00020210     0.00023846   0.00070413    -0.00024350   0.00037113
 -0.00232320  -0.00126516    -0.00221269   0.00164932     0.03041776  -0.00063013
  0.00104744  -0.00133289     0.00685845   0.00607501    -0.00443569   0.00274058
    7    5
 -0.00247765  -0.00020210     0.00023846   0.00070413     0.00024350  -0.00037113
 -0.00232320  -0.00126516     0.00221269  -0.00164932     0.03041776  -0.00063013
 -0.00104744   0.00133289     0.00685845   0.00607501     0.00443569  -0.00274058
    7    6
  0.01118674   0.01480377    -0.00000000  -0.00000000    -0.00572344   0.00267353
 -0.00000000  -0.00000000     0.02764622  -0.00162906    -0.00000000  -0.00000000
 -0.00572344   0.00267353    -0.00000000  -0.00000000     0.00829145   0.01020143
    7    7
  0.03404912  -0.00000000    -0.00000000   0.00000000    -0.00320375   0.00398132
 -0.00000000  -0.00000000     0.03459341   0.00000000    -0.00000000  -0.00000000
 -0.00320375  -0.00398132    -0.00000000   0.00000000     0.03143439   0.00000000

     Dynamical  Matrix in cartesian axes

     q = (   -0.108253200   0.866025400  -0.108253200 ) 

    1    1
  0.05118720   0.00000000    -0.00000000   0.00000000    -0.00101277  -0.00000000
  0.00000000   0.00000000     0.01777518  -0.00000000    -0.00000000   0.00000000
 -0.00101277  -0.00000000    -0.00000000   0.00000000     0.05118720  -0.00000000
    1    2
  0.00242369  -0.00526790     0.00000000  -0.00000000     0.00109417   0.00624038
  0.00000000  -0.00000000    -0.00177254   0.00657536     0.00000000   0.00000000
 -0.02125152   0.01330702     0.00000000   0.00000000    -0.00750358  -0.00412736
    1    3
  0.00201116  -0.00543877     0.00000000  -0.00000000    -0.00518631   0.00363892
  0.00000000   0.00000000    -0.00339611   0.00590286     0.00000000   0.00000000
  0.00561761   0.02443657    -0.00000000   0.00000000     0.00822432   0.00238735
    1    4
 -0.00639962  -0.00265081    -0.00603028   0.01455837     0.00592115   0.00245262
 -0.00274500   0.00662700     0.00000000   0.00000000    -0.00274500   0.00662700
 -0.00592115  -0.00245262    -0.00603028   0.01455837     0.00639962   0.00265081
    1    5
  0.00639962   0.00265081    -0.00603028   0.01455837    -0.00592115  -0.00245262
 -0.00274500   0.00662700     0.00000000   0.00000000    -0.00274500   0.00662700
  0.00592115   0.00245262    -0.00603028   0.01455837    -0.00639962  -0.00265081
    1    6
  0.00822432   0.00238735    -0.00000000   0.00000000     0.00561761   0.02443657
  0.00000000   0.00000000    -0.00339611   0.00590286     0.00000000   0.00000000
 -0.00518631   0.00363892     0.00000000  -0.00000000     0.00201116  -0.00543877
    1    7
 -0.00750358  -0.00412736     0.00000000  -0.00000000    -0.02125152   0.01330702
  0.00000000  -0.00000000    -0.00177254   0.00657536     0.00000000   0.00000000
