  2.500000000000000E-002   1.26011648066226        2.33218954087644     
          12

     Dynamical  Matrix in cartesian axes

     q = (    0.324759526   0.324759526   0.000000000 ) 

    1    1
  0.09355620   0.00000000     0.05678650   0.00000000    -0.00000000   0.00000000
  0.05678650   0.00000000     0.09355620   0.00000000    -0.00000000   0.00000000
 -0.00000000   0.00000000    -0.00000000   0.00000000     0.02943642   0.00000000
    1    2
 -0.00420305  -0.00272729     0.00432049   0.01250698     0.00000000   0.00000000
  0.00666106   0.00190914     0.00784878   0.02015199     0.00000000   0.00000000
  0.00000000   0.00000000     0.00000000   0.00000000    -0.01036517  -0.00648439
    1    3
  0.00490049   0.00104352    -0.01189881   0.00578872    -0.00000000   0.00000000
 -0.00606005  -0.00336011    -0.01979954   0.00869968    -0.00000000   0.00000000
 -0.00000000  -0.00000000    -0.00000000  -0.00000000     0.01191443   0.00274412
    1    4
 -0.01979954   0.00869968    -0.00606005  -0.00336011    -0.00000000   0.00000000
 -0.01189881   0.00578872     0.00490049   0.00104352    -0.00000000  -0.00000000
 -0.00000000  -0.00000000    -0.00000000  -0.00000000     0.01191443   0.00274412
    1    5
  0.00784878   0.02015199     0.00666106   0.00190914     0.00000000   0.00000000
  0.00432049   0.01250698    -0.00420305  -0.00272729     0.00000000   0.00000000
  0.00000000   0.00000000     0.00000000   0.00000000    -0.01036517  -0.00648439
    1    6
  0.00052339  -0.00126358     0.00254525  -0.00614479     0.00650500   0.00269446
  0.00254525  -0.00614479     0.00052339  -0.00126358    -0.00650500  -0.00269446
  0.01166602   0.00483222    -0.01166602  -0.00483222     0.00064673  -0.00156134
    1    7
  0.00052339  -0.00126358     0.00254525  -0.00614479    -0.00650500  -0.00269446
  0.00254525  -0.00614479     0.00052339  -0.00126358     0.00650500   0.00269446
 -0.01166602  -0.00483222     0.01166602   0.00483222     0.00064673  -0.00156134
    2    1
 -0.00420305   0.00272729     0.00666106  -0.00190914     0.00000000  -0.00000000
  0.00432049  -0.01250698     0.00784878  -0.02015199     0.00000000  -0.00000000
  0.00000000  -0.00000000     0.00000000  -0.00000000    -0.01036517   0.00648439
    2    2
  0.03194060  -0.00000000     0.00841172  -0.00492828    -0.00000000   0.00000000
  0.00841172   0.00492828     0.05814419   0.00000000     0.00000000   0.00000000
  0.00000000   0.00000000    -0.00000000   0.00000000     0.03011919  -0.00000000
    2    3
  0.00211207  -0.01623451     0.00843009  -0.00172563     0.00000000  -0.00000000
  0.00843009  -0.00172563     0.01414530   0.04072493     0.00000000   0.00000000
  0.00000000  -0.00000000     0.00000000   0.00000000    -0.02249652   0.00692961
    2    4
  0.01674857   0.00752943     0.00984259   0.00622527    -0.00000000   0.00000000
  0.02000677   0.04359908     0.01674857   0.00752943    -0.00000000   0.00000000
 -0.00000000   0.00000000    -0.00000000   0.00000000     0.01087130   0.00249340
    2    5
 -0.00607903  -0.01007742     0.00277246   0.00000000     0.00000000   0.00000000
  0.04755004  -0.00000000    -0.00607903   0.01007742     0.00000000   0.00000000
  0.00000000   0.00000000     0.00000000   0.00000000    -0.00989028  -0.00000000
    2    6
 -0.00911331   0.00575004    -0.00110939   0.00001093    -0.00466265  -0.00212279
 -0.00283522  -0.00260262     0.00018166  -0.00639245    -0.00238958   0.00063895
 -0.02644029   0.00347539    -0.01192537  -0.00065332    -0.00293032  -0.00188971
    2    7
 -0.00911331   0.00575004    -0.00110939   0.00001093     0.00466265   0.00212279
 -0.00283522  -0.00260262     0.00018166  -0.00639245     0.00238958  -0.00063895
  0.02644029  -0.00347539     0.01192537   0.00065332    -0.00293032  -0.00188971
    3    1
  0.00490049  -0.00104352    -0.00606005   0.00336011    -0.00000000   0.00000000
 -0.01189881  -0.00578872    -0.01979954  -0.00869968    -0.00000000   0.00000000
 -0.00000000   0.00000000    -0.00000000   0.00000000     0.01191443  -0.00274412
    3    2
  0.00211207   0.01623451     0.00843009   0.00172563     0.00000000   0.00000000
  0.00843009   0.00172563     0.01414530  -0.04072493     0.00000000   0.00000000
  0.00000000   0.00000000     0.00000000  -0.00000000    -0.02249652  -0.00692961
    3    3
  0.03194060  -0.00000000     0.00841172   0.00492828     0.00000000   0.00000000
  0.00841172  -0.00492828     0.05814419   0.00000000    -0.00000000   0.00000000
 -0.00000000  -0.00000000     0.00000000  -0.00000000     0.03011919   0.00000000
    3    4
 -0.00607903   0.01007742     0.00277246  -0.00000000     0.00000000   0.00000000
  0.04755004   0.00000000    -0.00607903  -0.01007742     0.00000000   0.00000000
  0.00000000   0.00000000     0.00000000   0.00000000    -0.00989028   0.00000000
    3    5
  0.01674857  -0.00752943     0.00984259  -0.00622527    -0.00000000   0.00000000
  0.02000677  -0.04359908     0.01674857  -0.00752943    -0.00000000   0.00000000
 -0.00000000   0.00000000    -0.00000000   0.00000000     0.01087130  -0.00249340
    3    6
 -0.00911331  -0.00575004    -0.00110939  -0.00001093     0.00466265  -0.00212279
 -0.00283522   0.00260262     0.00018166   0.00639245     0.00238958   0.00063895
  0.02644029   0.00347539     0.01192537  -0.00065332    -0.00293032   0.00188971
    3    7
 -0.00911331  -0.00575004    -0.00110939  -0.00001093    -0.00466265   0.00212279
 -0.00283522   0.00260262     0.00018166   0.00639245    -0.00238958  -0.00063895
 -0.02644029  -0.00347539    -0.01192537   0.00065332    -0.00293032   0.00188971
    4    1
 -0.01979954  -0.00869968    -0.01189881  -0.00578872    -0.00000000   0.00000000
 -0.00606005   0.00336011     0.00490049  -0.00104352    -0.00000000   0.00000000
 -0.00000000   0.00000000    -0.00000000   0.00000000     0.01191443  -0.00274412
    4    2
  0.01674857  -0.00752943     0.02000677  -0.04359908     0.00000000   0.00000000
  0.00984259  -0.00622527     0.01674857  -0.00752943    -0.00000000  -0.00000000
 -0.00000000   0.00000000    -0.00000000   0.00000000     0.01087130  -0.00249340
    4    3
 -0.00607903  -0.01007742     0.04755004   0.00000000     0.00000000   0.00000000
  0.00277246  -0.00000000    -0.00607903   0.01007742     0.00000000   0.00000000
  0.00000000   0.00000000     0.00000000   0.00000000    -0.00989028   0.00000000
    4    4
  0.05814419   0.00000000     0.00841172  -0.00492828    -0.00000000  -0.00000000
  0.00841172   0.00492828     0.03194060  -0.00000000    -0.00000000  -0.00000000
  0.00000000   0.00000000    -0.00000000   0.00000000     0.03011919   0.00000000
    4    5
  0.01414530  -0.04072493     0.00843009   0.00172563     0.00000000   0.00000000
  0.00843009   0.00172563     0.00211207   0.01623451     0.00000000   0.00000000
  0.00000000   0.00000000     0.00000000   0.00000000    -0.02249652  -0.00692961
    4    6
  0.00018166   0.00639245    -0.00283522   0.00260262    -0.00238958  -0.00063895
 -0.00110939  -0.00001093    -0.00911331  -0.00575004    -0.00466265   0.00212279
 -0.01192537   0.00065332    -0.02644029  -0.00347539    -0.00293032   0.00188971
    4    7
  0.00018166   0.00639245    -0.00283522   0.00260262     0.00238958   0.00063895
 -0.00110939  -0.00001093    -0.00911331  -0.00575004     0.00466265  -0.00212279
  0.01192537  -0.00065332     0.02644029   0.00347539    -0.00293032   0.00188971
    5    1
  0.00784878  -0.02015199     0.00432049  -0.01250698     0.00000000  -0.00000000
  0.00666106  -0.00190914    -0.00420305   0.00272729     0.00000000  -0.00000000
  0.00000000   0.00000000     0.00000000  -0.00000000    -0.01036517   0.00648439
    5    2
 -0.00607903   0.01007742     0.04755004  -0.00000000     0.00000000   0.00000000
  0.00277246   0.00000000    -0.00607903  -0.01007742     0.00000000   0.00000000
  0.00000000   0.00000000     0.00000000   0.00000000    -0.00989028  -0.00000000
    5    3
  0.01674857   0.00752943     0.02000677   0.04359908    -0.00000000  -0.00000000
  0.00984259   0.00622527     0.01674857   0.00752943    -0.00000000  -0.00000000
 -0.00000000  -0.00000000    -0.00000000  -0.00000000     0.01087130   0.00249340
    5    4
  0.01414530   0.04072493     0.00843009  -0.00172563     0.00000000  -0.00000000
  0.00843009  -0.00172563     0.00211207  -0.01623451     0.00000000  -0.00000000
  0.00000000  -0.00000000     0.00000000  -0.00000000    -0.02249652   0.00692961
    5    5
  0.05814419  -0.00000000     0.00841172   0.00492828    -0.00000000   0.00000000
  0.00841172  -0.00492828     0.03194060   0.00000000    -0.00000000   0.00000000
 -0.00000000   0.00000000     0.00000000   0.00000000     0.03011919  -0.00000000
    5    6
  0.00018166  -0.00639245    -0.00283522  -0.00260262     0.00238958  -0.00063895
 -0.00110939   0.00001093    -0.00911331   0.00575004     0.00466265   0.00212279
  0.01192537   0.00065332     0.02644029  -0.00347539    -0.00293032  -0.00188971
    5    7
  0.00018166  -0.00639245    -0.00283522  -0.00260262    -0.00238958   0.00063895
 -0.00110939   0.00001093    -0.00911331   0.00575004    -0.00466265  -0.00212279
 -0.01192537  -0.00065332    -0.02644029   0.00347539    -0.00293032  -0.00188971
    6    1
  0.00052339   0.00126358     0.00254525   0.00614479     0.01166602  -0.00483222
  0.00254525   0.00614479     0.00052339   0.00126358    -0.01166602   0.00483222
  0.00650500  -0.00269446    -0.00650500   0.00269446     0.00064673   0.00156134
    6    2
 -0.00911331  -0.00575004    -0.00283522   0.00260262    -0.02644029  -0.00347539
 -0.00110939  -0.00001093     0.00018166   0.00639245    -0.01192537   0.00065332
 -0.00466265   0.00212279    -0.00238958  -0.00063895    -0.00293032   0.00188971
    6    3
 -0.00911331   0.00575004    -0.00283522  -0.00260262     0.02644029  -0.00347539
 -0.00110939   0.00001093     0.00018166  -0.00639245     0.01192537   0.00065332
  0.00466265   0.00212279     0.00238958  -0.00063895    -0.00293032  -0.00188971
    6    4
  0.00018166  -0.00639245    -0.00110939   0.00001093    -0.01192537  -0.00065332
 -0.00283522  -0.00260262    -0.00911331   0.00575004    -0.02644029   0.00347539
 -0.00238958   0.00063895    -0.00466265  -0.00212279    -0.00293032  -0.00188971
    6    5
  0.00018166   0.00639245    -0.00110939  -0.00001093     0.01192537  -0.00065332
 -0.00283522   0.00260262    -0.00911331  -0.00575004     0.02644029   0.00347539
  0.00238958   0.00063895     0.00466265  -0.00212279    -0.00293032   0.00188971
    6    6
  0.03962609   0.00000000     0.01652659  -0.00000000    -0.00000000   0.00093989
  0.01652659   0.00000000     0.03962609  -0.00000000    -0.00000000  -0.00093989
 -0.00000000  -0.00093989    -0.00000000   0.00093989     0.01155902   0.00000000
    6    7
 -0.01881445   0.00000000    -0.01160911   0.00000000    -0.00000000  -0.00029984
 -0.01160911   0.00000000    -0.01881445  -0.00000000    -0.00000000   0.00029984
 -0.00000000  -0.00029984    -0.00000000   0.00029984     0.00215774  -0.00000000
    7    1
  0.00052339   0.00126358     0.00254525   0.00614479    -0.01166602   0.00483222
  0.00254525   0.00614479     0.00052339   0.00126358     0.01166602  -0.00483222
 -0.00650500   0.00269446     0.00650500  -0.00269446     0.00064673   0.00156134
    7    2
 -0.00911331  -0.00575004    -0.00283522   0.00260262     0.02644029   0.00347539
 -0.00110939  -0.00001093     0.00018166   0.00639245     0.01192537  -0.00065332
  0.00466265  -0.00212279     0.00238958   0.00063895    -0.00293032   0.00188971
    7    3
 -0.00911331   0.00575004    -0.00283522  -0.00260262    -0.02644029   0.00347539
 -0.00110939   0.00001093     0.00018166  -0.00639245    -0.01192537  -0.00065332
 -0.00466265  -0.00212279    -0.00238958   0.00063895    -0.00293032  -0.00188971
    7    4
  0.00018166  -0.00639245    -0.00110939   0.00001093     0.01192537   0.00065332
 -0.00283522  -0.00260262    -0.00911331   0.00575004     0.02644029  -0.00347539
  0.00238958  -0.00063895     0.00466265   0.00212279    -0.00293032  -0.00188971
    7    5
  0.00018166   0.00639245    -0.00110939  -0.00001093    -0.01192537   0.00065332
 -0.00283522   0.00260262    -0.00911331  -0.00575004    -0.02644029  -0.00347539
 -0.00238958  -0.00063895    -0.00466265   0.00212279    -0.00293032   0.00188971
    7    6
 -0.01881445   0.00000000    -0.01160911   0.00000000    -0.00000000   0.00029984
 -0.01160911   0.00000000    -0.01881445   0.00000000    -0.00000000  -0.00029984
 -0.00000000   0.00029984    -0.00000000  -0.00029984     0.00215774   0.00000000
    7    7
  0.03962609   0.00000000     0.01652659   0.00000000    -0.00000000  -0.00093989
  0.01652659  -0.00000000     0.03962609   0.00000000    -0.00000000   0.00093989
 -0.00000000   0.00093989    -0.00000000  -0.00093989     0.01155902  -0.00000000

     Dynamical  Matrix in cartesian axes

     q = (    0.324759526  -0.324759526   0.000000000 ) 

    1    1
  0.09355620   0.00000000    -0.05678650   0.00000000     0.00000000   0.00000000
 -0.05678650   0.00000000     0.09355620   0.00000000     0.00000000   0.00000000
  0.00000000   0.00000000     0.00000000   0.00000000     0.02943642   0.00000000
    1    2
 -0.00420305  -0.00272729    -0.00432049  -0.01250698     0.00000000   0.00000000
 -0.00666106  -0.00190914     0.00784878   0.02015199     0.00000000   0.00000000
  0.00000000   0.00000000     0.00000000   0.00000000    -0.01036517  -0.00648439
    1    3
 -0.00420305   0.00272729    -0.00432049   0.01250698     0.00000000  -0.00000000
 -0.00666106   0.00190914     0.00784878  -0.02015199     0.00000000  -0.00000000
  0.00000000   0.00000000     0.00000000  -0.00000000    -0.01036517   0.00648439
    1    4
  0.00784878   0.02015199    -0.00666106  -0.00190914     0.00000000   0.00000000
 -0.00432049  -0.01250698    -0.00420305  -0.00272729     0.00000000   0.00000000
  0.00000000   0.00000000     0.00000000   0.00000000    -0.01036517  -0.00648439
    1    5
  0.00784878  -0.02015199    -0.00666106   0.00190914     0.00000000  -0.00000000
 -0.00432049   0.01250698    -0.00420305   0.00272729     0.00000000  -0.00000000
  0.00000000   0.00000000     0.00000000   0.00000000    -0.01036517   0.00648439
    1    6
  0.00052339   0.00126358    -0.00254525  -0.00614479    -0.00650500   0.00269446
 -0.00254525  -0.00614479     0.00052339   0.00126358    -0.00650500   0.00269446
 -0.01166602   0.00483222    -0.01166602   0.00483222     0.00064673   0.00156134
    1    7
  0.00052339  -0.00126358    -0.00254525   0.00614479    -0.00650500  -0.00269446
 -0.00254525   0.00614479     0.00052339  -0.00126358    -0.00650500  -0.00269446
 -0.01166602  -0.00483222    -0.01166602  -0.00483222     0.00064673  -0.00156134
    2    1
 -0.00420305   0.00272729    -0.00666106   0.00190914    -0.00000000  -0.00000000
 -0.00432049   0.01250698     0.00784878  -0.02015199     0.00000000   0.00000000
  0.00000000  -0.00000000     0.00000000  -0.00000000    -0.01036517   0.00648439
    2    2
  0.03194060  -0.00000000    -0.00841172   0.00492828     0.00000000  -0.00000000
 -0.00841172  -0.00492828     0.05814419  -0.00000000    -0.00000000  -0.00000000
 -0.00000000   0.00000000     0.00000000   0.00000000     0.03011919  -0.00000000
    2    3
  0.00998607   0.01297299     0.00474077  -0.00718118    -0.00000000   0.00000000
  0.00474077  -0.00718118    -0.03879911  -0.01879464     0.00000000   0.00000000
 -0.00000000   0.00000000    -0.00000000   0.00000000     0.01100747  -0.02080742
    2    4
 -0.00607903  -0.01007742    -0.00277246  -0.00000000     0.00000000   0.00000000
 -0.04755004  -0.00000000    -0.00607903   0.01007742     0.00000000   0.00000000
  0.00000000   0.00000000     0.00000000   0.00000000    -0.00989028  -0.00000000
    2    5
 -0.01716714   0.00651892     0.01136170  -0.00255783     0.00000000  -0.00000000
  0.04497613   0.01668228    -0.01716714   0.00651892     0.00000000  -0.00000000
  0.00000000  -0.00000000     0.00000000  -0.00000000    -0.00945027   0.00592407
    2    6
  0.00237819  -0.01050997    -0.00077673   0.00079218     0.00479803  -0.00179595
 -0.00384513   0.00016448     0.00439169   0.00464860    -0.00123788   0.00214150
  0.01623863  -0.02115358    -0.00889448   0.00797054     0.00340828  -0.00073582
    2    7
 -0.00911331   0.00575004     0.00110939  -0.00001093     0.00466265   0.00212279
  0.00283522   0.00260262     0.00018166  -0.00639245    -0.00238958   0.00063895
  0.02644029  -0.00347539    -0.01192537  -0.00065332    -0.00293032  -0.00188971
    3    1
 -0.00420305  -0.00272729    -0.00666106  -0.00190914     0.00000000   0.00000000
 -0.00432049  -0.01250698     0.00784878   0.02015199     0.00000000   0.00000000
  0.00000000   0.00000000     0.00000000   0.00000000    -0.01036517  -0.00648439
    3    2
  0.00998607  -0.01297299     0.00474077   0.00718118    -0.00000000  -0.00000000
  0.00474077   0.00718118    -0.03879911   0.01879464    -0.00000000  -0.00000000
 -0.00000000  -0.00000000    -0.00000000  -0.00000000     0.01100747   0.02080742
    3    3
  0.03194060  -0.00000000    -0.00841172  -0.00492828    -0.00000000   0.00000000
 -0.00841172   0.00492828     0.05814419   0.00000000    -0.00000000   0.00000000
 -0.00000000  -0.00000000    -0.00000000  -0.00000000     0.03011919   0.00000000
    3    4
 -0.01716714  -0.00651892     0.01136170   0.00255783     0.00000000   0.00000000
  0.04497613  -0.01668228    -0.01716714  -0.00651892     0.00000000   0.00000000
  0.00000000   0.00000000     0.00000000   0.00000000    -0.00945027  -0.00592407
    3    5
 -0.00607903   0.01007742    -0.00277246  -0.00000000    -0.00000000  -0.00000000
 -0.04755004  -0.00000000    -0.00607903  -0.01007742    -0.00000000  -0.00000000
  0.00000000   0.00000000    -0.00000000   0.00000000    -0.00989028  -0.00000000
    3    6
 -0.00911331  -0.00575004     0.00110939   0.00001093     0.00466265  -0.00212279
  0.00283522  -0.00260262     0.00018166   0.00639245    -0.00238958  -0.00063895
  0.02644029   0.00347539    -0.01192537   0.00065332    -0.00293032   0.00188971
    3    7
  0.00237819   0.01050997    -0.00077673  -0.00079218     0.00479803   0.00179595
 -0.00384513  -0.00016448     0.00439169  -0.00464860    -0.00123788  -0.00214150
  0.01623863   0.02115358    -0.00889448  -0.00797054     0.00340828   0.00073582
    4    1
  0.00784878  -0.02015199    -0.00432049   0.01250698     0.00000000   0.00000000
 -0.00666106   0.00190914    -0.00420305   0.00272729     0.00000000  -0.00000000
  0.00000000  -0.00000000     0.00000000  -0.00000000    -0.01036517   0.00648439
    4    2
 -0.00607903   0.01007742    -0.04755004   0.00000000     0.00000000   0.00000000
 -0.00277246   0.00000000    -0.00607903  -0.01007742     0.00000000   0.00000000
  0.00000000   0.00000000     0.00000000   0.00000000    -0.00989028   0.00000000
    4    3
 -0.01716714   0.00651892     0.04497613   0.01668228     0.00000000  -0.00000000
  0.01136170  -0.00255783    -0.01716714   0.00651892     0.00000000  -0.00000000
  0.00000000  -0.00000000     0.00000000  -0.00000000    -0.00945027   0.00592407
    4    4
  0.05814419   0.00000000    -0.00841172  -0.00492828    -0.00000000   0.00000000
 -0.00841172   0.00492828     0.03194060   0.00000000     0.00000000   0.00000000
 -0.00000000   0.00000000    -0.00000000   0.00000000     0.03011919  -0.00000000
    4    5
 -0.03879911  -0.01879464     0.00474077  -0.00718118     0.00000000   0.00000000
  0.00474077  -0.00718118     0.00998607   0.01297299     0.00000000   0.00000000
 -0.00000000   0.00000000     0.00000000   0.00000000     0.01100747  -0.02080742
    4    6
  0.00439169   0.00464860    -0.00384513   0.00016448    -0.00123788   0.00214150
 -0.00077673   0.00079218     0.00237819  -0.01050997     0.00479803  -0.00179595
 -0.00889448   0.00797054     0.01623863  -0.02115358     0.00340828  -0.00073582
    4    7
  0.00018166  -0.00639245     0.00283522   0.00260262    -0.00238958   0.00063895
  0.00110939  -0.00001093    -0.00911331   0.00575004     0.00466265   0.00212279
 -0.01192537  -0.00065332     0.02644029  -0.00347539    -0.00293032  -0.00188971
    5    1
  0.00784878   0.02015199    -0.00432049  -0.01250698     0.00000000   0.00000000
 -0.00666106  -0.00190914    -0.00420305  -0.00272729     0.00000000   0.00000000
  0.00000000   0.00000000     0.00000000   0.00000000    -0.01036517  -0.00648439
    5    2
 -0.01716714  -0.00651892     0.04497613  -0.01668228     0.00000000   0.00000000
  0.01136170   0.00255783    -0.01716714  -0.00651892     0.00000000   0.00000000
 -0.00000000   0.00000000     0.00000000   0.00000000    -0.00945027  -0.00592407
    5    3
 -0.00607903  -0.01007742    -0.04755004   0.00000000     0.00000000   0.00000000
 -0.00277246  -0.00000000    -0.00607903   0.01007742     0.00000000   0.00000000
  0.00000000   0.00000000    -0.00000000   0.00000000    -0.00989028   0.00000000
    5    4
 -0.03879911   0.01879464     0.00474077   0.00718118     0.00000000  -0.00000000
  0.00474077   0.00718118     0.00998607  -0.01297299     0.00000000  -0.00000000
 -0.00000000  -0.00000000    -0.00000000  -0.00000000     0.01100747   0.02080742
    5    5
  0.05814419   0.00000000    -0.00841172   0.00492828    -0.00000000  -0.00000000
 -0.00841172  -0.00492828     0.03194060  -0.00000000    -0.00000000  -0.00000000
 -0.00000000   0.00000000    -0.00000000   0.00000000     0.03011919   0.00000000
    5    6
  0.00018166   0.00639245     0.00283522  -0.00260262    -0.00238958  -0.00063895
  0.00110939   0.00001093    -0.00911331  -0.00575004     0.00466265  -0.00212279
 -0.01192537   0.00065332     0.02644029   0.00347539    -0.00293032   0.00188971
    5    7
  0.00439169  -0.00464860    -0.00384513  -0.00016448    -0.00123788  -0.00214150
 -0.00077673  -0.00079218     0.00237819   0.01050997     0.00479803   0.00179595
 -0.00889448  -0.00797054     0.01623863   0.02115358     0.00340828   0.00073582
    6    1
  0.00052339  -0.00126358    -0.00254525   0.00614479    -0.01166602  -0.00483222
 -0.00254525   0.00614479     0.00052339  -0.00126358    -0.01166602  -0.00483222
 -0.00650500  -0.00269446    -0.00650500  -0.00269446     0.00064673  -0.00156134
    6    2
  0.00237819   0.01050997    -0.00384513  -0.00016448     0.01623863   0.02115358
 -0.00077673  -0.00079218     0.00439169  -0.00464860    -0.00889448  -0.00797054
  0.00479803   0.00179595    -0.00123788  -0.00214150     0.00340828   0.00073582
    6    3
 -0.00911331   0.00575004     0.00283522   0.00260262     0.02644029  -0.00347539
  0.00110939  -0.00001093     0.00018166  -0.00639245    -0.01192537  -0.00065332
  0.00466265   0.00212279    -0.00238958   0.00063895    -0.00293032  -0.00188971
    6    4
  0.00439169  -0.00464860    -0.00077673  -0.00079218    -0.00889448  -0.00797054
 -0.00384513  -0.00016448     0.00237819   0.01050997     0.01623863   0.02115358
 -0.00123788  -0.00214150     0.00479803   0.00179595     0.00340828   0.00073582
    6    5
  0.00018166  -0.00639245     0.00110939  -0.00001093    -0.01192537  -0.00065332
  0.00283522   0.00260262    -0.00911331   0.00575004     0.02644029  -0.00347539
 -0.00238958   0.00063895     0.00466265   0.00212279    -0.00293032  -0.00188971
    6    6
  0.03962609   0.00000000    -0.01652659  -0.00000000     0.00000000   0.00093989
 -0.01652659  -0.00000000     0.03962609  -0.00000000     0.00000000   0.00093989
  0.00000000  -0.00093989     0.00000000  -0.00093989     0.01155902   0.00000000
    6    7
  0.01330383   0.01330383    -0.00820888  -0.00820888    -0.00021202   0.00021202
 -0.00820888  -0.00820888     0.01330383   0.01330383    -0.00021202   0.00021202
 -0.00021202   0.00021202    -0.00021202   0.00021202    -0.00152575  -0.00152575
    7    1
  0.00052339   0.00126358    -0.00254525  -0.00614479    -0.01166602   0.00483222
 -0.00254525  -0.00614479     0.00052339   0.00126358    -0.01166602   0.00483222
 -0.00650500   0.00269446    -0.00650500   0.00269446     0.00064673   0.00156134
    7    2
 -0.00911331  -0.00575004     0.00283522  -0.00260262     0.02644029   0.00347539
  0.00110939   0.00001093     0.00018166   0.00639245    -0.01192537   0.00065332
  0.00466265  -0.00212279    -0.00238958  -0.00063895    -0.00293032   0.00188971
    7    3
  0.00237819  -0.01050997    -0.00384513   0.00016448     0.01623863  -0.02115358
 -0.00077673   0.00079218     0.00439169   0.00464860    -0.00889448   0.00797054
  0.00479803  -0.00179595    -0.00123788   0.00214150     0.00340828  -0.00073582
    7    4
  0.00018166   0.00639245     0.00110939   0.00001093    -0.01192537   0.00065332
  0.00283522  -0.00260262    -0.00911331  -0.00575004     0.02644029   0.00347539
 -0.00238958  -0.00063895     0.00466265  -0.00212279    -0.00293032   0.00188971
    7    5
  0.00439169   0.00464860    -0.00077673   0.00079218    -0.00889448   0.00797054
 -0.00384513   0.00016448     0.00237819  -0.01050997     0.01623863  -0.02115358
 -0.00123788   0.00214150     0.00479803  -0.00179595     0.00340828  -0.00073582
    7    6
  0.01330383  -0.01330383    -0.00820888   0.00820888    -0.00021202  -0.00021202
 -0.00820888   0.00820888     0.01330383  -0.01330383    -0.00021202  -0.00021202
 -0.00021202  -0.00021202    -0.00021202  -0.00021202    -0.00152575   0.00152575
    7    7
  0.03962609   0.00000000    -0.01652659  -0.00000000     0.00000000  -0.00093989
 -0.01652659   0.00000000     0.03962609   0.00000000     0.00000000  -0.00093989
  0.00000000   0.00093989     0.00000000   0.00093989     0.01155902   0.00000000

     Dynamical  Matrix in cartesian axes

     q = (   -0.324759526  -0.324759526   0.000000000 ) 

    1    1
  0.09355620   0.00000000     0.05678650   0.00000000    -0.00000000   0.00000000
  0.05678650   0.00000000     0.09355620   0.00000000    -0.00000000   0.00000000
 -0.00000000   0.00000000    -0.00000000   0.00000000     0.02943642   0.00000000
    1    2
 -0.00420305   0.00272729     0.00432049  -0.01250698     0.00000000  -0.00000000
  0.00666106  -0.00190914     0.00784878  -0.02015199     0.00000000  -0.00000000
  0.00000000  -0.00000000     0.00000000  -0.00000000    -0.01036517   0.00648439
    1    3
  0.00490049  -0.00104352    -0.01189881  -0.00578872     0.00000000   0.00000000
 -0.00606005   0.00336011    -0.01979954  -0.00869968     0.00000000   0.00000000
  0.00000000   0.00000000     0.00000000   0.00000000     0.01191443  -0.00274412
    1    4
 -0.01979954  -0.00869968    -0.00606005   0.00336011     0.00000000   0.00000000
 -0.01189881  -0.00578872     0.00490049  -0.00104352     0.00000000   0.00000000
  0.00000000   0.00000000    -0.00000000   0.00000000     0.01191443  -0.00274412
    1    5
  0.00784878  -0.02015199     0.00666106  -0.00190914     0.00000000   0.00000000
  0.00432049  -0.01250698    -0.00420305   0.00272729     0.00000000   0.00000000
  0.00000000  -0.00000000     0.00000000  -0.00000000    -0.01036517   0.00648439
    1    6
  0.00052339   0.00126358     0.00254525   0.00614479     0.00650500  -0.00269446
  0.00254525   0.00614479     0.00052339   0.00126358    -0.00650500   0.00269446
  0.01166602  -0.00483222    -0.01166602   0.00483222     0.00064673   0.00156134
    1    7
  0.00052339   0.00126358     0.00254525   0.00614479    -0.00650500   0.00269446
  0.00254525   0.00614479     0.00052339   0.00126358     0.00650500  -0.00269446
 -0.01166602   0.00483222     0.01166602  -0.00483222     0.00064673   0.00156134
    2    1
 -0.00420305  -0.00272729     0.00666106   0.00190914     0.00000000   0.00000000
  0.00432049   0.01250698     0.00784878   0.02015199     0.00000000   0.00000000
  0.00000000  -0.00000000     0.00000000  -0.00000000    -0.01036517  -0.00648439
    2    2
  0.03194060  -0.00000000     0.00841172   0.00492828    -0.00000000   0.00000000
  0.00841172  -0.00492828     0.05814419   0.00000000     0.00000000   0.00000000
  0.00000000  -0.00000000    -0.00000000  -0.00000000     0.03011919   0.00000000
    2    3
  0.00211207   0.01623451     0.00843009   0.00172563     0.00000000   0.00000000
  0.00843009   0.00172563     0.01414530  -0.04072493     0.00000000   0.00000000
  0.00000000   0.00000000     0.00000000  -0.00000000    -0.02249652  -0.00692961
    2    4
  0.01674857  -0.00752943     0.00984259  -0.00622527    -0.00000000   0.00000000
  0.02000677  -0.04359908     0.01674857  -0.00752943    -0.00000000   0.00000000
 -0.00000000   0.00000000    -0.00000000   0.00000000     0.01087130  -0.00249340
    2    5
 -0.00607903   0.01007742     0.00277246   0.00000000     0.00000000   0.00000000
  0.04755004   0.00000000    -0.00607903  -0.01007742     0.00000000   0.00000000
 -0.00000000   0.00000000    -0.00000000   0.00000000    -0.00989028   0.00000000
    2    6
 -0.00911331  -0.00575004    -0.00110939  -0.00001093    -0.00466265   0.00212279
 -0.00283522   0.00260262     0.00018166   0.00639245    -0.00238958  -0.00063895
 -0.02644029  -0.00347539    -0.01192537   0.00065332    -0.00293032   0.00188971
    2    7
 -0.00911331  -0.00575004    -0.00110939  -0.00001093     0.00466265  -0.00212279
 -0.00283522   0.00260262     0.00018166   0.00639245     0.00238958   0.00063895
  0.02644029   0.00347539     0.01192537  -0.00065332    -0.00293032   0.00188971
    3    1
  0.00490049   0.00104352    -0.00606005  -0.00336011    -0.00000000  -0.00000000
 -0.01189881   0.00578872    -0.01979954   0.00869968    -0.00000000  -0.00000000
 -0.00000000  -0.00000000    -0.00000000   0.00000000     0.01191443   0.00274412
    3    2
  0.00211207  -0.01623451     0.00843009  -0.00172563     0.00000000  -0.00000000
  0.00843009  -0.00172563     0.01414530   0.04072493     0.00000000  -0.00000000
  0.00000000  -0.00000000     0.00000000   0.00000000    -0.02249652   0.00692961
    3    3
  0.03194060   0.00000000     0.00841172  -0.00492828     0.00000000   0.00000000
  0.00841172   0.00492828     0.05814419  -0.00000000    -0.00000000   0.00000000
 -0.00000000   0.00000000     0.00000000   0.00000000     0.03011919  -0.00000000
    3    4
 -0.00607903  -0.01007742     0.00277246   0.00000000     0.00000000   0.00000000
  0.04755004  -0.00000000    -0.00607903   0.01007742     0.00000000   0.00000000
 -0.00000000   0.00000000     0.00000000   0.00000000    -0.00989028  -0.00000000
    3    5
  0.01674857   0.00752943     0.00984259   0.00622527    -0.00000000   0.00000000
  0.02000677   0.04359908     0.01674857   0.00752943    -0.00000000   0.00000000
 -0.00000000   0.00000000    -0.00000000   0.00000000     0.01087130   0.00249340
    3    6
 -0.00911331   0.00575004    -0.00110939   0.00001093     0.00466265   0.00212279
 -0.00283522  -0.00260262     0.00018166  -0.00639245     0.00238958  -0.00063895
  0.02644029  -0.00347539     0.01192537   0.00065332    -0.00293032  -0.00188971
    3    7
 -0.00911331   0.00575004    -0.00110939   0.00001093    -0.00466265  -0.00212279
 -0.00283522  -0.00260262     0.00018166  -0.00639245    -0.00238958   0.00063895
 -0.02644029   0.00347539    -0.01192537  -0.00065332    -0.00293032  -0.00188971
    4    1
 -0.01979954   0.00869968    -0.01189881   0.00578872    -0.00000000  -0.00000000
 -0.00606005  -0.00336011     0.00490049   0.00104352    -0.00000000  -0.00000000
  0.00000000  -0.00000000    -0.00000000  -0.00000000     0.01191443   0.00274412
    4    2
  0.01674857   0.00752943     0.02000677   0.04359908    -0.00000000  -0.00000000
  0.00984259   0.00622527     0.01674857   0.00752943    -0.00000000  -0.00000000
 -0.00000000  -0.00000000    -0.00000000  -0.00000000     0.01087130   0.00249340
    4    3
 -0.00607903   0.01007742     0.04755004  -0.00000000     0.00000000   0.00000000
  0.00277246   0.00000000    -0.00607903  -0.01007742     0.00000000   0.00000000
  0.00000000   0.00000000     0.00000000   0.00000000    -0.00989028  -0.00000000
    4    4
  0.05814419  -0.00000000     0.00841172   0.00492828    -0.00000000   0.00000000
  0.00841172  -0.00492828     0.03194060   0.00000000    -0.00000000   0.00000000
  0.00000000   0.00000000    -0.00000000   0.00000000     0.03011919  -0.00000000
    4    5
  0.01414530   0.04072493     0.00843009  -0.00172563     0.00000000  -0.00000000
  0.00843009  -0.00172563     0.00211207  -0.01623451     0.00000000  -0.00000000
  0.00000000  -0.00000000     0.00000000  -0.00000000    -0.02249652   0.00692961
    4    6
  0.00018166  -0.00639245    -0.00283522  -0.00260262    -0.00238958   0.00063895
 -0.00110939   0.00001093    -0.00911331   0.00575004    -0.00466265  -0.00212279
 -0.01192537  -0.00065332    -0.02644029   0.00347539    -0.00293032  -0.00188971
    4    7
  0.00018166  -0.00639245    -0.00283522  -0.00260262     0.00238958  -0.00063895
 -0.00110939   0.00001093    -0.00911331   0.00575004     0.00466265   0.00212279
  0.01192537   0.00065332     0.02644029  -0.00347539    -0.00293032  -0.00188971
    5    1
  0.00784878   0.02015199     0.00432049   0.01250698     0.00000000   0.00000000
  0.00666106   0.00190914    -0.00420305  -0.00272729     0.00000000   0.00000000
  0.00000000   0.00000000     0.00000000   0.00000000    -0.01036517  -0.00648439
    5    2
 -0.00607903  -0.01007742     0.04755004   0.00000000     0.00000000   0.00000000
  0.00277246   0.00000000    -0.00607903   0.01007742     0.00000000   0.00000000
  0.00000000   0.00000000     0.00000000   0.00000000    -0.00989028   0.00000000
    5    3
  0.01674857  -0.00752943     0.02000677  -0.04359908    -0.00000000  -0.00000000
  0.00984259  -0.00622527     0.01674857  -0.00752943    -0.00000000  -0.00000000
 -0.00000000  -0.00000000    -0.00000000   0.00000000     0.01087130  -0.00249340
    5    4
  0.01414530  -0.04072493     0.00843009   0.00172563     0.00000000   0.00000000
  0.00843009   0.00172563     0.00211207   0.01623451     0.00000000   0.00000000
  0.00000000   0.00000000     0.00000000   0.00000000    -0.02249652  -0.00692961
    5    5
  0.05814419   0.00000000     0.00841172  -0.00492828    -0.00000000  -0.00000000
  0.00841172   0.00492828     0.03194060   0.00000000    -0.00000000  -0.00000000
 -0.00000000   0.00000000     0.00000000   0.00000000     0.03011919   0.00000000
    5    6
  0.00018166   0.00639245    -0.00283522   0.00260262     0.00238958   0.00063895
 -0.00110939  -0.00001093    -0.00911331  -0.00575004     0.00466265  -0.00212279
  0.01192537  -0.00065332     0.02644029   0.00347539    -0.00293032   0.00188971
    5    7
  0.00018166   0.00639245    -0.00283522   0.00260262    -0.00238958  -0.00063895
 -0.00110939  -0.00001093    -0.00911331  -0.00575004    -0.00466265   0.00212279
 -0.01192537   0.00065332    -0.02644029  -0.00347539    -0.00293032   0.00188971
    6    1
  0.00052339  -0.00126358     0.00254525  -0.00614479     0.01166602   0.00483222
  0.00254525  -0.00614479     0.00052339  -0.00126358    -0.01166602  -0.00483222
  0.00650500   0.00269446    -0.00650500  -0.00269446     0.00064673  -0.00156134
    6    2
 -0.00911331   0.00575004    -0.00283522  -0.00260262    -0.02644029   0.00347539
 -0.00110939   0.00001093     0.00018166  -0.00639245    -0.01192537  -0.00065332
 -0.00466265  -0.00212279    -0.00238958   0.00063895    -0.00293032  -0.00188971
    6    3
 -0.00911331  -0.00575004    -0.00283522   0.00260262     0.02644029   0.00347539
 -0.00110939  -0.00001093     0.00018166   0.00639245     0.01192537  -0.00065332
  0.00466265  -0.00212279     0.00238958   0.00063895    -0.00293032   0.00188971
    6    4
  0.00018166   0.00639245    -0.00110939  -0.00001093    -0.01192537   0.00065332
 -0.00283522   0.00260262    -0.00911331  -0.00575004    -0.02644029  -0.00347539
 -0.00238958  -0.00063895    -0.00466265   0.00212279    -0.00293032   0.00188971
    6    5
  0.00018166  -0.00639245    -0.00110939   0.00001093     0.01192537   0.00065332
 -0.00283522  -0.00260262    -0.00911331   0.00575004     0.02644029  -0.00347539
  0.00238958  -0.00063895     0.00466265   0.00212279    -0.00293032  -0.00188971
    6    6
  0.03962609   0.00000000     0.01652659   0.00000000    -0.00000000  -0.00093989
  0.01652659  -0.00000000     0.03962609   0.00000000    -0.00000000   0.00093989
 -0.00000000   0.00093989    -0.00000000  -0.00093989     0.01155902  -0.00000000
    6    7
 -0.01881445  -0.00000000    -0.01160911   0.00000000    -0.00000000   0.00029984
 -0.01160911   0.00000000    -0.01881445   0.00000000    -0.00000000  -0.00029984
 -0.00000000   0.00029984    -0.00000000  -0.00029984     0.00215774  -0.00000000
    7    1
  0.00052339  -0.00126358     0.00254525  -0.00614479    -0.01166602  -0.00483222
  0.00254525  -0.00614479     0.00052339  -0.00126358     0.01166602   0.00483222
 -0.00650500  -0.00269446     0.00650500   0.00269446     0.00064673  -0.00156134
    7    2
 -0.00911331   0.00575004    -0.00283522  -0.00260262     0.02644029  -0.00347539
 -0.00110939   0.00001093     0.00018166  -0.00639245     0.01192537   0.00065332
  0.00466265   0.00212279     0.00238958  -0.00063895    -0.00293032  -0.00188971
    7    3
 -0.00911331  -0.00575004    -0.00283522   0.00260262    -0.02644029  -0.00347539
 -0.00110939  -0.00001093     0.00018166   0.00639245    -0.01192537   0.00065332
 -0.00466265   0.00212279    -0.00238958  -0.00063895    -0.00293032   0.00188971
    7    4
  0.00018166   0.00639245    -0.00110939  -0.00001093     0.01192537  -0.00065332
 -0.00283522   0.00260262    -0.00911331  -0.00575004     0.02644029   0.00347539
  0.00238958   0.00063895     0.00466265  -0.00212279    -0.00293032   0.00188971
    7    5
  0.00018166  -0.00639245    -0.00110939   0.00001093    -0.01192537  -0.00065332
 -0.00283522  -0.00260262    -0.00911331   0.00575004    -0.02644029   0.00347539
 -0.00238958   0.00063895    -0.00466265  -0.00212279    -0.00293032  -0.00188971
    7    6
 -0.01881445   0.00000000    -0.01160911   0.00000000    -0.00000000  -0.00029984
 -0.01160911   0.00000000    -0.01881445  -0.00000000    -0.00000000   0.00029984
 -0.00000000  -0.00029984    -0.00000000   0.00029984     0.00215774   0.00000000
    7    7
  0.03962609   0.00000000     0.01652659  -0.00000000    -0.00000000   0.00093989
  0.01652659   0.00000000     0.03962609  -0.00000000    -0.00000000  -0.00093989
 -0.00000000  -0.00093989    -0.00000000   0.00093989     0.01155902   0.00000000

     Dynamical  Matrix in cartesian axes

     q = (   -0.324759526   0.324759526   0.000000000 ) 

    1    1
  0.09355620   0.00000000    -0.05678650   0.00000000     0.00000000   0.00000000
 -0.05678650   0.00000000     0.09355620   0.00000000     0.00000000   0.00000000
  0.00000000   0.00000000     0.00000000   0.00000000     0.02943642   0.00000000
    1    2
 -0.00420305   0.00272729    -0.00432049   0.01250698     0.00000000  -0.00000000
 -0.00666106   0.00190914     0.00784878  -0.02015199     0.00000000  -0.00000000
  0.00000000   0.00000000     0.00000000   0.00000000    -0.01036517   0.00648439
    1    3
 -0.00420305  -0.00272729    -0.00432049  -0.01250698     0.00000000   0.00000000
 -0.00666106  -0.00190914     0.00784878   0.02015199     0.00000000   0.00000000
  0.00000000   0.00000000     0.00000000   0.00000000    -0.01036517  -0.00648439
    1    4
  0.00784878  -0.02015199    -0.00666106   0.00190914     0.00000000   0.00000000
 -0.00432049   0.01250698    -0.00420305   0.00272729     0.00000000  -0.00000000
  0.00000000   0.00000000     0.00000000  -0.00000000    -0.01036517   0.00648439
    1    5
  0.00784878   0.02015199    -0.00666106  -0.00190914     0.00000000   0.00000000
 -0.00432049  -0.01250698    -0.00420305  -0.00272729     0.00000000   0.00000000
  0.00000000   0.00000000     0.00000000   0.00000000    -0.01036517  -0.00648439
    1    6
  0.00052339  -0.00126358    -0.00254525   0.00614479    -0.00650500  -0.00269446
 -0.00254525   0.00614479     0.00052339  -0.00126358    -0.00650500  -0.00269446
 -0.01166602  -0.00483222    -0.01166602  -0.00483222     0.00064673  -0.00156134
    1    7
  0.00052339   0.00126358    -0.00254525  -0.00614479    -0.00650500   0.00269446
 -0.00254525  -0.00614479     0.00052339   0.00126358    -0.00650500   0.00269446
