  2.500000000000000E-002   1.26011648066226        2.33218954087644     
          12

     Dynamical  Matrix in cartesian axes

     q = (    0.216506351   0.216506351   0.000000000 ) 

    1    1
  0.06738819  -0.00000000     0.04819307  -0.00000000    -0.00000000   0.00000000
  0.04819307  -0.00000000     0.06738819  -0.00000000    -0.00000000   0.00000000
 -0.00000000   0.00000000    -0.00000000   0.00000000     0.01081516   0.00000000
    1    2
 -0.00452337   0.00938954     0.00167401   0.00989630     0.00000000   0.00000000
 -0.00065211   0.00949799     0.00063506   0.01106610     0.00000000   0.00000000
  0.00000000   0.00000000     0.00000000   0.00000000    -0.00371861  -0.00602330
    1    3
 -0.00938954   0.00452337    -0.00989630  -0.00167401    -0.00000000  -0.00000000
 -0.00949799   0.00065211    -0.01106610  -0.00063506    -0.00000000  -0.00000000
 -0.00000000  -0.00000000    -0.00000000  -0.00000000     0.00602330   0.00371861
    1    4
 -0.01106610  -0.00063506    -0.00949799   0.00065211    -0.00000000   0.00000000
 -0.00989630  -0.00167401    -0.00938954   0.00452337    -0.00000000  -0.00000000
 -0.00000000  -0.00000000    -0.00000000  -0.00000000     0.00602330   0.00371861
    1    5
  0.00063506   0.01106610    -0.00065211   0.00949799     0.00000000   0.00000000
  0.00167401   0.00989630    -0.00452337   0.00938954     0.00000000   0.00000000
  0.00000000   0.00000000     0.00000000   0.00000000    -0.00371861  -0.00602330
    1    6
  0.00627955  -0.00627955     0.00464580  -0.00464580     0.00261919   0.00261919
  0.00464580  -0.00464580     0.00627955  -0.00627955    -0.00261919  -0.00261919
  0.00444787   0.00444787    -0.00444787  -0.00444787    -0.00248542   0.00248542
    1    7
  0.00627955  -0.00627955     0.00464580  -0.00464580    -0.00261919  -0.00261919
  0.00464580  -0.00464580     0.00627955  -0.00627955     0.00261919   0.00261919
 -0.00444787  -0.00444787     0.00444787   0.00444787    -0.00248542   0.00248542
    2    1
 -0.00452337  -0.00938954    -0.00065211  -0.00949799     0.00000000  -0.00000000
  0.00167401  -0.00989630     0.00063506  -0.01106610     0.00000000  -0.00000000
  0.00000000  -0.00000000     0.00000000  -0.00000000    -0.00371861   0.00602330
    2    2
  0.02437202   0.00000000     0.00718696  -0.01512677     0.00000000   0.00000000
  0.00718696   0.01512677     0.07694306  -0.00000000    -0.00000000   0.00000000
 -0.00000000   0.00000000     0.00000000   0.00000000     0.02590702   0.00000000
    2    3
  0.00930313  -0.01064873     0.01385431   0.01075716     0.00000000  -0.00000000
  0.01385431   0.01075716    -0.02047578   0.06549067     0.00000000  -0.00000000
  0.00000000   0.00000000     0.00000000  -0.00000000    -0.01895543   0.00924661
    2    4
  0.01425050   0.01659285     0.00470528   0.00468489    -0.00000000  -0.00000000
 -0.02033075   0.06755289     0.01425050   0.01659285    -0.00000000  -0.00000000
 -0.00000000  -0.00000000    -0.00000000  -0.00000000     0.00733136   0.00331978
    2    5
  0.00133751  -0.01764975     0.00547683   0.00000000    -0.00000000  -0.00000000
  0.07285014  -0.00000000     0.00133751   0.01764975    -0.00000000  -0.00000000
  0.00000000  -0.00000000    -0.00000000  -0.00000000    -0.00719001   0.00000000
    2    6
 -0.00780926   0.00239087    -0.00217048   0.00037833    -0.00218603  -0.00179948
 -0.00256753  -0.00597460    -0.00118384  -0.00755695    -0.00045484   0.00054102
 -0.02335785   0.00521594    -0.00854321  -0.00122633    -0.00240606  -0.00466614
    2    7
 -0.00780926   0.00239087    -0.00217048   0.00037833     0.00218603   0.00179948
 -0.00256753  -0.00597460    -0.00118384  -0.00755695     0.00045484  -0.00054102
  0.02335785  -0.00521594     0.00854321   0.00122633    -0.00240606  -0.00466614
    3    1
 -0.00938954  -0.00452337    -0.00949799  -0.00065211    -0.00000000   0.00000000
 -0.00989630   0.00167401    -0.01106610   0.00063506    -0.00000000   0.00000000
 -0.00000000   0.00000000    -0.00000000   0.00000000     0.00602330  -0.00371861
    3    2
  0.00930313   0.01064873     0.01385431  -0.01075716     0.00000000   0.00000000
  0.01385431  -0.01075716    -0.02047578  -0.06549067     0.00000000   0.00000000
  0.00000000   0.00000000     0.00000000   0.00000000    -0.01895543  -0.00924661
    3    3
  0.02437202  -0.00000000     0.00718696   0.01512677     0.00000000   0.00000000
  0.00718696  -0.01512677     0.07694306   0.00000000    -0.00000000   0.00000000
  0.00000000  -0.00000000     0.00000000  -0.00000000     0.02590702  -0.00000000
    3    4
  0.00133751   0.01764975     0.00547683  -0.00000000    -0.00000000  -0.00000000
  0.07285014   0.00000000     0.00133751  -0.01764975    -0.00000000  -0.00000000
  0.00000000   0.00000000    -0.00000000   0.00000000    -0.00719001  -0.00000000
    3    5
  0.01425050  -0.01659285     0.00470528  -0.00468489    -0.00000000  -0.00000000
 -0.02033075  -0.06755289     0.01425050  -0.01659285    -0.00000000  -0.00000000
 -0.00000000   0.00000000    -0.00000000   0.00000000     0.00733136  -0.00331978
    3    6
 -0.00780926  -0.00239087    -0.00217048  -0.00037833     0.00218603  -0.00179948
 -0.00256753   0.00597460    -0.00118384   0.00755695     0.00045484   0.00054102
  0.02335785   0.00521594     0.00854321  -0.00122633    -0.00240606   0.00466614
    3    7
 -0.00780926  -0.00239087    -0.00217048  -0.00037833    -0.00218603   0.00179948
 -0.00256753   0.00597460    -0.00118384   0.00755695    -0.00045484  -0.00054102
 -0.02335785  -0.00521594    -0.00854321   0.00122633    -0.00240606   0.00466614
    4    1
 -0.01106610   0.00063506    -0.00989630   0.00167401    -0.00000000   0.00000000
 -0.00949799  -0.00065211    -0.00938954  -0.00452337    -0.00000000   0.00000000
 -0.00000000   0.00000000    -0.00000000   0.00000000     0.00602330  -0.00371861
    4    2
  0.01425050  -0.01659285    -0.02033075  -0.06755289    -0.00000000   0.00000000
  0.00470528  -0.00468489     0.01425050  -0.01659285    -0.00000000   0.00000000
 -0.00000000  -0.00000000    -0.00000000  -0.00000000     0.00733136  -0.00331978
    4    3
  0.00133751  -0.01764975     0.07285014   0.00000000    -0.00000000   0.00000000
  0.00547683  -0.00000000     0.00133751   0.01764975    -0.00000000   0.00000000
  0.00000000   0.00000000     0.00000000   0.00000000    -0.00719001  -0.00000000
    4    4
  0.07694306  -0.00000000     0.00718696  -0.01512677    -0.00000000   0.00000000
  0.00718696   0.01512677     0.02437202   0.00000000    -0.00000000   0.00000000
 -0.00000000   0.00000000     0.00000000   0.00000000     0.02590702  -0.00000000
    4    5
 -0.02047578  -0.06549067     0.01385431  -0.01075716     0.00000000   0.00000000
  0.01385431  -0.01075716     0.00930313   0.01064873     0.00000000   0.00000000
  0.00000000   0.00000000     0.00000000   0.00000000    -0.01895543  -0.00924661
    4    6
 -0.00118384   0.00755695    -0.00256753   0.00597460    -0.00045484  -0.00054102
 -0.00217048  -0.00037833    -0.00780926  -0.00239087    -0.00218603   0.00179948
 -0.00854321   0.00122633    -0.02335785  -0.00521594    -0.00240606   0.00466614
    4    7
 -0.00118384   0.00755695    -0.00256753   0.00597460     0.00045484   0.00054102
 -0.00217048  -0.00037833    -0.00780926  -0.00239087     0.00218603  -0.00179948
  0.00854321  -0.00122633     0.02335785   0.00521594    -0.00240606   0.00466614
    5    1
  0.00063506  -0.01106610     0.00167401  -0.00989630     0.00000000  -0.00000000
 -0.00065211  -0.00949799    -0.00452337  -0.00938954     0.00000000  -0.00000000
  0.00000000  -0.00000000     0.00000000  -0.00000000    -0.00371861   0.00602330
    5    2
  0.00133751   0.01764975     0.07285014   0.00000000    -0.00000000   0.00000000
  0.00547683   0.00000000     0.00133751  -0.01764975    -0.00000000   0.00000000
 -0.00000000   0.00000000    -0.00000000   0.00000000    -0.00719001   0.00000000
    5    3
  0.01425050   0.01659285    -0.02033075   0.06755289    -0.00000000   0.00000000
  0.00470528   0.00468489     0.01425050   0.01659285    -0.00000000   0.00000000
 -0.00000000   0.00000000     0.00000000   0.00000000     0.00733136   0.00331978
    5    4
 -0.02047578   0.06549067     0.01385431   0.01075716     0.00000000  -0.00000000
  0.01385431   0.01075716     0.00930313  -0.01064873     0.00000000  -0.00000000
  0.00000000  -0.00000000     0.00000000  -0.00000000    -0.01895543   0.00924661
    5    5
  0.07694306  -0.00000000     0.00718696   0.01512677    -0.00000000   0.00000000
  0.00718696  -0.01512677     0.02437202   0.00000000    -0.00000000   0.00000000
 -0.00000000   0.00000000    -0.00000000   0.00000000     0.02590702   0.00000000
    5    6
 -0.00118384  -0.00755695    -0.00256753  -0.00597460     0.00045484  -0.00054102
 -0.00217048   0.00037833    -0.00780926   0.00239087     0.00218603   0.00179948
  0.00854321   0.00122633     0.02335785  -0.00521594    -0.00240606  -0.00466614
    5    7
 -0.00118384  -0.00755695    -0.00256753  -0.00597460    -0.00045484   0.00054102
 -0.00217048   0.00037833    -0.00780926   0.00239087    -0.00218603  -0.00179948
 -0.00854321  -0.00122633    -0.02335785   0.00521594    -0.00240606  -0.00466614
    6    1
  0.00627955   0.00627955     0.00464580   0.00464580     0.00444787  -0.00444787
  0.00464580   0.00464580     0.00627955   0.00627955    -0.00444787   0.00444787
  0.00261919  -0.00261919    -0.00261919   0.00261919    -0.00248542  -0.00248542
    6    2
 -0.00780926  -0.00239087    -0.00256753   0.00597460    -0.02335785  -0.00521594
 -0.00217048  -0.00037833    -0.00118384   0.00755695    -0.00854321   0.00122633
 -0.00218603   0.00179948    -0.00045484  -0.00054102    -0.00240606   0.00466614
    6    3
 -0.00780926   0.00239087    -0.00256753  -0.00597460     0.02335785  -0.00521594
 -0.00217048   0.00037833    -0.00118384  -0.00755695     0.00854321   0.00122633
  0.00218603   0.00179948     0.00045484  -0.00054102    -0.00240606  -0.00466614
    6    4
 -0.00118384  -0.00755695    -0.00217048   0.00037833    -0.00854321  -0.00122633
 -0.00256753  -0.00597460    -0.00780926   0.00239087    -0.02335785   0.00521594
 -0.00045484   0.00054102    -0.00218603  -0.00179948    -0.00240606  -0.00466614
    6    5
 -0.00118384   0.00755695    -0.00217048  -0.00037833     0.00854321  -0.00122633
 -0.00256753   0.00597460    -0.00780926  -0.00239087     0.02335785   0.00521594
  0.00045484   0.00054102     0.00218603  -0.00179948    -0.00240606   0.00466614
    6    6
  0.03283481   0.00000000     0.01346140  -0.00000000    -0.00000000   0.00451606
  0.01346140   0.00000000     0.03283481  -0.00000000    -0.00000000  -0.00451606
 -0.00000000  -0.00451606     0.00000000   0.00451606     0.00817348   0.00000000
    6    7
 -0.01786920  -0.00000000    -0.00744979  -0.00000000    -0.00000000   0.00416299
 -0.00744979   0.00000000    -0.01786920   0.00000000    -0.00000000  -0.00416299
 -0.00000000   0.00416299    -0.00000000  -0.00416299     0.00141253   0.00000000
    7    1
  0.00627955   0.00627955     0.00464580   0.00464580    -0.00444787   0.00444787
  0.00464580   0.00464580     0.00627955   0.00627955     0.00444787  -0.00444787
 -0.00261919   0.00261919     0.00261919  -0.00261919    -0.00248542  -0.00248542
    7    2
 -0.00780926  -0.00239087    -0.00256753   0.00597460     0.02335785   0.00521594
 -0.00217048  -0.00037833    -0.00118384   0.00755695     0.00854321  -0.00122633
  0.00218603  -0.00179948     0.00045484   0.00054102    -0.00240606   0.00466614
    7    3
 -0.00780926   0.00239087    -0.00256753  -0.00597460    -0.02335785   0.00521594
 -0.00217048   0.00037833    -0.00118384  -0.00755695    -0.00854321  -0.00122633
 -0.00218603  -0.00179948    -0.00045484   0.00054102    -0.00240606  -0.00466614
    7    4
 -0.00118384  -0.00755695    -0.00217048   0.00037833     0.00854321   0.00122633
 -0.00256753  -0.00597460    -0.00780926   0.00239087     0.02335785  -0.00521594
  0.00045484  -0.00054102     0.00218603   0.00179948    -0.00240606  -0.00466614
    7    5
 -0.00118384   0.00755695    -0.00217048  -0.00037833    -0.00854321   0.00122633
 -0.00256753   0.00597460    -0.00780926  -0.00239087    -0.02335785  -0.00521594
 -0.00045484  -0.00054102    -0.00218603   0.00179948    -0.00240606   0.00466614
    7    6
 -0.01786920   0.00000000    -0.00744979   0.00000000    -0.00000000  -0.00416299
 -0.00744979   0.00000000    -0.01786920  -0.00000000    -0.00000000   0.00416299
 -0.00000000  -0.00416299    -0.00000000   0.00416299     0.00141253   0.00000000
    7    7
  0.03283481  -0.00000000     0.01346140   0.00000000    -0.00000000  -0.00451606
  0.01346140  -0.00000000     0.03283481   0.00000000    -0.00000000   0.00451606
 -0.00000000   0.00451606     0.00000000  -0.00451606     0.00817348  -0.00000000

     Dynamical  Matrix in cartesian axes

     q = (    0.216506351  -0.216506351   0.000000000 ) 

    1    1
  0.06738819  -0.00000000    -0.04819307   0.00000000     0.00000000   0.00000000
 -0.04819307   0.00000000     0.06738819  -0.00000000     0.00000000   0.00000000
  0.00000000   0.00000000     0.00000000   0.00000000     0.01081516   0.00000000
    1    2
 -0.00452337   0.00938954    -0.00167401  -0.00989630     0.00000000  -0.00000000
  0.00065211  -0.00949799     0.00063506   0.01106610    -0.00000000  -0.00000000
  0.00000000  -0.00000000     0.00000000  -0.00000000    -0.00371861  -0.00602330
    1    3
 -0.00452337  -0.00938954    -0.00167401   0.00989630     0.00000000  -0.00000000
  0.00065211   0.00949799     0.00063506  -0.01106610     0.00000000  -0.00000000
 -0.00000000  -0.00000000     0.00000000  -0.00000000    -0.00371861   0.00602330
    1    4
  0.00063506   0.01106610     0.00065211  -0.00949799     0.00000000  -0.00000000
 -0.00167401  -0.00989630    -0.00452337   0.00938954     0.00000000   0.00000000
  0.00000000   0.00000000     0.00000000   0.00000000    -0.00371861  -0.00602330
    1    5
  0.00063506  -0.01106610     0.00065211   0.00949799     0.00000000   0.00000000
 -0.00167401   0.00989630    -0.00452337  -0.00938954     0.00000000  -0.00000000
  0.00000000   0.00000000     0.00000000  -0.00000000    -0.00371861   0.00602330
    1    6
  0.00627955   0.00627955    -0.00464580  -0.00464580    -0.00261919   0.00261919
 -0.00464580  -0.00464580     0.00627955   0.00627955    -0.00261919   0.00261919
 -0.00444787   0.00444787    -0.00444787   0.00444787    -0.00248542  -0.00248542
    1    7
  0.00627955  -0.00627955    -0.00464580   0.00464580    -0.00261919  -0.00261919
 -0.00464580   0.00464580     0.00627955  -0.00627955    -0.00261919  -0.00261919
 -0.00444787  -0.00444787    -0.00444787  -0.00444787    -0.00248542   0.00248542
    2    1
 -0.00452337  -0.00938954     0.00065211   0.00949799     0.00000000   0.00000000
 -0.00167401   0.00989630     0.00063506  -0.01106610     0.00000000  -0.00000000
  0.00000000   0.00000000     0.00000000   0.00000000    -0.00371861   0.00602330
    2    2
  0.02437202   0.00000000    -0.00718696   0.01512677    -0.00000000   0.00000000
 -0.00718696  -0.01512677     0.07694306  -0.00000000    -0.00000000   0.00000000
 -0.00000000  -0.00000000     0.00000000  -0.00000000     0.02590702  -0.00000000
    2    3
  0.01064873   0.00930313     0.01075716  -0.01385431     0.00000000   0.00000000
  0.01075716  -0.01385431    -0.06549067  -0.02047578     0.00000000  -0.00000000
  0.00000000   0.00000000     0.00000000   0.00000000    -0.00924661  -0.01895543
    2    4
  0.00133751  -0.01764975    -0.00547683  -0.00000000    -0.00000000  -0.00000000
 -0.07285014  -0.00000000     0.00133751   0.01764975    -0.00000000  -0.00000000
  0.00000000   0.00000000     0.00000000   0.00000000    -0.00719001  -0.00000000
    2    5
 -0.01659285   0.01425050     0.00468489  -0.00470528     0.00000000  -0.00000000
  0.06755289   0.02033075    -0.01659285   0.01425050     0.00000000  -0.00000000
 -0.00000000  -0.00000000     0.00000000   0.00000000    -0.00331978   0.00733136
    2    6
 -0.00239087  -0.00780926     0.00037833   0.00217048     0.00179948  -0.00218603
 -0.00597460   0.00256753     0.00755695  -0.00118384     0.00054102   0.00045484
 -0.00521594  -0.02335785    -0.00122633   0.00854321     0.00466614  -0.00240606
    2    7
 -0.00780926   0.00239087     0.00217048  -0.00037833     0.00218603   0.00179948
  0.00256753   0.00597460    -0.00118384  -0.00755695    -0.00045484   0.00054102
  0.02335785  -0.00521594    -0.00854321  -0.00122633    -0.00240606  -0.00466614
    3    1
 -0.00452337   0.00938954     0.00065211  -0.00949799     0.00000000   0.00000000
 -0.00167401  -0.00989630     0.00063506   0.01106610     0.00000000   0.00000000
  0.00000000   0.00000000     0.00000000   0.00000000    -0.00371861  -0.00602330
    3    2
  0.01064873  -0.00930313     0.01075716   0.01385431    -0.00000000  -0.00000000
  0.01075716   0.01385431    -0.06549067   0.02047578     0.00000000  -0.00000000
  0.00000000  -0.00000000    -0.00000000  -0.00000000    -0.00924661   0.01895543
    3    3
  0.02437202  -0.00000000    -0.00718696  -0.01512677    -0.00000000   0.00000000
 -0.00718696   0.01512677     0.07694306  -0.00000000    -0.00000000   0.00000000
 -0.00000000   0.00000000     0.00000000   0.00000000     0.02590702   0.00000000
    3    4
 -0.01659285  -0.01425050     0.00468489   0.00470528    -0.00000000   0.00000000
  0.06755289  -0.02033075    -0.01659285  -0.01425050     0.00000000   0.00000000
 -0.00000000   0.00000000     0.00000000   0.00000000    -0.00331978  -0.00733136
    3    5
  0.00133751   0.01764975    -0.00547683   0.00000000    -0.00000000   0.00000000
 -0.07285014  -0.00000000     0.00133751  -0.01764975    -0.00000000   0.00000000
 -0.00000000   0.00000000    -0.00000000   0.00000000    -0.00719001  -0.00000000
    3    6
 -0.00780926  -0.00239087     0.00217048   0.00037833     0.00218603  -0.00179948
  0.00256753  -0.00597460    -0.00118384   0.00755695    -0.00045484  -0.00054102
  0.02335785   0.00521594    -0.00854321   0.00122633    -0.00240606   0.00466614
    3    7
 -0.00239087   0.00780926     0.00037833  -0.00217048     0.00179948   0.00218603
 -0.00597460  -0.00256753     0.00755695   0.00118384     0.00054102  -0.00045484
 -0.00521594   0.02335785    -0.00122633  -0.00854321     0.00466614   0.00240606
    4    1
  0.00063506  -0.01106610    -0.00167401   0.00989630     0.00000000  -0.00000000
  0.00065211   0.00949799    -0.00452337  -0.00938954     0.00000000  -0.00000000
  0.00000000  -0.00000000     0.00000000  -0.00000000    -0.00371861   0.00602330
    4    2
  0.00133751   0.01764975    -0.07285014   0.00000000     0.00000000   0.00000000
 -0.00547683   0.00000000     0.00133751  -0.01764975     0.00000000   0.00000000
 -0.00000000   0.00000000    -0.00000000   0.00000000    -0.00719001   0.00000000
    4    3
 -0.01659285   0.01425050     0.06755289   0.02033075     0.00000000  -0.00000000
  0.00468489  -0.00470528    -0.01659285   0.01425050     0.00000000  -0.00000000
  0.00000000   0.00000000     0.00000000  -0.00000000    -0.00331978   0.00733136
    4    4
  0.07694306  -0.00000000    -0.00718696  -0.01512677    -0.00000000   0.00000000
 -0.00718696   0.01512677     0.02437202   0.00000000    -0.00000000   0.00000000
 -0.00000000  -0.00000000    -0.00000000  -0.00000000     0.02590702  -0.00000000
    4    5
 -0.06549067  -0.02047578     0.01075716  -0.01385431     0.00000000  -0.00000000
  0.01075716  -0.01385431     0.01064873   0.00930313     0.00000000  -0.00000000
  0.00000000  -0.00000000     0.00000000  -0.00000000    -0.00924661  -0.01895543
    4    6
  0.00755695  -0.00118384    -0.00597460   0.00256753     0.00054102   0.00045484
  0.00037833   0.00217048    -0.00239087  -0.00780926     0.00179948  -0.00218603
 -0.00122633   0.00854321    -0.00521594  -0.02335785     0.00466614  -0.00240606
    4    7
 -0.00118384  -0.00755695     0.00256753   0.00597460    -0.00045484   0.00054102
  0.00217048  -0.00037833    -0.00780926   0.00239087     0.00218603   0.00179948
 -0.00854321  -0.00122633     0.02335785  -0.00521594    -0.00240606  -0.00466614
    5    1
  0.00063506   0.01106610    -0.00167401  -0.00989630     0.00000000   0.00000000
  0.00065211  -0.00949799    -0.00452337   0.00938954     0.00000000   0.00000000
  0.00000000   0.00000000     0.00000000   0.00000000    -0.00371861  -0.00602330
    5    2
 -0.01659285  -0.01425050     0.06755289  -0.02033075     0.00000000   0.00000000
  0.00468489   0.00470528    -0.01659285  -0.01425050     0.00000000   0.00000000
  0.00000000   0.00000000     0.00000000   0.00000000    -0.00331978  -0.00733136
    5    3
  0.00133751  -0.01764975    -0.07285014   0.00000000     0.00000000   0.00000000
 -0.00547683   0.00000000     0.00133751   0.01764975     0.00000000   0.00000000
  0.00000000   0.00000000     0.00000000   0.00000000    -0.00719001   0.00000000
    5    4
 -0.06549067   0.02047578     0.01075716   0.01385431     0.00000000  -0.00000000
  0.01075716   0.01385431     0.01064873  -0.00930313     0.00000000  -0.00000000
  0.00000000  -0.00000000     0.00000000  -0.00000000    -0.00924661   0.01895543
    5    5
  0.07694306  -0.00000000    -0.00718696   0.01512677    -0.00000000  -0.00000000
 -0.00718696  -0.01512677     0.02437202  -0.00000000    -0.00000000  -0.00000000
  0.00000000   0.00000000     0.00000000   0.00000000     0.02590702   0.00000000
    5    6
 -0.00118384   0.00755695     0.00256753  -0.00597460    -0.00045484  -0.00054102
  0.00217048   0.00037833    -0.00780926  -0.00239087     0.00218603  -0.00179948
 -0.00854321   0.00122633     0.02335785   0.00521594    -0.00240606   0.00466614
    5    7
  0.00755695   0.00118384    -0.00597460  -0.00256753     0.00054102  -0.00045484
  0.00037833  -0.00217048    -0.00239087   0.00780926     0.00179948   0.00218603
 -0.00122633  -0.00854321    -0.00521594   0.02335785     0.00466614   0.00240606
    6    1
  0.00627955  -0.00627955    -0.00464580   0.00464580    -0.00444787  -0.00444787
 -0.00464580   0.00464580     0.00627955  -0.00627955    -0.00444787  -0.00444787
 -0.00261919  -0.00261919    -0.00261919  -0.00261919    -0.00248542   0.00248542
    6    2
 -0.00239087   0.00780926    -0.00597460  -0.00256753    -0.00521594   0.02335785
  0.00037833  -0.00217048     0.00755695   0.00118384    -0.00122633  -0.00854321
  0.00179948   0.00218603     0.00054102  -0.00045484     0.00466614   0.00240606
    6    3
 -0.00780926   0.00239087     0.00256753   0.00597460     0.02335785  -0.00521594
  0.00217048  -0.00037833    -0.00118384  -0.00755695    -0.00854321  -0.00122633
  0.00218603   0.00179948    -0.00045484   0.00054102    -0.00240606  -0.00466614
    6    4
  0.00755695   0.00118384     0.00037833  -0.00217048    -0.00122633  -0.00854321
 -0.00597460  -0.00256753    -0.00239087   0.00780926    -0.00521594   0.02335785
  0.00054102  -0.00045484     0.00179948   0.00218603     0.00466614   0.00240606
    6    5
 -0.00118384  -0.00755695     0.00217048  -0.00037833    -0.00854321  -0.00122633
  0.00256753   0.00597460    -0.00780926   0.00239087     0.02335785  -0.00521594
 -0.00045484   0.00054102     0.00218603   0.00179948    -0.00240606  -0.00466614
    6    6
  0.03283481  -0.00000000    -0.01346140  -0.00000000     0.00000000   0.00451606
 -0.01346140  -0.00000000     0.03283481  -0.00000000     0.00000000   0.00451606
 -0.00000000  -0.00451606     0.00000000  -0.00451606     0.00817348   0.00000000
    6    7
 -0.00000000   0.01786920    -0.00000000  -0.00744979     0.00416299   0.00000000
 -0.00000000  -0.00744979    -0.00000000   0.01786920     0.00416299   0.00000000
  0.00416299   0.00000000     0.00416299   0.00000000     0.00000000  -0.00141253
    7    1
  0.00627955   0.00627955    -0.00464580  -0.00464580    -0.00444787   0.00444787
 -0.00464580  -0.00464580     0.00627955   0.00627955    -0.00444787   0.00444787
 -0.00261919   0.00261919    -0.00261919   0.00261919    -0.00248542  -0.00248542
    7    2
 -0.00780926  -0.00239087     0.00256753  -0.00597460     0.02335785   0.00521594
  0.00217048   0.00037833    -0.00118384   0.00755695    -0.00854321   0.00122633
  0.00218603  -0.00179948    -0.00045484  -0.00054102    -0.00240606   0.00466614
    7    3
 -0.00239087  -0.00780926    -0.00597460   0.00256753    -0.00521594  -0.02335785
  0.00037833   0.00217048     0.00755695  -0.00118384    -0.00122633   0.00854321
  0.00179948  -0.00218603     0.00054102   0.00045484     0.00466614  -0.00240606
    7    4
 -0.00118384   0.00755695     0.00217048   0.00037833    -0.00854321   0.00122633
  0.00256753  -0.00597460    -0.00780926  -0.00239087     0.02335785   0.00521594
 -0.00045484  -0.00054102     0.00218603  -0.00179948    -0.00240606   0.00466614
    7    5
  0.00755695  -0.00118384     0.00037833   0.00217048    -0.00122633   0.00854321
 -0.00597460   0.00256753    -0.00239087  -0.00780926    -0.00521594  -0.02335785
  0.00054102   0.00045484     0.00179948  -0.00218603     0.00466614  -0.00240606
    7    6
 -0.00000000  -0.01786920     0.00000000   0.00744979     0.00416299  -0.00000000
 -0.00000000   0.00744979    -0.00000000  -0.01786920     0.00416299  -0.00000000
  0.00416299  -0.00000000     0.00416299   0.00000000     0.00000000   0.00141253
    7    7
  0.03283481   0.00000000    -0.01346140   0.00000000     0.00000000  -0.00451606
 -0.01346140   0.00000000     0.03283481   0.00000000     0.00000000  -0.00451606
  0.00000000   0.00451606     0.00000000   0.00451606     0.00817348   0.00000000

     Dynamical  Matrix in cartesian axes

     q = (   -0.216506351  -0.216506351   0.000000000 ) 

    1    1
  0.06738819  -0.00000000     0.04819307  -0.00000000    -0.00000000   0.00000000
  0.04819307  -0.00000000     0.06738819  -0.00000000    -0.00000000   0.00000000
 -0.00000000   0.00000000    -0.00000000   0.00000000     0.01081516   0.00000000
    1    2
 -0.00452337  -0.00938954     0.00167401  -0.00989630     0.00000000  -0.00000000
 -0.00065211  -0.00949799     0.00063506  -0.01106610     0.00000000  -0.00000000
  0.00000000  -0.00000000     0.00000000  -0.00000000    -0.00371861   0.00602330
    1    3
 -0.00938954  -0.00452337    -0.00989630   0.00167401    -0.00000000   0.00000000
 -0.00949799  -0.00065211    -0.01106610   0.00063506    -0.00000000   0.00000000
 -0.00000000   0.00000000    -0.00000000   0.00000000     0.00602330  -0.00371861
    1    4
 -0.01106610   0.00063506    -0.00949799  -0.00065211    -0.00000000   0.00000000
 -0.00989630   0.00167401    -0.00938954  -0.00452337    -0.00000000   0.00000000
 -0.00000000   0.00000000    -0.00000000   0.00000000     0.00602330  -0.00371861
    1    5
  0.00063506  -0.01106610    -0.00065211  -0.00949799     0.00000000  -0.00000000
  0.00167401  -0.00989630    -0.00452337  -0.00938954     0.00000000  -0.00000000
  0.00000000  -0.00000000     0.00000000  -0.00000000    -0.00371861   0.00602330
    1    6
  0.00627955   0.00627955     0.00464580   0.00464580     0.00261919  -0.00261919
  0.00464580   0.00464580     0.00627955   0.00627955    -0.00261919   0.00261919
  0.00444787  -0.00444787    -0.00444787   0.00444787    -0.00248542  -0.00248542
    1    7
  0.00627955   0.00627955     0.00464580   0.00464580    -0.00261919   0.00261919
  0.00464580   0.00464580     0.00627955   0.00627955     0.00261919  -0.00261919
 -0.00444787   0.00444787     0.00444787  -0.00444787    -0.00248542  -0.00248542
    2    1
 -0.00452337   0.00938954    -0.00065211   0.00949799     0.00000000   0.00000000
  0.00167401   0.00989630     0.00063506   0.01106610     0.00000000   0.00000000
  0.00000000   0.00000000     0.00000000   0.00000000    -0.00371861  -0.00602330
    2    2
  0.02437202   0.00000000     0.00718696   0.01512677     0.00000000   0.00000000
  0.00718696  -0.01512677     0.07694306   0.00000000     0.00000000   0.00000000
  0.00000000   0.00000000     0.00000000   0.00000000     0.02590702  -0.00000000
    2    3
  0.00930313   0.01064873     0.01385431  -0.01075716     0.00000000   0.00000000
  0.01385431  -0.01075716    -0.02047578  -0.06549067     0.00000000   0.00000000
  0.00000000   0.00000000     0.00000000   0.00000000    -0.01895543  -0.00924661
    2    4
  0.01425050  -0.01659285     0.00470528  -0.00468489     0.00000000   0.00000000
 -0.02033075  -0.06755289     0.01425050  -0.01659285    -0.00000000   0.00000000
 -0.00000000   0.00000000    -0.00000000   0.00000000     0.00733136  -0.00331978
    2    5
  0.00133751   0.01764975     0.00547683   0.00000000    -0.00000000   0.00000000
  0.07285014   0.00000000     0.00133751  -0.01764975    -0.00000000   0.00000000
  0.00000000   0.00000000    -0.00000000   0.00000000    -0.00719001  -0.00000000
    2    6
 -0.00780926  -0.00239087    -0.00217048  -0.00037833    -0.00218603   0.00179948
 -0.00256753   0.00597460    -0.00118384   0.00755695    -0.00045484  -0.00054102
 -0.02335785  -0.00521594    -0.00854321   0.00122633    -0.00240606   0.00466614
    2    7
 -0.00780926  -0.00239087    -0.00217048  -0.00037833     0.00218603  -0.00179948
 -0.00256753   0.00597460    -0.00118384   0.00755695     0.00045484   0.00054102
  0.02335785   0.00521594     0.00854321  -0.00122633    -0.00240606   0.00466614
    3    1
 -0.00938954   0.00452337    -0.00949799   0.00065211    -0.00000000  -0.00000000
 -0.00989630  -0.00167401    -0.01106610  -0.00063506    -0.00000000  -0.00000000
 -0.00000000  -0.00000000    -0.00000000  -0.00000000     0.00602330   0.00371861
    3    2
  0.00930313  -0.01064873     0.01385431   0.01075716     0.00000000  -0.00000000
  0.01385431   0.01075716    -0.02047578   0.06549067     0.00000000  -0.00000000
  0.00000000   0.00000000     0.00000000  -0.00000000    -0.01895543   0.00924661
    3    3
  0.02437202   0.00000000     0.00718696  -0.01512677     0.00000000   0.00000000
  0.00718696   0.01512677     0.07694306  -0.00000000    -0.00000000   0.00000000
 -0.00000000   0.00000000     0.00000000   0.00000000     0.02590702   0.00000000
    3    4
  0.00133751  -0.01764975     0.00547683   0.00000000    -0.00000000   0.00000000
  0.07285014  -0.00000000     0.00133751   0.01764975    -0.00000000   0.00000000
  0.00000000   0.00000000    -0.00000000   0.00000000    -0.00719001   0.00000000
    3    5
  0.01425050   0.01659285     0.00470528   0.00468489    -0.00000000  -0.00000000
 -0.02033075   0.06755289     0.01425050   0.01659285    -0.00000000  -0.00000000
 -0.00000000   0.00000000    -0.00000000   0.00000000     0.00733136   0.00331978
    3    6
 -0.00780926   0.00239087    -0.00217048   0.00037833     0.00218603   0.00179948
 -0.00256753  -0.00597460    -0.00118384  -0.00755695     0.00045484  -0.00054102
  0.02335785  -0.00521594     0.00854321   0.00122633    -0.00240606  -0.00466614
    3    7
 -0.00780926   0.00239087    -0.00217048   0.00037833    -0.00218603  -0.00179948
 -0.00256753  -0.00597460    -0.00118384  -0.00755695    -0.00045484   0.00054102
 -0.02335785   0.00521594    -0.00854321  -0.00122633    -0.00240606  -0.00466614
    4    1
 -0.01106610  -0.00063506    -0.00989630  -0.00167401    -0.00000000  -0.00000000
 -0.00949799   0.00065211    -0.00938954   0.00452337    -0.00000000  -0.00000000
 -0.00000000  -0.00000000    -0.00000000  -0.00000000     0.00602330   0.00371861
    4    2
  0.01425050   0.01659285    -0.02033075   0.06755289    -0.00000000   0.00000000
  0.00470528   0.00468489     0.01425050   0.01659285    -0.00000000   0.00000000
 -0.00000000   0.00000000    -0.00000000   0.00000000     0.00733136   0.00331978
    4    3
  0.00133751   0.01764975     0.07285014   0.00000000    -0.00000000   0.00000000
  0.00547683   0.00000000     0.00133751  -0.01764975    -0.00000000   0.00000000
 -0.00000000   0.00000000    -0.00000000   0.00000000    -0.00719001   0.00000000
    4    4
  0.07694306  -0.00000000     0.00718696   0.01512677    -0.00000000   0.00000000
  0.00718696  -0.01512677     0.02437202   0.00000000    -0.00000000   0.00000000
 -0.00000000   0.00000000    -0.00000000   0.00000000     0.02590702   0.00000000
    4    5
 -0.02047578   0.06549067     0.01385431   0.01075716     0.00000000  -0.00000000
  0.01385431   0.01075716     0.00930313  -0.01064873     0.00000000  -0.00000000
  0.00000000  -0.00000000     0.00000000  -0.00000000    -0.01895543   0.00924661
    4    6
 -0.00118384  -0.00755695    -0.00256753  -0.00597460    -0.00045484   0.00054102
 -0.00217048   0.00037833    -0.00780926   0.00239087    -0.00218603  -0.00179948
 -0.00854321  -0.00122633    -0.02335785   0.00521594    -0.00240606  -0.00466614
    4    7
 -0.00118384  -0.00755695    -0.00256753  -0.00597460     0.00045484  -0.00054102
 -0.00217048   0.00037833    -0.00780926   0.00239087     0.00218603   0.00179948
  0.00854321   0.00122633     0.02335785  -0.00521594    -0.00240606  -0.00466614
    5    1
  0.00063506   0.01106610     0.00167401   0.00989630     0.00000000   0.00000000
 -0.00065211   0.00949799    -0.00452337   0.00938954     0.00000000   0.00000000
  0.00000000   0.00000000     0.00000000   0.00000000    -0.00371861  -0.00602330
    5    2
  0.00133751  -0.01764975     0.07285014   0.00000000    -0.00000000   0.00000000
  0.00547683   0.00000000     0.00133751   0.01764975    -0.00000000   0.00000000
 -0.00000000   0.00000000    -0.00000000   0.00000000    -0.00719001  -0.00000000
    5    3
  0.01425050  -0.01659285    -0.02033075  -0.06755289    -0.00000000   0.00000000
  0.00470528  -0.00468489     0.01425050  -0.01659285    -0.00000000   0.00000000
 -0.00000000   0.00000000     0.00000000   0.00000000     0.00733136  -0.00331978
    5    4
 -0.02047578  -0.06549067     0.01385431  -0.01075716     0.00000000   0.00000000
  0.01385431  -0.01075716     0.00930313   0.01064873     0.00000000   0.00000000
  0.00000000   0.00000000     0.00000000   0.00000000    -0.01895543  -0.00924661
    5    5
  0.07694306  -0.00000000     0.00718696  -0.01512677     0.00000000   0.00000000
  0.00718696   0.01512677     0.02437202  -0.00000000     0.00000000   0.00000000
 -0.00000000   0.00000000     0.00000000   0.00000000     0.02590702  -0.00000000
    5    6
 -0.00118384   0.00755695    -0.00256753   0.00597460     0.00045484   0.00054102
 -0.00217048  -0.00037833    -0.00780926  -0.00239087     0.00218603  -0.00179948
  0.00854321  -0.00122633     0.02335785   0.00521594    -0.00240606   0.00466614
    5    7
 -0.00118384   0.00755695    -0.00256753   0.00597460    -0.00045484  -0.00054102
 -0.00217048  -0.00037833    -0.00780926  -0.00239087    -0.00218603   0.00179948
 -0.00854321   0.00122633    -0.02335785  -0.00521594    -0.00240606   0.00466614
    6    1
  0.00627955  -0.00627955     0.00464580  -0.00464580     0.00444787   0.00444787
  0.00464580  -0.00464580     0.00627955  -0.00627955    -0.00444787  -0.00444787
  0.00261919   0.00261919    -0.00261919  -0.00261919    -0.00248542   0.00248542
    6    2
 -0.00780926   0.00239087    -0.00256753  -0.00597460    -0.02335785   0.00521594
 -0.00217048   0.00037833    -0.00118384  -0.00755695    -0.00854321  -0.00122633
 -0.00218603  -0.00179948    -0.00045484   0.00054102    -0.00240606  -0.00466614
    6    3
 -0.00780926  -0.00239087    -0.00256753   0.00597460     0.02335785   0.00521594
 -0.00217048  -0.00037833    -0.00118384   0.00755695     0.00854321  -0.00122633
  0.00218603  -0.00179948     0.00045484   0.00054102    -0.00240606   0.00466614
    6    4
 -0.00118384   0.00755695    -0.00217048  -0.00037833    -0.00854321   0.00122633
 -0.00256753   0.00597460    -0.00780926  -0.00239087    -0.02335785  -0.00521594
 -0.00045484  -0.00054102    -0.00218603   0.00179948    -0.00240606   0.00466614
    6    5
 -0.00118384  -0.00755695    -0.00217048   0.00037833     0.00854321   0.00122633
 -0.00256753  -0.00597460    -0.00780926   0.00239087     0.02335785  -0.00521594
  0.00045484  -0.00054102     0.00218603   0.00179948    -0.00240606  -0.00466614
    6    6
  0.03283481  -0.00000000     0.01346140   0.00000000    -0.00000000  -0.00451606
  0.01346140  -0.00000000     0.03283481   0.00000000    -0.00000000   0.00451606
 -0.00000000   0.00451606     0.00000000  -0.00451606     0.00817348  -0.00000000
    6    7
 -0.01786920  -0.00000000    -0.00744979   0.00000000    -0.00000000  -0.00416299
 -0.00744979  -0.00000000    -0.01786920  -0.00000000    -0.00000000   0.00416299
 -0.00000000  -0.00416299    -0.00000000   0.00416299     0.00141253   0.00000000
    7    1
  0.00627955  -0.00627955     0.00464580  -0.00464580    -0.00444787  -0.00444787
  0.00464580  -0.00464580     0.00627955  -0.00627955     0.00444787   0.00444787
 -0.00261919  -0.00261919     0.00261919   0.00261919    -0.00248542   0.00248542
    7    2
 -0.00780926   0.00239087    -0.00256753  -0.00597460     0.02335785  -0.00521594
 -0.00217048   0.00037833    -0.00118384  -0.00755695     0.00854321   0.00122633
  0.00218603   0.00179948     0.00045484  -0.00054102    -0.00240606  -0.00466614
    7    3
 -0.00780926  -0.00239087    -0.00256753   0.00597460    -0.02335785  -0.00521594
 -0.00217048  -0.00037833    -0.00118384   0.00755695    -0.00854321   0.00122633
 -0.00218603   0.00179948    -0.00045484  -0.00054102    -0.00240606   0.00466614
    7    4
 -0.00118384   0.00755695    -0.00217048  -0.00037833     0.00854321  -0.00122633
 -0.00256753   0.00597460    -0.00780926  -0.00239087     0.02335785   0.00521594
  0.00045484   0.00054102     0.00218603  -0.00179948    -0.00240606   0.00466614
    7    5
 -0.00118384  -0.00755695    -0.00217048   0.00037833    -0.00854321  -0.00122633
 -0.00256753  -0.00597460    -0.00780926   0.00239087    -0.02335785   0.00521594
 -0.00045484   0.00054102    -0.00218603  -0.00179948    -0.00240606  -0.00466614
    7    6
 -0.01786920   0.00000000    -0.00744979   0.00000000    -0.00000000   0.00416299
 -0.00744979  -0.00000000    -0.01786920   0.00000000    -0.00000000  -0.00416299
 -0.00000000   0.00416299    -0.00000000  -0.00416299     0.00141253   0.00000000
    7    7
  0.03283481   0.00000000     0.01346140  -0.00000000    -0.00000000   0.00451606
  0.01346140   0.00000000     0.03283481  -0.00000000    -0.00000000  -0.00451606
 -0.00000000  -0.00451606     0.00000000   0.00451606     0.00817348   0.00000000

     Dynamical  Matrix in cartesian axes

     q = (   -0.216506351   0.216506351   0.000000000 ) 

    1    1
  0.06738819  -0.00000000    -0.04819307   0.00000000     0.00000000   0.00000000
 -0.04819307   0.00000000     0.06738819  -0.00000000     0.00000000   0.00000000
  0.00000000   0.00000000     0.00000000   0.00000000     0.01081516   0.00000000
    1    2
 -0.00452337  -0.00938954    -0.00167401   0.00989630     0.00000000   0.00000000
  0.00065211   0.00949799     0.00063506  -0.01106610     0.00000000  -0.00000000
  0.00000000  -0.00000000     0.00000000  -0.00000000    -0.00371861   0.00602330
    1    3
 -0.00452337   0.00938954    -0.00167401  -0.00989630     0.00000000  -0.00000000
  0.00065211  -0.00949799     0.00063506   0.01106610     0.00000000   0.00000000
  0.00000000   0.00000000     0.00000000   0.00000000    -0.00371861  -0.00602330
    1    4
  0.00063506  -0.01106610     0.00065211   0.00949799     0.00000000   0.00000000
 -0.00167401   0.00989630    -0.00452337  -0.00938954     0.00000000  -0.00000000
  0.00000000   0.00000000     0.00000000  -0.00000000    -0.00371861   0.00602330
    1    5
  0.00063506   0.01106610     0.00065211  -0.00949799     0.00000000  -0.00000000
 -0.00167401  -0.00989630    -0.00452337   0.00938954     0.00000000  -0.00000000
  0.00000000  -0.00000000     0.00000000  -0.00000000    -0.00371861  -0.00602330
    1    6
  0.00627955  -0.00627955    -0.00464580   0.00464580    -0.00261919  -0.00261919
 -0.00464580   0.00464580     0.00627955  -0.00627955    -0.00261919  -0.00261919
 -0.00444787  -0.00444787    -0.00444787  -0.00444787    -0.00248542   0.00248542
    1    7
  0.00627955   0.00627955    -0.00464580  -0.00464580    -0.00261919   0.00261919
 -0.00464580  -0.00464580     0.00627955   0.00627955    -0.00261919   0.00261919
