  5.000000000000000E-002   1.25977579764806        2.43615232611498     
          12

     Dynamical  Matrix in cartesian axes

     q = (   -0.866025404  -0.216506351  -0.216506351 ) 

    1    1
  0.03256862   0.00000000     0.00000000  -0.00000000    -0.00000000  -0.00000000
  0.00000000  -0.00000000     0.14585789   0.00000000     0.00337098   0.00000000
 -0.00000000  -0.00000000     0.00337098   0.00000000     0.14585789   0.00000000
    1    2
  0.00000000  -0.00000000    -0.00718087   0.00718087    -0.00718087   0.00718087
 -0.01798030   0.01798030     0.00418383   0.00418383    -0.01436769  -0.01436769
 -0.01798030   0.01798030     0.01436769   0.01436769    -0.00418383  -0.00418383
    1    3
  0.00000000  -0.00000000    -0.00718087   0.00718087    -0.00718087   0.00718087
 -0.01798030   0.01798030    -0.00418383  -0.00418383     0.01436769   0.01436769
 -0.01798030   0.01798030    -0.01436769  -0.01436769     0.00418383   0.00418383
    1    4
 -0.00570867   0.00762892    -0.00000000  -0.00000000    -0.00000000   0.00000000
  0.00000000  -0.00000000    -0.01399691   0.01178076    -0.02317087  -0.01125967
 -0.00000000   0.00000000     0.02731290   0.05347603     0.01908423  -0.00767013
    1    5
 -0.00762892   0.00570867     0.00000000   0.00000000    -0.00000000   0.00000000
  0.00000000  -0.00000000    -0.01178076   0.01399691     0.01125967   0.02317087
  0.00000000   0.00000000    -0.05347603  -0.02731290     0.00767013  -0.01908423
    1    6
 -0.00762892   0.00570867    -0.00000000   0.00000000    -0.00000000  -0.00000000
  0.00000000   0.00000000     0.00767013  -0.01908423    -0.05347603  -0.02731290
  0.00000000  -0.00000000     0.01125967   0.02317087    -0.01178076   0.01399691
    1    7
 -0.00570867   0.00762892     0.00000000   0.00000000     0.00000000   0.00000000
 -0.00000000  -0.00000000     0.01908423  -0.00767013     0.02731290   0.05347603
  0.00000000  -0.00000000    -0.02317087  -0.01125967    -0.01399691   0.01178076
    2    1
  0.00000000   0.00000000    -0.01798030  -0.01798030    -0.01798030  -0.01798030
 -0.00718087  -0.00718087     0.00418383  -0.00418383     0.01436769  -0.01436769
 -0.00718087  -0.00718087    -0.01436769   0.01436769    -0.00418383   0.00418383
    2    2
  0.01899398  -0.00000000    -0.00000000  -0.00225192    -0.00000000   0.00225192
 -0.00000000   0.00225192     0.03765618   0.00000000    -0.00179579   0.00000000
 -0.00000000  -0.00225192    -0.00179579   0.00000000     0.03765618   0.00000000
    2    3
  0.00318086   0.00000000     0.00000000   0.00562338    -0.00000000  -0.00562338
  0.00000000   0.00562338     0.01320896  -0.00000000    -0.00765212   0.00000000
 -0.00000000  -0.00562338    -0.00765212   0.00000000     0.01320896  -0.00000000
    2    4
  0.00270743   0.00096808     0.00850703  -0.00988855    -0.00182828   0.00275625
  0.02436567  -0.00008906     0.01728732  -0.00050331     0.00129991  -0.00479268
 -0.00565207   0.00155700     0.00533533  -0.00490306     0.00488229  -0.00119601
    2    5
 -0.00270743   0.00096808     0.00850703   0.00988855    -0.00182828  -0.00275625
  0.02436567   0.00008906    -0.01728732  -0.00050331    -0.00129991  -0.00479268
 -0.00565207  -0.00155700    -0.00533533  -0.00490306    -0.00488229  -0.00119601
    2    6
  0.00270743  -0.00096808    -0.00182828  -0.00275625     0.00850703   0.00988855
 -0.00565207  -0.00155700     0.00488229   0.00119601     0.00533533   0.00490306
  0.02436567   0.00008906     0.00129991   0.00479268     0.01728732   0.00050331
    2    7
 -0.00270743  -0.00096808    -0.00182828   0.00275625     0.00850703  -0.00988855
 -0.00565207   0.00155700    -0.00488229   0.00119601    -0.00533533   0.00490306
  0.02436567  -0.00008906    -0.00129991   0.00479268    -0.01728732   0.00050331
    3    1
  0.00000000   0.00000000    -0.01798030  -0.01798030    -0.01798030  -0.01798030
 -0.00718087  -0.00718087    -0.00418383   0.00418383    -0.01436769   0.01436769
 -0.00718087  -0.00718087     0.01436769  -0.01436769     0.00418383  -0.00418383
    3    2
  0.00318086   0.00000000     0.00000000  -0.00562338    -0.00000000   0.00562338
  0.00000000  -0.00562338     0.01320896   0.00000000    -0.00765212  -0.00000000
 -0.00000000   0.00562338    -0.00765212  -0.00000000     0.01320896   0.00000000
    3    3
  0.01899398   0.00000000    -0.00000000   0.00225192    -0.00000000  -0.00225192
  0.00000000  -0.00225192     0.03765618   0.00000000    -0.00179579   0.00000000
 -0.00000000   0.00225192    -0.00179579   0.00000000     0.03765618   0.00000000
    3    4
 -0.00270743  -0.00096808     0.00850703  -0.00988855    -0.00182828   0.00275625
  0.02436567  -0.00008906    -0.01728732   0.00050331    -0.00129991   0.00479268
 -0.00565207   0.00155700    -0.00533533   0.00490306    -0.00488229   0.00119601
    3    5
  0.00270743  -0.00096808     0.00850703   0.00988855    -0.00182828  -0.00275625
  0.02436567   0.00008906     0.01728732   0.00050331     0.00129991   0.00479268
 -0.00565207  -0.00155700     0.00533533   0.00490306     0.00488229   0.00119601
    3    6
 -0.00270743   0.00096808    -0.00182828  -0.00275625     0.00850703   0.00988855
 -0.00565207  -0.00155700    -0.00488229  -0.00119601    -0.00533533  -0.00490306
  0.02436567   0.00008906    -0.00129991  -0.00479268    -0.01728732  -0.00050331
    3    7
  0.00270743   0.00096808    -0.00182828   0.00275625     0.00850703  -0.00988855
 -0.00565207   0.00155700     0.00488229  -0.00119601     0.00533533  -0.00490306
  0.02436567  -0.00008906     0.00129991  -0.00479268     0.01728732  -0.00050331
    4    1
 -0.00570867  -0.00762892     0.00000000   0.00000000    -0.00000000   0.00000000
  0.00000000   0.00000000    -0.01399691  -0.01178076     0.02731290  -0.05347603
 -0.00000000  -0.00000000    -0.02317087   0.01125967     0.01908423   0.00767013
    4    2
  0.00270743  -0.00096808     0.02436567   0.00008906    -0.00565207  -0.00155700
  0.00850703   0.00988855     0.01728732   0.00050331     0.00533533   0.00490306
 -0.00182828  -0.00275625     0.00129991   0.00479268     0.00488229   0.00119601
    4    3
 -0.00270743   0.00096808     0.02436567   0.00008906    -0.00565207  -0.00155700
  0.00850703   0.00988855    -0.01728732  -0.00050331    -0.00533533  -0.00490306
 -0.00182828  -0.00275625    -0.00129991  -0.00479268    -0.00488229  -0.00119601
    4    4
  0.03109032   0.00000000     0.00000000  -0.00000000    -0.00000000   0.00000000
  0.00000000   0.00000000     0.05608659   0.00000000     0.00170832  -0.00793923
 -0.00000000  -0.00000000     0.00170832   0.00793923     0.04569286   0.00000000
    4    5
  0.02100297  -0.00200211     0.00000000   0.00000000     0.00000000  -0.00000000
  0.00000000   0.00000000    -0.02475361   0.00097395    -0.00454305  -0.01307390
  0.00000000  -0.00000000    -0.00454305  -0.01307390    -0.00371587   0.01397532
    4    6
 -0.00821780  -0.00413262    -0.00000000  -0.00000000    -0.00000000  -0.00000000
 -0.00000000  -0.00000000     0.01147533   0.00866689     0.01254419   0.02119566
 -0.00000000  -0.00000000    -0.00029606   0.03522716     0.01147533   0.00866689
    4    7
 -0.00721239   0.00000000     0.00000000  -0.00000000     0.00000000   0.00000000
  0.00000000  -0.00000000    -0.02294791   0.00432611    -0.00434046   0.00000000
  0.00000000   0.00000000     0.01990383  -0.00000000    -0.02294791  -0.00432611
    5    1
 -0.00762892  -0.00570867     0.00000000   0.00000000     0.00000000  -0.00000000
  0.00000000  -0.00000000    -0.01178076  -0.01399691    -0.05347603   0.02731290
  0.00000000  -0.00000000     0.01125967  -0.02317087     0.00767013   0.01908423
    5    2
 -0.00270743  -0.00096808     0.02436567  -0.00008906    -0.00565207   0.00155700
  0.00850703  -0.00988855    -0.01728732   0.00050331    -0.00533533   0.00490306
 -0.00182828   0.00275625    -0.00129991   0.00479268    -0.00488229   0.00119601
    5    3
  0.00270743   0.00096808     0.02436567  -0.00008906    -0.00565207   0.00155700
  0.00850703  -0.00988855     0.01728732  -0.00050331     0.00533533  -0.00490306
 -0.00182828   0.00275625     0.00129991  -0.00479268     0.00488229  -0.00119601
    5    4
  0.02100297   0.00200211     0.00000000  -0.00000000     0.00000000   0.00000000
  0.00000000  -0.00000000    -0.02475361  -0.00097395    -0.00454305   0.01307390
  0.00000000   0.00000000    -0.00454305   0.01307390    -0.00371587  -0.01397532
    5    5
  0.03109032  -0.00000000     0.00000000   0.00000000    -0.00000000   0.00000000
  0.00000000  -0.00000000     0.05608659  -0.00000000     0.00170832   0.00793923
 -0.00000000   0.00000000     0.00170832  -0.00793923     0.04569286   0.00000000
    5    6
 -0.00721239  -0.00000000    -0.00000000   0.00000000     0.00000000  -0.00000000
  0.00000000   0.00000000    -0.02294791  -0.00432611    -0.00434046  -0.00000000
  0.00000000  -0.00000000     0.01990383   0.00000000    -0.02294791   0.00432611
    5    7
 -0.00821780   0.00413262     0.00000000   0.00000000    -0.00000000   0.00000000
 -0.00000000   0.00000000     0.01147533  -0.00866689     0.01254419  -0.02119566
 -0.00000000   0.00000000    -0.00029606  -0.03522716     0.01147533  -0.00866689
    6    1
 -0.00762892  -0.00570867     0.00000000  -0.00000000     0.00000000   0.00000000
  0.00000000  -0.00000000     0.00767013   0.01908423     0.01125967  -0.02317087
  0.00000000   0.00000000    -0.05347603   0.02731290    -0.01178076  -0.01399691
    6    2
  0.00270743   0.00096808    -0.00565207   0.00155700     0.02436567  -0.00008906
 -0.00182828   0.00275625     0.00488229  -0.00119601     0.00129991  -0.00479268
  0.00850703  -0.00988855     0.00533533  -0.00490306     0.01728732  -0.00050331
    6    3
 -0.00270743  -0.00096808    -0.00565207   0.00155700     0.02436567  -0.00008906
 -0.00182828   0.00275625    -0.00488229   0.00119601    -0.00129991   0.00479268
  0.00850703  -0.00988855    -0.00533533   0.00490306    -0.01728732   0.00050331
    6    4
 -0.00821780   0.00413262    -0.00000000   0.00000000    -0.00000000   0.00000000
  0.00000000   0.00000000     0.01147533  -0.00866689    -0.00029606  -0.03522716
 -0.00000000   0.00000000     0.01254419  -0.02119566     0.01147533  -0.00866689
    6    5
 -0.00721239   0.00000000     0.00000000  -0.00000000     0.00000000   0.00000000
  0.00000000  -0.00000000    -0.02294791   0.00432611     0.01990383  -0.00000000
  0.00000000   0.00000000    -0.00434046   0.00000000    -0.02294791  -0.00432611
    6    6
  0.03109032  -0.00000000     0.00000000  -0.00000000    -0.00000000   0.00000000
  0.00000000   0.00000000     0.04569286  -0.00000000     0.00170832  -0.00793923
 -0.00000000  -0.00000000     0.00170832   0.00793923     0.05608659  -0.00000000
    6    7
  0.02100297   0.00200211    -0.00000000   0.00000000     0.00000000   0.00000000
  0.00000000   0.00000000    -0.00371587  -0.01397532    -0.00454305   0.01307390
  0.00000000   0.00000000    -0.00454305   0.01307390    -0.02475361  -0.00097395
    7    1
 -0.00570867  -0.00762892    -0.00000000   0.00000000     0.00000000   0.00000000
 -0.00000000  -0.00000000     0.01908423   0.00767013    -0.02317087   0.01125967
  0.00000000   0.00000000     0.02731290  -0.05347603    -0.01399691  -0.01178076
    7    2
 -0.00270743   0.00096808    -0.00565207  -0.00155700     0.02436567   0.00008906
 -0.00182828  -0.00275625    -0.00488229  -0.00119601    -0.00129991  -0.00479268
  0.00850703   0.00988855    -0.00533533  -0.00490306    -0.01728732  -0.00050331
    7    3
  0.00270743  -0.00096808    -0.00565207  -0.00155700     0.02436567   0.00008906
 -0.00182828  -0.00275625     0.00488229   0.00119601     0.00129991   0.00479268
  0.00850703   0.00988855     0.00533533   0.00490306     0.01728732   0.00050331
    7    4
 -0.00721239  -0.00000000     0.00000000   0.00000000     0.00000000  -0.00000000
 -0.00000000  -0.00000000    -0.02294791  -0.00432611     0.01990383   0.00000000
  0.00000000  -0.00000000    -0.00434046  -0.00000000    -0.02294791   0.00432611
    7    5
 -0.00821780  -0.00413262    -0.00000000  -0.00000000    -0.00000000  -0.00000000
 -0.00000000  -0.00000000     0.01147533   0.00866689    -0.00029606   0.03522716
 -0.00000000  -0.00000000     0.01254419   0.02119566     0.01147533   0.00866689
    7    6
  0.02100297  -0.00200211     0.00000000   0.00000000     0.00000000  -0.00000000
  0.00000000   0.00000000    -0.00371587   0.01397532    -0.00454305  -0.01307390
  0.00000000  -0.00000000    -0.00454305  -0.01307390    -0.02475361   0.00097395
    7    7
  0.03109032   0.00000000     0.00000000   0.00000000    -0.00000000  -0.00000000
  0.00000000  -0.00000000     0.04569286   0.00000000     0.00170832   0.00793923
 -0.00000000   0.00000000     0.00170832  -0.00793923     0.05608659   0.00000000

     Dynamical  Matrix in cartesian axes

     q = (   -0.216506351   0.866025404  -0.216506351 ) 

    1    1
  0.14585789   0.00000000     0.00000000  -0.00000000     0.00337098   0.00000000
  0.00000000  -0.00000000     0.03256862   0.00000000    -0.00000000  -0.00000000
  0.00337098   0.00000000    -0.00000000  -0.00000000     0.14585789   0.00000000
    1    2
 -0.01178076   0.01399691     0.00000000  -0.00000000     0.01125967   0.02317087
  0.00000000   0.00000000    -0.00762892   0.00570867     0.00000000   0.00000000
 -0.05347603  -0.02731290     0.00000000   0.00000000     0.00767013  -0.01908423
    1    3
 -0.01399691   0.01178076     0.00000000  -0.00000000    -0.02317087  -0.01125967
 -0.00000000  -0.00000000    -0.00570867   0.00762892    -0.00000000  -0.00000000
  0.02731290   0.05347603    -0.00000000  -0.00000000     0.01908423  -0.00767013
    1    4
 -0.00418383  -0.00418383    -0.01798030   0.01798030     0.01436769   0.01436769
 -0.00718087   0.00718087     0.00000000  -0.00000000    -0.00718087   0.00718087
 -0.01436769  -0.01436769    -0.01798030   0.01798030     0.00418383   0.00418383
    1    5
  0.00418383   0.00418383    -0.01798030   0.01798030    -0.01436769  -0.01436769
 -0.00718087   0.00718087     0.00000000  -0.00000000    -0.00718087   0.00718087
  0.01436769   0.01436769    -0.01798030   0.01798030    -0.00418383  -0.00418383
    1    6
  0.01908423  -0.00767013    -0.00000000  -0.00000000     0.02731290   0.05347603
  0.00000000   0.00000000    -0.00570867   0.00762892     0.00000000  -0.00000000
 -0.02317087  -0.01125967     0.00000000  -0.00000000    -0.01399691   0.01178076
    1    7
  0.00767013  -0.01908423     0.00000000   0.00000000    -0.05347603  -0.02731290
  0.00000000   0.00000000    -0.00762892   0.00570867     0.00000000   0.00000000
  0.01125967   0.02317087     0.00000000  -0.00000000    -0.01178076   0.01399691
    2    1
 -0.01178076  -0.01399691     0.00000000  -0.00000000    -0.05347603   0.02731290
  0.00000000   0.00000000    -0.00762892  -0.00570867     0.00000000  -0.00000000
  0.01125967  -0.02317087    -0.00000000  -0.00000000     0.00767013   0.01908423
    2    2
  0.05608659  -0.00000000     0.00000000  -0.00000000     0.00170832   0.00793923
 -0.00000000   0.00000000     0.03109032  -0.00000000    -0.00000000  -0.00000000
  0.00170832  -0.00793923    -0.00000000   0.00000000     0.04569286  -0.00000000
    2    3
 -0.02475361  -0.00097395     0.00000000  -0.00000000    -0.00454305   0.01307390
  0.00000000  -0.00000000     0.02100297   0.00200211     0.00000000   0.00000000
 -0.00454305   0.01307390     0.00000000   0.00000000    -0.00371587  -0.01397532
    2    4
  0.01728732  -0.00050331     0.00850703  -0.00988855     0.00533533  -0.00490306
  0.02436567  -0.00008906     0.00270743   0.00096808    -0.00565207   0.00155700
  0.00129991  -0.00479268    -0.00182828   0.00275625     0.00488229  -0.00119601
    2    5
 -0.01728732   0.00050331     0.00850703  -0.00988855    -0.00533533   0.00490306
  0.02436567  -0.00008906    -0.00270743  -0.00096808    -0.00565207   0.00155700
 -0.00129991   0.00479268    -0.00182828   0.00275625    -0.00488229   0.00119601
    2    6
  0.01147533  -0.00866689    -0.00000000   0.00000000     0.01254419  -0.02119566
 -0.00000000   0.00000000    -0.00821780   0.00413262    -0.00000000   0.00000000
 -0.00029606  -0.03522716    -0.00000000  -0.00000000     0.01147533  -0.00866689
    2    7
 -0.02294791  -0.00432611     0.00000000   0.00000000    -0.00434046   0.00000000
 -0.00000000   0.00000000    -0.00721239   0.00000000     0.00000000  -0.00000000
  0.01990383  -0.00000000     0.00000000  -0.00000000    -0.02294791   0.00432611
    3    1
 -0.01399691  -0.01178076     0.00000000   0.00000000     0.02731290  -0.05347603
  0.00000000   0.00000000    -0.00570867  -0.00762892    -0.00000000   0.00000000
 -0.02317087   0.01125967     0.00000000  -0.00000000     0.01908423   0.00767013
    3    2
 -0.02475361   0.00097395     0.00000000   0.00000000    -0.00454305  -0.01307390
  0.00000000   0.00000000     0.02100297  -0.00200211     0.00000000  -0.00000000
 -0.00454305  -0.01307390     0.00000000  -0.00000000    -0.00371587   0.01397532
    3    3
  0.05608659   0.00000000     0.00000000   0.00000000     0.00170832  -0.00793923
  0.00000000  -0.00000000     0.03109032   0.00000000    -0.00000000   0.00000000
  0.00170832   0.00793923    -0.00000000  -0.00000000     0.04569286  -0.00000000
    3    4
 -0.01728732  -0.00050331     0.00850703   0.00988855    -0.00533533  -0.00490306
  0.02436567   0.00008906    -0.00270743   0.00096808    -0.00565207  -0.00155700
 -0.00129991  -0.00479268    -0.00182828  -0.00275625    -0.00488229  -0.00119601
    3    5
  0.01728732   0.00050331     0.00850703   0.00988855     0.00533533   0.00490306
  0.02436567   0.00008906     0.00270743  -0.00096808    -0.00565207  -0.00155700
  0.00129991   0.00479268    -0.00182828  -0.00275625     0.00488229   0.00119601
    3    6
 -0.02294791   0.00432611     0.00000000  -0.00000000    -0.00434046   0.00000000
  0.00000000  -0.00000000    -0.00721239   0.00000000     0.00000000   0.00000000
  0.01990383  -0.00000000     0.00000000   0.00000000    -0.02294791  -0.00432611
    3    7
  0.01147533   0.00866689    -0.00000000  -0.00000000     0.01254419   0.02119566
  0.00000000  -0.00000000    -0.00821780  -0.00413262    -0.00000000  -0.00000000
 -0.00029606   0.03522716    -0.00000000  -0.00000000     0.01147533   0.00866689
    4    1
 -0.00418383   0.00418383    -0.00718087  -0.00718087    -0.01436769   0.01436769
 -0.01798030  -0.01798030     0.00000000   0.00000000    -0.01798030  -0.01798030
  0.01436769  -0.01436769    -0.00718087  -0.00718087     0.00418383  -0.00418383
    4    2
  0.01728732   0.00050331     0.02436567   0.00008906     0.00129991   0.00479268
  0.00850703   0.00988855     0.00270743  -0.00096808    -0.00182828  -0.00275625
  0.00533533   0.00490306    -0.00565207  -0.00155700     0.00488229   0.00119601
    4    3
 -0.01728732   0.00050331     0.02436567  -0.00008906    -0.00129991   0.00479268
  0.00850703  -0.00988855    -0.00270743  -0.00096808    -0.00182828   0.00275625
 -0.00533533   0.00490306    -0.00565207   0.00155700    -0.00488229   0.00119601
    4    4
  0.03765618   0.00000000     0.00000000  -0.00225192    -0.00179579   0.00000000
 -0.00000000   0.00225192     0.01899398  -0.00000000    -0.00000000  -0.00225192
 -0.00179579   0.00000000    -0.00000000   0.00225192     0.03765618  -0.00000000
    4    5
  0.01320896  -0.00000000    -0.00000000  -0.00562338    -0.00765212   0.00000000
 -0.00000000  -0.00562338     0.00318086  -0.00000000    -0.00000000   0.00562338
 -0.00765212   0.00000000    -0.00000000   0.00562338     0.01320896  -0.00000000
    4    6
  0.00488229  -0.00119601    -0.00565207   0.00155700     0.00533533  -0.00490306
 -0.00182828   0.00275625     0.00270743   0.00096808     0.00850703  -0.00988855
  0.00129991  -0.00479268     0.02436567  -0.00008906     0.01728732  -0.00050331
    4    7
 -0.00488229  -0.00119601    -0.00565207  -0.00155700    -0.00533533  -0.00490306
 -0.00182828  -0.00275625    -0.00270743   0.00096808     0.00850703   0.00988855
 -0.00129991  -0.00479268     0.02436567   0.00008906    -0.01728732  -0.00050331
    5    1
  0.00418383  -0.00418383    -0.00718087  -0.00718087     0.01436769  -0.01436769
 -0.01798030  -0.01798030     0.00000000   0.00000000    -0.01798030  -0.01798030
 -0.01436769   0.01436769    -0.00718087  -0.00718087    -0.00418383   0.00418383
    5    2
 -0.01728732  -0.00050331     0.02436567   0.00008906    -0.00129991  -0.00479268
  0.00850703   0.00988855    -0.00270743   0.00096808    -0.00182828  -0.00275625
 -0.00533533  -0.00490306    -0.00565207  -0.00155700    -0.00488229  -0.00119601
    5    3
  0.01728732  -0.00050331     0.02436567  -0.00008906     0.00129991  -0.00479268
  0.00850703  -0.00988855     0.00270743   0.00096808    -0.00182828   0.00275625
  0.00533533  -0.00490306    -0.00565207   0.00155700     0.00488229  -0.00119601
    5    4
  0.01320896   0.00000000    -0.00000000   0.00562338    -0.00765212  -0.00000000
 -0.00000000   0.00562338     0.00318086   0.00000000    -0.00000000  -0.00562338
 -0.00765212  -0.00000000    -0.00000000  -0.00562338     0.01320896   0.00000000
    5    5
  0.03765618  -0.00000000    -0.00000000   0.00225192    -0.00179579   0.00000000
 -0.00000000  -0.00225192     0.01899398   0.00000000    -0.00000000   0.00225192
 -0.00179579   0.00000000    -0.00000000  -0.00225192     0.03765618   0.00000000
    5    6
 -0.00488229   0.00119601    -0.00565207   0.00155700    -0.00533533   0.00490306
 -0.00182828   0.00275625    -0.00270743  -0.00096808     0.00850703  -0.00988855
 -0.00129991   0.00479268     0.02436567  -0.00008906    -0.01728732   0.00050331
    5    7
  0.00488229   0.00119601    -0.00565207  -0.00155700     0.00533533   0.00490306
 -0.00182828  -0.00275625     0.00270743  -0.00096808     0.00850703   0.00988855
  0.00129991   0.00479268     0.02436567   0.00008906     0.01728732   0.00050331
    6    1
  0.01908423   0.00767013    -0.00000000  -0.00000000    -0.02317087   0.01125967
 -0.00000000   0.00000000    -0.00570867  -0.00762892     0.00000000   0.00000000
  0.02731290  -0.05347603     0.00000000   0.00000000    -0.01399691  -0.01178076
    6    2
  0.01147533   0.00866689    -0.00000000  -0.00000000    -0.00029606   0.03522716
 -0.00000000  -0.00000000    -0.00821780  -0.00413262    -0.00000000   0.00000000
  0.01254419   0.02119566    -0.00000000  -0.00000000     0.01147533   0.00866689
    6    3
 -0.02294791  -0.00432611     0.00000000   0.00000000     0.01990383   0.00000000
  0.00000000   0.00000000    -0.00721239  -0.00000000     0.00000000  -0.00000000
 -0.00434046  -0.00000000     0.00000000  -0.00000000    -0.02294791   0.00432611
    6    4
  0.00488229   0.00119601    -0.00182828  -0.00275625     0.00129991   0.00479268
 -0.00565207  -0.00155700     0.00270743  -0.00096808     0.02436567   0.00008906
  0.00533533   0.00490306     0.00850703   0.00988855     0.01728732   0.00050331
    6    5
 -0.00488229  -0.00119601    -0.00182828  -0.00275625    -0.00129991  -0.00479268
 -0.00565207  -0.00155700    -0.00270743   0.00096808     0.02436567   0.00008906
 -0.00533533  -0.00490306     0.00850703   0.00988855    -0.01728732  -0.00050331
    6    6
  0.04569286   0.00000000     0.00000000  -0.00000000     0.00170832   0.00793923
  0.00000000   0.00000000     0.03109032   0.00000000    -0.00000000  -0.00000000
  0.00170832  -0.00793923    -0.00000000   0.00000000     0.05608659   0.00000000
    6    7
 -0.00371587   0.01397532    -0.00000000   0.00000000    -0.00454305  -0.01307390
 -0.00000000   0.00000000     0.02100297  -0.00200211     0.00000000   0.00000000
 -0.00454305  -0.01307390     0.00000000  -0.00000000    -0.02475361   0.00097395
    7    1
  0.00767013   0.01908423     0.00000000   0.00000000     0.01125967  -0.02317087
  0.00000000  -0.00000000    -0.00762892  -0.00570867     0.00000000   0.00000000
 -0.05347603   0.02731290     0.00000000   0.00000000    -0.01178076  -0.01399691
    7    2
 -0.02294791   0.00432611    -0.00000000  -0.00000000     0.01990383   0.00000000
 -0.00000000  -0.00000000    -0.00721239  -0.00000000     0.00000000   0.00000000
 -0.00434046  -0.00000000     0.00000000   0.00000000    -0.02294791  -0.00432611
    7    3
  0.01147533  -0.00866689    -0.00000000   0.00000000    -0.00029606  -0.03522716
 -0.00000000   0.00000000    -0.00821780   0.00413262    -0.00000000   0.00000000
  0.01254419  -0.02119566    -0.00000000   0.00000000     0.01147533  -0.00866689
    7    4
 -0.00488229   0.00119601    -0.00182828   0.00275625    -0.00129991   0.00479268
 -0.00565207   0.00155700    -0.00270743  -0.00096808     0.02436567  -0.00008906
 -0.00533533   0.00490306     0.00850703  -0.00988855    -0.01728732   0.00050331
    7    5
  0.00488229  -0.00119601    -0.00182828   0.00275625     0.00129991  -0.00479268
 -0.00565207   0.00155700     0.00270743   0.00096808     0.02436567  -0.00008906
  0.00533533  -0.00490306     0.00850703  -0.00988855     0.01728732  -0.00050331
    7    6
 -0.00371587  -0.01397532    -0.00000000   0.00000000    -0.00454305   0.01307390
 -0.00000000  -0.00000000     0.02100297   0.00200211     0.00000000   0.00000000
 -0.00454305   0.01307390     0.00000000   0.00000000    -0.02475361  -0.00097395
    7    7
  0.04569286   0.00000000     0.00000000   0.00000000     0.00170832  -0.00793923
  0.00000000  -0.00000000     0.03109032  -0.00000000    -0.00000000   0.00000000
  0.00170832   0.00793923    -0.00000000  -0.00000000     0.05608659  -0.00000000

     Dynamical  Matrix in cartesian axes

     q = (    0.216506351   0.866025404  -0.216506351 ) 

    1    1
  0.14585789   0.00000000     0.00000000   0.00000000    -0.00337098  -0.00000000
  0.00000000   0.00000000     0.03256862   0.00000000    -0.00000000   0.00000000
 -0.00337098  -0.00000000    -0.00000000   0.00000000     0.14585789   0.00000000
    1    2
  0.01399691  -0.01178076    -0.00000000   0.00000000    -0.02317087  -0.01125967
 -0.00000000   0.00000000     0.00570867  -0.00762892     0.00000000   0.00000000
  0.02731290   0.05347603     0.00000000   0.00000000    -0.01908423   0.00767013
    1    3
 -0.01399691  -0.01178076     0.00000000   0.00000000     0.02317087  -0.01125967
  0.00000000  -0.00000000    -0.00570867  -0.00762892    -0.00000000  -0.00000000
 -0.02731290   0.05347603     0.00000000  -0.00000000     0.01908423   0.00767013
    1    4
 -0.00418383   0.00418383    -0.01798030  -0.01798030    -0.01436769   0.01436769
 -0.00718087  -0.00718087    -0.00000000  -0.00000000     0.00718087   0.00718087
  0.01436769  -0.01436769     0.01798030   0.01798030     0.00418383  -0.00418383
    1    5
  0.00418383   0.00418383     0.01798030  -0.01798030     0.01436769   0.01436769
  0.00718087  -0.00718087     0.00000000  -0.00000000    -0.00718087   0.00718087
 -0.01436769  -0.01436769    -0.01798030   0.01798030    -0.00418383  -0.00418383
    1    6
  0.01908423  -0.00767013    -0.00000000   0.00000000    -0.02731290  -0.05347603
 -0.00000000   0.00000000    -0.00570867   0.00762892     0.00000000  -0.00000000
  0.02317087   0.01125967     0.00000000  -0.00000000    -0.01399691   0.01178076
    1    7
 -0.01908423  -0.00767013    -0.00000000   0.00000000     0.02731290  -0.05347603
  0.00000000   0.00000000     0.00570867   0.00762892    -0.00000000   0.00000000
 -0.02317087   0.01125967    -0.00000000  -0.00000000     0.01399691   0.01178076
    2    1
  0.01399691   0.01178076    -0.00000000   0.00000000     0.02731290  -0.05347603
 -0.00000000   0.00000000     0.00570867   0.00762892    -0.00000000  -0.00000000
 -0.02317087   0.01125967     0.00000000  -0.00000000    -0.01908423  -0.00767013
    2    2
  0.05608659   0.00000000    -0.00000000  -0.00000000    -0.00170832   0.00793923
 -0.00000000   0.00000000     0.03109032   0.00000000    -0.00000000  -0.00000000
 -0.00170832  -0.00793923    -0.00000000   0.00000000     0.04569286  -0.00000000
    2    3
  0.00097395   0.02475361    -0.00000000   0.00000000     0.01307390  -0.00454305
 -0.00000000   0.00000000    -0.00200211  -0.02100297    -0.00000000   0.00000000
  0.01307390  -0.00454305    -0.00000000   0.00000000     0.01397532   0.00371587
    2    4
  0.00050331  -0.01728732     0.00988855  -0.00850703    -0.00490306   0.00533533
  0.00008906  -0.02436567    -0.00096808  -0.00270743     0.00155700  -0.00565207
 -0.00479268   0.00129991     0.00275625  -0.00182828     0.00119601  -0.00488229
    2    5
 -0.01728732  -0.00050331     0.00850703   0.00988855     0.00533533   0.00490306
  0.02436567   0.00008906    -0.00270743   0.00096808     0.00565207   0.00155700
  0.00129991   0.00479268     0.00182828   0.00275625    -0.00488229  -0.00119601
    2    6
  0.02294791  -0.00432611     0.00000000   0.00000000    -0.00434046  -0.00000000
 -0.00000000   0.00000000     0.00721239   0.00000000    -0.00000000  -0.00000000
  0.01990383   0.00000000    -0.00000000  -0.00000000     0.02294791   0.00432611
    2    7
 -0.00866689   0.01147533    -0.00000000   0.00000000     0.02119566  -0.01254419
 -0.00000000   0.00000000     0.00413262  -0.00821780    -0.00000000  -0.00000000
  0.03522716   0.00029606    -0.00000000  -0.00000000    -0.00866689   0.01147533
    3    1
 -0.01399691   0.01178076     0.00000000  -0.00000000    -0.02731290  -0.05347603
 -0.00000000   0.00000000    -0.00570867   0.00762892    -0.00000000   0.00000000
  0.02317087   0.01125967    -0.00000000  -0.00000000     0.01908423  -0.00767013
    3    2
  0.00097395  -0.02475361    -0.00000000   0.00000000     0.01307390   0.00454305
 -0.00000000  -0.00000000    -0.00200211   0.02100297    -0.00000000   0.00000000
  0.01307390   0.00454305    -0.00000000   0.00000000     0.01397532  -0.00371587
    3    3
  0.05608659  -0.00000000    -0.00000000   0.00000000    -0.00170832  -0.00793923
 -0.00000000  -0.00000000     0.03109032  -0.00000000    -0.00000000   0.00000000
 -0.00170832   0.00793923    -0.00000000  -0.00000000     0.04569286  -0.00000000
    3    4
 -0.01728732   0.00050331     0.00850703  -0.00988855     0.00533533  -0.00490306
  0.02436567  -0.00008906    -0.00270743  -0.00096808     0.00565207  -0.00155700
  0.00129991  -0.00479268     0.00182828  -0.00275625    -0.00488229   0.00119601
    3    5
  0.00050331   0.01728732     0.00988855   0.00850703    -0.00490306  -0.00533533
  0.00008906   0.02436567    -0.00096808   0.00270743     0.00155700   0.00565207
 -0.00479268  -0.00129991     0.00275625   0.00182828     0.00119601   0.00488229
    3    6
 -0.00866689  -0.01147533    -0.00000000  -0.00000000     0.02119566   0.01254419
 -0.00000000   0.00000000     0.00413262   0.00821780    -0.00000000   0.00000000
  0.03522716  -0.00029606    -0.00000000   0.00000000    -0.00866689  -0.01147533
    3    7
  0.02294791   0.00432611     0.00000000  -0.00000000    -0.00434046   0.00000000
 -0.00000000   0.00000000     0.00721239  -0.00000000    -0.00000000   0.00000000
  0.01990383  -0.00000000    -0.00000000   0.00000000     0.02294791  -0.00432611
    4    1
 -0.00418383  -0.00418383    -0.00718087   0.00718087     0.01436769   0.01436769
 -0.01798030   0.01798030    -0.00000000   0.00000000     0.01798030  -0.01798030
 -0.01436769  -0.01436769     0.00718087  -0.00718087     0.00418383   0.00418383
    4    2
  0.00050331   0.01728732     0.00008906   0.02436567    -0.00479268  -0.00129991
  0.00988855   0.00850703    -0.00096808   0.00270743     0.00275625   0.00182828
 -0.00490306  -0.00533533     0.00155700   0.00565207     0.00119601   0.00488229
    4    3
 -0.01728732  -0.00050331     0.02436567   0.00008906     0.00129991   0.00479268
  0.00850703   0.00988855    -0.00270743   0.00096808     0.00182828   0.00275625
  0.00533533   0.00490306     0.00565207   0.00155700    -0.00488229  -0.00119601
    4    4
  0.03765618   0.00000000    -0.00000000   0.00225192     0.00179579   0.00000000
  0.00000000  -0.00225192     0.01899398   0.00000000    -0.00000000  -0.00225192
  0.00179579   0.00000000    -0.00000000   0.00225192     0.03765618   0.00000000
    4    5
  0.00000000   0.01320896    -0.00562338   0.00000000     0.00000000   0.00765212
 -0.00562338   0.00000000     0.00000000   0.00318086    -0.00562338   0.00000000
  0.00000000   0.00765212    -0.00562338   0.00000000     0.00000000   0.01320896
    4    6
  0.00119601   0.00488229     0.00155700   0.00565207    -0.00490306  -0.00533533
  0.00275625   0.00182828    -0.00096808   0.00270743     0.00988855   0.00850703
 -0.00479268  -0.00129991     0.00008906   0.02436567     0.00050331   0.01728732
    4    7
 -0.00488229  -0.00119601     0.00565207   0.00155700     0.00533533   0.00490306
  0.00182828   0.00275625    -0.00270743   0.00096808     0.00850703   0.00988855
  0.00129991   0.00479268     0.02436567   0.00008906    -0.01728732  -0.00050331
    5    1
  0.00418383  -0.00418383     0.00718087   0.00718087    -0.01436769   0.01436769
  0.01798030   0.01798030     0.00000000   0.00000000    -0.01798030  -0.01798030
  0.01436769  -0.01436769    -0.00718087  -0.00718087    -0.00418383   0.00418383
    5    2
 -0.01728732   0.00050331     0.02436567  -0.00008906     0.00129991  -0.00479268
  0.00850703  -0.00988855    -0.00270743  -0.00096808     0.00182828  -0.00275625
  0.00533533  -0.00490306     0.00565207  -0.00155700    -0.00488229   0.00119601
    5    3
  0.00050331  -0.01728732     0.00008906  -0.02436567    -0.00479268   0.00129991
  0.00988855  -0.00850703    -0.00096808  -0.00270743     0.00275625  -0.00182828
 -0.00490306   0.00533533     0.00155700  -0.00565207     0.00119601  -0.00488229
    5    4
  0.00000000  -0.01320896    -0.00562338  -0.00000000     0.00000000  -0.00765212
 -0.00562338  -0.00000000     0.00000000  -0.00318086    -0.00562338  -0.00000000
  0.00000000  -0.00765212    -0.00562338  -0.00000000     0.00000000  -0.01320896
    5    5
  0.03765618   0.00000000    -0.00000000  -0.00225192     0.00179579  -0.00000000
 -0.00000000   0.00225192     0.01899398   0.00000000    -0.00000000   0.00225192
  0.00179579   0.00000000    -0.00000000  -0.00225192     0.03765618   0.00000000
    5    6
 -0.00488229   0.00119601     0.00565207  -0.00155700     0.00533533  -0.00490306
  0.00182828  -0.00275625    -0.00270743  -0.00096808     0.00850703  -0.00988855
  0.00129991  -0.00479268     0.02436567  -0.00008906    -0.01728732   0.00050331
    5    7
  0.00119601  -0.00488229     0.00155700  -0.00565207    -0.00490306   0.00533533
  0.00275625  -0.00182828    -0.00096808  -0.00270743     0.00988855  -0.00850703
 -0.00479268   0.00129991     0.00008906  -0.02436567     0.00050331  -0.01728732
    6    1
  0.01908423   0.00767013    -0.00000000   0.00000000     0.02317087  -0.01125967
 -0.00000000  -0.00000000    -0.00570867  -0.00762892     0.00000000   0.00000000
 -0.02731290   0.05347603     0.00000000   0.00000000    -0.01399691  -0.01178076
    6    2
  0.02294791   0.00432611    -0.00000000  -0.00000000     0.01990383  -0.00000000
 -0.00000000  -0.00000000     0.00721239  -0.00000000    -0.00000000   0.00000000
 -0.00434046   0.00000000    -0.00000000   0.00000000     0.02294791  -0.00432611
    6    3
 -0.00866689   0.01147533    -0.00000000   0.00000000     0.03522716   0.00029606
 -0.00000000   0.00000000     0.00413262  -0.00821780    -0.00000000  -0.00000000
  0.02119566  -0.01254419    -0.00000000  -0.00000000    -0.00866689   0.01147533
    6    4
  0.00119601  -0.00488229     0.00275625  -0.00182828    -0.00479268   0.00129991
  0.00155700  -0.00565207    -0.00096808  -0.00270743     0.00008906  -0.02436567
 -0.00490306   0.00533533     0.00988855  -0.00850703     0.00050331  -0.01728732
    6    5
 -0.00488229  -0.00119601     0.00182828   0.00275625     0.00129991   0.00479268
  0.00565207   0.00155700    -0.00270743   0.00096808     0.02436567   0.00008906
  0.00533533   0.00490306     0.00850703   0.00988855    -0.01728732  -0.00050331
    6    6
  0.04569286   0.00000000    -0.00000000   0.00000000    -0.00170832  -0.00793923
 -0.00000000  -0.00000000     0.03109032   0.00000000    -0.00000000   0.00000000
 -0.00170832   0.00793923    -0.00000000  -0.00000000     0.05608659   0.00000000
    6    7
  0.01397532   0.00371587    -0.00000000   0.00000000     0.01307390  -0.00454305
 -0.00000000   0.00000000    -0.00200211  -0.02100297     0.00000000  -0.00000000
  0.01307390  -0.00454305     0.00000000  -0.00000000     0.00097395   0.02475361
    7    1
 -0.01908423   0.00767013     0.00000000   0.00000000    -0.02317087  -0.01125967
  0.00000000  -0.00000000     0.00570867  -0.00762892     0.00000000   0.00000000
  0.02731290   0.05347603    -0.00000000   0.00000000     0.01399691  -0.01178076
    7    2
 -0.00866689  -0.01147533    -0.00000000   0.00000000     0.03522716  -0.00029606
  0.00000000  -0.00000000     0.00413262   0.00821780     0.00000000   0.00000000
  0.02119566   0.01254419     0.00000000   0.00000000    -0.00866689  -0.01147533
    7    3
  0.02294791  -0.00432611    -0.00000000   0.00000000     0.01990383   0.00000000
  0.00000000   0.00000000     0.00721239   0.00000000    -0.00000000  -0.00000000
 -0.00434046  -0.00000000    -0.00000000  -0.00000000     0.02294791   0.00432611
    7    4
 -0.00488229   0.00119601     0.00182828  -0.00275625     0.00129991  -0.00479268
  0.00565207  -0.00155700    -0.00270743  -0.00096808     0.02436567  -0.00008906
  0.00533533  -0.00490306     0.00850703  -0.00988855    -0.01728732   0.00050331
    7    5
  0.00119601   0.00488229     0.00275625   0.00182828    -0.00479268  -0.00129991
  0.00155700   0.00565207    -0.00096808   0.00270743     0.00008906   0.02436567
 -0.00490306  -0.00533533     0.00988855   0.00850703     0.00050331   0.01728732
    7    6
  0.01397532  -0.00371587    -0.00000000  -0.00000000     0.01307390   0.00454305
 -0.00000000  -0.00000000    -0.00200211   0.02100297     0.00000000   0.00000000
  0.01307390   0.00454305    -0.00000000   0.00000000     0.00097395  -0.02475361
    7    7
  0.04569286  -0.00000000    -0.00000000  -0.00000000    -0.00170832   0.00793923
 -0.00000000   0.00000000     0.03109032  -0.00000000    -0.00000000  -0.00000000
 -0.00170832  -0.00793923    -0.00000000   0.00000000     0.05608659  -0.00000000

     Dynamical  Matrix in cartesian axes

     q = (    0.866025404   0.216506351  -0.216506351 ) 

    1    1
  0.03256862   0.00000000     0.00000000   0.00000000    -0.00000000   0.00000000
  0.00000000   0.00000000     0.14585789   0.00000000    -0.00337098  -0.00000000
 -0.00000000   0.00000000    -0.00337098  -0.00000000     0.14585789   0.00000000
    1    2
  0.00000000  -0.00000000     0.00718087  -0.00718087    -0.00718087   0.00718087
  0.01798030  -0.01798030     0.00418383   0.00418383     0.01436769   0.01436769
 -0.01798030   0.01798030    -0.01436769  -0.01436769    -0.00418383  -0.00418383
    1    3
 -0.00000000   0.00000000    -0.00718087  -0.00718087     0.00718087   0.00718087
 -0.01798030  -0.01798030    -0.00418383   0.00418383    -0.01436769   0.01436769
  0.01798030   0.01798030     0.01436769  -0.01436769     0.00418383  -0.00418383
    1    4
 -0.00570867  -0.00762892     0.00000000  -0.00000000    -0.00000000  -0.00000000
 -0.00000000  -0.00000000    -0.01399691  -0.01178076     0.02317087  -0.01125967
 -0.00000000  -0.00000000    -0.02731290   0.05347603     0.01908423   0.00767013
    1    5
  0.00570867  -0.00762892    -0.00000000  -0.00000000     0.00000000  -0.00000000
  0.00000000  -0.00000000     0.01399691  -0.01178076    -0.02317087  -0.01125967
  0.00000000  -0.00000000     0.02731290   0.05347603    -0.01908423   0.00767013
    1    6
  0.00570867   0.00762892     0.00000000   0.00000000    -0.00000000  -0.00000000
 -0.00000000   0.00000000    -0.01908423  -0.00767013     0.02731290  -0.05347603
 -0.00000000   0.00000000    -0.02317087   0.01125967     0.01399691   0.01178076
    1    7
 -0.00570867   0.00762892    -0.00000000   0.00000000     0.00000000  -0.00000000
 -0.00000000   0.00000000     0.01908423  -0.00767013    -0.02731290  -0.05347603
