  5.000000000000000E-002   1.25977579764806        2.43615232611498     
          12

     Dynamical  Matrix in cartesian axes

     q = (    0.108253200   0.108253200   0.000000000 ) 

    1    1
  0.05107822  -0.00000000     0.03300754  -0.00000000    -0.00000000   0.00000000
  0.03300754  -0.00000000     0.05107822  -0.00000000    -0.00000000   0.00000000
  0.00000000   0.00000000    -0.00000000   0.00000000     0.01216596   0.00000000
    1    2
 -0.00998806   0.01139786     0.00041792   0.00869531     0.00000000   0.00000000
 -0.00616980   0.01165677     0.00015791   0.00865890     0.00000000   0.00000000
  0.00000000   0.00000000     0.00000000   0.00000000    -0.00352353  -0.00898660
    1    3
 -0.01512213  -0.00099688    -0.00585300  -0.00644403     0.00000000  -0.00000000
 -0.01260529  -0.00387987    -0.00601111  -0.00623443     0.00000000  -0.00000000
 -0.00000000  -0.00000000    -0.00000000  -0.00000000     0.00386297   0.00884600
    1    4
 -0.00601111  -0.00623443    -0.01260529  -0.00387987    -0.00000000  -0.00000000
 -0.00585300  -0.00644403    -0.01512213  -0.00099688     0.00000000  -0.00000000
 -0.00000000  -0.00000000    -0.00000000  -0.00000000     0.00386297   0.00884600
    1    5
  0.00015791   0.00865890    -0.00616980   0.01165677     0.00000000   0.00000000
  0.00041792   0.00869531    -0.00998806   0.01139786     0.00000000   0.00000000
  0.00000000   0.00000000     0.00000000   0.00000000    -0.00352353  -0.00898660
    1    6
  0.00293641  -0.00121630     0.00277616  -0.00114992     0.00042531   0.00102678
  0.00277616  -0.00114992     0.00293641  -0.00121630    -0.00042531  -0.00102678
  0.00335152   0.00809128    -0.00335152  -0.00809128    -0.00413119   0.00171119
    1    7
  0.00293641  -0.00121630     0.00277616  -0.00114992    -0.00042531  -0.00102678
  0.00277616  -0.00114992     0.00293641  -0.00121630     0.00042531   0.00102678
 -0.00335152  -0.00809128     0.00335152   0.00809128    -0.00413119   0.00171119
    2    1
 -0.00998806  -0.01139786    -0.00616980  -0.01165677     0.00000000  -0.00000000
  0.00041792  -0.00869531     0.00015791  -0.00865890     0.00000000  -0.00000000
  0.00000000  -0.00000000     0.00000000  -0.00000000    -0.00352353   0.00898660
    2    2
  0.03637516  -0.00000000     0.00422442  -0.00939993    -0.00000000   0.00000000
  0.00422442   0.00939993     0.07100005   0.00000000    -0.00000000   0.00000000
 -0.00000000  -0.00000000    -0.00000000  -0.00000000     0.04165865  -0.00000000
    2    3
 -0.00653282   0.00747906     0.00254672   0.01422934     0.00000000  -0.00000000
  0.00254672   0.01422934    -0.05092120   0.03971350     0.00000000  -0.00000000
  0.00000000   0.00000000     0.00000000  -0.00000000    -0.03766117   0.00561989
    2    4
  0.00036026   0.01413841    -0.01310097   0.00449166    -0.00000000  -0.00000000
 -0.05113646   0.03975999     0.00036026   0.01413841    -0.00000000  -0.00000000
 -0.00000000   0.00000000    -0.00000000  -0.00000000     0.00492458   0.00364218
    2    5
  0.00217141  -0.01132138     0.01835060  -0.00000000     0.00000000  -0.00000000
  0.06786952   0.00000000     0.00217141   0.01132138     0.00000000  -0.00000000
  0.00000000   0.00000000     0.00000000   0.00000000    -0.00504011   0.00000000
    2    6
 -0.00460416   0.00012407    -0.00121242   0.00182372    -0.00543963   0.00404686
 -0.00020010  -0.00359168     0.00068473  -0.00352947     0.00037321   0.00149503
 -0.03958838   0.00305561    -0.00543176  -0.00216247    -0.00170091  -0.00657400
    2    7
 -0.00460416   0.00012407    -0.00121242   0.00182372     0.00543963  -0.00404686
 -0.00020010  -0.00359168     0.00068473  -0.00352947    -0.00037321  -0.00149503
  0.03958838  -0.00305561     0.00543176   0.00216247    -0.00170091  -0.00657400
    3    1
 -0.01512213   0.00099688    -0.01260529   0.00387987    -0.00000000   0.00000000
 -0.00585300   0.00644403    -0.00601111   0.00623443    -0.00000000   0.00000000
  0.00000000   0.00000000     0.00000000   0.00000000     0.00386297  -0.00884600
    3    2
 -0.00653282  -0.00747906     0.00254672  -0.01422934     0.00000000   0.00000000
  0.00254672  -0.01422934    -0.05092120  -0.03971350     0.00000000   0.00000000
  0.00000000   0.00000000     0.00000000   0.00000000    -0.03766117  -0.00561989
    3    3
  0.03637516   0.00000000     0.00422442   0.00939993    -0.00000000   0.00000000
  0.00422442  -0.00939993     0.07100005   0.00000000    -0.00000000   0.00000000
 -0.00000000   0.00000000    -0.00000000   0.00000000     0.04165865   0.00000000
    3    4
  0.00217141   0.01132138     0.01835060  -0.00000000     0.00000000   0.00000000
  0.06786952  -0.00000000     0.00217141  -0.01132138     0.00000000   0.00000000
  0.00000000   0.00000000    -0.00000000   0.00000000    -0.00504011  -0.00000000
    3    5
  0.00036026  -0.01413841    -0.01310097  -0.00449166    -0.00000000   0.00000000
 -0.05113646  -0.03975999     0.00036026  -0.01413841    -0.00000000   0.00000000
 -0.00000000  -0.00000000     0.00000000   0.00000000     0.00492458  -0.00364218
    3    6
 -0.00460416  -0.00012407    -0.00121242  -0.00182372     0.00543963   0.00404686
 -0.00020010   0.00359168     0.00068473   0.00352947    -0.00037321   0.00149503
  0.03958838   0.00305561     0.00543176  -0.00216247    -0.00170091   0.00657400
    3    7
 -0.00460416  -0.00012407    -0.00121242  -0.00182372    -0.00543963  -0.00404686
 -0.00020010   0.00359168     0.00068473   0.00352947     0.00037321  -0.00149503
 -0.03958838  -0.00305561    -0.00543176   0.00216247    -0.00170091   0.00657400
    4    1
 -0.00601111   0.00623443    -0.00585300   0.00644403    -0.00000000   0.00000000
 -0.01260529   0.00387987    -0.01512213   0.00099688    -0.00000000   0.00000000
 -0.00000000   0.00000000    -0.00000000   0.00000000     0.00386297  -0.00884600
    4    2
  0.00036026  -0.01413841    -0.05113646  -0.03975999    -0.00000000   0.00000000
 -0.01310097  -0.00449166     0.00036026  -0.01413841    -0.00000000   0.00000000
 -0.00000000  -0.00000000    -0.00000000   0.00000000     0.00492458  -0.00364218
    4    3
  0.00217141  -0.01132138     0.06786952  -0.00000000     0.00000000   0.00000000
  0.01835060  -0.00000000     0.00217141   0.01132138     0.00000000   0.00000000
  0.00000000   0.00000000     0.00000000   0.00000000    -0.00504011  -0.00000000
    4    4
  0.07100005   0.00000000     0.00422442  -0.00939993    -0.00000000   0.00000000
  0.00422442   0.00939993     0.03637516   0.00000000    -0.00000000   0.00000000
 -0.00000000   0.00000000    -0.00000000   0.00000000     0.04165865   0.00000000
    4    5
 -0.05092120  -0.03971350     0.00254672  -0.01422934     0.00000000   0.00000000
  0.00254672  -0.01422934    -0.00653282  -0.00747906     0.00000000   0.00000000
  0.00000000   0.00000000     0.00000000  -0.00000000    -0.03766117  -0.00561989
    4    6
  0.00068473   0.00352947    -0.00020010   0.00359168     0.00037321  -0.00149503
 -0.00121242  -0.00182372    -0.00460416  -0.00012407    -0.00543963  -0.00404686
 -0.00543176   0.00216247    -0.03958838  -0.00305561    -0.00170091   0.00657400
    4    7
  0.00068473   0.00352947    -0.00020010   0.00359168    -0.00037321   0.00149503
 -0.00121242  -0.00182372    -0.00460416  -0.00012407     0.00543963   0.00404686
  0.00543176  -0.00216247     0.03958838   0.00305561    -0.00170091   0.00657400
    5    1
  0.00015791  -0.00865890     0.00041792  -0.00869531     0.00000000  -0.00000000
 -0.00616980  -0.01165677    -0.00998806  -0.01139786     0.00000000  -0.00000000
  0.00000000  -0.00000000    -0.00000000  -0.00000000    -0.00352353   0.00898660
    5    2
  0.00217141   0.01132138     0.06786952   0.00000000     0.00000000  -0.00000000
  0.01835060  -0.00000000     0.00217141  -0.01132138     0.00000000  -0.00000000
  0.00000000   0.00000000     0.00000000   0.00000000    -0.00504011   0.00000000
    5    3
  0.00036026   0.01413841    -0.05113646   0.03975999    -0.00000000  -0.00000000
 -0.01310097   0.00449166     0.00036026   0.01413841    -0.00000000  -0.00000000
 -0.00000000   0.00000000    -0.00000000   0.00000000     0.00492458   0.00364218
    5    4
 -0.05092120   0.03971350     0.00254672   0.01422934     0.00000000  -0.00000000
  0.00254672   0.01422934    -0.00653282   0.00747906     0.00000000  -0.00000000
  0.00000000  -0.00000000     0.00000000  -0.00000000    -0.03766117   0.00561989
    5    5
  0.07100005   0.00000000     0.00422442   0.00939993    -0.00000000   0.00000000
  0.00422442  -0.00939993     0.03637516   0.00000000    -0.00000000   0.00000000
 -0.00000000   0.00000000    -0.00000000   0.00000000     0.04165865  -0.00000000
    5    6
  0.00068473  -0.00352947    -0.00020010  -0.00359168    -0.00037321  -0.00149503
 -0.00121242   0.00182372    -0.00460416   0.00012407     0.00543963  -0.00404686
  0.00543176   0.00216247     0.03958838  -0.00305561    -0.00170091  -0.00657400
    5    7
  0.00068473  -0.00352947    -0.00020010  -0.00359168     0.00037321   0.00149503
 -0.00121242   0.00182372    -0.00460416   0.00012407    -0.00543963   0.00404686
 -0.00543176  -0.00216247    -0.03958838   0.00305561    -0.00170091  -0.00657400
    6    1
  0.00293641   0.00121630     0.00277616   0.00114992     0.00335152  -0.00809128
  0.00277616   0.00114992     0.00293641   0.00121630    -0.00335152   0.00809128
  0.00042531  -0.00102678    -0.00042531   0.00102678    -0.00413119  -0.00171119
    6    2
 -0.00460416  -0.00012407    -0.00020010   0.00359168    -0.03958838  -0.00305561
 -0.00121242  -0.00182372     0.00068473   0.00352947    -0.00543176   0.00216247
 -0.00543963  -0.00404686     0.00037321  -0.00149503    -0.00170091   0.00657400
    6    3
 -0.00460416   0.00012407    -0.00020010  -0.00359168     0.03958838  -0.00305561
 -0.00121242   0.00182372     0.00068473  -0.00352947     0.00543176   0.00216247
  0.00543963  -0.00404686    -0.00037321  -0.00149503    -0.00170091  -0.00657400
    6    4
  0.00068473  -0.00352947    -0.00121242   0.00182372    -0.00543176  -0.00216247
 -0.00020010  -0.00359168    -0.00460416   0.00012407    -0.03958838   0.00305561
  0.00037321   0.00149503    -0.00543963   0.00404686    -0.00170091  -0.00657400
    6    5
  0.00068473   0.00352947    -0.00121242  -0.00182372     0.00543176  -0.00216247
 -0.00020010   0.00359168    -0.00460416  -0.00012407     0.03958838   0.00305561
 -0.00037321   0.00149503     0.00543963   0.00404686    -0.00170091   0.00657400
    6    6
  0.04570713   0.00000000     0.00774440  -0.00000000    -0.00000000   0.00474516
  0.00774440   0.00000000     0.04570713   0.00000000    -0.00000000  -0.00474516
 -0.00000000  -0.00474516    -0.00000000   0.00474516     0.01828088  -0.00000000
    6    7
 -0.03836087  -0.00000000    -0.00522810  -0.00000000     0.00000000   0.00896106
 -0.00522810   0.00000000    -0.03836087   0.00000000     0.00000000  -0.00896106
  0.00000000   0.00896106     0.00000000  -0.00896106    -0.00587324   0.00000000
    7    1
  0.00293641   0.00121630     0.00277616   0.00114992    -0.00335152   0.00809128
  0.00277616   0.00114992     0.00293641   0.00121630     0.00335152  -0.00809128
 -0.00042531   0.00102678     0.00042531  -0.00102678    -0.00413119  -0.00171119
    7    2
 -0.00460416  -0.00012407    -0.00020010   0.00359168     0.03958838   0.00305561
 -0.00121242  -0.00182372     0.00068473   0.00352947     0.00543176  -0.00216247
  0.00543963   0.00404686    -0.00037321   0.00149503    -0.00170091   0.00657400
    7    3
 -0.00460416   0.00012407    -0.00020010  -0.00359168    -0.03958838   0.00305561
 -0.00121242   0.00182372     0.00068473  -0.00352947    -0.00543176  -0.00216247
 -0.00543963   0.00404686     0.00037321   0.00149503    -0.00170091  -0.00657400
    7    4
  0.00068473  -0.00352947    -0.00121242   0.00182372     0.00543176   0.00216247
 -0.00020010  -0.00359168    -0.00460416   0.00012407     0.03958838  -0.00305561
 -0.00037321  -0.00149503     0.00543963  -0.00404686    -0.00170091  -0.00657400
    7    5
  0.00068473   0.00352947    -0.00121242  -0.00182372    -0.00543176   0.00216247
 -0.00020010   0.00359168    -0.00460416  -0.00012407    -0.03958838  -0.00305561
  0.00037321  -0.00149503    -0.00543963  -0.00404686    -0.00170091   0.00657400
    7    6
 -0.03836087   0.00000000    -0.00522810   0.00000000     0.00000000  -0.00896106
 -0.00522810  -0.00000000    -0.03836087  -0.00000000     0.00000000   0.00896106
 -0.00000000  -0.00896106     0.00000000   0.00896106    -0.00587324   0.00000000
    7    7
  0.04570713   0.00000000     0.00774440   0.00000000    -0.00000000  -0.00474516
  0.00774440  -0.00000000     0.04570713   0.00000000    -0.00000000   0.00474516
 -0.00000000   0.00474516    -0.00000000  -0.00474516     0.01828088   0.00000000

     Dynamical  Matrix in cartesian axes

     q = (   -0.108253200  -0.108253200   0.000000000 ) 

    1    1
  0.05107822  -0.00000000     0.03300754  -0.00000000    -0.00000000   0.00000000
  0.03300754  -0.00000000     0.05107822  -0.00000000    -0.00000000   0.00000000
  0.00000000   0.00000000    -0.00000000   0.00000000     0.01216596   0.00000000
    1    2
 -0.00998806  -0.01139786     0.00041792  -0.00869531     0.00000000  -0.00000000
 -0.00616980  -0.01165677     0.00015791  -0.00865890     0.00000000   0.00000000
  0.00000000  -0.00000000     0.00000000  -0.00000000    -0.00352353   0.00898660
    1    3
 -0.01512213   0.00099688    -0.00585300   0.00644403    -0.00000000   0.00000000
 -0.01260529   0.00387987    -0.00601111   0.00623443    -0.00000000   0.00000000
 -0.00000000   0.00000000    -0.00000000   0.00000000     0.00386297  -0.00884600
    1    4
 -0.00601111   0.00623443    -0.01260529   0.00387987     0.00000000   0.00000000
 -0.00585300   0.00644403    -0.01512213   0.00099688     0.00000000   0.00000000
 -0.00000000   0.00000000    -0.00000000   0.00000000     0.00386297  -0.00884600
    1    5
  0.00015791  -0.00865890    -0.00616980  -0.01165677    -0.00000000  -0.00000000
  0.00041792  -0.00869531    -0.00998806  -0.01139786    -0.00000000  -0.00000000
  0.00000000  -0.00000000     0.00000000  -0.00000000    -0.00352353   0.00898660
    1    6
  0.00293641   0.00121630     0.00277616   0.00114992     0.00042531  -0.00102678
  0.00277616   0.00114992     0.00293641   0.00121630    -0.00042531   0.00102678
  0.00335152  -0.00809128    -0.00335152   0.00809128    -0.00413119  -0.00171119
    1    7
  0.00293641   0.00121630     0.00277616   0.00114992    -0.00042531   0.00102678
  0.00277616   0.00114992     0.00293641   0.00121630     0.00042531  -0.00102678
 -0.00335152   0.00809128     0.00335152  -0.00809128    -0.00413119  -0.00171119
    2    1
 -0.00998806   0.01139786    -0.00616980   0.01165677     0.00000000   0.00000000
  0.00041792   0.00869531     0.00015791   0.00865890     0.00000000   0.00000000
  0.00000000   0.00000000     0.00000000   0.00000000    -0.00352353  -0.00898660
    2    2
  0.03637516   0.00000000     0.00422442   0.00939993    -0.00000000   0.00000000
  0.00422442  -0.00939993     0.07100005   0.00000000    -0.00000000   0.00000000
 -0.00000000   0.00000000    -0.00000000   0.00000000     0.04165865   0.00000000
    2    3
 -0.00653282  -0.00747906     0.00254672  -0.01422934     0.00000000   0.00000000
  0.00254672  -0.01422934    -0.05092120  -0.03971350     0.00000000   0.00000000
  0.00000000   0.00000000     0.00000000   0.00000000    -0.03766117  -0.00561989
    2    4
  0.00036026  -0.01413841    -0.01310097  -0.00449166    -0.00000000  -0.00000000
 -0.05113646  -0.03975999     0.00036026  -0.01413841     0.00000000   0.00000000
  0.00000000  -0.00000000    -0.00000000   0.00000000     0.00492458  -0.00364218
    2    5
  0.00217141   0.01132138     0.01835060   0.00000000     0.00000000   0.00000000
  0.06786952  -0.00000000     0.00217141  -0.01132138     0.00000000   0.00000000
  0.00000000   0.00000000     0.00000000   0.00000000    -0.00504011  -0.00000000
    2    6
 -0.00460416  -0.00012407    -0.00121242  -0.00182372    -0.00543963  -0.00404686
 -0.00020010   0.00359168     0.00068473   0.00352947     0.00037321  -0.00149503
 -0.03958838  -0.00305561    -0.00543176   0.00216247    -0.00170091   0.00657400
    2    7
 -0.00460416  -0.00012407    -0.00121242  -0.00182372     0.00543963   0.00404686
 -0.00020010   0.00359168     0.00068473   0.00352947    -0.00037321   0.00149503
  0.03958838   0.00305561     0.00543176  -0.00216247    -0.00170091   0.00657400
    3    1
 -0.01512213  -0.00099688    -0.01260529  -0.00387987    -0.00000000  -0.00000000
 -0.00585300  -0.00644403    -0.00601111  -0.00623443    -0.00000000  -0.00000000
 -0.00000000  -0.00000000    -0.00000000  -0.00000000     0.00386297   0.00884600
    3    2
 -0.00653282   0.00747906     0.00254672   0.01422934     0.00000000  -0.00000000
  0.00254672   0.01422934    -0.05092120   0.03971350     0.00000000  -0.00000000
  0.00000000  -0.00000000     0.00000000  -0.00000000    -0.03766117   0.00561989
    3    3
  0.03637516   0.00000000     0.00422442  -0.00939993    -0.00000000   0.00000000
  0.00422442   0.00939993     0.07100005   0.00000000    -0.00000000   0.00000000
 -0.00000000   0.00000000    -0.00000000   0.00000000     0.04165865  -0.00000000
    3    4
  0.00217141  -0.01132138     0.01835060  -0.00000000     0.00000000  -0.00000000
  0.06786952   0.00000000     0.00217141   0.01132138     0.00000000  -0.00000000
  0.00000000   0.00000000    -0.00000000   0.00000000    -0.00504011   0.00000000
    3    5
  0.00036026   0.01413841    -0.01310097   0.00449166     0.00000000  -0.00000000
 -0.05113646   0.03975999     0.00036026   0.01413841    -0.00000000  -0.00000000
 -0.00000000   0.00000000    -0.00000000   0.00000000     0.00492458   0.00364218
    3    6
 -0.00460416   0.00012407    -0.00121242   0.00182372     0.00543963  -0.00404686
 -0.00020010  -0.00359168     0.00068473  -0.00352947    -0.00037321  -0.00149503
  0.03958838  -0.00305561     0.00543176   0.00216247    -0.00170091  -0.00657400
    3    7
 -0.00460416   0.00012407    -0.00121242   0.00182372    -0.00543963   0.00404686
 -0.00020010  -0.00359168     0.00068473  -0.00352947     0.00037321   0.00149503
 -0.03958838   0.00305561    -0.00543176  -0.00216247    -0.00170091  -0.00657400
    4    1
 -0.00601111  -0.00623443    -0.00585300  -0.00644403    -0.00000000  -0.00000000
 -0.01260529  -0.00387987    -0.01512213  -0.00099688    -0.00000000  -0.00000000
 -0.00000000  -0.00000000    -0.00000000  -0.00000000     0.00386297   0.00884600
    4    2
  0.00036026   0.01413841    -0.05113646   0.03975999    -0.00000000   0.00000000
 -0.01310097   0.00449166     0.00036026   0.01413841    -0.00000000   0.00000000
 -0.00000000   0.00000000    -0.00000000   0.00000000     0.00492458   0.00364218
    4    3
  0.00217141   0.01132138     0.06786952   0.00000000     0.00000000   0.00000000
  0.01835060   0.00000000     0.00217141  -0.01132138     0.00000000   0.00000000
  0.00000000   0.00000000     0.00000000   0.00000000    -0.00504011   0.00000000
    4    4
  0.07100005   0.00000000     0.00422442   0.00939993    -0.00000000   0.00000000
  0.00422442  -0.00939993     0.03637516   0.00000000    -0.00000000   0.00000000
 -0.00000000  -0.00000000    -0.00000000  -0.00000000     0.04165865  -0.00000000
    4    5
 -0.05092120   0.03971350     0.00254672   0.01422934     0.00000000  -0.00000000
  0.00254672   0.01422934    -0.00653282   0.00747906     0.00000000  -0.00000000
  0.00000000   0.00000000     0.00000000   0.00000000    -0.03766117   0.00561989
    4    6
  0.00068473  -0.00352947    -0.00020010  -0.00359168     0.00037321   0.00149503
 -0.00121242   0.00182372    -0.00460416   0.00012407    -0.00543963   0.00404686
 -0.00543176  -0.00216247    -0.03958838   0.00305561    -0.00170091  -0.00657400
    4    7
  0.00068473  -0.00352947    -0.00020010  -0.00359168    -0.00037321  -0.00149503
 -0.00121242   0.00182372    -0.00460416   0.00012407     0.00543963  -0.00404686
  0.00543176   0.00216247     0.03958838  -0.00305561    -0.00170091  -0.00657400
    5    1
  0.00015791   0.00865890     0.00041792   0.00869531     0.00000000   0.00000000
 -0.00616980   0.01165677    -0.00998806   0.01139786     0.00000000   0.00000000
  0.00000000   0.00000000    -0.00000000   0.00000000    -0.00352353  -0.00898660
    5    2
  0.00217141  -0.01132138     0.06786952  -0.00000000     0.00000000   0.00000000
  0.01835060  -0.00000000     0.00217141   0.01132138     0.00000000   0.00000000
  0.00000000   0.00000000     0.00000000   0.00000000    -0.00504011  -0.00000000
    5    3
  0.00036026  -0.01413841    -0.05113646  -0.03975999    -0.00000000  -0.00000000
 -0.01310097  -0.00449166     0.00036026  -0.01413841    -0.00000000  -0.00000000
 -0.00000000  -0.00000000    -0.00000000   0.00000000     0.00492458  -0.00364218
    5    4
 -0.05092120  -0.03971350     0.00254672  -0.01422934     0.00000000  -0.00000000
  0.00254672  -0.01422934    -0.00653282  -0.00747906     0.00000000  -0.00000000
  0.00000000   0.00000000     0.00000000   0.00000000    -0.03766117  -0.00561989
    5    5
  0.07100005  -0.00000000     0.00422442  -0.00939993    -0.00000000   0.00000000
  0.00422442   0.00939993     0.03637516   0.00000000    -0.00000000   0.00000000
 -0.00000000   0.00000000    -0.00000000   0.00000000     0.04165865   0.00000000
    5    6
  0.00068473   0.00352947    -0.00020010   0.00359168    -0.00037321   0.00149503
 -0.00121242  -0.00182372    -0.00460416  -0.00012407     0.00543963   0.00404686
  0.00543176  -0.00216247     0.03958838   0.00305561    -0.00170091   0.00657400
    5    7
  0.00068473   0.00352947    -0.00020010   0.00359168     0.00037321  -0.00149503
 -0.00121242  -0.00182372    -0.00460416  -0.00012407    -0.00543963  -0.00404686
 -0.00543176   0.00216247    -0.03958838  -0.00305561    -0.00170091   0.00657400
    6    1
  0.00293641  -0.00121630     0.00277616  -0.00114992     0.00335152   0.00809128
  0.00277616  -0.00114992     0.00293641  -0.00121630    -0.00335152  -0.00809128
  0.00042531   0.00102678    -0.00042531  -0.00102678    -0.00413119   0.00171119
    6    2
 -0.00460416   0.00012407    -0.00020010  -0.00359168    -0.03958838   0.00305561
 -0.00121242   0.00182372     0.00068473  -0.00352947    -0.00543176  -0.00216247
 -0.00543963   0.00404686     0.00037321   0.00149503    -0.00170091  -0.00657400
    6    3
 -0.00460416  -0.00012407    -0.00020010   0.00359168     0.03958838   0.00305561
 -0.00121242  -0.00182372     0.00068473   0.00352947     0.00543176  -0.00216247
  0.00543963   0.00404686    -0.00037321   0.00149503    -0.00170091   0.00657400
    6    4
  0.00068473   0.00352947    -0.00121242  -0.00182372    -0.00543176   0.00216247
 -0.00020010   0.00359168    -0.00460416  -0.00012407    -0.03958838  -0.00305561
  0.00037321  -0.00149503    -0.00543963  -0.00404686    -0.00170091   0.00657400
    6    5
  0.00068473  -0.00352947    -0.00121242   0.00182372     0.00543176   0.00216247
 -0.00020010  -0.00359168    -0.00460416   0.00012407     0.03958838  -0.00305561
 -0.00037321  -0.00149503     0.00543963  -0.00404686    -0.00170091  -0.00657400
    6    6
  0.04570713   0.00000000     0.00774440   0.00000000    -0.00000000  -0.00474516
  0.00774440  -0.00000000     0.04570713   0.00000000    -0.00000000   0.00474516
 -0.00000000   0.00474516    -0.00000000  -0.00474516     0.01828088   0.00000000
    6    7
 -0.03836087   0.00000000    -0.00522810   0.00000000     0.00000000  -0.00896106
 -0.00522810  -0.00000000    -0.03836087  -0.00000000     0.00000000   0.00896106
  0.00000000  -0.00896106     0.00000000   0.00896106    -0.00587324   0.00000000
    7    1
  0.00293641  -0.00121630     0.00277616  -0.00114992    -0.00335152  -0.00809128
  0.00277616  -0.00114992     0.00293641  -0.00121630     0.00335152   0.00809128
 -0.00042531  -0.00102678     0.00042531   0.00102678    -0.00413119   0.00171119
    7    2
 -0.00460416   0.00012407    -0.00020010  -0.00359168     0.03958838  -0.00305561
 -0.00121242   0.00182372     0.00068473  -0.00352947     0.00543176   0.00216247
  0.00543963  -0.00404686    -0.00037321  -0.00149503    -0.00170091  -0.00657400
    7    3
 -0.00460416  -0.00012407    -0.00020010   0.00359168    -0.03958838  -0.00305561
 -0.00121242  -0.00182372     0.00068473   0.00352947    -0.00543176   0.00216247
 -0.00543963  -0.00404686     0.00037321  -0.00149503    -0.00170091   0.00657400
    7    4
  0.00068473   0.00352947    -0.00121242  -0.00182372     0.00543176  -0.00216247
 -0.00020010   0.00359168    -0.00460416  -0.00012407     0.03958838   0.00305561
 -0.00037321   0.00149503     0.00543963   0.00404686    -0.00170091   0.00657400
    7    5
  0.00068473  -0.00352947    -0.00121242   0.00182372    -0.00543176  -0.00216247
 -0.00020010  -0.00359168    -0.00460416   0.00012407    -0.03958838   0.00305561
  0.00037321   0.00149503    -0.00543963   0.00404686    -0.00170091  -0.00657400
    7    6
 -0.03836087   0.00000000    -0.00522810  -0.00000000     0.00000000   0.00896106
 -0.00522810   0.00000000    -0.03836087   0.00000000     0.00000000  -0.00896106
 -0.00000000   0.00896106     0.00000000  -0.00896106    -0.00587324   0.00000000
    7    7
  0.04570713   0.00000000     0.00774440   0.00000000    -0.00000000   0.00474516
  0.00774440   0.00000000     0.04570713   0.00000000    -0.00000000  -0.00474516
 -0.00000000  -0.00474516    -0.00000000   0.00474516     0.01828088  -0.00000000

     Dynamical  Matrix in cartesian axes

     q = (    0.108253200  -0.108253200   0.000000000 ) 

    1    1
  0.05107822  -0.00000000    -0.03300754   0.00000000     0.00000000   0.00000000
 -0.03300754   0.00000000     0.05107822  -0.00000000     0.00000000   0.00000000
  0.00000000   0.00000000     0.00000000   0.00000000     0.01216596   0.00000000
    1    2
 -0.00998806   0.01139786    -0.00041792  -0.00869531     0.00000000   0.00000000
  0.00616980  -0.01165677     0.00015791   0.00865890     0.00000000  -0.00000000
  0.00000000  -0.00000000    -0.00000000   0.00000000    -0.00352353  -0.00898660
    1    3
 -0.00998806  -0.01139786    -0.00041792   0.00869531    -0.00000000   0.00000000
  0.00616980   0.01165677     0.00015791  -0.00865890    -0.00000000  -0.00000000
  0.00000000  -0.00000000    -0.00000000   0.00000000    -0.00352353   0.00898660
    1    4
  0.00015791   0.00865890     0.00616980  -0.01165677    -0.00000000   0.00000000
 -0.00041792  -0.00869531    -0.00998806   0.01139786    -0.00000000   0.00000000
 -0.00000000   0.00000000    -0.00000000   0.00000000    -0.00352353  -0.00898660
    1    5
  0.00015791  -0.00865890     0.00616980   0.01165677    -0.00000000  -0.00000000
 -0.00041792   0.00869531    -0.00998806  -0.01139786    -0.00000000  -0.00000000
 -0.00000000  -0.00000000    -0.00000000  -0.00000000    -0.00352353   0.00898660
    1    6
  0.00293641   0.00121630    -0.00277616  -0.00114992    -0.00042531   0.00102678
 -0.00277616  -0.00114992     0.00293641   0.00121630    -0.00042531   0.00102678
 -0.00335152   0.00809128    -0.00335152   0.00809128    -0.00413119  -0.00171119
    1    7
  0.00293641  -0.00121630    -0.00277616   0.00114992    -0.00042531  -0.00102678
 -0.00277616   0.00114992     0.00293641  -0.00121630    -0.00042531  -0.00102678
 -0.00335152  -0.00809128    -0.00335152  -0.00809128    -0.00413119   0.00171119
    2    1
 -0.00998806  -0.01139786     0.00616980   0.01165677     0.00000000   0.00000000
 -0.00041792   0.00869531     0.00015791  -0.00865890     0.00000000   0.00000000
  0.00000000  -0.00000000     0.00000000  -0.00000000    -0.00352353   0.00898660
    2    2
  0.03637516   0.00000000    -0.00422442   0.00939993    -0.00000000   0.00000000
 -0.00422442  -0.00939993     0.07100005   0.00000000    -0.00000000   0.00000000
 -0.00000000   0.00000000    -0.00000000   0.00000000     0.04165865  -0.00000000
    2    3
 -0.00990790   0.00066909     0.00826086  -0.01186246     0.00000000   0.00000000
  0.00826086  -0.01186246    -0.06408841  -0.00792506     0.00000000   0.00000000
  0.00000000   0.00000000     0.00000000   0.00000000    -0.03060432  -0.02265661
    2    4
  0.00217141  -0.01132138    -0.01835060  -0.00000000     0.00000000  -0.00000000
 -0.06786952  -0.00000000     0.00217141   0.01132138     0.00000000  -0.00000000
  0.00000000   0.00000000     0.00000000   0.00000000    -0.00504011  -0.00000000
    2    5
 -0.00974263   0.01025211     0.01243986   0.00608771     0.00000000  -0.00000000
  0.06427350   0.00804439    -0.00974263   0.01025211     0.00000000  -0.00000000
  0.00000000  -0.00000000     0.00000000  -0.00000000     0.00090679   0.00605762
    2    6
 -0.00334336  -0.00316790     0.00214688  -0.00043225    -0.00670796  -0.00098484
 -0.00239821   0.00268119     0.00297989  -0.00201153     0.00079324  -0.00132104
 -0.03015385  -0.02583258     0.00231174   0.00536994     0.00344579  -0.00585124
    2    7
 -0.00460416   0.00012407     0.00121242  -0.00182372     0.00543963  -0.00404686
  0.00020010   0.00359168     0.00068473  -0.00352947     0.00037321   0.00149503
  0.03958838  -0.00305561    -0.00543176  -0.00216247    -0.00170091  -0.00657400
    3    1
 -0.00998806   0.01139786     0.00616980  -0.01165677     0.00000000   0.00000000
 -0.00041792  -0.00869531     0.00015791   0.00865890     0.00000000   0.00000000
 -0.00000000   0.00000000    -0.00000000   0.00000000    -0.00352353  -0.00898660
    3    2
 -0.00990790  -0.00066909     0.00826086   0.01186246     0.00000000  -0.00000000
  0.00826086   0.01186246    -0.06408841   0.00792506     0.00000000  -0.00000000
  0.00000000  -0.00000000     0.00000000  -0.00000000    -0.03060432   0.02265661
    3    3
  0.03637516  -0.00000000    -0.00422442  -0.00939993    -0.00000000   0.00000000
 -0.00422442   0.00939993     0.07100005  -0.00000000    -0.00000000   0.00000000
 -0.00000000   0.00000000    -0.00000000   0.00000000     0.04165865   0.00000000
    3    4
 -0.00974263  -0.01025211     0.01243986  -0.00608771     0.00000000   0.00000000
  0.06427350  -0.00804439    -0.00974263  -0.01025211     0.00000000   0.00000000
  0.00000000   0.00000000     0.00000000  -0.00000000     0.00090679  -0.00605762
    3    5
  0.00217141   0.01132138    -0.01835060  -0.00000000     0.00000000   0.00000000
 -0.06786952  -0.00000000     0.00217141  -0.01132138     0.00000000   0.00000000
  0.00000000   0.00000000     0.00000000   0.00000000    -0.00504011  -0.00000000
    3    6
 -0.00460416  -0.00012407     0.00121242   0.00182372     0.00543963   0.00404686
  0.00020010  -0.00359168     0.00068473   0.00352947     0.00037321  -0.00149503
  0.03958838   0.00305561    -0.00543176   0.00216247    -0.00170091   0.00657400
    3    7
 -0.00334336   0.00316790     0.00214688   0.00043225    -0.00670796   0.00098484
 -0.00239821  -0.00268119     0.00297989   0.00201153     0.00079324   0.00132104
 -0.03015385   0.02583258     0.00231174  -0.00536994     0.00344579   0.00585124
    4    1
  0.00015791  -0.00865890    -0.00041792   0.00869531     0.00000000   0.00000000
  0.00616980   0.01165677    -0.00998806  -0.01139786    -0.00000000   0.00000000
 -0.00000000   0.00000000     0.00000000   0.00000000    -0.00352353   0.00898660
    4    2
  0.00217141   0.01132138    -0.06786952   0.00000000     0.00000000   0.00000000
 -0.01835060   0.00000000     0.00217141  -0.01132138    -0.00000000   0.00000000
  0.00000000   0.00000000     0.00000000   0.00000000    -0.00504011   0.00000000
    4    3
 -0.00974263   0.01025211     0.06427350   0.00804439     0.00000000  -0.00000000
  0.01243986   0.00608771    -0.00974263   0.01025211     0.00000000  -0.00000000
  0.00000000  -0.00000000     0.00000000  -0.00000000     0.00090679   0.00605762
    4    4
  0.07100005   0.00000000    -0.00422442  -0.00939993    -0.00000000   0.00000000
 -0.00422442   0.00939993     0.03637516   0.00000000    -0.00000000   0.00000000
 -0.00000000   0.00000000    -0.00000000   0.00000000     0.04165865  -0.00000000
    4    5
 -0.06408841  -0.00792506     0.00826086  -0.01186246     0.00000000   0.00000000
  0.00826086  -0.01186246    -0.00990790   0.00066909     0.00000000   0.00000000
  0.00000000   0.00000000     0.00000000   0.00000000    -0.03060432  -0.02265661
    4    6
  0.00297989  -0.00201153    -0.00239821   0.00268119     0.00079324  -0.00132104
  0.00214688  -0.00043225    -0.00334336  -0.00316790    -0.00670796  -0.00098484
  0.00231174   0.00536994    -0.03015385  -0.02583258     0.00344579  -0.00585124
    4    7
  0.00068473  -0.00352947     0.00020010   0.00359168     0.00037321   0.00149503
  0.00121242  -0.00182372    -0.00460416   0.00012407     0.00543963  -0.00404686
 -0.00543176  -0.00216247     0.03958838  -0.00305561    -0.00170091  -0.00657400
    5    1
  0.00015791   0.00865890    -0.00041792  -0.00869531    -0.00000000   0.00000000
  0.00616980  -0.01165677    -0.00998806   0.01139786    -0.00000000   0.00000000
  0.00000000   0.00000000     0.00000000   0.00000000    -0.00352353  -0.00898660
    5    2
 -0.00974263  -0.01025211     0.06427350  -0.00804439     0.00000000   0.00000000
  0.01243986  -0.00608771    -0.00974263  -0.01025211     0.00000000   0.00000000
  0.00000000  -0.00000000     0.00000000   0.00000000     0.00090679  -0.00605762
    5    3
  0.00217141  -0.01132138    -0.06786952   0.00000000     0.00000000   0.00000000
 -0.01835060   0.00000000     0.00217141   0.01132138     0.00000000   0.00000000
  0.00000000   0.00000000     0.00000000   0.00000000    -0.00504011   0.00000000
    5    4
 -0.06408841   0.00792506     0.00826086   0.01186246     0.00000000  -0.00000000
  0.00826086   0.01186246    -0.00990790  -0.00066909     0.00000000  -0.00000000
  0.00000000  -0.00000000     0.00000000  -0.00000000    -0.03060432   0.02265661
    5    5
  0.07100005  -0.00000000    -0.00422442   0.00939993    -0.00000000   0.00000000
 -0.00422442  -0.00939993     0.03637516   0.00000000    -0.00000000   0.00000000
 -0.00000000   0.00000000    -0.00000000   0.00000000     0.04165865   0.00000000
    5    6
  0.00068473   0.00352947     0.00020010  -0.00359168     0.00037321  -0.00149503
  0.00121242   0.00182372    -0.00460416  -0.00012407     0.00543963   0.00404686
 -0.00543176   0.00216247     0.03958838   0.00305561    -0.00170091   0.00657400
    5    7
  0.00297989   0.00201153    -0.00239821  -0.00268119     0.00079324   0.00132104
  0.00214688   0.00043225    -0.00334336   0.00316790    -0.00670796   0.00098484
  0.00231174  -0.00536994    -0.03015385   0.02583258     0.00344579   0.00585124
    6    1
  0.00293641  -0.00121630    -0.00277616   0.00114992    -0.00335152  -0.00809128
 -0.00277616   0.00114992     0.00293641  -0.00121630    -0.00335152  -0.00809128
 -0.00042531  -0.00102678    -0.00042531  -0.00102678    -0.00413119   0.00171119
    6    2
 -0.00334336   0.00316790    -0.00239821  -0.00268119    -0.03015385   0.02583258
  0.00214688   0.00043225     0.00297989   0.00201153     0.00231174  -0.00536994
 -0.00670796   0.00098484     0.00079324   0.00132104     0.00344579   0.00585124
    6    3
 -0.00460416   0.00012407     0.00020010   0.00359168     0.03958838  -0.00305561
  0.00121242  -0.00182372     0.00068473  -0.00352947    -0.00543176  -0.00216247
  0.00543963  -0.00404686     0.00037321   0.00149503    -0.00170091  -0.00657400
    6    4
  0.00297989   0.00201153     0.00214688   0.00043225     0.00231174  -0.00536994
 -0.00239821  -0.00268119    -0.00334336   0.00316790    -0.03015385   0.02583258
  0.00079324   0.00132104    -0.00670796   0.00098484     0.00344579   0.00585124
    6    5
  0.00068473  -0.00352947     0.00121242  -0.00182372    -0.00543176  -0.00216247
  0.00020010   0.00359168    -0.00460416   0.00012407     0.03958838  -0.00305561
  0.00037321   0.00149503     0.00543963  -0.00404686    -0.00170091  -0.00657400
    6    6
  0.04570713  -0.00000000    -0.00774440  -0.00000000    -0.00000000   0.00474516
 -0.00774440  -0.00000000     0.04570713  -0.00000000    -0.00000000   0.00474516
 -0.00000000  -0.00474516     0.00000000  -0.00474516     0.01828088   0.00000000
    6    7
 -0.02712523   0.02712524     0.00369683  -0.00369683     0.00633643   0.00633642
  0.00369683  -0.00369683    -0.02712523   0.02712524     0.00633643   0.00633642
  0.00633643   0.00633642     0.00633643   0.00633642    -0.00415301   0.00415301
    7    1
  0.00293641   0.00121630    -0.00277616  -0.00114992    -0.00335152   0.00809128
 -0.00277616  -0.00114992     0.00293641   0.00121630    -0.00335152   0.00809128
 -0.00042531   0.00102678    -0.00042531   0.00102678    -0.00413119  -0.00171119
    7    2
 -0.00460416  -0.00012407     0.00020010  -0.00359168     0.03958838   0.00305561
  0.00121242   0.00182372     0.00068473   0.00352947    -0.00543176   0.00216247
  0.00543963   0.00404686     0.00037321  -0.00149503    -0.00170091   0.00657400
    7    3
 -0.00334336  -0.00316790    -0.00239821   0.00268119    -0.03015385  -0.02583258
  0.00214688  -0.00043225     0.00297989  -0.00201153     0.00231174   0.00536994
 -0.00670796  -0.00098484     0.00079324  -0.00132104     0.00344579  -0.00585124
    7    4
  0.00068473   0.00352947     0.00121242   0.00182372    -0.00543176   0.00216247
  0.00020010  -0.00359168    -0.00460416  -0.00012407     0.03958838   0.00305561
  0.00037321  -0.00149503     0.00543963   0.00404686    -0.00170091   0.00657400
    7    5
  0.00297989  -0.00201153     0.00214688  -0.00043225     0.00231174   0.00536994
 -0.00239821   0.00268119    -0.00334336  -0.00316790    -0.03015385  -0.02583258
  0.00079324  -0.00132104    -0.00670796  -0.00098484     0.00344579  -0.00585124
    7    6
 -0.02712523  -0.02712524     0.00369683   0.00369683     0.00633643  -0.00633642
  0.00369683   0.00369683    -0.02712523  -0.02712524     0.00633643  -0.00633642
  0.00633643  -0.00633642     0.00633643  -0.00633642    -0.00415301  -0.00415301
    7    7
  0.04570713   0.00000000    -0.00774440   0.00000000     0.00000000  -0.00474516
 -0.00774440   0.00000000     0.04570713   0.00000000    -0.00000000  -0.00474516
 -0.00000000   0.00474516     0.00000000   0.00474516     0.01828088   0.00000000

     Dynamical  Matrix in cartesian axes

     q = (   -0.108253200   0.108253200   0.000000000 ) 

    1    1
  0.05107822  -0.00000000    -0.03300754   0.00000000     0.00000000   0.00000000
 -0.03300754   0.00000000     0.05107822  -0.00000000     0.00000000   0.00000000
  0.00000000   0.00000000     0.00000000   0.00000000     0.01216596   0.00000000
    1    2
 -0.00998806  -0.01139786    -0.00041792   0.00869531     0.00000000   0.00000000
  0.00616980   0.01165677     0.00015791  -0.00865890    -0.00000000  -0.00000000
  0.00000000  -0.00000000    -0.00000000   0.00000000    -0.00352353   0.00898660
    1    3
 -0.00998806   0.01139786    -0.00041792  -0.00869531     0.00000000  -0.00000000
  0.00616980  -0.01165677     0.00015791   0.00865890     0.00000000  -0.00000000
  0.00000000  -0.00000000     0.00000000  -0.00000000    -0.00352353  -0.00898660
    1    4
  0.00015791  -0.00865890     0.00616980   0.01165677    -0.00000000  -0.00000000
 -0.00041792   0.00869531    -0.00998806  -0.01139786    -0.00000000  -0.00000000
 -0.00000000  -0.00000000    -0.00000000  -0.00000000    -0.00352353   0.00898660
    1    5
  0.00015791   0.00865890     0.00616980  -0.01165677     0.00000000  -0.00000000
 -0.00041792  -0.00869531    -0.00998806   0.01139786     0.00000000   0.00000000
 -0.00000000   0.00000000    -0.00000000  -0.00000000    -0.00352353  -0.00898660
    1    6
  0.00293641  -0.00121630    -0.00277616   0.00114992    -0.00042531  -0.00102678
 -0.00277616   0.00114992     0.00293641  -0.00121630    -0.00042531  -0.00102678
 -0.00335152  -0.00809128    -0.00335152  -0.00809128    -0.00413119   0.00171119
    1    7
  0.00293641   0.00121630    -0.00277616  -0.00114992    -0.00042531   0.00102678
 -0.00277616  -0.00114992     0.00293641   0.00121630    -0.00042531   0.00102678
