  4.500000000000000E-002   1.25986529217407        2.41685017272211     
          24

     Dynamical  Matrix in cartesian axes

     q = (    0.216506400   0.108253200   0.108253200 ) 

    1    1
  0.06862604   0.00000000     0.01660387   0.00000000     0.01660387   0.00000000
  0.01660387   0.00000000     0.02761689   0.00000000     0.00183843   0.00000000
  0.01660387   0.00000000     0.00183843   0.00000000     0.02761689   0.00000000
    1    2
 -0.00268790   0.00268790     0.00931105   0.00316970    -0.00316970  -0.00931105
 -0.00218403   0.00290666     0.00495384   0.00810171    -0.00158458  -0.00383626
 -0.00290666   0.00218403     0.00383626   0.00158458    -0.00810171  -0.00495384
    1    3
 -0.00268790   0.00268790    -0.00316970  -0.00931105     0.00931105   0.00316970
 -0.00290666   0.00218403    -0.00810171  -0.00495384     0.00383626   0.00158458
 -0.00218403   0.00290666    -0.00158458  -0.00383626     0.00495384   0.00810171
    1    4
 -0.00449661  -0.00385390    -0.01220758   0.00805708     0.01508884   0.00675298
 -0.00719560  -0.00494454    -0.00403219   0.00382175     0.00548543   0.00257829
 -0.00077176  -0.00290016    -0.00325387   0.00469446     0.00535248   0.00385722
    1    5
  0.00385391   0.00449660    -0.00805707   0.01220759    -0.00675298  -0.01508884
  0.00494454   0.00719559    -0.00382175   0.00403219    -0.00257830  -0.00548543
  0.00290016   0.00077176    -0.00469446   0.00325387    -0.00385723  -0.00535248
    1    6
  0.00385391   0.00449660    -0.00675298  -0.01508884    -0.00805707   0.01220759
  0.00290016   0.00077176    -0.00385723  -0.00535248    -0.00469446   0.00325387
  0.00494454   0.00719559    -0.00257830  -0.00548543    -0.00382175   0.00403219
    1    7
 -0.00449661  -0.00385390     0.01508884   0.00675298    -0.01220758   0.00805708
 -0.00077176  -0.00290016     0.00535248   0.00385722    -0.00325387   0.00469446
 -0.00719560  -0.00494454     0.00548543   0.00257829    -0.00403219   0.00382175
    2    1
 -0.00268790  -0.00268790    -0.00218403  -0.00290666    -0.00290666  -0.00218403
  0.00931105  -0.00316970     0.00495384  -0.00810171     0.00383626  -0.00158458
 -0.00316970   0.00931105    -0.00158458   0.00383626    -0.00810171   0.00495384
    2    2
  0.02750851  -0.00000000     0.00350762  -0.00050309     0.00350762   0.00050309
  0.00350762   0.00050309     0.03453943  -0.00000000     0.00674686  -0.00402009
  0.00350762  -0.00050309     0.00674686   0.00402009     0.03453943  -0.00000000
    2    3
  0.00794150   0.00000000    -0.00092095   0.00525824    -0.00092095  -0.00525824
 -0.00092095   0.00525824    -0.02301076   0.01436518    -0.00714623   0.00000000
 -0.00092095  -0.00525824    -0.00714623   0.00000000    -0.02301076  -0.01436518
    2    4
 -0.00566477   0.00762032    -0.00561260   0.00212043     0.00033216  -0.00055931
 -0.02423565   0.01669765    -0.00226713   0.00767507    -0.00669395   0.00673204
 -0.00719460   0.00408782    -0.00104624  -0.00110486     0.00712851   0.00828125
    2    5
 -0.00172057  -0.00432516     0.00319432  -0.00118044     0.00097597  -0.00104477
  0.03018914   0.00066307    -0.00252998   0.00454706     0.00770589  -0.00695321
  0.00557938   0.00728581     0.00014823   0.00218866    -0.00532542  -0.00478797
    2    6
 -0.00566477  -0.00762032     0.00033216   0.00055931    -0.00561260  -0.00212043
 -0.00719460  -0.00408782     0.00712851  -0.00828125    -0.00104624   0.00110486
 -0.02423565  -0.01669765    -0.00669395  -0.00673204    -0.00226713  -0.00767507
    2    7
 -0.00172057   0.00432516     0.00097597   0.00104477     0.00319432   0.00118044
  0.00557938  -0.00728581    -0.00532542   0.00478797     0.00014823  -0.00218866
  0.03018914  -0.00066307     0.00770589   0.00695321    -0.00252998  -0.00454706
    3    1
 -0.00268790  -0.00268790    -0.00290666  -0.00218403    -0.00218403  -0.00290666
 -0.00316970   0.00931105    -0.00810171   0.00495384    -0.00158458   0.00383626
  0.00931105  -0.00316970     0.00383626  -0.00158458     0.00495384  -0.00810171
    3    2
  0.00794150  -0.00000000    -0.00092095  -0.00525824    -0.00092095   0.00525824
 -0.00092095  -0.00525824    -0.02301076  -0.01436518    -0.00714623  -0.00000000
 -0.00092095   0.00525824    -0.00714623  -0.00000000    -0.02301076   0.01436518
    3    3
  0.02750851   0.00000000     0.00350762   0.00050309     0.00350762  -0.00050309
  0.00350762  -0.00050309     0.03453943   0.00000000     0.00674686   0.00402009
  0.00350762   0.00050309     0.00674686  -0.00402009     0.03453943   0.00000000
    3    4
 -0.00172057   0.00432516     0.00319432   0.00118044     0.00097597   0.00104477
  0.03018914  -0.00066307    -0.00252998  -0.00454706     0.00770589   0.00695321
  0.00557938  -0.00728581     0.00014823  -0.00218866    -0.00532542   0.00478797
    3    5
 -0.00566477  -0.00762032    -0.00561260  -0.00212043     0.00033216   0.00055931
 -0.02423565  -0.01669765    -0.00226713  -0.00767507    -0.00669395  -0.00673204
 -0.00719460  -0.00408782    -0.00104624   0.00110486     0.00712851  -0.00828125
    3    6
 -0.00172057  -0.00432516     0.00097597  -0.00104477     0.00319432  -0.00118044
  0.00557938   0.00728581    -0.00532542  -0.00478797     0.00014823   0.00218866
  0.03018914   0.00066307     0.00770589  -0.00695321    -0.00252998   0.00454706
    3    7
 -0.00566477   0.00762032     0.00033216  -0.00055931    -0.00561260   0.00212043
 -0.00719460   0.00408782     0.00712851   0.00828125    -0.00104624  -0.00110486
 -0.02423565   0.01669765    -0.00669395   0.00673204    -0.00226713   0.00767507
    4    1
 -0.00449661   0.00385390    -0.00719560   0.00494454    -0.00077176   0.00290016
 -0.01220758  -0.00805708    -0.00403219  -0.00382175    -0.00325387  -0.00469446
  0.01508884  -0.00675298     0.00548543  -0.00257829     0.00535248  -0.00385722
    4    2
 -0.00566477  -0.00762032    -0.02423565  -0.01669765    -0.00719460  -0.00408782
 -0.00561260  -0.00212043    -0.00226713  -0.00767507    -0.00104624   0.00110486
  0.00033216   0.00055931    -0.00669395  -0.00673204     0.00712851  -0.00828125
    4    3
 -0.00172057  -0.00432516     0.03018914   0.00066307     0.00557938   0.00728581
  0.00319432  -0.00118044    -0.00252998   0.00454706     0.00014823   0.00218866
  0.00097597  -0.00104477     0.00770589  -0.00695321    -0.00532542  -0.00478797
    4    4
  0.03615199   0.00000000     0.00216924  -0.00199010     0.00846419   0.00401463
  0.00216924   0.00199010     0.01815286  -0.00000000     0.00026434  -0.00315997
  0.00846419  -0.00401463     0.00026434   0.00315997     0.04087265   0.00000000
    4    5
 -0.02140118  -0.01571588     0.00085425  -0.00455948    -0.00773550  -0.00431992
  0.00085425  -0.00455948     0.00532214   0.00203172    -0.00202029   0.00465385
 -0.00773550  -0.00431992    -0.00202029   0.00465385    -0.03562695  -0.00372997
    4    6
  0.00572030   0.01203180    -0.00741589  -0.00271286    -0.00033442  -0.00001681
 -0.00033442  -0.00001681    -0.00449028   0.00527721    -0.00220871  -0.00293658
 -0.00741589  -0.00271286    -0.03731317  -0.00403825    -0.00449028   0.00527721
    4    7
 -0.00508772   0.00000000     0.00727322   0.00489075    -0.00136562   0.00156740
 -0.00136562  -0.00156740    -0.00200704  -0.00561880    -0.00102728  -0.00000000
  0.00727322  -0.00489075     0.03732150   0.00000000    -0.00200704   0.00561880
    5    1
  0.00385391  -0.00449660     0.00494454  -0.00719559     0.00290016  -0.00077176
 -0.00805707  -0.01220759    -0.00382175  -0.00403219    -0.00469446  -0.00325387
 -0.00675298   0.01508884    -0.00257830   0.00548543    -0.00385723   0.00535248
    5    2
 -0.00172057   0.00432516     0.03018914  -0.00066307     0.00557938  -0.00728581
  0.00319432   0.00118044    -0.00252998  -0.00454706     0.00014823  -0.00218866
  0.00097597   0.00104477     0.00770589   0.00695321    -0.00532542   0.00478797
    5    3
 -0.00566477   0.00762032    -0.02423565   0.01669765    -0.00719460   0.00408782
 -0.00561260   0.00212043    -0.00226713   0.00767507    -0.00104624  -0.00110486
  0.00033216  -0.00055931    -0.00669395   0.00673204     0.00712851   0.00828125
    5    4
 -0.02140118   0.01571588     0.00085425   0.00455948    -0.00773550   0.00431992
  0.00085425   0.00455948     0.00532214  -0.00203172    -0.00202029  -0.00465385
 -0.00773550   0.00431992    -0.00202029  -0.00465385    -0.03562695   0.00372997
    5    5
  0.03615199  -0.00000000     0.00216924   0.00199010     0.00846419  -0.00401463
  0.00216924  -0.00199010     0.01815286   0.00000000     0.00026434   0.00315997
  0.00846419   0.00401463     0.00026434  -0.00315997     0.04087265  -0.00000000
    5    6
 -0.00508772  -0.00000000     0.00727322  -0.00489075    -0.00136562  -0.00156740
 -0.00136562   0.00156740    -0.00200704   0.00561880    -0.00102728   0.00000000
  0.00727322   0.00489075     0.03732150   0.00000000    -0.00200704  -0.00561880
    5    7
  0.00572030  -0.01203180    -0.00741589   0.00271286    -0.00033442   0.00001681
 -0.00033442   0.00001681    -0.00449028  -0.00527721    -0.00220871   0.00293658
 -0.00741589   0.00271286    -0.03731317   0.00403825    -0.00449028  -0.00527721
    6    1
  0.00385391  -0.00449660     0.00290016  -0.00077176     0.00494454  -0.00719559
 -0.00675298   0.01508884    -0.00385723   0.00535248    -0.00257830   0.00548543
 -0.00805707  -0.01220759    -0.00469446  -0.00325387    -0.00382175  -0.00403219
    6    2
 -0.00566477   0.00762032    -0.00719460   0.00408782    -0.02423565   0.01669765
  0.00033216  -0.00055931     0.00712851   0.00828125    -0.00669395   0.00673204
 -0.00561260   0.00212043    -0.00104624  -0.00110486    -0.00226713   0.00767507
    6    3
 -0.00172057   0.00432516     0.00557938  -0.00728581     0.03018914  -0.00066307
  0.00097597   0.00104477    -0.00532542   0.00478797     0.00770589   0.00695321
  0.00319432   0.00118044     0.00014823  -0.00218866    -0.00252998  -0.00454706
    6    4
  0.00572030  -0.01203180    -0.00033442   0.00001681    -0.00741589   0.00271286
 -0.00741589   0.00271286    -0.00449028  -0.00527721    -0.03731317   0.00403825
 -0.00033442   0.00001681    -0.00220871   0.00293658    -0.00449028  -0.00527721
    6    5
 -0.00508772   0.00000000    -0.00136562  -0.00156740     0.00727322  -0.00489075
  0.00727322   0.00489075    -0.00200704  -0.00561880     0.03732150  -0.00000000
 -0.00136562   0.00156740    -0.00102728  -0.00000000    -0.00200704   0.00561880
    6    6
  0.03615199  -0.00000000     0.00846419  -0.00401463     0.00216924   0.00199010
  0.00846419   0.00401463     0.04087265  -0.00000000     0.00026434  -0.00315997
  0.00216924  -0.00199010     0.00026434   0.00315997     0.01815286  -0.00000000
    6    7
 -0.02140118   0.01571588    -0.00773550   0.00431992     0.00085425   0.00455948
 -0.00773550   0.00431992    -0.03562695   0.00372997    -0.00202029  -0.00465385
  0.00085425   0.00455948    -0.00202029  -0.00465385     0.00532214  -0.00203172
    7    1
 -0.00449661   0.00385390    -0.00077176   0.00290016    -0.00719560   0.00494454
  0.01508884  -0.00675298     0.00535248  -0.00385722     0.00548543  -0.00257829
 -0.01220758  -0.00805708    -0.00325387  -0.00469446    -0.00403219  -0.00382175
    7    2
 -0.00172057  -0.00432516     0.00557938   0.00728581     0.03018914   0.00066307
  0.00097597  -0.00104477    -0.00532542  -0.00478797     0.00770589  -0.00695321
  0.00319432  -0.00118044     0.00014823   0.00218866    -0.00252998   0.00454706
    7    3
 -0.00566477  -0.00762032    -0.00719460  -0.00408782    -0.02423565  -0.01669765
  0.00033216   0.00055931     0.00712851  -0.00828125    -0.00669395  -0.00673204
 -0.00561260  -0.00212043    -0.00104624   0.00110486    -0.00226713  -0.00767507
    7    4
 -0.00508772   0.00000000    -0.00136562   0.00156740     0.00727322   0.00489075
  0.00727322  -0.00489075    -0.00200704   0.00561880     0.03732150  -0.00000000
 -0.00136562  -0.00156740    -0.00102728   0.00000000    -0.00200704  -0.00561880
    7    5
  0.00572030   0.01203180    -0.00033442  -0.00001681    -0.00741589  -0.00271286
 -0.00741589  -0.00271286    -0.00449028   0.00527721    -0.03731317  -0.00403825
 -0.00033442  -0.00001681    -0.00220871  -0.00293658    -0.00449028   0.00527721
    7    6
 -0.02140118  -0.01571588    -0.00773550  -0.00431992     0.00085425  -0.00455948
 -0.00773550  -0.00431992    -0.03562695  -0.00372997    -0.00202029   0.00465385
  0.00085425  -0.00455948    -0.00202029   0.00465385     0.00532214   0.00203172
    7    7
  0.03615199   0.00000000     0.00846419   0.00401463     0.00216924  -0.00199010
  0.00846419  -0.00401463     0.04087265   0.00000000     0.00026434   0.00315997
  0.00216924   0.00199010     0.00026434  -0.00315997     0.01815286   0.00000000

     Dynamical  Matrix in cartesian axes

     q = (   -0.216506400   0.108253200  -0.108253200 ) 

    1    1
  0.06862604  -0.00000000    -0.01660387   0.00000000     0.01660387  -0.00000000
 -0.01660387   0.00000000     0.02761689  -0.00000000    -0.00183843   0.00000000
  0.01660387  -0.00000000    -0.00183843   0.00000000     0.02761689  -0.00000000
    1    2
 -0.00268790  -0.00268790    -0.00931105   0.00316970    -0.00316970   0.00931105
  0.00218403   0.00290666     0.00495384  -0.00810171     0.00158458  -0.00383626
 -0.00290666  -0.00218403    -0.00383626   0.00158458    -0.00810171   0.00495384
    1    3
 -0.00380126   0.00000000    -0.00434259  -0.00882522     0.00434259  -0.00882522
  0.00359966  -0.00051098    -0.00222588   0.00923167    -0.00159218   0.00383311
 -0.00359966  -0.00051098    -0.00159218  -0.00383311    -0.00222588  -0.00923167
    1    4
  0.00385391  -0.00449660     0.00805707   0.01220759    -0.00675298   0.01508884
 -0.00494454   0.00719559    -0.00382175  -0.00403219     0.00257830  -0.00548543
  0.00290016  -0.00077176     0.00469446   0.00325387    -0.00385723   0.00535248
    1    5
 -0.00045446   0.00590470     0.01432928  -0.00293485     0.00589434  -0.01544450
  0.00159173  -0.00858437    -0.00555358   0.00014881    -0.00205565   0.00570191
  0.00150501   0.00259644     0.00562032   0.00101865     0.00105730  -0.00651224
    1    6
 -0.00045446  -0.00590470    -0.00589434  -0.01544450    -0.01432928  -0.00293485
 -0.00150501   0.00259644     0.00105730   0.00651224     0.00562032  -0.00101865
 -0.00159173  -0.00858437    -0.00205565  -0.00570191    -0.00555358  -0.00014881
    1    7
 -0.00449661   0.00385390    -0.01508884   0.00675298    -0.01220758  -0.00805708
  0.00077176  -0.00290016     0.00535248  -0.00385722     0.00325387   0.00469446
 -0.00719560   0.00494454    -0.00548543   0.00257829    -0.00403219  -0.00382175
    2    1
 -0.00268790   0.00268790     0.00218403  -0.00290666    -0.00290666   0.00218403
 -0.00931105  -0.00316970     0.00495384   0.00810171    -0.00383626  -0.00158458
 -0.00316970  -0.00931105     0.00158458   0.00383626    -0.00810171  -0.00495384
    2    2
  0.02750851   0.00000000    -0.00350762  -0.00050309     0.00350762  -0.00050309
 -0.00350762   0.00050309     0.03453943   0.00000000    -0.00674686  -0.00402009
  0.00350762   0.00050309    -0.00674686   0.00402009     0.03453943   0.00000000
    2    3
  0.00561549  -0.00561549     0.00436935   0.00306692     0.00306693   0.00436935
  0.00436935   0.00306692    -0.02642878   0.00611335     0.00505315  -0.00505315
  0.00306693   0.00436935     0.00505315  -0.00505315    -0.00611335   0.02642878
    2    4
 -0.00172057   0.00432516    -0.00319432  -0.00118044     0.00097597   0.00104477
 -0.03018914   0.00066307    -0.00252998  -0.00454706    -0.00770589  -0.00695321
  0.00557938  -0.00728581    -0.00014823   0.00218866    -0.00532542   0.00478797
    2    5
 -0.00939398  -0.00138278     0.00546808  -0.00246933     0.00063037   0.00016062
  0.02894421  -0.00533018    -0.00703019  -0.00382399     0.00949361   0.00002693
 -0.00797788   0.00219683    -0.00004145  -0.00152106    -0.00081511  -0.01089635
    2    6
  0.00138278   0.00939397     0.00016062   0.00063037    -0.00246933   0.00546808
  0.00219683  -0.00797788     0.01089635   0.00081510     0.00152106   0.00004145
 -0.00533017   0.02894422    -0.00002693  -0.00949361     0.00382400   0.00703019
    2    7
 -0.00172057  -0.00432516    -0.00097597   0.00104477     0.00319432  -0.00118044
 -0.00557938  -0.00728581    -0.00532542  -0.00478797    -0.00014823  -0.00218866
  0.03018914   0.00066307    -0.00770589   0.00695321    -0.00252998   0.00454706
    3    1
 -0.00380126  -0.00000000     0.00359966   0.00051098    -0.00359966   0.00051098
 -0.00434259   0.00882522    -0.00222588  -0.00923167    -0.00159218   0.00383311
  0.00434259   0.00882522    -0.00159218  -0.00383311    -0.00222588   0.00923167
    3    2
  0.00561549   0.00561549     0.00436935  -0.00306692     0.00306693  -0.00436935
  0.00436935  -0.00306692    -0.02642878  -0.00611335     0.00505315   0.00505315
  0.00306693  -0.00436935     0.00505315   0.00505315    -0.00611335  -0.02642878
    3    3
  0.02750851   0.00000000    -0.00350762   0.00050309     0.00350762   0.00050309
 -0.00350762  -0.00050309     0.03453943   0.00000000    -0.00674686   0.00402009
  0.00350762  -0.00050309    -0.00674686  -0.00402009     0.03453943   0.00000000
    3    4
 -0.00939398   0.00138278     0.00546808   0.00246933     0.00063037  -0.00016062
  0.02894421   0.00533018    -0.00703019   0.00382399     0.00949361  -0.00002693
 -0.00797788  -0.00219683    -0.00004145   0.00152106    -0.00081511   0.01089635
    3    5
 -0.00172057  -0.00432516    -0.00319432   0.00118044     0.00097597  -0.00104477
 -0.03018914  -0.00066307    -0.00252998   0.00454706    -0.00770589   0.00695321
  0.00557938   0.00728581    -0.00014823  -0.00218866    -0.00532542  -0.00478797
    3    6
 -0.00172057   0.00432516    -0.00097597  -0.00104477     0.00319432   0.00118044
 -0.00557938   0.00728581    -0.00532542   0.00478797    -0.00014823   0.00218866
  0.03018914  -0.00066307    -0.00770589  -0.00695321    -0.00252998  -0.00454706
    3    7
  0.00138278  -0.00939397     0.00016062  -0.00063037    -0.00246933  -0.00546808
  0.00219683   0.00797788     0.01089635  -0.00081510     0.00152106  -0.00004145
 -0.00533017  -0.02894422    -0.00002693   0.00949361     0.00382400  -0.00703019
    4    1
  0.00385391   0.00449660    -0.00494454  -0.00719559     0.00290016   0.00077176
  0.00805707  -0.01220759    -0.00382175   0.00403219     0.00469446  -0.00325387
 -0.00675298  -0.01508884     0.00257830   0.00548543    -0.00385723  -0.00535248
    4    2
 -0.00172057  -0.00432516    -0.03018914  -0.00066307     0.00557938   0.00728581
 -0.00319432   0.00118044    -0.00252998   0.00454706    -0.00014823  -0.00218866
  0.00097597  -0.00104477    -0.00770589   0.00695321    -0.00532542  -0.00478797
    4    3
 -0.00939398  -0.00138278     0.02894421  -0.00533018    -0.00797788   0.00219683
  0.00546808  -0.00246933    -0.00703019  -0.00382399    -0.00004145  -0.00152106
  0.00063037   0.00016062     0.00949361   0.00002693    -0.00081511  -0.01089635
    4    4
  0.03615199   0.00000000    -0.00216924   0.00199010     0.00846419   0.00401463
 -0.00216924  -0.00199010     0.01815286  -0.00000000    -0.00026434   0.00315997
  0.00846419  -0.00401463    -0.00026434  -0.00315997     0.04087265   0.00000000
    4    5
 -0.02624572   0.00402012     0.00262000   0.00382808    -0.00852447   0.00241518
  0.00262000   0.00382808     0.00519997  -0.00232668    -0.00186221  -0.00471933
 -0.00852447   0.00241518    -0.00186221  -0.00471933    -0.02782954   0.02255458
    4    6
 -0.00359756   0.00359756    -0.00860122   0.00168466     0.00014268   0.00207396
  0.00207396   0.00014268    -0.00539228  -0.00255390     0.00072640  -0.00072640
  0.00168466  -0.00860122    -0.02639028   0.02639029     0.00255390   0.00539228
    4    7
  0.00572030   0.01203180     0.00741589   0.00271286    -0.00033442  -0.00001681
  0.00033442   0.00001681    -0.00449028   0.00527721     0.00220871   0.00293658
 -0.00741589  -0.00271286     0.03731317   0.00403825    -0.00449028   0.00527721
    5    1
 -0.00045446  -0.00590470     0.00159173   0.00858437     0.00150501  -0.00259644
  0.01432928   0.00293485    -0.00555358  -0.00014881     0.00562032  -0.00101865
  0.00589434   0.01544450    -0.00205565  -0.00570191     0.00105730   0.00651224
    5    2
 -0.00939398   0.00138278     0.02894421   0.00533018    -0.00797788  -0.00219683
  0.00546808   0.00246933    -0.00703019   0.00382399    -0.00004145   0.00152106
  0.00063037  -0.00016062     0.00949361  -0.00002693    -0.00081511   0.01089635
    5    3
 -0.00172057   0.00432516    -0.03018914   0.00066307     0.00557938  -0.00728581
 -0.00319432  -0.00118044    -0.00252998  -0.00454706    -0.00014823   0.00218866
  0.00097597   0.00104477    -0.00770589  -0.00695321    -0.00532542   0.00478797
    5    4
 -0.02624572  -0.00402012     0.00262000  -0.00382808    -0.00852447  -0.00241518
  0.00262000  -0.00382808     0.00519997   0.00232668    -0.00186221   0.00471933
 -0.00852447  -0.00241518    -0.00186221   0.00471933    -0.02782954  -0.02255458
    5    5
  0.03615199  -0.00000000    -0.00216924  -0.00199010     0.00846419  -0.00401463
 -0.00216924   0.00199010     0.01815286   0.00000000    -0.00026434  -0.00315997
  0.00846419   0.00401463    -0.00026434   0.00315997     0.04087265   0.00000000
    5    6
  0.00572030  -0.01203180     0.00741589  -0.00271286    -0.00033442   0.00001681
  0.00033442  -0.00001681    -0.00449028  -0.00527721     0.00220871  -0.00293658
 -0.00741589   0.00271286     0.03731317  -0.00403825    -0.00449028  -0.00527721
    5    7
 -0.00359756  -0.00359756    -0.00860122  -0.00168466     0.00014268  -0.00207396
  0.00207396  -0.00014268    -0.00539228   0.00255390     0.00072640   0.00072640
  0.00168466   0.00860122    -0.02639028  -0.02639029     0.00255390  -0.00539228
    6    1
 -0.00045446   0.00590470    -0.00150501  -0.00259644    -0.00159173   0.00858437
 -0.00589434   0.01544450     0.00105730  -0.00651224    -0.00205565   0.00570191
 -0.01432928   0.00293485     0.00562032   0.00101865    -0.00555358   0.00014881
    6    2
  0.00138278  -0.00939397     0.00219683   0.00797788    -0.00533017  -0.02894422
  0.00016062  -0.00063037     0.01089635  -0.00081510    -0.00002693   0.00949361
 -0.00246933  -0.00546808     0.00152106  -0.00004145     0.00382400  -0.00703019
    6    3
 -0.00172057  -0.00432516    -0.00557938  -0.00728581     0.03018914   0.00066307
 -0.00097597   0.00104477    -0.00532542  -0.00478797    -0.00770589   0.00695321
  0.00319432  -0.00118044    -0.00014823  -0.00218866    -0.00252998   0.00454706
    6    4
 -0.00359756  -0.00359756     0.00207396  -0.00014268     0.00168466   0.00860122
 -0.00860122  -0.00168466    -0.00539228   0.00255390    -0.02639028  -0.02639029
  0.00014268  -0.00207396     0.00072640   0.00072640     0.00255390  -0.00539228
    6    5
  0.00572030   0.01203180     0.00033442   0.00001681    -0.00741589  -0.00271286
  0.00741589   0.00271286    -0.00449028   0.00527721     0.03731317   0.00403825
 -0.00033442  -0.00001681     0.00220871   0.00293658    -0.00449028   0.00527721
    6    6
  0.03615199   0.00000000    -0.00846419  -0.00401463     0.00216924  -0.00199010
 -0.00846419   0.00401463     0.04087265   0.00000000    -0.00026434  -0.00315997
  0.00216924   0.00199010    -0.00026434   0.00315997     0.01815286  -0.00000000
    6    7
 -0.00402011  -0.02624572     0.00241518   0.00852447     0.00382808  -0.00262000
  0.00241518   0.00852447    -0.02255457  -0.02782955     0.00471933  -0.00186221
  0.00382808  -0.00262000     0.00471933  -0.00186221     0.00232668   0.00519997
    7    1
 -0.00449661  -0.00385390     0.00077176   0.00290016    -0.00719560  -0.00494454
 -0.01508884  -0.00675298     0.00535248   0.00385722    -0.00548543  -0.00257829
 -0.01220758   0.00805708     0.00325387  -0.00469446    -0.00403219   0.00382175
    7    2
 -0.00172057   0.00432516    -0.00557938   0.00728581     0.03018914  -0.00066307
 -0.00097597  -0.00104477    -0.00532542   0.00478797    -0.00770589  -0.00695321
  0.00319432   0.00118044    -0.00014823   0.00218866    -0.00252998  -0.00454706
    7    3
  0.00138278   0.00939397     0.00219683  -0.00797788    -0.00533017   0.02894422
  0.00016062   0.00063037     0.01089635   0.00081510    -0.00002693  -0.00949361
 -0.00246933   0.00546808     0.00152106   0.00004145     0.00382400   0.00703019
    7    4
  0.00572030  -0.01203180     0.00033442  -0.00001681    -0.00741589   0.00271286
  0.00741589  -0.00271286    -0.00449028  -0.00527721     0.03731317  -0.00403825
 -0.00033442   0.00001681     0.00220871  -0.00293658    -0.00449028  -0.00527721
    7    5
 -0.00359756   0.00359756     0.00207396   0.00014268     0.00168466  -0.00860122
 -0.00860122   0.00168466    -0.00539228  -0.00255390    -0.02639028   0.02639029
  0.00014268   0.00207396     0.00072640  -0.00072640     0.00255390   0.00539228
    7    6
 -0.00402011   0.02624572     0.00241518  -0.00852447     0.00382808   0.00262000
  0.00241518  -0.00852447    -0.02255457   0.02782955     0.00471933   0.00186221
  0.00382808   0.00262000     0.00471933   0.00186221     0.00232668  -0.00519997
    7    7
  0.03615199  -0.00000000    -0.00846419   0.00401463     0.00216924   0.00199010
 -0.00846419  -0.00401463     0.04087265  -0.00000000    -0.00026434   0.00315997
  0.00216924  -0.00199010    -0.00026434  -0.00315997     0.01815286   0.00000000

     Dynamical  Matrix in cartesian axes

     q = (    0.216506400  -0.108253200  -0.108253200 ) 

    1    1
  0.06862604  -0.00000000    -0.01660387   0.00000000    -0.01660387   0.00000000
 -0.01660387   0.00000000     0.02761689  -0.00000000     0.00183843  -0.00000000
 -0.01660387   0.00000000     0.00183843  -0.00000000     0.02761689  -0.00000000
    1    2
 -0.00380126   0.00000000    -0.00434259  -0.00882522    -0.00434259   0.00882522
  0.00359966  -0.00051098    -0.00222588   0.00923167     0.00159218  -0.00383311
  0.00359966   0.00051098     0.00159218   0.00383311    -0.00222588  -0.00923167
    1    3
 -0.00380126   0.00000000    -0.00434259   0.00882522    -0.00434259  -0.00882522
  0.00359966   0.00051098    -0.00222588  -0.00923167     0.00159218   0.00383311
  0.00359966  -0.00051098     0.00159218  -0.00383311    -0.00222588   0.00923167
    1    4
  0.00385391   0.00449660     0.00805707  -0.01220759     0.00675298   0.01508884
 -0.00494454  -0.00719559    -0.00382175   0.00403219    -0.00257830  -0.00548543
 -0.00290016  -0.00077176    -0.00469446   0.00325387    -0.00385723  -0.00535248
    1    5
  0.00385391  -0.00449660     0.00805707   0.01220759     0.00675298  -0.01508884
 -0.00494454   0.00719559    -0.00382175  -0.00403219    -0.00257830   0.00548543
 -0.00290016   0.00077176    -0.00469446  -0.00325387    -0.00385723   0.00535248
    1    6
  0.00385391  -0.00449660     0.00675298  -0.01508884     0.00805707   0.01220759
 -0.00290016   0.00077176    -0.00385723   0.00535248    -0.00469446  -0.00325387
 -0.00494454   0.00719559    -0.00257830   0.00548543    -0.00382175  -0.00403219
    1    7
  0.00385391   0.00449660     0.00675298   0.01508884     0.00805707  -0.01220759
 -0.00290016  -0.00077176    -0.00385723  -0.00535248    -0.00469446   0.00325387
 -0.00494454  -0.00719559    -0.00257830  -0.00548543    -0.00382175   0.00403219
    2    1
 -0.00380126   0.00000000     0.00359966   0.00051098     0.00359966  -0.00051098
 -0.00434259   0.00882522    -0.00222588  -0.00923167     0.00159218  -0.00383311
 -0.00434259  -0.00882522     0.00159218   0.00383311    -0.00222588   0.00923167
    2    2
  0.02750851   0.00000000    -0.00350762   0.00050309    -0.00350762  -0.00050309
 -0.00350762  -0.00050309     0.03453943   0.00000000     0.00674686  -0.00402009
 -0.00350762   0.00050309     0.00674686   0.00402009     0.03453943   0.00000000
    2    3
  0.00794150   0.00000000     0.00092095  -0.00525824     0.00092095   0.00525824
  0.00092095  -0.00525824    -0.02301076   0.01436518    -0.00714623  -0.00000000
  0.00092095   0.00525824    -0.00714623  -0.00000000    -0.02301076  -0.01436518
    2    4
 -0.00427498  -0.00184172    -0.00142403   0.00309343     0.00004865   0.00142887
 -0.02181580   0.02087809     0.00142629   0.00500422     0.00053222  -0.01036555
 -0.00909706  -0.00120663     0.00165243   0.00144280    -0.00715124   0.00038004
    2    5
 -0.00939398   0.00138278     0.00546808   0.00246933    -0.00063037   0.00016062
  0.02894421   0.00533018    -0.00703019   0.00382399    -0.00949361   0.00002693
  0.00797788   0.00219683     0.00004145  -0.00152106    -0.00081511   0.01089635
    2    6
 -0.00427498   0.00184172     0.00004865  -0.00142887    -0.00142403  -0.00309343
 -0.00909706   0.00120663    -0.00715124  -0.00038004     0.00165243  -0.00144280
 -0.02181580  -0.02087809     0.00053222   0.01036555     0.00142629  -0.00500422
    2    7
 -0.00939398  -0.00138278    -0.00063037  -0.00016062     0.00546808  -0.00246933
  0.00797788  -0.00219683    -0.00081511  -0.01089635     0.00004145   0.00152106
  0.02894421  -0.00533018    -0.00949361  -0.00002693    -0.00703019  -0.00382399
    3    1
 -0.00380126   0.00000000     0.00359966  -0.00051098     0.00359966   0.00051098
 -0.00434259  -0.00882522    -0.00222588   0.00923167     0.00159218   0.00383311
 -0.00434259   0.00882522     0.00159218  -0.00383311    -0.00222588  -0.00923167
    3    2
  0.00794150   0.00000000     0.00092095   0.00525824     0.00092095  -0.00525824
  0.00092095   0.00525824    -0.02301076  -0.01436518    -0.00714623  -0.00000000
  0.00092095  -0.00525824    -0.00714623  -0.00000000    -0.02301076   0.01436518
    3    3
  0.02750851  -0.00000000    -0.00350762  -0.00050309    -0.00350762   0.00050309
 -0.00350762   0.00050309     0.03453943  -0.00000000     0.00674686   0.00402009
 -0.00350762  -0.00050309     0.00674686  -0.00402009     0.03453943  -0.00000000
    3    4
 -0.00939398  -0.00138278     0.00546808  -0.00246933    -0.00063037  -0.00016062
  0.02894421  -0.00533018    -0.00703019  -0.00382399    -0.00949361  -0.00002693
  0.00797788  -0.00219683     0.00004145   0.00152106    -0.00081511  -0.01089635
    3    5
 -0.00427498   0.00184172    -0.00142403  -0.00309343     0.00004865  -0.00142887
 -0.02181580  -0.02087809     0.00142629  -0.00500422     0.00053222   0.01036555
 -0.00909706   0.00120663     0.00165243  -0.00144280    -0.00715124  -0.00038004
    3    6
 -0.00939398   0.00138278    -0.00063037   0.00016062     0.00546808   0.00246933
  0.00797788   0.00219683    -0.00081511   0.01089635     0.00004145  -0.00152106
  0.02894421   0.00533018    -0.00949361   0.00002693    -0.00703019   0.00382399
    3    7
 -0.00427498  -0.00184172     0.00004865   0.00142887    -0.00142403   0.00309343
 -0.00909706  -0.00120663    -0.00715124   0.00038004     0.00165243   0.00144280
 -0.02181580   0.02087809     0.00053222  -0.01036555     0.00142629   0.00500422
    4    1
  0.00385391  -0.00449660    -0.00494454   0.00719559    -0.00290016   0.00077176
  0.00805707   0.01220759    -0.00382175  -0.00403219    -0.00469446  -0.00325387
  0.00675298  -0.01508884    -0.00257830   0.00548543    -0.00385723   0.00535248
    4    2
 -0.00427498   0.00184172    -0.02181580  -0.02087809    -0.00909706   0.00120663
 -0.00142403  -0.00309343     0.00142629  -0.00500422     0.00165243  -0.00144280
  0.00004865  -0.00142887     0.00053222   0.01036555    -0.00715124  -0.00038004
    4    3
 -0.00939398   0.00138278     0.02894421   0.00533018     0.00797788   0.00219683
  0.00546808   0.00246933    -0.00703019   0.00382399     0.00004145  -0.00152106
 -0.00063037   0.00016062    -0.00949361   0.00002693    -0.00081511   0.01089635
    4    4
  0.03615199  -0.00000000    -0.00216924  -0.00199010    -0.00846419   0.00401463
 -0.00216924   0.00199010     0.01815286   0.00000000     0.00026434   0.00315997
 -0.00846419  -0.00401463     0.00026434  -0.00315997     0.04087265   0.00000000
    4    5
 -0.01571587  -0.02140119     0.00455948  -0.00085425     0.00431991   0.00773550
  0.00455948  -0.00085425     0.00203172   0.00532214     0.00465385  -0.00202029
  0.00431991   0.00773550     0.00465385  -0.00202029    -0.00372996  -0.03562695
    4    6
  0.01203180   0.00572030     0.00271285   0.00741589     0.00001681   0.00033442
  0.00001681   0.00033442     0.00527721  -0.00449027    -0.00293658  -0.00220872
  0.00271285   0.00741589    -0.00403824  -0.03731317     0.00527721  -0.00449027
    4    7
 -0.00508772   0.00000000    -0.00727322   0.00489075     0.00136562   0.00156740
  0.00136562  -0.00156740    -0.00200704   0.00561880    -0.00102728   0.00000000
 -0.00727322  -0.00489075     0.03732150  -0.00000000    -0.00200704  -0.00561880
    5    1
  0.00385391   0.00449660    -0.00494454  -0.00719559    -0.00290016  -0.00077176
  0.00805707  -0.01220759    -0.00382175   0.00403219    -0.00469446   0.00325387
  0.00675298   0.01508884    -0.00257830  -0.00548543    -0.00385723  -0.00535248
    5    2
 -0.00939398  -0.00138278     0.02894421  -0.00533018     0.00797788  -0.00219683
  0.00546808  -0.00246933    -0.00703019  -0.00382399     0.00004145   0.00152106
 -0.00063037  -0.00016062    -0.00949361  -0.00002693    -0.00081511  -0.01089635
    5    3
 -0.00427498  -0.00184172    -0.02181580   0.02087809    -0.00909706  -0.00120663
 -0.00142403   0.00309343     0.00142629   0.00500422     0.00165243   0.00144280
  0.00004865   0.00142887     0.00053222  -0.01036555    -0.00715124   0.00038004
    5    4
 -0.01571587   0.02140119     0.00455948   0.00085425     0.00431991  -0.00773550
  0.00455948   0.00085425     0.00203172  -0.00532214     0.00465385   0.00202029
  0.00431991  -0.00773550     0.00465385   0.00202029    -0.00372996   0.03562695
    5    5
  0.03615199   0.00000000    -0.00216924   0.00199010    -0.00846419  -0.00401463
 -0.00216924  -0.00199010     0.01815286  -0.00000000     0.00026434  -0.00315997
 -0.00846419   0.00401463     0.00026434   0.00315997     0.04087265   0.00000000
    5    6
 -0.00508772   0.00000000    -0.00727322  -0.00489075     0.00136562  -0.00156740
  0.00136562   0.00156740    -0.00200704  -0.00561880    -0.00102728  -0.00000000
 -0.00727322   0.00489075     0.03732150  -0.00000000    -0.00200704   0.00561880
    5    7
  0.01203180  -0.00572030     0.00271285  -0.00741589     0.00001681  -0.00033442
  0.00001681  -0.00033442     0.00527721   0.00449027    -0.00293658   0.00220872
  0.00271285  -0.00741589    -0.00403824   0.03731317     0.00527721   0.00449027
    6    1
  0.00385391   0.00449660    -0.00290016  -0.00077176    -0.00494454  -0.00719559
  0.00675298   0.01508884    -0.00385723  -0.00535248    -0.00257830  -0.00548543
  0.00805707  -0.01220759    -0.00469446   0.00325387    -0.00382175   0.00403219
    6    2
 -0.00427498  -0.00184172    -0.00909706  -0.00120663    -0.02181580   0.02087809
  0.00004865   0.00142887    -0.00715124   0.00038004     0.00053222  -0.01036555
 -0.00142403   0.00309343     0.00165243   0.00144280     0.00142629   0.00500422
    6    3
 -0.00939398  -0.00138278     0.00797788  -0.00219683     0.02894421  -0.00533018
 -0.00063037  -0.00016062    -0.00081511  -0.01089635    -0.00949361  -0.00002693
  0.00546808  -0.00246933     0.00004145   0.00152106    -0.00703019  -0.00382399
    6    4
  0.01203180  -0.00572030     0.00001681  -0.00033442     0.00271285  -0.00741589
  0.00271285  -0.00741589     0.00527721   0.00449027    -0.00403824   0.03731317
  0.00001681  -0.00033442    -0.00293658   0.00220872     0.00527721   0.00449027
    6    5
 -0.00508772  -0.00000000     0.00136562  -0.00156740    -0.00727322  -0.00489075
 -0.00727322   0.00489075    -0.00200704   0.00561880     0.03732150   0.00000000
  0.00136562   0.00156740    -0.00102728   0.00000000    -0.00200704  -0.00561880
    6    6
  0.03615199   0.00000000    -0.00846419  -0.00401463    -0.00216924   0.00199010
 -0.00846419   0.00401463     0.04087265   0.00000000     0.00026434   0.00315997
 -0.00216924  -0.00199010     0.00026434  -0.00315997     0.01815286  -0.00000000
    6    7
 -0.01571587   0.02140119     0.00431991  -0.00773550     0.00455948   0.00085425
  0.00431991  -0.00773550    -0.00372996   0.03562695     0.00465385   0.00202029
  0.00455948   0.00085425     0.00465385   0.00202029     0.00203172  -0.00532214
    7    1
  0.00385391  -0.00449660    -0.00290016   0.00077176    -0.00494454   0.00719559
  0.00675298  -0.01508884    -0.00385723   0.00535248    -0.00257830   0.00548543
  0.00805707   0.01220759    -0.00469446  -0.00325387    -0.00382175  -0.00403219
    7    2
 -0.00939398   0.00138278     0.00797788   0.00219683     0.02894421   0.00533018
 -0.00063037   0.00016062    -0.00081511   0.01089635    -0.00949361   0.00002693
  0.00546808   0.00246933     0.00004145  -0.00152106    -0.00703019   0.00382399
    7    3
 -0.00427498   0.00184172    -0.00909706   0.00120663    -0.02181580  -0.02087809
  0.00004865  -0.00142887    -0.00715124  -0.00038004     0.00053222   0.01036555
 -0.00142403  -0.00309343     0.00165243  -0.00144280     0.00142629  -0.00500422
    7    4
 -0.00508772  -0.00000000     0.00136562   0.00156740    -0.00727322   0.00489075
 -0.00727322  -0.00489075    -0.00200704  -0.00561880     0.03732150   0.00000000
  0.00136562  -0.00156740    -0.00102728  -0.00000000    -0.00200704   0.00561880
    7    5
  0.01203180   0.00572030     0.00001681   0.00033442     0.00271285   0.00741589
  0.00271285   0.00741589     0.00527721  -0.00449027    -0.00403824  -0.03731317
  0.00001681   0.00033442    -0.00293658  -0.00220872     0.00527721  -0.00449027
    7    6
 -0.01571587  -0.02140119     0.00431991   0.00773550     0.00455948  -0.00085425
  0.00431991   0.00773550    -0.00372996  -0.03562695     0.00465385  -0.00202029
  0.00455948  -0.00085425     0.00465385  -0.00202029     0.00203172   0.00532214
    7    7
  0.03615199  -0.00000000    -0.00846419   0.00401463    -0.00216924  -0.00199010
 -0.00846419  -0.00401463     0.04087265   0.00000000     0.00026434  -0.00315997
 -0.00216924   0.00199010     0.00026434   0.00315997     0.01815286   0.00000000

     Dynamical  Matrix in cartesian axes

     q = (    0.108253200   0.216506400  -0.108253200 ) 

    1    1
  0.02761689  -0.00000000     0.01660387  -0.00000000    -0.00183843   0.00000000
  0.01660387  -0.00000000     0.06862604  -0.00000000    -0.01660387   0.00000000
 -0.00183843   0.00000000    -0.01660387   0.00000000     0.02761689   0.00000000
    1    2
 -0.00555358   0.00014881    -0.00159173   0.00858437    -0.00205565   0.00570191
 -0.01432928   0.00293485    -0.00045446   0.00590470    -0.00589434   0.01544450
  0.00562032   0.00101865    -0.00150501  -0.00259644     0.00105730  -0.00651224
    1    3
 -0.00403219   0.00382175    -0.00719560  -0.00494454    -0.00548543  -0.00257829
 -0.01220758   0.00805708    -0.00449661  -0.00385390    -0.01508884  -0.00675298
  0.00325387  -0.00469446     0.00077176   0.00290016     0.00535248   0.00385722
    1    4
 -0.00810171  -0.00495384    -0.00290666   0.00218403    -0.00383626  -0.00158458
 -0.00316970  -0.00931105    -0.00268790   0.00268790    -0.00931105  -0.00316970
  0.00158458   0.00383626     0.00218403  -0.00290666     0.00495384   0.00810171
    1    5
 -0.00222588   0.00923167    -0.00359966   0.00051098    -0.00159218   0.00383311
  0.00434259   0.00882522    -0.00380126  -0.00000000    -0.00434259   0.00882522
 -0.00159218  -0.00383311     0.00359966   0.00051098    -0.00222588  -0.00923167
    1    6
 -0.00385723  -0.00535248     0.00290016   0.00077176     0.00469446  -0.00325387
 -0.00675298  -0.01508884     0.00385391   0.00449660     0.00805707  -0.01220759
  0.00257830   0.00548543    -0.00494454  -0.00719559    -0.00382175   0.00403219
    1    7
  0.00105730   0.00651224     0.00150501  -0.00259644     0.00562032  -0.00101865
  0.00589434   0.01544450    -0.00045446  -0.00590470     0.01432928   0.00293485
