  4.000000000000000E-002   1.25994432394592        2.39890022168420     
           6

     Dynamical  Matrix in cartesian axes

     q = (    0.000000000   0.000000000   0.216506400 ) 

    1    1
  0.01379382   0.00000000    -0.00000000   0.00000000    -0.00000000   0.00000000
 -0.00000000   0.00000000     0.01379382   0.00000000    -0.00000000   0.00000000
 -0.00000000   0.00000000    -0.00000000   0.00000000     0.20643055   0.00000000
    1    2
 -0.00277879   0.00277879     0.00000000   0.00000000    -0.01012909  -0.01012909
  0.00000000   0.00000000    -0.00011167   0.00011167    -0.00000000   0.00000000
 -0.02219466  -0.02219465     0.00000000   0.00000000     0.00324277  -0.00324278
    1    3
 -0.00392981  -0.00000000    -0.00000000  -0.00000000     0.00000000   0.01432469
  0.00000000  -0.00000000    -0.00015792  -0.00000000    -0.00000000   0.00000000
  0.00000000   0.03138798    -0.00000000  -0.00000000     0.00458598  -0.00000000
    1    4
 -0.00015792  -0.00000000     0.00000000  -0.00000000    -0.00000000   0.00000000
  0.00000000  -0.00000000    -0.00392981  -0.00000000     0.00000000   0.01432469
 -0.00000000   0.00000000     0.00000000   0.03138798     0.00458598  -0.00000000
    1    5
 -0.00011167   0.00011167     0.00000000   0.00000000    -0.00000000   0.00000000
  0.00000000   0.00000000    -0.00277879   0.00277879    -0.01012909  -0.01012909
  0.00000000   0.00000000    -0.02219466  -0.02219465     0.00324277  -0.00324278
    1    6
 -0.00191643   0.01356255     0.00000000   0.00000000     0.00000000  -0.00000000
  0.00000000  -0.00000000    -0.01094529  -0.00823504     0.00000000   0.00000000
  0.00000000  -0.00000000     0.00000000  -0.00000000    -0.01643788   0.00680880
    1    7
 -0.01094529  -0.00823504     0.00000000   0.00000000     0.00000000  -0.00000000
  0.00000000  -0.00000000    -0.00191643   0.01356255     0.00000000  -0.00000000
  0.00000000  -0.00000000     0.00000000  -0.00000000    -0.01643788   0.00680880
    2    1
 -0.00277879  -0.00277879     0.00000000  -0.00000000    -0.02219466   0.02219465
  0.00000000  -0.00000000    -0.00011167  -0.00011167     0.00000000  -0.00000000
 -0.01012909   0.01012909     0.00000000  -0.00000000     0.00324277   0.00324278
    2    2
  0.01914620   0.00000000     0.00000000  -0.00000000    -0.00000000   0.00385005
 -0.00000000   0.00000000     0.07168751  -0.00000000    -0.00000000   0.00000000
 -0.00000000  -0.00385005    -0.00000000   0.00000000     0.03480298  -0.00000000
    2    3
 -0.00805002  -0.00805002     0.00000000   0.00000000     0.00433348  -0.00433348
  0.00000000   0.00000000    -0.04934655  -0.04934656     0.00000000   0.00000000
  0.00433348  -0.00433348     0.00000000   0.00000000    -0.01811063  -0.01811064
    2    4
 -0.00066319  -0.00066319    -0.00729094  -0.00729094     0.00074850  -0.00074850
 -0.04940821  -0.04940823    -0.00066319  -0.00066319     0.00020961  -0.00020961
  0.00020961  -0.00020961     0.00074850  -0.00074850     0.00191382   0.00191382
    2    5
 -0.00093789   0.00000000     0.01031095   0.00000000    -0.00000000  -0.00105854
  0.06987378  -0.00000000    -0.00093789  -0.00000000     0.00000000   0.00029644
 -0.00000000  -0.00029644    -0.00000000   0.00105854     0.00270656  -0.00000000
    2    6
  0.00295082  -0.00318085     0.00000000   0.00000000    -0.00425782  -0.00301064
  0.00000000   0.00000000     0.00025776   0.00022948    -0.00000000  -0.00000000
 -0.01988450  -0.02027939    -0.00000000  -0.00000000    -0.00159913  -0.00072523
    2    7
 -0.00016266   0.00433574    -0.00000000  -0.00000000     0.00513958   0.00088189
 -0.00000000  -0.00000000     0.00034453   0.00002000     0.00000000  -0.00000000
  0.02840016  -0.00027923    -0.00000000  -0.00000000    -0.00164357  -0.00061794
    3    1
 -0.00392981   0.00000000     0.00000000   0.00000000     0.00000000  -0.03138798
  0.00000000   0.00000000    -0.00015792  -0.00000000    -0.00000000  -0.00000000
  0.00000000  -0.01432469    -0.00000000  -0.00000000     0.00458598   0.00000000
    3    2
 -0.00805002   0.00805002     0.00000000   0.00000000     0.00433348   0.00433348
  0.00000000  -0.00000000    -0.04934655   0.04934656     0.00000000  -0.00000000
  0.00433348   0.00433348     0.00000000  -0.00000000    -0.01811063   0.01811064
    3    3
  0.01914620  -0.00000000     0.00000000   0.00000000    -0.00000000  -0.00385005
 -0.00000000  -0.00000000     0.07168751   0.00000000    -0.00000000   0.00000000
 -0.00000000   0.00385005    -0.00000000   0.00000000     0.03480298   0.00000000
    3    4
 -0.00093789   0.00000000     0.01031095  -0.00000000    -0.00000000   0.00105854
  0.06987378  -0.00000000    -0.00093789   0.00000000     0.00000000  -0.00029644
 -0.00000000   0.00029644    -0.00000000  -0.00105854     0.00270656  -0.00000000
    3    5
 -0.00066319   0.00066319    -0.00729094   0.00729094     0.00074850   0.00074850
 -0.04940821   0.04940823    -0.00066319   0.00066319     0.00020961   0.00020961
  0.00020961   0.00020961     0.00074850   0.00074850     0.00191382  -0.00191382
    3    6
 -0.00016266  -0.00433574    -0.00000000   0.00000000     0.00513958  -0.00088189
 -0.00000000   0.00000000     0.00034453  -0.00002000     0.00000000   0.00000000
  0.02840016   0.00027923    -0.00000000   0.00000000    -0.00164357   0.00061794
    3    7
  0.00295082   0.00318085     0.00000000  -0.00000000    -0.00425782   0.00301064
  0.00000000  -0.00000000     0.00025776  -0.00022948    -0.00000000  -0.00000000
 -0.01988450   0.02027939     0.00000000   0.00000000    -0.00159913   0.00072523
    4    1
 -0.00015792   0.00000000     0.00000000   0.00000000     0.00000000  -0.00000000
  0.00000000   0.00000000    -0.00392981   0.00000000     0.00000000  -0.03138798
 -0.00000000   0.00000000     0.00000000  -0.01432469     0.00458598   0.00000000
    4    2
 -0.00066319   0.00066319    -0.04940821   0.04940823     0.00020961   0.00020961
 -0.00729094   0.00729094    -0.00066319   0.00066319     0.00074850   0.00074850
  0.00074850   0.00074850     0.00020961   0.00020961     0.00191382  -0.00191382
    4    3
 -0.00093789  -0.00000000     0.06987378   0.00000000    -0.00000000  -0.00029644
  0.01031095   0.00000000    -0.00093789  -0.00000000    -0.00000000   0.00105854
 -0.00000000  -0.00105854     0.00000000   0.00029644     0.00270656   0.00000000
    4    4
  0.07168751   0.00000000     0.00000000  -0.00000000    -0.00000000  -0.00000000
  0.00000000   0.00000000     0.01914620   0.00000000    -0.00000000  -0.00385005
 -0.00000000  -0.00000000    -0.00000000   0.00385005     0.03480298  -0.00000000
    4    5
 -0.04934655   0.04934656     0.00000000   0.00000000     0.00000000  -0.00000000
  0.00000000  -0.00000000    -0.00805002   0.00805002     0.00433348   0.00433348
  0.00000000  -0.00000000     0.00433348   0.00433348    -0.01811063   0.01811064
    4    6
  0.00025776  -0.00022948     0.00000000  -0.00000000     0.00000000   0.00000000
  0.00000000   0.00000000     0.00295082   0.00318085    -0.00425782   0.00301064
  0.00000000   0.00000000    -0.01988450   0.02027939    -0.00159913   0.00072523
    4    7
  0.00034453  -0.00002000    -0.00000000   0.00000000     0.00000000   0.00000000
  0.00000000   0.00000000    -0.00016266  -0.00433574     0.00513958  -0.00088189
 -0.00000000   0.00000000     0.02840016   0.00027923    -0.00164357   0.00061794
    5    1
 -0.00011167  -0.00011167     0.00000000  -0.00000000     0.00000000  -0.00000000
  0.00000000  -0.00000000    -0.00277879  -0.00277879    -0.02219466   0.02219465
  0.00000000  -0.00000000    -0.01012909   0.01012909     0.00324277   0.00324278
    5    2
 -0.00093789  -0.00000000     0.06987378  -0.00000000    -0.00000000   0.00029644
  0.01031095   0.00000000    -0.00093789   0.00000000    -0.00000000  -0.00105854
 -0.00000000   0.00105854     0.00000000  -0.00029644     0.00270656  -0.00000000
    5    3
 -0.00066319  -0.00066319    -0.04940821  -0.04940823     0.00020961  -0.00020961
 -0.00729094  -0.00729094    -0.00066319  -0.00066319     0.00074850  -0.00074850
  0.00074850  -0.00074850     0.00020961  -0.00020961     0.00191382   0.00191382
    5    4
 -0.04934655  -0.04934656     0.00000000   0.00000000     0.00000000   0.00000000
  0.00000000   0.00000000    -0.00805002  -0.00805002     0.00433348  -0.00433348
  0.00000000   0.00000000     0.00433348  -0.00433348    -0.01811063  -0.01811064
    5    5
  0.07168751  -0.00000000     0.00000000   0.00000000    -0.00000000   0.00000000
  0.00000000  -0.00000000     0.01914620  -0.00000000    -0.00000000   0.00385005
 -0.00000000   0.00000000    -0.00000000  -0.00385005     0.03480298   0.00000000
    5    6
  0.00034453   0.00002000    -0.00000000  -0.00000000     0.00000000  -0.00000000
  0.00000000  -0.00000000    -0.00016266   0.00433574     0.00513958   0.00088189
 -0.00000000  -0.00000000     0.02840016  -0.00027923    -0.00164357  -0.00061794
    5    7
  0.00025776   0.00022948     0.00000000   0.00000000     0.00000000  -0.00000000
  0.00000000   0.00000000     0.00295082  -0.00318085    -0.00425782  -0.00301064
  0.00000000  -0.00000000    -0.01988450  -0.02027939    -0.00159913  -0.00072523
    6    1
 -0.00191643  -0.01356255     0.00000000  -0.00000000     0.00000000   0.00000000
  0.00000000   0.00000000    -0.01094529   0.00823504     0.00000000   0.00000000
  0.00000000   0.00000000     0.00000000  -0.00000000    -0.01643788  -0.00680880
    6    2
  0.00295082   0.00318085     0.00000000  -0.00000000    -0.01988450   0.02027939
  0.00000000  -0.00000000     0.00025776  -0.00022948     0.00000000  -0.00000000
 -0.00425782   0.00301064    -0.00000000  -0.00000000    -0.00159913   0.00072523
    6    3
 -0.00016266   0.00433574    -0.00000000   0.00000000     0.02840016  -0.00027923
 -0.00000000  -0.00000000     0.00034453   0.00002000     0.00000000   0.00000000
  0.00513958   0.00088189     0.00000000   0.00000000    -0.00164357  -0.00061794
    6    4
  0.00025776   0.00022948     0.00000000   0.00000000     0.00000000  -0.00000000
  0.00000000   0.00000000     0.00295082  -0.00318085    -0.01988450  -0.02027939
  0.00000000   0.00000000    -0.00425782  -0.00301064    -0.00159913  -0.00072523
    6    5
  0.00034453  -0.00002000     0.00000000   0.00000000     0.00000000  -0.00000000
 -0.00000000   0.00000000    -0.00016266  -0.00433574     0.02840016   0.00027923
  0.00000000  -0.00000000     0.00513958  -0.00088189    -0.00164357   0.00061794
    6    6
  0.02988355  -0.00000000    -0.00000000  -0.00000000    -0.00000000   0.00000000
 -0.00000000   0.00000000     0.02988355   0.00000000    -0.00000000   0.00000000
 -0.00000000   0.00000000    -0.00000000   0.00000000     0.01993036   0.00000000
    6    7
 -0.01780834   0.01917385     0.00000000  -0.00000000     0.00000000   0.00000000
  0.00000000  -0.00000000    -0.01780834  -0.01917385    -0.00000000   0.00000000
  0.00000000   0.00000000    -0.00000000   0.00000000    -0.00311658  -0.00000000
    7    1
 -0.01094529   0.00823504     0.00000000   0.00000000     0.00000000   0.00000000
  0.00000000   0.00000000    -0.00191643  -0.01356255     0.00000000   0.00000000
  0.00000000   0.00000000     0.00000000   0.00000000    -0.01643788  -0.00680880
    7    2
 -0.00016266  -0.00433574    -0.00000000   0.00000000     0.02840016   0.00027923
 -0.00000000   0.00000000     0.00034453  -0.00002000     0.00000000  -0.00000000
  0.00513958  -0.00088189     0.00000000   0.00000000    -0.00164357   0.00061794
    7    3
  0.00295082  -0.00318085     0.00000000   0.00000000    -0.01988450  -0.02027939
  0.00000000   0.00000000     0.00025776   0.00022948     0.00000000   0.00000000
 -0.00425782  -0.00301064    -0.00000000   0.00000000    -0.00159913  -0.00072523
    7    4
  0.00034453   0.00002000     0.00000000  -0.00000000     0.00000000   0.00000000
 -0.00000000   0.00000000    -0.00016266   0.00433574     0.02840016  -0.00027923
  0.00000000   0.00000000     0.00513958   0.00088189    -0.00164357  -0.00061794
    7    5
  0.00025776  -0.00022948     0.00000000  -0.00000000     0.00000000   0.00000000
  0.00000000  -0.00000000     0.00295082   0.00318085    -0.01988450   0.02027939
  0.00000000   0.00000000    -0.00425782   0.00301064    -0.00159913   0.00072523
    7    6
 -0.01780834  -0.01917385     0.00000000   0.00000000     0.00000000   0.00000000
  0.00000000   0.00000000    -0.01780834   0.01917385    -0.00000000   0.00000000
  0.00000000   0.00000000    -0.00000000   0.00000000    -0.00311658   0.00000000
    7    7
  0.02988355   0.00000000    -0.00000000   0.00000000    -0.00000000   0.00000000
 -0.00000000  -0.00000000     0.02988355  -0.00000000    -0.00000000   0.00000000
 -0.00000000   0.00000000    -0.00000000   0.00000000     0.01993036   0.00000000

     Dynamical  Matrix in cartesian axes

     q = (    0.216506400  -0.000000000   0.000000000 ) 

    1    1
  0.20643055   0.00000000    -0.00000000   0.00000000     0.00000000   0.00000000
 -0.00000000   0.00000000     0.01379382   0.00000000     0.00000000   0.00000000
  0.00000000   0.00000000     0.00000000   0.00000000     0.01379382   0.00000000
    1    2
 -0.01643788   0.00680880     0.00000000  -0.00000000     0.00000000   0.00000000
  0.00000000  -0.00000000    -0.00191643   0.01356255     0.00000000   0.00000000
  0.00000000   0.00000000     0.00000000   0.00000000    -0.01094529  -0.00823504
    1    3
 -0.01643788   0.00680880     0.00000000   0.00000000     0.00000000  -0.00000000
  0.00000000   0.00000000    -0.01094529  -0.00823504     0.00000000  -0.00000000
  0.00000000  -0.00000000     0.00000000  -0.00000000    -0.00191643   0.01356255
    1    4
  0.00324277  -0.00324278    -0.02219466  -0.02219465     0.00000000   0.00000000
 -0.01012909  -0.01012909    -0.00277879   0.00277879     0.00000000  -0.00000000
  0.00000000  -0.00000000     0.00000000   0.00000000    -0.00011167   0.00011167
    1    5
  0.00458598  -0.00000000     0.00000000   0.03138798     0.00000000  -0.00000000
  0.00000000   0.01432469    -0.00392981  -0.00000000     0.00000000   0.00000000
  0.00000000   0.00000000     0.00000000  -0.00000000    -0.00015792  -0.00000000
    1    6
  0.00458598  -0.00000000    -0.00000000  -0.00000000     0.00000000   0.03138798
 -0.00000000  -0.00000000    -0.00015792  -0.00000000     0.00000000   0.00000000
  0.00000000   0.01432469     0.00000000  -0.00000000    -0.00392981  -0.00000000
    1    7
  0.00324277  -0.00324278     0.00000000   0.00000000    -0.02219466  -0.02219465
  0.00000000   0.00000000    -0.00011167   0.00011167     0.00000000  -0.00000000
 -0.01012909  -0.01012909     0.00000000   0.00000000    -0.00277879   0.00277879
    2    1
 -0.01643788  -0.00680880     0.00000000   0.00000000     0.00000000  -0.00000000
  0.00000000   0.00000000    -0.00191643  -0.01356255     0.00000000   0.00000000
  0.00000000  -0.00000000     0.00000000  -0.00000000    -0.01094529   0.00823504
    2    2
  0.01993036   0.00000000    -0.00000000   0.00000000    -0.00000000   0.00000000
 -0.00000000   0.00000000     0.02988355  -0.00000000    -0.00000000   0.00000000
 -0.00000000   0.00000000    -0.00000000   0.00000000     0.02988355   0.00000000
    2    3
 -0.00311658  -0.00000000     0.00000000  -0.00000000     0.00000000   0.00000000
  0.00000000  -0.00000000    -0.01780834   0.01917385     0.00000000   0.00000000
  0.00000000   0.00000000     0.00000000   0.00000000    -0.01780834  -0.01917385
    2    4
 -0.00159913   0.00072523    -0.00425782   0.00301064     0.00000000   0.00000000
 -0.01988450   0.02027939     0.00295082   0.00318085     0.00000000   0.00000000
  0.00000000   0.00000000     0.00000000   0.00000000     0.00025776  -0.00022948
    2    5
 -0.00164357  -0.00061794     0.00513958   0.00088189     0.00000000   0.00000000
  0.02840016  -0.00027923    -0.00016266   0.00433574     0.00000000   0.00000000
  0.00000000   0.00000000     0.00000000   0.00000000     0.00034453   0.00002000
    2    6
 -0.00159913  -0.00072523     0.00000000   0.00000000    -0.00425782  -0.00301064
  0.00000000   0.00000000     0.00025776   0.00022948     0.00000000   0.00000000
 -0.01988450  -0.02027939    -0.00000000   0.00000000     0.00295082  -0.00318085
    2    7
 -0.00164357   0.00061794    -0.00000000  -0.00000000     0.00513958  -0.00088189
 -0.00000000  -0.00000000     0.00034453  -0.00002000     0.00000000   0.00000000
  0.02840016   0.00027923     0.00000000   0.00000000    -0.00016266  -0.00433574
    3    1
 -0.01643788  -0.00680880     0.00000000   0.00000000     0.00000000   0.00000000
  0.00000000  -0.00000000    -0.01094529   0.00823504     0.00000000   0.00000000
 -0.00000000   0.00000000     0.00000000   0.00000000    -0.00191643  -0.01356255
    3    2
 -0.00311658   0.00000000     0.00000000   0.00000000     0.00000000  -0.00000000
  0.00000000   0.00000000    -0.01780834  -0.01917385     0.00000000  -0.00000000
  0.00000000  -0.00000000     0.00000000  -0.00000000    -0.01780834   0.01917385
    3    3
  0.01993036  -0.00000000    -0.00000000  -0.00000000    -0.00000000  -0.00000000
 -0.00000000  -0.00000000     0.02988355   0.00000000    -0.00000000  -0.00000000
 -0.00000000  -0.00000000    -0.00000000  -0.00000000     0.02988355  -0.00000000
    3    4
 -0.00164357   0.00061794     0.00513958  -0.00088189     0.00000000  -0.00000000
  0.02840016   0.00027923    -0.00016266  -0.00433574     0.00000000  -0.00000000
  0.00000000  -0.00000000     0.00000000  -0.00000000     0.00034453  -0.00002000
    3    5
 -0.00159913  -0.00072523    -0.00425782  -0.00301064     0.00000000   0.00000000
 -0.01988450  -0.02027939     0.00295082  -0.00318085    -0.00000000   0.00000000
 -0.00000000  -0.00000000     0.00000000  -0.00000000     0.00025776   0.00022948
    3    6
 -0.00164357  -0.00061794    -0.00000000   0.00000000     0.00513958   0.00088189
 -0.00000000   0.00000000     0.00034453   0.00002000     0.00000000  -0.00000000
  0.02840016  -0.00027923     0.00000000  -0.00000000    -0.00016266   0.00433574
    3    7
 -0.00159913   0.00072523     0.00000000  -0.00000000    -0.00425782   0.00301064
  0.00000000  -0.00000000     0.00025776  -0.00022948    -0.00000000  -0.00000000
 -0.01988450   0.02027939     0.00000000  -0.00000000     0.00295082   0.00318085
    4    1
  0.00324277   0.00324278    -0.01012909   0.01012909     0.00000000  -0.00000000
 -0.02219466   0.02219465    -0.00277879  -0.00277879     0.00000000  -0.00000000
  0.00000000  -0.00000000     0.00000000  -0.00000000    -0.00011167  -0.00011167
    4    2
 -0.00159913  -0.00072523    -0.01988450  -0.02027939     0.00000000   0.00000000
 -0.00425782  -0.00301064     0.00295082  -0.00318085    -0.00000000   0.00000000
  0.00000000   0.00000000    -0.00000000   0.00000000     0.00025776   0.00022948
    4    3
 -0.00164357  -0.00061794     0.02840016  -0.00027923     0.00000000  -0.00000000
  0.00513958   0.00088189    -0.00016266   0.00433574     0.00000000   0.00000000
  0.00000000  -0.00000000     0.00000000  -0.00000000     0.00034453   0.00002000
    4    4
  0.03480298  -0.00000000     0.00000000  -0.00385005    -0.00000000   0.00000000
  0.00000000   0.00385005     0.01914620  -0.00000000    -0.00000000   0.00000000
 -0.00000000   0.00000000    -0.00000000   0.00000000     0.07168751  -0.00000000
    4    5
 -0.01811063  -0.01811064     0.00433348  -0.00433348     0.00000000   0.00000000
  0.00433348  -0.00433348    -0.00805002  -0.00805002     0.00000000   0.00000000
  0.00000000   0.00000000     0.00000000   0.00000000    -0.04934655  -0.04934656
    4    6
  0.00191382   0.00191382     0.00020961  -0.00020961     0.00074850  -0.00074850
  0.00074850  -0.00074850    -0.00066319  -0.00066319    -0.00729094  -0.00729094
  0.00020961  -0.00020961    -0.04940821  -0.04940823    -0.00066319  -0.00066319
    4    7
  0.00270656  -0.00000000    -0.00000000  -0.00029644     0.00000000   0.00105854
 -0.00000000  -0.00105854    -0.00093789   0.00000000     0.01031095  -0.00000000
 -0.00000000   0.00029644     0.06987378  -0.00000000    -0.00093789   0.00000000
    5    1
  0.00458598   0.00000000     0.00000000  -0.01432469     0.00000000   0.00000000
  0.00000000  -0.03138798    -0.00392981  -0.00000000     0.00000000   0.00000000
  0.00000000   0.00000000     0.00000000   0.00000000    -0.00015792   0.00000000
    5    2
 -0.00164357   0.00061794     0.02840016   0.00027923     0.00000000   0.00000000
  0.00513958  -0.00088189    -0.00016266  -0.00433574     0.00000000   0.00000000
  0.00000000   0.00000000    -0.00000000   0.00000000     0.00034453  -0.00002000
    5    3
 -0.00159913   0.00072523    -0.01988450   0.02027939     0.00000000   0.00000000
 -0.00425782   0.00301064     0.00295082   0.00318085     0.00000000   0.00000000
  0.00000000   0.00000000     0.00000000   0.00000000     0.00025776  -0.00022948
    5    4
 -0.01811063   0.01811064     0.00433348   0.00433348     0.00000000  -0.00000000
  0.00433348   0.00433348    -0.00805002   0.00805002     0.00000000  -0.00000000
  0.00000000  -0.00000000     0.00000000  -0.00000000    -0.04934655   0.04934656
    5    5
  0.03480298   0.00000000     0.00000000   0.00385005    -0.00000000   0.00000000
  0.00000000  -0.00385005     0.01914620   0.00000000    -0.00000000   0.00000000
 -0.00000000   0.00000000    -0.00000000   0.00000000     0.07168751   0.00000000
    5    6
  0.00270656  -0.00000000    -0.00000000   0.00029644     0.00000000  -0.00105854
 -0.00000000   0.00105854    -0.00093789  -0.00000000     0.01031095   0.00000000
 -0.00000000  -0.00029644     0.06987378   0.00000000    -0.00093789   0.00000000
    5    7
  0.00191382  -0.00191382     0.00020961   0.00020961     0.00074850   0.00074850
  0.00074850   0.00074850    -0.00066319   0.00066319    -0.00729094   0.00729094
  0.00020961   0.00020961    -0.04940821   0.04940823    -0.00066319   0.00066319
    6    1
  0.00458598   0.00000000     0.00000000   0.00000000     0.00000000  -0.01432469
  0.00000000   0.00000000    -0.00015792  -0.00000000     0.00000000  -0.00000000
  0.00000000  -0.03138798     0.00000000  -0.00000000    -0.00392981   0.00000000
    6    2
 -0.00159913   0.00072523     0.00000000  -0.00000000    -0.01988450   0.02027939
  0.00000000   0.00000000     0.00025776  -0.00022948     0.00000000  -0.00000000
 -0.00425782   0.00301064     0.00000000   0.00000000     0.00295082   0.00318085
    6    3
 -0.00164357   0.00061794    -0.00000000   0.00000000     0.02840016   0.00027923
 -0.00000000   0.00000000     0.00034453  -0.00002000     0.00000000   0.00000000
  0.00513958  -0.00088189     0.00000000   0.00000000    -0.00016266  -0.00433574
    6    4
  0.00191382  -0.00191382     0.00074850   0.00074850     0.00020961   0.00020961
  0.00020961   0.00020961    -0.00066319   0.00066319    -0.04940821   0.04940823
  0.00074850   0.00074850    -0.00729094   0.00729094    -0.00066319   0.00066319
    6    5
  0.00270656  -0.00000000    -0.00000000  -0.00105854     0.00000000   0.00029644
 -0.00000000  -0.00029644    -0.00093789   0.00000000     0.06987378  -0.00000000
  0.00000000   0.00105854     0.01031095  -0.00000000    -0.00093789  -0.00000000
    6    6
  0.03480298  -0.00000000    -0.00000000   0.00000000    -0.00000000   0.00385005
 -0.00000000  -0.00000000     0.07168751   0.00000000    -0.00000000  -0.00000000
 -0.00000000  -0.00385005     0.00000000   0.00000000     0.01914620   0.00000000
    6    7
 -0.01811063   0.01811064     0.00000000   0.00000000     0.00433348   0.00433348
  0.00000000  -0.00000000    -0.04934655   0.04934656     0.00000000  -0.00000000
  0.00433348   0.00433348     0.00000000   0.00000000    -0.00805002   0.00805002
    7    1
  0.00324277   0.00324278     0.00000000  -0.00000000    -0.01012909   0.01012909
  0.00000000  -0.00000000    -0.00011167  -0.00011167     0.00000000   0.00000000
 -0.02219466   0.02219465    -0.00000000   0.00000000    -0.00277879  -0.00277879
    7    2
 -0.00164357  -0.00061794    -0.00000000  -0.00000000     0.02840016  -0.00027923
 -0.00000000  -0.00000000     0.00034453   0.00002000     0.00000000  -0.00000000
  0.00513958   0.00088189     0.00000000  -0.00000000    -0.00016266   0.00433574
    7    3
 -0.00159913  -0.00072523     0.00000000   0.00000000    -0.01988450  -0.02027939
  0.00000000   0.00000000     0.00025776   0.00022948     0.00000000  -0.00000000
 -0.00425782  -0.00301064     0.00000000  -0.00000000     0.00295082  -0.00318085
    7    4
  0.00270656  -0.00000000    -0.00000000   0.00105854     0.00000000  -0.00029644
 -0.00000000   0.00029644    -0.00093789  -0.00000000     0.06987378   0.00000000
  0.00000000  -0.00105854     0.01031095   0.00000000    -0.00093789  -0.00000000
    7    5
  0.00191382   0.00191382     0.00074850  -0.00074850     0.00020961  -0.00020961
  0.00020961  -0.00020961    -0.00066319  -0.00066319    -0.04940821  -0.04940823
  0.00074850  -0.00074850    -0.00729094  -0.00729094    -0.00066319  -0.00066319
    7    6
 -0.01811063  -0.01811064     0.00000000   0.00000000     0.00433348  -0.00433348
  0.00000000   0.00000000    -0.04934655  -0.04934656     0.00000000   0.00000000
  0.00433348  -0.00433348     0.00000000  -0.00000000    -0.00805002  -0.00805002
    7    7
  0.03480298   0.00000000    -0.00000000  -0.00000000    -0.00000000  -0.00385005
 -0.00000000   0.00000000     0.07168751  -0.00000000    -0.00000000   0.00000000
 -0.00000000   0.00385005     0.00000000  -0.00000000     0.01914620  -0.00000000

     Dynamical  Matrix in cartesian axes

     q = (   -0.216506400  -0.000000000  -0.000000000 ) 

    1    1
  0.20643055   0.00000000    -0.00000000   0.00000000     0.00000000   0.00000000
 -0.00000000   0.00000000     0.01379382   0.00000000     0.00000000   0.00000000
  0.00000000   0.00000000     0.00000000   0.00000000     0.01379382   0.00000000
    1    2
 -0.01643788  -0.00680880     0.00000000   0.00000000     0.00000000  -0.00000000
  0.00000000   0.00000000    -0.00191643  -0.01356255     0.00000000  -0.00000000
  0.00000000  -0.00000000     0.00000000  -0.00000000    -0.01094529   0.00823504
    1    3
 -0.01643788  -0.00680880     0.00000000   0.00000000     0.00000000   0.00000000
  0.00000000   0.00000000    -0.01094529   0.00823504     0.00000000   0.00000000
 -0.00000000   0.00000000     0.00000000   0.00000000    -0.00191643  -0.01356255
    1    4
  0.00324277   0.00324278    -0.02219466   0.02219465    -0.00000000   0.00000000
 -0.01012909   0.01012909    -0.00277879  -0.00277879     0.00000000   0.00000000
 -0.00000000   0.00000000     0.00000000   0.00000000    -0.00011167  -0.00011167
    1    5
  0.00458598   0.00000000     0.00000000  -0.03138798     0.00000000   0.00000000
  0.00000000  -0.01432469    -0.00392981   0.00000000     0.00000000   0.00000000
 -0.00000000   0.00000000     0.00000000   0.00000000    -0.00015792   0.00000000
    1    6
  0.00458598   0.00000000    -0.00000000   0.00000000     0.00000000  -0.03138798
 -0.00000000   0.00000000    -0.00015792   0.00000000     0.00000000   0.00000000
  0.00000000  -0.01432469     0.00000000   0.00000000    -0.00392981   0.00000000
    1    7
  0.00324277   0.00324278     0.00000000  -0.00000000    -0.02219466   0.02219465
  0.00000000   0.00000000    -0.00011167  -0.00011167    -0.00000000   0.00000000
 -0.01012909   0.01012909    -0.00000000   0.00000000    -0.00277879  -0.00277879
    2    1
 -0.01643788   0.00680880     0.00000000  -0.00000000     0.00000000   0.00000000
  0.00000000  -0.00000000    -0.00191643   0.01356255     0.00000000   0.00000000
  0.00000000   0.00000000     0.00000000   0.00000000    -0.01094529  -0.00823504
    2    2
  0.01993036   0.00000000    -0.00000000  -0.00000000    -0.00000000   0.00000000
 -0.00000000  -0.00000000     0.02988355   0.00000000    -0.00000000   0.00000000
 -0.00000000   0.00000000    -0.00000000   0.00000000     0.02988355  -0.00000000
    2    3
 -0.00311658  -0.00000000    -0.00000000   0.00000000     0.00000000  -0.00000000
 -0.00000000   0.00000000    -0.01780834  -0.01917385     0.00000000  -0.00000000
  0.00000000  -0.00000000     0.00000000  -0.00000000    -0.01780834   0.01917385
    2    4
 -0.00159913  -0.00072523    -0.00425782  -0.00301064     0.00000000  -0.00000000
 -0.01988450  -0.02027939     0.00295082  -0.00318085     0.00000000  -0.00000000
  0.00000000  -0.00000000     0.00000000   0.00000000     0.00025776   0.00022948
    2    5
 -0.00164357   0.00061794     0.00513958  -0.00088189     0.00000000  -0.00000000
  0.02840016   0.00027923    -0.00016266  -0.00433574     0.00000000  -0.00000000
  0.00000000  -0.00000000     0.00000000  -0.00000000     0.00034453  -0.00002000
    2    6
 -0.00159913   0.00072523     0.00000000  -0.00000000    -0.00425782   0.00301064
  0.00000000  -0.00000000     0.00025776  -0.00022948     0.00000000  -0.00000000
 -0.01988450   0.02027939     0.00000000  -0.00000000     0.00295082   0.00318085
    2    7
 -0.00164357  -0.00061794     0.00000000   0.00000000     0.00513958   0.00088189
 -0.00000000   0.00000000     0.00034453   0.00002000     0.00000000  -0.00000000
  0.02840016  -0.00027923    -0.00000000   0.00000000    -0.00016266   0.00433574
    3    1
 -0.01643788   0.00680880     0.00000000   0.00000000     0.00000000  -0.00000000
  0.00000000   0.00000000    -0.01094529  -0.00823504    -0.00000000  -0.00000000
 -0.00000000  -0.00000000     0.00000000  -0.00000000    -0.00191643   0.01356255
    3    2
 -0.00311658   0.00000000    -0.00000000  -0.00000000     0.00000000   0.00000000
 -0.00000000  -0.00000000    -0.01780834   0.01917385     0.00000000   0.00000000
  0.00000000   0.00000000     0.00000000   0.00000000    -0.01780834  -0.01917385
    3    3
  0.01993036   0.00000000    -0.00000000   0.00000000    -0.00000000  -0.00000000
 -0.00000000   0.00000000     0.02988355  -0.00000000    -0.00000000  -0.00000000
 -0.00000000  -0.00000000    -0.00000000  -0.00000000     0.02988355   0.00000000
    3    4
 -0.00164357  -0.00061794     0.00513958   0.00088189     0.00000000   0.00000000
  0.02840016  -0.00027923    -0.00016266   0.00433574     0.00000000   0.00000000
  0.00000000   0.00000000     0.00000000   0.00000000     0.00034453   0.00002000
    3    5
 -0.00159913   0.00072523    -0.00425782   0.00301064    -0.00000000  -0.00000000
 -0.01988450   0.02027939     0.00295082   0.00318085     0.00000000  -0.00000000
  0.00000000   0.00000000     0.00000000   0.00000000     0.00025776  -0.00022948
    3    6
 -0.00164357   0.00061794     0.00000000  -0.00000000     0.00513958  -0.00088189
 -0.00000000  -0.00000000     0.00034453  -0.00002000     0.00000000   0.00000000
  0.02840016   0.00027923    -0.00000000   0.00000000    -0.00016266  -0.00433574
    3    7
 -0.00159913  -0.00072523     0.00000000   0.00000000    -0.00425782  -0.00301064
  0.00000000   0.00000000     0.00025776   0.00022948     0.00000000   0.00000000
 -0.01988450  -0.02027939     0.00000000   0.00000000     0.00295082  -0.00318085
    4    1
  0.00324277  -0.00324278    -0.01012909  -0.01012909    -0.00000000   0.00000000
 -0.02219466  -0.02219465    -0.00277879   0.00277879     0.00000000  -0.00000000
  0.00000000  -0.00000000     0.00000000   0.00000000    -0.00011167   0.00011167
    4    2
 -0.00159913   0.00072523    -0.01988450   0.02027939    -0.00000000   0.00000000
 -0.00425782   0.00301064     0.00295082   0.00318085    -0.00000000   0.00000000
 -0.00000000   0.00000000    -0.00000000  -0.00000000     0.00025776  -0.00022948
    4    3
 -0.00164357   0.00061794     0.02840016   0.00027923     0.00000000   0.00000000
  0.00513958  -0.00088189    -0.00016266  -0.00433574     0.00000000   0.00000000
  0.00000000   0.00000000     0.00000000   0.00000000     0.00034453  -0.00002000
    4    4
  0.03480298  -0.00000000     0.00000000   0.00385005    -0.00000000   0.00000000
  0.00000000  -0.00385005     0.01914620   0.00000000    -0.00000000   0.00000000
 -0.00000000  -0.00000000    -0.00000000  -0.00000000     0.07168751   0.00000000
    4    5
 -0.01811063   0.01811064     0.00433348   0.00433348     0.00000000  -0.00000000
  0.00433348   0.00433348    -0.00805002   0.00805002     0.00000000  -0.00000000
  0.00000000  -0.00000000     0.00000000  -0.00000000    -0.04934655   0.04934656
    4    6
  0.00191382  -0.00191382     0.00020961   0.00020961     0.00074850   0.00074850
  0.00074850   0.00074850    -0.00066319   0.00066319    -0.00729094   0.00729094
  0.00020961   0.00020961    -0.04940821   0.04940823    -0.00066319   0.00066319
    4    7
  0.00270656  -0.00000000    -0.00000000   0.00029644     0.00000000  -0.00105854
 -0.00000000   0.00105854    -0.00093789   0.00000000     0.01031095  -0.00000000
  0.00000000  -0.00029644     0.06987378  -0.00000000    -0.00093789   0.00000000
    5    1
  0.00458598  -0.00000000     0.00000000   0.01432469    -0.00000000  -0.00000000
  0.00000000   0.03138798    -0.00392981   0.00000000    -0.00000000  -0.00000000
  0.00000000  -0.00000000     0.00000000  -0.00000000    -0.00015792  -0.00000000
    5    2
 -0.00164357  -0.00061794     0.02840016  -0.00027923     0.00000000  -0.00000000
  0.00513958   0.00088189    -0.00016266   0.00433574     0.00000000  -0.00000000
  0.00000000  -0.00000000     0.00000000  -0.00000000     0.00034453   0.00002000
    5    3
 -0.00159913  -0.00072523    -0.01988450  -0.02027939     0.00000000  -0.00000000
 -0.00425782  -0.00301064     0.00295082  -0.00318085     0.00000000  -0.00000000
  0.00000000   0.00000000     0.00000000  -0.00000000     0.00025776   0.00022948
    5    4
 -0.01811063  -0.01811064     0.00433348  -0.00433348     0.00000000   0.00000000
  0.00433348  -0.00433348    -0.00805002  -0.00805002     0.00000000   0.00000000
  0.00000000   0.00000000     0.00000000   0.00000000    -0.04934655  -0.04934656
    5    5
  0.03480298   0.00000000     0.00000000  -0.00385005    -0.00000000   0.00000000
  0.00000000   0.00385005     0.01914620  -0.00000000    -0.00000000   0.00000000
 -0.00000000   0.00000000    -0.00000000   0.00000000     0.07168751  -0.00000000
    5    6
  0.00270656  -0.00000000    -0.00000000  -0.00029644     0.00000000   0.00105854
 -0.00000000  -0.00105854    -0.00093789   0.00000000     0.01031095   0.00000000
 -0.00000000   0.00029644     0.06987378   0.00000000    -0.00093789  -0.00000000
    5    7
  0.00191382   0.00191382     0.00020961  -0.00020961     0.00074850  -0.00074850
  0.00074850  -0.00074850    -0.00066319  -0.00066319    -0.00729094  -0.00729094
  0.00020961  -0.00020961    -0.04940821  -0.04940823    -0.00066319  -0.00066319
    6    1
  0.00458598  -0.00000000    -0.00000000  -0.00000000     0.00000000   0.01432469
 -0.00000000  -0.00000000    -0.00015792   0.00000000     0.00000000   0.00000000
  0.00000000   0.03138798     0.00000000   0.00000000    -0.00392981   0.00000000
    6    2
 -0.00159913  -0.00072523     0.00000000   0.00000000    -0.01988450  -0.02027939
  0.00000000   0.00000000     0.00025776   0.00022948    -0.00000000   0.00000000
 -0.00425782  -0.00301064     0.00000000   0.00000000     0.00295082  -0.00318085
    6    3
 -0.00164357  -0.00061794     0.00000000   0.00000000     0.02840016  -0.00027923
  0.00000000  -0.00000000     0.00034453   0.00002000    -0.00000000  -0.00000000
  0.00513958   0.00088189     0.00000000  -0.00000000    -0.00016266   0.00433574
    6    4
  0.00191382   0.00191382     0.00074850  -0.00074850     0.00020961  -0.00020961
  0.00020961  -0.00020961    -0.00066319  -0.00066319    -0.04940821  -0.04940823
  0.00074850  -0.00074850    -0.00729094  -0.00729094    -0.00066319  -0.00066319
    6    5
  0.00270656  -0.00000000    -0.00000000   0.00105854     0.00000000  -0.00029644
 -0.00000000   0.00029644    -0.00093789   0.00000000     0.06987378  -0.00000000
  0.00000000  -0.00105854     0.01031095   0.00000000    -0.00093789   0.00000000
    6    6
  0.03480298   0.00000000     0.00000000   0.00000000    -0.00000000  -0.00385005
 -0.00000000   0.00000000     0.07168751  -0.00000000    -0.00000000   0.00000000
 -0.00000000   0.00385005     0.00000000  -0.00000000     0.01914620   0.00000000
    6    7
 -0.01811063  -0.01811064     0.00000000   0.00000000     0.00433348  -0.00433348
  0.00000000   0.00000000    -0.04934655  -0.04934656     0.00000000   0.00000000
  0.00433348  -0.00433348     0.00000000  -0.00000000    -0.00805002  -0.00805002
    7    1
  0.00324277  -0.00324278     0.00000000   0.00000000    -0.01012909  -0.01012909
  0.00000000   0.00000000    -0.00011167   0.00011167     0.00000000  -0.00000000
 -0.02219466  -0.02219465    -0.00000000  -0.00000000    -0.00277879   0.00277879
    7    2
 -0.00164357   0.00061794    -0.00000000  -0.00000000     0.02840016   0.00027923
  0.00000000   0.00000000     0.00034453  -0.00002000    -0.00000000   0.00000000
  0.00513958  -0.00088189    -0.00000000   0.00000000    -0.00016266  -0.00433574
    7    3
 -0.00159913   0.00072523     0.00000000  -0.00000000    -0.01988450   0.02027939
  0.00000000  -0.00000000     0.00025776  -0.00022948     0.00000000   0.00000000
 -0.00425782   0.00301064    -0.00000000   0.00000000     0.00295082   0.00318085
    7    4
  0.00270656  -0.00000000    -0.00000000  -0.00105854     0.00000000   0.00029644
 -0.00000000  -0.00029644    -0.00093789   0.00000000     0.06987378   0.00000000
  0.00000000   0.00105854     0.01031095   0.00000000    -0.00093789   0.00000000
    7    5
  0.00191382  -0.00191382     0.00074850   0.00074850     0.00020961   0.00020961
  0.00020961   0.00020961    -0.00066319   0.00066319    -0.04940821   0.04940823
  0.00074850   0.00074850    -0.00729094   0.00729094    -0.00066319   0.00066319
    7    6
 -0.01811063   0.01811064     0.00000000   0.00000000     0.00433348   0.00433348
  0.00000000  -0.00000000    -0.04934655   0.04934656     0.00000000  -0.00000000
  0.00433348   0.00433348     0.00000000   0.00000000    -0.00805002   0.00805002
    7    7
  0.03480298  -0.00000000     0.00000000  -0.00000000    -0.00000000   0.00385005
 -0.00000000  -0.00000000     0.07168751   0.00000000    -0.00000000  -0.00000000
 -0.00000000  -0.00385005     0.00000000   0.00000000     0.01914620  -0.00000000

     Dynamical  Matrix in cartesian axes

     q = (   -0.000000000   0.216506400   0.000000000 ) 

    1    1
  0.01379382   0.00000000     0.00000000   0.00000000     0.00000000   0.00000000
 -0.00000000   0.00000000     0.20643055   0.00000000     0.00000000   0.00000000
  0.00000000   0.00000000     0.00000000   0.00000000     0.01379382   0.00000000
    1    2
 -0.00392981  -0.00000000     0.00000000   0.01432469     0.00000000  -0.00000000
  0.00000000   0.03138798     0.00458598  -0.00000000     0.00000000  -0.00000000
  0.00000000  -0.00000000     0.00000000   0.00000000    -0.00015792   0.00000000
    1    3
 -0.00277879   0.00277879    -0.01012909  -0.01012909     0.00000000   0.00000000
 -0.02219466  -0.02219465     0.00324277  -0.00324278     0.00000000   0.00000000
  0.00000000   0.00000000     0.00000000   0.00000000    -0.00011167   0.00011167
    1    4
 -0.01094529  -0.00823504     0.00000000   0.00000000     0.00000000  -0.00000000
  0.00000000  -0.00000000    -0.01643788   0.00680880     0.00000000  -0.00000000
  0.00000000  -0.00000000     0.00000000  -0.00000000    -0.00191643   0.01356255
    1    5
 -0.00191643   0.01356255     0.00000000  -0.00000000     0.00000000   0.00000000
  0.00000000  -0.00000000    -0.01643788   0.00680880     0.00000000   0.00000000
  0.00000000   0.00000000     0.00000000   0.00000000    -0.01094529  -0.00823504
    1    6
 -0.00011167   0.00011167     0.00000000   0.00000000     0.00000000   0.00000000
  0.00000000   0.00000000     0.00324277  -0.00324278    -0.02219466  -0.02219465
  0.00000000   0.00000000    -0.01012909  -0.01012909    -0.00277879   0.00277879
    1    7
 -0.00015792  -0.00000000    -0.00000000  -0.00000000     0.00000000  -0.00000000
 -0.00000000  -0.00000000     0.00458598  -0.00000000     0.00000000   0.03138798
