  1.500000000000000E-002   1.26023585003145        2.23508645248256     
           6

     Dynamical  Matrix in cartesian axes

     q = (    0.000000000   0.000000000   0.649519100 ) 

    1    1
  0.02206731   0.00000000     0.00000000   0.00000000    -0.00000000   0.00000000
  0.00000000   0.00000000     0.02206731   0.00000000    -0.00000000   0.00000000
 -0.00000000   0.00000000    -0.00000000   0.00000000     0.18065877   0.00000000
    1    2
  0.00129593   0.00129593     0.00000000  -0.00000000    -0.00529124   0.00529125
  0.00000000  -0.00000000    -0.00103946  -0.00103946     0.00000000   0.00000000
 -0.02743278   0.02743279     0.00000000   0.00000000    -0.01576500  -0.01576499
    1    3
 -0.00183273  -0.00000000     0.00000000  -0.00000000     0.00000000   0.00748295
  0.00000000  -0.00000000     0.00147002  -0.00000000    -0.00000000   0.00000000
  0.00000000   0.03879582    -0.00000000   0.00000000     0.02229507  -0.00000000
    1    4
  0.00147002  -0.00000000     0.00000000  -0.00000000    -0.00000000   0.00000000
  0.00000000  -0.00000000    -0.00183273  -0.00000000     0.00000000   0.00748295
 -0.00000000   0.00000000     0.00000000   0.03879582     0.02229507  -0.00000000
    1    5
 -0.00103946  -0.00103946     0.00000000  -0.00000000     0.00000000   0.00000000
  0.00000000  -0.00000000     0.00129593   0.00129593    -0.00529124   0.00529125
  0.00000000   0.00000000    -0.02743278   0.02743279    -0.01576500  -0.01576499
    1    6
  0.00035245   0.00711191     0.00000000   0.00000000    -0.00000000   0.00000000
  0.00000000  -0.00000000    -0.00527810   0.00477966    -0.00000000   0.00000000
 -0.00000000   0.00000000    -0.00000000   0.00000000     0.01015604  -0.02451886
    1    7
 -0.00527810   0.00477966     0.00000000  -0.00000000    -0.00000000   0.00000000
  0.00000000  -0.00000000     0.00035245   0.00711191    -0.00000000   0.00000000
 -0.00000000   0.00000000    -0.00000000   0.00000000     0.01015604  -0.02451886
    2    1
  0.00129593  -0.00129593     0.00000000   0.00000000    -0.02743278  -0.02743279
  0.00000000   0.00000000    -0.00103946   0.00103946     0.00000000  -0.00000000
 -0.00529124  -0.00529125     0.00000000  -0.00000000    -0.01576500   0.01576499
    2    2
  0.01906257  -0.00000000     0.00000000  -0.00000000    -0.00000000   0.00797743
  0.00000000   0.00000000     0.06180056  -0.00000000    -0.00000000   0.00000000
 -0.00000000  -0.00797743    -0.00000000   0.00000000     0.02738323   0.00000000
    2    3
  0.00459677  -0.00459677    -0.00000000   0.00000000    -0.00299297  -0.00299297
 -0.00000000   0.00000000     0.04081384  -0.04081382     0.00000000   0.00000000
 -0.00299297  -0.00299297     0.00000000   0.00000000     0.00603309  -0.00603309
    2    4
  0.00108306  -0.00108306     0.00553271  -0.00553270    -0.00213178  -0.00213178
  0.04148444  -0.04148442     0.00108306  -0.00108306     0.00014222   0.00014222
  0.00014222   0.00014222    -0.00213178  -0.00213178    -0.00250906   0.00250906
    2    5
 -0.00153168  -0.00000000     0.00782443   0.00000000     0.00000000   0.00301479
  0.05866785   0.00000000    -0.00153168   0.00000000     0.00000000   0.00020113
  0.00000000  -0.00020113     0.00000000  -0.00301479     0.00354834  -0.00000000
    2    6
  0.00437352  -0.00033671     0.00000000   0.00000000    -0.00293843   0.00237220
 -0.00000000   0.00000000    -0.00026259   0.00027423    -0.00000000   0.00000000
  0.01339647  -0.01526792    -0.00000000  -0.00000000     0.00425479   0.00093737
    2    7
 -0.00333064   0.00285446    -0.00000000   0.00000000    -0.00375518   0.00040038
 -0.00000000  -0.00000000     0.00037958   0.00000823    -0.00000000  -0.00000000
  0.02026878   0.00132332    -0.00000000  -0.00000000    -0.00234578   0.00367141
    3    1
 -0.00183273   0.00000000    -0.00000000   0.00000000     0.00000000  -0.03879582
 -0.00000000   0.00000000     0.00147002   0.00000000    -0.00000000  -0.00000000
  0.00000000  -0.00748295    -0.00000000   0.00000000     0.02229507   0.00000000
    3    2
  0.00459677   0.00459677    -0.00000000   0.00000000    -0.00299297   0.00299297
 -0.00000000   0.00000000     0.04081384   0.04081382     0.00000000   0.00000000
 -0.00299297   0.00299297     0.00000000  -0.00000000     0.00603309   0.00603309
    3    3
  0.01906257   0.00000000     0.00000000   0.00000000    -0.00000000  -0.00797743
  0.00000000  -0.00000000     0.06180056   0.00000000    -0.00000000   0.00000000
 -0.00000000   0.00797743    -0.00000000   0.00000000     0.02738323  -0.00000000
    3    4
 -0.00153168   0.00000000     0.00782443  -0.00000000     0.00000000  -0.00301479
  0.05866785  -0.00000000    -0.00153168  -0.00000000     0.00000000  -0.00020113
  0.00000000   0.00020113     0.00000000   0.00301479     0.00354834  -0.00000000
    3    5
  0.00108306   0.00108306     0.00553271   0.00553270    -0.00213178   0.00213178
  0.04148444   0.04148442     0.00108306   0.00108306     0.00014222  -0.00014222
  0.00014222  -0.00014222    -0.00213178   0.00213178    -0.00250906  -0.00250906
    3    6
 -0.00333064  -0.00285446    -0.00000000   0.00000000    -0.00375518  -0.00040038
 -0.00000000   0.00000000     0.00037958  -0.00000823    -0.00000000   0.00000000
  0.02026878  -0.00132332     0.00000000   0.00000000    -0.00234578  -0.00367141
    3    7
  0.00437352   0.00033671    -0.00000000  -0.00000000    -0.00293843  -0.00237220
 -0.00000000  -0.00000000    -0.00026259  -0.00027423     0.00000000  -0.00000000
  0.01339647   0.01526792    -0.00000000  -0.00000000     0.00425479  -0.00093737
    4    1
  0.00147002   0.00000000     0.00000000   0.00000000    -0.00000000  -0.00000000
  0.00000000   0.00000000    -0.00183273   0.00000000     0.00000000  -0.03879582
 -0.00000000   0.00000000     0.00000000  -0.00748295     0.02229507   0.00000000
    4    2
  0.00108306   0.00108306     0.04148444   0.04148442     0.00014222  -0.00014222
  0.00553271   0.00553270     0.00108306   0.00108306    -0.00213178   0.00213178
 -0.00213178   0.00213178     0.00014222  -0.00014222    -0.00250906  -0.00250906
    4    3
 -0.00153168  -0.00000000     0.05866785   0.00000000    -0.00000000  -0.00020113
  0.00782443   0.00000000    -0.00153168  -0.00000000    -0.00000000  -0.00301479
  0.00000000   0.00301479     0.00000000   0.00020113     0.00354834   0.00000000
    4    4
  0.06180056   0.00000000     0.00000000  -0.00000000     0.00000000  -0.00000000
  0.00000000   0.00000000     0.01906257   0.00000000    -0.00000000  -0.00797743
  0.00000000   0.00000000    -0.00000000   0.00797743     0.02738323   0.00000000
    4    5
  0.04081384   0.04081382     0.00000000  -0.00000000     0.00000000   0.00000000
  0.00000000   0.00000000     0.00459677   0.00459677    -0.00299297   0.00299297
  0.00000000   0.00000000    -0.00299297   0.00299297     0.00603309   0.00603309
    4    6
 -0.00026259  -0.00027423    -0.00000000   0.00000000    -0.00000000  -0.00000000
 -0.00000000  -0.00000000     0.00437352   0.00033671    -0.00293843  -0.00237220
 -0.00000000  -0.00000000     0.01339647   0.01526792     0.00425479  -0.00093737
    4    7
  0.00037958  -0.00000823     0.00000000   0.00000000     0.00000000   0.00000000
 -0.00000000   0.00000000    -0.00333064  -0.00285446    -0.00375518  -0.00040038
  0.00000000   0.00000000     0.02026878  -0.00132332    -0.00234578  -0.00367141
    5    1
 -0.00103946   0.00103946     0.00000000   0.00000000     0.00000000  -0.00000000
  0.00000000   0.00000000     0.00129593  -0.00129593    -0.02743278  -0.02743279
  0.00000000  -0.00000000    -0.00529124  -0.00529125    -0.01576500   0.01576499
    5    2
 -0.00153168   0.00000000     0.05866785  -0.00000000    -0.00000000   0.00020113
  0.00782443  -0.00000000    -0.00153168  -0.00000000    -0.00000000   0.00301479
  0.00000000  -0.00301479     0.00000000  -0.00020113     0.00354834   0.00000000
    5    3
  0.00108306  -0.00108306     0.04148444  -0.04148442     0.00014222   0.00014222
  0.00553271  -0.00553270     0.00108306  -0.00108306    -0.00213178  -0.00213178
 -0.00213178  -0.00213178     0.00014222   0.00014222    -0.00250906   0.00250906
    5    4
  0.04081384  -0.04081382     0.00000000   0.00000000     0.00000000  -0.00000000
  0.00000000  -0.00000000     0.00459677  -0.00459677    -0.00299297  -0.00299297
  0.00000000   0.00000000    -0.00299297  -0.00299297     0.00603309  -0.00603309
    5    5
  0.06180056  -0.00000000     0.00000000   0.00000000     0.00000000   0.00000000
  0.00000000  -0.00000000     0.01906257  -0.00000000    -0.00000000   0.00797743
  0.00000000  -0.00000000    -0.00000000  -0.00797743     0.02738323  -0.00000000
    5    6
  0.00037958   0.00000823     0.00000000  -0.00000000     0.00000000  -0.00000000
 -0.00000000   0.00000000    -0.00333064   0.00285446    -0.00375518   0.00040038
  0.00000000  -0.00000000     0.02026878   0.00132332    -0.00234578   0.00367141
    5    7
 -0.00026259   0.00027423    -0.00000000   0.00000000    -0.00000000   0.00000000
  0.00000000   0.00000000     0.00437352  -0.00033671    -0.00293843   0.00237220
 -0.00000000   0.00000000     0.01339647  -0.01526792     0.00425479   0.00093737
    6    1
  0.00035245  -0.00711191     0.00000000   0.00000000    -0.00000000  -0.00000000
  0.00000000   0.00000000    -0.00527810  -0.00477966    -0.00000000  -0.00000000
 -0.00000000  -0.00000000    -0.00000000  -0.00000000     0.01015604   0.02451886
    6    2
  0.00437352   0.00033671    -0.00000000  -0.00000000     0.01339647   0.01526792
  0.00000000  -0.00000000    -0.00026259  -0.00027423    -0.00000000   0.00000000
 -0.00293843  -0.00237220    -0.00000000  -0.00000000     0.00425479  -0.00093737
    6    3
 -0.00333064   0.00285446    -0.00000000  -0.00000000     0.02026878   0.00132332
  0.00000000  -0.00000000     0.00037958   0.00000823     0.00000000  -0.00000000
 -0.00375518   0.00040038    -0.00000000  -0.00000000    -0.00234578   0.00367141
    6    4
 -0.00026259   0.00027423    -0.00000000   0.00000000    -0.00000000   0.00000000
 -0.00000000   0.00000000     0.00437352  -0.00033671     0.01339647  -0.01526792
  0.00000000   0.00000000    -0.00293843   0.00237220     0.00425479   0.00093737
    6    5
  0.00037958  -0.00000823    -0.00000000   0.00000000    -0.00000000   0.00000000
 -0.00000000   0.00000000    -0.00333064  -0.00285446     0.02026878  -0.00132332
  0.00000000   0.00000000    -0.00375518  -0.00040038    -0.00234578  -0.00367141
    6    6
  0.02880370   0.00000000     0.00000000  -0.00000000    -0.00000000  -0.00000000
  0.00000000   0.00000000     0.02880370  -0.00000000    -0.00000000  -0.00000000
 -0.00000000   0.00000000    -0.00000000   0.00000000     0.03434678   0.00000000
    6    7
  0.01357081   0.01539359    -0.00000000  -0.00000000    -0.00000000   0.00000000
 -0.00000000  -0.00000000     0.01357081  -0.01539359    -0.00000000   0.00000000
 -0.00000000  -0.00000000    -0.00000000  -0.00000000     0.02127930  -0.00000000
    7    1
 -0.00527810  -0.00477966     0.00000000   0.00000000    -0.00000000  -0.00000000
  0.00000000   0.00000000     0.00035245  -0.00711191    -0.00000000  -0.00000000
  0.00000000  -0.00000000    -0.00000000  -0.00000000     0.01015604   0.02451886
    7    2
 -0.00333064  -0.00285446    -0.00000000   0.00000000     0.02026878  -0.00132332
  0.00000000   0.00000000     0.00037958  -0.00000823    -0.00000000   0.00000000
 -0.00375518  -0.00040038    -0.00000000   0.00000000    -0.00234578  -0.00367141
    7    3
  0.00437352  -0.00033671    -0.00000000   0.00000000     0.01339647  -0.01526792
 -0.00000000   0.00000000    -0.00026259   0.00027423    -0.00000000  -0.00000000
 -0.00293843   0.00237220    -0.00000000   0.00000000     0.00425479   0.00093737
    7    4
  0.00037958   0.00000823     0.00000000   0.00000000     0.00000000  -0.00000000
  0.00000000  -0.00000000    -0.00333064   0.00285446     0.02026878   0.00132332
  0.00000000  -0.00000000    -0.00375518   0.00040038    -0.00234578   0.00367141
    7    5
 -0.00026259  -0.00027423     0.00000000  -0.00000000    -0.00000000   0.00000000
 -0.00000000  -0.00000000     0.00437352   0.00033671     0.01339647   0.01526792
 -0.00000000  -0.00000000    -0.00293843  -0.00237220     0.00425479  -0.00093737
    7    6
  0.01357081  -0.01539359    -0.00000000   0.00000000    -0.00000000   0.00000000
 -0.00000000   0.00000000     0.01357081   0.01539359    -0.00000000   0.00000000
 -0.00000000   0.00000000    -0.00000000   0.00000000     0.02127930   0.00000000
    7    7
  0.02880370  -0.00000000     0.00000000   0.00000000    -0.00000000   0.00000000
  0.00000000  -0.00000000     0.02880370   0.00000000    -0.00000000   0.00000000
 -0.00000000   0.00000000    -0.00000000  -0.00000000     0.03434678  -0.00000000

     Dynamical  Matrix in cartesian axes

     q = (    0.649519100  -0.000000000   0.000000000 ) 

    1    1
  0.18065877   0.00000000    -0.00000000   0.00000000     0.00000000   0.00000000
  0.00000000   0.00000000     0.02206731   0.00000000     0.00000000   0.00000000
  0.00000000   0.00000000     0.00000000   0.00000000     0.02206731   0.00000000
    1    2
  0.01015604  -0.02451886     0.00000000   0.00000000     0.00000000   0.00000000
 -0.00000000   0.00000000     0.00035245   0.00711191    -0.00000000   0.00000000
  0.00000000   0.00000000     0.00000000   0.00000000    -0.00527810   0.00477966
    1    3
  0.01015604  -0.02451886    -0.00000000   0.00000000     0.00000000  -0.00000000
 -0.00000000  -0.00000000    -0.00527810   0.00477966     0.00000000  -0.00000000
 -0.00000000  -0.00000000    -0.00000000  -0.00000000     0.00035245   0.00711191
    1    4
 -0.01576500  -0.01576499    -0.02743278   0.02743279    -0.00000000   0.00000000
 -0.00529124   0.00529125     0.00129593   0.00129593    -0.00000000  -0.00000000
 -0.00000000  -0.00000000    -0.00000000  -0.00000000    -0.00103946  -0.00103946
    1    5
  0.02229507  -0.00000000     0.00000000   0.03879582    -0.00000000   0.00000000
  0.00000000   0.00748295    -0.00183273   0.00000000     0.00000000   0.00000000
 -0.00000000   0.00000000    -0.00000000   0.00000000     0.00147002  -0.00000000
    1    6
  0.02229507  -0.00000000    -0.00000000  -0.00000000     0.00000000   0.03879582
 -0.00000000  -0.00000000     0.00147002  -0.00000000     0.00000000  -0.00000000
  0.00000000   0.00748295     0.00000000  -0.00000000    -0.00183273  -0.00000000
    1    7
 -0.01576500  -0.01576499     0.00000000  -0.00000000    -0.02743278   0.02743279
  0.00000000  -0.00000000    -0.00103946  -0.00103946     0.00000000  -0.00000000
 -0.00529124   0.00529125    -0.00000000  -0.00000000     0.00129593   0.00129593
    2    1
  0.01015604   0.02451886    -0.00000000  -0.00000000     0.00000000   0.00000000
 -0.00000000   0.00000000     0.00035245  -0.00711191     0.00000000   0.00000000
  0.00000000   0.00000000     0.00000000   0.00000000    -0.00527810  -0.00477966
    2    2
  0.03434678  -0.00000000     0.00000000   0.00000000     0.00000000   0.00000000
 -0.00000000   0.00000000     0.02880370   0.00000000    -0.00000000   0.00000000
 -0.00000000  -0.00000000    -0.00000000  -0.00000000     0.02880370  -0.00000000
    2    3
  0.02127930   0.00000000     0.00000000   0.00000000    -0.00000000   0.00000000
  0.00000000  -0.00000000     0.01357081   0.01539359    -0.00000000   0.00000000
 -0.00000000   0.00000000    -0.00000000   0.00000000     0.01357081  -0.01539359
    2    4
  0.00425479  -0.00093737    -0.00293843  -0.00237220     0.00000000   0.00000000
  0.01339647   0.01526792     0.00437352   0.00033671     0.00000000   0.00000000
  0.00000000   0.00000000     0.00000000   0.00000000    -0.00026259  -0.00027423
    2    5
 -0.00234578   0.00367141    -0.00375518   0.00040038    -0.00000000   0.00000000
  0.02026878   0.00132332    -0.00333064   0.00285446    -0.00000000  -0.00000000
 -0.00000000  -0.00000000    -0.00000000   0.00000000     0.00037958   0.00000823
    2    6
  0.00425479   0.00093737    -0.00000000   0.00000000    -0.00293843   0.00237220
 -0.00000000  -0.00000000    -0.00026259   0.00027423    -0.00000000  -0.00000000
  0.01339647  -0.01526792    -0.00000000   0.00000000     0.00437352  -0.00033671
    2    7
 -0.00234578  -0.00367141     0.00000000   0.00000000    -0.00375518  -0.00040038
 -0.00000000   0.00000000     0.00037958  -0.00000823     0.00000000   0.00000000
  0.02026878  -0.00132332     0.00000000   0.00000000    -0.00333064  -0.00285446
    3    1
  0.01015604   0.02451886    -0.00000000   0.00000000     0.00000000   0.00000000
 -0.00000000   0.00000000    -0.00527810  -0.00477966     0.00000000   0.00000000
 -0.00000000   0.00000000     0.00000000   0.00000000     0.00035245  -0.00711191
    3    2
  0.02127930  -0.00000000     0.00000000  -0.00000000    -0.00000000  -0.00000000
  0.00000000   0.00000000     0.01357081  -0.01539359    -0.00000000  -0.00000000
 -0.00000000  -0.00000000    -0.00000000  -0.00000000     0.01357081   0.01539359
    3    3
  0.03434678   0.00000000     0.00000000  -0.00000000     0.00000000  -0.00000000
 -0.00000000  -0.00000000     0.02880370  -0.00000000    -0.00000000  -0.00000000
 -0.00000000   0.00000000    -0.00000000   0.00000000     0.02880370   0.00000000
    3    4
 -0.00234578  -0.00367141    -0.00375518  -0.00040038    -0.00000000   0.00000000
  0.02026878  -0.00132332    -0.00333064  -0.00285446    -0.00000000   0.00000000
 -0.00000000  -0.00000000     0.00000000   0.00000000     0.00037958  -0.00000823
    3    5
  0.00425479   0.00093737    -0.00293843   0.00237220     0.00000000  -0.00000000
  0.01339647  -0.01526792     0.00437352  -0.00033671     0.00000000  -0.00000000
  0.00000000  -0.00000000     0.00000000  -0.00000000    -0.00026259   0.00027423
    3    6
 -0.00234578   0.00367141     0.00000000  -0.00000000    -0.00375518   0.00040038
 -0.00000000  -0.00000000     0.00037958   0.00000823    -0.00000000  -0.00000000
  0.02026878   0.00132332    -0.00000000  -0.00000000    -0.00333064   0.00285446
    3    7
  0.00425479  -0.00093737    -0.00000000  -0.00000000    -0.00293843  -0.00237220
 -0.00000000   0.00000000    -0.00026259  -0.00027423    -0.00000000  -0.00000000
  0.01339647   0.01526792    -0.00000000   0.00000000     0.00437352   0.00033671
    4    1
 -0.01576500   0.01576499    -0.00529124  -0.00529125     0.00000000   0.00000000
 -0.02743278  -0.02743279     0.00129593  -0.00129593     0.00000000   0.00000000
 -0.00000000  -0.00000000    -0.00000000   0.00000000    -0.00103946   0.00103946
    4    2
  0.00425479   0.00093737     0.01339647  -0.01526792     0.00000000   0.00000000
 -0.00293843   0.00237220     0.00437352  -0.00033671     0.00000000  -0.00000000
  0.00000000   0.00000000     0.00000000  -0.00000000    -0.00026259   0.00027423
    4    3
 -0.00234578   0.00367141     0.02026878   0.00132332     0.00000000   0.00000000
 -0.00375518   0.00040038    -0.00333064   0.00285446     0.00000000   0.00000000
  0.00000000   0.00000000    -0.00000000  -0.00000000     0.00037958   0.00000823
    4    4
  0.02738323   0.00000000     0.00000000  -0.00797743    -0.00000000   0.00000000
  0.00000000   0.00797743     0.01906257   0.00000000    -0.00000000   0.00000000
 -0.00000000   0.00000000    -0.00000000   0.00000000     0.06180056  -0.00000000
    4    5
  0.00603309  -0.00603309    -0.00299297  -0.00299297    -0.00000000   0.00000000
 -0.00299297  -0.00299297     0.00459677  -0.00459677    -0.00000000   0.00000000
 -0.00000000   0.00000000    -0.00000000   0.00000000     0.04081384  -0.04081382
    4    6
 -0.00250906   0.00250906     0.00014222   0.00014222    -0.00213178  -0.00213178
 -0.00213178  -0.00213178     0.00108306  -0.00108306     0.00553271  -0.00553270
  0.00014222   0.00014222     0.04148444  -0.04148442     0.00108306  -0.00108306
    4    7
  0.00354834  -0.00000000    -0.00000000  -0.00020113     0.00000000  -0.00301479
  0.00000000   0.00301479    -0.00153168   0.00000000     0.00782443  -0.00000000
  0.00000000   0.00020113     0.05866785  -0.00000000    -0.00153168   0.00000000
    5    1
  0.02229507   0.00000000     0.00000000  -0.00748295     0.00000000  -0.00000000
  0.00000000  -0.03879582    -0.00183273  -0.00000000     0.00000000   0.00000000
 -0.00000000   0.00000000    -0.00000000  -0.00000000     0.00147002   0.00000000
    5    2
 -0.00234578  -0.00367141     0.02026878  -0.00132332     0.00000000  -0.00000000
 -0.00375518  -0.00040038    -0.00333064  -0.00285446     0.00000000  -0.00000000
  0.00000000   0.00000000    -0.00000000   0.00000000     0.00037958  -0.00000823
    5    3
  0.00425479  -0.00093737     0.01339647   0.01526792     0.00000000   0.00000000
 -0.00293843  -0.00237220     0.00437352   0.00033671     0.00000000   0.00000000
  0.00000000  -0.00000000     0.00000000   0.00000000    -0.00026259  -0.00027423
    5    4
  0.00603309   0.00603309    -0.00299297   0.00299297    -0.00000000  -0.00000000
 -0.00299297   0.00299297     0.00459677   0.00459677    -0.00000000  -0.00000000
 -0.00000000  -0.00000000    -0.00000000  -0.00000000     0.04081384   0.04081382
    5    5
  0.02738323  -0.00000000     0.00000000   0.00797743    -0.00000000  -0.00000000
  0.00000000  -0.00797743     0.01906257  -0.00000000    -0.00000000  -0.00000000
 -0.00000000   0.00000000    -0.00000000   0.00000000     0.06180056   0.00000000
    5    6
  0.00354834   0.00000000    -0.00000000   0.00020113    -0.00000000   0.00301479
  0.00000000  -0.00301479    -0.00153168  -0.00000000     0.00782443   0.00000000
 -0.00000000  -0.00020113     0.05866785   0.00000000    -0.00153168  -0.00000000
    5    7
 -0.00250906  -0.00250906     0.00014222  -0.00014222    -0.00213178   0.00213178
 -0.00213178   0.00213178     0.00108306   0.00108306     0.00553271   0.00553270
  0.00014222  -0.00014222     0.04148444   0.04148442     0.00108306   0.00108306
    6    1
  0.02229507   0.00000000    -0.00000000   0.00000000     0.00000000  -0.00748295
 -0.00000000   0.00000000     0.00147002   0.00000000     0.00000000  -0.00000000
  0.00000000  -0.03879582     0.00000000   0.00000000    -0.00183273  -0.00000000
    6    2
  0.00425479  -0.00093737    -0.00000000  -0.00000000     0.01339647   0.01526792
 -0.00000000  -0.00000000    -0.00026259  -0.00027423    -0.00000000  -0.00000000
 -0.00293843  -0.00237220    -0.00000000   0.00000000     0.00437352   0.00033671
    6    3
 -0.00234578  -0.00367141    -0.00000000   0.00000000     0.02026878  -0.00132332
  0.00000000   0.00000000     0.00037958  -0.00000823    -0.00000000   0.00000000
 -0.00375518  -0.00040038     0.00000000   0.00000000    -0.00333064  -0.00285446
    6    4
 -0.00250906  -0.00250906    -0.00213178   0.00213178     0.00014222  -0.00014222
  0.00014222  -0.00014222     0.00108306   0.00108306     0.04148444   0.04148442
 -0.00213178   0.00213178     0.00553271   0.00553270     0.00108306   0.00108306
    6    5
  0.00354834  -0.00000000     0.00000000   0.00301479     0.00000000   0.00020113
 -0.00000000  -0.00020113    -0.00153168   0.00000000     0.05866785  -0.00000000
  0.00000000  -0.00301479     0.00782443  -0.00000000    -0.00153168   0.00000000
    6    6
  0.02738323   0.00000000     0.00000000   0.00000000     0.00000000   0.00797743
  0.00000000   0.00000000     0.06180056   0.00000000    -0.00000000   0.00000000
  0.00000000  -0.00797743    -0.00000000   0.00000000     0.01906257  -0.00000000
    6    7
  0.00603309   0.00603309    -0.00000000  -0.00000000    -0.00299297   0.00299297
 -0.00000000  -0.00000000     0.04081384   0.04081382    -0.00000000  -0.00000000
 -0.00299297   0.00299297     0.00000000  -0.00000000     0.00459677   0.00459677
    7    1
 -0.01576500   0.01576499     0.00000000   0.00000000    -0.00529124  -0.00529125
  0.00000000   0.00000000    -0.00103946   0.00103946    -0.00000000  -0.00000000
 -0.02743278  -0.02743279     0.00000000  -0.00000000     0.00129593  -0.00129593
    7    2
 -0.00234578   0.00367141    -0.00000000   0.00000000     0.02026878   0.00132332
  0.00000000   0.00000000     0.00037958   0.00000823     0.00000000  -0.00000000
 -0.00375518   0.00040038     0.00000000  -0.00000000    -0.00333064   0.00285446
    7    3
  0.00425479   0.00093737    -0.00000000   0.00000000     0.01339647  -0.01526792
  0.00000000  -0.00000000    -0.00026259   0.00027423    -0.00000000   0.00000000
 -0.00293843   0.00237220    -0.00000000   0.00000000     0.00437352  -0.00033671
    7    4
  0.00354834   0.00000000     0.00000000  -0.00301479     0.00000000  -0.00020113
 -0.00000000   0.00020113    -0.00153168  -0.00000000     0.05866785   0.00000000
  0.00000000   0.00301479     0.00782443   0.00000000    -0.00153168  -0.00000000
    7    5
 -0.00250906   0.00250906    -0.00213178  -0.00213178     0.00014222   0.00014222
  0.00014222   0.00014222     0.00108306  -0.00108306     0.04148444  -0.04148442
 -0.00213178  -0.00213178     0.00553271  -0.00553270     0.00108306  -0.00108306
    7    6
  0.00603309  -0.00603309    -0.00000000   0.00000000    -0.00299297  -0.00299297
 -0.00000000   0.00000000     0.04081384  -0.04081382    -0.00000000   0.00000000
 -0.00299297  -0.00299297     0.00000000   0.00000000     0.00459677  -0.00459677
    7    7
  0.02738323  -0.00000000     0.00000000  -0.00000000     0.00000000  -0.00797743
  0.00000000  -0.00000000     0.06180056  -0.00000000    -0.00000000   0.00000000
  0.00000000   0.00797743    -0.00000000  -0.00000000     0.01906257   0.00000000

     Dynamical  Matrix in cartesian axes

     q = (   -0.649519100  -0.000000000  -0.000000000 ) 

    1    1
  0.18065877   0.00000000     0.00000000   0.00000000     0.00000000   0.00000000
  0.00000000   0.00000000     0.02206731   0.00000000     0.00000000   0.00000000
  0.00000000   0.00000000     0.00000000   0.00000000     0.02206731   0.00000000
    1    2
  0.01015604   0.02451886    -0.00000000  -0.00000000     0.00000000   0.00000000
 -0.00000000  -0.00000000     0.00035245  -0.00711191     0.00000000   0.00000000
  0.00000000   0.00000000     0.00000000   0.00000000    -0.00527810  -0.00477966
    1    3
  0.01015604   0.02451886    -0.00000000  -0.00000000    -0.00000000  -0.00000000
 -0.00000000  -0.00000000    -0.00527810  -0.00477966    -0.00000000   0.00000000
 -0.00000000   0.00000000    -0.00000000   0.00000000     0.00035245  -0.00711191
    1    4
 -0.01576500   0.01576499    -0.02743278  -0.02743279    -0.00000000   0.00000000
 -0.00529124  -0.00529125     0.00129593  -0.00129593    -0.00000000  -0.00000000
  0.00000000   0.00000000     0.00000000  -0.00000000    -0.00103946   0.00103946
    1    5
  0.02229507   0.00000000     0.00000000  -0.03879582    -0.00000000  -0.00000000
  0.00000000  -0.00748295    -0.00183273  -0.00000000    -0.00000000   0.00000000
  0.00000000  -0.00000000    -0.00000000  -0.00000000     0.00147002  -0.00000000
    1    6
  0.02229507   0.00000000    -0.00000000   0.00000000     0.00000000  -0.03879582
 -0.00000000   0.00000000     0.00147002   0.00000000     0.00000000   0.00000000
  0.00000000  -0.00748295     0.00000000  -0.00000000    -0.00183273  -0.00000000
    1    7
 -0.01576500   0.01576499     0.00000000   0.00000000    -0.02743278  -0.02743279
  0.00000000   0.00000000    -0.00103946   0.00103946     0.00000000   0.00000000
 -0.00529124  -0.00529125    -0.00000000   0.00000000     0.00129593  -0.00129593
    2    1
  0.01015604  -0.02451886    -0.00000000  -0.00000000     0.00000000   0.00000000
 -0.00000000   0.00000000     0.00035245   0.00711191     0.00000000   0.00000000
  0.00000000   0.00000000    -0.00000000   0.00000000    -0.00527810   0.00477966
    2    2
  0.03434678   0.00000000     0.00000000  -0.00000000    -0.00000000  -0.00000000
  0.00000000   0.00000000     0.02880370  -0.00000000    -0.00000000  -0.00000000
 -0.00000000   0.00000000    -0.00000000   0.00000000     0.02880370   0.00000000
    2    3
  0.02127930   0.00000000    -0.00000000  -0.00000000    -0.00000000  -0.00000000
  0.00000000   0.00000000     0.01357081  -0.01539359    -0.00000000  -0.00000000
 -0.00000000  -0.00000000    -0.00000000  -0.00000000     0.01357081   0.01539359
    2    4
  0.00425479   0.00093737    -0.00293843   0.00237220    -0.00000000   0.00000000
  0.01339647  -0.01526792     0.00437352  -0.00033671    -0.00000000   0.00000000
  0.00000000   0.00000000     0.00000000  -0.00000000    -0.00026259   0.00027423
    2    5
 -0.00234578  -0.00367141    -0.00375518  -0.00040038     0.00000000  -0.00000000
  0.02026878  -0.00132332    -0.00333064  -0.00285446     0.00000000   0.00000000
 -0.00000000   0.00000000     0.00000000  -0.00000000     0.00037958  -0.00000823
    2    6
  0.00425479  -0.00093737    -0.00000000  -0.00000000    -0.00293843  -0.00237220
 -0.00000000   0.00000000    -0.00026259  -0.00027423     0.00000000   0.00000000
  0.01339647   0.01526792     0.00000000   0.00000000     0.00437352   0.00033671
    2    7
 -0.00234578   0.00367141    -0.00000000  -0.00000000    -0.00375518   0.00040038
 -0.00000000  -0.00000000     0.00037958   0.00000823     0.00000000  -0.00000000
  0.02026878   0.00132332     0.00000000  -0.00000000    -0.00333064   0.00285446
    3    1
  0.01015604  -0.02451886    -0.00000000   0.00000000     0.00000000  -0.00000000
 -0.00000000   0.00000000    -0.00527810   0.00477966     0.00000000   0.00000000
  0.00000000   0.00000000     0.00000000  -0.00000000     0.00035245   0.00711191
    3    2
  0.02127930  -0.00000000    -0.00000000   0.00000000    -0.00000000   0.00000000
  0.00000000  -0.00000000     0.01357081   0.01539359    -0.00000000   0.00000000
 -0.00000000   0.00000000    -0.00000000   0.00000000     0.01357081  -0.01539359
    3    3
  0.03434678  -0.00000000     0.00000000   0.00000000    -0.00000000   0.00000000
  0.00000000  -0.00000000     0.02880370   0.00000000    -0.00000000   0.00000000
 -0.00000000  -0.00000000    -0.00000000  -0.00000000     0.02880370  -0.00000000
    3    4
 -0.00234578   0.00367141    -0.00375518   0.00040038     0.00000000   0.00000000
  0.02026878   0.00132332    -0.00333064   0.00285446     0.00000000  -0.00000000
 -0.00000000   0.00000000    -0.00000000  -0.00000000     0.00037958   0.00000823
    3    5
  0.00425479  -0.00093737    -0.00293843  -0.00237220     0.00000000  -0.00000000
  0.01339647   0.01526792     0.00437352   0.00033671     0.00000000  -0.00000000
  0.00000000   0.00000000     0.00000000   0.00000000    -0.00026259  -0.00027423
    3    6
 -0.00234578  -0.00367141    -0.00000000   0.00000000    -0.00375518  -0.00040038
 -0.00000000   0.00000000     0.00037958  -0.00000823     0.00000000   0.00000000
  0.02026878  -0.00132332     0.00000000   0.00000000    -0.00333064  -0.00285446
    3    7
  0.00425479   0.00093737     0.00000000   0.00000000    -0.00293843   0.00237220
 -0.00000000  -0.00000000    -0.00026259   0.00027423     0.00000000   0.00000000
  0.01339647  -0.01526792     0.00000000   0.00000000     0.00437352  -0.00033671
    4    1
 -0.01576500  -0.01576499    -0.00529124   0.00529125     0.00000000  -0.00000000
 -0.02743278   0.02743279     0.00129593   0.00129593     0.00000000  -0.00000000
  0.00000000  -0.00000000     0.00000000   0.00000000    -0.00103946  -0.00103946
    4    2
  0.00425479  -0.00093737     0.01339647   0.01526792     0.00000000   0.00000000
 -0.00293843  -0.00237220     0.00437352   0.00033671    -0.00000000   0.00000000
  0.00000000   0.00000000     0.00000000  -0.00000000    -0.00026259  -0.00027423
    4    3
 -0.00234578  -0.00367141     0.02026878  -0.00132332     0.00000000  -0.00000000
 -0.00375518  -0.00040038    -0.00333064  -0.00285446     0.00000000  -0.00000000
 -0.00000000  -0.00000000    -0.00000000  -0.00000000     0.00037958  -0.00000823
    4    4
  0.02738323  -0.00000000     0.00000000   0.00797743    -0.00000000   0.00000000
  0.00000000  -0.00797743     0.01906257   0.00000000    -0.00000000   0.00000000
 -0.00000000   0.00000000    -0.00000000   0.00000000     0.06180056   0.00000000
    4    5
  0.00603309   0.00603309    -0.00299297   0.00299297    -0.00000000  -0.00000000
 -0.00299297   0.00299297     0.00459677   0.00459677    -0.00000000  -0.00000000
 -0.00000000  -0.00000000    -0.00000000  -0.00000000     0.04081384   0.04081382
    4    6
 -0.00250906  -0.00250906     0.00014222  -0.00014222    -0.00213178   0.00213178
 -0.00213178   0.00213178     0.00108306   0.00108306     0.00553271   0.00553270
  0.00014222  -0.00014222     0.04148444   0.04148442     0.00108306   0.00108306
    4    7
  0.00354834  -0.00000000    -0.00000000   0.00020113     0.00000000   0.00301479
 -0.00000000  -0.00301479    -0.00153168   0.00000000     0.00782443  -0.00000000
 -0.00000000  -0.00020113     0.05866785  -0.00000000    -0.00153168   0.00000000
    5    1
  0.02229507  -0.00000000     0.00000000   0.00748295     0.00000000   0.00000000
  0.00000000   0.03879582    -0.00183273   0.00000000     0.00000000   0.00000000
  0.00000000  -0.00000000     0.00000000  -0.00000000     0.00147002   0.00000000
    5    2
 -0.00234578   0.00367141     0.02026878   0.00132332     0.00000000  -0.00000000
 -0.00375518   0.00040038    -0.00333064   0.00285446    -0.00000000   0.00000000
  0.00000000  -0.00000000     0.00000000   0.00000000     0.00037958   0.00000823
    5    3
  0.00425479   0.00093737     0.01339647  -0.01526792     0.00000000  -0.00000000
 -0.00293843   0.00237220     0.00437352  -0.00033671     0.00000000  -0.00000000
  0.00000000   0.00000000     0.00000000   0.00000000    -0.00026259   0.00027423
    5    4
  0.00603309  -0.00603309    -0.00299297  -0.00299297    -0.00000000   0.00000000
 -0.00299297  -0.00299297     0.00459677  -0.00459677    -0.00000000   0.00000000
 -0.00000000   0.00000000    -0.00000000   0.00000000     0.04081384  -0.04081382
    5    5
  0.02738323   0.00000000     0.00000000  -0.00797743    -0.00000000  -0.00000000
  0.00000000   0.00797743     0.01906257  -0.00000000    -0.00000000  -0.00000000
 -0.00000000   0.00000000    -0.00000000   0.00000000     0.06180056  -0.00000000
    5    6
  0.00354834   0.00000000    -0.00000000  -0.00020113     0.00000000  -0.00301479
 -0.00000000   0.00301479    -0.00153168  -0.00000000     0.00782443   0.00000000
 -0.00000000   0.00020113     0.05866785   0.00000000    -0.00153168  -0.00000000
    5    7
 -0.00250906   0.00250906     0.00014222   0.00014222    -0.00213178  -0.00213178
 -0.00213178  -0.00213178     0.00108306  -0.00108306     0.00553271  -0.00553270
  0.00014222   0.00014222     0.04148444  -0.04148442     0.00108306  -0.00108306
    6    1
  0.02229507  -0.00000000    -0.00000000   0.00000000     0.00000000   0.00748295
 -0.00000000  -0.00000000     0.00147002   0.00000000     0.00000000   0.00000000
  0.00000000   0.03879582     0.00000000   0.00000000    -0.00183273   0.00000000
    6    2
  0.00425479   0.00093737    -0.00000000   0.00000000     0.01339647  -0.01526792
  0.00000000   0.00000000    -0.00026259   0.00027423     0.00000000   0.00000000
 -0.00293843   0.00237220    -0.00000000   0.00000000     0.00437352  -0.00033671
    6    3
 -0.00234578   0.00367141    -0.00000000  -0.00000000     0.02026878   0.00132332
  0.00000000  -0.00000000     0.00037958   0.00000823     0.00000000  -0.00000000
 -0.00375518   0.00040038     0.00000000  -0.00000000    -0.00333064   0.00285446
    6    4
 -0.00250906   0.00250906    -0.00213178  -0.00213178     0.00014222   0.00014222
  0.00014222   0.00014222     0.00108306  -0.00108306     0.04148444  -0.04148442
 -0.00213178  -0.00213178     0.00553271  -0.00553270     0.00108306  -0.00108306
    6    5
  0.00354834  -0.00000000    -0.00000000  -0.00301479     0.00000000  -0.00020113
 -0.00000000   0.00020113    -0.00153168   0.00000000     0.05866785  -0.00000000
 -0.00000000   0.00301479     0.00782443  -0.00000000    -0.00153168   0.00000000
    6    6
  0.02738323  -0.00000000     0.00000000   0.00000000    -0.00000000  -0.00797743
 -0.00000000  -0.00000000     0.06180056  -0.00000000     0.00000000   0.00000000
 -0.00000000   0.00797743     0.00000000   0.00000000     0.01906257   0.00000000
    6    7
  0.00603309  -0.00603309    -0.00000000   0.00000000    -0.00299297  -0.00299297
 -0.00000000   0.00000000     0.04081384  -0.04081382     0.00000000   0.00000000
 -0.00299297  -0.00299297    -0.00000000   0.00000000     0.00459677  -0.00459677
    7    1
 -0.01576500  -0.01576499     0.00000000   0.00000000    -0.00529124   0.00529125
  0.00000000   0.00000000    -0.00103946  -0.00103946     0.00000000  -0.00000000
 -0.02743278   0.02743279     0.00000000  -0.00000000     0.00129593   0.00129593
    7    2
 -0.00234578  -0.00367141    -0.00000000   0.00000000     0.02026878  -0.00132332
  0.00000000   0.00000000     0.00037958  -0.00000823     0.00000000   0.00000000
 -0.00375518  -0.00040038    -0.00000000   0.00000000    -0.00333064  -0.00285446
    7    3
  0.00425479  -0.00093737    -0.00000000  -0.00000000     0.01339647   0.01526792
  0.00000000   0.00000000    -0.00026259  -0.00027423     0.00000000   0.00000000
 -0.00293843  -0.00237220    -0.00000000  -0.00000000     0.00437352   0.00033671
    7    4
  0.00354834   0.00000000     0.00000000   0.00301479     0.00000000   0.00020113
 -0.00000000  -0.00020113    -0.00153168  -0.00000000     0.05866785   0.00000000
  0.00000000  -0.00301479     0.00782443   0.00000000    -0.00153168  -0.00000000
    7    5
 -0.00250906  -0.00250906    -0.00213178   0.00213178     0.00014222  -0.00014222
  0.00014222  -0.00014222     0.00108306   0.00108306     0.04148444   0.04148442
 -0.00213178   0.00213178     0.00553271   0.00553270     0.00108306   0.00108306
    7    6
  0.00603309   0.00603309    -0.00000000  -0.00000000    -0.00299297   0.00299297
 -0.00000000  -0.00000000     0.04081384   0.04081382     0.00000000  -0.00000000
 -0.00299297   0.00299297    -0.00000000  -0.00000000     0.00459677   0.00459677
    7    7
  0.02738323   0.00000000     0.00000000  -0.00000000    -0.00000000   0.00797743
 -0.00000000   0.00000000     0.06180056   0.00000000     0.00000000   0.00000000
 -0.00000000  -0.00797743     0.00000000   0.00000000     0.01906257  -0.00000000

     Dynamical  Matrix in cartesian axes

     q = (   -0.000000000   0.649519100   0.000000000 ) 

    1    1
  0.02206731   0.00000000     0.00000000   0.00000000     0.00000000   0.00000000
  0.00000000   0.00000000     0.18065877   0.00000000     0.00000000   0.00000000
  0.00000000   0.00000000     0.00000000   0.00000000     0.02206731   0.00000000
    1    2
 -0.00183273  -0.00000000     0.00000000   0.00748295    -0.00000000   0.00000000
  0.00000000   0.03879582     0.02229507  -0.00000000     0.00000000   0.00000000
  0.00000000  -0.00000000     0.00000000  -0.00000000     0.00147002  -0.00000000
    1    3
  0.00129593   0.00129593    -0.00529124   0.00529125    -0.00000000   0.00000000
 -0.02743278   0.02743279    -0.01576500  -0.01576499    -0.00000000   0.00000000
  0.00000000   0.00000000     0.00000000   0.00000000    -0.00103946  -0.00103946
    1    4
 -0.00527810   0.00477966     0.00000000   0.00000000     0.00000000   0.00000000
 -0.00000000   0.00000000     0.01015604  -0.02451886     0.00000000   0.00000000
  0.00000000   0.00000000     0.00000000   0.00000000     0.00035245   0.00711191
    1    5
  0.00035245   0.00711191     0.00000000   0.00000000     0.00000000   0.00000000
 -0.00000000   0.00000000     0.01015604  -0.02451886     0.00000000   0.00000000
  0.00000000   0.00000000     0.00000000   0.00000000    -0.00527810   0.00477966
    1    6
 -0.00103946  -0.00103946     0.00000000  -0.00000000    -0.00000000   0.00000000
  0.00000000  -0.00000000    -0.01576500  -0.01576499    -0.02743278   0.02743279
 -0.00000000  -0.00000000    -0.00529124   0.00529125     0.00129593   0.00129593
    1    7
  0.00147002  -0.00000000     0.00000000  -0.00000000    -0.00000000   0.00000000
 -0.00000000  -0.00000000     0.02229507  -0.00000000     0.00000000   0.03879582
