  2.500000000000000E-002   1.26011648066226        2.33218954087644     
          12

     Dynamical  Matrix in cartesian axes

     q = (    0.108253200   0.108253200   0.000000000 ) 

    1    1
  0.04992230  -0.00000000     0.04332005  -0.00000000    -0.00000000   0.00000000
  0.04332005  -0.00000000     0.04992230  -0.00000000    -0.00000000   0.00000000
 -0.00000000   0.00000000    -0.00000000   0.00000000     0.00888290   0.00000000
    1    2
 -0.00838173   0.01482818    -0.00090076   0.00819681     0.00000000   0.00000000
 -0.00835019   0.01430828    -0.00092435   0.00771043     0.00000000   0.00000000
  0.00000000   0.00000000     0.00000000   0.00000000    -0.00279953  -0.00735268
    1    3
 -0.01641188  -0.00455832    -0.00643295  -0.00515908     0.00000000  -0.00000000
 -0.01602195  -0.00421300    -0.00610572  -0.00479848     0.00000000  -0.00000000
 -0.00000000  -0.00000000    -0.00000000  -0.00000000     0.00321957   0.00717870
    1    4
 -0.00610572  -0.00479848    -0.01602195  -0.00421300     0.00000000  -0.00000000
 -0.00643295  -0.00515908    -0.01641188  -0.00455832    -0.00000000  -0.00000000
 -0.00000000  -0.00000000    -0.00000000  -0.00000000     0.00321957   0.00717870
    1    5
 -0.00092435   0.00771043    -0.00835019   0.01430828     0.00000000   0.00000000
 -0.00090076   0.00819681    -0.00838173   0.01482818     0.00000000   0.00000000
  0.00000000   0.00000000     0.00000000   0.00000000    -0.00279953  -0.00735268
    1    6
  0.00383520  -0.00158859     0.00367650  -0.00152286    -0.00003477  -0.00008393
  0.00367650  -0.00152286     0.00383520  -0.00158859     0.00003477   0.00008393
  0.00275488   0.00665088    -0.00275488  -0.00665088    -0.00306828   0.00127093
    1    7
  0.00383520  -0.00158859     0.00367650  -0.00152286     0.00003477   0.00008393
  0.00367650  -0.00152286     0.00383520  -0.00158859    -0.00003477  -0.00008393
 -0.00275488  -0.00665088     0.00275488   0.00665088    -0.00306828   0.00127093
    2    1
 -0.00838173  -0.01482818    -0.00835019  -0.01430828     0.00000000  -0.00000000
 -0.00090076  -0.00819681    -0.00092435  -0.00771043     0.00000000  -0.00000000
  0.00000000   0.00000000     0.00000000   0.00000000    -0.00279953   0.00735268
    2    2
  0.03658278  -0.00000000     0.00507569  -0.01462477    -0.00000000   0.00000000
  0.00507569   0.01462477     0.09049880  -0.00000000    -0.00000000   0.00000000
 -0.00000000   0.00000000     0.00000000   0.00000000     0.03054571  -0.00000000
    2    3
 -0.00934609   0.00982051     0.00408681   0.01814645     0.00000000   0.00000000
  0.00408681   0.01814645    -0.06689884   0.05208224     0.00000000  -0.00000000
  0.00000000   0.00000000     0.00000000   0.00000000    -0.02694776   0.00394715
    2    4
  0.00275600   0.01748712    -0.01286430   0.00626911    -0.00000000  -0.00000000
 -0.06712253   0.05198638     0.00275600   0.01748712     0.00000000  -0.00000000
 -0.00000000   0.00000000     0.00000000   0.00000000     0.00353972   0.00239747
    2    5
  0.00354170  -0.01580686     0.02657838   0.00000000    -0.00000000   0.00000000
  0.08869816  -0.00000000     0.00354170   0.01580686     0.00000000   0.00000000
 -0.00000000   0.00000000     0.00000000   0.00000000    -0.00435100   0.00000000
    2    6
 -0.00508305  -0.00079199    -0.00243457   0.00120073    -0.00304039   0.00297409
 -0.00035109  -0.00470485     0.00044799  -0.00449651     0.00009652   0.00117039
 -0.02912145   0.00234827    -0.00431161  -0.00142078    -0.00121184  -0.00465262
    2    7
 -0.00508305  -0.00079199    -0.00243457   0.00120073     0.00304039  -0.00297409
 -0.00035109  -0.00470485     0.00044799  -0.00449651    -0.00009652  -0.00117039
  0.02912145  -0.00234827     0.00431161   0.00142078    -0.00121184  -0.00465262
    3    1
 -0.01641188   0.00455832    -0.01602195   0.00421300    -0.00000000   0.00000000
 -0.00643295   0.00515908    -0.00610572   0.00479848    -0.00000000   0.00000000
 -0.00000000   0.00000000    -0.00000000   0.00000000     0.00321957  -0.00717870
    3    2
 -0.00934609  -0.00982051     0.00408681  -0.01814645     0.00000000   0.00000000
  0.00408681  -0.01814645    -0.06689884  -0.05208224     0.00000000   0.00000000
  0.00000000  -0.00000000    -0.00000000  -0.00000000    -0.02694776  -0.00394715
    3    3
  0.03658278  -0.00000000     0.00507569   0.01462477    -0.00000000   0.00000000
  0.00507569  -0.01462477     0.09049880  -0.00000000    -0.00000000   0.00000000
 -0.00000000   0.00000000    -0.00000000   0.00000000     0.03054571   0.00000000
    3    4
  0.00354170   0.01580686     0.02657838   0.00000000     0.00000000  -0.00000000
  0.08869816  -0.00000000     0.00354170  -0.01580686    -0.00000000  -0.00000000
  0.00000000   0.00000000     0.00000000   0.00000000    -0.00435100  -0.00000000
    3    5
  0.00275600  -0.01748712    -0.01286430  -0.00626911     0.00000000   0.00000000
 -0.06712253  -0.05198638     0.00275600  -0.01748712    -0.00000000   0.00000000
 -0.00000000   0.00000000    -0.00000000  -0.00000000     0.00353972  -0.00239747
    3    6
 -0.00508305   0.00079199    -0.00243457  -0.00120073     0.00304039   0.00297409
 -0.00035109   0.00470485     0.00044799   0.00449651    -0.00009652   0.00117039
  0.02912145   0.00234827     0.00431161  -0.00142078    -0.00121184   0.00465262
    3    7
 -0.00508305   0.00079199    -0.00243457  -0.00120073    -0.00304039  -0.00297409
 -0.00035109   0.00470485     0.00044799   0.00449651     0.00009652  -0.00117039
 -0.02912145  -0.00234827    -0.00431161   0.00142078    -0.00121184   0.00465262
    4    1
 -0.00610572   0.00479848    -0.00643295   0.00515908    -0.00000000   0.00000000
 -0.01602195   0.00421300    -0.01641188   0.00455832    -0.00000000   0.00000000
 -0.00000000   0.00000000    -0.00000000   0.00000000     0.00321957  -0.00717870
    4    2
  0.00275600  -0.01748712    -0.06712253  -0.05198638    -0.00000000   0.00000000
 -0.01286430  -0.00626911     0.00275600  -0.01748712     0.00000000   0.00000000
 -0.00000000   0.00000000     0.00000000  -0.00000000     0.00353972  -0.00239747
    4    3
  0.00354170  -0.01580686     0.08869816   0.00000000     0.00000000   0.00000000
  0.02657838  -0.00000000     0.00354170   0.01580686     0.00000000   0.00000000
 -0.00000000   0.00000000    -0.00000000   0.00000000    -0.00435100  -0.00000000
    4    4
  0.09049880  -0.00000000     0.00507569  -0.01462477    -0.00000000   0.00000000
  0.00507569   0.01462477     0.03658278  -0.00000000    -0.00000000   0.00000000
 -0.00000000   0.00000000    -0.00000000   0.00000000     0.03054571   0.00000000
    4    5
 -0.06689884  -0.05208224     0.00408681  -0.01814645     0.00000000   0.00000000
  0.00408681  -0.01814645    -0.00934609  -0.00982051     0.00000000   0.00000000
  0.00000000   0.00000000     0.00000000   0.00000000    -0.02694776  -0.00394715
    4    6
  0.00044799   0.00449651    -0.00035109   0.00470485     0.00009652  -0.00117039
 -0.00243457  -0.00120073    -0.00508305   0.00079199    -0.00304039  -0.00297409
 -0.00431161   0.00142078    -0.02912145  -0.00234827    -0.00121184   0.00465262
    4    7
  0.00044799   0.00449651    -0.00035109   0.00470485    -0.00009652   0.00117039
 -0.00243457  -0.00120073    -0.00508305   0.00079199     0.00304039   0.00297409
  0.00431161  -0.00142078     0.02912145   0.00234827    -0.00121184   0.00465262
    5    1
 -0.00092435  -0.00771043    -0.00090076  -0.00819681     0.00000000  -0.00000000
 -0.00835019  -0.01430828    -0.00838173  -0.01482818     0.00000000  -0.00000000
  0.00000000   0.00000000     0.00000000  -0.00000000    -0.00279953   0.00735268
    5    2
  0.00354170   0.01580686     0.08869816   0.00000000     0.00000000   0.00000000
  0.02657838   0.00000000     0.00354170  -0.01580686     0.00000000   0.00000000
 -0.00000000   0.00000000     0.00000000   0.00000000    -0.00435100   0.00000000
    5    3
  0.00275600   0.01748712    -0.06712253   0.05198638     0.00000000  -0.00000000
 -0.01286430   0.00626911     0.00275600   0.01748712    -0.00000000  -0.00000000
  0.00000000   0.00000000     0.00000000   0.00000000     0.00353972   0.00239747
    5    4
 -0.06689884   0.05208224     0.00408681   0.01814645     0.00000000  -0.00000000
  0.00408681   0.01814645    -0.00934609   0.00982051     0.00000000  -0.00000000
  0.00000000   0.00000000     0.00000000   0.00000000    -0.02694776   0.00394715
    5    5
  0.09049880   0.00000000     0.00507569   0.01462477    -0.00000000   0.00000000
  0.00507569  -0.01462477     0.03658278   0.00000000    -0.00000000   0.00000000
 -0.00000000   0.00000000    -0.00000000   0.00000000     0.03054571  -0.00000000
    5    6
  0.00044799  -0.00449651    -0.00035109  -0.00470485    -0.00009652  -0.00117039
 -0.00243457   0.00120073    -0.00508305  -0.00079199     0.00304039  -0.00297409
  0.00431161   0.00142078     0.02912145  -0.00234827    -0.00121184  -0.00465262
    5    7
  0.00044799  -0.00449651    -0.00035109  -0.00470485     0.00009652   0.00117039
 -0.00243457   0.00120073    -0.00508305  -0.00079199    -0.00304039   0.00297409
 -0.00431161  -0.00142078    -0.02912145   0.00234827    -0.00121184  -0.00465262
    6    1
  0.00383520   0.00158859     0.00367650   0.00152286     0.00275488  -0.00665088
  0.00367650   0.00152286     0.00383520   0.00158859    -0.00275488   0.00665088
 -0.00003477   0.00008393     0.00003477  -0.00008393    -0.00306828  -0.00127093
    6    2
 -0.00508305   0.00079199    -0.00035109   0.00470485    -0.02912145  -0.00234827
 -0.00243457  -0.00120073     0.00044799   0.00449651    -0.00431161   0.00142078
 -0.00304039  -0.00297409     0.00009652  -0.00117039    -0.00121184   0.00465262
    6    3
 -0.00508305  -0.00079199    -0.00035109  -0.00470485     0.02912145  -0.00234827
 -0.00243457   0.00120073     0.00044799  -0.00449651     0.00431161   0.00142078
  0.00304039  -0.00297409    -0.00009652  -0.00117039    -0.00121184  -0.00465262
    6    4
  0.00044799  -0.00449651    -0.00243457   0.00120073    -0.00431161  -0.00142078
 -0.00035109  -0.00470485    -0.00508305  -0.00079199    -0.02912145   0.00234827
  0.00009652   0.00117039    -0.00304039   0.00297409    -0.00121184  -0.00465262
    6    5
  0.00044799   0.00449651    -0.00243457  -0.00120073     0.00431161  -0.00142078
 -0.00035109   0.00470485    -0.00508305   0.00079199     0.02912145   0.00234827
 -0.00009652   0.00117039     0.00304039   0.00297409    -0.00121184   0.00465262
    6    6
  0.03483087   0.00000000     0.00679146  -0.00000000    -0.00000000   0.00273726
  0.00679146   0.00000000     0.03483087   0.00000000    -0.00000000  -0.00273726
 -0.00000000  -0.00273726    -0.00000000   0.00273726     0.01121043   0.00000000
    6    7
 -0.02697968  -0.00000000    -0.00338447  -0.00000000    -0.00000000   0.00704695
 -0.00338447  -0.00000000    -0.02697968   0.00000000    -0.00000000  -0.00704695
 -0.00000000   0.00704695    -0.00000000  -0.00704695    -0.00231359   0.00000000
    7    1
  0.00383520   0.00158859     0.00367650   0.00152286    -0.00275488   0.00665088
  0.00367650   0.00152286     0.00383520   0.00158859     0.00275488  -0.00665088
  0.00003477  -0.00008393    -0.00003477   0.00008393    -0.00306828  -0.00127093
    7    2
 -0.00508305   0.00079199    -0.00035109   0.00470485     0.02912145   0.00234827
 -0.00243457  -0.00120073     0.00044799   0.00449651     0.00431161  -0.00142078
  0.00304039   0.00297409    -0.00009652   0.00117039    -0.00121184   0.00465262
    7    3
 -0.00508305  -0.00079199    -0.00035109  -0.00470485    -0.02912145   0.00234827
 -0.00243457   0.00120073     0.00044799  -0.00449651    -0.00431161  -0.00142078
 -0.00304039   0.00297409     0.00009652   0.00117039    -0.00121184  -0.00465262
    7    4
  0.00044799  -0.00449651    -0.00243457   0.00120073     0.00431161   0.00142078
 -0.00035109  -0.00470485    -0.00508305  -0.00079199     0.02912145  -0.00234827
 -0.00009652  -0.00117039     0.00304039  -0.00297409    -0.00121184  -0.00465262
    7    5
  0.00044799   0.00449651    -0.00243457  -0.00120073    -0.00431161   0.00142078
 -0.00035109   0.00470485    -0.00508305   0.00079199    -0.02912145  -0.00234827
  0.00009652  -0.00117039    -0.00304039  -0.00297409    -0.00121184   0.00465262
    7    6
 -0.02697968   0.00000000    -0.00338447  -0.00000000     0.00000000  -0.00704695
 -0.00338447  -0.00000000    -0.02697968  -0.00000000     0.00000000   0.00704695
  0.00000000  -0.00704695     0.00000000   0.00704695    -0.00231359   0.00000000
    7    7
  0.03483087   0.00000000     0.00679146   0.00000000    -0.00000000  -0.00273726
  0.00679146  -0.00000000     0.03483087   0.00000000    -0.00000000   0.00273726
 -0.00000000   0.00273726    -0.00000000  -0.00273726     0.01121043  -0.00000000

     Dynamical  Matrix in cartesian axes

     q = (   -0.108253200  -0.108253200   0.000000000 ) 

    1    1
  0.04992230  -0.00000000     0.04332005  -0.00000000    -0.00000000   0.00000000
  0.04332005  -0.00000000     0.04992230  -0.00000000    -0.00000000   0.00000000
 -0.00000000   0.00000000    -0.00000000   0.00000000     0.00888290   0.00000000
    1    2
 -0.00838173  -0.01482818    -0.00090076  -0.00819681     0.00000000  -0.00000000
 -0.00835019  -0.01430828    -0.00092435  -0.00771043     0.00000000  -0.00000000
  0.00000000  -0.00000000     0.00000000  -0.00000000    -0.00279953   0.00735268
    1    3
 -0.01641188   0.00455832    -0.00643295   0.00515908     0.00000000   0.00000000
 -0.01602195   0.00421300    -0.00610572   0.00479848     0.00000000   0.00000000
 -0.00000000   0.00000000    -0.00000000   0.00000000     0.00321957  -0.00717870
    1    4
 -0.00610572   0.00479848    -0.01602195   0.00421300    -0.00000000   0.00000000
 -0.00643295   0.00515908    -0.01641188   0.00455832    -0.00000000   0.00000000
 -0.00000000   0.00000000    -0.00000000   0.00000000     0.00321957  -0.00717870
    1    5
 -0.00092435  -0.00771043    -0.00835019  -0.01430828     0.00000000  -0.00000000
 -0.00090076  -0.00819681    -0.00838173  -0.01482818     0.00000000  -0.00000000
  0.00000000  -0.00000000     0.00000000  -0.00000000    -0.00279953   0.00735268
    1    6
  0.00383520   0.00158859     0.00367650   0.00152286    -0.00003477   0.00008393
  0.00367650   0.00152286     0.00383520   0.00158859     0.00003477  -0.00008393
  0.00275488  -0.00665088    -0.00275488   0.00665088    -0.00306828  -0.00127093
    1    7
  0.00383520   0.00158859     0.00367650   0.00152286     0.00003477  -0.00008393
  0.00367650   0.00152286     0.00383520   0.00158859    -0.00003477   0.00008393
 -0.00275488   0.00665088     0.00275488  -0.00665088    -0.00306828  -0.00127093
    2    1
 -0.00838173   0.01482818    -0.00835019   0.01430828     0.00000000   0.00000000
 -0.00090076   0.00819681    -0.00092435   0.00771043     0.00000000   0.00000000
  0.00000000   0.00000000     0.00000000   0.00000000    -0.00279953  -0.00735268
    2    2
  0.03658278  -0.00000000     0.00507569   0.01462477    -0.00000000   0.00000000
  0.00507569  -0.01462477     0.09049880  -0.00000000    -0.00000000   0.00000000
 -0.00000000   0.00000000    -0.00000000   0.00000000     0.03054571   0.00000000
    2    3
 -0.00934609  -0.00982051     0.00408681  -0.01814645     0.00000000   0.00000000
  0.00408681  -0.01814645    -0.06689884  -0.05208224     0.00000000   0.00000000
  0.00000000   0.00000000    -0.00000000   0.00000000    -0.02694776  -0.00394715
    2    4
  0.00275600  -0.01748712    -0.01286430  -0.00626911    -0.00000000   0.00000000
 -0.06712253  -0.05198638     0.00275600  -0.01748712     0.00000000   0.00000000
 -0.00000000   0.00000000     0.00000000  -0.00000000     0.00353972  -0.00239747
    2    5
  0.00354170   0.01580686     0.02657838   0.00000000     0.00000000  -0.00000000
  0.08869816  -0.00000000     0.00354170  -0.01580686     0.00000000  -0.00000000
 -0.00000000   0.00000000     0.00000000   0.00000000    -0.00435100  -0.00000000
    2    6
 -0.00508305   0.00079199    -0.00243457  -0.00120073    -0.00304039  -0.00297409
 -0.00035109   0.00470485     0.00044799   0.00449651     0.00009652  -0.00117039
 -0.02912145  -0.00234827    -0.00431161   0.00142078    -0.00121184   0.00465262
    2    7
 -0.00508305   0.00079199    -0.00243457  -0.00120073     0.00304039   0.00297409
 -0.00035109   0.00470485     0.00044799   0.00449651    -0.00009652   0.00117039
  0.02912145   0.00234827     0.00431161  -0.00142078    -0.00121184   0.00465262
    3    1
 -0.01641188  -0.00455832    -0.01602195  -0.00421300    -0.00000000  -0.00000000
 -0.00643295  -0.00515908    -0.00610572  -0.00479848    -0.00000000  -0.00000000
 -0.00000000  -0.00000000    -0.00000000  -0.00000000     0.00321957   0.00717870
    3    2
 -0.00934609   0.00982051     0.00408681   0.01814645     0.00000000   0.00000000
  0.00408681   0.01814645    -0.06689884   0.05208224     0.00000000  -0.00000000
  0.00000000   0.00000000    -0.00000000   0.00000000    -0.02694776   0.00394715
    3    3
  0.03658278  -0.00000000     0.00507569  -0.01462477    -0.00000000   0.00000000
  0.00507569   0.01462477     0.09049880  -0.00000000    -0.00000000   0.00000000
 -0.00000000   0.00000000    -0.00000000   0.00000000     0.03054571  -0.00000000
    3    4
  0.00354170  -0.01580686     0.02657838  -0.00000000     0.00000000   0.00000000
  0.08869816   0.00000000     0.00354170   0.01580686    -0.00000000   0.00000000
  0.00000000   0.00000000    -0.00000000   0.00000000    -0.00435100   0.00000000
    3    5
  0.00275600   0.01748712    -0.01286430   0.00626911     0.00000000  -0.00000000
 -0.06712253   0.05198638     0.00275600   0.01748712    -0.00000000  -0.00000000
 -0.00000000   0.00000000    -0.00000000  -0.00000000     0.00353972   0.00239747
    3    6
 -0.00508305  -0.00079199    -0.00243457   0.00120073     0.00304039  -0.00297409
 -0.00035109  -0.00470485     0.00044799  -0.00449651    -0.00009652  -0.00117039
  0.02912145  -0.00234827     0.00431161   0.00142078    -0.00121184  -0.00465262
    3    7
 -0.00508305  -0.00079199    -0.00243457   0.00120073    -0.00304039   0.00297409
 -0.00035109  -0.00470485     0.00044799  -0.00449651     0.00009652   0.00117039
 -0.02912145   0.00234827    -0.00431161  -0.00142078    -0.00121184  -0.00465262
    4    1
 -0.00610572  -0.00479848    -0.00643295  -0.00515908    -0.00000000  -0.00000000
 -0.01602195  -0.00421300    -0.01641188  -0.00455832    -0.00000000  -0.00000000
 -0.00000000  -0.00000000    -0.00000000  -0.00000000     0.00321957   0.00717870
    4    2
  0.00275600   0.01748712    -0.06712253   0.05198638    -0.00000000  -0.00000000
 -0.01286430   0.00626911     0.00275600   0.01748712     0.00000000  -0.00000000
 -0.00000000  -0.00000000     0.00000000   0.00000000     0.00353972   0.00239747
    4    3
  0.00354170   0.01580686     0.08869816  -0.00000000    -0.00000000   0.00000000
  0.02657838   0.00000000     0.00354170  -0.01580686    -0.00000000   0.00000000
 -0.00000000   0.00000000    -0.00000000   0.00000000    -0.00435100   0.00000000
    4    4
  0.09049880   0.00000000     0.00507569   0.01462477    -0.00000000   0.00000000
  0.00507569  -0.01462477     0.03658278   0.00000000    -0.00000000   0.00000000
 -0.00000000   0.00000000    -0.00000000   0.00000000     0.03054571  -0.00000000
    4    5
 -0.06689884   0.05208224     0.00408681   0.01814645     0.00000000  -0.00000000
  0.00408681   0.01814645    -0.00934609   0.00982051     0.00000000  -0.00000000
  0.00000000  -0.00000000     0.00000000  -0.00000000    -0.02694776   0.00394715
    4    6
  0.00044799  -0.00449651    -0.00035109  -0.00470485     0.00009652   0.00117039
 -0.00243457   0.00120073    -0.00508305  -0.00079199    -0.00304039   0.00297409
 -0.00431161  -0.00142078    -0.02912145   0.00234827    -0.00121184  -0.00465262
    4    7
  0.00044799  -0.00449651    -0.00035109  -0.00470485    -0.00009652  -0.00117039
 -0.00243457   0.00120073    -0.00508305  -0.00079199     0.00304039  -0.00297409
  0.00431161   0.00142078     0.02912145  -0.00234827    -0.00121184  -0.00465262
    5    1
 -0.00092435   0.00771043    -0.00090076   0.00819681     0.00000000   0.00000000
 -0.00835019   0.01430828    -0.00838173   0.01482818     0.00000000   0.00000000
  0.00000000   0.00000000     0.00000000   0.00000000    -0.00279953  -0.00735268
    5    2
  0.00354170  -0.01580686     0.08869816  -0.00000000     0.00000000  -0.00000000
  0.02657838  -0.00000000     0.00354170   0.01580686     0.00000000  -0.00000000
 -0.00000000  -0.00000000     0.00000000  -0.00000000    -0.00435100  -0.00000000
    5    3
  0.00275600  -0.01748712    -0.06712253  -0.05198638     0.00000000   0.00000000
 -0.01286430  -0.00626911     0.00275600  -0.01748712    -0.00000000   0.00000000
  0.00000000   0.00000000    -0.00000000  -0.00000000     0.00353972  -0.00239747
    5    4
 -0.06689884  -0.05208224     0.00408681  -0.01814645     0.00000000  -0.00000000
  0.00408681  -0.01814645    -0.00934609  -0.00982051     0.00000000   0.00000000
  0.00000000  -0.00000000     0.00000000   0.00000000    -0.02694776  -0.00394715
    5    5
  0.09049880  -0.00000000     0.00507569  -0.01462477    -0.00000000   0.00000000
  0.00507569   0.01462477     0.03658278  -0.00000000    -0.00000000   0.00000000
 -0.00000000   0.00000000    -0.00000000   0.00000000     0.03054571   0.00000000
    5    6
  0.00044799   0.00449651    -0.00035109   0.00470485    -0.00009652   0.00117039
 -0.00243457  -0.00120073    -0.00508305   0.00079199     0.00304039   0.00297409
  0.00431161  -0.00142078     0.02912145   0.00234827    -0.00121184   0.00465262
    5    7
  0.00044799   0.00449651    -0.00035109   0.00470485     0.00009652  -0.00117039
 -0.00243457  -0.00120073    -0.00508305   0.00079199    -0.00304039  -0.00297409
 -0.00431161   0.00142078    -0.02912145  -0.00234827    -0.00121184   0.00465262
    6    1
  0.00383520  -0.00158859     0.00367650  -0.00152286     0.00275488   0.00665088
  0.00367650  -0.00152286     0.00383520  -0.00158859    -0.00275488  -0.00665088
 -0.00003477  -0.00008393     0.00003477   0.00008393    -0.00306828   0.00127093
    6    2
 -0.00508305  -0.00079199    -0.00035109  -0.00470485    -0.02912145   0.00234827
 -0.00243457   0.00120073     0.00044799  -0.00449651    -0.00431161  -0.00142078
 -0.00304039   0.00297409     0.00009652   0.00117039    -0.00121184  -0.00465262
    6    3
 -0.00508305   0.00079199    -0.00035109   0.00470485     0.02912145   0.00234827
 -0.00243457  -0.00120073     0.00044799   0.00449651     0.00431161  -0.00142078
  0.00304039   0.00297409    -0.00009652   0.00117039    -0.00121184   0.00465262
    6    4
  0.00044799   0.00449651    -0.00243457  -0.00120073    -0.00431161   0.00142078
 -0.00035109   0.00470485    -0.00508305   0.00079199    -0.02912145  -0.00234827
  0.00009652  -0.00117039    -0.00304039  -0.00297409    -0.00121184   0.00465262
    6    5
  0.00044799  -0.00449651    -0.00243457   0.00120073     0.00431161   0.00142078
 -0.00035109  -0.00470485    -0.00508305  -0.00079199     0.02912145  -0.00234827
 -0.00009652  -0.00117039     0.00304039  -0.00297409    -0.00121184  -0.00465262
    6    6
  0.03483087   0.00000000     0.00679146   0.00000000    -0.00000000  -0.00273726
  0.00679146  -0.00000000     0.03483087   0.00000000    -0.00000000   0.00273726
 -0.00000000   0.00273726    -0.00000000  -0.00273726     0.01121043  -0.00000000
    6    7
 -0.02697968   0.00000000    -0.00338447  -0.00000000    -0.00000000  -0.00704695
 -0.00338447  -0.00000000    -0.02697968  -0.00000000    -0.00000000   0.00704695
 -0.00000000  -0.00704695    -0.00000000   0.00704695    -0.00231359   0.00000000
    7    1
  0.00383520  -0.00158859     0.00367650  -0.00152286    -0.00275488  -0.00665088
  0.00367650  -0.00152286     0.00383520  -0.00158859     0.00275488   0.00665088
  0.00003477   0.00008393    -0.00003477  -0.00008393    -0.00306828   0.00127093
    7    2
 -0.00508305  -0.00079199    -0.00035109  -0.00470485     0.02912145  -0.00234827
 -0.00243457   0.00120073     0.00044799  -0.00449651     0.00431161   0.00142078
  0.00304039  -0.00297409    -0.00009652  -0.00117039    -0.00121184  -0.00465262
    7    3
 -0.00508305   0.00079199    -0.00035109   0.00470485    -0.02912145  -0.00234827
 -0.00243457  -0.00120073     0.00044799   0.00449651    -0.00431161   0.00142078
 -0.00304039  -0.00297409     0.00009652  -0.00117039    -0.00121184   0.00465262
    7    4
  0.00044799   0.00449651    -0.00243457  -0.00120073     0.00431161  -0.00142078
 -0.00035109   0.00470485    -0.00508305   0.00079199     0.02912145   0.00234827
 -0.00009652   0.00117039     0.00304039   0.00297409    -0.00121184   0.00465262
    7    5
  0.00044799  -0.00449651    -0.00243457   0.00120073    -0.00431161  -0.00142078
 -0.00035109  -0.00470485    -0.00508305  -0.00079199    -0.02912145   0.00234827
  0.00009652   0.00117039    -0.00304039   0.00297409    -0.00121184  -0.00465262
    7    6
 -0.02697968  -0.00000000    -0.00338447  -0.00000000     0.00000000   0.00704695
 -0.00338447  -0.00000000    -0.02697968   0.00000000     0.00000000  -0.00704695
  0.00000000   0.00704695     0.00000000  -0.00704695    -0.00231359   0.00000000
    7    7
  0.03483087   0.00000000     0.00679146  -0.00000000    -0.00000000   0.00273726
  0.00679146   0.00000000     0.03483087   0.00000000    -0.00000000  -0.00273726
 -0.00000000  -0.00273726    -0.00000000   0.00273726     0.01121043   0.00000000

     Dynamical  Matrix in cartesian axes

     q = (    0.108253200  -0.108253200   0.000000000 ) 

    1    1
  0.04992230  -0.00000000    -0.04332005   0.00000000     0.00000000   0.00000000
 -0.04332005   0.00000000     0.04992230  -0.00000000     0.00000000   0.00000000
  0.00000000   0.00000000    -0.00000000   0.00000000     0.00888290   0.00000000
    1    2
 -0.00838173   0.01482818     0.00090076  -0.00819681    -0.00000000   0.00000000
  0.00835019  -0.01430828    -0.00092435   0.00771043     0.00000000  -0.00000000
  0.00000000  -0.00000000     0.00000000   0.00000000    -0.00279953  -0.00735268
    1    3
 -0.00838173  -0.01482818     0.00090076   0.00819681     0.00000000  -0.00000000
  0.00835019   0.01430828    -0.00092435  -0.00771043     0.00000000  -0.00000000
  0.00000000  -0.00000000     0.00000000  -0.00000000    -0.00279953   0.00735268
    1    4
 -0.00092435   0.00771043     0.00835019  -0.01430828     0.00000000   0.00000000
  0.00090076  -0.00819681    -0.00838173   0.01482818     0.00000000  -0.00000000
  0.00000000  -0.00000000    -0.00000000   0.00000000    -0.00279953  -0.00735268
    1    5
 -0.00092435  -0.00771043     0.00835019   0.01430828     0.00000000  -0.00000000
  0.00090076   0.00819681    -0.00838173  -0.01482818     0.00000000  -0.00000000
  0.00000000  -0.00000000    -0.00000000  -0.00000000    -0.00279953   0.00735268
    1    6
  0.00383520   0.00158859    -0.00367650  -0.00152286     0.00003477  -0.00008393
 -0.00367650  -0.00152286     0.00383520   0.00158859     0.00003477  -0.00008393
 -0.00275488   0.00665088    -0.00275488   0.00665088    -0.00306828  -0.00127093
    1    7
  0.00383520  -0.00158859    -0.00367650   0.00152286     0.00003477   0.00008393
 -0.00367650   0.00152286     0.00383520  -0.00158859     0.00003477   0.00008393
 -0.00275488  -0.00665088    -0.00275488  -0.00665088    -0.00306828   0.00127093
    2    1
 -0.00838173  -0.01482818     0.00835019   0.01430828     0.00000000   0.00000000
  0.00090076   0.00819681    -0.00092435  -0.00771043     0.00000000   0.00000000
  0.00000000   0.00000000     0.00000000   0.00000000    -0.00279953   0.00735268
    2    2
  0.03658278   0.00000000    -0.00507569   0.01462477     0.00000000   0.00000000
 -0.00507569  -0.01462477     0.09049880   0.00000000     0.00000000   0.00000000
 -0.00000000   0.00000000    -0.00000000   0.00000000     0.03054571   0.00000000
    2    3
 -0.01355283   0.00033546     0.00994166  -0.01572129     0.00000000   0.00000000
  0.00994166  -0.01572129    -0.08413233  -0.01047693     0.00000000   0.00000000
  0.00000000   0.00000000     0.00000000   0.00000000    -0.02184599  -0.01626389
    2    4
  0.00354170  -0.01580686    -0.02657838  -0.00000000     0.00000000  -0.00000000
 -0.08869816  -0.00000000     0.00354170   0.01580686     0.00000000  -0.00000000
  0.00000000   0.00000000     0.00000000   0.00000000    -0.00435100  -0.00000000
    2    5
 -0.01041648   0.01431405     0.01352937   0.00466351     0.00000000  -0.00000000
  0.08422271   0.01070289    -0.01041648   0.01431405     0.00000000  -0.00000000
 -0.00000000   0.00000000     0.00000000  -0.00000000     0.00080769   0.00419823
    2    6
 -0.00303423  -0.00415428     0.00257055   0.00087246    -0.00425288  -0.00004688
 -0.00307857   0.00357509     0.00349629  -0.00286274     0.00075935  -0.00089584
 -0.02225245  -0.01893150     0.00204412   0.00405341     0.00243300  -0.00414680
    2    7
 -0.00508305  -0.00079199     0.00243457  -0.00120073     0.00304039  -0.00297409
  0.00035109   0.00470485     0.00044799  -0.00449651     0.00009652   0.00117039
  0.02912145  -0.00234827    -0.00431161  -0.00142078    -0.00121184  -0.00465262
    3    1
 -0.00838173   0.01482818     0.00835019  -0.01430828    -0.00000000  -0.00000000
  0.00090076  -0.00819681    -0.00092435   0.00771043     0.00000000  -0.00000000
  0.00000000  -0.00000000    -0.00000000  -0.00000000    -0.00279953  -0.00735268
    3    2
 -0.01355283  -0.00033546     0.00994166   0.01572129     0.00000000  -0.00000000
  0.00994166   0.01572129    -0.08413233   0.01047693     0.00000000  -0.00000000
  0.00000000  -0.00000000     0.00000000  -0.00000000    -0.02184599   0.01626389
    3    3
  0.03658278  -0.00000000    -0.00507569  -0.01462477    -0.00000000   0.00000000
 -0.00507569   0.01462477     0.09049880  -0.00000000    -0.00000000   0.00000000
 -0.00000000   0.00000000    -0.00000000   0.00000000     0.03054571  -0.00000000
    3    4
 -0.01041648  -0.01431405     0.01352937  -0.00466351     0.00000000  -0.00000000
  0.08422271  -0.01070289    -0.01041648  -0.01431405     0.00000000   0.00000000
 -0.00000000  -0.00000000     0.00000000  -0.00000000     0.00080769  -0.00419823
    3    5
  0.00354170   0.01580686    -0.02657838  -0.00000000    -0.00000000   0.00000000
 -0.08869816  -0.00000000     0.00354170  -0.01580686     0.00000000   0.00000000
 -0.00000000  -0.00000000     0.00000000  -0.00000000    -0.00435100  -0.00000000
    3    6
 -0.00508305   0.00079199     0.00243457   0.00120073     0.00304039   0.00297409
  0.00035109  -0.00470485     0.00044799   0.00449651     0.00009652  -0.00117039
  0.02912145   0.00234827    -0.00431161   0.00142078    -0.00121184   0.00465262
    3    7
 -0.00303423   0.00415428     0.00257055  -0.00087246    -0.00425288   0.00004688
 -0.00307857  -0.00357509     0.00349629   0.00286274     0.00075935   0.00089584
 -0.02225245   0.01893150     0.00204412  -0.00405341     0.00243300   0.00414680
    4    1
 -0.00092435  -0.00771043     0.00090076   0.00819681     0.00000000   0.00000000
  0.00835019   0.01430828    -0.00838173  -0.01482818     0.00000000   0.00000000
  0.00000000  -0.00000000     0.00000000  -0.00000000    -0.00279953   0.00735268
    4    2
  0.00354170   0.01580686    -0.08869816   0.00000000     0.00000000   0.00000000
 -0.02657838   0.00000000     0.00354170  -0.01580686     0.00000000   0.00000000
  0.00000000   0.00000000     0.00000000   0.00000000    -0.00435100   0.00000000
    4    3
 -0.01041648   0.01431405     0.08422271   0.01070289     0.00000000  -0.00000000
  0.01352937   0.00466351    -0.01041648   0.01431405    -0.00000000   0.00000000
  0.00000000  -0.00000000    -0.00000000   0.00000000     0.00080769   0.00419823
    4    4
  0.09049880  -0.00000000    -0.00507569  -0.01462477    -0.00000000   0.00000000
 -0.00507569   0.01462477     0.03658278  -0.00000000    -0.00000000   0.00000000
  0.00000000   0.00000000     0.00000000   0.00000000     0.03054571   0.00000000
    4    5
 -0.08413233  -0.01047693     0.00994166  -0.01572129     0.00000000   0.00000000
  0.00994166  -0.01572129    -0.01355283   0.00033546     0.00000000   0.00000000
 -0.00000000   0.00000000    -0.00000000   0.00000000    -0.02184599  -0.01626389
    4    6
  0.00349629  -0.00286274    -0.00307857   0.00357509     0.00075935  -0.00089584
  0.00257055   0.00087246    -0.00303423  -0.00415428    -0.00425288  -0.00004688
  0.00204412   0.00405341    -0.02225245  -0.01893150     0.00243300  -0.00414680
    4    7
  0.00044799  -0.00449651     0.00035109   0.00470485     0.00009652   0.00117039
  0.00243457  -0.00120073    -0.00508305  -0.00079199     0.00304039  -0.00297409
 -0.00431161  -0.00142078     0.02912145  -0.00234827    -0.00121184  -0.00465262
    5    1
 -0.00092435   0.00771043     0.00090076  -0.00819681    -0.00000000  -0.00000000
  0.00835019  -0.01430828    -0.00838173   0.01482818     0.00000000  -0.00000000
  0.00000000  -0.00000000    -0.00000000   0.00000000    -0.00279953  -0.00735268
    5    2
 -0.01041648  -0.01431405     0.08422271  -0.01070289     0.00000000  -0.00000000
  0.01352937  -0.00466351    -0.01041648  -0.01431405     0.00000000   0.00000000
 -0.00000000   0.00000000    -0.00000000  -0.00000000     0.00080769  -0.00419823
    5    3
  0.00354170  -0.01580686    -0.08869816   0.00000000    -0.00000000   0.00000000
 -0.02657838   0.00000000     0.00354170   0.01580686    -0.00000000   0.00000000
 -0.00000000  -0.00000000     0.00000000  -0.00000000    -0.00435100   0.00000000
    5    4
 -0.08413233   0.01047693     0.00994166   0.01572129     0.00000000  -0.00000000
  0.00994166   0.01572129    -0.01355283  -0.00033546     0.00000000  -0.00000000
  0.00000000  -0.00000000    -0.00000000  -0.00000000    -0.02184599   0.01626389
    5    5
  0.09049880  -0.00000000    -0.00507569   0.01462477    -0.00000000   0.00000000
 -0.00507569  -0.01462477     0.03658278  -0.00000000    -0.00000000   0.00000000
 -0.00000000   0.00000000    -0.00000000   0.00000000     0.03054571  -0.00000000
    5    6
  0.00044799   0.00449651     0.00035109  -0.00470485     0.00009652  -0.00117039
  0.00243457   0.00120073    -0.00508305   0.00079199     0.00304039   0.00297409
 -0.00431161   0.00142078     0.02912145   0.00234827    -0.00121184   0.00465262
    5    7
  0.00349629   0.00286274    -0.00307857  -0.00357509     0.00075935   0.00089584
  0.00257055  -0.00087246    -0.00303423   0.00415428    -0.00425288   0.00004688
  0.00204412  -0.00405341    -0.02225245   0.01893150     0.00243300   0.00414680
    6    1
  0.00383520  -0.00158859    -0.00367650   0.00152286    -0.00275488  -0.00665088
 -0.00367650   0.00152286     0.00383520  -0.00158859    -0.00275488  -0.00665088
  0.00003477   0.00008393     0.00003477   0.00008393    -0.00306828   0.00127093
    6    2
 -0.00303423   0.00415428    -0.00307857  -0.00357509    -0.02225245   0.01893150
  0.00257055  -0.00087246     0.00349629   0.00286274     0.00204412  -0.00405341
 -0.00425288   0.00004688     0.00075935   0.00089584     0.00243300   0.00414680
    6    3
 -0.00508305  -0.00079199     0.00035109   0.00470485     0.02912145  -0.00234827
  0.00243457  -0.00120073     0.00044799  -0.00449651    -0.00431161  -0.00142078
  0.00304039  -0.00297409     0.00009652   0.00117039    -0.00121184  -0.00465262
    6    4
  0.00349629   0.00286274     0.00257055  -0.00087246     0.00204412  -0.00405341
 -0.00307857  -0.00357509    -0.00303423   0.00415428    -0.02225245   0.01893150
  0.00075935   0.00089584    -0.00425288   0.00004688     0.00243300   0.00414680
    6    5
  0.00044799  -0.00449651     0.00243457  -0.00120073    -0.00431161  -0.00142078
  0.00035109   0.00470485    -0.00508305  -0.00079199     0.02912145  -0.00234827
  0.00009652   0.00117039     0.00304039  -0.00297409    -0.00121184  -0.00465262
    6    6
  0.03483087   0.00000000    -0.00679146   0.00000000    -0.00000000   0.00273726
 -0.00679146   0.00000000     0.03483087   0.00000000    -0.00000000   0.00273726
 -0.00000000  -0.00273726    -0.00000000  -0.00273726     0.01121043   0.00000000
    6    7
 -0.01907751   0.01907752     0.00239318  -0.00239318     0.00498294   0.00498294
  0.00239318  -0.00239318    -0.01907751   0.01907752     0.00498294   0.00498294
  0.00498294   0.00498294     0.00498294   0.00498294    -0.00163595   0.00163595
    7    1
  0.00383520   0.00158859    -0.00367650  -0.00152286    -0.00275488   0.00665088
 -0.00367650  -0.00152286     0.00383520   0.00158859    -0.00275488   0.00665088
  0.00003477  -0.00008393     0.00003477  -0.00008393    -0.00306828  -0.00127093
    7    2
 -0.00508305   0.00079199     0.00035109  -0.00470485     0.02912145   0.00234827
  0.00243457   0.00120073     0.00044799   0.00449651    -0.00431161   0.00142078
  0.00304039   0.00297409     0.00009652  -0.00117039    -0.00121184   0.00465262
    7    3
 -0.00303423  -0.00415428    -0.00307857   0.00357509    -0.02225245  -0.01893150
  0.00257055   0.00087246     0.00349629  -0.00286274     0.00204412   0.00405341
 -0.00425288  -0.00004688     0.00075935  -0.00089584     0.00243300  -0.00414680
    7    4
  0.00044799   0.00449651     0.00243457   0.00120073    -0.00431161   0.00142078
  0.00035109  -0.00470485    -0.00508305   0.00079199     0.02912145   0.00234827
  0.00009652  -0.00117039     0.00304039   0.00297409    -0.00121184   0.00465262
    7    5
  0.00349629  -0.00286274     0.00257055   0.00087246     0.00204412   0.00405341
 -0.00307857   0.00357509    -0.00303423  -0.00415428    -0.02225245  -0.01893150
  0.00075935  -0.00089584    -0.00425288  -0.00004688     0.00243300  -0.00414680
    7    6
 -0.01907751  -0.01907752     0.00239318   0.00239318     0.00498294  -0.00498294
  0.00239318   0.00239318    -0.01907751  -0.01907752     0.00498294  -0.00498294
  0.00498294  -0.00498294     0.00498294  -0.00498294    -0.00163595  -0.00163595
    7    7
  0.03483087  -0.00000000    -0.00679146  -0.00000000    -0.00000000  -0.00273726
 -0.00679146  -0.00000000     0.03483087  -0.00000000    -0.00000000  -0.00273726
 -0.00000000   0.00273726    -0.00000000   0.00273726     0.01121043   0.00000000

     Dynamical  Matrix in cartesian axes

     q = (   -0.108253200   0.108253200   0.000000000 ) 

    1    1
  0.04992230  -0.00000000    -0.04332005   0.00000000     0.00000000   0.00000000
 -0.04332005   0.00000000     0.04992230  -0.00000000     0.00000000   0.00000000
  0.00000000   0.00000000    -0.00000000   0.00000000     0.00888290   0.00000000
    1    2
 -0.00838173  -0.01482818     0.00090076   0.00819681     0.00000000  -0.00000000
  0.00835019   0.01430828    -0.00092435  -0.00771043     0.00000000   0.00000000
  0.00000000   0.00000000     0.00000000  -0.00000000    -0.00279953   0.00735268
    1    3
 -0.00838173   0.01482818     0.00090076  -0.00819681     0.00000000  -0.00000000
  0.00835019  -0.01430828    -0.00092435   0.00771043     0.00000000  -0.00000000
  0.00000000  -0.00000000     0.00000000  -0.00000000    -0.00279953  -0.00735268
    1    4
 -0.00092435  -0.00771043     0.00835019   0.01430828     0.00000000   0.00000000
  0.00090076   0.00819681    -0.00838173  -0.01482818     0.00000000   0.00000000
  0.00000000   0.00000000    -0.00000000   0.00000000    -0.00279953   0.00735268
    1    5
 -0.00092435   0.00771043     0.00835019  -0.01430828     0.00000000  -0.00000000
  0.00090076  -0.00819681    -0.00838173   0.01482818     0.00000000  -0.00000000
  0.00000000   0.00000000     0.00000000   0.00000000    -0.00279953  -0.00735268
    1    6
  0.00383520  -0.00158859    -0.00367650   0.00152286     0.00003477   0.00008393
 -0.00367650   0.00152286     0.00383520  -0.00158859     0.00003477   0.00008393
 -0.00275488  -0.00665088    -0.00275488  -0.00665088    -0.00306828   0.00127093
    1    7
  0.00383520   0.00158859    -0.00367650  -0.00152286     0.00003477  -0.00008393
 -0.00367650  -0.00152286     0.00383520   0.00158859     0.00003477  -0.00008393
