  4.500000000000000E-002   1.25986529217407        2.41685017272211     
          12

     Dynamical  Matrix in cartesian axes

     q = (   -0.866025404  -0.216506351  -0.216506351 ) 

    1    1
  0.03068155   0.00000000     0.00000000  -0.00000000    -0.00000000  -0.00000000
  0.00000000  -0.00000000     0.14572695   0.00000000     0.00328707   0.00000000
 -0.00000000  -0.00000000     0.00328707   0.00000000     0.14572695   0.00000000
    1    2
  0.00000000  -0.00000000    -0.00685719   0.00685719    -0.00685719   0.00685719
 -0.01795933   0.01795933     0.00409561   0.00409561    -0.01493185  -0.01493185
 -0.01795933   0.01795933     0.01493185   0.01493185    -0.00409561  -0.00409561
    1    3
  0.00000000  -0.00000000    -0.00685719   0.00685719    -0.00685719   0.00685719
 -0.01795933   0.01795933    -0.00409561  -0.00409561     0.01493185   0.01493185
 -0.01795933   0.01795933    -0.01493185  -0.01493185     0.00409561   0.00409561
    1    4
 -0.00545599   0.00730473     0.00000000  -0.00000000    -0.00000000  -0.00000000
  0.00000000  -0.00000000    -0.01437821   0.01167908    -0.02332388  -0.01160533
 -0.00000000  -0.00000000     0.02840343   0.05372745     0.01913013  -0.00807506
    1    5
 -0.00730473   0.00545599     0.00000000  -0.00000000    -0.00000000   0.00000000
  0.00000000  -0.00000000    -0.01167908   0.01437821     0.01160533   0.02332388
  0.00000000   0.00000000    -0.05372745  -0.02840343     0.00807506  -0.01913013
    1    6
 -0.00730473   0.00545599     0.00000000   0.00000000     0.00000000   0.00000000
  0.00000000   0.00000000     0.00807506  -0.01913013    -0.05372745  -0.02840343
  0.00000000  -0.00000000     0.01160533   0.02332388    -0.01167908   0.01437821
    1    7
 -0.00545599   0.00730473    -0.00000000   0.00000000    -0.00000000  -0.00000000
 -0.00000000  -0.00000000     0.01913013  -0.00807506     0.02840343   0.05372745
  0.00000000  -0.00000000    -0.02332388  -0.01160533    -0.01437821   0.01167908
    2    1
  0.00000000   0.00000000    -0.01795933  -0.01795933    -0.01795933  -0.01795933
 -0.00685719  -0.00685719     0.00409561  -0.00409561     0.01493185  -0.01493185
 -0.00685719  -0.00685719    -0.01493185   0.01493185    -0.00409561   0.00409561
    2    2
  0.01835673  -0.00000000    -0.00000000  -0.00239910    -0.00000000   0.00239910
 -0.00000000   0.00239910     0.03715004   0.00000000    -0.00179808   0.00000000
 -0.00000000  -0.00239910    -0.00179808   0.00000000     0.03715004   0.00000000
    2    3
  0.00331516  -0.00000000     0.00000000   0.00579857    -0.00000000  -0.00579857
  0.00000000   0.00579857     0.01276405  -0.00000000    -0.00793409   0.00000000
 -0.00000000  -0.00579857    -0.00793409   0.00000000     0.01276405  -0.00000000
    2    4
  0.00258725   0.00098418     0.00829971  -0.00999226    -0.00195800   0.00282257
  0.02399425  -0.00001694     0.01747476  -0.00029606     0.00126826  -0.00493468
 -0.00582361   0.00153270     0.00548912  -0.00511354     0.00493504  -0.00119609
    2    5
 -0.00258725   0.00098418     0.00829971   0.00999226    -0.00195800  -0.00282257
  0.02399425   0.00001694    -0.01747476  -0.00029606    -0.00126826  -0.00493468
 -0.00582361  -0.00153270    -0.00548912  -0.00511354    -0.00493504  -0.00119609
    2    6
  0.00258725  -0.00098418    -0.00195800  -0.00282257     0.00829971   0.00999226
 -0.00582361  -0.00153270     0.00493504   0.00119609     0.00548912   0.00511354
  0.02399425   0.00001694     0.00126826   0.00493468     0.01747476   0.00029606
    2    7
 -0.00258725  -0.00098418    -0.00195800   0.00282257     0.00829971  -0.00999226
 -0.00582361   0.00153270    -0.00493504   0.00119609    -0.00548912   0.00511354
  0.02399425  -0.00001694    -0.00126826   0.00493468    -0.01747476   0.00029606
    3    1
  0.00000000   0.00000000    -0.01795933  -0.01795933    -0.01795933  -0.01795933
 -0.00685719  -0.00685719    -0.00409561   0.00409561    -0.01493185   0.01493185
 -0.00685719  -0.00685719     0.01493185  -0.01493185     0.00409561  -0.00409561
    3    2
  0.00331516   0.00000000     0.00000000  -0.00579857    -0.00000000   0.00579857
  0.00000000  -0.00579857     0.01276405   0.00000000    -0.00793409  -0.00000000
 -0.00000000   0.00579857    -0.00793409  -0.00000000     0.01276405   0.00000000
    3    3
  0.01835673   0.00000000    -0.00000000   0.00239910    -0.00000000  -0.00239910
 -0.00000000  -0.00239910     0.03715004  -0.00000000    -0.00179808   0.00000000
 -0.00000000   0.00239910    -0.00179808  -0.00000000     0.03715004   0.00000000
    3    4
 -0.00258725  -0.00098418     0.00829971  -0.00999226    -0.00195800   0.00282257
  0.02399425  -0.00001694    -0.01747476   0.00029606    -0.00126826   0.00493468
 -0.00582361   0.00153270    -0.00548912   0.00511354    -0.00493504   0.00119609
    3    5
  0.00258725  -0.00098418     0.00829971   0.00999226    -0.00195800  -0.00282257
  0.02399425   0.00001694     0.01747476   0.00029606     0.00126826   0.00493468
 -0.00582361  -0.00153270     0.00548912   0.00511354     0.00493504   0.00119609
    3    6
 -0.00258725   0.00098418    -0.00195800  -0.00282257     0.00829971   0.00999226
 -0.00582361  -0.00153270    -0.00493504  -0.00119609    -0.00548912  -0.00511354
  0.02399425   0.00001694    -0.00126826  -0.00493468    -0.01747476  -0.00029606
    3    7
  0.00258725   0.00098418    -0.00195800   0.00282257     0.00829971  -0.00999226
 -0.00582361   0.00153270     0.00493504  -0.00119609     0.00548912  -0.00511354
  0.02399425  -0.00001694     0.00126826  -0.00493468     0.01747476  -0.00029606
    4    1
 -0.00545599  -0.00730473     0.00000000   0.00000000    -0.00000000  -0.00000000
  0.00000000   0.00000000    -0.01437821  -0.01167908     0.02840343  -0.05372745
 -0.00000000   0.00000000    -0.02332388   0.01160533     0.01913013   0.00807506
    4    2
  0.00258725  -0.00098418     0.02399425   0.00001694    -0.00582361  -0.00153270
  0.00829971   0.00999226     0.01747476   0.00029606     0.00548912   0.00511354
 -0.00195800  -0.00282257     0.00126826   0.00493468     0.00493504   0.00119609
    4    3
 -0.00258725   0.00098418     0.02399425   0.00001694    -0.00582361  -0.00153270
  0.00829971   0.00999226    -0.01747476  -0.00029606    -0.00548912  -0.00511354
 -0.00195800  -0.00282257    -0.00126826  -0.00493468    -0.00493504  -0.00119609
    4    4
  0.03039813   0.00000000    -0.00000000  -0.00000000    -0.00000000   0.00000000
 -0.00000000   0.00000000     0.05580348   0.00000000     0.00161607  -0.00806409
 -0.00000000   0.00000000     0.00161607   0.00806409     0.04519368   0.00000000
    4    5
  0.02086942  -0.00190103     0.00000000   0.00000000     0.00000000  -0.00000000
  0.00000000   0.00000000    -0.02551644   0.00129695    -0.00435165  -0.01331330
  0.00000000  -0.00000000    -0.00435165  -0.01331330    -0.00354255   0.01403154
    4    6
 -0.00833647  -0.00403021     0.00000000  -0.00000000    -0.00000000  -0.00000000
 -0.00000000  -0.00000000     0.01135548   0.00845522     0.01247241   0.02158359
 -0.00000000  -0.00000000    -0.00067386   0.03509637     0.01135548   0.00845522
    4    7
 -0.00743625   0.00000000     0.00000000  -0.00000000     0.00000000   0.00000000
  0.00000000  -0.00000000    -0.02290644   0.00449203    -0.00482276   0.00000000
  0.00000000   0.00000000     0.01990909  -0.00000000    -0.02290644  -0.00449203
    5    1
 -0.00730473  -0.00545599     0.00000000   0.00000000    -0.00000000  -0.00000000
  0.00000000  -0.00000000    -0.01167908  -0.01437821    -0.05372745   0.02840343
 -0.00000000  -0.00000000     0.01160533  -0.02332388     0.00807506   0.01913013
    5    2
 -0.00258725  -0.00098418     0.02399425  -0.00001694    -0.00582361   0.00153270
  0.00829971  -0.00999226    -0.01747476   0.00029606    -0.00548912   0.00511354
 -0.00195800   0.00282257    -0.00126826   0.00493468    -0.00493504   0.00119609
    5    3
  0.00258725   0.00098418     0.02399425  -0.00001694    -0.00582361   0.00153270
  0.00829971  -0.00999226     0.01747476  -0.00029606     0.00548912  -0.00511354
 -0.00195800   0.00282257     0.00126826  -0.00493468     0.00493504  -0.00119609
    5    4
  0.02086942   0.00190103     0.00000000  -0.00000000     0.00000000   0.00000000
  0.00000000  -0.00000000    -0.02551644  -0.00129695    -0.00435165   0.01331330
  0.00000000   0.00000000    -0.00435165   0.01331330    -0.00354255  -0.01403154
    5    5
  0.03039813  -0.00000000    -0.00000000   0.00000000    -0.00000000   0.00000000
 -0.00000000  -0.00000000     0.05580348   0.00000000     0.00161607   0.00806409
 -0.00000000  -0.00000000     0.00161607  -0.00806409     0.04519368  -0.00000000
    5    6
 -0.00743625  -0.00000000     0.00000000   0.00000000     0.00000000  -0.00000000
  0.00000000   0.00000000    -0.02290644  -0.00449203    -0.00482276  -0.00000000
  0.00000000  -0.00000000     0.01990909   0.00000000    -0.02290644   0.00449203
    5    7
 -0.00833647   0.00403021    -0.00000000   0.00000000    -0.00000000   0.00000000
 -0.00000000   0.00000000     0.01135548  -0.00845522     0.01247241  -0.02158359
 -0.00000000   0.00000000    -0.00067386  -0.03509637     0.01135548  -0.00845522
    6    1
 -0.00730473  -0.00545599     0.00000000  -0.00000000     0.00000000   0.00000000
  0.00000000  -0.00000000     0.00807506   0.01913013     0.01160533  -0.02332388
  0.00000000  -0.00000000    -0.05372745   0.02840343    -0.01167908  -0.01437821
    6    2
  0.00258725   0.00098418    -0.00582361   0.00153270     0.02399425  -0.00001694
 -0.00195800   0.00282257     0.00493504  -0.00119609     0.00126826  -0.00493468
  0.00829971  -0.00999226     0.00548912  -0.00511354     0.01747476  -0.00029606
    6    3
 -0.00258725  -0.00098418    -0.00582361   0.00153270     0.02399425  -0.00001694
 -0.00195800   0.00282257    -0.00493504   0.00119609    -0.00126826   0.00493468
  0.00829971  -0.00999226    -0.00548912   0.00511354    -0.01747476   0.00029606
    6    4
 -0.00833647   0.00403021    -0.00000000   0.00000000    -0.00000000   0.00000000
 -0.00000000   0.00000000     0.01135548  -0.00845522    -0.00067386  -0.03509637
 -0.00000000   0.00000000     0.01247241  -0.02158359     0.01135548  -0.00845522
    6    5
 -0.00743625   0.00000000     0.00000000  -0.00000000     0.00000000   0.00000000
  0.00000000  -0.00000000    -0.02290644   0.00449203     0.01990909  -0.00000000
  0.00000000   0.00000000    -0.00482276   0.00000000    -0.02290644  -0.00449203
    6    6
  0.03039813  -0.00000000    -0.00000000  -0.00000000    -0.00000000  -0.00000000
 -0.00000000   0.00000000     0.04519368  -0.00000000     0.00161607  -0.00806409
 -0.00000000   0.00000000     0.00161607   0.00806409     0.05580348   0.00000000
    6    7
  0.02086942   0.00190103    -0.00000000  -0.00000000     0.00000000   0.00000000
 -0.00000000  -0.00000000    -0.00354255  -0.01403154    -0.00435165   0.01331330
  0.00000000   0.00000000    -0.00435165   0.01331330    -0.02551644  -0.00129695
    7    1
 -0.00545599  -0.00730473    -0.00000000   0.00000000     0.00000000   0.00000000
 -0.00000000  -0.00000000     0.01913013   0.00807506    -0.02332388   0.01160533
  0.00000000   0.00000000     0.02840343  -0.05372745    -0.01437821  -0.01167908
    7    2
 -0.00258725   0.00098418    -0.00582361  -0.00153270     0.02399425   0.00001694
 -0.00195800  -0.00282257    -0.00493504  -0.00119609    -0.00126826  -0.00493468
  0.00829971   0.00999226    -0.00548912  -0.00511354    -0.01747476  -0.00029606
    7    3
  0.00258725  -0.00098418    -0.00582361  -0.00153270     0.02399425   0.00001694
 -0.00195800  -0.00282257     0.00493504   0.00119609     0.00126826   0.00493468
  0.00829971   0.00999226     0.00548912   0.00511354     0.01747476   0.00029606
    7    4
 -0.00743625  -0.00000000     0.00000000   0.00000000     0.00000000  -0.00000000
  0.00000000   0.00000000    -0.02290644  -0.00449203     0.01990909   0.00000000
  0.00000000  -0.00000000    -0.00482276  -0.00000000    -0.02290644   0.00449203
    7    5
 -0.00833647  -0.00403021    -0.00000000  -0.00000000    -0.00000000  -0.00000000
 -0.00000000  -0.00000000     0.01135548   0.00845522    -0.00067386   0.03509637
 -0.00000000   0.00000000     0.01247241   0.02158359     0.01135548   0.00845522
    7    6
  0.02086942  -0.00190103    -0.00000000   0.00000000     0.00000000  -0.00000000
 -0.00000000   0.00000000    -0.00354255   0.01403154    -0.00435165  -0.01331330
  0.00000000   0.00000000    -0.00435165  -0.01331330    -0.02551644   0.00129695
    7    7
  0.03039813   0.00000000    -0.00000000   0.00000000    -0.00000000   0.00000000
 -0.00000000  -0.00000000     0.04519368   0.00000000     0.00161607   0.00806409
 -0.00000000  -0.00000000     0.00161607  -0.00806409     0.05580348   0.00000000

     Dynamical  Matrix in cartesian axes

     q = (   -0.216506351   0.866025404  -0.216506351 ) 

    1    1
  0.14572695   0.00000000     0.00000000  -0.00000000     0.00328707   0.00000000
  0.00000000  -0.00000000     0.03068155   0.00000000    -0.00000000  -0.00000000
  0.00328707   0.00000000    -0.00000000  -0.00000000     0.14572695   0.00000000
    1    2
 -0.01167908   0.01437821     0.00000000  -0.00000000     0.01160533   0.02332388
  0.00000000  -0.00000000    -0.00730473   0.00545599     0.00000000   0.00000000
 -0.05372745  -0.02840343     0.00000000   0.00000000     0.00807506  -0.01913013
    1    3
 -0.01437821   0.01167908     0.00000000  -0.00000000    -0.02332388  -0.01160533
 -0.00000000  -0.00000000    -0.00545599   0.00730473    -0.00000000   0.00000000
  0.02840343   0.05372745    -0.00000000   0.00000000     0.01913013  -0.00807506
    1    4
 -0.00409561  -0.00409561    -0.01795933   0.01795933     0.01493185   0.01493185
 -0.00685719   0.00685719     0.00000000  -0.00000000    -0.00685719   0.00685719
 -0.01493185  -0.01493185    -0.01795933   0.01795933     0.00409561   0.00409561
    1    5
  0.00409561   0.00409561    -0.01795933   0.01795933    -0.01493185  -0.01493185
 -0.00685719   0.00685719     0.00000000  -0.00000000    -0.00685719   0.00685719
  0.01493185   0.01493185    -0.01795933   0.01795933    -0.00409561  -0.00409561
    1    6
  0.01913013  -0.00807506    -0.00000000  -0.00000000     0.02840343   0.05372745
 -0.00000000   0.00000000    -0.00545599   0.00730473     0.00000000  -0.00000000
 -0.02332388  -0.01160533     0.00000000  -0.00000000    -0.01437821   0.01167908
    1    7
  0.00807506  -0.01913013     0.00000000   0.00000000    -0.05372745  -0.02840343
 -0.00000000   0.00000000    -0.00730473   0.00545599     0.00000000   0.00000000
  0.01160533   0.02332388     0.00000000  -0.00000000    -0.01167908   0.01437821
    2    1
 -0.01167908  -0.01437821     0.00000000  -0.00000000    -0.05372745   0.02840343
  0.00000000   0.00000000    -0.00730473  -0.00545599     0.00000000  -0.00000000
  0.01160533  -0.02332388     0.00000000  -0.00000000     0.00807506   0.01913013
    2    2
  0.05580348  -0.00000000    -0.00000000   0.00000000     0.00161607   0.00806409
 -0.00000000   0.00000000     0.03039813  -0.00000000    -0.00000000  -0.00000000
  0.00161607  -0.00806409    -0.00000000   0.00000000     0.04519368  -0.00000000
    2    3
 -0.02551644  -0.00129695     0.00000000  -0.00000000    -0.00435165   0.01331330
  0.00000000  -0.00000000     0.02086942   0.00190103     0.00000000   0.00000000
 -0.00435165   0.01331330     0.00000000   0.00000000    -0.00354255  -0.01403154
    2    4
  0.01747476  -0.00029606     0.00829971  -0.00999226     0.00548912  -0.00511354
  0.02399425  -0.00001694     0.00258725   0.00098418    -0.00582361   0.00153270
  0.00126826  -0.00493468    -0.00195800   0.00282257     0.00493504  -0.00119609
    2    5
 -0.01747476   0.00029606     0.00829971  -0.00999226    -0.00548912   0.00511354
  0.02399425  -0.00001694    -0.00258725  -0.00098418    -0.00582361   0.00153270
 -0.00126826   0.00493468    -0.00195800   0.00282257    -0.00493504   0.00119609
    2    6
  0.01135548  -0.00845522    -0.00000000   0.00000000     0.01247241  -0.02158359
  0.00000000   0.00000000    -0.00833647   0.00403021    -0.00000000   0.00000000
 -0.00067386  -0.03509637    -0.00000000   0.00000000     0.01135548  -0.00845522
    2    7
 -0.02290644  -0.00449203     0.00000000   0.00000000    -0.00482276   0.00000000
  0.00000000  -0.00000000    -0.00743625   0.00000000     0.00000000  -0.00000000
  0.01990909  -0.00000000     0.00000000  -0.00000000    -0.02290644   0.00449203
    3    1
 -0.01437821  -0.01167908    -0.00000000   0.00000000     0.02840343  -0.05372745
  0.00000000   0.00000000    -0.00545599  -0.00730473    -0.00000000   0.00000000
 -0.02332388   0.01160533    -0.00000000   0.00000000     0.01913013   0.00807506
    3    2
 -0.02551644   0.00129695     0.00000000   0.00000000    -0.00435165  -0.01331330
  0.00000000   0.00000000     0.02086942  -0.00190103     0.00000000  -0.00000000
 -0.00435165  -0.01331330     0.00000000  -0.00000000    -0.00354255   0.01403154
    3    3
  0.05580348   0.00000000    -0.00000000   0.00000000     0.00161607  -0.00806409
 -0.00000000  -0.00000000     0.03039813   0.00000000    -0.00000000   0.00000000
  0.00161607   0.00806409    -0.00000000   0.00000000     0.04519368   0.00000000
    3    4
 -0.01747476  -0.00029606     0.00829971   0.00999226    -0.00548912  -0.00511354
  0.02399425   0.00001694    -0.00258725   0.00098418    -0.00582361  -0.00153270
 -0.00126826  -0.00493468    -0.00195800  -0.00282257    -0.00493504  -0.00119609
    3    5
  0.01747476   0.00029606     0.00829971   0.00999226     0.00548912   0.00511354
  0.02399425   0.00001694     0.00258725  -0.00098418    -0.00582361  -0.00153270
  0.00126826   0.00493468    -0.00195800  -0.00282257     0.00493504   0.00119609
    3    6
 -0.02290644   0.00449203     0.00000000  -0.00000000    -0.00482276   0.00000000
  0.00000000  -0.00000000    -0.00743625   0.00000000     0.00000000   0.00000000
  0.01990909  -0.00000000     0.00000000   0.00000000    -0.02290644  -0.00449203
    3    7
  0.01135548   0.00845522     0.00000000  -0.00000000     0.01247241   0.02158359
  0.00000000  -0.00000000    -0.00833647  -0.00403021    -0.00000000  -0.00000000
 -0.00067386   0.03509637    -0.00000000  -0.00000000     0.01135548   0.00845522
    4    1
 -0.00409561   0.00409561    -0.00685719  -0.00685719    -0.01493185   0.01493185
 -0.01795933  -0.01795933     0.00000000   0.00000000    -0.01795933  -0.01795933
  0.01493185  -0.01493185    -0.00685719  -0.00685719     0.00409561  -0.00409561
    4    2
  0.01747476   0.00029606     0.02399425   0.00001694     0.00126826   0.00493468
  0.00829971   0.00999226     0.00258725  -0.00098418    -0.00195800  -0.00282257
  0.00548912   0.00511354    -0.00582361  -0.00153270     0.00493504   0.00119609
    4    3
 -0.01747476   0.00029606     0.02399425  -0.00001694    -0.00126826   0.00493468
  0.00829971  -0.00999226    -0.00258725  -0.00098418    -0.00195800   0.00282257
 -0.00548912   0.00511354    -0.00582361   0.00153270    -0.00493504   0.00119609
    4    4
  0.03715004  -0.00000000    -0.00000000  -0.00239910    -0.00179808   0.00000000
 -0.00000000   0.00239910     0.01835673  -0.00000000    -0.00000000  -0.00239910
 -0.00179808  -0.00000000    -0.00000000   0.00239910     0.03715004  -0.00000000
    4    5
  0.01276405  -0.00000000    -0.00000000  -0.00579857    -0.00793409   0.00000000
 -0.00000000  -0.00579857     0.00331516  -0.00000000    -0.00000000   0.00579857
 -0.00793409   0.00000000    -0.00000000   0.00579857     0.01276405  -0.00000000
    4    6
  0.00493504  -0.00119609    -0.00582361   0.00153270     0.00548912  -0.00511354
 -0.00195800   0.00282257     0.00258725   0.00098418     0.00829971  -0.00999226
  0.00126826  -0.00493468     0.02399425  -0.00001694     0.01747476  -0.00029606
    4    7
 -0.00493504  -0.00119609    -0.00582361  -0.00153270    -0.00548912  -0.00511354
 -0.00195800  -0.00282257    -0.00258725   0.00098418     0.00829971   0.00999226
 -0.00126826  -0.00493468     0.02399425   0.00001694    -0.01747476  -0.00029606
    5    1
  0.00409561  -0.00409561    -0.00685719  -0.00685719     0.01493185  -0.01493185
 -0.01795933  -0.01795933     0.00000000   0.00000000    -0.01795933  -0.01795933
 -0.01493185   0.01493185    -0.00685719  -0.00685719    -0.00409561   0.00409561
    5    2
 -0.01747476  -0.00029606     0.02399425   0.00001694    -0.00126826  -0.00493468
  0.00829971   0.00999226    -0.00258725   0.00098418    -0.00195800  -0.00282257
 -0.00548912  -0.00511354    -0.00582361  -0.00153270    -0.00493504  -0.00119609
    5    3
  0.01747476  -0.00029606     0.02399425  -0.00001694     0.00126826  -0.00493468
  0.00829971  -0.00999226     0.00258725   0.00098418    -0.00195800   0.00282257
  0.00548912  -0.00511354    -0.00582361   0.00153270     0.00493504  -0.00119609
    5    4
  0.01276405   0.00000000     0.00000000   0.00579857    -0.00793409  -0.00000000
  0.00000000   0.00579857     0.00331516   0.00000000    -0.00000000  -0.00579857
 -0.00793409  -0.00000000     0.00000000  -0.00579857     0.01276405   0.00000000
    5    5
  0.03715004   0.00000000    -0.00000000   0.00239910    -0.00179808  -0.00000000
 -0.00000000  -0.00239910     0.01835673   0.00000000    -0.00000000   0.00239910
 -0.00179808   0.00000000    -0.00000000  -0.00239910     0.03715004  -0.00000000
    5    6
 -0.00493504   0.00119609    -0.00582361   0.00153270    -0.00548912   0.00511354
 -0.00195800   0.00282257    -0.00258725  -0.00098418     0.00829971  -0.00999226
 -0.00126826   0.00493468     0.02399425  -0.00001694    -0.01747476   0.00029606
    5    7
  0.00493504   0.00119609    -0.00582361  -0.00153270     0.00548912   0.00511354
 -0.00195800  -0.00282257     0.00258725  -0.00098418     0.00829971   0.00999226
  0.00126826   0.00493468     0.02399425   0.00001694     0.01747476   0.00029606
    6    1
  0.01913013   0.00807506     0.00000000  -0.00000000    -0.02332388   0.01160533
 -0.00000000   0.00000000    -0.00545599  -0.00730473     0.00000000  -0.00000000
  0.02840343  -0.05372745     0.00000000   0.00000000    -0.01437821  -0.01167908
    6    2
  0.01135548   0.00845522    -0.00000000  -0.00000000    -0.00067386   0.03509637
 -0.00000000  -0.00000000    -0.00833647  -0.00403021    -0.00000000  -0.00000000
  0.01247241   0.02158359    -0.00000000  -0.00000000     0.01135548   0.00845522
    6    3
 -0.02290644  -0.00449203     0.00000000   0.00000000     0.01990909   0.00000000
  0.00000000   0.00000000    -0.00743625  -0.00000000     0.00000000  -0.00000000
 -0.00482276  -0.00000000     0.00000000  -0.00000000    -0.02290644   0.00449203
    6    4
  0.00493504   0.00119609    -0.00195800  -0.00282257     0.00126826   0.00493468
 -0.00582361  -0.00153270     0.00258725  -0.00098418     0.02399425   0.00001694
  0.00548912   0.00511354     0.00829971   0.00999226     0.01747476   0.00029606
    6    5
 -0.00493504  -0.00119609    -0.00195800  -0.00282257    -0.00126826  -0.00493468
 -0.00582361  -0.00153270    -0.00258725   0.00098418     0.02399425   0.00001694
 -0.00548912  -0.00511354     0.00829971   0.00999226    -0.01747476  -0.00029606
    6    6
  0.04519368   0.00000000    -0.00000000  -0.00000000     0.00161607   0.00806409
 -0.00000000   0.00000000     0.03039813   0.00000000    -0.00000000   0.00000000
  0.00161607  -0.00806409    -0.00000000   0.00000000     0.05580348   0.00000000
    6    7
 -0.00354255   0.01403154    -0.00000000   0.00000000    -0.00435165  -0.01331330
 -0.00000000   0.00000000     0.02086942  -0.00190103     0.00000000   0.00000000
 -0.00435165  -0.01331330     0.00000000   0.00000000    -0.02551644   0.00129695
    7    1
  0.00807506   0.01913013    -0.00000000   0.00000000     0.01160533  -0.02332388
  0.00000000  -0.00000000    -0.00730473  -0.00545599     0.00000000   0.00000000
 -0.05372745   0.02840343     0.00000000   0.00000000    -0.01167908  -0.01437821
    7    2
 -0.02290644   0.00449203     0.00000000  -0.00000000     0.01990909   0.00000000
  0.00000000  -0.00000000    -0.00743625  -0.00000000     0.00000000   0.00000000
 -0.00482276  -0.00000000     0.00000000   0.00000000    -0.02290644  -0.00449203
    7    3
  0.01135548  -0.00845522     0.00000000   0.00000000    -0.00067386  -0.03509637
 -0.00000000   0.00000000    -0.00833647   0.00403021    -0.00000000   0.00000000
  0.01247241  -0.02158359    -0.00000000   0.00000000     0.01135548  -0.00845522
    7    4
 -0.00493504   0.00119609    -0.00195800   0.00282257    -0.00126826   0.00493468
 -0.00582361   0.00153270    -0.00258725  -0.00098418     0.02399425  -0.00001694
 -0.00548912   0.00511354     0.00829971  -0.00999226    -0.01747476   0.00029606
    7    5
  0.00493504  -0.00119609    -0.00195800   0.00282257     0.00126826  -0.00493468
 -0.00582361   0.00153270     0.00258725   0.00098418     0.02399425  -0.00001694
  0.00548912  -0.00511354     0.00829971  -0.00999226     0.01747476  -0.00029606
    7    6
 -0.00354255  -0.01403154    -0.00000000  -0.00000000    -0.00435165   0.01331330
 -0.00000000  -0.00000000     0.02086942   0.00190103     0.00000000  -0.00000000
 -0.00435165   0.01331330     0.00000000   0.00000000    -0.02551644  -0.00129695
    7    7
  0.04519368  -0.00000000    -0.00000000   0.00000000     0.00161607  -0.00806409
 -0.00000000  -0.00000000     0.03039813  -0.00000000    -0.00000000   0.00000000
  0.00161607   0.00806409    -0.00000000   0.00000000     0.05580348  -0.00000000

     Dynamical  Matrix in cartesian axes

     q = (    0.216506351   0.866025404  -0.216506351 ) 

    1    1
  0.14572695   0.00000000     0.00000000   0.00000000    -0.00328707  -0.00000000
  0.00000000   0.00000000     0.03068155   0.00000000    -0.00000000  -0.00000000
 -0.00328707  -0.00000000    -0.00000000  -0.00000000     0.14572695   0.00000000
    1    2
  0.01437821  -0.01167908     0.00000000   0.00000000    -0.02332388  -0.01160533
 -0.00000000   0.00000000     0.00545599  -0.00730473     0.00000000   0.00000000
  0.02840343   0.05372745     0.00000000  -0.00000000    -0.01913013   0.00807506
    1    3
 -0.01437821  -0.01167908    -0.00000000  -0.00000000     0.02332388  -0.01160533
  0.00000000   0.00000000    -0.00545599  -0.00730473    -0.00000000  -0.00000000
 -0.02840343   0.05372745    -0.00000000  -0.00000000     0.01913013   0.00807506
    1    4
 -0.00409561   0.00409561    -0.01795933  -0.01795933    -0.01493185   0.01493185
 -0.00685719  -0.00685719    -0.00000000  -0.00000000     0.00685719   0.00685719
  0.01493185  -0.01493185     0.01795933   0.01795933     0.00409561  -0.00409561
    1    5
  0.00409561   0.00409561     0.01795933  -0.01795933     0.01493185   0.01493185
  0.00685719  -0.00685719     0.00000000  -0.00000000    -0.00685719   0.00685719
 -0.01493185  -0.01493185    -0.01795933   0.01795933    -0.00409561  -0.00409561
    1    6
  0.01913013  -0.00807506     0.00000000   0.00000000    -0.02840343  -0.05372745
 -0.00000000   0.00000000    -0.00545599   0.00730473     0.00000000  -0.00000000
  0.02332388   0.01160533     0.00000000  -0.00000000    -0.01437821   0.01167908
    1    7
 -0.01913013  -0.00807506     0.00000000   0.00000000     0.02840343  -0.05372745
  0.00000000   0.00000000     0.00545599   0.00730473    -0.00000000  -0.00000000
 -0.02332388   0.01160533     0.00000000   0.00000000     0.01437821   0.01167908
    2    1
  0.01437821   0.01167908    -0.00000000   0.00000000     0.02840343  -0.05372745
  0.00000000   0.00000000     0.00545599   0.00730473     0.00000000  -0.00000000
 -0.02332388   0.01160533     0.00000000  -0.00000000    -0.01913013  -0.00807506
    2    2
  0.05580348   0.00000000     0.00000000  -0.00000000    -0.00161607   0.00806409
  0.00000000   0.00000000     0.03039813   0.00000000    -0.00000000   0.00000000
 -0.00161607  -0.00806409    -0.00000000   0.00000000     0.04519368   0.00000000
    2    3
  0.00129695   0.02551644    -0.00000000   0.00000000     0.01331330  -0.00435165
 -0.00000000   0.00000000    -0.00190103  -0.02086942    -0.00000000   0.00000000
  0.01331330  -0.00435165    -0.00000000  -0.00000000     0.01403154   0.00354255
    2    4
  0.00029606  -0.01747476     0.00999226  -0.00829971    -0.00511354   0.00548912
  0.00001694  -0.02399425    -0.00098418  -0.00258725     0.00153270  -0.00582361
 -0.00493468   0.00126826     0.00282257  -0.00195800     0.00119609  -0.00493504
    2    5
 -0.01747476  -0.00029606     0.00829971   0.00999226     0.00548912   0.00511354
  0.02399425   0.00001694    -0.00258725   0.00098418     0.00582361   0.00153270
  0.00126826   0.00493468     0.00195800   0.00282257    -0.00493504  -0.00119609
    2    6
  0.02290644  -0.00449203     0.00000000   0.00000000    -0.00482276  -0.00000000
 -0.00000000   0.00000000     0.00743625   0.00000000    -0.00000000  -0.00000000
  0.01990909   0.00000000    -0.00000000  -0.00000000     0.02290644   0.00449203
    2    7
 -0.00845522   0.01135548     0.00000000   0.00000000     0.02158359  -0.01247241
 -0.00000000  -0.00000000     0.00403021  -0.00833647     0.00000000  -0.00000000
  0.03509637   0.00067386     0.00000000  -0.00000000    -0.00845522   0.01135548
    3    1
 -0.01437821   0.01167908     0.00000000   0.00000000    -0.02840343  -0.05372745
 -0.00000000   0.00000000    -0.00545599   0.00730473    -0.00000000   0.00000000
  0.02332388   0.01160533    -0.00000000   0.00000000     0.01913013  -0.00807506
    3    2
  0.00129695  -0.02551644    -0.00000000  -0.00000000     0.01331330   0.00435165
 -0.00000000   0.00000000    -0.00190103   0.02086942    -0.00000000   0.00000000
  0.01331330   0.00435165    -0.00000000   0.00000000     0.01403154  -0.00354255
    3    3
  0.05580348  -0.00000000     0.00000000  -0.00000000    -0.00161607  -0.00806409
  0.00000000  -0.00000000     0.03039813  -0.00000000    -0.00000000   0.00000000
 -0.00161607   0.00806409    -0.00000000  -0.00000000     0.04519368  -0.00000000
    3    4
 -0.01747476   0.00029606     0.00829971  -0.00999226     0.00548912  -0.00511354
  0.02399425  -0.00001694    -0.00258725  -0.00098418     0.00582361  -0.00153270
  0.00126826  -0.00493468     0.00195800  -0.00282257    -0.00493504   0.00119609
    3    5
  0.00029606   0.01747476     0.00999226   0.00829971    -0.00511354  -0.00548912
  0.00001694   0.02399425    -0.00098418   0.00258725     0.00153270   0.00582361
 -0.00493468  -0.00126826     0.00282257   0.00195800     0.00119609   0.00493504
    3    6
 -0.00845522  -0.01135548    -0.00000000   0.00000000     0.02158359   0.01247241
 -0.00000000   0.00000000     0.00403021   0.00833647    -0.00000000   0.00000000
  0.03509637  -0.00067386    -0.00000000   0.00000000    -0.00845522  -0.01135548
    3    7
  0.02290644   0.00449203     0.00000000  -0.00000000    -0.00482276   0.00000000
 -0.00000000  -0.00000000     0.00743625  -0.00000000    -0.00000000   0.00000000
  0.01990909  -0.00000000    -0.00000000   0.00000000     0.02290644  -0.00449203
    4    1
 -0.00409561  -0.00409561    -0.00685719   0.00685719     0.01493185   0.01493185
 -0.01795933   0.01795933     0.00000000   0.00000000     0.01795933  -0.01795933
 -0.01493185  -0.01493185     0.00685719  -0.00685719     0.00409561   0.00409561
    4    2
  0.00029606   0.01747476     0.00001694   0.02399425    -0.00493468  -0.00126826
  0.00999226   0.00829971    -0.00098418   0.00258725     0.00282257   0.00195800
 -0.00511354  -0.00548912     0.00153270   0.00582361     0.00119609   0.00493504
    4    3
 -0.01747476  -0.00029606     0.02399425   0.00001694     0.00126826   0.00493468
  0.00829971   0.00999226    -0.00258725   0.00098418     0.00195800   0.00282257
  0.00548912   0.00511354     0.00582361   0.00153270    -0.00493504  -0.00119609
    4    4
  0.03715004  -0.00000000     0.00000000   0.00239910     0.00179808  -0.00000000
  0.00000000  -0.00239910     0.01835673   0.00000000    -0.00000000  -0.00239910
  0.00179808  -0.00000000    -0.00000000   0.00239910     0.03715004  -0.00000000
    4    5
  0.00000000   0.01276405    -0.00579857   0.00000000     0.00000000   0.00793409
 -0.00579857   0.00000000     0.00000000   0.00331516    -0.00579857   0.00000000
  0.00000000   0.00793409    -0.00579857   0.00000000     0.00000000   0.01276405
    4    6
  0.00119609   0.00493504     0.00153270   0.00582361    -0.00511354  -0.00548912
  0.00282257   0.00195800    -0.00098418   0.00258725     0.00999226   0.00829971
 -0.00493468  -0.00126826     0.00001694   0.02399425     0.00029606   0.01747476
    4    7
 -0.00493504  -0.00119609     0.00582361   0.00153270     0.00548912   0.00511354
  0.00195800   0.00282257    -0.00258725   0.00098418     0.00829971   0.00999226
  0.00126826   0.00493468     0.02399425   0.00001694    -0.01747476  -0.00029606
    5    1
  0.00409561  -0.00409561     0.00685719   0.00685719    -0.01493185   0.01493185
  0.01795933   0.01795933     0.00000000   0.00000000    -0.01795933  -0.01795933
  0.01493185  -0.01493185    -0.00685719  -0.00685719    -0.00409561   0.00409561
    5    2
 -0.01747476   0.00029606     0.02399425  -0.00001694     0.00126826  -0.00493468
  0.00829971  -0.00999226    -0.00258725  -0.00098418     0.00195800  -0.00282257
  0.00548912  -0.00511354     0.00582361  -0.00153270    -0.00493504   0.00119609
    5    3
  0.00029606  -0.01747476     0.00001694  -0.02399425    -0.00493468   0.00126826
  0.00999226  -0.00829971    -0.00098418  -0.00258725     0.00282257  -0.00195800
 -0.00511354   0.00548912     0.00153270  -0.00582361     0.00119609  -0.00493504
    5    4
  0.00000000  -0.01276405    -0.00579857  -0.00000000     0.00000000  -0.00793409
 -0.00579857  -0.00000000     0.00000000  -0.00331516    -0.00579857  -0.00000000
  0.00000000  -0.00793409    -0.00579857  -0.00000000     0.00000000  -0.01276405
    5    5
  0.03715004   0.00000000     0.00000000  -0.00239910     0.00179808  -0.00000000
  0.00000000   0.00239910     0.01835673   0.00000000    -0.00000000   0.00239910
  0.00179808   0.00000000    -0.00000000  -0.00239910     0.03715004  -0.00000000
    5    6
 -0.00493504   0.00119609     0.00582361  -0.00153270     0.00548912  -0.00511354
  0.00195800  -0.00282257    -0.00258725  -0.00098418     0.00829971  -0.00999226
  0.00126826  -0.00493468     0.02399425  -0.00001694    -0.01747476   0.00029606
    5    7
  0.00119609  -0.00493504     0.00153270  -0.00582361    -0.00511354   0.00548912
  0.00282257  -0.00195800    -0.00098418  -0.00258725     0.00999226  -0.00829971
 -0.00493468   0.00126826     0.00001694  -0.02399425     0.00029606  -0.01747476
    6    1
  0.01913013   0.00807506    -0.00000000  -0.00000000     0.02332388  -0.01160533
 -0.00000000  -0.00000000    -0.00545599  -0.00730473     0.00000000   0.00000000
 -0.02840343   0.05372745     0.00000000   0.00000000    -0.01437821  -0.01167908
    6    2
  0.02290644   0.00449203    -0.00000000  -0.00000000     0.01990909  -0.00000000
  0.00000000  -0.00000000     0.00743625  -0.00000000    -0.00000000   0.00000000
 -0.00482276   0.00000000    -0.00000000   0.00000000     0.02290644  -0.00449203
    6    3
 -0.00845522   0.01135548    -0.00000000   0.00000000     0.03509637   0.00067386
 -0.00000000   0.00000000     0.00403021  -0.00833647     0.00000000   0.00000000
  0.02158359  -0.01247241     0.00000000  -0.00000000    -0.00845522   0.01135548
    6    4
  0.00119609  -0.00493504     0.00282257  -0.00195800    -0.00493468   0.00126826
  0.00153270  -0.00582361    -0.00098418  -0.00258725     0.00001694  -0.02399425
 -0.00511354   0.00548912     0.00999226  -0.00829971     0.00029606  -0.01747476
    6    5
 -0.00493504  -0.00119609     0.00195800   0.00282257     0.00126826   0.00493468
  0.00582361   0.00153270    -0.00258725   0.00098418     0.02399425   0.00001694
  0.00548912   0.00511354     0.00829971   0.00999226    -0.01747476  -0.00029606
    6    6
  0.04519368   0.00000000     0.00000000   0.00000000    -0.00161607  -0.00806409
  0.00000000  -0.00000000     0.03039813   0.00000000    -0.00000000   0.00000000
 -0.00161607   0.00806409    -0.00000000   0.00000000     0.05580348   0.00000000
    6    7
  0.01403154   0.00354255    -0.00000000   0.00000000     0.01331330  -0.00435165
 -0.00000000   0.00000000    -0.00190103  -0.02086942     0.00000000  -0.00000000
  0.01331330  -0.00435165    -0.00000000  -0.00000000     0.00129695   0.02551644
    7    1
 -0.01913013   0.00807506     0.00000000  -0.00000000    -0.02332388  -0.01160533
 -0.00000000  -0.00000000     0.00545599  -0.00730473    -0.00000000   0.00000000
  0.02840343   0.05372745     0.00000000   0.00000000     0.01437821  -0.01167908
    7    2
 -0.00845522  -0.01135548    -0.00000000  -0.00000000     0.03509637  -0.00067386
 -0.00000000  -0.00000000     0.00403021   0.00833647    -0.00000000   0.00000000
  0.02158359   0.01247241     0.00000000   0.00000000    -0.00845522  -0.01135548
    7    3
  0.02290644  -0.00449203    -0.00000000   0.00000000     0.01990909   0.00000000
  0.00000000   0.00000000     0.00743625   0.00000000    -0.00000000  -0.00000000
 -0.00482276  -0.00000000    -0.00000000  -0.00000000     0.02290644   0.00449203
    7    4
 -0.00493504   0.00119609     0.00195800  -0.00282257     0.00126826  -0.00493468
  0.00582361  -0.00153270    -0.00258725  -0.00098418     0.02399425  -0.00001694
  0.00548912  -0.00511354     0.00829971  -0.00999226    -0.01747476   0.00029606
    7    5
  0.00119609   0.00493504     0.00282257   0.00195800    -0.00493468  -0.00126826
  0.00153270   0.00582361    -0.00098418   0.00258725     0.00001694   0.02399425
 -0.00511354  -0.00548912     0.00999226   0.00829971     0.00029606   0.01747476
    7    6
  0.01403154  -0.00354255    -0.00000000  -0.00000000     0.01331330   0.00435165
 -0.00000000  -0.00000000    -0.00190103   0.02086942     0.00000000   0.00000000
  0.01331330   0.00435165    -0.00000000   0.00000000     0.00129695  -0.02551644
    7    7
  0.04519368  -0.00000000     0.00000000  -0.00000000    -0.00161607   0.00806409
  0.00000000   0.00000000     0.03039813  -0.00000000    -0.00000000  -0.00000000
 -0.00161607  -0.00806409    -0.00000000   0.00000000     0.05580348  -0.00000000

     Dynamical  Matrix in cartesian axes

     q = (    0.866025404   0.216506351  -0.216506351 ) 

    1    1
  0.03068155   0.00000000     0.00000000   0.00000000    -0.00000000  -0.00000000
  0.00000000   0.00000000     0.14572695   0.00000000    -0.00328707  -0.00000000
 -0.00000000  -0.00000000    -0.00328707  -0.00000000     0.14572695   0.00000000
    1    2
  0.00000000   0.00000000     0.00685719  -0.00685719    -0.00685719   0.00685719
  0.01795933  -0.01795933     0.00409561   0.00409561     0.01493185   0.01493185
 -0.01795933   0.01795933    -0.01493185  -0.01493185    -0.00409561  -0.00409561
    1    3
  0.00000000   0.00000000    -0.00685719  -0.00685719     0.00685719   0.00685719
 -0.01795933  -0.01795933    -0.00409561   0.00409561    -0.01493185   0.01493185
  0.01795933   0.01795933     0.01493185  -0.01493185     0.00409561  -0.00409561
    1    4
 -0.00545599  -0.00730473     0.00000000  -0.00000000    -0.00000000  -0.00000000
  0.00000000   0.00000000    -0.01437821  -0.01167908     0.02332388  -0.01160533
 -0.00000000  -0.00000000    -0.02840343   0.05372745     0.01913013   0.00807506
    1    5
  0.00545599  -0.00730473    -0.00000000   0.00000000     0.00000000   0.00000000
 -0.00000000   0.00000000     0.01437821  -0.01167908    -0.02332388  -0.01160533
  0.00000000   0.00000000     0.02840343   0.05372745    -0.01913013   0.00807506
    1    6
  0.00545599   0.00730473     0.00000000   0.00000000    -0.00000000  -0.00000000
  0.00000000   0.00000000    -0.01913013  -0.00807506     0.02840343  -0.05372745
 -0.00000000  -0.00000000    -0.02332388   0.01160533     0.01437821   0.01167908
    1    7
 -0.00545599   0.00730473    -0.00000000   0.00000000     0.00000000  -0.00000000
  0.00000000   0.00000000     0.01913013  -0.00807506    -0.02840343  -0.05372745
