  2.000000000000000E-002   1.26015754758087        2.29045391948694     
          12

     Dynamical  Matrix in cartesian axes

     q = (   -0.866025404  -0.216506351  -0.216506351 ) 

    1    1
  0.02147308   0.00000000     0.00000000  -0.00000000    -0.00000000  -0.00000000
  0.00000000  -0.00000000     0.14291267   0.00000000     0.00432387   0.00000000
 -0.00000000  -0.00000000     0.00432387   0.00000000     0.14291267   0.00000000
    1    2
  0.00000000  -0.00000000    -0.00518200   0.00518200    -0.00518200   0.00518200
 -0.01741752   0.01741752     0.00250822   0.00250822    -0.01719449  -0.01719449
 -0.01741752   0.01741752     0.01719449   0.01719449    -0.00250822  -0.00250822
    1    3
  0.00000000  -0.00000000    -0.00518200   0.00518200    -0.00518200   0.00518200
 -0.01741752   0.01741752    -0.00250822  -0.00250822     0.01719449   0.01719449
 -0.01741752   0.01741752    -0.01719449  -0.01719449     0.00250822   0.00250822
    1    4
 -0.00372509   0.00553803     0.00000000  -0.00000000     0.00000000   0.00000000
  0.00000000  -0.00000000    -0.01787530   0.01143510    -0.02310621  -0.01355323
 -0.00000000  -0.00000000     0.03383801   0.05364797     0.01826174  -0.01110257
    1    5
 -0.00553803   0.00372509     0.00000000  -0.00000000     0.00000000  -0.00000000
  0.00000000  -0.00000000    -0.01143510   0.01787530     0.01355323   0.02310621
 -0.00000000   0.00000000    -0.05364797  -0.03383801     0.01110257  -0.01826174
    1    6
 -0.00553803   0.00372509    -0.00000000   0.00000000     0.00000000  -0.00000000
  0.00000000   0.00000000     0.01110257  -0.01826174    -0.05364797  -0.03383801
  0.00000000  -0.00000000     0.01355323   0.02310621    -0.01143510   0.01787530
    1    7
 -0.00372509   0.00553803    -0.00000000   0.00000000     0.00000000  -0.00000000
 -0.00000000  -0.00000000     0.01826174  -0.01110257     0.03383801   0.05364797
  0.00000000  -0.00000000    -0.02310621  -0.01355323    -0.01787530   0.01143510
    2    1
  0.00000000   0.00000000    -0.01741752  -0.01741752    -0.01741752  -0.01741752
 -0.00518200  -0.00518200     0.00250822  -0.00250822     0.01719449  -0.01719449
 -0.00518200  -0.00518200    -0.01719449   0.01719449    -0.00250822   0.00250822
    2    2
  0.01424605   0.00000000     0.00000000  -0.00292291    -0.00000000   0.00292291
  0.00000000   0.00292291     0.03269695  -0.00000000    -0.00077302  -0.00000000
 -0.00000000  -0.00292291    -0.00077302   0.00000000     0.03269695  -0.00000000
    2    3
  0.00440981  -0.00000000     0.00000000   0.00598422    -0.00000000  -0.00598422
  0.00000000   0.00598422     0.00880715  -0.00000000    -0.00813984   0.00000000
 -0.00000000  -0.00598422    -0.00813984   0.00000000     0.00880715  -0.00000000
    2    4
  0.00171222   0.00116778     0.00712795  -0.00972909    -0.00279355   0.00334547
  0.01968288   0.00037573     0.01818197   0.00008364     0.00056060  -0.00567075
 -0.00547310   0.00100590     0.00664004  -0.00604560     0.00498450  -0.00094901
    2    5
 -0.00171222   0.00116778     0.00712795   0.00972909    -0.00279355  -0.00334547
  0.01968288  -0.00037573    -0.01818197   0.00008364    -0.00056060  -0.00567075
 -0.00547310  -0.00100590    -0.00664004  -0.00604560    -0.00498450  -0.00094901
    2    6
  0.00171222  -0.00116778    -0.00279355  -0.00334547     0.00712795   0.00972909
 -0.00547310  -0.00100590     0.00498450   0.00094901     0.00664004   0.00604560
  0.01968288  -0.00037573     0.00056060   0.00567075     0.01818197  -0.00008364
    2    7
 -0.00171222  -0.00116778    -0.00279355   0.00334547     0.00712795  -0.00972909
 -0.00547310   0.00100590    -0.00498450   0.00094901    -0.00664004   0.00604560
  0.01968288   0.00037573    -0.00056060   0.00567075    -0.01818197  -0.00008364
    3    1
  0.00000000   0.00000000    -0.01741752  -0.01741752    -0.01741752  -0.01741752
 -0.00518200  -0.00518200    -0.00250822   0.00250822    -0.01719449   0.01719449
 -0.00518200  -0.00518200     0.01719449  -0.01719449     0.00250822  -0.00250822
    3    2
  0.00440981   0.00000000     0.00000000  -0.00598422    -0.00000000   0.00598422
  0.00000000  -0.00598422     0.00880715   0.00000000    -0.00813984  -0.00000000
 -0.00000000   0.00598422    -0.00813984  -0.00000000     0.00880715   0.00000000
    3    3
  0.01424605  -0.00000000     0.00000000   0.00292291    -0.00000000  -0.00292291
  0.00000000  -0.00292291     0.03269695  -0.00000000    -0.00077302   0.00000000
 -0.00000000   0.00292291    -0.00077302  -0.00000000     0.03269695  -0.00000000
    3    4
 -0.00171222  -0.00116778     0.00712795  -0.00972909    -0.00279355   0.00334547
  0.01968288   0.00037573    -0.01818197  -0.00008364    -0.00056060   0.00567075
 -0.00547310   0.00100590    -0.00664004   0.00604560    -0.00498450   0.00094901
    3    5
  0.00171222  -0.00116778     0.00712795   0.00972909    -0.00279355  -0.00334547
  0.01968288  -0.00037573     0.01818197  -0.00008364     0.00056060   0.00567075
 -0.00547310  -0.00100590     0.00664004   0.00604560     0.00498450   0.00094901
    3    6
 -0.00171222   0.00116778    -0.00279355  -0.00334547     0.00712795   0.00972909
 -0.00547310  -0.00100590    -0.00498450  -0.00094901    -0.00664004  -0.00604560
  0.01968288  -0.00037573    -0.00056060  -0.00567075    -0.01818197   0.00008364
    3    7
  0.00171222   0.00116778    -0.00279355   0.00334547     0.00712795  -0.00972909
 -0.00547310   0.00100590     0.00498450  -0.00094901     0.00664004  -0.00604560
  0.01968288   0.00037573     0.00056060  -0.00567075     0.01818197   0.00008364
    4    1
 -0.00372509  -0.00553803     0.00000000   0.00000000    -0.00000000   0.00000000
 -0.00000000   0.00000000    -0.01787530  -0.01143510     0.03383801  -0.05364797
 -0.00000000  -0.00000000    -0.02310621   0.01355323     0.01826174   0.01110257
    4    2
  0.00171222  -0.00116778     0.01968288  -0.00037573    -0.00547310  -0.00100590
  0.00712795   0.00972909     0.01818197  -0.00008364     0.00664004   0.00604560
 -0.00279355  -0.00334547     0.00056060   0.00567075     0.00498450   0.00094901
    4    3
 -0.00171222   0.00116778     0.01968288  -0.00037573    -0.00547310  -0.00100590
  0.00712795   0.00972909    -0.01818197   0.00008364    -0.00664004  -0.00604560
 -0.00279355  -0.00334547    -0.00056060  -0.00567075    -0.00498450  -0.00094901
    4    4
  0.02365394   0.00000000    -0.00000000  -0.00000000    -0.00000000   0.00000000
 -0.00000000   0.00000000     0.05400545  -0.00000000     0.00084046  -0.00846936
 -0.00000000   0.00000000     0.00084046   0.00846936     0.03990279  -0.00000000
    4    5
  0.01720635  -0.00162993     0.00000000   0.00000000     0.00000000  -0.00000000
  0.00000000   0.00000000    -0.02883646   0.00012866    -0.00243610  -0.01423955
  0.00000000  -0.00000000    -0.00243610  -0.01423955    -0.00295733   0.01241680
    4    6
 -0.00742340  -0.00286713     0.00000000  -0.00000000    -0.00000000  -0.00000000
 -0.00000000  -0.00000000     0.01024233   0.00767294     0.01332519   0.02365897
 -0.00000000   0.00000000    -0.00264637   0.03129638     0.01024233   0.00767294
    4    7
 -0.00667831   0.00000000     0.00000000  -0.00000000     0.00000000   0.00000000
  0.00000000  -0.00000000    -0.02215768   0.00476745    -0.00806910   0.00000000
  0.00000000   0.00000000     0.01788323  -0.00000000    -0.02215768  -0.00476745
    5    1
 -0.00553803  -0.00372509     0.00000000   0.00000000    -0.00000000  -0.00000000
  0.00000000   0.00000000    -0.01143510  -0.01787530    -0.05364797   0.03383801
 -0.00000000  -0.00000000     0.01355323  -0.02310621     0.01110257   0.01826174
    5    2
 -0.00171222  -0.00116778     0.01968288   0.00037573    -0.00547310   0.00100590
  0.00712795  -0.00972909    -0.01818197  -0.00008364    -0.00664004   0.00604560
 -0.00279355   0.00334547    -0.00056060   0.00567075    -0.00498450   0.00094901
    5    3
  0.00171222   0.00116778     0.01968288   0.00037573    -0.00547310   0.00100590
  0.00712795  -0.00972909     0.01818197   0.00008364     0.00664004  -0.00604560
 -0.00279355   0.00334547     0.00056060  -0.00567075     0.00498450  -0.00094901
    5    4
  0.01720635   0.00162993     0.00000000  -0.00000000     0.00000000   0.00000000
  0.00000000  -0.00000000    -0.02883646  -0.00012866    -0.00243610   0.01423955
  0.00000000   0.00000000    -0.00243610   0.01423955    -0.00295733  -0.01241680
    5    5
  0.02365394  -0.00000000    -0.00000000   0.00000000    -0.00000000  -0.00000000
 -0.00000000  -0.00000000     0.05400545   0.00000000     0.00084046   0.00846936
 -0.00000000  -0.00000000     0.00084046  -0.00846936     0.03990279   0.00000000
    5    6
 -0.00667831  -0.00000000     0.00000000   0.00000000     0.00000000  -0.00000000
  0.00000000   0.00000000    -0.02215768  -0.00476745    -0.00806910  -0.00000000
  0.00000000  -0.00000000     0.01788323   0.00000000    -0.02215768   0.00476745
    5    7
 -0.00742340   0.00286713     0.00000000   0.00000000    -0.00000000   0.00000000
 -0.00000000   0.00000000     0.01024233  -0.00767294     0.01332519  -0.02365897
 -0.00000000   0.00000000    -0.00264637  -0.03129638     0.01024233  -0.00767294
    6    1
 -0.00553803  -0.00372509     0.00000000  -0.00000000     0.00000000   0.00000000
 -0.00000000  -0.00000000     0.01110257   0.01826174     0.01355323  -0.02310621
  0.00000000   0.00000000    -0.05364797   0.03383801    -0.01143510  -0.01787530
    6    2
  0.00171222   0.00116778    -0.00547310   0.00100590     0.01968288   0.00037573
 -0.00279355   0.00334547     0.00498450  -0.00094901     0.00056060  -0.00567075
  0.00712795  -0.00972909     0.00664004  -0.00604560     0.01818197   0.00008364
    6    3
 -0.00171222  -0.00116778    -0.00547310   0.00100590     0.01968288   0.00037573
 -0.00279355   0.00334547    -0.00498450   0.00094901    -0.00056060   0.00567075
  0.00712795  -0.00972909    -0.00664004   0.00604560    -0.01818197  -0.00008364
    6    4
 -0.00742340   0.00286713     0.00000000   0.00000000    -0.00000000   0.00000000
  0.00000000   0.00000000     0.01024233  -0.00767294    -0.00264637  -0.03129638
 -0.00000000   0.00000000     0.01332519  -0.02365897     0.01024233  -0.00767294
    6    5
 -0.00667831   0.00000000     0.00000000  -0.00000000     0.00000000   0.00000000
  0.00000000  -0.00000000    -0.02215768   0.00476745     0.01788323  -0.00000000
  0.00000000   0.00000000    -0.00806910   0.00000000    -0.02215768  -0.00476745
    6    6
  0.02365394  -0.00000000     0.00000000  -0.00000000    -0.00000000  -0.00000000
 -0.00000000   0.00000000     0.03990279  -0.00000000     0.00084046  -0.00846936
 -0.00000000   0.00000000     0.00084046   0.00846936     0.05400545   0.00000000
    6    7
  0.01720635   0.00162993    -0.00000000   0.00000000     0.00000000   0.00000000
 -0.00000000   0.00000000    -0.00295733  -0.01241680    -0.00243610   0.01423955
  0.00000000   0.00000000    -0.00243610   0.01423955    -0.02883646  -0.00012866
    7    1
 -0.00372509  -0.00553803    -0.00000000   0.00000000     0.00000000   0.00000000
  0.00000000   0.00000000     0.01826174   0.01110257    -0.02310621   0.01355323
  0.00000000   0.00000000     0.03383801  -0.05364797    -0.01787530  -0.01143510
    7    2
 -0.00171222   0.00116778    -0.00547310  -0.00100590     0.01968288  -0.00037573
 -0.00279355  -0.00334547    -0.00498450  -0.00094901    -0.00056060  -0.00567075
  0.00712795   0.00972909    -0.00664004  -0.00604560    -0.01818197   0.00008364
    7    3
  0.00171222  -0.00116778    -0.00547310  -0.00100590     0.01968288  -0.00037573
 -0.00279355  -0.00334547     0.00498450   0.00094901     0.00056060   0.00567075
  0.00712795   0.00972909     0.00664004   0.00604560     0.01818197  -0.00008364
    7    4
 -0.00667831  -0.00000000     0.00000000   0.00000000     0.00000000  -0.00000000
  0.00000000   0.00000000    -0.02215768  -0.00476745     0.01788323   0.00000000
  0.00000000  -0.00000000    -0.00806910  -0.00000000    -0.02215768   0.00476745
    7    5
 -0.00742340  -0.00286713    -0.00000000  -0.00000000    -0.00000000   0.00000000
  0.00000000  -0.00000000     0.01024233   0.00767294    -0.00264637   0.03129638
 -0.00000000   0.00000000     0.01332519   0.02365897     0.01024233   0.00767294
    7    6
  0.01720635  -0.00162993    -0.00000000   0.00000000     0.00000000   0.00000000
 -0.00000000   0.00000000    -0.00295733   0.01241680    -0.00243610  -0.01423955
  0.00000000  -0.00000000    -0.00243610  -0.01423955    -0.02883646   0.00012866
    7    7
  0.02365394   0.00000000    -0.00000000   0.00000000    -0.00000000   0.00000000
 -0.00000000   0.00000000     0.03990279   0.00000000     0.00084046   0.00846936
 -0.00000000   0.00000000     0.00084046  -0.00846936     0.05400545   0.00000000

     Dynamical  Matrix in cartesian axes

     q = (   -0.216506351   0.866025404  -0.216506351 ) 

    1    1
  0.14291267   0.00000000     0.00000000  -0.00000000     0.00432387   0.00000000
  0.00000000  -0.00000000     0.02147308   0.00000000    -0.00000000  -0.00000000
  0.00432387   0.00000000    -0.00000000  -0.00000000     0.14291267   0.00000000
    1    2
 -0.01143510   0.01787530     0.00000000  -0.00000000     0.01355323   0.02310621
  0.00000000  -0.00000000    -0.00553803   0.00372509     0.00000000   0.00000000
 -0.05364797  -0.03383801    -0.00000000   0.00000000     0.01110257  -0.01826174
    1    3
 -0.01787530   0.01143510     0.00000000   0.00000000    -0.02310621  -0.01355323
  0.00000000  -0.00000000    -0.00372509   0.00553803     0.00000000   0.00000000
  0.03383801   0.05364797    -0.00000000   0.00000000     0.01826174  -0.01110257
    1    4
 -0.00250822  -0.00250822    -0.01741752   0.01741752     0.01719449   0.01719449
 -0.00518200   0.00518200     0.00000000  -0.00000000    -0.00518200   0.00518200
 -0.01719449  -0.01719449    -0.01741752   0.01741752     0.00250822   0.00250822
    1    5
  0.00250822   0.00250822    -0.01741752   0.01741752    -0.01719449  -0.01719449
 -0.00518200   0.00518200     0.00000000  -0.00000000    -0.00518200   0.00518200
  0.01719449   0.01719449    -0.01741752   0.01741752    -0.00250822  -0.00250822
    1    6
  0.01826174  -0.01110257    -0.00000000  -0.00000000     0.03383801   0.05364797
 -0.00000000   0.00000000    -0.00372509   0.00553803     0.00000000  -0.00000000
 -0.02310621  -0.01355323     0.00000000  -0.00000000    -0.01787530   0.01143510
    1    7
  0.01110257  -0.01826174     0.00000000   0.00000000    -0.05364797  -0.03383801
 -0.00000000  -0.00000000    -0.00553803   0.00372509     0.00000000  -0.00000000
  0.01355323   0.02310621     0.00000000  -0.00000000    -0.01143510   0.01787530
    2    1
 -0.01143510  -0.01787530     0.00000000  -0.00000000    -0.05364797   0.03383801
 -0.00000000   0.00000000    -0.00553803  -0.00372509    -0.00000000  -0.00000000
  0.01355323  -0.02310621    -0.00000000  -0.00000000     0.01110257   0.01826174
    2    2
  0.05400545   0.00000000    -0.00000000  -0.00000000     0.00084046   0.00846936
 -0.00000000   0.00000000     0.02365394  -0.00000000    -0.00000000  -0.00000000
  0.00084046  -0.00846936    -0.00000000   0.00000000     0.03990279  -0.00000000
    2    3
 -0.02883646  -0.00012866     0.00000000  -0.00000000    -0.00243610   0.01423955
 -0.00000000  -0.00000000     0.01720635   0.00162993     0.00000000   0.00000000
 -0.00243610   0.01423955     0.00000000   0.00000000    -0.00295733  -0.01241680
    2    4
  0.01818197   0.00008364     0.00712795  -0.00972909     0.00664004  -0.00604560
  0.01968288   0.00037573     0.00171222   0.00116778    -0.00547310   0.00100590
  0.00056060  -0.00567075    -0.00279355   0.00334547     0.00498450  -0.00094901
    2    5
 -0.01818197  -0.00008364     0.00712795  -0.00972909    -0.00664004   0.00604560
  0.01968288   0.00037573    -0.00171222  -0.00116778    -0.00547310   0.00100590
 -0.00056060   0.00567075    -0.00279355   0.00334547    -0.00498450   0.00094901
    2    6
  0.01024233  -0.00767294    -0.00000000   0.00000000     0.01332519  -0.02365897
  0.00000000   0.00000000    -0.00742340   0.00286713    -0.00000000  -0.00000000
 -0.00264637  -0.03129638    -0.00000000   0.00000000     0.01024233  -0.00767294
    2    7
 -0.02215768  -0.00476745     0.00000000   0.00000000    -0.00806910   0.00000000
 -0.00000000   0.00000000    -0.00667831   0.00000000     0.00000000  -0.00000000
  0.01788323  -0.00000000     0.00000000  -0.00000000    -0.02215768   0.00476745
    3    1
 -0.01787530  -0.01143510    -0.00000000   0.00000000     0.03383801  -0.05364797
  0.00000000   0.00000000    -0.00372509  -0.00553803    -0.00000000  -0.00000000
 -0.02310621   0.01355323    -0.00000000   0.00000000     0.01826174   0.01110257
    3    2
 -0.02883646   0.00012866     0.00000000   0.00000000    -0.00243610  -0.01423955
  0.00000000   0.00000000     0.01720635  -0.00162993     0.00000000   0.00000000
 -0.00243610  -0.01423955    -0.00000000  -0.00000000    -0.00295733   0.01241680
    3    3
  0.05400545   0.00000000    -0.00000000   0.00000000     0.00084046  -0.00846936
 -0.00000000   0.00000000     0.02365394   0.00000000    -0.00000000   0.00000000
  0.00084046   0.00846936    -0.00000000   0.00000000     0.03990279   0.00000000
    3    4
 -0.01818197   0.00008364     0.00712795   0.00972909    -0.00664004  -0.00604560
  0.01968288  -0.00037573    -0.00171222   0.00116778    -0.00547310  -0.00100590
 -0.00056060  -0.00567075    -0.00279355  -0.00334547    -0.00498450  -0.00094901
    3    5
  0.01818197  -0.00008364     0.00712795   0.00972909     0.00664004   0.00604560
  0.01968288  -0.00037573     0.00171222  -0.00116778    -0.00547310  -0.00100590
  0.00056060   0.00567075    -0.00279355  -0.00334547     0.00498450   0.00094901
    3    6
 -0.02215768   0.00476745     0.00000000  -0.00000000    -0.00806910   0.00000000
  0.00000000  -0.00000000    -0.00667831   0.00000000     0.00000000   0.00000000
  0.01788323  -0.00000000     0.00000000   0.00000000    -0.02215768  -0.00476745
    3    7
  0.01024233   0.00767294    -0.00000000  -0.00000000     0.01332519   0.02365897
  0.00000000  -0.00000000    -0.00742340  -0.00286713    -0.00000000  -0.00000000
 -0.00264637   0.03129638    -0.00000000   0.00000000     0.01024233   0.00767294
    4    1
 -0.00250822   0.00250822    -0.00518200  -0.00518200    -0.01719449   0.01719449
 -0.01741752  -0.01741752     0.00000000   0.00000000    -0.01741752  -0.01741752
  0.01719449  -0.01719449    -0.00518200  -0.00518200     0.00250822  -0.00250822
    4    2
  0.01818197  -0.00008364     0.01968288  -0.00037573     0.00056060   0.00567075
  0.00712795   0.00972909     0.00171222  -0.00116778    -0.00279355  -0.00334547
  0.00664004   0.00604560    -0.00547310  -0.00100590     0.00498450   0.00094901
    4    3
 -0.01818197  -0.00008364     0.01968288   0.00037573    -0.00056060   0.00567075
  0.00712795  -0.00972909    -0.00171222  -0.00116778    -0.00279355   0.00334547
 -0.00664004   0.00604560    -0.00547310   0.00100590    -0.00498450   0.00094901
    4    4
  0.03269695  -0.00000000    -0.00000000  -0.00292291    -0.00077302   0.00000000
  0.00000000   0.00292291     0.01424605   0.00000000    -0.00000000  -0.00292291
 -0.00077302  -0.00000000    -0.00000000   0.00292291     0.03269695  -0.00000000
    4    5
  0.00880715  -0.00000000     0.00000000  -0.00598422    -0.00813984   0.00000000
  0.00000000  -0.00598422     0.00440981  -0.00000000     0.00000000   0.00598422
 -0.00813984   0.00000000    -0.00000000   0.00598422     0.00880715  -0.00000000
    4    6
  0.00498450  -0.00094901    -0.00547310   0.00100590     0.00664004  -0.00604560
 -0.00279355   0.00334547     0.00171222   0.00116778     0.00712795  -0.00972909
  0.00056060  -0.00567075     0.01968288   0.00037573     0.01818197   0.00008364
    4    7
 -0.00498450  -0.00094901    -0.00547310  -0.00100590    -0.00664004  -0.00604560
 -0.00279355  -0.00334547    -0.00171222   0.00116778     0.00712795   0.00972909
 -0.00056060  -0.00567075     0.01968288  -0.00037573    -0.01818197   0.00008364
    5    1
  0.00250822  -0.00250822    -0.00518200  -0.00518200     0.01719449  -0.01719449
 -0.01741752  -0.01741752     0.00000000   0.00000000    -0.01741752  -0.01741752
 -0.01719449   0.01719449    -0.00518200  -0.00518200    -0.00250822   0.00250822
    5    2
 -0.01818197   0.00008364     0.01968288  -0.00037573    -0.00056060  -0.00567075
  0.00712795   0.00972909    -0.00171222   0.00116778    -0.00279355  -0.00334547
 -0.00664004  -0.00604560    -0.00547310  -0.00100590    -0.00498450  -0.00094901
    5    3
  0.01818197   0.00008364     0.01968288   0.00037573     0.00056060  -0.00567075
  0.00712795  -0.00972909     0.00171222   0.00116778    -0.00279355   0.00334547
  0.00664004  -0.00604560    -0.00547310   0.00100590     0.00498450  -0.00094901
    5    4
  0.00880715   0.00000000     0.00000000   0.00598422    -0.00813984  -0.00000000
  0.00000000   0.00598422     0.00440981   0.00000000     0.00000000  -0.00598422
 -0.00813984  -0.00000000    -0.00000000  -0.00598422     0.00880715   0.00000000
    5    5
  0.03269695   0.00000000    -0.00000000   0.00292291    -0.00077302  -0.00000000
  0.00000000  -0.00292291     0.01424605  -0.00000000    -0.00000000   0.00292291
 -0.00077302   0.00000000    -0.00000000  -0.00292291     0.03269695  -0.00000000
    5    6
 -0.00498450   0.00094901    -0.00547310   0.00100590    -0.00664004   0.00604560
 -0.00279355   0.00334547    -0.00171222  -0.00116778     0.00712795  -0.00972909
 -0.00056060   0.00567075     0.01968288   0.00037573    -0.01818197  -0.00008364
    5    7
  0.00498450   0.00094901    -0.00547310  -0.00100590     0.00664004   0.00604560
 -0.00279355  -0.00334547     0.00171222  -0.00116778     0.00712795   0.00972909
  0.00056060   0.00567075     0.01968288  -0.00037573     0.01818197  -0.00008364
    6    1
  0.01826174   0.01110257     0.00000000  -0.00000000    -0.02310621   0.01355323
 -0.00000000  -0.00000000    -0.00372509  -0.00553803     0.00000000  -0.00000000
  0.03383801  -0.05364797     0.00000000   0.00000000    -0.01787530  -0.01143510
    6    2
  0.01024233   0.00767294    -0.00000000  -0.00000000    -0.00264637   0.03129638
 -0.00000000  -0.00000000    -0.00742340  -0.00286713    -0.00000000  -0.00000000
  0.01332519   0.02365897    -0.00000000  -0.00000000     0.01024233   0.00767294
    6    3
 -0.02215768  -0.00476745     0.00000000   0.00000000     0.01788323   0.00000000
  0.00000000   0.00000000    -0.00667831  -0.00000000     0.00000000  -0.00000000
 -0.00806910  -0.00000000     0.00000000  -0.00000000    -0.02215768   0.00476745
    6    4
  0.00498450   0.00094901    -0.00279355  -0.00334547     0.00056060   0.00567075
 -0.00547310  -0.00100590     0.00171222  -0.00116778     0.01968288  -0.00037573
  0.00664004   0.00604560     0.00712795   0.00972909     0.01818197  -0.00008364
    6    5
 -0.00498450  -0.00094901    -0.00279355  -0.00334547    -0.00056060  -0.00567075
 -0.00547310  -0.00100590    -0.00171222   0.00116778     0.01968288  -0.00037573
 -0.00664004  -0.00604560     0.00712795   0.00972909    -0.01818197   0.00008364
    6    6
  0.03990279   0.00000000    -0.00000000   0.00000000     0.00084046   0.00846936
 -0.00000000   0.00000000     0.02365394   0.00000000    -0.00000000   0.00000000
  0.00084046  -0.00846936    -0.00000000   0.00000000     0.05400545   0.00000000
    6    7
 -0.00295733   0.01241680    -0.00000000   0.00000000    -0.00243610  -0.01423955
 -0.00000000   0.00000000     0.01720635  -0.00162993     0.00000000  -0.00000000
 -0.00243610  -0.01423955     0.00000000  -0.00000000    -0.02883646   0.00012866
    7    1
  0.01110257   0.01826174     0.00000000  -0.00000000     0.01355323  -0.02310621
  0.00000000  -0.00000000    -0.00553803  -0.00372509     0.00000000   0.00000000
 -0.05364797   0.03383801     0.00000000   0.00000000    -0.01143510  -0.01787530
    7    2
 -0.02215768   0.00476745    -0.00000000  -0.00000000     0.01788323   0.00000000
  0.00000000  -0.00000000    -0.00667831  -0.00000000     0.00000000   0.00000000
 -0.00806910  -0.00000000     0.00000000   0.00000000    -0.02215768  -0.00476745
    7    3
  0.01024233  -0.00767294     0.00000000   0.00000000    -0.00264637  -0.03129638
 -0.00000000   0.00000000    -0.00742340   0.00286713    -0.00000000   0.00000000
  0.01332519  -0.02365897    -0.00000000   0.00000000     0.01024233  -0.00767294
    7    4
 -0.00498450   0.00094901    -0.00279355   0.00334547    -0.00056060   0.00567075
 -0.00547310   0.00100590    -0.00171222  -0.00116778     0.01968288   0.00037573
 -0.00664004   0.00604560     0.00712795  -0.00972909    -0.01818197  -0.00008364
    7    5
  0.00498450  -0.00094901    -0.00279355   0.00334547     0.00056060  -0.00567075
 -0.00547310   0.00100590     0.00171222   0.00116778     0.01968288   0.00037573
  0.00664004  -0.00604560     0.00712795  -0.00972909     0.01818197   0.00008364
    7    6
 -0.00295733  -0.01241680    -0.00000000  -0.00000000    -0.00243610   0.01423955
 -0.00000000   0.00000000     0.01720635   0.00162993     0.00000000   0.00000000
 -0.00243610   0.01423955     0.00000000   0.00000000    -0.02883646  -0.00012866
    7    7
  0.03990279   0.00000000    -0.00000000   0.00000000     0.00084046  -0.00846936
 -0.00000000  -0.00000000     0.02365394  -0.00000000    -0.00000000  -0.00000000
  0.00084046   0.00846936    -0.00000000   0.00000000     0.05400545  -0.00000000

     Dynamical  Matrix in cartesian axes

     q = (    0.216506351   0.866025404  -0.216506351 ) 

    1    1
  0.14291267   0.00000000     0.00000000  -0.00000000    -0.00432387  -0.00000000
  0.00000000  -0.00000000     0.02147308  -0.00000000    -0.00000000  -0.00000000
 -0.00432387  -0.00000000    -0.00000000  -0.00000000     0.14291267   0.00000000
    1    2
  0.01787530  -0.01143510    -0.00000000   0.00000000    -0.02310621  -0.01355323
 -0.00000000   0.00000000     0.00372509  -0.00553803     0.00000000   0.00000000
  0.03383801   0.05364797     0.00000000  -0.00000000    -0.01826174   0.01110257
    1    3
 -0.01787530  -0.01143510     0.00000000  -0.00000000     0.02310621  -0.01355323
  0.00000000  -0.00000000    -0.00372509  -0.00553803    -0.00000000  -0.00000000
 -0.03383801   0.05364797     0.00000000  -0.00000000     0.01826174   0.01110257
    1    4
 -0.00250822   0.00250822    -0.01741752  -0.01741752    -0.01719449   0.01719449
 -0.00518200  -0.00518200    -0.00000000  -0.00000000     0.00518200   0.00518200
  0.01719449  -0.01719449     0.01741752   0.01741752     0.00250822  -0.00250822
    1    5
  0.00250822   0.00250822     0.01741752  -0.01741752     0.01719449   0.01719449
  0.00518200  -0.00518200     0.00000000  -0.00000000    -0.00518200   0.00518200
 -0.01719449  -0.01719449    -0.01741752   0.01741752    -0.00250822  -0.00250822
    1    6
  0.01826174  -0.01110257     0.00000000   0.00000000    -0.03383801  -0.05364797
 -0.00000000  -0.00000000    -0.00372509   0.00553803     0.00000000  -0.00000000
  0.02310621   0.01355323     0.00000000   0.00000000    -0.01787530   0.01143510
    1    7
 -0.01826174  -0.01110257    -0.00000000   0.00000000     0.03383801  -0.05364797
  0.00000000   0.00000000     0.00372509   0.00553803    -0.00000000  -0.00000000
 -0.02310621   0.01355323    -0.00000000  -0.00000000     0.01787530   0.01143510
    2    1
  0.01787530   0.01143510    -0.00000000   0.00000000     0.03383801  -0.05364797
  0.00000000   0.00000000     0.00372509   0.00553803     0.00000000   0.00000000
 -0.02310621   0.01355323     0.00000000   0.00000000    -0.01826174  -0.01110257
    2    2
  0.05400545   0.00000000    -0.00000000  -0.00000000    -0.00084046   0.00846936
  0.00000000   0.00000000     0.02365394  -0.00000000    -0.00000000   0.00000000
 -0.00084046  -0.00846936    -0.00000000   0.00000000     0.03990279  -0.00000000
    2    3
  0.00012866   0.02883646     0.00000000   0.00000000     0.01423955  -0.00243610
 -0.00000000  -0.00000000    -0.00162993  -0.01720635    -0.00000000   0.00000000
  0.01423955  -0.00243610    -0.00000000  -0.00000000     0.01241680   0.00295733
    2    4
 -0.00008364  -0.01818197     0.00972909  -0.00712795    -0.00604560   0.00664004
 -0.00037573  -0.01968288    -0.00116778  -0.00171222     0.00100590  -0.00547310
 -0.00567075   0.00056060     0.00334547  -0.00279355     0.00094901  -0.00498450
    2    5
 -0.01818197   0.00008364     0.00712795   0.00972909     0.00664004   0.00604560
  0.01968288  -0.00037573    -0.00171222   0.00116778     0.00547310   0.00100590
  0.00056060   0.00567075     0.00279355   0.00334547    -0.00498450  -0.00094901
    2    6
  0.02215768  -0.00476745     0.00000000   0.00000000    -0.00806910  -0.00000000
  0.00000000   0.00000000     0.00667831   0.00000000    -0.00000000  -0.00000000
  0.01788323   0.00000000     0.00000000  -0.00000000     0.02215768   0.00476745
    2    7
 -0.00767294   0.01024233    -0.00000000   0.00000000     0.02365897  -0.01332519
 -0.00000000   0.00000000     0.00286713  -0.00742340    -0.00000000  -0.00000000
  0.03129638   0.00264637     0.00000000   0.00000000    -0.00767294   0.01024233
    3    1
 -0.01787530   0.01143510     0.00000000   0.00000000    -0.03383801  -0.05364797
  0.00000000  -0.00000000    -0.00372509   0.00553803     0.00000000   0.00000000
  0.02310621   0.01355323    -0.00000000   0.00000000     0.01826174  -0.01110257
    3    2
  0.00012866  -0.02883646    -0.00000000  -0.00000000     0.01423955   0.00243610
 -0.00000000  -0.00000000    -0.00162993   0.01720635    -0.00000000   0.00000000
  0.01423955   0.00243610    -0.00000000  -0.00000000     0.01241680  -0.00295733
    3    3
  0.05400545  -0.00000000     0.00000000   0.00000000    -0.00084046  -0.00846936
  0.00000000  -0.00000000     0.02365394   0.00000000    -0.00000000   0.00000000
 -0.00084046   0.00846936    -0.00000000   0.00000000     0.03990279   0.00000000
    3    4
 -0.01818197  -0.00008364     0.00712795  -0.00972909     0.00664004  -0.00604560
  0.01968288   0.00037573    -0.00171222  -0.00116778     0.00547310  -0.00100590
  0.00056060  -0.00567075     0.00279355  -0.00334547    -0.00498450   0.00094901
    3    5
 -0.00008364   0.01818197     0.00972909   0.00712795    -0.00604560  -0.00664004
 -0.00037573   0.01968288    -0.00116778   0.00171222     0.00100590   0.00547310
 -0.00567075  -0.00056060     0.00334547   0.00279355     0.00094901   0.00498450
    3    6
 -0.00767294  -0.01024233    -0.00000000  -0.00000000     0.02365897   0.01332519
 -0.00000000  -0.00000000     0.00286713   0.00742340    -0.00000000   0.00000000
  0.03129638  -0.00264637     0.00000000   0.00000000    -0.00767294  -0.01024233
    3    7
  0.02215768   0.00476745     0.00000000  -0.00000000    -0.00806910   0.00000000
 -0.00000000  -0.00000000     0.00667831  -0.00000000    -0.00000000   0.00000000
  0.01788323  -0.00000000    -0.00000000   0.00000000     0.02215768  -0.00476745
    4    1
 -0.00250822  -0.00250822    -0.00518200   0.00518200     0.01719449   0.01719449
 -0.01741752   0.01741752    -0.00000000   0.00000000     0.01741752  -0.01741752
 -0.01719449  -0.01719449     0.00518200  -0.00518200     0.00250822   0.00250822
    4    2
 -0.00008364   0.01818197    -0.00037573   0.01968288    -0.00567075  -0.00056060
  0.00972909   0.00712795    -0.00116778   0.00171222     0.00334547   0.00279355
 -0.00604560  -0.00664004     0.00100590   0.00547310     0.00094901   0.00498450
    4    3
 -0.01818197   0.00008364     0.01968288  -0.00037573     0.00056060   0.00567075
  0.00712795   0.00972909    -0.00171222   0.00116778     0.00279355   0.00334547
  0.00664004   0.00604560     0.00547310   0.00100590    -0.00498450  -0.00094901
    4    4
  0.03269695  -0.00000000    -0.00000000   0.00292291     0.00077302   0.00000000
  0.00000000  -0.00292291     0.01424605   0.00000000    -0.00000000  -0.00292291
  0.00077302   0.00000000    -0.00000000   0.00292291     0.03269695  -0.00000000
    4    5
  0.00000000   0.00880715    -0.00598422   0.00000000     0.00000000   0.00813984
 -0.00598422   0.00000000     0.00000000   0.00440981    -0.00598422   0.00000000
  0.00000000   0.00813984    -0.00598422   0.00000000     0.00000000   0.00880715
    4    6
  0.00094901   0.00498450     0.00100590   0.00547310    -0.00604560  -0.00664004
  0.00334547   0.00279355    -0.00116778   0.00171222     0.00972909   0.00712795
 -0.00567075  -0.00056060    -0.00037573   0.01968288    -0.00008364   0.01818197
    4    7
 -0.00498450  -0.00094901     0.00547310   0.00100590     0.00664004   0.00604560
  0.00279355   0.00334547    -0.00171222   0.00116778     0.00712795   0.00972909
  0.00056060   0.00567075     0.01968288  -0.00037573    -0.01818197   0.00008364
    5    1
  0.00250822  -0.00250822     0.00518200   0.00518200    -0.01719449   0.01719449
  0.01741752   0.01741752     0.00000000   0.00000000    -0.01741752  -0.01741752
  0.01719449  -0.01719449    -0.00518200  -0.00518200    -0.00250822   0.00250822
    5    2
 -0.01818197  -0.00008364     0.01968288   0.00037573     0.00056060  -0.00567075
  0.00712795  -0.00972909    -0.00171222  -0.00116778     0.00279355  -0.00334547
  0.00664004  -0.00604560     0.00547310  -0.00100590    -0.00498450   0.00094901
    5    3
 -0.00008364  -0.01818197    -0.00037573  -0.01968288    -0.00567075   0.00056060
  0.00972909  -0.00712795    -0.00116778  -0.00171222     0.00334547  -0.00279355
 -0.00604560   0.00664004     0.00100590  -0.00547310     0.00094901  -0.00498450
    5    4
  0.00000000  -0.00880715    -0.00598422  -0.00000000     0.00000000  -0.00813984
 -0.00598422  -0.00000000     0.00000000  -0.00440981    -0.00598422  -0.00000000
  0.00000000  -0.00813984    -0.00598422  -0.00000000     0.00000000  -0.00880715
    5    5
  0.03269695   0.00000000    -0.00000000  -0.00292291     0.00077302   0.00000000
  0.00000000   0.00292291     0.01424605   0.00000000    -0.00000000   0.00292291
  0.00077302   0.00000000    -0.00000000  -0.00292291     0.03269695   0.00000000
    5    6
 -0.00498450   0.00094901     0.00547310  -0.00100590     0.00664004  -0.00604560
  0.00279355  -0.00334547    -0.00171222  -0.00116778     0.00712795  -0.00972909
  0.00056060  -0.00567075     0.01968288   0.00037573    -0.01818197  -0.00008364
    5    7
  0.00094901  -0.00498450     0.00100590  -0.00547310    -0.00604560   0.00664004
  0.00334547  -0.00279355    -0.00116778  -0.00171222     0.00972909  -0.00712795
 -0.00567075   0.00056060    -0.00037573  -0.01968288    -0.00008364  -0.01818197
    6    1
  0.01826174   0.01110257    -0.00000000   0.00000000     0.02310621  -0.01355323
  0.00000000  -0.00000000    -0.00372509  -0.00553803     0.00000000   0.00000000
 -0.03383801   0.05364797     0.00000000   0.00000000    -0.01787530  -0.01143510
    6    2
  0.02215768   0.00476745     0.00000000  -0.00000000     0.01788323  -0.00000000
  0.00000000   0.00000000     0.00667831  -0.00000000    -0.00000000   0.00000000
 -0.00806910   0.00000000     0.00000000   0.00000000     0.02215768  -0.00476745
    6    3
 -0.00767294   0.01024233    -0.00000000   0.00000000     0.03129638   0.00264637
 -0.00000000   0.00000000     0.00286713  -0.00742340     0.00000000  -0.00000000
  0.02365897  -0.01332519     0.00000000  -0.00000000    -0.00767294   0.01024233
    6    4
  0.00094901  -0.00498450     0.00334547  -0.00279355    -0.00567075   0.00056060
  0.00100590  -0.00547310    -0.00116778  -0.00171222    -0.00037573  -0.01968288
 -0.00604560   0.00664004     0.00972909  -0.00712795    -0.00008364  -0.01818197
    6    5
 -0.00498450  -0.00094901     0.00279355   0.00334547     0.00056060   0.00567075
  0.00547310   0.00100590    -0.00171222   0.00116778     0.01968288  -0.00037573
  0.00664004   0.00604560     0.00712795   0.00972909    -0.01818197   0.00008364
    6    6
  0.03990279   0.00000000     0.00000000   0.00000000    -0.00084046  -0.00846936
  0.00000000  -0.00000000     0.02365394  -0.00000000    -0.00000000   0.00000000
 -0.00084046   0.00846936    -0.00000000   0.00000000     0.05400545  -0.00000000
    6    7
  0.01241680   0.00295733    -0.00000000   0.00000000     0.01423955  -0.00243610
 -0.00000000   0.00000000    -0.00162993  -0.01720635     0.00000000  -0.00000000
  0.01423955  -0.00243610     0.00000000  -0.00000000     0.00012866   0.02883646
    7    1
 -0.01826174   0.01110257     0.00000000   0.00000000    -0.02310621  -0.01355323
  0.00000000  -0.00000000     0.00372509  -0.00553803    -0.00000000   0.00000000
  0.03383801   0.05364797    -0.00000000   0.00000000     0.01787530  -0.01143510
    7    2
 -0.00767294  -0.01024233    -0.00000000   0.00000000     0.03129638  -0.00264637
 -0.00000000   0.00000000     0.00286713   0.00742340     0.00000000   0.00000000
  0.02365897   0.01332519     0.00000000   0.00000000    -0.00767294  -0.01024233
    7    3
  0.02215768  -0.00476745    -0.00000000   0.00000000     0.01788323   0.00000000
  0.00000000   0.00000000     0.00667831   0.00000000    -0.00000000  -0.00000000
 -0.00806910  -0.00000000    -0.00000000  -0.00000000     0.02215768   0.00476745
    7    4
 -0.00498450   0.00094901     0.00279355  -0.00334547     0.00056060  -0.00567075
  0.00547310  -0.00100590    -0.00171222  -0.00116778     0.01968288   0.00037573
  0.00664004  -0.00604560     0.00712795  -0.00972909    -0.01818197  -0.00008364
    7    5
  0.00094901   0.00498450     0.00334547   0.00279355    -0.00567075  -0.00056060
  0.00100590   0.00547310    -0.00116778   0.00171222    -0.00037573   0.01968288
 -0.00604560  -0.00664004     0.00972909   0.00712795    -0.00008364   0.01818197
    7    6
  0.01241680  -0.00295733    -0.00000000  -0.00000000     0.01423955   0.00243610
 -0.00000000  -0.00000000    -0.00162993   0.01720635     0.00000000   0.00000000
  0.01423955   0.00243610     0.00000000   0.00000000     0.00012866  -0.02883646
    7    7
  0.03990279  -0.00000000     0.00000000  -0.00000000    -0.00084046   0.00846936
  0.00000000   0.00000000     0.02365394   0.00000000    -0.00000000   0.00000000
 -0.00084046  -0.00846936    -0.00000000  -0.00000000     0.05400545  -0.00000000

     Dynamical  Matrix in cartesian axes

     q = (    0.866025404   0.216506351  -0.216506351 ) 

    1    1
  0.02147308  -0.00000000     0.00000000  -0.00000000    -0.00000000  -0.00000000
  0.00000000  -0.00000000     0.14291267   0.00000000    -0.00432387  -0.00000000
 -0.00000000  -0.00000000    -0.00432387  -0.00000000     0.14291267   0.00000000
    1    2
  0.00000000  -0.00000000     0.00518200  -0.00518200    -0.00518200   0.00518200
  0.01741752  -0.01741752     0.00250822   0.00250822     0.01719449   0.01719449
 -0.01741752   0.01741752    -0.01719449  -0.01719449    -0.00250822  -0.00250822
    1    3
 -0.00000000  -0.00000000    -0.00518200  -0.00518200     0.00518200   0.00518200
 -0.01741752  -0.01741752    -0.00250822   0.00250822    -0.01719449   0.01719449
  0.01741752   0.01741752     0.01719449  -0.01719449     0.00250822  -0.00250822
    1    4
 -0.00372509  -0.00553803     0.00000000  -0.00000000    -0.00000000  -0.00000000
 -0.00000000   0.00000000    -0.01787530  -0.01143510     0.02310621  -0.01355323
 -0.00000000  -0.00000000    -0.03383801   0.05364797     0.01826174   0.01110257
    1    5
  0.00372509  -0.00553803    -0.00000000  -0.00000000     0.00000000  -0.00000000
 -0.00000000   0.00000000     0.01787530  -0.01143510    -0.02310621  -0.01355323
  0.00000000  -0.00000000     0.03383801   0.05364797    -0.01826174   0.01110257
    1    6
  0.00372509   0.00553803     0.00000000   0.00000000    -0.00000000   0.00000000
 -0.00000000   0.00000000    -0.01826174  -0.01110257     0.03383801  -0.05364797
 -0.00000000  -0.00000000    -0.02310621   0.01355323     0.01787530   0.01143510
    1    7
 -0.00372509   0.00553803    -0.00000000  -0.00000000     0.00000000   0.00000000
  0.00000000   0.00000000     0.01826174  -0.01110257    -0.03383801  -0.05364797
