  3.500000000000000E-002   1.26001304832687        2.38111420361614     
           8

     Dynamical  Matrix in cartesian axes

     q = (    0.216506400   0.216506400   0.216506400 ) 

    1    1
  0.04384664   0.00000000    -0.00007810  -0.00000000    -0.00007810  -0.00000000
 -0.00007810   0.00000000     0.04384664  -0.00000000    -0.00007810   0.00000000
 -0.00007810   0.00000000    -0.00007810  -0.00000000     0.04384664  -0.00000000
    1    2
 -0.00045293   0.00109348     0.00268551  -0.00456512     0.00132908  -0.00512697
  0.00352877   0.00899268    -0.00054433   0.00406677    -0.00482701  -0.00445074
 -0.00885400   0.00386357     0.00656036   0.00026606    -0.00249074   0.00326055
    1    3
 -0.00045293   0.00109348     0.00132908  -0.00512697     0.00268551  -0.00456512
 -0.00885400   0.00386357    -0.00249074   0.00326055     0.00656036   0.00026606
  0.00352877   0.00899268    -0.00482701  -0.00445074    -0.00054433   0.00406677
    1    4
 -0.00249074   0.00326055    -0.00885400   0.00386357     0.00656036   0.00026606
  0.00132908  -0.00512697    -0.00045293   0.00109348     0.00268551  -0.00456512
 -0.00482701  -0.00445074     0.00352877   0.00899268    -0.00054433   0.00406677
    1    5
 -0.00054433   0.00406677     0.00352877   0.00899268    -0.00482701  -0.00445074
  0.00268551  -0.00456512    -0.00045293   0.00109348     0.00132908  -0.00512697
  0.00656036   0.00026606    -0.00885400   0.00386357    -0.00249074   0.00326055
    1    6
 -0.00054433   0.00406677    -0.00482701  -0.00445074     0.00352877   0.00899268
  0.00656036   0.00026606    -0.00249074   0.00326055    -0.00885400   0.00386357
  0.00268551  -0.00456512     0.00132908  -0.00512697    -0.00045293   0.00109348
    1    7
 -0.00249074   0.00326055     0.00656036   0.00026606    -0.00885400   0.00386357
 -0.00482701  -0.00445074    -0.00054433   0.00406677     0.00352877   0.00899268
  0.00132908  -0.00512697     0.00268551  -0.00456512    -0.00045293   0.00109348
    2    1
 -0.00045293  -0.00109348     0.00352877  -0.00899268    -0.00885400  -0.00386357
  0.00268551   0.00456512    -0.00054433  -0.00406677     0.00656036  -0.00026606
  0.00132908   0.00512697    -0.00482701   0.00445074    -0.00249074  -0.00326055
    2    2
  0.04374317  -0.00000000     0.00487755   0.00036746     0.00487755  -0.00036746
  0.00487755  -0.00036746     0.03537914  -0.00000000     0.01040397  -0.00057560
  0.00487755   0.00036746     0.01040397   0.00057560     0.03537914   0.00000000
    2    3
  0.02620042   0.00000000     0.00602438   0.00000092     0.00602438  -0.00000092
  0.00602438   0.00000092    -0.01905119   0.00906170    -0.01082732  -0.00000000
  0.00602438  -0.00000092    -0.01082732  -0.00000000    -0.01905119  -0.00906170
    2    4
 -0.00874105   0.00961866    -0.01710635   0.00825410     0.00092129   0.00466619
 -0.02343774   0.01547116    -0.00874105   0.00961866    -0.01282051   0.00578587
 -0.01282051   0.00578587     0.00092129   0.00466619     0.01066640   0.01484956
    2    5
 -0.01236994  -0.00917706    -0.00912195  -0.00000000     0.00337725  -0.00536582
  0.02257800  -0.00000000    -0.01236994   0.00917706     0.00770301  -0.00549417
  0.00770301   0.00549417     0.00337725   0.00536582    -0.00701281  -0.00000000
    2    6
 -0.00874105  -0.00961866     0.00092129  -0.00466619    -0.01710635  -0.00825410
 -0.01282051  -0.00578587     0.01066640  -0.01484956     0.00092129  -0.00466619
 -0.02343774  -0.01547116    -0.01282051  -0.00578587    -0.00874105  -0.00961866
    2    7
 -0.01236994   0.00917706     0.00337725   0.00536582    -0.00912195   0.00000000
  0.00770301  -0.00549417    -0.00701281  -0.00000000     0.00337725  -0.00536582
  0.02257800   0.00000000     0.00770301   0.00549417    -0.01236994  -0.00917706
    3    1
 -0.00045293  -0.00109348    -0.00885400  -0.00386357     0.00352877  -0.00899268
  0.00132908   0.00512697    -0.00249074  -0.00326055    -0.00482701   0.00445074
  0.00268551   0.00456512     0.00656036  -0.00026606    -0.00054433  -0.00406677
    3    2
  0.02620042  -0.00000000     0.00602438  -0.00000092     0.00602438   0.00000092
  0.00602438  -0.00000092    -0.01905119  -0.00906170    -0.01082732   0.00000000
  0.00602438   0.00000092    -0.01082732   0.00000000    -0.01905119   0.00906170
    3    3
  0.04374317   0.00000000     0.00487755  -0.00036746     0.00487755   0.00036746
  0.00487755   0.00036746     0.03537914   0.00000000     0.01040397   0.00057560
  0.00487755  -0.00036746     0.01040397  -0.00057560     0.03537914  -0.00000000
    3    4
 -0.01236994   0.00917706    -0.00912195   0.00000000     0.00337725   0.00536582
  0.02257800  -0.00000000    -0.01236994  -0.00917706     0.00770301   0.00549417
  0.00770301  -0.00549417     0.00337725  -0.00536582    -0.00701281   0.00000000
    3    5
 -0.00874105  -0.00961866    -0.01710635  -0.00825410     0.00092129  -0.00466619
 -0.02343774  -0.01547116    -0.00874105  -0.00961866    -0.01282051  -0.00578587
 -0.01282051  -0.00578587     0.00092129  -0.00466619     0.01066640  -0.01484956
    3    6
 -0.01236994  -0.00917706     0.00337725  -0.00536582    -0.00912195  -0.00000000
  0.00770301   0.00549417    -0.00701281   0.00000000     0.00337725   0.00536582
  0.02257800  -0.00000000     0.00770301  -0.00549417    -0.01236994   0.00917706
    3    7
 -0.00874105   0.00961866     0.00092129   0.00466619    -0.01710635   0.00825410
 -0.01282051   0.00578587     0.01066640   0.01484956     0.00092129   0.00466619
 -0.02343774   0.01547116    -0.01282051   0.00578587    -0.00874105   0.00961866
    4    1
 -0.00249074  -0.00326055     0.00132908   0.00512697    -0.00482701   0.00445074
 -0.00885400  -0.00386357    -0.00045293  -0.00109348     0.00352877  -0.00899268
  0.00656036  -0.00026606     0.00268551   0.00456512    -0.00054433  -0.00406677
    4    2
 -0.00874105  -0.00961866    -0.02343774  -0.01547116    -0.01282051  -0.00578587
 -0.01710635  -0.00825410    -0.00874105  -0.00961866     0.00092129  -0.00466619
  0.00092129  -0.00466619    -0.01282051  -0.00578587     0.01066640  -0.01484956
    4    3
 -0.01236994  -0.00917706     0.02257800   0.00000000     0.00770301   0.00549417
 -0.00912195  -0.00000000    -0.01236994   0.00917706     0.00337725   0.00536582
  0.00337725  -0.00536582     0.00770301  -0.00549417    -0.00701281  -0.00000000
    4    4
  0.03537914   0.00000000     0.00487755   0.00036746     0.01040397   0.00057560
  0.00487755  -0.00036746     0.04374317   0.00000000     0.00487755   0.00036746
  0.01040397  -0.00057560     0.00487755  -0.00036746     0.03537914  -0.00000000
    4    5
 -0.01905119  -0.00906170     0.00602438  -0.00000092    -0.01082732   0.00000000
  0.00602438  -0.00000092     0.02620042  -0.00000000     0.00602438   0.00000092
 -0.01082732  -0.00000000     0.00602438   0.00000092    -0.01905119   0.00906170
    4    6
  0.01066640   0.01484956    -0.01282051   0.00578587     0.00092129   0.00466619
  0.00092129   0.00466619    -0.00874105   0.00961866    -0.01710635   0.00825410
 -0.01282051   0.00578587    -0.02343774   0.01547116    -0.00874105   0.00961866
    4    7
 -0.00701281  -0.00000000     0.00770301   0.00549417     0.00337725   0.00536582
  0.00337725  -0.00536582    -0.01236994  -0.00917706    -0.00912195  -0.00000000
  0.00770301  -0.00549417     0.02257800   0.00000000    -0.01236994   0.00917706
    5    1
 -0.00054433  -0.00406677     0.00268551   0.00456512     0.00656036  -0.00026606
  0.00352877  -0.00899268    -0.00045293  -0.00109348    -0.00885400  -0.00386357
 -0.00482701   0.00445074     0.00132908   0.00512697    -0.00249074  -0.00326055
    5    2
 -0.01236994   0.00917706     0.02257800  -0.00000000     0.00770301  -0.00549417
 -0.00912195  -0.00000000    -0.01236994  -0.00917706     0.00337725  -0.00536582
  0.00337725   0.00536582     0.00770301   0.00549417    -0.00701281  -0.00000000
    5    3
 -0.00874105   0.00961866    -0.02343774   0.01547116    -0.01282051   0.00578587
 -0.01710635   0.00825410    -0.00874105   0.00961866     0.00092129   0.00466619
  0.00092129   0.00466619    -0.01282051   0.00578587     0.01066640   0.01484956
    5    4
 -0.01905119   0.00906170     0.00602438   0.00000092    -0.01082732   0.00000000
  0.00602438   0.00000092     0.02620042   0.00000000     0.00602438  -0.00000092
 -0.01082732   0.00000000     0.00602438  -0.00000092    -0.01905119  -0.00906170
    5    5
  0.03537914  -0.00000000     0.00487755  -0.00036746     0.01040397  -0.00057560
  0.00487755   0.00036746     0.04374317  -0.00000000     0.00487755  -0.00036746
  0.01040397   0.00057560     0.00487755   0.00036746     0.03537914   0.00000000
    5    6
 -0.00701281  -0.00000000     0.00770301  -0.00549417     0.00337725  -0.00536582
  0.00337725   0.00536582    -0.01236994   0.00917706    -0.00912195   0.00000000
  0.00770301   0.00549417     0.02257800   0.00000000    -0.01236994  -0.00917706
    5    7
  0.01066640  -0.01484956    -0.01282051  -0.00578587     0.00092129  -0.00466619
  0.00092129  -0.00466619    -0.00874105  -0.00961866    -0.01710635  -0.00825410
 -0.01282051  -0.00578587    -0.02343774  -0.01547116    -0.00874105  -0.00961866
    6    1
 -0.00054433  -0.00406677     0.00656036  -0.00026606     0.00268551   0.00456512
 -0.00482701   0.00445074    -0.00249074  -0.00326055     0.00132908   0.00512697
  0.00352877  -0.00899268    -0.00885400  -0.00386357    -0.00045293  -0.00109348
    6    2
 -0.00874105   0.00961866    -0.01282051   0.00578587    -0.02343774   0.01547116
  0.00092129   0.00466619     0.01066640   0.01484956    -0.01282051   0.00578587
 -0.01710635   0.00825410     0.00092129   0.00466619    -0.00874105   0.00961866
    6    3
 -0.01236994   0.00917706     0.00770301  -0.00549417     0.02257800   0.00000000
  0.00337725   0.00536582    -0.00701281  -0.00000000     0.00770301   0.00549417
 -0.00912195   0.00000000     0.00337725  -0.00536582    -0.01236994  -0.00917706
    6    4
  0.01066640  -0.01484956     0.00092129  -0.00466619    -0.01282051  -0.00578587
 -0.01282051  -0.00578587    -0.00874105  -0.00961866    -0.02343774  -0.01547116
  0.00092129  -0.00466619    -0.01710635  -0.00825410    -0.00874105  -0.00961866
    6    5
 -0.00701281   0.00000000     0.00337725  -0.00536582     0.00770301  -0.00549417
  0.00770301   0.00549417    -0.01236994  -0.00917706     0.02257800  -0.00000000
  0.00337725   0.00536582    -0.00912195  -0.00000000    -0.01236994   0.00917706
    6    6
  0.03537914  -0.00000000     0.01040397  -0.00057560     0.00487755  -0.00036746
  0.01040397   0.00057560     0.03537914   0.00000000     0.00487755   0.00036746
  0.00487755   0.00036746     0.00487755  -0.00036746     0.04374317   0.00000000
    6    7
 -0.01905119   0.00906170    -0.01082732   0.00000000     0.00602438   0.00000092
 -0.01082732   0.00000000    -0.01905119  -0.00906170     0.00602438  -0.00000092
  0.00602438   0.00000092     0.00602438  -0.00000092     0.02620042  -0.00000000
    7    1
 -0.00249074  -0.00326055    -0.00482701   0.00445074     0.00132908   0.00512697
  0.00656036  -0.00026606    -0.00054433  -0.00406677     0.00268551   0.00456512
 -0.00885400  -0.00386357     0.00352877  -0.00899268    -0.00045293  -0.00109348
    7    2
 -0.01236994  -0.00917706     0.00770301   0.00549417     0.02257800  -0.00000000
  0.00337725  -0.00536582    -0.00701281   0.00000000     0.00770301  -0.00549417
 -0.00912195  -0.00000000     0.00337725   0.00536582    -0.01236994   0.00917706
    7    3
 -0.00874105  -0.00961866    -0.01282051  -0.00578587    -0.02343774  -0.01547116
  0.00092129  -0.00466619     0.01066640  -0.01484956    -0.01282051  -0.00578587
 -0.01710635  -0.00825410     0.00092129  -0.00466619    -0.00874105  -0.00961866
    7    4
 -0.00701281   0.00000000     0.00337725   0.00536582     0.00770301   0.00549417
  0.00770301  -0.00549417    -0.01236994   0.00917706     0.02257800  -0.00000000
  0.00337725  -0.00536582    -0.00912195   0.00000000    -0.01236994  -0.00917706
    7    5
  0.01066640   0.01484956     0.00092129   0.00466619    -0.01282051   0.00578587
 -0.01282051   0.00578587    -0.00874105   0.00961866    -0.02343774   0.01547116
  0.00092129   0.00466619    -0.01710635   0.00825410    -0.00874105   0.00961866
    7    6
 -0.01905119  -0.00906170    -0.01082732  -0.00000000     0.00602438  -0.00000092
 -0.01082732  -0.00000000    -0.01905119   0.00906170     0.00602438   0.00000092
  0.00602438  -0.00000092     0.00602438   0.00000092     0.02620042   0.00000000
    7    7
  0.03537914   0.00000000     0.01040397   0.00057560     0.00487755   0.00036746
  0.01040397  -0.00057560     0.03537914  -0.00000000     0.00487755  -0.00036746
  0.00487755  -0.00036746     0.00487755   0.00036746     0.04374317  -0.00000000

     Dynamical  Matrix in cartesian axes

     q = (    0.216506400  -0.216506400   0.216506400 ) 

    1    1
  0.04384664  -0.00000000     0.00007810   0.00000000    -0.00007810   0.00000000
  0.00007810   0.00000000     0.04384664   0.00000000     0.00007810   0.00000000
 -0.00007810   0.00000000     0.00007810   0.00000000     0.04384664  -0.00000000
    1    2
 -0.00045293   0.00109348    -0.00268551   0.00456512     0.00132908  -0.00512697
 -0.00352877  -0.00899268    -0.00054433   0.00406677     0.00482701   0.00445074
 -0.00885400   0.00386357    -0.00656036  -0.00026606    -0.00249074   0.00326055
    1    3
 -0.00109348  -0.00045293    -0.00512697  -0.00132908     0.00456512   0.00268551
  0.00386356   0.00885400    -0.00326054  -0.00249074     0.00026606  -0.00656036
 -0.00899268   0.00352877    -0.00445075   0.00482701    -0.00406677  -0.00054434
    1    4
 -0.00326054   0.00249074     0.00386356  -0.00885400    -0.00026606  -0.00656036
 -0.00512697   0.00132908    -0.00109348   0.00045293    -0.00456512   0.00268551
  0.00445075   0.00482701     0.00899268   0.00352877    -0.00406677   0.00054434
    1    5
 -0.00406677   0.00054434     0.00899268   0.00352877     0.00445075   0.00482701
 -0.00456512   0.00268551    -0.00109348   0.00045293    -0.00512697   0.00132908
 -0.00026606  -0.00656036     0.00386356  -0.00885400    -0.00326054   0.00249074
    1    6
 -0.00406677  -0.00054434    -0.00445075   0.00482701    -0.00899268   0.00352877
  0.00026606  -0.00656036    -0.00326054  -0.00249074     0.00386356   0.00885400
  0.00456512   0.00268551    -0.00512697  -0.00132908    -0.00109348  -0.00045293
    1    7
 -0.00249074   0.00326055    -0.00656036  -0.00026606    -0.00885400   0.00386357
  0.00482701   0.00445074    -0.00054433   0.00406677    -0.00352877  -0.00899268
  0.00132908  -0.00512697    -0.00268551   0.00456512    -0.00045293   0.00109348
    2    1
 -0.00045293  -0.00109348    -0.00352877   0.00899268    -0.00885400  -0.00386357
 -0.00268551  -0.00456512    -0.00054433  -0.00406677    -0.00656036   0.00026606
  0.00132908   0.00512697     0.00482701  -0.00445074    -0.00249074  -0.00326055
    2    2
  0.04374317  -0.00000000    -0.00487755  -0.00036746     0.00487755  -0.00036746
 -0.00487755   0.00036746     0.03537914  -0.00000000    -0.01040397   0.00057560
  0.00487755   0.00036746    -0.01040397  -0.00057560     0.03537914   0.00000000
    2    3
 -0.00000001   0.02620042     0.00000092  -0.00602438     0.00000091   0.00602438
  0.00000092  -0.00602438    -0.00906170  -0.01905119    -0.00000000   0.01082732
  0.00000091   0.00602438    -0.00000000   0.01082732     0.00906171  -0.01905119
    2    4
 -0.00225771  -0.01523603     0.00645019   0.00645019     0.00618228  -0.00140613
 -0.01596506  -0.01596506    -0.01523603  -0.00225771    -0.00933181  -0.00156189
  0.00156189   0.00933182     0.00140613  -0.00618228    -0.00495880  -0.00495881
    2    5
 -0.01298227   0.00062056     0.01793254   0.00625949    -0.00264805   0.00395095
  0.02751275   0.00563323    -0.01298227   0.00062056     0.01315670   0.00497425
 -0.01315670  -0.00497425     0.00264805  -0.00395095    -0.00295794   0.01804251
    2    6
  0.00961866  -0.00874105    -0.00466619  -0.00092129     0.00825410  -0.01710635
 -0.00578587   0.01282051     0.01484956   0.01066641    -0.00466619  -0.00092129
  0.01547117  -0.02343774    -0.00578587   0.01282051     0.00961866  -0.00874105
    2    7
 -0.01236994   0.00917706    -0.00337725  -0.00536582    -0.00912195  -0.00000000
 -0.00770301   0.00549417    -0.00701281  -0.00000000    -0.00337725   0.00536582
  0.02257800   0.00000000    -0.00770301  -0.00549417    -0.01236994  -0.00917706
    3    1
 -0.00109348   0.00045293     0.00386356  -0.00885400    -0.00899268  -0.00352877
 -0.00512697   0.00132908    -0.00326054   0.00249074    -0.00445075  -0.00482701
  0.00456512  -0.00268551     0.00026606   0.00656036    -0.00406677   0.00054434
    3    2
 -0.00000001  -0.02620042     0.00000092   0.00602438     0.00000091  -0.00602438
  0.00000092   0.00602438    -0.00906170   0.01905119    -0.00000000  -0.01082732
  0.00000091  -0.00602438    -0.00000000  -0.01082732     0.00906171   0.01905119
    3    3
  0.04374317  -0.00000000    -0.00487755   0.00036746     0.00487755   0.00036746
 -0.00487755  -0.00036746     0.03537914   0.00000000    -0.01040397  -0.00057560
  0.00487755  -0.00036746    -0.01040397   0.00057560     0.03537914  -0.00000000
    3    4
 -0.01298227  -0.00062056     0.01793254  -0.00625949    -0.00264805  -0.00395095
  0.02751275  -0.00563323    -0.01298227  -0.00062056     0.01315670  -0.00497425
 -0.01315670   0.00497425     0.00264805   0.00395095    -0.00295794  -0.01804251
    3    5
 -0.00225771   0.01523603     0.00645019  -0.00645019     0.00618228   0.00140613
 -0.01596506   0.01596506    -0.01523603   0.00225771    -0.00933181   0.00156189
  0.00156189  -0.00933182     0.00140613   0.00618228    -0.00495880   0.00495881
    3    6
 -0.01236994  -0.00917706    -0.00337725   0.00536582    -0.00912195   0.00000000
 -0.00770301  -0.00549417    -0.00701281   0.00000000    -0.00337725  -0.00536582
  0.02257800  -0.00000000    -0.00770301   0.00549417    -0.01236994   0.00917706
    3    7
  0.00961866   0.00874105    -0.00466619   0.00092129     0.00825410   0.01710635
 -0.00578587  -0.01282051     0.01484956  -0.01066641    -0.00466619   0.00092129
  0.01547117   0.02343774    -0.00578587  -0.01282051     0.00961866   0.00874105
    4    1
 -0.00326054  -0.00249074    -0.00512697  -0.00132908     0.00445075  -0.00482701
  0.00386356   0.00885400    -0.00109348  -0.00045293     0.00899268  -0.00352877
 -0.00026606   0.00656036    -0.00456512  -0.00268551    -0.00406677  -0.00054434
    4    2
 -0.00225771   0.01523603    -0.01596506   0.01596506     0.00156189  -0.00933182
  0.00645019  -0.00645019    -0.01523603   0.00225771     0.00140613   0.00618228
  0.00618228   0.00140613    -0.00933181   0.00156189    -0.00495880   0.00495881
    4    3
 -0.01298227   0.00062056     0.02751275   0.00563323    -0.01315670  -0.00497425
  0.01793254   0.00625949    -0.01298227   0.00062056     0.00264805  -0.00395095
 -0.00264805   0.00395095     0.01315670   0.00497425    -0.00295794   0.01804251
    4    4
  0.03537914  -0.00000000    -0.00487755   0.00036746     0.01040397  -0.00057560
 -0.00487755  -0.00036746     0.04374317   0.00000000    -0.00487755   0.00036746
  0.01040397   0.00057560    -0.00487755  -0.00036746     0.03537914   0.00000000
    4    5
 -0.01905119   0.00906170    -0.00602438  -0.00000092    -0.01082732  -0.00000000
 -0.00602438  -0.00000092     0.02620042   0.00000000    -0.00602438   0.00000092
 -0.01082732  -0.00000000    -0.00602438   0.00000092    -0.01905119  -0.00906170
    4    6
 -0.00495880  -0.00495881    -0.00933181  -0.00156189     0.00618228  -0.00140613
  0.00140613  -0.00618228    -0.01523603  -0.00225771     0.00645019   0.00645019
  0.00156189   0.00933182    -0.01596506  -0.01596506    -0.00225771  -0.01523603
    4    7
 -0.00295794  -0.01804251     0.01315670  -0.00497425    -0.00264805  -0.00395095
  0.00264805   0.00395095    -0.01298227  -0.00062056     0.01793254  -0.00625949
 -0.01315670   0.00497425     0.02751275  -0.00563323    -0.01298227  -0.00062056
    5    1
 -0.00406677  -0.00054434    -0.00456512  -0.00268551    -0.00026606   0.00656036
  0.00899268  -0.00352877    -0.00109348  -0.00045293     0.00386356   0.00885400
  0.00445075  -0.00482701    -0.00512697  -0.00132908    -0.00326054  -0.00249074
    5    2
 -0.01298227  -0.00062056     0.02751275  -0.00563323    -0.01315670   0.00497425
  0.01793254  -0.00625949    -0.01298227  -0.00062056     0.00264805   0.00395095
 -0.00264805  -0.00395095     0.01315670  -0.00497425    -0.00295794  -0.01804251
    5    3
 -0.00225771  -0.01523603    -0.01596506  -0.01596506     0.00156189   0.00933182
  0.00645019   0.00645019    -0.01523603  -0.00225771     0.00140613  -0.00618228
  0.00618228  -0.00140613    -0.00933181  -0.00156189    -0.00495880  -0.00495881
    5    4
 -0.01905119  -0.00906170    -0.00602438   0.00000092    -0.01082732   0.00000000
 -0.00602438   0.00000092     0.02620042  -0.00000000    -0.00602438  -0.00000092
 -0.01082732   0.00000000    -0.00602438  -0.00000092    -0.01905119   0.00906170
    5    5
  0.03537914   0.00000000    -0.00487755  -0.00036746     0.01040397   0.00057560
 -0.00487755   0.00036746     0.04374317  -0.00000000    -0.00487755  -0.00036746
  0.01040397  -0.00057560    -0.00487755   0.00036746     0.03537914  -0.00000000
    5    6
 -0.00295794   0.01804251     0.01315670   0.00497425    -0.00264805   0.00395095
  0.00264805  -0.00395095    -0.01298227   0.00062056     0.01793254   0.00625949
 -0.01315670  -0.00497425     0.02751275   0.00563323    -0.01298227   0.00062056
    5    7
 -0.00495880   0.00495881    -0.00933181   0.00156189     0.00618228   0.00140613
  0.00140613   0.00618228    -0.01523603   0.00225771     0.00645019  -0.00645019
  0.00156189  -0.00933182    -0.01596506   0.01596506    -0.00225771   0.01523603
    6    1
 -0.00406677   0.00054434     0.00026606   0.00656036     0.00456512  -0.00268551
 -0.00445075  -0.00482701    -0.00326054   0.00249074    -0.00512697   0.00132908
 -0.00899268  -0.00352877     0.00386356  -0.00885400    -0.00109348   0.00045293
    6    2
  0.00961866   0.00874105    -0.00578587  -0.01282051     0.01547117   0.02343774
 -0.00466619   0.00092129     0.01484956  -0.01066641    -0.00578587  -0.01282051
  0.00825410   0.01710635    -0.00466619   0.00092129     0.00961866   0.00874105
    6    3
 -0.01236994   0.00917706    -0.00770301   0.00549417     0.02257800   0.00000000
 -0.00337725  -0.00536582    -0.00701281  -0.00000000    -0.00770301  -0.00549417
 -0.00912195  -0.00000000    -0.00337725   0.00536582    -0.01236994  -0.00917706
    6    4
 -0.00495880   0.00495881     0.00140613   0.00618228     0.00156189  -0.00933182
 -0.00933181   0.00156189    -0.01523603   0.00225771    -0.01596506   0.01596506
  0.00618228   0.00140613     0.00645019  -0.00645019    -0.00225771   0.01523603
    6    5
 -0.00295794  -0.01804251     0.00264805   0.00395095    -0.01315670   0.00497425
  0.01315670  -0.00497425    -0.01298227  -0.00062056     0.02751275  -0.00563323
 -0.00264805  -0.00395095     0.01793254  -0.00625949    -0.01298227  -0.00062056
    6    6
  0.03537914   0.00000000    -0.01040397   0.00057560     0.00487755  -0.00036746
 -0.01040397  -0.00057560     0.03537914   0.00000000    -0.00487755  -0.00036746
  0.00487755   0.00036746    -0.00487755   0.00036746     0.04374317  -0.00000000
    6    7
  0.00906171   0.01905119    -0.00000000  -0.01082732     0.00000091  -0.00602438
 -0.00000000  -0.01082732    -0.00906170   0.01905119     0.00000092   0.00602438
  0.00000091  -0.00602438     0.00000092   0.00602438    -0.00000001  -0.02620042
    7    1
 -0.00249074  -0.00326055     0.00482701  -0.00445074     0.00132908   0.00512697
 -0.00656036   0.00026606    -0.00054433  -0.00406677    -0.00268551  -0.00456512
 -0.00885400  -0.00386357    -0.00352877   0.00899268    -0.00045293  -0.00109348
    7    2
 -0.01236994  -0.00917706    -0.00770301  -0.00549417     0.02257800  -0.00000000
 -0.00337725   0.00536582    -0.00701281   0.00000000    -0.00770301   0.00549417
 -0.00912195   0.00000000    -0.00337725  -0.00536582    -0.01236994   0.00917706
    7    3
  0.00961866  -0.00874105    -0.00578587   0.01282051     0.01547117  -0.02343774
 -0.00466619  -0.00092129     0.01484956   0.01066641    -0.00578587   0.01282051
  0.00825410  -0.01710635    -0.00466619  -0.00092129     0.00961866  -0.00874105
    7    4
 -0.00295794   0.01804251     0.00264805  -0.00395095    -0.01315670  -0.00497425
  0.01315670   0.00497425    -0.01298227   0.00062056     0.02751275   0.00563323
 -0.00264805   0.00395095     0.01793254   0.00625949    -0.01298227   0.00062056
    7    5
 -0.00495880  -0.00495881     0.00140613  -0.00618228     0.00156189   0.00933182
 -0.00933181  -0.00156189    -0.01523603  -0.00225771    -0.01596506  -0.01596506
  0.00618228  -0.00140613     0.00645019   0.00645019    -0.00225771  -0.01523603
    7    6
  0.00906171  -0.01905119    -0.00000000   0.01082732     0.00000091   0.00602438
 -0.00000000   0.01082732    -0.00906170  -0.01905119     0.00000092  -0.00602438
  0.00000091   0.00602438     0.00000092  -0.00602438    -0.00000001   0.02620042
    7    7
  0.03537914  -0.00000000    -0.01040397  -0.00057560     0.00487755   0.00036746
 -0.01040397   0.00057560     0.03537914  -0.00000000    -0.00487755   0.00036746
  0.00487755  -0.00036746    -0.00487755  -0.00036746     0.04374317  -0.00000000

     Dynamical  Matrix in cartesian axes

     q = (   -0.216506400   0.216506400   0.216506400 ) 

    1    1
  0.04384664  -0.00000000     0.00007810  -0.00000000     0.00007810   0.00000000
  0.00007810   0.00000000     0.04384664  -0.00000000    -0.00007810  -0.00000000
  0.00007810  -0.00000000    -0.00007810  -0.00000000     0.04384664  -0.00000000
    1    2
 -0.00109348   0.00045293    -0.00456512   0.00268551    -0.00512697   0.00132908
  0.00899268   0.00352877    -0.00406677   0.00054434     0.00445075   0.00482701
  0.00386356  -0.00885400    -0.00026606  -0.00656036    -0.00326054   0.00249074
    1    3
 -0.00109348   0.00045293    -0.00512697   0.00132908    -0.00456512   0.00268551
  0.00386356  -0.00885400    -0.00326054   0.00249074    -0.00026606  -0.00656036
  0.00899268   0.00352877     0.00445075   0.00482701    -0.00406677   0.00054434
    1    4
 -0.00326054  -0.00249074     0.00386356   0.00885400     0.00026606  -0.00656036
 -0.00512697  -0.00132908    -0.00109348  -0.00045293     0.00456512   0.00268551
 -0.00445075   0.00482701    -0.00899268   0.00352877    -0.00406677  -0.00054434
    1    5
 -0.00054433   0.00406677    -0.00352877  -0.00899268     0.00482701   0.00445074
 -0.00268551   0.00456512    -0.00045293   0.00109348     0.00132908  -0.00512697
 -0.00656036  -0.00026606    -0.00885400   0.00386357    -0.00249074   0.00326055
    1    6
 -0.00054433   0.00406677     0.00482701   0.00445074    -0.00352877  -0.00899268
 -0.00656036  -0.00026606    -0.00249074   0.00326055    -0.00885400   0.00386357
 -0.00268551   0.00456512     0.00132908  -0.00512697    -0.00045293   0.00109348
    1    7
 -0.00326054  -0.00249074     0.00026606  -0.00656036     0.00386356   0.00885400
 -0.00445075   0.00482701    -0.00406677  -0.00054434    -0.00899268   0.00352877
 -0.00512697  -0.00132908     0.00456512   0.00268551    -0.00109348  -0.00045293
    2    1
 -0.00109348  -0.00045293     0.00899268  -0.00352877     0.00386356   0.00885400
 -0.00456512  -0.00268551    -0.00406677  -0.00054434    -0.00026606   0.00656036
 -0.00512697  -0.00132908     0.00445075  -0.00482701    -0.00326054  -0.00249074
    2    2
  0.04374317   0.00000000    -0.00487755   0.00036746    -0.00487755  -0.00036746
 -0.00487755  -0.00036746     0.03537914  -0.00000000     0.01040397   0.00057560
 -0.00487755   0.00036746     0.01040397  -0.00057560     0.03537914  -0.00000000
    2    3
  0.02620042  -0.00000000    -0.00602438   0.00000092    -0.00602438  -0.00000092
 -0.00602438   0.00000092    -0.01905119  -0.00906170    -0.01082732   0.00000000
 -0.00602438  -0.00000092    -0.01082732   0.00000000    -0.01905119   0.00906170
    2    4
 -0.01523603  -0.00225771     0.00645019   0.00645019     0.00140613  -0.00618228
 -0.01596506  -0.01596506    -0.00225771  -0.01523603     0.00156189   0.00933182
 -0.00933181  -0.00156189     0.00618228  -0.00140613    -0.00495880  -0.00495881
    2    5
 -0.01298227  -0.00062056     0.01793254  -0.00625949     0.00264805   0.00395095
  0.02751275  -0.00563323    -0.01298227  -0.00062056    -0.01315670   0.00497425
  0.01315670  -0.00497425    -0.00264805  -0.00395095    -0.00295794  -0.01804251
    2    6
 -0.01523603   0.00225771     0.00140613   0.00618228     0.00645019  -0.00645019
 -0.00933181   0.00156189    -0.00495880   0.00495881     0.00618228   0.00140613
 -0.01596506   0.01596506     0.00156189  -0.00933182    -0.00225771   0.01523603
    2    7
 -0.01298227   0.00062056     0.00264805  -0.00395095     0.01793254   0.00625949
  0.01315670   0.00497425    -0.00295794   0.01804251    -0.00264805   0.00395095
  0.02751275   0.00563323    -0.01315670  -0.00497425    -0.01298227   0.00062056
    3    1
 -0.00109348  -0.00045293     0.00386356   0.00885400     0.00899268  -0.00352877
 -0.00512697  -0.00132908    -0.00326054  -0.00249074     0.00445075  -0.00482701
 -0.00456512  -0.00268551    -0.00026606   0.00656036    -0.00406677  -0.00054434
    3    2
  0.02620042   0.00000000    -0.00602438  -0.00000092    -0.00602438   0.00000092
 -0.00602438  -0.00000092    -0.01905119   0.00906170    -0.01082732  -0.00000000
 -0.00602438   0.00000092    -0.01082732  -0.00000000    -0.01905119  -0.00906170
    3    3
  0.04374317  -0.00000000    -0.00487755  -0.00036746    -0.00487755   0.00036746
 -0.00487755   0.00036746     0.03537914  -0.00000000     0.01040397  -0.00057560
 -0.00487755  -0.00036746     0.01040397   0.00057560     0.03537914   0.00000000
    3    4
 -0.01298227   0.00062056     0.01793254   0.00625949     0.00264805  -0.00395095
  0.02751275   0.00563323    -0.01298227   0.00062056    -0.01315670  -0.00497425
  0.01315670   0.00497425    -0.00264805   0.00395095    -0.00295794   0.01804251
    3    5
 -0.01523603   0.00225771     0.00645019  -0.00645019     0.00140613   0.00618228
 -0.01596506   0.01596506    -0.00225771   0.01523603     0.00156189  -0.00933182
 -0.00933181   0.00156189     0.00618228   0.00140613    -0.00495880   0.00495881
    3    6
 -0.01298227  -0.00062056     0.00264805   0.00395095     0.01793254  -0.00625949
  0.01315670  -0.00497425    -0.00295794  -0.01804251    -0.00264805  -0.00395095
  0.02751275  -0.00563323    -0.01315670   0.00497425    -0.01298227  -0.00062056
    3    7
 -0.01523603  -0.00225771     0.00140613  -0.00618228     0.00645019   0.00645019
 -0.00933181  -0.00156189    -0.00495880  -0.00495881     0.00618228  -0.00140613
 -0.01596506  -0.01596506     0.00156189   0.00933182    -0.00225771  -0.01523603
    4    1
 -0.00326054   0.00249074    -0.00512697   0.00132908    -0.00445075  -0.00482701
  0.00386356  -0.00885400    -0.00109348   0.00045293    -0.00899268  -0.00352877
  0.00026606   0.00656036     0.00456512  -0.00268551    -0.00406677   0.00054434
    4    2
 -0.01523603   0.00225771    -0.01596506   0.01596506    -0.00933181   0.00156189
  0.00645019  -0.00645019    -0.00225771   0.01523603     0.00618228   0.00140613
  0.00140613   0.00618228     0.00156189  -0.00933182    -0.00495880   0.00495881
    4    3
 -0.01298227  -0.00062056     0.02751275  -0.00563323     0.01315670  -0.00497425
  0.01793254  -0.00625949    -0.01298227  -0.00062056    -0.00264805  -0.00395095
  0.00264805   0.00395095    -0.01315670   0.00497425    -0.00295794  -0.01804251
    4    4
  0.03537914   0.00000000    -0.00487755  -0.00036746    -0.01040397  -0.00057560
 -0.00487755   0.00036746     0.04374317  -0.00000000     0.00487755   0.00036746
 -0.01040397   0.00057560     0.00487755  -0.00036746     0.03537914  -0.00000000
    4    5
 -0.00906170   0.01905119     0.00000092   0.00602438    -0.00000000  -0.01082732
  0.00000092   0.00602438    -0.00000001  -0.02620042     0.00000091  -0.00602438
 -0.00000000  -0.01082732     0.00000091  -0.00602438     0.00906171   0.01905119
    4    6
  0.01484956  -0.01066641    -0.00578587  -0.01282051    -0.00466619   0.00092129
 -0.00466619   0.00092129     0.00961866   0.00874105     0.00825410   0.01710635
 -0.00578587  -0.01282051     0.01547117   0.02343774     0.00961866   0.00874105
    4    7
 -0.00701281   0.00000000    -0.00770301  -0.00549417    -0.00337725  -0.00536582
 -0.00337725   0.00536582    -0.01236994  -0.00917706    -0.00912195  -0.00000000
 -0.00770301   0.00549417     0.02257800  -0.00000000    -0.01236994   0.00917706
    5    1
 -0.00054433  -0.00406677    -0.00268551  -0.00456512    -0.00656036   0.00026606
 -0.00352877   0.00899268    -0.00045293  -0.00109348    -0.00885400  -0.00386357
  0.00482701  -0.00445074     0.00132908   0.00512697    -0.00249074  -0.00326055
    5    2
 -0.01298227   0.00062056     0.02751275   0.00563323     0.01315670   0.00497425
  0.01793254   0.00625949    -0.01298227   0.00062056    -0.00264805   0.00395095
  0.00264805  -0.00395095    -0.01315670  -0.00497425    -0.00295794   0.01804251
    5    3
 -0.01523603  -0.00225771    -0.01596506  -0.01596506    -0.00933181  -0.00156189
  0.00645019   0.00645019    -0.00225771  -0.01523603     0.00618228  -0.00140613
  0.00140613  -0.00618228     0.00156189   0.00933182    -0.00495880  -0.00495881
    5    4
 -0.00906170  -0.01905119     0.00000092  -0.00602438    -0.00000000   0.01082732
  0.00000092  -0.00602438    -0.00000001   0.02620042     0.00000091   0.00602438
 -0.00000000   0.01082732     0.00000091   0.00602438     0.00906171  -0.01905119
    5    5
  0.03537914  -0.00000000    -0.00487755   0.00036746    -0.01040397   0.00057560
 -0.00487755  -0.00036746     0.04374317  -0.00000000     0.00487755  -0.00036746
 -0.01040397  -0.00057560     0.00487755   0.00036746     0.03537914   0.00000000
    5    6
 -0.00701281  -0.00000000    -0.00770301   0.00549417    -0.00337725   0.00536582
 -0.00337725  -0.00536582    -0.01236994   0.00917706    -0.00912195  -0.00000000
 -0.00770301  -0.00549417     0.02257800   0.00000000    -0.01236994  -0.00917706
    5    7
  0.01484956   0.01066641    -0.00578587   0.01282051    -0.00466619  -0.00092129
 -0.00466619  -0.00092129     0.00961866  -0.00874105     0.00825410  -0.01710635
 -0.00578587   0.01282051     0.01547117  -0.02343774     0.00961866  -0.00874105
    6    1
 -0.00054433  -0.00406677    -0.00656036   0.00026606    -0.00268551  -0.00456512
  0.00482701  -0.00445074    -0.00249074  -0.00326055     0.00132908   0.00512697
 -0.00352877   0.00899268    -0.00885400  -0.00386357    -0.00045293  -0.00109348
    6    2
 -0.01523603  -0.00225771    -0.00933181  -0.00156189    -0.01596506  -0.01596506
  0.00140613  -0.00618228    -0.00495880  -0.00495881     0.00156189   0.00933182
  0.00645019   0.00645019     0.00618228  -0.00140613    -0.00225771  -0.01523603
    6    3
 -0.01298227   0.00062056     0.01315670   0.00497425     0.02751275   0.00563323
  0.00264805  -0.00395095    -0.00295794   0.01804251    -0.01315670  -0.00497425
  0.01793254   0.00625949    -0.00264805   0.00395095    -0.01298227   0.00062056
    6    4
  0.01484956   0.01066641    -0.00466619  -0.00092129    -0.00578587   0.01282051
 -0.00578587   0.01282051     0.00961866  -0.00874105     0.01547117  -0.02343774
 -0.00466619  -0.00092129     0.00825410  -0.01710635     0.00961866  -0.00874105
    6    5
 -0.00701281   0.00000000    -0.00337725   0.00536582    -0.00770301   0.00549417
 -0.00770301  -0.00549417    -0.01236994  -0.00917706     0.02257800  -0.00000000
 -0.00337725  -0.00536582    -0.00912195   0.00000000    -0.01236994   0.00917706
    6    6
  0.03537914  -0.00000000    -0.01040397   0.00057560    -0.00487755   0.00036746
 -0.01040397  -0.00057560     0.03537914   0.00000000     0.00487755   0.00036746
 -0.00487755  -0.00036746     0.00487755  -0.00036746     0.04374317  -0.00000000
    6    7
 -0.00906170  -0.01905119    -0.00000000   0.01082732     0.00000092  -0.00602438
 -0.00000000   0.01082732     0.00906171  -0.01905119     0.00000091   0.00602438
  0.00000092  -0.00602438     0.00000091   0.00602438    -0.00000001   0.02620042
    7    1
 -0.00326054   0.00249074    -0.00445075  -0.00482701    -0.00512697   0.00132908
  0.00026606   0.00656036    -0.00406677   0.00054434     0.00456512  -0.00268551
  0.00386356  -0.00885400    -0.00899268  -0.00352877    -0.00109348   0.00045293
    7    2
 -0.01298227  -0.00062056     0.01315670  -0.00497425     0.02751275  -0.00563323
  0.00264805   0.00395095    -0.00295794  -0.01804251    -0.01315670   0.00497425
  0.01793254  -0.00625949    -0.00264805  -0.00395095    -0.01298227  -0.00062056
    7    3
 -0.01523603   0.00225771    -0.00933181   0.00156189    -0.01596506   0.01596506
  0.00140613   0.00618228    -0.00495880   0.00495881     0.00156189  -0.00933182
  0.00645019  -0.00645019     0.00618228   0.00140613    -0.00225771   0.01523603
    7    4
 -0.00701281  -0.00000000    -0.00337725  -0.00536582    -0.00770301  -0.00549417
 -0.00770301   0.00549417    -0.01236994   0.00917706     0.02257800   0.00000000
 -0.00337725   0.00536582    -0.00912195   0.00000000    -0.01236994  -0.00917706
    7    5
  0.01484956  -0.01066641    -0.00466619   0.00092129    -0.00578587  -0.01282051
 -0.00578587  -0.01282051     0.00961866   0.00874105     0.01547117   0.02343774
 -0.00466619   0.00092129     0.00825410   0.01710635     0.00961866   0.00874105
    7    6
 -0.00906170   0.01905119    -0.00000000  -0.01082732     0.00000092   0.00602438
 -0.00000000  -0.01082732     0.00906171   0.01905119     0.00000091  -0.00602438
  0.00000092   0.00602438     0.00000091  -0.00602438    -0.00000001  -0.02620042
    7    7
  0.03537914   0.00000000    -0.01040397  -0.00057560    -0.00487755  -0.00036746
 -0.01040397   0.00057560     0.03537914   0.00000000     0.00487755  -0.00036746
 -0.00487755   0.00036746     0.00487755   0.00036746     0.04374317  -0.00000000

     Dynamical  Matrix in cartesian axes

     q = (   -0.216506400  -0.216506400  -0.216506400 ) 

    1    1
  0.04384664   0.00000000    -0.00007810  -0.00000000    -0.00007810   0.00000000
 -0.00007810   0.00000000     0.04384664  -0.00000000    -0.00007810   0.00000000
 -0.00007810  -0.00000000    -0.00007810  -0.00000000     0.04384664   0.00000000
    1    2
 -0.00045293  -0.00109348     0.00268551   0.00456512     0.00132908   0.00512697
  0.00352877  -0.00899268    -0.00054433  -0.00406677    -0.00482701   0.00445074
 -0.00885400  -0.00386357     0.00656036  -0.00026606    -0.00249074  -0.00326055
    1    3
 -0.00045293  -0.00109348     0.00132908   0.00512697     0.00268551   0.00456512
 -0.00885400  -0.00386357    -0.00249074  -0.00326055     0.00656036  -0.00026606
  0.00352877  -0.00899268    -0.00482701   0.00445074    -0.00054433  -0.00406677
    1    4
 -0.00249074  -0.00326055    -0.00885400  -0.00386357     0.00656036  -0.00026606
  0.00132908   0.00512697    -0.00045293  -0.00109348     0.00268551   0.00456512
 -0.00482701   0.00445074     0.00352877  -0.00899268    -0.00054433  -0.00406677
    1    5
 -0.00054433  -0.00406677     0.00352877  -0.00899268    -0.00482701   0.00445074
  0.00268551   0.00456512    -0.00045293  -0.00109348     0.00132908   0.00512697
  0.00656036  -0.00026606    -0.00885400  -0.00386357    -0.00249074  -0.00326055
    1    6
 -0.00054433  -0.00406677    -0.00482701   0.00445074     0.00352877  -0.00899268
  0.00656036  -0.00026606    -0.00249074  -0.00326055    -0.00885400  -0.00386357
  0.00268551   0.00456512     0.00132908   0.00512697    -0.00045293  -0.00109348
    1    7
 -0.00249074  -0.00326055     0.00656036  -0.00026606    -0.00885400  -0.00386357
 -0.00482701   0.00445074    -0.00054433  -0.00406677     0.00352877  -0.00899268
