  2.000000000000000E-002   1.26015754758087        2.29045391948694     
          12

     Dynamical  Matrix in cartesian axes

     q = (   -0.866025400  -0.324759500  -0.324759500 ) 

    1    1
  0.01623718  -0.00000000     0.00000000   0.00000000    -0.00000000   0.00000000
  0.00000000   0.00000000     0.13260416  -0.00000000    -0.02198525   0.00000000
 -0.00000000   0.00000000    -0.02198525  -0.00000000     0.13260416  -0.00000000
    1    2
  0.00000000   0.00000000    -0.00535858   0.00221960    -0.00535858   0.00221960
 -0.01099338   0.00455361     0.00556445   0.01343377    -0.00424247  -0.01024222
 -0.01099338   0.00455361     0.00424247   0.01024222    -0.00556445  -0.01343377
    1    3
  0.00000000   0.00000000    -0.00535858   0.00221960    -0.00535858   0.00221960
 -0.01099338   0.00455361    -0.00556445  -0.01343377     0.00424247   0.01024222
 -0.01099338   0.00455361    -0.00424247  -0.01024222     0.00556445   0.01343377
    1    4
 -0.00375191   0.00283958    -0.00000000   0.00000000     0.00000000  -0.00000000
 -0.00000000   0.00000000    -0.01819206   0.01988772    -0.01503261  -0.02000205
  0.00000000  -0.00000000     0.00949838   0.03209302     0.02080600  -0.01294875
    1    5
 -0.00466088   0.00064512     0.00000000   0.00000000    -0.00000000   0.00000000
 -0.00000000  -0.00000000    -0.02692647  -0.00119901     0.00351393   0.02477325
 -0.00000000   0.00000000    -0.01597684  -0.02940956     0.02386822  -0.00555592
    1    6
 -0.00466088   0.00064512     0.00000000  -0.00000000     0.00000000   0.00000000
 -0.00000000  -0.00000000     0.02386822  -0.00555592    -0.01597684  -0.02940956
  0.00000000  -0.00000000     0.00351393   0.02477325    -0.02692647  -0.00119901
    1    7
 -0.00375191   0.00283958     0.00000000  -0.00000000    -0.00000000   0.00000000
  0.00000000  -0.00000000     0.02080600  -0.01294875     0.00949838   0.03209302
 -0.00000000   0.00000000    -0.01503261  -0.02000205    -0.01819206   0.01988772
    2    1
  0.00000000  -0.00000000    -0.01099338  -0.00455361    -0.01099338  -0.00455361
 -0.00535858  -0.00221960     0.00556445  -0.01343377     0.00424247  -0.01024222
 -0.00535858  -0.00221960    -0.00424247   0.01024222    -0.00556445   0.01343377
    2    2
  0.00994635  -0.00000000     0.00000000  -0.00227145    -0.00000000   0.00227145
  0.00000000   0.00227145     0.03587221   0.00000000    -0.01233291   0.00000000
 -0.00000000  -0.00227145    -0.01233291   0.00000000     0.03587221  -0.00000000
    2    3
 -0.00234256   0.00000000     0.00000000   0.00295794    -0.00000000  -0.00295794
  0.00000000   0.00295794     0.00625155  -0.00000000    -0.01209440   0.00000000
 -0.00000000  -0.00295794    -0.01209440   0.00000000     0.00625155  -0.00000000
    2    4
  0.00135736  -0.00068902     0.00493010  -0.00494742    -0.00303991   0.00185956
  0.02129028   0.00013622     0.01513623  -0.00269708    -0.00504517  -0.00346343
 -0.01360694   0.00071553    -0.00244698  -0.00325551     0.00569034  -0.00127048
    2    5
 -0.00135736  -0.00068902     0.00493010   0.00494742    -0.00303991  -0.00185956
  0.02129028  -0.00013622    -0.01513623  -0.00269708     0.00504517  -0.00346343
 -0.01360694  -0.00071553     0.00244698  -0.00325551    -0.00569034  -0.00127048
    2    6
  0.00135736   0.00068902    -0.00303991  -0.00185956     0.00493010   0.00494742
 -0.01360694  -0.00071553     0.00569034   0.00127048    -0.00244698   0.00325551
  0.02129028  -0.00013622    -0.00504517   0.00346343     0.01513623   0.00269708
    2    7
 -0.00135736   0.00068902    -0.00303991   0.00185956     0.00493010  -0.00494742
 -0.01360694   0.00071553    -0.00569034   0.00127048     0.00244698   0.00325551
  0.02129028   0.00013622     0.00504517   0.00346343    -0.01513623   0.00269708
    3    1
  0.00000000  -0.00000000    -0.01099338  -0.00455361    -0.01099338  -0.00455361
 -0.00535858  -0.00221960    -0.00556445   0.01343377    -0.00424247   0.01024222
 -0.00535858  -0.00221960     0.00424247  -0.01024222     0.00556445  -0.01343377
    3    2
 -0.00234256   0.00000000     0.00000000  -0.00295794    -0.00000000   0.00295794
  0.00000000  -0.00295794     0.00625155   0.00000000    -0.01209440  -0.00000000
  0.00000000   0.00295794    -0.01209440  -0.00000000     0.00625155   0.00000000
    3    3
  0.00994635   0.00000000     0.00000000   0.00227145    -0.00000000  -0.00227145
  0.00000000  -0.00227145     0.03587221  -0.00000000    -0.01233291   0.00000000
 -0.00000000   0.00227145    -0.01233291   0.00000000     0.03587221   0.00000000
    3    4
 -0.00135736   0.00068902     0.00493010  -0.00494742    -0.00303991   0.00185956
  0.02129028   0.00013622    -0.01513623   0.00269708     0.00504517   0.00346343
 -0.01360694   0.00071553     0.00244698   0.00325551    -0.00569034   0.00127048
    3    5
  0.00135736   0.00068902     0.00493010   0.00494742    -0.00303991  -0.00185956
  0.02129028  -0.00013622     0.01513623   0.00269708    -0.00504517   0.00346343
 -0.01360694  -0.00071553    -0.00244698   0.00325551     0.00569034   0.00127048
    3    6
 -0.00135736  -0.00068902    -0.00303991  -0.00185956     0.00493010   0.00494742
 -0.01360694  -0.00071553    -0.00569034  -0.00127048     0.00244698  -0.00325551
  0.02129028  -0.00013622     0.00504517  -0.00346343    -0.01513623  -0.00269708
    3    7
  0.00135736  -0.00068902    -0.00303991   0.00185956     0.00493010  -0.00494742
 -0.01360694   0.00071553     0.00569034  -0.00127048    -0.00244698  -0.00325551
  0.02129028   0.00013622    -0.00504517  -0.00346343     0.01513623  -0.00269708
    4    1
 -0.00375191  -0.00283958    -0.00000000  -0.00000000     0.00000000   0.00000000
 -0.00000000  -0.00000000    -0.01819206  -0.01988772     0.00949838  -0.03209302
  0.00000000   0.00000000    -0.01503261   0.02000205     0.02080600   0.01294875
    4    2
  0.00135736   0.00068902     0.02129028  -0.00013622    -0.01360694  -0.00071553
  0.00493010   0.00494742     0.01513623   0.00269708    -0.00244698   0.00325551
 -0.00303991  -0.00185956    -0.00504517   0.00346343     0.00569034   0.00127048
    4    3
 -0.00135736  -0.00068902     0.02129028  -0.00013622    -0.01360694  -0.00071553
  0.00493010   0.00494742    -0.01513623  -0.00269708     0.00244698  -0.00325551
 -0.00303991  -0.00185956     0.00504517  -0.00346343    -0.00569034  -0.00127048
    4    4
  0.02695214  -0.00000000     0.00000000   0.00000000    -0.00000000   0.00000000
  0.00000000   0.00000000     0.04328583   0.00000000    -0.00758295  -0.00656233
  0.00000000  -0.00000000    -0.00758295   0.00656233     0.04937155   0.00000000
    4    5
  0.02288634   0.00029522     0.00000000  -0.00000000     0.00000000   0.00000000
  0.00000000  -0.00000000    -0.00793926  -0.00336544     0.01170273  -0.01360591
  0.00000000   0.00000000     0.01170273  -0.01360591    -0.01370055   0.01133160
    4    6
 -0.01648646  -0.00226547    -0.00000000   0.00000000    -0.00000000   0.00000000
 -0.00000000   0.00000000     0.00004894   0.00409046    -0.00745250   0.01832413
 -0.00000000   0.00000000    -0.02911937   0.02675824     0.00004894   0.00409046
    4    7
 -0.01641167   0.00000000    -0.00000000   0.00000000    -0.00000000  -0.00000000
 -0.00000000  -0.00000000    -0.02836333  -0.00056847     0.01159985  -0.00000000
 -0.00000000  -0.00000000     0.02447944  -0.00000000    -0.02836333   0.00056847
    5    1
 -0.00466088  -0.00064512     0.00000000   0.00000000     0.00000000  -0.00000000
  0.00000000  -0.00000000    -0.02692647   0.00119901    -0.01597684   0.02940956
 -0.00000000  -0.00000000     0.00351393  -0.02477325     0.02386822   0.00555592
    5    2
 -0.00135736   0.00068902     0.02129028   0.00013622    -0.01360694   0.00071553
  0.00493010  -0.00494742    -0.01513623   0.00269708     0.00244698   0.00325551
 -0.00303991   0.00185956     0.00504517   0.00346343    -0.00569034   0.00127048
    5    3
  0.00135736  -0.00068902     0.02129028   0.00013622    -0.01360694   0.00071553
  0.00493010  -0.00494742     0.01513623  -0.00269708    -0.00244698  -0.00325551
 -0.00303991   0.00185956    -0.00504517  -0.00346343     0.00569034  -0.00127048
    5    4
  0.02288634  -0.00029522     0.00000000   0.00000000     0.00000000  -0.00000000
  0.00000000   0.00000000    -0.00793926   0.00336544     0.01170273   0.01360591
  0.00000000  -0.00000000     0.01170273   0.01360591    -0.01370055  -0.01133160
    5    5
  0.02695214   0.00000000    -0.00000000  -0.00000000    -0.00000000  -0.00000000
  0.00000000  -0.00000000     0.04328583  -0.00000000    -0.00758295   0.00656233
 -0.00000000   0.00000000    -0.00758295  -0.00656233     0.04937155  -0.00000000
    5    6
 -0.01641167   0.00000000    -0.00000000  -0.00000000    -0.00000000   0.00000000
  0.00000000  -0.00000000    -0.02836333   0.00056847     0.01159985   0.00000000
  0.00000000   0.00000000     0.02447944  -0.00000000    -0.02836333  -0.00056847
    5    7
 -0.01648646   0.00226547    -0.00000000  -0.00000000    -0.00000000  -0.00000000
 -0.00000000  -0.00000000     0.00004894  -0.00409046    -0.00745250  -0.01832413
 -0.00000000  -0.00000000    -0.02911937  -0.02675824     0.00004894  -0.00409046
    6    1
 -0.00466088  -0.00064512     0.00000000  -0.00000000     0.00000000  -0.00000000
  0.00000000  -0.00000000     0.02386822   0.00555592     0.00351393  -0.02477325
  0.00000000  -0.00000000    -0.01597684   0.02940956    -0.02692647   0.00119901
    6    2
  0.00135736  -0.00068902    -0.01360694   0.00071553     0.02129028   0.00013622
 -0.00303991   0.00185956     0.00569034  -0.00127048    -0.00504517  -0.00346343
  0.00493010  -0.00494742    -0.00244698  -0.00325551     0.01513623  -0.00269708
    6    3
 -0.00135736   0.00068902    -0.01360694   0.00071553     0.02129028   0.00013622
 -0.00303991   0.00185956    -0.00569034   0.00127048     0.00504517   0.00346343
  0.00493010  -0.00494742     0.00244698   0.00325551    -0.01513623   0.00269708
    6    4
 -0.01648646   0.00226547    -0.00000000  -0.00000000    -0.00000000  -0.00000000
 -0.00000000  -0.00000000     0.00004894  -0.00409046    -0.02911937  -0.02675824
 -0.00000000  -0.00000000    -0.00745250  -0.01832413     0.00004894  -0.00409046
    6    5
 -0.01641167   0.00000000    -0.00000000   0.00000000     0.00000000  -0.00000000
 -0.00000000   0.00000000    -0.02836333  -0.00056847     0.02447944  -0.00000000
  0.00000000  -0.00000000     0.01159985   0.00000000    -0.02836333   0.00056847
    6    6
  0.02695214   0.00000000    -0.00000000  -0.00000000    -0.00000000  -0.00000000
  0.00000000   0.00000000     0.04937155  -0.00000000    -0.00758295  -0.00656233
 -0.00000000   0.00000000    -0.00758295   0.00656233     0.04328583  -0.00000000
    6    7
  0.02288634  -0.00029522     0.00000000  -0.00000000     0.00000000   0.00000000
  0.00000000  -0.00000000    -0.01370055  -0.01133160     0.01170273   0.01360591
  0.00000000   0.00000000     0.01170273   0.01360591    -0.00793926   0.00336544
    7    1
 -0.00375191  -0.00283958     0.00000000   0.00000000    -0.00000000  -0.00000000
  0.00000000   0.00000000     0.02080600   0.01294875    -0.01503261   0.02000205
 -0.00000000  -0.00000000     0.00949838  -0.03209302    -0.01819206  -0.01988772
    7    2
 -0.00135736  -0.00068902    -0.01360694  -0.00071553     0.02129028  -0.00013622
 -0.00303991  -0.00185956    -0.00569034  -0.00127048     0.00504517  -0.00346343
  0.00493010   0.00494742     0.00244698  -0.00325551    -0.01513623  -0.00269708
    7    3
  0.00135736   0.00068902    -0.01360694  -0.00071553     0.02129028  -0.00013622
 -0.00303991  -0.00185956     0.00569034   0.00127048    -0.00504517   0.00346343
  0.00493010   0.00494742    -0.00244698   0.00325551     0.01513623   0.00269708
    7    4
 -0.01641167  -0.00000000    -0.00000000   0.00000000     0.00000000   0.00000000
 -0.00000000  -0.00000000    -0.02836333   0.00056847     0.02447944   0.00000000
  0.00000000   0.00000000     0.01159985   0.00000000    -0.02836333  -0.00056847
    7    5
 -0.01648646  -0.00226547    -0.00000000   0.00000000    -0.00000000   0.00000000
 -0.00000000   0.00000000     0.00004894   0.00409046    -0.02911937   0.02675824
 -0.00000000   0.00000000    -0.00745250   0.01832413     0.00004894   0.00409046
    7    6
  0.02288634   0.00029522     0.00000000   0.00000000     0.00000000  -0.00000000
  0.00000000   0.00000000    -0.01370055   0.01133160     0.01170273  -0.01360591
  0.00000000  -0.00000000     0.01170273  -0.01360591    -0.00793926  -0.00336544
    7    7
  0.02695214  -0.00000000    -0.00000000   0.00000000    -0.00000000   0.00000000
  0.00000000  -0.00000000     0.04937155   0.00000000    -0.00758295   0.00656233
 -0.00000000  -0.00000000    -0.00758295  -0.00656233     0.04328583   0.00000000

     Dynamical  Matrix in cartesian axes

     q = (   -0.324759500  -0.866025400   0.324759500 ) 

    1    1
  0.13260416  -0.00000000    -0.00000000  -0.00000000     0.02198525   0.00000000
 -0.00000000   0.00000000     0.01623718  -0.00000000    -0.00000000   0.00000000
  0.02198525   0.00000000    -0.00000000  -0.00000000     0.13260416  -0.00000000
    1    2
  0.01819206   0.01988772     0.00000000  -0.00000000    -0.01503261   0.02000205
 -0.00000000  -0.00000000     0.00375191   0.00283958     0.00000000   0.00000000
  0.00949838  -0.03209303     0.00000000   0.00000000    -0.02080600  -0.01294875
    1    3
 -0.01819206   0.01988772    -0.00000000   0.00000000     0.01503261   0.02000205
 -0.00000000   0.00000000    -0.00375191   0.00283958    -0.00000000   0.00000000
 -0.00949838  -0.03209302    -0.00000000   0.00000000     0.02080600  -0.01294875
    1    4
 -0.00556445  -0.01343377    -0.01099338   0.00455361    -0.00424247  -0.01024222
 -0.00535858   0.00221960     0.00000000   0.00000000     0.00535858  -0.00221960
  0.00424247   0.01024222     0.01099338  -0.00455361     0.00556445   0.01343377
    1    5
  0.00556445  -0.01343377     0.01099338   0.00455361     0.00424247  -0.01024222
  0.00535858   0.00221960     0.00000000  -0.00000000    -0.00535858  -0.00221960
 -0.00424247   0.01024222    -0.01099338  -0.00455361    -0.00556445   0.01343377
    1    6
  0.02080601   0.01294875     0.00000000  -0.00000000    -0.00949838   0.03209303
 -0.00000000  -0.00000000    -0.00375191  -0.00283958     0.00000000   0.00000000
  0.01503261  -0.02000205     0.00000000   0.00000000    -0.01819206  -0.01988772
    1    7
 -0.02080600   0.01294875    -0.00000000   0.00000000     0.00949838   0.03209303
 -0.00000000   0.00000000     0.00375191  -0.00283958    -0.00000000   0.00000000
 -0.01503261  -0.02000205    -0.00000000   0.00000000     0.01819206  -0.01988772
    2    1
  0.01819206  -0.01988772    -0.00000000   0.00000000     0.00949838   0.03209303
  0.00000000   0.00000000     0.00375191  -0.00283958     0.00000000  -0.00000000
 -0.01503261  -0.02000205     0.00000000   0.00000000    -0.02080600   0.01294875
    2    2
  0.04328583   0.00000000    -0.00000000   0.00000000     0.00758295  -0.00656233
 -0.00000000  -0.00000000     0.02695214   0.00000000    -0.00000000   0.00000000
  0.00758295   0.00656233    -0.00000000  -0.00000000     0.04937155  -0.00000000
    2    3
  0.00323418  -0.00799364    -0.00000000   0.00000000     0.01789591   0.00134575
 -0.00000000   0.00000000    -0.01597433   0.01639184     0.00000000  -0.00000000
  0.01789591   0.00134575     0.00000000  -0.00000000     0.01770040  -0.00167511
    2    4
 -0.00879581   0.01261006     0.00001225   0.00698447    -0.00403227  -0.00057171
 -0.01515082   0.01495818    -0.00047258   0.00144701    -0.00911560   0.01012752
 -0.00601648   0.00111846    -0.00083463   0.00346445    -0.00312531   0.00492204
    2    5
 -0.01513623   0.00269708     0.00493010  -0.00494742    -0.00244698  -0.00325551
  0.02129028   0.00013622    -0.00135736   0.00068902     0.01360694  -0.00071553
 -0.00504517  -0.00346343     0.00303991  -0.00185956    -0.00569034   0.00127048
    2    6
  0.02836333  -0.00056847    -0.00000000   0.00000000     0.01159985  -0.00000000
 -0.00000000   0.00000000     0.01641167  -0.00000000    -0.00000000  -0.00000000
  0.02447944  -0.00000000    -0.00000000  -0.00000000     0.02836333   0.00056847
    2    7
 -0.00285779  -0.00292700    -0.00000000   0.00000000     0.01822683   0.00768740
 -0.00000000   0.00000000    -0.01005575   0.01325962     0.00000000  -0.00000000
  0.03951144  -0.00166958     0.00000000  -0.00000000    -0.00285779  -0.00292700
    3    1
 -0.01819206  -0.01988772    -0.00000000  -0.00000000    -0.00949838   0.03209302
 -0.00000000  -0.00000000    -0.00375191  -0.00283958    -0.00000000  -0.00000000
  0.01503261  -0.02000205    -0.00000000  -0.00000000     0.02080600   0.01294875
    3    2
  0.00323418   0.00799364    -0.00000000  -0.00000000     0.01789591  -0.00134575
 -0.00000000  -0.00000000    -0.01597433  -0.01639184     0.00000000   0.00000000
  0.01789591  -0.00134575     0.00000000   0.00000000     0.01770040   0.00167511
    3    3
  0.04328583  -0.00000000    -0.00000000  -0.00000000     0.00758295   0.00656233
 -0.00000000   0.00000000     0.02695214  -0.00000000    -0.00000000   0.00000000
  0.00758295  -0.00656233    -0.00000000   0.00000000     0.04937155   0.00000000
    3    4
 -0.01513623  -0.00269708     0.00493010   0.00494742    -0.00244698   0.00325551
  0.02129028  -0.00013622    -0.00135736  -0.00068902     0.01360694   0.00071553
 -0.00504517   0.00346343     0.00303991   0.00185956    -0.00569034  -0.00127048
    3    5
 -0.00879581  -0.01261006     0.00001225  -0.00698447    -0.00403227   0.00057171
 -0.01515082  -0.01495818    -0.00047258  -0.00144701    -0.00911560  -0.01012752
 -0.00601648  -0.00111846    -0.00083463  -0.00346445    -0.00312531  -0.00492204
    3    6
 -0.00285779   0.00292700    -0.00000000  -0.00000000     0.01822683  -0.00768740
 -0.00000000  -0.00000000    -0.01005575  -0.01325962     0.00000000   0.00000000
  0.03951144   0.00166958     0.00000000   0.00000000    -0.00285779   0.00292700
    3    7
  0.02836333   0.00056847    -0.00000000  -0.00000000     0.01159985   0.00000000
 -0.00000000   0.00000000     0.01641167   0.00000000    -0.00000000   0.00000000
  0.02447944   0.00000000    -0.00000000   0.00000000     0.02836333  -0.00056847
    4    1
 -0.00556445   0.01343377    -0.00535858  -0.00221960     0.00424247  -0.01024222
 -0.01099338  -0.00455361     0.00000000  -0.00000000     0.01099338   0.00455361
 -0.00424247   0.01024222     0.00535858   0.00221960     0.00556445  -0.01343377
    4    2
 -0.00879581  -0.01261006    -0.01515082  -0.01495818    -0.00601648  -0.00111846
  0.00001225  -0.00698447    -0.00047258  -0.00144701    -0.00083463  -0.00346445
 -0.00403227   0.00057171    -0.00911560  -0.01012752    -0.00312531  -0.00492204
    4    3
 -0.01513623   0.00269708     0.02129028   0.00013622    -0.00504517  -0.00346343
  0.00493010  -0.00494742    -0.00135736   0.00068902     0.00303991  -0.00185956
 -0.00244698  -0.00325551     0.01360694  -0.00071553    -0.00569034   0.00127048
    4    4
  0.03587221  -0.00000000    -0.00000000  -0.00227145     0.01233291   0.00000000
 -0.00000000   0.00227145     0.00994635  -0.00000000    -0.00000000   0.00227145
  0.01233291   0.00000000    -0.00000000  -0.00227145     0.03587221   0.00000000
    4    5
 -0.00442051  -0.00442051    -0.00209158   0.00209158    -0.00855203  -0.00855204
 -0.00209158   0.00209158     0.00165644   0.00165644    -0.00209158   0.00209158
 -0.00855203  -0.00855204    -0.00209158   0.00209158    -0.00442051  -0.00442051
    4    6
 -0.00312531  -0.00492204    -0.00911560  -0.01012752    -0.00403227   0.00057171
 -0.00083463  -0.00346445    -0.00047258  -0.00144701     0.00001225  -0.00698447
 -0.00601648  -0.00111846    -0.01515082  -0.01495818    -0.00879581  -0.01261006
    4    7
 -0.00569034   0.00127048     0.01360694  -0.00071553    -0.00244698  -0.00325551
  0.00303991  -0.00185956    -0.00135736   0.00068902     0.00493010  -0.00494742
 -0.00504517  -0.00346343     0.02129028   0.00013622    -0.01513623   0.00269708
    5    1
  0.00556445   0.01343377     0.00535858  -0.00221960    -0.00424247  -0.01024222
  0.01099338  -0.00455361     0.00000000   0.00000000    -0.01099338   0.00455361
  0.00424247   0.01024222    -0.00535858   0.00221960    -0.00556445  -0.01343377
    5    2
 -0.01513623  -0.00269708     0.02129028  -0.00013622    -0.00504517   0.00346343
  0.00493010   0.00494742    -0.00135736  -0.00068902     0.00303991   0.00185956
 -0.00244698   0.00325551     0.01360694   0.00071553    -0.00569034  -0.00127048
    5    3
 -0.00879581   0.01261006    -0.01515082   0.01495818    -0.00601648   0.00111846
  0.00001225   0.00698447    -0.00047258   0.00144701    -0.00083463   0.00346445
 -0.00403227  -0.00057171    -0.00911560   0.01012752    -0.00312531   0.00492204
    5    4
 -0.00442051   0.00442051    -0.00209158  -0.00209158    -0.00855203   0.00855204
 -0.00209158  -0.00209158     0.00165644  -0.00165644    -0.00209158  -0.00209158
 -0.00855203   0.00855204    -0.00209158  -0.00209158    -0.00442051   0.00442051
    5    5
  0.03587221   0.00000000    -0.00000000   0.00227145     0.01233291   0.00000000
 -0.00000000  -0.00227145     0.00994635  -0.00000000    -0.00000000  -0.00227145
  0.01233291  -0.00000000    -0.00000000   0.00227145     0.03587221  -0.00000000
    5    6
 -0.00569034  -0.00127048     0.01360694   0.00071553    -0.00244698   0.00325551
  0.00303991   0.00185956    -0.00135736  -0.00068902     0.00493010   0.00494742
 -0.00504517   0.00346343     0.02129028  -0.00013622    -0.01513623  -0.00269708
    5    7
 -0.00312531   0.00492204    -0.00911560   0.01012752    -0.00403227  -0.00057171
 -0.00083463   0.00346445    -0.00047258   0.00144701     0.00001225   0.00698447
 -0.00601648   0.00111846    -0.01515082   0.01495818    -0.00879581   0.01261006
    6    1
  0.02080601  -0.01294875    -0.00000000   0.00000000     0.01503261   0.02000205
 -0.00000000   0.00000000    -0.00375191   0.00283958     0.00000000  -0.00000000
 -0.00949838  -0.03209303     0.00000000   0.00000000    -0.01819206   0.01988772
    6    2
  0.02836333   0.00056847    -0.00000000  -0.00000000     0.02447944   0.00000000
 -0.00000000  -0.00000000     0.01641167   0.00000000    -0.00000000   0.00000000
  0.01159985   0.00000000    -0.00000000   0.00000000     0.02836333  -0.00056847
    6    3
 -0.00285779  -0.00292700    -0.00000000   0.00000000     0.03951144  -0.00166958
 -0.00000000   0.00000000    -0.01005575   0.01325962     0.00000000  -0.00000000
  0.01822683   0.00768740     0.00000000  -0.00000000    -0.00285779  -0.00292700
    6    4
 -0.00312531   0.00492204    -0.00083463   0.00346445    -0.00601648   0.00111846
 -0.00911560   0.01012752    -0.00047258   0.00144701    -0.01515082   0.01495818
 -0.00403227  -0.00057171     0.00001225   0.00698447    -0.00879581   0.01261006
    6    5
 -0.00569034   0.00127048     0.00303991  -0.00185956    -0.00504517  -0.00346343
  0.01360694  -0.00071553    -0.00135736   0.00068902     0.02129028   0.00013622
 -0.00244698  -0.00325551     0.00493010  -0.00494742    -0.01513623   0.00269708
    6    6
  0.04937155  -0.00000000    -0.00000000  -0.00000000     0.00758295   0.00656233
 -0.00000000   0.00000000     0.02695214   0.00000000    -0.00000000   0.00000000
  0.00758295  -0.00656233    -0.00000000   0.00000000     0.04328583  -0.00000000
    6    7
  0.01770040  -0.00167511    -0.00000000   0.00000000     0.01789591   0.00134575
 -0.00000000   0.00000000    -0.01597433   0.01639184     0.00000000  -0.00000000
  0.01789591   0.00134575     0.00000000  -0.00000000     0.00323418  -0.00799364
    7    1
 -0.02080600  -0.01294875    -0.00000000  -0.00000000    -0.01503261   0.02000205
 -0.00000000  -0.00000000     0.00375191   0.00283958    -0.00000000  -0.00000000
  0.00949838  -0.03209303    -0.00000000  -0.00000000     0.01819206   0.01988772
    7    2
 -0.00285779   0.00292700    -0.00000000  -0.00000000     0.03951144   0.00166958
 -0.00000000  -0.00000000    -0.01005575  -0.01325962     0.00000000   0.00000000
  0.01822683  -0.00768740     0.00000000   0.00000000    -0.00285779   0.00292700
    7    3
  0.02836333  -0.00056847    -0.00000000  -0.00000000     0.02447944  -0.00000000
 -0.00000000   0.00000000     0.01641167  -0.00000000    -0.00000000   0.00000000
  0.01159985  -0.00000000    -0.00000000  -0.00000000     0.02836333   0.00056847
    7    4
 -0.00569034  -0.00127048     0.00303991   0.00185956    -0.00504517   0.00346343
  0.01360694   0.00071553    -0.00135736  -0.00068902     0.02129028  -0.00013622
 -0.00244698   0.00325551     0.00493010   0.00494742    -0.01513623  -0.00269708
    7    5
 -0.00312531  -0.00492204    -0.00083463  -0.00346445    -0.00601648  -0.00111846
 -0.00911560  -0.01012752    -0.00047258  -0.00144701    -0.01515082  -0.01495818
 -0.00403227   0.00057171     0.00001225  -0.00698447    -0.00879581  -0.01261006
    7    6
  0.01770040   0.00167511    -0.00000000  -0.00000000     0.01789591  -0.00134575
 -0.00000000  -0.00000000    -0.01597433  -0.01639184     0.00000000   0.00000000
  0.01789591  -0.00134575     0.00000000   0.00000000     0.00323418   0.00799364
    7    7
  0.04937155   0.00000000    -0.00000000   0.00000000     0.00758295  -0.00656233
 -0.00000000  -0.00000000     0.02695214  -0.00000000    -0.00000000   0.00000000
  0.00758295   0.00656233    -0.00000000   0.00000000     0.04328583   0.00000000

     Dynamical  Matrix in cartesian axes

     q = (    0.324759500   0.866025400   0.324759500 ) 

    1    1
  0.13260416  -0.00000000     0.00000000   0.00000000    -0.02198525   0.00000000
 -0.00000000   0.00000000     0.01623718  -0.00000000    -0.00000000   0.00000000
 -0.02198525  -0.00000000    -0.00000000   0.00000000     0.13260416  -0.00000000
    1    2
 -0.02692647   0.00119901    -0.00000000  -0.00000000     0.00351393  -0.02477325
 -0.00000000   0.00000000    -0.00466088  -0.00064512     0.00000000   0.00000000
 -0.01597683   0.02940956     0.00000000  -0.00000000     0.02386822   0.00555592
    1    3
 -0.01819206  -0.01988772     0.00000000  -0.00000000    -0.01503261   0.02000205
  0.00000000   0.00000000    -0.00375191  -0.00283958     0.00000000  -0.00000000
  0.00949838  -0.03209303    -0.00000000   0.00000000     0.02080600   0.01294875
    1    4
 -0.00556445   0.01343377    -0.01099338  -0.00455361     0.00424247  -0.01024222
 -0.00535858  -0.00221960    -0.00000000   0.00000000    -0.00535858  -0.00221960
 -0.00424247   0.01024222    -0.01099338  -0.00455361     0.00556445  -0.01343377
    1    5
  0.00556445  -0.01343377    -0.01099338  -0.00455361    -0.00424247   0.01024222
 -0.00535858  -0.00221960    -0.00000000   0.00000000    -0.00535858  -0.00221960
  0.00424247  -0.01024222    -0.01099338  -0.00455361    -0.00556445   0.01343377
    1    6
  0.02080600   0.01294875    -0.00000000  -0.00000000     0.00949838  -0.03209303
  0.00000000  -0.00000000    -0.00375191  -0.00283958     0.00000000   0.00000000
 -0.01503261   0.02000205     0.00000000   0.00000000    -0.01819206  -0.01988772
    1    7
  0.02386822   0.00555592     0.00000000  -0.00000000    -0.01597683   0.02940956
  0.00000000   0.00000000    -0.00466088  -0.00064512    -0.00000000   0.00000000
  0.00351393  -0.02477325    -0.00000000  -0.00000000    -0.02692647   0.00119901
    2    1
 -0.02692647  -0.00119901    -0.00000000  -0.00000000    -0.01597683  -0.02940956
 -0.00000000   0.00000000    -0.00466088   0.00064512     0.00000000   0.00000000
  0.00351393   0.02477325     0.00000000  -0.00000000     0.02386822  -0.00555592
    2    2
  0.04328583   0.00000000    -0.00000000   0.00000000    -0.00758295  -0.00656233
  0.00000000   0.00000000     0.02695214  -0.00000000    -0.00000000   0.00000000
 -0.00758295   0.00656233    -0.00000000  -0.00000000     0.04937155   0.00000000
    2    3
 -0.00793926  -0.00336544     0.00000000  -0.00000000     0.01170273  -0.01360591
  0.00000000  -0.00000000     0.02288634   0.00029522     0.00000000   0.00000000
  0.01170273  -0.01360591     0.00000000   0.00000000    -0.01370055   0.01133160
    2    4
  0.01513623   0.00269708     0.00493010   0.00494742    -0.00244698   0.00325551
  0.02129028  -0.00013622     0.00135736   0.00068902    -0.01360694  -0.00071553
 -0.00504517   0.00346343    -0.00303991  -0.00185956     0.00569034   0.00127048
    2    5
 -0.01513623  -0.00269708     0.00493010   0.00494742     0.00244698  -0.00325551
  0.02129028  -0.00013622    -0.00135736  -0.00068902    -0.01360694  -0.00071553
  0.00504517  -0.00346343    -0.00303991  -0.00185956    -0.00569034  -0.00127048
    2    6
  0.00004894   0.00409046    -0.00000000   0.00000000    -0.00745250   0.01832413
 -0.00000000   0.00000000    -0.01648646  -0.00226547    -0.00000000   0.00000000
 -0.02911937   0.02675824    -0.00000000   0.00000000     0.00004894   0.00409046
    2    7
 -0.02836333  -0.00056847    -0.00000000   0.00000000     0.01159985  -0.00000000
 -0.00000000   0.00000000    -0.01641167   0.00000000    -0.00000000  -0.00000000
  0.02447944  -0.00000000    -0.00000000  -0.00000000    -0.02836333   0.00056847
    3    1
 -0.01819206   0.01988772     0.00000000  -0.00000000     0.00949838   0.03209303
  0.00000000   0.00000000    -0.00375191   0.00283958    -0.00000000   0.00000000
 -0.01503261  -0.02000205    -0.00000000   0.00000000     0.02080600  -0.01294875
    3    2
 -0.00793926   0.00336544     0.00000000   0.00000000     0.01170273   0.01360591
  0.00000000   0.00000000     0.02288634  -0.00029522     0.00000000  -0.00000000
  0.01170273   0.01360591     0.00000000  -0.00000000    -0.01370055  -0.01133160
    3    3
  0.04328583  -0.00000000     0.00000000  -0.00000000    -0.00758295   0.00656233
 -0.00000000  -0.00000000     0.02695214   0.00000000    -0.00000000  -0.00000000
 -0.00758295  -0.00656233    -0.00000000   0.00000000     0.04937155  -0.00000000
    3    4
 -0.01513623   0.00269708     0.00493010  -0.00494742     0.00244698   0.00325551
  0.02129028   0.00013622    -0.00135736   0.00068902    -0.01360694   0.00071553
  0.00504517   0.00346343    -0.00303991   0.00185956    -0.00569034   0.00127048
    3    5
  0.01513623  -0.00269708     0.00493010  -0.00494742    -0.00244698  -0.00325551
  0.02129028   0.00013622     0.00135736  -0.00068902    -0.01360694   0.00071553
 -0.00504517  -0.00346343    -0.00303991   0.00185956     0.00569034  -0.00127048
    3    6
 -0.02836333   0.00056847     0.00000000  -0.00000000     0.01159985  -0.00000000
 -0.00000000  -0.00000000    -0.01641167   0.00000000    -0.00000000   0.00000000
  0.02447944  -0.00000000     0.00000000   0.00000000    -0.02836333  -0.00056847
    3    7
  0.00004894  -0.00409046    -0.00000000  -0.00000000    -0.00745250  -0.01832413
 -0.00000000  -0.00000000    -0.01648646   0.00226547    -0.00000000  -0.00000000
 -0.02911937  -0.02675824    -0.00000000  -0.00000000     0.00004894  -0.00409046
    4    1
 -0.00556445  -0.01343377    -0.00535858   0.00221960    -0.00424247  -0.01024222
 -0.01099338   0.00455361    -0.00000000  -0.00000000    -0.01099338   0.00455361
  0.00424247   0.01024222    -0.00535858   0.00221960     0.00556445   0.01343377
    4    2
  0.01513623  -0.00269708     0.02129028   0.00013622    -0.00504517  -0.00346343
  0.00493010  -0.00494742     0.00135736  -0.00068902    -0.00303991   0.00185956
 -0.00244698  -0.00325551    -0.01360694   0.00071553     0.00569034  -0.00127048
    4    3
 -0.01513623  -0.00269708     0.02129028  -0.00013622     0.00504517  -0.00346343
  0.00493010   0.00494742    -0.00135736  -0.00068902    -0.00303991  -0.00185956
  0.00244698  -0.00325551    -0.01360694  -0.00071553    -0.00569034  -0.00127048
    4    4
  0.03587221   0.00000000     0.00000000   0.00227145    -0.01233291   0.00000000
  0.00000000  -0.00227145     0.00994635  -0.00000000    -0.00000000   0.00227145
 -0.01233291   0.00000000    -0.00000000  -0.00227145     0.03587221  -0.00000000
    4    5
  0.00625155   0.00000000     0.00000000   0.00295794    -0.01209440  -0.00000000
  0.00000000   0.00295794    -0.00234256  -0.00000000     0.00000000  -0.00295794
 -0.01209440  -0.00000000     0.00000000  -0.00295794     0.00625155   0.00000000
    4    6
  0.00569034   0.00127048    -0.01360694  -0.00071553    -0.00244698   0.00325551
 -0.00303991  -0.00185956     0.00135736   0.00068902     0.00493010   0.00494742
 -0.00504517   0.00346343     0.02129028  -0.00013622     0.01513623   0.00269708
    4    7
 -0.00569034   0.00127048    -0.01360694   0.00071553     0.00244698   0.00325551
 -0.00303991   0.00185956    -0.00135736   0.00068902     0.00493010  -0.00494742
  0.00504517   0.00346343     0.02129028   0.00013622    -0.01513623   0.00269708
    5    1
  0.00556445   0.01343377    -0.00535858   0.00221960     0.00424247   0.01024222
 -0.01099338   0.00455361    -0.00000000  -0.00000000    -0.01099338   0.00455361
 -0.00424247  -0.01024222    -0.00535858   0.00221960    -0.00556445  -0.01343377
    5    2
 -0.01513623   0.00269708     0.02129028   0.00013622     0.00504517   0.00346343
  0.00493010  -0.00494742    -0.00135736   0.00068902    -0.00303991   0.00185956
  0.00244698   0.00325551    -0.01360694   0.00071553    -0.00569034   0.00127048
    5    3
  0.01513623   0.00269708     0.02129028  -0.00013622    -0.00504517   0.00346343
  0.00493010   0.00494742     0.00135736   0.00068902    -0.00303991  -0.00185956
 -0.00244698   0.00325551    -0.01360694  -0.00071553     0.00569034   0.00127048
    5    4
  0.00625155  -0.00000000     0.00000000  -0.00295794    -0.01209440   0.00000000
  0.00000000  -0.00295794    -0.00234256   0.00000000    -0.00000000   0.00295794
 -0.01209440   0.00000000     0.00000000   0.00295794     0.00625155  -0.00000000
    5    5
  0.03587221  -0.00000000     0.00000000  -0.00227145    -0.01233291   0.00000000
  0.00000000   0.00227145     0.00994635   0.00000000    -0.00000000  -0.00227145
 -0.01233291   0.00000000    -0.00000000   0.00227145     0.03587221   0.00000000
    5    6
 -0.00569034  -0.00127048    -0.01360694  -0.00071553     0.00244698  -0.00325551
 -0.00303991  -0.00185956    -0.00135736  -0.00068902     0.00493010   0.00494742
  0.00504517  -0.00346343     0.02129028  -0.00013622    -0.01513623  -0.00269708
    5    7
  0.00569034  -0.00127048    -0.01360694   0.00071553    -0.00244698  -0.00325551
 -0.00303991   0.00185956     0.00135736  -0.00068902     0.00493010  -0.00494742
 -0.00504517  -0.00346343     0.02129028   0.00013622     0.01513623  -0.00269708
    6    1
  0.02080600  -0.01294875    -0.00000000   0.00000000    -0.01503261  -0.02000205
 -0.00000000  -0.00000000    -0.00375191   0.00283958     0.00000000  -0.00000000
  0.00949838   0.03209303     0.00000000  -0.00000000    -0.01819206   0.01988772
    6    2
  0.00004894  -0.00409046    -0.00000000  -0.00000000    -0.02911937  -0.02675824
 -0.00000000  -0.00000000    -0.01648646   0.00226547    -0.00000000  -0.00000000
 -0.00745250  -0.01832413    -0.00000000  -0.00000000     0.00004894  -0.00409046
    6    3
 -0.02836333  -0.00056847     0.00000000   0.00000000     0.02447944   0.00000000
 -0.00000000   0.00000000    -0.01641167  -0.00000000    -0.00000000  -0.00000000
  0.01159985   0.00000000     0.00000000  -0.00000000    -0.02836333   0.00056847
    6    4
  0.00569034  -0.00127048    -0.00303991   0.00185956    -0.00504517  -0.00346343
 -0.01360694   0.00071553     0.00135736  -0.00068902     0.02129028   0.00013622
 -0.00244698  -0.00325551     0.00493010  -0.00494742     0.01513623  -0.00269708
    6    5
 -0.00569034   0.00127048    -0.00303991   0.00185956     0.00504517   0.00346343
 -0.01360694   0.00071553    -0.00135736   0.00068902     0.02129028   0.00013622
  0.00244698   0.00325551     0.00493010  -0.00494742    -0.01513623   0.00269708
    6    6
  0.04937155  -0.00000000     0.00000000   0.00000000    -0.00758295  -0.00656233
  0.00000000  -0.00000000     0.02695214   0.00000000    -0.00000000  -0.00000000
 -0.00758295   0.00656233    -0.00000000   0.00000000     0.04328583   0.00000000
    6    7
 -0.01370055  -0.01133160     0.00000000  -0.00000000     0.01170273   0.01360591
  0.00000000  -0.00000000     0.02288634  -0.00029522     0.00000000   0.00000000
  0.01170273   0.01360591     0.00000000   0.00000000    -0.00793926   0.00336544
    7    1
  0.02386822  -0.00555592     0.00000000  -0.00000000     0.00351393   0.02477325
  0.00000000   0.00000000    -0.00466088   0.00064512    -0.00000000   0.00000000
 -0.01597683  -0.02940956    -0.00000000  -0.00000000    -0.02692647  -0.00119901
    7    2
 -0.02836333   0.00056847    -0.00000000  -0.00000000     0.02447944   0.00000000
 -0.00000000  -0.00000000    -0.01641167  -0.00000000    -0.00000000   0.00000000
  0.01159985   0.00000000    -0.00000000   0.00000000    -0.02836333  -0.00056847
    7    3
  0.00004894   0.00409046    -0.00000000   0.00000000    -0.02911937   0.02675824
 -0.00000000   0.00000000    -0.01648646  -0.00226547    -0.00000000   0.00000000
 -0.00745250   0.01832413    -0.00000000   0.00000000     0.00004894   0.00409046
    7    4
 -0.00569034  -0.00127048    -0.00303991  -0.00185956     0.00504517  -0.00346343
 -0.01360694  -0.00071553    -0.00135736  -0.00068902     0.02129028  -0.00013622
  0.00244698  -0.00325551     0.00493010   0.00494742    -0.01513623  -0.00269708
    7    5
  0.00569034   0.00127048    -0.00303991  -0.00185956    -0.00504517   0.00346343
 -0.01360694  -0.00071553     0.00135736   0.00068902     0.02129028  -0.00013622
 -0.00244698   0.00325551     0.00493010   0.00494742     0.01513623   0.00269708
    7    6
 -0.01370055   0.01133160     0.00000000   0.00000000     0.01170273  -0.01360591
  0.00000000   0.00000000     0.02288634   0.00029522     0.00000000  -0.00000000
  0.01170273  -0.01360591     0.00000000  -0.00000000    -0.00793926  -0.00336544
    7    7
  0.04937155   0.00000000    -0.00000000  -0.00000000    -0.00758295   0.00656233
  0.00000000   0.00000000     0.02695214  -0.00000000    -0.00000000   0.00000000
 -0.00758295  -0.00656233    -0.00000000   0.00000000     0.04328583  -0.00000000

     Dynamical  Matrix in cartesian axes

     q = (   -0.324759500   0.866025400  -0.324759500 ) 

    1    1
  0.13260416  -0.00000000     0.00000000   0.00000000    -0.02198525  -0.00000000
 -0.00000000   0.00000000     0.01623718  -0.00000000    -0.00000000   0.00000000
 -0.02198525  -0.00000000    -0.00000000   0.00000000     0.13260416  -0.00000000
    1    2
 -0.02692647  -0.00119901     0.00000000  -0.00000000     0.00351393   0.02477325
  0.00000000   0.00000000    -0.00466088   0.00064512    -0.00000000   0.00000000
 -0.01597684  -0.02940956    -0.00000000   0.00000000     0.02386822  -0.00555592
    1    3
 -0.01819206   0.01988772     0.00000000  -0.00000000    -0.01503261  -0.02000205
  0.00000000  -0.00000000    -0.00375191   0.00283958    -0.00000000   0.00000000
  0.00949838   0.03209303    -0.00000000   0.00000000     0.02080600  -0.01294875
    1    4
 -0.00556445  -0.01343377    -0.01099338   0.00455361     0.00424247   0.01024222
 -0.00535858   0.00221960    -0.00000000  -0.00000000    -0.00535858   0.00221960
 -0.00424247  -0.01024222    -0.01099338   0.00455361     0.00556445   0.01343377
    1    5
  0.00556445   0.01343377    -0.01099338   0.00455361    -0.00424247  -0.01024222
 -0.00535858   0.00221960    -0.00000000  -0.00000000    -0.00535858   0.00221960
  0.00424247   0.01024222    -0.01099338   0.00455361    -0.00556445  -0.01343377
    1    6
  0.02080600  -0.01294875    -0.00000000   0.00000000     0.00949838   0.03209303
 -0.00000000   0.00000000    -0.00375191   0.00283958     0.00000000  -0.00000000
 -0.01503261  -0.02000205     0.00000000  -0.00000000    -0.01819206   0.01988772
    1    7
  0.02386822  -0.00555592    -0.00000000   0.00000000    -0.01597684  -0.02940956
 -0.00000000  -0.00000000    -0.00466088   0.00064512     0.00000000  -0.00000000
