  3.500000000000000E-002   1.26001304832687        2.38111420361614     
           6

     Dynamical  Matrix in cartesian axes

     q = (    0.000000000   0.000000000   0.649519100 ) 

    1    1
  0.02691536   0.00000000     0.00000000   0.00000000    -0.00000000   0.00000000
  0.00000000   0.00000000     0.02691536   0.00000000    -0.00000000   0.00000000
 -0.00000000   0.00000000    -0.00000000   0.00000000     0.19261647   0.00000000
    1    2
 -0.00034092  -0.00034092     0.00000000  -0.00000000    -0.00422328   0.00422329
  0.00000000  -0.00000000    -0.00064086  -0.00064086     0.00000000   0.00000000
 -0.03183698   0.03183699     0.00000000   0.00000000    -0.01467587  -0.01467586
    1    3
  0.00048214  -0.00000000     0.00000000   0.00000000     0.00000000   0.00597263
  0.00000000  -0.00000000     0.00090631  -0.00000000    -0.00000000   0.00000000
  0.00000000   0.04502430    -0.00000000   0.00000000     0.02075481  -0.00000000
    1    4
  0.00090631  -0.00000000     0.00000000  -0.00000000    -0.00000000   0.00000000
  0.00000000  -0.00000000     0.00048214  -0.00000000     0.00000000   0.00597263
 -0.00000000   0.00000000     0.00000000   0.04502430     0.02075481  -0.00000000
    1    5
 -0.00064086  -0.00064086     0.00000000  -0.00000000     0.00000000   0.00000000
  0.00000000  -0.00000000    -0.00034092  -0.00034092    -0.00422328   0.00422329
  0.00000000   0.00000000    -0.03183698   0.03183699    -0.01467587  -0.01467586
    1    6
 -0.00054550   0.00400802     0.00000000  -0.00000000    -0.00000000   0.00000000
  0.00000000  -0.00000000    -0.00244837   0.00321983    -0.00000000   0.00000000
 -0.00000000   0.00000000    -0.00000000   0.00000000     0.01076896  -0.02599858
    1    7
 -0.00244837   0.00321983     0.00000000  -0.00000000    -0.00000000   0.00000000
  0.00000000  -0.00000000    -0.00054550   0.00400802    -0.00000000   0.00000000
 -0.00000000   0.00000000    -0.00000000   0.00000000     0.01076896  -0.02599858
    2    1
 -0.00034092   0.00034092     0.00000000   0.00000000    -0.03183698  -0.03183699
  0.00000000   0.00000000    -0.00064086   0.00064086     0.00000000  -0.00000000
 -0.00422328  -0.00422329     0.00000000  -0.00000000    -0.01467587   0.01467586
    2    2
  0.02404424   0.00000000    -0.00000000  -0.00000000     0.00000000   0.00705691
 -0.00000000   0.00000000     0.06329143  -0.00000000    -0.00000000   0.00000000
 -0.00000000  -0.00705691     0.00000000   0.00000000     0.02975420   0.00000000
    2    3
  0.00719040  -0.00719039    -0.00000000   0.00000000    -0.00334999  -0.00334999
 -0.00000000   0.00000000     0.04129079  -0.04129078     0.00000000   0.00000000
 -0.00334999  -0.00334999     0.00000000   0.00000000     0.00636489  -0.00636489
    2    4
  0.00108860  -0.00108860     0.00739840  -0.00739839    -0.00173771  -0.00173771
  0.04209394  -0.04209393     0.00108860  -0.00108860     0.00011919   0.00011919
  0.00011919   0.00011919    -0.00173771  -0.00173771    -0.00160898   0.00160898
    2    5
 -0.00153951  -0.00000000     0.01046291  -0.00000000     0.00000000   0.00245749
  0.05952981   0.00000000    -0.00153951   0.00000000     0.00000000   0.00016856
 -0.00000000  -0.00016856    -0.00000000  -0.00245749     0.00227544   0.00000000
    2    6
  0.00432672  -0.00077505    -0.00000000   0.00000000    -0.00355254   0.00239169
 -0.00000000   0.00000000    -0.00065511   0.00063390    -0.00000000   0.00000000
  0.01440727  -0.01579364    -0.00000000   0.00000000     0.00614934  -0.00127061
    2    7
 -0.00360749   0.00251141     0.00000000  -0.00000000    -0.00420321   0.00082085
 -0.00000000  -0.00000000     0.00091147  -0.00001500     0.00000000  -0.00000000
  0.02135526   0.00098031     0.00000000  -0.00000000    -0.00524670   0.00344978
    3    1
  0.00048214   0.00000000     0.00000000   0.00000000     0.00000000  -0.04502430
  0.00000000   0.00000000     0.00090631   0.00000000    -0.00000000  -0.00000000
  0.00000000  -0.00597263    -0.00000000  -0.00000000     0.02075481   0.00000000
    3    2
  0.00719040   0.00719039    -0.00000000  -0.00000000    -0.00334999   0.00334999
 -0.00000000  -0.00000000     0.04129079   0.04129078     0.00000000  -0.00000000
 -0.00334999   0.00334999     0.00000000  -0.00000000     0.00636489   0.00636489
    3    3
  0.02404424  -0.00000000    -0.00000000   0.00000000     0.00000000  -0.00705691
 -0.00000000  -0.00000000     0.06329143   0.00000000    -0.00000000   0.00000000
 -0.00000000   0.00705691     0.00000000  -0.00000000     0.02975420  -0.00000000
    3    4
 -0.00153951   0.00000000     0.01046291  -0.00000000     0.00000000  -0.00245749
  0.05952981  -0.00000000    -0.00153951   0.00000000     0.00000000  -0.00016856
 -0.00000000   0.00016856    -0.00000000   0.00245749     0.00227544  -0.00000000
    3    5
  0.00108860   0.00108860     0.00739840   0.00739839    -0.00173771   0.00173771
  0.04209394   0.04209393     0.00108860   0.00108860     0.00011919  -0.00011919
  0.00011919  -0.00011919    -0.00173771   0.00173771    -0.00160898  -0.00160898
    3    6
 -0.00360749  -0.00251141     0.00000000   0.00000000    -0.00420321  -0.00082085
 -0.00000000   0.00000000     0.00091147   0.00001500     0.00000000   0.00000000
  0.02135526  -0.00098031     0.00000000   0.00000000    -0.00524670  -0.00344978
    3    7
  0.00432672   0.00077505    -0.00000000  -0.00000000    -0.00355254  -0.00239169
 -0.00000000  -0.00000000    -0.00065511  -0.00063390    -0.00000000  -0.00000000
  0.01440727   0.01579364    -0.00000000  -0.00000000     0.00614934   0.00127061
    4    1
  0.00090631   0.00000000     0.00000000   0.00000000    -0.00000000   0.00000000
  0.00000000   0.00000000     0.00048214   0.00000000     0.00000000  -0.04502430
 -0.00000000   0.00000000     0.00000000  -0.00597263     0.02075481   0.00000000
    4    2
  0.00108860   0.00108860     0.04209394   0.04209393     0.00011919  -0.00011919
  0.00739840   0.00739839     0.00108860   0.00108860    -0.00173771   0.00173771
 -0.00173771   0.00173771     0.00011919  -0.00011919    -0.00160898  -0.00160898
    4    3
 -0.00153951  -0.00000000     0.05952981   0.00000000     0.00000000  -0.00016856
  0.01046291   0.00000000    -0.00153951  -0.00000000     0.00000000  -0.00245749
 -0.00000000   0.00245749    -0.00000000   0.00016856     0.00227544   0.00000000
    4    4
  0.06329143   0.00000000    -0.00000000  -0.00000000    -0.00000000  -0.00000000
 -0.00000000   0.00000000     0.02404424   0.00000000    -0.00000000  -0.00705691
 -0.00000000   0.00000000    -0.00000000   0.00705691     0.02975420   0.00000000
    4    5
  0.04129079   0.04129078     0.00000000  -0.00000000    -0.00000000  -0.00000000
 -0.00000000  -0.00000000     0.00719040   0.00719039    -0.00334999   0.00334999
  0.00000000   0.00000000    -0.00334999   0.00334999     0.00636489   0.00636489
    4    6
 -0.00065511  -0.00063390    -0.00000000  -0.00000000    -0.00000000  -0.00000000
  0.00000000  -0.00000000     0.00432672   0.00077505    -0.00355254  -0.00239169
 -0.00000000  -0.00000000     0.01440727   0.01579364     0.00614934   0.00127061
    4    7
  0.00091147   0.00001500    -0.00000000   0.00000000     0.00000000   0.00000000
  0.00000000   0.00000000    -0.00360749  -0.00251141    -0.00420321  -0.00082085
  0.00000000   0.00000000     0.02135526  -0.00098031    -0.00524670  -0.00344978
    5    1
 -0.00064086   0.00064086     0.00000000   0.00000000     0.00000000   0.00000000
  0.00000000   0.00000000    -0.00034092   0.00034092    -0.03183698  -0.03183699
  0.00000000  -0.00000000    -0.00422328  -0.00422329    -0.01467587   0.01467586
    5    2
 -0.00153951   0.00000000     0.05952981   0.00000000     0.00000000   0.00016856
  0.01046291   0.00000000    -0.00153951  -0.00000000     0.00000000   0.00245749
  0.00000000  -0.00245749     0.00000000  -0.00016856     0.00227544   0.00000000
    5    3
  0.00108860  -0.00108860     0.04209394  -0.04209393     0.00011919   0.00011919
  0.00739840  -0.00739839     0.00108860  -0.00108860    -0.00173771  -0.00173771
 -0.00173771  -0.00173771     0.00011919   0.00011919    -0.00160898   0.00160898
    5    4
  0.04129079  -0.04129078     0.00000000   0.00000000    -0.00000000   0.00000000
 -0.00000000   0.00000000     0.00719040  -0.00719039    -0.00334999  -0.00334999
  0.00000000   0.00000000    -0.00334999  -0.00334999     0.00636489  -0.00636489
    5    5
  0.06329143  -0.00000000    -0.00000000   0.00000000    -0.00000000   0.00000000
 -0.00000000  -0.00000000     0.02404424  -0.00000000    -0.00000000   0.00705691
 -0.00000000  -0.00000000    -0.00000000  -0.00705691     0.02975420  -0.00000000
    5    6
  0.00091147  -0.00001500    -0.00000000  -0.00000000     0.00000000  -0.00000000
  0.00000000  -0.00000000    -0.00360749   0.00251141    -0.00420321   0.00082085
  0.00000000  -0.00000000     0.02135526   0.00098031    -0.00524670   0.00344978
    5    7
 -0.00065511   0.00063390    -0.00000000   0.00000000    -0.00000000   0.00000000
 -0.00000000   0.00000000     0.00432672  -0.00077505    -0.00355254   0.00239169
 -0.00000000   0.00000000     0.01440727  -0.01579364     0.00614934  -0.00127061
    6    1
 -0.00054550  -0.00400802     0.00000000   0.00000000    -0.00000000  -0.00000000
  0.00000000   0.00000000    -0.00244837  -0.00321983    -0.00000000  -0.00000000
 -0.00000000  -0.00000000    -0.00000000  -0.00000000     0.01076896   0.02599858
    6    2
  0.00432672   0.00077505    -0.00000000  -0.00000000     0.01440727   0.01579364
 -0.00000000   0.00000000    -0.00065511  -0.00063390    -0.00000000  -0.00000000
 -0.00355254  -0.00239169     0.00000000   0.00000000     0.00614934   0.00127061
    6    3
 -0.00360749   0.00251141    -0.00000000  -0.00000000     0.02135526   0.00098031
  0.00000000  -0.00000000     0.00091147  -0.00001500     0.00000000   0.00000000
 -0.00420321   0.00082085    -0.00000000  -0.00000000    -0.00524670   0.00344978
    6    4
 -0.00065511   0.00063390     0.00000000  -0.00000000    -0.00000000   0.00000000
 -0.00000000   0.00000000     0.00432672  -0.00077505     0.01440727  -0.01579364
 -0.00000000  -0.00000000    -0.00355254   0.00239169     0.00614934  -0.00127061
    6    5
  0.00091147   0.00001500     0.00000000   0.00000000     0.00000000   0.00000000
 -0.00000000   0.00000000    -0.00360749  -0.00251141     0.02135526  -0.00098031
  0.00000000   0.00000000    -0.00420321  -0.00082085    -0.00524670  -0.00344978
    6    6
  0.03120307   0.00000000     0.00000000  -0.00000000    -0.00000000   0.00000000
  0.00000000   0.00000000     0.03120307  -0.00000000    -0.00000000   0.00000000
 -0.00000000   0.00000000    -0.00000000   0.00000000     0.04684974   0.00000000
    6    7
  0.01350926   0.01676768     0.00000000  -0.00000000    -0.00000000   0.00000000
  0.00000000  -0.00000000     0.01350926  -0.01676768    -0.00000000   0.00000000
 -0.00000000  -0.00000000    -0.00000000  -0.00000000     0.01943997  -0.00000000
    7    1
 -0.00244837  -0.00321983     0.00000000   0.00000000    -0.00000000  -0.00000000
  0.00000000   0.00000000    -0.00054550  -0.00400802    -0.00000000  -0.00000000
 -0.00000000  -0.00000000    -0.00000000  -0.00000000     0.01076896   0.02599858
    7    2
 -0.00360749  -0.00251141    -0.00000000   0.00000000     0.02135526  -0.00098031
 -0.00000000   0.00000000     0.00091147   0.00001500     0.00000000   0.00000000
 -0.00420321  -0.00082085    -0.00000000   0.00000000    -0.00524670  -0.00344978
    7    3
  0.00432672  -0.00077505    -0.00000000   0.00000000     0.01440727  -0.01579364
  0.00000000  -0.00000000    -0.00065511   0.00063390     0.00000000   0.00000000
 -0.00355254   0.00239169     0.00000000   0.00000000     0.00614934  -0.00127061
    7    4
  0.00091147  -0.00001500     0.00000000  -0.00000000     0.00000000  -0.00000000
 -0.00000000  -0.00000000    -0.00360749   0.00251141     0.02135526   0.00098031
 -0.00000000  -0.00000000    -0.00420321   0.00082085    -0.00524670   0.00344978
    7    5
 -0.00065511  -0.00063390    -0.00000000   0.00000000    -0.00000000   0.00000000
 -0.00000000  -0.00000000     0.00432672   0.00077505     0.01440727   0.01579364
 -0.00000000   0.00000000    -0.00355254  -0.00239169     0.00614934   0.00127061
    7    6
  0.01350926  -0.01676768     0.00000000   0.00000000    -0.00000000   0.00000000
  0.00000000   0.00000000     0.01350926   0.01676768    -0.00000000   0.00000000
 -0.00000000   0.00000000    -0.00000000   0.00000000     0.01943997   0.00000000
    7    7
  0.03120307  -0.00000000     0.00000000   0.00000000    -0.00000000   0.00000000
  0.00000000   0.00000000     0.03120307   0.00000000    -0.00000000   0.00000000
 -0.00000000   0.00000000    -0.00000000   0.00000000     0.04684974   0.00000000

     Dynamical  Matrix in cartesian axes

     q = (    0.649519100  -0.000000000   0.000000000 ) 

    1    1
  0.19261647   0.00000000    -0.00000000   0.00000000    -0.00000000   0.00000000
 -0.00000000   0.00000000     0.02691536   0.00000000    -0.00000000   0.00000000
 -0.00000000   0.00000000    -0.00000000   0.00000000     0.02691536   0.00000000
    1    2
  0.01076896  -0.02599858    -0.00000000   0.00000000     0.00000000  -0.00000000
 -0.00000000  -0.00000000    -0.00054550   0.00400802     0.00000000  -0.00000000
  0.00000000   0.00000000     0.00000000   0.00000000    -0.00244837   0.00321983
    1    3
  0.01076896  -0.02599858    -0.00000000   0.00000000     0.00000000  -0.00000000
 -0.00000000   0.00000000    -0.00244837   0.00321983     0.00000000  -0.00000000
 -0.00000000  -0.00000000     0.00000000  -0.00000000    -0.00054550   0.00400802
    1    4
 -0.01467587  -0.01467586    -0.03183698   0.03183699     0.00000000  -0.00000000
 -0.00422328   0.00422329    -0.00034092  -0.00034092     0.00000000  -0.00000000
  0.00000000  -0.00000000     0.00000000  -0.00000000    -0.00064086  -0.00064086
    1    5
  0.02075481  -0.00000000     0.00000000   0.04502430     0.00000000  -0.00000000
  0.00000000   0.00597263     0.00048214  -0.00000000    -0.00000000   0.00000000
 -0.00000000  -0.00000000    -0.00000000  -0.00000000     0.00090631  -0.00000000
    1    6
  0.02075481  -0.00000000     0.00000000  -0.00000000     0.00000000   0.04502430
 -0.00000000  -0.00000000     0.00090631  -0.00000000     0.00000000  -0.00000000
  0.00000000   0.00597263     0.00000000  -0.00000000     0.00048214  -0.00000000
    1    7
 -0.01467587  -0.01467586     0.00000000   0.00000000    -0.03183698   0.03183699
  0.00000000   0.00000000    -0.00064086  -0.00064086     0.00000000  -0.00000000
 -0.00422328   0.00422329     0.00000000   0.00000000    -0.00034092  -0.00034092
    2    1
  0.01076896   0.02599858     0.00000000  -0.00000000     0.00000000  -0.00000000
 -0.00000000  -0.00000000    -0.00054550  -0.00400802     0.00000000   0.00000000
  0.00000000   0.00000000     0.00000000   0.00000000    -0.00244837  -0.00321983
    2    2
  0.04684974  -0.00000000     0.00000000  -0.00000000    -0.00000000  -0.00000000
  0.00000000  -0.00000000     0.03120307   0.00000000    -0.00000000  -0.00000000
 -0.00000000  -0.00000000    -0.00000000  -0.00000000     0.03120307  -0.00000000
    2    3
  0.01943997   0.00000000    -0.00000000  -0.00000000    -0.00000000   0.00000000
 -0.00000000  -0.00000000     0.01350926   0.01676768    -0.00000000   0.00000000
 -0.00000000   0.00000000    -0.00000000   0.00000000     0.01350926  -0.01676768
    2    4
  0.00614934   0.00127061    -0.00355254  -0.00239169     0.00000000  -0.00000000
  0.01440727   0.01579364     0.00432672   0.00077505     0.00000000  -0.00000000
  0.00000000   0.00000000     0.00000000   0.00000000    -0.00065511  -0.00063390
    2    5
 -0.00524670   0.00344978    -0.00420321   0.00082085    -0.00000000  -0.00000000
  0.02135526   0.00098031    -0.00360749   0.00251141     0.00000000  -0.00000000
 -0.00000000  -0.00000000    -0.00000000   0.00000000     0.00091147  -0.00001500
    2    6
  0.00614934  -0.00127061     0.00000000   0.00000000    -0.00355254   0.00239169
 -0.00000000   0.00000000    -0.00065511   0.00063390    -0.00000000   0.00000000
  0.01440727  -0.01579364     0.00000000   0.00000000     0.00432672  -0.00077505
    2    7
 -0.00524670  -0.00344978     0.00000000   0.00000000    -0.00420321  -0.00082085
 -0.00000000   0.00000000     0.00091147   0.00001500     0.00000000   0.00000000
  0.02135526  -0.00098031    -0.00000000   0.00000000    -0.00360749  -0.00251141
    3    1
  0.01076896   0.02599858    -0.00000000  -0.00000000    -0.00000000   0.00000000
  0.00000000   0.00000000    -0.00244837  -0.00321983     0.00000000   0.00000000
 -0.00000000   0.00000000     0.00000000   0.00000000    -0.00054550  -0.00400802
    3    2
  0.01943997  -0.00000000    -0.00000000   0.00000000    -0.00000000  -0.00000000
 -0.00000000   0.00000000     0.01350926  -0.01676768    -0.00000000  -0.00000000
 -0.00000000  -0.00000000    -0.00000000  -0.00000000     0.01350926   0.01676768
    3    3
  0.04684974   0.00000000     0.00000000   0.00000000    -0.00000000   0.00000000
  0.00000000   0.00000000     0.03120307  -0.00000000    -0.00000000   0.00000000
 -0.00000000   0.00000000    -0.00000000   0.00000000     0.03120307   0.00000000
    3    4
 -0.00524670  -0.00344978    -0.00420321  -0.00082085     0.00000000   0.00000000
  0.02135526  -0.00098031    -0.00360749  -0.00251141     0.00000000   0.00000000
 -0.00000000   0.00000000    -0.00000000  -0.00000000     0.00091147   0.00001500
    3    5
  0.00614934  -0.00127061    -0.00355254   0.00239169     0.00000000   0.00000000
  0.01440727  -0.01579364     0.00432672  -0.00077505     0.00000000   0.00000000
  0.00000000   0.00000000     0.00000000  -0.00000000    -0.00065511   0.00063390
    3    6
 -0.00524670   0.00344978     0.00000000  -0.00000000    -0.00420321   0.00082085
 -0.00000000   0.00000000     0.00091147  -0.00001500     0.00000000  -0.00000000
  0.02135526   0.00098031    -0.00000000  -0.00000000    -0.00360749   0.00251141
    3    7
  0.00614934   0.00127061     0.00000000   0.00000000    -0.00355254  -0.00239169
 -0.00000000  -0.00000000    -0.00065511  -0.00063390    -0.00000000   0.00000000
  0.01440727   0.01579364     0.00000000   0.00000000     0.00432672   0.00077505
    4    1
 -0.01467587   0.01467586    -0.00422328  -0.00422329     0.00000000  -0.00000000
 -0.03183698  -0.03183699    -0.00034092   0.00034092     0.00000000  -0.00000000
  0.00000000   0.00000000    -0.00000000  -0.00000000    -0.00064086   0.00064086
    4    2
  0.00614934  -0.00127061     0.01440727  -0.01579364    -0.00000000  -0.00000000
 -0.00355254   0.00239169     0.00432672  -0.00077505    -0.00000000  -0.00000000
 -0.00000000   0.00000000    -0.00000000   0.00000000    -0.00065511   0.00063390
    4    3
 -0.00524670   0.00344978     0.02135526   0.00098031     0.00000000  -0.00000000
 -0.00420321   0.00082085    -0.00360749   0.00251141     0.00000000  -0.00000000
  0.00000000   0.00000000     0.00000000  -0.00000000     0.00091147  -0.00001500
    4    4
  0.02975420  -0.00000000     0.00000000  -0.00705691    -0.00000000   0.00000000
  0.00000000   0.00705691     0.02404424  -0.00000000    -0.00000000   0.00000000
 -0.00000000   0.00000000    -0.00000000   0.00000000     0.06329143  -0.00000000
    4    5
  0.00636489  -0.00636489    -0.00334999  -0.00334999    -0.00000000   0.00000000
 -0.00334999  -0.00334999     0.00719040  -0.00719039    -0.00000000   0.00000000
 -0.00000000   0.00000000    -0.00000000   0.00000000     0.04129079  -0.04129078
    4    6
 -0.00160898   0.00160898     0.00011919   0.00011919    -0.00173771  -0.00173771
 -0.00173771  -0.00173771     0.00108860  -0.00108860     0.00739840  -0.00739839
  0.00011919   0.00011919     0.04209394  -0.04209393     0.00108860  -0.00108860
    4    7
  0.00227544  -0.00000000    -0.00000000  -0.00016856    -0.00000000  -0.00245749
 -0.00000000   0.00245749    -0.00153951   0.00000000     0.01046291  -0.00000000
  0.00000000   0.00016856     0.05952981  -0.00000000    -0.00153951   0.00000000
    5    1
  0.02075481   0.00000000     0.00000000  -0.00597263     0.00000000   0.00000000
  0.00000000  -0.04502430     0.00048214   0.00000000     0.00000000   0.00000000
  0.00000000   0.00000000     0.00000000   0.00000000     0.00090631   0.00000000
    5    2
 -0.00524670  -0.00344978     0.02135526  -0.00098031     0.00000000   0.00000000
 -0.00420321  -0.00082085    -0.00360749  -0.00251141     0.00000000   0.00000000
 -0.00000000  -0.00000000     0.00000000   0.00000000     0.00091147   0.00001500
    5    3
  0.00614934   0.00127061     0.01440727   0.01579364     0.00000000   0.00000000
 -0.00355254  -0.00239169     0.00432672   0.00077505     0.00000000   0.00000000
 -0.00000000   0.00000000    -0.00000000   0.00000000    -0.00065511  -0.00063390
    5    4
  0.00636489   0.00636489    -0.00334999   0.00334999    -0.00000000  -0.00000000
 -0.00334999   0.00334999     0.00719040   0.00719039    -0.00000000  -0.00000000
 -0.00000000  -0.00000000    -0.00000000  -0.00000000     0.04129079   0.04129078
    5    5
  0.02975420   0.00000000     0.00000000   0.00705691    -0.00000000   0.00000000
  0.00000000  -0.00705691     0.02404424   0.00000000    -0.00000000   0.00000000
 -0.00000000   0.00000000    -0.00000000   0.00000000     0.06329143   0.00000000
    5    6
  0.00227544   0.00000000    -0.00000000   0.00016856    -0.00000000   0.00245749
 -0.00000000  -0.00245749    -0.00153951  -0.00000000     0.01046291   0.00000000
  0.00000000  -0.00016856     0.05952981   0.00000000    -0.00153951  -0.00000000
    5    7
 -0.00160898  -0.00160898     0.00011919  -0.00011919    -0.00173771   0.00173771
 -0.00173771   0.00173771     0.00108860   0.00108860     0.00739840   0.00739839
  0.00011919  -0.00011919     0.04209394   0.04209393     0.00108860   0.00108860
    6    1
  0.02075481   0.00000000    -0.00000000   0.00000000     0.00000000  -0.00597263
 -0.00000000   0.00000000     0.00090631   0.00000000     0.00000000   0.00000000
  0.00000000  -0.04502430     0.00000000   0.00000000     0.00048214   0.00000000
    6    2
  0.00614934   0.00127061    -0.00000000  -0.00000000     0.01440727   0.01579364
 -0.00000000   0.00000000    -0.00065511  -0.00063390    -0.00000000  -0.00000000
 -0.00355254  -0.00239169    -0.00000000   0.00000000     0.00432672   0.00077505
    6    3
 -0.00524670  -0.00344978    -0.00000000   0.00000000     0.02135526  -0.00098031
 -0.00000000   0.00000000     0.00091147   0.00001500    -0.00000000   0.00000000
 -0.00420321  -0.00082085     0.00000000   0.00000000    -0.00360749  -0.00251141
    6    4
 -0.00160898  -0.00160898    -0.00173771   0.00173771     0.00011919  -0.00011919
  0.00011919  -0.00011919     0.00108860   0.00108860     0.04209394   0.04209393
 -0.00173771   0.00173771     0.00739840   0.00739839     0.00108860   0.00108860
    6    5
  0.00227544  -0.00000000    -0.00000000   0.00245749     0.00000000   0.00016856
 -0.00000000  -0.00016856    -0.00153951   0.00000000     0.05952981  -0.00000000
 -0.00000000  -0.00245749     0.01046291  -0.00000000    -0.00153951   0.00000000
    6    6
  0.02975420  -0.00000000    -0.00000000  -0.00000000    -0.00000000   0.00705691
 -0.00000000  -0.00000000     0.06329143   0.00000000    -0.00000000  -0.00000000
  0.00000000  -0.00705691    -0.00000000   0.00000000     0.02404424   0.00000000
    6    7
  0.00636489   0.00636489    -0.00000000  -0.00000000    -0.00334999   0.00334999
  0.00000000  -0.00000000     0.04129079   0.04129078     0.00000000  -0.00000000
 -0.00334999   0.00334999    -0.00000000   0.00000000     0.00719040   0.00719039
    7    1
 -0.01467587   0.01467586     0.00000000   0.00000000    -0.00422328  -0.00422329
  0.00000000   0.00000000    -0.00064086   0.00064086    -0.00000000   0.00000000
 -0.03183698  -0.03183699     0.00000000   0.00000000    -0.00034092   0.00034092
    7    2
 -0.00524670   0.00344978    -0.00000000  -0.00000000     0.02135526   0.00098031
  0.00000000   0.00000000     0.00091147  -0.00001500    -0.00000000  -0.00000000
 -0.00420321   0.00082085     0.00000000  -0.00000000    -0.00360749   0.00251141
    7    3
  0.00614934  -0.00127061    -0.00000000   0.00000000     0.01440727  -0.01579364
  0.00000000   0.00000000    -0.00065511   0.00063390    -0.00000000   0.00000000
 -0.00355254   0.00239169    -0.00000000  -0.00000000     0.00432672  -0.00077505
    7    4
  0.00227544   0.00000000    -0.00000000  -0.00245749     0.00000000  -0.00016856
 -0.00000000   0.00016856    -0.00153951  -0.00000000     0.05952981   0.00000000
 -0.00000000   0.00245749     0.01046291   0.00000000    -0.00153951  -0.00000000
    7    5
 -0.00160898   0.00160898    -0.00173771  -0.00173771     0.00011919   0.00011919
  0.00011919   0.00011919     0.00108860  -0.00108860     0.04209394  -0.04209393
 -0.00173771  -0.00173771     0.00739840  -0.00739839     0.00108860  -0.00108860
    7    6
  0.00636489  -0.00636489    -0.00000000   0.00000000    -0.00334999  -0.00334999
  0.00000000   0.00000000     0.04129079  -0.04129078     0.00000000   0.00000000
 -0.00334999  -0.00334999    -0.00000000  -0.00000000     0.00719040  -0.00719039
    7    7
  0.02975420   0.00000000    -0.00000000   0.00000000    -0.00000000  -0.00705691
 -0.00000000   0.00000000     0.06329143  -0.00000000    -0.00000000   0.00000000
  0.00000000   0.00705691    -0.00000000  -0.00000000     0.02404424  -0.00000000

     Dynamical  Matrix in cartesian axes

     q = (   -0.649519100  -0.000000000  -0.000000000 ) 

    1    1
  0.19261647   0.00000000     0.00000000   0.00000000    -0.00000000   0.00000000
  0.00000000   0.00000000     0.02691536   0.00000000    -0.00000000   0.00000000
 -0.00000000   0.00000000    -0.00000000   0.00000000     0.02691536   0.00000000
    1    2
  0.01076896   0.02599858    -0.00000000  -0.00000000    -0.00000000   0.00000000
 -0.00000000  -0.00000000    -0.00054550  -0.00400802     0.00000000   0.00000000
  0.00000000  -0.00000000    -0.00000000  -0.00000000    -0.00244837  -0.00321983
    1    3
  0.01076896   0.02599858    -0.00000000  -0.00000000    -0.00000000   0.00000000
  0.00000000   0.00000000    -0.00244837  -0.00321983    -0.00000000   0.00000000
  0.00000000   0.00000000     0.00000000   0.00000000    -0.00054550  -0.00400802
    1    4
 -0.01467587   0.01467586    -0.03183698  -0.03183699     0.00000000   0.00000000
 -0.00422328  -0.00422329    -0.00034092   0.00034092     0.00000000   0.00000000
 -0.00000000   0.00000000     0.00000000   0.00000000    -0.00064086   0.00064086
    1    5
  0.02075481   0.00000000     0.00000000  -0.04502430     0.00000000   0.00000000
  0.00000000  -0.00597263     0.00048214   0.00000000     0.00000000   0.00000000
  0.00000000   0.00000000    -0.00000000   0.00000000     0.00090631   0.00000000
    1    6
  0.02075481   0.00000000    -0.00000000   0.00000000     0.00000000  -0.04502430
 -0.00000000   0.00000000     0.00090631   0.00000000     0.00000000   0.00000000
  0.00000000  -0.00597263     0.00000000   0.00000000     0.00048214   0.00000000
    1    7
 -0.01467587   0.01467586     0.00000000   0.00000000    -0.03183698  -0.03183699
  0.00000000   0.00000000    -0.00064086   0.00064086     0.00000000  -0.00000000
 -0.00422328  -0.00422329     0.00000000  -0.00000000    -0.00034092   0.00034092
    2    1
  0.01076896  -0.02599858    -0.00000000   0.00000000     0.00000000   0.00000000
 -0.00000000  -0.00000000    -0.00054550   0.00400802     0.00000000   0.00000000
  0.00000000  -0.00000000     0.00000000   0.00000000    -0.00244837   0.00321983
    2    2
  0.04684974   0.00000000     0.00000000   0.00000000    -0.00000000  -0.00000000
  0.00000000   0.00000000     0.03120307  -0.00000000    -0.00000000  -0.00000000
 -0.00000000  -0.00000000    -0.00000000  -0.00000000     0.03120307   0.00000000
    2    3
  0.01943997   0.00000000     0.00000000  -0.00000000    -0.00000000  -0.00000000
 -0.00000000   0.00000000     0.01350926  -0.01676768    -0.00000000  -0.00000000
 -0.00000000  -0.00000000    -0.00000000  -0.00000000     0.01350926   0.01676768
    2    4
  0.00614934  -0.00127061    -0.00355254   0.00239169     0.00000000  -0.00000000
  0.01440727  -0.01579364     0.00432672  -0.00077505     0.00000000  -0.00000000
 -0.00000000   0.00000000     0.00000000   0.00000000    -0.00065511   0.00063390
    2    5
 -0.00524670  -0.00344978    -0.00420321  -0.00082085     0.00000000  -0.00000000
  0.02135526  -0.00098031    -0.00360749  -0.00251141     0.00000000   0.00000000
 -0.00000000  -0.00000000     0.00000000  -0.00000000     0.00091147   0.00001500
    2    6
  0.00614934   0.00127061     0.00000000  -0.00000000    -0.00355254  -0.00239169
 -0.00000000  -0.00000000    -0.00065511  -0.00063390     0.00000000   0.00000000
  0.01440727   0.01579364    -0.00000000  -0.00000000     0.00432672   0.00077505
    2    7
 -0.00524670   0.00344978    -0.00000000  -0.00000000    -0.00420321   0.00082085
 -0.00000000  -0.00000000     0.00091147  -0.00001500     0.00000000  -0.00000000
  0.02135526   0.00098031    -0.00000000  -0.00000000    -0.00360749   0.00251141
    3    1
  0.01076896  -0.02599858    -0.00000000   0.00000000     0.00000000   0.00000000
  0.00000000   0.00000000    -0.00244837   0.00321983     0.00000000   0.00000000
 -0.00000000  -0.00000000     0.00000000  -0.00000000    -0.00054550   0.00400802
    3    2
  0.01943997  -0.00000000     0.00000000   0.00000000    -0.00000000   0.00000000
 -0.00000000  -0.00000000     0.01350926   0.01676768    -0.00000000   0.00000000
 -0.00000000   0.00000000    -0.00000000   0.00000000     0.01350926  -0.01676768
    3    3
  0.04684974   0.00000000     0.00000000  -0.00000000    -0.00000000   0.00000000
  0.00000000  -0.00000000     0.03120307   0.00000000    -0.00000000   0.00000000
 -0.00000000   0.00000000    -0.00000000   0.00000000     0.03120307  -0.00000000
    3    4
 -0.00524670   0.00344978    -0.00420321   0.00082085     0.00000000  -0.00000000
  0.02135526   0.00098031    -0.00360749   0.00251141     0.00000000  -0.00000000
  0.00000000   0.00000000     0.00000000   0.00000000     0.00091147  -0.00001500
    3    5
  0.00614934   0.00127061    -0.00355254  -0.00239169     0.00000000   0.00000000
  0.01440727   0.01579364     0.00432672   0.00077505     0.00000000   0.00000000
  0.00000000   0.00000000     0.00000000   0.00000000    -0.00065511  -0.00063390
    3    6
 -0.00524670  -0.00344978    -0.00000000   0.00000000    -0.00420321  -0.00082085
 -0.00000000  -0.00000000     0.00091147   0.00001500     0.00000000   0.00000000
  0.02135526  -0.00098031    -0.00000000   0.00000000    -0.00360749  -0.00251141
    3    7
  0.00614934  -0.00127061    -0.00000000   0.00000000    -0.00355254   0.00239169
 -0.00000000   0.00000000    -0.00065511   0.00063390     0.00000000   0.00000000
  0.01440727  -0.01579364    -0.00000000   0.00000000     0.00432672  -0.00077505
    4    1
 -0.01467587  -0.01467586    -0.00422328   0.00422329     0.00000000   0.00000000
 -0.03183698   0.03183699    -0.00034092  -0.00034092    -0.00000000   0.00000000
  0.00000000   0.00000000    -0.00000000   0.00000000    -0.00064086  -0.00064086
    4    2
  0.00614934   0.00127061     0.01440727   0.01579364     0.00000000   0.00000000
 -0.00355254  -0.00239169     0.00432672   0.00077505     0.00000000   0.00000000
 -0.00000000   0.00000000    -0.00000000   0.00000000    -0.00065511  -0.00063390
    4    3
 -0.00524670  -0.00344978     0.02135526  -0.00098031    -0.00000000  -0.00000000
 -0.00420321  -0.00082085    -0.00360749  -0.00251141    -0.00000000  -0.00000000
  0.00000000  -0.00000000     0.00000000  -0.00000000     0.00091147   0.00001500
    4    4
  0.02975420   0.00000000     0.00000000   0.00705691    -0.00000000   0.00000000
  0.00000000  -0.00705691     0.02404424   0.00000000    -0.00000000   0.00000000
 -0.00000000   0.00000000    -0.00000000   0.00000000     0.06329143   0.00000000
    4    5
  0.00636489   0.00636489    -0.00334999   0.00334999    -0.00000000  -0.00000000
 -0.00334999   0.00334999     0.00719040   0.00719039    -0.00000000  -0.00000000
 -0.00000000  -0.00000000    -0.00000000  -0.00000000     0.04129079   0.04129078
    4    6
 -0.00160898  -0.00160898     0.00011919  -0.00011919    -0.00173771   0.00173771
 -0.00173771   0.00173771     0.00108860   0.00108860     0.00739840   0.00739839
  0.00011919  -0.00011919     0.04209394   0.04209393     0.00108860   0.00108860
    4    7
  0.00227544  -0.00000000    -0.00000000   0.00016856     0.00000000   0.00245749
 -0.00000000  -0.00245749    -0.00153951   0.00000000     0.01046291  -0.00000000
 -0.00000000  -0.00016856     0.05952981  -0.00000000    -0.00153951   0.00000000
    5    1
  0.02075481  -0.00000000     0.00000000   0.00597263    -0.00000000   0.00000000
  0.00000000   0.04502430     0.00048214  -0.00000000     0.00000000  -0.00000000
 -0.00000000  -0.00000000    -0.00000000   0.00000000     0.00090631   0.00000000
    5    2
 -0.00524670   0.00344978     0.02135526   0.00098031    -0.00000000   0.00000000
 -0.00420321   0.00082085    -0.00360749   0.00251141    -0.00000000  -0.00000000
  0.00000000  -0.00000000     0.00000000   0.00000000     0.00091147  -0.00001500
    5    3
  0.00614934  -0.00127061     0.01440727  -0.01579364     0.00000000   0.00000000
 -0.00355254   0.00239169     0.00432672  -0.00077505    -0.00000000   0.00000000
  0.00000000  -0.00000000     0.00000000   0.00000000    -0.00065511   0.00063390
    5    4
  0.00636489  -0.00636489    -0.00334999  -0.00334999    -0.00000000   0.00000000
 -0.00334999  -0.00334999     0.00719040  -0.00719039    -0.00000000   0.00000000
 -0.00000000   0.00000000    -0.00000000   0.00000000     0.04129079  -0.04129078
    5    5
  0.02975420  -0.00000000     0.00000000  -0.00705691    -0.00000000   0.00000000
  0.00000000   0.00705691     0.02404424  -0.00000000    -0.00000000   0.00000000
 -0.00000000  -0.00000000    -0.00000000  -0.00000000     0.06329143  -0.00000000
    5    6
  0.00227544   0.00000000    -0.00000000  -0.00016856     0.00000000  -0.00245749
 -0.00000000   0.00245749    -0.00153951  -0.00000000     0.01046291   0.00000000
 -0.00000000   0.00016856     0.05952981   0.00000000    -0.00153951   0.00000000
    5    7
 -0.00160898   0.00160898     0.00011919   0.00011919    -0.00173771  -0.00173771
 -0.00173771  -0.00173771     0.00108860  -0.00108860     0.00739840  -0.00739839
  0.00011919   0.00011919     0.04209394  -0.04209393     0.00108860  -0.00108860
    6    1
  0.02075481  -0.00000000    -0.00000000  -0.00000000     0.00000000   0.00597263
 -0.00000000  -0.00000000     0.00090631   0.00000000    -0.00000000   0.00000000
  0.00000000   0.04502430     0.00000000  -0.00000000     0.00048214  -0.00000000
    6    2
  0.00614934  -0.00127061    -0.00000000   0.00000000     0.01440727  -0.01579364
  0.00000000   0.00000000    -0.00065511   0.00063390    -0.00000000   0.00000000
 -0.00355254   0.00239169    -0.00000000  -0.00000000     0.00432672  -0.00077505
    6    3
 -0.00524670   0.00344978     0.00000000   0.00000000     0.02135526   0.00098031
  0.00000000  -0.00000000     0.00091147  -0.00001500     0.00000000  -0.00000000
 -0.00420321   0.00082085     0.00000000  -0.00000000    -0.00360749   0.00251141
    6    4
 -0.00160898   0.00160898    -0.00173771  -0.00173771     0.00011919   0.00011919
  0.00011919   0.00011919     0.00108860  -0.00108860     0.04209394  -0.04209393
 -0.00173771  -0.00173771     0.00739840  -0.00739839     0.00108860  -0.00108860
    6    5
  0.00227544  -0.00000000    -0.00000000  -0.00245749    -0.00000000  -0.00016856
 -0.00000000   0.00016856    -0.00153951   0.00000000     0.05952981  -0.00000000
  0.00000000   0.00245749     0.01046291  -0.00000000    -0.00153951   0.00000000
    6    6
  0.02975420   0.00000000     0.00000000   0.00000000     0.00000000  -0.00705691
  0.00000000   0.00000000     0.06329143  -0.00000000     0.00000000   0.00000000
  0.00000000   0.00705691    -0.00000000   0.00000000     0.02404424  -0.00000000
    6    7
  0.00636489  -0.00636489    -0.00000000  -0.00000000    -0.00334999  -0.00334999
 -0.00000000   0.00000000     0.04129079  -0.04129078    -0.00000000   0.00000000
 -0.00334999  -0.00334999    -0.00000000   0.00000000     0.00719040  -0.00719039
    7    1
 -0.01467587  -0.01467586     0.00000000   0.00000000    -0.00422328   0.00422329
  0.00000000  -0.00000000    -0.00064086  -0.00064086     0.00000000   0.00000000
 -0.03183698   0.03183699     0.00000000   0.00000000    -0.00034092  -0.00034092
    7    2
 -0.00524670  -0.00344978    -0.00000000   0.00000000     0.02135526  -0.00098031
  0.00000000   0.00000000     0.00091147   0.00001500     0.00000000   0.00000000
 -0.00420321  -0.00082085     0.00000000   0.00000000    -0.00360749  -0.00251141
    7    3
  0.00614934   0.00127061    -0.00000000  -0.00000000     0.01440727   0.01579364
 -0.00000000  -0.00000000    -0.00065511  -0.00063390    -0.00000000  -0.00000000
 -0.00355254  -0.00239169     0.00000000   0.00000000     0.00432672   0.00077505
    7    4
  0.00227544   0.00000000    -0.00000000   0.00245749    -0.00000000   0.00016856
 -0.00000000  -0.00016856    -0.00153951   0.00000000     0.05952981   0.00000000
  0.00000000  -0.00245749     0.01046291   0.00000000    -0.00153951  -0.00000000
    7    5
 -0.00160898  -0.00160898    -0.00173771   0.00173771     0.00011919  -0.00011919
  0.00011919  -0.00011919     0.00108860   0.00108860     0.04209394   0.04209393
 -0.00173771   0.00173771     0.00739840   0.00739839     0.00108860   0.00108860
    7    6
  0.00636489   0.00636489    -0.00000000   0.00000000    -0.00334999   0.00334999
 -0.00000000   0.00000000     0.04129079   0.04129078    -0.00000000  -0.00000000
 -0.00334999   0.00334999    -0.00000000   0.00000000     0.00719040   0.00719039
    7    7
  0.02975420  -0.00000000     0.00000000  -0.00000000     0.00000000   0.00705691
  0.00000000  -0.00000000     0.06329143   0.00000000     0.00000000  -0.00000000
  0.00000000  -0.00705691    -0.00000000  -0.00000000     0.02404424   0.00000000

     Dynamical  Matrix in cartesian axes

     q = (   -0.000000000   0.649519100   0.000000000 ) 

    1    1
  0.02691536   0.00000000    -0.00000000   0.00000000    -0.00000000   0.00000000
 -0.00000000   0.00000000     0.19261647   0.00000000    -0.00000000   0.00000000
 -0.00000000   0.00000000    -0.00000000   0.00000000     0.02691536   0.00000000
    1    2
  0.00048214  -0.00000000     0.00000000   0.00597263     0.00000000   0.00000000
  0.00000000   0.04502430     0.02075481  -0.00000000     0.00000000   0.00000000
  0.00000000   0.00000000     0.00000000   0.00000000     0.00090631  -0.00000000
    1    3
 -0.00034092  -0.00034092    -0.00422328   0.00422329     0.00000000   0.00000000
 -0.03183698   0.03183699    -0.01467587  -0.01467586     0.00000000   0.00000000
  0.00000000   0.00000000     0.00000000   0.00000000    -0.00064086  -0.00064086
    1    4
 -0.00244837   0.00321983    -0.00000000   0.00000000     0.00000000   0.00000000
  0.00000000   0.00000000     0.01076896  -0.02599858     0.00000000   0.00000000
  0.00000000  -0.00000000     0.00000000  -0.00000000    -0.00054550   0.00400802
    1    5
 -0.00054550   0.00400802     0.00000000  -0.00000000     0.00000000  -0.00000000
  0.00000000   0.00000000     0.01076896  -0.02599858     0.00000000  -0.00000000
  0.00000000   0.00000000     0.00000000  -0.00000000    -0.00244837   0.00321983
    1    6
 -0.00064086  -0.00064086     0.00000000  -0.00000000     0.00000000   0.00000000
  0.00000000  -0.00000000    -0.01467587  -0.01467586    -0.03183698   0.03183699
 -0.00000000   0.00000000    -0.00422328   0.00422329    -0.00034092  -0.00034092
    1    7
  0.00090631  -0.00000000    -0.00000000  -0.00000000     0.00000000  -0.00000000
 -0.00000000  -0.00000000     0.02075481  -0.00000000     0.00000000   0.04502430
