  4.000000000000000E-002   1.25994432394592        2.39890022168420     
           6

     Dynamical  Matrix in cartesian axes

     q = (    0.000000000   0.000000000   0.433012700 ) 

    1    1
  0.03303994   0.00000000     0.00000000   0.00000000    -0.00000000   0.00000000
  0.00000000   0.00000000     0.03303994   0.00000000    -0.00000000   0.00000000
 -0.00000000   0.00000000    -0.00000000   0.00000000     0.33845129   0.00000000
    1    2
  0.00000000  -0.00147715    -0.00000000  -0.00000000    -0.01646432  -0.00000000
  0.00000000  -0.00000000     0.00000000  -0.00021926     0.00000000   0.00000000
 -0.05973262  -0.00000000     0.00000000   0.00000000     0.00000000  -0.02404484
    1    3
  0.00147715  -0.00000000    -0.00000000  -0.00000000     0.00000000   0.01646432
  0.00000000  -0.00000000     0.00021926  -0.00000000    -0.00000000  -0.00000000
  0.00000000   0.05973262    -0.00000000  -0.00000000     0.02404484  -0.00000000
    1    4
  0.00021926  -0.00000000     0.00000000  -0.00000000    -0.00000000   0.00000000
  0.00000000  -0.00000000     0.00147715  -0.00000000     0.00000000   0.01646432
 -0.00000000  -0.00000000     0.00000000   0.05973262     0.02404484  -0.00000000
    1    5
  0.00000000  -0.00021926     0.00000000   0.00000000     0.00000000   0.00000000
  0.00000000   0.00000000     0.00000000  -0.00147715    -0.01646432  -0.00000000
  0.00000000   0.00000000    -0.05973262  -0.00000000     0.00000000  -0.02404484
    1    6
 -0.00023427   0.01367549     0.00000000  -0.00000000     0.00000000  -0.00000000
  0.00000000  -0.00000000    -0.01367549   0.00023427    -0.00000000   0.00000000
  0.00000000  -0.00000000    -0.00000000   0.00000000    -0.00310925   0.00310925
    1    7
 -0.01367549   0.00023427     0.00000000  -0.00000000     0.00000000  -0.00000000
  0.00000000  -0.00000000    -0.00023427   0.01367549     0.00000000  -0.00000000
  0.00000000  -0.00000000     0.00000000   0.00000000    -0.00310925   0.00310925
    2    1
  0.00000000   0.00147715     0.00000000   0.00000000    -0.05973262   0.00000000
  0.00000000   0.00000000     0.00000000   0.00021926     0.00000000  -0.00000000
 -0.01646432   0.00000000     0.00000000  -0.00000000     0.00000000   0.02404484
    2    2
  0.02961393  -0.00000000    -0.00000000   0.00000000    -0.00000000  -0.00084272
 -0.00000000  -0.00000000     0.07478457   0.00000000    -0.00000000  -0.00000000
 -0.00000000   0.00084272    -0.00000000   0.00000000     0.05314333  -0.00000000
    2    3
 -0.00000000  -0.01203625     0.00000000   0.00000000    -0.00299876   0.00000000
  0.00000000   0.00000000    -0.00000000  -0.07051666    -0.00000000  -0.00000000
 -0.00299876   0.00000000     0.00000000  -0.00000000     0.00000000   0.00122616
    2    4
 -0.00000000  -0.00216321    -0.00000000  -0.01521623    -0.00595941   0.00000000
 -0.00000000  -0.07086318    -0.00000000  -0.00216321    -0.00026833   0.00000000
 -0.00026833   0.00000000    -0.00595941   0.00000000     0.00000000   0.00089708
    2    5
 -0.00216321  -0.00000000     0.01521623   0.00000000    -0.00000000   0.00595941
  0.07086318  -0.00000000    -0.00216321   0.00000000    -0.00000000  -0.00026833
 -0.00000000   0.00026833    -0.00000000  -0.00595941     0.00089708   0.00000000
    2    6
  0.00314062  -0.00362510     0.00000000   0.00000000    -0.00041260  -0.00976848
  0.00000000   0.00000000     0.00082544  -0.00137386    -0.00000000   0.00000000
  0.00154552  -0.02176283    -0.00000000   0.00000000     0.01050404  -0.02387502
    2    7
 -0.00362510   0.00314062    -0.00000000   0.00000000     0.00976848   0.00041260
 -0.00000000   0.00000000    -0.00137386   0.00082544     0.00000000  -0.00000000
  0.02176283  -0.00154552     0.00000000  -0.00000000    -0.02387502   0.01050404
    3    1
  0.00147715   0.00000000     0.00000000   0.00000000     0.00000000  -0.05973262
  0.00000000   0.00000000     0.00021926  -0.00000000    -0.00000000   0.00000000
  0.00000000  -0.01646432    -0.00000000  -0.00000000     0.02404484   0.00000000
    3    2
 -0.00000000   0.01203625     0.00000000  -0.00000000    -0.00299876  -0.00000000
  0.00000000  -0.00000000    -0.00000000   0.07051666    -0.00000000   0.00000000
 -0.00299876  -0.00000000     0.00000000   0.00000000     0.00000000  -0.00122616
    3    3
  0.02961393   0.00000000    -0.00000000  -0.00000000    -0.00000000   0.00084272
 -0.00000000   0.00000000     0.07478457  -0.00000000    -0.00000000   0.00000000
 -0.00000000  -0.00084272    -0.00000000   0.00000000     0.05314333   0.00000000
    3    4
 -0.00216321   0.00000000     0.01521623  -0.00000000    -0.00000000  -0.00595941
  0.07086318  -0.00000000    -0.00216321  -0.00000000    -0.00000000   0.00026833
  0.00000000  -0.00026833     0.00000000   0.00595941     0.00089708  -0.00000000
    3    5
 -0.00000000   0.00216321    -0.00000000   0.01521623    -0.00595941  -0.00000000
 -0.00000000   0.07086318    -0.00000000   0.00216321    -0.00026833  -0.00000000
 -0.00026833  -0.00000000    -0.00595941  -0.00000000     0.00000000  -0.00089708
    3    6
 -0.00362510  -0.00314062    -0.00000000  -0.00000000     0.00976848  -0.00041260
 -0.00000000  -0.00000000    -0.00137386  -0.00082544     0.00000000   0.00000000
  0.02176283   0.00154552     0.00000000   0.00000000    -0.02387502  -0.01050404
    3    7
  0.00314062   0.00362510     0.00000000  -0.00000000    -0.00041260   0.00976848
  0.00000000   0.00000000     0.00082544   0.00137386    -0.00000000  -0.00000000
  0.00154552   0.02176283    -0.00000000  -0.00000000     0.01050404   0.02387502
    4    1
  0.00021926   0.00000000     0.00000000   0.00000000    -0.00000000   0.00000000
 -0.00000000   0.00000000     0.00147715   0.00000000     0.00000000  -0.05973262
 -0.00000000   0.00000000     0.00000000  -0.01646432     0.02404484   0.00000000
    4    2
 -0.00000000   0.00216321    -0.00000000   0.07086318    -0.00026833  -0.00000000
 -0.00000000   0.01521623    -0.00000000   0.00216321    -0.00595941  -0.00000000
 -0.00595941  -0.00000000    -0.00026833  -0.00000000     0.00000000  -0.00089708
    4    3
 -0.00216321  -0.00000000     0.07086318   0.00000000     0.00000000   0.00026833
  0.01521623   0.00000000    -0.00216321  -0.00000000     0.00000000  -0.00595941
 -0.00000000   0.00595941    -0.00000000  -0.00026833     0.00089708   0.00000000
    4    4
  0.07478457  -0.00000000     0.00000000   0.00000000    -0.00000000   0.00000000
  0.00000000  -0.00000000     0.02961393  -0.00000000    -0.00000000   0.00084272
 -0.00000000   0.00000000    -0.00000000  -0.00084272     0.05314333   0.00000000
    4    5
 -0.00000000   0.07051666     0.00000000  -0.00000000     0.00000000   0.00000000
  0.00000000   0.00000000    -0.00000000   0.01203625    -0.00299876  -0.00000000
  0.00000000   0.00000000    -0.00299876  -0.00000000     0.00000000  -0.00122616
    4    6
  0.00082544   0.00137386    -0.00000000  -0.00000000    -0.00000000  -0.00000000
 -0.00000000  -0.00000000     0.00314062   0.00362510    -0.00041260   0.00976848
 -0.00000000  -0.00000000     0.00154552   0.02176283     0.01050404   0.02387502
    4    7
 -0.00137386  -0.00082544    -0.00000000   0.00000000     0.00000000   0.00000000
 -0.00000000   0.00000000    -0.00362510  -0.00314062     0.00976848  -0.00041260
  0.00000000   0.00000000     0.02176283   0.00154552    -0.02387502  -0.01050404
    5    1
  0.00000000   0.00021926     0.00000000  -0.00000000     0.00000000  -0.00000000
  0.00000000   0.00000000     0.00000000   0.00147715    -0.05973262   0.00000000
  0.00000000  -0.00000000    -0.01646432   0.00000000     0.00000000   0.02404484
    5    2
 -0.00216321   0.00000000     0.07086318  -0.00000000    -0.00000000  -0.00026833
  0.01521623   0.00000000    -0.00216321  -0.00000000    -0.00000000   0.00595941
 -0.00000000  -0.00595941    -0.00000000   0.00026833     0.00089708   0.00000000
    5    3
 -0.00000000  -0.00216321    -0.00000000  -0.07086318    -0.00026833   0.00000000
 -0.00000000  -0.01521623    -0.00000000  -0.00216321    -0.00595941   0.00000000
 -0.00595941   0.00000000    -0.00026833   0.00000000     0.00000000   0.00089708
    5    4
 -0.00000000  -0.07051666     0.00000000   0.00000000     0.00000000  -0.00000000
  0.00000000   0.00000000    -0.00000000  -0.01203625    -0.00299876   0.00000000
  0.00000000  -0.00000000    -0.00299876   0.00000000     0.00000000   0.00122616
    5    5
  0.07478457   0.00000000     0.00000000  -0.00000000    -0.00000000  -0.00000000
  0.00000000   0.00000000     0.02961393   0.00000000    -0.00000000  -0.00084272
 -0.00000000  -0.00000000    -0.00000000   0.00084272     0.05314333  -0.00000000
    5    6
 -0.00137386   0.00082544    -0.00000000   0.00000000     0.00000000   0.00000000
 -0.00000000   0.00000000    -0.00362510   0.00314062     0.00976848   0.00041260
  0.00000000  -0.00000000     0.02176283  -0.00154552    -0.02387502   0.01050404
    5    7
  0.00082544  -0.00137386     0.00000000   0.00000000    -0.00000000   0.00000000
 -0.00000000   0.00000000     0.00314062  -0.00362510    -0.00041260  -0.00976848
 -0.00000000   0.00000000     0.00154552  -0.02176283     0.01050404  -0.02387502
    6    1
 -0.00023427  -0.01367549     0.00000000   0.00000000     0.00000000   0.00000000
  0.00000000  -0.00000000    -0.01367549  -0.00023427     0.00000000   0.00000000
  0.00000000   0.00000000     0.00000000  -0.00000000    -0.00310925  -0.00310925
    6    2
  0.00314062   0.00362510    -0.00000000  -0.00000000     0.00154552   0.02176283
 -0.00000000  -0.00000000     0.00082544   0.00137386    -0.00000000  -0.00000000
 -0.00041260   0.00976848    -0.00000000  -0.00000000     0.01050404   0.02387502
    6    3
 -0.00362510   0.00314062    -0.00000000   0.00000000     0.02176283  -0.00154552
 -0.00000000   0.00000000    -0.00137386   0.00082544     0.00000000  -0.00000000
  0.00976848   0.00041260     0.00000000  -0.00000000    -0.02387502   0.01050404
    6    4
  0.00082544  -0.00137386     0.00000000   0.00000000    -0.00000000   0.00000000
  0.00000000   0.00000000     0.00314062  -0.00362510     0.00154552  -0.02176283
 -0.00000000   0.00000000    -0.00041260  -0.00976848     0.01050404  -0.02387502
    6    5
 -0.00137386  -0.00082544    -0.00000000  -0.00000000     0.00000000   0.00000000
 -0.00000000  -0.00000000    -0.00362510  -0.00314062     0.02176283   0.00154552
  0.00000000   0.00000000     0.00976848  -0.00041260    -0.02387502  -0.01050404
    6    6
  0.03160982  -0.00000000     0.00000000  -0.00000000    -0.00000000  -0.00000000
  0.00000000  -0.00000000     0.03160982   0.00000000    -0.00000000  -0.00000000
 -0.00000000   0.00000000    -0.00000000   0.00000000     0.08321221   0.00000000
    6    7
 -0.00096380   0.02277011    -0.00000000   0.00000000     0.00000000   0.00000000
 -0.00000000   0.00000000    -0.00096380  -0.02277011     0.00000000   0.00000000
  0.00000000   0.00000000     0.00000000   0.00000000    -0.01872850  -0.00000000
    7    1
 -0.01367549  -0.00023427     0.00000000   0.00000000    -0.00000000   0.00000000
  0.00000000   0.00000000    -0.00023427  -0.01367549    -0.00000000   0.00000000
 -0.00000000   0.00000000     0.00000000   0.00000000    -0.00310925  -0.00310925
    7    2
 -0.00362510  -0.00314062    -0.00000000   0.00000000     0.02176283   0.00154552
 -0.00000000   0.00000000    -0.00137386  -0.00082544     0.00000000   0.00000000
  0.00976848  -0.00041260     0.00000000   0.00000000    -0.02387502  -0.01050404
    7    3
  0.00314062  -0.00362510     0.00000000   0.00000000     0.00154552  -0.02176283
 -0.00000000   0.00000000     0.00082544  -0.00137386    -0.00000000   0.00000000
 -0.00041260  -0.00976848    -0.00000000   0.00000000     0.01050404  -0.02387502
    7    4
 -0.00137386   0.00082544    -0.00000000   0.00000000     0.00000000  -0.00000000
 -0.00000000   0.00000000    -0.00362510   0.00314062     0.02176283  -0.00154552
  0.00000000  -0.00000000     0.00976848   0.00041260    -0.02387502   0.01050404
    7    5
  0.00082544   0.00137386     0.00000000  -0.00000000    -0.00000000  -0.00000000
 -0.00000000  -0.00000000     0.00314062   0.00362510     0.00154552   0.02176283
 -0.00000000  -0.00000000    -0.00041260   0.00976848     0.01050404   0.02387502
    7    6
 -0.00096380  -0.02277011    -0.00000000  -0.00000000     0.00000000  -0.00000000
 -0.00000000  -0.00000000    -0.00096380   0.02277011     0.00000000  -0.00000000
  0.00000000  -0.00000000     0.00000000  -0.00000000    -0.01872850   0.00000000
    7    7
  0.03160982   0.00000000     0.00000000   0.00000000    -0.00000000   0.00000000
  0.00000000   0.00000000     0.03160982  -0.00000000    -0.00000000   0.00000000
 -0.00000000  -0.00000000    -0.00000000  -0.00000000     0.08321221  -0.00000000

     Dynamical  Matrix in cartesian axes

     q = (    0.433012700  -0.000000000   0.000000000 ) 

    1    1
  0.33845129   0.00000000    -0.00000000   0.00000000     0.00000000   0.00000000
  0.00000000   0.00000000     0.03303994   0.00000000     0.00000000   0.00000000
  0.00000000   0.00000000     0.00000000   0.00000000     0.03303994   0.00000000
    1    2
 -0.00310925   0.00310925    -0.00000000   0.00000000     0.00000000   0.00000000
 -0.00000000   0.00000000    -0.00023427   0.01367549     0.00000000  -0.00000000
  0.00000000   0.00000000     0.00000000   0.00000000    -0.01367549   0.00023427
    1    3
 -0.00310925   0.00310925     0.00000000  -0.00000000     0.00000000  -0.00000000
  0.00000000  -0.00000000    -0.01367549   0.00023427     0.00000000  -0.00000000
  0.00000000  -0.00000000    -0.00000000  -0.00000000    -0.00023427   0.01367549
    1    4
  0.00000000  -0.02404484    -0.05973262  -0.00000000     0.00000000   0.00000000
 -0.01646432  -0.00000000     0.00000000  -0.00147715     0.00000000  -0.00000000
  0.00000000  -0.00000000     0.00000000   0.00000000     0.00000000  -0.00021926
    1    5
  0.02404484  -0.00000000     0.00000000   0.05973262     0.00000000   0.00000000
  0.00000000   0.01646432     0.00147715  -0.00000000     0.00000000  -0.00000000
  0.00000000  -0.00000000     0.00000000  -0.00000000     0.00021926  -0.00000000
    1    6
  0.02404484  -0.00000000    -0.00000000  -0.00000000     0.00000000   0.05973262
 -0.00000000   0.00000000     0.00021926  -0.00000000    -0.00000000  -0.00000000
  0.00000000   0.01646432    -0.00000000   0.00000000     0.00147715   0.00000000
    1    7
  0.00000000  -0.02404484     0.00000000   0.00000000    -0.05973262  -0.00000000
  0.00000000   0.00000000     0.00000000  -0.00021926     0.00000000   0.00000000
 -0.01646432  -0.00000000    -0.00000000  -0.00000000     0.00000000  -0.00147715
    2    1
 -0.00310925  -0.00310925     0.00000000   0.00000000     0.00000000  -0.00000000
 -0.00000000  -0.00000000    -0.00023427  -0.01367549     0.00000000  -0.00000000
  0.00000000  -0.00000000     0.00000000  -0.00000000    -0.01367549  -0.00023427
    2    2
  0.08321221  -0.00000000    -0.00000000   0.00000000    -0.00000000   0.00000000
 -0.00000000  -0.00000000     0.03160982  -0.00000000    -0.00000000   0.00000000
 -0.00000000  -0.00000000    -0.00000000  -0.00000000     0.03160982   0.00000000
    2    3
 -0.01872850  -0.00000000    -0.00000000   0.00000000    -0.00000000   0.00000000
 -0.00000000  -0.00000000    -0.00096380   0.02277011    -0.00000000   0.00000000
 -0.00000000   0.00000000    -0.00000000   0.00000000    -0.00096380  -0.02277011
    2    4
  0.01050404   0.02387502    -0.00041260   0.00976848     0.00000000   0.00000000
  0.00154552   0.02176283     0.00314062   0.00362510     0.00000000   0.00000000
  0.00000000   0.00000000    -0.00000000   0.00000000     0.00082544   0.00137386
    2    5
 -0.02387502   0.01050404     0.00976848   0.00041260    -0.00000000   0.00000000
  0.02176283  -0.00154552    -0.00362510   0.00314062    -0.00000000   0.00000000
 -0.00000000   0.00000000    -0.00000000   0.00000000    -0.00137386   0.00082544
    2    6
  0.01050404  -0.02387502     0.00000000   0.00000000    -0.00041260  -0.00976848
  0.00000000   0.00000000     0.00082544  -0.00137386    -0.00000000   0.00000000
  0.00154552  -0.02176283     0.00000000   0.00000000     0.00314062  -0.00362510
    2    7
 -0.02387502  -0.01050404     0.00000000   0.00000000     0.00976848  -0.00041260
 -0.00000000   0.00000000    -0.00137386  -0.00082544     0.00000000   0.00000000
  0.02176283   0.00154552     0.00000000   0.00000000    -0.00362510  -0.00314062
    3    1
 -0.00310925  -0.00310925     0.00000000   0.00000000     0.00000000   0.00000000
  0.00000000  -0.00000000    -0.01367549  -0.00023427    -0.00000000   0.00000000
 -0.00000000   0.00000000     0.00000000   0.00000000    -0.00023427  -0.01367549
    3    2
 -0.01872850   0.00000000    -0.00000000  -0.00000000    -0.00000000  -0.00000000
 -0.00000000   0.00000000    -0.00096380  -0.02277011    -0.00000000  -0.00000000
 -0.00000000  -0.00000000    -0.00000000  -0.00000000    -0.00096380   0.02277011
    3    3
  0.08321221   0.00000000    -0.00000000  -0.00000000    -0.00000000  -0.00000000
 -0.00000000   0.00000000     0.03160982   0.00000000    -0.00000000  -0.00000000
 -0.00000000   0.00000000    -0.00000000   0.00000000     0.03160982  -0.00000000
    3    4
 -0.02387502  -0.01050404     0.00976848  -0.00041260    -0.00000000   0.00000000
  0.02176283   0.00154552    -0.00362510  -0.00314062    -0.00000000   0.00000000
 -0.00000000   0.00000000    -0.00000000   0.00000000    -0.00137386  -0.00082544
    3    5
  0.01050404  -0.02387502    -0.00041260  -0.00976848     0.00000000  -0.00000000
  0.00154552  -0.02176283     0.00314062  -0.00362510     0.00000000  -0.00000000
 -0.00000000   0.00000000    -0.00000000  -0.00000000     0.00082544  -0.00137386
    3    6
 -0.02387502   0.01050404     0.00000000  -0.00000000     0.00976848   0.00041260
 -0.00000000   0.00000000    -0.00137386   0.00082544     0.00000000  -0.00000000
  0.02176283  -0.00154552     0.00000000   0.00000000    -0.00362510   0.00314062
    3    7
  0.01050404   0.02387502     0.00000000   0.00000000    -0.00041260   0.00976848
  0.00000000  -0.00000000     0.00082544   0.00137386    -0.00000000  -0.00000000
  0.00154552   0.02176283     0.00000000   0.00000000     0.00314062   0.00362510
    4    1
  0.00000000   0.02404484    -0.01646432   0.00000000    -0.00000000  -0.00000000
 -0.05973262   0.00000000     0.00000000   0.00147715     0.00000000  -0.00000000
  0.00000000  -0.00000000    -0.00000000  -0.00000000     0.00000000   0.00021926
    4    2
  0.01050404  -0.02387502     0.00154552  -0.02176283     0.00000000   0.00000000
 -0.00041260  -0.00976848     0.00314062  -0.00362510     0.00000000   0.00000000
  0.00000000  -0.00000000     0.00000000  -0.00000000     0.00082544  -0.00137386
    4    3
 -0.02387502   0.01050404     0.02176283  -0.00154552    -0.00000000   0.00000000
  0.00976848   0.00041260    -0.00362510   0.00314062    -0.00000000   0.00000000
 -0.00000000   0.00000000     0.00000000   0.00000000    -0.00137386   0.00082544
    4    4
  0.05314333  -0.00000000     0.00000000   0.00084272    -0.00000000   0.00000000
  0.00000000  -0.00084272     0.02961393   0.00000000    -0.00000000   0.00000000
 -0.00000000  -0.00000000    -0.00000000  -0.00000000     0.07478457   0.00000000
    4    5
  0.00000000   0.00122616    -0.00299876   0.00000000     0.00000000   0.00000000
 -0.00299876   0.00000000    -0.00000000  -0.01203625    -0.00000000   0.00000000
  0.00000000   0.00000000     0.00000000   0.00000000    -0.00000000  -0.07051666
    4    6
  0.00000000   0.00089708    -0.00026833   0.00000000    -0.00595941   0.00000000
 -0.00595941   0.00000000    -0.00000000  -0.00216321    -0.00000000  -0.01521623
 -0.00026833   0.00000000    -0.00000000  -0.07086318    -0.00000000  -0.00216321
    4    7
  0.00089708   0.00000000    -0.00000000   0.00026833    -0.00000000  -0.00595941
 -0.00000000   0.00595941    -0.00216321   0.00000000     0.01521623  -0.00000000
 -0.00000000  -0.00026833     0.07086318  -0.00000000    -0.00216321   0.00000000
    5    1
  0.02404484   0.00000000     0.00000000  -0.01646432    -0.00000000   0.00000000
  0.00000000  -0.05973262     0.00147715   0.00000000    -0.00000000  -0.00000000
  0.00000000   0.00000000    -0.00000000   0.00000000     0.00021926   0.00000000
    5    2
 -0.02387502  -0.01050404     0.02176283   0.00154552     0.00000000   0.00000000
  0.00976848  -0.00041260    -0.00362510  -0.00314062    -0.00000000   0.00000000
 -0.00000000  -0.00000000     0.00000000  -0.00000000    -0.00137386  -0.00082544
    5    3
  0.01050404   0.02387502     0.00154552   0.02176283     0.00000000  -0.00000000
 -0.00041260   0.00976848     0.00314062   0.00362510     0.00000000  -0.00000000
  0.00000000   0.00000000    -0.00000000  -0.00000000     0.00082544   0.00137386
    5    4
  0.00000000  -0.00122616    -0.00299876  -0.00000000     0.00000000  -0.00000000
 -0.00299876  -0.00000000    -0.00000000   0.01203625    -0.00000000  -0.00000000
  0.00000000  -0.00000000     0.00000000  -0.00000000    -0.00000000   0.07051666
    5    5
  0.05314333   0.00000000     0.00000000  -0.00084272    -0.00000000  -0.00000000
  0.00000000   0.00084272     0.02961393  -0.00000000    -0.00000000  -0.00000000
 -0.00000000   0.00000000    -0.00000000   0.00000000     0.07478457  -0.00000000
    5    6
  0.00089708   0.00000000    -0.00000000  -0.00026833    -0.00000000   0.00595941
 -0.00000000  -0.00595941    -0.00216321  -0.00000000     0.01521623   0.00000000
 -0.00000000   0.00026833     0.07086318   0.00000000    -0.00216321  -0.00000000
    5    7
  0.00000000  -0.00089708    -0.00026833  -0.00000000    -0.00595941  -0.00000000
 -0.00595941  -0.00000000    -0.00000000   0.00216321    -0.00000000   0.01521623
 -0.00026833  -0.00000000    -0.00000000   0.07086318    -0.00000000   0.00216321
    6    1
  0.02404484   0.00000000    -0.00000000   0.00000000     0.00000000  -0.01646432
 -0.00000000   0.00000000     0.00021926   0.00000000     0.00000000   0.00000000
  0.00000000  -0.05973262    -0.00000000   0.00000000     0.00147715   0.00000000
    6    2
  0.01050404   0.02387502    -0.00000000  -0.00000000     0.00154552   0.02176283
  0.00000000  -0.00000000     0.00082544   0.00137386    -0.00000000  -0.00000000
 -0.00041260   0.00976848    -0.00000000  -0.00000000     0.00314062   0.00362510
    6    3
 -0.02387502  -0.01050404    -0.00000000   0.00000000     0.02176283   0.00154552
  0.00000000  -0.00000000    -0.00137386  -0.00082544     0.00000000  -0.00000000
  0.00976848  -0.00041260     0.00000000   0.00000000    -0.00362510  -0.00314062
    6    4
  0.00000000  -0.00089708    -0.00595941  -0.00000000    -0.00026833  -0.00000000
 -0.00026833  -0.00000000    -0.00000000   0.00216321    -0.00000000   0.07086318
 -0.00595941  -0.00000000    -0.00000000   0.01521623    -0.00000000   0.00216321
    6    5
  0.00089708   0.00000000    -0.00000000   0.00595941    -0.00000000  -0.00026833
 -0.00000000   0.00026833    -0.00216321   0.00000000     0.07086318  -0.00000000
 -0.00000000  -0.00595941     0.01521623  -0.00000000    -0.00216321   0.00000000
    6    6
  0.05314333   0.00000000    -0.00000000   0.00000000    -0.00000000  -0.00084272
 -0.00000000  -0.00000000     0.07478457  -0.00000000    -0.00000000   0.00000000
 -0.00000000   0.00084272     0.00000000   0.00000000     0.02961393   0.00000000
    6    7
  0.00000000  -0.00122616     0.00000000  -0.00000000    -0.00299876  -0.00000000
  0.00000000   0.00000000    -0.00000000   0.07051666    -0.00000000   0.00000000
 -0.00299876  -0.00000000     0.00000000   0.00000000    -0.00000000   0.01203625
    7    1
  0.00000000   0.02404484     0.00000000  -0.00000000    -0.01646432   0.00000000
  0.00000000   0.00000000     0.00000000   0.00021926     0.00000000   0.00000000
 -0.05973262   0.00000000     0.00000000   0.00000000     0.00000000   0.00147715
    7    2
 -0.02387502   0.01050404     0.00000000   0.00000000     0.02176283  -0.00154552
  0.00000000   0.00000000    -0.00137386   0.00082544     0.00000000  -0.00000000
  0.00976848   0.00041260     0.00000000   0.00000000    -0.00362510   0.00314062
    7    3
  0.01050404  -0.02387502    -0.00000000   0.00000000     0.00154552  -0.02176283
 -0.00000000   0.00000000     0.00082544  -0.00137386    -0.00000000   0.00000000
 -0.00041260  -0.00976848    -0.00000000   0.00000000     0.00314062  -0.00362510
    7    4
  0.00089708   0.00000000    -0.00000000  -0.00595941    -0.00000000   0.00026833
 -0.00000000  -0.00026833    -0.00216321   0.00000000     0.07086318   0.00000000
 -0.00000000   0.00595941     0.01521623   0.00000000    -0.00216321  -0.00000000
    7    5
  0.00000000   0.00089708    -0.00595941   0.00000000    -0.00026833   0.00000000
 -0.00026833   0.00000000    -0.00000000  -0.00216321    -0.00000000  -0.07086318
 -0.00595941   0.00000000    -0.00000000  -0.01521623    -0.00000000  -0.00216321
    7    6
  0.00000000   0.00122616     0.00000000   0.00000000    -0.00299876   0.00000000
  0.00000000   0.00000000    -0.00000000  -0.07051666    -0.00000000  -0.00000000
 -0.00299876   0.00000000     0.00000000  -0.00000000    -0.00000000  -0.01203625
    7    7
  0.05314333  -0.00000000    -0.00000000  -0.00000000    -0.00000000   0.00084272
 -0.00000000   0.00000000     0.07478457   0.00000000    -0.00000000  -0.00000000
 -0.00000000  -0.00084272     0.00000000   0.00000000     0.02961393  -0.00000000

     Dynamical  Matrix in cartesian axes

     q = (   -0.433012700  -0.000000000  -0.000000000 ) 

    1    1
  0.33845129   0.00000000    -0.00000000   0.00000000     0.00000000   0.00000000
  0.00000000   0.00000000     0.03303994   0.00000000    -0.00000000   0.00000000
  0.00000000   0.00000000    -0.00000000   0.00000000     0.03303994   0.00000000
    1    2
 -0.00310925  -0.00310925    -0.00000000   0.00000000     0.00000000   0.00000000
  0.00000000   0.00000000    -0.00023427  -0.01367549     0.00000000  -0.00000000
  0.00000000   0.00000000     0.00000000   0.00000000    -0.01367549  -0.00023427
    1    3
 -0.00310925  -0.00310925     0.00000000   0.00000000     0.00000000   0.00000000
  0.00000000  -0.00000000    -0.01367549  -0.00023427     0.00000000   0.00000000
  0.00000000   0.00000000     0.00000000   0.00000000    -0.00023427  -0.01367549
    1    4
  0.00000000   0.02404484    -0.05973262   0.00000000     0.00000000   0.00000000
 -0.01646432   0.00000000     0.00000000   0.00147715     0.00000000   0.00000000
 -0.00000000   0.00000000     0.00000000   0.00000000     0.00000000   0.00021926
    1    5
  0.02404484   0.00000000     0.00000000  -0.05973262     0.00000000  -0.00000000
 -0.00000000  -0.01646432     0.00147715   0.00000000    -0.00000000  -0.00000000
 -0.00000000  -0.00000000    -0.00000000  -0.00000000     0.00021926  -0.00000000
    1    6
  0.02404484   0.00000000     0.00000000   0.00000000     0.00000000  -0.05973262
 -0.00000000   0.00000000     0.00021926  -0.00000000    -0.00000000   0.00000000
  0.00000000  -0.01646432     0.00000000  -0.00000000     0.00147715   0.00000000
    1    7
  0.00000000   0.02404484     0.00000000   0.00000000    -0.05973262   0.00000000
  0.00000000   0.00000000     0.00000000   0.00021926     0.00000000   0.00000000
 -0.01646432   0.00000000     0.00000000   0.00000000     0.00000000   0.00147715
    2    1
 -0.00310925   0.00310925     0.00000000  -0.00000000     0.00000000   0.00000000
 -0.00000000  -0.00000000    -0.00023427   0.01367549     0.00000000  -0.00000000
  0.00000000   0.00000000     0.00000000  -0.00000000    -0.01367549   0.00023427
    2    2
  0.08321221  -0.00000000    -0.00000000  -0.00000000    -0.00000000   0.00000000
 -0.00000000  -0.00000000     0.03160982   0.00000000    -0.00000000   0.00000000
 -0.00000000   0.00000000    -0.00000000   0.00000000     0.03160982  -0.00000000
    2    3
 -0.01872850  -0.00000000     0.00000000   0.00000000    -0.00000000  -0.00000000
  0.00000000   0.00000000    -0.00096380  -0.02277011     0.00000000  -0.00000000
  0.00000000  -0.00000000    -0.00000000  -0.00000000    -0.00096380   0.02277011
    2    4
  0.01050404  -0.02387502    -0.00041260  -0.00976848     0.00000000   0.00000000
  0.00154552  -0.02176283     0.00314062  -0.00362510     0.00000000   0.00000000
  0.00000000   0.00000000    -0.00000000   0.00000000     0.00082544  -0.00137386
    2    5
 -0.02387502  -0.01050404     0.00976848  -0.00041260    -0.00000000  -0.00000000
  0.02176283   0.00154552    -0.00362510  -0.00314062    -0.00000000  -0.00000000
 -0.00000000   0.00000000    -0.00000000  -0.00000000    -0.00137386  -0.00082544
    2    6
  0.01050404   0.02387502     0.00000000  -0.00000000    -0.00041260   0.00976848
 -0.00000000  -0.00000000     0.00082544   0.00137386    -0.00000000  -0.00000000
  0.00154552   0.02176283     0.00000000  -0.00000000     0.00314062   0.00362510
    2    7
 -0.02387502   0.01050404    -0.00000000  -0.00000000     0.00976848   0.00041260
 -0.00000000   0.00000000    -0.00137386   0.00082544     0.00000000  -0.00000000
  0.02176283  -0.00154552     0.00000000   0.00000000    -0.00362510   0.00314062
    3    1
 -0.00310925   0.00310925     0.00000000   0.00000000    -0.00000000  -0.00000000
  0.00000000   0.00000000    -0.01367549   0.00023427    -0.00000000  -0.00000000
 -0.00000000  -0.00000000    -0.00000000  -0.00000000    -0.00023427   0.01367549
    3    2
 -0.01872850   0.00000000     0.00000000  -0.00000000    -0.00000000   0.00000000
  0.00000000  -0.00000000    -0.00096380   0.02277011     0.00000000   0.00000000
  0.00000000   0.00000000    -0.00000000   0.00000000    -0.00096380  -0.02277011
    3    3
  0.08321221   0.00000000    -0.00000000   0.00000000    -0.00000000  -0.00000000
 -0.00000000   0.00000000     0.03160982  -0.00000000    -0.00000000  -0.00000000
 -0.00000000  -0.00000000    -0.00000000  -0.00000000     0.03160982   0.00000000
    3    4
 -0.02387502   0.01050404     0.00976848   0.00041260    -0.00000000   0.00000000
  0.02176283  -0.00154552    -0.00362510   0.00314062    -0.00000000   0.00000000
 -0.00000000   0.00000000    -0.00000000   0.00000000    -0.00137386   0.00082544
    3    5
  0.01050404   0.02387502    -0.00041260   0.00976848     0.00000000   0.00000000
  0.00154552   0.02176283     0.00314062   0.00362510     0.00000000   0.00000000
  0.00000000   0.00000000    -0.00000000   0.00000000     0.00082544   0.00137386
    3    6
 -0.02387502  -0.01050404     0.00000000   0.00000000     0.00976848  -0.00041260
 -0.00000000  -0.00000000    -0.00137386  -0.00082544    -0.00000000   0.00000000
  0.02176283   0.00154552     0.00000000   0.00000000    -0.00362510  -0.00314062
    3    7
  0.01050404  -0.02387502    -0.00000000   0.00000000    -0.00041260  -0.00976848
 -0.00000000   0.00000000     0.00082544  -0.00137386    -0.00000000   0.00000000
  0.00154552  -0.02176283     0.00000000   0.00000000     0.00314062  -0.00362510
    4    1
  0.00000000  -0.02404484    -0.01646432  -0.00000000     0.00000000  -0.00000000
 -0.05973262  -0.00000000     0.00000000  -0.00147715     0.00000000  -0.00000000
  0.00000000  -0.00000000     0.00000000  -0.00000000     0.00000000  -0.00021926
    4    2
  0.01050404   0.02387502     0.00154552   0.02176283    -0.00000000  -0.00000000
 -0.00041260   0.00976848     0.00314062   0.00362510    -0.00000000  -0.00000000
 -0.00000000   0.00000000    -0.00000000   0.00000000     0.00082544   0.00137386
    4    3
 -0.02387502  -0.01050404     0.02176283   0.00154552    -0.00000000  -0.00000000
  0.00976848  -0.00041260    -0.00362510  -0.00314062     0.00000000  -0.00000000
 -0.00000000  -0.00000000     0.00000000   0.00000000    -0.00137386  -0.00082544
    4    4
  0.05314333  -0.00000000     0.00000000  -0.00084272    -0.00000000  -0.00000000
  0.00000000   0.00084272     0.02961393  -0.00000000    -0.00000000  -0.00000000
 -0.00000000   0.00000000    -0.00000000   0.00000000     0.07478457  -0.00000000
    4    5
  0.00000000  -0.00122616    -0.00299876  -0.00000000     0.00000000  -0.00000000
 -0.00299876  -0.00000000    -0.00000000   0.01203625    -0.00000000  -0.00000000
 -0.00000000  -0.00000000     0.00000000  -0.00000000    -0.00000000   0.07051666
    4    6
  0.00000000  -0.00089708    -0.00026833  -0.00000000    -0.00595941  -0.00000000
 -0.00595941  -0.00000000    -0.00000000   0.00216321    -0.00000000   0.01521623
 -0.00026833  -0.00000000    -0.00000000   0.07086318    -0.00000000   0.00216321
    4    7
  0.00089708  -0.00000000    -0.00000000  -0.00026833     0.00000000   0.00595941
 -0.00000000  -0.00595941    -0.00216321   0.00000000     0.01521623  -0.00000000
  0.00000000   0.00026833     0.07086318  -0.00000000    -0.00216321  -0.00000000
    5    1
  0.02404484  -0.00000000     0.00000000   0.01646432    -0.00000000  -0.00000000
  0.00000000   0.05973262     0.00147715  -0.00000000    -0.00000000  -0.00000000
  0.00000000  -0.00000000     0.00000000   0.00000000     0.00021926  -0.00000000
    5    2
 -0.02387502   0.01050404     0.02176283  -0.00154552    -0.00000000   0.00000000
  0.00976848   0.00041260    -0.00362510   0.00314062    -0.00000000   0.00000000
 -0.00000000   0.00000000     0.00000000   0.00000000    -0.00137386   0.00082544
    5    3
  0.01050404  -0.02387502     0.00154552  -0.02176283     0.00000000   0.00000000
 -0.00041260  -0.00976848     0.00314062  -0.00362510    -0.00000000   0.00000000
 -0.00000000   0.00000000    -0.00000000   0.00000000     0.00082544  -0.00137386
    5    4
  0.00000000   0.00122616    -0.00299876   0.00000000     0.00000000   0.00000000
 -0.00299876   0.00000000    -0.00000000  -0.01203625    -0.00000000   0.00000000
 -0.00000000   0.00000000     0.00000000   0.00000000    -0.00000000  -0.07051666
    5    5
  0.05314333   0.00000000     0.00000000   0.00084272    -0.00000000   0.00000000
  0.00000000  -0.00084272     0.02961393   0.00000000    -0.00000000   0.00000000
 -0.00000000   0.00000000    -0.00000000   0.00000000     0.07478457   0.00000000
    5    6
  0.00089708   0.00000000    -0.00000000   0.00026833    -0.00000000  -0.00595941
  0.00000000   0.00595941    -0.00216321   0.00000000     0.01521623   0.00000000
  0.00000000  -0.00026833     0.07086318   0.00000000    -0.00216321   0.00000000
    5    7
  0.00000000   0.00089708    -0.00026833   0.00000000    -0.00595941   0.00000000
 -0.00595941   0.00000000    -0.00000000  -0.00216321    -0.00000000  -0.01521623
 -0.00026833   0.00000000    -0.00000000  -0.07086318    -0.00000000  -0.00216321
    6    1
  0.02404484  -0.00000000    -0.00000000  -0.00000000     0.00000000   0.01646432
 -0.00000000  -0.00000000     0.00021926  -0.00000000    -0.00000000  -0.00000000
  0.00000000   0.05973262    -0.00000000  -0.00000000     0.00147715  -0.00000000
    6    2
  0.01050404  -0.02387502    -0.00000000   0.00000000     0.00154552  -0.02176283
  0.00000000   0.00000000     0.00082544  -0.00137386    -0.00000000   0.00000000
 -0.00041260  -0.00976848    -0.00000000   0.00000000     0.00314062  -0.00362510
    6    3
 -0.02387502   0.01050404     0.00000000   0.00000000     0.02176283  -0.00154552
  0.00000000   0.00000000    -0.00137386   0.00082544     0.00000000  -0.00000000
  0.00976848   0.00041260     0.00000000   0.00000000    -0.00362510   0.00314062
    6    4
  0.00000000   0.00089708    -0.00595941   0.00000000    -0.00026833   0.00000000
 -0.00026833   0.00000000    -0.00000000  -0.00216321    -0.00000000  -0.07086318
 -0.00595941   0.00000000    -0.00000000  -0.01521623    -0.00000000  -0.00216321
    6    5
  0.00089708  -0.00000000     0.00000000  -0.00595941     0.00000000   0.00026833
 -0.00000000  -0.00026833    -0.00216321   0.00000000     0.07086318  -0.00000000
  0.00000000   0.00595941     0.01521623  -0.00000000    -0.00216321   0.00000000
    6    6
  0.05314333   0.00000000    -0.00000000  -0.00000000    -0.00000000   0.00084272
 -0.00000000   0.00000000     0.07478457   0.00000000    -0.00000000  -0.00000000
 -0.00000000  -0.00084272    -0.00000000   0.00000000     0.02961393  -0.00000000
    6    7
  0.00000000   0.00122616     0.00000000   0.00000000    -0.00299876   0.00000000
  0.00000000   0.00000000    -0.00000000  -0.07051666    -0.00000000   0.00000000
 -0.00299876   0.00000000    -0.00000000  -0.00000000    -0.00000000  -0.01203625
    7    1
  0.00000000  -0.02404484     0.00000000  -0.00000000    -0.01646432  -0.00000000
  0.00000000   0.00000000     0.00000000  -0.00021926     0.00000000  -0.00000000
 -0.05973262  -0.00000000     0.00000000   0.00000000     0.00000000  -0.00147715
    7    2
 -0.02387502  -0.01050404    -0.00000000   0.00000000     0.02176283   0.00154552
 -0.00000000   0.00000000    -0.00137386  -0.00082544     0.00000000  -0.00000000
  0.00976848  -0.00041260     0.00000000  -0.00000000    -0.00362510  -0.00314062
    7    3
  0.01050404   0.02387502    -0.00000000  -0.00000000     0.00154552   0.02176283
  0.00000000  -0.00000000     0.00082544   0.00137386     0.00000000   0.00000000
 -0.00041260   0.00976848     0.00000000  -0.00000000     0.00314062   0.00362510
    7    4
  0.00089708   0.00000000    -0.00000000   0.00595941     0.00000000  -0.00026833
 -0.00000000   0.00026833    -0.00216321  -0.00000000     0.07086318   0.00000000
  0.00000000  -0.00595941     0.01521623   0.00000000    -0.00216321   0.00000000
    7    5
  0.00000000  -0.00089708    -0.00595941  -0.00000000    -0.00026833  -0.00000000
 -0.00026833  -0.00000000    -0.00000000   0.00216321    -0.00000000   0.07086318
 -0.00595941  -0.00000000    -0.00000000   0.01521623    -0.00000000   0.00216321
    7    6
  0.00000000  -0.00122616     0.00000000  -0.00000000    -0.00299876  -0.00000000
  0.00000000  -0.00000000    -0.00000000   0.07051666    -0.00000000   0.00000000
 -0.00299876  -0.00000000    -0.00000000   0.00000000    -0.00000000   0.01203625
    7    7
  0.05314333  -0.00000000    -0.00000000   0.00000000    -0.00000000  -0.00084272
 -0.00000000  -0.00000000     0.07478457  -0.00000000    -0.00000000   0.00000000
 -0.00000000   0.00084272    -0.00000000   0.00000000     0.02961393   0.00000000

     Dynamical  Matrix in cartesian axes

     q = (   -0.000000000   0.433012700   0.000000000 ) 

    1    1
  0.03303994   0.00000000    -0.00000000   0.00000000     0.00000000   0.00000000
 -0.00000000   0.00000000     0.33845129   0.00000000     0.00000000   0.00000000
  0.00000000   0.00000000    -0.00000000   0.00000000     0.03303994   0.00000000
    1    2
  0.00147715  -0.00000000     0.00000000   0.01646432     0.00000000  -0.00000000
  0.00000000   0.05973262     0.02404484  -0.00000000     0.00000000  -0.00000000
  0.00000000  -0.00000000     0.00000000  -0.00000000     0.00021926  -0.00000000
    1    3
  0.00000000  -0.00147715    -0.01646432  -0.00000000     0.00000000   0.00000000
 -0.05973262  -0.00000000     0.00000000  -0.02404484    -0.00000000   0.00000000
 -0.00000000   0.00000000    -0.00000000   0.00000000     0.00000000  -0.00021926
    1    4
 -0.01367549   0.00023427     0.00000000  -0.00000000    -0.00000000  -0.00000000
  0.00000000   0.00000000    -0.00310925   0.00310925     0.00000000   0.00000000
  0.00000000  -0.00000000     0.00000000  -0.00000000    -0.00023427   0.01367549
    1    5
 -0.00023427   0.01367549     0.00000000   0.00000000     0.00000000   0.00000000
 -0.00000000   0.00000000    -0.00310925   0.00310925     0.00000000   0.00000000
  0.00000000   0.00000000     0.00000000   0.00000000    -0.01367549   0.00023427
    1    6
  0.00000000  -0.00021926     0.00000000   0.00000000     0.00000000   0.00000000
  0.00000000  -0.00000000     0.00000000  -0.02404484    -0.05973262  -0.00000000
  0.00000000  -0.00000000    -0.01646432  -0.00000000     0.00000000  -0.00147715
    1    7
  0.00021926   0.00000000     0.00000000  -0.00000000     0.00000000  -0.00000000
  0.00000000  -0.00000000     0.02404484  -0.00000000     0.00000000   0.05973262
