  1.000000000000000E-002   1.26045764302382        2.13065582614097     
           6

     Dynamical  Matrix in cartesian axes

     q = (   -0.433012700  -0.433012700   0.000000000 ) 

    1    1
  0.10078813   0.00000000     0.03854011   0.00000000    -0.00000000   0.00000000
  0.03854011   0.00000000     0.10078813   0.00000000    -0.00000000   0.00000000
 -0.00000000   0.00000000    -0.00000000   0.00000000     0.05309945   0.00000000
    1    2
 -0.01876206   0.00000000     0.01544022  -0.00000000    -0.00000000   0.00000000
 -0.00550196   0.00000000     0.01472309  -0.00000000    -0.00000000   0.00000000
  0.00000000   0.00000000     0.00000000   0.00000000    -0.01281146   0.00000000
    1    3
  0.01876206  -0.00000000    -0.01544022   0.00000000     0.00000000   0.00000000
  0.00550196  -0.00000000    -0.01472309   0.00000000     0.00000000   0.00000000
 -0.00000000   0.00000000    -0.00000000   0.00000000     0.01281146  -0.00000000
    1    4
 -0.01472309   0.00000000     0.00550196  -0.00000000    -0.00000000   0.00000000
 -0.01544022   0.00000000     0.01876206  -0.00000000    -0.00000000   0.00000000
 -0.00000000  -0.00000000    -0.00000000   0.00000000     0.01281146  -0.00000000
    1    5
  0.01472309  -0.00000000    -0.00550196   0.00000000     0.00000000   0.00000000
  0.01544022  -0.00000000    -0.01876206   0.00000000     0.00000000   0.00000000
  0.00000000   0.00000000     0.00000000   0.00000000    -0.01281146   0.00000000
    1    6
 -0.00000000   0.00000000     0.00000000   0.00000000     0.00384121  -0.00000000
 -0.00000000   0.00000000     0.00000000   0.00000000    -0.00384121   0.00000000
  0.02201592  -0.00000000    -0.02201592   0.00000000    -0.00000000   0.00000000
    1    7
  0.00000000   0.00000000    -0.00000000   0.00000000    -0.00384121   0.00000000
  0.00000000   0.00000000    -0.00000000   0.00000000     0.00384121  -0.00000000
 -0.02201592   0.00000000     0.02201592  -0.00000000    -0.00000000   0.00000000
    2    1
 -0.01876206  -0.00000000    -0.00550196  -0.00000000     0.00000000  -0.00000000
  0.01544022   0.00000000     0.01472309   0.00000000     0.00000000  -0.00000000
 -0.00000000  -0.00000000    -0.00000000  -0.00000000    -0.01281146  -0.00000000
    2    2
  0.05869920   0.00000000     0.00480349   0.00000000    -0.00000000   0.00000000
  0.00480349   0.00000000     0.07477396   0.00000000    -0.00000000   0.00000000
 -0.00000000   0.00000000    -0.00000000   0.00000000     0.02926628   0.00000000
    2    3
  0.01373608   0.00000000     0.01715743   0.00000000     0.00000000   0.00000000
  0.01715743   0.00000000     0.03632321   0.00000000     0.00000000   0.00000000
  0.00000000   0.00000000     0.00000000   0.00000000    -0.02215376   0.00000000
    2    4
  0.02866079   0.00000000     0.02912721   0.00000000    -0.00000000   0.00000000
  0.04619414   0.00000000     0.02866079   0.00000000    -0.00000000   0.00000000
 -0.00000000   0.00000000    -0.00000000   0.00000000     0.01396002   0.00000000
    2    5
 -0.00994504   0.00000000     0.03637717   0.00000000    -0.00000000   0.00000000
  0.06185190   0.00000000    -0.00994504   0.00000000     0.00000000   0.00000000
 -0.00000000   0.00000000     0.00000000   0.00000000    -0.01469518   0.00000000
    2    6
 -0.01972251   0.00000000    -0.01522379   0.00000000    -0.00539833   0.00000000
 -0.00733050   0.00000000    -0.00522235   0.00000000    -0.00375512   0.00000000
 -0.02538984   0.00000000    -0.01170869   0.00000000    -0.00216528   0.00000000
    2    7
 -0.01972251   0.00000000    -0.01522379   0.00000000     0.00539833   0.00000000
 -0.00733050   0.00000000    -0.00522235   0.00000000     0.00375512   0.00000000
  0.02538984   0.00000000     0.01170869   0.00000000    -0.00216528   0.00000000
    3    1
  0.01876206   0.00000000     0.00550196   0.00000000    -0.00000000  -0.00000000
 -0.01544022  -0.00000000    -0.01472309  -0.00000000    -0.00000000  -0.00000000
 -0.00000000   0.00000000    -0.00000000  -0.00000000     0.01281146   0.00000000
    3    2
  0.01373608   0.00000000     0.01715743   0.00000000     0.00000000   0.00000000
  0.01715743   0.00000000     0.03632321   0.00000000     0.00000000   0.00000000
  0.00000000   0.00000000     0.00000000   0.00000000    -0.02215376   0.00000000
    3    3
  0.05869920   0.00000000     0.00480349   0.00000000    -0.00000000   0.00000000
  0.00480349   0.00000000     0.07477396   0.00000000    -0.00000000   0.00000000
 -0.00000000   0.00000000    -0.00000000   0.00000000     0.02926628   0.00000000
    3    4
 -0.00994504   0.00000000     0.03637717   0.00000000    -0.00000000   0.00000000
  0.06185190   0.00000000    -0.00994504   0.00000000    -0.00000000   0.00000000
 -0.00000000   0.00000000    -0.00000000   0.00000000    -0.01469518   0.00000000
    3    5
  0.02866079   0.00000000     0.02912721   0.00000000    -0.00000000   0.00000000
  0.04619414   0.00000000     0.02866079   0.00000000    -0.00000000   0.00000000
 -0.00000000   0.00000000    -0.00000000   0.00000000     0.01396002   0.00000000
    3    6
 -0.01972251   0.00000000    -0.01522379   0.00000000     0.00539833   0.00000000
 -0.00733050   0.00000000    -0.00522235   0.00000000     0.00375512   0.00000000
  0.02538984   0.00000000     0.01170869   0.00000000    -0.00216528   0.00000000
    3    7
 -0.01972251   0.00000000    -0.01522379   0.00000000    -0.00539833   0.00000000
 -0.00733050   0.00000000    -0.00522235   0.00000000    -0.00375512   0.00000000
 -0.02538984   0.00000000    -0.01170869   0.00000000    -0.00216528   0.00000000
    4    1
 -0.01472309  -0.00000000    -0.01544022  -0.00000000    -0.00000000   0.00000000
  0.00550196   0.00000000     0.01876206   0.00000000    -0.00000000  -0.00000000
 -0.00000000  -0.00000000    -0.00000000  -0.00000000     0.01281146   0.00000000
    4    2
  0.02866079   0.00000000     0.04619414   0.00000000    -0.00000000   0.00000000
  0.02912721   0.00000000     0.02866079   0.00000000    -0.00000000   0.00000000
 -0.00000000   0.00000000    -0.00000000   0.00000000     0.01396002   0.00000000
    4    3
 -0.00994504   0.00000000     0.06185190   0.00000000     0.00000000   0.00000000
  0.03637717   0.00000000    -0.00994504   0.00000000     0.00000000   0.00000000
  0.00000000   0.00000000     0.00000000   0.00000000    -0.01469518   0.00000000
    4    4
  0.07477396   0.00000000     0.00480349   0.00000000    -0.00000000   0.00000000
  0.00480349   0.00000000     0.05869920   0.00000000    -0.00000000   0.00000000
 -0.00000000   0.00000000    -0.00000000   0.00000000     0.02926628   0.00000000
    4    5
  0.03632321   0.00000000     0.01715743   0.00000000     0.00000000   0.00000000
  0.01715743   0.00000000     0.01373608   0.00000000     0.00000000   0.00000000
  0.00000000   0.00000000     0.00000000   0.00000000    -0.02215376   0.00000000
    4    6
 -0.00522235   0.00000000    -0.00733050   0.00000000    -0.00375512   0.00000000
 -0.01522379   0.00000000    -0.01972251   0.00000000    -0.00539833   0.00000000
 -0.01170869   0.00000000    -0.02538984   0.00000000    -0.00216528   0.00000000
    4    7
 -0.00522235   0.00000000    -0.00733050   0.00000000     0.00375512   0.00000000
 -0.01522379   0.00000000    -0.01972251   0.00000000     0.00539833   0.00000000
  0.01170869   0.00000000     0.02538984   0.00000000    -0.00216528   0.00000000
    5    1
  0.01472309   0.00000000     0.01544022   0.00000000     0.00000000  -0.00000000
 -0.00550196  -0.00000000    -0.01876206  -0.00000000     0.00000000  -0.00000000
  0.00000000  -0.00000000     0.00000000  -0.00000000    -0.01281146  -0.00000000
    5    2
 -0.00994504   0.00000000     0.06185190   0.00000000     0.00000000   0.00000000
  0.03637717   0.00000000    -0.00994504   0.00000000    -0.00000000   0.00000000
  0.00000000   0.00000000    -0.00000000   0.00000000    -0.01469518   0.00000000
    5    3
  0.02866079   0.00000000     0.04619414   0.00000000    -0.00000000   0.00000000
  0.02912721   0.00000000     0.02866079   0.00000000    -0.00000000   0.00000000
 -0.00000000   0.00000000    -0.00000000   0.00000000     0.01396002   0.00000000
    5    4
  0.03632321   0.00000000     0.01715743   0.00000000     0.00000000   0.00000000
  0.01715743   0.00000000     0.01373608   0.00000000     0.00000000   0.00000000
  0.00000000   0.00000000     0.00000000   0.00000000    -0.02215376   0.00000000
    5    5
  0.07477396   0.00000000     0.00480349   0.00000000    -0.00000000   0.00000000
  0.00480349   0.00000000     0.05869920   0.00000000    -0.00000000   0.00000000
 -0.00000000   0.00000000    -0.00000000   0.00000000     0.02926628   0.00000000
    5    6
 -0.00522235   0.00000000    -0.00733050   0.00000000     0.00375512   0.00000000
 -0.01522379   0.00000000    -0.01972251   0.00000000     0.00539833   0.00000000
  0.01170869   0.00000000     0.02538984   0.00000000    -0.00216528   0.00000000
    5    7
 -0.00522235   0.00000000    -0.00733050   0.00000000    -0.00375512   0.00000000
 -0.01522379   0.00000000    -0.01972251   0.00000000    -0.00539833   0.00000000
 -0.01170869   0.00000000    -0.02538984   0.00000000    -0.00216528   0.00000000
    6    1
 -0.00000000  -0.00000000    -0.00000000  -0.00000000     0.02201592   0.00000000
 -0.00000000  -0.00000000     0.00000000  -0.00000000    -0.02201592  -0.00000000
  0.00384121   0.00000000    -0.00384121  -0.00000000     0.00000000  -0.00000000
    6    2
 -0.01972251   0.00000000    -0.00733050   0.00000000    -0.02538984   0.00000000
 -0.01522379   0.00000000    -0.00522235   0.00000000    -0.01170869   0.00000000
 -0.00539833   0.00000000    -0.00375512   0.00000000    -0.00216528   0.00000000
    6    3
 -0.01972251   0.00000000    -0.00733050   0.00000000     0.02538984   0.00000000
 -0.01522379   0.00000000    -0.00522235   0.00000000     0.01170869   0.00000000
  0.00539833   0.00000000     0.00375512   0.00000000    -0.00216528   0.00000000
    6    4
 -0.00522235   0.00000000    -0.01522379   0.00000000    -0.01170869   0.00000000
 -0.00733050   0.00000000    -0.01972251   0.00000000    -0.02538984   0.00000000
 -0.00375512   0.00000000    -0.00539833   0.00000000    -0.00216528   0.00000000
    6    5
 -0.00522235   0.00000000    -0.01522379   0.00000000     0.01170869   0.00000000
 -0.00733050   0.00000000    -0.01972251   0.00000000     0.02538984   0.00000000
  0.00375512   0.00000000     0.00539833   0.00000000    -0.00216528   0.00000000
    6    6
  0.04689155   0.00000000     0.01797751   0.00000000    -0.00000000   0.00000000
  0.01797751   0.00000000     0.04689155   0.00000000     0.00000000   0.00000000
  0.00000000   0.00000000     0.00000000   0.00000000     0.01070214   0.00000000
    6    7
 -0.01289474   0.00000000     0.00155793   0.00000000    -0.00000000   0.00000000
  0.00155793   0.00000000    -0.01289474   0.00000000    -0.00000000   0.00000000
 -0.00000000   0.00000000    -0.00000000   0.00000000     0.00329427   0.00000000
    7    1
 -0.00000000  -0.00000000     0.00000000  -0.00000000    -0.02201592  -0.00000000
  0.00000000  -0.00000000    -0.00000000  -0.00000000     0.02201592   0.00000000
 -0.00384121  -0.00000000     0.00384121   0.00000000    -0.00000000  -0.00000000
    7    2
 -0.01972251   0.00000000    -0.00733050   0.00000000     0.02538984   0.00000000
 -0.01522379   0.00000000    -0.00522235   0.00000000     0.01170869   0.00000000
  0.00539833   0.00000000     0.00375512   0.00000000    -0.00216528   0.00000000
    7    3
 -0.01972251   0.00000000    -0.00733050   0.00000000    -0.02538984   0.00000000
 -0.01522379   0.00000000    -0.00522235   0.00000000    -0.01170869   0.00000000
 -0.00539833   0.00000000    -0.00375512   0.00000000    -0.00216528   0.00000000
    7    4
 -0.00522235   0.00000000    -0.01522379   0.00000000     0.01170869   0.00000000
 -0.00733050   0.00000000    -0.01972251   0.00000000     0.02538984   0.00000000
  0.00375512   0.00000000     0.00539833   0.00000000    -0.00216528   0.00000000
    7    5
 -0.00522235   0.00000000    -0.01522379   0.00000000    -0.01170869   0.00000000
 -0.00733050   0.00000000    -0.01972251   0.00000000    -0.02538984   0.00000000
 -0.00375512   0.00000000    -0.00539833   0.00000000    -0.00216528   0.00000000
    7    6
 -0.01289474   0.00000000     0.00155793   0.00000000    -0.00000000   0.00000000
  0.00155793   0.00000000    -0.01289474   0.00000000    -0.00000000   0.00000000
 -0.00000000   0.00000000    -0.00000000   0.00000000     0.00329427   0.00000000
    7    7
  0.04689155   0.00000000     0.01797751   0.00000000    -0.00000000   0.00000000
  0.01797751   0.00000000     0.04689155   0.00000000    -0.00000000   0.00000000
 -0.00000000   0.00000000    -0.00000000   0.00000000     0.01070214   0.00000000

     Dynamical  Matrix in cartesian axes

     q = (    0.000000000   0.433012700  -0.433012700 ) 

    1    1
  0.05309945   0.00000000     0.00000000   0.00000000    -0.00000000   0.00000000
  0.00000000   0.00000000     0.10078813   0.00000000    -0.03854011   0.00000000
 -0.00000000   0.00000000    -0.03854011   0.00000000     0.10078813   0.00000000
    1    2
  0.00000000   0.00000000    -0.02201592   0.00000000    -0.02201592   0.00000000
 -0.00384121   0.00000000     0.00000000   0.00000000     0.00000000  -0.00000000
 -0.00384121   0.00000000    -0.00000000  -0.00000000     0.00000000   0.00000000
    1    3
  0.00000000  -0.00000000    -0.02201592  -0.00000000    -0.02201592  -0.00000000
 -0.00384121  -0.00000000     0.00000000  -0.00000000    -0.00000000   0.00000000
 -0.00384121  -0.00000000    -0.00000000   0.00000000     0.00000000  -0.00000000
    1    4
 -0.01281146  -0.00000000    -0.00000000   0.00000000    -0.00000000   0.00000000
  0.00000000   0.00000000    -0.01876206  -0.00000000    -0.01544022  -0.00000000
 -0.00000000  -0.00000000     0.00550196   0.00000000     0.01472309   0.00000000
    1    5
 -0.01281146   0.00000000     0.00000000   0.00000000    -0.00000000   0.00000000
  0.00000000   0.00000000    -0.01876206   0.00000000    -0.01544022   0.00000000
 -0.00000000  -0.00000000     0.00550196  -0.00000000     0.01472309  -0.00000000
    1    6
 -0.01281146  -0.00000000    -0.00000000  -0.00000000     0.00000000  -0.00000000
 -0.00000000   0.00000000     0.01472309   0.00000000     0.00550196   0.00000000
  0.00000000  -0.00000000    -0.01544022  -0.00000000    -0.01876206  -0.00000000
    1    7
 -0.01281146   0.00000000    -0.00000000   0.00000000     0.00000000   0.00000000
 -0.00000000  -0.00000000     0.01472309  -0.00000000     0.00550196  -0.00000000
  0.00000000   0.00000000    -0.01544022   0.00000000    -0.01876206   0.00000000
    2    1
  0.00000000  -0.00000000    -0.00384121  -0.00000000    -0.00384121  -0.00000000
 -0.02201592  -0.00000000     0.00000000  -0.00000000    -0.00000000   0.00000000
 -0.02201592  -0.00000000    -0.00000000   0.00000000    -0.00000000  -0.00000000
    2    2
  0.01070214   0.00000000     0.00000000   0.00000000    -0.00000000   0.00000000
  0.00000000   0.00000000     0.04689155   0.00000000    -0.01797751   0.00000000
 -0.00000000   0.00000000    -0.01797751   0.00000000     0.04689155   0.00000000
    2    3
 -0.00329427  -0.00000000    -0.00000000   0.00000000    -0.00000000  -0.00000000
 -0.00000000   0.00000000     0.01289474   0.00000000     0.00155793   0.00000000
 -0.00000000  -0.00000000     0.00155793   0.00000000     0.01289474   0.00000000
    2    4
  0.00216528   0.00000000     0.00539833   0.00000000    -0.00375512  -0.00000000
  0.02538984   0.00000000     0.01972251   0.00000000    -0.00733050  -0.00000000
 -0.01170869  -0.00000000    -0.01522379  -0.00000000     0.00522235   0.00000000
    2    5
 -0.00216528   0.00000000     0.00539833  -0.00000000    -0.00375512   0.00000000
  0.02538984  -0.00000000    -0.01972251   0.00000000     0.00733050  -0.00000000
 -0.01170869   0.00000000     0.01522379  -0.00000000    -0.00522235   0.00000000
    2    6
  0.00216528   0.00000000    -0.00375512  -0.00000000     0.00539833   0.00000000
 -0.01170869  -0.00000000     0.00522235   0.00000000    -0.01522379  -0.00000000
  0.02538984   0.00000000    -0.00733050  -0.00000000     0.01972251   0.00000000
    2    7
 -0.00216528   0.00000000    -0.00375512   0.00000000     0.00539833  -0.00000000
 -0.01170869   0.00000000    -0.00522235   0.00000000     0.01522379  -0.00000000
  0.02538984  -0.00000000     0.00733050  -0.00000000    -0.01972251   0.00000000
    3    1
  0.00000000   0.00000000    -0.00384121   0.00000000    -0.00384121   0.00000000
 -0.02201592   0.00000000     0.00000000   0.00000000    -0.00000000  -0.00000000
 -0.02201592   0.00000000    -0.00000000  -0.00000000    -0.00000000   0.00000000
    3    2
 -0.00329427   0.00000000    -0.00000000  -0.00000000    -0.00000000   0.00000000
 -0.00000000  -0.00000000     0.01289474  -0.00000000     0.00155793  -0.00000000
 -0.00000000   0.00000000     0.00155793  -0.00000000     0.01289474  -0.00000000
    3    3
  0.01070214   0.00000000     0.00000000   0.00000000    -0.00000000   0.00000000
  0.00000000   0.00000000     0.04689155   0.00000000    -0.01797751   0.00000000
 -0.00000000   0.00000000    -0.01797751   0.00000000     0.04689155   0.00000000
    3    4
 -0.00216528   0.00000000     0.00539833  -0.00000000    -0.00375512   0.00000000
  0.02538984  -0.00000000    -0.01972251   0.00000000     0.00733050  -0.00000000
 -0.01170869   0.00000000     0.01522379  -0.00000000    -0.00522235   0.00000000
    3    5
  0.00216528  -0.00000000     0.00539833  -0.00000000    -0.00375512   0.00000000
  0.02538984  -0.00000000     0.01972251  -0.00000000    -0.00733050   0.00000000
 -0.01170869   0.00000000    -0.01522379   0.00000000     0.00522235  -0.00000000
    3    6
 -0.00216528   0.00000000    -0.00375512   0.00000000     0.00539833  -0.00000000
 -0.01170869   0.00000000    -0.00522235   0.00000000     0.01522379  -0.00000000
  0.02538984  -0.00000000     0.00733050  -0.00000000    -0.01972251   0.00000000
    3    7
  0.00216528  -0.00000000    -0.00375512   0.00000000     0.00539833  -0.00000000
 -0.01170869   0.00000000     0.00522235  -0.00000000    -0.01522379   0.00000000
  0.02538984  -0.00000000    -0.00733050   0.00000000     0.01972251  -0.00000000
    4    1
 -0.01281146   0.00000000     0.00000000  -0.00000000    -0.00000000   0.00000000
 -0.00000000  -0.00000000    -0.01876206   0.00000000     0.00550196  -0.00000000
 -0.00000000  -0.00000000    -0.01544022   0.00000000     0.01472309  -0.00000000
    4    2
  0.00216528  -0.00000000     0.02538984  -0.00000000    -0.01170869   0.00000000
  0.00539833  -0.00000000     0.01972251  -0.00000000    -0.01522379   0.00000000
 -0.00375512   0.00000000    -0.00733050   0.00000000     0.00522235  -0.00000000
    4    3
 -0.00216528  -0.00000000     0.02538984   0.00000000    -0.01170869  -0.00000000
  0.00539833   0.00000000    -0.01972251  -0.00000000     0.01522379   0.00000000
 -0.00375512  -0.00000000     0.00733050   0.00000000    -0.00522235  -0.00000000
    4    4
  0.02926628   0.00000000     0.00000000   0.00000000    -0.00000000   0.00000000
 -0.00000000   0.00000000     0.05869920   0.00000000    -0.00480349   0.00000000
 -0.00000000   0.00000000    -0.00480349   0.00000000     0.07477396   0.00000000
    4    5
  0.02215376  -0.00000000    -0.00000000  -0.00000000     0.00000000   0.00000000
 -0.00000000  -0.00000000    -0.01373608   0.00000000     0.01715743  -0.00000000
  0.00000000   0.00000000     0.01715743  -0.00000000    -0.03632321   0.00000000
    4    6
 -0.01469518  -0.00000000     0.00000000   0.00000000     0.00000000   0.00000000
  0.00000000   0.00000000    -0.00994504  -0.00000000    -0.03637717  -0.00000000
  0.00000000   0.00000000    -0.06185190  -0.00000000    -0.00994504  -0.00000000
    4    7
 -0.01396002   0.00000000    -0.00000000   0.00000000     0.00000000  -0.00000000
 -0.00000000  -0.00000000    -0.02866079   0.00000000     0.02912721  -0.00000000
  0.00000000   0.00000000     0.04619414  -0.00000000    -0.02866079   0.00000000
    5    1
 -0.01281146  -0.00000000     0.00000000  -0.00000000    -0.00000000   0.00000000
  0.00000000  -0.00000000    -0.01876206  -0.00000000     0.00550196   0.00000000
 -0.00000000  -0.00000000    -0.01544022  -0.00000000     0.01472309   0.00000000
    5    2
 -0.00216528  -0.00000000     0.02538984   0.00000000    -0.01170869  -0.00000000
  0.00539833   0.00000000    -0.01972251  -0.00000000     0.01522379   0.00000000
 -0.00375512  -0.00000000     0.00733050   0.00000000    -0.00522235  -0.00000000
    5    3
  0.00216528   0.00000000     0.02538984   0.00000000    -0.01170869  -0.00000000
  0.00539833   0.00000000     0.01972251   0.00000000    -0.01522379  -0.00000000
 -0.00375512  -0.00000000    -0.00733050  -0.00000000     0.00522235   0.00000000
    5    4
  0.02215376   0.00000000     0.00000000   0.00000000     0.00000000  -0.00000000
  0.00000000   0.00000000    -0.01373608  -0.00000000     0.01715743   0.00000000
  0.00000000  -0.00000000     0.01715743   0.00000000    -0.03632321  -0.00000000
    5    5
  0.02926628   0.00000000     0.00000000   0.00000000    -0.00000000   0.00000000
  0.00000000   0.00000000     0.05869920   0.00000000    -0.00480349   0.00000000
 -0.00000000   0.00000000    -0.00480349   0.00000000     0.07477396   0.00000000
    5    6
 -0.01396002  -0.00000000    -0.00000000   0.00000000     0.00000000  -0.00000000
 -0.00000000   0.00000000    -0.02866079  -0.00000000     0.02912721   0.00000000
  0.00000000  -0.00000000     0.04619414   0.00000000    -0.02866079  -0.00000000
    5    7
 -0.01469518   0.00000000     0.00000000  -0.00000000     0.00000000   0.00000000
  0.00000000  -0.00000000    -0.00994504   0.00000000    -0.03637717   0.00000000
  0.00000000   0.00000000    -0.06185190   0.00000000    -0.00994504   0.00000000
    6    1
 -0.01281146   0.00000000    -0.00000000  -0.00000000     0.00000000   0.00000000
  0.00000000   0.00000000     0.01472309  -0.00000000    -0.01544022   0.00000000
  0.00000000   0.00000000     0.00550196  -0.00000000    -0.01876206   0.00000000
    6    2
  0.00216528  -0.00000000    -0.01170869   0.00000000     0.02538984  -0.00000000
 -0.00375512   0.00000000     0.00522235  -0.00000000    -0.00733050   0.00000000
  0.00539833  -0.00000000    -0.01522379   0.00000000     0.01972251  -0.00000000
    6    3
 -0.00216528  -0.00000000    -0.01170869  -0.00000000     0.02538984   0.00000000
 -0.00375512  -0.00000000    -0.00522235  -0.00000000     0.00733050   0.00000000
  0.00539833   0.00000000     0.01522379   0.00000000    -0.01972251  -0.00000000
    6    4
 -0.01469518   0.00000000     0.00000000  -0.00000000     0.00000000  -0.00000000
  0.00000000  -0.00000000    -0.00994504   0.00000000    -0.06185190   0.00000000
  0.00000000  -0.00000000    -0.03637717   0.00000000    -0.00994504   0.00000000
    6    5
 -0.01396002   0.00000000    -0.00000000  -0.00000000     0.00000000   0.00000000
 -0.00000000  -0.00000000    -0.02866079   0.00000000     0.04619414  -0.00000000
  0.00000000   0.00000000     0.02912721  -0.00000000    -0.02866079   0.00000000
    6    6
  0.02926628   0.00000000     0.00000000   0.00000000    -0.00000000   0.00000000
 -0.00000000   0.00000000     0.07477396   0.00000000    -0.00480349   0.00000000
 -0.00000000   0.00000000    -0.00480349   0.00000000     0.05869920   0.00000000
    6    7
  0.02215376  -0.00000000    -0.00000000   0.00000000     0.00000000   0.00000000
 -0.00000000   0.00000000    -0.03632321   0.00000000     0.01715743  -0.00000000
 -0.00000000   0.00000000     0.01715743  -0.00000000    -0.01373608   0.00000000
    7    1
 -0.01281146  -0.00000000    -0.00000000   0.00000000     0.00000000  -0.00000000
 -0.00000000  -0.00000000     0.01472309   0.00000000    -0.01544022  -0.00000000
  0.00000000  -0.00000000     0.00550196   0.00000000    -0.01876206  -0.00000000
    7    2
 -0.00216528  -0.00000000    -0.01170869  -0.00000000     0.02538984   0.00000000
 -0.00375512  -0.00000000    -0.00522235  -0.00000000     0.00733050   0.00000000
  0.00539833   0.00000000     0.01522379   0.00000000    -0.01972251  -0.00000000
    7    3
  0.00216528   0.00000000    -0.01170869  -0.00000000     0.02538984   0.00000000
 -0.00375512  -0.00000000     0.00522235   0.00000000    -0.00733050  -0.00000000
  0.00539833   0.00000000    -0.01522379  -0.00000000     0.01972251   0.00000000
    7    4
 -0.01396002  -0.00000000    -0.00000000   0.00000000    -0.00000000  -0.00000000
  0.00000000  -0.00000000    -0.02866079  -0.00000000     0.04619414   0.00000000
 -0.00000000   0.00000000     0.02912721   0.00000000    -0.02866079  -0.00000000
    7    5
 -0.01469518  -0.00000000     0.00000000   0.00000000     0.00000000  -0.00000000
  0.00000000   0.00000000    -0.00994504  -0.00000000    -0.06185190  -0.00000000
  0.00000000  -0.00000000    -0.03637717  -0.00000000    -0.00994504  -0.00000000
    7    6
  0.02215376   0.00000000    -0.00000000  -0.00000000     0.00000000  -0.00000000
 -0.00000000  -0.00000000    -0.03632321  -0.00000000     0.01715743   0.00000000
 -0.00000000  -0.00000000     0.01715743   0.00000000    -0.01373608  -0.00000000
    7    7
  0.02926628   0.00000000     0.00000000   0.00000000    -0.00000000   0.00000000
 -0.00000000   0.00000000     0.07477396   0.00000000    -0.00480349   0.00000000
 -0.00000000   0.00000000    -0.00480349   0.00000000     0.05869920   0.00000000

     Dynamical  Matrix in cartesian axes

     q = (   -0.000000000   0.433012700   0.433012700 ) 

    1    1
  0.05309945   0.00000000    -0.00000000   0.00000000    -0.00000000   0.00000000
 -0.00000000   0.00000000     0.10078813   0.00000000     0.03854011   0.00000000
 -0.00000000   0.00000000     0.03854011   0.00000000     0.10078813   0.00000000
    1    2
  0.00000000  -0.00000000     0.02201592   0.00000000    -0.02201592  -0.00000000
  0.00384121   0.00000000    -0.00000000  -0.00000000     0.00000000  -0.00000000
 -0.00384121  -0.00000000     0.00000000  -0.00000000     0.00000000  -0.00000000
    1    3
 -0.00000000  -0.00000000    -0.02201592  -0.00000000     0.02201592   0.00000000
 -0.00384121  -0.00000000    -0.00000000  -0.00000000    -0.00000000  -0.00000000
  0.00384121   0.00000000    -0.00000000  -0.00000000     0.00000000  -0.00000000
    1    4
 -0.01281146  -0.00000000     0.00000000   0.00000000    -0.00000000  -0.00000000
  0.00000000   0.00000000    -0.01876206  -0.00000000     0.01544022   0.00000000
 -0.00000000   0.00000000    -0.00550196  -0.00000000     0.01472309   0.00000000
    1    5
  0.01281146   0.00000000    -0.00000000  -0.00000000     0.00000000   0.00000000
  0.00000000  -0.00000000     0.01876206   0.00000000    -0.01544022  -0.00000000
  0.00000000  -0.00000000     0.00550196   0.00000000    -0.01472309  -0.00000000
    1    6
  0.01281146   0.00000000     0.00000000   0.00000000    -0.00000000  -0.00000000
  0.00000000   0.00000000    -0.01472309  -0.00000000     0.00550196   0.00000000
 -0.00000000  -0.00000000    -0.01544022  -0.00000000     0.01876206   0.00000000
    1    7
 -0.01281146  -0.00000000    -0.00000000  -0.00000000     0.00000000   0.00000000
 -0.00000000   0.00000000     0.01472309   0.00000000    -0.00550196  -0.00000000
 -0.00000000   0.00000000     0.01544022   0.00000000    -0.01876206  -0.00000000
    2    1
  0.00000000   0.00000000     0.00384121  -0.00000000    -0.00384121   0.00000000
  0.02201592  -0.00000000     0.00000000   0.00000000     0.00000000   0.00000000
 -0.02201592   0.00000000    -0.00000000   0.00000000     0.00000000   0.00000000
    2    2
  0.01070214   0.00000000    -0.00000000   0.00000000    -0.00000000   0.00000000
 -0.00000000   0.00000000     0.04689155   0.00000000     0.01797751   0.00000000
 -0.00000000   0.00000000     0.01797751   0.00000000     0.04689155   0.00000000
    2    3
  0.00329427   0.00000000     0.00000000  -0.00000000     0.00000000  -0.00000000
  0.00000000  -0.00000000    -0.01289474  -0.00000000     0.00155793   0.00000000
  0.00000000  -0.00000000     0.00155793   0.00000000    -0.01289474  -0.00000000
    2    4
 -0.00216528   0.00000000    -0.00539833   0.00000000    -0.00375512   0.00000000
 -0.02538984   0.00000000    -0.01972251   0.00000000    -0.00733050   0.00000000
 -0.01170869   0.00000000    -0.01522379   0.00000000    -0.00522235   0.00000000
    2    5
 -0.00216528  -0.00000000     0.00539833   0.00000000     0.00375512   0.00000000
  0.02538984   0.00000000    -0.01972251  -0.00000000    -0.00733050  -0.00000000
  0.01170869   0.00000000    -0.01522379  -0.00000000    -0.00522235  -0.00000000
    2    6
 -0.00216528  -0.00000000    -0.00375512  -0.00000000    -0.00539833  -0.00000000
 -0.01170869  -0.00000000    -0.00522235  -0.00000000    -0.01522379  -0.00000000
 -0.02538984  -0.00000000    -0.00733050  -0.00000000    -0.01972251  -0.00000000
    2    7
 -0.00216528  -0.00000000     0.00375512   0.00000000     0.00539833   0.00000000
  0.01170869   0.00000000    -0.00522235  -0.00000000    -0.01522379  -0.00000000
  0.02538984   0.00000000    -0.00733050  -0.00000000    -0.01972251  -0.00000000
    3    1
 -0.00000000   0.00000000    -0.00384121   0.00000000     0.00384121  -0.00000000
 -0.02201592   0.00000000     0.00000000   0.00000000     0.00000000   0.00000000
  0.02201592  -0.00000000     0.00000000   0.00000000    -0.00000000   0.00000000
    3    2
  0.00329427  -0.00000000     0.00000000   0.00000000     0.00000000   0.00000000
  0.00000000   0.00000000    -0.01289474   0.00000000     0.00155793  -0.00000000
  0.00000000   0.00000000     0.00155793  -0.00000000    -0.01289474   0.00000000
    3    3
  0.01070214   0.00000000    -0.00000000   0.00000000    -0.00000000   0.00000000
 -0.00000000   0.00000000     0.04689155   0.00000000     0.01797751   0.00000000
 -0.00000000   0.00000000     0.01797751   0.00000000     0.04689155   0.00000000
    3    4
 -0.00216528   0.00000000     0.00539833  -0.00000000     0.00375512  -0.00000000
  0.02538984  -0.00000000    -0.01972251   0.00000000    -0.00733050   0.00000000
  0.01170869  -0.00000000    -0.01522379   0.00000000    -0.00522235   0.00000000
    3    5
 -0.00216528   0.00000000    -0.00539833   0.00000000    -0.00375512   0.00000000
 -0.02538984   0.00000000    -0.01972251   0.00000000    -0.00733050   0.00000000
 -0.01170869   0.00000000    -0.01522379   0.00000000    -0.00522235   0.00000000
    3    6
 -0.00216528   0.00000000     0.00375512  -0.00000000     0.00539833  -0.00000000
  0.01170869  -0.00000000    -0.00522235   0.00000000    -0.01522379   0.00000000
  0.02538984  -0.00000000    -0.00733050   0.00000000    -0.01972251   0.00000000
    3    7
 -0.00216528   0.00000000    -0.00375512   0.00000000    -0.00539833   0.00000000
 -0.01170869   0.00000000    -0.00522235   0.00000000    -0.01522379   0.00000000
 -0.02538984   0.00000000    -0.00733050   0.00000000    -0.01972251   0.00000000
    4    1
 -0.01281146   0.00000000     0.00000000  -0.00000000    -0.00000000  -0.00000000
  0.00000000  -0.00000000    -0.01876206   0.00000000    -0.00550196   0.00000000
 -0.00000000   0.00000000     0.01544022  -0.00000000     0.01472309  -0.00000000
    4    2
 -0.00216528  -0.00000000    -0.02538984  -0.00000000    -0.01170869  -0.00000000
 -0.00539833  -0.00000000    -0.01972251  -0.00000000    -0.01522379  -0.00000000
 -0.00375512  -0.00000000    -0.00733050  -0.00000000    -0.00522235  -0.00000000
    4    3
 -0.00216528  -0.00000000     0.02538984   0.00000000     0.01170869   0.00000000
  0.00539833   0.00000000    -0.01972251  -0.00000000    -0.01522379  -0.00000000
  0.00375512   0.00000000    -0.00733050  -0.00000000    -0.00522235  -0.00000000
    4    4
  0.02926628   0.00000000     0.00000000   0.00000000    -0.00000000   0.00000000
 -0.00000000   0.00000000     0.05869920   0.00000000     0.00480349   0.00000000
 -0.00000000   0.00000000     0.00480349   0.00000000     0.07477396   0.00000000
    4    5
 -0.02215376   0.00000000    -0.00000000  -0.00000000    -0.00000000  -0.00000000
 -0.00000000  -0.00000000     0.01373608  -0.00000000     0.01715743  -0.00000000
 -0.00000000  -0.00000000     0.01715743  -0.00000000     0.03632321  -0.00000000
    4    6
  0.01396002   0.00000000    -0.00000000  -0.00000000    -0.00000000  -0.00000000
 -0.00000000  -0.00000000     0.02866079   0.00000000     0.02912721   0.00000000
 -0.00000000  -0.00000000     0.04619414   0.00000000     0.02866079   0.00000000
    4    7
 -0.01469518  -0.00000000    -0.00000000  -0.00000000    -0.00000000  -0.00000000
  0.00000000  -0.00000000    -0.00994504  -0.00000000     0.03637717   0.00000000
 -0.00000000  -0.00000000     0.06185190   0.00000000    -0.00994504  -0.00000000
    5    1
  0.01281146  -0.00000000     0.00000000   0.00000000     0.00000000   0.00000000
 -0.00000000   0.00000000     0.01876206  -0.00000000     0.00550196  -0.00000000
  0.00000000  -0.00000000    -0.01544022   0.00000000    -0.01472309   0.00000000
    5    2
 -0.00216528   0.00000000     0.02538984  -0.00000000     0.01170869  -0.00000000
  0.00539833  -0.00000000    -0.01972251   0.00000000    -0.01522379   0.00000000
  0.00375512  -0.00000000    -0.00733050   0.00000000    -0.00522235   0.00000000
    5    3
 -0.00216528  -0.00000000    -0.02538984  -0.00000000    -0.01170869  -0.00000000
 -0.00539833  -0.00000000    -0.01972251  -0.00000000    -0.01522379  -0.00000000
 -0.00375512  -0.00000000    -0.00733050  -0.00000000    -0.00522235  -0.00000000
    5    4
 -0.02215376  -0.00000000    -0.00000000   0.00000000    -0.00000000   0.00000000
  0.00000000   0.00000000     0.01373608   0.00000000     0.01715743   0.00000000
 -0.00000000   0.00000000     0.01715743   0.00000000     0.03632321   0.00000000
    5    5
  0.02926628   0.00000000    -0.00000000   0.00000000    -0.00000000   0.00000000
 -0.00000000   0.00000000     0.05869920   0.00000000     0.00480349   0.00000000
 -0.00000000   0.00000000     0.00480349   0.00000000     0.07477396   0.00000000
    5    6
 -0.01469518  -0.00000000     0.00000000  -0.00000000     0.00000000  -0.00000000
  0.00000000  -0.00000000    -0.00994504  -0.00000000     0.03637717   0.00000000
  0.00000000  -0.00000000     0.06185190   0.00000000    -0.00994504  -0.00000000
    5    7
  0.01396002   0.00000000    -0.00000000  -0.00000000    -0.00000000  -0.00000000
 -0.00000000  -0.00000000     0.02866079   0.00000000     0.02912721   0.00000000
 -0.00000000  -0.00000000     0.04619414   0.00000000     0.02866079   0.00000000
    6    1
  0.01281146  -0.00000000     0.00000000   0.00000000     0.00000000   0.00000000
  0.00000000  -0.00000000    -0.01472309   0.00000000    -0.01544022   0.00000000
 -0.00000000   0.00000000     0.00550196  -0.00000000     0.01876206  -0.00000000
    6    2
 -0.00216528   0.00000000    -0.01170869   0.00000000    -0.02538984   0.00000000
 -0.00375512   0.00000000    -0.00522235   0.00000000    -0.00733050   0.00000000
 -0.00539833   0.00000000    -0.01522379   0.00000000    -0.01972251   0.00000000
    6    3
 -0.00216528  -0.00000000     0.01170869   0.00000000     0.02538984   0.00000000
  0.00375512   0.00000000    -0.00522235  -0.00000000    -0.00733050  -0.00000000
  0.00539833   0.00000000    -0.01522379  -0.00000000    -0.01972251  -0.00000000
    6    4
  0.01396002  -0.00000000    -0.00000000   0.00000000    -0.00000000   0.00000000
 -0.00000000   0.00000000     0.02866079  -0.00000000     0.04619414  -0.00000000
 -0.00000000   0.00000000     0.02912721  -0.00000000     0.02866079  -0.00000000
    6    5
 -0.01469518   0.00000000    -0.00000000   0.00000000     0.00000000   0.00000000
 -0.00000000   0.00000000    -0.00994504   0.00000000     0.06185190  -0.00000000
 -0.00000000   0.00000000     0.03637717  -0.00000000    -0.00994504   0.00000000
    6    6
  0.02926628   0.00000000     0.00000000   0.00000000    -0.00000000   0.00000000
  0.00000000   0.00000000     0.07477396   0.00000000     0.00480349   0.00000000
 -0.00000000   0.00000000     0.00480349   0.00000000     0.05869920   0.00000000
    6    7
 -0.02215376   0.00000000    -0.00000000   0.00000000    -0.00000000   0.00000000
 -0.00000000   0.00000000     0.03632321  -0.00000000     0.01715743  -0.00000000
 -0.00000000   0.00000000     0.01715743  -0.00000000     0.01373608  -0.00000000
    7    1
 -0.01281146   0.00000000     0.00000000  -0.00000000     0.00000000  -0.00000000
 -0.00000000   0.00000000     0.01472309  -0.00000000     0.01544022  -0.00000000
  0.00000000  -0.00000000    -0.00550196   0.00000000    -0.01876206   0.00000000
    7    2
 -0.00216528   0.00000000     0.01170869  -0.00000000     0.02538984  -0.00000000
  0.00375512  -0.00000000    -0.00522235   0.00000000    -0.00733050   0.00000000
  0.00539833  -0.00000000    -0.01522379   0.00000000    -0.01972251   0.00000000
    7    3
 -0.00216528  -0.00000000    -0.01170869  -0.00000000    -0.02538984  -0.00000000
 -0.00375512  -0.00000000    -0.00522235  -0.00000000    -0.00733050  -0.00000000
 -0.00539833  -0.00000000    -0.01522379  -0.00000000    -0.01972251  -0.00000000
    7    4
 -0.01469518   0.00000000    -0.00000000   0.00000000     0.00000000   0.00000000
 -0.00000000   0.00000000    -0.00994504   0.00000000     0.06185190  -0.00000000
 -0.00000000   0.00000000     0.03637717  -0.00000000    -0.00994504   0.00000000
    7    5
  0.01396002  -0.00000000    -0.00000000   0.00000000    -0.00000000   0.00000000
 -0.00000000   0.00000000     0.02866079  -0.00000000     0.04619414  -0.00000000
 -0.00000000   0.00000000     0.02912721  -0.00000000     0.02866079  -0.00000000
    7    6
 -0.02215376  -0.00000000    -0.00000000  -0.00000000    -0.00000000  -0.00000000
 -0.00000000  -0.00000000     0.03632321   0.00000000     0.01715743   0.00000000
 -0.00000000  -0.00000000     0.01715743   0.00000000     0.01373608   0.00000000
    7    7
  0.02926628   0.00000000     0.00000000   0.00000000    -0.00000000   0.00000000
 -0.00000000   0.00000000     0.07477396   0.00000000     0.00480349   0.00000000
 -0.00000000   0.00000000     0.00480349   0.00000000     0.05869920   0.00000000

     Dynamical  Matrix in cartesian axes

     q = (    0.433012700   0.000000000  -0.433012700 ) 

    1    1
  0.10078813   0.00000000     0.00000000   0.00000000    -0.03854011   0.00000000
  0.00000000   0.00000000     0.05309945   0.00000000    -0.00000000   0.00000000
 -0.03854011   0.00000000    -0.00000000   0.00000000     0.10078813   0.00000000
    1    2
 -0.01876206   0.00000000     0.00000000   0.00000000    -0.01544022   0.00000000
 -0.00000000   0.00000000    -0.01281146   0.00000000    -0.00000000   0.00000000
  0.00550196  -0.00000000    -0.00000000  -0.00000000     0.01472309  -0.00000000
    1    3
 -0.01876206  -0.00000000     0.00000000  -0.00000000    -0.01544022  -0.00000000
 -0.00000000  -0.00000000    -0.01281146  -0.00000000    -0.00000000  -0.00000000
  0.00550196   0.00000000    -0.00000000   0.00000000     0.01472309   0.00000000
    1    4
  0.00000000  -0.00000000    -0.00384121  -0.00000000     0.00000000   0.00000000
 -0.02201592  -0.00000000     0.00000000  -0.00000000    -0.02201592  -0.00000000
  0.00000000   0.00000000    -0.00384121  -0.00000000     0.00000000  -0.00000000
    1    5
  0.00000000   0.00000000    -0.00384121   0.00000000     0.00000000  -0.00000000
 -0.02201592   0.00000000     0.00000000   0.00000000    -0.02201592   0.00000000
 -0.00000000  -0.00000000    -0.00384121   0.00000000     0.00000000   0.00000000
    1    6
  0.01472309  -0.00000000    -0.00000000  -0.00000000     0.00550196  -0.00000000
 -0.00000000   0.00000000    -0.01281146   0.00000000     0.00000000   0.00000000
 -0.01544022   0.00000000     0.00000000   0.00000000    -0.01876206   0.00000000
    1    7
  0.01472309   0.00000000    -0.00000000   0.00000000     0.00550196   0.00000000
  0.00000000  -0.00000000    -0.01281146  -0.00000000     0.00000000  -0.00000000
