  3.000000000000000E-002   1.26007061404212        2.36059544634539     
          12

     Dynamical  Matrix in cartesian axes

     q = (    0.216506351   0.216506351   0.000000000 ) 

    1    1
  0.06977291  -0.00000000     0.04709456  -0.00000000    -0.00000000   0.00000000
  0.04709456  -0.00000000     0.06977291  -0.00000000    -0.00000000   0.00000000
 -0.00000000   0.00000000    -0.00000000   0.00000000     0.01273239   0.00000000
    1    2
 -0.00475246   0.00937039     0.00200997   0.01003913     0.00000000   0.00000000
 -0.00023957   0.00984741     0.00059004   0.01152662     0.00000000   0.00000000
  0.00000000   0.00000000     0.00000000   0.00000000    -0.00426077  -0.00653933
    1    3
 -0.00937039   0.00475246    -0.01003913  -0.00200997    -0.00000000  -0.00000000
 -0.00984741   0.00023957    -0.01152662  -0.00059004    -0.00000000  -0.00000000
 -0.00000000  -0.00000000    -0.00000000  -0.00000000     0.00653933   0.00426077
    1    4
 -0.01152662  -0.00059004    -0.00984741   0.00023957    -0.00000000   0.00000000
 -0.01003913  -0.00200997    -0.00937039   0.00475246    -0.00000000   0.00000000
 -0.00000000  -0.00000000    -0.00000000  -0.00000000     0.00653933   0.00426077
    1    5
  0.00059004   0.01152662    -0.00023957   0.00984741     0.00000000   0.00000000
  0.00200997   0.01003913    -0.00475246   0.00937039     0.00000000   0.00000000
  0.00000000   0.00000000     0.00000000   0.00000000    -0.00426077  -0.00653933
    1    6
  0.00613704  -0.00613704     0.00459901  -0.00459901     0.00318793   0.00318793
  0.00459901  -0.00459901     0.00613704  -0.00613704    -0.00318793  -0.00318793
  0.00487979   0.00487979    -0.00487979  -0.00487979    -0.00271789   0.00271789
    1    7
  0.00613704  -0.00613704     0.00459901  -0.00459901    -0.00318793  -0.00318793
  0.00459901  -0.00459901     0.00613704  -0.00613704     0.00318793   0.00318793
 -0.00487979  -0.00487979     0.00487979   0.00487979    -0.00271789   0.00271789
    2    1
 -0.00475246  -0.00937039    -0.00023957  -0.00984741     0.00000000  -0.00000000
  0.00200997  -0.01003913     0.00059004  -0.01152662     0.00000000  -0.00000000
 -0.00000000  -0.00000000     0.00000000  -0.00000000    -0.00426077   0.00653933
    2    2
  0.02634033  -0.00000000     0.00746952  -0.01329108    -0.00000000   0.00000000
  0.00746952   0.01329108     0.07469209   0.00000000    -0.00000000   0.00000000
 -0.00000000   0.00000000     0.00000000   0.00000000     0.02740884   0.00000000
    2    3
  0.00920378  -0.01159418     0.01265855   0.00927609     0.00000000   0.00000000
  0.01265855   0.00927609    -0.01920381   0.06292914     0.00000000  -0.00000000
  0.00000000  -0.00000000     0.00000000  -0.00000000    -0.02031599   0.00909596
    2    4
  0.01315066   0.01634709     0.00366751   0.00717980    -0.00000000   0.00000000
 -0.01894004   0.06538935     0.01315066   0.01634709    -0.00000000  -0.00000000
 -0.00000000  -0.00000000    -0.00000000   0.00000000     0.00784410   0.00383786
    2    5
  0.00034971  -0.01635446     0.00375709  -0.00000000     0.00000000   0.00000000
  0.06980553  -0.00000000     0.00034971   0.01635446     0.00000000   0.00000000
  0.00000000   0.00000000     0.00000000   0.00000000    -0.00753333   0.00000000
    2    6
 -0.00786859   0.00267611    -0.00138147   0.00002554    -0.00252077  -0.00209785
 -0.00243288  -0.00536050    -0.00079750  -0.00721630    -0.00056866   0.00061400
 -0.02469270   0.00510123    -0.00902089  -0.00151730    -0.00249126  -0.00486317
    2    7
 -0.00786859   0.00267611    -0.00138147   0.00002554     0.00252077   0.00209785
 -0.00243288  -0.00536050    -0.00079750  -0.00721630     0.00056866  -0.00061400
  0.02469270  -0.00510123     0.00902089   0.00151730    -0.00249126  -0.00486317
    3    1
 -0.00937039  -0.00475246    -0.00984741  -0.00023957    -0.00000000   0.00000000
 -0.01003913   0.00200997    -0.01152662   0.00059004    -0.00000000   0.00000000
 -0.00000000   0.00000000    -0.00000000   0.00000000     0.00653933  -0.00426077
    3    2
  0.00920378   0.01159418     0.01265855  -0.00927609     0.00000000   0.00000000
  0.01265855  -0.00927609    -0.01920381  -0.06292914     0.00000000   0.00000000
  0.00000000   0.00000000     0.00000000   0.00000000    -0.02031599  -0.00909596
    3    3
  0.02634033  -0.00000000     0.00746952   0.01329108    -0.00000000   0.00000000
  0.00746952  -0.01329108     0.07469209  -0.00000000    -0.00000000   0.00000000
 -0.00000000   0.00000000    -0.00000000   0.00000000     0.02740884  -0.00000000
    3    4
  0.00034971   0.01635446     0.00375709   0.00000000     0.00000000   0.00000000
  0.06980553   0.00000000     0.00034971  -0.01635446     0.00000000   0.00000000
  0.00000000   0.00000000     0.00000000   0.00000000    -0.00753333  -0.00000000
    3    5
  0.01315066  -0.01634709     0.00366751  -0.00717980    -0.00000000   0.00000000
 -0.01894004  -0.06538935     0.01315066  -0.01634709    -0.00000000   0.00000000
 -0.00000000  -0.00000000    -0.00000000  -0.00000000     0.00784410  -0.00383786
    3    6
 -0.00786859  -0.00267611    -0.00138147  -0.00002554     0.00252077  -0.00209785
 -0.00243288   0.00536050    -0.00079750   0.00721630     0.00056866   0.00061400
  0.02469270   0.00510123     0.00902089  -0.00151730    -0.00249126   0.00486317
    3    7
 -0.00786859  -0.00267611    -0.00138147  -0.00002554    -0.00252077   0.00209785
 -0.00243288   0.00536050    -0.00079750   0.00721630    -0.00056866  -0.00061400
 -0.02469270  -0.00510123    -0.00902089   0.00151730    -0.00249126   0.00486317
    4    1
 -0.01152662   0.00059004    -0.01003913   0.00200997    -0.00000000   0.00000000
 -0.00984741  -0.00023957    -0.00937039  -0.00475246    -0.00000000   0.00000000
 -0.00000000  -0.00000000    -0.00000000   0.00000000     0.00653933  -0.00426077
    4    2
  0.01315066  -0.01634709    -0.01894004  -0.06538935    -0.00000000   0.00000000
  0.00366751  -0.00717980     0.01315066  -0.01634709    -0.00000000   0.00000000
 -0.00000000   0.00000000    -0.00000000   0.00000000     0.00784410  -0.00383786
    4    3
  0.00034971  -0.01635446     0.06980553  -0.00000000     0.00000000   0.00000000
  0.00375709   0.00000000     0.00034971   0.01635446     0.00000000   0.00000000
 -0.00000000   0.00000000    -0.00000000   0.00000000    -0.00753333  -0.00000000
    4    4
  0.07469209  -0.00000000     0.00746952  -0.01329108    -0.00000000   0.00000000
  0.00746952   0.01329108     0.02634033  -0.00000000    -0.00000000   0.00000000
 -0.00000000   0.00000000    -0.00000000   0.00000000     0.02740884  -0.00000000
    4    5
 -0.01920381  -0.06292914     0.01265855  -0.00927609     0.00000000   0.00000000
  0.01265855  -0.00927609     0.00920378   0.01159418     0.00000000   0.00000000
  0.00000000  -0.00000000     0.00000000   0.00000000    -0.02031599  -0.00909596
    4    6
 -0.00079750   0.00721630    -0.00243288   0.00536050    -0.00056866  -0.00061400
 -0.00138147  -0.00002554    -0.00786859  -0.00267611    -0.00252077   0.00209785
 -0.00902089   0.00151730    -0.02469270  -0.00510123    -0.00249126   0.00486317
    4    7
 -0.00079750   0.00721630    -0.00243288   0.00536050     0.00056866   0.00061400
 -0.00138147  -0.00002554    -0.00786859  -0.00267611     0.00252077  -0.00209785
  0.00902089  -0.00151730     0.02469270   0.00510123    -0.00249126   0.00486317
    5    1
  0.00059004  -0.01152662     0.00200997  -0.01003913     0.00000000  -0.00000000
 -0.00023957  -0.00984741    -0.00475246  -0.00937039     0.00000000  -0.00000000
  0.00000000  -0.00000000     0.00000000  -0.00000000    -0.00426077   0.00653933
    5    2
  0.00034971   0.01635446     0.06980553  -0.00000000    -0.00000000   0.00000000
  0.00375709  -0.00000000     0.00034971  -0.01635446     0.00000000   0.00000000
  0.00000000   0.00000000     0.00000000   0.00000000    -0.00753333   0.00000000
    5    3
  0.01315066   0.01634709    -0.01894004   0.06538935    -0.00000000   0.00000000
  0.00366751   0.00717980     0.01315066   0.01634709    -0.00000000   0.00000000
 -0.00000000   0.00000000    -0.00000000   0.00000000     0.00784410   0.00383786
    5    4
 -0.01920381   0.06292914     0.01265855   0.00927609     0.00000000  -0.00000000
  0.01265855   0.00927609     0.00920378  -0.01159418     0.00000000  -0.00000000
  0.00000000  -0.00000000     0.00000000  -0.00000000    -0.02031599   0.00909596
    5    5
  0.07469209   0.00000000     0.00746952   0.01329108    -0.00000000   0.00000000
  0.00746952  -0.01329108     0.02634033   0.00000000    -0.00000000   0.00000000
 -0.00000000   0.00000000    -0.00000000   0.00000000     0.02740884   0.00000000
    5    6
 -0.00079750  -0.00721630    -0.00243288  -0.00536050     0.00056866  -0.00061400
 -0.00138147   0.00002554    -0.00786859   0.00267611     0.00252077   0.00209785
  0.00902089   0.00151730     0.02469270  -0.00510123    -0.00249126  -0.00486317
    5    7
 -0.00079750  -0.00721630    -0.00243288  -0.00536050    -0.00056866   0.00061400
 -0.00138147   0.00002554    -0.00786859   0.00267611    -0.00252077  -0.00209785
 -0.00902089  -0.00151730    -0.02469270   0.00510123    -0.00249126  -0.00486317
    6    1
  0.00613704   0.00613704     0.00459901   0.00459901     0.00487979  -0.00487979
  0.00459901   0.00459901     0.00613704   0.00613704    -0.00487979   0.00487979
  0.00318793  -0.00318793    -0.00318793   0.00318793    -0.00271789  -0.00271789
    6    2
 -0.00786859  -0.00267611    -0.00243288   0.00536050    -0.02469270  -0.00510123
 -0.00138147  -0.00002554    -0.00079750   0.00721630    -0.00902089   0.00151730
 -0.00252077   0.00209785    -0.00056866  -0.00061400    -0.00249126   0.00486317
    6    3
 -0.00786859   0.00267611    -0.00243288  -0.00536050     0.02469270  -0.00510123
 -0.00138147   0.00002554    -0.00079750  -0.00721630     0.00902089   0.00151730
  0.00252077   0.00209785     0.00056866  -0.00061400    -0.00249126  -0.00486317
    6    4
 -0.00079750  -0.00721630    -0.00138147   0.00002554    -0.00902089  -0.00151730
 -0.00243288  -0.00536050    -0.00786859   0.00267611    -0.02469270   0.00510123
 -0.00056866   0.00061400    -0.00252077  -0.00209785    -0.00249126  -0.00486317
    6    5
 -0.00079750   0.00721630    -0.00138147  -0.00002554     0.00902089  -0.00151730
 -0.00243288   0.00536050    -0.00786859  -0.00267611     0.02469270   0.00510123
  0.00056866   0.00061400     0.00252077  -0.00209785    -0.00249126   0.00486317
    6    6
  0.03407863   0.00000000     0.01358355  -0.00000000    -0.00000000   0.00473460
  0.01358355   0.00000000     0.03407863   0.00000000    -0.00000000  -0.00473460
 -0.00000000  -0.00473460    -0.00000000   0.00473460     0.00898736  -0.00000000
    6    7
 -0.01922378   0.00000000    -0.00833248   0.00000000    -0.00000000   0.00419296
 -0.00833248   0.00000000    -0.01922378   0.00000000    -0.00000000  -0.00419296
 -0.00000000   0.00419296    -0.00000000  -0.00419296     0.00130989   0.00000000
    7    1
  0.00613704   0.00613704     0.00459901   0.00459901    -0.00487979   0.00487979
  0.00459901   0.00459901     0.00613704   0.00613704     0.00487979  -0.00487979
 -0.00318793   0.00318793     0.00318793  -0.00318793    -0.00271789  -0.00271789
    7    2
 -0.00786859  -0.00267611    -0.00243288   0.00536050     0.02469270   0.00510123
 -0.00138147  -0.00002554    -0.00079750   0.00721630     0.00902089  -0.00151730
  0.00252077  -0.00209785     0.00056866   0.00061400    -0.00249126   0.00486317
    7    3
 -0.00786859   0.00267611    -0.00243288  -0.00536050    -0.02469270   0.00510123
 -0.00138147   0.00002554    -0.00079750  -0.00721630    -0.00902089  -0.00151730
 -0.00252077  -0.00209785    -0.00056866   0.00061400    -0.00249126  -0.00486317
    7    4
 -0.00079750  -0.00721630    -0.00138147   0.00002554     0.00902089   0.00151730
 -0.00243288  -0.00536050    -0.00786859   0.00267611     0.02469270  -0.00510123
  0.00056866  -0.00061400     0.00252077   0.00209785    -0.00249126  -0.00486317
    7    5
 -0.00079750   0.00721630    -0.00138147  -0.00002554    -0.00902089   0.00151730
 -0.00243288   0.00536050    -0.00786859  -0.00267611    -0.02469270  -0.00510123
 -0.00056866  -0.00061400    -0.00252077   0.00209785    -0.00249126   0.00486317
    7    6
 -0.01922378  -0.00000000    -0.00833248   0.00000000    -0.00000000  -0.00419296
 -0.00833248   0.00000000    -0.01922378  -0.00000000    -0.00000000   0.00419296
 -0.00000000  -0.00419296    -0.00000000   0.00419296     0.00130989  -0.00000000
    7    7
  0.03407863   0.00000000     0.01358355   0.00000000    -0.00000000  -0.00473460
  0.01358355  -0.00000000     0.03407863   0.00000000    -0.00000000   0.00473460
 -0.00000000   0.00473460    -0.00000000  -0.00473460     0.00898736   0.00000000

     Dynamical  Matrix in cartesian axes

     q = (    0.216506351  -0.216506351   0.000000000 ) 

    1    1
  0.06977291  -0.00000000    -0.04709456   0.00000000     0.00000000   0.00000000
 -0.04709456   0.00000000     0.06977291  -0.00000000     0.00000000   0.00000000
  0.00000000   0.00000000    -0.00000000   0.00000000     0.01273239   0.00000000
    1    2
 -0.00475246   0.00937039    -0.00200997  -0.01003913     0.00000000   0.00000000
  0.00023957  -0.00984741     0.00059004   0.01152662     0.00000000   0.00000000
  0.00000000   0.00000000     0.00000000   0.00000000    -0.00426077  -0.00653933
    1    3
 -0.00475246  -0.00937039    -0.00200997   0.01003913     0.00000000  -0.00000000
  0.00023957   0.00984741     0.00059004  -0.01152662     0.00000000  -0.00000000
  0.00000000  -0.00000000     0.00000000  -0.00000000    -0.00426077   0.00653933
    1    4
  0.00059004   0.01152662     0.00023957  -0.00984741     0.00000000   0.00000000
 -0.00200997  -0.01003913    -0.00475246   0.00937039     0.00000000   0.00000000
  0.00000000   0.00000000     0.00000000   0.00000000    -0.00426077  -0.00653933
    1    5
  0.00059004  -0.01152662     0.00023957   0.00984741     0.00000000  -0.00000000
 -0.00200997   0.01003913    -0.00475246  -0.00937039     0.00000000  -0.00000000
  0.00000000  -0.00000000     0.00000000  -0.00000000    -0.00426077   0.00653933
    1    6
  0.00613704   0.00613704    -0.00459901  -0.00459901    -0.00318793   0.00318793
 -0.00459901  -0.00459901     0.00613704   0.00613704    -0.00318793   0.00318793
 -0.00487979   0.00487979    -0.00487979   0.00487979    -0.00271789  -0.00271789
    1    7
  0.00613704  -0.00613704    -0.00459901   0.00459901    -0.00318793  -0.00318793
 -0.00459901   0.00459901     0.00613704  -0.00613704    -0.00318793  -0.00318793
 -0.00487979  -0.00487979    -0.00487979  -0.00487979    -0.00271789   0.00271789
    2    1
 -0.00475246  -0.00937039     0.00023957   0.00984741     0.00000000  -0.00000000
 -0.00200997   0.01003913     0.00059004  -0.01152662     0.00000000  -0.00000000
  0.00000000  -0.00000000     0.00000000  -0.00000000    -0.00426077   0.00653933
    2    2
  0.02634033  -0.00000000    -0.00746952   0.01329108    -0.00000000   0.00000000
 -0.00746952  -0.01329108     0.07469209   0.00000000    -0.00000000   0.00000000
 -0.00000000   0.00000000    -0.00000000   0.00000000     0.02740884   0.00000000
    2    3
  0.01159418   0.00920378     0.00927609  -0.01265855    -0.00000000   0.00000000
  0.00927609  -0.01265855    -0.06292914  -0.01920381    -0.00000000   0.00000000
 -0.00000000   0.00000000     0.00000000   0.00000000    -0.00909596  -0.02031599
    2    4
  0.00034971  -0.01635446    -0.00375709  -0.00000000     0.00000000   0.00000000
 -0.06980553  -0.00000000     0.00034971   0.01635446     0.00000000   0.00000000
  0.00000000   0.00000000    -0.00000000   0.00000000    -0.00753333  -0.00000000
    2    5
 -0.01634709   0.01315066     0.00717980  -0.00366751     0.00000000  -0.00000000
  0.06538935   0.01894004    -0.01634709   0.01315066     0.00000000  -0.00000000
  0.00000000   0.00000000     0.00000000  -0.00000000    -0.00383786   0.00784410
    2    6
 -0.00267611  -0.00786859     0.00002554   0.00138147     0.00209785  -0.00252077
 -0.00536050   0.00243288     0.00721630  -0.00079750     0.00061400   0.00056866
 -0.00510123  -0.02469270    -0.00151730   0.00902089     0.00486317  -0.00249126
    2    7
 -0.00786859   0.00267611     0.00138147  -0.00002554     0.00252077   0.00209785
  0.00243288   0.00536050    -0.00079750  -0.00721630    -0.00056866   0.00061400
  0.02469270  -0.00510123    -0.00902089  -0.00151730    -0.00249126  -0.00486317
    3    1
 -0.00475246   0.00937039     0.00023957  -0.00984741     0.00000000   0.00000000
 -0.00200997  -0.01003913     0.00059004   0.01152662     0.00000000   0.00000000
  0.00000000   0.00000000     0.00000000   0.00000000    -0.00426077  -0.00653933
    3    2
  0.01159418  -0.00920378     0.00927609   0.01265855     0.00000000  -0.00000000
  0.00927609   0.01265855    -0.06292914   0.01920381     0.00000000  -0.00000000
  0.00000000  -0.00000000     0.00000000  -0.00000000    -0.00909596   0.02031599
    3    3
  0.02634033  -0.00000000    -0.00746952  -0.01329108    -0.00000000  -0.00000000
 -0.00746952   0.01329108     0.07469209  -0.00000000    -0.00000000  -0.00000000
 -0.00000000   0.00000000    -0.00000000   0.00000000     0.02740884   0.00000000
    3    4
 -0.01634709  -0.01315066     0.00717980   0.00366751     0.00000000   0.00000000
  0.06538935  -0.01894004    -0.01634709  -0.01315066     0.00000000   0.00000000
  0.00000000   0.00000000     0.00000000   0.00000000    -0.00383786  -0.00784410
    3    5
  0.00034971   0.01635446    -0.00375709   0.00000000    -0.00000000   0.00000000
 -0.06980553  -0.00000000     0.00034971  -0.01635446    -0.00000000   0.00000000
 -0.00000000   0.00000000     0.00000000   0.00000000    -0.00753333  -0.00000000
    3    6
 -0.00786859  -0.00267611     0.00138147   0.00002554     0.00252077  -0.00209785
  0.00243288  -0.00536050    -0.00079750   0.00721630    -0.00056866  -0.00061400
  0.02469270   0.00510123    -0.00902089   0.00151730    -0.00249126   0.00486317
    3    7
 -0.00267611   0.00786859     0.00002554  -0.00138147     0.00209785   0.00252077
 -0.00536050  -0.00243288     0.00721630   0.00079750     0.00061400  -0.00056866
 -0.00510123   0.02469270    -0.00151730  -0.00902089     0.00486317   0.00249126
    4    1
  0.00059004  -0.01152662    -0.00200997   0.01003913     0.00000000   0.00000000
  0.00023957   0.00984741    -0.00475246  -0.00937039     0.00000000   0.00000000
  0.00000000   0.00000000     0.00000000   0.00000000    -0.00426077   0.00653933
    4    2
  0.00034971   0.01635446    -0.06980553   0.00000000     0.00000000   0.00000000
 -0.00375709  -0.00000000     0.00034971  -0.01635446     0.00000000   0.00000000
  0.00000000   0.00000000     0.00000000   0.00000000    -0.00753333   0.00000000
    4    3
 -0.01634709   0.01315066     0.06538935   0.01894004     0.00000000   0.00000000
  0.00717980  -0.00366751    -0.01634709   0.01315066     0.00000000   0.00000000
  0.00000000  -0.00000000     0.00000000  -0.00000000    -0.00383786   0.00784410
    4    4
  0.07469209   0.00000000    -0.00746952  -0.01329108    -0.00000000   0.00000000
 -0.00746952   0.01329108     0.02634033  -0.00000000    -0.00000000   0.00000000
 -0.00000000  -0.00000000    -0.00000000  -0.00000000     0.02740884  -0.00000000
    4    5
 -0.06292914  -0.01920381     0.00927609  -0.01265855    -0.00000000   0.00000000
  0.00927609  -0.01265855     0.01159418   0.00920378    -0.00000000   0.00000000
  0.00000000   0.00000000     0.00000000   0.00000000    -0.00909596  -0.02031599
    4    6
  0.00721630  -0.00079750    -0.00536050   0.00243288     0.00061400   0.00056866
  0.00002554   0.00138147    -0.00267611  -0.00786859     0.00209785  -0.00252077
 -0.00151730   0.00902089    -0.00510123  -0.02469270     0.00486317  -0.00249126
    4    7
 -0.00079750  -0.00721630     0.00243288   0.00536050    -0.00056866   0.00061400
  0.00138147  -0.00002554    -0.00786859   0.00267611     0.00252077   0.00209785
 -0.00902089  -0.00151730     0.02469270  -0.00510123    -0.00249126  -0.00486317
    5    1
  0.00059004   0.01152662    -0.00200997  -0.01003913    -0.00000000   0.00000000
  0.00023957  -0.00984741    -0.00475246   0.00937039     0.00000000   0.00000000
  0.00000000   0.00000000     0.00000000   0.00000000    -0.00426077  -0.00653933
    5    2
 -0.01634709  -0.01315066     0.06538935  -0.01894004     0.00000000   0.00000000
  0.00717980   0.00366751    -0.01634709  -0.01315066     0.00000000   0.00000000
  0.00000000   0.00000000     0.00000000   0.00000000    -0.00383786  -0.00784410
    5    3
  0.00034971  -0.01635446    -0.06980553   0.00000000    -0.00000000   0.00000000
 -0.00375709   0.00000000     0.00034971   0.01635446    -0.00000000   0.00000000
 -0.00000000   0.00000000     0.00000000   0.00000000    -0.00753333   0.00000000
    5    4
 -0.06292914   0.01920381     0.00927609   0.01265855     0.00000000  -0.00000000
  0.00927609   0.01265855     0.01159418  -0.00920378     0.00000000  -0.00000000
  0.00000000  -0.00000000     0.00000000  -0.00000000    -0.00909596   0.02031599
    5    5
  0.07469209   0.00000000    -0.00746952   0.01329108    -0.00000000   0.00000000
 -0.00746952  -0.01329108     0.02634033  -0.00000000    -0.00000000   0.00000000
 -0.00000000   0.00000000    -0.00000000   0.00000000     0.02740884   0.00000000
    5    6
 -0.00079750   0.00721630     0.00243288  -0.00536050    -0.00056866  -0.00061400
  0.00138147   0.00002554    -0.00786859  -0.00267611     0.00252077  -0.00209785
 -0.00902089   0.00151730     0.02469270   0.00510123    -0.00249126   0.00486317
    5    7
  0.00721630   0.00079750    -0.00536050  -0.00243288     0.00061400  -0.00056866
  0.00002554  -0.00138147    -0.00267611   0.00786859     0.00209785   0.00252077
 -0.00151730  -0.00902089    -0.00510123   0.02469270     0.00486317   0.00249126
    6    1
  0.00613704  -0.00613704    -0.00459901   0.00459901    -0.00487979  -0.00487979
 -0.00459901   0.00459901     0.00613704  -0.00613704    -0.00487979  -0.00487979
 -0.00318793  -0.00318793    -0.00318793  -0.00318793    -0.00271789   0.00271789
    6    2
 -0.00267611   0.00786859    -0.00536050  -0.00243288    -0.00510123   0.02469270
  0.00002554  -0.00138147     0.00721630   0.00079750    -0.00151730  -0.00902089
  0.00209785   0.00252077     0.00061400  -0.00056866     0.00486317   0.00249126
    6    3
 -0.00786859   0.00267611     0.00243288   0.00536050     0.02469270  -0.00510123
  0.00138147  -0.00002554    -0.00079750  -0.00721630    -0.00902089  -0.00151730
  0.00252077   0.00209785    -0.00056866   0.00061400    -0.00249126  -0.00486317
    6    4
  0.00721630   0.00079750     0.00002554  -0.00138147    -0.00151730  -0.00902089
 -0.00536050  -0.00243288    -0.00267611   0.00786859    -0.00510123   0.02469270
  0.00061400  -0.00056866     0.00209785   0.00252077     0.00486317   0.00249126
    6    5
 -0.00079750  -0.00721630     0.00138147  -0.00002554    -0.00902089  -0.00151730
  0.00243288   0.00536050    -0.00786859   0.00267611     0.02469270  -0.00510123
 -0.00056866   0.00061400     0.00252077   0.00209785    -0.00249126  -0.00486317
    6    6
  0.03407863   0.00000000    -0.01358355   0.00000000    -0.00000000   0.00473460
 -0.01358355   0.00000000     0.03407863   0.00000000    -0.00000000   0.00473460
 -0.00000000  -0.00473460    -0.00000000  -0.00473460     0.00898736   0.00000000
    6    7
 -0.00000000   0.01922378     0.00000000  -0.00833248     0.00419296  -0.00000000
  0.00000000  -0.00833248    -0.00000000   0.01922378     0.00419296  -0.00000000
  0.00419296  -0.00000000     0.00419296  -0.00000000     0.00000000  -0.00130989
    7    1
  0.00613704   0.00613704    -0.00459901  -0.00459901    -0.00487979   0.00487979
 -0.00459901  -0.00459901     0.00613704   0.00613704    -0.00487979   0.00487979
 -0.00318793   0.00318793    -0.00318793   0.00318793    -0.00271789  -0.00271789
    7    2
 -0.00786859  -0.00267611     0.00243288  -0.00536050     0.02469270   0.00510123
  0.00138147   0.00002554    -0.00079750   0.00721630    -0.00902089   0.00151730
  0.00252077  -0.00209785    -0.00056866  -0.00061400    -0.00249126   0.00486317
    7    3
 -0.00267611  -0.00786859    -0.00536050   0.00243288    -0.00510123  -0.02469270
  0.00002554   0.00138147     0.00721630  -0.00079750    -0.00151730   0.00902089
  0.00209785  -0.00252077     0.00061400   0.00056866     0.00486317  -0.00249126
    7    4
 -0.00079750   0.00721630     0.00138147   0.00002554    -0.00902089   0.00151730
  0.00243288  -0.00536050    -0.00786859  -0.00267611     0.02469270   0.00510123
 -0.00056866  -0.00061400     0.00252077  -0.00209785    -0.00249126   0.00486317
    7    5
  0.00721630  -0.00079750     0.00002554   0.00138147    -0.00151730   0.00902089
 -0.00536050   0.00243288    -0.00267611  -0.00786859    -0.00510123  -0.02469270
  0.00061400   0.00056866     0.00209785  -0.00252077     0.00486317  -0.00249126
    7    6
 -0.00000000  -0.01922378     0.00000000   0.00833248     0.00419296   0.00000000
  0.00000000   0.00833248    -0.00000000  -0.01922378     0.00419296   0.00000000
  0.00419296   0.00000000     0.00419296   0.00000000     0.00000000   0.00130989
    7    7
  0.03407863  -0.00000000    -0.01358355  -0.00000000    -0.00000000  -0.00473460
 -0.01358355  -0.00000000     0.03407863  -0.00000000    -0.00000000  -0.00473460
 -0.00000000   0.00473460    -0.00000000   0.00473460     0.00898736   0.00000000

     Dynamical  Matrix in cartesian axes

     q = (   -0.216506351  -0.216506351   0.000000000 ) 

    1    1
  0.06977291  -0.00000000     0.04709456  -0.00000000    -0.00000000   0.00000000
  0.04709456  -0.00000000     0.06977291  -0.00000000    -0.00000000   0.00000000
 -0.00000000   0.00000000    -0.00000000   0.00000000     0.01273239   0.00000000
    1    2
 -0.00475246  -0.00937039     0.00200997  -0.01003913     0.00000000  -0.00000000
 -0.00023957  -0.00984741     0.00059004  -0.01152662     0.00000000  -0.00000000
  0.00000000  -0.00000000     0.00000000  -0.00000000    -0.00426077   0.00653933
    1    3
 -0.00937039  -0.00475246    -0.01003913   0.00200997    -0.00000000  -0.00000000
 -0.00984741  -0.00023957    -0.01152662   0.00059004    -0.00000000  -0.00000000
 -0.00000000   0.00000000    -0.00000000   0.00000000     0.00653933  -0.00426077
    1    4
 -0.01152662   0.00059004    -0.00984741  -0.00023957    -0.00000000   0.00000000
 -0.01003913   0.00200997    -0.00937039  -0.00475246    -0.00000000   0.00000000
 -0.00000000   0.00000000    -0.00000000   0.00000000     0.00653933  -0.00426077
    1    5
  0.00059004  -0.01152662    -0.00023957  -0.00984741     0.00000000  -0.00000000
  0.00200997  -0.01003913    -0.00475246  -0.00937039     0.00000000  -0.00000000
  0.00000000  -0.00000000     0.00000000  -0.00000000    -0.00426077   0.00653933
    1    6
  0.00613704   0.00613704     0.00459901   0.00459901     0.00318793  -0.00318793
  0.00459901   0.00459901     0.00613704   0.00613704    -0.00318793   0.00318793
  0.00487979  -0.00487979    -0.00487979   0.00487979    -0.00271789  -0.00271789
    1    7
  0.00613704   0.00613704     0.00459901   0.00459901    -0.00318793   0.00318793
  0.00459901   0.00459901     0.00613704   0.00613704     0.00318793  -0.00318793
 -0.00487979   0.00487979     0.00487979  -0.00487979    -0.00271789  -0.00271789
    2    1
 -0.00475246   0.00937039    -0.00023957   0.00984741     0.00000000   0.00000000
  0.00200997   0.01003913     0.00059004   0.01152662     0.00000000   0.00000000
  0.00000000   0.00000000     0.00000000   0.00000000    -0.00426077  -0.00653933
    2    2
  0.02634033  -0.00000000     0.00746952   0.01329108    -0.00000000   0.00000000
  0.00746952  -0.01329108     0.07469209   0.00000000    -0.00000000   0.00000000
 -0.00000000   0.00000000    -0.00000000   0.00000000     0.02740884  -0.00000000
    2    3
  0.00920378   0.01159418     0.01265855  -0.00927609     0.00000000   0.00000000
  0.01265855  -0.00927609    -0.01920381  -0.06292914     0.00000000   0.00000000
  0.00000000   0.00000000     0.00000000   0.00000000    -0.02031599  -0.00909596
    2    4
  0.01315066  -0.01634709     0.00366751  -0.00717980    -0.00000000   0.00000000
 -0.01894004  -0.06538935     0.01315066  -0.01634709    -0.00000000   0.00000000
 -0.00000000  -0.00000000    -0.00000000  -0.00000000     0.00784410  -0.00383786
    2    5
  0.00034971   0.01635446     0.00375709   0.00000000    -0.00000000  -0.00000000
  0.06980553   0.00000000     0.00034971  -0.01635446    -0.00000000  -0.00000000
  0.00000000   0.00000000     0.00000000   0.00000000    -0.00753333  -0.00000000
    2    6
 -0.00786859  -0.00267611    -0.00138147  -0.00002554    -0.00252077   0.00209785
 -0.00243288   0.00536050    -0.00079750   0.00721630    -0.00056866  -0.00061400
 -0.02469270  -0.00510123    -0.00902089   0.00151730    -0.00249126   0.00486317
    2    7
 -0.00786859  -0.00267611    -0.00138147  -0.00002554     0.00252077  -0.00209785
 -0.00243288   0.00536050    -0.00079750   0.00721630     0.00056866   0.00061400
  0.02469270   0.00510123     0.00902089  -0.00151730    -0.00249126   0.00486317
    3    1
 -0.00937039   0.00475246    -0.00984741   0.00023957    -0.00000000  -0.00000000
 -0.01003913  -0.00200997    -0.01152662  -0.00059004    -0.00000000  -0.00000000
 -0.00000000  -0.00000000    -0.00000000   0.00000000     0.00653933   0.00426077
    3    2
  0.00920378  -0.01159418     0.01265855   0.00927609     0.00000000  -0.00000000
  0.01265855   0.00927609    -0.01920381   0.06292914     0.00000000   0.00000000
  0.00000000   0.00000000     0.00000000   0.00000000    -0.02031599   0.00909596
    3    3
  0.02634033  -0.00000000     0.00746952  -0.01329108    -0.00000000  -0.00000000
  0.00746952   0.01329108     0.07469209  -0.00000000    -0.00000000  -0.00000000
 -0.00000000   0.00000000    -0.00000000   0.00000000     0.02740884   0.00000000
    3    4
  0.00034971  -0.01635446     0.00375709  -0.00000000     0.00000000   0.00000000
  0.06980553  -0.00000000     0.00034971   0.01635446     0.00000000   0.00000000
  0.00000000   0.00000000     0.00000000   0.00000000    -0.00753333   0.00000000
    3    5
  0.01315066   0.01634709     0.00366751   0.00717980    -0.00000000  -0.00000000
 -0.01894004   0.06538935     0.01315066   0.01634709    -0.00000000   0.00000000
 -0.00000000  -0.00000000    -0.00000000  -0.00000000     0.00784410   0.00383786
    3    6
 -0.00786859   0.00267611    -0.00138147   0.00002554     0.00252077   0.00209785
 -0.00243288  -0.00536050    -0.00079750  -0.00721630     0.00056866  -0.00061400
  0.02469270  -0.00510123     0.00902089   0.00151730    -0.00249126  -0.00486317
    3    7
 -0.00786859   0.00267611    -0.00138147   0.00002554    -0.00252077  -0.00209785
 -0.00243288  -0.00536050    -0.00079750  -0.00721630    -0.00056866   0.00061400
 -0.02469270   0.00510123    -0.00902089  -0.00151730    -0.00249126  -0.00486317
    4    1
 -0.01152662  -0.00059004    -0.01003913  -0.00200997    -0.00000000  -0.00000000
 -0.00984741   0.00023957    -0.00937039   0.00475246    -0.00000000  -0.00000000
 -0.00000000  -0.00000000    -0.00000000  -0.00000000     0.00653933   0.00426077
    4    2
  0.01315066   0.01634709    -0.01894004   0.06538935    -0.00000000   0.00000000
  0.00366751   0.00717980     0.01315066   0.01634709    -0.00000000   0.00000000
 -0.00000000   0.00000000    -0.00000000   0.00000000     0.00784410   0.00383786
    4    3
  0.00034971   0.01635446     0.06980553  -0.00000000     0.00000000   0.00000000
  0.00375709  -0.00000000     0.00034971  -0.01635446    -0.00000000   0.00000000
  0.00000000   0.00000000    -0.00000000   0.00000000    -0.00753333   0.00000000
    4    4
  0.07469209   0.00000000     0.00746952   0.01329108    -0.00000000   0.00000000
  0.00746952  -0.01329108     0.02634033  -0.00000000    -0.00000000   0.00000000
 -0.00000000   0.00000000    -0.00000000   0.00000000     0.02740884   0.00000000
    4    5
 -0.01920381   0.06292914     0.01265855   0.00927609     0.00000000  -0.00000000
  0.01265855   0.00927609     0.00920378  -0.01159418     0.00000000  -0.00000000
  0.00000000  -0.00000000     0.00000000  -0.00000000    -0.02031599   0.00909596
    4    6
 -0.00079750  -0.00721630    -0.00243288  -0.00536050    -0.00056866   0.00061400
 -0.00138147   0.00002554    -0.00786859   0.00267611    -0.00252077  -0.00209785
 -0.00902089  -0.00151730    -0.02469270   0.00510123    -0.00249126  -0.00486317
    4    7
 -0.00079750  -0.00721630    -0.00243288  -0.00536050     0.00056866  -0.00061400
 -0.00138147   0.00002554    -0.00786859   0.00267611     0.00252077   0.00209785
  0.00902089   0.00151730     0.02469270  -0.00510123    -0.00249126  -0.00486317
    5    1
  0.00059004   0.01152662     0.00200997   0.01003913     0.00000000   0.00000000
 -0.00023957   0.00984741    -0.00475246   0.00937039     0.00000000   0.00000000
  0.00000000   0.00000000     0.00000000   0.00000000    -0.00426077  -0.00653933
    5    2
  0.00034971  -0.01635446     0.06980553   0.00000000     0.00000000   0.00000000
  0.00375709   0.00000000     0.00034971   0.01635446    -0.00000000   0.00000000
  0.00000000   0.00000000    -0.00000000   0.00000000    -0.00753333  -0.00000000
    5    3
  0.01315066  -0.01634709    -0.01894004  -0.06538935    -0.00000000   0.00000000
  0.00366751  -0.00717980     0.01315066  -0.01634709    -0.00000000   0.00000000
 -0.00000000  -0.00000000    -0.00000000  -0.00000000     0.00784410  -0.00383786
    5    4
 -0.01920381  -0.06292914     0.01265855  -0.00927609     0.00000000   0.00000000
  0.01265855  -0.00927609     0.00920378   0.01159418     0.00000000   0.00000000
  0.00000000   0.00000000     0.00000000   0.00000000    -0.02031599  -0.00909596
    5    5
  0.07469209   0.00000000     0.00746952  -0.01329108    -0.00000000   0.00000000
  0.00746952   0.01329108     0.02634033  -0.00000000    -0.00000000   0.00000000
 -0.00000000   0.00000000    -0.00000000   0.00000000     0.02740884  -0.00000000
    5    6
 -0.00079750   0.00721630    -0.00243288   0.00536050     0.00056866   0.00061400
 -0.00138147  -0.00002554    -0.00786859  -0.00267611     0.00252077  -0.00209785
  0.00902089  -0.00151730     0.02469270   0.00510123    -0.00249126   0.00486317
    5    7
 -0.00079750   0.00721630    -0.00243288   0.00536050    -0.00056866  -0.00061400
 -0.00138147  -0.00002554    -0.00786859  -0.00267611    -0.00252077   0.00209785
 -0.00902089   0.00151730    -0.02469270  -0.00510123    -0.00249126   0.00486317
    6    1
  0.00613704  -0.00613704     0.00459901  -0.00459901     0.00487979   0.00487979
  0.00459901  -0.00459901     0.00613704  -0.00613704    -0.00487979  -0.00487979
  0.00318793   0.00318793    -0.00318793  -0.00318793    -0.00271789   0.00271789
    6    2
 -0.00786859   0.00267611    -0.00243288  -0.00536050    -0.02469270   0.00510123
 -0.00138147   0.00002554    -0.00079750  -0.00721630    -0.00902089  -0.00151730
 -0.00252077  -0.00209785    -0.00056866   0.00061400    -0.00249126  -0.00486317
    6    3
 -0.00786859  -0.00267611    -0.00243288   0.00536050     0.02469270   0.00510123
 -0.00138147  -0.00002554    -0.00079750   0.00721630     0.00902089  -0.00151730
  0.00252077  -0.00209785     0.00056866   0.00061400    -0.00249126   0.00486317
    6    4
 -0.00079750   0.00721630    -0.00138147  -0.00002554    -0.00902089   0.00151730
 -0.00243288   0.00536050    -0.00786859  -0.00267611    -0.02469270  -0.00510123
 -0.00056866  -0.00061400    -0.00252077   0.00209785    -0.00249126   0.00486317
    6    5
 -0.00079750  -0.00721630    -0.00138147   0.00002554     0.00902089   0.00151730
 -0.00243288  -0.00536050    -0.00786859   0.00267611     0.02469270  -0.00510123
  0.00056866  -0.00061400     0.00252077   0.00209785    -0.00249126  -0.00486317
    6    6
  0.03407863   0.00000000     0.01358355   0.00000000    -0.00000000  -0.00473460
  0.01358355  -0.00000000     0.03407863   0.00000000    -0.00000000   0.00473460
 -0.00000000   0.00473460    -0.00000000  -0.00473460     0.00898736   0.00000000
    6    7
 -0.01922378   0.00000000    -0.00833248   0.00000000    -0.00000000  -0.00419296
 -0.00833248   0.00000000    -0.01922378   0.00000000    -0.00000000   0.00419296
 -0.00000000  -0.00419296    -0.00000000   0.00419296     0.00130989   0.00000000
    7    1
  0.00613704  -0.00613704     0.00459901  -0.00459901    -0.00487979  -0.00487979
  0.00459901  -0.00459901     0.00613704  -0.00613704     0.00487979   0.00487979
 -0.00318793  -0.00318793     0.00318793   0.00318793    -0.00271789   0.00271789
    7    2
 -0.00786859   0.00267611    -0.00243288  -0.00536050     0.02469270  -0.00510123
 -0.00138147   0.00002554    -0.00079750  -0.00721630     0.00902089   0.00151730
  0.00252077   0.00209785     0.00056866  -0.00061400    -0.00249126  -0.00486317
    7    3
 -0.00786859  -0.00267611    -0.00243288   0.00536050    -0.02469270  -0.00510123
 -0.00138147  -0.00002554    -0.00079750   0.00721630    -0.00902089   0.00151730
 -0.00252077   0.00209785    -0.00056866  -0.00061400    -0.00249126   0.00486317
    7    4
 -0.00079750   0.00721630    -0.00138147  -0.00002554     0.00902089  -0.00151730
 -0.00243288   0.00536050    -0.00786859  -0.00267611     0.02469270   0.00510123
  0.00056866   0.00061400     0.00252077  -0.00209785    -0.00249126   0.00486317
    7    5
 -0.00079750  -0.00721630    -0.00138147   0.00002554    -0.00902089  -0.00151730
 -0.00243288  -0.00536050    -0.00786859   0.00267611    -0.02469270   0.00510123
 -0.00056866   0.00061400    -0.00252077  -0.00209785    -0.00249126  -0.00486317
    7    6
 -0.01922378  -0.00000000    -0.00833248  -0.00000000    -0.00000000   0.00419296
 -0.00833248  -0.00000000    -0.01922378   0.00000000    -0.00000000  -0.00419296
 -0.00000000   0.00419296    -0.00000000  -0.00419296     0.00130989  -0.00000000
    7    7
  0.03407863   0.00000000     0.01358355  -0.00000000    -0.00000000   0.00473460
  0.01358355   0.00000000     0.03407863   0.00000000    -0.00000000  -0.00473460
 -0.00000000  -0.00473460    -0.00000000   0.00473460     0.00898736  -0.00000000

     Dynamical  Matrix in cartesian axes

     q = (   -0.216506351   0.216506351   0.000000000 ) 

    1    1
  0.06977291  -0.00000000    -0.04709456   0.00000000     0.00000000   0.00000000
 -0.04709456   0.00000000     0.06977291  -0.00000000     0.00000000   0.00000000
  0.00000000   0.00000000    -0.00000000   0.00000000     0.01273239   0.00000000
    1    2
 -0.00475246  -0.00937039    -0.00200997   0.01003913     0.00000000  -0.00000000
  0.00023957   0.00984741     0.00059004  -0.01152662     0.00000000  -0.00000000
  0.00000000  -0.00000000     0.00000000  -0.00000000    -0.00426077   0.00653933
    1    3
 -0.00475246   0.00937039    -0.00200997  -0.01003913     0.00000000   0.00000000
  0.00023957  -0.00984741     0.00059004   0.01152662     0.00000000   0.00000000
  0.00000000   0.00000000     0.00000000   0.00000000    -0.00426077  -0.00653933
    1    4
  0.00059004  -0.01152662     0.00023957   0.00984741     0.00000000  -0.00000000
 -0.00200997   0.01003913    -0.00475246  -0.00937039     0.00000000  -0.00000000
  0.00000000  -0.00000000     0.00000000  -0.00000000    -0.00426077   0.00653933
    1    5
  0.00059004   0.01152662     0.00023957  -0.00984741     0.00000000   0.00000000
 -0.00200997  -0.01003913    -0.00475246   0.00937039     0.00000000   0.00000000
  0.00000000   0.00000000     0.00000000   0.00000000    -0.00426077  -0.00653933
    1    6
  0.00613704  -0.00613704    -0.00459901   0.00459901    -0.00318793  -0.00318793
 -0.00459901   0.00459901     0.00613704  -0.00613704    -0.00318793  -0.00318793
 -0.00487979  -0.00487979    -0.00487979  -0.00487979    -0.00271789   0.00271789
    1    7
  0.00613704   0.00613704    -0.00459901  -0.00459901    -0.00318793   0.00318793
 -0.00459901  -0.00459901     0.00613704   0.00613704    -0.00318793   0.00318793
