  4.500000000000000E-002   1.25986529217407        2.41685017272211     
          12

     Dynamical  Matrix in cartesian axes

     q = (    0.324759526   0.324759526   0.000000000 ) 

    1    1
  0.09443314   0.00000000     0.05108625   0.00000000    -0.00000000   0.00000000
  0.05108625   0.00000000     0.09443314   0.00000000    -0.00000000   0.00000000
 -0.00000000   0.00000000    -0.00000000   0.00000000     0.03018489   0.00000000
    1    2
 -0.00897436  -0.00193186     0.00411283   0.01291631     0.00000000   0.00000000
  0.00846349   0.00215574     0.00896928   0.01992394     0.00000000   0.00000000
  0.00000000   0.00000000     0.00000000   0.00000000    -0.00995926  -0.00570189
    1    3
  0.00771186   0.00497980    -0.01204142   0.00622500    -0.00000000  -0.00000000
 -0.00750893  -0.00446025    -0.02043059   0.00774611    -0.00000000  -0.00000000
 -0.00000000  -0.00000000    -0.00000000  -0.00000000     0.01107411   0.00301041
    1    4
 -0.02043059   0.00774611    -0.00750893  -0.00446025    -0.00000000  -0.00000000
 -0.01204142   0.00622500     0.00771186   0.00497980     0.00000000  -0.00000000
 -0.00000000   0.00000000     0.00000000   0.00000000     0.01107411   0.00301041
    1    5
  0.00896928   0.01992394     0.00846349   0.00215574     0.00000000   0.00000000
  0.00411283   0.01291631    -0.00897436  -0.00193186     0.00000000   0.00000000
  0.00000000   0.00000000     0.00000000   0.00000000    -0.00995926  -0.00570189
    1    6
  0.00055990  -0.00135172     0.00193238  -0.00466519     0.00863041   0.00357483
  0.00193238  -0.00466519     0.00055990  -0.00135172    -0.00863041  -0.00357483
  0.01035920   0.00429092    -0.01035920  -0.00429092     0.00018533  -0.00044744
    1    7
  0.00055990  -0.00135172     0.00193238  -0.00466519    -0.00863041  -0.00357483
  0.00193238  -0.00466519     0.00055990  -0.00135172     0.00863041   0.00357483
 -0.01035920  -0.00429092     0.01035920   0.00429092     0.00018533  -0.00044744
    2    1
 -0.00897436   0.00193186     0.00846349  -0.00215574     0.00000000  -0.00000000
  0.00411283  -0.01291631     0.00896928  -0.01992394     0.00000000  -0.00000000
  0.00000000  -0.00000000     0.00000000  -0.00000000    -0.00995926   0.00570189
    2    2
  0.03583312   0.00000000     0.00985247  -0.00473680     0.00000000   0.00000000
  0.00985247   0.00473680     0.05524097   0.00000000    -0.00000000   0.00000000
  0.00000000   0.00000000    -0.00000000   0.00000000     0.02999053   0.00000000
    2    3
  0.00068303  -0.01756489     0.00872773  -0.00127878     0.00000000   0.00000000
  0.00872773  -0.00127878     0.01269927   0.03688170     0.00000000  -0.00000000
  0.00000000   0.00000000     0.00000000   0.00000000    -0.02134561   0.00671968
    2    4
  0.01786986   0.00899828     0.01269944   0.00923908    -0.00000000  -0.00000000
  0.01890641   0.04026660     0.01786986   0.00899828    -0.00000000  -0.00000000
 -0.00000000   0.00000000    -0.00000000  -0.00000000     0.01150862   0.00224560
    2    5
 -0.00591286  -0.00967624     0.00046697   0.00000000     0.00000000   0.00000000
  0.04419943  -0.00000000    -0.00591286   0.00967624     0.00000000   0.00000000
  0.00000000  -0.00000000     0.00000000  -0.00000000    -0.00960041  -0.00000000
    2    6
 -0.00988849   0.00624670    -0.00130711  -0.00051890    -0.00692022  -0.00301859
 -0.00349459  -0.00257299    -0.00037425  -0.00662562    -0.00289944   0.00032692
 -0.02538332   0.00340142    -0.01235648  -0.00053786    -0.00390638  -0.00252712
    2    7
 -0.00988849   0.00624670    -0.00130711  -0.00051890     0.00692022   0.00301859
 -0.00349459  -0.00257299    -0.00037425  -0.00662562     0.00289944  -0.00032692
  0.02538332  -0.00340142     0.01235648   0.00053786    -0.00390638  -0.00252712
    3    1
  0.00771186  -0.00497980    -0.00750893   0.00446025    -0.00000000   0.00000000
 -0.01204142  -0.00622500    -0.02043059  -0.00774611    -0.00000000   0.00000000
 -0.00000000   0.00000000    -0.00000000   0.00000000     0.01107411  -0.00301041
    3    2
  0.00068303   0.01756489     0.00872773   0.00127878     0.00000000   0.00000000
  0.00872773   0.00127878     0.01269927  -0.03688170     0.00000000   0.00000000
  0.00000000   0.00000000     0.00000000   0.00000000    -0.02134561  -0.00671968
    3    3
  0.03583312  -0.00000000     0.00985247   0.00473680    -0.00000000   0.00000000
  0.00985247  -0.00473680     0.05524097   0.00000000     0.00000000   0.00000000
 -0.00000000   0.00000000    -0.00000000   0.00000000     0.02999053  -0.00000000
    3    4
 -0.00591286   0.00967624     0.00046697  -0.00000000     0.00000000   0.00000000
  0.04419943   0.00000000    -0.00591286  -0.00967624     0.00000000   0.00000000
  0.00000000   0.00000000     0.00000000   0.00000000    -0.00960041   0.00000000
    3    5
  0.01786986  -0.00899828     0.01269944  -0.00923908    -0.00000000   0.00000000
  0.01890641  -0.04026660     0.01786986  -0.00899828    -0.00000000   0.00000000
 -0.00000000  -0.00000000    -0.00000000   0.00000000     0.01150862  -0.00224560
    3    6
 -0.00988849  -0.00624670    -0.00130711   0.00051890     0.00692022  -0.00301859
 -0.00349459   0.00257299    -0.00037425   0.00662562     0.00289944   0.00032692
  0.02538332   0.00340142     0.01235648  -0.00053786    -0.00390638   0.00252712
    3    7
 -0.00988849  -0.00624670    -0.00130711   0.00051890    -0.00692022   0.00301859
 -0.00349459   0.00257299    -0.00037425   0.00662562    -0.00289944  -0.00032692
 -0.02538332  -0.00340142    -0.01235648   0.00053786    -0.00390638   0.00252712
    4    1
 -0.02043059  -0.00774611    -0.01204142  -0.00622500    -0.00000000   0.00000000
 -0.00750893   0.00446025     0.00771186  -0.00497980     0.00000000   0.00000000
 -0.00000000   0.00000000     0.00000000   0.00000000     0.01107411  -0.00301041
    4    2
  0.01786986  -0.00899828     0.01890641  -0.04026660    -0.00000000   0.00000000
  0.01269944  -0.00923908     0.01786986  -0.00899828    -0.00000000   0.00000000
 -0.00000000   0.00000000    -0.00000000   0.00000000     0.01150862  -0.00224560
    4    3
 -0.00591286  -0.00967624     0.04419943   0.00000000     0.00000000   0.00000000
  0.00046697   0.00000000    -0.00591286   0.00967624     0.00000000   0.00000000
  0.00000000   0.00000000     0.00000000   0.00000000    -0.00960041   0.00000000
    4    4
  0.05524097  -0.00000000     0.00985247  -0.00473680     0.00000000   0.00000000
  0.00985247   0.00473680     0.03583312  -0.00000000    -0.00000000   0.00000000
 -0.00000000   0.00000000    -0.00000000   0.00000000     0.02999053  -0.00000000
    4    5
  0.01269927  -0.03688170     0.00872773   0.00127878     0.00000000   0.00000000
  0.00872773   0.00127878     0.00068303   0.01756489     0.00000000   0.00000000
  0.00000000   0.00000000     0.00000000   0.00000000    -0.02134561  -0.00671968
    4    6
 -0.00037425   0.00662562    -0.00349459   0.00257299    -0.00289944  -0.00032692
 -0.00130711   0.00051890    -0.00988849  -0.00624670    -0.00692022   0.00301859
 -0.01235648   0.00053786    -0.02538332  -0.00340142    -0.00390638   0.00252712
    4    7
 -0.00037425   0.00662562    -0.00349459   0.00257299     0.00289944   0.00032692
 -0.00130711   0.00051890    -0.00988849  -0.00624670     0.00692022  -0.00301859
  0.01235648  -0.00053786     0.02538332   0.00340142    -0.00390638   0.00252712
    5    1
  0.00896928  -0.01992394     0.00411283  -0.01291631     0.00000000  -0.00000000
  0.00846349  -0.00215574    -0.00897436   0.00193186     0.00000000  -0.00000000
  0.00000000   0.00000000     0.00000000   0.00000000    -0.00995926   0.00570189
    5    2
 -0.00591286   0.00967624     0.04419943  -0.00000000     0.00000000   0.00000000
  0.00046697  -0.00000000    -0.00591286  -0.00967624     0.00000000   0.00000000
  0.00000000  -0.00000000     0.00000000  -0.00000000    -0.00960041  -0.00000000
    5    3
  0.01786986   0.00899828     0.01890641   0.04026660    -0.00000000   0.00000000
  0.01269944   0.00923908     0.01786986   0.00899828    -0.00000000   0.00000000
 -0.00000000   0.00000000    -0.00000000  -0.00000000     0.01150862   0.00224560
    5    4
  0.01269927   0.03688170     0.00872773  -0.00127878     0.00000000  -0.00000000
  0.00872773  -0.00127878     0.00068303  -0.01756489     0.00000000  -0.00000000
  0.00000000  -0.00000000     0.00000000  -0.00000000    -0.02134561   0.00671968
    5    5
  0.05524097   0.00000000     0.00985247   0.00473680    -0.00000000   0.00000000
  0.00985247  -0.00473680     0.03583312   0.00000000    -0.00000000   0.00000000
 -0.00000000   0.00000000    -0.00000000   0.00000000     0.02999053   0.00000000
    5    6
 -0.00037425  -0.00662562    -0.00349459  -0.00257299     0.00289944  -0.00032692
 -0.00130711  -0.00051890    -0.00988849   0.00624670     0.00692022   0.00301859
  0.01235648   0.00053786     0.02538332  -0.00340142    -0.00390638  -0.00252712
    5    7
 -0.00037425  -0.00662562    -0.00349459  -0.00257299    -0.00289944   0.00032692
 -0.00130711  -0.00051890    -0.00988849   0.00624670    -0.00692022  -0.00301859
 -0.01235648  -0.00053786    -0.02538332   0.00340142    -0.00390638  -0.00252712
    6    1
  0.00055990   0.00135172     0.00193238   0.00466519     0.01035920  -0.00429092
  0.00193238   0.00466519     0.00055990   0.00135172    -0.01035920   0.00429092
  0.00863041  -0.00357483    -0.00863041   0.00357483     0.00018533   0.00044744
    6    2
 -0.00988849  -0.00624670    -0.00349459   0.00257299    -0.02538332  -0.00340142
 -0.00130711   0.00051890    -0.00037425   0.00662562    -0.01235648   0.00053786
 -0.00692022   0.00301859    -0.00289944  -0.00032692    -0.00390638   0.00252712
    6    3
 -0.00988849   0.00624670    -0.00349459  -0.00257299     0.02538332  -0.00340142
 -0.00130711  -0.00051890    -0.00037425  -0.00662562     0.01235648   0.00053786
  0.00692022   0.00301859     0.00289944  -0.00032692    -0.00390638  -0.00252712
    6    4
 -0.00037425  -0.00662562    -0.00130711  -0.00051890    -0.01235648  -0.00053786
 -0.00349459  -0.00257299    -0.00988849   0.00624670    -0.02538332   0.00340142
 -0.00289944   0.00032692    -0.00692022  -0.00301859    -0.00390638  -0.00252712
    6    5
 -0.00037425   0.00662562    -0.00130711   0.00051890     0.01235648  -0.00053786
 -0.00349459   0.00257299    -0.00988849  -0.00624670     0.02538332   0.00340142
  0.00289944   0.00032692     0.00692022  -0.00301859    -0.00390638   0.00252712
    6    6
  0.03892144  -0.00000000     0.01682664  -0.00000000    -0.00000000   0.00197149
  0.01682664   0.00000000     0.03892144  -0.00000000    -0.00000000  -0.00197149
 -0.00000000  -0.00197149    -0.00000000   0.00197149     0.01502904   0.00000000
    6    7
 -0.01734416   0.00000000    -0.01246146   0.00000000     0.00000000  -0.00007040
 -0.01246146   0.00000000    -0.01734416  -0.00000000    -0.00000000   0.00007040
  0.00000000  -0.00007040     0.00000000   0.00007040     0.00207967   0.00000000
    7    1
  0.00055990   0.00135172     0.00193238   0.00466519    -0.01035920   0.00429092
  0.00193238   0.00466519     0.00055990   0.00135172     0.01035920  -0.00429092
 -0.00863041   0.00357483     0.00863041  -0.00357483     0.00018533   0.00044744
    7    2
 -0.00988849  -0.00624670    -0.00349459   0.00257299     0.02538332   0.00340142
 -0.00130711   0.00051890    -0.00037425   0.00662562     0.01235648  -0.00053786
  0.00692022  -0.00301859     0.00289944   0.00032692    -0.00390638   0.00252712
    7    3
 -0.00988849   0.00624670    -0.00349459  -0.00257299    -0.02538332   0.00340142
 -0.00130711  -0.00051890    -0.00037425  -0.00662562    -0.01235648  -0.00053786
 -0.00692022  -0.00301859    -0.00289944   0.00032692    -0.00390638  -0.00252712
    7    4
 -0.00037425  -0.00662562    -0.00130711  -0.00051890     0.01235648   0.00053786
 -0.00349459  -0.00257299    -0.00988849   0.00624670     0.02538332  -0.00340142
  0.00289944  -0.00032692     0.00692022   0.00301859    -0.00390638  -0.00252712
    7    5
 -0.00037425   0.00662562    -0.00130711   0.00051890    -0.01235648   0.00053786
 -0.00349459   0.00257299    -0.00988849  -0.00624670    -0.02538332  -0.00340142
 -0.00289944  -0.00032692    -0.00692022   0.00301859    -0.00390638   0.00252712
    7    6
 -0.01734416   0.00000000    -0.01246146   0.00000000     0.00000000   0.00007040
 -0.01246146   0.00000000    -0.01734416   0.00000000    -0.00000000  -0.00007040
 -0.00000000   0.00007040     0.00000000  -0.00007040     0.00207967   0.00000000
    7    7
  0.03892144   0.00000000     0.01682664   0.00000000    -0.00000000  -0.00197149
  0.01682664  -0.00000000     0.03892144   0.00000000    -0.00000000   0.00197149
 -0.00000000   0.00197149    -0.00000000  -0.00197149     0.01502904  -0.00000000

     Dynamical  Matrix in cartesian axes

     q = (    0.324759526  -0.324759526   0.000000000 ) 

    1    1
  0.09443314   0.00000000    -0.05108625   0.00000000     0.00000000   0.00000000
 -0.05108625   0.00000000     0.09443314   0.00000000     0.00000000   0.00000000
  0.00000000   0.00000000     0.00000000   0.00000000     0.03018489   0.00000000
    1    2
 -0.00897436  -0.00193186    -0.00411283  -0.01291631     0.00000000   0.00000000
 -0.00846349  -0.00215574     0.00896928   0.01992394     0.00000000   0.00000000
  0.00000000   0.00000000     0.00000000   0.00000000    -0.00995926  -0.00570189
    1    3
 -0.00897436   0.00193186    -0.00411283   0.01291631     0.00000000  -0.00000000
 -0.00846349   0.00215574     0.00896928  -0.01992394     0.00000000  -0.00000000
  0.00000000   0.00000000     0.00000000  -0.00000000    -0.00995926   0.00570189
    1    4
  0.00896928   0.01992394    -0.00846349  -0.00215574     0.00000000   0.00000000
 -0.00411283  -0.01291631    -0.00897436  -0.00193186     0.00000000   0.00000000
  0.00000000   0.00000000     0.00000000   0.00000000    -0.00995926  -0.00570189
    1    5
  0.00896928  -0.01992394    -0.00846349   0.00215574     0.00000000   0.00000000
 -0.00411283   0.01291631    -0.00897436   0.00193186     0.00000000   0.00000000
  0.00000000   0.00000000     0.00000000   0.00000000    -0.00995926   0.00570189
    1    6
  0.00055990   0.00135172    -0.00193238  -0.00466519    -0.00863041   0.00357483
 -0.00193238  -0.00466519     0.00055990   0.00135172    -0.00863041   0.00357483
 -0.01035920   0.00429092    -0.01035920   0.00429092     0.00018533   0.00044744
    1    7
  0.00055990  -0.00135172    -0.00193238   0.00466519    -0.00863041  -0.00357483
 -0.00193238   0.00466519     0.00055990  -0.00135172    -0.00863041  -0.00357483
 -0.01035920  -0.00429092    -0.01035920  -0.00429092     0.00018533  -0.00044744
    2    1
 -0.00897436   0.00193186    -0.00846349   0.00215574     0.00000000   0.00000000
 -0.00411283   0.01291631     0.00896928  -0.01992394     0.00000000   0.00000000
  0.00000000  -0.00000000     0.00000000  -0.00000000    -0.00995926   0.00570189
    2    2
  0.03583312  -0.00000000    -0.00985247   0.00473680    -0.00000000   0.00000000
 -0.00985247  -0.00473680     0.05524097  -0.00000000    -0.00000000   0.00000000
 -0.00000000   0.00000000    -0.00000000   0.00000000     0.02999053   0.00000000
    2    3
  0.01193727   0.01290323     0.00526720  -0.00707567    -0.00000000   0.00000000
  0.00526720  -0.00707567    -0.03505904  -0.01709956    -0.00000000   0.00000000
 -0.00000000   0.00000000    -0.00000000   0.00000000     0.01034209  -0.01984515
    2    4
 -0.00591286  -0.00967624    -0.00046697   0.00000000    -0.00000000   0.00000000
 -0.04419943  -0.00000000    -0.00591286   0.00967624     0.00000000   0.00000000
  0.00000000   0.00000000     0.00000000   0.00000000    -0.00960041  -0.00000000
    2    5
 -0.01899865   0.00627315     0.01551287  -0.00244685     0.00000000  -0.00000000
  0.04184163   0.01510394    -0.01899865   0.00627315     0.00000000   0.00000000
  0.00000000   0.00000000     0.00000000  -0.00000000    -0.00972570   0.00654995
    2    6
  0.00257514  -0.01140930    -0.00129118   0.00055735     0.00702780  -0.00275887
 -0.00429043   0.00065166     0.00494965   0.00442038    -0.00181904   0.00228138
  0.01554355  -0.02035388    -0.00911768   0.00835703     0.00454918  -0.00097528
    2    7
 -0.00988849   0.00624670     0.00130711   0.00051890     0.00692022   0.00301859
  0.00349459   0.00257299    -0.00037425  -0.00662562    -0.00289944   0.00032692
  0.02538332  -0.00340142    -0.01235648  -0.00053786    -0.00390638  -0.00252712
    3    1
 -0.00897436  -0.00193186    -0.00846349  -0.00215574     0.00000000  -0.00000000
 -0.00411283  -0.01291631     0.00896928   0.01992394     0.00000000   0.00000000
  0.00000000   0.00000000     0.00000000   0.00000000    -0.00995926  -0.00570189
    3    2
  0.01193727  -0.01290323     0.00526720   0.00707567    -0.00000000  -0.00000000
  0.00526720   0.00707567    -0.03505904   0.01709956    -0.00000000  -0.00000000
 -0.00000000  -0.00000000    -0.00000000  -0.00000000     0.01034209   0.01984515
    3    3
  0.03583312   0.00000000    -0.00985247  -0.00473680    -0.00000000   0.00000000
 -0.00985247   0.00473680     0.05524097   0.00000000    -0.00000000   0.00000000
 -0.00000000   0.00000000    -0.00000000   0.00000000     0.02999053  -0.00000000
    3    4
 -0.01899865  -0.00627315     0.01551287   0.00244685    -0.00000000   0.00000000
  0.04184163  -0.01510394    -0.01899865  -0.00627315     0.00000000   0.00000000
  0.00000000   0.00000000     0.00000000   0.00000000    -0.00972570  -0.00654995
    3    5
 -0.00591286   0.00967624    -0.00046697  -0.00000000     0.00000000  -0.00000000
 -0.04419943  -0.00000000    -0.00591286  -0.00967624     0.00000000  -0.00000000
  0.00000000   0.00000000     0.00000000   0.00000000    -0.00960041  -0.00000000
    3    6
 -0.00988849  -0.00624670     0.00130711  -0.00051890     0.00692022  -0.00301859
  0.00349459  -0.00257299    -0.00037425   0.00662562    -0.00289944  -0.00032692
  0.02538332   0.00340142    -0.01235648   0.00053786    -0.00390638   0.00252712
    3    7
  0.00257514   0.01140930    -0.00129118  -0.00055735     0.00702780   0.00275887
 -0.00429043  -0.00065166     0.00494965  -0.00442038    -0.00181904  -0.00228138
  0.01554355   0.02035388    -0.00911768  -0.00835703     0.00454918   0.00097528
    4    1
  0.00896928  -0.01992394    -0.00411283   0.01291631     0.00000000   0.00000000
 -0.00846349   0.00215574    -0.00897436   0.00193186     0.00000000   0.00000000
  0.00000000  -0.00000000     0.00000000  -0.00000000    -0.00995926   0.00570189
    4    2
 -0.00591286   0.00967624    -0.04419943   0.00000000     0.00000000   0.00000000
 -0.00046697   0.00000000    -0.00591286  -0.00967624     0.00000000   0.00000000
  0.00000000   0.00000000     0.00000000   0.00000000    -0.00960041   0.00000000
    4    3
 -0.01899865   0.00627315     0.04184163   0.01510394     0.00000000  -0.00000000
  0.01551287  -0.00244685    -0.01899865   0.00627315    -0.00000000  -0.00000000
 -0.00000000  -0.00000000     0.00000000  -0.00000000    -0.00972570   0.00654995
    4    4
  0.05524097   0.00000000    -0.00985247  -0.00473680    -0.00000000   0.00000000
 -0.00985247   0.00473680     0.03583312  -0.00000000    -0.00000000   0.00000000
 -0.00000000   0.00000000    -0.00000000   0.00000000     0.02999053   0.00000000
    4    5
 -0.03505904  -0.01709956     0.00526720  -0.00707567    -0.00000000   0.00000000
  0.00526720  -0.00707567     0.01193727   0.01290323    -0.00000000   0.00000000
 -0.00000000   0.00000000    -0.00000000   0.00000000     0.01034209  -0.01984515
    4    6
  0.00494965   0.00442038    -0.00429043   0.00065166    -0.00181904   0.00228138
 -0.00129118   0.00055735     0.00257514  -0.01140930     0.00702780  -0.00275887
 -0.00911768   0.00835703     0.01554355  -0.02035388     0.00454918  -0.00097528
    4    7
 -0.00037425  -0.00662562     0.00349459   0.00257299    -0.00289944   0.00032692
  0.00130711   0.00051890    -0.00988849   0.00624670     0.00692022   0.00301859
 -0.01235648  -0.00053786     0.02538332  -0.00340142    -0.00390638  -0.00252712
    5    1
  0.00896928   0.01992394    -0.00411283  -0.01291631     0.00000000   0.00000000
 -0.00846349  -0.00215574    -0.00897436  -0.00193186     0.00000000   0.00000000
  0.00000000   0.00000000     0.00000000   0.00000000    -0.00995926  -0.00570189
    5    2
 -0.01899865  -0.00627315     0.04184163  -0.01510394     0.00000000  -0.00000000
  0.01551287   0.00244685    -0.01899865  -0.00627315     0.00000000   0.00000000
  0.00000000  -0.00000000     0.00000000  -0.00000000    -0.00972570  -0.00654995
    5    3
 -0.00591286  -0.00967624    -0.04419943   0.00000000     0.00000000  -0.00000000
 -0.00046697  -0.00000000    -0.00591286   0.00967624     0.00000000  -0.00000000
  0.00000000   0.00000000     0.00000000   0.00000000    -0.00960041   0.00000000
    5    4
 -0.03505904   0.01709956     0.00526720   0.00707567    -0.00000000  -0.00000000
  0.00526720   0.00707567     0.01193727  -0.01290323    -0.00000000  -0.00000000
 -0.00000000  -0.00000000    -0.00000000  -0.00000000     0.01034209   0.01984515
    5    5
  0.05524097   0.00000000    -0.00985247   0.00473680    -0.00000000   0.00000000
 -0.00985247  -0.00473680     0.03583312   0.00000000    -0.00000000   0.00000000
 -0.00000000   0.00000000    -0.00000000   0.00000000     0.02999053  -0.00000000
    5    6
 -0.00037425   0.00662562     0.00349459  -0.00257299    -0.00289944  -0.00032692
  0.00130711  -0.00051890    -0.00988849  -0.00624670     0.00692022  -0.00301859
 -0.01235648   0.00053786     0.02538332   0.00340142    -0.00390638   0.00252712
    5    7
  0.00494965  -0.00442038    -0.00429043  -0.00065166    -0.00181904  -0.00228138
 -0.00129118  -0.00055735     0.00257514   0.01140930     0.00702780   0.00275887
 -0.00911768  -0.00835703     0.01554355   0.02035388     0.00454918   0.00097528
    6    1
  0.00055990  -0.00135172    -0.00193238   0.00466519    -0.01035920  -0.00429092
 -0.00193238   0.00466519     0.00055990  -0.00135172    -0.01035920  -0.00429092
 -0.00863041  -0.00357483    -0.00863041  -0.00357483     0.00018533  -0.00044744
    6    2
  0.00257514   0.01140930    -0.00429043  -0.00065166     0.01554355   0.02035388
 -0.00129118  -0.00055735     0.00494965  -0.00442038    -0.00911768  -0.00835703
  0.00702780   0.00275887    -0.00181904  -0.00228138     0.00454918   0.00097528
    6    3
 -0.00988849   0.00624670     0.00349459   0.00257299     0.02538332  -0.00340142
  0.00130711   0.00051890    -0.00037425  -0.00662562    -0.01235648  -0.00053786
  0.00692022   0.00301859    -0.00289944   0.00032692    -0.00390638  -0.00252712
    6    4
  0.00494965  -0.00442038    -0.00129118  -0.00055735    -0.00911768  -0.00835703
 -0.00429043  -0.00065166     0.00257514   0.01140930     0.01554355   0.02035388
 -0.00181904  -0.00228138     0.00702780   0.00275887     0.00454918   0.00097528
    6    5
 -0.00037425  -0.00662562     0.00130711   0.00051890    -0.01235648  -0.00053786
  0.00349459   0.00257299    -0.00988849   0.00624670     0.02538332  -0.00340142
 -0.00289944   0.00032692     0.00692022   0.00301859    -0.00390638  -0.00252712
    6    6
  0.03892144  -0.00000000    -0.01682664   0.00000000     0.00000000   0.00197149
 -0.01682664  -0.00000000     0.03892144   0.00000000    -0.00000000   0.00197149
  0.00000000  -0.00197149     0.00000000  -0.00197149     0.01502904   0.00000000
    6    7
  0.01226417   0.01226417    -0.00881158  -0.00881158    -0.00004978   0.00004978
 -0.00881158  -0.00881158     0.01226417   0.01226417    -0.00004978   0.00004978
 -0.00004978   0.00004978    -0.00004978   0.00004978    -0.00147055  -0.00147055
    7    1
  0.00055990   0.00135172    -0.00193238  -0.00466519    -0.01035920   0.00429092
 -0.00193238  -0.00466519     0.00055990   0.00135172    -0.01035920   0.00429092
 -0.00863041   0.00357483    -0.00863041   0.00357483     0.00018533   0.00044744
    7    2
 -0.00988849  -0.00624670     0.00349459  -0.00257299     0.02538332   0.00340142
  0.00130711  -0.00051890    -0.00037425   0.00662562    -0.01235648   0.00053786
  0.00692022  -0.00301859    -0.00289944  -0.00032692    -0.00390638   0.00252712
    7    3
  0.00257514  -0.01140930    -0.00429043   0.00065166     0.01554355  -0.02035388
 -0.00129118   0.00055735     0.00494965   0.00442038    -0.00911768   0.00835703
  0.00702780  -0.00275887    -0.00181904   0.00228138     0.00454918  -0.00097528
    7    4
 -0.00037425   0.00662562     0.00130711  -0.00051890    -0.01235648   0.00053786
  0.00349459  -0.00257299    -0.00988849  -0.00624670     0.02538332   0.00340142
 -0.00289944  -0.00032692     0.00692022  -0.00301859    -0.00390638   0.00252712
    7    5
  0.00494965   0.00442038    -0.00129118   0.00055735    -0.00911768   0.00835703
 -0.00429043   0.00065166     0.00257514  -0.01140930     0.01554355  -0.02035388
 -0.00181904   0.00228138     0.00702780  -0.00275887     0.00454918  -0.00097528
    7    6
  0.01226417  -0.01226417    -0.00881158   0.00881158    -0.00004978  -0.00004978
 -0.00881158   0.00881158     0.01226417  -0.01226417    -0.00004978  -0.00004978
 -0.00004978  -0.00004978    -0.00004978  -0.00004978    -0.00147055   0.00147055
    7    7
  0.03892144   0.00000000    -0.01682664  -0.00000000     0.00000000  -0.00197149
 -0.01682664   0.00000000     0.03892144  -0.00000000    -0.00000000  -0.00197149
 -0.00000000   0.00197149     0.00000000   0.00197149     0.01502904   0.00000000

     Dynamical  Matrix in cartesian axes

     q = (   -0.324759526  -0.324759526   0.000000000 ) 

    1    1
  0.09443314   0.00000000     0.05108625   0.00000000    -0.00000000   0.00000000
  0.05108625   0.00000000     0.09443314   0.00000000    -0.00000000   0.00000000
 -0.00000000   0.00000000    -0.00000000   0.00000000     0.03018489   0.00000000
    1    2
 -0.00897436   0.00193186     0.00411283  -0.01291631     0.00000000  -0.00000000
  0.00846349  -0.00215574     0.00896928  -0.01992394     0.00000000  -0.00000000
  0.00000000  -0.00000000     0.00000000  -0.00000000    -0.00995926   0.00570189
    1    3
  0.00771186  -0.00497980    -0.01204142  -0.00622500    -0.00000000   0.00000000
 -0.00750893   0.00446025    -0.02043059  -0.00774611    -0.00000000  -0.00000000
 -0.00000000   0.00000000    -0.00000000  -0.00000000     0.01107411  -0.00301041
    1    4
 -0.02043059  -0.00774611    -0.00750893   0.00446025     0.00000000  -0.00000000
 -0.01204142  -0.00622500     0.00771186  -0.00497980    -0.00000000  -0.00000000
 -0.00000000  -0.00000000    -0.00000000   0.00000000     0.01107411  -0.00301041
    1    5
  0.00896928  -0.01992394     0.00846349  -0.00215574     0.00000000  -0.00000000
  0.00411283  -0.01291631    -0.00897436   0.00193186     0.00000000  -0.00000000
  0.00000000   0.00000000     0.00000000   0.00000000    -0.00995926   0.00570189
    1    6
  0.00055990   0.00135172     0.00193238   0.00466519     0.00863041  -0.00357483
  0.00193238   0.00466519     0.00055990   0.00135172    -0.00863041   0.00357483
  0.01035920  -0.00429092    -0.01035920   0.00429092     0.00018533   0.00044744
    1    7
  0.00055990   0.00135172     0.00193238   0.00466519    -0.00863041   0.00357483
  0.00193238   0.00466519     0.00055990   0.00135172     0.00863041  -0.00357483
 -0.01035920   0.00429092     0.01035920  -0.00429092     0.00018533   0.00044744
    2    1
 -0.00897436  -0.00193186     0.00846349   0.00215574     0.00000000   0.00000000
  0.00411283   0.01291631     0.00896928   0.01992394     0.00000000   0.00000000
  0.00000000   0.00000000     0.00000000   0.00000000    -0.00995926  -0.00570189
    2    2
  0.03583312  -0.00000000     0.00985247   0.00473680     0.00000000   0.00000000
  0.00985247  -0.00473680     0.05524097  -0.00000000    -0.00000000   0.00000000
  0.00000000   0.00000000    -0.00000000   0.00000000     0.02999053  -0.00000000
    2    3
  0.00068303   0.01756489     0.00872773   0.00127878     0.00000000   0.00000000
  0.00872773   0.00127878     0.01269927  -0.03688170     0.00000000   0.00000000
  0.00000000   0.00000000     0.00000000   0.00000000    -0.02134561  -0.00671968
    2    4
  0.01786986  -0.00899828     0.01269944  -0.00923908    -0.00000000   0.00000000
  0.01890641  -0.04026660     0.01786986  -0.00899828    -0.00000000   0.00000000
 -0.00000000  -0.00000000    -0.00000000   0.00000000     0.01150862  -0.00224560
    2    5
 -0.00591286   0.00967624     0.00046697  -0.00000000     0.00000000   0.00000000
  0.04419943   0.00000000    -0.00591286  -0.00967624     0.00000000   0.00000000
  0.00000000   0.00000000     0.00000000   0.00000000    -0.00960041   0.00000000
    2    6
 -0.00988849  -0.00624670    -0.00130711   0.00051890    -0.00692022   0.00301859
 -0.00349459   0.00257299    -0.00037425   0.00662562    -0.00289944  -0.00032692
 -0.02538332  -0.00340142    -0.01235648   0.00053786    -0.00390638   0.00252712
    2    7
 -0.00988849  -0.00624670    -0.00130711   0.00051890     0.00692022  -0.00301859
 -0.00349459   0.00257299    -0.00037425   0.00662562     0.00289944   0.00032692
  0.02538332   0.00340142     0.01235648  -0.00053786    -0.00390638   0.00252712
    3    1
  0.00771186   0.00497980    -0.00750893  -0.00446025    -0.00000000  -0.00000000
 -0.01204142   0.00622500    -0.02043059   0.00774611    -0.00000000   0.00000000
 -0.00000000   0.00000000    -0.00000000  -0.00000000     0.01107411   0.00301041
    3    2
  0.00068303  -0.01756489     0.00872773  -0.00127878     0.00000000   0.00000000
  0.00872773  -0.00127878     0.01269927   0.03688170     0.00000000  -0.00000000
  0.00000000   0.00000000     0.00000000   0.00000000    -0.02134561   0.00671968
    3    3
  0.03583312   0.00000000     0.00985247  -0.00473680    -0.00000000   0.00000000
  0.00985247   0.00473680     0.05524097   0.00000000     0.00000000   0.00000000
 -0.00000000   0.00000000    -0.00000000   0.00000000     0.02999053   0.00000000
    3    4
 -0.00591286  -0.00967624     0.00046697   0.00000000     0.00000000   0.00000000
  0.04419943  -0.00000000    -0.00591286   0.00967624     0.00000000   0.00000000
  0.00000000  -0.00000000     0.00000000  -0.00000000    -0.00960041  -0.00000000
    3    5
  0.01786986   0.00899828     0.01269944   0.00923908    -0.00000000   0.00000000
  0.01890641   0.04026660     0.01786986   0.00899828    -0.00000000   0.00000000
 -0.00000000   0.00000000    -0.00000000   0.00000000     0.01150862   0.00224560
    3    6
 -0.00988849   0.00624670    -0.00130711  -0.00051890     0.00692022   0.00301859
 -0.00349459  -0.00257299    -0.00037425  -0.00662562     0.00289944  -0.00032692
  0.02538332  -0.00340142     0.01235648   0.00053786    -0.00390638  -0.00252712
    3    7
 -0.00988849   0.00624670    -0.00130711  -0.00051890    -0.00692022  -0.00301859
 -0.00349459  -0.00257299    -0.00037425  -0.00662562    -0.00289944   0.00032692
 -0.02538332   0.00340142    -0.01235648  -0.00053786    -0.00390638  -0.00252712
    4    1
 -0.02043059   0.00774611    -0.01204142   0.00622500    -0.00000000  -0.00000000
 -0.00750893  -0.00446025     0.00771186   0.00497980    -0.00000000  -0.00000000
 -0.00000000  -0.00000000     0.00000000   0.00000000     0.01107411   0.00301041
    4    2
  0.01786986   0.00899828     0.01890641   0.04026660    -0.00000000   0.00000000
  0.01269944   0.00923908     0.01786986   0.00899828    -0.00000000   0.00000000
 -0.00000000   0.00000000    -0.00000000  -0.00000000     0.01150862   0.00224560
    4    3
 -0.00591286   0.00967624     0.04419943   0.00000000     0.00000000   0.00000000
  0.00046697  -0.00000000    -0.00591286  -0.00967624     0.00000000   0.00000000
  0.00000000  -0.00000000     0.00000000  -0.00000000    -0.00960041  -0.00000000
    4    4
  0.05524097   0.00000000     0.00985247   0.00473680    -0.00000000   0.00000000
  0.00985247  -0.00473680     0.03583312   0.00000000    -0.00000000   0.00000000
 -0.00000000   0.00000000    -0.00000000   0.00000000     0.02999053   0.00000000
    4    5
  0.01269927   0.03688170     0.00872773  -0.00127878     0.00000000  -0.00000000
  0.00872773  -0.00127878     0.00068303  -0.01756489     0.00000000  -0.00000000
  0.00000000  -0.00000000     0.00000000  -0.00000000    -0.02134561   0.00671968
    4    6
 -0.00037425  -0.00662562    -0.00349459  -0.00257299    -0.00289944   0.00032692
 -0.00130711  -0.00051890    -0.00988849   0.00624670    -0.00692022  -0.00301859
 -0.01235648  -0.00053786    -0.02538332   0.00340142    -0.00390638  -0.00252712
    4    7
 -0.00037425  -0.00662562    -0.00349459  -0.00257299     0.00289944  -0.00032692
 -0.00130711  -0.00051890    -0.00988849   0.00624670     0.00692022   0.00301859
  0.01235648   0.00053786     0.02538332  -0.00340142    -0.00390638  -0.00252712
    5    1
  0.00896928   0.01992394     0.00411283   0.01291631     0.00000000   0.00000000
  0.00846349   0.00215574    -0.00897436  -0.00193186     0.00000000   0.00000000
  0.00000000   0.00000000     0.00000000   0.00000000    -0.00995926  -0.00570189
    5    2
 -0.00591286  -0.00967624     0.04419943   0.00000000     0.00000000   0.00000000
  0.00046697   0.00000000    -0.00591286   0.00967624     0.00000000   0.00000000
  0.00000000   0.00000000     0.00000000   0.00000000    -0.00960041   0.00000000
    5    3
  0.01786986  -0.00899828     0.01890641  -0.04026660    -0.00000000   0.00000000
  0.01269944  -0.00923908     0.01786986  -0.00899828    -0.00000000   0.00000000
 -0.00000000   0.00000000    -0.00000000   0.00000000     0.01150862  -0.00224560
    5    4
  0.01269927  -0.03688170     0.00872773   0.00127878     0.00000000   0.00000000
  0.00872773   0.00127878     0.00068303   0.01756489     0.00000000   0.00000000
  0.00000000   0.00000000     0.00000000   0.00000000    -0.02134561  -0.00671968
    5    5
  0.05524097  -0.00000000     0.00985247  -0.00473680    -0.00000000   0.00000000
  0.00985247   0.00473680     0.03583312  -0.00000000     0.00000000   0.00000000
 -0.00000000   0.00000000    -0.00000000   0.00000000     0.02999053  -0.00000000
    5    6
 -0.00037425   0.00662562    -0.00349459   0.00257299     0.00289944   0.00032692
 -0.00130711   0.00051890    -0.00988849  -0.00624670     0.00692022  -0.00301859
  0.01235648  -0.00053786     0.02538332   0.00340142    -0.00390638   0.00252712
    5    7
 -0.00037425   0.00662562    -0.00349459   0.00257299    -0.00289944  -0.00032692
 -0.00130711   0.00051890    -0.00988849  -0.00624670    -0.00692022   0.00301859
 -0.01235648   0.00053786    -0.02538332  -0.00340142    -0.00390638   0.00252712
    6    1
  0.00055990  -0.00135172     0.00193238  -0.00466519     0.01035920   0.00429092
  0.00193238  -0.00466519     0.00055990  -0.00135172    -0.01035920  -0.00429092
  0.00863041   0.00357483    -0.00863041  -0.00357483     0.00018533  -0.00044744
    6    2
 -0.00988849   0.00624670    -0.00349459  -0.00257299    -0.02538332   0.00340142
 -0.00130711  -0.00051890    -0.00037425  -0.00662562    -0.01235648  -0.00053786
 -0.00692022  -0.00301859    -0.00289944   0.00032692    -0.00390638  -0.00252712
    6    3
 -0.00988849  -0.00624670    -0.00349459   0.00257299     0.02538332   0.00340142
 -0.00130711   0.00051890    -0.00037425   0.00662562     0.01235648  -0.00053786
  0.00692022  -0.00301859     0.00289944   0.00032692    -0.00390638   0.00252712
    6    4
 -0.00037425   0.00662562    -0.00130711   0.00051890    -0.01235648   0.00053786
 -0.00349459   0.00257299    -0.00988849  -0.00624670    -0.02538332  -0.00340142
 -0.00289944  -0.00032692    -0.00692022   0.00301859    -0.00390638   0.00252712
    6    5
 -0.00037425  -0.00662562    -0.00130711  -0.00051890     0.01235648   0.00053786
 -0.00349459  -0.00257299    -0.00988849   0.00624670     0.02538332  -0.00340142
  0.00289944  -0.00032692     0.00692022   0.00301859    -0.00390638  -0.00252712
    6    6
  0.03892144   0.00000000     0.01682664   0.00000000    -0.00000000  -0.00197149
  0.01682664  -0.00000000     0.03892144   0.00000000    -0.00000000   0.00197149
 -0.00000000   0.00197149    -0.00000000  -0.00197149     0.01502904  -0.00000000
    6    7
 -0.01734416   0.00000000    -0.01246146   0.00000000     0.00000000   0.00007040
 -0.01246146   0.00000000    -0.01734416   0.00000000    -0.00000000  -0.00007040
 -0.00000000   0.00007040    -0.00000000  -0.00007040     0.00207967   0.00000000
    7    1
  0.00055990  -0.00135172     0.00193238  -0.00466519    -0.01035920  -0.00429092
  0.00193238  -0.00466519     0.00055990  -0.00135172     0.01035920   0.00429092
 -0.00863041  -0.00357483     0.00863041   0.00357483     0.00018533  -0.00044744
    7    2
 -0.00988849   0.00624670    -0.00349459  -0.00257299     0.02538332  -0.00340142
 -0.00130711  -0.00051890    -0.00037425  -0.00662562     0.01235648   0.00053786
  0.00692022   0.00301859     0.00289944  -0.00032692    -0.00390638  -0.00252712
    7    3
 -0.00988849  -0.00624670    -0.00349459   0.00257299    -0.02538332  -0.00340142
 -0.00130711   0.00051890    -0.00037425   0.00662562    -0.01235648   0.00053786
 -0.00692022   0.00301859    -0.00289944  -0.00032692    -0.00390638   0.00252712
    7    4
 -0.00037425   0.00662562    -0.00130711   0.00051890     0.01235648  -0.00053786
 -0.00349459   0.00257299    -0.00988849  -0.00624670     0.02538332   0.00340142
  0.00289944   0.00032692     0.00692022  -0.00301859    -0.00390638   0.00252712
    7    5
 -0.00037425  -0.00662562    -0.00130711  -0.00051890    -0.01235648  -0.00053786
 -0.00349459  -0.00257299    -0.00988849   0.00624670    -0.02538332   0.00340142
 -0.00289944   0.00032692    -0.00692022  -0.00301859    -0.00390638  -0.00252712
    7    6
 -0.01734416   0.00000000    -0.01246146   0.00000000     0.00000000  -0.00007040
 -0.01246146   0.00000000    -0.01734416   0.00000000    -0.00000000   0.00007040
 -0.00000000  -0.00007040     0.00000000   0.00007040     0.00207967   0.00000000
    7    7
  0.03892144   0.00000000     0.01682664  -0.00000000    -0.00000000   0.00197149
  0.01682664   0.00000000     0.03892144  -0.00000000    -0.00000000  -0.00197149
 -0.00000000  -0.00197149    -0.00000000   0.00197149     0.01502904   0.00000000

     Dynamical  Matrix in cartesian axes

     q = (   -0.324759526   0.324759526   0.000000000 ) 

    1    1
  0.09443314   0.00000000    -0.05108625   0.00000000     0.00000000   0.00000000
 -0.05108625   0.00000000     0.09443314   0.00000000     0.00000000   0.00000000
  0.00000000   0.00000000     0.00000000   0.00000000     0.03018489   0.00000000
    1    2
 -0.00897436   0.00193186    -0.00411283   0.01291631     0.00000000   0.00000000
 -0.00846349   0.00215574     0.00896928  -0.01992394     0.00000000   0.00000000
  0.00000000   0.00000000     0.00000000  -0.00000000    -0.00995926   0.00570189
    1    3
 -0.00897436  -0.00193186    -0.00411283  -0.01291631     0.00000000   0.00000000
 -0.00846349  -0.00215574     0.00896928   0.01992394     0.00000000   0.00000000
  0.00000000  -0.00000000     0.00000000   0.00000000    -0.00995926  -0.00570189
    1    4
  0.00896928  -0.01992394    -0.00846349   0.00215574     0.00000000   0.00000000
 -0.00411283   0.01291631    -0.00897436   0.00193186     0.00000000  -0.00000000
  0.00000000  -0.00000000     0.00000000   0.00000000    -0.00995926   0.00570189
    1    5
  0.00896928   0.01992394    -0.00846349  -0.00215574     0.00000000   0.00000000
 -0.00411283  -0.01291631    -0.00897436  -0.00193186     0.00000000   0.00000000
  0.00000000   0.00000000     0.00000000   0.00000000    -0.00995926  -0.00570189
    1    6
  0.00055990  -0.00135172    -0.00193238   0.00466519    -0.00863041  -0.00357483
 -0.00193238   0.00466519     0.00055990  -0.00135172    -0.00863041  -0.00357483
 -0.01035920  -0.00429092    -0.01035920  -0.00429092     0.00018533  -0.00044744
    1    7
  0.00055990   0.00135172    -0.00193238  -0.00466519    -0.00863041   0.00357483
 -0.00193238  -0.00466519     0.00055990   0.00135172    -0.00863041   0.00357483
