  5.000000000000000E-002   1.25977579764806        2.43615232611498     
          24

     Dynamical  Matrix in cartesian axes

     q = (    0.433012700   0.324759500   0.324759500 ) 

    1    1
  0.07283242   0.00000000    -0.01032615   0.00000000    -0.01032615   0.00000000
 -0.01032615   0.00000000     0.07245422   0.00000000     0.01221271   0.00000000
 -0.01032615   0.00000000     0.01221271   0.00000000     0.07245422   0.00000000
    1    2
  0.00103237   0.00249236     0.00202234  -0.01135049    -0.00945602  -0.00659600
 -0.01308397   0.00034762     0.00164592  -0.00774166     0.00209077   0.00513063
  0.00949757  -0.00900595     0.00214951   0.00510630    -0.00663802  -0.00431034
    1    3
  0.00103237   0.00249236    -0.00945602  -0.00659600     0.00202234  -0.01135049
  0.00949757  -0.00900595    -0.00663802  -0.00431034     0.00214951   0.00510630
 -0.01308397   0.00034762     0.00209077   0.00513063     0.00164592  -0.00774166
    1    4
 -0.00176393  -0.00240070     0.00294478  -0.00320716    -0.00450945   0.00672317
 -0.01201627  -0.01032483     0.01419551  -0.00898608     0.00571598  -0.00472790
 -0.00158013   0.00440712     0.00817035   0.00252965     0.01036228   0.00590013
    1    5
 -0.00045026  -0.00294484    -0.00435008  -0.00018553     0.00794266   0.00156533
  0.00119603  -0.01579754    -0.01639186   0.00368362    -0.00738494   0.00069868
  0.00423363   0.00199898    -0.00398858   0.00756605    -0.00315522   0.01149926
    1    6
 -0.00045026  -0.00294484     0.00794266   0.00156533    -0.00435008  -0.00018553
  0.00423363   0.00199898    -0.00315522   0.01149926    -0.00398858   0.00756605
  0.00119603  -0.01579754    -0.00738494   0.00069868    -0.01639186   0.00368362
    1    7
 -0.00176393  -0.00240070    -0.00450945   0.00672317     0.00294478  -0.00320716
 -0.00158013   0.00440712     0.01036228   0.00590013     0.00817035   0.00252965
 -0.01201627  -0.01032483     0.00571598  -0.00472790     0.01419551  -0.00898608
    2    1
  0.00103237  -0.00249236    -0.01308397  -0.00034762     0.00949757   0.00900595
  0.00202234   0.01135049     0.00164592   0.00774166     0.00214951  -0.00510630
 -0.00945602   0.00659600     0.00209077  -0.00513063    -0.00663802   0.00431034
    2    2
  0.07259779  -0.00000000     0.00288052   0.01465096     0.00288052  -0.01465096
  0.00288052  -0.01465096     0.04969361  -0.00000000     0.00454587  -0.00349903
  0.00288052   0.01465096     0.00454587   0.00349903     0.04969361   0.00000000
    2    3
  0.00377096   0.00000000     0.00385777   0.00158756     0.00385777  -0.00158756
  0.00385777   0.00158756    -0.00214954   0.01711368    -0.00707357  -0.00000000
  0.00385777  -0.00158756    -0.00707357  -0.00000000    -0.00214954  -0.01711368
    2    4
 -0.00420502   0.02260155    -0.00492957   0.03966478    -0.00206009   0.00213400
  0.00455026   0.03039760     0.00961579   0.01470106    -0.00997288  -0.00122738
 -0.01183256   0.00519927    -0.00646766   0.00479930     0.00539305   0.00281893
    2    5
 -0.01735740   0.00626359     0.01405394  -0.00968566    -0.00053994   0.00780643
  0.03483304   0.00503361    -0.01245882  -0.00619331     0.00209904  -0.00489039
  0.00054765   0.00329172     0.00396399  -0.00402658    -0.01489272  -0.00307734
    2    6
 -0.00420502  -0.02260155    -0.00206009  -0.00213400    -0.00492957  -0.03966478
 -0.01183256  -0.00519927     0.00539305  -0.00281893    -0.00646766  -0.00479930
  0.00455026  -0.03039760    -0.00997288   0.00122738     0.00961579  -0.01470106
    2    7
 -0.01735740  -0.00626359    -0.00053994  -0.00780643     0.01405394   0.00968566
  0.00054765  -0.00329172    -0.01489272   0.00307734     0.00396399   0.00402658
  0.03483304  -0.00503361     0.00209904   0.00489039    -0.01245882   0.00619331
    3    1
  0.00103237  -0.00249236     0.00949757   0.00900595    -0.01308397  -0.00034762
 -0.00945602   0.00659600    -0.00663802   0.00431034     0.00209077  -0.00513063
  0.00202234   0.01135049     0.00214951  -0.00510630     0.00164592   0.00774166
    3    2
  0.00377096  -0.00000000     0.00385777  -0.00158756     0.00385777   0.00158756
  0.00385777  -0.00158756    -0.00214954  -0.01711368    -0.00707357   0.00000000
  0.00385777   0.00158756    -0.00707357   0.00000000    -0.00214954   0.01711368
    3    3
  0.07259779   0.00000000     0.00288052  -0.01465096     0.00288052   0.01465096
  0.00288052   0.01465096     0.04969361   0.00000000     0.00454587   0.00349903
  0.00288052  -0.01465096     0.00454587  -0.00349903     0.04969361  -0.00000000
    3    4
 -0.01735740  -0.00626359     0.01405394   0.00968566    -0.00053994  -0.00780643
  0.03483304  -0.00503361    -0.01245882   0.00619331     0.00209904   0.00489039
  0.00054765  -0.00329172     0.00396399   0.00402658    -0.01489272   0.00307734
    3    5
 -0.00420502  -0.02260155    -0.00492957  -0.03966478    -0.00206009  -0.00213400
  0.00455026  -0.03039760     0.00961579  -0.01470106    -0.00997288   0.00122738
 -0.01183256  -0.00519927    -0.00646766  -0.00479930     0.00539305  -0.00281893
    3    6
 -0.01735740   0.00626359    -0.00053994   0.00780643     0.01405394  -0.00968566
  0.00054765   0.00329172    -0.01489272  -0.00307734     0.00396399  -0.00402658
  0.03483304   0.00503361     0.00209904  -0.00489039    -0.01245882  -0.00619331
    3    7
 -0.00420502   0.02260155    -0.00206009   0.00213400    -0.00492957   0.03966478
 -0.01183256   0.00519927     0.00539305   0.00281893    -0.00646766   0.00479930
  0.00455026   0.03039760    -0.00997288  -0.00122738     0.00961579   0.01470106
    4    1
 -0.00176393   0.00240070    -0.01201627   0.01032483    -0.00158013  -0.00440712
  0.00294478   0.00320716     0.01419551   0.00898608     0.00817035  -0.00252965
 -0.00450945  -0.00672317     0.00571598   0.00472790     0.01036228  -0.00590013
    4    2
 -0.00420502  -0.02260155     0.00455026  -0.03039760    -0.01183256  -0.00519927
 -0.00492957  -0.03966478     0.00961579  -0.01470106    -0.00646766  -0.00479930
 -0.00206009  -0.00213400    -0.00997288   0.00122738     0.00539305  -0.00281893
    4    3
 -0.01735740   0.00626359     0.03483304   0.00503361     0.00054765   0.00329172
  0.01405394  -0.00968566    -0.01245882  -0.00619331     0.00396399  -0.00402658
 -0.00053994   0.00780643     0.00209904  -0.00489039    -0.01489272  -0.00307734
    4    4
  0.05387793   0.00000000     0.00481272  -0.00004533    -0.00139291   0.00313026
  0.00481272   0.00004533     0.05604252  -0.00000000     0.00061727   0.00553104
 -0.00139291  -0.00313026     0.00061727  -0.00553104     0.04481056  -0.00000000
    4    5
  0.00967433  -0.01606402     0.00097274   0.00042089    -0.00708049  -0.00312619
  0.00097274   0.00042089    -0.00857412  -0.00317417     0.00570810  -0.00350185
 -0.00708049  -0.00312619     0.00570810  -0.00350185    -0.01183962   0.01159600
    4    6
 -0.00362867   0.00798520    -0.00758527  -0.00622979    -0.01110239   0.00395559
 -0.01110239   0.00395559    -0.00525006   0.00723957    -0.02971579   0.01239327
 -0.00758527  -0.00622979    -0.02138615   0.02235132    -0.00525006   0.00723957
    4    7
 -0.00976865  -0.00000000    -0.00082838   0.00999256     0.00102828  -0.00669677
  0.00102828   0.00669677    -0.01596737   0.00580205     0.01732143   0.00000000
 -0.00082838  -0.00999256     0.02554173   0.00000000    -0.01596737  -0.00580205
    5    1
 -0.00045026   0.00294484     0.00119603   0.01579754     0.00423363  -0.00199898
 -0.00435008   0.00018553    -0.01639186  -0.00368362    -0.00398858  -0.00756605
  0.00794266  -0.00156533    -0.00738494  -0.00069868    -0.00315522  -0.01149926
    5    2
 -0.01735740  -0.00626359     0.03483304  -0.00503361     0.00054765  -0.00329172
  0.01405394   0.00968566    -0.01245882   0.00619331     0.00396399   0.00402658
 -0.00053994  -0.00780643     0.00209904   0.00489039    -0.01489272   0.00307734
    5    3
 -0.00420502   0.02260155     0.00455026   0.03039760    -0.01183256   0.00519927
 -0.00492957   0.03966478     0.00961579   0.01470106    -0.00646766   0.00479930
 -0.00206009   0.00213400    -0.00997288  -0.00122738     0.00539305   0.00281893
    5    4
  0.00967433   0.01606402     0.00097274  -0.00042089    -0.00708049   0.00312619
  0.00097274  -0.00042089    -0.00857412   0.00317417     0.00570810   0.00350185
 -0.00708049   0.00312619     0.00570810   0.00350185    -0.01183962  -0.01159600
    5    5
  0.05387793  -0.00000000     0.00481272   0.00004533    -0.00139291  -0.00313026
  0.00481272  -0.00004533     0.05604252   0.00000000     0.00061727  -0.00553104
 -0.00139291   0.00313026     0.00061727   0.00553104     0.04481056   0.00000000
    5    6
 -0.00976865  -0.00000000    -0.00082838  -0.00999256     0.00102828   0.00669677
  0.00102828  -0.00669677    -0.01596737  -0.00580205     0.01732143   0.00000000
 -0.00082838   0.00999256     0.02554173   0.00000000    -0.01596737   0.00580205
    5    7
 -0.00362867  -0.00798520    -0.00758527   0.00622979    -0.01110239  -0.00395559
 -0.01110239  -0.00395559    -0.00525006  -0.00723957    -0.02971579  -0.01239327
 -0.00758527   0.00622979    -0.02138615  -0.02235132    -0.00525006  -0.00723957
    6    1
 -0.00045026   0.00294484     0.00423363  -0.00199898     0.00119603   0.01579754
  0.00794266  -0.00156533    -0.00315522  -0.01149926    -0.00738494  -0.00069868
 -0.00435008   0.00018553    -0.00398858  -0.00756605    -0.01639186  -0.00368362
    6    2
 -0.00420502   0.02260155    -0.01183256   0.00519927     0.00455026   0.03039760
 -0.00206009   0.00213400     0.00539305   0.00281893    -0.00997288  -0.00122738
 -0.00492957   0.03966478    -0.00646766   0.00479930     0.00961579   0.01470106
    6    3
 -0.01735740  -0.00626359     0.00054765  -0.00329172     0.03483304  -0.00503361
 -0.00053994  -0.00780643    -0.01489272   0.00307734     0.00209904   0.00489039
  0.01405394   0.00968566     0.00396399   0.00402658    -0.01245882   0.00619331
    6    4
 -0.00362867  -0.00798520    -0.01110239  -0.00395559    -0.00758527   0.00622979
 -0.00758527   0.00622979    -0.00525006  -0.00723957    -0.02138615  -0.02235132
 -0.01110239  -0.00395559    -0.02971579  -0.01239327    -0.00525006  -0.00723957
    6    5
 -0.00976865   0.00000000     0.00102828   0.00669677    -0.00082838  -0.00999256
 -0.00082838   0.00999256    -0.01596737   0.00580205     0.02554173  -0.00000000
  0.00102828  -0.00669677     0.01732143  -0.00000000    -0.01596737  -0.00580205
    6    6
  0.05387793  -0.00000000    -0.00139291  -0.00313026     0.00481272   0.00004533
 -0.00139291   0.00313026     0.04481056  -0.00000000     0.00061727   0.00553104
  0.00481272  -0.00004533     0.00061727  -0.00553104     0.05604252  -0.00000000
    6    7
  0.00967433   0.01606402    -0.00708049   0.00312619     0.00097274  -0.00042089
 -0.00708049   0.00312619    -0.01183962  -0.01159600     0.00570810   0.00350185
  0.00097274  -0.00042089     0.00570810   0.00350185    -0.00857412   0.00317417
    7    1
 -0.00176393   0.00240070    -0.00158013  -0.00440712    -0.01201627   0.01032483
 -0.00450945  -0.00672317     0.01036228  -0.00590013     0.00571598   0.00472790
  0.00294478   0.00320716     0.00817035  -0.00252965     0.01419551   0.00898608
    7    2
 -0.01735740   0.00626359     0.00054765   0.00329172     0.03483304   0.00503361
 -0.00053994   0.00780643    -0.01489272  -0.00307734     0.00209904  -0.00489039
  0.01405394  -0.00968566     0.00396399  -0.00402658    -0.01245882  -0.00619331
    7    3
 -0.00420502  -0.02260155    -0.01183256  -0.00519927     0.00455026  -0.03039760
 -0.00206009  -0.00213400     0.00539305  -0.00281893    -0.00997288   0.00122738
 -0.00492957  -0.03966478    -0.00646766  -0.00479930     0.00961579  -0.01470106
    7    4
 -0.00976865   0.00000000     0.00102828  -0.00669677    -0.00082838   0.00999256
 -0.00082838  -0.00999256    -0.01596737  -0.00580205     0.02554173  -0.00000000
  0.00102828   0.00669677     0.01732143  -0.00000000    -0.01596737   0.00580205
    7    5
 -0.00362867   0.00798520    -0.01110239   0.00395559    -0.00758527  -0.00622979
 -0.00758527  -0.00622979    -0.00525006   0.00723957    -0.02138615   0.02235132
 -0.01110239   0.00395559    -0.02971579   0.01239327    -0.00525006   0.00723957
    7    6
  0.00967433  -0.01606402    -0.00708049  -0.00312619     0.00097274   0.00042089
 -0.00708049  -0.00312619    -0.01183962   0.01159600     0.00570810  -0.00350185
  0.00097274   0.00042089     0.00570810  -0.00350185    -0.00857412  -0.00317417
    7    7
  0.05387793   0.00000000    -0.00139291   0.00313026     0.00481272  -0.00004533
 -0.00139291  -0.00313026     0.04481056   0.00000000     0.00061727  -0.00553104
  0.00481272   0.00004533     0.00061727   0.00553104     0.05604252   0.00000000

     Dynamical  Matrix in cartesian axes

     q = (   -0.433012700   0.324759500  -0.324759500 ) 

    1    1
  0.07283242   0.00000000     0.01032615  -0.00000000    -0.01032615   0.00000000
  0.01032615  -0.00000000     0.07245422   0.00000000    -0.01221271  -0.00000000
 -0.01032615   0.00000000    -0.01221271  -0.00000000     0.07245422   0.00000000
    1    2
  0.00103237  -0.00249236    -0.00202234  -0.01135049    -0.00945602   0.00659600
  0.01308397   0.00034762     0.00164592   0.00774166    -0.00209077   0.00513063
  0.00949757   0.00900595    -0.00214951   0.00510630    -0.00663802   0.00431034
    1    3
 -0.00249236   0.00103237    -0.01135049  -0.00202234     0.00659600  -0.00945602
  0.00034762   0.01308397     0.00774166   0.00164592     0.00513063  -0.00209077
  0.00900595   0.00949757     0.00510630  -0.00214951     0.00431034  -0.00663802
    1    4
  0.00176393   0.00240070     0.00294478  -0.00320716     0.00450945  -0.00672317
 -0.01201627  -0.01032483    -0.01419551   0.00898608     0.00571598  -0.00472790
  0.00158013  -0.00440712     0.00817035   0.00252965    -0.01036228  -0.00590013
    1    5
  0.00240070   0.00176393    -0.00320716   0.00294478    -0.00672317   0.00450945
 -0.01032483  -0.01201627     0.00898608  -0.01419551    -0.00472790   0.00571598
 -0.00440712   0.00158013     0.00252965   0.00817035    -0.00590013  -0.01036228
    1    6
  0.00240070  -0.00176393     0.00672317   0.00450945     0.00320716   0.00294478
  0.00440712   0.00158013    -0.00590013   0.01036228     0.00252965  -0.00817035
  0.01032483  -0.01201627    -0.00472790  -0.00571598     0.00898608   0.01419551
    1    7
 -0.00176393   0.00240070     0.00450945   0.00672317     0.00294478   0.00320716
  0.00158013   0.00440712     0.01036228  -0.00590013    -0.00817035   0.00252965
 -0.01201627   0.01032483    -0.00571598  -0.00472790     0.01419551   0.00898608
    2    1
  0.00103237   0.00249236     0.01308397  -0.00034762     0.00949757  -0.00900595
 -0.00202234   0.01135049     0.00164592  -0.00774166    -0.00214951  -0.00510630
 -0.00945602  -0.00659600    -0.00209077  -0.00513063    -0.00663802  -0.00431034
    2    2
  0.07259779  -0.00000000    -0.00288052   0.01465096     0.00288052   0.01465096
 -0.00288052  -0.01465096     0.04969361   0.00000000    -0.00454587  -0.00349903
  0.00288052  -0.01465096    -0.00454587   0.00349903     0.04969361  -0.00000000
    2    3
 -0.00266647  -0.00266647     0.00385043   0.00160528    -0.00160528  -0.00385043
  0.00385043   0.00160528    -0.01058125   0.01362115    -0.00500177  -0.00500177
 -0.00160528  -0.00385043    -0.00500177  -0.00500177     0.01362116  -0.01058125
    2    4
 -0.01670257   0.00784450    -0.01678643   0.00308884    -0.00590177  -0.00513819
 -0.02107139   0.02818997    -0.00443039   0.01318905    -0.00494227  -0.00197378
 -0.00194035  -0.00271484    -0.00565019  -0.00004426    -0.00835474   0.01270675
    2    5
 -0.02260155   0.00420502     0.03966478  -0.00492957    -0.00213400   0.00206009
  0.03039760   0.00455026    -0.01470106  -0.00961579    -0.00122738  -0.00997288
 -0.00519927   0.01183256     0.00479930  -0.00646766    -0.00281893  -0.00539305
    2    6
  0.01895511  -0.01300831    -0.00296567   0.00005226     0.03153297  -0.02456149
 -0.01204332  -0.00469045    -0.00182018  -0.00580675    -0.00796695  -0.00117971
  0.01827683  -0.02471187    -0.00618401  -0.00791978     0.00359583  -0.01719461
    2    7
 -0.01735740   0.00626359     0.00053994  -0.00780643     0.01405394  -0.00968566
 -0.00054765  -0.00329172    -0.01489272  -0.00307734    -0.00396399   0.00402658
  0.03483304   0.00503361    -0.00209904   0.00489039    -0.01245882  -0.00619331
    3    1
 -0.00249236  -0.00103237     0.00034762  -0.01308397     0.00900595  -0.00949757
 -0.01135049   0.00202234     0.00774166  -0.00164592     0.00510630   0.00214951
  0.00659600   0.00945602     0.00513063   0.00209077     0.00431034   0.00663802
    3    2
 -0.00266647   0.00266647     0.00385043  -0.00160528    -0.00160528   0.00385043
  0.00385043  -0.00160528    -0.01058125  -0.01362115    -0.00500177   0.00500177
 -0.00160528   0.00385043    -0.00500177   0.00500177     0.01362116   0.01058125
    3    3
  0.07259779  -0.00000000    -0.00288052  -0.01465096     0.00288052  -0.01465096
 -0.00288052   0.01465096     0.04969361   0.00000000    -0.00454587   0.00349903
  0.00288052   0.01465096    -0.00454587  -0.00349903     0.04969361  -0.00000000
    3    4
 -0.02260155  -0.00420502     0.03966478   0.00492957    -0.00213400  -0.00206009
  0.03039760  -0.00455026    -0.01470106   0.00961579    -0.00122738   0.00997288
 -0.00519927  -0.01183256     0.00479930   0.00646766    -0.00281893   0.00539305
    3    5
 -0.01670257  -0.00784450    -0.01678643  -0.00308884    -0.00590177   0.00513819
 -0.02107139  -0.02818997    -0.00443039  -0.01318905    -0.00494227   0.00197378
 -0.00194035   0.00271484    -0.00565019   0.00004426    -0.00835474  -0.01270675
    3    6
 -0.01735740  -0.00626359     0.00053994   0.00780643     0.01405394   0.00968566
 -0.00054765   0.00329172    -0.01489272   0.00307734    -0.00396399  -0.00402658
  0.03483304  -0.00503361    -0.00209904  -0.00489039    -0.01245882   0.00619331
    3    7
  0.01895511   0.01300831    -0.00296567  -0.00005226     0.03153297   0.02456149
 -0.01204332   0.00469045    -0.00182018   0.00580675    -0.00796695   0.00117971
  0.01827683   0.02471187    -0.00618401   0.00791978     0.00359583   0.01719461
    4    1
  0.00176393  -0.00240070    -0.01201627   0.01032483     0.00158013   0.00440712
  0.00294478   0.00320716    -0.01419551  -0.00898608     0.00817035  -0.00252965
  0.00450945   0.00672317     0.00571598   0.00472790    -0.01036228   0.00590013
    4    2
 -0.01670257  -0.00784450    -0.02107139  -0.02818997    -0.00194035   0.00271484
 -0.01678643  -0.00308884    -0.00443039  -0.01318905    -0.00565019   0.00004426
 -0.00590177   0.00513819    -0.00494227   0.00197378    -0.00835474  -0.01270675
    4    3
 -0.02260155   0.00420502     0.03039760   0.00455026    -0.00519927   0.01183256
  0.03966478  -0.00492957    -0.01470106  -0.00961579     0.00479930  -0.00646766
 -0.00213400   0.00206009    -0.00122738  -0.00997288    -0.00281893  -0.00539305
    4    4
  0.05387793   0.00000000    -0.00481272   0.00004533    -0.00139291   0.00313026
 -0.00481272  -0.00004533     0.05604252   0.00000000    -0.00061727  -0.00553104
 -0.00139291  -0.00313026    -0.00061727   0.00553104     0.04481056   0.00000000
    4    5
 -0.00451820  -0.01819977    -0.00098545   0.00039022    -0.00721721   0.00279612
 -0.00098545   0.00039022    -0.00830729   0.00381834    -0.00156005   0.00651242
 -0.00721721   0.00279612    -0.00156005   0.00651242    -0.00017226   0.01657149
    4    6
 -0.00000000   0.00976865    -0.00999256  -0.00082838    -0.00669677  -0.00102828
 -0.00669677   0.00102828     0.00580205   0.01596737    -0.00000000   0.01732143
 -0.00999256   0.00082838    -0.00000000   0.02554173    -0.00580205   0.01596737
    4    7
 -0.00821225   0.00308054     0.00095847   0.00976872    -0.01064760  -0.00505355
  0.01064760   0.00505355    -0.00883150   0.00140680     0.02977560   0.01224886
 -0.00095847  -0.00976872     0.03092706  -0.00068248    -0.00883150   0.00140680
    5    1
  0.00240070  -0.00176393    -0.01032483   0.01201627    -0.00440712  -0.00158013
 -0.00320716  -0.00294478     0.00898608   0.01419551     0.00252965  -0.00817035
 -0.00672317  -0.00450945    -0.00472790  -0.00571598    -0.00590013   0.01036228
    5    2
 -0.02260155  -0.00420502     0.03039760  -0.00455026    -0.00519927  -0.01183256
  0.03966478   0.00492957    -0.01470106   0.00961579     0.00479930   0.00646766
 -0.00213400  -0.00206009    -0.00122738   0.00997288    -0.00281893   0.00539305
    5    3
 -0.01670257   0.00784450    -0.02107139   0.02818997    -0.00194035  -0.00271484
 -0.01678643   0.00308884    -0.00443039   0.01318905    -0.00565019  -0.00004426
 -0.00590177  -0.00513819    -0.00494227  -0.00197378    -0.00835474   0.01270675
    5    4
 -0.00451820   0.01819977    -0.00098545  -0.00039022    -0.00721721  -0.00279612
 -0.00098545  -0.00039022    -0.00830729  -0.00381834    -0.00156005  -0.00651242
 -0.00721721  -0.00279612    -0.00156005  -0.00651242    -0.00017226  -0.01657149
    5    5
  0.05387793  -0.00000000    -0.00481272  -0.00004533    -0.00139291  -0.00313026
 -0.00481272   0.00004533     0.05604252  -0.00000000    -0.00061727   0.00553104
 -0.00139291   0.00313026    -0.00061727  -0.00553104     0.04481056  -0.00000000
    5    6
 -0.00821225  -0.00308054     0.00095847  -0.00976872    -0.01064760   0.00505355
  0.01064760  -0.00505355    -0.00883150  -0.00140680     0.02977560  -0.01224886
 -0.00095847   0.00976872     0.03092706   0.00068248    -0.00883150  -0.00140680
    5    7
 -0.00000000  -0.00976865    -0.00999256   0.00082838    -0.00669677   0.00102828
 -0.00669677  -0.00102828     0.00580205  -0.01596737    -0.00000000  -0.01732143
 -0.00999256  -0.00082838    -0.00000000  -0.02554173    -0.00580205  -0.01596737
    6    1
  0.00240070   0.00176393     0.00440712  -0.00158013     0.01032483   0.01201627
  0.00672317  -0.00450945    -0.00590013  -0.01036228    -0.00472790   0.00571598
  0.00320716  -0.00294478     0.00252965   0.00817035     0.00898608  -0.01419551
    6    2
  0.01895511   0.01300831    -0.01204332   0.00469045     0.01827683   0.02471187
 -0.00296567  -0.00005226    -0.00182018   0.00580675    -0.00618401   0.00791978
  0.03153297   0.02456149    -0.00796695   0.00117971     0.00359583   0.01719461
    6    3
 -0.01735740   0.00626359    -0.00054765  -0.00329172     0.03483304   0.00503361
  0.00053994  -0.00780643    -0.01489272  -0.00307734    -0.00209904   0.00489039
  0.01405394  -0.00968566    -0.00396399   0.00402658    -0.01245882  -0.00619331
    6    4
 -0.00000000  -0.00976865    -0.00669677  -0.00102828    -0.00999256  -0.00082838
 -0.00999256   0.00082838     0.00580205  -0.01596737    -0.00000000  -0.02554173
 -0.00669677   0.00102828    -0.00000000  -0.01732143    -0.00580205  -0.01596737
    6    5
 -0.00821225   0.00308054     0.01064760   0.00505355    -0.00095847  -0.00976872
  0.00095847   0.00976872    -0.00883150   0.00140680     0.03092706  -0.00068248
 -0.01064760  -0.00505355     0.02977560   0.01224886    -0.00883150   0.00140680
    6    6
  0.05387793   0.00000000     0.00139291  -0.00313026     0.00481272  -0.00004533
  0.00139291   0.00313026     0.04481056   0.00000000    -0.00061727   0.00553104
  0.00481272   0.00004533    -0.00061727  -0.00553104     0.05604252   0.00000000
    6    7
  0.00451820   0.01819977    -0.00721721   0.00279612    -0.00098545   0.00039022
 -0.00721721   0.00279612     0.00017226  -0.01657149     0.00156005  -0.00651242
 -0.00098545   0.00039022     0.00156005  -0.00651242     0.00830729  -0.00381834
    7    1
 -0.00176393  -0.00240070     0.00158013  -0.00440712    -0.01201627  -0.01032483
  0.00450945  -0.00672317     0.01036228   0.00590013    -0.00571598   0.00472790
  0.00294478  -0.00320716    -0.00817035  -0.00252965     0.01419551  -0.00898608
    7    2
 -0.01735740  -0.00626359    -0.00054765   0.00329172     0.03483304  -0.00503361
  0.00053994   0.00780643    -0.01489272   0.00307734    -0.00209904  -0.00489039
  0.01405394   0.00968566    -0.00396399  -0.00402658    -0.01245882   0.00619331
    7    3
  0.01895511  -0.01300831    -0.01204332  -0.00469045     0.01827683  -0.02471187
 -0.00296567   0.00005226    -0.00182018  -0.00580675    -0.00618401  -0.00791978
  0.03153297  -0.02456149    -0.00796695  -0.00117971     0.00359583  -0.01719461
    7    4
 -0.00821225  -0.00308054     0.01064760  -0.00505355    -0.00095847   0.00976872
  0.00095847  -0.00976872    -0.00883150  -0.00140680     0.03092706   0.00068248
 -0.01064760   0.00505355     0.02977560  -0.01224886    -0.00883150  -0.00140680
    7    5
 -0.00000000   0.00976865    -0.00669677   0.00102828    -0.00999256   0.00082838
 -0.00999256  -0.00082838     0.00580205   0.01596737    -0.00000000   0.02554173
 -0.00669677  -0.00102828    -0.00000000   0.01732143    -0.00580205   0.01596737
    7    6
  0.00451820  -0.01819977    -0.00721721  -0.00279612    -0.00098545  -0.00039022
 -0.00721721  -0.00279612     0.00017226   0.01657149     0.00156005   0.00651242
 -0.00098545  -0.00039022     0.00156005   0.00651242     0.00830729   0.00381834
    7    7
  0.05387793  -0.00000000     0.00139291   0.00313026     0.00481272   0.00004533
  0.00139291  -0.00313026     0.04481056  -0.00000000    -0.00061727  -0.00553104
  0.00481272  -0.00004533    -0.00061727   0.00553104     0.05604252  -0.00000000

     Dynamical  Matrix in cartesian axes

     q = (    0.433012700  -0.324759500  -0.324759500 ) 

    1    1
  0.07283242   0.00000000     0.01032615  -0.00000000     0.01032615  -0.00000000
  0.01032615  -0.00000000     0.07245422   0.00000000     0.01221271   0.00000000
  0.01032615  -0.00000000     0.01221271   0.00000000     0.07245422   0.00000000
    1    2
 -0.00249236  -0.00103237    -0.00659600  -0.00945602    -0.01135049   0.00202234
 -0.00900595   0.00949757     0.00431034   0.00663802    -0.00510630  -0.00214951
  0.00034762  -0.01308397    -0.00513063  -0.00209077     0.00774166  -0.00164592
    1    3
 -0.00249236  -0.00103237    -0.01135049   0.00202234    -0.00659600  -0.00945602
  0.00034762  -0.01308397     0.00774166  -0.00164592    -0.00513063  -0.00209077
 -0.00900595   0.00949757    -0.00510630  -0.00214951     0.00431034   0.00663802
    1    4
  0.00176393  -0.00240070     0.00294478   0.00320716    -0.00450945  -0.00672317
 -0.01201627   0.01032483    -0.01419551  -0.00898608    -0.00571598  -0.00472790
 -0.00158013  -0.00440712    -0.00817035   0.00252965    -0.01036228   0.00590013
    1    5
 -0.00045026   0.00294484     0.00435008  -0.00018553    -0.00794266   0.00156533
 -0.00119603  -0.01579754    -0.01639186  -0.00368362    -0.00738494  -0.00069868
 -0.00423363   0.00199898    -0.00398858  -0.00756605    -0.00315522  -0.01149926
    1    6
 -0.00045026   0.00294484    -0.00794266   0.00156533     0.00435008  -0.00018553
 -0.00423363   0.00199898    -0.00315522  -0.01149926    -0.00398858  -0.00756605
 -0.00119603  -0.01579754    -0.00738494  -0.00069868    -0.01639186  -0.00368362
    1    7
  0.00176393  -0.00240070    -0.00450945  -0.00672317     0.00294478   0.00320716
 -0.00158013  -0.00440712    -0.01036228   0.00590013    -0.00817035   0.00252965
 -0.01201627   0.01032483    -0.00571598  -0.00472790    -0.01419551  -0.00898608
    2    1
 -0.00249236   0.00103237    -0.00900595  -0.00949757     0.00034762   0.01308397
 -0.00659600   0.00945602     0.00431034  -0.00663802    -0.00513063   0.00209077
 -0.01135049  -0.00202234    -0.00510630   0.00214951     0.00774166   0.00164592
    2    2
  0.07259779  -0.00000000    -0.00288052  -0.01465096    -0.00288052   0.01465096
 -0.00288052   0.01465096     0.04969361  -0.00000000     0.00454587  -0.00349903
 -0.00288052  -0.01465096     0.00454587   0.00349903     0.04969361   0.00000000
    2    3
  0.00377096   0.00000000    -0.00385777  -0.00158756    -0.00385777   0.00158756
 -0.00385777  -0.00158756    -0.00214954   0.01711368    -0.00707357  -0.00000000
 -0.00385777   0.00158756    -0.00707357  -0.00000000    -0.00214954  -0.01711368
    2    4
  0.00626359   0.01735740     0.00968566   0.01405394    -0.00780643  -0.00053994
 -0.00503361   0.03483304    -0.00619331   0.01245882    -0.00489039  -0.00209904
 -0.00329172   0.00054765    -0.00402658  -0.00396399    -0.00307734   0.01489272
    2    5
 -0.02260155  -0.00420502     0.03966478   0.00492957     0.00213400   0.00206009
  0.03039760  -0.00455026    -0.01470106   0.00961579     0.00122738  -0.00997288
  0.00519927   0.01183256    -0.00479930  -0.00646766    -0.00281893   0.00539305
    2    6
  0.00626359  -0.01735740    -0.00780643   0.00053994     0.00968566  -0.01405394
 -0.00329172  -0.00054765    -0.00307734  -0.01489272    -0.00402658   0.00396399
 -0.00503361  -0.03483304    -0.00489039   0.00209904    -0.00619331  -0.01245882
    2    7
 -0.02260155   0.00420502     0.00213400  -0.00206009     0.03966478  -0.00492957
  0.00519927  -0.01183256    -0.00281893  -0.00539305    -0.00479930   0.00646766
  0.03039760   0.00455026     0.00122738   0.00997288    -0.01470106  -0.00961579
    3    1
 -0.00249236   0.00103237     0.00034762   0.01308397    -0.00900595  -0.00949757
 -0.01135049  -0.00202234     0.00774166   0.00164592    -0.00510630   0.00214951
 -0.00659600   0.00945602    -0.00513063   0.00209077     0.00431034  -0.00663802
    3    2
  0.00377096  -0.00000000    -0.00385777   0.00158756    -0.00385777  -0.00158756
 -0.00385777   0.00158756    -0.00214954  -0.01711368    -0.00707357   0.00000000
 -0.00385777  -0.00158756    -0.00707357   0.00000000    -0.00214954   0.01711368
    3    3
  0.07259779   0.00000000    -0.00288052   0.01465096    -0.00288052  -0.01465096
 -0.00288052  -0.01465096     0.04969361   0.00000000     0.00454587   0.00349903
 -0.00288052   0.01465096     0.00454587  -0.00349903     0.04969361  -0.00000000
    3    4
 -0.02260155   0.00420502     0.03966478  -0.00492957     0.00213400  -0.00206009
  0.03039760   0.00455026    -0.01470106  -0.00961579     0.00122738   0.00997288
  0.00519927  -0.01183256    -0.00479930   0.00646766    -0.00281893  -0.00539305
    3    5
  0.00626359  -0.01735740     0.00968566  -0.01405394    -0.00780643   0.00053994
 -0.00503361  -0.03483304    -0.00619331  -0.01245882    -0.00489039   0.00209904
 -0.00329172  -0.00054765    -0.00402658   0.00396399    -0.00307734  -0.01489272
    3    6
 -0.02260155  -0.00420502     0.00213400   0.00206009     0.03966478   0.00492957
  0.00519927   0.01183256    -0.00281893   0.00539305    -0.00479930  -0.00646766
  0.03039760  -0.00455026     0.00122738  -0.00997288    -0.01470106   0.00961579
    3    7
  0.00626359   0.01735740    -0.00780643  -0.00053994     0.00968566   0.01405394
 -0.00329172   0.00054765    -0.00307734   0.01489272    -0.00402658  -0.00396399
 -0.00503361   0.03483304    -0.00489039  -0.00209904    -0.00619331   0.01245882
    4    1
  0.00176393   0.00240070    -0.01201627  -0.01032483    -0.00158013   0.00440712
  0.00294478  -0.00320716    -0.01419551   0.00898608    -0.00817035  -0.00252965
 -0.00450945   0.00672317    -0.00571598   0.00472790    -0.01036228  -0.00590013
    4    2
  0.00626359  -0.01735740    -0.00503361  -0.03483304    -0.00329172  -0.00054765
  0.00968566  -0.01405394    -0.00619331  -0.01245882    -0.00402658   0.00396399
 -0.00780643   0.00053994    -0.00489039   0.00209904    -0.00307734  -0.01489272
    4    3
 -0.02260155  -0.00420502     0.03039760  -0.00455026     0.00519927   0.01183256
  0.03966478   0.00492957    -0.01470106   0.00961579    -0.00479930  -0.00646766
  0.00213400   0.00206009     0.00122738  -0.00997288    -0.00281893   0.00539305
    4    4
  0.05387793  -0.00000000    -0.00481272  -0.00004533     0.00139291   0.00313026
 -0.00481272   0.00004533     0.05604252  -0.00000000     0.00061727  -0.00553104
  0.00139291  -0.00313026     0.00061727   0.00553104     0.04481056  -0.00000000
    4    5
 -0.00967433  -0.01606402     0.00097274  -0.00042089    -0.00708049   0.00312619
  0.00097274  -0.00042089     0.00857412  -0.00317417    -0.00570810  -0.00350185
 -0.00708049   0.00312619    -0.00570810  -0.00350185     0.01183962   0.01159600
    4    6
  0.00362867   0.00798520    -0.00758527   0.00622979    -0.01110239  -0.00395559
 -0.01110239  -0.00395559     0.00525006   0.00723957     0.02971579   0.01239327
 -0.00758527   0.00622979     0.02138615   0.02235131     0.00525006   0.00723957
    4    7
 -0.00976865   0.00000000     0.00082838   0.00999256    -0.00102828  -0.00669677
 -0.00102828   0.00669677    -0.01596737  -0.00580205     0.01732143  -0.00000000
  0.00082838  -0.00999256     0.02554173  -0.00000000    -0.01596737   0.00580205
    5    1
 -0.00045026  -0.00294484    -0.00119603   0.01579754    -0.00423363  -0.00199898
  0.00435008   0.00018553    -0.01639186   0.00368362    -0.00398858   0.00756605
 -0.00794266  -0.00156533    -0.00738494   0.00069868    -0.00315522   0.01149926
    5    2
 -0.02260155   0.00420502     0.03039760   0.00455026     0.00519927  -0.01183256
  0.03966478  -0.00492957    -0.01470106  -0.00961579    -0.00479930   0.00646766
  0.00213400  -0.00206009     0.00122738   0.00997288    -0.00281893  -0.00539305
    5    3
  0.00626359   0.01735740    -0.00503361   0.03483304    -0.00329172   0.00054765
  0.00968566   0.01405394    -0.00619331   0.01245882    -0.00402658  -0.00396399
 -0.00780643  -0.00053994    -0.00489039  -0.00209904    -0.00307734   0.01489272
    5    4
 -0.00967433   0.01606402     0.00097274   0.00042089    -0.00708049  -0.00312619
  0.00097274   0.00042089     0.00857412   0.00317417    -0.00570810   0.00350185
 -0.00708049  -0.00312619    -0.00570810   0.00350185     0.01183962  -0.01159600
    5    5
  0.05387793   0.00000000    -0.00481272   0.00004533     0.00139291  -0.00313026
 -0.00481272  -0.00004533     0.05604252   0.00000000     0.00061727   0.00553104
  0.00139291   0.00313026     0.00061727  -0.00553104     0.04481056   0.00000000
    5    6
 -0.00976865   0.00000000     0.00082838  -0.00999256    -0.00102828   0.00669677
 -0.00102828  -0.00669677    -0.01596737   0.00580205     0.01732143  -0.00000000
  0.00082838   0.00999256     0.02554173  -0.00000000    -0.01596737  -0.00580205
    5    7
  0.00362867  -0.00798520    -0.00758527  -0.00622979    -0.01110239   0.00395559
 -0.01110239   0.00395559     0.00525006  -0.00723957     0.02971579  -0.01239327
 -0.00758527  -0.00622979     0.02138615  -0.02235131     0.00525006  -0.00723957
    6    1
 -0.00045026  -0.00294484    -0.00423363  -0.00199898    -0.00119603   0.01579754
 -0.00794266  -0.00156533    -0.00315522   0.01149926    -0.00738494   0.00069868
  0.00435008   0.00018553    -0.00398858   0.00756605    -0.01639186   0.00368362
    6    2
  0.00626359   0.01735740    -0.00329172   0.00054765    -0.00503361   0.03483304
 -0.00780643  -0.00053994    -0.00307734   0.01489272    -0.00489039  -0.00209904
  0.00968566   0.01405394    -0.00402658  -0.00396399    -0.00619331   0.01245882
    6    3
 -0.02260155   0.00420502     0.00519927  -0.01183256     0.03039760   0.00455026
  0.00213400  -0.00206009    -0.00281893  -0.00539305     0.00122738   0.00997288
  0.03966478  -0.00492957    -0.00479930   0.00646766    -0.01470106  -0.00961579
    6    4
  0.00362867  -0.00798520    -0.01110239   0.00395559    -0.00758527  -0.00622979
 -0.00758527  -0.00622979     0.00525006  -0.00723957     0.02138615  -0.02235131
 -0.01110239   0.00395559     0.02971579  -0.01239327     0.00525006  -0.00723957
    6    5
 -0.00976865  -0.00000000    -0.00102828   0.00669677     0.00082838  -0.00999256
  0.00082838   0.00999256    -0.01596737  -0.00580205     0.02554173   0.00000000
 -0.00102828  -0.00669677     0.01732143   0.00000000    -0.01596737   0.00580205
    6    6
  0.05387793   0.00000000     0.00139291  -0.00313026    -0.00481272   0.00004533
  0.00139291   0.00313026     0.04481056  -0.00000000     0.00061727  -0.00553104
 -0.00481272  -0.00004533     0.00061727   0.00553104     0.05604252   0.00000000
    6    7
 -0.00967433   0.01606402    -0.00708049  -0.00312619     0.00097274   0.00042089
 -0.00708049  -0.00312619     0.01183962  -0.01159600    -0.00570810   0.00350185
  0.00097274   0.00042089    -0.00570810   0.00350185     0.00857412   0.00317417
    7    1
  0.00176393   0.00240070    -0.00158013   0.00440712    -0.01201627  -0.01032483
 -0.00450945   0.00672317    -0.01036228  -0.00590013    -0.00571598   0.00472790
  0.00294478  -0.00320716    -0.00817035  -0.00252965    -0.01419551   0.00898608
    7    2
 -0.02260155  -0.00420502     0.00519927   0.01183256     0.03039760  -0.00455026
  0.00213400   0.00206009    -0.00281893   0.00539305     0.00122738  -0.00997288
  0.03966478   0.00492957    -0.00479930  -0.00646766    -0.01470106   0.00961579
    7    3
  0.00626359  -0.01735740    -0.00329172  -0.00054765    -0.00503361  -0.03483304
 -0.00780643   0.00053994    -0.00307734  -0.01489272    -0.00489039   0.00209904
  0.00968566  -0.01405394    -0.00402658   0.00396399    -0.00619331  -0.01245882
    7    4
 -0.00976865  -0.00000000    -0.00102828  -0.00669677     0.00082838   0.00999256
  0.00082838  -0.00999256    -0.01596737   0.00580205     0.02554173   0.00000000
 -0.00102828   0.00669677     0.01732143   0.00000000    -0.01596737  -0.00580205
    7    5
  0.00362867   0.00798520    -0.01110239  -0.00395559    -0.00758527   0.00622979
 -0.00758527   0.00622979     0.00525006   0.00723957     0.02138615   0.02235131
 -0.01110239  -0.00395559     0.02971579   0.01239327     0.00525006   0.00723957
    7    6
 -0.00967433  -0.01606402    -0.00708049   0.00312619     0.00097274  -0.00042089
 -0.00708049   0.00312619     0.01183962   0.01159600    -0.00570810  -0.00350185
  0.00097274  -0.00042089    -0.00570810  -0.00350185     0.00857412  -0.00317417
    7    7
  0.05387793  -0.00000000     0.00139291   0.00313026    -0.00481272  -0.00004533
  0.00139291  -0.00313026     0.04481056   0.00000000     0.00061727   0.00553104
 -0.00481272   0.00004533     0.00061727  -0.00553104     0.05604252  -0.00000000

     Dynamical  Matrix in cartesian axes

     q = (    0.324759500   0.433012700  -0.324759500 ) 

    1    1
  0.07245422   0.00000000    -0.01032615   0.00000000    -0.01221271   0.00000000
 -0.01032615   0.00000000     0.07283242   0.00000000     0.01032615   0.00000000
 -0.01221271   0.00000000     0.01032615   0.00000000     0.07245422   0.00000000
    1    2
  0.00898608  -0.01419551     0.01032483   0.01201627    -0.00472790   0.00571598
  0.00320716  -0.00294478     0.00240070   0.00176393     0.00672317  -0.00450945
  0.00252965   0.00817035     0.00440712  -0.00158013    -0.00590013  -0.01036228
    1    3
  0.01419551  -0.00898608    -0.01201627  -0.01032483    -0.00571598   0.00472790
  0.00294478  -0.00320716    -0.00176393  -0.00240070     0.00450945  -0.00672317
 -0.00817035  -0.00252965     0.00158013  -0.00440712     0.01036228   0.00590013
    1    4
 -0.00663802  -0.00431034     0.00949757  -0.00900595    -0.00214951  -0.00510630
 -0.00945602  -0.00659600     0.00103237   0.00249236    -0.00202234   0.01135049
 -0.00209077  -0.00513063     0.01308397  -0.00034762     0.00164592  -0.00774166
    1    5
  0.00431034   0.00663802     0.00900595  -0.00949757     0.00510630   0.00214951
  0.00659600   0.00945602    -0.00249236  -0.00103237    -0.01135049   0.00202234
  0.00513063   0.00209077     0.00034762  -0.01308397     0.00774166  -0.00164592
    1    6
 -0.01036228   0.00590013     0.00158013   0.00440712     0.00817035  -0.00252965
  0.00450945   0.00672317     0.00176393  -0.00240070     0.00294478   0.00320716
  0.00571598   0.00472790    -0.01201627   0.01032483    -0.01419551  -0.00898608
    1    7
 -0.00590013   0.01036228    -0.00440712  -0.00158013     0.00252965  -0.00817035
 -0.00672317  -0.00450945     0.00240070  -0.00176393    -0.00320716  -0.00294478
