  3.000000000000000E-002   1.26007061404212        2.36059544634539     
           2

     Dynamical  Matrix in cartesian axes

     q = (    0.433012700   0.433012700   0.433012700 ) 

    1    1
  0.05373088   0.00000000    -0.00000000   0.00000000     0.00000000   0.00000000
  0.00000000   0.00000000     0.05373088   0.00000000    -0.00000000   0.00000000
 -0.00000000   0.00000000    -0.00000000   0.00000000     0.05373088   0.00000000
    1    2
  0.00000000  -0.00000000     0.00000000  -0.00637201    -0.00637201  -0.00000000
 -0.00000000   0.00339972    -0.00000000   0.00000000     0.00000000  -0.00000000
  0.00339972   0.00000000     0.00000000  -0.00000000     0.00000000   0.00000000
    1    3
  0.00000000  -0.00000000    -0.00637201  -0.00000000     0.00000000  -0.00637201
  0.00339972   0.00000000    -0.00000000   0.00000000     0.00000000   0.00000000
 -0.00000000   0.00339972     0.00000000  -0.00000000     0.00000000   0.00000000
    1    4
 -0.00000000   0.00000000     0.00339972   0.00000000     0.00000000  -0.00000000
 -0.00637201  -0.00000000    -0.00000000  -0.00000000     0.00000000  -0.00637201
  0.00000000   0.00000000    -0.00000000   0.00339972    -0.00000000   0.00000000
    1    5
 -0.00000000   0.00000000    -0.00000000   0.00339972     0.00000000   0.00000000
  0.00000000  -0.00637201     0.00000000  -0.00000000    -0.00637201  -0.00000000
  0.00000000   0.00000000     0.00339972   0.00000000     0.00000000   0.00000000
    1    6
  0.00000000   0.00000000     0.00000000  -0.00000000    -0.00000000   0.00339972
  0.00000000   0.00000000    -0.00000000   0.00000000     0.00339972   0.00000000
  0.00000000  -0.00637201    -0.00637201  -0.00000000     0.00000000  -0.00000000
    1    7
 -0.00000000   0.00000000     0.00000000   0.00000000     0.00339972   0.00000000
  0.00000000  -0.00000000    -0.00000000   0.00000000    -0.00000000   0.00339972
 -0.00637201  -0.00000000     0.00000000  -0.00637201    -0.00000000  -0.00000000
    2    1
  0.00000000   0.00000000    -0.00000000  -0.00339972     0.00339972  -0.00000000
  0.00000000   0.00637201    -0.00000000  -0.00000000     0.00000000   0.00000000
 -0.00637201   0.00000000     0.00000000   0.00000000     0.00000000  -0.00000000
    2    2
  0.06265197   0.00000000    -0.00000000   0.00000000    -0.00000000   0.00000000
 -0.00000000  -0.00000000     0.05797325   0.00000000    -0.00000000   0.00373114
 -0.00000000  -0.00000000    -0.00000000  -0.00373114     0.05797325   0.00000000
    2    3
 -0.00000000   0.00000000     0.00000000   0.00000000     0.00000000  -0.00000000
  0.00000000   0.00000000     0.00000000   0.02619638    -0.00573015  -0.00000000
  0.00000000  -0.00000000    -0.00573015   0.00000000    -0.00000000  -0.02619638
    2    4
 -0.00000000   0.01531786     0.00000000   0.02729370    -0.00761297  -0.00000000
 -0.00000000   0.04002817    -0.00000000   0.01531786    -0.00886105  -0.00000000
 -0.00886105  -0.00000000    -0.00761297  -0.00000000    -0.00000000   0.01470465
    2    5
 -0.01531786  -0.00000000     0.02729370   0.00000000    -0.00000000   0.00761297
  0.04002817  -0.00000000    -0.01531786   0.00000000    -0.00000000  -0.00886105
 -0.00000000   0.00886105    -0.00000000  -0.00761297    -0.01470465   0.00000000
    2    6
 -0.00000000  -0.01531786    -0.00761297   0.00000000     0.00000000  -0.02729370
 -0.00886105   0.00000000    -0.00000000  -0.01470465    -0.00761297   0.00000000
 -0.00000000  -0.04002817    -0.00886105   0.00000000    -0.00000000  -0.01531786
    2    7
 -0.01531786  -0.00000000    -0.00000000  -0.00761297     0.02729370   0.00000000
 -0.00000000  -0.00886105    -0.01470465   0.00000000     0.00000000   0.00761297
  0.04002817  -0.00000000     0.00000000   0.00886105    -0.01531786   0.00000000
    3    1
  0.00000000   0.00000000     0.00339972  -0.00000000    -0.00000000  -0.00339972
 -0.00637201   0.00000000    -0.00000000  -0.00000000     0.00000000   0.00000000
  0.00000000   0.00637201     0.00000000   0.00000000    -0.00000000  -0.00000000
    3    2
 -0.00000000  -0.00000000     0.00000000  -0.00000000     0.00000000   0.00000000
  0.00000000  -0.00000000     0.00000000  -0.02619638    -0.00573015   0.00000000
  0.00000000   0.00000000    -0.00573015  -0.00000000    -0.00000000   0.02619638
    3    3
  0.06265197  -0.00000000    -0.00000000  -0.00000000    -0.00000000  -0.00000000
 -0.00000000   0.00000000     0.05797325  -0.00000000    -0.00000000  -0.00373114
 -0.00000000   0.00000000    -0.00000000   0.00373114     0.05797325  -0.00000000
    3    4
 -0.01531786   0.00000000     0.02729370  -0.00000000    -0.00000000  -0.00761297
  0.04002817  -0.00000000    -0.01531786   0.00000000    -0.00000000   0.00886105
 -0.00000000  -0.00886105    -0.00000000   0.00761297    -0.01470465   0.00000000
    3    5
 -0.00000000  -0.01531786     0.00000000  -0.02729370    -0.00761297   0.00000000
 -0.00000000  -0.04002817    -0.00000000  -0.01531786    -0.00886105   0.00000000
 -0.00886105   0.00000000    -0.00761297   0.00000000    -0.00000000  -0.01470465
    3    6
 -0.01531786  -0.00000000    -0.00000000   0.00761297     0.02729370   0.00000000
 -0.00000000   0.00886105    -0.01470465  -0.00000000    -0.00000000  -0.00761297
  0.04002817   0.00000000    -0.00000000  -0.00886105    -0.01531786  -0.00000000
    3    7
 -0.00000000   0.01531786    -0.00761297  -0.00000000     0.00000000   0.02729370
 -0.00886105  -0.00000000    -0.00000000   0.01470465    -0.00761297  -0.00000000
 -0.00000000   0.04002817    -0.00886105  -0.00000000    -0.00000000   0.01531786
    4    1
  0.00000000  -0.00000000    -0.00637201   0.00000000     0.00000000   0.00000000
  0.00339972  -0.00000000    -0.00000000   0.00000000    -0.00000000  -0.00339972
  0.00000000  -0.00000000     0.00000000   0.00637201    -0.00000000  -0.00000000
    4    2
 -0.00000000  -0.01531786    -0.00000000  -0.04002817    -0.00886105   0.00000000
  0.00000000  -0.02729370    -0.00000000  -0.01531786    -0.00761297   0.00000000
 -0.00761297   0.00000000    -0.00886105   0.00000000    -0.00000000  -0.01470465
    4    3
 -0.01531786  -0.00000000     0.04002817   0.00000000    -0.00000000   0.00886105
  0.02729370   0.00000000    -0.01531786  -0.00000000    -0.00000000  -0.00761297
 -0.00000000   0.00761297    -0.00000000  -0.00886105    -0.01470465  -0.00000000
    4    4
  0.05797325  -0.00000000    -0.00000000  -0.00000000    -0.00000000  -0.00373114
 -0.00000000  -0.00000000     0.06265197   0.00000000    -0.00000000  -0.00000000
 -0.00000000   0.00373114    -0.00000000  -0.00000000     0.05797325  -0.00000000
    4    5
  0.00000000  -0.02619638     0.00000000  -0.00000000    -0.00573015  -0.00000000
  0.00000000  -0.00000000     0.00000000   0.00000000     0.00000000   0.00000000
 -0.00573015  -0.00000000     0.00000000   0.00000000    -0.00000000   0.02619638
    4    6
 -0.00000000   0.01470465    -0.00886105  -0.00000000    -0.00761297  -0.00000000
 -0.00761297  -0.00000000    -0.00000000   0.01531786     0.00000000   0.02729370
 -0.00886105  -0.00000000    -0.00000000   0.04002817    -0.00000000   0.01531786
    4    7
 -0.01470465  -0.00000000    -0.00000000   0.00886105     0.00000000  -0.00761297
 -0.00000000   0.00761297    -0.01531786  -0.00000000     0.02729370   0.00000000
  0.00000000  -0.00886105     0.04002817   0.00000000    -0.01531786  -0.00000000
    5    1
 -0.00000000  -0.00000000     0.00000000   0.00637201     0.00000000   0.00000000
 -0.00000000  -0.00339972     0.00000000   0.00000000     0.00339972  -0.00000000
  0.00000000  -0.00000000    -0.00637201   0.00000000     0.00000000  -0.00000000
    5    2
 -0.01531786   0.00000000     0.04002817   0.00000000    -0.00000000  -0.00886105
  0.02729370  -0.00000000    -0.01531786  -0.00000000    -0.00000000   0.00761297
 -0.00000000  -0.00761297    -0.00000000   0.00886105    -0.01470465   0.00000000
    5    3
 -0.00000000   0.01531786    -0.00000000   0.04002817    -0.00886105  -0.00000000
  0.00000000   0.02729370    -0.00000000   0.01531786    -0.00761297  -0.00000000
 -0.00761297  -0.00000000    -0.00886105  -0.00000000    -0.00000000   0.01470465
    5    4
  0.00000000   0.02619638     0.00000000   0.00000000    -0.00573015   0.00000000
  0.00000000   0.00000000     0.00000000  -0.00000000     0.00000000  -0.00000000
 -0.00573015   0.00000000     0.00000000  -0.00000000    -0.00000000  -0.02619638
    5    5
  0.05797325   0.00000000    -0.00000000   0.00000000    -0.00000000   0.00373114
 -0.00000000   0.00000000     0.06265197  -0.00000000    -0.00000000   0.00000000
 -0.00000000  -0.00373114    -0.00000000   0.00000000     0.05797325   0.00000000
    5    6
 -0.01470465  -0.00000000     0.00000000  -0.00886105     0.00000000   0.00761297
 -0.00000000  -0.00761297    -0.01531786   0.00000000     0.02729370  -0.00000000
  0.00000000   0.00886105     0.04002817   0.00000000    -0.01531786   0.00000000
    5    7
 -0.00000000  -0.01470465    -0.00886105   0.00000000    -0.00761297   0.00000000
 -0.00761297   0.00000000    -0.00000000  -0.01531786     0.00000000  -0.02729370
 -0.00886105   0.00000000    -0.00000000  -0.04002817    -0.00000000  -0.01531786
    6    1
  0.00000000  -0.00000000     0.00000000   0.00000000     0.00000000   0.00637201
  0.00000000  -0.00000000    -0.00000000  -0.00000000    -0.00637201   0.00000000
 -0.00000000  -0.00339972     0.00339972  -0.00000000    -0.00000000   0.00000000
    6    2
 -0.00000000   0.01531786    -0.00886105  -0.00000000    -0.00000000   0.04002817
 -0.00761297  -0.00000000    -0.00000000   0.01470465    -0.00886105  -0.00000000
  0.00000000   0.02729370    -0.00761297  -0.00000000    -0.00000000   0.01531786
    6    3
 -0.01531786   0.00000000    -0.00000000  -0.00886105     0.04002817  -0.00000000
 -0.00000000  -0.00761297    -0.01470465   0.00000000    -0.00000000   0.00886105
  0.02729370  -0.00000000    -0.00000000   0.00761297    -0.01531786   0.00000000
    6    4
 -0.00000000  -0.01470465    -0.00761297   0.00000000    -0.00886105   0.00000000
 -0.00886105   0.00000000    -0.00000000  -0.01531786    -0.00000000  -0.04002817
 -0.00761297   0.00000000     0.00000000  -0.02729370    -0.00000000  -0.01531786
    6    5
 -0.01470465   0.00000000    -0.00000000   0.00761297     0.00000000  -0.00886105
  0.00000000   0.00886105    -0.01531786   0.00000000     0.04002817   0.00000000
  0.00000000  -0.00761297     0.02729370   0.00000000    -0.01531786   0.00000000
    6    6
  0.05797325   0.00000000    -0.00000000   0.00373114    -0.00000000   0.00000000
  0.00000000  -0.00373114     0.05797325   0.00000000    -0.00000000   0.00000000
 -0.00000000   0.00000000    -0.00000000   0.00000000     0.06265197   0.00000000
    6    7
  0.00000000   0.02619638    -0.00573015  -0.00000000     0.00000000   0.00000000
 -0.00573015  -0.00000000     0.00000000  -0.02619638     0.00000000  -0.00000000
  0.00000000   0.00000000     0.00000000  -0.00000000    -0.00000000   0.00000000
    7    1
 -0.00000000  -0.00000000     0.00000000   0.00000000    -0.00637201   0.00000000
  0.00000000   0.00000000     0.00000000  -0.00000000     0.00000000   0.00637201
  0.00339972  -0.00000000    -0.00000000  -0.00339972    -0.00000000   0.00000000
    7    2
 -0.01531786   0.00000000    -0.00000000   0.00886105     0.04002817   0.00000000
  0.00000000   0.00761297    -0.01470465   0.00000000     0.00000000  -0.00886105
  0.02729370   0.00000000     0.00000000  -0.00761297    -0.01531786  -0.00000000
    7    3
 -0.00000000  -0.01531786    -0.00886105   0.00000000    -0.00000000  -0.04002817
 -0.00761297   0.00000000    -0.00000000  -0.01470465    -0.00886105   0.00000000
  0.00000000  -0.02729370    -0.00761297   0.00000000    -0.00000000  -0.01531786
    7    4
 -0.01470465   0.00000000    -0.00000000  -0.00761297     0.00000000   0.00886105
 -0.00000000  -0.00886105    -0.01531786   0.00000000     0.04002817  -0.00000000
  0.00000000   0.00761297     0.02729370  -0.00000000    -0.01531786   0.00000000
    7    5
 -0.00000000   0.01470465    -0.00761297  -0.00000000    -0.00886105  -0.00000000
 -0.00886105  -0.00000000    -0.00000000   0.01531786    -0.00000000   0.04002817
 -0.00761297  -0.00000000     0.00000000   0.02729370    -0.00000000   0.01531786
    7    6
  0.00000000  -0.02619638    -0.00573015   0.00000000     0.00000000  -0.00000000
 -0.00573015   0.00000000     0.00000000   0.02619638     0.00000000   0.00000000
  0.00000000  -0.00000000     0.00000000   0.00000000    -0.00000000  -0.00000000
    7    7
  0.05797325   0.00000000    -0.00000000  -0.00373114    -0.00000000   0.00000000
  0.00000000   0.00373114     0.05797325  -0.00000000    -0.00000000   0.00000000
 -0.00000000   0.00000000    -0.00000000   0.00000000     0.06265197  -0.00000000

     Dynamical  Matrix in cartesian axes

     q = (   -0.433012700  -0.433012700  -0.433012700 ) 

    1    1
  0.05373088   0.00000000     0.00000000   0.00000000    -0.00000000   0.00000000
  0.00000000   0.00000000     0.05373088   0.00000000    -0.00000000   0.00000000
 -0.00000000   0.00000000    -0.00000000   0.00000000     0.05373088   0.00000000
    1    2
 -0.00000000  -0.00000000     0.00000000   0.00637201    -0.00637201   0.00000000
 -0.00000000  -0.00339972     0.00000000   0.00000000     0.00000000  -0.00000000
  0.00339972  -0.00000000    -0.00000000  -0.00000000     0.00000000  -0.00000000
    1    3
 -0.00000000  -0.00000000    -0.00637201   0.00000000     0.00000000   0.00637201
  0.00339972  -0.00000000     0.00000000  -0.00000000    -0.00000000  -0.00000000
  0.00000000  -0.00339972     0.00000000  -0.00000000     0.00000000   0.00000000
    1    4
  0.00000000  -0.00000000     0.00339972   0.00000000    -0.00000000  -0.00000000
 -0.00637201  -0.00000000    -0.00000000  -0.00000000    -0.00000000   0.00637201
 -0.00000000  -0.00000000    -0.00000000  -0.00339972     0.00000000   0.00000000
    1    5
  0.00000000  -0.00000000    -0.00000000  -0.00339972     0.00000000  -0.00000000
  0.00000000   0.00637201    -0.00000000  -0.00000000    -0.00637201   0.00000000
 -0.00000000  -0.00000000     0.00339972  -0.00000000     0.00000000   0.00000000
    1    6
  0.00000000  -0.00000000     0.00000000  -0.00000000    -0.00000000  -0.00339972
 -0.00000000  -0.00000000     0.00000000   0.00000000     0.00339972  -0.00000000
  0.00000000   0.00637201    -0.00637201   0.00000000    -0.00000000  -0.00000000
    1    7
  0.00000000  -0.00000000    -0.00000000  -0.00000000     0.00339972  -0.00000000
  0.00000000  -0.00000000     0.00000000   0.00000000    -0.00000000  -0.00339972
 -0.00637201   0.00000000     0.00000000   0.00637201    -0.00000000  -0.00000000
    2    1
 -0.00000000   0.00000000    -0.00000000   0.00339972     0.00339972   0.00000000
  0.00000000  -0.00637201     0.00000000   0.00000000     0.00000000   0.00000000
 -0.00637201  -0.00000000     0.00000000   0.00000000     0.00000000  -0.00000000
    2    2
  0.06265197  -0.00000000    -0.00000000  -0.00000000    -0.00000000  -0.00000000
 -0.00000000   0.00000000     0.05797325   0.00000000    -0.00000000  -0.00373114
 -0.00000000   0.00000000    -0.00000000   0.00373114     0.05797325   0.00000000
    2    3
  0.00000000  -0.00000000     0.00000000  -0.00000000     0.00000000   0.00000000
  0.00000000  -0.00000000     0.00000000  -0.02619638    -0.00573015  -0.00000000
  0.00000000   0.00000000    -0.00573015  -0.00000000    -0.00000000   0.02619638
    2    4
 -0.00000000  -0.01531786     0.00000000  -0.02729370    -0.00761297   0.00000000
 -0.00000000  -0.04002817    -0.00000000  -0.01531786    -0.00886105   0.00000000
 -0.00886105   0.00000000    -0.00761297   0.00000000    -0.00000000  -0.01470465
    2    5
 -0.01531786  -0.00000000     0.02729370   0.00000000    -0.00000000  -0.00761297
  0.04002817   0.00000000    -0.01531786   0.00000000     0.00000000   0.00886105
 -0.00000000  -0.00886105     0.00000000   0.00761297    -0.01470465   0.00000000
    2    6
 -0.00000000   0.01531786    -0.00761297  -0.00000000     0.00000000   0.02729370
 -0.00886105  -0.00000000    -0.00000000   0.01470465    -0.00761297  -0.00000000
 -0.00000000   0.04002817    -0.00886105  -0.00000000    -0.00000000   0.01531786
    2    7
 -0.01531786  -0.00000000    -0.00000000   0.00761297     0.02729370   0.00000000
 -0.00000000   0.00886105    -0.01470465   0.00000000    -0.00000000  -0.00761297
  0.04002817   0.00000000    -0.00000000  -0.00886105    -0.01531786  -0.00000000
    3    1
 -0.00000000   0.00000000     0.00339972   0.00000000    -0.00000000   0.00339972
 -0.00637201  -0.00000000     0.00000000  -0.00000000    -0.00000000   0.00000000
  0.00000000  -0.00637201    -0.00000000   0.00000000     0.00000000   0.00000000
    3    2
  0.00000000   0.00000000     0.00000000   0.00000000     0.00000000  -0.00000000
  0.00000000   0.00000000     0.00000000   0.02619638    -0.00573015   0.00000000
  0.00000000  -0.00000000    -0.00573015   0.00000000    -0.00000000  -0.02619638
    3    3
  0.06265197   0.00000000    -0.00000000   0.00000000    -0.00000000   0.00000000
 -0.00000000  -0.00000000     0.05797325  -0.00000000    -0.00000000   0.00373114
 -0.00000000  -0.00000000    -0.00000000  -0.00373114     0.05797325   0.00000000
    3    4
 -0.01531786  -0.00000000     0.02729370   0.00000000    -0.00000000   0.00761297
  0.04002817   0.00000000    -0.01531786  -0.00000000     0.00000000  -0.00886105
 -0.00000000   0.00886105     0.00000000  -0.00761297    -0.01470465  -0.00000000
    3    5
 -0.00000000   0.01531786     0.00000000   0.02729370    -0.00761297  -0.00000000
 -0.00000000   0.04002817    -0.00000000   0.01531786    -0.00886105  -0.00000000
 -0.00886105  -0.00000000    -0.00761297  -0.00000000    -0.00000000   0.01470465
    3    6
 -0.01531786  -0.00000000    -0.00000000  -0.00761297     0.02729370  -0.00000000
  0.00000000  -0.00886105    -0.01470465   0.00000000     0.00000000   0.00761297
  0.04002817  -0.00000000    -0.00000000   0.00886105    -0.01531786   0.00000000
    3    7
 -0.00000000  -0.01531786    -0.00761297   0.00000000     0.00000000  -0.02729370
 -0.00886105   0.00000000    -0.00000000  -0.01470465    -0.00761297   0.00000000
 -0.00000000  -0.04002817    -0.00886105   0.00000000    -0.00000000  -0.01531786
    4    1
  0.00000000   0.00000000    -0.00637201   0.00000000    -0.00000000   0.00000000
  0.00339972  -0.00000000    -0.00000000   0.00000000    -0.00000000   0.00339972
 -0.00000000   0.00000000    -0.00000000  -0.00637201     0.00000000   0.00000000
    4    2
 -0.00000000   0.01531786    -0.00000000   0.04002817    -0.00886105  -0.00000000
  0.00000000   0.02729370    -0.00000000   0.01531786    -0.00761297  -0.00000000
 -0.00761297  -0.00000000    -0.00886105  -0.00000000    -0.00000000   0.01470465
    4    3
 -0.01531786   0.00000000     0.04002817  -0.00000000    -0.00000000  -0.00886105
  0.02729370  -0.00000000    -0.01531786   0.00000000     0.00000000   0.00761297
 -0.00000000  -0.00761297     0.00000000   0.00886105    -0.01470465   0.00000000
    4    4
  0.05797325  -0.00000000    -0.00000000   0.00000000    -0.00000000   0.00373114
  0.00000000   0.00000000     0.06265197   0.00000000    -0.00000000   0.00000000
 -0.00000000  -0.00373114    -0.00000000   0.00000000     0.05797325   0.00000000
    4    5
  0.00000000   0.02619638     0.00000000   0.00000000    -0.00573015   0.00000000
  0.00000000   0.00000000    -0.00000000  -0.00000000     0.00000000  -0.00000000
 -0.00573015   0.00000000     0.00000000  -0.00000000    -0.00000000  -0.02619638
    4    6
 -0.00000000  -0.01470465    -0.00886105   0.00000000    -0.00761297   0.00000000
 -0.00761297   0.00000000    -0.00000000  -0.01531786     0.00000000  -0.02729370
 -0.00886105   0.00000000    -0.00000000  -0.04002817    -0.00000000  -0.01531786
    4    7
 -0.01470465   0.00000000    -0.00000000  -0.00886105     0.00000000   0.00761297
 -0.00000000  -0.00761297    -0.01531786   0.00000000     0.02729370  -0.00000000
  0.00000000   0.00886105     0.04002817  -0.00000000    -0.01531786   0.00000000
    5    1
  0.00000000   0.00000000     0.00000000  -0.00637201    -0.00000000   0.00000000
 -0.00000000   0.00339972    -0.00000000  -0.00000000     0.00339972   0.00000000
  0.00000000   0.00000000    -0.00637201  -0.00000000     0.00000000   0.00000000
    5    2
 -0.01531786   0.00000000     0.04002817   0.00000000    -0.00000000   0.00886105
  0.02729370  -0.00000000    -0.01531786  -0.00000000    -0.00000000  -0.00761297
 -0.00000000   0.00761297    -0.00000000  -0.00886105    -0.01470465   0.00000000
    5    3
 -0.00000000  -0.01531786    -0.00000000  -0.04002817    -0.00886105   0.00000000
  0.00000000  -0.02729370    -0.00000000  -0.01531786    -0.00761297   0.00000000
 -0.00761297   0.00000000    -0.00886105   0.00000000    -0.00000000  -0.01470465
    5    4
  0.00000000  -0.02619638     0.00000000  -0.00000000    -0.00573015  -0.00000000
  0.00000000  -0.00000000    -0.00000000   0.00000000     0.00000000   0.00000000
 -0.00573015  -0.00000000     0.00000000   0.00000000    -0.00000000   0.02619638
    5    5
  0.05797325   0.00000000    -0.00000000  -0.00000000    -0.00000000  -0.00373114
  0.00000000  -0.00000000     0.06265197  -0.00000000    -0.00000000  -0.00000000
 -0.00000000   0.00373114    -0.00000000  -0.00000000     0.05797325  -0.00000000
    5    6
 -0.01470465  -0.00000000    -0.00000000   0.00886105     0.00000000  -0.00761297
 -0.00000000   0.00761297    -0.01531786  -0.00000000     0.02729370   0.00000000
  0.00000000  -0.00886105     0.04002817   0.00000000    -0.01531786  -0.00000000
    5    7
 -0.00000000   0.01470465    -0.00886105  -0.00000000    -0.00761297  -0.00000000
 -0.00761297  -0.00000000    -0.00000000   0.01531786     0.00000000   0.02729370
 -0.00886105  -0.00000000    -0.00000000   0.04002817    -0.00000000   0.01531786
    6    1
  0.00000000   0.00000000    -0.00000000   0.00000000     0.00000000  -0.00637201
  0.00000000   0.00000000     0.00000000   0.00000000    -0.00637201  -0.00000000
 -0.00000000   0.00339972     0.00339972   0.00000000    -0.00000000  -0.00000000
    6    2
 -0.00000000  -0.01531786    -0.00886105   0.00000000    -0.00000000  -0.04002817
 -0.00761297   0.00000000    -0.00000000  -0.01470465    -0.00886105   0.00000000
  0.00000000  -0.02729370    -0.00761297   0.00000000    -0.00000000  -0.01531786
    6    3
 -0.01531786  -0.00000000    -0.00000000   0.00886105     0.04002817   0.00000000
  0.00000000   0.00761297    -0.01470465  -0.00000000     0.00000000  -0.00886105
  0.02729370   0.00000000     0.00000000  -0.00761297    -0.01531786  -0.00000000
    6    4
 -0.00000000   0.01470465    -0.00761297  -0.00000000    -0.00886105  -0.00000000
 -0.00886105  -0.00000000    -0.00000000   0.01531786    -0.00000000   0.04002817
 -0.00761297  -0.00000000     0.00000000   0.02729370    -0.00000000   0.01531786
    6    5
 -0.01470465   0.00000000    -0.00000000  -0.00761297     0.00000000   0.00886105
 -0.00000000  -0.00886105    -0.01531786   0.00000000     0.04002817  -0.00000000
  0.00000000   0.00761297     0.02729370  -0.00000000    -0.01531786   0.00000000
    6    6
  0.05797325   0.00000000    -0.00000000  -0.00373114    -0.00000000  -0.00000000
 -0.00000000   0.00373114     0.05797325  -0.00000000    -0.00000000  -0.00000000
 -0.00000000   0.00000000    -0.00000000   0.00000000     0.06265197  -0.00000000
    6    7
  0.00000000  -0.02619638    -0.00573015   0.00000000     0.00000000  -0.00000000
 -0.00573015  -0.00000000     0.00000000   0.02619638     0.00000000   0.00000000
  0.00000000  -0.00000000     0.00000000   0.00000000     0.00000000  -0.00000000
    7    1
  0.00000000   0.00000000     0.00000000   0.00000000    -0.00637201  -0.00000000
  0.00000000   0.00000000     0.00000000   0.00000000     0.00000000  -0.00637201
  0.00339972   0.00000000    -0.00000000   0.00339972    -0.00000000  -0.00000000
    7    2
 -0.01531786   0.00000000     0.00000000  -0.00886105     0.04002817  -0.00000000
  0.00000000  -0.00761297    -0.01470465   0.00000000     0.00000000   0.00886105
  0.02729370  -0.00000000     0.00000000   0.00761297    -0.01531786  -0.00000000
    7    3
 -0.00000000   0.01531786    -0.00886105  -0.00000000    -0.00000000   0.04002817
 -0.00761297  -0.00000000    -0.00000000   0.01470465    -0.00886105  -0.00000000
  0.00000000   0.02729370    -0.00761297  -0.00000000    -0.00000000   0.01531786
    7    4
 -0.01470465  -0.00000000     0.00000000   0.00761297     0.00000000  -0.00886105
 -0.00000000   0.00886105    -0.01531786  -0.00000000     0.04002817   0.00000000
  0.00000000  -0.00761297     0.02729370   0.00000000    -0.01531786  -0.00000000
    7    5
 -0.00000000  -0.01470465    -0.00761297   0.00000000    -0.00886105   0.00000000
 -0.00886105   0.00000000    -0.00000000  -0.01531786    -0.00000000  -0.04002817
 -0.00761297   0.00000000     0.00000000  -0.02729370    -0.00000000  -0.01531786
    7    6
  0.00000000   0.02619638    -0.00573015  -0.00000000     0.00000000   0.00000000
 -0.00573015   0.00000000     0.00000000  -0.02619638     0.00000000  -0.00000000
  0.00000000   0.00000000     0.00000000  -0.00000000     0.00000000   0.00000000
    7    7
  0.05797325   0.00000000    -0.00000000   0.00373114    -0.00000000   0.00000000
 -0.00000000  -0.00373114     0.05797325   0.00000000    -0.00000000   0.00000000
 -0.00000000   0.00000000    -0.00000000   0.00000000     0.06265197   0.00000000
