  5.000000000000000E-002   1.25977579764806        2.43615232611498     
           6

     Dynamical  Matrix in cartesian axes

     q = (    0.000000000   0.000000000   0.649519100 ) 

    1    1
  0.03325016   0.00000000     0.00000000   0.00000000    -0.00000000   0.00000000
  0.00000000   0.00000000     0.03325016   0.00000000    -0.00000000   0.00000000
 -0.00000000   0.00000000    -0.00000000   0.00000000     0.20791548   0.00000000
    1    2
 -0.00077283  -0.00077283     0.00000000  -0.00000000    -0.00512195   0.00512195
  0.00000000  -0.00000000    -0.00062611  -0.00062611     0.00000000  -0.00000000
 -0.03750090   0.03750091     0.00000000   0.00000000    -0.01222921  -0.01222920
    1    3
  0.00109295  -0.00000000     0.00000000  -0.00000000     0.00000000   0.00724354
  0.00000000  -0.00000000     0.00088546  -0.00000000    -0.00000000   0.00000000
  0.00000000   0.05303429    -0.00000000  -0.00000000     0.01729471  -0.00000000
    1    4
  0.00088546  -0.00000000     0.00000000  -0.00000000    -0.00000000   0.00000000
  0.00000000  -0.00000000     0.00109295  -0.00000000     0.00000000   0.00724354
 -0.00000000   0.00000000     0.00000000   0.05303429     0.01729471  -0.00000000
    1    5
 -0.00062611  -0.00062611     0.00000000  -0.00000000    -0.00000000   0.00000000
  0.00000000  -0.00000000    -0.00077283  -0.00077283    -0.00512195   0.00512195
  0.00000000  -0.00000000    -0.03750090   0.03750091    -0.01222921  -0.01222920
    1    6
 -0.00065482   0.00511506     0.00000000  -0.00000000    -0.00000000   0.00000000
  0.00000000   0.00000000    -0.00315387   0.00407992    -0.00000000   0.00000000
 -0.00000000   0.00000000    -0.00000000   0.00000000     0.00840693  -0.02029612
    1    7
 -0.00315387   0.00407992     0.00000000   0.00000000    -0.00000000   0.00000000
  0.00000000  -0.00000000    -0.00065482   0.00511506    -0.00000000   0.00000000
 -0.00000000   0.00000000     0.00000000   0.00000000     0.00840693  -0.02029612
    2    1
 -0.00077283   0.00077283     0.00000000   0.00000000    -0.03750090  -0.03750091
  0.00000000   0.00000000    -0.00062611   0.00062611     0.00000000  -0.00000000
 -0.00512195  -0.00512195     0.00000000  -0.00000000    -0.01222921   0.01222920
    2    2
  0.02876017  -0.00000000    -0.00000000  -0.00000000    -0.00000000   0.00564481
 -0.00000000   0.00000000     0.06025589   0.00000000     0.00000000  -0.00000000
 -0.00000000  -0.00564481    -0.00000000  -0.00000000     0.03271063  -0.00000000
    2    3
  0.00963017  -0.00963017     0.00000000   0.00000000    -0.00292563  -0.00292563
  0.00000000   0.00000000     0.03795358  -0.03795357     0.00000000   0.00000000
 -0.00292563  -0.00292563    -0.00000000   0.00000000     0.00686102  -0.00686102
    2    4
  0.00150035  -0.00150035     0.01028769  -0.01028768    -0.00102808  -0.00102808
  0.03936384  -0.03936382     0.00150035  -0.00150035    -0.00018965  -0.00018965
 -0.00018965  -0.00018965    -0.00102808  -0.00102808    -0.00077186   0.00077186
    2    5
 -0.00212181  -0.00000000     0.01454899   0.00000000     0.00000000   0.00145393
  0.05566886  -0.00000000    -0.00212181   0.00000000     0.00000000  -0.00026821
  0.00000000   0.00026821     0.00000000  -0.00145393     0.00109157   0.00000000
    2    6
  0.00363531  -0.00101482    -0.00000000   0.00000000    -0.00209452   0.00205388
 -0.00000000   0.00000000    -0.00113298   0.00070529     0.00000000   0.00000000
  0.01538644  -0.01599354    -0.00000000   0.00000000     0.00873590  -0.00313459
    2    7
 -0.00328814   0.00185296     0.00000000  -0.00000000    -0.00293336   0.00002873
 -0.00000000   0.00000000     0.00129985  -0.00030242     0.00000000  -0.00000000
  0.02218900   0.00042929     0.00000000  -0.00000000    -0.00839370   0.00396072
    3    1
  0.00109295   0.00000000     0.00000000   0.00000000     0.00000000  -0.05303429
  0.00000000   0.00000000     0.00088546   0.00000000     0.00000000   0.00000000
  0.00000000  -0.00724354    -0.00000000  -0.00000000     0.01729471   0.00000000
    3    2
  0.00963017   0.00963017     0.00000000  -0.00000000    -0.00292563   0.00292563
  0.00000000  -0.00000000     0.03795358   0.03795357     0.00000000  -0.00000000
 -0.00292563   0.00292563    -0.00000000  -0.00000000     0.00686102   0.00686102
    3    3
  0.02876017   0.00000000    -0.00000000   0.00000000    -0.00000000  -0.00564481
 -0.00000000  -0.00000000     0.06025589  -0.00000000     0.00000000   0.00000000
 -0.00000000   0.00564481    -0.00000000   0.00000000     0.03271063   0.00000000
    3    4
 -0.00212181   0.00000000     0.01454899  -0.00000000     0.00000000  -0.00145393
  0.05566886  -0.00000000    -0.00212181   0.00000000     0.00000000   0.00026821
  0.00000000  -0.00026821     0.00000000   0.00145393     0.00109157  -0.00000000
    3    5
  0.00150035   0.00150035     0.01028769   0.01028768    -0.00102808   0.00102808
  0.03936384   0.03936382     0.00150035   0.00150035    -0.00018965   0.00018965
 -0.00018965   0.00018965    -0.00102808   0.00102808    -0.00077186  -0.00077186
    3    6
 -0.00328814  -0.00185296     0.00000000   0.00000000    -0.00293336  -0.00002873
 -0.00000000  -0.00000000     0.00129985   0.00030242     0.00000000   0.00000000
  0.02218900  -0.00042929     0.00000000   0.00000000    -0.00839370  -0.00396072
    3    7
  0.00363531   0.00101482    -0.00000000  -0.00000000    -0.00209452  -0.00205388
 -0.00000000  -0.00000000    -0.00113298  -0.00070529     0.00000000  -0.00000000
  0.01538644   0.01599354    -0.00000000  -0.00000000     0.00873590   0.00313459
    4    1
  0.00088546  -0.00000000     0.00000000  -0.00000000    -0.00000000  -0.00000000
  0.00000000   0.00000000     0.00109295   0.00000000     0.00000000  -0.05303429
 -0.00000000  -0.00000000     0.00000000  -0.00724354     0.01729471   0.00000000
    4    2
  0.00150035   0.00150035     0.03936384   0.03936382    -0.00018965   0.00018965
  0.01028769   0.01028768     0.00150035   0.00150035    -0.00102808   0.00102808
 -0.00102808   0.00102808    -0.00018965   0.00018965    -0.00077186  -0.00077186
    4    3
 -0.00212181  -0.00000000     0.05566886   0.00000000     0.00000000   0.00026821
  0.01454899   0.00000000    -0.00212181  -0.00000000     0.00000000  -0.00145393
  0.00000000   0.00145393     0.00000000  -0.00026821     0.00109157   0.00000000
    4    4
  0.06025589  -0.00000000     0.00000000  -0.00000000     0.00000000   0.00000000
  0.00000000   0.00000000     0.02876017  -0.00000000     0.00000000  -0.00564481
  0.00000000  -0.00000000     0.00000000   0.00564481     0.03271063  -0.00000000
    4    5
  0.03795358   0.03795357    -0.00000000  -0.00000000    -0.00000000   0.00000000
 -0.00000000  -0.00000000     0.00963017   0.00963017    -0.00292563   0.00292563
 -0.00000000  -0.00000000    -0.00292563   0.00292563     0.00686102   0.00686102
    4    6
 -0.00113298  -0.00070529    -0.00000000  -0.00000000    -0.00000000  -0.00000000
 -0.00000000  -0.00000000     0.00363531   0.00101482    -0.00209452  -0.00205388
 -0.00000000  -0.00000000     0.01538644   0.01599354     0.00873590   0.00313459
    4    7
  0.00129985   0.00030242    -0.00000000   0.00000000     0.00000000   0.00000000
 -0.00000000   0.00000000    -0.00328814  -0.00185296    -0.00293336  -0.00002873
  0.00000000   0.00000000     0.02218900  -0.00042929    -0.00839370  -0.00396072
    5    1
 -0.00062611   0.00062611     0.00000000   0.00000000     0.00000000  -0.00000000
  0.00000000   0.00000000    -0.00077283   0.00077283    -0.03750090  -0.03750091
  0.00000000  -0.00000000    -0.00512195  -0.00512195    -0.01222921   0.01222920
    5    2
 -0.00212181   0.00000000     0.05566886  -0.00000000     0.00000000  -0.00026821
  0.01454899   0.00000000    -0.00212181  -0.00000000     0.00000000   0.00145393
 -0.00000000  -0.00145393    -0.00000000   0.00026821     0.00109157   0.00000000
    5    3
  0.00150035  -0.00150035     0.03936384  -0.03936382    -0.00018965  -0.00018965
  0.01028769  -0.01028768     0.00150035  -0.00150035    -0.00102808  -0.00102808
 -0.00102808  -0.00102808    -0.00018965  -0.00018965    -0.00077186   0.00077186
    5    4
  0.03795358  -0.03795357    -0.00000000   0.00000000    -0.00000000   0.00000000
 -0.00000000   0.00000000     0.00963017  -0.00963017    -0.00292563  -0.00292563
 -0.00000000   0.00000000    -0.00292563  -0.00292563     0.00686102  -0.00686102
    5    5
  0.06025589   0.00000000     0.00000000   0.00000000     0.00000000  -0.00000000
  0.00000000  -0.00000000     0.02876017   0.00000000     0.00000000   0.00564481
  0.00000000   0.00000000     0.00000000  -0.00564481     0.03271063   0.00000000
    5    6
  0.00129985  -0.00030242    -0.00000000   0.00000000     0.00000000   0.00000000
  0.00000000   0.00000000    -0.00328814   0.00185296    -0.00293336   0.00002873
  0.00000000  -0.00000000     0.02218900   0.00042929    -0.00839370   0.00396072
    5    7
 -0.00113298   0.00070529    -0.00000000  -0.00000000    -0.00000000  -0.00000000
  0.00000000   0.00000000     0.00363531  -0.00101482    -0.00209452   0.00205388
 -0.00000000   0.00000000     0.01538644  -0.01599354     0.00873590  -0.00313459
    6    1
 -0.00065482  -0.00511506     0.00000000  -0.00000000    -0.00000000  -0.00000000
  0.00000000  -0.00000000    -0.00315387  -0.00407992    -0.00000000  -0.00000000
 -0.00000000  -0.00000000    -0.00000000  -0.00000000     0.00840693   0.02029612
    6    2
  0.00363531   0.00101482    -0.00000000  -0.00000000     0.01538644   0.01599354
  0.00000000  -0.00000000    -0.00113298  -0.00070529    -0.00000000  -0.00000000
 -0.00209452  -0.00205388    -0.00000000  -0.00000000     0.00873590   0.00313459
    6    3
 -0.00328814   0.00185296    -0.00000000   0.00000000     0.02218900   0.00042929
  0.00000000   0.00000000     0.00129985  -0.00030242     0.00000000  -0.00000000
 -0.00293336   0.00002873     0.00000000  -0.00000000    -0.00839370   0.00396072
    6    4
 -0.00113298   0.00070529     0.00000000   0.00000000    -0.00000000   0.00000000
 -0.00000000   0.00000000     0.00363531  -0.00101482     0.01538644  -0.01599354
 -0.00000000   0.00000000    -0.00209452   0.00205388     0.00873590  -0.00313459
    6    5
  0.00129985   0.00030242    -0.00000000   0.00000000     0.00000000   0.00000000
 -0.00000000   0.00000000    -0.00328814  -0.00185296     0.02218900  -0.00042929
  0.00000000   0.00000000    -0.00293336  -0.00002873    -0.00839370  -0.00396072
    6    6
  0.03273925   0.00000000     0.00000000   0.00000000    -0.00000000   0.00000000
  0.00000000   0.00000000     0.03273925  -0.00000000    -0.00000000   0.00000000
 -0.00000000   0.00000000    -0.00000000   0.00000000     0.05392143   0.00000000
    6    7
  0.01309394   0.01710051    -0.00000000  -0.00000000     0.00000000   0.00000000
 -0.00000000  -0.00000000     0.01309394  -0.01710051    -0.00000000   0.00000000
  0.00000000   0.00000000    -0.00000000   0.00000000     0.00956353  -0.00000000
    7    1
 -0.00315387  -0.00407992     0.00000000  -0.00000000    -0.00000000  -0.00000000
  0.00000000   0.00000000    -0.00065482  -0.00511506    -0.00000000  -0.00000000
 -0.00000000  -0.00000000    -0.00000000  -0.00000000     0.00840693   0.02029612
    7    2
 -0.00328814  -0.00185296    -0.00000000   0.00000000     0.02218900  -0.00042929
  0.00000000   0.00000000     0.00129985   0.00030242     0.00000000   0.00000000
 -0.00293336  -0.00002873     0.00000000   0.00000000    -0.00839370  -0.00396072
    7    3
  0.00363531  -0.00101482    -0.00000000   0.00000000     0.01538644  -0.01599354
  0.00000000   0.00000000    -0.00113298   0.00070529    -0.00000000   0.00000000
 -0.00209452   0.00205388    -0.00000000   0.00000000     0.00873590  -0.00313459
    7    4
  0.00129985  -0.00030242    -0.00000000  -0.00000000     0.00000000  -0.00000000
 -0.00000000  -0.00000000    -0.00328814   0.00185296     0.02218900   0.00042929
  0.00000000  -0.00000000    -0.00293336   0.00002873    -0.00839370   0.00396072
    7    5
 -0.00113298  -0.00070529    -0.00000000  -0.00000000    -0.00000000  -0.00000000
 -0.00000000  -0.00000000     0.00363531   0.00101482     0.01538644   0.01599354
 -0.00000000   0.00000000    -0.00209452  -0.00205388     0.00873590   0.00313459
    7    6
  0.01309394  -0.01710051    -0.00000000   0.00000000     0.00000000   0.00000000
 -0.00000000   0.00000000     0.01309394   0.01710051    -0.00000000   0.00000000
  0.00000000   0.00000000    -0.00000000   0.00000000     0.00956353   0.00000000
    7    7
  0.03273925  -0.00000000     0.00000000  -0.00000000    -0.00000000   0.00000000
  0.00000000   0.00000000     0.03273925   0.00000000    -0.00000000   0.00000000
 -0.00000000   0.00000000    -0.00000000   0.00000000     0.05392143   0.00000000

     Dynamical  Matrix in cartesian axes

     q = (    0.649519100  -0.000000000   0.000000000 ) 

    1    1
  0.20791548   0.00000000     0.00000000   0.00000000     0.00000000   0.00000000
  0.00000000   0.00000000     0.03325016   0.00000000    -0.00000000   0.00000000
  0.00000000   0.00000000     0.00000000   0.00000000     0.03325016   0.00000000
    1    2
  0.00840693  -0.02029612    -0.00000000   0.00000000     0.00000000   0.00000000
 -0.00000000   0.00000000    -0.00065482   0.00511506     0.00000000  -0.00000000
  0.00000000   0.00000000     0.00000000  -0.00000000    -0.00315387   0.00407992
    1    3
  0.00840693  -0.02029612     0.00000000   0.00000000     0.00000000   0.00000000
  0.00000000   0.00000000    -0.00315387   0.00407992     0.00000000   0.00000000
  0.00000000   0.00000000     0.00000000   0.00000000    -0.00065482   0.00511506
    1    4
 -0.01222921  -0.01222920    -0.03750090   0.03750091     0.00000000   0.00000000
 -0.00512195   0.00512195    -0.00077283  -0.00077283    -0.00000000   0.00000000
  0.00000000  -0.00000000    -0.00000000  -0.00000000    -0.00062611  -0.00062611
    1    5
  0.01729471  -0.00000000     0.00000000   0.05303429     0.00000000  -0.00000000
  0.00000000   0.00724354     0.00109295  -0.00000000     0.00000000  -0.00000000
  0.00000000  -0.00000000     0.00000000  -0.00000000     0.00088546  -0.00000000
    1    6
  0.01729471  -0.00000000    -0.00000000  -0.00000000     0.00000000   0.05303429
 -0.00000000  -0.00000000     0.00088546  -0.00000000     0.00000000  -0.00000000
  0.00000000   0.00724354     0.00000000  -0.00000000     0.00109295  -0.00000000
    1    7
 -0.01222921  -0.01222920     0.00000000  -0.00000000    -0.03750090   0.03750091
  0.00000000  -0.00000000    -0.00062611  -0.00062611    -0.00000000   0.00000000
 -0.00512195   0.00512195    -0.00000000   0.00000000    -0.00077283  -0.00077283
    2    1
  0.00840693   0.02029612    -0.00000000  -0.00000000     0.00000000  -0.00000000
 -0.00000000  -0.00000000    -0.00065482  -0.00511506     0.00000000  -0.00000000
  0.00000000   0.00000000     0.00000000   0.00000000    -0.00315387  -0.00407992
    2    2
  0.05392143   0.00000000    -0.00000000   0.00000000    -0.00000000   0.00000000
  0.00000000   0.00000000     0.03273925   0.00000000    -0.00000000   0.00000000
 -0.00000000   0.00000000    -0.00000000   0.00000000     0.03273925  -0.00000000
    2    3
  0.00956353   0.00000000     0.00000000  -0.00000000    -0.00000000   0.00000000
  0.00000000  -0.00000000     0.01309394   0.01710051    -0.00000000   0.00000000
 -0.00000000   0.00000000    -0.00000000   0.00000000     0.01309394  -0.01710051
    2    4
  0.00873590   0.00313459    -0.00209452  -0.00205388    -0.00000000  -0.00000000
  0.01538644   0.01599354     0.00363531   0.00101482    -0.00000000  -0.00000000
  0.00000000   0.00000000    -0.00000000  -0.00000000    -0.00113298  -0.00070529
    2    5
 -0.00839370   0.00396072    -0.00293336   0.00002873     0.00000000   0.00000000
  0.02218900   0.00042929    -0.00328814   0.00185296     0.00000000   0.00000000
  0.00000000   0.00000000     0.00000000   0.00000000     0.00129985  -0.00030242
    2    6
  0.00873590  -0.00313459     0.00000000   0.00000000    -0.00209452   0.00205388
 -0.00000000   0.00000000    -0.00113298   0.00070529    -0.00000000  -0.00000000
  0.01538644  -0.01599354     0.00000000   0.00000000     0.00363531  -0.00101482
    2    7
 -0.00839370  -0.00396072    -0.00000000   0.00000000    -0.00293336  -0.00002873
 -0.00000000   0.00000000     0.00129985   0.00030242     0.00000000   0.00000000
  0.02218900  -0.00042929     0.00000000   0.00000000    -0.00328814  -0.00185296
    3    1
  0.00840693   0.02029612    -0.00000000  -0.00000000     0.00000000  -0.00000000
  0.00000000  -0.00000000    -0.00315387  -0.00407992     0.00000000  -0.00000000
  0.00000000   0.00000000     0.00000000  -0.00000000    -0.00065482  -0.00511506
    3    2
  0.00956353  -0.00000000     0.00000000   0.00000000    -0.00000000  -0.00000000
  0.00000000   0.00000000     0.01309394  -0.01710051    -0.00000000  -0.00000000
 -0.00000000  -0.00000000    -0.00000000  -0.00000000     0.01309394   0.01710051
    3    3
  0.05392143  -0.00000000    -0.00000000  -0.00000000    -0.00000000  -0.00000000
  0.00000000  -0.00000000     0.03273925  -0.00000000    -0.00000000  -0.00000000
 -0.00000000  -0.00000000    -0.00000000  -0.00000000     0.03273925   0.00000000
    3    4
 -0.00839370  -0.00396072    -0.00293336  -0.00002873     0.00000000   0.00000000
  0.02218900  -0.00042929    -0.00328814  -0.00185296     0.00000000   0.00000000
  0.00000000   0.00000000     0.00000000   0.00000000     0.00129985   0.00030242
    3    5
  0.00873590  -0.00313459    -0.00209452   0.00205388     0.00000000   0.00000000
  0.01538644  -0.01599354     0.00363531  -0.00101482     0.00000000   0.00000000
  0.00000000  -0.00000000    -0.00000000   0.00000000    -0.00113298   0.00070529
    3    6
 -0.00839370   0.00396072     0.00000000  -0.00000000    -0.00293336   0.00002873
 -0.00000000  -0.00000000     0.00129985  -0.00030242     0.00000000  -0.00000000
  0.02218900   0.00042929     0.00000000  -0.00000000    -0.00328814   0.00185296
    3    7
  0.00873590   0.00313459    -0.00000000  -0.00000000    -0.00209452  -0.00205388
 -0.00000000  -0.00000000    -0.00113298  -0.00070529    -0.00000000  -0.00000000
  0.01538644   0.01599354    -0.00000000   0.00000000     0.00363531   0.00101482
    4    1
 -0.01222921   0.01222920    -0.00512195  -0.00512195    -0.00000000   0.00000000
 -0.03750090  -0.03750091    -0.00077283   0.00077283    -0.00000000   0.00000000
 -0.00000000   0.00000000    -0.00000000   0.00000000    -0.00062611   0.00062611
    4    2
  0.00873590  -0.00313459     0.01538644  -0.01599354     0.00000000   0.00000000
 -0.00209452   0.00205388     0.00363531  -0.00101482     0.00000000   0.00000000
  0.00000000   0.00000000     0.00000000   0.00000000    -0.00113298   0.00070529
    4    3
 -0.00839370   0.00396072     0.02218900   0.00042929    -0.00000000   0.00000000
 -0.00293336   0.00002873    -0.00328814   0.00185296    -0.00000000   0.00000000
  0.00000000   0.00000000     0.00000000   0.00000000     0.00129985  -0.00030242
    4    4
  0.03271063  -0.00000000     0.00000000  -0.00564481    -0.00000000  -0.00000000
  0.00000000   0.00564481     0.02876017  -0.00000000     0.00000000  -0.00000000
 -0.00000000   0.00000000    -0.00000000   0.00000000     0.06025589   0.00000000
    4    5
  0.00686102  -0.00686102    -0.00292563  -0.00292563    -0.00000000   0.00000000
 -0.00292563  -0.00292563     0.00963017  -0.00963017    -0.00000000   0.00000000
 -0.00000000   0.00000000    -0.00000000   0.00000000     0.03795358  -0.03795357
    4    6
 -0.00077186   0.00077186    -0.00018965  -0.00018965    -0.00102808  -0.00102808
 -0.00102808  -0.00102808     0.00150035  -0.00150035     0.01028769  -0.01028768
 -0.00018965  -0.00018965     0.03936384  -0.03936382     0.00150035  -0.00150035
    4    7
  0.00109157  -0.00000000    -0.00000000   0.00026821    -0.00000000  -0.00145393
 -0.00000000   0.00145393    -0.00212181   0.00000000     0.01454899  -0.00000000
 -0.00000000  -0.00026821     0.05566886  -0.00000000    -0.00212181   0.00000000
    5    1
  0.01729471   0.00000000     0.00000000  -0.00724354     0.00000000   0.00000000
  0.00000000  -0.05303429     0.00109295   0.00000000     0.00000000   0.00000000
 -0.00000000   0.00000000    -0.00000000   0.00000000     0.00088546   0.00000000
    5    2
 -0.00839370  -0.00396072     0.02218900  -0.00042929     0.00000000  -0.00000000
 -0.00293336  -0.00002873    -0.00328814  -0.00185296    -0.00000000   0.00000000
  0.00000000  -0.00000000     0.00000000   0.00000000     0.00129985   0.00030242
    5    3
  0.00873590   0.00313459     0.01538644   0.01599354     0.00000000   0.00000000
 -0.00209452  -0.00205388     0.00363531   0.00101482     0.00000000   0.00000000
  0.00000000   0.00000000     0.00000000  -0.00000000    -0.00113298  -0.00070529
    5    4
  0.00686102   0.00686102    -0.00292563   0.00292563    -0.00000000  -0.00000000
 -0.00292563   0.00292563     0.00963017   0.00963017    -0.00000000  -0.00000000
 -0.00000000  -0.00000000    -0.00000000  -0.00000000     0.03795358   0.03795357
    5    5
  0.03271063   0.00000000     0.00000000   0.00564481    -0.00000000   0.00000000
  0.00000000  -0.00564481     0.02876017   0.00000000     0.00000000   0.00000000
 -0.00000000   0.00000000    -0.00000000   0.00000000     0.06025589  -0.00000000
    5    6
  0.00109157   0.00000000    -0.00000000  -0.00026821    -0.00000000   0.00145393
 -0.00000000  -0.00145393    -0.00212181  -0.00000000     0.01454899   0.00000000
 -0.00000000   0.00026821     0.05566886   0.00000000    -0.00212181  -0.00000000
    5    7
 -0.00077186  -0.00077186    -0.00018965   0.00018965    -0.00102808   0.00102808
 -0.00102808   0.00102808     0.00150035   0.00150035     0.01028769   0.01028768
 -0.00018965   0.00018965     0.03936384   0.03936382     0.00150035   0.00150035
    6    1
  0.01729471   0.00000000    -0.00000000   0.00000000     0.00000000  -0.00724354
  0.00000000   0.00000000     0.00088546   0.00000000    -0.00000000  -0.00000000
  0.00000000  -0.05303429     0.00000000  -0.00000000     0.00109295  -0.00000000
    6    2
  0.00873590   0.00313459    -0.00000000  -0.00000000     0.01538644   0.01599354
 -0.00000000  -0.00000000    -0.00113298  -0.00070529    -0.00000000  -0.00000000
 -0.00209452  -0.00205388    -0.00000000  -0.00000000     0.00363531   0.00101482
    6    3
 -0.00839370  -0.00396072    -0.00000000   0.00000000     0.02218900  -0.00042929
 -0.00000000   0.00000000     0.00129985   0.00030242    -0.00000000   0.00000000
 -0.00293336  -0.00002873    -0.00000000   0.00000000    -0.00328814  -0.00185296
    6    4
 -0.00077186  -0.00077186    -0.00102808   0.00102808    -0.00018965   0.00018965
 -0.00018965   0.00018965     0.00150035   0.00150035     0.03936384   0.03936382
 -0.00102808   0.00102808     0.01028769   0.01028768     0.00150035   0.00150035
    6    5
  0.00109157  -0.00000000    -0.00000000   0.00145393    -0.00000000  -0.00026821
 -0.00000000   0.00026821    -0.00212181   0.00000000     0.05566886  -0.00000000
 -0.00000000  -0.00145393     0.01454899  -0.00000000    -0.00212181   0.00000000
    6    6
  0.03271063  -0.00000000    -0.00000000  -0.00000000    -0.00000000   0.00564481
  0.00000000  -0.00000000     0.06025589  -0.00000000     0.00000000  -0.00000000
 -0.00000000  -0.00564481     0.00000000   0.00000000     0.02876017   0.00000000
    6    7
  0.00686102   0.00686102    -0.00000000  -0.00000000    -0.00292563   0.00292563
  0.00000000  -0.00000000     0.03795358   0.03795357     0.00000000  -0.00000000
 -0.00292563   0.00292563     0.00000000  -0.00000000     0.00963017   0.00963017
    7    1
 -0.01222921   0.01222920     0.00000000   0.00000000    -0.00512195  -0.00512195
  0.00000000   0.00000000    -0.00062611   0.00062611    -0.00000000  -0.00000000
 -0.03750090  -0.03750091    -0.00000000  -0.00000000    -0.00077283   0.00077283
    7    2
 -0.00839370   0.00396072    -0.00000000  -0.00000000     0.02218900   0.00042929
  0.00000000   0.00000000     0.00129985  -0.00030242     0.00000000   0.00000000
 -0.00293336   0.00002873     0.00000000  -0.00000000    -0.00328814   0.00185296
    7    3
  0.00873590  -0.00313459    -0.00000000   0.00000000     0.01538644  -0.01599354
  0.00000000   0.00000000    -0.00113298   0.00070529    -0.00000000   0.00000000
 -0.00209452   0.00205388    -0.00000000   0.00000000     0.00363531  -0.00101482
    7    4
  0.00109157   0.00000000    -0.00000000  -0.00145393    -0.00000000   0.00026821
 -0.00000000  -0.00026821    -0.00212181  -0.00000000     0.05566886   0.00000000
 -0.00000000   0.00145393     0.01454899   0.00000000    -0.00212181  -0.00000000
    7    5
 -0.00077186   0.00077186    -0.00102808  -0.00102808    -0.00018965  -0.00018965
 -0.00018965  -0.00018965     0.00150035  -0.00150035     0.03936384  -0.03936382
 -0.00102808  -0.00102808     0.01028769  -0.01028768     0.00150035  -0.00150035
    7    6
  0.00686102  -0.00686102    -0.00000000   0.00000000    -0.00292563  -0.00292563
  0.00000000   0.00000000     0.03795358  -0.03795357     0.00000000   0.00000000
 -0.00292563  -0.00292563     0.00000000   0.00000000     0.00963017  -0.00963017
    7    7
  0.03271063   0.00000000    -0.00000000   0.00000000    -0.00000000  -0.00564481
  0.00000000   0.00000000     0.06025589   0.00000000     0.00000000   0.00000000
 -0.00000000   0.00564481     0.00000000   0.00000000     0.02876017  -0.00000000

     Dynamical  Matrix in cartesian axes

     q = (   -0.649519100  -0.000000000  -0.000000000 ) 

    1    1
  0.20791548   0.00000000    -0.00000000   0.00000000     0.00000000   0.00000000
  0.00000000   0.00000000     0.03325016   0.00000000     0.00000000   0.00000000
 -0.00000000   0.00000000     0.00000000   0.00000000     0.03325016   0.00000000
    1    2
  0.00840693   0.02029612     0.00000000  -0.00000000     0.00000000   0.00000000
 -0.00000000  -0.00000000    -0.00065482  -0.00511506    -0.00000000  -0.00000000
  0.00000000  -0.00000000     0.00000000  -0.00000000    -0.00315387  -0.00407992
    1    3
  0.00840693   0.02029612    -0.00000000  -0.00000000    -0.00000000  -0.00000000
 -0.00000000  -0.00000000    -0.00315387  -0.00407992    -0.00000000   0.00000000
 -0.00000000   0.00000000    -0.00000000   0.00000000    -0.00065482  -0.00511506
    1    4
 -0.01222921   0.01222920    -0.03750090  -0.03750091     0.00000000   0.00000000
 -0.00512195  -0.00512195    -0.00077283   0.00077283     0.00000000  -0.00000000
 -0.00000000  -0.00000000    -0.00000000   0.00000000    -0.00062611   0.00062611
    1    5
  0.01729471   0.00000000     0.00000000  -0.05303429    -0.00000000  -0.00000000
  0.00000000  -0.00724354     0.00109295   0.00000000     0.00000000   0.00000000
 -0.00000000   0.00000000    -0.00000000   0.00000000     0.00088546   0.00000000
    1    6
  0.01729471   0.00000000     0.00000000   0.00000000     0.00000000  -0.05303429
  0.00000000   0.00000000     0.00088546   0.00000000     0.00000000   0.00000000
  0.00000000  -0.00724354     0.00000000  -0.00000000     0.00109295   0.00000000
    1    7
 -0.01222921   0.01222920     0.00000000   0.00000000    -0.03750090  -0.03750091
  0.00000000   0.00000000    -0.00062611   0.00062611     0.00000000   0.00000000
 -0.00512195  -0.00512195     0.00000000   0.00000000    -0.00077283   0.00077283
    2    1
  0.00840693  -0.02029612     0.00000000   0.00000000     0.00000000   0.00000000
 -0.00000000   0.00000000    -0.00065482   0.00511506     0.00000000  -0.00000000
  0.00000000   0.00000000     0.00000000  -0.00000000    -0.00315387   0.00407992
    2    2
  0.05392143   0.00000000     0.00000000   0.00000000    -0.00000000  -0.00000000
  0.00000000   0.00000000     0.03273925  -0.00000000    -0.00000000  -0.00000000
 -0.00000000  -0.00000000     0.00000000  -0.00000000     0.03273925   0.00000000
    2    3
  0.00956353   0.00000000    -0.00000000   0.00000000    -0.00000000  -0.00000000
 -0.00000000  -0.00000000     0.01309394  -0.01710051    -0.00000000  -0.00000000
 -0.00000000  -0.00000000    -0.00000000  -0.00000000     0.01309394   0.01710051
    2    4
  0.00873590  -0.00313459    -0.00209452   0.00205388     0.00000000   0.00000000
  0.01538644  -0.01599354     0.00363531  -0.00101482     0.00000000  -0.00000000
  0.00000000  -0.00000000     0.00000000   0.00000000    -0.00113298   0.00070529
    2    5
 -0.00839370  -0.00396072    -0.00293336  -0.00002873     0.00000000   0.00000000
  0.02218900  -0.00042929    -0.00328814  -0.00185296    -0.00000000   0.00000000
  0.00000000   0.00000000     0.00000000   0.00000000     0.00129985   0.00030242
    2    6
  0.00873590   0.00313459    -0.00000000  -0.00000000    -0.00209452  -0.00205388
 -0.00000000  -0.00000000    -0.00113298  -0.00070529    -0.00000000   0.00000000
  0.01538644   0.01599354    -0.00000000   0.00000000     0.00363531   0.00101482
    2    7
 -0.00839370   0.00396072     0.00000000  -0.00000000    -0.00293336   0.00002873
  0.00000000  -0.00000000     0.00129985  -0.00030242     0.00000000  -0.00000000
  0.02218900   0.00042929     0.00000000  -0.00000000    -0.00328814   0.00185296
    3    1
  0.00840693  -0.02029612    -0.00000000   0.00000000    -0.00000000   0.00000000
  0.00000000   0.00000000    -0.00315387   0.00407992    -0.00000000  -0.00000000
 -0.00000000  -0.00000000    -0.00000000   0.00000000    -0.00065482   0.00511506
    3    2
  0.00956353  -0.00000000    -0.00000000  -0.00000000    -0.00000000   0.00000000
 -0.00000000   0.00000000     0.01309394   0.01710051    -0.00000000   0.00000000
 -0.00000000   0.00000000    -0.00000000   0.00000000     0.01309394  -0.01710051
    3    3
  0.05392143   0.00000000     0.00000000  -0.00000000    -0.00000000   0.00000000
  0.00000000  -0.00000000     0.03273925   0.00000000    -0.00000000   0.00000000
 -0.00000000   0.00000000     0.00000000   0.00000000     0.03273925  -0.00000000
    3    4
 -0.00839370   0.00396072    -0.00293336   0.00002873    -0.00000000   0.00000000
  0.02218900   0.00042929    -0.00328814   0.00185296    -0.00000000  -0.00000000
  0.00000000   0.00000000     0.00000000  -0.00000000     0.00129985  -0.00030242
    3    5
  0.00873590   0.00313459    -0.00209452  -0.00205388     0.00000000   0.00000000
  0.01538644   0.01599354     0.00363531   0.00101482     0.00000000   0.00000000
  0.00000000   0.00000000     0.00000000   0.00000000    -0.00113298  -0.00070529
    3    6
 -0.00839370  -0.00396072     0.00000000   0.00000000    -0.00293336  -0.00002873
 -0.00000000   0.00000000     0.00129985   0.00030242     0.00000000   0.00000000
  0.02218900  -0.00042929     0.00000000   0.00000000    -0.00328814  -0.00185296
    3    7
  0.00873590  -0.00313459    -0.00000000   0.00000000    -0.00209452   0.00205388
 -0.00000000   0.00000000    -0.00113298   0.00070529    -0.00000000   0.00000000
  0.01538644  -0.01599354    -0.00000000   0.00000000     0.00363531  -0.00101482
    4    1
 -0.01222921  -0.01222920    -0.00512195   0.00512195    -0.00000000   0.00000000
 -0.03750090   0.03750091    -0.00077283  -0.00077283    -0.00000000   0.00000000
  0.00000000   0.00000000     0.00000000   0.00000000    -0.00062611  -0.00062611
    4    2
  0.00873590   0.00313459     0.01538644   0.01599354     0.00000000  -0.00000000
 -0.00209452  -0.00205388     0.00363531   0.00101482     0.00000000  -0.00000000
  0.00000000   0.00000000     0.00000000   0.00000000    -0.00113298  -0.00070529
    4    3
 -0.00839370  -0.00396072     0.02218900  -0.00042929    -0.00000000   0.00000000
 -0.00293336  -0.00002873    -0.00328814  -0.00185296    -0.00000000   0.00000000
  0.00000000  -0.00000000     0.00000000  -0.00000000     0.00129985   0.00030242
    4    4
  0.03271063   0.00000000     0.00000000   0.00564481     0.00000000   0.00000000
  0.00000000  -0.00564481     0.02876017   0.00000000    -0.00000000   0.00000000
 -0.00000000   0.00000000    -0.00000000   0.00000000     0.06025589  -0.00000000
    4    5
  0.00686102   0.00686102    -0.00292563   0.00292563    -0.00000000  -0.00000000
 -0.00292563   0.00292563     0.00963017   0.00963017    -0.00000000  -0.00000000
 -0.00000000  -0.00000000    -0.00000000  -0.00000000     0.03795358   0.03795357
    4    6
 -0.00077186  -0.00077186    -0.00018965   0.00018965    -0.00102808   0.00102808
 -0.00102808   0.00102808     0.00150035   0.00150035     0.01028769   0.01028768
 -0.00018965   0.00018965     0.03936384   0.03936382     0.00150035   0.00150035
    4    7
  0.00109157  -0.00000000    -0.00000000  -0.00026821    -0.00000000   0.00145393
 -0.00000000  -0.00145393    -0.00212181   0.00000000     0.01454899  -0.00000000
  0.00000000   0.00026821     0.05566886  -0.00000000    -0.00212181   0.00000000
    5    1
  0.01729471  -0.00000000     0.00000000   0.00724354     0.00000000   0.00000000
  0.00000000   0.05303429     0.00109295   0.00000000     0.00000000   0.00000000
 -0.00000000   0.00000000     0.00000000   0.00000000     0.00088546   0.00000000
    5    2
 -0.00839370   0.00396072     0.02218900   0.00042929     0.00000000  -0.00000000
 -0.00293336   0.00002873    -0.00328814   0.00185296    -0.00000000  -0.00000000
  0.00000000   0.00000000    -0.00000000   0.00000000     0.00129985  -0.00030242
    5    3
  0.00873590  -0.00313459     0.01538644  -0.01599354     0.00000000   0.00000000
 -0.00209452   0.00205388     0.00363531  -0.00101482     0.00000000   0.00000000
  0.00000000   0.00000000     0.00000000   0.00000000    -0.00113298   0.00070529
    5    4
  0.00686102  -0.00686102    -0.00292563  -0.00292563    -0.00000000   0.00000000
 -0.00292563  -0.00292563     0.00963017  -0.00963017    -0.00000000   0.00000000
 -0.00000000   0.00000000    -0.00000000   0.00000000     0.03795358  -0.03795357
    5    5
  0.03271063  -0.00000000     0.00000000  -0.00564481     0.00000000   0.00000000
  0.00000000   0.00564481     0.02876017  -0.00000000    -0.00000000   0.00000000
 -0.00000000   0.00000000    -0.00000000   0.00000000     0.06025589   0.00000000
    5    6
  0.00109157   0.00000000    -0.00000000   0.00026821    -0.00000000  -0.00145393
 -0.00000000   0.00145393    -0.00212181  -0.00000000     0.01454899   0.00000000
  0.00000000  -0.00026821     0.05566886   0.00000000    -0.00212181  -0.00000000
    5    7
 -0.00077186   0.00077186    -0.00018965  -0.00018965    -0.00102808  -0.00102808
 -0.00102808  -0.00102808     0.00150035  -0.00150035     0.01028769  -0.01028768
 -0.00018965  -0.00018965     0.03936384  -0.03936382     0.00150035  -0.00150035
    6    1
  0.01729471  -0.00000000    -0.00000000  -0.00000000     0.00000000   0.00724354
  0.00000000  -0.00000000     0.00088546  -0.00000000     0.00000000   0.00000000
  0.00000000   0.05303429     0.00000000   0.00000000     0.00109295   0.00000000
    6    2
  0.00873590  -0.00313459    -0.00000000   0.00000000     0.01538644  -0.01599354
  0.00000000   0.00000000    -0.00113298   0.00070529     0.00000000   0.00000000
 -0.00209452   0.00205388    -0.00000000  -0.00000000     0.00363531  -0.00101482
    6    3
 -0.00839370   0.00396072    -0.00000000  -0.00000000     0.02218900   0.00042929
  0.00000000   0.00000000     0.00129985  -0.00030242     0.00000000  -0.00000000
 -0.00293336   0.00002873     0.00000000  -0.00000000    -0.00328814   0.00185296
    6    4
 -0.00077186   0.00077186    -0.00102808  -0.00102808    -0.00018965  -0.00018965
 -0.00018965  -0.00018965     0.00150035  -0.00150035     0.03936384  -0.03936382
 -0.00102808  -0.00102808     0.01028769  -0.01028768     0.00150035  -0.00150035
    6    5
  0.00109157  -0.00000000    -0.00000000  -0.00145393     0.00000000   0.00026821
 -0.00000000  -0.00026821    -0.00212181   0.00000000     0.05566886  -0.00000000
  0.00000000   0.00145393     0.01454899  -0.00000000    -0.00212181   0.00000000
    6    6
  0.03271063   0.00000000     0.00000000   0.00000000    -0.00000000  -0.00564481
  0.00000000   0.00000000     0.06025589   0.00000000    -0.00000000   0.00000000
  0.00000000   0.00564481    -0.00000000   0.00000000     0.02876017  -0.00000000
    6    7
  0.00686102  -0.00686102    -0.00000000   0.00000000    -0.00292563  -0.00292563
  0.00000000   0.00000000     0.03795358  -0.03795357     0.00000000  -0.00000000
 -0.00292563  -0.00292563     0.00000000  -0.00000000     0.00963017  -0.00963017
    7    1
 -0.01222921  -0.01222920     0.00000000   0.00000000    -0.00512195   0.00512195
  0.00000000  -0.00000000    -0.00062611  -0.00062611    -0.00000000  -0.00000000
 -0.03750090   0.03750091     0.00000000  -0.00000000    -0.00077283  -0.00077283
    7    2
 -0.00839370  -0.00396072    -0.00000000   0.00000000     0.02218900  -0.00042929
  0.00000000   0.00000000     0.00129985   0.00030242    -0.00000000   0.00000000
 -0.00293336  -0.00002873     0.00000000   0.00000000    -0.00328814  -0.00185296
    7    3
  0.00873590   0.00313459    -0.00000000  -0.00000000     0.01538644   0.01599354
 -0.00000000   0.00000000    -0.00113298  -0.00070529    -0.00000000  -0.00000000
 -0.00209452  -0.00205388     0.00000000  -0.00000000     0.00363531   0.00101482
    7    4
  0.00109157   0.00000000    -0.00000000   0.00145393     0.00000000  -0.00026821
 -0.00000000   0.00026821    -0.00212181   0.00000000     0.05566886   0.00000000
  0.00000000  -0.00145393     0.01454899   0.00000000    -0.00212181  -0.00000000
    7    5
 -0.00077186  -0.00077186    -0.00102808   0.00102808    -0.00018965   0.00018965
 -0.00018965   0.00018965     0.00150035   0.00150035     0.03936384   0.03936382
 -0.00102808   0.00102808     0.01028769   0.01028768     0.00150035   0.00150035
    7    6
  0.00686102   0.00686102    -0.00000000  -0.00000000    -0.00292563   0.00292563
  0.00000000  -0.00000000     0.03795358   0.03795357     0.00000000   0.00000000
 -0.00292563   0.00292563     0.00000000   0.00000000     0.00963017   0.00963017
    7    7
  0.03271063  -0.00000000     0.00000000  -0.00000000    -0.00000000   0.00564481
  0.00000000  -0.00000000     0.06025589  -0.00000000    -0.00000000  -0.00000000
  0.00000000  -0.00564481    -0.00000000   0.00000000     0.02876017   0.00000000

     Dynamical  Matrix in cartesian axes

     q = (   -0.000000000   0.649519100   0.000000000 ) 

    1    1
  0.03325016   0.00000000     0.00000000   0.00000000     0.00000000   0.00000000
 -0.00000000   0.00000000     0.20791548   0.00000000    -0.00000000   0.00000000
 -0.00000000   0.00000000     0.00000000   0.00000000     0.03325016   0.00000000
    1    2
  0.00109295  -0.00000000     0.00000000   0.00724354    -0.00000000  -0.00000000
  0.00000000   0.05303429     0.01729471  -0.00000000    -0.00000000   0.00000000
  0.00000000  -0.00000000    -0.00000000   0.00000000     0.00088546  -0.00000000
    1    3
 -0.00077283  -0.00077283    -0.00512195   0.00512195     0.00000000   0.00000000
 -0.03750090   0.03750091    -0.01222921  -0.01222920     0.00000000  -0.00000000
 -0.00000000  -0.00000000     0.00000000  -0.00000000    -0.00062611  -0.00062611
    1    4
 -0.00315387   0.00407992    -0.00000000   0.00000000    -0.00000000   0.00000000
 -0.00000000   0.00000000     0.00840693  -0.02029612    -0.00000000   0.00000000
  0.00000000   0.00000000     0.00000000  -0.00000000    -0.00065482   0.00511506
    1    5
 -0.00065482   0.00511506    -0.00000000   0.00000000     0.00000000  -0.00000000
 -0.00000000   0.00000000     0.00840693  -0.02029612     0.00000000  -0.00000000
  0.00000000   0.00000000     0.00000000  -0.00000000    -0.00315387   0.00407992
    1    6
 -0.00062611  -0.00062611     0.00000000  -0.00000000    -0.00000000   0.00000000
  0.00000000  -0.00000000    -0.01222921  -0.01222920    -0.03750090   0.03750091
  0.00000000  -0.00000000    -0.00512195   0.00512195    -0.00077283  -0.00077283
    1    7
  0.00088546  -0.00000000     0.00000000  -0.00000000     0.00000000  -0.00000000
 -0.00000000  -0.00000000     0.01729471  -0.00000000     0.00000000   0.05303429
