  5.000000000000000E-003   1.26088367795901        1.90067469670089     
          12

     Dynamical  Matrix in cartesian axes

     q = (   -0.866025404  -0.216506351  -0.216506351 ) 

    1    1
  0.00793903  -0.00000000    -0.00000000   0.00000000    -0.00000000   0.00000000
 -0.00000000   0.00000000     0.16904381  -0.00000000     0.04960480  -0.00000000
 -0.00000000   0.00000000     0.04960480  -0.00000000     0.16904381  -0.00000000
    1    2
  0.00000000  -0.00000000    -0.00462368   0.00462368    -0.00462368   0.00462368
 -0.02597118   0.02597118     0.00766523   0.00766523    -0.02057435  -0.02057435
 -0.02597118   0.02597118     0.02057435   0.02057435    -0.00766523  -0.00766523
    1    3
  0.00000000  -0.00000000    -0.00462368   0.00462368    -0.00462368   0.00462368
 -0.02597118   0.02597118    -0.00766523  -0.00766523     0.02057435   0.02057435
 -0.02597118   0.02597118    -0.02057435  -0.02057435     0.00766523   0.00766523
    1    4
 -0.00298695   0.00353938    -0.00000000  -0.00000000    -0.00000000   0.00000000
  0.00000000   0.00000000    -0.01027433   0.03368782    -0.03189295  -0.01915456
 -0.00000000   0.00000000     0.04342421   0.06264344     0.01145996  -0.02295926
    1    5
 -0.00353938   0.00298695     0.00000000   0.00000000    -0.00000000   0.00000000
 -0.00000000  -0.00000000    -0.03368782   0.01027433     0.01915456   0.03189295
 -0.00000000   0.00000000    -0.06264344  -0.04342421     0.02295926  -0.01145996
    1    6
 -0.00353938   0.00298695    -0.00000000   0.00000000     0.00000000  -0.00000000
 -0.00000000   0.00000000     0.02295926  -0.01145996    -0.06264344  -0.04342421
 -0.00000000  -0.00000000     0.01915456   0.03189295    -0.03368782   0.01027433
    1    7
 -0.00298695   0.00353938     0.00000000   0.00000000     0.00000000  -0.00000000
 -0.00000000  -0.00000000     0.01145996  -0.02295926     0.04342421   0.06264344
  0.00000000  -0.00000000    -0.03189295  -0.01915456    -0.01027433   0.03368782
    2    1
  0.00000000   0.00000000    -0.02597118  -0.02597118    -0.02597118  -0.02597118
 -0.00462368  -0.00462368     0.00766523  -0.00766523     0.02057435  -0.02057435
 -0.00462368  -0.00462368    -0.02057435   0.02057435    -0.00766523   0.00766523
    2    2
  0.01304910   0.00000000    -0.00000000  -0.00704196    -0.00000000   0.00704196
  0.00000000   0.00704196     0.02020498  -0.00000000     0.00393596   0.00000000
 -0.00000000  -0.00704196     0.00393596   0.00000000     0.02020498  -0.00000000
    2    3
  0.01256235  -0.00000000     0.00000000   0.00633181    -0.00000000  -0.00633181
  0.00000000   0.00633181    -0.00199126   0.00000000     0.00129078  -0.00000000
 -0.00000000  -0.00633181     0.00129078  -0.00000000    -0.00199126   0.00000000
    2    4
  0.00013583  -0.00030527     0.00759061  -0.01528711    -0.00286431   0.00772909
  0.00700676  -0.00008695     0.01887756   0.00228485    -0.00355573  -0.00641598
  0.00106253  -0.00049590     0.00185821  -0.00721116     0.00646836   0.00154706
    2    5
 -0.00013583  -0.00030527     0.00759061   0.01528711    -0.00286431  -0.00772909
  0.00700676   0.00008695    -0.01887756   0.00228485     0.00355573  -0.00641598
  0.00106253   0.00049590    -0.00185821  -0.00721116    -0.00646836   0.00154706
    2    6
  0.00013583   0.00030527    -0.00286431  -0.00772909     0.00759061   0.01528711
  0.00106253   0.00049590     0.00646836  -0.00154706     0.00185821   0.00721116
  0.00700676   0.00008695    -0.00355573   0.00641598     0.01887756  -0.00228485
    2    7
 -0.00013583   0.00030527    -0.00286431   0.00772909     0.00759061  -0.01528711
  0.00106253  -0.00049590    -0.00646836  -0.00154706    -0.00185821   0.00721116
  0.00700676  -0.00008695     0.00355573   0.00641598    -0.01887756  -0.00228485
    3    1
  0.00000000   0.00000000    -0.02597118  -0.02597118    -0.02597118  -0.02597118
 -0.00462368  -0.00462368    -0.00766523   0.00766523    -0.02057435   0.02057435
 -0.00462368  -0.00462368     0.02057435  -0.02057435     0.00766523  -0.00766523
    3    2
  0.01256235   0.00000000     0.00000000  -0.00633181    -0.00000000   0.00633181
  0.00000000  -0.00633181    -0.00199126   0.00000000     0.00129078   0.00000000
 -0.00000000   0.00633181     0.00129078  -0.00000000    -0.00199126   0.00000000
    3    3
  0.01304910  -0.00000000    -0.00000000   0.00704196    -0.00000000  -0.00704196
  0.00000000  -0.00704196     0.02020498  -0.00000000     0.00393596   0.00000000
 -0.00000000   0.00704196     0.00393596   0.00000000     0.02020498   0.00000000
    3    4
 -0.00013583   0.00030527     0.00759061  -0.01528711    -0.00286431   0.00772909
  0.00700676  -0.00008695    -0.01887756  -0.00228485     0.00355573   0.00641598
  0.00106253  -0.00049590    -0.00185821   0.00721116    -0.00646836  -0.00154706
    3    5
  0.00013583   0.00030527     0.00759061   0.01528711    -0.00286431  -0.00772909
  0.00700676   0.00008695     0.01887756  -0.00228485    -0.00355573   0.00641598
  0.00106253   0.00049590     0.00185821   0.00721116     0.00646836  -0.00154706
    3    6
 -0.00013583  -0.00030527    -0.00286431  -0.00772909     0.00759061   0.01528711
  0.00106253   0.00049590    -0.00646836   0.00154706    -0.00185821  -0.00721116
  0.00700676   0.00008695     0.00355573  -0.00641598    -0.01887756   0.00228485
    3    7
  0.00013583  -0.00030527    -0.00286431   0.00772909     0.00759061  -0.01528711
  0.00106253  -0.00049590     0.00646836   0.00154706     0.00185821  -0.00721116
  0.00700676  -0.00008695    -0.00355573  -0.00641598     0.01887756   0.00228485
    4    1
 -0.00298695  -0.00353938    -0.00000000  -0.00000000    -0.00000000  -0.00000000
 -0.00000000   0.00000000    -0.01027433  -0.03368782     0.04342421  -0.06264344
  0.00000000  -0.00000000    -0.03189295   0.01915456     0.01145996   0.02295926
    4    2
  0.00013583   0.00030527     0.00700676   0.00008695     0.00106253   0.00049590
  0.00759061   0.01528711     0.01887756  -0.00228485     0.00185821   0.00721116
 -0.00286431  -0.00772909    -0.00355573   0.00641598     0.00646836  -0.00154706
    4    3
 -0.00013583  -0.00030527     0.00700676   0.00008695     0.00106253   0.00049590
  0.00759061   0.01528711    -0.01887756   0.00228485    -0.00185821  -0.00721116
 -0.00286431  -0.00772909     0.00355573  -0.00641598    -0.00646836   0.00154706
    4    4
  0.00619387  -0.00000000     0.00000000  -0.00000000    -0.00000000  -0.00000000
 -0.00000000   0.00000000     0.05125508  -0.00000000    -0.00322891  -0.00284413
 -0.00000000   0.00000000    -0.00322891   0.00284413     0.02717932  -0.00000000
    4    5
  0.00528432  -0.00013989     0.00000000   0.00000000     0.00000000  -0.00000000
  0.00000000   0.00000000    -0.03363853   0.00471977     0.00138791  -0.01782335
  0.00000000   0.00000000     0.00138791  -0.01782335     0.00438280   0.00007820
    4    6
 -0.00020095   0.00070936    -0.00000000  -0.00000000    -0.00000000  -0.00000000
 -0.00000000  -0.00000000     0.00911464   0.00506895     0.00516777   0.03070469
 -0.00000000  -0.00000000     0.00243283   0.01869491     0.00911464   0.00506895
    4    7
  0.00014839  -0.00000000    -0.00000000  -0.00000000     0.00000000   0.00000000
 -0.00000000   0.00000000    -0.02342243   0.00820894     0.00050672  -0.00000000
  0.00000000   0.00000000     0.00683751  -0.00000000    -0.02342243  -0.00820894
    5    1
 -0.00353938  -0.00298695     0.00000000   0.00000000    -0.00000000  -0.00000000
  0.00000000   0.00000000    -0.03368782  -0.01027433    -0.06264344   0.04342421
 -0.00000000   0.00000000     0.01915456  -0.03189295     0.02295926   0.01145996
    5    2
 -0.00013583   0.00030527     0.00700676  -0.00008695     0.00106253  -0.00049590
  0.00759061  -0.01528711    -0.01887756  -0.00228485    -0.00185821   0.00721116
 -0.00286431   0.00772909     0.00355573   0.00641598    -0.00646836  -0.00154706
    5    3
  0.00013583  -0.00030527     0.00700676  -0.00008695     0.00106253  -0.00049590
  0.00759061  -0.01528711     0.01887756   0.00228485     0.00185821  -0.00721116
 -0.00286431   0.00772909    -0.00355573  -0.00641598     0.00646836   0.00154706
    5    4
  0.00528432   0.00013989     0.00000000  -0.00000000     0.00000000   0.00000000
  0.00000000  -0.00000000    -0.03363853  -0.00471977     0.00138791   0.01782335
  0.00000000   0.00000000     0.00138791   0.01782335     0.00438280  -0.00007820
    5    5
  0.00619387   0.00000000     0.00000000   0.00000000    -0.00000000  -0.00000000
 -0.00000000  -0.00000000     0.05125508  -0.00000000    -0.00322891   0.00284413
 -0.00000000   0.00000000    -0.00322891  -0.00284413     0.02717932   0.00000000
    5    6
  0.00014839   0.00000000    -0.00000000   0.00000000     0.00000000  -0.00000000
 -0.00000000   0.00000000    -0.02342243  -0.00820894     0.00050672  -0.00000000
  0.00000000  -0.00000000     0.00683751  -0.00000000    -0.02342243   0.00820894
    5    7
 -0.00020095  -0.00070936    -0.00000000   0.00000000    -0.00000000   0.00000000
  0.00000000   0.00000000     0.00911464  -0.00506895     0.00516777  -0.03070469
 -0.00000000   0.00000000     0.00243283  -0.01869491     0.00911464  -0.00506895
    6    1
 -0.00353938  -0.00298695     0.00000000  -0.00000000     0.00000000   0.00000000
  0.00000000   0.00000000     0.02295926   0.01145996     0.01915456  -0.03189295
  0.00000000   0.00000000    -0.06264344   0.04342421    -0.03368782  -0.01027433
    6    2
  0.00013583  -0.00030527     0.00106253  -0.00049590     0.00700676  -0.00008695
 -0.00286431   0.00772909     0.00646836   0.00154706    -0.00355573  -0.00641598
  0.00759061  -0.01528711     0.00185821  -0.00721116     0.01887756   0.00228485
    6    3
 -0.00013583   0.00030527     0.00106253  -0.00049590     0.00700676  -0.00008695
 -0.00286431   0.00772909    -0.00646836  -0.00154706     0.00355573   0.00641598
  0.00759061  -0.01528711    -0.00185821   0.00721116    -0.01887756  -0.00228485
    6    4
 -0.00020095  -0.00070936    -0.00000000   0.00000000    -0.00000000   0.00000000
 -0.00000000   0.00000000     0.00911464  -0.00506895     0.00243283  -0.01869491
 -0.00000000   0.00000000     0.00516777  -0.03070469     0.00911464  -0.00506895
    6    5
  0.00014839   0.00000000     0.00000000  -0.00000000     0.00000000   0.00000000
  0.00000000  -0.00000000    -0.02342243   0.00820894     0.00683751   0.00000000
  0.00000000   0.00000000     0.00050672   0.00000000    -0.02342243  -0.00820894
    6    6
  0.00619387   0.00000000     0.00000000  -0.00000000    -0.00000000  -0.00000000
  0.00000000   0.00000000     0.02717932   0.00000000    -0.00322891  -0.00284413
 -0.00000000   0.00000000    -0.00322891   0.00284413     0.05125508  -0.00000000
    6    7
  0.00528432   0.00013989    -0.00000000  -0.00000000     0.00000000  -0.00000000
 -0.00000000  -0.00000000     0.00438280  -0.00007820     0.00138791   0.01782335
  0.00000000   0.00000000     0.00138791   0.01782335    -0.03363853  -0.00471977
    7    1
 -0.00298695  -0.00353938    -0.00000000   0.00000000     0.00000000   0.00000000
  0.00000000  -0.00000000     0.01145996   0.02295926    -0.03189295   0.01915456
  0.00000000   0.00000000     0.04342421  -0.06264344    -0.01027433  -0.03368782
    7    2
 -0.00013583  -0.00030527     0.00106253   0.00049590     0.00700676   0.00008695
 -0.00286431  -0.00772909    -0.00646836   0.00154706     0.00355573  -0.00641598
  0.00759061   0.01528711    -0.00185821  -0.00721116    -0.01887756   0.00228485
    7    3
  0.00013583   0.00030527     0.00106253   0.00049590     0.00700676   0.00008695
 -0.00286431  -0.00772909     0.00646836  -0.00154706    -0.00355573   0.00641598
  0.00759061   0.01528711     0.00185821   0.00721116     0.01887756  -0.00228485
    7    4
  0.00014839  -0.00000000     0.00000000   0.00000000     0.00000000  -0.00000000
 -0.00000000   0.00000000    -0.02342243  -0.00820894     0.00683751   0.00000000
  0.00000000  -0.00000000     0.00050672  -0.00000000    -0.02342243   0.00820894
    7    5
 -0.00020095   0.00070936    -0.00000000  -0.00000000    -0.00000000  -0.00000000
 -0.00000000  -0.00000000     0.00911464   0.00506895     0.00243283   0.01869491
 -0.00000000  -0.00000000     0.00516777   0.03070469     0.00911464   0.00506895
    7    6
  0.00528432  -0.00013989    -0.00000000   0.00000000     0.00000000  -0.00000000
 -0.00000000   0.00000000     0.00438280   0.00007820     0.00138791  -0.01782335
  0.00000000   0.00000000     0.00138791  -0.01782335    -0.03363853   0.00471977
    7    7
  0.00619387  -0.00000000     0.00000000   0.00000000    -0.00000000   0.00000000
  0.00000000  -0.00000000     0.02717932  -0.00000000    -0.00322891   0.00284413
 -0.00000000   0.00000000    -0.00322891  -0.00284413     0.05125508   0.00000000

     Dynamical  Matrix in cartesian axes

     q = (   -0.216506351   0.866025404  -0.216506351 ) 

    1    1
  0.16904381  -0.00000000    -0.00000000   0.00000000     0.04960480  -0.00000000
 -0.00000000   0.00000000     0.00793903  -0.00000000    -0.00000000   0.00000000
  0.04960480  -0.00000000    -0.00000000   0.00000000     0.16904381  -0.00000000
    1    2
 -0.03368782   0.01027433     0.00000000  -0.00000000     0.01915456   0.03189295
  0.00000000   0.00000000    -0.00353938   0.00298695    -0.00000000   0.00000000
 -0.06264344  -0.04342421     0.00000000   0.00000000     0.02295926  -0.01145996
    1    3
 -0.01027433   0.03368782     0.00000000   0.00000000    -0.03189295  -0.01915456
 -0.00000000  -0.00000000    -0.00298695   0.00353938     0.00000000   0.00000000
  0.04342421   0.06264344    -0.00000000   0.00000000     0.01145996  -0.02295926
    1    4
 -0.00766523  -0.00766523    -0.02597118   0.02597118     0.02057435   0.02057435
 -0.00462368   0.00462368     0.00000000  -0.00000000    -0.00462368   0.00462368
 -0.02057435  -0.02057435    -0.02597118   0.02597118     0.00766523   0.00766523
    1    5
  0.00766523   0.00766523    -0.02597118   0.02597118    -0.02057435  -0.02057435
 -0.00462368   0.00462368     0.00000000  -0.00000000    -0.00462368   0.00462368
  0.02057435   0.02057435    -0.02597118   0.02597118    -0.00766523  -0.00766523
    1    6
  0.01145996  -0.02295926    -0.00000000  -0.00000000     0.04342421   0.06264344
  0.00000000   0.00000000    -0.00298695   0.00353938     0.00000000  -0.00000000
 -0.03189295  -0.01915456     0.00000000  -0.00000000    -0.01027433   0.03368782
    1    7
  0.02295926  -0.01145996     0.00000000   0.00000000    -0.06264344  -0.04342421
 -0.00000000  -0.00000000    -0.00353938   0.00298695     0.00000000   0.00000000
  0.01915456   0.03189295     0.00000000   0.00000000    -0.03368782   0.01027433
    2    1
 -0.03368782  -0.01027433     0.00000000   0.00000000    -0.06264344   0.04342421
  0.00000000   0.00000000    -0.00353938  -0.00298695    -0.00000000  -0.00000000
  0.01915456  -0.03189295    -0.00000000   0.00000000     0.02295926   0.01145996
    2    2
  0.05125508  -0.00000000    -0.00000000  -0.00000000    -0.00322891   0.00284413
  0.00000000   0.00000000     0.00619387   0.00000000    -0.00000000   0.00000000
 -0.00322891  -0.00284413    -0.00000000   0.00000000     0.02717932   0.00000000
    2    3
 -0.03363853  -0.00471977     0.00000000  -0.00000000     0.00138791   0.01782335
  0.00000000  -0.00000000     0.00528432   0.00013989     0.00000000  -0.00000000
  0.00138791   0.01782335    -0.00000000  -0.00000000     0.00438280  -0.00007820
    2    4
  0.01887756   0.00228485     0.00759061  -0.01528711     0.00185821  -0.00721116
  0.00700676  -0.00008695     0.00013583  -0.00030527     0.00106253  -0.00049590
 -0.00355573  -0.00641598    -0.00286431   0.00772909     0.00646836   0.00154706
    2    5
 -0.01887756  -0.00228485     0.00759061  -0.01528711    -0.00185821   0.00721116
  0.00700676  -0.00008695    -0.00013583   0.00030527     0.00106253  -0.00049590
  0.00355573   0.00641598    -0.00286431   0.00772909    -0.00646836  -0.00154706
    2    6
  0.00911464  -0.00506895     0.00000000   0.00000000     0.00516777  -0.03070469
  0.00000000   0.00000000    -0.00020095  -0.00070936    -0.00000000  -0.00000000
  0.00243283  -0.01869491    -0.00000000   0.00000000     0.00911464  -0.00506895
    2    7
 -0.02342243  -0.00820894    -0.00000000  -0.00000000     0.00050672  -0.00000000
 -0.00000000   0.00000000     0.00014839   0.00000000     0.00000000  -0.00000000
  0.00683751  -0.00000000     0.00000000  -0.00000000    -0.02342243   0.00820894
    3    1
 -0.01027433  -0.03368782    -0.00000000   0.00000000     0.04342421  -0.06264344
  0.00000000   0.00000000    -0.00298695  -0.00353938    -0.00000000   0.00000000
 -0.03189295   0.01915456    -0.00000000  -0.00000000     0.01145996   0.02295926
    3    2
 -0.03363853   0.00471977    -0.00000000   0.00000000     0.00138791  -0.01782335
  0.00000000   0.00000000     0.00528432  -0.00013989    -0.00000000   0.00000000
  0.00138791  -0.01782335    -0.00000000   0.00000000     0.00438280   0.00007820
    3    3
  0.05125508  -0.00000000    -0.00000000   0.00000000    -0.00322891  -0.00284413
  0.00000000  -0.00000000     0.00619387  -0.00000000    -0.00000000  -0.00000000
 -0.00322891   0.00284413    -0.00000000   0.00000000     0.02717932   0.00000000
    3    4
 -0.01887756   0.00228485     0.00759061   0.01528711    -0.00185821  -0.00721116
  0.00700676   0.00008695    -0.00013583  -0.00030527     0.00106253   0.00049590
  0.00355573  -0.00641598    -0.00286431  -0.00772909    -0.00646836   0.00154706
    3    5
  0.01887756  -0.00228485     0.00759061   0.01528711     0.00185821   0.00721116
  0.00700676   0.00008695     0.00013583   0.00030527     0.00106253   0.00049590
 -0.00355573   0.00641598    -0.00286431  -0.00772909     0.00646836  -0.00154706
    3    6
 -0.02342243   0.00820894    -0.00000000   0.00000000     0.00050672   0.00000000
 -0.00000000  -0.00000000     0.00014839  -0.00000000     0.00000000   0.00000000
  0.00683751   0.00000000     0.00000000   0.00000000    -0.02342243  -0.00820894
    3    7
  0.00911464   0.00506895    -0.00000000  -0.00000000     0.00516777   0.03070469
 -0.00000000  -0.00000000    -0.00020095   0.00070936    -0.00000000  -0.00000000
  0.00243283   0.01869491    -0.00000000  -0.00000000     0.00911464   0.00506895
    4    1
 -0.00766523   0.00766523    -0.00462368  -0.00462368    -0.02057435   0.02057435
 -0.02597118  -0.02597118     0.00000000   0.00000000    -0.02597118  -0.02597118
  0.02057435  -0.02057435    -0.00462368  -0.00462368     0.00766523  -0.00766523
    4    2
  0.01887756  -0.00228485     0.00700676   0.00008695    -0.00355573   0.00641598
  0.00759061   0.01528711     0.00013583   0.00030527    -0.00286431  -0.00772909
  0.00185821   0.00721116     0.00106253   0.00049590     0.00646836  -0.00154706
    4    3
 -0.01887756  -0.00228485     0.00700676  -0.00008695     0.00355573   0.00641598
  0.00759061  -0.01528711    -0.00013583   0.00030527    -0.00286431   0.00772909
 -0.00185821   0.00721116     0.00106253  -0.00049590    -0.00646836  -0.00154706
    4    4
  0.02020498  -0.00000000     0.00000000  -0.00704196     0.00393596   0.00000000
 -0.00000000   0.00704196     0.01304910   0.00000000    -0.00000000  -0.00704196
  0.00393596   0.00000000    -0.00000000   0.00704196     0.02020498   0.00000000
    4    5
 -0.00199126   0.00000000    -0.00000000  -0.00633181     0.00129078   0.00000000
 -0.00000000  -0.00633181     0.01256235  -0.00000000     0.00000000   0.00633181
  0.00129078  -0.00000000     0.00000000   0.00633181    -0.00199126   0.00000000
    4    6
  0.00646836   0.00154706     0.00106253  -0.00049590     0.00185821  -0.00721116
 -0.00286431   0.00772909     0.00013583  -0.00030527     0.00759061  -0.01528711
 -0.00355573  -0.00641598     0.00700676  -0.00008695     0.01887756   0.00228485
    4    7
 -0.00646836   0.00154706     0.00106253   0.00049590    -0.00185821  -0.00721116
 -0.00286431  -0.00772909    -0.00013583  -0.00030527     0.00759061   0.01528711
  0.00355573  -0.00641598     0.00700676   0.00008695    -0.01887756   0.00228485
    5    1
  0.00766523  -0.00766523    -0.00462368  -0.00462368     0.02057435  -0.02057435
 -0.02597118  -0.02597118     0.00000000   0.00000000    -0.02597118  -0.02597118
 -0.02057435   0.02057435    -0.00462368  -0.00462368    -0.00766523   0.00766523
    5    2
 -0.01887756   0.00228485     0.00700676   0.00008695     0.00355573  -0.00641598
  0.00759061   0.01528711    -0.00013583  -0.00030527    -0.00286431  -0.00772909
 -0.00185821  -0.00721116     0.00106253   0.00049590    -0.00646836   0.00154706
    5    3
  0.01887756   0.00228485     0.00700676  -0.00008695    -0.00355573  -0.00641598
  0.00759061  -0.01528711     0.00013583  -0.00030527    -0.00286431   0.00772909
  0.00185821  -0.00721116     0.00106253  -0.00049590     0.00646836   0.00154706
    5    4
 -0.00199126   0.00000000    -0.00000000   0.00633181     0.00129078   0.00000000
 -0.00000000   0.00633181     0.01256235   0.00000000     0.00000000  -0.00633181
  0.00129078   0.00000000     0.00000000  -0.00633181    -0.00199126  -0.00000000
    5    5
  0.02020498  -0.00000000    -0.00000000   0.00704196     0.00393596   0.00000000
 -0.00000000  -0.00704196     0.01304910  -0.00000000    -0.00000000   0.00704196
  0.00393596   0.00000000    -0.00000000  -0.00704196     0.02020498  -0.00000000
    5    6
 -0.00646836  -0.00154706     0.00106253  -0.00049590    -0.00185821   0.00721116
 -0.00286431   0.00772909    -0.00013583   0.00030527     0.00759061  -0.01528711
  0.00355573   0.00641598     0.00700676  -0.00008695    -0.01887756  -0.00228485
    5    7
  0.00646836  -0.00154706     0.00106253   0.00049590     0.00185821   0.00721116
 -0.00286431  -0.00772909     0.00013583   0.00030527     0.00759061   0.01528711
 -0.00355573   0.00641598     0.00700676   0.00008695     0.01887756  -0.00228485
    6    1
  0.01145996   0.02295926     0.00000000  -0.00000000    -0.03189295   0.01915456
 -0.00000000  -0.00000000    -0.00298695  -0.00353938     0.00000000   0.00000000
  0.04342421  -0.06264344     0.00000000   0.00000000    -0.01027433  -0.03368782
    6    2
  0.00911464   0.00506895    -0.00000000  -0.00000000     0.00243283   0.01869491
 -0.00000000  -0.00000000    -0.00020095   0.00070936    -0.00000000   0.00000000
  0.00516777   0.03070469    -0.00000000   0.00000000     0.00911464   0.00506895
    6    3
 -0.02342243  -0.00820894     0.00000000   0.00000000     0.00683751  -0.00000000
  0.00000000   0.00000000     0.00014839  -0.00000000     0.00000000  -0.00000000
  0.00050672  -0.00000000     0.00000000  -0.00000000    -0.02342243   0.00820894
    6    4
  0.00646836  -0.00154706    -0.00286431  -0.00772909    -0.00355573   0.00641598
  0.00106253   0.00049590     0.00013583   0.00030527     0.00700676   0.00008695
  0.00185821   0.00721116     0.00759061   0.01528711     0.01887756  -0.00228485
    6    5
 -0.00646836   0.00154706    -0.00286431  -0.00772909     0.00355573  -0.00641598
  0.00106253   0.00049590    -0.00013583  -0.00030527     0.00700676   0.00008695
 -0.00185821  -0.00721116     0.00759061   0.01528711    -0.01887756   0.00228485
    6    6
  0.02717932  -0.00000000    -0.00000000  -0.00000000    -0.00322891   0.00284413
  0.00000000   0.00000000     0.00619387  -0.00000000    -0.00000000   0.00000000
 -0.00322891  -0.00284413    -0.00000000   0.00000000     0.05125508   0.00000000
    6    7
  0.00438280   0.00007820    -0.00000000   0.00000000     0.00138791  -0.01782335
 -0.00000000   0.00000000     0.00528432  -0.00013989     0.00000000  -0.00000000
  0.00138791  -0.01782335     0.00000000  -0.00000000    -0.03363853   0.00471977
    7    1
  0.02295926   0.01145996    -0.00000000   0.00000000     0.01915456  -0.03189295
 -0.00000000  -0.00000000    -0.00353938  -0.00298695     0.00000000   0.00000000
 -0.06264344   0.04342421     0.00000000   0.00000000    -0.03368782  -0.01027433
    7    2
 -0.02342243   0.00820894     0.00000000  -0.00000000     0.00683751   0.00000000
  0.00000000  -0.00000000     0.00014839   0.00000000     0.00000000   0.00000000
  0.00050672   0.00000000     0.00000000   0.00000000    -0.02342243  -0.00820894
    7    3
  0.00911464  -0.00506895    -0.00000000   0.00000000     0.00243283  -0.01869491
 -0.00000000   0.00000000    -0.00020095  -0.00070936    -0.00000000   0.00000000
  0.00516777  -0.03070469    -0.00000000   0.00000000     0.00911464  -0.00506895
    7    4
 -0.00646836  -0.00154706    -0.00286431   0.00772909     0.00355573   0.00641598
  0.00106253  -0.00049590    -0.00013583   0.00030527     0.00700676  -0.00008695
 -0.00185821   0.00721116     0.00759061  -0.01528711    -0.01887756  -0.00228485
    7    5
  0.00646836   0.00154706    -0.00286431   0.00772909    -0.00355573  -0.00641598
  0.00106253  -0.00049590     0.00013583  -0.00030527     0.00700676  -0.00008695
  0.00185821  -0.00721116     0.00759061  -0.01528711     0.01887756   0.00228485
    7    6
  0.00438280  -0.00007820     0.00000000  -0.00000000     0.00138791   0.01782335
 -0.00000000  -0.00000000     0.00528432   0.00013989     0.00000000   0.00000000
  0.00138791   0.01782335     0.00000000   0.00000000    -0.03363853  -0.00471977
    7    7
  0.02717932   0.00000000    -0.00000000   0.00000000    -0.00322891  -0.00284413
  0.00000000  -0.00000000     0.00619387   0.00000000    -0.00000000   0.00000000
 -0.00322891   0.00284413    -0.00000000   0.00000000     0.05125508  -0.00000000

     Dynamical  Matrix in cartesian axes

     q = (    0.216506351   0.866025404  -0.216506351 ) 

    1    1
  0.16904381  -0.00000000     0.00000000  -0.00000000    -0.04960480   0.00000000
 -0.00000000  -0.00000000     0.00793903  -0.00000000    -0.00000000  -0.00000000
 -0.04960480   0.00000000    -0.00000000  -0.00000000     0.16904381  -0.00000000
    1    2
  0.01027433  -0.03368782    -0.00000000   0.00000000    -0.03189295  -0.01915456
 -0.00000000  -0.00000000     0.00298695  -0.00353938     0.00000000   0.00000000
  0.04342421   0.06264344    -0.00000000   0.00000000    -0.01145996   0.02295926
    1    3
 -0.01027433  -0.03368782    -0.00000000   0.00000000     0.03189295  -0.01915456
  0.00000000  -0.00000000    -0.00298695  -0.00353938    -0.00000000  -0.00000000
 -0.04342421   0.06264344    -0.00000000  -0.00000000     0.01145996   0.02295926
    1    4
 -0.00766523   0.00766523    -0.02597118  -0.02597118    -0.02057435   0.02057435
 -0.00462368  -0.00462368    -0.00000000   0.00000000     0.00462368   0.00462368
  0.02057435  -0.02057435     0.02597118   0.02597118     0.00766523  -0.00766523
    1    5
  0.00766523   0.00766523     0.02597118  -0.02597118     0.02057435   0.02057435
  0.00462368  -0.00462368     0.00000000  -0.00000000    -0.00462368   0.00462368
 -0.02057435  -0.02057435    -0.02597118   0.02597118    -0.00766523  -0.00766523
    1    6
  0.01145996  -0.02295926     0.00000000   0.00000000    -0.04342421  -0.06264344
 -0.00000000   0.00000000    -0.00298695   0.00353938    -0.00000000  -0.00000000
  0.03189295   0.01915456     0.00000000  -0.00000000    -0.01027433   0.03368782
    1    7
 -0.01145996  -0.02295926     0.00000000   0.00000000     0.04342421  -0.06264344
  0.00000000   0.00000000     0.00298695   0.00353938    -0.00000000  -0.00000000
 -0.03189295   0.01915456     0.00000000  -0.00000000     0.01027433   0.03368782
    2    1
  0.01027433   0.03368782    -0.00000000   0.00000000     0.04342421  -0.06264344
 -0.00000000  -0.00000000     0.00298695   0.00353938    -0.00000000   0.00000000
 -0.03189295   0.01915456     0.00000000   0.00000000    -0.01145996  -0.02295926
    2    2
  0.05125508   0.00000000     0.00000000  -0.00000000     0.00322891   0.00284413
  0.00000000   0.00000000     0.00619387  -0.00000000    -0.00000000   0.00000000
  0.00322891  -0.00284413    -0.00000000  -0.00000000     0.02717932  -0.00000000
    2    3
  0.00471977   0.03363853    -0.00000000   0.00000000     0.01782335   0.00138791
 -0.00000000  -0.00000000    -0.00013989  -0.00528432    -0.00000000   0.00000000
  0.01782335   0.00138791    -0.00000000   0.00000000     0.00007820  -0.00438280
    2    4
 -0.00228485  -0.01887756     0.01528711  -0.00759061    -0.00721116   0.00185821
  0.00008695  -0.00700676     0.00030527  -0.00013583    -0.00049590   0.00106253
 -0.00641598  -0.00355573     0.00772909  -0.00286431    -0.00154706  -0.00646836
    2    5
 -0.01887756   0.00228485     0.00759061   0.01528711     0.00185821   0.00721116
  0.00700676   0.00008695    -0.00013583  -0.00030527    -0.00106253  -0.00049590
 -0.00355573   0.00641598     0.00286431   0.00772909    -0.00646836   0.00154706
    2    6
  0.02342243  -0.00820894     0.00000000   0.00000000     0.00050672  -0.00000000
  0.00000000   0.00000000    -0.00014839   0.00000000    -0.00000000  -0.00000000
  0.00683751  -0.00000000    -0.00000000  -0.00000000     0.02342243   0.00820894
    2    7
 -0.00506895   0.00911464    -0.00000000   0.00000000     0.03070469  -0.00516777
 -0.00000000   0.00000000    -0.00070936  -0.00020095     0.00000000  -0.00000000
  0.01869491  -0.00243283     0.00000000  -0.00000000    -0.00506895   0.00911464
    3    1
 -0.01027433   0.03368782     0.00000000   0.00000000    -0.04342421  -0.06264344
 -0.00000000  -0.00000000    -0.00298695   0.00353938    -0.00000000   0.00000000
  0.03189295   0.01915456    -0.00000000  -0.00000000     0.01145996  -0.02295926
    3    2
  0.00471977  -0.03363853    -0.00000000   0.00000000     0.01782335  -0.00138791
 -0.00000000   0.00000000    -0.00013989   0.00528432     0.00000000   0.00000000
  0.01782335  -0.00138791     0.00000000  -0.00000000     0.00007820   0.00438280
    3    3
  0.05125508  -0.00000000     0.00000000   0.00000000     0.00322891  -0.00284413
  0.00000000  -0.00000000     0.00619387   0.00000000    -0.00000000   0.00000000
  0.00322891   0.00284413    -0.00000000   0.00000000     0.02717932   0.00000000
    3    4
 -0.01887756  -0.00228485     0.00759061  -0.01528711     0.00185821  -0.00721116
  0.00700676  -0.00008695    -0.00013583   0.00030527    -0.00106253   0.00049590
 -0.00355573  -0.00641598     0.00286431  -0.00772909    -0.00646836  -0.00154706
    3    5
 -0.00228485   0.01887756     0.01528711   0.00759061    -0.00721116  -0.00185821
  0.00008695   0.00700676     0.00030527   0.00013583    -0.00049590  -0.00106253
 -0.00641598   0.00355573     0.00772909   0.00286431    -0.00154706   0.00646836
    3    6
 -0.00506895  -0.00911464    -0.00000000   0.00000000     0.03070469   0.00516777
 -0.00000000   0.00000000    -0.00070936   0.00020095     0.00000000   0.00000000
  0.01869491   0.00243283     0.00000000   0.00000000    -0.00506895  -0.00911464
    3    7
  0.02342243   0.00820894    -0.00000000   0.00000000     0.00050672   0.00000000
 -0.00000000  -0.00000000    -0.00014839   0.00000000    -0.00000000   0.00000000
  0.00683751  -0.00000000    -0.00000000   0.00000000     0.02342243  -0.00820894
    4    1
 -0.00766523  -0.00766523    -0.00462368   0.00462368     0.02057435   0.02057435
 -0.02597118   0.02597118    -0.00000000   0.00000000     0.02597118  -0.02597118
 -0.02057435  -0.02057435     0.00462368  -0.00462368     0.00766523   0.00766523
    4    2
 -0.00228485   0.01887756     0.00008695   0.00700676    -0.00641598   0.00355573
  0.01528711   0.00759061     0.00030527   0.00013583     0.00772909   0.00286431
 -0.00721116  -0.00185821    -0.00049590  -0.00106253    -0.00154706   0.00646836
    4    3
 -0.01887756   0.00228485     0.00700676   0.00008695    -0.00355573   0.00641598
  0.00759061   0.01528711    -0.00013583  -0.00030527     0.00286431   0.00772909
  0.00185821   0.00721116    -0.00106253  -0.00049590    -0.00646836   0.00154706
    4    4
  0.02020498  -0.00000000     0.00000000   0.00704196    -0.00393596   0.00000000
  0.00000000  -0.00704196     0.01304910  -0.00000000    -0.00000000  -0.00704196
 -0.00393596   0.00000000    -0.00000000   0.00704196     0.02020498  -0.00000000
    4    5
 -0.00000000  -0.00199126    -0.00633181   0.00000000    -0.00000000  -0.00129078
 -0.00633181   0.00000000     0.00000000   0.01256235    -0.00633181   0.00000000
 -0.00000000  -0.00129078    -0.00633181   0.00000000    -0.00000000  -0.00199126
    4    6
 -0.00154706   0.00646836    -0.00049590  -0.00106253    -0.00721116  -0.00185821
  0.00772909   0.00286431     0.00030527   0.00013583     0.01528711   0.00759061
 -0.00641598   0.00355573     0.00008695   0.00700676    -0.00228485   0.01887756
    4    7
 -0.00646836   0.00154706    -0.00106253  -0.00049590     0.00185821   0.00721116
  0.00286431   0.00772909    -0.00013583  -0.00030527     0.00759061   0.01528711
 -0.00355573   0.00641598     0.00700676   0.00008695    -0.01887756   0.00228485
    5    1
  0.00766523  -0.00766523     0.00462368   0.00462368    -0.02057435   0.02057435
  0.02597118   0.02597118     0.00000000   0.00000000    -0.02597118  -0.02597118
  0.02057435  -0.02057435    -0.00462368  -0.00462368    -0.00766523   0.00766523
    5    2
 -0.01887756  -0.00228485     0.00700676  -0.00008695    -0.00355573  -0.00641598
  0.00759061  -0.01528711    -0.00013583   0.00030527     0.00286431  -0.00772909
  0.00185821  -0.00721116    -0.00106253   0.00049590    -0.00646836  -0.00154706
    5    3
 -0.00228485  -0.01887756     0.00008695  -0.00700676    -0.00641598  -0.00355573
  0.01528711  -0.00759061     0.00030527  -0.00013583     0.00772909  -0.00286431
 -0.00721116   0.00185821    -0.00049590   0.00106253    -0.00154706  -0.00646836
    5    4
 -0.00000000   0.00199126    -0.00633181  -0.00000000    -0.00000000   0.00129078
 -0.00633181  -0.00000000     0.00000000  -0.01256235    -0.00633181  -0.00000000
 -0.00000000   0.00129078    -0.00633181  -0.00000000    -0.00000000   0.00199126
    5    5
  0.02020498   0.00000000     0.00000000  -0.00704196    -0.00393596   0.00000000
  0.00000000   0.00704196     0.01304910  -0.00000000    -0.00000000   0.00704196
 -0.00393596  -0.00000000    -0.00000000  -0.00704196     0.02020498  -0.00000000
    5    6
 -0.00646836  -0.00154706    -0.00106253   0.00049590     0.00185821  -0.00721116
  0.00286431  -0.00772909    -0.00013583   0.00030527     0.00759061  -0.01528711
 -0.00355573  -0.00641598     0.00700676  -0.00008695    -0.01887756  -0.00228485
    5    7
 -0.00154706  -0.00646836    -0.00049590   0.00106253    -0.00721116   0.00185821
  0.00772909  -0.00286431     0.00030527  -0.00013583     0.01528711  -0.00759061
 -0.00641598  -0.00355573     0.00008695  -0.00700676    -0.00228485  -0.01887756
    6    1
  0.01145996   0.02295926    -0.00000000  -0.00000000     0.03189295  -0.01915456
  0.00000000  -0.00000000    -0.00298695  -0.00353938     0.00000000   0.00000000
 -0.04342421   0.06264344    -0.00000000   0.00000000    -0.01027433  -0.03368782
    6    2
  0.02342243   0.00820894    -0.00000000  -0.00000000     0.00683751  -0.00000000
  0.00000000  -0.00000000    -0.00014839   0.00000000    -0.00000000   0.00000000
  0.00050672  -0.00000000    -0.00000000   0.00000000     0.02342243  -0.00820894
    6    3
 -0.00506895   0.00911464    -0.00000000  -0.00000000     0.01869491  -0.00243283
 -0.00000000  -0.00000000    -0.00070936  -0.00020095    -0.00000000  -0.00000000
  0.03070469  -0.00516777     0.00000000  -0.00000000    -0.00506895   0.00911464
    6    4
 -0.00154706  -0.00646836     0.00772909  -0.00286431    -0.00641598  -0.00355573
 -0.00049590   0.00106253     0.00030527  -0.00013583     0.00008695  -0.00700676
 -0.00721116   0.00185821     0.01528711  -0.00759061    -0.00228485  -0.01887756
    6    5
 -0.00646836   0.00154706     0.00286431   0.00772909    -0.00355573   0.00641598
 -0.00106253  -0.00049590    -0.00013583  -0.00030527     0.00700676   0.00008695
  0.00185821   0.00721116     0.00759061   0.01528711    -0.01887756   0.00228485
    6    6
  0.02717932  -0.00000000     0.00000000   0.00000000     0.00322891  -0.00284413
  0.00000000  -0.00000000     0.00619387  -0.00000000    -0.00000000   0.00000000
  0.00322891   0.00284413    -0.00000000   0.00000000     0.05125508   0.00000000
    6    7
  0.00007820  -0.00438280    -0.00000000  -0.00000000     0.01782335   0.00138791
 -0.00000000   0.00000000    -0.00013989  -0.00528432    -0.00000000  -0.00000000
  0.01782335   0.00138791    -0.00000000  -0.00000000     0.00471977   0.03363853
    7    1
 -0.01145996   0.02295926     0.00000000   0.00000000    -0.03189295  -0.01915456
 -0.00000000  -0.00000000     0.00298695  -0.00353938    -0.00000000   0.00000000
  0.04342421   0.06264344     0.00000000   0.00000000     0.01027433  -0.03368782
    7    2
 -0.00506895  -0.00911464    -0.00000000  -0.00000000     0.01869491   0.00243283
  0.00000000   0.00000000    -0.00070936   0.00020095     0.00000000   0.00000000
  0.03070469   0.00516777     0.00000000   0.00000000    -0.00506895  -0.00911464
    7    3
  0.02342243  -0.00820894    -0.00000000   0.00000000     0.00683751   0.00000000
 -0.00000000   0.00000000    -0.00014839  -0.00000000    -0.00000000  -0.00000000
  0.00050672   0.00000000    -0.00000000  -0.00000000     0.02342243   0.00820894
    7    4
 -0.00646836  -0.00154706     0.00286431  -0.00772909    -0.00355573  -0.00641598
 -0.00106253   0.00049590    -0.00013583   0.00030527     0.00700676  -0.00008695
  0.00185821  -0.00721116     0.00759061  -0.01528711    -0.01887756  -0.00228485
    7    5
 -0.00154706   0.00646836     0.00772909   0.00286431    -0.00641598   0.00355573
 -0.00049590  -0.00106253     0.00030527   0.00013583     0.00008695   0.00700676
 -0.00721116  -0.00185821     0.01528711   0.00759061    -0.00228485   0.01887756
    7    6
  0.00007820   0.00438280    -0.00000000  -0.00000000     0.01782335  -0.00138791
 -0.00000000  -0.00000000    -0.00013989   0.00528432    -0.00000000   0.00000000
  0.01782335  -0.00138791    -0.00000000   0.00000000     0.00471977  -0.03363853
    7    7
  0.02717932   0.00000000     0.00000000  -0.00000000     0.00322891   0.00284413
  0.00000000   0.00000000     0.00619387   0.00000000    -0.00000000   0.00000000
  0.00322891  -0.00284413    -0.00000000   0.00000000     0.05125508  -0.00000000

     Dynamical  Matrix in cartesian axes

     q = (    0.866025404   0.216506351  -0.216506351 ) 

    1    1
  0.00793903  -0.00000000     0.00000000  -0.00000000    -0.00000000  -0.00000000
  0.00000000  -0.00000000     0.16904381  -0.00000000    -0.04960480   0.00000000
 -0.00000000  -0.00000000    -0.04960480   0.00000000     0.16904381  -0.00000000
    1    2
  0.00000000   0.00000000     0.00462368  -0.00462368    -0.00462368   0.00462368
  0.02597118  -0.02597118     0.00766523   0.00766523     0.02057435   0.02057435
 -0.02597118   0.02597118    -0.02057435  -0.02057435    -0.00766523  -0.00766523
    1    3
 -0.00000000  -0.00000000    -0.00462368  -0.00462368     0.00462368   0.00462368
 -0.02597118  -0.02597118    -0.00766523   0.00766523    -0.02057435   0.02057435
  0.02597118   0.02597118     0.02057435  -0.02057435     0.00766523  -0.00766523
    1    4
 -0.00298695  -0.00353938     0.00000000  -0.00000000    -0.00000000  -0.00000000
  0.00000000  -0.00000000    -0.01027433  -0.03368782     0.03189295  -0.01915456
  0.00000000  -0.00000000    -0.04342421   0.06264344     0.01145996   0.02295926
    1    5
  0.00298695  -0.00353938    -0.00000000   0.00000000     0.00000000  -0.00000000
  0.00000000   0.00000000     0.01027433  -0.03368782    -0.03189295  -0.01915456
  0.00000000  -0.00000000     0.04342421   0.06264344    -0.01145996   0.02295926
    1    6
  0.00298695   0.00353938     0.00000000   0.00000000     0.00000000  -0.00000000
 -0.00000000   0.00000000    -0.01145996  -0.02295926     0.04342421  -0.06264344
 -0.00000000  -0.00000000    -0.03189295   0.01915456     0.01027433   0.03368782
    1    7
 -0.00298695   0.00353938    -0.00000000   0.00000000     0.00000000  -0.00000000
  0.00000000   0.00000000     0.01145996  -0.02295926    -0.04342421  -0.06264344
