  3.000000000000000E-002   1.26007061404212        2.36059544634539     
           6

     Dynamical  Matrix in cartesian axes

     q = (    0.000000000   0.000000000   0.649519100 ) 

    1    1
  0.02478867   0.00000000     0.00000000   0.00000000    -0.00000000   0.00000000
  0.00000000   0.00000000     0.02478867   0.00000000    -0.00000000   0.00000000
 -0.00000000   0.00000000    -0.00000000   0.00000000     0.18779512   0.00000000
    1    2
 -0.00016620  -0.00016620     0.00000000  -0.00000000    -0.00396963   0.00396964
  0.00000000   0.00000000    -0.00059323  -0.00059323     0.00000000  -0.00000000
 -0.03000850   0.03000851     0.00000000   0.00000000    -0.01540511  -0.01540510
    1    3
  0.00023504  -0.00000000     0.00000000   0.00000000     0.00000000   0.00561391
  0.00000000  -0.00000000     0.00083895   0.00000000    -0.00000000   0.00000000
  0.00000000   0.04243844    -0.00000000   0.00000000     0.02178611  -0.00000000
    1    4
  0.00083895  -0.00000000    -0.00000000  -0.00000000    -0.00000000   0.00000000
 -0.00000000   0.00000000     0.00023504  -0.00000000     0.00000000   0.00561391
 -0.00000000   0.00000000     0.00000000   0.04243844     0.02178611  -0.00000000
    1    5
 -0.00059323  -0.00059323     0.00000000  -0.00000000     0.00000000  -0.00000000
  0.00000000  -0.00000000    -0.00016620  -0.00016620    -0.00396963   0.00396964
  0.00000000   0.00000000    -0.03000850   0.03000851    -0.01540511  -0.01540510
    1    6
 -0.00034757   0.00383905     0.00000000  -0.00000000    -0.00000000   0.00000000
  0.00000000  -0.00000000    -0.00246885   0.00296039    -0.00000000  -0.00000000
 -0.00000000   0.00000000    -0.00000000   0.00000000     0.01129302  -0.02726377
    1    7
 -0.00246885   0.00296039     0.00000000   0.00000000    -0.00000000   0.00000000
  0.00000000   0.00000000    -0.00034757   0.00383905    -0.00000000   0.00000000
 -0.00000000   0.00000000    -0.00000000   0.00000000     0.01129302  -0.02726377
    2    1
 -0.00016620   0.00016620     0.00000000   0.00000000    -0.03000850  -0.03000851
  0.00000000   0.00000000    -0.00059323   0.00059323     0.00000000  -0.00000000
 -0.00396963  -0.00396964     0.00000000   0.00000000    -0.01540511   0.01540510
    2    2
  0.02248225  -0.00000000    -0.00000000  -0.00000000     0.00000000   0.00751749
 -0.00000000   0.00000000     0.06375238  -0.00000000    -0.00000000   0.00000000
 -0.00000000  -0.00751749    -0.00000000   0.00000000     0.02883247   0.00000000
    2    3
  0.00632936  -0.00632936    -0.00000000   0.00000000    -0.00344096  -0.00344096
 -0.00000000   0.00000000     0.04187943  -0.04187942    -0.00000000   0.00000000
 -0.00344096  -0.00344096    -0.00000000   0.00000000     0.00615834  -0.00615834
    2    4
  0.00101135  -0.00101135     0.00650875  -0.00650874    -0.00195637  -0.00195637
  0.04255962  -0.04255961     0.00101135  -0.00101135     0.00019524   0.00019524
  0.00019524   0.00019524    -0.00195637  -0.00195637    -0.00189233   0.00189233
    2    5
 -0.00143027  -0.00000000     0.00920476   0.00000000    -0.00000000   0.00276673
  0.06018839  -0.00000000    -0.00143027   0.00000000    -0.00000000   0.00027611
  0.00000000  -0.00027611    -0.00000000  -0.00276673     0.00267616   0.00000000
    2    6
  0.00449719  -0.00071083    -0.00000000   0.00000000    -0.00374534   0.00243464
 -0.00000000   0.00000000    -0.00052603   0.00060972     0.00000000   0.00000000
  0.01405629  -0.01565469    -0.00000000   0.00000000     0.00538160  -0.00060789
    2    7
 -0.00368263   0.00267736     0.00000000  -0.00000000    -0.00436990   0.00092680
 -0.00000000  -0.00000000     0.00080310   0.00005917     0.00000000  -0.00000000
  0.02100883   0.00113024     0.00000000  -0.00000000    -0.00423521   0.00337552
    3    1
  0.00023504   0.00000000    -0.00000000   0.00000000     0.00000000  -0.04243844
  0.00000000   0.00000000     0.00083895   0.00000000    -0.00000000   0.00000000
  0.00000000  -0.00561391    -0.00000000  -0.00000000     0.02178611   0.00000000
    3    2
  0.00632936   0.00632936    -0.00000000  -0.00000000    -0.00344096   0.00344096
 -0.00000000  -0.00000000     0.04187943   0.04187942    -0.00000000  -0.00000000
 -0.00344096   0.00344096    -0.00000000  -0.00000000     0.00615834   0.00615834
    3    3
  0.02248225   0.00000000    -0.00000000   0.00000000     0.00000000  -0.00751749
 -0.00000000  -0.00000000     0.06375238   0.00000000    -0.00000000   0.00000000
 -0.00000000   0.00751749    -0.00000000   0.00000000     0.02883247  -0.00000000
    3    4
 -0.00143027   0.00000000     0.00920476  -0.00000000     0.00000000  -0.00276673
  0.06018839  -0.00000000    -0.00143027   0.00000000     0.00000000  -0.00027611
  0.00000000   0.00027611     0.00000000   0.00276673     0.00267616  -0.00000000
    3    5
  0.00101135   0.00101135     0.00650875   0.00650874    -0.00195637   0.00195637
  0.04255962   0.04255961     0.00101135   0.00101135     0.00019524  -0.00019524
  0.00019524  -0.00019524    -0.00195637   0.00195637    -0.00189233  -0.00189233
    3    6
 -0.00368263  -0.00267736     0.00000000   0.00000000    -0.00436990  -0.00092680
 -0.00000000   0.00000000     0.00080310  -0.00005917     0.00000000   0.00000000
  0.02100883  -0.00113024     0.00000000   0.00000000    -0.00423521  -0.00337552
    3    7
  0.00449719   0.00071083    -0.00000000   0.00000000    -0.00374534  -0.00243464
 -0.00000000  -0.00000000    -0.00052603  -0.00060972    -0.00000000   0.00000000
  0.01405629   0.01565469    -0.00000000   0.00000000     0.00538160   0.00060789
    4    1
  0.00083895   0.00000000    -0.00000000  -0.00000000    -0.00000000   0.00000000
  0.00000000   0.00000000     0.00023504   0.00000000     0.00000000  -0.04243844
 -0.00000000  -0.00000000     0.00000000  -0.00561391     0.02178611   0.00000000
    4    2
  0.00101135   0.00101135     0.04255962   0.04255961     0.00019524  -0.00019524
  0.00650875   0.00650874     0.00101135   0.00101135    -0.00195637   0.00195637
 -0.00195637   0.00195637     0.00019524  -0.00019524    -0.00189233  -0.00189233
    4    3
 -0.00143027  -0.00000000     0.06018839   0.00000000     0.00000000  -0.00027611
  0.00920476   0.00000000    -0.00143027  -0.00000000     0.00000000  -0.00276673
  0.00000000   0.00276673    -0.00000000   0.00027611     0.00267616   0.00000000
    4    4
  0.06375238   0.00000000     0.00000000  -0.00000000    -0.00000000  -0.00000000
 -0.00000000   0.00000000     0.02248225   0.00000000    -0.00000000  -0.00751749
 -0.00000000  -0.00000000    -0.00000000   0.00751749     0.02883247   0.00000000
    4    5
  0.04187943   0.04187942    -0.00000000   0.00000000    -0.00000000   0.00000000
  0.00000000   0.00000000     0.00632936   0.00632936    -0.00344096   0.00344096
  0.00000000  -0.00000000    -0.00344096   0.00344096     0.00615834   0.00615834
    4    6
 -0.00052603  -0.00060972    -0.00000000  -0.00000000    -0.00000000  -0.00000000
  0.00000000   0.00000000     0.00449719   0.00071083    -0.00374534  -0.00243464
  0.00000000   0.00000000     0.01405629   0.01565469     0.00538160   0.00060789
    4    7
  0.00080310  -0.00005917    -0.00000000   0.00000000     0.00000000   0.00000000
  0.00000000   0.00000000    -0.00368263  -0.00267736    -0.00436990  -0.00092680
  0.00000000   0.00000000     0.02100883  -0.00113024    -0.00423521  -0.00337552
    5    1
 -0.00059323   0.00059323     0.00000000   0.00000000     0.00000000  -0.00000000
  0.00000000   0.00000000    -0.00016620   0.00016620    -0.03000850  -0.03000851
  0.00000000  -0.00000000    -0.00396963  -0.00396964    -0.01540511   0.01540510
    5    2
 -0.00143027   0.00000000     0.06018839  -0.00000000     0.00000000   0.00027611
  0.00920476   0.00000000    -0.00143027  -0.00000000     0.00000000   0.00276673
  0.00000000  -0.00276673    -0.00000000  -0.00027611     0.00267616   0.00000000
    5    3
  0.00101135  -0.00101135     0.04255962  -0.04255961     0.00019524   0.00019524
  0.00650875  -0.00650874     0.00101135  -0.00101135    -0.00195637  -0.00195637
 -0.00195637  -0.00195637     0.00019524   0.00019524    -0.00189233   0.00189233
    5    4
  0.04187943  -0.04187942    -0.00000000   0.00000000    -0.00000000   0.00000000
  0.00000000  -0.00000000     0.00632936  -0.00632936    -0.00344096  -0.00344096
  0.00000000   0.00000000    -0.00344096  -0.00344096     0.00615834  -0.00615834
    5    5
  0.06375238  -0.00000000     0.00000000   0.00000000    -0.00000000   0.00000000
 -0.00000000  -0.00000000     0.02248225  -0.00000000    -0.00000000   0.00751749
 -0.00000000   0.00000000    -0.00000000  -0.00751749     0.02883247  -0.00000000
    5    6
  0.00080310   0.00005917    -0.00000000  -0.00000000     0.00000000  -0.00000000
  0.00000000  -0.00000000    -0.00368263   0.00267736    -0.00436990   0.00092680
  0.00000000  -0.00000000     0.02100883   0.00113024    -0.00423521   0.00337552
    5    7
 -0.00052603   0.00060972    -0.00000000   0.00000000    -0.00000000   0.00000000
  0.00000000   0.00000000     0.00449719  -0.00071083    -0.00374534   0.00243464
 -0.00000000   0.00000000     0.01405629  -0.01565469     0.00538160  -0.00060789
    6    1
 -0.00034757  -0.00383905     0.00000000   0.00000000    -0.00000000  -0.00000000
  0.00000000   0.00000000    -0.00246885  -0.00296039    -0.00000000  -0.00000000
 -0.00000000  -0.00000000    -0.00000000  -0.00000000     0.01129302   0.02726377
    6    2
  0.00449719   0.00071083    -0.00000000  -0.00000000     0.01405629   0.01565469
 -0.00000000   0.00000000    -0.00052603  -0.00060972    -0.00000000   0.00000000
 -0.00374534  -0.00243464    -0.00000000   0.00000000     0.00538160   0.00060789
    6    3
 -0.00368263   0.00267736    -0.00000000  -0.00000000     0.02100883   0.00113024
 -0.00000000  -0.00000000     0.00080310   0.00005917     0.00000000  -0.00000000
 -0.00436990   0.00092680     0.00000000  -0.00000000    -0.00423521   0.00337552
    6    4
 -0.00052603   0.00060972     0.00000000  -0.00000000    -0.00000000   0.00000000
 -0.00000000   0.00000000     0.00449719  -0.00071083     0.01405629  -0.01565469
 -0.00000000   0.00000000    -0.00374534   0.00243464     0.00538160  -0.00060789
    6    5
  0.00080310  -0.00005917     0.00000000   0.00000000    -0.00000000   0.00000000
 -0.00000000   0.00000000    -0.00368263  -0.00267736     0.02100883  -0.00113024
  0.00000000   0.00000000    -0.00436990  -0.00092680    -0.00423521  -0.00337552
    6    6
  0.03067706   0.00000000     0.00000000   0.00000000    -0.00000000   0.00000000
  0.00000000   0.00000000     0.03067706  -0.00000000    -0.00000000   0.00000000
 -0.00000000   0.00000000    -0.00000000   0.00000000     0.04413630   0.00000000
    6    7
  0.01351097   0.01652000    -0.00000000   0.00000000    -0.00000000   0.00000000
 -0.00000000  -0.00000000     0.01351097  -0.01652000    -0.00000000   0.00000000
 -0.00000000   0.00000000    -0.00000000   0.00000000     0.02209622  -0.00000000
    7    1
 -0.00246885  -0.00296039     0.00000000  -0.00000000    -0.00000000  -0.00000000
  0.00000000   0.00000000    -0.00034757  -0.00383905    -0.00000000  -0.00000000
 -0.00000000  -0.00000000    -0.00000000  -0.00000000     0.01129302   0.02726377
    7    2
 -0.00368263  -0.00267736    -0.00000000   0.00000000     0.02100883  -0.00113024
 -0.00000000   0.00000000     0.00080310  -0.00005917    -0.00000000   0.00000000
 -0.00436990  -0.00092680     0.00000000   0.00000000    -0.00423521  -0.00337552
    7    3
  0.00449719  -0.00071083    -0.00000000   0.00000000     0.01405629  -0.01565469
 -0.00000000   0.00000000    -0.00052603   0.00060972    -0.00000000   0.00000000
 -0.00374534   0.00243464    -0.00000000  -0.00000000     0.00538160  -0.00060789
    7    4
  0.00080310   0.00005917    -0.00000000  -0.00000000    -0.00000000  -0.00000000
 -0.00000000  -0.00000000    -0.00368263   0.00267736     0.02100883   0.00113024
  0.00000000  -0.00000000    -0.00436990   0.00092680    -0.00423521   0.00337552
    7    5
 -0.00052603  -0.00060972    -0.00000000   0.00000000    -0.00000000  -0.00000000
 -0.00000000  -0.00000000     0.00449719   0.00071083     0.01405629   0.01565469
 -0.00000000   0.00000000    -0.00374534  -0.00243464     0.00538160   0.00060789
    7    6
  0.01351097  -0.01652000    -0.00000000  -0.00000000    -0.00000000   0.00000000
 -0.00000000   0.00000000     0.01351097   0.01652000    -0.00000000   0.00000000
 -0.00000000   0.00000000    -0.00000000   0.00000000     0.02209622   0.00000000
    7    7
  0.03067706  -0.00000000     0.00000000  -0.00000000    -0.00000000  -0.00000000
  0.00000000  -0.00000000     0.03067706   0.00000000    -0.00000000  -0.00000000
 -0.00000000  -0.00000000    -0.00000000  -0.00000000     0.04413630   0.00000000

     Dynamical  Matrix in cartesian axes

     q = (    0.649519100  -0.000000000   0.000000000 ) 

    1    1
  0.18779512   0.00000000     0.00000000   0.00000000     0.00000000   0.00000000
  0.00000000   0.00000000     0.02478867   0.00000000    -0.00000000   0.00000000
 -0.00000000   0.00000000     0.00000000   0.00000000     0.02478867   0.00000000
    1    2
  0.01129302  -0.02726377    -0.00000000   0.00000000     0.00000000   0.00000000
 -0.00000000   0.00000000    -0.00034757   0.00383905     0.00000000   0.00000000
  0.00000000  -0.00000000     0.00000000   0.00000000    -0.00246885   0.00296039
    1    3
  0.01129302  -0.02726377    -0.00000000   0.00000000    -0.00000000   0.00000000
  0.00000000  -0.00000000    -0.00246885   0.00296039    -0.00000000   0.00000000
  0.00000000   0.00000000     0.00000000   0.00000000    -0.00034757   0.00383905
    1    4
 -0.01540511  -0.01540510    -0.03000850   0.03000851    -0.00000000   0.00000000
 -0.00396963   0.00396964    -0.00016620  -0.00016620    -0.00000000  -0.00000000
  0.00000000  -0.00000000     0.00000000   0.00000000    -0.00059323  -0.00059323
    1    5
  0.02178611  -0.00000000     0.00000000   0.04243844    -0.00000000   0.00000000
  0.00000000   0.00561391     0.00023504  -0.00000000    -0.00000000  -0.00000000
  0.00000000  -0.00000000     0.00000000   0.00000000     0.00083895  -0.00000000
    1    6
  0.02178611  -0.00000000    -0.00000000  -0.00000000     0.00000000   0.04243844
 -0.00000000  -0.00000000     0.00083895  -0.00000000    -0.00000000  -0.00000000
  0.00000000   0.00561391    -0.00000000  -0.00000000     0.00023504   0.00000000
    1    7
 -0.01540511  -0.01540510     0.00000000  -0.00000000    -0.03000850   0.03000851
  0.00000000   0.00000000    -0.00059323  -0.00059323     0.00000000   0.00000000
 -0.00396963   0.00396964     0.00000000  -0.00000000    -0.00016620  -0.00016620
    2    1
  0.01129302   0.02726377    -0.00000000  -0.00000000     0.00000000   0.00000000
  0.00000000   0.00000000    -0.00034757  -0.00383905     0.00000000   0.00000000
  0.00000000   0.00000000    -0.00000000   0.00000000    -0.00246885  -0.00296039
    2    2
  0.04413630   0.00000000     0.00000000  -0.00000000     0.00000000  -0.00000000
  0.00000000  -0.00000000     0.03067706   0.00000000    -0.00000000  -0.00000000
  0.00000000  -0.00000000    -0.00000000  -0.00000000     0.03067706  -0.00000000
    2    3
  0.02209622   0.00000000     0.00000000  -0.00000000    -0.00000000   0.00000000
  0.00000000  -0.00000000     0.01351097   0.01652000    -0.00000000   0.00000000
 -0.00000000   0.00000000    -0.00000000   0.00000000     0.01351097  -0.01652000
    2    4
  0.00538160   0.00060789    -0.00374534  -0.00243464     0.00000000  -0.00000000
  0.01405629   0.01565469     0.00449719   0.00071083     0.00000000   0.00000000
  0.00000000  -0.00000000     0.00000000   0.00000000    -0.00052603  -0.00060972
    2    5
 -0.00423521   0.00337552    -0.00436990   0.00092680     0.00000000  -0.00000000
  0.02100883   0.00113024    -0.00368263   0.00267736     0.00000000  -0.00000000
  0.00000000  -0.00000000     0.00000000  -0.00000000     0.00080310   0.00005917
    2    6
  0.00538160  -0.00060789    -0.00000000  -0.00000000    -0.00374534   0.00243464
 -0.00000000   0.00000000    -0.00052603   0.00060972     0.00000000   0.00000000
  0.01405629  -0.01565469    -0.00000000   0.00000000     0.00449719  -0.00071083
    2    7
 -0.00423521  -0.00337552     0.00000000   0.00000000    -0.00436990  -0.00092680
 -0.00000000   0.00000000     0.00080310  -0.00005917     0.00000000   0.00000000
  0.02100883  -0.00113024     0.00000000   0.00000000    -0.00368263  -0.00267736
    3    1
  0.01129302   0.02726377    -0.00000000  -0.00000000     0.00000000   0.00000000
  0.00000000  -0.00000000    -0.00246885  -0.00296039     0.00000000   0.00000000
  0.00000000   0.00000000     0.00000000   0.00000000    -0.00034757  -0.00383905
    3    2
  0.02209622  -0.00000000     0.00000000   0.00000000    -0.00000000  -0.00000000
  0.00000000   0.00000000     0.01351097  -0.01652000    -0.00000000  -0.00000000
 -0.00000000  -0.00000000    -0.00000000  -0.00000000     0.01351097   0.01652000
    3    3
  0.04413630  -0.00000000     0.00000000   0.00000000     0.00000000   0.00000000
  0.00000000   0.00000000     0.03067706  -0.00000000    -0.00000000   0.00000000
  0.00000000   0.00000000    -0.00000000   0.00000000     0.03067706   0.00000000
    3    4
 -0.00423521  -0.00337552    -0.00436990  -0.00092680     0.00000000  -0.00000000
  0.02100883  -0.00113024    -0.00368263  -0.00267736     0.00000000   0.00000000
  0.00000000   0.00000000     0.00000000   0.00000000     0.00080310  -0.00005917
    3    5
  0.00538160  -0.00060789    -0.00374534   0.00243464     0.00000000  -0.00000000
  0.01405629  -0.01565469     0.00449719  -0.00071083     0.00000000  -0.00000000
  0.00000000   0.00000000     0.00000000  -0.00000000    -0.00052603   0.00060972
    3    6
 -0.00423521   0.00337552     0.00000000  -0.00000000    -0.00436990   0.00092680
 -0.00000000  -0.00000000     0.00080310   0.00005917     0.00000000  -0.00000000
  0.02100883   0.00113024     0.00000000  -0.00000000    -0.00368263   0.00267736
    3    7
  0.00538160   0.00060789    -0.00000000  -0.00000000    -0.00374534  -0.00243464
 -0.00000000  -0.00000000    -0.00052603  -0.00060972    -0.00000000   0.00000000
  0.01405629   0.01565469    -0.00000000  -0.00000000     0.00449719   0.00071083
    4    1
 -0.01540511   0.01540510    -0.00396963  -0.00396964    -0.00000000   0.00000000
 -0.03000850  -0.03000851    -0.00016620   0.00016620    -0.00000000  -0.00000000
 -0.00000000  -0.00000000     0.00000000   0.00000000    -0.00059323   0.00059323
    4    2
  0.00538160  -0.00060789     0.01405629  -0.01565469     0.00000000  -0.00000000
 -0.00374534   0.00243464     0.00449719  -0.00071083     0.00000000   0.00000000
  0.00000000  -0.00000000     0.00000000   0.00000000    -0.00052603   0.00060972
    4    3
 -0.00423521   0.00337552     0.02100883   0.00113024     0.00000000  -0.00000000
 -0.00436990   0.00092680    -0.00368263   0.00267736     0.00000000  -0.00000000
 -0.00000000   0.00000000    -0.00000000  -0.00000000     0.00080310   0.00005917
    4    4
  0.02883247  -0.00000000     0.00000000  -0.00751749    -0.00000000   0.00000000
  0.00000000   0.00751749     0.02248225  -0.00000000    -0.00000000   0.00000000
 -0.00000000   0.00000000    -0.00000000   0.00000000     0.06375238  -0.00000000
    4    5
  0.00615834  -0.00615834    -0.00344096  -0.00344096    -0.00000000   0.00000000
 -0.00344096  -0.00344096     0.00632936  -0.00632936    -0.00000000   0.00000000
 -0.00000000   0.00000000    -0.00000000   0.00000000     0.04187943  -0.04187942
    4    6
 -0.00189233   0.00189233     0.00019524   0.00019524    -0.00195637  -0.00195637
 -0.00195637  -0.00195637     0.00101135  -0.00101135     0.00650875  -0.00650874
  0.00019524   0.00019524     0.04255962  -0.04255961     0.00101135  -0.00101135
    4    7
  0.00267616  -0.00000000    -0.00000000  -0.00027611    -0.00000000  -0.00276673
  0.00000000   0.00276673    -0.00143027   0.00000000     0.00920476  -0.00000000
 -0.00000000   0.00027611     0.06018839  -0.00000000    -0.00143027   0.00000000
    5    1
  0.02178611   0.00000000     0.00000000  -0.00561391    -0.00000000  -0.00000000
  0.00000000  -0.04243844     0.00023504   0.00000000    -0.00000000  -0.00000000
 -0.00000000   0.00000000    -0.00000000   0.00000000     0.00083895  -0.00000000
    5    2
 -0.00423521  -0.00337552     0.02100883  -0.00113024     0.00000000   0.00000000
 -0.00436990  -0.00092680    -0.00368263  -0.00267736     0.00000000  -0.00000000
  0.00000000   0.00000000     0.00000000   0.00000000     0.00080310  -0.00005917
    5    3
  0.00538160   0.00060789     0.01405629   0.01565469     0.00000000   0.00000000
 -0.00374534  -0.00243464     0.00449719   0.00071083     0.00000000   0.00000000
  0.00000000   0.00000000     0.00000000   0.00000000    -0.00052603  -0.00060972
    5    4
  0.00615834   0.00615834    -0.00344096   0.00344096    -0.00000000  -0.00000000
 -0.00344096   0.00344096     0.00632936   0.00632936    -0.00000000  -0.00000000
 -0.00000000  -0.00000000    -0.00000000  -0.00000000     0.04187943   0.04187942
    5    5
  0.02883247   0.00000000     0.00000000   0.00751749    -0.00000000   0.00000000
  0.00000000  -0.00751749     0.02248225   0.00000000    -0.00000000   0.00000000
 -0.00000000   0.00000000    -0.00000000   0.00000000     0.06375238   0.00000000
    5    6
  0.00267616   0.00000000    -0.00000000   0.00027611    -0.00000000   0.00276673
  0.00000000  -0.00276673    -0.00143027  -0.00000000     0.00920476   0.00000000
 -0.00000000  -0.00027611     0.06018839   0.00000000    -0.00143027  -0.00000000
    5    7
 -0.00189233  -0.00189233     0.00019524  -0.00019524    -0.00195637   0.00195637
 -0.00195637   0.00195637     0.00101135   0.00101135     0.00650875   0.00650874
  0.00019524  -0.00019524     0.04255962   0.04255961     0.00101135   0.00101135
    6    1
  0.02178611   0.00000000    -0.00000000  -0.00000000     0.00000000  -0.00561391
 -0.00000000   0.00000000     0.00083895  -0.00000000    -0.00000000  -0.00000000
  0.00000000  -0.04243844     0.00000000  -0.00000000     0.00023504  -0.00000000
    6    2
  0.00538160   0.00060789    -0.00000000  -0.00000000     0.01405629   0.01565469
 -0.00000000   0.00000000    -0.00052603  -0.00060972    -0.00000000   0.00000000
 -0.00374534  -0.00243464    -0.00000000   0.00000000     0.00449719   0.00071083
    6    3
 -0.00423521  -0.00337552     0.00000000   0.00000000     0.02100883  -0.00113024
  0.00000000   0.00000000     0.00080310  -0.00005917     0.00000000   0.00000000
 -0.00436990  -0.00092680     0.00000000   0.00000000    -0.00368263  -0.00267736
    6    4
 -0.00189233  -0.00189233    -0.00195637   0.00195637     0.00019524  -0.00019524
  0.00019524  -0.00019524     0.00101135   0.00101135     0.04255962   0.04255961
 -0.00195637   0.00195637     0.00650875   0.00650874     0.00101135   0.00101135
    6    5
  0.00267616  -0.00000000    -0.00000000   0.00276673     0.00000000   0.00027611
 -0.00000000  -0.00027611    -0.00143027   0.00000000     0.06018839  -0.00000000
 -0.00000000  -0.00276673     0.00920476  -0.00000000    -0.00143027   0.00000000
    6    6
  0.02883247   0.00000000    -0.00000000   0.00000000    -0.00000000   0.00751749
 -0.00000000  -0.00000000     0.06375238   0.00000000    -0.00000000  -0.00000000
 -0.00000000  -0.00751749    -0.00000000   0.00000000     0.02248225  -0.00000000
    6    7
  0.00615834   0.00615834    -0.00000000  -0.00000000    -0.00344096   0.00344096
 -0.00000000  -0.00000000     0.04187943   0.04187942    -0.00000000  -0.00000000
 -0.00344096   0.00344096    -0.00000000  -0.00000000     0.00632936   0.00632936
    7    1
 -0.01540511   0.01540510     0.00000000   0.00000000    -0.00396963  -0.00396964
  0.00000000   0.00000000    -0.00059323   0.00059323     0.00000000   0.00000000
 -0.03000850  -0.03000851     0.00000000   0.00000000    -0.00016620   0.00016620
    7    2
 -0.00423521   0.00337552     0.00000000  -0.00000000     0.02100883   0.00113024
  0.00000000  -0.00000000     0.00080310   0.00005917     0.00000000  -0.00000000
 -0.00436990   0.00092680     0.00000000  -0.00000000    -0.00368263   0.00267736
    7    3
  0.00538160  -0.00060789    -0.00000000   0.00000000     0.01405629  -0.01565469
  0.00000000  -0.00000000    -0.00052603   0.00060972    -0.00000000   0.00000000
 -0.00374534   0.00243464    -0.00000000   0.00000000     0.00449719  -0.00071083
    7    4
  0.00267616   0.00000000    -0.00000000  -0.00276673     0.00000000  -0.00027611
 -0.00000000   0.00027611    -0.00143027  -0.00000000     0.06018839   0.00000000
 -0.00000000   0.00276673     0.00920476   0.00000000    -0.00143027  -0.00000000
    7    5
 -0.00189233   0.00189233    -0.00195637  -0.00195637     0.00019524   0.00019524
  0.00019524   0.00019524     0.00101135  -0.00101135     0.04255962  -0.04255961
 -0.00195637  -0.00195637     0.00650875  -0.00650874     0.00101135  -0.00101135
    7    6
  0.00615834  -0.00615834    -0.00000000   0.00000000    -0.00344096  -0.00344096
 -0.00000000   0.00000000     0.04187943  -0.04187942    -0.00000000   0.00000000
 -0.00344096  -0.00344096    -0.00000000   0.00000000     0.00632936  -0.00632936
    7    7
  0.02883247  -0.00000000    -0.00000000  -0.00000000    -0.00000000  -0.00751749
 -0.00000000   0.00000000     0.06375238  -0.00000000    -0.00000000   0.00000000
 -0.00000000   0.00751749    -0.00000000  -0.00000000     0.02248225   0.00000000

     Dynamical  Matrix in cartesian axes

     q = (   -0.649519100  -0.000000000  -0.000000000 ) 

    1    1
  0.18779512   0.00000000     0.00000000   0.00000000    -0.00000000   0.00000000
  0.00000000   0.00000000     0.02478867   0.00000000     0.00000000   0.00000000
  0.00000000   0.00000000    -0.00000000   0.00000000     0.02478867   0.00000000
    1    2
  0.01129302   0.02726377    -0.00000000  -0.00000000    -0.00000000   0.00000000
 -0.00000000   0.00000000    -0.00034757  -0.00383905     0.00000000   0.00000000
  0.00000000   0.00000000     0.00000000   0.00000000    -0.00246885  -0.00296039
    1    3
  0.01129302   0.02726377    -0.00000000  -0.00000000     0.00000000  -0.00000000
 -0.00000000  -0.00000000    -0.00246885  -0.00296039     0.00000000  -0.00000000
 -0.00000000  -0.00000000    -0.00000000   0.00000000    -0.00034757  -0.00383905
    1    4
 -0.01540511   0.01540510    -0.03000850  -0.03000851    -0.00000000   0.00000000
 -0.00396963  -0.00396964    -0.00016620   0.00016620     0.00000000   0.00000000
  0.00000000   0.00000000     0.00000000   0.00000000    -0.00059323   0.00059323
    1    5
  0.02178611   0.00000000     0.00000000  -0.04243844    -0.00000000   0.00000000
  0.00000000  -0.00561391     0.00023504   0.00000000    -0.00000000   0.00000000
  0.00000000  -0.00000000    -0.00000000   0.00000000     0.00083895   0.00000000
    1    6
  0.02178611   0.00000000    -0.00000000   0.00000000     0.00000000  -0.04243844
  0.00000000   0.00000000     0.00083895   0.00000000     0.00000000   0.00000000
  0.00000000  -0.00561391    -0.00000000   0.00000000     0.00023504   0.00000000
    1    7
 -0.01540511   0.01540510     0.00000000   0.00000000    -0.03000850  -0.03000851
  0.00000000   0.00000000    -0.00059323   0.00059323     0.00000000  -0.00000000
 -0.00396963  -0.00396964     0.00000000  -0.00000000    -0.00016620   0.00016620
    2    1
  0.01129302  -0.02726377    -0.00000000   0.00000000    -0.00000000   0.00000000
 -0.00000000   0.00000000    -0.00034757   0.00383905     0.00000000  -0.00000000
 -0.00000000   0.00000000    -0.00000000   0.00000000    -0.00246885   0.00296039
    2    2
  0.04413630  -0.00000000    -0.00000000   0.00000000    -0.00000000   0.00000000
 -0.00000000   0.00000000     0.03067706  -0.00000000    -0.00000000   0.00000000
 -0.00000000   0.00000000     0.00000000   0.00000000     0.03067706   0.00000000
    2    3
  0.02209622   0.00000000     0.00000000   0.00000000    -0.00000000  -0.00000000
  0.00000000   0.00000000     0.01351097  -0.01652000    -0.00000000  -0.00000000
 -0.00000000  -0.00000000    -0.00000000  -0.00000000     0.01351097   0.01652000
    2    4
  0.00538160  -0.00060789    -0.00374534   0.00243464     0.00000000   0.00000000
  0.01405629  -0.01565469     0.00449719  -0.00071083     0.00000000  -0.00000000
 -0.00000000   0.00000000    -0.00000000  -0.00000000    -0.00052603   0.00060972
    2    5
 -0.00423521  -0.00337552    -0.00436990  -0.00092680     0.00000000   0.00000000
  0.02100883  -0.00113024    -0.00368263  -0.00267736     0.00000000   0.00000000
  0.00000000   0.00000000     0.00000000   0.00000000     0.00080310  -0.00005917
    2    6
  0.00538160   0.00060789    -0.00000000   0.00000000    -0.00374534  -0.00243464
 -0.00000000  -0.00000000    -0.00052603  -0.00060972     0.00000000   0.00000000
  0.01405629   0.01565469    -0.00000000   0.00000000     0.00449719   0.00071083
    2    7
 -0.00423521   0.00337552     0.00000000  -0.00000000    -0.00436990   0.00092680
 -0.00000000  -0.00000000     0.00080310   0.00005917     0.00000000  -0.00000000
  0.02100883   0.00113024     0.00000000  -0.00000000    -0.00368263   0.00267736
    3    1
  0.01129302  -0.02726377    -0.00000000   0.00000000     0.00000000   0.00000000
 -0.00000000   0.00000000    -0.00246885   0.00296039    -0.00000000  -0.00000000
  0.00000000   0.00000000     0.00000000   0.00000000    -0.00034757   0.00383905
    3    2
  0.02209622  -0.00000000     0.00000000  -0.00000000    -0.00000000   0.00000000
  0.00000000  -0.00000000     0.01351097   0.01652000    -0.00000000   0.00000000
 -0.00000000   0.00000000    -0.00000000   0.00000000     0.01351097  -0.01652000
    3    3
  0.04413630   0.00000000    -0.00000000  -0.00000000    -0.00000000  -0.00000000
 -0.00000000  -0.00000000     0.03067706   0.00000000    -0.00000000  -0.00000000
 -0.00000000  -0.00000000     0.00000000  -0.00000000     0.03067706  -0.00000000
    3    4
 -0.00423521   0.00337552    -0.00436990   0.00092680     0.00000000   0.00000000
  0.02100883   0.00113024    -0.00368263   0.00267736     0.00000000  -0.00000000
  0.00000000   0.00000000     0.00000000  -0.00000000     0.00080310   0.00005917
    3    5
  0.00538160   0.00060789    -0.00374534  -0.00243464     0.00000000   0.00000000
  0.01405629   0.01565469     0.00449719   0.00071083     0.00000000   0.00000000
 -0.00000000  -0.00000000    -0.00000000   0.00000000    -0.00052603  -0.00060972
    3    6
 -0.00423521  -0.00337552     0.00000000   0.00000000    -0.00436990  -0.00092680
 -0.00000000   0.00000000     0.00080310  -0.00005917     0.00000000   0.00000000
  0.02100883  -0.00113024     0.00000000   0.00000000    -0.00368263  -0.00267736
    3    7
  0.00538160  -0.00060789     0.00000000  -0.00000000    -0.00374534   0.00243464
 -0.00000000   0.00000000    -0.00052603   0.00060972    -0.00000000   0.00000000
  0.01405629  -0.01565469    -0.00000000   0.00000000     0.00449719  -0.00071083
    4    1
 -0.01540511  -0.01540510    -0.00396963   0.00396964     0.00000000  -0.00000000
 -0.03000850   0.03000851    -0.00016620  -0.00016620     0.00000000   0.00000000
  0.00000000  -0.00000000     0.00000000   0.00000000    -0.00059323  -0.00059323
    4    2
  0.00538160   0.00060789     0.01405629   0.01565469     0.00000000  -0.00000000
 -0.00374534  -0.00243464     0.00449719   0.00071083     0.00000000   0.00000000
  0.00000000   0.00000000     0.00000000   0.00000000    -0.00052603  -0.00060972
    4    3
 -0.00423521  -0.00337552     0.02100883  -0.00113024    -0.00000000   0.00000000
 -0.00436990  -0.00092680    -0.00368263  -0.00267736    -0.00000000  -0.00000000
  0.00000000   0.00000000     0.00000000   0.00000000     0.00080310  -0.00005917
    4    4
  0.02883247   0.00000000    -0.00000000   0.00751749    -0.00000000   0.00000000
 -0.00000000  -0.00751749     0.02248225   0.00000000    -0.00000000   0.00000000
 -0.00000000   0.00000000    -0.00000000   0.00000000     0.06375238   0.00000000
    4    5
  0.00615834   0.00615834    -0.00344096   0.00344096    -0.00000000  -0.00000000
 -0.00344096   0.00344096     0.00632936   0.00632936    -0.00000000  -0.00000000
 -0.00000000  -0.00000000    -0.00000000  -0.00000000     0.04187943   0.04187942
    4    6
 -0.00189233  -0.00189233     0.00019524  -0.00019524    -0.00195637   0.00195637
 -0.00195637   0.00195637     0.00101135   0.00101135     0.00650875   0.00650874
  0.00019524  -0.00019524     0.04255962   0.04255961     0.00101135   0.00101135
    4    7
  0.00267616  -0.00000000    -0.00000000   0.00027611     0.00000000   0.00276673
 -0.00000000  -0.00276673    -0.00143027   0.00000000     0.00920476  -0.00000000
  0.00000000  -0.00027611     0.06018839  -0.00000000    -0.00143027   0.00000000
    5    1
  0.02178611  -0.00000000     0.00000000   0.00561391    -0.00000000   0.00000000
  0.00000000   0.04243844     0.00023504   0.00000000    -0.00000000   0.00000000
 -0.00000000  -0.00000000    -0.00000000   0.00000000     0.00083895  -0.00000000
    5    2
 -0.00423521   0.00337552     0.02100883   0.00113024     0.00000000  -0.00000000
 -0.00436990   0.00092680    -0.00368263   0.00267736     0.00000000  -0.00000000
  0.00000000  -0.00000000     0.00000000   0.00000000     0.00080310   0.00005917
    5    3
  0.00538160  -0.00060789     0.01405629  -0.01565469     0.00000000   0.00000000
 -0.00374534   0.00243464     0.00449719  -0.00071083     0.00000000  -0.00000000
  0.00000000   0.00000000     0.00000000  -0.00000000    -0.00052603   0.00060972
    5    4
  0.00615834  -0.00615834    -0.00344096  -0.00344096    -0.00000000   0.00000000
 -0.00344096  -0.00344096     0.00632936  -0.00632936    -0.00000000   0.00000000
 -0.00000000   0.00000000    -0.00000000   0.00000000     0.04187943  -0.04187942
    5    5
  0.02883247  -0.00000000    -0.00000000  -0.00751749    -0.00000000   0.00000000
 -0.00000000   0.00751749     0.02248225  -0.00000000    -0.00000000   0.00000000
 -0.00000000   0.00000000    -0.00000000   0.00000000     0.06375238  -0.00000000
    5    6
  0.00267616   0.00000000    -0.00000000  -0.00027611     0.00000000  -0.00276673
 -0.00000000   0.00276673    -0.00143027   0.00000000     0.00920476   0.00000000
  0.00000000   0.00027611     0.06018839   0.00000000    -0.00143027   0.00000000
    5    7
 -0.00189233   0.00189233     0.00019524   0.00019524    -0.00195637  -0.00195637
 -0.00195637  -0.00195637     0.00101135  -0.00101135     0.00650875  -0.00650874
  0.00019524   0.00019524     0.04255962  -0.04255961     0.00101135  -0.00101135
    6    1
  0.02178611  -0.00000000     0.00000000  -0.00000000     0.00000000   0.00561391
 -0.00000000  -0.00000000     0.00083895  -0.00000000    -0.00000000  -0.00000000
  0.00000000   0.04243844     0.00000000  -0.00000000     0.00023504  -0.00000000
    6    2
  0.00538160  -0.00060789    -0.00000000   0.00000000     0.01405629  -0.01565469
 -0.00000000  -0.00000000    -0.00052603   0.00060972    -0.00000000  -0.00000000
 -0.00374534   0.00243464     0.00000000   0.00000000     0.00449719  -0.00071083
    6    3
 -0.00423521   0.00337552    -0.00000000  -0.00000000     0.02100883   0.00113024
  0.00000000  -0.00000000     0.00080310   0.00005917    -0.00000000  -0.00000000
 -0.00436990   0.00092680     0.00000000  -0.00000000    -0.00368263   0.00267736
    6    4
 -0.00189233   0.00189233    -0.00195637  -0.00195637     0.00019524   0.00019524
  0.00019524   0.00019524     0.00101135  -0.00101135     0.04255962  -0.04255961
 -0.00195637  -0.00195637     0.00650875  -0.00650874     0.00101135  -0.00101135
    6    5
  0.00267616  -0.00000000    -0.00000000  -0.00276673     0.00000000  -0.00027611
 -0.00000000   0.00027611    -0.00143027   0.00000000     0.06018839  -0.00000000
  0.00000000   0.00276673     0.00920476  -0.00000000    -0.00143027   0.00000000
    6    6
  0.02883247  -0.00000000     0.00000000   0.00000000    -0.00000000  -0.00751749
  0.00000000  -0.00000000     0.06375238  -0.00000000     0.00000000   0.00000000
  0.00000000   0.00751749     0.00000000  -0.00000000     0.02248225   0.00000000
    6    7
  0.00615834  -0.00615834     0.00000000   0.00000000    -0.00344096  -0.00344096
  0.00000000   0.00000000     0.04187943  -0.04187942     0.00000000   0.00000000
 -0.00344096  -0.00344096     0.00000000   0.00000000     0.00632936  -0.00632936
    7    1
 -0.01540511  -0.01540510    -0.00000000  -0.00000000    -0.00396963   0.00396964
  0.00000000  -0.00000000    -0.00059323  -0.00059323    -0.00000000  -0.00000000
 -0.03000850   0.03000851    -0.00000000  -0.00000000    -0.00016620  -0.00016620
    7    2
 -0.00423521  -0.00337552    -0.00000000   0.00000000     0.02100883  -0.00113024
  0.00000000   0.00000000     0.00080310  -0.00005917    -0.00000000   0.00000000
 -0.00436990  -0.00092680    -0.00000000   0.00000000    -0.00368263  -0.00267736
    7    3
  0.00538160   0.00060789    -0.00000000  -0.00000000     0.01405629   0.01565469
  0.00000000   0.00000000    -0.00052603  -0.00060972    -0.00000000  -0.00000000
 -0.00374534  -0.00243464     0.00000000   0.00000000     0.00449719   0.00071083
    7    4
  0.00267616   0.00000000    -0.00000000   0.00276673     0.00000000   0.00027611
 -0.00000000  -0.00027611    -0.00143027  -0.00000000     0.06018839   0.00000000
  0.00000000  -0.00276673     0.00920476   0.00000000    -0.00143027   0.00000000
    7    5
 -0.00189233  -0.00189233    -0.00195637   0.00195637     0.00019524  -0.00019524
  0.00019524  -0.00019524     0.00101135   0.00101135     0.04255962   0.04255961
 -0.00195637   0.00195637     0.00650875   0.00650874     0.00101135   0.00101135
    7    6
  0.00615834   0.00615834     0.00000000   0.00000000    -0.00344096   0.00344096
  0.00000000  -0.00000000     0.04187943   0.04187942     0.00000000  -0.00000000
 -0.00344096   0.00344096     0.00000000   0.00000000     0.00632936   0.00632936
    7    7
  0.02883247   0.00000000     0.00000000  -0.00000000    -0.00000000   0.00751749
  0.00000000   0.00000000     0.06375238   0.00000000     0.00000000   0.00000000
  0.00000000  -0.00751749     0.00000000   0.00000000     0.02248225  -0.00000000

     Dynamical  Matrix in cartesian axes

     q = (   -0.000000000   0.649519100   0.000000000 ) 

    1    1
  0.02478867   0.00000000     0.00000000   0.00000000     0.00000000   0.00000000
  0.00000000   0.00000000     0.18779512   0.00000000     0.00000000   0.00000000
 -0.00000000   0.00000000    -0.00000000   0.00000000     0.02478867   0.00000000
    1    2
  0.00023504  -0.00000000     0.00000000   0.00561391    -0.00000000   0.00000000
  0.00000000   0.04243844     0.02178611  -0.00000000     0.00000000   0.00000000
 -0.00000000  -0.00000000    -0.00000000   0.00000000     0.00083895   0.00000000
    1    3
 -0.00016620  -0.00016620    -0.00396963   0.00396964     0.00000000  -0.00000000
 -0.03000850   0.03000851    -0.01540511  -0.01540510    -0.00000000  -0.00000000
 -0.00000000  -0.00000000    -0.00000000  -0.00000000    -0.00059323  -0.00059323
    1    4
 -0.00246885   0.00296039    -0.00000000   0.00000000    -0.00000000  -0.00000000
 -0.00000000   0.00000000     0.01129302  -0.02726377     0.00000000  -0.00000000
  0.00000000   0.00000000     0.00000000   0.00000000    -0.00034757   0.00383905
    1    5
 -0.00034757   0.00383905    -0.00000000   0.00000000     0.00000000   0.00000000
  0.00000000   0.00000000     0.01129302  -0.02726377     0.00000000   0.00000000
  0.00000000  -0.00000000    -0.00000000  -0.00000000    -0.00246885   0.00296039
    1    6
 -0.00059323  -0.00059323     0.00000000  -0.00000000     0.00000000  -0.00000000
  0.00000000  -0.00000000    -0.01540511  -0.01540510    -0.03000850   0.03000851
  0.00000000  -0.00000000    -0.00396963   0.00396964    -0.00016620  -0.00016620
    1    7
  0.00083895   0.00000000    -0.00000000  -0.00000000    -0.00000000   0.00000000
 -0.00000000  -0.00000000     0.02178611  -0.00000000     0.00000000   0.04243844
