  1.500000000000000E-002   1.26023585003145        2.23508645248256     
           8

     Dynamical  Matrix in cartesian axes

     q = (    0.216506400   0.216506400   0.216506400 ) 

    1    1
  0.03418181   0.00000000     0.00070802  -0.00000000     0.00070802   0.00000000
  0.00070802   0.00000000     0.03418181  -0.00000000     0.00070802  -0.00000000
  0.00070802  -0.00000000     0.00070802  -0.00000000     0.03418181   0.00000000
    1    2
 -0.00077061   0.00186041     0.00115293  -0.00355452     0.00169818  -0.00332867
  0.00405355   0.00578354    -0.00167321   0.00183724    -0.00592785  -0.00264084
 -0.00695588   0.00122329     0.00605898   0.00232426    -0.00011599   0.00248226
    1    3
 -0.00077061   0.00186041     0.00169818  -0.00332867     0.00115293  -0.00355452
 -0.00695588   0.00122329    -0.00011599   0.00248226     0.00605898   0.00232426
  0.00405355   0.00578354    -0.00592785  -0.00264084    -0.00167321   0.00183724
    1    4
 -0.00011599   0.00248226    -0.00695588   0.00122329     0.00605898   0.00232426
  0.00169818  -0.00332867    -0.00077061   0.00186041     0.00115293  -0.00355452
 -0.00592785  -0.00264084     0.00405355   0.00578354    -0.00167321   0.00183724
    1    5
 -0.00167321   0.00183724     0.00405355   0.00578354    -0.00592785  -0.00264084
  0.00115293  -0.00355452    -0.00077061   0.00186041     0.00169818  -0.00332867
  0.00605898   0.00232426    -0.00695588   0.00122329    -0.00011599   0.00248226
    1    6
 -0.00167321   0.00183724    -0.00592785  -0.00264084     0.00405355   0.00578354
  0.00605898   0.00232426    -0.00011599   0.00248226    -0.00695588   0.00122329
  0.00115293  -0.00355452     0.00169818  -0.00332867    -0.00077061   0.00186041
    1    7
 -0.00011599   0.00248226     0.00605898   0.00232426    -0.00695588   0.00122329
 -0.00592785  -0.00264084    -0.00167321   0.00183724     0.00405355   0.00578354
  0.00169818  -0.00332867     0.00115293  -0.00355452    -0.00077061   0.00186041
    2    1
 -0.00077061  -0.00186041     0.00405355  -0.00578354    -0.00695588  -0.00122329
  0.00115293   0.00355452    -0.00167321  -0.00183724     0.00605898  -0.00232426
  0.00169818   0.00332867    -0.00592785   0.00264084    -0.00011599  -0.00248226
    2    2
  0.04480100   0.00000000     0.00525215  -0.00164862     0.00525215   0.00164862
  0.00525215   0.00164862     0.03019133  -0.00000000     0.01059482   0.00157677
  0.00525215  -0.00164862     0.01059482  -0.00157677     0.03019133   0.00000000
    2    3
  0.02985147   0.00000000     0.00623962   0.00151294     0.00623962  -0.00151294
  0.00623962   0.00151294    -0.01570643   0.00623833    -0.01009552  -0.00000000
  0.00623962  -0.00151294    -0.01009552  -0.00000000    -0.01570643  -0.00623833
    2    4
 -0.01087034   0.01000744    -0.01784395   0.00627737     0.00194219   0.00777323
 -0.02014716   0.01212346    -0.01087034   0.01000744    -0.01053605   0.00681267
 -0.01053605   0.00681267     0.00194219   0.00777323     0.00846043   0.01378260
    2    5
 -0.01213953  -0.00995426    -0.01094646  -0.00000000     0.00229380  -0.00814621
  0.01945402  -0.00000000    -0.01213953   0.00995426     0.00638793  -0.00339762
  0.00638793   0.00339762     0.00229380   0.00814621    -0.00357257   0.00000000
    2    6
 -0.01087034  -0.01000744     0.00194219  -0.00777323    -0.01784395  -0.00627737
 -0.01053605  -0.00681267     0.00846043  -0.01378260     0.00194219  -0.00777323
 -0.02014716  -0.01212346    -0.01053605  -0.00681267    -0.01087034  -0.01000744
    2    7
 -0.01213953   0.00995426     0.00229380   0.00814621    -0.01094646   0.00000000
  0.00638793  -0.00339762    -0.00357257   0.00000000     0.00229380  -0.00814621
  0.01945402   0.00000000     0.00638793   0.00339762    -0.01213953  -0.00995426
    3    1
 -0.00077061  -0.00186041    -0.00695588  -0.00122329     0.00405355  -0.00578354
  0.00169818   0.00332867    -0.00011599  -0.00248226    -0.00592785   0.00264084
  0.00115293   0.00355452     0.00605898  -0.00232426    -0.00167321  -0.00183724
    3    2
  0.02985147  -0.00000000     0.00623962  -0.00151294     0.00623962   0.00151294
  0.00623962  -0.00151294    -0.01570643  -0.00623833    -0.01009552   0.00000000
  0.00623962   0.00151294    -0.01009552   0.00000000    -0.01570643   0.00623833
    3    3
  0.04480100  -0.00000000     0.00525215   0.00164862     0.00525215  -0.00164862
  0.00525215  -0.00164862     0.03019133   0.00000000     0.01059482  -0.00157677
  0.00525215   0.00164862     0.01059482   0.00157677     0.03019133  -0.00000000
    3    4
 -0.01213953   0.00995426    -0.01094646   0.00000000     0.00229380   0.00814621
  0.01945402   0.00000000    -0.01213953  -0.00995426     0.00638793   0.00339762
  0.00638793  -0.00339762     0.00229380  -0.00814621    -0.00357257   0.00000000
    3    5
 -0.01087034  -0.01000744    -0.01784395  -0.00627737     0.00194219  -0.00777323
 -0.02014716  -0.01212346    -0.01087034  -0.01000744    -0.01053605  -0.00681267
 -0.01053605  -0.00681267     0.00194219  -0.00777323     0.00846043  -0.01378260
    3    6
 -0.01213953  -0.00995426     0.00229380  -0.00814621    -0.01094646  -0.00000000
  0.00638793   0.00339762    -0.00357257   0.00000000     0.00229380   0.00814621
  0.01945402  -0.00000000     0.00638793  -0.00339762    -0.01213953   0.00995426
    3    7
 -0.01087034   0.01000744     0.00194219   0.00777323    -0.01784395   0.00627737
 -0.01053605   0.00681267     0.00846043   0.01378260     0.00194219   0.00777323
 -0.02014716   0.01212346    -0.01053605   0.00681267    -0.01087034   0.01000744
    4    1
 -0.00011599  -0.00248226     0.00169818   0.00332867    -0.00592785   0.00264084
 -0.00695588  -0.00122329    -0.00077061  -0.00186041     0.00405355  -0.00578354
  0.00605898  -0.00232426     0.00115293   0.00355452    -0.00167321  -0.00183724
    4    2
 -0.01087034  -0.01000744    -0.02014716  -0.01212346    -0.01053605  -0.00681267
 -0.01784395  -0.00627737    -0.01087034  -0.01000744     0.00194219  -0.00777323
  0.00194219  -0.00777323    -0.01053605  -0.00681267     0.00846043  -0.01378260
    4    3
 -0.01213953  -0.00995426     0.01945402   0.00000000     0.00638793   0.00339762
 -0.01094646  -0.00000000    -0.01213953   0.00995426     0.00229380   0.00814621
  0.00229380  -0.00814621     0.00638793  -0.00339762    -0.00357257   0.00000000
    4    4
  0.03019133   0.00000000     0.00525215  -0.00164862     0.01059482  -0.00157677
  0.00525215   0.00164862     0.04480100  -0.00000000     0.00525215  -0.00164862
  0.01059482   0.00157677     0.00525215   0.00164862     0.03019133  -0.00000000
    4    5
 -0.01570643  -0.00623833     0.00623962  -0.00151294    -0.01009552   0.00000000
  0.00623962  -0.00151294     0.02985147  -0.00000000     0.00623962   0.00151294
 -0.01009552  -0.00000000     0.00623962   0.00151294    -0.01570643   0.00623833
    4    6
  0.00846043   0.01378260    -0.01053605   0.00681267     0.00194219   0.00777323
  0.00194219   0.00777323    -0.01087034   0.01000744    -0.01784395   0.00627737
 -0.01053605   0.00681267    -0.02014716   0.01212346    -0.01087034   0.01000744
    4    7
 -0.00357257  -0.00000000     0.00638793   0.00339762     0.00229380   0.00814621
  0.00229380  -0.00814621    -0.01213953  -0.00995426    -0.01094646  -0.00000000
  0.00638793  -0.00339762     0.01945402  -0.00000000    -0.01213953   0.00995426
    5    1
 -0.00167321  -0.00183724     0.00115293   0.00355452     0.00605898  -0.00232426
  0.00405355  -0.00578354    -0.00077061  -0.00186041    -0.00695588  -0.00122329
 -0.00592785   0.00264084     0.00169818   0.00332867    -0.00011599  -0.00248226
    5    2
 -0.01213953   0.00995426     0.01945402   0.00000000     0.00638793  -0.00339762
 -0.01094646  -0.00000000    -0.01213953  -0.00995426     0.00229380  -0.00814621
  0.00229380   0.00814621     0.00638793   0.00339762    -0.00357257   0.00000000
    5    3
 -0.01087034   0.01000744    -0.02014716   0.01212346    -0.01053605   0.00681267
 -0.01784395   0.00627737    -0.01087034   0.01000744     0.00194219   0.00777323
  0.00194219   0.00777323    -0.01053605   0.00681267     0.00846043   0.01378260
    5    4
 -0.01570643   0.00623833     0.00623962   0.00151294    -0.01009552   0.00000000
  0.00623962   0.00151294     0.02985147   0.00000000     0.00623962  -0.00151294
 -0.01009552   0.00000000     0.00623962  -0.00151294    -0.01570643  -0.00623833
    5    5
  0.03019133  -0.00000000     0.00525215   0.00164862     0.01059482   0.00157677
  0.00525215  -0.00164862     0.04480100   0.00000000     0.00525215   0.00164862
  0.01059482  -0.00157677     0.00525215  -0.00164862     0.03019133   0.00000000
    5    6
 -0.00357257   0.00000000     0.00638793  -0.00339762     0.00229380  -0.00814621
  0.00229380   0.00814621    -0.01213953   0.00995426    -0.01094646   0.00000000
  0.00638793   0.00339762     0.01945402   0.00000000    -0.01213953  -0.00995426
    5    7
  0.00846043  -0.01378260    -0.01053605  -0.00681267     0.00194219  -0.00777323
  0.00194219  -0.00777323    -0.01087034  -0.01000744    -0.01784395  -0.00627737
 -0.01053605  -0.00681267    -0.02014716  -0.01212346    -0.01087034  -0.01000744
    6    1
 -0.00167321  -0.00183724     0.00605898  -0.00232426     0.00115293   0.00355452
 -0.00592785   0.00264084    -0.00011599  -0.00248226     0.00169818   0.00332867
  0.00405355  -0.00578354    -0.00695588  -0.00122329    -0.00077061  -0.00186041
    6    2
 -0.01087034   0.01000744    -0.01053605   0.00681267    -0.02014716   0.01212346
  0.00194219   0.00777323     0.00846043   0.01378260    -0.01053605   0.00681267
 -0.01784395   0.00627737     0.00194219   0.00777323    -0.01087034   0.01000744
    6    3
 -0.01213953   0.00995426     0.00638793  -0.00339762     0.01945402   0.00000000
  0.00229380   0.00814621    -0.00357257  -0.00000000     0.00638793   0.00339762
 -0.01094646  -0.00000000     0.00229380  -0.00814621    -0.01213953  -0.00995426
    6    4
  0.00846043  -0.01378260     0.00194219  -0.00777323    -0.01053605  -0.00681267
 -0.01053605  -0.00681267    -0.01087034  -0.01000744    -0.02014716  -0.01212346
  0.00194219  -0.00777323    -0.01784395  -0.00627737    -0.01087034  -0.01000744
    6    5
 -0.00357257   0.00000000     0.00229380  -0.00814621     0.00638793  -0.00339762
  0.00638793   0.00339762    -0.01213953  -0.00995426     0.01945402  -0.00000000
  0.00229380   0.00814621    -0.01094646   0.00000000    -0.01213953   0.00995426
    6    6
  0.03019133  -0.00000000     0.01059482   0.00157677     0.00525215   0.00164862
  0.01059482  -0.00157677     0.03019133   0.00000000     0.00525215  -0.00164862
  0.00525215  -0.00164862     0.00525215   0.00164862     0.04480100   0.00000000
    6    7
 -0.01570643   0.00623833    -0.01009552  -0.00000000     0.00623962   0.00151294
 -0.01009552  -0.00000000    -0.01570643  -0.00623833     0.00623962  -0.00151294
  0.00623962   0.00151294     0.00623962  -0.00151294     0.02985147  -0.00000000
    7    1
 -0.00011599  -0.00248226    -0.00592785   0.00264084     0.00169818   0.00332867
  0.00605898  -0.00232426    -0.00167321  -0.00183724     0.00115293   0.00355452
 -0.00695588  -0.00122329     0.00405355  -0.00578354    -0.00077061  -0.00186041
    7    2
 -0.01213953  -0.00995426     0.00638793   0.00339762     0.01945402  -0.00000000
  0.00229380  -0.00814621    -0.00357257   0.00000000     0.00638793  -0.00339762
 -0.01094646   0.00000000     0.00229380   0.00814621    -0.01213953   0.00995426
    7    3
 -0.01087034  -0.01000744    -0.01053605  -0.00681267    -0.02014716  -0.01212346
  0.00194219  -0.00777323     0.00846043  -0.01378260    -0.01053605  -0.00681267
 -0.01784395  -0.00627737     0.00194219  -0.00777323    -0.01087034  -0.01000744
    7    4
 -0.00357257   0.00000000     0.00229380   0.00814621     0.00638793   0.00339762
  0.00638793  -0.00339762    -0.01213953   0.00995426     0.01945402   0.00000000
  0.00229380  -0.00814621    -0.01094646   0.00000000    -0.01213953  -0.00995426
    7    5
  0.00846043   0.01378260     0.00194219   0.00777323    -0.01053605   0.00681267
 -0.01053605   0.00681267    -0.01087034   0.01000744    -0.02014716   0.01212346
  0.00194219   0.00777323    -0.01784395   0.00627737    -0.01087034   0.01000744
    7    6
 -0.01570643  -0.00623833    -0.01009552   0.00000000     0.00623962  -0.00151294
 -0.01009552  -0.00000000    -0.01570643   0.00623833     0.00623962   0.00151294
  0.00623962  -0.00151294     0.00623962   0.00151294     0.02985147   0.00000000
    7    7
  0.03019133   0.00000000     0.01059482  -0.00157677     0.00525215  -0.00164862
  0.01059482   0.00157677     0.03019133  -0.00000000     0.00525215   0.00164862
  0.00525215   0.00164862     0.00525215  -0.00164862     0.04480100  -0.00000000

     Dynamical  Matrix in cartesian axes

     q = (    0.216506400  -0.216506400   0.216506400 ) 

    1    1
  0.03418181   0.00000000    -0.00070802  -0.00000000     0.00070802  -0.00000000
 -0.00070802  -0.00000000     0.03418181   0.00000000    -0.00070802  -0.00000000
  0.00070802   0.00000000    -0.00070802  -0.00000000     0.03418181   0.00000000
    1    2
 -0.00077061   0.00186041    -0.00115293   0.00355452     0.00169818  -0.00332867
 -0.00405355  -0.00578354    -0.00167321   0.00183724     0.00592785   0.00264084
 -0.00695588   0.00122329    -0.00605898  -0.00232426    -0.00011599   0.00248226
    1    3
 -0.00186041  -0.00077061    -0.00332867  -0.00169818     0.00355452   0.00115293
  0.00122329   0.00695588    -0.00248226  -0.00011599     0.00232426  -0.00605898
 -0.00578354   0.00405355    -0.00264085   0.00592785    -0.00183724  -0.00167321
    1    4
 -0.00248226   0.00011599     0.00122329  -0.00695588    -0.00232426  -0.00605898
 -0.00332867   0.00169818    -0.00186041   0.00077061    -0.00355452   0.00115293
  0.00264085   0.00592785     0.00578354   0.00405355    -0.00183724   0.00167321
    1    5
 -0.00183724   0.00167321     0.00578354   0.00405355     0.00264085   0.00592785
 -0.00355452   0.00115293    -0.00186041   0.00077061    -0.00332867   0.00169818
 -0.00232426  -0.00605898     0.00122329  -0.00695588    -0.00248226   0.00011599
    1    6
 -0.00183724  -0.00167321    -0.00264085   0.00592785    -0.00578354   0.00405355
  0.00232426  -0.00605898    -0.00248226  -0.00011599     0.00122329   0.00695588
  0.00355452   0.00115293    -0.00332867  -0.00169818    -0.00186041  -0.00077061
    1    7
 -0.00011599   0.00248226    -0.00605898  -0.00232426    -0.00695588   0.00122329
  0.00592785   0.00264084    -0.00167321   0.00183724    -0.00405355  -0.00578354
  0.00169818  -0.00332867    -0.00115293   0.00355452    -0.00077061   0.00186041
    2    1
 -0.00077061  -0.00186041    -0.00405355   0.00578354    -0.00695588  -0.00122329
 -0.00115293  -0.00355452    -0.00167321  -0.00183724    -0.00605898   0.00232426
  0.00169818   0.00332867     0.00592785  -0.00264084    -0.00011599  -0.00248226
    2    2
  0.04480100  -0.00000000    -0.00525215   0.00164862     0.00525215   0.00164862
 -0.00525215  -0.00164862     0.03019133  -0.00000000    -0.01059482  -0.00157677
  0.00525215  -0.00164862    -0.01059482   0.00157677     0.03019133  -0.00000000
    2    3
 -0.00000001   0.02985147     0.00151294  -0.00623962     0.00151294   0.00623962
  0.00151294  -0.00623962    -0.00623833  -0.01570643    -0.00000000   0.01009552
  0.00151294   0.00623962    -0.00000000   0.01009552     0.00623834  -0.01570642
    2    4
 -0.00154522  -0.01562267     0.00774032   0.00774032     0.00738220  -0.00413828
 -0.01375607  -0.01375607    -0.01562267  -0.00154522    -0.00691943  -0.00211446
  0.00211446   0.00691943     0.00413828  -0.00738220    -0.00252618  -0.00252619
    2    5
 -0.01476282  -0.00061017     0.01705635   0.00817881    -0.00412317   0.00686984
  0.02281877   0.00567362    -0.01476282  -0.00061017     0.01226740   0.00263283
 -0.01226740  -0.00263283     0.00412317  -0.00686984    -0.00376335   0.01572820
    2    6
  0.01000744  -0.01087034    -0.00777323  -0.00194219     0.00627738  -0.01784395
 -0.00681268   0.01053604     0.01378260   0.00846044    -0.00777323  -0.00194219
  0.01212346  -0.02014716    -0.00681268   0.01053604     0.01000744  -0.01087034
    2    7
 -0.01213953   0.00995426    -0.00229380  -0.00814621    -0.01094646   0.00000000
 -0.00638793   0.00339762    -0.00357257  -0.00000000    -0.00229380   0.00814621
  0.01945402   0.00000000    -0.00638793  -0.00339762    -0.01213953  -0.00995426
    3    1
 -0.00186041   0.00077061     0.00122329  -0.00695588    -0.00578354  -0.00405355
 -0.00332867   0.00169818    -0.00248226   0.00011599    -0.00264085  -0.00592785
  0.00355452  -0.00115293     0.00232426   0.00605898    -0.00183724   0.00167321
    3    2
 -0.00000001  -0.02985147     0.00151294   0.00623962     0.00151294  -0.00623962
  0.00151294   0.00623962    -0.00623833   0.01570643    -0.00000000  -0.01009552
  0.00151294  -0.00623962    -0.00000000  -0.01009552     0.00623834   0.01570642
    3    3
  0.04480100  -0.00000000    -0.00525215  -0.00164862     0.00525215  -0.00164862
 -0.00525215   0.00164862     0.03019133   0.00000000    -0.01059482   0.00157677
  0.00525215   0.00164862    -0.01059482  -0.00157677     0.03019133  -0.00000000
    3    4
 -0.01476282   0.00061017     0.01705635  -0.00817881    -0.00412317  -0.00686984
  0.02281877  -0.00567362    -0.01476282   0.00061017     0.01226740  -0.00263283
 -0.01226740   0.00263283     0.00412317   0.00686984    -0.00376335  -0.01572820
    3    5
 -0.00154522   0.01562267     0.00774032  -0.00774032     0.00738220   0.00413828
 -0.01375607   0.01375607    -0.01562267   0.00154522    -0.00691943   0.00211446
  0.00211446  -0.00691943     0.00413828   0.00738220    -0.00252618   0.00252619
    3    6
 -0.01213953  -0.00995426    -0.00229380   0.00814621    -0.01094646   0.00000000
 -0.00638793  -0.00339762    -0.00357257   0.00000000    -0.00229380  -0.00814621
  0.01945402  -0.00000000    -0.00638793   0.00339762    -0.01213953   0.00995426
    3    7
  0.01000744   0.01087034    -0.00777323   0.00194219     0.00627738   0.01784395
 -0.00681268  -0.01053604     0.01378260  -0.00846044    -0.00777323   0.00194219
  0.01212346   0.02014716    -0.00681268  -0.01053604     0.01000744   0.01087034
    4    1
 -0.00248226  -0.00011599    -0.00332867  -0.00169818     0.00264085  -0.00592785
  0.00122329   0.00695588    -0.00186041  -0.00077061     0.00578354  -0.00405355
 -0.00232426   0.00605898    -0.00355452  -0.00115293    -0.00183724  -0.00167321
    4    2
 -0.00154522   0.01562267    -0.01375607   0.01375607     0.00211446  -0.00691943
  0.00774032  -0.00774032    -0.01562267   0.00154522     0.00413828   0.00738220
  0.00738220   0.00413828    -0.00691943   0.00211446    -0.00252618   0.00252619
    4    3
 -0.01476282  -0.00061017     0.02281877   0.00567362    -0.01226740  -0.00263283
  0.01705635   0.00817881    -0.01476282  -0.00061017     0.00412317  -0.00686984
 -0.00412317   0.00686984     0.01226740   0.00263283    -0.00376335   0.01572820
    4    4
  0.03019133  -0.00000000    -0.00525215  -0.00164862     0.01059482   0.00157677
 -0.00525215   0.00164862     0.04480100   0.00000000    -0.00525215  -0.00164862
  0.01059482  -0.00157677    -0.00525215   0.00164862     0.03019133  -0.00000000
    4    5
 -0.01570643   0.00623833    -0.00623962  -0.00151294    -0.01009552  -0.00000000
 -0.00623962  -0.00151294     0.02985147   0.00000000    -0.00623962   0.00151294
 -0.01009552  -0.00000000    -0.00623962   0.00151294    -0.01570643  -0.00623833
    4    6
 -0.00252618  -0.00252619    -0.00691943  -0.00211446     0.00738220  -0.00413828
  0.00413828  -0.00738220    -0.01562267  -0.00154522     0.00774032   0.00774032
  0.00211446   0.00691943    -0.01375607  -0.01375607    -0.00154522  -0.01562267
    4    7
 -0.00376335  -0.01572820     0.01226740  -0.00263283    -0.00412317  -0.00686984
  0.00412317   0.00686984    -0.01476282   0.00061017     0.01705635  -0.00817881
 -0.01226740   0.00263283     0.02281877  -0.00567362    -0.01476282   0.00061017
    5    1
 -0.00183724  -0.00167321    -0.00355452  -0.00115293    -0.00232426   0.00605898
  0.00578354  -0.00405355    -0.00186041  -0.00077061     0.00122329   0.00695588
  0.00264085  -0.00592785    -0.00332867  -0.00169818    -0.00248226  -0.00011599
    5    2
 -0.01476282   0.00061017     0.02281877  -0.00567362    -0.01226740   0.00263283
  0.01705635  -0.00817881    -0.01476282   0.00061017     0.00412317   0.00686984
 -0.00412317  -0.00686984     0.01226740  -0.00263283    -0.00376335  -0.01572820
    5    3
 -0.00154522  -0.01562267    -0.01375607  -0.01375607     0.00211446   0.00691943
  0.00774032   0.00774032    -0.01562267  -0.00154522     0.00413828  -0.00738220
  0.00738220  -0.00413828    -0.00691943  -0.00211446    -0.00252618  -0.00252619
    5    4
 -0.01570643  -0.00623833    -0.00623962   0.00151294    -0.01009552   0.00000000
 -0.00623962   0.00151294     0.02985147  -0.00000000    -0.00623962  -0.00151294
 -0.01009552   0.00000000    -0.00623962  -0.00151294    -0.01570643   0.00623833
    5    5
  0.03019133   0.00000000    -0.00525215   0.00164862     0.01059482  -0.00157677
 -0.00525215  -0.00164862     0.04480100  -0.00000000    -0.00525215   0.00164862
  0.01059482   0.00157677    -0.00525215  -0.00164862     0.03019133  -0.00000000
    5    6
 -0.00376335   0.01572820     0.01226740   0.00263283    -0.00412317   0.00686984
  0.00412317  -0.00686984    -0.01476282  -0.00061017     0.01705635   0.00817881
 -0.01226740  -0.00263283     0.02281877   0.00567362    -0.01476282  -0.00061017
    5    7
 -0.00252618   0.00252619    -0.00691943   0.00211446     0.00738220   0.00413828
  0.00413828   0.00738220    -0.01562267   0.00154522     0.00774032  -0.00774032
  0.00211446  -0.00691943    -0.01375607   0.01375607    -0.00154522   0.01562267
    6    1
 -0.00183724   0.00167321     0.00232426   0.00605898     0.00355452  -0.00115293
 -0.00264085  -0.00592785    -0.00248226   0.00011599    -0.00332867   0.00169818
 -0.00578354  -0.00405355     0.00122329  -0.00695588    -0.00186041   0.00077061
    6    2
  0.01000744   0.01087034    -0.00681268  -0.01053604     0.01212346   0.02014716
 -0.00777323   0.00194219     0.01378260  -0.00846044    -0.00681268  -0.01053604
  0.00627738   0.01784395    -0.00777323   0.00194219     0.01000744   0.01087034
    6    3
 -0.01213953   0.00995426    -0.00638793   0.00339762     0.01945402   0.00000000
 -0.00229380  -0.00814621    -0.00357257  -0.00000000    -0.00638793  -0.00339762
 -0.01094646  -0.00000000    -0.00229380   0.00814621    -0.01213953  -0.00995426
    6    4
 -0.00252618   0.00252619     0.00413828   0.00738220     0.00211446  -0.00691943
 -0.00691943   0.00211446    -0.01562267   0.00154522    -0.01375607   0.01375607
  0.00738220   0.00413828     0.00774032  -0.00774032    -0.00154522   0.01562267
    6    5
 -0.00376335  -0.01572820     0.00412317   0.00686984    -0.01226740   0.00263283
  0.01226740  -0.00263283    -0.01476282   0.00061017     0.02281877  -0.00567362
 -0.00412317  -0.00686984     0.01705635  -0.00817881    -0.01476282   0.00061017
    6    6
  0.03019133  -0.00000000    -0.01059482  -0.00157677     0.00525215   0.00164862
 -0.01059482   0.00157677     0.03019133   0.00000000    -0.00525215   0.00164862
  0.00525215  -0.00164862    -0.00525215  -0.00164862     0.04480100  -0.00000000
    6    7
  0.00623834   0.01570642    -0.00000000  -0.01009552     0.00151294  -0.00623962
 -0.00000000  -0.01009552    -0.00623833   0.01570643     0.00151294   0.00623962
  0.00151294  -0.00623962     0.00151294   0.00623962    -0.00000001  -0.02985147
    7    1
 -0.00011599  -0.00248226     0.00592785  -0.00264084     0.00169818   0.00332867
 -0.00605898   0.00232426    -0.00167321  -0.00183724    -0.00115293  -0.00355452
 -0.00695588  -0.00122329    -0.00405355   0.00578354    -0.00077061  -0.00186041
    7    2
 -0.01213953  -0.00995426    -0.00638793  -0.00339762     0.01945402  -0.00000000
 -0.00229380   0.00814621    -0.00357257   0.00000000    -0.00638793   0.00339762
 -0.01094646   0.00000000    -0.00229380  -0.00814621    -0.01213953   0.00995426
    7    3
  0.01000744  -0.01087034    -0.00681268   0.01053604     0.01212346  -0.02014716
 -0.00777323  -0.00194219     0.01378260   0.00846044    -0.00681268   0.01053604
  0.00627738  -0.01784395    -0.00777323  -0.00194219     0.01000744  -0.01087034
    7    4
 -0.00376335   0.01572820     0.00412317  -0.00686984    -0.01226740  -0.00263283
  0.01226740   0.00263283    -0.01476282  -0.00061017     0.02281877   0.00567362
 -0.00412317   0.00686984     0.01705635   0.00817881    -0.01476282  -0.00061017
    7    5
 -0.00252618  -0.00252619     0.00413828  -0.00738220     0.00211446   0.00691943
 -0.00691943  -0.00211446    -0.01562267  -0.00154522    -0.01375607  -0.01375607
  0.00738220  -0.00413828     0.00774032   0.00774032    -0.00154522  -0.01562267
    7    6
  0.00623834  -0.01570642    -0.00000000   0.01009552     0.00151294   0.00623962
 -0.00000000   0.01009552    -0.00623833  -0.01570643     0.00151294  -0.00623962
  0.00151294   0.00623962     0.00151294  -0.00623962    -0.00000001   0.02985147
    7    7
  0.03019133   0.00000000    -0.01059482   0.00157677     0.00525215  -0.00164862
 -0.01059482  -0.00157677     0.03019133  -0.00000000    -0.00525215  -0.00164862
  0.00525215   0.00164862    -0.00525215   0.00164862     0.04480100  -0.00000000

     Dynamical  Matrix in cartesian axes

     q = (   -0.216506400   0.216506400   0.216506400 ) 

    1    1
  0.03418181  -0.00000000    -0.00070802  -0.00000000    -0.00070802  -0.00000000
 -0.00070802  -0.00000000     0.03418181   0.00000000     0.00070802   0.00000000
 -0.00070802  -0.00000000     0.00070802  -0.00000000     0.03418181   0.00000000
    1    2
 -0.00186041   0.00077061    -0.00355452   0.00115293    -0.00332867   0.00169818
  0.00578354   0.00405355    -0.00183724   0.00167321     0.00264085   0.00592785
  0.00122329  -0.00695588    -0.00232426  -0.00605898    -0.00248226   0.00011599
    1    3
 -0.00186041   0.00077061    -0.00332867   0.00169818    -0.00355452   0.00115293
  0.00122329  -0.00695588    -0.00248226   0.00011599    -0.00232426  -0.00605898
  0.00578354   0.00405355     0.00264085   0.00592785    -0.00183724   0.00167321
    1    4
 -0.00248226  -0.00011599     0.00122329   0.00695588     0.00232426  -0.00605898
 -0.00332867  -0.00169818    -0.00186041  -0.00077061     0.00355452   0.00115293
 -0.00264085   0.00592785    -0.00578354   0.00405355    -0.00183724  -0.00167321
    1    5
 -0.00167321   0.00183724    -0.00405355  -0.00578354     0.00592785   0.00264084
 -0.00115293   0.00355452    -0.00077061   0.00186041     0.00169818  -0.00332867
 -0.00605898  -0.00232426    -0.00695588   0.00122329    -0.00011599   0.00248226
    1    6
 -0.00167321   0.00183724     0.00592785   0.00264084    -0.00405355  -0.00578354
 -0.00605898  -0.00232426    -0.00011599   0.00248226    -0.00695588   0.00122329
 -0.00115293   0.00355452     0.00169818  -0.00332867    -0.00077061   0.00186041
    1    7
 -0.00248226  -0.00011599     0.00232426  -0.00605898     0.00122329   0.00695588
 -0.00264085   0.00592785    -0.00183724  -0.00167321    -0.00578354   0.00405355
 -0.00332867  -0.00169818     0.00355452   0.00115293    -0.00186041  -0.00077061
    2    1
 -0.00186041  -0.00077061     0.00578354  -0.00405355     0.00122329   0.00695588
 -0.00355452  -0.00115293    -0.00183724  -0.00167321    -0.00232426   0.00605898
 -0.00332867  -0.00169818     0.00264085  -0.00592785    -0.00248226  -0.00011599
    2    2
  0.04480100  -0.00000000    -0.00525215  -0.00164862    -0.00525215   0.00164862
 -0.00525215   0.00164862     0.03019133  -0.00000000     0.01059482  -0.00157677
 -0.00525215  -0.00164862     0.01059482   0.00157677     0.03019133  -0.00000000
    2    3
  0.02985147  -0.00000000    -0.00623962   0.00151294    -0.00623962  -0.00151294
 -0.00623962   0.00151294    -0.01570643  -0.00623833    -0.01009552   0.00000000
 -0.00623962  -0.00151294    -0.01009552   0.00000000    -0.01570643   0.00623833
    2    4
 -0.01562267  -0.00154522     0.00774032   0.00774032     0.00413828  -0.00738220
 -0.01375607  -0.01375607    -0.00154522  -0.01562267     0.00211446   0.00691943
 -0.00691943  -0.00211446     0.00738220  -0.00413828    -0.00252618  -0.00252619
    2    5
 -0.01476282   0.00061017     0.01705635  -0.00817881     0.00412317   0.00686984
  0.02281877  -0.00567362    -0.01476282   0.00061017    -0.01226740   0.00263283
  0.01226740  -0.00263283    -0.00412317  -0.00686984    -0.00376335  -0.01572820
    2    6
 -0.01562267   0.00154522     0.00413828   0.00738220     0.00774032  -0.00774032
 -0.00691943   0.00211446    -0.00252618   0.00252619     0.00738220   0.00413828
 -0.01375607   0.01375607     0.00211446  -0.00691943    -0.00154522   0.01562267
    2    7
 -0.01476282  -0.00061017     0.00412317  -0.00686984     0.01705635   0.00817881
  0.01226740   0.00263283    -0.00376335   0.01572820    -0.00412317   0.00686984
  0.02281877   0.00567362    -0.01226740  -0.00263283    -0.01476282  -0.00061017
    3    1
 -0.00186041  -0.00077061     0.00122329   0.00695588     0.00578354  -0.00405355
 -0.00332867  -0.00169818    -0.00248226  -0.00011599     0.00264085  -0.00592785
 -0.00355452  -0.00115293    -0.00232426   0.00605898    -0.00183724  -0.00167321
    3    2
  0.02985147   0.00000000    -0.00623962  -0.00151294    -0.00623962   0.00151294
 -0.00623962  -0.00151294    -0.01570643   0.00623833    -0.01009552  -0.00000000
 -0.00623962   0.00151294    -0.01009552  -0.00000000    -0.01570643  -0.00623833
    3    3
  0.04480100   0.00000000    -0.00525215   0.00164862    -0.00525215  -0.00164862
 -0.00525215  -0.00164862     0.03019133  -0.00000000     0.01059482   0.00157677
 -0.00525215   0.00164862     0.01059482  -0.00157677     0.03019133   0.00000000
    3    4
 -0.01476282  -0.00061017     0.01705635   0.00817881     0.00412317  -0.00686984
  0.02281877   0.00567362    -0.01476282  -0.00061017    -0.01226740  -0.00263283
  0.01226740   0.00263283    -0.00412317   0.00686984    -0.00376335   0.01572820
    3    5
 -0.01562267   0.00154522     0.00774032  -0.00774032     0.00413828   0.00738220
 -0.01375607   0.01375607    -0.00154522   0.01562267     0.00211446  -0.00691943
 -0.00691943   0.00211446     0.00738220   0.00413828    -0.00252618   0.00252619
    3    6
 -0.01476282   0.00061017     0.00412317   0.00686984     0.01705635  -0.00817881
  0.01226740  -0.00263283    -0.00376335  -0.01572820    -0.00412317  -0.00686984
  0.02281877  -0.00567362    -0.01226740   0.00263283    -0.01476282   0.00061017
    3    7
 -0.01562267  -0.00154522     0.00413828  -0.00738220     0.00774032   0.00774032
 -0.00691943  -0.00211446    -0.00252618  -0.00252619     0.00738220  -0.00413828
 -0.01375607  -0.01375607     0.00211446   0.00691943    -0.00154522  -0.01562267
    4    1
 -0.00248226   0.00011599    -0.00332867   0.00169818    -0.00264085  -0.00592785
  0.00122329  -0.00695588    -0.00186041   0.00077061    -0.00578354  -0.00405355
  0.00232426   0.00605898     0.00355452  -0.00115293    -0.00183724   0.00167321
    4    2
 -0.01562267   0.00154522    -0.01375607   0.01375607    -0.00691943   0.00211446
  0.00774032  -0.00774032    -0.00154522   0.01562267     0.00738220   0.00413828
  0.00413828   0.00738220     0.00211446  -0.00691943    -0.00252618   0.00252619
    4    3
 -0.01476282   0.00061017     0.02281877  -0.00567362     0.01226740  -0.00263283
  0.01705635  -0.00817881    -0.01476282   0.00061017    -0.00412317  -0.00686984
  0.00412317   0.00686984    -0.01226740   0.00263283    -0.00376335  -0.01572820
    4    4
  0.03019133   0.00000000    -0.00525215   0.00164862    -0.01059482   0.00157677
 -0.00525215  -0.00164862     0.04480100  -0.00000000     0.00525215  -0.00164862
 -0.01059482  -0.00157677     0.00525215   0.00164862     0.03019133  -0.00000000
    4    5
 -0.00623833   0.01570643     0.00151294   0.00623962    -0.00000000  -0.01009552
  0.00151294   0.00623962    -0.00000001  -0.02985147     0.00151294  -0.00623962
 -0.00000000  -0.01009552     0.00151294  -0.00623962     0.00623834   0.01570642
    4    6
  0.01378260  -0.00846044    -0.00681268  -0.01053604    -0.00777323   0.00194219
 -0.00777323   0.00194219     0.01000744   0.01087034     0.00627738   0.01784395
 -0.00681268  -0.01053604     0.01212346   0.02014716     0.01000744   0.01087034
    4    7
 -0.00357257   0.00000000    -0.00638793  -0.00339762    -0.00229380  -0.00814621
 -0.00229380   0.00814621    -0.01213953  -0.00995426    -0.01094646   0.00000000
 -0.00638793   0.00339762     0.01945402  -0.00000000    -0.01213953   0.00995426
    5    1
 -0.00167321  -0.00183724    -0.00115293  -0.00355452    -0.00605898   0.00232426
 -0.00405355   0.00578354    -0.00077061  -0.00186041    -0.00695588  -0.00122329
  0.00592785  -0.00264084     0.00169818   0.00332867    -0.00011599  -0.00248226
    5    2
 -0.01476282  -0.00061017     0.02281877   0.00567362     0.01226740   0.00263283
  0.01705635   0.00817881    -0.01476282  -0.00061017    -0.00412317   0.00686984
  0.00412317  -0.00686984    -0.01226740  -0.00263283    -0.00376335   0.01572820
    5    3
 -0.01562267  -0.00154522    -0.01375607  -0.01375607    -0.00691943  -0.00211446
  0.00774032   0.00774032    -0.00154522  -0.01562267     0.00738220  -0.00413828
  0.00413828  -0.00738220     0.00211446   0.00691943    -0.00252618  -0.00252619
    5    4
 -0.00623833  -0.01570643     0.00151294  -0.00623962    -0.00000000   0.01009552
  0.00151294  -0.00623962    -0.00000001   0.02985147     0.00151294   0.00623962
 -0.00000000   0.01009552     0.00151294   0.00623962     0.00623834  -0.01570642
    5    5
  0.03019133  -0.00000000    -0.00525215  -0.00164862    -0.01059482  -0.00157677
 -0.00525215   0.00164862     0.04480100  -0.00000000     0.00525215   0.00164862
 -0.01059482   0.00157677     0.00525215  -0.00164862     0.03019133  -0.00000000
    5    6
 -0.00357257  -0.00000000    -0.00638793   0.00339762    -0.00229380   0.00814621
 -0.00229380  -0.00814621    -0.01213953   0.00995426    -0.01094646   0.00000000
 -0.00638793  -0.00339762     0.01945402   0.00000000    -0.01213953  -0.00995426
    5    7
  0.01378260   0.00846044    -0.00681268   0.01053604    -0.00777323  -0.00194219
 -0.00777323  -0.00194219     0.01000744  -0.01087034     0.00627738  -0.01784395
 -0.00681268   0.01053604     0.01212346  -0.02014716     0.01000744  -0.01087034
    6    1
 -0.00167321  -0.00183724    -0.00605898   0.00232426    -0.00115293  -0.00355452
  0.00592785  -0.00264084    -0.00011599  -0.00248226     0.00169818   0.00332867
 -0.00405355   0.00578354    -0.00695588  -0.00122329    -0.00077061  -0.00186041
    6    2
 -0.01562267  -0.00154522    -0.00691943  -0.00211446    -0.01375607  -0.01375607
  0.00413828  -0.00738220    -0.00252618  -0.00252619     0.00211446   0.00691943
  0.00774032   0.00774032     0.00738220  -0.00413828    -0.00154522  -0.01562267
    6    3
 -0.01476282  -0.00061017     0.01226740   0.00263283     0.02281877   0.00567362
  0.00412317  -0.00686984    -0.00376335   0.01572820    -0.01226740  -0.00263283
  0.01705635   0.00817881    -0.00412317   0.00686984    -0.01476282  -0.00061017
    6    4
  0.01378260   0.00846044    -0.00777323  -0.00194219    -0.00681268   0.01053604
 -0.00681268   0.01053604     0.01000744  -0.01087034     0.01212346  -0.02014716
 -0.00777323  -0.00194219     0.00627738  -0.01784395     0.01000744  -0.01087034
    6    5
 -0.00357257   0.00000000    -0.00229380   0.00814621    -0.00638793   0.00339762
 -0.00638793  -0.00339762    -0.01213953  -0.00995426     0.01945402  -0.00000000
 -0.00229380  -0.00814621    -0.01094646   0.00000000    -0.01213953   0.00995426
    6    6
  0.03019133  -0.00000000    -0.01059482  -0.00157677    -0.00525215  -0.00164862
 -0.01059482   0.00157677     0.03019133   0.00000000     0.00525215  -0.00164862
 -0.00525215   0.00164862     0.00525215   0.00164862     0.04480100  -0.00000000
    6    7
 -0.00623833  -0.01570643    -0.00000000   0.01009552     0.00151294  -0.00623962
 -0.00000000   0.01009552     0.00623834  -0.01570642     0.00151294   0.00623962
  0.00151294  -0.00623962     0.00151294   0.00623962    -0.00000001   0.02985147
    7    1
 -0.00248226   0.00011599    -0.00264085  -0.00592785    -0.00332867   0.00169818
  0.00232426   0.00605898    -0.00183724   0.00167321     0.00355452  -0.00115293
  0.00122329  -0.00695588    -0.00578354  -0.00405355    -0.00186041   0.00077061
    7    2
 -0.01476282   0.00061017     0.01226740  -0.00263283     0.02281877  -0.00567362
  0.00412317   0.00686984    -0.00376335  -0.01572820    -0.01226740   0.00263283
  0.01705635  -0.00817881    -0.00412317  -0.00686984    -0.01476282   0.00061017
    7    3
 -0.01562267   0.00154522    -0.00691943   0.00211446    -0.01375607   0.01375607
  0.00413828   0.00738220    -0.00252618   0.00252619     0.00211446  -0.00691943
  0.00774032  -0.00774032     0.00738220   0.00413828    -0.00154522   0.01562267
    7    4
 -0.00357257  -0.00000000    -0.00229380  -0.00814621    -0.00638793  -0.00339762
 -0.00638793   0.00339762    -0.01213953   0.00995426     0.01945402   0.00000000
 -0.00229380   0.00814621    -0.01094646  -0.00000000    -0.01213953  -0.00995426
    7    5
  0.01378260  -0.00846044    -0.00777323   0.00194219    -0.00681268  -0.01053604
 -0.00681268  -0.01053604     0.01000744   0.01087034     0.01212346   0.02014716
 -0.00777323   0.00194219     0.00627738   0.01784395     0.01000744   0.01087034
    7    6
 -0.00623833   0.01570643    -0.00000000  -0.01009552     0.00151294   0.00623962
 -0.00000000  -0.01009552     0.00623834   0.01570642     0.00151294  -0.00623962
  0.00151294   0.00623962     0.00151294  -0.00623962    -0.00000001  -0.02985147
    7    7
  0.03019133   0.00000000    -0.01059482   0.00157677    -0.00525215   0.00164862
 -0.01059482  -0.00157677     0.03019133  -0.00000000     0.00525215   0.00164862
 -0.00525215  -0.00164862     0.00525215  -0.00164862     0.04480100  -0.00000000

     Dynamical  Matrix in cartesian axes

     q = (   -0.216506400  -0.216506400  -0.216506400 ) 

    1    1
  0.03418181  -0.00000000     0.00070802   0.00000000     0.00070802  -0.00000000
  0.00070802  -0.00000000     0.03418181   0.00000000     0.00070802   0.00000000
  0.00070802  -0.00000000     0.00070802  -0.00000000     0.03418181   0.00000000
    1    2
 -0.00077061  -0.00186041     0.00115293   0.00355452     0.00169818   0.00332867
  0.00405355  -0.00578354    -0.00167321  -0.00183724    -0.00592785   0.00264084
 -0.00695588  -0.00122329     0.00605898  -0.00232426    -0.00011599  -0.00248226
    1    3
 -0.00077061  -0.00186041     0.00169818   0.00332867     0.00115293   0.00355452
 -0.00695588  -0.00122329    -0.00011599  -0.00248226     0.00605898  -0.00232426
  0.00405355  -0.00578354    -0.00592785   0.00264084    -0.00167321  -0.00183724
    1    4
 -0.00011599  -0.00248226    -0.00695588  -0.00122329     0.00605898  -0.00232426
  0.00169818   0.00332867    -0.00077061  -0.00186041     0.00115293   0.00355452
 -0.00592785   0.00264084     0.00405355  -0.00578354    -0.00167321  -0.00183724
    1    5
 -0.00167321  -0.00183724     0.00405355  -0.00578354    -0.00592785   0.00264084
  0.00115293   0.00355452    -0.00077061  -0.00186041     0.00169818   0.00332867
  0.00605898  -0.00232426    -0.00695588  -0.00122329    -0.00011599  -0.00248226
    1    6
 -0.00167321  -0.00183724    -0.00592785   0.00264084     0.00405355  -0.00578354
  0.00605898  -0.00232426    -0.00011599  -0.00248226    -0.00695588  -0.00122329
  0.00115293   0.00355452     0.00169818   0.00332867    -0.00077061  -0.00186041
    1    7
 -0.00011599  -0.00248226     0.00605898  -0.00232426    -0.00695588  -0.00122329
 -0.00592785   0.00264084    -0.00167321  -0.00183724     0.00405355  -0.00578354
