  5.000000000000000E-002   1.25977579764806        2.43615232611498     
          24

     Dynamical  Matrix in cartesian axes

     q = (    0.216506400   0.108253200   0.108253200 ) 

    1    1
  0.07044366   0.00000000     0.01639430   0.00000000     0.01639430   0.00000000
  0.01639430   0.00000000     0.02870260   0.00000000     0.00206196   0.00000000
  0.01639430   0.00000000     0.00206196   0.00000000     0.02870260   0.00000000
    1    2
 -0.00283717   0.00283718     0.00945637   0.00315585    -0.00315585  -0.00945637
 -0.00209239   0.00293944     0.00512990   0.00841163    -0.00198020  -0.00409842
 -0.00293943   0.00209239     0.00409842   0.00198020    -0.00841163  -0.00512990
    1    3
 -0.00283717   0.00283718    -0.00315585  -0.00945637     0.00945637   0.00315585
 -0.00293943   0.00209239    -0.00841163  -0.00512990     0.00409842   0.00198020
 -0.00209239   0.00293944    -0.00198020  -0.00409842     0.00512990   0.00841163
    1    4
 -0.00461234  -0.00376329    -0.01278082   0.00741521     0.01446719   0.00604926
 -0.00735828  -0.00520370    -0.00424545   0.00407378     0.00560086   0.00243435
 -0.00117673  -0.00317776    -0.00326372   0.00476069     0.00537719   0.00393334
    1    5
  0.00376329   0.00461233    -0.00741521   0.01278082    -0.00604926  -0.01446719
  0.00520370   0.00735827    -0.00407378   0.00424545    -0.00243435  -0.00560086
  0.00317776   0.00117673    -0.00476069   0.00326372    -0.00393334  -0.00537719
    1    6
  0.00376329   0.00461233    -0.00604926  -0.01446719    -0.00741521   0.01278082
  0.00317776   0.00117673    -0.00393334  -0.00537719    -0.00476069   0.00326372
  0.00520370   0.00735827    -0.00243435  -0.00560086    -0.00407378   0.00424545
    1    7
 -0.00461234  -0.00376329     0.01446719   0.00604926    -0.01278082   0.00741521
 -0.00117673  -0.00317776     0.00537719   0.00393334    -0.00326372   0.00476069
 -0.00735828  -0.00520370     0.00560086   0.00243435    -0.00424545   0.00407378
    2    1
 -0.00283717  -0.00283718    -0.00209239  -0.00293944    -0.00293943  -0.00209239
  0.00945637  -0.00315585     0.00512990  -0.00841163     0.00409842  -0.00198020
 -0.00315585   0.00945637    -0.00198020   0.00409842    -0.00841163   0.00512990
    2    2
  0.02881295   0.00000000     0.00338054  -0.00056042     0.00338054   0.00056042
  0.00338054   0.00056042     0.03556768   0.00000000     0.00660861  -0.00408819
  0.00338054  -0.00056042     0.00660861   0.00408819     0.03556768  -0.00000000
    2    3
  0.00765838   0.00000000    -0.00078061   0.00533082    -0.00078061  -0.00533082
 -0.00078061   0.00533082    -0.02371688   0.01453056    -0.00704049   0.00000000
 -0.00078061  -0.00533082    -0.00704049   0.00000000    -0.02371688  -0.01453056
    2    4
 -0.00572411   0.00781030    -0.00607673   0.00221507     0.00035490  -0.00062732
 -0.02497632   0.01704401    -0.00225276   0.00807222    -0.00643276   0.00644493
 -0.00703875   0.00407355    -0.00086411  -0.00126424     0.00692412   0.00819546
    2    5
 -0.00181259  -0.00446572     0.00349617  -0.00130230     0.00095966  -0.00106936
  0.03092070   0.00074184    -0.00270460   0.00511119     0.00748236  -0.00663890
  0.00532387   0.00731578     0.00005392   0.00228690    -0.00506387  -0.00427153
    2    6
 -0.00572411  -0.00781030     0.00035490   0.00062732    -0.00607673  -0.00221507
 -0.00703875  -0.00407355     0.00692412  -0.00819546    -0.00086411   0.00126424
 -0.02497632  -0.01704401    -0.00643276  -0.00644493    -0.00225276  -0.00807222
    2    7
 -0.00181259   0.00446572     0.00095966   0.00106936     0.00349617   0.00130230
  0.00532387  -0.00731578    -0.00506387   0.00427153     0.00005392  -0.00228690
  0.03092070  -0.00074184     0.00748236   0.00663890    -0.00270460  -0.00511119
    3    1
 -0.00283717  -0.00283718    -0.00293943  -0.00209239    -0.00209239  -0.00293944
 -0.00315585   0.00945637    -0.00841163   0.00512990    -0.00198020   0.00409842
  0.00945637  -0.00315585     0.00409842  -0.00198020     0.00512990  -0.00841163
    3    2
  0.00765838  -0.00000000    -0.00078061  -0.00533082    -0.00078061   0.00533082
 -0.00078061  -0.00533082    -0.02371688  -0.01453056    -0.00704049  -0.00000000
 -0.00078061   0.00533082    -0.00704049  -0.00000000    -0.02371688   0.01453056
    3    3
  0.02881295  -0.00000000     0.00338054   0.00056042     0.00338054  -0.00056042
  0.00338054  -0.00056042     0.03556768  -0.00000000     0.00660861   0.00408819
  0.00338054   0.00056042     0.00660861  -0.00408819     0.03556768   0.00000000
    3    4
 -0.00181259   0.00446572     0.00349617   0.00130230     0.00095966   0.00106936
  0.03092070  -0.00074184    -0.00270460  -0.00511119     0.00748236   0.00663890
  0.00532387  -0.00731578     0.00005392  -0.00228690    -0.00506387   0.00427153
    3    5
 -0.00572411  -0.00781030    -0.00607673  -0.00221507     0.00035490   0.00062732
 -0.02497632  -0.01704401    -0.00225276  -0.00807222    -0.00643276  -0.00644493
 -0.00703875  -0.00407355    -0.00086411   0.00126424     0.00692412  -0.00819546
    3    6
 -0.00181259  -0.00446572     0.00095966  -0.00106936     0.00349617  -0.00130230
  0.00532387   0.00731578    -0.00506387  -0.00427153     0.00005392   0.00228690
  0.03092070   0.00074184     0.00748236  -0.00663890    -0.00270460   0.00511119
    3    7
 -0.00572411   0.00781030     0.00035490  -0.00062732    -0.00607673   0.00221507
 -0.00703875   0.00407355     0.00692412   0.00819546    -0.00086411  -0.00126424
 -0.02497632   0.01704401    -0.00643276   0.00644493    -0.00225276   0.00807222
    4    1
 -0.00461234   0.00376329    -0.00735828   0.00520370    -0.00117673   0.00317776
 -0.01278082  -0.00741521    -0.00424545  -0.00407378    -0.00326372  -0.00476069
  0.01446719  -0.00604926     0.00560086  -0.00243435     0.00537719  -0.00393334
    4    2
 -0.00572411  -0.00781030    -0.02497632  -0.01704401    -0.00703875  -0.00407355
 -0.00607673  -0.00221507    -0.00225276  -0.00807222    -0.00086411   0.00126424
  0.00035490   0.00062732    -0.00643276  -0.00644493     0.00692412  -0.00819546
    4    3
 -0.00181259  -0.00446572     0.03092070   0.00074184     0.00532387   0.00731578
  0.00349617  -0.00130230    -0.00270460   0.00511119     0.00005392   0.00228690
  0.00095966  -0.00106936     0.00748236  -0.00663890    -0.00506387  -0.00427153
    4    4
  0.03721313  -0.00000000     0.00229489  -0.00239253     0.00830551   0.00382692
  0.00229489   0.00239253     0.01959614  -0.00000000     0.00018387  -0.00279822
  0.00830551  -0.00382692     0.00018387   0.00279822     0.04048423   0.00000000
    4    5
 -0.02207831  -0.01604565     0.00107605  -0.00492312    -0.00756375  -0.00417647
  0.00107605  -0.00492312     0.00516435   0.00186974    -0.00197977   0.00463843
 -0.00756375  -0.00417647    -0.00197977   0.00463843    -0.03485042  -0.00359840
    4    6
  0.00551468   0.01206860    -0.00731032  -0.00237497    -0.00031707  -0.00003363
 -0.00031707  -0.00003363    -0.00467623   0.00519394    -0.00272166  -0.00352825
 -0.00731032  -0.00237497    -0.03667738  -0.00394066    -0.00467623   0.00519394
    4    7
 -0.00479263  -0.00000000     0.00701602   0.00492112    -0.00129740   0.00153211
 -0.00129740  -0.00153211    -0.00226831  -0.00536802    -0.00079418  -0.00000000
  0.00701602  -0.00492112     0.03665737   0.00000000    -0.00226831   0.00536802
    5    1
  0.00376329  -0.00461233     0.00520370  -0.00735827     0.00317776  -0.00117673
 -0.00741521  -0.01278082    -0.00407378  -0.00424545    -0.00476069  -0.00326372
 -0.00604926   0.01446719    -0.00243435   0.00560086    -0.00393334   0.00537719
    5    2
 -0.00181259   0.00446572     0.03092070  -0.00074184     0.00532387  -0.00731578
  0.00349617   0.00130230    -0.00270460  -0.00511119     0.00005392  -0.00228690
  0.00095966   0.00106936     0.00748236   0.00663890    -0.00506387   0.00427153
    5    3
 -0.00572411   0.00781030    -0.02497632   0.01704401    -0.00703875   0.00407355
 -0.00607673   0.00221507    -0.00225276   0.00807222    -0.00086411  -0.00126424
  0.00035490  -0.00062732    -0.00643276   0.00644493     0.00692412   0.00819546
    5    4
 -0.02207831   0.01604565     0.00107605   0.00492312    -0.00756375   0.00417647
  0.00107605   0.00492312     0.00516435  -0.00186974    -0.00197977  -0.00463843
 -0.00756375   0.00417647    -0.00197977  -0.00463843    -0.03485042   0.00359840
    5    5
  0.03721313   0.00000000     0.00229489   0.00239253     0.00830551  -0.00382692
  0.00229489  -0.00239253     0.01959614   0.00000000     0.00018387   0.00279822
  0.00830551   0.00382692     0.00018387  -0.00279822     0.04048423  -0.00000000
    5    6
 -0.00479263  -0.00000000     0.00701602  -0.00492112    -0.00129740  -0.00153211
 -0.00129740   0.00153211    -0.00226831   0.00536802    -0.00079418   0.00000000
  0.00701602   0.00492112     0.03665737   0.00000000    -0.00226831  -0.00536802
    5    7
  0.00551468  -0.01206860    -0.00731032   0.00237497    -0.00031707   0.00003363
 -0.00031707   0.00003363    -0.00467623  -0.00519394    -0.00272166   0.00352825
 -0.00731032   0.00237497    -0.03667738   0.00394066    -0.00467623  -0.00519394
    6    1
  0.00376329  -0.00461233     0.00317776  -0.00117673     0.00520370  -0.00735827
 -0.00604926   0.01446719    -0.00393334   0.00537719    -0.00243435   0.00560086
 -0.00741521  -0.01278082    -0.00476069  -0.00326372    -0.00407378  -0.00424545
    6    2
 -0.00572411   0.00781030    -0.00703875   0.00407355    -0.02497632   0.01704401
  0.00035490  -0.00062732     0.00692412   0.00819546    -0.00643276   0.00644493
 -0.00607673   0.00221507    -0.00086411  -0.00126424    -0.00225276   0.00807222
    6    3
 -0.00181259   0.00446572     0.00532387  -0.00731578     0.03092070  -0.00074184
  0.00095966   0.00106936    -0.00506387   0.00427153     0.00748236   0.00663890
  0.00349617   0.00130230     0.00005392  -0.00228690    -0.00270460  -0.00511119
    6    4
  0.00551468  -0.01206860    -0.00031707   0.00003363    -0.00731032   0.00237497
 -0.00731032   0.00237497    -0.00467623  -0.00519394    -0.03667738   0.00394066
 -0.00031707   0.00003363    -0.00272166   0.00352825    -0.00467623  -0.00519394
    6    5
 -0.00479263   0.00000000    -0.00129740  -0.00153211     0.00701602  -0.00492112
  0.00701602   0.00492112    -0.00226831  -0.00536802     0.03665737  -0.00000000
 -0.00129740   0.00153211    -0.00079418  -0.00000000    -0.00226831   0.00536802
    6    6
  0.03721313  -0.00000000     0.00830551  -0.00382692     0.00229489   0.00239253
  0.00830551   0.00382692     0.04048423  -0.00000000     0.00018387  -0.00279822
  0.00229489  -0.00239253     0.00018387   0.00279822     0.01959614   0.00000000
    6    7
 -0.02207831   0.01604565    -0.00756375   0.00417647     0.00107605   0.00492312
 -0.00756375   0.00417647    -0.03485042   0.00359840    -0.00197977  -0.00463843
  0.00107605   0.00492312    -0.00197977  -0.00463843     0.00516435  -0.00186974
    7    1
 -0.00461234   0.00376329    -0.00117673   0.00317776    -0.00735828   0.00520370
  0.01446719  -0.00604926     0.00537719  -0.00393334     0.00560086  -0.00243435
 -0.01278082  -0.00741521    -0.00326372  -0.00476069    -0.00424545  -0.00407378
    7    2
 -0.00181259  -0.00446572     0.00532387   0.00731578     0.03092070   0.00074184
  0.00095966  -0.00106936    -0.00506387  -0.00427153     0.00748236  -0.00663890
  0.00349617  -0.00130230     0.00005392   0.00228690    -0.00270460   0.00511119
    7    3
 -0.00572411  -0.00781030    -0.00703875  -0.00407355    -0.02497632  -0.01704401
  0.00035490   0.00062732     0.00692412  -0.00819546    -0.00643276  -0.00644493
 -0.00607673  -0.00221507    -0.00086411   0.00126424    -0.00225276  -0.00807222
    7    4
 -0.00479263   0.00000000    -0.00129740   0.00153211     0.00701602   0.00492112
  0.00701602  -0.00492112    -0.00226831   0.00536802     0.03665737  -0.00000000
 -0.00129740  -0.00153211    -0.00079418   0.00000000    -0.00226831  -0.00536802
    7    5
  0.00551468   0.01206860    -0.00031707  -0.00003363    -0.00731032  -0.00237497
 -0.00731032  -0.00237497    -0.00467623   0.00519394    -0.03667738  -0.00394066
 -0.00031707  -0.00003363    -0.00272166  -0.00352825    -0.00467623   0.00519394
    7    6
 -0.02207831  -0.01604565    -0.00756375  -0.00417647     0.00107605  -0.00492312
 -0.00756375  -0.00417647    -0.03485042  -0.00359840    -0.00197977   0.00463843
  0.00107605  -0.00492312    -0.00197977   0.00463843     0.00516435   0.00186974
    7    7
  0.03721313   0.00000000     0.00830551   0.00382692     0.00229489  -0.00239253
  0.00830551  -0.00382692     0.04048423   0.00000000     0.00018387   0.00279822
  0.00229489   0.00239253     0.00018387  -0.00279822     0.01959614  -0.00000000

     Dynamical  Matrix in cartesian axes

     q = (   -0.216506400   0.108253200  -0.108253200 ) 

    1    1
  0.07044366   0.00000000    -0.01639430  -0.00000000     0.01639430   0.00000000
 -0.01639430  -0.00000000     0.02870260   0.00000000    -0.00206196  -0.00000000
  0.01639430   0.00000000    -0.00206196  -0.00000000     0.02870260   0.00000000
    1    2
 -0.00283717  -0.00283718    -0.00945637   0.00315585    -0.00315585   0.00945637
  0.00209239   0.00293944     0.00512990  -0.00841163     0.00198020  -0.00409842
 -0.00293943  -0.00209239    -0.00409842   0.00198020    -0.00841163   0.00512990
    1    3
 -0.00401237   0.00000000    -0.00445514  -0.00891819     0.00445514  -0.00891819
  0.00355804  -0.00059895    -0.00232053   0.00957531    -0.00149781   0.00429823
 -0.00355804  -0.00059895    -0.00149781  -0.00429823    -0.00232053  -0.00957531
    1    4
  0.00376329  -0.00461233     0.00741521   0.01278082    -0.00604926   0.01446719
 -0.00520370   0.00735827    -0.00407378  -0.00424545     0.00243435  -0.00560086
  0.00317776  -0.00117673     0.00476069   0.00326372    -0.00393334   0.00537719
    1    5
 -0.00060036   0.00592246     0.01428075  -0.00379406     0.00595237  -0.01450732
  0.00152351  -0.00888266    -0.00588258   0.00012139    -0.00223906   0.00568175
  0.00141494   0.00307909     0.00567411   0.00105852     0.00102096  -0.00658353
    1    6
 -0.00060036  -0.00592246    -0.00595237  -0.01450732    -0.01428075  -0.00379406
 -0.00141494   0.00307909     0.00102096   0.00658353     0.00567411  -0.00105852
 -0.00152351  -0.00888266    -0.00223906  -0.00568175    -0.00588258  -0.00012139
    1    7
 -0.00461234   0.00376329    -0.01446719   0.00604926    -0.01278082  -0.00741521
  0.00117673  -0.00317776     0.00537719  -0.00393334     0.00326372   0.00476069
 -0.00735828   0.00520370    -0.00560086   0.00243435    -0.00424545  -0.00407378
    2    1
 -0.00283717   0.00283718     0.00209239  -0.00293944    -0.00293943   0.00209239
 -0.00945637  -0.00315585     0.00512990   0.00841163    -0.00409842  -0.00198020
 -0.00315585  -0.00945637     0.00198020   0.00409842    -0.00841163  -0.00512990
    2    2
  0.02881295  -0.00000000    -0.00338054  -0.00056042     0.00338054  -0.00056042
 -0.00338054   0.00056042     0.03556768  -0.00000000    -0.00660861  -0.00408819
  0.00338054   0.00056042    -0.00660861   0.00408819     0.03556768   0.00000000
    2    3
  0.00541529  -0.00541529     0.00432144   0.00321749     0.00321749   0.00432143
  0.00432144   0.00321749    -0.02704502   0.00649571     0.00497838  -0.00497838
  0.00321749   0.00432143     0.00497838  -0.00497838    -0.00649570   0.02704502
    2    4
 -0.00181259   0.00446572    -0.00349617  -0.00130230     0.00095966   0.00106936
 -0.03092070   0.00074184    -0.00270460  -0.00511119    -0.00748236  -0.00663890
  0.00532387  -0.00731578    -0.00005392   0.00228690    -0.00506387   0.00427153
    2    5
 -0.00957028  -0.00147516     0.00586319  -0.00273061     0.00069454   0.00019263
  0.02971286  -0.00560899    -0.00730086  -0.00411497     0.00910590   0.00000860
 -0.00785758   0.00209671    -0.00028294  -0.00150497    -0.00089897  -0.01069115
    2    6
  0.00147516   0.00957028     0.00019263   0.00069454    -0.00273061   0.00586319
  0.00209671  -0.00785758     0.01069115   0.00089897     0.00150497   0.00028294
 -0.00560898   0.02971286    -0.00000861  -0.00910590     0.00411498   0.00730086
    2    7
 -0.00181259  -0.00446572    -0.00095966   0.00106936     0.00349617  -0.00130230
 -0.00532387  -0.00731578    -0.00506387  -0.00427153    -0.00005392  -0.00228690
  0.03092070   0.00074184    -0.00748236   0.00663890    -0.00270460   0.00511119
    3    1
 -0.00401237  -0.00000000     0.00355804   0.00059895    -0.00355804   0.00059895
 -0.00445514   0.00891819    -0.00232053  -0.00957531    -0.00149781   0.00429823
  0.00445514   0.00891819    -0.00149781  -0.00429823    -0.00232053   0.00957531
    3    2
  0.00541529   0.00541529     0.00432144  -0.00321749     0.00321749  -0.00432143
  0.00432144  -0.00321749    -0.02704502  -0.00649571     0.00497838   0.00497838
  0.00321749  -0.00432143     0.00497838   0.00497838    -0.00649570  -0.02704502
    3    3
  0.02881295  -0.00000000    -0.00338054   0.00056042     0.00338054   0.00056042
 -0.00338054  -0.00056042     0.03556768   0.00000000    -0.00660861   0.00408819
  0.00338054  -0.00056042    -0.00660861  -0.00408819     0.03556768   0.00000000
    3    4
 -0.00957028   0.00147516     0.00586319   0.00273061     0.00069454  -0.00019263
  0.02971286   0.00560899    -0.00730086   0.00411497     0.00910590  -0.00000860
 -0.00785758  -0.00209671    -0.00028294   0.00150497    -0.00089897   0.01069115
    3    5
 -0.00181259  -0.00446572    -0.00349617   0.00130230     0.00095966  -0.00106936
 -0.03092070  -0.00074184    -0.00270460   0.00511119    -0.00748236   0.00663890
  0.00532387   0.00731578    -0.00005392  -0.00228690    -0.00506387  -0.00427153
    3    6
 -0.00181259   0.00446572    -0.00095966  -0.00106936     0.00349617   0.00130230
 -0.00532387   0.00731578    -0.00506387   0.00427153    -0.00005392   0.00228690
  0.03092070  -0.00074184    -0.00748236  -0.00663890    -0.00270460  -0.00511119
    3    7
  0.00147516  -0.00957028     0.00019263  -0.00069454    -0.00273061  -0.00586319
  0.00209671   0.00785758     0.01069115  -0.00089897     0.00150497  -0.00028294
 -0.00560898  -0.02971286    -0.00000861   0.00910590     0.00411498  -0.00730086
    4    1
  0.00376329   0.00461233    -0.00520370  -0.00735827     0.00317776   0.00117673
  0.00741521  -0.01278082    -0.00407378   0.00424545     0.00476069  -0.00326372
 -0.00604926  -0.01446719     0.00243435   0.00560086    -0.00393334  -0.00537719
    4    2
 -0.00181259  -0.00446572    -0.03092070  -0.00074184     0.00532387   0.00731578
 -0.00349617   0.00130230    -0.00270460   0.00511119    -0.00005392  -0.00228690
  0.00095966  -0.00106936    -0.00748236   0.00663890    -0.00506387  -0.00427153
    4    3
 -0.00957028  -0.00147516     0.02971286  -0.00560899    -0.00785758   0.00209671
  0.00586319  -0.00273061    -0.00730086  -0.00411497    -0.00028294  -0.00150497
  0.00069454   0.00019263     0.00910590   0.00000860    -0.00089897  -0.01069115
    4    4
  0.03721313  -0.00000000    -0.00229489   0.00239253     0.00830551   0.00382692
 -0.00229489  -0.00239253     0.01959614  -0.00000000    -0.00018387   0.00279822
  0.00830551  -0.00382692    -0.00018387  -0.00279822     0.04048423  -0.00000000
    4    5
 -0.02695771   0.00426573     0.00272029   0.00424206    -0.00830159   0.00239517
  0.00272029   0.00424206     0.00497386  -0.00232964    -0.00187996  -0.00467977
 -0.00830159   0.00239517    -0.00187996  -0.00467977    -0.02718741   0.02209852
    4    6
 -0.00338890   0.00338890    -0.00844084   0.00148132     0.00016597   0.00200076
  0.00200076   0.00016597    -0.00539970  -0.00219182     0.00056157  -0.00056157
  0.00148132  -0.00844084    -0.02592067   0.02592068     0.00219183   0.00539970
    4    7
  0.00551468   0.01206860     0.00731032   0.00237497    -0.00031707  -0.00003363
  0.00031707   0.00003363    -0.00467623   0.00519394     0.00272166   0.00352825
 -0.00731032  -0.00237497     0.03667738   0.00394066    -0.00467623   0.00519394
    5    1
 -0.00060036  -0.00592246     0.00152351   0.00888266     0.00141494  -0.00307909
  0.01428075   0.00379406    -0.00588258  -0.00012139     0.00567411  -0.00105852
  0.00595237   0.01450732    -0.00223906  -0.00568175     0.00102096   0.00658353
    5    2
 -0.00957028   0.00147516     0.02971286   0.00560899    -0.00785758  -0.00209671
  0.00586319   0.00273061    -0.00730086   0.00411497    -0.00028294   0.00150497
  0.00069454  -0.00019263     0.00910590  -0.00000860    -0.00089897   0.01069115
    5    3
 -0.00181259   0.00446572    -0.03092070   0.00074184     0.00532387  -0.00731578
 -0.00349617  -0.00130230    -0.00270460  -0.00511119    -0.00005392   0.00228690
  0.00095966   0.00106936    -0.00748236  -0.00663890    -0.00506387   0.00427153
    5    4
 -0.02695771  -0.00426573     0.00272029  -0.00424206    -0.00830159  -0.00239517
  0.00272029  -0.00424206     0.00497386   0.00232964    -0.00187996   0.00467977
 -0.00830159  -0.00239517    -0.00187996   0.00467977    -0.02718741  -0.02209852
    5    5
  0.03721313   0.00000000    -0.00229489  -0.00239253     0.00830551  -0.00382692
 -0.00229489   0.00239253     0.01959614   0.00000000    -0.00018387  -0.00279822
  0.00830551   0.00382692    -0.00018387   0.00279822     0.04048423   0.00000000
    5    6
  0.00551468  -0.01206860     0.00731032  -0.00237497    -0.00031707   0.00003363
  0.00031707  -0.00003363    -0.00467623  -0.00519394     0.00272166  -0.00352825
 -0.00731032   0.00237497     0.03667738  -0.00394066    -0.00467623  -0.00519394
    5    7
 -0.00338890  -0.00338890    -0.00844084  -0.00148132     0.00016597  -0.00200076
  0.00200076  -0.00016597    -0.00539970   0.00219182     0.00056157   0.00056157
  0.00148132   0.00844084    -0.02592067  -0.02592068     0.00219183  -0.00539970
    6    1
 -0.00060036   0.00592246    -0.00141494  -0.00307909    -0.00152351   0.00888266
 -0.00595237   0.01450732     0.00102096  -0.00658353    -0.00223906   0.00568175
 -0.01428075   0.00379406     0.00567411   0.00105852    -0.00588258   0.00012139
    6    2
  0.00147516  -0.00957028     0.00209671   0.00785758    -0.00560898  -0.02971286
  0.00019263  -0.00069454     0.01069115  -0.00089897    -0.00000861   0.00910590
 -0.00273061  -0.00586319     0.00150497  -0.00028294     0.00411498  -0.00730086
    6    3
 -0.00181259  -0.00446572    -0.00532387  -0.00731578     0.03092070   0.00074184
 -0.00095966   0.00106936    -0.00506387  -0.00427153    -0.00748236   0.00663890
  0.00349617  -0.00130230    -0.00005392  -0.00228690    -0.00270460   0.00511119
    6    4
 -0.00338890  -0.00338890     0.00200076  -0.00016597     0.00148132   0.00844084
 -0.00844084  -0.00148132    -0.00539970   0.00219182    -0.02592067  -0.02592068
  0.00016597  -0.00200076     0.00056157   0.00056157     0.00219183  -0.00539970
    6    5
  0.00551468   0.01206860     0.00031707   0.00003363    -0.00731032  -0.00237497
  0.00731032   0.00237497    -0.00467623   0.00519394     0.03667738   0.00394066
 -0.00031707  -0.00003363     0.00272166   0.00352825    -0.00467623   0.00519394
    6    6
  0.03721313  -0.00000000    -0.00830551  -0.00382692     0.00229489  -0.00239253
 -0.00830551   0.00382692     0.04048423  -0.00000000    -0.00018387  -0.00279822
  0.00229489   0.00239253    -0.00018387   0.00279822     0.01959614  -0.00000000
    6    7
 -0.00426572  -0.02695771     0.00239517   0.00830159     0.00424206  -0.00272029
  0.00239517   0.00830159    -0.02209851  -0.02718742     0.00467977  -0.00187996
  0.00424206  -0.00272029     0.00467977  -0.00187996     0.00232964   0.00497386
    7    1
 -0.00461234  -0.00376329     0.00117673   0.00317776    -0.00735828  -0.00520370
 -0.01446719  -0.00604926     0.00537719   0.00393334    -0.00560086  -0.00243435
 -0.01278082   0.00741521     0.00326372  -0.00476069    -0.00424545   0.00407378
    7    2
 -0.00181259   0.00446572    -0.00532387   0.00731578     0.03092070  -0.00074184
 -0.00095966  -0.00106936    -0.00506387   0.00427153    -0.00748236  -0.00663890
  0.00349617   0.00130230    -0.00005392   0.00228690    -0.00270460  -0.00511119
    7    3
  0.00147516   0.00957028     0.00209671  -0.00785758    -0.00560898   0.02971286
  0.00019263   0.00069454     0.01069115   0.00089897    -0.00000861  -0.00910590
 -0.00273061   0.00586319     0.00150497   0.00028294     0.00411498   0.00730086
    7    4
  0.00551468  -0.01206860     0.00031707  -0.00003363    -0.00731032   0.00237497
  0.00731032  -0.00237497    -0.00467623  -0.00519394     0.03667738  -0.00394066
 -0.00031707   0.00003363     0.00272166  -0.00352825    -0.00467623  -0.00519394
    7    5
 -0.00338890   0.00338890     0.00200076   0.00016597     0.00148132  -0.00844084
 -0.00844084   0.00148132    -0.00539970  -0.00219182    -0.02592067   0.02592068
  0.00016597   0.00200076     0.00056157  -0.00056157     0.00219183   0.00539970
    7    6
 -0.00426572   0.02695771     0.00239517  -0.00830159     0.00424206   0.00272029
  0.00239517  -0.00830159    -0.02209851   0.02718742     0.00467977   0.00187996
  0.00424206   0.00272029     0.00467977   0.00187996     0.00232964  -0.00497386
    7    7
  0.03721313   0.00000000    -0.00830551   0.00382692     0.00229489   0.00239253
 -0.00830551  -0.00382692     0.04048423   0.00000000    -0.00018387   0.00279822
  0.00229489  -0.00239253    -0.00018387  -0.00279822     0.01959614   0.00000000

     Dynamical  Matrix in cartesian axes

     q = (    0.216506400  -0.108253200  -0.108253200 ) 

    1    1
  0.07044366   0.00000000    -0.01639430  -0.00000000    -0.01639430  -0.00000000
 -0.01639430  -0.00000000     0.02870260   0.00000000     0.00206196   0.00000000
 -0.01639430  -0.00000000     0.00206196   0.00000000     0.02870260   0.00000000
    1    2
 -0.00401237  -0.00000000    -0.00445514  -0.00891819    -0.00445514   0.00891819
  0.00355804  -0.00059895    -0.00232053   0.00957531     0.00149781  -0.00429823
  0.00355804   0.00059895     0.00149781   0.00429823    -0.00232053  -0.00957531
    1    3
 -0.00401237   0.00000000    -0.00445514   0.00891819    -0.00445514  -0.00891819
  0.00355804   0.00059895    -0.00232053  -0.00957531     0.00149781   0.00429823
  0.00355804  -0.00059895     0.00149781  -0.00429823    -0.00232053   0.00957531
    1    4
  0.00376329   0.00461233     0.00741521  -0.01278082     0.00604926   0.01446719
 -0.00520370  -0.00735827    -0.00407378   0.00424545    -0.00243435  -0.00560086
 -0.00317776  -0.00117673    -0.00476069   0.00326372    -0.00393334  -0.00537719
    1    5
  0.00376329  -0.00461233     0.00741521   0.01278082     0.00604926  -0.01446719
 -0.00520370   0.00735827    -0.00407378  -0.00424545    -0.00243435   0.00560086
 -0.00317776   0.00117673    -0.00476069  -0.00326372    -0.00393334   0.00537719
    1    6
  0.00376329  -0.00461233     0.00604926  -0.01446719     0.00741521   0.01278082
 -0.00317776   0.00117673    -0.00393334   0.00537719    -0.00476069  -0.00326372
 -0.00520370   0.00735827    -0.00243435   0.00560086    -0.00407378  -0.00424545
    1    7
  0.00376329   0.00461233     0.00604926   0.01446719     0.00741521  -0.01278082
 -0.00317776  -0.00117673    -0.00393334  -0.00537719    -0.00476069   0.00326372
 -0.00520370  -0.00735827    -0.00243435  -0.00560086    -0.00407378   0.00424545
    2    1
 -0.00401237   0.00000000     0.00355804   0.00059895     0.00355804  -0.00059895
 -0.00445514   0.00891819    -0.00232053  -0.00957531     0.00149781  -0.00429823
 -0.00445514  -0.00891819     0.00149781   0.00429823    -0.00232053   0.00957531
    2    2
  0.02881295   0.00000000    -0.00338054   0.00056042    -0.00338054  -0.00056042
 -0.00338054  -0.00056042     0.03556768   0.00000000     0.00660861  -0.00408819
 -0.00338054   0.00056042     0.00660861   0.00408819     0.03556768   0.00000000
    2    3
  0.00765838  -0.00000000     0.00078061  -0.00533082     0.00078061   0.00533082
  0.00078061  -0.00533082    -0.02371688   0.01453056    -0.00704049   0.00000000
  0.00078061   0.00533082    -0.00704049   0.00000000    -0.02371688  -0.01453056
    2    4
 -0.00443943  -0.00187604    -0.00155130   0.00339303     0.00007757   0.00143473
 -0.02238879   0.02133968     0.00170171   0.00552660     0.00059642  -0.00998524
 -0.00893758  -0.00140849     0.00165521   0.00157895    -0.00660113   0.00056027
    2    5
 -0.00957028   0.00147516     0.00586319   0.00273061    -0.00069454   0.00019263
  0.02971286   0.00560899    -0.00730086   0.00411497    -0.00910590   0.00000860
  0.00785758   0.00209671     0.00028294  -0.00150497    -0.00089897   0.01069115
    2    6
 -0.00443943   0.00187604     0.00007757  -0.00143473    -0.00155130  -0.00339303
 -0.00893758   0.00140849    -0.00660113  -0.00056027     0.00165521  -0.00157895
 -0.02238879  -0.02133968     0.00059642   0.00998524     0.00170171  -0.00552660
    2    7
 -0.00957028  -0.00147516    -0.00069454  -0.00019263     0.00586319  -0.00273061
  0.00785758  -0.00209671    -0.00089897  -0.01069115     0.00028294   0.00150497
  0.02971286  -0.00560899    -0.00910590  -0.00000860    -0.00730086  -0.00411497
    3    1
 -0.00401237  -0.00000000     0.00355804  -0.00059895     0.00355804   0.00059895
 -0.00445514  -0.00891819    -0.00232053   0.00957531     0.00149781   0.00429823
 -0.00445514   0.00891819     0.00149781  -0.00429823    -0.00232053  -0.00957531
    3    2
  0.00765838  -0.00000000     0.00078061   0.00533082     0.00078061  -0.00533082
  0.00078061   0.00533082    -0.02371688  -0.01453056    -0.00704049   0.00000000
  0.00078061  -0.00533082    -0.00704049  -0.00000000    -0.02371688   0.01453056
    3    3
  0.02881295  -0.00000000    -0.00338054  -0.00056042    -0.00338054   0.00056042
 -0.00338054   0.00056042     0.03556768  -0.00000000     0.00660861   0.00408819
 -0.00338054  -0.00056042     0.00660861  -0.00408819     0.03556768   0.00000000
    3    4
 -0.00957028  -0.00147516     0.00586319  -0.00273061    -0.00069454  -0.00019263
  0.02971286  -0.00560899    -0.00730086  -0.00411497    -0.00910590  -0.00000860
  0.00785758  -0.00209671     0.00028294   0.00150497    -0.00089897  -0.01069115
    3    5
 -0.00443943   0.00187604    -0.00155130  -0.00339303     0.00007757  -0.00143473
 -0.02238879  -0.02133968     0.00170171  -0.00552660     0.00059642   0.00998524
 -0.00893758   0.00140849     0.00165521  -0.00157895    -0.00660113  -0.00056027
    3    6
 -0.00957028   0.00147516    -0.00069454   0.00019263     0.00586319   0.00273061
  0.00785758   0.00209671    -0.00089897   0.01069115     0.00028294  -0.00150497
  0.02971286   0.00560899    -0.00910590   0.00000860    -0.00730086   0.00411497
    3    7
 -0.00443943  -0.00187604     0.00007757   0.00143473    -0.00155130   0.00339303
 -0.00893758  -0.00140849    -0.00660113   0.00056027     0.00165521   0.00157895
 -0.02238879   0.02133968     0.00059642  -0.00998524     0.00170171   0.00552660
    4    1
  0.00376329  -0.00461233    -0.00520370   0.00735827    -0.00317776   0.00117673
  0.00741521   0.01278082    -0.00407378  -0.00424545    -0.00476069  -0.00326372
  0.00604926  -0.01446719    -0.00243435   0.00560086    -0.00393334   0.00537719
    4    2
 -0.00443943   0.00187604    -0.02238879  -0.02133968    -0.00893758   0.00140849
 -0.00155130  -0.00339303     0.00170171  -0.00552660     0.00165521  -0.00157895
  0.00007757  -0.00143473     0.00059642   0.00998524    -0.00660113  -0.00056027
    4    3
 -0.00957028   0.00147516     0.02971286   0.00560899     0.00785758   0.00209671
  0.00586319   0.00273061    -0.00730086   0.00411497     0.00028294  -0.00150497
 -0.00069454   0.00019263    -0.00910590   0.00000860    -0.00089897   0.01069115
    4    4
  0.03721313  -0.00000000    -0.00229489  -0.00239253    -0.00830551   0.00382692
 -0.00229489   0.00239253     0.01959614  -0.00000000     0.00018387   0.00279822
 -0.00830551  -0.00382692     0.00018387  -0.00279822     0.04048423   0.00000000
    4    5
 -0.01604565  -0.02207831     0.00492312  -0.00107605     0.00417647   0.00756375
  0.00492312  -0.00107605     0.00186974   0.00516435     0.00463843  -0.00197977
  0.00417647   0.00756375     0.00463843  -0.00197977    -0.00359838  -0.03485042
    4    6
  0.01206860   0.00551469     0.00237497   0.00731032     0.00003363   0.00031707
  0.00003363   0.00031707     0.00519394  -0.00467623    -0.00352825  -0.00272166
  0.00237497   0.00731032    -0.00394065  -0.03667738     0.00519394  -0.00467623
    4    7
 -0.00479263   0.00000000    -0.00701602   0.00492112     0.00129740   0.00153211
  0.00129740  -0.00153211    -0.00226831   0.00536802    -0.00079418   0.00000000
 -0.00701602  -0.00492112     0.03665737  -0.00000000    -0.00226831  -0.00536802
    5    1
  0.00376329   0.00461233    -0.00520370  -0.00735827    -0.00317776  -0.00117673
  0.00741521  -0.01278082    -0.00407378   0.00424545    -0.00476069   0.00326372
  0.00604926   0.01446719    -0.00243435  -0.00560086    -0.00393334  -0.00537719
    5    2
 -0.00957028  -0.00147516     0.02971286  -0.00560899     0.00785758  -0.00209671
  0.00586319  -0.00273061    -0.00730086  -0.00411497     0.00028294   0.00150497
 -0.00069454  -0.00019263    -0.00910590  -0.00000860    -0.00089897  -0.01069115
    5    3
 -0.00443943  -0.00187604    -0.02238879   0.02133968    -0.00893758  -0.00140849
 -0.00155130   0.00339303     0.00170171   0.00552660     0.00165521   0.00157895
  0.00007757   0.00143473     0.00059642  -0.00998524    -0.00660113   0.00056027
    5    4
 -0.01604565   0.02207831     0.00492312   0.00107605     0.00417647  -0.00756375
  0.00492312   0.00107605     0.00186974  -0.00516435     0.00463843   0.00197977
  0.00417647  -0.00756375     0.00463843   0.00197977    -0.00359838   0.03485042
    5    5
  0.03721313   0.00000000    -0.00229489   0.00239253    -0.00830551  -0.00382692
 -0.00229489  -0.00239253     0.01959614  -0.00000000     0.00018387  -0.00279822
 -0.00830551   0.00382692     0.00018387   0.00279822     0.04048423   0.00000000
    5    6
 -0.00479263   0.00000000    -0.00701602  -0.00492112     0.00129740  -0.00153211
  0.00129740   0.00153211    -0.00226831  -0.00536802    -0.00079418  -0.00000000
 -0.00701602   0.00492112     0.03665737  -0.00000000    -0.00226831   0.00536802
    5    7
  0.01206860  -0.00551469     0.00237497  -0.00731032     0.00003363  -0.00031707
  0.00003363  -0.00031707     0.00519394   0.00467623    -0.00352825   0.00272166
  0.00237497  -0.00731032    -0.00394065   0.03667738     0.00519394   0.00467623
    6    1
  0.00376329   0.00461233    -0.00317776  -0.00117673    -0.00520370  -0.00735827
  0.00604926   0.01446719    -0.00393334  -0.00537719    -0.00243435  -0.00560086
  0.00741521  -0.01278082    -0.00476069   0.00326372    -0.00407378   0.00424545
    6    2
 -0.00443943  -0.00187604    -0.00893758  -0.00140849    -0.02238879   0.02133968
  0.00007757   0.00143473    -0.00660113   0.00056027     0.00059642  -0.00998524
 -0.00155130   0.00339303     0.00165521   0.00157895     0.00170171   0.00552660
    6    3
 -0.00957028  -0.00147516     0.00785758  -0.00209671     0.02971286  -0.00560899
 -0.00069454  -0.00019263    -0.00089897  -0.01069115    -0.00910590  -0.00000860
  0.00586319  -0.00273061     0.00028294   0.00150497    -0.00730086  -0.00411497
    6    4
  0.01206860  -0.00551469     0.00003363  -0.00031707     0.00237497  -0.00731032
  0.00237497  -0.00731032     0.00519394   0.00467623    -0.00394065   0.03667738
  0.00003363  -0.00031707    -0.00352825   0.00272166     0.00519394   0.00467623
    6    5
 -0.00479263  -0.00000000     0.00129740  -0.00153211    -0.00701602  -0.00492112
 -0.00701602   0.00492112    -0.00226831   0.00536802     0.03665737   0.00000000
  0.00129740   0.00153211    -0.00079418   0.00000000    -0.00226831  -0.00536802
    6    6
  0.03721313  -0.00000000    -0.00830551  -0.00382692    -0.00229489   0.00239253
 -0.00830551   0.00382692     0.04048423   0.00000000     0.00018387   0.00279822
 -0.00229489  -0.00239253     0.00018387  -0.00279822     0.01959614  -0.00000000
    6    7
 -0.01604565   0.02207831     0.00417647  -0.00756375     0.00492312   0.00107605
  0.00417647  -0.00756375    -0.00359838   0.03485042     0.00463843   0.00197977
  0.00492312   0.00107605     0.00463843   0.00197977     0.00186974  -0.00516435
    7    1
  0.00376329  -0.00461233    -0.00317776   0.00117673    -0.00520370   0.00735827
  0.00604926  -0.01446719    -0.00393334   0.00537719    -0.00243435   0.00560086
  0.00741521   0.01278082    -0.00476069  -0.00326372    -0.00407378  -0.00424545
    7    2
 -0.00957028   0.00147516     0.00785758   0.00209671     0.02971286   0.00560899
 -0.00069454   0.00019263    -0.00089897   0.01069115    -0.00910590   0.00000860
  0.00586319   0.00273061     0.00028294  -0.00150497    -0.00730086   0.00411497
    7    3
 -0.00443943   0.00187604    -0.00893758   0.00140849    -0.02238879  -0.02133968
  0.00007757  -0.00143473    -0.00660113  -0.00056027     0.00059642   0.00998524
 -0.00155130  -0.00339303     0.00165521  -0.00157895     0.00170171  -0.00552660
    7    4
 -0.00479263  -0.00000000     0.00129740   0.00153211    -0.00701602   0.00492112
 -0.00701602  -0.00492112    -0.00226831  -0.00536802     0.03665737   0.00000000
  0.00129740  -0.00153211    -0.00079418  -0.00000000    -0.00226831   0.00536802
    7    5
  0.01206860   0.00551469     0.00003363   0.00031707     0.00237497   0.00731032
  0.00237497   0.00731032     0.00519394  -0.00467623    -0.00394065  -0.03667738
  0.00003363   0.00031707    -0.00352825  -0.00272166     0.00519394  -0.00467623
    7    6
 -0.01604565  -0.02207831     0.00417647   0.00756375     0.00492312  -0.00107605
  0.00417647   0.00756375    -0.00359838  -0.03485042     0.00463843  -0.00197977
  0.00492312  -0.00107605     0.00463843  -0.00197977     0.00186974   0.00516435
    7    7
  0.03721313   0.00000000    -0.00830551   0.00382692    -0.00229489  -0.00239253
 -0.00830551  -0.00382692     0.04048423   0.00000000     0.00018387  -0.00279822
 -0.00229489   0.00239253     0.00018387   0.00279822     0.01959614  -0.00000000

     Dynamical  Matrix in cartesian axes

     q = (    0.108253200   0.216506400  -0.108253200 ) 

    1    1
  0.02870260   0.00000000     0.01639430   0.00000000    -0.00206196   0.00000000
  0.01639430   0.00000000     0.07044366   0.00000000    -0.01639430   0.00000000
 -0.00206196   0.00000000    -0.01639430   0.00000000     0.02870260   0.00000000
    1    2
 -0.00588258   0.00012139    -0.00152351   0.00888266    -0.00223906   0.00568175
 -0.01428075   0.00379406    -0.00060036   0.00592246    -0.00595237   0.01450732
  0.00567411   0.00105852    -0.00141494  -0.00307909     0.00102096  -0.00658353
    1    3
 -0.00424545   0.00407378    -0.00735828  -0.00520370    -0.00560086  -0.00243435
 -0.01278082   0.00741521    -0.00461234  -0.00376329    -0.01446719  -0.00604926
  0.00326372  -0.00476069     0.00117673   0.00317776     0.00537719   0.00393334
    1    4
 -0.00841163  -0.00512990    -0.00293943   0.00209239    -0.00409842  -0.00198020
 -0.00315585  -0.00945637    -0.00283717   0.00283718    -0.00945637  -0.00315585
  0.00198020   0.00409842     0.00209239  -0.00293944     0.00512990   0.00841163
    1    5
 -0.00232053   0.00957531    -0.00355804   0.00059895    -0.00149781   0.00429823
  0.00445514   0.00891819    -0.00401237  -0.00000000    -0.00445514   0.00891819
 -0.00149781  -0.00429823     0.00355804   0.00059895    -0.00232053  -0.00957531
    1    6
 -0.00393334  -0.00537719     0.00317776   0.00117673     0.00476069  -0.00326372
 -0.00604926  -0.01446719     0.00376329   0.00461233     0.00741521  -0.01278082
  0.00243435   0.00560086    -0.00520370  -0.00735827    -0.00407378   0.00424545
    1    7
  0.00102096   0.00658353     0.00141494  -0.00307909     0.00567411  -0.00105852
  0.00595237   0.01450732    -0.00060036  -0.00592246     0.01428075   0.00379406
