  1.500000000000000E-002   1.26023585003145        2.23508645248256     
          12

     Dynamical  Matrix in cartesian axes

     q = (    0.216506351   0.216506351   0.000000000 ) 

    1    1
  0.05835522   0.00000000     0.05085134   0.00000000    -0.00000000   0.00000000
  0.05085134   0.00000000     0.05835522   0.00000000    -0.00000000   0.00000000
 -0.00000000   0.00000000    -0.00000000   0.00000000     0.00481772   0.00000000
    1    2
 -0.00511630   0.00948884    -0.00041235   0.01161921     0.00000000   0.00000000
 -0.00198065   0.00830769     0.00025964   0.01171832     0.00000000   0.00000000
  0.00000000   0.00000000     0.00000000   0.00000000    -0.00195167  -0.00386595
    1    3
 -0.00948884   0.00511630    -0.01161921   0.00041235    -0.00000000  -0.00000000
 -0.00830769   0.00198065    -0.01171832  -0.00025964    -0.00000000  -0.00000000
 -0.00000000   0.00000000    -0.00000000  -0.00000000     0.00386595   0.00195167
    1    4
 -0.01171832  -0.00025964    -0.00830769   0.00198065    -0.00000000   0.00000000
 -0.01161921   0.00041235    -0.00948884   0.00511630    -0.00000000  -0.00000000
 -0.00000000  -0.00000000    -0.00000000  -0.00000000     0.00386595   0.00195167
    1    5
  0.00025964   0.01171832    -0.00198065   0.00830769     0.00000000   0.00000000
 -0.00041235   0.01161921    -0.00511630   0.00948884     0.00000000   0.00000000
 -0.00000000   0.00000000     0.00000000   0.00000000    -0.00195167  -0.00386595
    1    6
  0.00589919  -0.00589919     0.00385025  -0.00385025     0.00070520   0.00070520
  0.00385025  -0.00385025     0.00589919  -0.00589919    -0.00070520  -0.00070520
  0.00281931   0.00281931    -0.00281931  -0.00281931    -0.00147104   0.00147104
    1    7
  0.00589919  -0.00589919     0.00385025  -0.00385025    -0.00070520  -0.00070520
  0.00385025  -0.00385025     0.00589919  -0.00589919     0.00070520   0.00070520
 -0.00281931  -0.00281931     0.00281931   0.00281931    -0.00147104   0.00147104
    2    1
 -0.00511630  -0.00948884    -0.00198065  -0.00830769     0.00000000  -0.00000000
 -0.00041235  -0.01161921     0.00025964  -0.01171832     0.00000000  -0.00000000
  0.00000000  -0.00000000     0.00000000  -0.00000000    -0.00195167   0.00386595
    2    2
  0.01820435   0.00000000     0.00675451  -0.02053151    -0.00000000   0.00000000
  0.00675451   0.02053151     0.07859381   0.00000000    -0.00000000   0.00000000
 -0.00000000   0.00000000    -0.00000000   0.00000000     0.01917347   0.00000000
    2    3
  0.00960326  -0.00724445     0.01733515   0.01529556     0.00000000  -0.00000000
  0.01733515   0.01529556    -0.02293780   0.06876678     0.00000000  -0.00000000
  0.00000000   0.00000000     0.00000000   0.00000000    -0.01343479   0.00845591
    2    4
  0.01711578   0.01714508     0.00745199  -0.00239977    -0.00000000   0.00000000
 -0.02316396   0.06957256     0.01711578   0.01714508    -0.00000000   0.00000000
  0.00000000   0.00000000    -0.00000000   0.00000000     0.00575349   0.00055886
    2    5
  0.00486151  -0.02124889     0.01040949  -0.00000000     0.00000000   0.00000000
  0.07717891  -0.00000000     0.00486151   0.02124889     0.00000000   0.00000000
  0.00000000   0.00000000     0.00000000   0.00000000    -0.00658087   0.00000000
    2    6
 -0.00765064   0.00162076    -0.00433960   0.00142009    -0.00109511  -0.00076846
 -0.00349477  -0.00807641    -0.00277981  -0.00879038    -0.00006850   0.00021215
 -0.01742155   0.00485735    -0.00730677   0.00023329    -0.00174831  -0.00325970
    2    7
 -0.00765064   0.00162076    -0.00433960   0.00142009     0.00109511   0.00076846
 -0.00349477  -0.00807641    -0.00277981  -0.00879038     0.00006850  -0.00021215
  0.01742155  -0.00485735     0.00730677  -0.00023329    -0.00174831  -0.00325970
    3    1
 -0.00948884  -0.00511630    -0.00830769  -0.00198065    -0.00000000   0.00000000
 -0.01161921  -0.00041235    -0.01171832   0.00025964    -0.00000000   0.00000000
 -0.00000000   0.00000000    -0.00000000   0.00000000     0.00386595  -0.00195167
    3    2
  0.00960326   0.00724445     0.01733515  -0.01529556     0.00000000   0.00000000
  0.01733515  -0.01529556    -0.02293780  -0.06876678     0.00000000   0.00000000
  0.00000000   0.00000000     0.00000000  -0.00000000    -0.01343479  -0.00845591
    3    3
  0.01820435  -0.00000000     0.00675451   0.02053151    -0.00000000   0.00000000
  0.00675451  -0.02053151     0.07859381  -0.00000000    -0.00000000   0.00000000
 -0.00000000   0.00000000     0.00000000   0.00000000     0.01917347  -0.00000000
    3    4
  0.00486151   0.02124889     0.01040949   0.00000000    -0.00000000   0.00000000
  0.07717891   0.00000000     0.00486151  -0.02124889     0.00000000   0.00000000
  0.00000000   0.00000000     0.00000000   0.00000000    -0.00658087  -0.00000000
    3    5
  0.01711578  -0.01714508     0.00745199   0.00239977     0.00000000   0.00000000
 -0.02316396  -0.06957256     0.01711578  -0.01714508     0.00000000   0.00000000
  0.00000000   0.00000000    -0.00000000   0.00000000     0.00575349  -0.00055886
    3    6
 -0.00765064  -0.00162076    -0.00433960  -0.00142009     0.00109511  -0.00076846
 -0.00349477   0.00807641    -0.00277981   0.00879038     0.00006850   0.00021215
  0.01742155   0.00485735     0.00730677   0.00023329    -0.00174831   0.00325970
    3    7
 -0.00765064  -0.00162076    -0.00433960  -0.00142009    -0.00109511   0.00076846
 -0.00349477   0.00807641    -0.00277981   0.00879038    -0.00006850  -0.00021215
 -0.01742155  -0.00485735    -0.00730677  -0.00023329    -0.00174831   0.00325970
    4    1
 -0.01171832   0.00025964    -0.01161921  -0.00041235    -0.00000000   0.00000000
 -0.00830769  -0.00198065    -0.00948884  -0.00511630    -0.00000000   0.00000000
 -0.00000000   0.00000000    -0.00000000   0.00000000     0.00386595  -0.00195167
    4    2
  0.01711578  -0.01714508    -0.02316396  -0.06957256     0.00000000   0.00000000
  0.00745199   0.00239977     0.01711578  -0.01714508     0.00000000  -0.00000000
  0.00000000  -0.00000000     0.00000000   0.00000000     0.00575349  -0.00055886
    4    3
  0.00486151  -0.02124889     0.07717891   0.00000000     0.00000000   0.00000000
  0.01040949   0.00000000     0.00486151   0.02124889     0.00000000   0.00000000
  0.00000000   0.00000000     0.00000000   0.00000000    -0.00658087  -0.00000000
    4    4
  0.07859381  -0.00000000     0.00675451  -0.02053151    -0.00000000   0.00000000
  0.00675451   0.02053151     0.01820435  -0.00000000    -0.00000000   0.00000000
 -0.00000000   0.00000000    -0.00000000   0.00000000     0.01917347  -0.00000000
    4    5
 -0.02293780  -0.06876678     0.01733515  -0.01529556     0.00000000   0.00000000
  0.01733515  -0.01529556     0.00960326   0.00724445     0.00000000   0.00000000
  0.00000000   0.00000000     0.00000000   0.00000000    -0.01343479  -0.00845591
    4    6
 -0.00277981   0.00879038    -0.00349477   0.00807641    -0.00006850  -0.00021215
 -0.00433960  -0.00142009    -0.00765064  -0.00162076    -0.00109511   0.00076846
 -0.00730677  -0.00023329    -0.01742155  -0.00485735    -0.00174831   0.00325970
    4    7
 -0.00277981   0.00879038    -0.00349477   0.00807641     0.00006850   0.00021215
 -0.00433960  -0.00142009    -0.00765064  -0.00162076     0.00109511  -0.00076846
  0.00730677   0.00023329     0.01742155   0.00485735    -0.00174831   0.00325970
    5    1
  0.00025964  -0.01171832    -0.00041235  -0.01161921     0.00000000  -0.00000000
 -0.00198065  -0.00830769    -0.00511630  -0.00948884     0.00000000  -0.00000000
  0.00000000  -0.00000000     0.00000000  -0.00000000    -0.00195167   0.00386595
    5    2
  0.00486151   0.02124889     0.07717891  -0.00000000     0.00000000   0.00000000
  0.01040949  -0.00000000     0.00486151  -0.02124889     0.00000000   0.00000000
  0.00000000  -0.00000000     0.00000000  -0.00000000    -0.00658087   0.00000000
    5    3
  0.01711578   0.01714508    -0.02316396   0.06957256    -0.00000000  -0.00000000
  0.00745199  -0.00239977     0.01711578   0.01714508    -0.00000000  -0.00000000
  0.00000000   0.00000000     0.00000000   0.00000000     0.00575349   0.00055886
    5    4
 -0.02293780   0.06876678     0.01733515   0.01529556     0.00000000  -0.00000000
  0.01733515   0.01529556     0.00960326  -0.00724445     0.00000000  -0.00000000
  0.00000000  -0.00000000     0.00000000   0.00000000    -0.01343479   0.00845591
    5    5
  0.07859381   0.00000000     0.00675451   0.02053151    -0.00000000   0.00000000
  0.00675451  -0.02053151     0.01820435   0.00000000    -0.00000000   0.00000000
 -0.00000000   0.00000000    -0.00000000   0.00000000     0.01917347   0.00000000
    5    6
 -0.00277981  -0.00879038    -0.00349477  -0.00807641     0.00006850  -0.00021215
 -0.00433960   0.00142009    -0.00765064   0.00162076     0.00109511   0.00076846
  0.00730677  -0.00023329     0.01742155  -0.00485735    -0.00174831  -0.00325970
    5    7
 -0.00277981  -0.00879038    -0.00349477  -0.00807641    -0.00006850   0.00021215
 -0.00433960   0.00142009    -0.00765064   0.00162076    -0.00109511  -0.00076846
 -0.00730677   0.00023329    -0.01742155   0.00485735    -0.00174831  -0.00325970
    6    1
  0.00589919   0.00589919     0.00385025   0.00385025     0.00281931  -0.00281931
  0.00385025   0.00385025     0.00589919   0.00589919    -0.00281931   0.00281931
  0.00070520  -0.00070520    -0.00070520   0.00070520    -0.00147104  -0.00147104
    6    2
 -0.00765064  -0.00162076    -0.00349477   0.00807641    -0.01742155  -0.00485735
 -0.00433960  -0.00142009    -0.00277981   0.00879038    -0.00730677  -0.00023329
 -0.00109511   0.00076846    -0.00006850  -0.00021215    -0.00174831   0.00325970
    6    3
 -0.00765064   0.00162076    -0.00349477  -0.00807641     0.01742155  -0.00485735
 -0.00433960   0.00142009    -0.00277981  -0.00879038     0.00730677  -0.00023329
  0.00109511   0.00076846     0.00006850  -0.00021215    -0.00174831  -0.00325970
    6    4
 -0.00277981  -0.00879038    -0.00433960   0.00142009    -0.00730677   0.00023329
 -0.00349477  -0.00807641    -0.00765064   0.00162076    -0.01742155   0.00485735
 -0.00006850   0.00021215    -0.00109511  -0.00076846    -0.00174831  -0.00325970
    6    5
 -0.00277981   0.00879038    -0.00433960  -0.00142009     0.00730677   0.00023329
 -0.00349477   0.00807641    -0.00765064  -0.00162076     0.01742155   0.00485735
  0.00006850   0.00021215     0.00109511  -0.00076846    -0.00174831   0.00325970
    6    6
  0.02667752   0.00000000     0.01275815  -0.00000000     0.00000000   0.00298873
  0.01275815   0.00000000     0.02667752  -0.00000000     0.00000000  -0.00298873
 -0.00000000  -0.00298873     0.00000000   0.00298873     0.00481073  -0.00000000
    6    7
 -0.01209228  -0.00000000    -0.00543859   0.00000000    -0.00000000   0.00329819
 -0.00543859  -0.00000000    -0.01209228   0.00000000    -0.00000000  -0.00329819
 -0.00000000   0.00329819    -0.00000000  -0.00329819     0.00143718   0.00000000
    7    1
  0.00589919   0.00589919     0.00385025   0.00385025    -0.00281931   0.00281931
  0.00385025   0.00385025     0.00589919   0.00589919     0.00281931  -0.00281931
 -0.00070520   0.00070520     0.00070520  -0.00070520    -0.00147104  -0.00147104
    7    2
 -0.00765064  -0.00162076    -0.00349477   0.00807641     0.01742155   0.00485735
 -0.00433960  -0.00142009    -0.00277981   0.00879038     0.00730677   0.00023329
  0.00109511  -0.00076846     0.00006850   0.00021215    -0.00174831   0.00325970
    7    3
 -0.00765064   0.00162076    -0.00349477  -0.00807641    -0.01742155   0.00485735
 -0.00433960   0.00142009    -0.00277981  -0.00879038    -0.00730677   0.00023329
 -0.00109511  -0.00076846    -0.00006850   0.00021215    -0.00174831  -0.00325970
    7    4
 -0.00277981  -0.00879038    -0.00433960   0.00142009     0.00730677  -0.00023329
 -0.00349477  -0.00807641    -0.00765064   0.00162076     0.01742155  -0.00485735
  0.00006850  -0.00021215     0.00109511   0.00076846    -0.00174831  -0.00325970
    7    5
 -0.00277981   0.00879038    -0.00433960  -0.00142009    -0.00730677  -0.00023329
 -0.00349477   0.00807641    -0.00765064  -0.00162076    -0.01742155  -0.00485735
 -0.00006850  -0.00021215    -0.00109511   0.00076846    -0.00174831   0.00325970
    7    6
 -0.01209228   0.00000000    -0.00543859  -0.00000000    -0.00000000  -0.00329819
 -0.00543859   0.00000000    -0.01209228  -0.00000000    -0.00000000   0.00329819
 -0.00000000  -0.00329819    -0.00000000   0.00329819     0.00143718   0.00000000
    7    7
  0.02667752   0.00000000     0.01275815   0.00000000     0.00000000  -0.00298873
  0.01275815  -0.00000000     0.02667752   0.00000000     0.00000000   0.00298873
 -0.00000000   0.00298873     0.00000000  -0.00298873     0.00481073   0.00000000

     Dynamical  Matrix in cartesian axes

     q = (    0.216506351  -0.216506351   0.000000000 ) 

    1    1
  0.05835522   0.00000000    -0.05085134   0.00000000     0.00000000   0.00000000
 -0.05085134   0.00000000     0.05835522   0.00000000     0.00000000   0.00000000
  0.00000000   0.00000000    -0.00000000   0.00000000     0.00481772   0.00000000
    1    2
 -0.00511630   0.00948884     0.00041235  -0.01161921     0.00000000  -0.00000000
  0.00198065  -0.00830769     0.00025964   0.01171832     0.00000000  -0.00000000
  0.00000000  -0.00000000     0.00000000   0.00000000    -0.00195167  -0.00386595
    1    3
 -0.00511630  -0.00948884     0.00041235   0.01161921     0.00000000  -0.00000000
  0.00198065   0.00830769     0.00025964  -0.01171832     0.00000000  -0.00000000
  0.00000000   0.00000000     0.00000000  -0.00000000    -0.00195167   0.00386595
    1    4
  0.00025964   0.01171832     0.00198065  -0.00830769     0.00000000  -0.00000000
  0.00041235  -0.01161921    -0.00511630   0.00948884     0.00000000   0.00000000
  0.00000000   0.00000000     0.00000000   0.00000000    -0.00195167  -0.00386595
    1    5
  0.00025964  -0.01171832     0.00198065   0.00830769     0.00000000   0.00000000
  0.00041235   0.01161921    -0.00511630  -0.00948884     0.00000000  -0.00000000
  0.00000000   0.00000000     0.00000000   0.00000000    -0.00195167   0.00386595
    1    6
  0.00589919   0.00589919    -0.00385025  -0.00385025    -0.00070520   0.00070520
 -0.00385025  -0.00385025     0.00589919   0.00589919    -0.00070520   0.00070520
 -0.00281931   0.00281931    -0.00281931   0.00281931    -0.00147104  -0.00147104
    1    7
  0.00589919  -0.00589919    -0.00385025   0.00385025    -0.00070520  -0.00070520
 -0.00385025   0.00385025     0.00589919  -0.00589919    -0.00070520  -0.00070520
 -0.00281931  -0.00281931    -0.00281931  -0.00281931    -0.00147104   0.00147104
    2    1
 -0.00511630  -0.00948884     0.00198065   0.00830769     0.00000000   0.00000000
  0.00041235   0.01161921     0.00025964  -0.01171832     0.00000000   0.00000000
  0.00000000  -0.00000000     0.00000000   0.00000000    -0.00195167   0.00386595
    2    2
  0.01820435  -0.00000000    -0.00675451   0.02053151    -0.00000000   0.00000000
 -0.00675451  -0.02053151     0.07859381  -0.00000000    -0.00000000   0.00000000
 -0.00000000  -0.00000000     0.00000000  -0.00000000     0.01917347  -0.00000000
    2    3
  0.00724445   0.00960326     0.01529556  -0.01733515    -0.00000000   0.00000000
  0.01529556  -0.01733515    -0.06876678  -0.02293780     0.00000000   0.00000000
  0.00000000   0.00000000    -0.00000000   0.00000000    -0.00845591  -0.01343479
    2    4
  0.00486151  -0.02124889    -0.01040949  -0.00000000    -0.00000000  -0.00000000
 -0.07717891  -0.00000000     0.00486151   0.02124889    -0.00000000  -0.00000000
  0.00000000  -0.00000000    -0.00000000  -0.00000000    -0.00658087  -0.00000000
    2    5
 -0.01714508   0.01711578    -0.00239977  -0.00745199     0.00000000  -0.00000000
  0.06957256   0.02316396    -0.01714508   0.01711578    -0.00000000  -0.00000000
 -0.00000000   0.00000000     0.00000000   0.00000000    -0.00055886   0.00575349
    2    6
 -0.00162076  -0.00765064     0.00142009   0.00433960     0.00076846  -0.00109511
 -0.00807641   0.00349477     0.00879038  -0.00277981     0.00021215   0.00006850
 -0.00485735  -0.01742155     0.00023329   0.00730677     0.00325970  -0.00174831
    2    7
 -0.00765064   0.00162076     0.00433960  -0.00142009     0.00109511   0.00076846
  0.00349477   0.00807641    -0.00277981  -0.00879038    -0.00006850   0.00021215
  0.01742155  -0.00485735    -0.00730677   0.00023329    -0.00174831  -0.00325970
    3    1
 -0.00511630   0.00948884     0.00198065  -0.00830769     0.00000000   0.00000000
  0.00041235  -0.01161921     0.00025964   0.01171832     0.00000000   0.00000000
  0.00000000   0.00000000     0.00000000   0.00000000    -0.00195167  -0.00386595
    3    2
  0.00724445  -0.00960326     0.01529556   0.01733515     0.00000000  -0.00000000
  0.01529556   0.01733515    -0.06876678   0.02293780     0.00000000  -0.00000000
  0.00000000  -0.00000000    -0.00000000  -0.00000000    -0.00845591   0.01343479
    3    3
  0.01820435   0.00000000    -0.00675451  -0.02053151     0.00000000   0.00000000
 -0.00675451   0.02053151     0.07859381   0.00000000     0.00000000   0.00000000
 -0.00000000   0.00000000     0.00000000   0.00000000     0.01917347   0.00000000
    3    4
 -0.01714508  -0.01711578    -0.00239977   0.00745199     0.00000000   0.00000000
  0.06957256  -0.02316396    -0.01714508  -0.01711578    -0.00000000   0.00000000
 -0.00000000   0.00000000     0.00000000   0.00000000    -0.00055886  -0.00575349
    3    5
  0.00486151   0.02124889    -0.01040949  -0.00000000     0.00000000  -0.00000000
 -0.07717891  -0.00000000     0.00486151  -0.02124889     0.00000000  -0.00000000
  0.00000000  -0.00000000     0.00000000  -0.00000000    -0.00658087  -0.00000000
    3    6
 -0.00765064  -0.00162076     0.00433960   0.00142009     0.00109511  -0.00076846
  0.00349477  -0.00807641    -0.00277981   0.00879038    -0.00006850  -0.00021215
  0.01742155   0.00485735    -0.00730677  -0.00023329    -0.00174831   0.00325970
    3    7
 -0.00162076   0.00765064     0.00142009  -0.00433960     0.00076846   0.00109511
 -0.00807641  -0.00349477     0.00879038   0.00277981     0.00021215  -0.00006850
 -0.00485735   0.01742155     0.00023329  -0.00730677     0.00325970   0.00174831
    4    1
  0.00025964  -0.01171832     0.00041235   0.01161921     0.00000000   0.00000000
  0.00198065   0.00830769    -0.00511630  -0.00948884     0.00000000   0.00000000
  0.00000000   0.00000000     0.00000000   0.00000000    -0.00195167   0.00386595
    4    2
  0.00486151   0.02124889    -0.07717891   0.00000000     0.00000000  -0.00000000
 -0.01040949   0.00000000     0.00486151  -0.02124889     0.00000000  -0.00000000
 -0.00000000  -0.00000000    -0.00000000  -0.00000000    -0.00658087   0.00000000
    4    3
 -0.01714508   0.01711578     0.06957256   0.02316396    -0.00000000   0.00000000
 -0.00239977  -0.00745199    -0.01714508   0.01711578     0.00000000   0.00000000
  0.00000000   0.00000000    -0.00000000   0.00000000    -0.00055886   0.00575349
    4    4
  0.07859381  -0.00000000    -0.00675451  -0.02053151    -0.00000000   0.00000000
 -0.00675451   0.02053151     0.01820435  -0.00000000    -0.00000000   0.00000000
 -0.00000000  -0.00000000    -0.00000000  -0.00000000     0.01917347  -0.00000000
    4    5
 -0.06876678  -0.02293780     0.01529556  -0.01733515     0.00000000   0.00000000
  0.01529556  -0.01733515     0.00724445   0.00960326     0.00000000   0.00000000
  0.00000000   0.00000000     0.00000000   0.00000000    -0.00845591  -0.01343479
    4    6
  0.00879038  -0.00277981    -0.00807641   0.00349477     0.00021215   0.00006850
  0.00142009   0.00433960    -0.00162076  -0.00765064     0.00076846  -0.00109511
  0.00023329   0.00730677    -0.00485735  -0.01742155     0.00325970  -0.00174831
    4    7
 -0.00277981  -0.00879038     0.00349477   0.00807641    -0.00006850   0.00021215
  0.00433960  -0.00142009    -0.00765064   0.00162076     0.00109511   0.00076846
 -0.00730677   0.00023329     0.01742155  -0.00485735    -0.00174831  -0.00325970
    5    1
  0.00025964   0.01171832     0.00041235  -0.01161921     0.00000000   0.00000000
  0.00198065  -0.00830769    -0.00511630   0.00948884     0.00000000   0.00000000
  0.00000000   0.00000000     0.00000000   0.00000000    -0.00195167  -0.00386595
    5    2
 -0.01714508  -0.01711578     0.06957256  -0.02316396    -0.00000000   0.00000000
 -0.00239977   0.00745199    -0.01714508  -0.01711578     0.00000000   0.00000000
  0.00000000   0.00000000    -0.00000000   0.00000000    -0.00055886  -0.00575349
    5    3
  0.00486151  -0.02124889    -0.07717891   0.00000000    -0.00000000   0.00000000
 -0.01040949   0.00000000     0.00486151   0.02124889     0.00000000   0.00000000
  0.00000000  -0.00000000     0.00000000  -0.00000000    -0.00658087   0.00000000
    5    4
 -0.06876678   0.02293780     0.01529556   0.01733515     0.00000000  -0.00000000
  0.01529556   0.01733515     0.00724445  -0.00960326     0.00000000  -0.00000000
  0.00000000  -0.00000000     0.00000000  -0.00000000    -0.00845591   0.01343479
    5    5
  0.07859381   0.00000000    -0.00675451   0.02053151     0.00000000   0.00000000
 -0.00675451  -0.02053151     0.01820435   0.00000000    -0.00000000   0.00000000
 -0.00000000   0.00000000     0.00000000   0.00000000     0.01917347   0.00000000
    5    6
 -0.00277981   0.00879038     0.00349477  -0.00807641    -0.00006850  -0.00021215
  0.00433960   0.00142009    -0.00765064  -0.00162076     0.00109511  -0.00076846
 -0.00730677  -0.00023329     0.01742155   0.00485735    -0.00174831   0.00325970
    5    7
  0.00879038   0.00277981    -0.00807641  -0.00349477     0.00021215  -0.00006850
  0.00142009  -0.00433960    -0.00162076   0.00765064     0.00076846   0.00109511
  0.00023329  -0.00730677    -0.00485735   0.01742155     0.00325970   0.00174831
    6    1
  0.00589919  -0.00589919    -0.00385025   0.00385025    -0.00281931  -0.00281931
 -0.00385025   0.00385025     0.00589919  -0.00589919    -0.00281931  -0.00281931
 -0.00070520  -0.00070520    -0.00070520  -0.00070520    -0.00147104   0.00147104
    6    2
 -0.00162076   0.00765064    -0.00807641  -0.00349477    -0.00485735   0.01742155
  0.00142009  -0.00433960     0.00879038   0.00277981     0.00023329  -0.00730677
  0.00076846   0.00109511     0.00021215  -0.00006850     0.00325970   0.00174831
    6    3
 -0.00765064   0.00162076     0.00349477   0.00807641     0.01742155  -0.00485735
  0.00433960  -0.00142009    -0.00277981  -0.00879038    -0.00730677   0.00023329
  0.00109511   0.00076846    -0.00006850   0.00021215    -0.00174831  -0.00325970
    6    4
  0.00879038   0.00277981     0.00142009  -0.00433960     0.00023329  -0.00730677
 -0.00807641  -0.00349477    -0.00162076   0.00765064    -0.00485735   0.01742155
  0.00021215  -0.00006850     0.00076846   0.00109511     0.00325970   0.00174831
    6    5
 -0.00277981  -0.00879038     0.00433960  -0.00142009    -0.00730677   0.00023329
  0.00349477   0.00807641    -0.00765064   0.00162076     0.01742155  -0.00485735
 -0.00006850   0.00021215     0.00109511   0.00076846    -0.00174831  -0.00325970
    6    6
  0.02667752  -0.00000000    -0.01275815  -0.00000000     0.00000000   0.00298873
 -0.01275815  -0.00000000     0.02667752  -0.00000000     0.00000000   0.00298873
  0.00000000  -0.00298873     0.00000000  -0.00298873     0.00481073  -0.00000000
    6    7
 -0.00000000   0.01209228    -0.00000000  -0.00543859     0.00329819   0.00000000
 -0.00000000  -0.00543859    -0.00000000   0.01209228     0.00329819   0.00000000
  0.00329819   0.00000000     0.00329819   0.00000000     0.00000000  -0.00143718
    7    1
  0.00589919   0.00589919    -0.00385025  -0.00385025    -0.00281931   0.00281931
 -0.00385025  -0.00385025     0.00589919   0.00589919    -0.00281931   0.00281931
 -0.00070520   0.00070520    -0.00070520   0.00070520    -0.00147104  -0.00147104
    7    2
 -0.00765064  -0.00162076     0.00349477  -0.00807641     0.01742155   0.00485735
  0.00433960   0.00142009    -0.00277981   0.00879038    -0.00730677  -0.00023329
  0.00109511  -0.00076846    -0.00006850  -0.00021215    -0.00174831   0.00325970
    7    3
 -0.00162076  -0.00765064    -0.00807641   0.00349477    -0.00485735  -0.01742155
  0.00142009   0.00433960     0.00879038  -0.00277981     0.00023329   0.00730677
  0.00076846  -0.00109511     0.00021215   0.00006850     0.00325970  -0.00174831
    7    4
 -0.00277981   0.00879038     0.00433960   0.00142009    -0.00730677  -0.00023329
  0.00349477  -0.00807641    -0.00765064  -0.00162076     0.01742155   0.00485735
 -0.00006850  -0.00021215     0.00109511  -0.00076846    -0.00174831   0.00325970
    7    5
  0.00879038  -0.00277981     0.00142009   0.00433960     0.00023329   0.00730677
 -0.00807641   0.00349477    -0.00162076  -0.00765064    -0.00485735  -0.01742155
  0.00021215   0.00006850     0.00076846  -0.00109511     0.00325970  -0.00174831
    7    6
 -0.00000000  -0.01209228    -0.00000000   0.00543859     0.00329819  -0.00000000
 -0.00000000   0.00543859    -0.00000000  -0.01209228     0.00329819  -0.00000000
  0.00329819  -0.00000000     0.00329819  -0.00000000     0.00000000   0.00143718
    7    7
  0.02667752   0.00000000    -0.01275815   0.00000000    -0.00000000  -0.00298873
 -0.01275815   0.00000000     0.02667752   0.00000000    -0.00000000  -0.00298873
 -0.00000000   0.00298873    -0.00000000   0.00298873     0.00481073  -0.00000000

     Dynamical  Matrix in cartesian axes

     q = (   -0.216506351  -0.216506351   0.000000000 ) 

    1    1
  0.05835522  -0.00000000     0.05085134  -0.00000000    -0.00000000  -0.00000000
  0.05085134  -0.00000000     0.05835522  -0.00000000    -0.00000000  -0.00000000
 -0.00000000   0.00000000    -0.00000000   0.00000000     0.00481772   0.00000000
    1    2
 -0.00511630  -0.00948884    -0.00041235  -0.01161921     0.00000000  -0.00000000
 -0.00198065  -0.00830769     0.00025964  -0.01171832     0.00000000  -0.00000000
  0.00000000  -0.00000000    -0.00000000  -0.00000000    -0.00195167   0.00386595
    1    3
 -0.00948884  -0.00511630    -0.01161921  -0.00041235    -0.00000000   0.00000000
 -0.00830769  -0.00198065    -0.01171832   0.00025964    -0.00000000   0.00000000
 -0.00000000   0.00000000    -0.00000000   0.00000000     0.00386595  -0.00195167
    1    4
 -0.01171832   0.00025964    -0.00830769  -0.00198065    -0.00000000   0.00000000
 -0.01161921  -0.00041235    -0.00948884  -0.00511630    -0.00000000   0.00000000
 -0.00000000   0.00000000    -0.00000000   0.00000000     0.00386595  -0.00195167
    1    5
  0.00025964  -0.01171832    -0.00198065  -0.00830769     0.00000000   0.00000000
 -0.00041235  -0.01161921    -0.00511630  -0.00948884     0.00000000   0.00000000
  0.00000000  -0.00000000     0.00000000  -0.00000000    -0.00195167   0.00386595
    1    6
  0.00589919   0.00589919     0.00385025   0.00385025     0.00070520  -0.00070520
  0.00385025   0.00385025     0.00589919   0.00589919    -0.00070520   0.00070520
  0.00281931  -0.00281931    -0.00281931   0.00281931    -0.00147104  -0.00147104
    1    7
  0.00589919   0.00589919     0.00385025   0.00385025    -0.00070520   0.00070520
  0.00385025   0.00385025     0.00589919   0.00589919     0.00070520  -0.00070520
 -0.00281931   0.00281931     0.00281931  -0.00281931    -0.00147104  -0.00147104
    2    1
 -0.00511630   0.00948884    -0.00198065   0.00830769     0.00000000   0.00000000
 -0.00041235   0.01161921     0.00025964   0.01171832     0.00000000   0.00000000
  0.00000000   0.00000000     0.00000000   0.00000000    -0.00195167  -0.00386595
    2    2
  0.01820435  -0.00000000     0.00675451   0.02053151    -0.00000000   0.00000000
  0.00675451  -0.02053151     0.07859381  -0.00000000    -0.00000000   0.00000000
 -0.00000000   0.00000000    -0.00000000   0.00000000     0.01917347  -0.00000000
    2    3
  0.00960326   0.00724445     0.01733515  -0.01529556     0.00000000   0.00000000
  0.01733515  -0.01529556    -0.02293780  -0.06876678     0.00000000   0.00000000
  0.00000000   0.00000000     0.00000000  -0.00000000    -0.01343479  -0.00845591
    2    4
  0.01711578  -0.01714508     0.00745199   0.00239977    -0.00000000   0.00000000
 -0.02316396  -0.06957256     0.01711578  -0.01714508    -0.00000000   0.00000000
  0.00000000  -0.00000000    -0.00000000   0.00000000     0.00575349  -0.00055886
    2    5
  0.00486151   0.02124889     0.01040949   0.00000000    -0.00000000   0.00000000
  0.07717891   0.00000000     0.00486151  -0.02124889     0.00000000   0.00000000
  0.00000000   0.00000000     0.00000000   0.00000000    -0.00658087  -0.00000000
    2    6
 -0.00765064  -0.00162076    -0.00433960  -0.00142009    -0.00109511   0.00076846
 -0.00349477   0.00807641    -0.00277981   0.00879038    -0.00006850  -0.00021215
 -0.01742155  -0.00485735    -0.00730677  -0.00023329    -0.00174831   0.00325970
    2    7
 -0.00765064  -0.00162076    -0.00433960  -0.00142009     0.00109511  -0.00076846
 -0.00349477   0.00807641    -0.00277981   0.00879038     0.00006850   0.00021215
  0.01742155   0.00485735     0.00730677   0.00023329    -0.00174831   0.00325970
    3    1
 -0.00948884   0.00511630    -0.00830769   0.00198065    -0.00000000  -0.00000000
 -0.01161921   0.00041235    -0.01171832  -0.00025964    -0.00000000  -0.00000000
 -0.00000000  -0.00000000    -0.00000000  -0.00000000     0.00386595   0.00195167
    3    2
  0.00960326  -0.00724445     0.01733515   0.01529556     0.00000000  -0.00000000
  0.01733515   0.01529556    -0.02293780   0.06876678     0.00000000  -0.00000000
  0.00000000  -0.00000000     0.00000000   0.00000000    -0.01343479   0.00845591
    3    3
  0.01820435   0.00000000     0.00675451  -0.02053151    -0.00000000   0.00000000
  0.00675451   0.02053151     0.07859381   0.00000000    -0.00000000   0.00000000
 -0.00000000   0.00000000     0.00000000   0.00000000     0.01917347   0.00000000
    3    4
  0.00486151  -0.02124889     0.01040949   0.00000000     0.00000000   0.00000000
  0.07717891  -0.00000000     0.00486151   0.02124889     0.00000000   0.00000000
  0.00000000   0.00000000     0.00000000   0.00000000    -0.00658087   0.00000000
    3    5
  0.01711578   0.01714508     0.00745199  -0.00239977     0.00000000   0.00000000
 -0.02316396   0.06957256     0.01711578   0.01714508     0.00000000   0.00000000
  0.00000000   0.00000000    -0.00000000   0.00000000     0.00575349   0.00055886
    3    6
 -0.00765064   0.00162076    -0.00433960   0.00142009     0.00109511   0.00076846
 -0.00349477  -0.00807641    -0.00277981  -0.00879038     0.00006850  -0.00021215
  0.01742155  -0.00485735     0.00730677  -0.00023329    -0.00174831  -0.00325970
    3    7
 -0.00765064   0.00162076    -0.00433960   0.00142009    -0.00109511  -0.00076846
 -0.00349477  -0.00807641    -0.00277981  -0.00879038    -0.00006850   0.00021215
 -0.01742155   0.00485735    -0.00730677   0.00023329    -0.00174831  -0.00325970
    4    1
 -0.01171832  -0.00025964    -0.01161921   0.00041235    -0.00000000  -0.00000000
 -0.00830769   0.00198065    -0.00948884   0.00511630    -0.00000000  -0.00000000
 -0.00000000  -0.00000000    -0.00000000   0.00000000     0.00386595   0.00195167
    4    2
  0.01711578   0.01714508    -0.02316396   0.06957256    -0.00000000   0.00000000
  0.00745199  -0.00239977     0.01711578   0.01714508    -0.00000000   0.00000000
 -0.00000000   0.00000000     0.00000000  -0.00000000     0.00575349   0.00055886
    4    3
  0.00486151   0.02124889     0.07717891  -0.00000000     0.00000000   0.00000000
  0.01040949   0.00000000     0.00486151  -0.02124889     0.00000000   0.00000000
  0.00000000   0.00000000     0.00000000   0.00000000    -0.00658087   0.00000000
    4    4
  0.07859381   0.00000000     0.00675451   0.02053151    -0.00000000   0.00000000
  0.00675451  -0.02053151     0.01820435   0.00000000    -0.00000000   0.00000000
 -0.00000000   0.00000000    -0.00000000   0.00000000     0.01917347   0.00000000
    4    5
 -0.02293780   0.06876678     0.01733515   0.01529556     0.00000000  -0.00000000
  0.01733515   0.01529556     0.00960326  -0.00724445     0.00000000  -0.00000000
  0.00000000   0.00000000     0.00000000   0.00000000    -0.01343479   0.00845591
    4    6
 -0.00277981  -0.00879038    -0.00349477  -0.00807641    -0.00006850   0.00021215
 -0.00433960   0.00142009    -0.00765064   0.00162076    -0.00109511  -0.00076846
 -0.00730677   0.00023329    -0.01742155   0.00485735    -0.00174831  -0.00325970
    4    7
 -0.00277981  -0.00879038    -0.00349477  -0.00807641     0.00006850  -0.00021215
 -0.00433960   0.00142009    -0.00765064   0.00162076     0.00109511   0.00076846
  0.00730677  -0.00023329     0.01742155  -0.00485735    -0.00174831  -0.00325970
    5    1
  0.00025964   0.01171832    -0.00041235   0.01161921     0.00000000   0.00000000
 -0.00198065   0.00830769    -0.00511630   0.00948884     0.00000000   0.00000000
  0.00000000   0.00000000     0.00000000   0.00000000    -0.00195167  -0.00386595
    5    2
  0.00486151  -0.02124889     0.07717891   0.00000000     0.00000000   0.00000000
  0.01040949   0.00000000     0.00486151   0.02124889     0.00000000   0.00000000
  0.00000000   0.00000000     0.00000000   0.00000000    -0.00658087  -0.00000000
    5    3
  0.01711578  -0.01714508    -0.02316396  -0.06957256    -0.00000000  -0.00000000
  0.00745199   0.00239977     0.01711578  -0.01714508    -0.00000000   0.00000000
  0.00000000   0.00000000     0.00000000   0.00000000     0.00575349  -0.00055886
    5    4
 -0.02293780  -0.06876678     0.01733515  -0.01529556     0.00000000   0.00000000
  0.01733515  -0.01529556     0.00960326   0.00724445     0.00000000   0.00000000
  0.00000000   0.00000000     0.00000000  -0.00000000    -0.01343479  -0.00845591
    5    5
  0.07859381  -0.00000000     0.00675451  -0.02053151    -0.00000000   0.00000000
  0.00675451   0.02053151     0.01820435  -0.00000000    -0.00000000   0.00000000
 -0.00000000   0.00000000    -0.00000000   0.00000000     0.01917347  -0.00000000
    5    6
 -0.00277981   0.00879038    -0.00349477   0.00807641     0.00006850   0.00021215
 -0.00433960  -0.00142009    -0.00765064  -0.00162076     0.00109511  -0.00076846
  0.00730677   0.00023329     0.01742155   0.00485735    -0.00174831   0.00325970
    5    7
 -0.00277981   0.00879038    -0.00349477   0.00807641    -0.00006850  -0.00021215
 -0.00433960  -0.00142009    -0.00765064  -0.00162076    -0.00109511   0.00076846
 -0.00730677  -0.00023329    -0.01742155  -0.00485735    -0.00174831   0.00325970
    6    1
  0.00589919  -0.00589919     0.00385025  -0.00385025     0.00281931   0.00281931
  0.00385025  -0.00385025     0.00589919  -0.00589919    -0.00281931  -0.00281931
  0.00070520   0.00070520    -0.00070520  -0.00070520    -0.00147104   0.00147104
    6    2
 -0.00765064   0.00162076    -0.00349477  -0.00807641    -0.01742155   0.00485735
 -0.00433960   0.00142009    -0.00277981  -0.00879038    -0.00730677   0.00023329
 -0.00109511  -0.00076846    -0.00006850   0.00021215    -0.00174831  -0.00325970
    6    3
 -0.00765064  -0.00162076    -0.00349477   0.00807641     0.01742155   0.00485735
 -0.00433960  -0.00142009    -0.00277981   0.00879038     0.00730677   0.00023329
  0.00109511  -0.00076846     0.00006850   0.00021215    -0.00174831   0.00325970
    6    4
 -0.00277981   0.00879038    -0.00433960  -0.00142009    -0.00730677  -0.00023329
 -0.00349477   0.00807641    -0.00765064  -0.00162076    -0.01742155  -0.00485735
 -0.00006850  -0.00021215    -0.00109511   0.00076846    -0.00174831   0.00325970
    6    5
 -0.00277981  -0.00879038    -0.00433960   0.00142009     0.00730677  -0.00023329
 -0.00349477  -0.00807641    -0.00765064   0.00162076     0.01742155  -0.00485735
  0.00006850  -0.00021215     0.00109511   0.00076846    -0.00174831  -0.00325970
    6    6
  0.02667752   0.00000000     0.01275815   0.00000000     0.00000000  -0.00298873
  0.01275815  -0.00000000     0.02667752   0.00000000     0.00000000   0.00298873
 -0.00000000   0.00298873     0.00000000  -0.00298873     0.00481073   0.00000000
    6    7
 -0.01209228   0.00000000    -0.00543859  -0.00000000    -0.00000000  -0.00329819
 -0.00543859   0.00000000    -0.01209228  -0.00000000    -0.00000000   0.00329819
 -0.00000000  -0.00329819    -0.00000000   0.00329819     0.00143718   0.00000000
    7    1
  0.00589919  -0.00589919     0.00385025  -0.00385025    -0.00281931  -0.00281931
  0.00385025  -0.00385025     0.00589919  -0.00589919     0.00281931   0.00281931
 -0.00070520  -0.00070520     0.00070520   0.00070520    -0.00147104   0.00147104
    7    2
 -0.00765064   0.00162076    -0.00349477  -0.00807641     0.01742155  -0.00485735
 -0.00433960   0.00142009    -0.00277981  -0.00879038     0.00730677  -0.00023329
  0.00109511   0.00076846     0.00006850  -0.00021215    -0.00174831  -0.00325970
    7    3
 -0.00765064  -0.00162076    -0.00349477   0.00807641    -0.01742155  -0.00485735
 -0.00433960  -0.00142009    -0.00277981   0.00879038    -0.00730677  -0.00023329
 -0.00109511   0.00076846    -0.00006850  -0.00021215    -0.00174831   0.00325970
    7    4
 -0.00277981   0.00879038    -0.00433960  -0.00142009     0.00730677   0.00023329
 -0.00349477   0.00807641    -0.00765064  -0.00162076     0.01742155   0.00485735
  0.00006850   0.00021215     0.00109511  -0.00076846    -0.00174831   0.00325970
    7    5
 -0.00277981  -0.00879038    -0.00433960   0.00142009    -0.00730677   0.00023329
 -0.00349477  -0.00807641    -0.00765064   0.00162076    -0.01742155   0.00485735
 -0.00006850   0.00021215    -0.00109511  -0.00076846    -0.00174831  -0.00325970
    7    6
 -0.01209228  -0.00000000    -0.00543859   0.00000000    -0.00000000   0.00329819
 -0.00543859  -0.00000000    -0.01209228   0.00000000    -0.00000000  -0.00329819
 -0.00000000   0.00329819    -0.00000000  -0.00329819     0.00143718   0.00000000
    7    7
  0.02667752   0.00000000     0.01275815  -0.00000000     0.00000000   0.00298873
  0.01275815   0.00000000     0.02667752  -0.00000000    -0.00000000  -0.00298873
 -0.00000000  -0.00298873     0.00000000   0.00298873     0.00481073  -0.00000000

     Dynamical  Matrix in cartesian axes

     q = (   -0.216506351   0.216506351   0.000000000 ) 

    1    1
  0.05835522   0.00000000    -0.05085134   0.00000000     0.00000000   0.00000000
 -0.05085134   0.00000000     0.05835522   0.00000000     0.00000000   0.00000000
  0.00000000   0.00000000    -0.00000000   0.00000000     0.00481772   0.00000000
    1    2
 -0.00511630  -0.00948884     0.00041235   0.01161921     0.00000000   0.00000000
  0.00198065   0.00830769     0.00025964  -0.01171832     0.00000000  -0.00000000
  0.00000000   0.00000000     0.00000000  -0.00000000    -0.00195167   0.00386595
    1    3
 -0.00511630   0.00948884     0.00041235  -0.01161921     0.00000000   0.00000000
  0.00198065  -0.00830769     0.00025964   0.01171832     0.00000000   0.00000000
  0.00000000  -0.00000000     0.00000000   0.00000000    -0.00195167  -0.00386595
    1    4
  0.00025964  -0.01171832     0.00198065   0.00830769     0.00000000   0.00000000
  0.00041235   0.01161921    -0.00511630  -0.00948884     0.00000000   0.00000000
  0.00000000   0.00000000     0.00000000   0.00000000    -0.00195167   0.00386595
    1    5
  0.00025964   0.01171832     0.00198065  -0.00830769     0.00000000  -0.00000000
  0.00041235  -0.01161921    -0.00511630   0.00948884     0.00000000  -0.00000000
  0.00000000  -0.00000000     0.00000000  -0.00000000    -0.00195167  -0.00386595
    1    6
  0.00589919  -0.00589919    -0.00385025   0.00385025    -0.00070520  -0.00070520
 -0.00385025   0.00385025     0.00589919  -0.00589919    -0.00070520  -0.00070520
 -0.00281931  -0.00281931    -0.00281931  -0.00281931    -0.00147104   0.00147104
    1    7
  0.00589919   0.00589919    -0.00385025  -0.00385025    -0.00070520   0.00070520
 -0.00385025  -0.00385025     0.00589919   0.00589919    -0.00070520   0.00070520
