  4.500000000000000E-002   1.25986529217407        2.41685017272211     
          12

     Dynamical  Matrix in cartesian axes

     q = (   -0.866025400  -0.108253200  -0.108253200 ) 

    1    1
  0.02009206  -0.00000000     0.00000000   0.00000000    -0.00000000   0.00000000
  0.00000000   0.00000000     0.05667586   0.00000000     0.00209871   0.00000000
 -0.00000000   0.00000000     0.00209871   0.00000000     0.05667586   0.00000000
    1    2
 -0.00000000  -0.00000000    -0.00272248   0.00657265    -0.00272248   0.00657265
 -0.00684719   0.01653059     0.00604202   0.00250269    -0.00655506  -0.00271519
 -0.00684719   0.01653059     0.00655506   0.00271519    -0.00604202  -0.00250269
    1    3
 -0.00000000  -0.00000000    -0.00272248   0.00657265    -0.00272248   0.00657265
 -0.00684719   0.01653059    -0.00604202  -0.00250269     0.00655506   0.00271519
 -0.00684719   0.01653059    -0.00655506  -0.00271519     0.00604202   0.00250269
    1    4
 -0.00336916   0.00576436    -0.00000000  -0.00000000    -0.00000000  -0.00000000
 -0.00000000   0.00000000     0.00205598  -0.00462577    -0.00570259   0.00364024
  0.00000000  -0.00000000     0.00734554   0.02588489     0.00724989   0.00196128
    1    5
 -0.00169367   0.00645837     0.00000000  -0.00000000     0.00000000   0.00000000
 -0.00000000  -0.00000000     0.00181712  -0.00472472     0.00145830   0.00660638
  0.00000000   0.00000000    -0.02349747   0.01310930    -0.00651328  -0.00373961
    1    6
 -0.00169367   0.00645837     0.00000000  -0.00000000     0.00000000   0.00000000
  0.00000000  -0.00000000    -0.00651328  -0.00373961    -0.02349747   0.01310930
  0.00000000   0.00000000     0.00145830   0.00660638     0.00181712  -0.00472472
    1    7
 -0.00336916   0.00576436    -0.00000000  -0.00000000    -0.00000000  -0.00000000
  0.00000000  -0.00000000     0.00724989   0.00196128     0.00734554   0.02588489
 -0.00000000   0.00000000    -0.00570259   0.00364024     0.00205598  -0.00462577
    2    1
 -0.00000000   0.00000000    -0.00684719  -0.01653059    -0.00684719  -0.01653059
 -0.00272248  -0.00657265     0.00604202  -0.00250269     0.00655506  -0.00271519
 -0.00272248  -0.00657265    -0.00655506   0.00271519    -0.00604202   0.00250269
    2    2
  0.02285884   0.00000000     0.00000000  -0.00194446    -0.00000000   0.00194446
  0.00000000   0.00194446     0.03869078  -0.00000000    -0.00297307   0.00000000
 -0.00000000  -0.00194446    -0.00297307   0.00000000     0.03869078   0.00000000
    2    3
  0.00821327   0.00000000     0.00000000   0.00765800    -0.00000000  -0.00765800
  0.00000000   0.00765800     0.02586809  -0.00000000    -0.00165459   0.00000000
 -0.00000000  -0.00765800    -0.00165459  -0.00000000     0.02586809  -0.00000000
    2    4
  0.00233958   0.00166341     0.00742918  -0.00666650    -0.00006566  -0.00018223
  0.03063547   0.00042684     0.00504211   0.00261529    -0.00001614   0.00031453
 -0.00242138   0.00112707    -0.00073938  -0.00101961    -0.00253436   0.00005406
    2    5
 -0.00233958   0.00166341     0.00742918   0.00666650    -0.00006566   0.00018223
  0.03063547  -0.00042684    -0.00504211   0.00261529     0.00001614   0.00031453
 -0.00242138  -0.00112707     0.00073938  -0.00101961     0.00253436   0.00005406
    2    6
  0.00233958  -0.00166341    -0.00006566   0.00018223     0.00742918   0.00666650
 -0.00242138  -0.00112707    -0.00253436  -0.00005406    -0.00073938   0.00101961
  0.03063547  -0.00042684    -0.00001614  -0.00031453     0.00504211  -0.00261529
    2    7
 -0.00233958  -0.00166341    -0.00006566  -0.00018223     0.00742918  -0.00666650
 -0.00242138   0.00112707     0.00253436  -0.00005406     0.00073938   0.00101961
  0.03063547   0.00042684     0.00001614  -0.00031453    -0.00504211  -0.00261529
    3    1
 -0.00000000   0.00000000    -0.00684719  -0.01653059    -0.00684719  -0.01653059
 -0.00272248  -0.00657265    -0.00604202   0.00250269    -0.00655506   0.00271519
 -0.00272248  -0.00657265     0.00655506  -0.00271519     0.00604202  -0.00250269
    3    2
  0.00821327  -0.00000000     0.00000000  -0.00765800    -0.00000000   0.00765800
  0.00000000  -0.00765800     0.02586809   0.00000000    -0.00165459  -0.00000000
 -0.00000000   0.00765800    -0.00165459  -0.00000000     0.02586809   0.00000000
    3    3
  0.02285884  -0.00000000     0.00000000   0.00194446    -0.00000000  -0.00194446
  0.00000000  -0.00194446     0.03869078   0.00000000    -0.00297307   0.00000000
 -0.00000000   0.00194446    -0.00297307   0.00000000     0.03869078  -0.00000000
    3    4
 -0.00233958  -0.00166341     0.00742918  -0.00666650    -0.00006566  -0.00018223
  0.03063547   0.00042684    -0.00504211  -0.00261529     0.00001614  -0.00031453
 -0.00242138   0.00112707     0.00073938   0.00101961     0.00253436  -0.00005406
    3    5
  0.00233958  -0.00166341     0.00742918   0.00666650    -0.00006566   0.00018223
  0.03063547  -0.00042684     0.00504211  -0.00261529    -0.00001614  -0.00031453
 -0.00242138  -0.00112707    -0.00073938   0.00101961    -0.00253436  -0.00005406
    3    6
 -0.00233958   0.00166341    -0.00006566   0.00018223     0.00742918   0.00666650
 -0.00242138  -0.00112707     0.00253436   0.00005406     0.00073938  -0.00101961
  0.03063547  -0.00042684     0.00001614   0.00031453    -0.00504211   0.00261529
    3    7
  0.00233958   0.00166341    -0.00006566  -0.00018223     0.00742918  -0.00666650
 -0.00242138   0.00112707    -0.00253436   0.00005406    -0.00073938  -0.00101961
  0.03063547   0.00042684    -0.00001614   0.00031453     0.00504211   0.00261529
    4    1
 -0.00336916  -0.00576436    -0.00000000  -0.00000000     0.00000000   0.00000000
 -0.00000000   0.00000000     0.00205598   0.00462577     0.00734554  -0.02588489
 -0.00000000   0.00000000    -0.00570259  -0.00364024     0.00724989  -0.00196128
    4    2
  0.00233958  -0.00166341     0.03063547  -0.00042684    -0.00242138  -0.00112707
  0.00742918   0.00666650     0.00504211  -0.00261529    -0.00073938   0.00101961
 -0.00006566   0.00018223    -0.00001614  -0.00031453    -0.00253436  -0.00005406
    4    3
 -0.00233958   0.00166341     0.03063547  -0.00042684    -0.00242138  -0.00112707
  0.00742918   0.00666650    -0.00504211   0.00261529     0.00073938  -0.00101961
 -0.00006566   0.00018223     0.00001614   0.00031453     0.00253436   0.00005406
    4    4
  0.03555496   0.00000000    -0.00000000  -0.00000000    -0.00000000   0.00000000
  0.00000000   0.00000000     0.03390442   0.00000000    -0.00342782  -0.00394788
 -0.00000000   0.00000000    -0.00342782   0.00394788     0.03513506   0.00000000
    4    5
  0.02730204  -0.00156796    -0.00000000  -0.00000000     0.00000000  -0.00000000
 -0.00000000  -0.00000000     0.00775522   0.01064068    -0.00511623   0.00267592
  0.00000000  -0.00000000    -0.00511623   0.00267592     0.01139600   0.01533480
    4    6
 -0.00499228  -0.00235313     0.00000000   0.00000000     0.00000000  -0.00000000
  0.00000000  -0.00000000     0.00253186   0.00042344    -0.00061391  -0.00423596
  0.00000000   0.00000000     0.01749788   0.02063048     0.00253186   0.00042344
    4    7
 -0.00144655   0.00000000    -0.00000000  -0.00000000     0.00000000   0.00000000
 -0.00000000  -0.00000000    -0.00649879   0.00222697    -0.00109030   0.00000000
  0.00000000   0.00000000     0.02359657  -0.00000000    -0.00649879  -0.00222697
    5    1
 -0.00169367  -0.00645837     0.00000000   0.00000000     0.00000000  -0.00000000
  0.00000000   0.00000000     0.00181712   0.00472472    -0.02349747  -0.01310930
  0.00000000   0.00000000     0.00145830  -0.00660638    -0.00651328   0.00373961
    5    2
 -0.00233958  -0.00166341     0.03063547   0.00042684    -0.00242138   0.00112707
  0.00742918  -0.00666650    -0.00504211  -0.00261529     0.00073938   0.00101961
 -0.00006566  -0.00018223     0.00001614  -0.00031453     0.00253436  -0.00005406
    5    3
  0.00233958   0.00166341     0.03063547   0.00042684    -0.00242138   0.00112707
  0.00742918  -0.00666650     0.00504211   0.00261529    -0.00073938  -0.00101961
 -0.00006566  -0.00018223    -0.00001614   0.00031453    -0.00253436   0.00005406
    5    4
  0.02730204   0.00156796    -0.00000000   0.00000000     0.00000000   0.00000000
 -0.00000000   0.00000000     0.00775522  -0.01064068    -0.00511623  -0.00267592
  0.00000000   0.00000000    -0.00511623  -0.00267592     0.01139600  -0.01533480
    5    5
  0.03555496  -0.00000000    -0.00000000   0.00000000    -0.00000000  -0.00000000
  0.00000000  -0.00000000     0.03390442   0.00000000    -0.00342782   0.00394788
 -0.00000000   0.00000000    -0.00342782  -0.00394788     0.03513506  -0.00000000
    5    6
 -0.00144655  -0.00000000    -0.00000000   0.00000000     0.00000000  -0.00000000
 -0.00000000   0.00000000    -0.00649879  -0.00222697    -0.00109030  -0.00000000
  0.00000000  -0.00000000     0.02359657   0.00000000    -0.00649879   0.00222697
    5    7
 -0.00499228   0.00235313     0.00000000  -0.00000000     0.00000000   0.00000000
  0.00000000   0.00000000     0.00253186  -0.00042344    -0.00061391   0.00423596
  0.00000000  -0.00000000     0.01749788  -0.02063048     0.00253186  -0.00042344
    6    1
 -0.00169367  -0.00645837     0.00000000   0.00000000    -0.00000000  -0.00000000
  0.00000000   0.00000000    -0.00651328   0.00373961     0.00145830  -0.00660638
  0.00000000  -0.00000000    -0.02349747  -0.01310930     0.00181712   0.00472472
    6    2
  0.00233958   0.00166341    -0.00242138   0.00112707     0.03063547   0.00042684
 -0.00006566  -0.00018223    -0.00253436   0.00005406    -0.00001614   0.00031453
  0.00742918  -0.00666650    -0.00073938  -0.00101961     0.00504211   0.00261529
    6    3
 -0.00233958  -0.00166341    -0.00242138   0.00112707     0.03063547   0.00042684
 -0.00006566  -0.00018223     0.00253436  -0.00005406     0.00001614  -0.00031453
  0.00742918  -0.00666650     0.00073938   0.00101961    -0.00504211  -0.00261529
    6    4
 -0.00499228   0.00235313     0.00000000   0.00000000     0.00000000  -0.00000000
  0.00000000  -0.00000000     0.00253186  -0.00042344     0.01749788  -0.02063048
  0.00000000   0.00000000    -0.00061391   0.00423596     0.00253186  -0.00042344
    6    5
 -0.00144655   0.00000000    -0.00000000  -0.00000000     0.00000000   0.00000000
 -0.00000000  -0.00000000    -0.00649879   0.00222697     0.02359657  -0.00000000
  0.00000000   0.00000000    -0.00109030   0.00000000    -0.00649879  -0.00222697
    6    6
  0.03555496  -0.00000000    -0.00000000  -0.00000000    -0.00000000  -0.00000000
 -0.00000000   0.00000000     0.03513506  -0.00000000    -0.00342782  -0.00394788
 -0.00000000  -0.00000000    -0.00342782   0.00394788     0.03390442  -0.00000000
    6    7
  0.02730204   0.00156796     0.00000000   0.00000000    -0.00000000   0.00000000
  0.00000000   0.00000000     0.01139600  -0.01533480    -0.00511623  -0.00267592
 -0.00000000   0.00000000    -0.00511623  -0.00267592     0.00775522  -0.01064068
    7    1
 -0.00336916  -0.00576436     0.00000000   0.00000000    -0.00000000  -0.00000000
 -0.00000000   0.00000000     0.00724989  -0.00196128    -0.00570259  -0.00364024
 -0.00000000   0.00000000     0.00734554  -0.02588489     0.00205598   0.00462577
    7    2
 -0.00233958   0.00166341    -0.00242138  -0.00112707     0.03063547  -0.00042684
 -0.00006566   0.00018223     0.00253436   0.00005406     0.00001614   0.00031453
  0.00742918   0.00666650     0.00073938  -0.00101961    -0.00504211   0.00261529
    7    3
  0.00233958  -0.00166341    -0.00242138  -0.00112707     0.03063547  -0.00042684
 -0.00006566   0.00018223    -0.00253436  -0.00005406    -0.00001614  -0.00031453
  0.00742918   0.00666650    -0.00073938   0.00101961     0.00504211  -0.00261529
    7    4
 -0.00144655  -0.00000000     0.00000000   0.00000000     0.00000000  -0.00000000
 -0.00000000   0.00000000    -0.00649879  -0.00222697     0.02359657   0.00000000
  0.00000000  -0.00000000    -0.00109030  -0.00000000    -0.00649879   0.00222697
    7    5
 -0.00499228  -0.00235313     0.00000000  -0.00000000     0.00000000   0.00000000
  0.00000000   0.00000000     0.00253186   0.00042344     0.01749788   0.02063048
  0.00000000  -0.00000000    -0.00061391  -0.00423596     0.00253186   0.00042344
    7    6
  0.02730204  -0.00156796     0.00000000  -0.00000000    -0.00000000  -0.00000000
  0.00000000  -0.00000000     0.01139600   0.01533480    -0.00511623   0.00267592
 -0.00000000  -0.00000000    -0.00511623   0.00267592     0.00775522   0.01064068
    7    7
  0.03555496   0.00000000    -0.00000000   0.00000000    -0.00000000   0.00000000
  0.00000000  -0.00000000     0.03513506   0.00000000    -0.00342782   0.00394788
 -0.00000000  -0.00000000    -0.00342782  -0.00394788     0.03390442  -0.00000000

     Dynamical  Matrix in cartesian axes

     q = (   -0.108253200  -0.866025400   0.108253200 ) 

    1    1
  0.05667586   0.00000000    -0.00000000   0.00000000    -0.00209871   0.00000000
 -0.00000000   0.00000000     0.02009206  -0.00000000    -0.00000000   0.00000000
 -0.00209871   0.00000000    -0.00000000   0.00000000     0.05667586   0.00000000
    1    2
 -0.00205598  -0.00462577     0.00000000   0.00000000    -0.00570259  -0.00364024
 -0.00000000   0.00000000     0.00336916   0.00576436     0.00000000  -0.00000000
  0.00734554  -0.02588489     0.00000000   0.00000000    -0.00724989   0.00196128
    1    3
  0.00205598  -0.00462577    -0.00000000   0.00000000     0.00570259  -0.00364024
 -0.00000000  -0.00000000    -0.00336916   0.00576436     0.00000000   0.00000000
 -0.00734554  -0.02588489    -0.00000000   0.00000000     0.00724989   0.00196128
    1    4
 -0.00604202  -0.00250269    -0.00684719   0.01653059    -0.00655506  -0.00271519
 -0.00272248   0.00657265    -0.00000000  -0.00000000     0.00272248  -0.00657265
  0.00655506   0.00271519     0.00684719  -0.01653059     0.00604202   0.00250269
    1    5
  0.00604202  -0.00250269     0.00684720   0.01653059     0.00655506  -0.00271519
  0.00272248   0.00657265    -0.00000000   0.00000000    -0.00272248  -0.00657265
 -0.00655506   0.00271519    -0.00684720  -0.01653059    -0.00604202   0.00250269
    1    6
  0.00724989  -0.00196128    -0.00000000  -0.00000000    -0.00734554   0.02588489
 -0.00000000   0.00000000    -0.00336916  -0.00576436     0.00000000  -0.00000000
  0.00570259   0.00364024    -0.00000000  -0.00000000     0.00205598   0.00462577
    1    7
 -0.00724989  -0.00196128    -0.00000000   0.00000000     0.00734554   0.02588489
  0.00000000   0.00000000     0.00336916  -0.00576436    -0.00000000  -0.00000000
 -0.00570259   0.00364024    -0.00000000   0.00000000    -0.00205598   0.00462577
    2    1
 -0.00205598   0.00462577    -0.00000000  -0.00000000     0.00734554   0.02588489
 -0.00000000   0.00000000     0.00336916  -0.00576436     0.00000000  -0.00000000
 -0.00570259   0.00364024     0.00000000   0.00000000    -0.00724989  -0.00196128
    2    2
  0.03390442   0.00000000    -0.00000000   0.00000000     0.00342782  -0.00394788
 -0.00000000  -0.00000000     0.03555496  -0.00000000    -0.00000000   0.00000000
  0.00342782   0.00394788    -0.00000000   0.00000000     0.03513506  -0.00000000
    2    3
  0.01300787  -0.00204032    -0.00000000  -0.00000000     0.00172556   0.00550988
 -0.00000000  -0.00000000     0.01819674   0.02041418     0.00000000  -0.00000000
  0.00172556   0.00550988     0.00000000  -0.00000000     0.01890153  -0.00278515
    2    4
  0.00171602   0.00541460     0.00996715   0.00053930    -0.00019815   0.00124379
  0.02136072   0.02196437     0.00047813   0.00283054     0.00250913   0.00091521
  0.00023382  -0.00021099    -0.00008243   0.00017528    -0.00183029  -0.00175384
    2    5
 -0.00504211  -0.00261529     0.00742918  -0.00666650    -0.00073938  -0.00101961
  0.03063547   0.00042684    -0.00233958  -0.00166341     0.00242138  -0.00112707
 -0.00001614   0.00031453     0.00006566   0.00018223     0.00253436  -0.00005406
    2    6
  0.00649879   0.00222697     0.00000000  -0.00000000    -0.00109030   0.00000000
 -0.00000000  -0.00000000     0.00144655  -0.00000000    -0.00000000   0.00000000
  0.02359657  -0.00000000     0.00000000   0.00000000     0.00649879  -0.00222697
    2    7
 -0.00208971  -0.00149088     0.00000000  -0.00000000    -0.00342937   0.00256118
 -0.00000000  -0.00000000     0.00519399   0.00186617    -0.00000000   0.00000000
  0.02696083  -0.00221508     0.00000000   0.00000000    -0.00208971  -0.00149088
    3    1
  0.00205598   0.00462577    -0.00000000   0.00000000    -0.00734554   0.02588489
 -0.00000000  -0.00000000    -0.00336916  -0.00576436    -0.00000000  -0.00000000
  0.00570259   0.00364024     0.00000000  -0.00000000     0.00724989  -0.00196128
    3    2
  0.01300787   0.00204032    -0.00000000   0.00000000     0.00172556  -0.00550988
 -0.00000000   0.00000000     0.01819674  -0.02041418     0.00000000   0.00000000
  0.00172556  -0.00550988     0.00000000   0.00000000     0.01890153   0.00278515
    3    3
  0.03390442  -0.00000000    -0.00000000  -0.00000000     0.00342782   0.00394788
 -0.00000000   0.00000000     0.03555496   0.00000000    -0.00000000   0.00000000
  0.00342782  -0.00394788    -0.00000000  -0.00000000     0.03513506   0.00000000
    3    4
 -0.00504211   0.00261529     0.00742918   0.00666650    -0.00073938   0.00101961
  0.03063547  -0.00042684    -0.00233958   0.00166341     0.00242138   0.00112707
 -0.00001614  -0.00031453     0.00006566  -0.00018223     0.00253436   0.00005406
    3    5
  0.00171602  -0.00541460     0.00996715  -0.00053930    -0.00019815  -0.00124379
  0.02136072  -0.02196437     0.00047813  -0.00283054     0.00250913  -0.00091521
  0.00023382   0.00021099    -0.00008243  -0.00017528    -0.00183029   0.00175384
    3    6
 -0.00208971   0.00149088     0.00000000   0.00000000    -0.00342937  -0.00256118
 -0.00000000   0.00000000     0.00519399  -0.00186617    -0.00000000  -0.00000000
  0.02696083   0.00221508     0.00000000  -0.00000000    -0.00208971   0.00149088
    3    7
  0.00649879  -0.00222697    -0.00000000   0.00000000    -0.00109030  -0.00000000
 -0.00000000   0.00000000     0.00144655   0.00000000    -0.00000000  -0.00000000
  0.02359657   0.00000000    -0.00000000  -0.00000000     0.00649879   0.00222697
    4    1
 -0.00604202   0.00250269    -0.00272248  -0.00657265     0.00655506  -0.00271519
 -0.00684719  -0.01653059    -0.00000000   0.00000000     0.00684719   0.01653059
 -0.00655506   0.00271519     0.00272248   0.00657265     0.00604202  -0.00250269
    4    2
  0.00171602  -0.00541460     0.02136072  -0.02196437     0.00023382   0.00021099
  0.00996715  -0.00053930     0.00047813  -0.00283054    -0.00008243  -0.00017528
 -0.00019815  -0.00124379     0.00250913  -0.00091521    -0.00183029   0.00175384
    4    3
 -0.00504211  -0.00261529     0.03063547   0.00042684    -0.00001614   0.00031453
  0.00742918  -0.00666650    -0.00233958  -0.00166341     0.00006566   0.00018223
 -0.00073938  -0.00101961     0.00242138  -0.00112707     0.00253436  -0.00005406
    4    4
  0.03869078   0.00000000    -0.00000000  -0.00194446     0.00297307   0.00000000
 -0.00000000   0.00194446     0.02285884   0.00000000    -0.00000000   0.00194446
  0.00297307   0.00000000    -0.00000000  -0.00194446     0.03869078  -0.00000000
    4    5
  0.01829150  -0.01829150    -0.00541503  -0.00541502     0.00116997  -0.00116997
 -0.00541503  -0.00541502     0.00580766  -0.00580766    -0.00541503  -0.00541502
  0.00116997  -0.00116997    -0.00541503  -0.00541502     0.01829150  -0.01829150
    4    6
 -0.00183029   0.00175384     0.00250913  -0.00091521    -0.00019815  -0.00124379
 -0.00008243  -0.00017528     0.00047813  -0.00283054     0.00996715  -0.00053930
  0.00023382   0.00021099     0.02136072  -0.02196437     0.00171602  -0.00541460
    4    7
  0.00253436  -0.00005406     0.00242138  -0.00112707    -0.00073938  -0.00101961
  0.00006566   0.00018223    -0.00233958  -0.00166341     0.00742918  -0.00666650
 -0.00001614   0.00031453     0.03063547   0.00042684    -0.00504211  -0.00261529
    5    1
  0.00604202   0.00250269     0.00272248  -0.00657265    -0.00655506  -0.00271519
  0.00684720  -0.01653059    -0.00000000  -0.00000000    -0.00684720   0.01653059
  0.00655506   0.00271519    -0.00272248   0.00657265    -0.00604202  -0.00250269
    5    2
 -0.00504211   0.00261529     0.03063547  -0.00042684    -0.00001614  -0.00031453
  0.00742918   0.00666650    -0.00233958   0.00166341     0.00006566  -0.00018223
 -0.00073938   0.00101961     0.00242138   0.00112707     0.00253436   0.00005406
    5    3
  0.00171602   0.00541460     0.02136072   0.02196437     0.00023382  -0.00021099
  0.00996715   0.00053930     0.00047813   0.00283054    -0.00008243   0.00017528
 -0.00019815   0.00124379     0.00250913   0.00091521    -0.00183029  -0.00175384
    5    4
  0.01829150   0.01829150    -0.00541503   0.00541502     0.00116997   0.00116997
 -0.00541503   0.00541502     0.00580766   0.00580766    -0.00541503   0.00541502
  0.00116997   0.00116997    -0.00541503   0.00541502     0.01829150   0.01829150
    5    5
  0.03869078   0.00000000     0.00000000   0.00194446     0.00297307   0.00000000
  0.00000000  -0.00194446     0.02285884   0.00000000    -0.00000000  -0.00194446
  0.00297307   0.00000000    -0.00000000   0.00194446     0.03869078   0.00000000
    5    6
  0.00253436   0.00005406     0.00242138   0.00112707    -0.00073938   0.00101961
  0.00006566  -0.00018223    -0.00233958   0.00166341     0.00742918   0.00666650
 -0.00001614  -0.00031453     0.03063547  -0.00042684    -0.00504211   0.00261529
    5    7
 -0.00183029  -0.00175384     0.00250913   0.00091521    -0.00019815   0.00124379
 -0.00008243   0.00017528     0.00047813   0.00283054     0.00996715   0.00053930
  0.00023382  -0.00021099     0.02136072   0.02196437     0.00171602   0.00541460
    6    1
  0.00724989   0.00196128     0.00000000  -0.00000000     0.00570259  -0.00364024
  0.00000000   0.00000000    -0.00336916   0.00576436     0.00000000   0.00000000
 -0.00734554  -0.02588489     0.00000000   0.00000000     0.00205598  -0.00462577
    6    2
  0.00649879  -0.00222697    -0.00000000   0.00000000     0.02359657   0.00000000
  0.00000000   0.00000000     0.00144655   0.00000000     0.00000000  -0.00000000
 -0.00109030  -0.00000000     0.00000000  -0.00000000     0.00649879   0.00222697
    6    3
 -0.00208971  -0.00149088    -0.00000000  -0.00000000     0.02696083  -0.00221508
  0.00000000  -0.00000000     0.00519399   0.00186617     0.00000000   0.00000000
 -0.00342937   0.00256118    -0.00000000   0.00000000    -0.00208971  -0.00149088
    6    4
 -0.00183029  -0.00175384    -0.00008243   0.00017528     0.00023382  -0.00021099
  0.00250913   0.00091521     0.00047813   0.00283054     0.02136072   0.02196437
 -0.00019815   0.00124379     0.00996715   0.00053930     0.00171602   0.00541460
    6    5
  0.00253436  -0.00005406     0.00006566   0.00018223    -0.00001614   0.00031453
  0.00242138  -0.00112707    -0.00233958  -0.00166341     0.03063547   0.00042684
 -0.00073938  -0.00101961     0.00742918  -0.00666650    -0.00504211  -0.00261529
    6    6
  0.03513506   0.00000000    -0.00000000  -0.00000000     0.00342782   0.00394788
 -0.00000000   0.00000000     0.03555496  -0.00000000    -0.00000000   0.00000000
  0.00342782  -0.00394788    -0.00000000   0.00000000     0.03390442  -0.00000000
    6    7
  0.01890153  -0.00278515    -0.00000000   0.00000000     0.00172556   0.00550988
 -0.00000000   0.00000000     0.01819674   0.02041418     0.00000000   0.00000000
  0.00172556   0.00550988     0.00000000   0.00000000     0.01300787  -0.00204032
    7    1
 -0.00724989   0.00196128     0.00000000  -0.00000000    -0.00570259  -0.00364024
 -0.00000000  -0.00000000     0.00336916   0.00576436    -0.00000000  -0.00000000
  0.00734554  -0.02588489    -0.00000000   0.00000000    -0.00205598  -0.00462577
    7    2
 -0.00208971   0.00149088    -0.00000000   0.00000000     0.02696083   0.00221508
  0.00000000   0.00000000     0.00519399  -0.00186617     0.00000000  -0.00000000
 -0.00342937  -0.00256118    -0.00000000  -0.00000000    -0.00208971   0.00149088
    7    3
  0.00649879   0.00222697    -0.00000000  -0.00000000     0.02359657  -0.00000000
 -0.00000000  -0.00000000     0.00144655  -0.00000000     0.00000000   0.00000000
 -0.00109030   0.00000000    -0.00000000   0.00000000     0.00649879  -0.00222697
    7    4
  0.00253436   0.00005406     0.00006566  -0.00018223    -0.00001614  -0.00031453
  0.00242138   0.00112707    -0.00233958   0.00166341     0.03063547  -0.00042684
 -0.00073938   0.00101961     0.00742918   0.00666650    -0.00504211   0.00261529
    7    5
 -0.00183029   0.00175384    -0.00008243  -0.00017528     0.00023382   0.00021099
  0.00250913  -0.00091521     0.00047813  -0.00283054     0.02136072  -0.02196437
 -0.00019815  -0.00124379     0.00996715  -0.00053930     0.00171602  -0.00541460
    7    6
  0.01890153   0.00278515    -0.00000000  -0.00000000     0.00172556  -0.00550988
 -0.00000000  -0.00000000     0.01819674  -0.02041418     0.00000000  -0.00000000
  0.00172556  -0.00550988     0.00000000  -0.00000000     0.01300787   0.00204032
    7    7
  0.03513506  -0.00000000    -0.00000000  -0.00000000     0.00342782  -0.00394788
 -0.00000000  -0.00000000     0.03555496   0.00000000    -0.00000000  -0.00000000
  0.00342782   0.00394788    -0.00000000  -0.00000000     0.03390442  -0.00000000

     Dynamical  Matrix in cartesian axes

     q = (    0.108253200   0.866025400   0.108253200 ) 

    1    1
  0.05667586   0.00000000     0.00000000   0.00000000     0.00209871   0.00000000
  0.00000000   0.00000000     0.02009206  -0.00000000    -0.00000000   0.00000000
  0.00209871   0.00000000    -0.00000000   0.00000000     0.05667586   0.00000000
    1    2
  0.00181712   0.00472472     0.00000000  -0.00000000     0.00145830  -0.00660638
  0.00000000  -0.00000000    -0.00169367  -0.00645837     0.00000000  -0.00000000
 -0.02349747  -0.01310930     0.00000000   0.00000000    -0.00651328   0.00373961
    1    3
  0.00205598   0.00462577     0.00000000   0.00000000    -0.00570259  -0.00364024
 -0.00000000   0.00000000    -0.00336916  -0.00576436    -0.00000000   0.00000000
  0.00734554  -0.02588489    -0.00000000   0.00000000     0.00724989  -0.00196128
    1    4
 -0.00604202   0.00250269    -0.00684719  -0.01653059     0.00655506  -0.00271519
 -0.00272248  -0.00657265     0.00000000  -0.00000000    -0.00272248  -0.00657265
 -0.00655506   0.00271519    -0.00684719  -0.01653059     0.00604202  -0.00250269
    1    5
  0.00604202  -0.00250269    -0.00684719  -0.01653059    -0.00655506   0.00271519
 -0.00272248  -0.00657265     0.00000000  -0.00000000    -0.00272248  -0.00657265
  0.00655506  -0.00271519    -0.00684719  -0.01653059    -0.00604202   0.00250269
    1    6
  0.00724989  -0.00196128    -0.00000000   0.00000000     0.00734554  -0.02588489
  0.00000000   0.00000000    -0.00336916  -0.00576436    -0.00000000   0.00000000
 -0.00570259  -0.00364024     0.00000000   0.00000000     0.00205598   0.00462577
    1    7
 -0.00651328   0.00373961     0.00000000   0.00000000    -0.02349747  -0.01310930
  0.00000000  -0.00000000    -0.00169367  -0.00645837     0.00000000  -0.00000000
  0.00145830  -0.00660638     0.00000000  -0.00000000     0.00181712   0.00472472
    2    1
  0.00181712  -0.00472472     0.00000000   0.00000000    -0.02349747   0.01310930
  0.00000000   0.00000000    -0.00169367   0.00645837     0.00000000  -0.00000000
  0.00145830   0.00660638     0.00000000   0.00000000    -0.00651328  -0.00373961
    2    2
  0.03390442   0.00000000    -0.00000000   0.00000000    -0.00342782  -0.00394788
 -0.00000000  -0.00000000     0.03555496   0.00000000    -0.00000000   0.00000000
 -0.00342782   0.00394788    -0.00000000   0.00000000     0.03513506   0.00000000
    2    3
  0.00775522   0.01064068    -0.00000000  -0.00000000    -0.00511623   0.00267592
 -0.00000000  -0.00000000     0.02730204  -0.00156796     0.00000000  -0.00000000
 -0.00511623   0.00267592     0.00000000  -0.00000000     0.01139600   0.01533480
    2    4
  0.00504211  -0.00261529     0.00742918   0.00666650    -0.00073938   0.00101961
  0.03063547  -0.00042684     0.00233958  -0.00166341    -0.00242138  -0.00112707
 -0.00001614  -0.00031453    -0.00006566   0.00018223    -0.00253436  -0.00005406
    2    5
 -0.00504211   0.00261529     0.00742918   0.00666650     0.00073938  -0.00101961
  0.03063547  -0.00042684    -0.00233958   0.00166341    -0.00242138  -0.00112707
  0.00001614   0.00031453    -0.00006566   0.00018223     0.00253436   0.00005406
    2    6
  0.00253186   0.00042344     0.00000000  -0.00000000    -0.00061391  -0.00423596
  0.00000000   0.00000000    -0.00499228  -0.00235313     0.00000000  -0.00000000
  0.01749788   0.02063048     0.00000000   0.00000000     0.00253186   0.00042344
    2    7
 -0.00649879   0.00222697     0.00000000   0.00000000    -0.00109030   0.00000000
 -0.00000000   0.00000000    -0.00144655   0.00000000    -0.00000000   0.00000000
  0.02359657  -0.00000000     0.00000000   0.00000000    -0.00649879  -0.00222697
    3    1
  0.00205598  -0.00462577    -0.00000000  -0.00000000     0.00734554   0.02588489
  0.00000000   0.00000000    -0.00336916   0.00576436    -0.00000000  -0.00000000
 -0.00570259   0.00364024    -0.00000000   0.00000000     0.00724989   0.00196128
    3    2
  0.00775522  -0.01064068    -0.00000000   0.00000000    -0.00511623  -0.00267592
 -0.00000000   0.00000000     0.02730204   0.00156796     0.00000000   0.00000000
 -0.00511623  -0.00267592     0.00000000   0.00000000     0.01139600  -0.01533480
    3    3
  0.03390442   0.00000000     0.00000000  -0.00000000    -0.00342782   0.00394788
 -0.00000000   0.00000000     0.03555496  -0.00000000    -0.00000000   0.00000000
 -0.00342782  -0.00394788    -0.00000000   0.00000000     0.03513506  -0.00000000
    3    4
 -0.00504211  -0.00261529     0.00742918  -0.00666650     0.00073938   0.00101961
  0.03063547   0.00042684    -0.00233958  -0.00166341    -0.00242138   0.00112707
  0.00001614  -0.00031453    -0.00006566  -0.00018223     0.00253436  -0.00005406
    3    5
  0.00504211   0.00261529     0.00742918  -0.00666650    -0.00073938  -0.00101961
  0.03063547   0.00042684     0.00233958   0.00166341    -0.00242138   0.00112707
 -0.00001614   0.00031453    -0.00006566  -0.00018223    -0.00253436   0.00005406
    3    6
 -0.00649879  -0.00222697     0.00000000   0.00000000    -0.00109030   0.00000000
 -0.00000000   0.00000000    -0.00144655   0.00000000    -0.00000000  -0.00000000
  0.02359657  -0.00000000     0.00000000  -0.00000000    -0.00649879   0.00222697
    3    7
  0.00253186  -0.00042344     0.00000000   0.00000000    -0.00061391   0.00423596
  0.00000000  -0.00000000    -0.00499228   0.00235313     0.00000000   0.00000000
  0.01749788  -0.02063048     0.00000000  -0.00000000     0.00253186  -0.00042344
    4    1
 -0.00604202  -0.00250269    -0.00272248   0.00657265    -0.00655506  -0.00271519
 -0.00684719   0.01653059     0.00000000   0.00000000    -0.00684719   0.01653059
  0.00655506   0.00271519    -0.00272248   0.00657265     0.00604202   0.00250269
    4    2
  0.00504211   0.00261529     0.03063547   0.00042684    -0.00001614   0.00031453
  0.00742918  -0.00666650     0.00233958   0.00166341    -0.00006566  -0.00018223
 -0.00073938  -0.00101961    -0.00242138   0.00112707    -0.00253436   0.00005406
    4    3
 -0.00504211   0.00261529     0.03063547  -0.00042684     0.00001614   0.00031453
  0.00742918   0.00666650    -0.00233958   0.00166341    -0.00006566   0.00018223
  0.00073938  -0.00101961    -0.00242138  -0.00112707     0.00253436   0.00005406
    4    4
  0.03869078  -0.00000000     0.00000000   0.00194446    -0.00297307   0.00000000
  0.00000000  -0.00194446     0.02285884   0.00000000    -0.00000000   0.00194446
 -0.00297307   0.00000000    -0.00000000  -0.00194446     0.03869078   0.00000000
    4    5
  0.02586809  -0.00000000     0.00000000   0.00765800    -0.00165459  -0.00000000
  0.00000000   0.00765800     0.00821327   0.00000000    -0.00000000  -0.00765800
 -0.00165459   0.00000000    -0.00000000  -0.00765800     0.02586809  -0.00000000
    4    6
 -0.00253436  -0.00005406    -0.00242138  -0.00112707    -0.00073938   0.00101961
 -0.00006566   0.00018223     0.00233958  -0.00166341     0.00742918   0.00666650
 -0.00001614  -0.00031453     0.03063547  -0.00042684     0.00504211  -0.00261529
    4    7
  0.00253436  -0.00005406    -0.00242138   0.00112707     0.00073938   0.00101961
 -0.00006566  -0.00018223    -0.00233958  -0.00166341     0.00742918  -0.00666650
  0.00001614  -0.00031453     0.03063547   0.00042684    -0.00504211  -0.00261529
    5    1
  0.00604202   0.00250269    -0.00272248   0.00657265     0.00655506   0.00271519
 -0.00684719   0.01653059     0.00000000   0.00000000    -0.00684719   0.01653059
 -0.00655506  -0.00271519    -0.00272248   0.00657265    -0.00604202  -0.00250269
    5    2
 -0.00504211  -0.00261529     0.03063547   0.00042684     0.00001614  -0.00031453
  0.00742918  -0.00666650    -0.00233958  -0.00166341    -0.00006566  -0.00018223
  0.00073938   0.00101961    -0.00242138   0.00112707     0.00253436  -0.00005406
    5    3
  0.00504211  -0.00261529     0.03063547  -0.00042684    -0.00001614  -0.00031453
  0.00742918   0.00666650     0.00233958  -0.00166341    -0.00006566   0.00018223
 -0.00073938   0.00101961    -0.00242138  -0.00112707    -0.00253436  -0.00005406
    5    4
  0.02586809   0.00000000     0.00000000  -0.00765800    -0.00165459   0.00000000
  0.00000000  -0.00765800     0.00821327   0.00000000    -0.00000000   0.00765800
 -0.00165459  -0.00000000    -0.00000000   0.00765800     0.02586809   0.00000000
    5    5
  0.03869078   0.00000000     0.00000000  -0.00194446    -0.00297307   0.00000000
  0.00000000   0.00194446     0.02285884  -0.00000000    -0.00000000  -0.00194446
 -0.00297307   0.00000000    -0.00000000   0.00194446     0.03869078  -0.00000000
    5    6
  0.00253436   0.00005406    -0.00242138  -0.00112707     0.00073938  -0.00101961
 -0.00006566   0.00018223    -0.00233958   0.00166341     0.00742918   0.00666650
  0.00001614   0.00031453     0.03063547  -0.00042684    -0.00504211   0.00261529
    5    7
 -0.00253436   0.00005406    -0.00242138   0.00112707    -0.00073938  -0.00101961
 -0.00006566  -0.00018223     0.00233958   0.00166341     0.00742918  -0.00666650
 -0.00001614   0.00031453     0.03063547   0.00042684     0.00504211   0.00261529
    6    1
  0.00724989   0.00196128    -0.00000000  -0.00000000    -0.00570259   0.00364024
 -0.00000000  -0.00000000    -0.00336916   0.00576436    -0.00000000   0.00000000
  0.00734554   0.02588489     0.00000000   0.00000000     0.00205598  -0.00462577
    6    2
  0.00253186  -0.00042344     0.00000000  -0.00000000     0.01749788  -0.02063048
  0.00000000   0.00000000    -0.00499228   0.00235313     0.00000000  -0.00000000
 -0.00061391   0.00423596     0.00000000   0.00000000     0.00253186  -0.00042344
    6    3
 -0.00649879   0.00222697    -0.00000000  -0.00000000     0.02359657   0.00000000
 -0.00000000  -0.00000000    -0.00144655  -0.00000000     0.00000000   0.00000000
 -0.00109030  -0.00000000     0.00000000   0.00000000    -0.00649879  -0.00222697
    6    4
 -0.00253436   0.00005406    -0.00006566  -0.00018223    -0.00001614   0.00031453
 -0.00242138   0.00112707     0.00233958   0.00166341     0.03063547   0.00042684
 -0.00073938  -0.00101961     0.00742918  -0.00666650     0.00504211   0.00261529
    6    5
  0.00253436  -0.00005406    -0.00006566  -0.00018223     0.00001614  -0.00031453
 -0.00242138   0.00112707    -0.00233958  -0.00166341     0.03063547   0.00042684
  0.00073938   0.00101961     0.00742918  -0.00666650    -0.00504211  -0.00261529
    6    6
  0.03513506  -0.00000000    -0.00000000   0.00000000    -0.00342782  -0.00394788
 -0.00000000  -0.00000000     0.03555496  -0.00000000    -0.00000000   0.00000000
 -0.00342782   0.00394788    -0.00000000   0.00000000     0.03390442  -0.00000000
    6    7
  0.01139600  -0.01533480     0.00000000   0.00000000    -0.00511623  -0.00267592
  0.00000000   0.00000000     0.02730204   0.00156796    -0.00000000   0.00000000
 -0.00511623  -0.00267592    -0.00000000   0.00000000     0.00775522  -0.01064068
    7    1
 -0.00651328  -0.00373961     0.00000000   0.00000000     0.00145830   0.00660638
  0.00000000  -0.00000000    -0.00169367   0.00645837     0.00000000   0.00000000
 -0.02349747   0.01310930     0.00000000   0.00000000     0.00181712  -0.00472472
    7    2
 -0.00649879  -0.00222697    -0.00000000   0.00000000     0.02359657   0.00000000
 -0.00000000   0.00000000    -0.00144655  -0.00000000     0.00000000  -0.00000000
 -0.00109030  -0.00000000     0.00000000  -0.00000000    -0.00649879   0.00222697
    7    3
  0.00253186   0.00042344     0.00000000   0.00000000     0.01749788   0.02063048
  0.00000000  -0.00000000    -0.00499228  -0.00235313     0.00000000   0.00000000
 -0.00061391  -0.00423596     0.00000000  -0.00000000     0.00253186   0.00042344
    7    4
  0.00253436   0.00005406    -0.00006566   0.00018223     0.00001614   0.00031453
 -0.00242138  -0.00112707    -0.00233958   0.00166341     0.03063547  -0.00042684
  0.00073938  -0.00101961     0.00742918   0.00666650    -0.00504211   0.00261529
    7    5
 -0.00253436  -0.00005406    -0.00006566   0.00018223    -0.00001614  -0.00031453
 -0.00242138  -0.00112707     0.00233958  -0.00166341     0.03063547  -0.00042684
 -0.00073938   0.00101961     0.00742918   0.00666650     0.00504211  -0.00261529
    7    6
  0.01139600   0.01533480     0.00000000  -0.00000000    -0.00511623   0.00267592
  0.00000000  -0.00000000     0.02730204  -0.00156796    -0.00000000  -0.00000000
 -0.00511623   0.00267592    -0.00000000  -0.00000000     0.00775522   0.01064068
    7    7
  0.03513506   0.00000000     0.00000000  -0.00000000    -0.00342782   0.00394788
 -0.00000000   0.00000000     0.03555496   0.00000000    -0.00000000   0.00000000
 -0.00342782  -0.00394788     0.00000000  -0.00000000     0.03390442  -0.00000000

     Dynamical  Matrix in cartesian axes

     q = (   -0.108253200   0.866025400  -0.108253200 ) 

    1    1
  0.05667586   0.00000000     0.00000000   0.00000000     0.00209871   0.00000000
  0.00000000   0.00000000     0.02009206  -0.00000000    -0.00000000   0.00000000
  0.00209871   0.00000000    -0.00000000   0.00000000     0.05667586   0.00000000
    1    2
  0.00181712  -0.00472472     0.00000000   0.00000000     0.00145830   0.00660638
  0.00000000  -0.00000000    -0.00169367   0.00645837     0.00000000   0.00000000
 -0.02349747   0.01310930     0.00000000   0.00000000    -0.00651328  -0.00373961
    1    3
  0.00205598  -0.00462577     0.00000000  -0.00000000    -0.00570259   0.00364024
  0.00000000   0.00000000    -0.00336916   0.00576436     0.00000000   0.00000000
  0.00734554   0.02588489    -0.00000000   0.00000000     0.00724989   0.00196128
    1    4
 -0.00604202  -0.00250269    -0.00684719   0.01653059     0.00655506   0.00271519
 -0.00272248   0.00657265     0.00000000   0.00000000    -0.00272248   0.00657265
 -0.00655506  -0.00271519    -0.00684719   0.01653059     0.00604202   0.00250269
    1    5
  0.00604202   0.00250269    -0.00684719   0.01653059    -0.00655506  -0.00271519
 -0.00272248   0.00657265     0.00000000   0.00000000    -0.00272248   0.00657265
  0.00655506   0.00271519    -0.00684719   0.01653059    -0.00604202  -0.00250269
    1    6
  0.00724989   0.00196128    -0.00000000   0.00000000     0.00734554   0.02588489
  0.00000000   0.00000000    -0.00336916   0.00576436     0.00000000   0.00000000
 -0.00570259   0.00364024     0.00000000  -0.00000000     0.00205598  -0.00462577
    1    7
 -0.00651328  -0.00373961     0.00000000  -0.00000000    -0.02349747   0.01310930
  0.00000000  -0.00000000    -0.00169367   0.00645837     0.00000000   0.00000000
