  4.000000000000000E-002   1.25994432394592        2.39890022168420     
          12

     Dynamical  Matrix in cartesian axes

     q = (   -0.866025400  -0.108253200  -0.108253200 ) 

    1    1
  0.01862233  -0.00000000     0.00000000   0.00000000    -0.00000000   0.00000000
 -0.00000000  -0.00000000     0.05387205   0.00000000     0.00056878   0.00000000
 -0.00000000  -0.00000000     0.00056878   0.00000000     0.05387205   0.00000000
    1    2
 -0.00000000  -0.00000000    -0.00272157   0.00657046    -0.00272157   0.00657046
 -0.00643649   0.01553905     0.00624978   0.00258874    -0.00627532  -0.00259932
 -0.00643649   0.01553905     0.00627532   0.00259932    -0.00624978  -0.00258874
    1    3
 -0.00000000  -0.00000000    -0.00272157   0.00657046    -0.00272157   0.00657046
 -0.00643649   0.01553905    -0.00624978  -0.00258874     0.00627532   0.00259932
 -0.00643649   0.01553905    -0.00627532  -0.00259932     0.00624978   0.00258874
    1    4
 -0.00341612   0.00580941    -0.00000000  -0.00000000    -0.00000000  -0.00000000
 -0.00000000   0.00000000     0.00208340  -0.00505521    -0.00543693   0.00363269
  0.00000000  -0.00000000     0.00652529   0.02513181     0.00773002   0.00216826
    1    5
 -0.00169231   0.00652343     0.00000000  -0.00000000     0.00000000   0.00000000
  0.00000000  -0.00000000     0.00210138  -0.00504776     0.00127579   0.00641320
  0.00000000   0.00000000    -0.02238495   0.01315679    -0.00699914  -0.00393276
    1    6
 -0.00169231   0.00652343     0.00000000  -0.00000000     0.00000000   0.00000000
  0.00000000  -0.00000000    -0.00699914  -0.00393276    -0.02238495   0.01315679
  0.00000000   0.00000000     0.00127579   0.00641320     0.00210138  -0.00504776
    1    7
 -0.00341612   0.00580941    -0.00000000  -0.00000000    -0.00000000  -0.00000000
  0.00000000  -0.00000000     0.00773002   0.00216826     0.00652529   0.02513181
 -0.00000000   0.00000000    -0.00543693   0.00363269     0.00208340  -0.00505521
    2    1
 -0.00000000   0.00000000    -0.00643649  -0.01553905    -0.00643649  -0.01553905
 -0.00272157  -0.00657046     0.00624978  -0.00258874     0.00627532  -0.00259932
 -0.00272157  -0.00657046    -0.00627532   0.00259932    -0.00624978   0.00258874
    2    2
  0.02184126   0.00000000     0.00000000  -0.00192124    -0.00000000   0.00192124
  0.00000000   0.00192124     0.03830122  -0.00000000    -0.00309442   0.00000000
 -0.00000000  -0.00192124    -0.00309442   0.00000000     0.03830122   0.00000000
    2    3
  0.00758312   0.00000000     0.00000000   0.00767116    -0.00000000  -0.00767116
  0.00000000   0.00767116     0.02593827  -0.00000000    -0.00158897  -0.00000000
 -0.00000000  -0.00767116    -0.00158897  -0.00000000     0.02593827  -0.00000000
    2    4
  0.00227445   0.00163614     0.00712656  -0.00637754     0.00007043  -0.00044896
  0.03052999   0.00055019     0.00473966   0.00270262     0.00011291   0.00035057
 -0.00239402   0.00120197    -0.00089624  -0.00118831    -0.00250819   0.00012100
    2    5
 -0.00227445   0.00163614     0.00712656   0.00637754     0.00007043   0.00044896
  0.03052999  -0.00055019    -0.00473966   0.00270262    -0.00011291   0.00035057
 -0.00239402  -0.00120197     0.00089624  -0.00118831     0.00250819   0.00012100
    2    6
  0.00227445  -0.00163614     0.00007043   0.00044896     0.00712656   0.00637754
 -0.00239402  -0.00120197    -0.00250819  -0.00012100    -0.00089624   0.00118831
  0.03052999  -0.00055019     0.00011291  -0.00035057     0.00473966  -0.00270262
    2    7
 -0.00227445  -0.00163614     0.00007043  -0.00044896     0.00712656  -0.00637754
 -0.00239402   0.00120197     0.00250819  -0.00012100     0.00089624   0.00118831
  0.03052999   0.00055019    -0.00011291  -0.00035057    -0.00473966  -0.00270262
    3    1
 -0.00000000   0.00000000    -0.00643649  -0.01553905    -0.00643649  -0.01553905
 -0.00272157  -0.00657046    -0.00624978   0.00258874    -0.00627532   0.00259932
 -0.00272157  -0.00657046     0.00627532  -0.00259932     0.00624978  -0.00258874
    3    2
  0.00758312   0.00000000     0.00000000  -0.00767116    -0.00000000   0.00767116
  0.00000000  -0.00767116     0.02593827   0.00000000    -0.00158897   0.00000000
 -0.00000000   0.00767116    -0.00158897   0.00000000     0.02593827   0.00000000
    3    3
  0.02184126  -0.00000000     0.00000000   0.00192124    -0.00000000  -0.00192124
  0.00000000  -0.00192124     0.03830122   0.00000000    -0.00309442   0.00000000
 -0.00000000   0.00192124    -0.00309442   0.00000000     0.03830122  -0.00000000
    3    4
 -0.00227445  -0.00163614     0.00712656  -0.00637754     0.00007043  -0.00044896
  0.03052999   0.00055019    -0.00473966  -0.00270262    -0.00011291  -0.00035057
 -0.00239402   0.00120197     0.00089624   0.00118831     0.00250819  -0.00012100
    3    5
  0.00227445  -0.00163614     0.00712656   0.00637754     0.00007043   0.00044896
  0.03052999  -0.00055019     0.00473966  -0.00270262     0.00011291  -0.00035057
 -0.00239402  -0.00120197    -0.00089624   0.00118831    -0.00250819  -0.00012100
    3    6
 -0.00227445   0.00163614     0.00007043   0.00044896     0.00712656   0.00637754
 -0.00239402  -0.00120197     0.00250819   0.00012100     0.00089624  -0.00118831
  0.03052999  -0.00055019    -0.00011291   0.00035057    -0.00473966   0.00270262
    3    7
  0.00227445   0.00163614     0.00007043  -0.00044896     0.00712656  -0.00637754
 -0.00239402   0.00120197    -0.00250819   0.00012100    -0.00089624  -0.00118831
  0.03052999   0.00055019     0.00011291   0.00035057     0.00473966   0.00270262
    4    1
 -0.00341612  -0.00580941    -0.00000000  -0.00000000     0.00000000   0.00000000
 -0.00000000   0.00000000     0.00208340   0.00505521     0.00652529  -0.02513181
 -0.00000000   0.00000000    -0.00543693  -0.00363269     0.00773002  -0.00216826
    4    2
  0.00227445  -0.00163614     0.03052999  -0.00055019    -0.00239402  -0.00120197
  0.00712656   0.00637754     0.00473966  -0.00270262    -0.00089624   0.00118831
  0.00007043   0.00044896     0.00011291  -0.00035057    -0.00250819  -0.00012100
    4    3
 -0.00227445   0.00163614     0.03052999  -0.00055019    -0.00239402  -0.00120197
  0.00712656   0.00637754    -0.00473966   0.00270262     0.00089624  -0.00118831
  0.00007043   0.00044896    -0.00011291   0.00035057     0.00250819   0.00012100
    4    4
  0.03504583   0.00000000     0.00000000  -0.00000000    -0.00000000   0.00000000
  0.00000000   0.00000000     0.03257376   0.00000000    -0.00331870  -0.00395649
 -0.00000000   0.00000000    -0.00331870   0.00395649     0.03459386   0.00000000
    4    5
  0.02750566  -0.00161157    -0.00000000  -0.00000000     0.00000000  -0.00000000
 -0.00000000  -0.00000000     0.00801789   0.01050083    -0.00540360   0.00267416
  0.00000000  -0.00000000    -0.00540360   0.00267416     0.01131572   0.01511072
    4    6
 -0.00469792  -0.00234874     0.00000000   0.00000000     0.00000000  -0.00000000
  0.00000000  -0.00000000     0.00237664   0.00009809    -0.00151839  -0.00420404
  0.00000000   0.00000000     0.01726023   0.02050277     0.00237664   0.00009809
    4    7
 -0.00163533   0.00000000     0.00000000  -0.00000000     0.00000000   0.00000000
  0.00000000  -0.00000000    -0.00648533   0.00217307    -0.00167593   0.00000000
  0.00000000   0.00000000     0.02326149  -0.00000000    -0.00648533  -0.00217307
    5    1
 -0.00169231  -0.00652343     0.00000000   0.00000000     0.00000000  -0.00000000
  0.00000000   0.00000000     0.00210138   0.00504776    -0.02238495  -0.01315679
  0.00000000  -0.00000000     0.00127579  -0.00641320    -0.00699914   0.00393276
    5    2
 -0.00227445  -0.00163614     0.03052999   0.00055019    -0.00239402   0.00120197
  0.00712656  -0.00637754    -0.00473966  -0.00270262     0.00089624   0.00118831
  0.00007043  -0.00044896    -0.00011291  -0.00035057     0.00250819  -0.00012100
    5    3
  0.00227445   0.00163614     0.03052999   0.00055019    -0.00239402   0.00120197
  0.00712656  -0.00637754     0.00473966   0.00270262    -0.00089624  -0.00118831
  0.00007043  -0.00044896     0.00011291   0.00035057    -0.00250819   0.00012100
    5    4
  0.02750566   0.00161157    -0.00000000   0.00000000     0.00000000   0.00000000
 -0.00000000   0.00000000     0.00801789  -0.01050083    -0.00540360  -0.00267416
  0.00000000   0.00000000    -0.00540360  -0.00267416     0.01131572  -0.01511072
    5    5
  0.03504583  -0.00000000     0.00000000   0.00000000    -0.00000000   0.00000000
  0.00000000  -0.00000000     0.03257376   0.00000000    -0.00331870   0.00395649
 -0.00000000  -0.00000000    -0.00331870  -0.00395649     0.03459386  -0.00000000
    5    6
 -0.00163533  -0.00000000     0.00000000   0.00000000     0.00000000  -0.00000000
  0.00000000   0.00000000    -0.00648533  -0.00217307    -0.00167593  -0.00000000
  0.00000000  -0.00000000     0.02326149   0.00000000    -0.00648533   0.00217307
    5    7
 -0.00469792   0.00234874     0.00000000  -0.00000000     0.00000000   0.00000000
  0.00000000   0.00000000     0.00237664  -0.00009809    -0.00151839   0.00420404
  0.00000000  -0.00000000     0.01726023  -0.02050277     0.00237664  -0.00009809
    6    1
 -0.00169231  -0.00652343     0.00000000   0.00000000     0.00000000  -0.00000000
  0.00000000   0.00000000    -0.00699914   0.00393276     0.00127579  -0.00641320
  0.00000000   0.00000000    -0.02238495  -0.01315679     0.00210138   0.00504776
    6    2
  0.00227445   0.00163614    -0.00239402   0.00120197     0.03052999   0.00055019
  0.00007043  -0.00044896    -0.00250819   0.00012100     0.00011291   0.00035057
  0.00712656  -0.00637754    -0.00089624  -0.00118831     0.00473966   0.00270262
    6    3
 -0.00227445  -0.00163614    -0.00239402   0.00120197     0.03052999   0.00055019
  0.00007043  -0.00044896     0.00250819  -0.00012100    -0.00011291  -0.00035057
  0.00712656  -0.00637754     0.00089624   0.00118831    -0.00473966  -0.00270262
    6    4
 -0.00469792   0.00234874     0.00000000   0.00000000     0.00000000  -0.00000000
  0.00000000  -0.00000000     0.00237664  -0.00009809     0.01726023  -0.02050277
  0.00000000   0.00000000    -0.00151839   0.00420404     0.00237664  -0.00009809
    6    5
 -0.00163533   0.00000000     0.00000000  -0.00000000     0.00000000   0.00000000
  0.00000000  -0.00000000    -0.00648533   0.00217307     0.02326149  -0.00000000
  0.00000000   0.00000000    -0.00167593   0.00000000    -0.00648533  -0.00217307
    6    6
  0.03504583  -0.00000000    -0.00000000  -0.00000000    -0.00000000  -0.00000000
  0.00000000   0.00000000     0.03459386  -0.00000000    -0.00331870  -0.00395649
 -0.00000000  -0.00000000    -0.00331870   0.00395649     0.03257376  -0.00000000
    6    7
  0.02750566   0.00161157     0.00000000   0.00000000    -0.00000000   0.00000000
  0.00000000   0.00000000     0.01131572  -0.01511072    -0.00540360  -0.00267416
 -0.00000000   0.00000000    -0.00540360  -0.00267416     0.00801789  -0.01050083
    7    1
 -0.00341612  -0.00580941     0.00000000   0.00000000    -0.00000000  -0.00000000
 -0.00000000   0.00000000     0.00773002  -0.00216826    -0.00543693  -0.00363269
 -0.00000000   0.00000000     0.00652529  -0.02513181     0.00208340   0.00505521
    7    2
 -0.00227445   0.00163614    -0.00239402  -0.00120197     0.03052999  -0.00055019
  0.00007043   0.00044896     0.00250819   0.00012100    -0.00011291   0.00035057
  0.00712656   0.00637754     0.00089624  -0.00118831    -0.00473966   0.00270262
    7    3
  0.00227445  -0.00163614    -0.00239402  -0.00120197     0.03052999  -0.00055019
  0.00007043   0.00044896    -0.00250819  -0.00012100     0.00011291  -0.00035057
  0.00712656   0.00637754    -0.00089624   0.00118831     0.00473966  -0.00270262
    7    4
 -0.00163533  -0.00000000     0.00000000   0.00000000     0.00000000  -0.00000000
 -0.00000000   0.00000000    -0.00648533  -0.00217307     0.02326149   0.00000000
  0.00000000  -0.00000000    -0.00167593  -0.00000000    -0.00648533   0.00217307
    7    5
 -0.00469792  -0.00234874     0.00000000  -0.00000000     0.00000000   0.00000000
  0.00000000   0.00000000     0.00237664   0.00009809     0.01726023   0.02050277
  0.00000000  -0.00000000    -0.00151839  -0.00420404     0.00237664   0.00009809
    7    6
  0.02750566  -0.00161157     0.00000000  -0.00000000    -0.00000000  -0.00000000
  0.00000000  -0.00000000     0.01131572   0.01511072    -0.00540360   0.00267416
 -0.00000000  -0.00000000    -0.00540360   0.00267416     0.00801789   0.01050083
    7    7
  0.03504583   0.00000000     0.00000000   0.00000000     0.00000000  -0.00000000
  0.00000000  -0.00000000     0.03459386   0.00000000    -0.00331870   0.00395649
 -0.00000000   0.00000000    -0.00331870  -0.00395649     0.03257376  -0.00000000

     Dynamical  Matrix in cartesian axes

     q = (   -0.108253200  -0.866025400   0.108253200 ) 

    1    1
  0.05387205   0.00000000     0.00000000   0.00000000    -0.00056878   0.00000000
  0.00000000  -0.00000000     0.01862233  -0.00000000    -0.00000000  -0.00000000
 -0.00056878   0.00000000    -0.00000000   0.00000000     0.05387205   0.00000000
    1    2
 -0.00208340  -0.00505521    -0.00000000   0.00000000    -0.00543693  -0.00363269
 -0.00000000   0.00000000     0.00341612   0.00580941     0.00000000  -0.00000000
  0.00652529  -0.02513181     0.00000000   0.00000000    -0.00773002   0.00216826
    1    3
  0.00208340  -0.00505521    -0.00000000   0.00000000     0.00543693  -0.00363269
 -0.00000000  -0.00000000    -0.00341612   0.00580941     0.00000000   0.00000000
 -0.00652529  -0.02513181    -0.00000000   0.00000000     0.00773002   0.00216826
    1    4
 -0.00624978  -0.00258874    -0.00643649   0.01553905    -0.00627532  -0.00259932
 -0.00272157   0.00657046    -0.00000000  -0.00000000     0.00272157  -0.00657046
  0.00627532   0.00259932     0.00643649  -0.01553905     0.00624978   0.00258874
    1    5
  0.00624978  -0.00258874     0.00643649   0.01553905     0.00627532  -0.00259932
  0.00272157   0.00657046    -0.00000000   0.00000000    -0.00272157  -0.00657046
 -0.00627532   0.00259932    -0.00643649  -0.01553905    -0.00624978   0.00258874
    1    6
  0.00773002  -0.00216826     0.00000000  -0.00000000    -0.00652529   0.02513181
  0.00000000   0.00000000    -0.00341612  -0.00580941     0.00000000   0.00000000
  0.00543694   0.00363269    -0.00000000  -0.00000000     0.00208340   0.00505521
    1    7
 -0.00773002  -0.00216826    -0.00000000   0.00000000     0.00652529   0.02513181
  0.00000000   0.00000000     0.00341612  -0.00580941    -0.00000000  -0.00000000
 -0.00543693   0.00363269    -0.00000000   0.00000000    -0.00208340   0.00505521
    2    1
 -0.00208340   0.00505521     0.00000000  -0.00000000     0.00652529   0.02513181
  0.00000000  -0.00000000     0.00341612  -0.00580941     0.00000000   0.00000000
 -0.00543693   0.00363269     0.00000000   0.00000000    -0.00773002  -0.00216826
    2    2
  0.03257376  -0.00000000     0.00000000   0.00000000     0.00331870  -0.00395649
  0.00000000  -0.00000000     0.03504583  -0.00000000    -0.00000000   0.00000000
  0.00331870   0.00395649    -0.00000000   0.00000000     0.03459386  -0.00000000
    2    3
  0.01309471  -0.00175570    -0.00000000  -0.00000000     0.00193000   0.00571184
 -0.00000000  -0.00000000     0.01830989   0.02058899     0.00000000  -0.00000000
  0.00193000   0.00571184     0.00000000  -0.00000000     0.01868632  -0.00268347
    2    4
  0.00144041   0.00526249     0.00954884   0.00052964    -0.00020653   0.00147400
  0.02119891   0.02197701     0.00045135   0.00276521     0.00254275   0.00084291
  0.00016805  -0.00032773    -0.00036726   0.00026766    -0.00185912  -0.00168800
    2    5
 -0.00473966  -0.00270262     0.00712656  -0.00637754    -0.00089624  -0.00118831
  0.03052999   0.00055019    -0.00227445  -0.00163614     0.00239402  -0.00120197
  0.00011291   0.00035057    -0.00007043   0.00044896     0.00250819  -0.00012100
    2    6
  0.00648533   0.00217307     0.00000000  -0.00000000    -0.00167593   0.00000000
 -0.00000000  -0.00000000     0.00163533  -0.00000000    -0.00000000   0.00000000
  0.02326149  -0.00000000     0.00000000   0.00000000     0.00648533  -0.00217307
    2    7
 -0.00174990  -0.00161118     0.00000000  -0.00000000    -0.00404637   0.00189905
 -0.00000000  -0.00000000     0.00498274   0.00166112    -0.00000000   0.00000000
  0.02670248  -0.00229282     0.00000000   0.00000000    -0.00174990  -0.00161118
    3    1
  0.00208340   0.00505521    -0.00000000   0.00000000    -0.00652529   0.02513181
 -0.00000000  -0.00000000    -0.00341612  -0.00580941    -0.00000000  -0.00000000
  0.00543693   0.00363269     0.00000000  -0.00000000     0.00773002  -0.00216826
    3    2
  0.01309471   0.00175570    -0.00000000   0.00000000     0.00193000  -0.00571184
 -0.00000000   0.00000000     0.01830989  -0.02058899     0.00000000   0.00000000
  0.00193000  -0.00571184     0.00000000   0.00000000     0.01868632   0.00268347
    3    3
  0.03257376   0.00000000     0.00000000  -0.00000000     0.00331870   0.00395649
  0.00000000   0.00000000     0.03504583   0.00000000     0.00000000  -0.00000000
  0.00331870  -0.00395649    -0.00000000  -0.00000000     0.03459386   0.00000000
    3    4
 -0.00473966   0.00270262     0.00712656   0.00637754    -0.00089624   0.00118831
  0.03052999  -0.00055019    -0.00227445   0.00163614     0.00239402   0.00120197
  0.00011291  -0.00035057    -0.00007043  -0.00044896     0.00250819   0.00012100
    3    5
  0.00144041  -0.00526249     0.00954884  -0.00052964    -0.00020653  -0.00147400
  0.02119891  -0.02197701     0.00045135  -0.00276521     0.00254275  -0.00084291
  0.00016805   0.00032773    -0.00036726  -0.00026766    -0.00185912   0.00168800
    3    6
 -0.00174990   0.00161118     0.00000000   0.00000000    -0.00404637  -0.00189905
 -0.00000000   0.00000000     0.00498274  -0.00166112    -0.00000000  -0.00000000
  0.02670248   0.00229282     0.00000000  -0.00000000    -0.00174990   0.00161118
    3    7
  0.00648533  -0.00217307     0.00000000   0.00000000    -0.00167593  -0.00000000
 -0.00000000   0.00000000     0.00163533   0.00000000    -0.00000000  -0.00000000
  0.02326149   0.00000000    -0.00000000  -0.00000000     0.00648533   0.00217307
    4    1
 -0.00624978   0.00258874    -0.00272157  -0.00657046     0.00627532  -0.00259932
 -0.00643649  -0.01553905    -0.00000000   0.00000000     0.00643649   0.01553905
 -0.00627532   0.00259932     0.00272157   0.00657046     0.00624978  -0.00258874
    4    2
  0.00144041  -0.00526249     0.02119891  -0.02197701     0.00016805   0.00032773
  0.00954884  -0.00052964     0.00045135  -0.00276521    -0.00036726  -0.00026766
 -0.00020653  -0.00147400     0.00254275  -0.00084291    -0.00185912   0.00168800
    4    3
 -0.00473966  -0.00270262     0.03052999   0.00055019     0.00011291   0.00035057
  0.00712656  -0.00637754    -0.00227445  -0.00163614    -0.00007043   0.00044896
 -0.00089624  -0.00118831     0.00239402  -0.00120197     0.00250819  -0.00012100
    4    4
  0.03830122  -0.00000000    -0.00000000  -0.00192124     0.00309442  -0.00000000
  0.00000000   0.00192124     0.02184126  -0.00000000    -0.00000000   0.00192124
  0.00309442  -0.00000000    -0.00000000  -0.00192124     0.03830122  -0.00000000
    4    5
  0.01834112  -0.01834113    -0.00542433  -0.00542433     0.00112357  -0.00112357
 -0.00542433  -0.00542433     0.00536208  -0.00536208    -0.00542433  -0.00542433
  0.00112357  -0.00112357    -0.00542433  -0.00542433     0.01834112  -0.01834113
    4    6
 -0.00185912   0.00168800     0.00254275  -0.00084291    -0.00020653  -0.00147400
 -0.00036726  -0.00026766     0.00045135  -0.00276521     0.00954884  -0.00052964
  0.00016805   0.00032773     0.02119891  -0.02197701     0.00144041  -0.00526249
    4    7
  0.00250819  -0.00012100     0.00239402  -0.00120197    -0.00089624  -0.00118831
 -0.00007043   0.00044896    -0.00227445  -0.00163614     0.00712656  -0.00637754
  0.00011291   0.00035057     0.03052999   0.00055020    -0.00473966  -0.00270262
    5    1
  0.00624978   0.00258874     0.00272157  -0.00657046    -0.00627532  -0.00259932
  0.00643649  -0.01553905    -0.00000000  -0.00000000    -0.00643649   0.01553905
  0.00627532   0.00259932    -0.00272157   0.00657046    -0.00624978  -0.00258874
    5    2
 -0.00473966   0.00270262     0.03052999  -0.00055019     0.00011291  -0.00035057
  0.00712656   0.00637754    -0.00227445   0.00163614    -0.00007043  -0.00044896
 -0.00089624   0.00118831     0.00239402   0.00120197     0.00250819   0.00012100
    5    3
  0.00144041   0.00526249     0.02119891   0.02197701     0.00016805  -0.00032773
  0.00954884   0.00052964     0.00045135   0.00276521    -0.00036726   0.00026766
 -0.00020653   0.00147400     0.00254275   0.00084291    -0.00185912  -0.00168800
    5    4
  0.01834112   0.01834113    -0.00542433   0.00542433     0.00112357   0.00112357
 -0.00542433   0.00542433     0.00536208   0.00536208    -0.00542433   0.00542433
  0.00112357   0.00112357    -0.00542433   0.00542433     0.01834112   0.01834113
    5    5
  0.03830122   0.00000000     0.00000000   0.00192124     0.00309442   0.00000000
  0.00000000  -0.00192124     0.02184126  -0.00000000    -0.00000000  -0.00192124
  0.00309442   0.00000000    -0.00000000   0.00192124     0.03830122   0.00000000
    5    6
  0.00250819   0.00012100     0.00239402   0.00120197    -0.00089624   0.00118831
 -0.00007043  -0.00044896    -0.00227445   0.00163614     0.00712656   0.00637754
  0.00011291  -0.00035057     0.03052999  -0.00055020    -0.00473966   0.00270262
    5    7
 -0.00185912  -0.00168800     0.00254275   0.00084291    -0.00020653   0.00147400
 -0.00036726   0.00026766     0.00045135   0.00276521     0.00954884   0.00052964
  0.00016805  -0.00032773     0.02119891   0.02197701     0.00144041   0.00526249
    6    1
  0.00773002   0.00216826    -0.00000000  -0.00000000     0.00543694  -0.00363269
 -0.00000000  -0.00000000    -0.00341612   0.00580941    -0.00000000   0.00000000
 -0.00652529  -0.02513181    -0.00000000   0.00000000     0.00208340  -0.00505521
    6    2
  0.00648533  -0.00217307     0.00000000   0.00000000     0.02326149   0.00000000
  0.00000000   0.00000000     0.00163533   0.00000000    -0.00000000  -0.00000000
 -0.00167593  -0.00000000     0.00000000  -0.00000000     0.00648533   0.00217307
    6    3
 -0.00174990  -0.00161118    -0.00000000  -0.00000000     0.02670248  -0.00229282
  0.00000000  -0.00000000     0.00498274   0.00166112     0.00000000   0.00000000
 -0.00404637   0.00189905    -0.00000000   0.00000000    -0.00174990  -0.00161118
    6    4
 -0.00185912  -0.00168800    -0.00036726   0.00026766     0.00016805  -0.00032773
  0.00254275   0.00084291     0.00045135   0.00276521     0.02119891   0.02197701
 -0.00020653   0.00147400     0.00954884   0.00052964     0.00144041   0.00526249
    6    5
  0.00250819  -0.00012100    -0.00007043   0.00044896     0.00011291   0.00035057
  0.00239402  -0.00120197    -0.00227445  -0.00163614     0.03052999   0.00055020
 -0.00089624  -0.00118831     0.00712656  -0.00637754    -0.00473966  -0.00270262
    6    6
  0.03459386  -0.00000000     0.00000000  -0.00000000     0.00331870   0.00395649
  0.00000000   0.00000000     0.03504583  -0.00000000     0.00000000  -0.00000000
  0.00331870  -0.00395649    -0.00000000   0.00000000     0.03257376  -0.00000000
    6    7
  0.01868632  -0.00268347    -0.00000000   0.00000000     0.00193000   0.00571184
 -0.00000000   0.00000000     0.01830988   0.02058900     0.00000000   0.00000000
  0.00193000   0.00571184     0.00000000   0.00000000     0.01309471  -0.00175570
    7    1
 -0.00773002   0.00216826     0.00000000  -0.00000000    -0.00543693  -0.00363269
 -0.00000000  -0.00000000     0.00341612   0.00580941    -0.00000000  -0.00000000
  0.00652529  -0.02513181    -0.00000000   0.00000000    -0.00208340  -0.00505521
    7    2
 -0.00174990   0.00161118    -0.00000000   0.00000000     0.02670248   0.00229282
  0.00000000   0.00000000     0.00498274  -0.00166112     0.00000000  -0.00000000
 -0.00404637  -0.00189905    -0.00000000  -0.00000000    -0.00174990   0.00161118
    7    3
  0.00648533   0.00217307    -0.00000000  -0.00000000     0.02326149  -0.00000000
 -0.00000000  -0.00000000     0.00163533  -0.00000000    -0.00000000   0.00000000
 -0.00167593   0.00000000    -0.00000000   0.00000000     0.00648533  -0.00217307
    7    4
  0.00250819   0.00012100    -0.00007043  -0.00044896     0.00011291  -0.00035057
  0.00239402   0.00120197    -0.00227445   0.00163614     0.03052999  -0.00055020
 -0.00089624   0.00118831     0.00712656   0.00637754    -0.00473966   0.00270262
    7    5
 -0.00185912   0.00168800    -0.00036726  -0.00026766     0.00016805   0.00032773
  0.00254275  -0.00084291     0.00045135  -0.00276521     0.02119891  -0.02197701
 -0.00020653  -0.00147400     0.00954884  -0.00052964     0.00144041  -0.00526249
    7    6
  0.01868632   0.00268347    -0.00000000  -0.00000000     0.00193000  -0.00571184
 -0.00000000  -0.00000000     0.01830988  -0.02058900     0.00000000  -0.00000000
  0.00193000  -0.00571184     0.00000000  -0.00000000     0.01309471   0.00175570
    7    7
  0.03459386   0.00000000     0.00000000   0.00000000     0.00331870  -0.00395649
  0.00000000  -0.00000000     0.03504583   0.00000000    -0.00000000   0.00000000
  0.00331870   0.00395649    -0.00000000   0.00000000     0.03257376  -0.00000000

     Dynamical  Matrix in cartesian axes

     q = (    0.108253200   0.866025400   0.108253200 ) 

    1    1
  0.05387205   0.00000000    -0.00000000  -0.00000000     0.00056878   0.00000000
 -0.00000000   0.00000000     0.01862233  -0.00000000    -0.00000000   0.00000000
  0.00056878   0.00000000    -0.00000000  -0.00000000     0.05387205   0.00000000
    1    2
  0.00210138   0.00504776     0.00000000  -0.00000000     0.00127579  -0.00641320
  0.00000000  -0.00000000    -0.00169231  -0.00652343     0.00000000  -0.00000000
 -0.02238495  -0.01315679     0.00000000   0.00000000    -0.00699914   0.00393276
    1    3
  0.00208340   0.00505521     0.00000000   0.00000000    -0.00543693  -0.00363269
 -0.00000000   0.00000000    -0.00341612  -0.00580941    -0.00000000   0.00000000
  0.00652529  -0.02513181    -0.00000000   0.00000000     0.00773002  -0.00216826
    1    4
 -0.00624978   0.00258874    -0.00643649  -0.01553905     0.00627532  -0.00259932
 -0.00272157  -0.00657046     0.00000000  -0.00000000    -0.00272157  -0.00657046
 -0.00627532   0.00259932    -0.00643649  -0.01553905     0.00624978  -0.00258874
    1    5
  0.00624978  -0.00258874    -0.00643649  -0.01553905    -0.00627532   0.00259932
 -0.00272157  -0.00657046     0.00000000  -0.00000000    -0.00272157  -0.00657046
  0.00627532  -0.00259932    -0.00643649  -0.01553905    -0.00624978   0.00258874
    1    6
  0.00773002  -0.00216826     0.00000000   0.00000000     0.00652529  -0.02513181
  0.00000000  -0.00000000    -0.00341612  -0.00580941     0.00000000  -0.00000000
 -0.00543693  -0.00363269    -0.00000000   0.00000000     0.00208340   0.00505521
    1    7
 -0.00699914   0.00393276     0.00000000   0.00000000    -0.02238495  -0.01315679
  0.00000000  -0.00000000    -0.00169231  -0.00652343     0.00000000  -0.00000000
  0.00127579  -0.00641320     0.00000000  -0.00000000     0.00210138   0.00504776
    2    1
  0.00210138  -0.00504776     0.00000000   0.00000000    -0.02238495   0.01315679
  0.00000000   0.00000000    -0.00169231   0.00652343     0.00000000  -0.00000000
  0.00127579   0.00641320     0.00000000   0.00000000    -0.00699914  -0.00393276
    2    2
  0.03257376   0.00000000     0.00000000   0.00000000    -0.00331870  -0.00395649
  0.00000000  -0.00000000     0.03504583   0.00000000    -0.00000000   0.00000000
 -0.00331870   0.00395649    -0.00000000   0.00000000     0.03459386   0.00000000
    2    3
  0.00801789   0.01050083    -0.00000000  -0.00000000    -0.00540360   0.00267416
 -0.00000000  -0.00000000     0.02750566  -0.00161157     0.00000000  -0.00000000
 -0.00540360   0.00267416     0.00000000  -0.00000000     0.01131572   0.01511072
    2    4
  0.00473966  -0.00270262     0.00712656   0.00637754    -0.00089624   0.00118831
  0.03052999  -0.00055019     0.00227445  -0.00163614    -0.00239402  -0.00120197
  0.00011291  -0.00035057     0.00007043   0.00044896    -0.00250819  -0.00012100
    2    5
 -0.00473966   0.00270262     0.00712656   0.00637754     0.00089624  -0.00118831
  0.03052999  -0.00055019    -0.00227445   0.00163614    -0.00239402  -0.00120197
 -0.00011291   0.00035057     0.00007043   0.00044896     0.00250819   0.00012100
    2    6
  0.00237664   0.00009809     0.00000000  -0.00000000    -0.00151839  -0.00420404
  0.00000000   0.00000000    -0.00469792  -0.00234874     0.00000000  -0.00000000
  0.01726023   0.02050277     0.00000000   0.00000000     0.00237664   0.00009809
    2    7
 -0.00648533   0.00217307     0.00000000  -0.00000000    -0.00167593   0.00000000
  0.00000000  -0.00000000    -0.00163533   0.00000000     0.00000000   0.00000000
  0.02326149  -0.00000000     0.00000000   0.00000000    -0.00648533  -0.00217307
    3    1
  0.00208340  -0.00505521     0.00000000  -0.00000000     0.00652529   0.02513181
  0.00000000  -0.00000000    -0.00341612   0.00580941     0.00000000  -0.00000000
 -0.00543693   0.00363269    -0.00000000  -0.00000000     0.00773002   0.00216826
    3    2
  0.00801789  -0.01050083    -0.00000000   0.00000000    -0.00540360  -0.00267416
 -0.00000000   0.00000000     0.02750566   0.00161157     0.00000000   0.00000000
 -0.00540360  -0.00267416     0.00000000   0.00000000     0.01131572  -0.01511072
    3    3
  0.03257376   0.00000000     0.00000000  -0.00000000    -0.00331870   0.00395649
  0.00000000   0.00000000     0.03504583  -0.00000000    -0.00000000   0.00000000
 -0.00331870  -0.00395649    -0.00000000  -0.00000000     0.03459386  -0.00000000
    3    4
 -0.00473966  -0.00270262     0.00712656  -0.00637754     0.00089624   0.00118831
  0.03052999   0.00055019    -0.00227445  -0.00163614    -0.00239402   0.00120197
 -0.00011291  -0.00035057     0.00007043  -0.00044896     0.00250819  -0.00012100
    3    5
  0.00473966   0.00270262     0.00712656  -0.00637754    -0.00089624  -0.00118831
  0.03052999   0.00055019     0.00227445   0.00163614    -0.00239402   0.00120197
  0.00011291   0.00035057     0.00007043  -0.00044896    -0.00250819   0.00012100
    3    6
 -0.00648533  -0.00217307     0.00000000   0.00000000    -0.00167593   0.00000000
  0.00000000   0.00000000    -0.00163533   0.00000000     0.00000000   0.00000000
  0.02326149  -0.00000000     0.00000000  -0.00000000    -0.00648533   0.00217307
    3    7
  0.00237664  -0.00009809     0.00000000   0.00000000    -0.00151839   0.00420404
  0.00000000  -0.00000000    -0.00469792   0.00234874     0.00000000   0.00000000
  0.01726023  -0.02050277     0.00000000  -0.00000000     0.00237664  -0.00009809
    4    1
 -0.00624978  -0.00258874    -0.00272157   0.00657046    -0.00627532  -0.00259932
 -0.00643649   0.01553905     0.00000000   0.00000000    -0.00643649   0.01553905
  0.00627532   0.00259932    -0.00272157   0.00657046     0.00624978   0.00258874
    4    2
  0.00473966   0.00270262     0.03052999   0.00055019     0.00011291   0.00035057
  0.00712656  -0.00637754     0.00227445   0.00163614     0.00007043  -0.00044896
 -0.00089624  -0.00118831    -0.00239402   0.00120197    -0.00250819   0.00012100
    4    3
 -0.00473966   0.00270262     0.03052999  -0.00055019    -0.00011291   0.00035057
  0.00712656   0.00637754    -0.00227445   0.00163614     0.00007043   0.00044896
  0.00089624  -0.00118831    -0.00239402  -0.00120197     0.00250819   0.00012100
    4    4
  0.03830122  -0.00000000     0.00000000   0.00192124    -0.00309442   0.00000000
  0.00000000  -0.00192124     0.02184126   0.00000000    -0.00000000   0.00192124
 -0.00309442   0.00000000    -0.00000000  -0.00192124     0.03830122   0.00000000
    4    5
  0.02593827   0.00000000     0.00000000   0.00767116    -0.00158897  -0.00000000
  0.00000000   0.00767116     0.00758312   0.00000000    -0.00000000  -0.00767116
 -0.00158897   0.00000000    -0.00000000  -0.00767116     0.02593827  -0.00000000
    4    6
 -0.00250819  -0.00012100    -0.00239402  -0.00120197    -0.00089624   0.00118831
  0.00007043   0.00044896     0.00227445  -0.00163614     0.00712656   0.00637754
  0.00011291  -0.00035057     0.03052999  -0.00055019     0.00473966  -0.00270262
    4    7
  0.00250819  -0.00012100    -0.00239402   0.00120197     0.00089624   0.00118831
  0.00007043  -0.00044896    -0.00227445  -0.00163614     0.00712656  -0.00637754
 -0.00011291  -0.00035057     0.03052999   0.00055019    -0.00473966  -0.00270262
    5    1
  0.00624978   0.00258874    -0.00272157   0.00657046     0.00627532   0.00259932
 -0.00643649   0.01553905     0.00000000   0.00000000    -0.00643649   0.01553905
 -0.00627532  -0.00259932    -0.00272157   0.00657046    -0.00624978  -0.00258874
    5    2
 -0.00473966  -0.00270262     0.03052999   0.00055019    -0.00011291  -0.00035057
  0.00712656  -0.00637754    -0.00227445  -0.00163614     0.00007043  -0.00044896
  0.00089624   0.00118831    -0.00239402   0.00120197     0.00250819  -0.00012100
    5    3
  0.00473966  -0.00270262     0.03052999  -0.00055019     0.00011291  -0.00035057
  0.00712656   0.00637754     0.00227445  -0.00163614     0.00007043   0.00044896
 -0.00089624   0.00118831    -0.00239402  -0.00120197    -0.00250819  -0.00012100
    5    4
  0.02593827   0.00000000     0.00000000  -0.00767116    -0.00158897   0.00000000
  0.00000000  -0.00767116     0.00758312  -0.00000000    -0.00000000   0.00767116
 -0.00158897   0.00000000    -0.00000000   0.00767116     0.02593827   0.00000000
    5    5
  0.03830122   0.00000000     0.00000000  -0.00192124    -0.00309442   0.00000000
  0.00000000   0.00192124     0.02184126  -0.00000000    -0.00000000  -0.00192124
 -0.00309442   0.00000000    -0.00000000   0.00192124     0.03830122  -0.00000000
    5    6
  0.00250819   0.00012100    -0.00239402  -0.00120197     0.00089624  -0.00118831
  0.00007043   0.00044896    -0.00227445   0.00163614     0.00712656   0.00637754
 -0.00011291   0.00035057     0.03052999  -0.00055019    -0.00473966   0.00270262
    5    7
 -0.00250819   0.00012100    -0.00239402   0.00120197    -0.00089624  -0.00118831
  0.00007043  -0.00044896     0.00227445   0.00163614     0.00712656  -0.00637754
  0.00011291   0.00035057     0.03052999   0.00055019     0.00473966   0.00270262
    6    1
  0.00773002   0.00216826     0.00000000  -0.00000000    -0.00543693   0.00363269
 -0.00000000  -0.00000000    -0.00341612   0.00580941    -0.00000000   0.00000000
  0.00652529   0.02513181     0.00000000   0.00000000     0.00208340  -0.00505521
    6    2
  0.00237664  -0.00009809     0.00000000  -0.00000000     0.01726023  -0.02050277
  0.00000000   0.00000000    -0.00469792   0.00234874     0.00000000  -0.00000000
 -0.00151839   0.00420404     0.00000000   0.00000000     0.00237664  -0.00009809
    6    3
 -0.00648533   0.00217307     0.00000000  -0.00000000     0.02326149   0.00000000
  0.00000000  -0.00000000    -0.00163533  -0.00000000     0.00000000   0.00000000
 -0.00167593  -0.00000000     0.00000000   0.00000000    -0.00648533  -0.00217307
    6    4
 -0.00250819   0.00012100     0.00007043  -0.00044896     0.00011291   0.00035057
 -0.00239402   0.00120197     0.00227445   0.00163614     0.03052999   0.00055019
 -0.00089624  -0.00118831     0.00712656  -0.00637754     0.00473966   0.00270262
    6    5
  0.00250819  -0.00012100     0.00007043  -0.00044896    -0.00011291  -0.00035057
 -0.00239402   0.00120197    -0.00227445  -0.00163614     0.03052999   0.00055019
  0.00089624   0.00118831     0.00712656  -0.00637754    -0.00473966  -0.00270262
    6    6
  0.03459386  -0.00000000    -0.00000000   0.00000000    -0.00331870  -0.00395649
 -0.00000000  -0.00000000     0.03504583  -0.00000000    -0.00000000  -0.00000000
 -0.00331870   0.00395649    -0.00000000   0.00000000     0.03257376  -0.00000000
    6    7
  0.01131572  -0.01511072     0.00000000   0.00000000    -0.00540360  -0.00267416
  0.00000000   0.00000000     0.02750566   0.00161157    -0.00000000   0.00000000
 -0.00540360  -0.00267416    -0.00000000   0.00000000     0.00801789  -0.01050083
    7    1
 -0.00699914  -0.00393276     0.00000000   0.00000000     0.00127579   0.00641320
  0.00000000  -0.00000000    -0.00169231   0.00652343     0.00000000   0.00000000
 -0.02238495   0.01315679     0.00000000   0.00000000     0.00210138  -0.00504776
    7    2
 -0.00648533  -0.00217307    -0.00000000   0.00000000     0.02326149   0.00000000
  0.00000000   0.00000000    -0.00163533  -0.00000000     0.00000000  -0.00000000
 -0.00167593  -0.00000000     0.00000000  -0.00000000    -0.00648533   0.00217307
    7    3
  0.00237664   0.00009809     0.00000000   0.00000000     0.01726023   0.02050277
  0.00000000  -0.00000000    -0.00469792  -0.00234874     0.00000000   0.00000000
 -0.00151839  -0.00420404     0.00000000  -0.00000000     0.00237664   0.00009809
    7    4
  0.00250819   0.00012100     0.00007043   0.00044896    -0.00011291   0.00035057
 -0.00239402  -0.00120197    -0.00227445   0.00163614     0.03052999  -0.00055019
  0.00089624  -0.00118831     0.00712656   0.00637754    -0.00473966   0.00270262
    7    5
 -0.00250819  -0.00012100     0.00007043   0.00044896     0.00011291  -0.00035057
 -0.00239402  -0.00120197     0.00227445  -0.00163614     0.03052999  -0.00055019
 -0.00089624   0.00118831     0.00712656   0.00637754     0.00473966  -0.00270262
    7    6
  0.01131572   0.01511072     0.00000000  -0.00000000    -0.00540360   0.00267416
  0.00000000  -0.00000000     0.02750566  -0.00161157    -0.00000000  -0.00000000
 -0.00540360   0.00267416    -0.00000000  -0.00000000     0.00801789   0.01050083
    7    7
  0.03459386   0.00000000     0.00000000  -0.00000000    -0.00331870   0.00395649
 -0.00000000   0.00000000     0.03504583   0.00000000    -0.00000000  -0.00000000
 -0.00331870  -0.00395649    -0.00000000   0.00000000     0.03257376   0.00000000

     Dynamical  Matrix in cartesian axes

     q = (   -0.108253200   0.866025400  -0.108253200 ) 

    1    1
  0.05387205   0.00000000    -0.00000000   0.00000000     0.00056878   0.00000000
 -0.00000000   0.00000000     0.01862233  -0.00000000    -0.00000000   0.00000000
  0.00056878   0.00000000    -0.00000000   0.00000000     0.05387205   0.00000000
    1    2
  0.00210138  -0.00504776     0.00000000   0.00000000     0.00127579   0.00641320
  0.00000000   0.00000000    -0.00169231   0.00652343    -0.00000000   0.00000000
 -0.02238495   0.01315679     0.00000000   0.00000000    -0.00699914  -0.00393276
    1    3
  0.00208340  -0.00505521     0.00000000  -0.00000000    -0.00543693   0.00363269
  0.00000000   0.00000000    -0.00341612   0.00580941     0.00000000   0.00000000
  0.00652529   0.02513181    -0.00000000   0.00000000     0.00773002   0.00216826
    1    4
 -0.00624978  -0.00258874    -0.00643649   0.01553905     0.00627532   0.00259932
 -0.00272157   0.00657046     0.00000000   0.00000000    -0.00272157   0.00657046
 -0.00627532  -0.00259932    -0.00643649   0.01553905     0.00624978   0.00258874
    1    5
  0.00624978   0.00258874    -0.00643649   0.01553905    -0.00627532  -0.00259932
 -0.00272157   0.00657046     0.00000000   0.00000000    -0.00272157   0.00657046
  0.00627532   0.00259932    -0.00643649   0.01553905    -0.00624978  -0.00258874
    1    6
  0.00773002   0.00216826    -0.00000000   0.00000000     0.00652529   0.02513181
  0.00000000   0.00000000    -0.00341612   0.00580941     0.00000000   0.00000000
 -0.00543693   0.00363269     0.00000000  -0.00000000     0.00208340  -0.00505521
    1    7
 -0.00699914  -0.00393276     0.00000000  -0.00000000    -0.02238495   0.01315679
  0.00000000  -0.00000000    -0.00169231   0.00652343     0.00000000   0.00000000
