  3.000000000000000E-002   1.26007061404212        2.36059544634539     
           6

     Dynamical  Matrix in cartesian axes

     q = (    0.000000000   0.000000000   0.433012700 ) 

    1    1
  0.03177788   0.00000000     0.00000000   0.00000000    -0.00000000   0.00000000
  0.00000000   0.00000000     0.03177788   0.00000000     0.00000000   0.00000000
 -0.00000000   0.00000000    -0.00000000   0.00000000     0.34330281   0.00000000
    1    2
  0.00000000  -0.00190218     0.00000000  -0.00000000    -0.01598022  -0.00000000
  0.00000000  -0.00000000     0.00000000  -0.00023415     0.00000000   0.00000000
 -0.06162131  -0.00000000    -0.00000000   0.00000000     0.00000000  -0.02521133
    1    3
  0.00190218  -0.00000000     0.00000000   0.00000000     0.00000000   0.01598022
  0.00000000  -0.00000000     0.00023415   0.00000000    -0.00000000   0.00000000
  0.00000000   0.06162131    -0.00000000  -0.00000000     0.02521133  -0.00000000
    1    4
  0.00023415  -0.00000000     0.00000000  -0.00000000    -0.00000000   0.00000000
  0.00000000  -0.00000000     0.00190218  -0.00000000     0.00000000   0.01598022
 -0.00000000   0.00000000     0.00000000   0.06162131     0.02521133  -0.00000000
    1    5
  0.00000000  -0.00023415     0.00000000  -0.00000000    -0.00000000   0.00000000
  0.00000000  -0.00000000     0.00000000  -0.00190218    -0.01598022  -0.00000000
  0.00000000   0.00000000    -0.06162131  -0.00000000     0.00000000  -0.02521133
    1    6
 -0.00088295   0.01253802     0.00000000   0.00000000     0.00000000   0.00000000
  0.00000000   0.00000000    -0.01253802   0.00088295    -0.00000000   0.00000000
  0.00000000   0.00000000     0.00000000   0.00000000    -0.00245805   0.00245805
    1    7
 -0.01253802   0.00088295     0.00000000  -0.00000000    -0.00000000   0.00000000
  0.00000000   0.00000000    -0.00088295   0.01253802    -0.00000000   0.00000000
  0.00000000  -0.00000000     0.00000000   0.00000000    -0.00245805   0.00245805
    2    1
  0.00000000   0.00190218     0.00000000   0.00000000    -0.06162131   0.00000000
  0.00000000   0.00000000     0.00000000   0.00023415     0.00000000  -0.00000000
 -0.01598022   0.00000000     0.00000000  -0.00000000     0.00000000   0.02521133
    2    2
  0.03056587  -0.00000000     0.00000000   0.00000000    -0.00000000  -0.00135238
 -0.00000000  -0.00000000     0.07827164   0.00000000    -0.00000000  -0.00000000
 -0.00000000   0.00135238    -0.00000000  -0.00000000     0.05343573  -0.00000000
    2    3
 -0.00000000  -0.01280966     0.00000000   0.00000000    -0.00376321   0.00000000
  0.00000000   0.00000000    -0.00000000  -0.07402889    -0.00000000   0.00000000
 -0.00376321   0.00000000    -0.00000000   0.00000000     0.00000000   0.00268032
    2    4
 -0.00000000  -0.00214485    -0.00000000  -0.01602677    -0.00627172   0.00000000
 -0.00000000  -0.07436594    -0.00000000  -0.00214485    -0.00016640   0.00000000
 -0.00016640   0.00000000    -0.00627172   0.00000000     0.00000000   0.00253332
    2    5
 -0.00214485  -0.00000000     0.01602677   0.00000000     0.00000000   0.00627172
  0.07436594  -0.00000000    -0.00214485   0.00000000     0.00000000  -0.00016640
 -0.00000000   0.00016640     0.00000000  -0.00627172     0.00253332   0.00000000
    2    6
  0.00257405  -0.00369588    -0.00000000   0.00000000    -0.00066577  -0.00984096
  0.00000000   0.00000000     0.00082948  -0.00124273    -0.00000000   0.00000000
  0.00213707  -0.02102557    -0.00000000   0.00000000     0.00965980  -0.02439309
    2    7
 -0.00369588   0.00257405    -0.00000000   0.00000000     0.00984096   0.00066577
 -0.00000000   0.00000000    -0.00124273   0.00082948    -0.00000000  -0.00000000
  0.02102557  -0.00213707     0.00000000  -0.00000000    -0.02439309   0.00965980
    3    1
  0.00190218   0.00000000     0.00000000   0.00000000     0.00000000  -0.06162131
  0.00000000   0.00000000     0.00023415  -0.00000000    -0.00000000   0.00000000
  0.00000000  -0.01598022    -0.00000000  -0.00000000     0.02521133   0.00000000
    3    2
 -0.00000000   0.01280966     0.00000000  -0.00000000    -0.00376321  -0.00000000
  0.00000000  -0.00000000    -0.00000000   0.07402889    -0.00000000  -0.00000000
 -0.00376321  -0.00000000    -0.00000000  -0.00000000     0.00000000  -0.00268032
    3    3
  0.03056587   0.00000000     0.00000000  -0.00000000    -0.00000000   0.00135238
 -0.00000000   0.00000000     0.07827164  -0.00000000    -0.00000000   0.00000000
 -0.00000000  -0.00135238    -0.00000000   0.00000000     0.05343573   0.00000000
    3    4
 -0.00214485   0.00000000     0.01602677  -0.00000000     0.00000000  -0.00627172
  0.07436594  -0.00000000    -0.00214485   0.00000000     0.00000000   0.00016640
 -0.00000000  -0.00016640    -0.00000000   0.00627172     0.00253332   0.00000000
    3    5
 -0.00000000   0.00214485    -0.00000000   0.01602677    -0.00627172  -0.00000000
 -0.00000000   0.07436594    -0.00000000   0.00214485    -0.00016640  -0.00000000
 -0.00016640  -0.00000000    -0.00627172  -0.00000000     0.00000000  -0.00253332
    3    6
 -0.00369588  -0.00257405    -0.00000000   0.00000000     0.00984096  -0.00066577
  0.00000000  -0.00000000    -0.00124273  -0.00082948    -0.00000000   0.00000000
  0.02102557   0.00213707     0.00000000   0.00000000    -0.02439309  -0.00965980
    3    7
  0.00257405   0.00369588     0.00000000  -0.00000000    -0.00066577   0.00984096
 -0.00000000  -0.00000000     0.00082948   0.00124273    -0.00000000  -0.00000000
  0.00213707   0.02102557    -0.00000000  -0.00000000     0.00965980   0.02439309
    4    1
  0.00023415   0.00000000     0.00000000   0.00000000    -0.00000000  -0.00000000
  0.00000000   0.00000000     0.00190218   0.00000000     0.00000000  -0.06162131
 -0.00000000   0.00000000     0.00000000  -0.01598022     0.02521133   0.00000000
    4    2
 -0.00000000   0.00214485    -0.00000000   0.07436594    -0.00016640  -0.00000000
 -0.00000000   0.01602677    -0.00000000   0.00214485    -0.00627172  -0.00000000
 -0.00627172  -0.00000000    -0.00016640  -0.00000000     0.00000000  -0.00253332
    4    3
 -0.00214485  -0.00000000     0.07436594   0.00000000    -0.00000000   0.00016640
  0.01602677   0.00000000    -0.00214485   0.00000000    -0.00000000  -0.00627172
  0.00000000   0.00627172     0.00000000  -0.00016640     0.00253332   0.00000000
    4    4
  0.07827164  -0.00000000    -0.00000000   0.00000000    -0.00000000   0.00000000
 -0.00000000  -0.00000000     0.03056587  -0.00000000    -0.00000000   0.00135238
 -0.00000000  -0.00000000    -0.00000000  -0.00135238     0.05343573  -0.00000000
    4    5
 -0.00000000   0.07402889     0.00000000   0.00000000     0.00000000   0.00000000
  0.00000000  -0.00000000    -0.00000000   0.01280966    -0.00376321  -0.00000000
  0.00000000   0.00000000    -0.00376321  -0.00000000     0.00000000  -0.00268032
    4    6
  0.00082948   0.00124273    -0.00000000  -0.00000000    -0.00000000  -0.00000000
 -0.00000000  -0.00000000     0.00257405   0.00369588    -0.00066577   0.00984096
 -0.00000000  -0.00000000     0.00213707   0.02102557     0.00965980   0.02439309
    4    7
 -0.00124273  -0.00082948    -0.00000000  -0.00000000     0.00000000   0.00000000
 -0.00000000  -0.00000000    -0.00369588  -0.00257405     0.00984096  -0.00066577
  0.00000000   0.00000000     0.02102557   0.00213707    -0.02439309  -0.00965980
    5    1
  0.00000000   0.00023415     0.00000000   0.00000000    -0.00000000  -0.00000000
  0.00000000   0.00000000     0.00000000   0.00190218    -0.06162131   0.00000000
 -0.00000000  -0.00000000    -0.01598022   0.00000000     0.00000000   0.02521133
    5    2
 -0.00214485   0.00000000     0.07436594  -0.00000000    -0.00000000  -0.00016640
  0.01602677  -0.00000000    -0.00214485  -0.00000000    -0.00000000   0.00627172
 -0.00000000  -0.00627172     0.00000000   0.00016640     0.00253332   0.00000000
    5    3
 -0.00000000  -0.00214485    -0.00000000  -0.07436594    -0.00016640   0.00000000
 -0.00000000  -0.01602677    -0.00000000  -0.00214485    -0.00627172   0.00000000
 -0.00627172   0.00000000    -0.00016640   0.00000000     0.00000000   0.00253332
    5    4
 -0.00000000  -0.07402889     0.00000000  -0.00000000     0.00000000  -0.00000000
  0.00000000   0.00000000    -0.00000000  -0.01280966    -0.00376321   0.00000000
  0.00000000  -0.00000000    -0.00376321   0.00000000     0.00000000   0.00268032
    5    5
  0.07827164   0.00000000    -0.00000000  -0.00000000    -0.00000000  -0.00000000
 -0.00000000   0.00000000     0.03056587   0.00000000    -0.00000000  -0.00135238
 -0.00000000   0.00000000    -0.00000000   0.00135238     0.05343573   0.00000000
    5    6
 -0.00124273   0.00082948    -0.00000000   0.00000000     0.00000000  -0.00000000
 -0.00000000   0.00000000    -0.00369588   0.00257405     0.00984096   0.00066577
  0.00000000  -0.00000000     0.02102557  -0.00213707    -0.02439309   0.00965980
    5    7
  0.00082948  -0.00124273    -0.00000000   0.00000000    -0.00000000   0.00000000
 -0.00000000   0.00000000     0.00257405  -0.00369588    -0.00066577  -0.00984096
 -0.00000000   0.00000000     0.00213707  -0.02102557     0.00965980  -0.02439309
    6    1
 -0.00088295  -0.01253802    -0.00000000   0.00000000     0.00000000   0.00000000
  0.00000000   0.00000000    -0.01253802  -0.00088295     0.00000000   0.00000000
  0.00000000   0.00000000     0.00000000  -0.00000000    -0.00245805  -0.00245805
    6    2
  0.00257405   0.00369588     0.00000000  -0.00000000     0.00213707   0.02102557
  0.00000000  -0.00000000     0.00082948   0.00124273    -0.00000000  -0.00000000
 -0.00066577   0.00984096    -0.00000000  -0.00000000     0.00965980   0.02439309
    6    3
 -0.00369588   0.00257405    -0.00000000   0.00000000     0.02102557  -0.00213707
 -0.00000000  -0.00000000    -0.00124273   0.00082948     0.00000000  -0.00000000
  0.00984096   0.00066577     0.00000000  -0.00000000    -0.02439309   0.00965980
    6    4
  0.00082948  -0.00124273     0.00000000   0.00000000    -0.00000000   0.00000000
  0.00000000   0.00000000     0.00257405  -0.00369588     0.00213707  -0.02102557
 -0.00000000   0.00000000    -0.00066577  -0.00984096     0.00965980  -0.02439309
    6    5
 -0.00124273  -0.00082948    -0.00000000   0.00000000     0.00000000   0.00000000
 -0.00000000  -0.00000000    -0.00369588  -0.00257405     0.02102557   0.00213707
  0.00000000   0.00000000     0.00984096  -0.00066577    -0.02439309  -0.00965980
    6    6
  0.03044646  -0.00000000     0.00000000  -0.00000000    -0.00000000   0.00000000
 -0.00000000   0.00000000     0.03044646   0.00000000    -0.00000000   0.00000000
 -0.00000000   0.00000000    -0.00000000   0.00000000     0.08505280   0.00000000
    6    7
  0.00046588   0.02196719    -0.00000000  -0.00000000     0.00000000   0.00000000
 -0.00000000  -0.00000000     0.00046588  -0.02196719     0.00000000   0.00000000
  0.00000000   0.00000000     0.00000000   0.00000000    -0.01776595  -0.00000000
    7    1
 -0.01253802  -0.00088295     0.00000000   0.00000000    -0.00000000   0.00000000
  0.00000000   0.00000000    -0.00088295  -0.01253802    -0.00000000   0.00000000
 -0.00000000   0.00000000    -0.00000000   0.00000000    -0.00245805  -0.00245805
    7    2
 -0.00369588  -0.00257405    -0.00000000  -0.00000000     0.02102557   0.00213707
 -0.00000000   0.00000000    -0.00124273  -0.00082948     0.00000000   0.00000000
  0.00984096  -0.00066577     0.00000000   0.00000000    -0.02439309  -0.00965980
    7    3
  0.00257405  -0.00369588     0.00000000   0.00000000     0.00213707  -0.02102557
  0.00000000   0.00000000     0.00082948  -0.00124273    -0.00000000   0.00000000
 -0.00066577  -0.00984096    -0.00000000   0.00000000     0.00965980  -0.02439309
    7    4
 -0.00124273   0.00082948     0.00000000   0.00000000     0.00000000  -0.00000000
 -0.00000000   0.00000000    -0.00369588   0.00257405     0.02102557  -0.00213707
  0.00000000  -0.00000000     0.00984096   0.00066577    -0.02439309   0.00965980
    7    5
  0.00082948   0.00124273     0.00000000  -0.00000000    -0.00000000  -0.00000000
  0.00000000  -0.00000000     0.00257405   0.00369588     0.00213707   0.02102557
 -0.00000000  -0.00000000    -0.00066577   0.00984096     0.00965980   0.02439309
    7    6
  0.00046588  -0.02196719    -0.00000000   0.00000000     0.00000000   0.00000000
 -0.00000000   0.00000000     0.00046588   0.02196719     0.00000000   0.00000000
  0.00000000   0.00000000     0.00000000   0.00000000    -0.01776595   0.00000000
    7    7
  0.03044646   0.00000000     0.00000000   0.00000000    -0.00000000  -0.00000000
 -0.00000000  -0.00000000     0.03044646  -0.00000000    -0.00000000  -0.00000000
 -0.00000000   0.00000000    -0.00000000   0.00000000     0.08505280   0.00000000

     Dynamical  Matrix in cartesian axes

     q = (    0.433012700  -0.000000000   0.000000000 ) 

    1    1
  0.34330281   0.00000000    -0.00000000   0.00000000     0.00000000   0.00000000
  0.00000000   0.00000000     0.03177788   0.00000000     0.00000000   0.00000000
  0.00000000   0.00000000     0.00000000   0.00000000     0.03177788   0.00000000
    1    2
 -0.00245805   0.00245805    -0.00000000   0.00000000     0.00000000   0.00000000
  0.00000000   0.00000000    -0.00088295   0.01253802     0.00000000   0.00000000
  0.00000000   0.00000000     0.00000000   0.00000000    -0.01253802   0.00088295
    1    3
 -0.00245805   0.00245805     0.00000000  -0.00000000    -0.00000000  -0.00000000
  0.00000000   0.00000000    -0.01253802   0.00088295     0.00000000  -0.00000000
  0.00000000  -0.00000000    -0.00000000  -0.00000000    -0.00088295   0.01253802
    1    4
  0.00000000  -0.02521133    -0.06162131  -0.00000000     0.00000000   0.00000000
 -0.01598022  -0.00000000     0.00000000  -0.00190218     0.00000000  -0.00000000
  0.00000000  -0.00000000    -0.00000000   0.00000000     0.00000000  -0.00023415
    1    5
  0.02521133  -0.00000000     0.00000000   0.06162131    -0.00000000   0.00000000
  0.00000000   0.01598022     0.00190218  -0.00000000     0.00000000  -0.00000000
  0.00000000   0.00000000     0.00000000  -0.00000000     0.00023415   0.00000000
    1    6
  0.02521133  -0.00000000     0.00000000  -0.00000000     0.00000000   0.06162131
 -0.00000000  -0.00000000     0.00023415  -0.00000000    -0.00000000  -0.00000000
  0.00000000   0.01598022     0.00000000   0.00000000     0.00190218   0.00000000
    1    7
  0.00000000  -0.02521133     0.00000000   0.00000000    -0.06162131  -0.00000000
  0.00000000   0.00000000     0.00000000  -0.00023415     0.00000000  -0.00000000
 -0.01598022  -0.00000000    -0.00000000  -0.00000000     0.00000000  -0.00190218
    2    1
 -0.00245805  -0.00245805     0.00000000   0.00000000     0.00000000   0.00000000
  0.00000000   0.00000000    -0.00088295  -0.01253802     0.00000000   0.00000000
  0.00000000  -0.00000000     0.00000000   0.00000000    -0.01253802  -0.00088295
    2    2
  0.08505280   0.00000000     0.00000000  -0.00000000    -0.00000000  -0.00000000
 -0.00000000   0.00000000     0.03044646  -0.00000000    -0.00000000   0.00000000
 -0.00000000  -0.00000000    -0.00000000  -0.00000000     0.03044646   0.00000000
    2    3
 -0.01776595  -0.00000000     0.00000000  -0.00000000     0.00000000   0.00000000
  0.00000000  -0.00000000     0.00046588   0.02196719     0.00000000   0.00000000
  0.00000000   0.00000000     0.00000000   0.00000000     0.00046588  -0.02196719
    2    4
  0.00965980   0.02439309    -0.00066577   0.00984096     0.00000000  -0.00000000
  0.00213707   0.02102557     0.00257405   0.00369588     0.00000000   0.00000000
  0.00000000   0.00000000    -0.00000000   0.00000000     0.00082948   0.00124273
    2    5
 -0.02439309   0.00965980     0.00984096   0.00066577    -0.00000000  -0.00000000
  0.02102557  -0.00213707    -0.00369588   0.00257405     0.00000000  -0.00000000
 -0.00000000   0.00000000     0.00000000  -0.00000000    -0.00124273   0.00082948
    2    6
  0.00965980  -0.02439309     0.00000000   0.00000000    -0.00066577  -0.00984096
  0.00000000   0.00000000     0.00082948  -0.00124273    -0.00000000   0.00000000
  0.00213707  -0.02102557    -0.00000000   0.00000000     0.00257405  -0.00369588
    2    7
 -0.02439309  -0.00965980     0.00000000   0.00000000     0.00984096  -0.00066577
 -0.00000000  -0.00000000    -0.00124273  -0.00082948     0.00000000   0.00000000
  0.02102557   0.00213707     0.00000000   0.00000000    -0.00369588  -0.00257405
    3    1
 -0.00245805  -0.00245805     0.00000000   0.00000000     0.00000000   0.00000000
  0.00000000   0.00000000    -0.01253802  -0.00088295     0.00000000   0.00000000
  0.00000000   0.00000000    -0.00000000   0.00000000    -0.00088295  -0.01253802
    3    2
 -0.01776595   0.00000000     0.00000000   0.00000000     0.00000000  -0.00000000
  0.00000000   0.00000000     0.00046588  -0.02196719     0.00000000  -0.00000000
  0.00000000  -0.00000000     0.00000000  -0.00000000     0.00046588   0.02196719
    3    3
  0.08505280  -0.00000000     0.00000000   0.00000000    -0.00000000   0.00000000
 -0.00000000  -0.00000000     0.03044646   0.00000000    -0.00000000  -0.00000000
 -0.00000000   0.00000000    -0.00000000   0.00000000     0.03044646  -0.00000000
    3    4
 -0.02439309  -0.00965980     0.00984096  -0.00066577     0.00000000   0.00000000
  0.02102557   0.00213707    -0.00369588  -0.00257405     0.00000000   0.00000000
 -0.00000000   0.00000000     0.00000000  -0.00000000    -0.00124273  -0.00082948
    3    5
  0.00965980  -0.02439309    -0.00066577  -0.00984096     0.00000000  -0.00000000
  0.00213707  -0.02102557     0.00257405  -0.00369588    -0.00000000  -0.00000000
  0.00000000  -0.00000000     0.00000000  -0.00000000     0.00082948  -0.00124273
    3    6
 -0.02439309   0.00965980     0.00000000  -0.00000000     0.00984096   0.00066577
 -0.00000000  -0.00000000    -0.00124273   0.00082948     0.00000000  -0.00000000
  0.02102557  -0.00213707     0.00000000  -0.00000000    -0.00369588   0.00257405
    3    7
  0.00965980   0.02439309    -0.00000000  -0.00000000    -0.00066577   0.00984096
  0.00000000  -0.00000000     0.00082948   0.00124273    -0.00000000  -0.00000000
  0.00213707   0.02102557    -0.00000000  -0.00000000     0.00257405   0.00369588
    4    1
  0.00000000   0.02521133    -0.01598022   0.00000000     0.00000000   0.00000000
 -0.06162131   0.00000000     0.00000000   0.00190218     0.00000000   0.00000000
  0.00000000   0.00000000     0.00000000   0.00000000     0.00000000   0.00023415
    4    2
  0.00965980  -0.02439309     0.00213707  -0.02102557     0.00000000  -0.00000000
 -0.00066577  -0.00984096     0.00257405  -0.00369588    -0.00000000   0.00000000
  0.00000000  -0.00000000     0.00000000   0.00000000     0.00082948  -0.00124273
    4    3
 -0.02439309   0.00965980     0.02102557  -0.00213707    -0.00000000  -0.00000000
  0.00984096   0.00066577    -0.00369588   0.00257405     0.00000000  -0.00000000
  0.00000000  -0.00000000    -0.00000000  -0.00000000    -0.00124273   0.00082948
    4    4
  0.05343573  -0.00000000    -0.00000000   0.00135238    -0.00000000   0.00000000
 -0.00000000  -0.00135238     0.03056587  -0.00000000    -0.00000000   0.00000000
 -0.00000000  -0.00000000    -0.00000000  -0.00000000     0.07827164   0.00000000
    4    5
  0.00000000   0.00268032    -0.00376321   0.00000000    -0.00000000   0.00000000
 -0.00376321   0.00000000    -0.00000000  -0.01280966     0.00000000   0.00000000
 -0.00000000   0.00000000    -0.00000000   0.00000000    -0.00000000  -0.07402889
    4    6
  0.00000000   0.00253332    -0.00016640   0.00000000    -0.00627172   0.00000000
 -0.00627172   0.00000000    -0.00000000  -0.00214485    -0.00000000  -0.01602677
 -0.00016640   0.00000000    -0.00000000  -0.07436594    -0.00000000  -0.00214485
    4    7
  0.00253332  -0.00000000    -0.00000000   0.00016640    -0.00000000  -0.00627172
 -0.00000000   0.00627172    -0.00214485   0.00000000     0.01602677  -0.00000000
  0.00000000  -0.00016640     0.07436594  -0.00000000    -0.00214485   0.00000000
    5    1
  0.02521133   0.00000000     0.00000000  -0.01598022     0.00000000   0.00000000
  0.00000000  -0.06162131     0.00190218   0.00000000     0.00000000   0.00000000
  0.00000000  -0.00000000     0.00000000   0.00000000     0.00023415   0.00000000
    5    2
 -0.02439309  -0.00965980     0.02102557   0.00213707    -0.00000000  -0.00000000
  0.00984096  -0.00066577    -0.00369588  -0.00257405    -0.00000000   0.00000000
 -0.00000000  -0.00000000    -0.00000000  -0.00000000    -0.00124273  -0.00082948
    5    3
  0.00965980   0.02439309     0.00213707   0.02102557     0.00000000   0.00000000
 -0.00066577   0.00984096     0.00257405   0.00369588    -0.00000000   0.00000000
  0.00000000   0.00000000     0.00000000   0.00000000     0.00082948   0.00124273
    5    4
  0.00000000  -0.00268032    -0.00376321  -0.00000000    -0.00000000  -0.00000000
 -0.00376321  -0.00000000    -0.00000000   0.01280966     0.00000000  -0.00000000
 -0.00000000  -0.00000000    -0.00000000  -0.00000000    -0.00000000   0.07402889
    5    5
  0.05343573   0.00000000    -0.00000000  -0.00135238    -0.00000000  -0.00000000
 -0.00000000   0.00135238     0.03056587   0.00000000    -0.00000000  -0.00000000
 -0.00000000   0.00000000    -0.00000000   0.00000000     0.07827164  -0.00000000
    5    6
  0.00253332   0.00000000    -0.00000000  -0.00016640    -0.00000000   0.00627172
 -0.00000000  -0.00627172    -0.00214485  -0.00000000     0.01602677   0.00000000
  0.00000000   0.00016640     0.07436594   0.00000000    -0.00214485  -0.00000000
    5    7
  0.00000000  -0.00253332    -0.00016640  -0.00000000    -0.00627172  -0.00000000
 -0.00627172  -0.00000000    -0.00000000   0.00214485    -0.00000000   0.01602677
 -0.00016640  -0.00000000    -0.00000000   0.07436594    -0.00000000   0.00214485
    6    1
  0.02521133   0.00000000    -0.00000000  -0.00000000     0.00000000  -0.01598022
 -0.00000000   0.00000000     0.00023415   0.00000000    -0.00000000  -0.00000000
  0.00000000  -0.06162131     0.00000000   0.00000000     0.00190218   0.00000000
    6    2
  0.00965980   0.02439309    -0.00000000  -0.00000000     0.00213707   0.02102557
 -0.00000000  -0.00000000     0.00082948   0.00124273     0.00000000   0.00000000
 -0.00066577   0.00984096    -0.00000000  -0.00000000     0.00257405   0.00369588
    6    3
 -0.02439309  -0.00965980    -0.00000000  -0.00000000     0.02102557   0.00213707
 -0.00000000   0.00000000    -0.00124273  -0.00082948    -0.00000000   0.00000000
  0.00984096  -0.00066577     0.00000000   0.00000000    -0.00369588  -0.00257405
    6    4
  0.00000000  -0.00253332    -0.00627172  -0.00000000    -0.00016640  -0.00000000
 -0.00016640  -0.00000000    -0.00000000   0.00214485    -0.00000000   0.07436594
 -0.00627172  -0.00000000    -0.00000000   0.01602677    -0.00000000   0.00214485
    6    5
  0.00253332  -0.00000000    -0.00000000   0.00627172     0.00000000  -0.00016640
 -0.00000000   0.00016640    -0.00214485   0.00000000     0.07436594  -0.00000000
 -0.00000000  -0.00627172     0.01602677  -0.00000000    -0.00214485   0.00000000
    6    6
  0.05343573  -0.00000000    -0.00000000  -0.00000000    -0.00000000  -0.00135238
 -0.00000000  -0.00000000     0.07827164  -0.00000000    -0.00000000  -0.00000000
 -0.00000000   0.00135238    -0.00000000  -0.00000000     0.03056587  -0.00000000
    6    7
  0.00000000  -0.00268032     0.00000000   0.00000000    -0.00376321  -0.00000000
  0.00000000   0.00000000    -0.00000000   0.07402889    -0.00000000   0.00000000
 -0.00376321  -0.00000000    -0.00000000   0.00000000    -0.00000000   0.01280966
    7    1
  0.00000000   0.02521133     0.00000000  -0.00000000    -0.01598022   0.00000000
  0.00000000  -0.00000000     0.00000000   0.00023415     0.00000000  -0.00000000
 -0.06162131   0.00000000     0.00000000   0.00000000     0.00000000   0.00190218
    7    2
 -0.02439309   0.00965980    -0.00000000   0.00000000     0.02102557  -0.00213707
 -0.00000000  -0.00000000    -0.00124273   0.00082948    -0.00000000  -0.00000000
  0.00984096   0.00066577    -0.00000000  -0.00000000    -0.00369588   0.00257405
    7    3
  0.00965980  -0.02439309    -0.00000000   0.00000000     0.00213707  -0.02102557
 -0.00000000   0.00000000     0.00082948  -0.00124273    -0.00000000  -0.00000000
 -0.00066577  -0.00984096     0.00000000   0.00000000     0.00257405  -0.00369588
    7    4
  0.00253332   0.00000000    -0.00000000  -0.00627172     0.00000000   0.00016640
 -0.00000000  -0.00016640    -0.00214485  -0.00000000     0.07436594   0.00000000
 -0.00000000   0.00627172     0.01602677   0.00000000    -0.00214485  -0.00000000
    7    5
  0.00000000   0.00253332    -0.00627172   0.00000000    -0.00016640   0.00000000
 -0.00016640   0.00000000    -0.00000000  -0.00214485    -0.00000000  -0.07436594
 -0.00627172   0.00000000    -0.00000000  -0.01602677    -0.00000000  -0.00214485
    7    6
  0.00000000   0.00268032     0.00000000  -0.00000000    -0.00376321   0.00000000
  0.00000000  -0.00000000    -0.00000000  -0.07402889    -0.00000000   0.00000000
 -0.00376321   0.00000000    -0.00000000  -0.00000000    -0.00000000  -0.01280966
    7    7
  0.05343573   0.00000000    -0.00000000   0.00000000    -0.00000000   0.00135238
 -0.00000000   0.00000000     0.07827164   0.00000000    -0.00000000   0.00000000
 -0.00000000  -0.00135238    -0.00000000   0.00000000     0.03056587   0.00000000

     Dynamical  Matrix in cartesian axes

     q = (   -0.433012700  -0.000000000  -0.000000000 ) 

    1    1
  0.34330281   0.00000000     0.00000000   0.00000000     0.00000000   0.00000000
  0.00000000   0.00000000     0.03177788   0.00000000     0.00000000   0.00000000
  0.00000000   0.00000000     0.00000000   0.00000000     0.03177788   0.00000000
    1    2
 -0.00245805  -0.00245805    -0.00000000   0.00000000     0.00000000   0.00000000
  0.00000000   0.00000000    -0.00088295  -0.01253802     0.00000000   0.00000000
  0.00000000   0.00000000     0.00000000   0.00000000    -0.01253802  -0.00088295
    1    3
 -0.00245805  -0.00245805     0.00000000  -0.00000000    -0.00000000   0.00000000
  0.00000000  -0.00000000    -0.01253802  -0.00088295     0.00000000   0.00000000
 -0.00000000   0.00000000    -0.00000000   0.00000000    -0.00088295  -0.01253802
    1    4
  0.00000000   0.02521133    -0.06162131   0.00000000     0.00000000  -0.00000000
 -0.01598022   0.00000000     0.00000000   0.00190218    -0.00000000   0.00000000
 -0.00000000   0.00000000     0.00000000   0.00000000     0.00000000   0.00023415
    1    5
  0.02521133   0.00000000     0.00000000  -0.06162131     0.00000000  -0.00000000
  0.00000000  -0.01598022     0.00190218   0.00000000    -0.00000000   0.00000000
  0.00000000  -0.00000000     0.00000000   0.00000000     0.00023415  -0.00000000
    1    6
  0.02521133   0.00000000    -0.00000000   0.00000000     0.00000000  -0.06162131
 -0.00000000   0.00000000     0.00023415   0.00000000    -0.00000000   0.00000000
  0.00000000  -0.01598022     0.00000000  -0.00000000     0.00190218  -0.00000000
    1    7
  0.00000000   0.02521133     0.00000000  -0.00000000    -0.06162131   0.00000000
  0.00000000  -0.00000000     0.00000000   0.00023415     0.00000000   0.00000000
 -0.01598022   0.00000000     0.00000000  -0.00000000     0.00000000   0.00190218
    2    1
 -0.00245805   0.00245805    -0.00000000   0.00000000     0.00000000   0.00000000
  0.00000000  -0.00000000    -0.00088295   0.01253802     0.00000000   0.00000000
  0.00000000   0.00000000     0.00000000   0.00000000    -0.01253802   0.00088295
    2    2
  0.08505280  -0.00000000    -0.00000000  -0.00000000    -0.00000000   0.00000000
 -0.00000000   0.00000000     0.03044646   0.00000000    -0.00000000   0.00000000
 -0.00000000   0.00000000    -0.00000000  -0.00000000     0.03044646  -0.00000000
    2    3
 -0.01776595  -0.00000000     0.00000000   0.00000000     0.00000000  -0.00000000
  0.00000000   0.00000000     0.00046588  -0.02196719     0.00000000  -0.00000000
  0.00000000  -0.00000000     0.00000000  -0.00000000     0.00046588   0.02196719
    2    4
  0.00965980  -0.02439309    -0.00066577  -0.00984096     0.00000000   0.00000000
  0.00213707  -0.02102557     0.00257405  -0.00369588     0.00000000   0.00000000
  0.00000000   0.00000000     0.00000000   0.00000000     0.00082948  -0.00124273
    2    5
 -0.02439309  -0.00965980     0.00984096  -0.00066577    -0.00000000  -0.00000000
  0.02102557   0.00213707    -0.00369588  -0.00257405    -0.00000000   0.00000000
 -0.00000000  -0.00000000     0.00000000   0.00000000    -0.00124273  -0.00082948
    2    6
  0.00965980   0.02439309     0.00000000   0.00000000    -0.00066577   0.00984096
  0.00000000  -0.00000000     0.00082948   0.00124273     0.00000000  -0.00000000
  0.00213707   0.02102557     0.00000000   0.00000000     0.00257405   0.00369588
    2    7
 -0.02439309   0.00965980     0.00000000   0.00000000     0.00984096   0.00066577
 -0.00000000   0.00000000    -0.00124273   0.00082948     0.00000000   0.00000000
  0.02102557  -0.00213707     0.00000000   0.00000000    -0.00369588   0.00257405
    3    1
 -0.00245805   0.00245805     0.00000000   0.00000000     0.00000000  -0.00000000
  0.00000000   0.00000000    -0.01253802   0.00088295     0.00000000  -0.00000000
  0.00000000  -0.00000000    -0.00000000  -0.00000000    -0.00088295   0.01253802
    3    2
 -0.01776595   0.00000000     0.00000000  -0.00000000     0.00000000   0.00000000
  0.00000000  -0.00000000     0.00046588   0.02196719     0.00000000   0.00000000
  0.00000000   0.00000000     0.00000000   0.00000000     0.00046588  -0.02196719
    3    3
  0.08505280   0.00000000    -0.00000000   0.00000000    -0.00000000  -0.00000000
 -0.00000000  -0.00000000     0.03044646  -0.00000000    -0.00000000  -0.00000000
 -0.00000000  -0.00000000    -0.00000000   0.00000000     0.03044646   0.00000000
    3    4
 -0.02439309   0.00965980     0.00984096   0.00066577    -0.00000000   0.00000000
  0.02102557  -0.00213707    -0.00369588   0.00257405     0.00000000   0.00000000
  0.00000000   0.00000000     0.00000000   0.00000000    -0.00124273   0.00082948
    3    5
  0.00965980   0.02439309    -0.00066577   0.00984096     0.00000000   0.00000000
  0.00213707   0.02102557     0.00257405   0.00369588     0.00000000   0.00000000
  0.00000000  -0.00000000    -0.00000000  -0.00000000     0.00082948   0.00124273
    3    6
 -0.02439309  -0.00965980     0.00000000   0.00000000     0.00984096  -0.00066577
 -0.00000000   0.00000000    -0.00124273  -0.00082948    -0.00000000   0.00000000
  0.02102557   0.00213707    -0.00000000   0.00000000    -0.00369588  -0.00257405
    3    7
  0.00965980  -0.02439309     0.00000000   0.00000000    -0.00066577  -0.00984096
  0.00000000   0.00000000     0.00082948  -0.00124273     0.00000000   0.00000000
  0.00213707  -0.02102557     0.00000000   0.00000000     0.00257405  -0.00369588
    4    1
  0.00000000  -0.02521133    -0.01598022  -0.00000000     0.00000000   0.00000000
 -0.06162131  -0.00000000     0.00000000  -0.00190218     0.00000000   0.00000000
  0.00000000  -0.00000000     0.00000000  -0.00000000     0.00000000  -0.00023415
    4    2
  0.00965980   0.02439309     0.00213707   0.02102557    -0.00000000   0.00000000
 -0.00066577   0.00984096     0.00257405   0.00369588    -0.00000000   0.00000000
 -0.00000000   0.00000000    -0.00000000   0.00000000     0.00082948   0.00124273
    4    3
 -0.02439309  -0.00965980     0.02102557   0.00213707     0.00000000   0.00000000
  0.00984096  -0.00066577    -0.00369588  -0.00257405     0.00000000   0.00000000
 -0.00000000   0.00000000    -0.00000000   0.00000000    -0.00124273  -0.00082948
    4    4
  0.05343573  -0.00000000    -0.00000000  -0.00135238    -0.00000000  -0.00000000
  0.00000000   0.00135238     0.03056587  -0.00000000    -0.00000000  -0.00000000
 -0.00000000  -0.00000000    -0.00000000  -0.00000000     0.07827164  -0.00000000
    4    5
  0.00000000  -0.00268032    -0.00376321  -0.00000000     0.00000000  -0.00000000
 -0.00376321  -0.00000000    -0.00000000   0.01280966     0.00000000  -0.00000000
  0.00000000  -0.00000000     0.00000000  -0.00000000    -0.00000000   0.07402889
    4    6
  0.00000000  -0.00253332    -0.00016640  -0.00000000    -0.00627172  -0.00000000
 -0.00627172  -0.00000000    -0.00000000   0.00214485    -0.00000000   0.01602677
 -0.00016640  -0.00000000    -0.00000000   0.07436594    -0.00000000   0.00214485
    4    7
  0.00253332  -0.00000000    -0.00000000  -0.00016640     0.00000000   0.00627172
 -0.00000000  -0.00627172    -0.00214485   0.00000000     0.01602677  -0.00000000
 -0.00000000   0.00016640     0.07436594  -0.00000000    -0.00214485   0.00000000
    5    1
  0.02521133   0.00000000     0.00000000   0.01598022     0.00000000   0.00000000
  0.00000000   0.06162131     0.00190218  -0.00000000     0.00000000  -0.00000000
  0.00000000   0.00000000     0.00000000   0.00000000     0.00023415   0.00000000
    5    2
 -0.02439309   0.00965980     0.02102557  -0.00213707    -0.00000000  -0.00000000
  0.00984096   0.00066577    -0.00369588   0.00257405    -0.00000000   0.00000000
 -0.00000000  -0.00000000     0.00000000  -0.00000000    -0.00124273   0.00082948
    5    3
  0.00965980  -0.02439309     0.00213707  -0.02102557    -0.00000000  -0.00000000
 -0.00066577  -0.00984096     0.00257405  -0.00369588    -0.00000000  -0.00000000
 -0.00000000   0.00000000    -0.00000000   0.00000000     0.00082948  -0.00124273
    5    4
  0.00000000   0.00268032    -0.00376321   0.00000000     0.00000000   0.00000000
 -0.00376321   0.00000000    -0.00000000  -0.01280966     0.00000000   0.00000000
  0.00000000   0.00000000     0.00000000   0.00000000    -0.00000000  -0.07402889
    5    5
  0.05343573   0.00000000    -0.00000000   0.00135238    -0.00000000   0.00000000
  0.00000000  -0.00135238     0.03056587   0.00000000    -0.00000000   0.00000000
 -0.00000000   0.00000000    -0.00000000   0.00000000     0.07827164   0.00000000
    5    6
  0.00253332   0.00000000    -0.00000000   0.00016640     0.00000000  -0.00627172
 -0.00000000   0.00627172    -0.00214485  -0.00000000     0.01602677   0.00000000
 -0.00000000  -0.00016640     0.07436594   0.00000000    -0.00214485  -0.00000000
    5    7
  0.00000000   0.00253332    -0.00016640   0.00000000    -0.00627172   0.00000000
 -0.00627172   0.00000000    -0.00000000  -0.00214485    -0.00000000  -0.01602677
 -0.00016640   0.00000000    -0.00000000  -0.07436594    -0.00000000  -0.00214485
    6    1
  0.02521133  -0.00000000     0.00000000  -0.00000000     0.00000000   0.01598022
 -0.00000000  -0.00000000     0.00023415  -0.00000000     0.00000000  -0.00000000
  0.00000000   0.06162131    -0.00000000  -0.00000000     0.00190218   0.00000000
    6    2
  0.00965980  -0.02439309    -0.00000000   0.00000000     0.00213707  -0.02102557
 -0.00000000   0.00000000     0.00082948  -0.00124273    -0.00000000  -0.00000000
 -0.00066577  -0.00984096    -0.00000000   0.00000000     0.00257405  -0.00369588
    6    3
 -0.02439309   0.00965980    -0.00000000   0.00000000     0.02102557  -0.00213707
 -0.00000000   0.00000000    -0.00124273   0.00082948     0.00000000  -0.00000000
  0.00984096   0.00066577     0.00000000  -0.00000000    -0.00369588   0.00257405
    6    4
  0.00000000   0.00253332    -0.00627172   0.00000000    -0.00016640   0.00000000
 -0.00016640   0.00000000    -0.00000000  -0.00214485    -0.00000000  -0.07436594
 -0.00627172   0.00000000    -0.00000000  -0.01602677    -0.00000000  -0.00214485
    6    5
  0.00253332  -0.00000000    -0.00000000  -0.00627172     0.00000000   0.00016640
 -0.00000000  -0.00016640    -0.00214485   0.00000000     0.07436594  -0.00000000
  0.00000000   0.00627172     0.01602677  -0.00000000    -0.00214485   0.00000000
    6    6
  0.05343573   0.00000000    -0.00000000  -0.00000000    -0.00000000   0.00135238
 -0.00000000   0.00000000     0.07827164   0.00000000    -0.00000000  -0.00000000
 -0.00000000  -0.00135238    -0.00000000   0.00000000     0.03056587  -0.00000000
    6    7
  0.00000000   0.00268032     0.00000000   0.00000000    -0.00376321   0.00000000
  0.00000000   0.00000000    -0.00000000  -0.07402889    -0.00000000   0.00000000
 -0.00376321   0.00000000    -0.00000000   0.00000000    -0.00000000  -0.01280966
    7    1
  0.00000000  -0.02521133     0.00000000   0.00000000    -0.01598022  -0.00000000
  0.00000000   0.00000000     0.00000000  -0.00023415     0.00000000   0.00000000
 -0.06162131  -0.00000000     0.00000000   0.00000000     0.00000000  -0.00190218
    7    2
 -0.02439309  -0.00965980    -0.00000000   0.00000000     0.02102557   0.00213707
 -0.00000000   0.00000000    -0.00124273  -0.00082948    -0.00000000   0.00000000
  0.00984096  -0.00066577     0.00000000  -0.00000000    -0.00369588  -0.00257405
    7    3
  0.00965980   0.02439309    -0.00000000  -0.00000000     0.00213707   0.02102557
 -0.00000000  -0.00000000     0.00082948   0.00124273    -0.00000000   0.00000000
 -0.00066577   0.00984096    -0.00000000  -0.00000000     0.00257405   0.00369588
    7    4
  0.00253332   0.00000000    -0.00000000   0.00627172     0.00000000  -0.00016640
 -0.00000000   0.00016640    -0.00214485  -0.00000000     0.07436594   0.00000000
  0.00000000  -0.00627172     0.01602677   0.00000000    -0.00214485   0.00000000
    7    5
  0.00000000  -0.00253332    -0.00627172  -0.00000000    -0.00016640  -0.00000000
 -0.00016640  -0.00000000    -0.00000000   0.00214485    -0.00000000   0.07436594
 -0.00627172  -0.00000000    -0.00000000   0.01602677    -0.00000000   0.00214485
    7    6
  0.00000000  -0.00268032     0.00000000   0.00000000    -0.00376321  -0.00000000
  0.00000000  -0.00000000    -0.00000000   0.07402889    -0.00000000  -0.00000000
 -0.00376321  -0.00000000    -0.00000000   0.00000000    -0.00000000   0.01280966
    7    7
  0.05343573  -0.00000000    -0.00000000   0.00000000    -0.00000000  -0.00135238
 -0.00000000  -0.00000000     0.07827164  -0.00000000    -0.00000000   0.00000000
 -0.00000000   0.00135238    -0.00000000   0.00000000     0.03056587   0.00000000

     Dynamical  Matrix in cartesian axes

     q = (   -0.000000000   0.433012700   0.000000000 ) 

    1    1
  0.03177788   0.00000000    -0.00000000   0.00000000     0.00000000   0.00000000
 -0.00000000   0.00000000     0.34330281   0.00000000     0.00000000   0.00000000
  0.00000000   0.00000000     0.00000000   0.00000000     0.03177788   0.00000000
    1    2
  0.00190218   0.00000000     0.00000000   0.01598022     0.00000000   0.00000000
  0.00000000   0.06162131     0.02521133  -0.00000000    -0.00000000   0.00000000
  0.00000000   0.00000000     0.00000000   0.00000000     0.00023415   0.00000000
    1    3
  0.00000000  -0.00190218    -0.01598022  -0.00000000    -0.00000000  -0.00000000
 -0.06162131  -0.00000000     0.00000000  -0.02521133     0.00000000  -0.00000000
 -0.00000000  -0.00000000     0.00000000  -0.00000000     0.00000000  -0.00023415
    1    4
 -0.01253802   0.00088295     0.00000000   0.00000000     0.00000000  -0.00000000
  0.00000000  -0.00000000    -0.00245805   0.00245805     0.00000000  -0.00000000
  0.00000000  -0.00000000     0.00000000  -0.00000000    -0.00088295   0.01253802
    1    5
 -0.00088295   0.01253802     0.00000000   0.00000000     0.00000000   0.00000000
  0.00000000   0.00000000    -0.00245805   0.00245805     0.00000000   0.00000000
  0.00000000   0.00000000     0.00000000   0.00000000    -0.01253802   0.00088295
    1    6
  0.00000000  -0.00023415     0.00000000   0.00000000    -0.00000000   0.00000000
  0.00000000   0.00000000     0.00000000  -0.02521133    -0.06162131  -0.00000000
 -0.00000000  -0.00000000    -0.01598022  -0.00000000     0.00000000  -0.00190218
    1    7
  0.00023415  -0.00000000    -0.00000000  -0.00000000     0.00000000   0.00000000
 -0.00000000  -0.00000000     0.02521133  -0.00000000     0.00000000   0.06162131
