  3.000000000000000E-002   1.26007061404212        2.36059544634539     
           6

     Dynamical  Matrix in cartesian axes

     q = (   -0.433012700  -0.433012700   0.000000000 ) 

    1    1
  0.14728625   0.00000000     0.07972361   0.00000000    -0.00000000   0.00000000
  0.07972361   0.00000000     0.14728625   0.00000000    -0.00000000   0.00000000
 -0.00000000   0.00000000    -0.00000000   0.00000000     0.04475813   0.00000000
    1    2
 -0.03361300   0.00000000     0.02197140  -0.00000000     0.00000000   0.00000000
 -0.00786990   0.00000000     0.02908544  -0.00000000     0.00000000   0.00000000
  0.00000000   0.00000000     0.00000000   0.00000000    -0.01340754   0.00000000
    1    3
  0.03361300  -0.00000000    -0.02197140   0.00000000     0.00000000   0.00000000
  0.00786990  -0.00000000    -0.02908544   0.00000000     0.00000000   0.00000000
 -0.00000000   0.00000000    -0.00000000   0.00000000     0.01340754  -0.00000000
    1    4
 -0.02908544   0.00000000     0.00786990  -0.00000000     0.00000000   0.00000000
 -0.02197140   0.00000000     0.03361300  -0.00000000     0.00000000   0.00000000
 -0.00000000  -0.00000000    -0.00000000   0.00000000     0.01340754  -0.00000000
    1    5
  0.02908544  -0.00000000    -0.00786990   0.00000000     0.00000000   0.00000000
  0.02197140  -0.00000000    -0.03361300   0.00000000     0.00000000   0.00000000
  0.00000000   0.00000000     0.00000000   0.00000000    -0.01340754   0.00000000
    1    6
 -0.00000000   0.00000000    -0.00000000   0.00000000     0.00835151  -0.00000000
  0.00000000   0.00000000     0.00000000   0.00000000    -0.00835151   0.00000000
  0.01868094  -0.00000000    -0.01868094   0.00000000     0.00000000   0.00000000
    1    7
  0.00000000   0.00000000    -0.00000000   0.00000000    -0.00835151   0.00000000
  0.00000000   0.00000000    -0.00000000   0.00000000     0.00835151  -0.00000000
 -0.01868094   0.00000000     0.01868094  -0.00000000     0.00000000   0.00000000
    2    1
 -0.03361300  -0.00000000    -0.00786990  -0.00000000     0.00000000  -0.00000000
  0.02197140   0.00000000     0.02908544   0.00000000     0.00000000  -0.00000000
  0.00000000  -0.00000000     0.00000000  -0.00000000    -0.01340754  -0.00000000
    2    2
  0.06430131   0.00000000     0.01333742   0.00000000     0.00000000   0.00000000
  0.01333742   0.00000000     0.08740545   0.00000000    -0.00000000   0.00000000
 -0.00000000   0.00000000    -0.00000000   0.00000000     0.03212613   0.00000000
    2    3
  0.00805235   0.00000000     0.02216242   0.00000000     0.00000000   0.00000000
  0.02216242   0.00000000     0.04249389   0.00000000     0.00000000   0.00000000
  0.00000000   0.00000000     0.00000000   0.00000000    -0.02425635   0.00000000
    2    4
  0.03825785   0.00000000     0.03378634   0.00000000    -0.00000000   0.00000000
  0.05459732   0.00000000     0.03825785   0.00000000    -0.00000000   0.00000000
 -0.00000000   0.00000000    -0.00000000   0.00000000     0.01312305   0.00000000
    2    5
 -0.00718447   0.00000000     0.02960042   0.00000000    -0.00000000   0.00000000
  0.07136534   0.00000000    -0.00718447   0.00000000    -0.00000000   0.00000000
 -0.00000000   0.00000000    -0.00000000   0.00000000    -0.01224617   0.00000000
    2    6
 -0.01997455   0.00000000    -0.01396517   0.00000000    -0.00956739   0.00000000
 -0.00640331   0.00000000    -0.00334114   0.00000000    -0.00547088   0.00000000
 -0.02687289   0.00000000    -0.01112525   0.00000000    -0.00368380   0.00000000
    2    7
 -0.01997455   0.00000000    -0.01396517   0.00000000     0.00956739   0.00000000
 -0.00640331   0.00000000    -0.00334114   0.00000000     0.00547088   0.00000000
  0.02687289   0.00000000     0.01112525   0.00000000    -0.00368380   0.00000000
    3    1
  0.03361300   0.00000000     0.00786990   0.00000000    -0.00000000   0.00000000
 -0.02197140  -0.00000000    -0.02908544  -0.00000000    -0.00000000   0.00000000
  0.00000000   0.00000000     0.00000000   0.00000000     0.01340754   0.00000000
    3    2
  0.00805235   0.00000000     0.02216242   0.00000000     0.00000000   0.00000000
  0.02216242   0.00000000     0.04249389   0.00000000     0.00000000   0.00000000
  0.00000000   0.00000000     0.00000000   0.00000000    -0.02425635   0.00000000
    3    3
  0.06430131   0.00000000     0.01333742   0.00000000    -0.00000000   0.00000000
  0.01333742   0.00000000     0.08740545   0.00000000    -0.00000000   0.00000000
 -0.00000000   0.00000000    -0.00000000   0.00000000     0.03212613   0.00000000
    3    4
 -0.00718447   0.00000000     0.02960042   0.00000000     0.00000000   0.00000000
  0.07136534   0.00000000    -0.00718447   0.00000000     0.00000000   0.00000000
  0.00000000   0.00000000     0.00000000   0.00000000    -0.01224617   0.00000000
    3    5
  0.03825785   0.00000000     0.03378634   0.00000000    -0.00000000   0.00000000
  0.05459732   0.00000000     0.03825785   0.00000000    -0.00000000   0.00000000
 -0.00000000   0.00000000    -0.00000000   0.00000000     0.01312305   0.00000000
    3    6
 -0.01997455   0.00000000    -0.01396517   0.00000000     0.00956739   0.00000000
 -0.00640331   0.00000000    -0.00334114   0.00000000     0.00547088   0.00000000
  0.02687289   0.00000000     0.01112525   0.00000000    -0.00368380   0.00000000
    3    7
 -0.01997455   0.00000000    -0.01396517   0.00000000    -0.00956739   0.00000000
 -0.00640331   0.00000000    -0.00334114   0.00000000    -0.00547088   0.00000000
 -0.02687289   0.00000000    -0.01112525   0.00000000    -0.00368380   0.00000000
    4    1
 -0.02908544  -0.00000000    -0.02197140  -0.00000000    -0.00000000   0.00000000
  0.00786990   0.00000000     0.03361300   0.00000000    -0.00000000  -0.00000000
  0.00000000  -0.00000000     0.00000000  -0.00000000     0.01340754   0.00000000
    4    2
  0.03825785   0.00000000     0.05459732   0.00000000    -0.00000000   0.00000000
  0.03378634   0.00000000     0.03825785   0.00000000    -0.00000000   0.00000000
 -0.00000000   0.00000000    -0.00000000   0.00000000     0.01312305   0.00000000
    4    3
 -0.00718447   0.00000000     0.07136534   0.00000000     0.00000000   0.00000000
  0.02960042   0.00000000    -0.00718447   0.00000000     0.00000000   0.00000000
  0.00000000   0.00000000    -0.00000000   0.00000000    -0.01224617   0.00000000
    4    4
  0.08740545   0.00000000     0.01333742   0.00000000    -0.00000000   0.00000000
  0.01333742   0.00000000     0.06430131   0.00000000    -0.00000000   0.00000000
 -0.00000000   0.00000000    -0.00000000   0.00000000     0.03212613   0.00000000
    4    5
  0.04249389   0.00000000     0.02216242   0.00000000     0.00000000   0.00000000
  0.02216242   0.00000000     0.00805235   0.00000000     0.00000000   0.00000000
  0.00000000   0.00000000     0.00000000   0.00000000    -0.02425635   0.00000000
    4    6
 -0.00334114   0.00000000    -0.00640331   0.00000000    -0.00547088   0.00000000
 -0.01396517   0.00000000    -0.01997455   0.00000000    -0.00956739   0.00000000
 -0.01112525   0.00000000    -0.02687289   0.00000000    -0.00368380   0.00000000
    4    7
 -0.00334114   0.00000000    -0.00640331   0.00000000     0.00547088   0.00000000
 -0.01396517   0.00000000    -0.01997455   0.00000000     0.00956739   0.00000000
  0.01112525   0.00000000     0.02687289   0.00000000    -0.00368380   0.00000000
    5    1
  0.02908544   0.00000000     0.02197140   0.00000000     0.00000000  -0.00000000
 -0.00786990  -0.00000000    -0.03361300  -0.00000000     0.00000000  -0.00000000
  0.00000000  -0.00000000     0.00000000  -0.00000000    -0.01340754  -0.00000000
    5    2
 -0.00718447   0.00000000     0.07136534   0.00000000     0.00000000   0.00000000
  0.02960042   0.00000000    -0.00718447   0.00000000     0.00000000   0.00000000
  0.00000000   0.00000000     0.00000000   0.00000000    -0.01224617   0.00000000
    5    3
  0.03825785   0.00000000     0.05459732   0.00000000    -0.00000000   0.00000000
  0.03378634   0.00000000     0.03825785   0.00000000    -0.00000000   0.00000000
 -0.00000000   0.00000000    -0.00000000   0.00000000     0.01312305   0.00000000
    5    4
  0.04249389   0.00000000     0.02216242   0.00000000     0.00000000   0.00000000
  0.02216242   0.00000000     0.00805235   0.00000000     0.00000000   0.00000000
  0.00000000   0.00000000     0.00000000   0.00000000    -0.02425635   0.00000000
    5    5
  0.08740545   0.00000000     0.01333742   0.00000000    -0.00000000   0.00000000
  0.01333742   0.00000000     0.06430131   0.00000000    -0.00000000   0.00000000
  0.00000000   0.00000000     0.00000000   0.00000000     0.03212613   0.00000000
    5    6
 -0.00334114   0.00000000    -0.00640331   0.00000000     0.00547088   0.00000000
 -0.01396517   0.00000000    -0.01997455   0.00000000     0.00956739   0.00000000
  0.01112525   0.00000000     0.02687289   0.00000000    -0.00368380   0.00000000
    5    7
 -0.00334114   0.00000000    -0.00640331   0.00000000    -0.00547088   0.00000000
 -0.01396517   0.00000000    -0.01997455   0.00000000    -0.00956739   0.00000000
 -0.01112525   0.00000000    -0.02687289   0.00000000    -0.00368380   0.00000000
    6    1
  0.00000000  -0.00000000     0.00000000  -0.00000000     0.01868094   0.00000000
 -0.00000000  -0.00000000    -0.00000000  -0.00000000    -0.01868094  -0.00000000
  0.00835151   0.00000000    -0.00835151  -0.00000000     0.00000000  -0.00000000
    6    2
 -0.01997455   0.00000000    -0.00640331   0.00000000    -0.02687289   0.00000000
 -0.01396517   0.00000000    -0.00334114   0.00000000    -0.01112525   0.00000000
 -0.00956739   0.00000000    -0.00547088   0.00000000    -0.00368380   0.00000000
    6    3
 -0.01997455   0.00000000    -0.00640331   0.00000000     0.02687289   0.00000000
 -0.01396517   0.00000000    -0.00334114   0.00000000     0.01112525   0.00000000
  0.00956739   0.00000000     0.00547088   0.00000000    -0.00368380   0.00000000
    6    4
 -0.00334114   0.00000000    -0.01396517   0.00000000    -0.01112525   0.00000000
 -0.00640331   0.00000000    -0.01997455   0.00000000    -0.02687289   0.00000000
 -0.00547088   0.00000000    -0.00956739   0.00000000    -0.00368380   0.00000000
    6    5
 -0.00334114   0.00000000    -0.01396517   0.00000000     0.01112525   0.00000000
 -0.00640331   0.00000000    -0.01997455   0.00000000     0.02687289   0.00000000
  0.00547088   0.00000000     0.00956739   0.00000000    -0.00368380   0.00000000
    6    6
  0.04797580   0.00000000     0.01776920   0.00000000    -0.00000000   0.00000000
  0.01776920   0.00000000     0.04797580   0.00000000    -0.00000000   0.00000000
 -0.00000000   0.00000000    -0.00000000   0.00000000     0.01610699   0.00000000
    6    7
 -0.01247163   0.00000000    -0.00090378   0.00000000    -0.00000000   0.00000000
 -0.00090378   0.00000000    -0.01247163   0.00000000     0.00000000   0.00000000
  0.00000000   0.00000000    -0.00000000   0.00000000     0.00192406   0.00000000
    7    1
  0.00000000  -0.00000000     0.00000000  -0.00000000    -0.01868094  -0.00000000
  0.00000000  -0.00000000    -0.00000000  -0.00000000     0.01868094   0.00000000
 -0.00835151  -0.00000000     0.00835151   0.00000000     0.00000000  -0.00000000
    7    2
 -0.01997455   0.00000000    -0.00640331   0.00000000     0.02687289   0.00000000
 -0.01396517   0.00000000    -0.00334114   0.00000000     0.01112525   0.00000000
  0.00956739   0.00000000     0.00547088   0.00000000    -0.00368380   0.00000000
    7    3
 -0.01997455   0.00000000    -0.00640331   0.00000000    -0.02687289   0.00000000
 -0.01396517   0.00000000    -0.00334114   0.00000000    -0.01112525   0.00000000
 -0.00956739   0.00000000    -0.00547088   0.00000000    -0.00368380   0.00000000
    7    4
 -0.00334114   0.00000000    -0.01396517   0.00000000     0.01112525   0.00000000
 -0.00640331   0.00000000    -0.01997455   0.00000000     0.02687289   0.00000000
  0.00547088   0.00000000     0.00956739   0.00000000    -0.00368380   0.00000000
    7    5
 -0.00334114   0.00000000    -0.01396517   0.00000000    -0.01112525   0.00000000
 -0.00640331   0.00000000    -0.01997455   0.00000000    -0.02687289   0.00000000
 -0.00547088   0.00000000    -0.00956739   0.00000000    -0.00368380   0.00000000
    7    6
 -0.01247163   0.00000000    -0.00090378   0.00000000    -0.00000000   0.00000000
 -0.00090378   0.00000000    -0.01247163   0.00000000    -0.00000000   0.00000000
 -0.00000000   0.00000000    -0.00000000   0.00000000     0.00192406   0.00000000
    7    7
  0.04797580   0.00000000     0.01776920   0.00000000     0.00000000   0.00000000
  0.01776920   0.00000000     0.04797580   0.00000000     0.00000000   0.00000000
 -0.00000000   0.00000000     0.00000000   0.00000000     0.01610699   0.00000000

     Dynamical  Matrix in cartesian axes

     q = (    0.000000000   0.433012700  -0.433012700 ) 

    1    1
  0.04475813   0.00000000    -0.00000000   0.00000000    -0.00000000   0.00000000
 -0.00000000   0.00000000     0.14728625   0.00000000    -0.07972361   0.00000000
 -0.00000000   0.00000000    -0.07972361   0.00000000     0.14728625   0.00000000
    1    2
  0.00000000   0.00000000    -0.01868094   0.00000000    -0.01868094   0.00000000
 -0.00835151   0.00000000     0.00000000   0.00000000     0.00000000  -0.00000000
 -0.00835151   0.00000000     0.00000000  -0.00000000     0.00000000   0.00000000
    1    3
  0.00000000  -0.00000000    -0.01868094  -0.00000000    -0.01868094  -0.00000000
 -0.00835151  -0.00000000     0.00000000  -0.00000000     0.00000000   0.00000000
 -0.00835151  -0.00000000     0.00000000   0.00000000     0.00000000  -0.00000000
    1    4
 -0.01340754  -0.00000000     0.00000000   0.00000000    -0.00000000   0.00000000
  0.00000000   0.00000000    -0.03361300  -0.00000000    -0.02197140  -0.00000000
 -0.00000000  -0.00000000     0.00786990   0.00000000     0.02908544   0.00000000
    1    5
 -0.01340754   0.00000000     0.00000000   0.00000000    -0.00000000   0.00000000
  0.00000000   0.00000000    -0.03361300   0.00000000    -0.02197140   0.00000000
 -0.00000000  -0.00000000     0.00786990  -0.00000000     0.02908544  -0.00000000
    1    6
 -0.01340754  -0.00000000     0.00000000  -0.00000000     0.00000000  -0.00000000
 -0.00000000   0.00000000     0.02908544   0.00000000     0.00786990   0.00000000
  0.00000000  -0.00000000    -0.02197140  -0.00000000    -0.03361300  -0.00000000
    1    7
 -0.01340754   0.00000000     0.00000000   0.00000000     0.00000000   0.00000000
 -0.00000000  -0.00000000     0.02908544  -0.00000000     0.00786990  -0.00000000
  0.00000000   0.00000000    -0.02197140   0.00000000    -0.03361300   0.00000000
    2    1
  0.00000000  -0.00000000    -0.00835151  -0.00000000    -0.00835151  -0.00000000
 -0.01868094  -0.00000000     0.00000000  -0.00000000    -0.00000000   0.00000000
 -0.01868094  -0.00000000     0.00000000   0.00000000    -0.00000000  -0.00000000
    2    2
  0.01610699   0.00000000     0.00000000   0.00000000    -0.00000000   0.00000000
  0.00000000   0.00000000     0.04797580   0.00000000    -0.01776920   0.00000000
  0.00000000   0.00000000    -0.01776920   0.00000000     0.04797580   0.00000000
    2    3
 -0.00192406  -0.00000000     0.00000000   0.00000000    -0.00000000  -0.00000000
  0.00000000   0.00000000     0.01247163   0.00000000    -0.00090378  -0.00000000
 -0.00000000  -0.00000000    -0.00090378  -0.00000000     0.01247163   0.00000000
    2    4
  0.00368380   0.00000000     0.00956739   0.00000000    -0.00547088  -0.00000000
  0.02687289   0.00000000     0.01997455   0.00000000    -0.00640331  -0.00000000
 -0.01112525  -0.00000000    -0.01396517  -0.00000000     0.00334114   0.00000000
    2    5
 -0.00368380   0.00000000     0.00956739  -0.00000000    -0.00547088   0.00000000
  0.02687289  -0.00000000    -0.01997455   0.00000000     0.00640331  -0.00000000
 -0.01112525   0.00000000     0.01396517  -0.00000000    -0.00334114   0.00000000
    2    6
  0.00368380   0.00000000    -0.00547088  -0.00000000     0.00956739   0.00000000
 -0.01112525  -0.00000000     0.00334114   0.00000000    -0.01396517  -0.00000000
  0.02687289   0.00000000    -0.00640331  -0.00000000     0.01997455   0.00000000
    2    7
 -0.00368380   0.00000000    -0.00547088   0.00000000     0.00956739  -0.00000000
 -0.01112525   0.00000000    -0.00334114   0.00000000     0.01396517  -0.00000000
  0.02687289  -0.00000000     0.00640331  -0.00000000    -0.01997455   0.00000000
    3    1
  0.00000000   0.00000000    -0.00835151   0.00000000    -0.00835151   0.00000000
 -0.01868094   0.00000000     0.00000000   0.00000000     0.00000000  -0.00000000
 -0.01868094   0.00000000    -0.00000000  -0.00000000     0.00000000   0.00000000
    3    2
 -0.00192406   0.00000000    -0.00000000  -0.00000000    -0.00000000   0.00000000
  0.00000000  -0.00000000     0.01247163  -0.00000000    -0.00090378   0.00000000
 -0.00000000   0.00000000    -0.00090378   0.00000000     0.01247163  -0.00000000
    3    3
  0.01610699   0.00000000     0.00000000   0.00000000    -0.00000000   0.00000000
 -0.00000000   0.00000000     0.04797580   0.00000000    -0.01776920   0.00000000
 -0.00000000   0.00000000    -0.01776920   0.00000000     0.04797580   0.00000000
    3    4
 -0.00368380   0.00000000     0.00956739  -0.00000000    -0.00547088   0.00000000
  0.02687289  -0.00000000    -0.01997455   0.00000000     0.00640331  -0.00000000
 -0.01112525   0.00000000     0.01396517  -0.00000000    -0.00334114   0.00000000
    3    5
  0.00368380  -0.00000000     0.00956739  -0.00000000    -0.00547088   0.00000000
  0.02687289  -0.00000000     0.01997455  -0.00000000    -0.00640331   0.00000000
 -0.01112525   0.00000000    -0.01396517   0.00000000     0.00334114  -0.00000000
    3    6
 -0.00368380   0.00000000    -0.00547088   0.00000000     0.00956739  -0.00000000
 -0.01112525   0.00000000    -0.00334114   0.00000000     0.01396517  -0.00000000
  0.02687289  -0.00000000     0.00640331  -0.00000000    -0.01997455   0.00000000
    3    7
  0.00368380  -0.00000000    -0.00547088   0.00000000     0.00956739  -0.00000000
 -0.01112525   0.00000000     0.00334114  -0.00000000    -0.01396517   0.00000000
  0.02687289  -0.00000000    -0.00640331   0.00000000     0.01997455  -0.00000000
    4    1
 -0.01340754   0.00000000     0.00000000  -0.00000000    -0.00000000   0.00000000
 -0.00000000  -0.00000000    -0.03361300   0.00000000     0.00786990  -0.00000000
 -0.00000000  -0.00000000    -0.02197140   0.00000000     0.02908544  -0.00000000
    4    2
  0.00368380  -0.00000000     0.02687289  -0.00000000    -0.01112525   0.00000000
  0.00956739  -0.00000000     0.01997455  -0.00000000    -0.01396517   0.00000000
 -0.00547088   0.00000000    -0.00640331   0.00000000     0.00334114  -0.00000000
    4    3
 -0.00368380  -0.00000000     0.02687289   0.00000000    -0.01112525  -0.00000000
  0.00956739   0.00000000    -0.01997455  -0.00000000     0.01396517   0.00000000
 -0.00547088  -0.00000000     0.00640331   0.00000000    -0.00334114  -0.00000000
    4    4
  0.03212613   0.00000000     0.00000000   0.00000000    -0.00000000   0.00000000
  0.00000000   0.00000000     0.06430131   0.00000000    -0.01333742   0.00000000
 -0.00000000   0.00000000    -0.01333742   0.00000000     0.08740545   0.00000000
    4    5
  0.02425635  -0.00000000     0.00000000   0.00000000     0.00000000  -0.00000000
 -0.00000000   0.00000000    -0.00805235   0.00000000     0.02216242  -0.00000000
  0.00000000  -0.00000000     0.02216242  -0.00000000    -0.04249389   0.00000000
    4    6
 -0.01224617  -0.00000000     0.00000000   0.00000000     0.00000000   0.00000000
  0.00000000   0.00000000    -0.00718447  -0.00000000    -0.02960042  -0.00000000
 -0.00000000   0.00000000    -0.07136534  -0.00000000    -0.00718447  -0.00000000
    4    7
 -0.01312305   0.00000000    -0.00000000   0.00000000     0.00000000  -0.00000000
 -0.00000000  -0.00000000    -0.03825785   0.00000000     0.03378634  -0.00000000
  0.00000000  -0.00000000     0.05459732  -0.00000000    -0.03825785   0.00000000
    5    1
 -0.01340754  -0.00000000     0.00000000  -0.00000000    -0.00000000   0.00000000
  0.00000000  -0.00000000    -0.03361300  -0.00000000     0.00786990   0.00000000
 -0.00000000  -0.00000000    -0.02197140  -0.00000000     0.02908544   0.00000000
    5    2
 -0.00368380  -0.00000000     0.02687289   0.00000000    -0.01112525  -0.00000000
  0.00956739   0.00000000    -0.01997455  -0.00000000     0.01396517   0.00000000
 -0.00547088  -0.00000000     0.00640331   0.00000000    -0.00334114  -0.00000000
    5    3
  0.00368380   0.00000000     0.02687289   0.00000000    -0.01112525  -0.00000000
  0.00956739   0.00000000     0.01997455   0.00000000    -0.01396517  -0.00000000
 -0.00547088  -0.00000000    -0.00640331  -0.00000000     0.00334114   0.00000000
    5    4
  0.02425635   0.00000000    -0.00000000  -0.00000000     0.00000000   0.00000000
 -0.00000000  -0.00000000    -0.00805235  -0.00000000     0.02216242   0.00000000
  0.00000000   0.00000000     0.02216242   0.00000000    -0.04249389  -0.00000000
    5    5
  0.03212613   0.00000000     0.00000000   0.00000000    -0.00000000   0.00000000
  0.00000000   0.00000000     0.06430131   0.00000000    -0.01333742   0.00000000
 -0.00000000   0.00000000    -0.01333742   0.00000000     0.08740545   0.00000000
    5    6
 -0.01312305  -0.00000000    -0.00000000   0.00000000    -0.00000000  -0.00000000
 -0.00000000   0.00000000    -0.03825785  -0.00000000     0.03378634   0.00000000
 -0.00000000  -0.00000000     0.05459732   0.00000000    -0.03825785  -0.00000000
    5    7
 -0.01224617   0.00000000     0.00000000  -0.00000000     0.00000000  -0.00000000
  0.00000000   0.00000000    -0.00718447   0.00000000    -0.02960042   0.00000000
  0.00000000  -0.00000000    -0.07136534   0.00000000    -0.00718447   0.00000000
    6    1
 -0.01340754   0.00000000    -0.00000000  -0.00000000     0.00000000   0.00000000
 -0.00000000   0.00000000     0.02908544  -0.00000000    -0.02197140   0.00000000
  0.00000000   0.00000000     0.00786990  -0.00000000    -0.03361300   0.00000000
    6    2
  0.00368380  -0.00000000    -0.01112525   0.00000000     0.02687289  -0.00000000
 -0.00547088   0.00000000     0.00334114  -0.00000000    -0.00640331   0.00000000
  0.00956739  -0.00000000    -0.01396517   0.00000000     0.01997455  -0.00000000
    6    3
 -0.00368380  -0.00000000    -0.01112525  -0.00000000     0.02687289   0.00000000
 -0.00547088  -0.00000000    -0.00334114  -0.00000000     0.00640331   0.00000000
  0.00956739   0.00000000     0.01396517   0.00000000    -0.01997455  -0.00000000
    6    4
 -0.01224617   0.00000000     0.00000000  -0.00000000     0.00000000  -0.00000000
  0.00000000  -0.00000000    -0.00718447   0.00000000    -0.07136534   0.00000000
  0.00000000  -0.00000000    -0.02960042   0.00000000    -0.00718447   0.00000000
    6    5
 -0.01312305   0.00000000     0.00000000  -0.00000000     0.00000000   0.00000000
 -0.00000000  -0.00000000    -0.03825785   0.00000000     0.05459732  -0.00000000
  0.00000000   0.00000000     0.03378634  -0.00000000    -0.03825785   0.00000000
    6    6
  0.03212613   0.00000000     0.00000000   0.00000000    -0.00000000   0.00000000
  0.00000000   0.00000000     0.08740545   0.00000000    -0.01333742   0.00000000
 -0.00000000   0.00000000    -0.01333742   0.00000000     0.06430131   0.00000000
    6    7
  0.02425635  -0.00000000     0.00000000  -0.00000000    -0.00000000   0.00000000
 -0.00000000  -0.00000000    -0.04249389   0.00000000     0.02216242  -0.00000000
  0.00000000   0.00000000     0.02216242  -0.00000000    -0.00805235   0.00000000
    7    1
 -0.01340754  -0.00000000    -0.00000000   0.00000000     0.00000000  -0.00000000
  0.00000000  -0.00000000     0.02908544   0.00000000    -0.02197140  -0.00000000
  0.00000000  -0.00000000     0.00786990   0.00000000    -0.03361300  -0.00000000
    7    2
 -0.00368380  -0.00000000    -0.01112525  -0.00000000     0.02687289   0.00000000
 -0.00547088  -0.00000000    -0.00334114  -0.00000000     0.00640331   0.00000000
  0.00956739   0.00000000     0.01396517   0.00000000    -0.01997455  -0.00000000
    7    3
  0.00368380   0.00000000    -0.01112525  -0.00000000     0.02687289   0.00000000
 -0.00547088  -0.00000000     0.00334114   0.00000000    -0.00640331  -0.00000000
  0.00956739   0.00000000    -0.01396517  -0.00000000     0.01997455   0.00000000
    7    4
 -0.01312305  -0.00000000    -0.00000000   0.00000000     0.00000000   0.00000000
  0.00000000  -0.00000000    -0.03825785  -0.00000000     0.05459732   0.00000000
 -0.00000000   0.00000000     0.03378634   0.00000000    -0.03825785  -0.00000000
    7    5
 -0.01224617  -0.00000000     0.00000000  -0.00000000     0.00000000   0.00000000
  0.00000000   0.00000000    -0.00718447  -0.00000000    -0.07136534  -0.00000000
  0.00000000   0.00000000    -0.02960042  -0.00000000    -0.00718447  -0.00000000
    7    6
  0.02425635   0.00000000    -0.00000000   0.00000000     0.00000000  -0.00000000
 -0.00000000   0.00000000    -0.04249389  -0.00000000     0.02216242   0.00000000
 -0.00000000  -0.00000000     0.02216242   0.00000000    -0.00805235  -0.00000000
    7    7
  0.03212613   0.00000000     0.00000000   0.00000000    -0.00000000   0.00000000
  0.00000000   0.00000000     0.08740545   0.00000000    -0.01333742   0.00000000
 -0.00000000   0.00000000    -0.01333742   0.00000000     0.06430131   0.00000000

     Dynamical  Matrix in cartesian axes

     q = (   -0.000000000   0.433012700   0.433012700 ) 

    1    1
  0.04475813   0.00000000    -0.00000000   0.00000000    -0.00000000   0.00000000
 -0.00000000   0.00000000     0.14728625   0.00000000     0.07972361   0.00000000
 -0.00000000   0.00000000     0.07972361   0.00000000     0.14728625   0.00000000
    1    2
  0.00000000  -0.00000000     0.01868094   0.00000000    -0.01868094  -0.00000000
  0.00835151   0.00000000     0.00000000  -0.00000000    -0.00000000  -0.00000000
 -0.00835151  -0.00000000     0.00000000  -0.00000000     0.00000000  -0.00000000
    1    3
  0.00000000  -0.00000000    -0.01868094  -0.00000000     0.01868094   0.00000000
 -0.00835151  -0.00000000     0.00000000  -0.00000000    -0.00000000  -0.00000000
  0.00835151   0.00000000     0.00000000  -0.00000000     0.00000000  -0.00000000
    1    4
 -0.01340754  -0.00000000     0.00000000   0.00000000    -0.00000000  -0.00000000
 -0.00000000   0.00000000    -0.03361300  -0.00000000     0.02197140   0.00000000
 -0.00000000   0.00000000    -0.00786990  -0.00000000     0.02908544   0.00000000
    1    5
  0.01340754   0.00000000    -0.00000000  -0.00000000     0.00000000   0.00000000
  0.00000000  -0.00000000     0.03361300   0.00000000    -0.02197140  -0.00000000
  0.00000000  -0.00000000     0.00786990   0.00000000    -0.02908544  -0.00000000
    1    6
  0.01340754   0.00000000     0.00000000   0.00000000    -0.00000000  -0.00000000
  0.00000000   0.00000000    -0.02908544  -0.00000000     0.00786990   0.00000000
 -0.00000000  -0.00000000    -0.02197140  -0.00000000     0.03361300   0.00000000
    1    7
 -0.01340754  -0.00000000    -0.00000000  -0.00000000     0.00000000   0.00000000
 -0.00000000   0.00000000     0.02908544   0.00000000    -0.00786990  -0.00000000
  0.00000000   0.00000000     0.02197140   0.00000000    -0.03361300  -0.00000000
    2    1
  0.00000000   0.00000000     0.00835151  -0.00000000    -0.00835151   0.00000000
  0.01868094  -0.00000000     0.00000000   0.00000000     0.00000000   0.00000000
 -0.01868094   0.00000000    -0.00000000   0.00000000    -0.00000000   0.00000000
    2    2
  0.01610699   0.00000000     0.00000000   0.00000000    -0.00000000   0.00000000
 -0.00000000   0.00000000     0.04797580   0.00000000     0.01776920   0.00000000
 -0.00000000   0.00000000     0.01776920   0.00000000     0.04797580   0.00000000
    2    3
  0.00192406   0.00000000     0.00000000  -0.00000000     0.00000000  -0.00000000
  0.00000000  -0.00000000    -0.01247163  -0.00000000    -0.00090378  -0.00000000
  0.00000000  -0.00000000    -0.00090378  -0.00000000    -0.01247163  -0.00000000
    2    4
 -0.00368380   0.00000000    -0.00956739   0.00000000    -0.00547088   0.00000000
 -0.02687289   0.00000000    -0.01997455   0.00000000    -0.00640331   0.00000000
 -0.01112525   0.00000000    -0.01396517   0.00000000    -0.00334114   0.00000000
    2    5
 -0.00368380  -0.00000000     0.00956739   0.00000000     0.00547088   0.00000000
  0.02687289   0.00000000    -0.01997455  -0.00000000    -0.00640331  -0.00000000
  0.01112525   0.00000000    -0.01396517  -0.00000000    -0.00334114  -0.00000000
    2    6
 -0.00368380  -0.00000000    -0.00547088  -0.00000000    -0.00956739  -0.00000000
 -0.01112525  -0.00000000    -0.00334114  -0.00000000    -0.01396517  -0.00000000
 -0.02687289  -0.00000000    -0.00640331  -0.00000000    -0.01997455  -0.00000000
    2    7
 -0.00368380  -0.00000000     0.00547088   0.00000000     0.00956739   0.00000000
  0.01112525   0.00000000    -0.00334114  -0.00000000    -0.01396517  -0.00000000
  0.02687289   0.00000000    -0.00640331  -0.00000000    -0.01997455  -0.00000000
    3    1
  0.00000000   0.00000000    -0.00835151   0.00000000     0.00835151  -0.00000000
 -0.01868094   0.00000000     0.00000000   0.00000000     0.00000000   0.00000000
  0.01868094  -0.00000000     0.00000000   0.00000000     0.00000000   0.00000000
    3    2
  0.00192406  -0.00000000    -0.00000000   0.00000000     0.00000000   0.00000000
  0.00000000   0.00000000    -0.01247163   0.00000000    -0.00090378   0.00000000
  0.00000000   0.00000000    -0.00090378   0.00000000    -0.01247163   0.00000000
    3    3
  0.01610699   0.00000000     0.00000000   0.00000000    -0.00000000   0.00000000
  0.00000000   0.00000000     0.04797580   0.00000000     0.01776920   0.00000000
 -0.00000000   0.00000000     0.01776920   0.00000000     0.04797580   0.00000000
    3    4
 -0.00368380   0.00000000     0.00956739  -0.00000000     0.00547088  -0.00000000
  0.02687289  -0.00000000    -0.01997455   0.00000000    -0.00640331   0.00000000
  0.01112525  -0.00000000    -0.01396517   0.00000000    -0.00334114   0.00000000
    3    5
 -0.00368380   0.00000000    -0.00956739   0.00000000    -0.00547088   0.00000000
 -0.02687289   0.00000000    -0.01997455   0.00000000    -0.00640331   0.00000000
 -0.01112525   0.00000000    -0.01396517   0.00000000    -0.00334114   0.00000000
    3    6
 -0.00368380   0.00000000     0.00547088  -0.00000000     0.00956739  -0.00000000
  0.01112525  -0.00000000    -0.00334114   0.00000000    -0.01396517   0.00000000
  0.02687289  -0.00000000    -0.00640331   0.00000000    -0.01997455   0.00000000
    3    7
 -0.00368380   0.00000000    -0.00547088   0.00000000    -0.00956739   0.00000000
 -0.01112525   0.00000000    -0.00334114   0.00000000    -0.01396517   0.00000000
 -0.02687289   0.00000000    -0.00640331   0.00000000    -0.01997455   0.00000000
    4    1
 -0.01340754   0.00000000    -0.00000000  -0.00000000    -0.00000000  -0.00000000
  0.00000000  -0.00000000    -0.03361300   0.00000000    -0.00786990   0.00000000
 -0.00000000   0.00000000     0.02197140  -0.00000000     0.02908544  -0.00000000
    4    2
 -0.00368380  -0.00000000    -0.02687289  -0.00000000    -0.01112525  -0.00000000
 -0.00956739  -0.00000000    -0.01997455  -0.00000000    -0.01396517  -0.00000000
 -0.00547088  -0.00000000    -0.00640331  -0.00000000    -0.00334114  -0.00000000
    4    3
 -0.00368380  -0.00000000     0.02687289   0.00000000     0.01112525   0.00000000
  0.00956739   0.00000000    -0.01997455  -0.00000000    -0.01396517  -0.00000000
  0.00547088   0.00000000    -0.00640331  -0.00000000    -0.00334114  -0.00000000
    4    4
  0.03212613   0.00000000     0.00000000   0.00000000    -0.00000000   0.00000000
 -0.00000000   0.00000000     0.06430131   0.00000000     0.01333742   0.00000000
 -0.00000000   0.00000000     0.01333742   0.00000000     0.08740545   0.00000000
    4    5
 -0.02425635   0.00000000     0.00000000   0.00000000    -0.00000000   0.00000000
 -0.00000000   0.00000000     0.00805235  -0.00000000     0.02216242  -0.00000000
 -0.00000000   0.00000000     0.02216242  -0.00000000     0.04249389  -0.00000000
    4    6
  0.01312305   0.00000000    -0.00000000  -0.00000000    -0.00000000  -0.00000000
 -0.00000000  -0.00000000     0.03825785   0.00000000     0.03378634   0.00000000
 -0.00000000  -0.00000000     0.05459732   0.00000000     0.03825785   0.00000000
    4    7
 -0.01224617  -0.00000000    -0.00000000  -0.00000000     0.00000000   0.00000000
 -0.00000000   0.00000000    -0.00718447  -0.00000000     0.02960042   0.00000000
  0.00000000  -0.00000000     0.07136534   0.00000000    -0.00718447  -0.00000000
    5    1
  0.01340754  -0.00000000     0.00000000   0.00000000     0.00000000   0.00000000
 -0.00000000   0.00000000     0.03361300  -0.00000000     0.00786990  -0.00000000
  0.00000000  -0.00000000    -0.02197140   0.00000000    -0.02908544   0.00000000
    5    2
 -0.00368380   0.00000000     0.02687289  -0.00000000     0.01112525  -0.00000000
  0.00956739  -0.00000000    -0.01997455   0.00000000    -0.01396517   0.00000000
  0.00547088  -0.00000000    -0.00640331   0.00000000    -0.00334114   0.00000000
    5    3
 -0.00368380  -0.00000000    -0.02687289  -0.00000000    -0.01112525  -0.00000000
 -0.00956739  -0.00000000    -0.01997455  -0.00000000    -0.01396517  -0.00000000
 -0.00547088  -0.00000000    -0.00640331  -0.00000000    -0.00334114  -0.00000000
    5    4
 -0.02425635  -0.00000000     0.00000000  -0.00000000    -0.00000000  -0.00000000
 -0.00000000  -0.00000000     0.00805235   0.00000000     0.02216242   0.00000000
 -0.00000000  -0.00000000     0.02216242   0.00000000     0.04249389   0.00000000
    5    5
  0.03212613   0.00000000     0.00000000   0.00000000    -0.00000000   0.00000000
 -0.00000000   0.00000000     0.06430131   0.00000000     0.01333742   0.00000000
 -0.00000000   0.00000000     0.01333742   0.00000000     0.08740545   0.00000000
    5    6
 -0.01224617  -0.00000000    -0.00000000  -0.00000000     0.00000000   0.00000000
 -0.00000000   0.00000000    -0.00718447  -0.00000000     0.02960042   0.00000000
  0.00000000  -0.00000000     0.07136534   0.00000000    -0.00718447  -0.00000000
    5    7
  0.01312305   0.00000000    -0.00000000  -0.00000000    -0.00000000  -0.00000000
 -0.00000000  -0.00000000     0.03825785   0.00000000     0.03378634   0.00000000
 -0.00000000  -0.00000000     0.05459732   0.00000000     0.03825785   0.00000000
    6    1
  0.01340754  -0.00000000     0.00000000   0.00000000    -0.00000000   0.00000000
  0.00000000  -0.00000000    -0.02908544   0.00000000    -0.02197140   0.00000000
 -0.00000000   0.00000000     0.00786990  -0.00000000     0.03361300  -0.00000000
    6    2
 -0.00368380   0.00000000    -0.01112525   0.00000000    -0.02687289   0.00000000
 -0.00547088   0.00000000    -0.00334114   0.00000000    -0.00640331   0.00000000
 -0.00956739   0.00000000    -0.01396517   0.00000000    -0.01997455   0.00000000
    6    3
 -0.00368380  -0.00000000     0.01112525   0.00000000     0.02687289   0.00000000
  0.00547088   0.00000000    -0.00334114  -0.00000000    -0.00640331  -0.00000000
  0.00956739   0.00000000    -0.01396517  -0.00000000    -0.01997455  -0.00000000
    6    4
  0.01312305  -0.00000000    -0.00000000   0.00000000    -0.00000000   0.00000000
 -0.00000000   0.00000000     0.03825785  -0.00000000     0.05459732  -0.00000000
 -0.00000000   0.00000000     0.03378634  -0.00000000     0.03825785  -0.00000000
    6    5
 -0.01224617   0.00000000    -0.00000000  -0.00000000     0.00000000   0.00000000
 -0.00000000   0.00000000    -0.00718447   0.00000000     0.07136534  -0.00000000
  0.00000000  -0.00000000     0.02960042  -0.00000000    -0.00718447   0.00000000
    6    6
  0.03212613   0.00000000    -0.00000000   0.00000000    -0.00000000   0.00000000
 -0.00000000   0.00000000     0.08740545   0.00000000     0.01333742   0.00000000
 -0.00000000   0.00000000     0.01333742   0.00000000     0.06430131   0.00000000
    6    7
 -0.02425635   0.00000000    -0.00000000  -0.00000000    -0.00000000  -0.00000000
 -0.00000000  -0.00000000     0.04249389  -0.00000000     0.02216242  -0.00000000
 -0.00000000  -0.00000000     0.02216242  -0.00000000     0.00805235  -0.00000000
    7    1
 -0.01340754   0.00000000    -0.00000000  -0.00000000     0.00000000  -0.00000000
 -0.00000000   0.00000000     0.02908544  -0.00000000     0.02197140  -0.00000000
  0.00000000  -0.00000000    -0.00786990   0.00000000    -0.03361300   0.00000000
    7    2
 -0.00368380   0.00000000     0.01112525  -0.00000000     0.02687289  -0.00000000
  0.00547088  -0.00000000    -0.00334114   0.00000000    -0.00640331   0.00000000
  0.00956739  -0.00000000    -0.01396517   0.00000000    -0.01997455   0.00000000
    7    3
 -0.00368380  -0.00000000    -0.01112525  -0.00000000    -0.02687289  -0.00000000
 -0.00547088  -0.00000000    -0.00334114  -0.00000000    -0.00640331  -0.00000000
 -0.00956739  -0.00000000    -0.01396517  -0.00000000    -0.01997455  -0.00000000
    7    4
 -0.01224617   0.00000000    -0.00000000  -0.00000000     0.00000000   0.00000000
 -0.00000000   0.00000000    -0.00718447   0.00000000     0.07136534  -0.00000000
  0.00000000  -0.00000000     0.02960042  -0.00000000    -0.00718447   0.00000000
    7    5
  0.01312305  -0.00000000    -0.00000000   0.00000000    -0.00000000   0.00000000
 -0.00000000   0.00000000     0.03825785  -0.00000000     0.05459732  -0.00000000
 -0.00000000   0.00000000     0.03378634  -0.00000000     0.03825785  -0.00000000
    7    6
 -0.02425635  -0.00000000    -0.00000000   0.00000000    -0.00000000   0.00000000
 -0.00000000   0.00000000     0.04249389   0.00000000     0.02216242   0.00000000
 -0.00000000   0.00000000     0.02216242   0.00000000     0.00805235   0.00000000
    7    7
  0.03212613   0.00000000     0.00000000   0.00000000    -0.00000000   0.00000000
 -0.00000000   0.00000000     0.08740545   0.00000000     0.01333742   0.00000000
 -0.00000000   0.00000000     0.01333742   0.00000000     0.06430131   0.00000000

     Dynamical  Matrix in cartesian axes

     q = (    0.433012700   0.000000000  -0.433012700 ) 

    1    1
  0.14728625   0.00000000    -0.00000000   0.00000000    -0.07972361   0.00000000
 -0.00000000   0.00000000     0.04475813   0.00000000    -0.00000000   0.00000000
 -0.07972361   0.00000000    -0.00000000   0.00000000     0.14728625   0.00000000
    1    2
 -0.03361300   0.00000000     0.00000000   0.00000000    -0.02197140   0.00000000
  0.00000000   0.00000000    -0.01340754   0.00000000    -0.00000000   0.00000000
  0.00786990  -0.00000000    -0.00000000  -0.00000000     0.02908544  -0.00000000
    1    3
 -0.03361300  -0.00000000     0.00000000  -0.00000000    -0.02197140  -0.00000000
 -0.00000000  -0.00000000    -0.01340754  -0.00000000    -0.00000000  -0.00000000
  0.00786990   0.00000000    -0.00000000   0.00000000     0.02908544   0.00000000
    1    4
  0.00000000  -0.00000000    -0.00835151  -0.00000000     0.00000000   0.00000000
 -0.01868094  -0.00000000     0.00000000  -0.00000000    -0.01868094  -0.00000000
  0.00000000   0.00000000    -0.00835151  -0.00000000     0.00000000  -0.00000000
    1    5
  0.00000000   0.00000000    -0.00835151   0.00000000     0.00000000  -0.00000000
 -0.01868094   0.00000000     0.00000000   0.00000000    -0.01868094   0.00000000
  0.00000000  -0.00000000    -0.00835151   0.00000000     0.00000000   0.00000000
    1    6
  0.02908544  -0.00000000    -0.00000000  -0.00000000     0.00786990  -0.00000000
 -0.00000000   0.00000000    -0.01340754   0.00000000     0.00000000   0.00000000
 -0.02197140   0.00000000     0.00000000   0.00000000    -0.03361300   0.00000000
    1    7
  0.02908544   0.00000000    -0.00000000   0.00000000     0.00786990   0.00000000
 -0.00000000  -0.00000000    -0.01340754  -0.00000000     0.00000000  -0.00000000
