  1.000000000000000E-002   1.26045764302382        2.13065582614097     
          24

     Dynamical  Matrix in cartesian axes

     q = (    0.324759526   0.324759526   0.216506351 ) 

    1    1
  0.05709763   0.00000000     0.00752949   0.00000000     0.00342028   0.00000000
  0.00752949   0.00000000     0.05709763   0.00000000     0.00342028   0.00000000
  0.00342028   0.00000000     0.00342028   0.00000000     0.03249782   0.00000000
    1    2
 -0.01022818  -0.00473977     0.00947678  -0.00660177    -0.00520451  -0.00826795
 -0.00394474  -0.00425525     0.00384159   0.00200840    -0.00473841  -0.00698119
 -0.00347105   0.00701539     0.00516978  -0.00419377    -0.00313025   0.00122217
    1    3
  0.01022818  -0.00473977    -0.00947678  -0.00660177     0.00520451  -0.00826795
  0.00394474  -0.00425525    -0.00384159   0.00200840     0.00473841  -0.00698119
  0.00347105   0.00701539    -0.00516978  -0.00419377     0.00313025   0.00122217
    1    4
 -0.00384159   0.00200840     0.00394474  -0.00425525     0.00473841  -0.00698119
 -0.00947678  -0.00660177     0.01022818  -0.00473977     0.00520451  -0.00826795
 -0.00516978  -0.00419377     0.00347105   0.00701539     0.00313025   0.00122217
    1    5
  0.00384159   0.00200840    -0.00394474  -0.00425525    -0.00473841  -0.00698119
  0.00947678  -0.00660177    -0.01022818  -0.00473977    -0.00520451  -0.00826795
  0.00516978  -0.00419377    -0.00347105   0.00701539    -0.00313025   0.00122217
    1    6
  0.00246087   0.00552908    -0.00067497  -0.00036585     0.00504437   0.01461052
  0.00067497  -0.00036585    -0.00246087   0.00552908    -0.00504437   0.01461052
  0.00352222  -0.00627915    -0.00352222  -0.00627915    -0.00000000   0.00625650
    1    7
 -0.00246087   0.00552908     0.00067497  -0.00036585    -0.00504437   0.01461052
 -0.00067497  -0.00036585     0.00246087   0.00552908     0.00504437   0.01461052
 -0.00352222  -0.00627915     0.00352222  -0.00627915    -0.00000000   0.00625650
    2    1
 -0.01022818   0.00473977    -0.00394474   0.00425525    -0.00347105  -0.00701539
  0.00947678   0.00660177     0.00384159  -0.00200840     0.00516978   0.00419377
 -0.00520451   0.00826795    -0.00473841   0.00698119    -0.00313025  -0.00122217
    2    2
  0.05690264  -0.00000000    -0.00383830  -0.00096680     0.00832782   0.00460531
 -0.00383830   0.00096680     0.05153111  -0.00000000     0.00883569  -0.00139799
  0.00832782  -0.00460531     0.00883569   0.00139799     0.03882336  -0.00000000
    2    3
  0.01607941  -0.00775247     0.00740719  -0.00968970     0.00976789   0.00116023
  0.00740719  -0.00968970    -0.01619900   0.02047396    -0.01138527   0.00651685
  0.00976789   0.00116023    -0.01138527   0.00651685    -0.01997100  -0.00175799
    2    4
  0.00371405   0.00942314    -0.00163070   0.02582628     0.01151889   0.00680094
 -0.01354491   0.03558169     0.00371405   0.00942314    -0.00807898   0.00935276
 -0.00807898   0.00935276     0.01151889   0.00680094     0.01881651   0.01440774
    2    5
 -0.02524402  -0.00665827     0.01004682  -0.00000000     0.00805720  -0.00548039
  0.03239141  -0.00000000    -0.02524402   0.00665827     0.00693586  -0.00827665
  0.00693586   0.00827665     0.00805720   0.00548039    -0.00928218   0.00000000
    2    6
 -0.00712591  -0.01308141    -0.00627049  -0.00267909    -0.02748789  -0.01624688
 -0.01685262   0.00459477     0.01455157  -0.01853084    -0.00406506  -0.00476702
 -0.02809158  -0.01329430    -0.01547598  -0.00191564    -0.01373415  -0.00784997
    2    7
 -0.01982833   0.01385595     0.00626697  -0.00391977    -0.01113809   0.00320420
  0.00955035  -0.01239787    -0.01290239   0.00664028     0.00435339   0.00205193
  0.02286248  -0.00075930     0.00753072   0.00452250    -0.01485598  -0.00965209
    3    1
  0.01022818   0.00473977     0.00394474   0.00425525     0.00347105  -0.00701539
 -0.00947678   0.00660177    -0.00384159  -0.00200840    -0.00516978   0.00419377
  0.00520451   0.00826795     0.00473841   0.00698119     0.00313025  -0.00122217
    3    2
  0.01607941   0.00775247     0.00740719   0.00968970     0.00976789  -0.00116023
  0.00740719   0.00968970    -0.01619900  -0.02047396    -0.01138527  -0.00651685
  0.00976789  -0.00116023    -0.01138527  -0.00651685    -0.01997100   0.00175799
    3    3
  0.05690264   0.00000000    -0.00383830   0.00096680     0.00832782  -0.00460531
 -0.00383830  -0.00096680     0.05153111   0.00000000     0.00883569   0.00139799
  0.00832782   0.00460531     0.00883569  -0.00139799     0.03882336   0.00000000
    3    4
 -0.02524402   0.00665827     0.01004682  -0.00000000     0.00805720   0.00548039
  0.03239141  -0.00000000    -0.02524402  -0.00665827     0.00693586   0.00827665
  0.00693586  -0.00827665     0.00805720  -0.00548039    -0.00928218   0.00000000
    3    5
  0.00371405  -0.00942314    -0.00163070  -0.02582628     0.01151889  -0.00680094
 -0.01354491  -0.03558169     0.00371405  -0.00942314    -0.00807898  -0.00935276
 -0.00807898  -0.00935276     0.01151889  -0.00680094     0.01881651  -0.01440774
    3    6
 -0.01982833  -0.01385595     0.00626697   0.00391977    -0.01113809  -0.00320420
  0.00955035   0.01239787    -0.01290239  -0.00664028     0.00435339  -0.00205193
  0.02286248   0.00075930     0.00753072  -0.00452250    -0.01485598   0.00965209
    3    7
 -0.00712591   0.01308141    -0.00627049   0.00267909    -0.02748789   0.01624688
 -0.01685262  -0.00459477     0.01455157   0.01853084    -0.00406506   0.00476702
 -0.02809158   0.01329430    -0.01547598   0.00191564    -0.01373415   0.00784997
    4    1
 -0.00384159  -0.00200840    -0.00947678   0.00660177    -0.00516978   0.00419377
  0.00394474   0.00425525     0.01022818   0.00473977     0.00347105  -0.00701539
  0.00473841   0.00698119     0.00520451   0.00826795     0.00313025  -0.00122217
    4    2
  0.00371405  -0.00942314    -0.01354491  -0.03558169    -0.00807898  -0.00935276
 -0.00163070  -0.02582628     0.00371405  -0.00942314     0.01151889  -0.00680094
  0.01151889  -0.00680094    -0.00807898  -0.00935276     0.01881651  -0.01440774
    4    3
 -0.02524402  -0.00665827     0.03239141   0.00000000     0.00693586   0.00827665
  0.01004682   0.00000000    -0.02524402   0.00665827     0.00805720   0.00548039
  0.00805720  -0.00548039     0.00693586  -0.00827665    -0.00928218  -0.00000000
    4    4
  0.05153111   0.00000000    -0.00383830  -0.00096680     0.00883569   0.00139799
 -0.00383830   0.00096680     0.05690264   0.00000000     0.00832782  -0.00460531
  0.00883569  -0.00139799     0.00832782   0.00460531     0.03882336   0.00000000
    4    5
 -0.01619900  -0.02047396     0.00740719   0.00968970    -0.01138527  -0.00651685
  0.00740719   0.00968970     0.01607941   0.00775247     0.00976789  -0.00116023
 -0.01138527  -0.00651685     0.00976789  -0.00116023    -0.01997100   0.00175799
    4    6
  0.01455157   0.01853084    -0.01685262  -0.00459477    -0.00406506   0.00476702
 -0.00627049   0.00267909    -0.00712591   0.01308141    -0.02748789   0.01624688
 -0.01547598   0.00191564    -0.02809158   0.01329430    -0.01373415   0.00784997
    4    7
 -0.01290239  -0.00664028     0.00955035   0.01239787     0.00435339  -0.00205193
  0.00626697   0.00391977    -0.01982833  -0.01385595    -0.01113809  -0.00320420
  0.00753072  -0.00452250     0.02286248   0.00075930    -0.01485598   0.00965209
    5    1
  0.00384159  -0.00200840     0.00947678   0.00660177     0.00516978   0.00419377
 -0.00394474   0.00425525    -0.01022818   0.00473977    -0.00347105  -0.00701539
 -0.00473841   0.00698119    -0.00520451   0.00826795    -0.00313025  -0.00122217
    5    2
 -0.02524402   0.00665827     0.03239141  -0.00000000     0.00693586  -0.00827665
  0.01004682  -0.00000000    -0.02524402  -0.00665827     0.00805720  -0.00548039
  0.00805720   0.00548039     0.00693586   0.00827665    -0.00928218   0.00000000
    5    3
  0.00371405   0.00942314    -0.01354491   0.03558169    -0.00807898   0.00935276
 -0.00163070   0.02582628     0.00371405   0.00942314     0.01151889   0.00680094
  0.01151889   0.00680094    -0.00807898   0.00935276     0.01881651   0.01440774
    5    4
 -0.01619900   0.02047396     0.00740719  -0.00968970    -0.01138527   0.00651685
  0.00740719  -0.00968970     0.01607941  -0.00775247     0.00976789   0.00116023
 -0.01138527   0.00651685     0.00976789   0.00116023    -0.01997100  -0.00175799
    5    5
  0.05153111  -0.00000000    -0.00383830   0.00096680     0.00883569  -0.00139799
 -0.00383830  -0.00096680     0.05690264  -0.00000000     0.00832782   0.00460531
  0.00883569   0.00139799     0.00832782  -0.00460531     0.03882336  -0.00000000
    5    6
 -0.01290239   0.00664028     0.00955035  -0.01239787     0.00435339   0.00205193
  0.00626697  -0.00391977    -0.01982833   0.01385595    -0.01113809   0.00320420
  0.00753072   0.00452250     0.02286248  -0.00075930    -0.01485598  -0.00965209
    5    7
  0.01455157  -0.01853084    -0.01685262   0.00459477    -0.00406506  -0.00476702
 -0.00627049  -0.00267909    -0.00712591  -0.01308141    -0.02748789  -0.01624688
 -0.01547598  -0.00191564    -0.02809158  -0.01329430    -0.01373415  -0.00784997
    6    1
  0.00246087  -0.00552908     0.00067497   0.00036585     0.00352222   0.00627915
 -0.00067497   0.00036585    -0.00246087  -0.00552908    -0.00352222   0.00627915
  0.00504437  -0.01461052    -0.00504437  -0.01461052    -0.00000000  -0.00625650
    6    2
 -0.00712591   0.01308141    -0.01685262  -0.00459477    -0.02809158   0.01329430
 -0.00627049   0.00267909     0.01455157   0.01853084    -0.01547598   0.00191564
 -0.02748789   0.01624688    -0.00406506   0.00476702    -0.01373415   0.00784997
    6    3
 -0.01982833   0.01385595     0.00955035  -0.01239787     0.02286248  -0.00075930
  0.00626697  -0.00391977    -0.01290239   0.00664028     0.00753072   0.00452250
 -0.01113809   0.00320420     0.00435339   0.00205193    -0.01485598  -0.00965209
    6    4
  0.01455157  -0.01853084    -0.00627049  -0.00267909    -0.01547598  -0.00191564
 -0.01685262   0.00459477    -0.00712591  -0.01308141    -0.02809158  -0.01329430
 -0.00406506  -0.00476702    -0.02748789  -0.01624688    -0.01373415  -0.00784997
    6    5
 -0.01290239  -0.00664028     0.00626697   0.00391977     0.00753072  -0.00452250
  0.00955035   0.01239787    -0.01982833  -0.01385595     0.02286248   0.00075930
  0.00435339  -0.00205193    -0.01113809  -0.00320420    -0.01485598   0.00965209
    6    6
  0.04500237   0.00000000     0.00507939   0.00113588     0.00592196   0.00001437
  0.00507939  -0.00113588     0.04500237  -0.00000000     0.00592196  -0.00001437
  0.00592196  -0.00001437     0.00592196   0.00001437     0.04581987   0.00000000
    6    7
 -0.02190636   0.00087837    -0.00909279  -0.00000000     0.00593251  -0.00564943
 -0.00909279   0.00000000    -0.02190636  -0.00087837     0.00593251   0.00564943
  0.00593251  -0.00564943     0.00593251   0.00564943     0.02441192   0.00000000
    7    1
 -0.00246087  -0.00552908    -0.00067497   0.00036585    -0.00352222   0.00627915
  0.00067497   0.00036585     0.00246087  -0.00552908     0.00352222   0.00627915
 -0.00504437  -0.01461052     0.00504437  -0.01461052    -0.00000000  -0.00625650
    7    2
 -0.01982833  -0.01385595     0.00955035   0.01239787     0.02286248   0.00075930
  0.00626697   0.00391977    -0.01290239  -0.00664028     0.00753072  -0.00452250
 -0.01113809  -0.00320420     0.00435339  -0.00205193    -0.01485598   0.00965209
    7    3
 -0.00712591  -0.01308141    -0.01685262   0.00459477    -0.02809158  -0.01329430
 -0.00627049  -0.00267909     0.01455157  -0.01853084    -0.01547598  -0.00191564
 -0.02748789  -0.01624688    -0.00406506  -0.00476702    -0.01373415  -0.00784997
    7    4
 -0.01290239   0.00664028     0.00626697  -0.00391977     0.00753072   0.00452250
  0.00955035  -0.01239787    -0.01982833   0.01385595     0.02286248  -0.00075930
  0.00435339   0.00205193    -0.01113809   0.00320420    -0.01485598  -0.00965209
    7    5
  0.01455157   0.01853084    -0.00627049   0.00267909    -0.01547598   0.00191564
 -0.01685262  -0.00459477    -0.00712591   0.01308141    -0.02809158   0.01329430
 -0.00406506   0.00476702    -0.02748789   0.01624688    -0.01373415   0.00784997
    7    6
 -0.02190636  -0.00087837    -0.00909279   0.00000000     0.00593251   0.00564943
 -0.00909279   0.00000000    -0.02190636   0.00087837     0.00593251  -0.00564943
  0.00593251   0.00564943     0.00593251  -0.00564943     0.02441192   0.00000000
    7    7
  0.04500237  -0.00000000     0.00507939  -0.00113588     0.00592196  -0.00001437
  0.00507939   0.00113588     0.04500237   0.00000000     0.00592196   0.00001437
  0.00592196   0.00001437     0.00592196  -0.00001437     0.04581987  -0.00000000

     Dynamical  Matrix in cartesian axes

     q = (   -0.324759526   0.216506351   0.324759526 ) 

    1    1
  0.05709763   0.00000000    -0.00342028   0.00000000    -0.00752949   0.00000000
 -0.00342028   0.00000000     0.03249782   0.00000000     0.00342028   0.00000000
 -0.00752949   0.00000000     0.00342028   0.00000000     0.05709763   0.00000000
    1    2
 -0.00388089  -0.01058394    -0.00216618   0.00952647    -0.01136925  -0.00203293
  0.00741503  -0.00250622    -0.00307763  -0.00134922     0.00662103   0.00069014
 -0.00021957   0.00579827     0.00158588  -0.00828701     0.00129627   0.00413657
    1    3
  0.00473977   0.01022818    -0.00826795  -0.00520451    -0.00660177   0.00947678
  0.00701539  -0.00347105    -0.00122217   0.00313025     0.00419377  -0.00516978
 -0.00425525  -0.00394474     0.00698119   0.00473841    -0.00200840  -0.00384159
    1    4
 -0.00216955  -0.00564975     0.00676429   0.01389810     0.00021858  -0.00073597
 -0.00693061  -0.00194944    -0.00442401  -0.00442401     0.00194944   0.00693061
 -0.00073597   0.00021858    -0.01389810  -0.00676429    -0.00564975  -0.00216955
    1    5
  0.00246087   0.00552908    -0.00504437  -0.01461052     0.00067497   0.00036585
 -0.00352222   0.00627915     0.00000000   0.00625650    -0.00352222  -0.00627915
 -0.00067497   0.00036585    -0.00504437   0.01461052    -0.00246087   0.00552908
    1    6
  0.00384159   0.00200840     0.00473841   0.00698119     0.00394474   0.00425525
 -0.00516978   0.00419377    -0.00313025   0.00122217    -0.00347105   0.00701539
 -0.00947678   0.00660177    -0.00520451  -0.00826795    -0.01022818  -0.00473977
    1    7
  0.00129627  -0.00413657    -0.00158588  -0.00828701    -0.00021957  -0.00579827
 -0.00662103   0.00069014    -0.00307763   0.00134922    -0.00741503  -0.00250622
 -0.01136925   0.00203293     0.00216618   0.00952647    -0.00388089   0.01058394
    2    1
 -0.00388089   0.01058394     0.00741503   0.00250622    -0.00021957  -0.00579827
 -0.00216618  -0.00952647    -0.00307763   0.00134922     0.00158588   0.00828701
 -0.01136925   0.00203293     0.00662103  -0.00069014     0.00129627  -0.00413657
    2    2
  0.05690264  -0.00000000    -0.00832782  -0.00460531     0.00383830   0.00096680
 -0.00832782   0.00460531     0.03882336  -0.00000000     0.00883569   0.00139799
  0.00383830  -0.00096680     0.00883569  -0.00139799     0.05153111  -0.00000000
    2    3
  0.01685168   0.00588804    -0.00608654  -0.00772735    -0.01208933   0.00161398
 -0.00608654  -0.00772735    -0.01287854  -0.01536472    -0.01265872  -0.00344249
 -0.01208933   0.00161398    -0.01265872  -0.00344249    -0.02593170   0.00302285
    2    4
 -0.01385595  -0.01982833     0.00320420   0.01113809    -0.00391977  -0.00626697
 -0.00075930  -0.02286248     0.00965209  -0.01485598    -0.00452250   0.00753072
 -0.01239787  -0.00955035    -0.00205193   0.00435339    -0.00664028  -0.01290239
    2    5
 -0.01428874  -0.00421118     0.03092515  -0.00794860     0.00632831  -0.00253950
  0.02926424  -0.01046325    -0.01526228   0.00416074    -0.01229773   0.00958861
  0.00866761  -0.01516559    -0.00624522  -0.00049636    -0.00281376  -0.02339280
    2    6
 -0.02255832   0.01314211    -0.00182208   0.00957253    -0.00710417   0.00710417
 -0.01075687  -0.00094808    -0.00656349   0.00656349     0.00957253  -0.00182208
 -0.02290418   0.02290418    -0.00094808  -0.01075687    -0.01314211   0.02255832
    2    7
 -0.00942314   0.00371405     0.00680094  -0.01151889     0.02582628   0.00163070
  0.00935276   0.00807898    -0.01440774   0.01881651    -0.00680094   0.01151889
  0.03558169   0.01354491    -0.00935276  -0.00807898    -0.00942314   0.00371405
    3    1
  0.00473977  -0.01022818     0.00701539   0.00347105    -0.00425525   0.00394474
 -0.00826795   0.00520451    -0.00122217  -0.00313025     0.00698119  -0.00473841
 -0.00660177  -0.00947678     0.00419377   0.00516978    -0.00200840   0.00384159
    3    2
  0.01685168  -0.00588804    -0.00608654   0.00772735    -0.01208933  -0.00161398
 -0.00608654   0.00772735    -0.01287854   0.01536472    -0.01265872   0.00344249
 -0.01208933  -0.00161398    -0.01265872   0.00344249    -0.02593170  -0.00302285
    3    3
  0.05690264   0.00000000    -0.00832782   0.00460531     0.00383830  -0.00096680
 -0.00832782  -0.00460531     0.03882336   0.00000000     0.00883569  -0.00139799
  0.00383830   0.00096680     0.00883569   0.00139799     0.05153111   0.00000000
    3    4
 -0.01428874   0.00421118     0.03092515   0.00794860     0.00632831   0.00253950
  0.02926424   0.01046325    -0.01526228  -0.00416074    -0.01229773  -0.00958861
  0.00866761   0.01516559    -0.00624522   0.00049636    -0.00281376   0.02339280
    3    5
 -0.01385595   0.01982833     0.00320420  -0.01113809    -0.00391977   0.00626697
 -0.00075930   0.02286248     0.00965209   0.01485598    -0.00452250  -0.00753072
 -0.01239787   0.00955035    -0.00205193  -0.00435339    -0.00664028   0.01290239
    3    6
 -0.00942314  -0.00371405     0.00680094   0.01151889     0.02582628  -0.00163070
  0.00935276  -0.00807898    -0.01440774  -0.01881651    -0.00680094  -0.01151889
  0.03558169  -0.01354491    -0.00935276   0.00807898    -0.00942314  -0.00371405
    3    7
 -0.02255832  -0.01314211    -0.00182208  -0.00957253    -0.00710417  -0.00710417
 -0.01075687   0.00094808    -0.00656349  -0.00656349     0.00957253   0.00182208
 -0.02290418  -0.02290418    -0.00094808   0.01075687    -0.01314211  -0.02255832
    4    1
 -0.00216955   0.00564975    -0.00693061   0.00194944    -0.00073597  -0.00021858
  0.00676429  -0.01389810    -0.00442401   0.00442401    -0.01389810   0.00676429
  0.00021858   0.00073597     0.00194944  -0.00693061    -0.00564975   0.00216955
    4    2
 -0.01385595   0.01982833    -0.00075930   0.02286248    -0.01239787   0.00955035
  0.00320420  -0.01113809     0.00965209   0.01485598    -0.00205193  -0.00435339
 -0.00391977   0.00626697    -0.00452250  -0.00753072    -0.00664028   0.01290239
    4    3
 -0.01428874  -0.00421118     0.02926424  -0.01046325     0.00866761  -0.01516559
  0.03092515  -0.00794860    -0.01526228   0.00416074    -0.00624522  -0.00049636
  0.00632831  -0.00253950    -0.01229773   0.00958861    -0.00281376  -0.02339280
    4    4
  0.04500237  -0.00000000    -0.00592196   0.00001437    -0.00507939   0.00113588
 -0.00592196  -0.00001437     0.04581987  -0.00000000     0.00592196  -0.00001437
 -0.00507939  -0.00113588     0.00592196   0.00001437     0.04500237   0.00000000
    4    5
  0.01486903   0.01611124     0.00020017   0.00818967    -0.00642957  -0.00642957
  0.00020017   0.00818967    -0.01726183  -0.01726183    -0.00818967  -0.00020017
 -0.00642957  -0.00642957    -0.00818967  -0.00020017     0.01611124   0.01486903
    4    6
  0.00281376  -0.02339280    -0.01229773  -0.00958861    -0.00632831  -0.00253950
 -0.00624522   0.00049636     0.01526228   0.00416074     0.03092515   0.00794860
 -0.00866761  -0.01516559     0.02926424   0.01046325     0.01428874  -0.00421118
    4    7
 -0.01290239   0.00664028    -0.00753072  -0.00452250    -0.00626697   0.00391977
 -0.00435339  -0.00205193    -0.01485598  -0.00965209    -0.01113809   0.00320420
 -0.00955035   0.01239787     0.02286248  -0.00075930    -0.01982833   0.01385595
    5    1
  0.00246087  -0.00552908    -0.00352222  -0.00627915    -0.00067497  -0.00036585
 -0.00504437   0.01461052     0.00000000  -0.00625650    -0.00504437  -0.01461052
  0.00067497  -0.00036585    -0.00352222   0.00627915    -0.00246087  -0.00552908
    5    2
 -0.01428874   0.00421118     0.02926424   0.01046325     0.00866761   0.01516559
  0.03092515   0.00794860    -0.01526228  -0.00416074    -0.00624522   0.00049636
  0.00632831   0.00253950    -0.01229773  -0.00958861    -0.00281376   0.02339280
    5    3
 -0.01385595  -0.01982833    -0.00075930  -0.02286248    -0.01239787  -0.00955035
  0.00320420   0.01113809     0.00965209  -0.01485598    -0.00205193   0.00435339
 -0.00391977  -0.00626697    -0.00452250   0.00753072    -0.00664028  -0.01290239
    5    4
  0.01486903  -0.01611124     0.00020017  -0.00818967    -0.00642957   0.00642957
  0.00020017  -0.00818967    -0.01726183   0.01726183    -0.00818967   0.00020017
 -0.00642957   0.00642957    -0.00818967   0.00020017     0.01611124  -0.01486903
    5    5
  0.04500237   0.00000000    -0.00592196  -0.00001437    -0.00507939  -0.00113588
 -0.00592196   0.00001437     0.04581987   0.00000000     0.00592196   0.00001437
 -0.00507939   0.00113588     0.00592196  -0.00001437     0.04500237  -0.00000000
    5    6
 -0.01290239  -0.00664028    -0.00753072   0.00452250    -0.00626697  -0.00391977
 -0.00435339   0.00205193    -0.01485598   0.00965209    -0.01113809  -0.00320420
 -0.00955035  -0.01239787     0.02286248   0.00075930    -0.01982833  -0.01385595
    5    7
  0.00281376   0.02339280    -0.01229773   0.00958861    -0.00632831   0.00253950
 -0.00624522  -0.00049636     0.01526228  -0.00416074     0.03092515  -0.00794860
 -0.00866761   0.01516559     0.02926424  -0.01046325     0.01428874   0.00421118
    6    1
  0.00384159  -0.00200840    -0.00516978  -0.00419377    -0.00947678  -0.00660177
  0.00473841  -0.00698119    -0.00313025  -0.00122217    -0.00520451   0.00826795
  0.00394474  -0.00425525    -0.00347105  -0.00701539    -0.01022818   0.00473977
    6    2
 -0.02255832  -0.01314211    -0.01075687   0.00094808    -0.02290418  -0.02290418
 -0.00182208  -0.00957253    -0.00656349  -0.00656349    -0.00094808   0.01075687
 -0.00710417  -0.00710417     0.00957253   0.00182208    -0.01314211  -0.02255832
    6    3
 -0.00942314   0.00371405     0.00935276   0.00807898     0.03558169   0.01354491
  0.00680094  -0.01151889    -0.01440774   0.01881651    -0.00935276  -0.00807898
  0.02582628   0.00163070    -0.00680094   0.01151889    -0.00942314   0.00371405
    6    4
  0.00281376   0.02339280    -0.00624522  -0.00049636    -0.00866761   0.01516559
 -0.01229773   0.00958861     0.01526228  -0.00416074     0.02926424  -0.01046325
 -0.00632831   0.00253950     0.03092515  -0.00794860     0.01428874   0.00421118
    6    5
 -0.01290239   0.00664028    -0.00435339  -0.00205193    -0.00955035   0.01239787
 -0.00753072  -0.00452250    -0.01485598  -0.00965209     0.02286248  -0.00075930
 -0.00626697   0.00391977    -0.01113809   0.00320420    -0.01982833   0.01385595
    6    6
  0.05153111  -0.00000000    -0.00883569   0.00139799     0.00383830  -0.00096680
 -0.00883569  -0.00139799     0.03882336  -0.00000000     0.00832782  -0.00460531
  0.00383830   0.00096680     0.00832782   0.00460531     0.05690264  -0.00000000
    6    7
 -0.00302285  -0.02593170    -0.00344249   0.01265872    -0.00161398  -0.01208933
 -0.00344249   0.01265872     0.01536472  -0.01287854    -0.00772735   0.00608654
 -0.00161398  -0.01208933    -0.00772735   0.00608654    -0.00588804   0.01685168
    7    1
  0.00129627   0.00413657    -0.00662103  -0.00069014    -0.01136925  -0.00203293
 -0.00158588   0.00828701    -0.00307763  -0.00134922     0.00216618  -0.00952647
 -0.00021957   0.00579827    -0.00741503   0.00250622    -0.00388089  -0.01058394
    7    2
 -0.00942314  -0.00371405     0.00935276  -0.00807898     0.03558169  -0.01354491
  0.00680094   0.01151889    -0.01440774  -0.01881651    -0.00935276   0.00807898
  0.02582628  -0.00163070    -0.00680094  -0.01151889    -0.00942314  -0.00371405
    7    3
 -0.02255832   0.01314211    -0.01075687  -0.00094808    -0.02290418   0.02290418
 -0.00182208   0.00957253    -0.00656349   0.00656349    -0.00094808  -0.01075687
 -0.00710417   0.00710417     0.00957253  -0.00182208    -0.01314211   0.02255832
    7    4
 -0.01290239  -0.00664028    -0.00435339   0.00205193    -0.00955035  -0.01239787
 -0.00753072   0.00452250    -0.01485598   0.00965209     0.02286248   0.00075930
 -0.00626697  -0.00391977    -0.01113809  -0.00320420    -0.01982833  -0.01385595
    7    5
  0.00281376  -0.02339280    -0.00624522   0.00049636    -0.00866761  -0.01516559
 -0.01229773  -0.00958861     0.01526228   0.00416074     0.02926424   0.01046325
 -0.00632831  -0.00253950     0.03092515   0.00794860     0.01428874  -0.00421118
    7    6
 -0.00302285   0.02593170    -0.00344249  -0.01265872    -0.00161398   0.01208933
 -0.00344249  -0.01265872     0.01536472   0.01287854    -0.00772735  -0.00608654
 -0.00161398   0.01208933    -0.00772735  -0.00608654    -0.00588804  -0.01685168
    7    7
  0.05153111   0.00000000    -0.00883569  -0.00139799     0.00383830   0.00096680
 -0.00883569   0.00139799     0.03882336   0.00000000     0.00832782   0.00460531
  0.00383830  -0.00096680     0.00832782  -0.00460531     0.05690264   0.00000000

     Dynamical  Matrix in cartesian axes

     q = (    0.324759526   0.216506351   0.324759526 ) 

    1    1
  0.05709763   0.00000000     0.00342028   0.00000000     0.00752949   0.00000000
  0.00342028   0.00000000     0.03249782   0.00000000     0.00342028   0.00000000
  0.00752949   0.00000000     0.00342028   0.00000000     0.05709763   0.00000000
    1    2
  0.01022818  -0.00473977     0.00520451  -0.00826795    -0.00947678  -0.00660177
  0.00347105   0.00701539     0.00313025   0.00122217    -0.00516978  -0.00419377
  0.00394474  -0.00425525     0.00473841  -0.00698119    -0.00384159   0.00200840
    1    3
 -0.01022818  -0.00473977    -0.00520451  -0.00826795     0.00947678  -0.00660177
 -0.00347105   0.00701539    -0.00313025   0.00122217     0.00516978  -0.00419377
 -0.00394474  -0.00425525    -0.00473841  -0.00698119     0.00384159   0.00200840
    1    4
 -0.00246087   0.00552908    -0.00504437   0.01461052     0.00067497  -0.00036585
 -0.00352222  -0.00627915    -0.00000000   0.00625650     0.00352222  -0.00627915
 -0.00067497  -0.00036585     0.00504437   0.01461052     0.00246087   0.00552908
    1    5
  0.00246087   0.00552908     0.00504437   0.01461052    -0.00067497  -0.00036585
  0.00352222  -0.00627915    -0.00000000   0.00625650    -0.00352222  -0.00627915
  0.00067497  -0.00036585    -0.00504437   0.01461052    -0.00246087   0.00552908
    1    6
  0.00384159   0.00200840    -0.00473841  -0.00698119    -0.00394474  -0.00425525
  0.00516978  -0.00419377    -0.00313025   0.00122217    -0.00347105   0.00701539
  0.00947678  -0.00660177    -0.00520451  -0.00826795    -0.01022818  -0.00473977
    1    7
 -0.00384159   0.00200840     0.00473841  -0.00698119     0.00394474  -0.00425525
 -0.00516978  -0.00419377     0.00313025   0.00122217     0.00347105   0.00701539
 -0.00947678  -0.00660177     0.00520451  -0.00826795     0.01022818  -0.00473977
    2    1
  0.01022818   0.00473977     0.00347105  -0.00701539     0.00394474   0.00425525
  0.00520451   0.00826795     0.00313025  -0.00122217     0.00473841   0.00698119
 -0.00947678   0.00660177    -0.00516978   0.00419377    -0.00384159  -0.00200840
    2    2
  0.05690264   0.00000000     0.00832782  -0.00460531    -0.00383830   0.00096680
  0.00832782   0.00460531     0.03882336   0.00000000     0.00883569  -0.00139799
 -0.00383830  -0.00096680     0.00883569   0.00139799     0.05153111   0.00000000
    2    3
  0.01607941   0.00775247     0.00976789  -0.00116023     0.00740719   0.00968970
  0.00976789  -0.00116023    -0.01997100   0.00175799    -0.01138527  -0.00651685
  0.00740719   0.00968970    -0.01138527  -0.00651685    -0.01619900  -0.02047396
    2    4
 -0.00712591   0.01308141    -0.02748789   0.01624688    -0.00627049   0.00267909
 -0.02809158   0.01329430    -0.01373415   0.00784997    -0.01547598   0.00191564
 -0.01685262  -0.00459477    -0.00406506   0.00476702     0.01455157   0.01853084
    2    5
 -0.01982833  -0.01385595    -0.01113809  -0.00320420     0.00626697   0.00391977
  0.02286248   0.00075930    -0.01485598   0.00965209     0.00753072  -0.00452250
  0.00955035   0.01239787     0.00435339  -0.00205193    -0.01290239  -0.00664028
    2    6
  0.00371405  -0.00942314     0.01151889  -0.00680094    -0.00163070  -0.02582628
 -0.00807898  -0.00935276     0.01881651  -0.01440774     0.01151889  -0.00680094
 -0.01354491  -0.03558169    -0.00807898  -0.00935276     0.00371405  -0.00942314
    2    7
 -0.02524402   0.00665827     0.00805720   0.00548039     0.01004682   0.00000000
  0.00693586  -0.00827665    -0.00928218  -0.00000000     0.00805720  -0.00548039
  0.03239141   0.00000000     0.00693586   0.00827665    -0.02524402  -0.00665827
    3    1
 -0.01022818   0.00473977    -0.00347105  -0.00701539    -0.00394474   0.00425525
 -0.00520451   0.00826795    -0.00313025  -0.00122217    -0.00473841   0.00698119
  0.00947678   0.00660177     0.00516978   0.00419377     0.00384159  -0.00200840
    3    2
  0.01607941  -0.00775247     0.00976789   0.00116023     0.00740719  -0.00968970
  0.00976789   0.00116023    -0.01997100  -0.00175799    -0.01138527   0.00651685
  0.00740719  -0.00968970    -0.01138527   0.00651685    -0.01619900   0.02047396
    3    3
  0.05690264  -0.00000000     0.00832782   0.00460531    -0.00383830  -0.00096680
  0.00832782  -0.00460531     0.03882336  -0.00000000     0.00883569   0.00139799
 -0.00383830   0.00096680     0.00883569  -0.00139799     0.05153111  -0.00000000
    3    4
 -0.01982833   0.01385595    -0.01113809   0.00320420     0.00626697  -0.00391977
  0.02286248  -0.00075930    -0.01485598  -0.00965209     0.00753072   0.00452250
  0.00955035  -0.01239787     0.00435339   0.00205193    -0.01290239   0.00664028
    3    5
 -0.00712591  -0.01308141    -0.02748789  -0.01624688    -0.00627049  -0.00267909
 -0.02809158  -0.01329430    -0.01373415  -0.00784997    -0.01547598  -0.00191564
 -0.01685262   0.00459477    -0.00406506  -0.00476702     0.01455157  -0.01853084
    3    6
 -0.02524402  -0.00665827     0.00805720  -0.00548039     0.01004682  -0.00000000
  0.00693586   0.00827665    -0.00928218   0.00000000     0.00805720   0.00548039
  0.03239141  -0.00000000     0.00693586  -0.00827665    -0.02524402   0.00665827
    3    7
  0.00371405   0.00942314     0.01151889   0.00680094    -0.00163070   0.02582628
 -0.00807898   0.00935276     0.01881651   0.01440774     0.01151889   0.00680094
 -0.01354491   0.03558169    -0.00807898   0.00935276     0.00371405   0.00942314
    4    1
 -0.00246087  -0.00552908    -0.00352222   0.00627915    -0.00067497   0.00036585
 -0.00504437  -0.01461052    -0.00000000  -0.00625650     0.00504437  -0.01461052
  0.00067497   0.00036585     0.00352222   0.00627915     0.00246087  -0.00552908
    4    2
 -0.00712591  -0.01308141    -0.02809158  -0.01329430    -0.01685262   0.00459477
 -0.02748789  -0.01624688    -0.01373415  -0.00784997    -0.00406506  -0.00476702
 -0.00627049  -0.00267909    -0.01547598  -0.00191564     0.01455157  -0.01853084
    4    3
 -0.01982833  -0.01385595     0.02286248   0.00075930     0.00955035   0.01239787
 -0.01113809  -0.00320420    -0.01485598   0.00965209     0.00435339  -0.00205193
  0.00626697   0.00391977     0.00753072  -0.00452250    -0.01290239  -0.00664028
    4    4
  0.04500237  -0.00000000     0.00592196  -0.00001437     0.00507939  -0.00113588
  0.00592196   0.00001437     0.04581987  -0.00000000     0.00592196  -0.00001437
  0.00507939   0.00113588     0.00592196   0.00001437     0.04500237   0.00000000
    4    5
 -0.02190636  -0.00087837     0.00593251   0.00564943    -0.00909279   0.00000000
  0.00593251   0.00564943     0.02441192  -0.00000000     0.00593251  -0.00564943
 -0.00909279   0.00000000     0.00593251  -0.00564943    -0.02190636   0.00087837
    4    6
  0.01455157   0.01853084    -0.01547598   0.00191564    -0.00627049   0.00267909
 -0.00406506   0.00476702    -0.01373415   0.00784997    -0.02748789   0.01624688
 -0.01685262  -0.00459477    -0.02809158   0.01329430    -0.00712591   0.01308141
    4    7
 -0.01290239   0.00664028     0.00753072   0.00452250     0.00626697  -0.00391977
  0.00435339   0.00205193    -0.01485598  -0.00965209    -0.01113809   0.00320420
  0.00955035  -0.01239787     0.02286248  -0.00075930    -0.01982833   0.01385595
    5    1
  0.00246087  -0.00552908     0.00352222   0.00627915     0.00067497   0.00036585
  0.00504437  -0.01461052    -0.00000000  -0.00625650    -0.00504437  -0.01461052
 -0.00067497   0.00036585    -0.00352222   0.00627915    -0.00246087  -0.00552908
    5    2
 -0.01982833   0.01385595     0.02286248  -0.00075930     0.00955035  -0.01239787
 -0.01113809   0.00320420    -0.01485598  -0.00965209     0.00435339   0.00205193
  0.00626697  -0.00391977     0.00753072   0.00452250    -0.01290239   0.00664028
    5    3
 -0.00712591   0.01308141    -0.02809158   0.01329430    -0.01685262  -0.00459477
 -0.02748789   0.01624688    -0.01373415   0.00784997    -0.00406506   0.00476702
 -0.00627049   0.00267909    -0.01547598   0.00191564     0.01455157   0.01853084
    5    4
 -0.02190636   0.00087837     0.00593251  -0.00564943    -0.00909279   0.00000000
  0.00593251  -0.00564943     0.02441192   0.00000000     0.00593251   0.00564943
 -0.00909279   0.00000000     0.00593251   0.00564943    -0.02190636  -0.00087837
    5    5
  0.04500237   0.00000000     0.00592196   0.00001437     0.00507939   0.00113588
  0.00592196  -0.00001437     0.04581987   0.00000000     0.00592196   0.00001437
  0.00507939  -0.00113588     0.00592196  -0.00001437     0.04500237  -0.00000000
    5    6
 -0.01290239  -0.00664028     0.00753072  -0.00452250     0.00626697   0.00391977
  0.00435339  -0.00205193    -0.01485598   0.00965209    -0.01113809  -0.00320420
  0.00955035   0.01239787     0.02286248   0.00075930    -0.01982833  -0.01385595
    5    7
  0.01455157  -0.01853084    -0.01547598  -0.00191564    -0.00627049  -0.00267909
 -0.00406506  -0.00476702    -0.01373415  -0.00784997    -0.02748789  -0.01624688
 -0.01685262   0.00459477    -0.02809158  -0.01329430    -0.00712591  -0.01308141
    6    1
  0.00384159  -0.00200840     0.00516978   0.00419377     0.00947678   0.00660177
 -0.00473841   0.00698119    -0.00313025  -0.00122217    -0.00520451   0.00826795
 -0.00394474   0.00425525    -0.00347105  -0.00701539    -0.01022818   0.00473977
    6    2
  0.00371405   0.00942314    -0.00807898   0.00935276    -0.01354491   0.03558169
  0.01151889   0.00680094     0.01881651   0.01440774    -0.00807898   0.00935276
 -0.00163070   0.02582628     0.01151889   0.00680094     0.00371405   0.00942314
    6    3
 -0.02524402   0.00665827     0.00693586  -0.00827665     0.03239141   0.00000000
  0.00805720   0.00548039    -0.00928218  -0.00000000     0.00693586   0.00827665
  0.01004682   0.00000000     0.00805720  -0.00548039    -0.02524402  -0.00665827
    6    4
  0.01455157  -0.01853084    -0.00406506  -0.00476702    -0.01685262   0.00459477
 -0.01547598  -0.00191564    -0.01373415  -0.00784997    -0.02809158  -0.01329430
 -0.00627049  -0.00267909    -0.02748789  -0.01624688    -0.00712591  -0.01308141
    6    5
 -0.01290239   0.00664028     0.00435339   0.00205193     0.00955035  -0.01239787
  0.00753072   0.00452250    -0.01485598  -0.00965209     0.02286248  -0.00075930
  0.00626697  -0.00391977    -0.01113809   0.00320420    -0.01982833   0.01385595
    6    6
  0.05153111  -0.00000000     0.00883569  -0.00139799    -0.00383830   0.00096680
  0.00883569   0.00139799     0.03882336  -0.00000000     0.00832782  -0.00460531
 -0.00383830  -0.00096680     0.00832782   0.00460531     0.05690264  -0.00000000
    6    7
 -0.01619900   0.02047396    -0.01138527   0.00651685     0.00740719  -0.00968970
 -0.01138527   0.00651685    -0.01997100  -0.00175799     0.00976789   0.00116023
  0.00740719  -0.00968970     0.00976789   0.00116023     0.01607941  -0.00775247
    7    1
 -0.00384159  -0.00200840    -0.00516978   0.00419377    -0.00947678   0.00660177
  0.00473841   0.00698119     0.00313025  -0.00122217     0.00520451   0.00826795
  0.00394474   0.00425525     0.00347105  -0.00701539     0.01022818   0.00473977
    7    2
 -0.02524402  -0.00665827     0.00693586   0.00827665     0.03239141  -0.00000000
  0.00805720  -0.00548039    -0.00928218   0.00000000     0.00693586  -0.00827665
  0.01004682  -0.00000000     0.00805720   0.00548039    -0.02524402   0.00665827
    7    3
  0.00371405  -0.00942314    -0.00807898  -0.00935276    -0.01354491  -0.03558169
  0.01151889  -0.00680094     0.01881651  -0.01440774    -0.00807898  -0.00935276
 -0.00163070  -0.02582628     0.01151889  -0.00680094     0.00371405  -0.00942314
    7    4
 -0.01290239  -0.00664028     0.00435339  -0.00205193     0.00955035   0.01239787
  0.00753072  -0.00452250    -0.01485598   0.00965209     0.02286248   0.00075930
  0.00626697   0.00391977    -0.01113809  -0.00320420    -0.01982833  -0.01385595
    7    5
  0.01455157   0.01853084    -0.00406506   0.00476702    -0.01685262  -0.00459477
 -0.01547598   0.00191564    -0.01373415   0.00784997    -0.02809158   0.01329430
 -0.00627049   0.00267909    -0.02748789   0.01624688    -0.00712591   0.01308141
    7    6
 -0.01619900  -0.02047396    -0.01138527  -0.00651685     0.00740719   0.00968970
 -0.01138527  -0.00651685    -0.01997100   0.00175799     0.00976789  -0.00116023
  0.00740719   0.00968970     0.00976789  -0.00116023     0.01607941   0.00775247
    7    7
  0.05153111   0.00000000     0.00883569   0.00139799    -0.00383830  -0.00096680
  0.00883569  -0.00139799     0.03882336   0.00000000     0.00832782   0.00460531
 -0.00383830   0.00096680     0.00832782  -0.00460531     0.05690264   0.00000000

     Dynamical  Matrix in cartesian axes

     q = (    0.324759526  -0.324759526   0.216506351 ) 

    1    1
  0.05709763   0.00000000    -0.00752949   0.00000000     0.00342028   0.00000000
 -0.00752949   0.00000000     0.05709763   0.00000000    -0.00342028   0.00000000
  0.00342028   0.00000000    -0.00342028   0.00000000     0.03249782   0.00000000
    1    2
 -0.01022818  -0.00473977    -0.00947678   0.00660177    -0.00520451  -0.00826795
  0.00394474   0.00425525     0.00384159   0.00200840     0.00473841   0.00698119
 -0.00347105   0.00701539    -0.00516978   0.00419377    -0.00313025   0.00122217
    1    3
 -0.00388089   0.01058394    -0.01136925   0.00203293     0.00216618   0.00952647
 -0.00021957  -0.00579827     0.00129627  -0.00413657    -0.00158588  -0.00828701
 -0.00741503  -0.00250622    -0.00662103   0.00069014    -0.00307763   0.00134922
    1    4
  0.00129627   0.00413657    -0.00021957   0.00579827     0.00158588  -0.00828701
 -0.01136925  -0.00203293    -0.00388089  -0.01058394    -0.00216618   0.00952647
  0.00662103   0.00069014     0.00741503  -0.00250622    -0.00307763  -0.00134922
    1    5
 -0.00200840  -0.00384159    -0.00425525  -0.00394474     0.00698119   0.00473841
 -0.00660177   0.00947678     0.00473977   0.01022818    -0.00826795  -0.00520451
  0.00419377  -0.00516978     0.00701539  -0.00347105    -0.00122217   0.00313025
    1    6
 -0.00564975  -0.00216955    -0.00073597   0.00021858    -0.01389810  -0.00676429
  0.00021858  -0.00073597    -0.00216955  -0.00564975     0.00676429   0.01389810
  0.00194944   0.00693061    -0.00693061  -0.00194944    -0.00442401  -0.00442401
    1    7
 -0.00246087   0.00552908    -0.00067497   0.00036585    -0.00504437   0.01461052
  0.00067497   0.00036585     0.00246087   0.00552908    -0.00504437  -0.01461052
