  4.000000000000000E-002   1.25994432394592        2.39890022168420     
           8

     Dynamical  Matrix in cartesian axes

     q = (    0.216506400   0.216506400   0.216506400 ) 

    1    1
  0.04473848   0.00000000    -0.00007742   0.00000000    -0.00007742   0.00000000
 -0.00007742  -0.00000000     0.04473848  -0.00000000    -0.00007742  -0.00000000
 -0.00007742  -0.00000000    -0.00007742   0.00000000     0.04473848  -0.00000000
    1    2
 -0.00045607   0.00110106     0.00301680  -0.00461157     0.00112767  -0.00539407
  0.00344363   0.00917951    -0.00032610   0.00420087    -0.00490692  -0.00461598
 -0.00892590   0.00405588     0.00673370   0.00020572    -0.00273987   0.00320105
    1    3
 -0.00045607   0.00110106     0.00112767  -0.00539407     0.00301680  -0.00461157
 -0.00892590   0.00405588    -0.00273987   0.00320105     0.00673370   0.00020572
  0.00344363   0.00917951    -0.00490692  -0.00461598    -0.00032610   0.00420087
    1    4
 -0.00273987   0.00320105    -0.00892590   0.00405588     0.00673370   0.00020572
  0.00112767  -0.00539407    -0.00045607   0.00110106     0.00301680  -0.00461157
 -0.00490692  -0.00461598     0.00344363   0.00917951    -0.00032610   0.00420087
    1    5
 -0.00032610   0.00420087     0.00344363   0.00917951    -0.00490692  -0.00461598
  0.00301680  -0.00461157    -0.00045607   0.00110106     0.00112767  -0.00539407
  0.00673370   0.00020572    -0.00892590   0.00405588    -0.00273987   0.00320105
    1    6
 -0.00032610   0.00420087    -0.00490692  -0.00461598     0.00344363   0.00917951
  0.00673370   0.00020572    -0.00273987   0.00320105    -0.00892590   0.00405588
  0.00301680  -0.00461157     0.00112767  -0.00539407    -0.00045607   0.00110106
    1    7
 -0.00273987   0.00320105     0.00673370   0.00020572    -0.00892590   0.00405588
 -0.00490692  -0.00461598    -0.00032610   0.00420087     0.00344363   0.00917951
  0.00112767  -0.00539407     0.00301680  -0.00461157    -0.00045607   0.00110106
    2    1
 -0.00045607  -0.00110106     0.00344363  -0.00917951    -0.00892590  -0.00405588
  0.00301680   0.00461157    -0.00032610  -0.00420087     0.00673370  -0.00020572
  0.00112767   0.00539407    -0.00490692   0.00461598    -0.00273987  -0.00320105
    2    2
  0.04360965   0.00000000     0.00476501   0.00048523     0.00476501  -0.00048523
  0.00476501  -0.00048523     0.03558290  -0.00000000     0.01013035  -0.00082380
  0.00476501   0.00048523     0.01013035   0.00082380     0.03558290   0.00000000
    2    3
  0.02572425   0.00000000     0.00595672  -0.00005214     0.00595672   0.00005214
  0.00595672  -0.00005214    -0.01905368   0.00903589    -0.01064184  -0.00000000
  0.00595672   0.00005214    -0.01064184   0.00000000    -0.01905368  -0.00903589
    2    4
 -0.00858915   0.00955790    -0.01702334   0.00839886     0.00089266   0.00430035
 -0.02352409   0.01549400    -0.00858915   0.00955790    -0.01265022   0.00555300
 -0.01265022   0.00555300     0.00089266   0.00430035     0.01058667   0.01462076
    2    5
 -0.01235590  -0.00902864    -0.00888780  -0.00000000     0.00341496  -0.00501124
  0.02262112  -0.00000000    -0.01235590   0.00902864     0.00754950  -0.00554550
  0.00754950   0.00554550     0.00341496   0.00501124    -0.00687097  -0.00000000
    2    6
 -0.00858915  -0.00955790     0.00089266  -0.00430035    -0.01702334  -0.00839886
 -0.01265022  -0.00555300     0.01058667  -0.01462076     0.00089266  -0.00430035
 -0.02352409  -0.01549400    -0.01265022  -0.00555300    -0.00858915  -0.00955790
    2    7
 -0.01235590   0.00902864     0.00341496   0.00501124    -0.00888780   0.00000000
  0.00754950  -0.00554550    -0.00687097  -0.00000000     0.00341496  -0.00501124
  0.02262112   0.00000000     0.00754950   0.00554550    -0.01235590  -0.00902864
    3    1
 -0.00045607  -0.00110106    -0.00892590  -0.00405588     0.00344363  -0.00917951
  0.00112767   0.00539407    -0.00273987  -0.00320105    -0.00490692   0.00461598
  0.00301680   0.00461157     0.00673370  -0.00020572    -0.00032610  -0.00420087
    3    2
  0.02572425  -0.00000000     0.00595672   0.00005214     0.00595672  -0.00005214
  0.00595672   0.00005214    -0.01905368  -0.00903589    -0.01064184   0.00000000
  0.00595672  -0.00005214    -0.01064184  -0.00000000    -0.01905368   0.00903589
    3    3
  0.04360965  -0.00000000     0.00476501  -0.00048523     0.00476501   0.00048523
  0.00476501   0.00048523     0.03558290   0.00000000     0.01013035   0.00082380
  0.00476501  -0.00048523     0.01013035  -0.00082380     0.03558290  -0.00000000
    3    4
 -0.01235590   0.00902864    -0.00888780   0.00000000     0.00341496   0.00501124
  0.02262112  -0.00000000    -0.01235590  -0.00902864     0.00754950   0.00554550
  0.00754950  -0.00554550     0.00341496  -0.00501124    -0.00687097   0.00000000
    3    5
 -0.00858915  -0.00955790    -0.01702334  -0.00839886     0.00089266  -0.00430035
 -0.02352409  -0.01549400    -0.00858915  -0.00955790    -0.01265022  -0.00555300
 -0.01265022  -0.00555300     0.00089266  -0.00430035     0.01058667  -0.01462076
    3    6
 -0.01235590  -0.00902864     0.00341496  -0.00501124    -0.00888780  -0.00000000
  0.00754950   0.00554550    -0.00687097   0.00000000     0.00341496   0.00501124
  0.02262112  -0.00000000     0.00754950  -0.00554550    -0.01235590   0.00902864
    3    7
 -0.00858915   0.00955790     0.00089266   0.00430035    -0.01702334   0.00839886
 -0.01265022   0.00555300     0.01058667   0.01462076     0.00089266   0.00430035
 -0.02352409   0.01549400    -0.01265022   0.00555300    -0.00858915   0.00955790
    4    1
 -0.00273987  -0.00320105     0.00112767   0.00539407    -0.00490692   0.00461598
 -0.00892590  -0.00405588    -0.00045607  -0.00110106     0.00344363  -0.00917951
  0.00673370  -0.00020572     0.00301680   0.00461157    -0.00032610  -0.00420087
    4    2
 -0.00858915  -0.00955790    -0.02352409  -0.01549400    -0.01265022  -0.00555300
 -0.01702334  -0.00839886    -0.00858915  -0.00955790     0.00089266  -0.00430035
  0.00089266  -0.00430035    -0.01265022  -0.00555300     0.01058667  -0.01462076
    4    3
 -0.01235590  -0.00902864     0.02262112   0.00000000     0.00754950   0.00554550
 -0.00888780  -0.00000000    -0.01235590   0.00902864     0.00341496   0.00501124
  0.00341496  -0.00501124     0.00754950  -0.00554550    -0.00687097  -0.00000000
    4    4
  0.03558290   0.00000000     0.00476501   0.00048523     0.01013035   0.00082380
  0.00476501  -0.00048523     0.04360965   0.00000000     0.00476501   0.00048523
  0.01013035  -0.00082380     0.00476501  -0.00048523     0.03558290  -0.00000000
    4    5
 -0.01905368  -0.00903589     0.00595672   0.00005214    -0.01064184  -0.00000000
  0.00595672   0.00005214     0.02572425  -0.00000000     0.00595672  -0.00005214
 -0.01064184  -0.00000000     0.00595672  -0.00005214    -0.01905368   0.00903589
    4    6
  0.01058667   0.01462076    -0.01265022   0.00555300     0.00089266   0.00430035
  0.00089266   0.00430035    -0.00858915   0.00955790    -0.01702334   0.00839886
 -0.01265022   0.00555300    -0.02352409   0.01549400    -0.00858915   0.00955790
    4    7
 -0.00687097  -0.00000000     0.00754950   0.00554550     0.00341496   0.00501124
  0.00341496  -0.00501124    -0.01235590  -0.00902864    -0.00888780  -0.00000000
  0.00754950  -0.00554550     0.02262112  -0.00000000    -0.01235590   0.00902864
    5    1
 -0.00032610  -0.00420087     0.00301680   0.00461157     0.00673370  -0.00020572
  0.00344363  -0.00917951    -0.00045607  -0.00110106    -0.00892590  -0.00405588
 -0.00490692   0.00461598     0.00112767   0.00539407    -0.00273987  -0.00320105
    5    2
 -0.01235590   0.00902864     0.02262112  -0.00000000     0.00754950  -0.00554550
 -0.00888780  -0.00000000    -0.01235590  -0.00902864     0.00341496  -0.00501124
  0.00341496   0.00501124     0.00754950   0.00554550    -0.00687097  -0.00000000
    5    3
 -0.00858915   0.00955790    -0.02352409   0.01549400    -0.01265022   0.00555300
 -0.01702334   0.00839886    -0.00858915   0.00955790     0.00089266   0.00430035
  0.00089266   0.00430035    -0.01265022   0.00555300     0.01058667   0.01462076
    5    4
 -0.01905368   0.00903589     0.00595672  -0.00005214    -0.01064184   0.00000000
  0.00595672  -0.00005214     0.02572425   0.00000000     0.00595672   0.00005214
 -0.01064184   0.00000000     0.00595672   0.00005214    -0.01905368  -0.00903589
    5    5
  0.03558290  -0.00000000     0.00476501  -0.00048523     0.01013035  -0.00082380
  0.00476501   0.00048523     0.04360965   0.00000000     0.00476501  -0.00048523
  0.01013035   0.00082380     0.00476501   0.00048523     0.03558290   0.00000000
    5    6
 -0.00687097  -0.00000000     0.00754950  -0.00554550     0.00341496  -0.00501124
  0.00341496   0.00501124    -0.01235590   0.00902864    -0.00888780   0.00000000
  0.00754950   0.00554550     0.02262112   0.00000000    -0.01235590  -0.00902864
    5    7
  0.01058667  -0.01462076    -0.01265022  -0.00555300     0.00089266  -0.00430035
  0.00089266  -0.00430035    -0.00858915  -0.00955790    -0.01702334  -0.00839886
 -0.01265022  -0.00555300    -0.02352409  -0.01549400    -0.00858915  -0.00955790
    6    1
 -0.00032610  -0.00420087     0.00673370  -0.00020572     0.00301680   0.00461157
 -0.00490692   0.00461598    -0.00273987  -0.00320105     0.00112767   0.00539407
  0.00344363  -0.00917951    -0.00892590  -0.00405588    -0.00045607  -0.00110106
    6    2
 -0.00858915   0.00955790    -0.01265022   0.00555300    -0.02352409   0.01549400
  0.00089266   0.00430035     0.01058667   0.01462076    -0.01265022   0.00555300
 -0.01702334   0.00839886     0.00089266   0.00430035    -0.00858915   0.00955790
    6    3
 -0.01235590   0.00902864     0.00754950  -0.00554550     0.02262112   0.00000000
  0.00341496   0.00501124    -0.00687097  -0.00000000     0.00754950   0.00554550
 -0.00888780   0.00000000     0.00341496  -0.00501124    -0.01235590  -0.00902864
    6    4
  0.01058667  -0.01462076     0.00089266  -0.00430035    -0.01265022  -0.00555300
 -0.01265022  -0.00555300    -0.00858915  -0.00955790    -0.02352409  -0.01549400
  0.00089266  -0.00430035    -0.01702334  -0.00839886    -0.00858915  -0.00955790
    6    5
 -0.00687097   0.00000000     0.00341496  -0.00501124     0.00754950  -0.00554550
  0.00754950   0.00554550    -0.01235590  -0.00902864     0.02262112  -0.00000000
  0.00341496   0.00501124    -0.00888780   0.00000000    -0.01235590   0.00902864
    6    6
  0.03558290  -0.00000000     0.01013035  -0.00082380     0.00476501  -0.00048523
  0.01013035   0.00082380     0.03558290   0.00000000     0.00476501   0.00048523
  0.00476501   0.00048523     0.00476501  -0.00048523     0.04360965  -0.00000000
    6    7
 -0.01905368   0.00903589    -0.01064184   0.00000000     0.00595672  -0.00005214
 -0.01064184   0.00000000    -0.01905368  -0.00903589     0.00595672   0.00005214
  0.00595672  -0.00005214     0.00595672   0.00005214     0.02572425   0.00000000
    7    1
 -0.00273987  -0.00320105    -0.00490692   0.00461598     0.00112767   0.00539407
  0.00673370  -0.00020572    -0.00032610  -0.00420087     0.00301680   0.00461157
 -0.00892590  -0.00405588     0.00344363  -0.00917951    -0.00045607  -0.00110106
    7    2
 -0.01235590  -0.00902864     0.00754950   0.00554550     0.02262112  -0.00000000
  0.00341496  -0.00501124    -0.00687097   0.00000000     0.00754950  -0.00554550
 -0.00888780   0.00000000     0.00341496   0.00501124    -0.01235590   0.00902864
    7    3
 -0.00858915  -0.00955790    -0.01265022  -0.00555300    -0.02352409  -0.01549400
  0.00089266  -0.00430035     0.01058667  -0.01462076    -0.01265022  -0.00555300
 -0.01702334  -0.00839886     0.00089266  -0.00430035    -0.00858915  -0.00955790
    7    4
 -0.00687097   0.00000000     0.00341496   0.00501124     0.00754950   0.00554550
  0.00754950  -0.00554550    -0.01235590   0.00902864     0.02262112  -0.00000000
  0.00341496  -0.00501124    -0.00888780   0.00000000    -0.01235590  -0.00902864
    7    5
  0.01058667   0.01462076     0.00089266   0.00430035    -0.01265022   0.00555300
 -0.01265022   0.00555300    -0.00858915   0.00955790    -0.02352409   0.01549400
  0.00089266   0.00430035    -0.01702334   0.00839886    -0.00858915   0.00955790
    7    6
 -0.01905368  -0.00903589    -0.01064184   0.00000000     0.00595672   0.00005214
 -0.01064184  -0.00000000    -0.01905368   0.00903589     0.00595672  -0.00005214
  0.00595672   0.00005214     0.00595672  -0.00005214     0.02572425   0.00000000
    7    7
  0.03558290   0.00000000     0.01013035   0.00082380     0.00476501   0.00048523
  0.01013035  -0.00082380     0.03558290  -0.00000000     0.00476501  -0.00048523
  0.00476501  -0.00048523     0.00476501   0.00048523     0.04360965  -0.00000000

     Dynamical  Matrix in cartesian axes

     q = (    0.216506400  -0.216506400   0.216506400 ) 

    1    1
  0.04473848   0.00000000     0.00007742   0.00000000    -0.00007742   0.00000000
  0.00007742   0.00000000     0.04473848   0.00000000     0.00007742   0.00000000
 -0.00007742   0.00000000     0.00007742  -0.00000000     0.04473848   0.00000000
    1    2
 -0.00045607   0.00110106    -0.00301680   0.00461157     0.00112767  -0.00539407
 -0.00344363  -0.00917951    -0.00032610   0.00420087     0.00490692   0.00461598
 -0.00892590   0.00405588    -0.00673370  -0.00020572    -0.00273987   0.00320105
    1    3
 -0.00110106  -0.00045607    -0.00539407  -0.00112767     0.00461157   0.00301680
  0.00405588   0.00892590    -0.00320105  -0.00273987     0.00020572  -0.00673370
 -0.00917951   0.00344363    -0.00461598   0.00490691    -0.00420087  -0.00032610
    1    4
 -0.00320105   0.00273987     0.00405588  -0.00892590    -0.00020572  -0.00673370
 -0.00539407   0.00112767    -0.00110106   0.00045607    -0.00461157   0.00301680
  0.00461598   0.00490691     0.00917951   0.00344363    -0.00420087   0.00032610
    1    5
 -0.00420087   0.00032610     0.00917951   0.00344363     0.00461598   0.00490691
 -0.00461157   0.00301680    -0.00110106   0.00045607    -0.00539407   0.00112767
 -0.00020572  -0.00673370     0.00405588  -0.00892590    -0.00320105   0.00273987
    1    6
 -0.00420087  -0.00032610    -0.00461598   0.00490691    -0.00917951   0.00344363
  0.00020572  -0.00673370    -0.00320105  -0.00273987     0.00405588   0.00892590
  0.00461157   0.00301680    -0.00539407  -0.00112767    -0.00110106  -0.00045607
    1    7
 -0.00273987   0.00320105    -0.00673370  -0.00020572    -0.00892590   0.00405588
  0.00490692   0.00461598    -0.00032610   0.00420087    -0.00344363  -0.00917951
  0.00112767  -0.00539407    -0.00301680   0.00461157    -0.00045607   0.00110106
    2    1
 -0.00045607  -0.00110106    -0.00344363   0.00917951    -0.00892590  -0.00405588
 -0.00301680  -0.00461157    -0.00032610  -0.00420087    -0.00673370   0.00020572
  0.00112767   0.00539407     0.00490692  -0.00461598    -0.00273987  -0.00320105
    2    2
  0.04360965   0.00000000    -0.00476501  -0.00048523     0.00476501  -0.00048523
 -0.00476501   0.00048523     0.03558290  -0.00000000    -0.01013035   0.00082380
  0.00476501   0.00048523    -0.01013035  -0.00082380     0.03558290   0.00000000
    2    3
 -0.00000001   0.02572425    -0.00005214  -0.00595672    -0.00005214   0.00595672
 -0.00005214  -0.00595672    -0.00903588  -0.01905368    -0.00000000   0.01064184
 -0.00005214   0.00595672    -0.00000000   0.01064184     0.00903589  -0.01905368
    2    4
 -0.00235273  -0.01512115     0.00628462   0.00628463     0.00595823  -0.00112874
 -0.01599555  -0.01599555    -0.01512115  -0.00235273    -0.00925956  -0.00141704
  0.00141704   0.00925956     0.00112874  -0.00595823    -0.00485851  -0.00485851
    2    5
 -0.01283190   0.00068501     0.01797621   0.00609844    -0.00240960   0.00367201
  0.02758996   0.00567814    -0.01283190   0.00068501     0.01287162   0.00501850
 -0.01287162  -0.00501850     0.00240960  -0.00367201    -0.00285254   0.01782434
    2    6
  0.00955790  -0.00858915    -0.00430035  -0.00089266     0.00839886  -0.01702334
 -0.00555300   0.01265022     0.01462076   0.01058667    -0.00430035  -0.00089266
  0.01549401  -0.02352409    -0.00555300   0.01265022     0.00955790  -0.00858915
    2    7
 -0.01235590   0.00902864    -0.00341496  -0.00501124    -0.00888780  -0.00000000
 -0.00754950   0.00554550    -0.00687097  -0.00000000    -0.00341496   0.00501124
  0.02262112   0.00000000    -0.00754950  -0.00554550    -0.01235590  -0.00902864
    3    1
 -0.00110106   0.00045607     0.00405588  -0.00892590    -0.00917951  -0.00344363
 -0.00539407   0.00112767    -0.00320105   0.00273987    -0.00461598  -0.00490691
  0.00461157  -0.00301680     0.00020572   0.00673370    -0.00420087   0.00032610
    3    2
 -0.00000001  -0.02572425    -0.00005214   0.00595672    -0.00005214  -0.00595672
 -0.00005214   0.00595672    -0.00903588   0.01905368    -0.00000000  -0.01064184
 -0.00005214  -0.00595672    -0.00000000  -0.01064184     0.00903589   0.01905368
    3    3
  0.04360965   0.00000000    -0.00476501   0.00048523     0.00476501   0.00048523
 -0.00476501  -0.00048523     0.03558290   0.00000000    -0.01013035  -0.00082380
  0.00476501  -0.00048523    -0.01013035   0.00082380     0.03558290   0.00000000
    3    4
 -0.01283190  -0.00068501     0.01797621  -0.00609844    -0.00240960  -0.00367201
  0.02758996  -0.00567814    -0.01283190  -0.00068501     0.01287162  -0.00501850
 -0.01287162   0.00501850     0.00240960   0.00367201    -0.00285254  -0.01782434
    3    5
 -0.00235273   0.01512115     0.00628462  -0.00628463     0.00595823   0.00112874
 -0.01599555   0.01599555    -0.01512115   0.00235273    -0.00925956   0.00141704
  0.00141704  -0.00925956     0.00112874   0.00595823    -0.00485851   0.00485851
    3    6
 -0.01235590  -0.00902864    -0.00341496   0.00501124    -0.00888780   0.00000000
 -0.00754950  -0.00554550    -0.00687097   0.00000000    -0.00341496  -0.00501124
  0.02262112  -0.00000000    -0.00754950   0.00554550    -0.01235590   0.00902864
    3    7
  0.00955790   0.00858915    -0.00430035   0.00089266     0.00839886   0.01702334
 -0.00555300  -0.01265022     0.01462076  -0.01058667    -0.00430035   0.00089266
  0.01549401   0.02352409    -0.00555300  -0.01265022     0.00955790   0.00858915
    4    1
 -0.00320105  -0.00273987    -0.00539407  -0.00112767     0.00461598  -0.00490691
  0.00405588   0.00892590    -0.00110106  -0.00045607     0.00917951  -0.00344363
 -0.00020572   0.00673370    -0.00461157  -0.00301680    -0.00420087  -0.00032610
    4    2
 -0.00235273   0.01512115    -0.01599555   0.01599555     0.00141704  -0.00925956
  0.00628462  -0.00628463    -0.01512115   0.00235273     0.00112874   0.00595823
  0.00595823   0.00112874    -0.00925956   0.00141704    -0.00485851   0.00485851
    4    3
 -0.01283190   0.00068501     0.02758996   0.00567814    -0.01287162  -0.00501850
  0.01797621   0.00609844    -0.01283190   0.00068501     0.00240960  -0.00367201
 -0.00240960   0.00367201     0.01287162   0.00501850    -0.00285254   0.01782434
    4    4
  0.03558290  -0.00000000    -0.00476501   0.00048523     0.01013035  -0.00082380
 -0.00476501  -0.00048523     0.04360965   0.00000000    -0.00476501   0.00048523
  0.01013035   0.00082380    -0.00476501  -0.00048523     0.03558290   0.00000000
    4    5
 -0.01905368   0.00903589    -0.00595672   0.00005214    -0.01064184  -0.00000000
 -0.00595672   0.00005214     0.02572425   0.00000000    -0.00595672  -0.00005214
 -0.01064184  -0.00000000    -0.00595672  -0.00005214    -0.01905368  -0.00903589
    4    6
 -0.00485851  -0.00485851    -0.00925956  -0.00141704     0.00595823  -0.00112874
  0.00112874  -0.00595823    -0.01512115  -0.00235273     0.00628462   0.00628463
  0.00141704   0.00925956    -0.01599555  -0.01599555    -0.00235273  -0.01512115
    4    7
 -0.00285254  -0.01782434     0.01287162  -0.00501850    -0.00240960  -0.00367201
  0.00240960   0.00367201    -0.01283190  -0.00068501     0.01797621  -0.00609844
 -0.01287162   0.00501850     0.02758996  -0.00567814    -0.01283190  -0.00068501
    5    1
 -0.00420087  -0.00032610    -0.00461157  -0.00301680    -0.00020572   0.00673370
  0.00917951  -0.00344363    -0.00110106  -0.00045607     0.00405588   0.00892590
  0.00461598  -0.00490691    -0.00539407  -0.00112767    -0.00320105  -0.00273987
    5    2
 -0.01283190  -0.00068501     0.02758996  -0.00567814    -0.01287162   0.00501850
  0.01797621  -0.00609844    -0.01283190  -0.00068501     0.00240960   0.00367201
 -0.00240960  -0.00367201     0.01287162  -0.00501850    -0.00285254  -0.01782434
    5    3
 -0.00235273  -0.01512115    -0.01599555  -0.01599555     0.00141704   0.00925956
  0.00628462   0.00628463    -0.01512115  -0.00235273     0.00112874  -0.00595823
  0.00595823  -0.00112874    -0.00925956  -0.00141704    -0.00485851  -0.00485851
    5    4
 -0.01905368  -0.00903589    -0.00595672  -0.00005214    -0.01064184   0.00000000
 -0.00595672  -0.00005214     0.02572425  -0.00000000    -0.00595672   0.00005214
 -0.01064184   0.00000000    -0.00595672   0.00005214    -0.01905368   0.00903589
    5    5
  0.03558290   0.00000000    -0.00476501  -0.00048523     0.01013035   0.00082380
 -0.00476501   0.00048523     0.04360965   0.00000000    -0.00476501  -0.00048523
  0.01013035  -0.00082380    -0.00476501   0.00048523     0.03558290   0.00000000
    5    6
 -0.00285254   0.01782434     0.01287162   0.00501850    -0.00240960   0.00367201
  0.00240960  -0.00367201    -0.01283190   0.00068501     0.01797621   0.00609844
 -0.01287162  -0.00501850     0.02758996   0.00567814    -0.01283190   0.00068501
    5    7
 -0.00485851   0.00485851    -0.00925956   0.00141704     0.00595823   0.00112874
  0.00112874   0.00595823    -0.01512115   0.00235273     0.00628462  -0.00628463
  0.00141704  -0.00925956    -0.01599555   0.01599555    -0.00235273   0.01512115
    6    1
 -0.00420087   0.00032610     0.00020572   0.00673370     0.00461157  -0.00301680
 -0.00461598  -0.00490691    -0.00320105   0.00273987    -0.00539407   0.00112767
 -0.00917951  -0.00344363     0.00405588  -0.00892590    -0.00110106   0.00045607
    6    2
  0.00955790   0.00858915    -0.00555300  -0.01265022     0.01549401   0.02352409
 -0.00430035   0.00089266     0.01462076  -0.01058667    -0.00555300  -0.01265022
  0.00839886   0.01702334    -0.00430035   0.00089266     0.00955790   0.00858915
    6    3
 -0.01235590   0.00902864    -0.00754950   0.00554550     0.02262112   0.00000000
 -0.00341496  -0.00501124    -0.00687097  -0.00000000    -0.00754950  -0.00554550
 -0.00888780  -0.00000000    -0.00341496   0.00501124    -0.01235590  -0.00902864
    6    4
 -0.00485851   0.00485851     0.00112874   0.00595823     0.00141704  -0.00925956
 -0.00925956   0.00141704    -0.01512115   0.00235273    -0.01599555   0.01599555
  0.00595823   0.00112874     0.00628462  -0.00628463    -0.00235273   0.01512115
    6    5
 -0.00285254  -0.01782434     0.00240960   0.00367201    -0.01287162   0.00501850
  0.01287162  -0.00501850    -0.01283190  -0.00068501     0.02758996  -0.00567814
 -0.00240960  -0.00367201     0.01797621  -0.00609844    -0.01283190  -0.00068501
    6    6
  0.03558290  -0.00000000    -0.01013035   0.00082380     0.00476501  -0.00048523
 -0.01013035  -0.00082380     0.03558290   0.00000000    -0.00476501  -0.00048523
  0.00476501   0.00048523    -0.00476501   0.00048523     0.04360965   0.00000000
    6    7
  0.00903589   0.01905368    -0.00000000  -0.01064184    -0.00005214  -0.00595672
 -0.00000000  -0.01064184    -0.00903588   0.01905368    -0.00005214   0.00595672
 -0.00005214  -0.00595672    -0.00005214   0.00595672    -0.00000001  -0.02572425
    7    1
 -0.00273987  -0.00320105     0.00490692  -0.00461598     0.00112767   0.00539407
 -0.00673370   0.00020572    -0.00032610  -0.00420087    -0.00301680  -0.00461157
 -0.00892590  -0.00405588    -0.00344363   0.00917951    -0.00045607  -0.00110106
    7    2
 -0.01235590  -0.00902864    -0.00754950  -0.00554550     0.02262112  -0.00000000
 -0.00341496   0.00501124    -0.00687097   0.00000000    -0.00754950   0.00554550
 -0.00888780   0.00000000    -0.00341496  -0.00501124    -0.01235590   0.00902864
    7    3
  0.00955790  -0.00858915    -0.00555300   0.01265022     0.01549401  -0.02352409
 -0.00430035  -0.00089266     0.01462076   0.01058667    -0.00555300   0.01265022
  0.00839886  -0.01702334    -0.00430035  -0.00089266     0.00955790  -0.00858915
    7    4
 -0.00285254   0.01782434     0.00240960  -0.00367201    -0.01287162  -0.00501850
  0.01287162   0.00501850    -0.01283190   0.00068501     0.02758996   0.00567814
 -0.00240960   0.00367201     0.01797621   0.00609844    -0.01283190   0.00068501
    7    5
 -0.00485851  -0.00485851     0.00112874  -0.00595823     0.00141704   0.00925956
 -0.00925956  -0.00141704    -0.01512115  -0.00235273    -0.01599555  -0.01599555
  0.00595823  -0.00112874     0.00628462   0.00628463    -0.00235273  -0.01512115
    7    6
  0.00903589  -0.01905368    -0.00000000   0.01064184    -0.00005214   0.00595672
 -0.00000000   0.01064184    -0.00903588  -0.01905368    -0.00005214  -0.00595672
 -0.00005214   0.00595672    -0.00005214  -0.00595672    -0.00000001   0.02572425
    7    7
  0.03558290   0.00000000    -0.01013035  -0.00082380     0.00476501   0.00048523
 -0.01013035   0.00082380     0.03558290  -0.00000000    -0.00476501   0.00048523
  0.00476501  -0.00048523    -0.00476501  -0.00048523     0.04360965   0.00000000

     Dynamical  Matrix in cartesian axes

     q = (   -0.216506400   0.216506400   0.216506400 ) 

    1    1
  0.04473848  -0.00000000     0.00007742   0.00000000     0.00007742  -0.00000000
  0.00007742  -0.00000000     0.04473848   0.00000000    -0.00007742   0.00000000
  0.00007742  -0.00000000    -0.00007742   0.00000000     0.04473848   0.00000000
    1    2
 -0.00110106   0.00045607    -0.00461157   0.00301680    -0.00539407   0.00112767
  0.00917951   0.00344363    -0.00420087   0.00032610     0.00461598   0.00490691
  0.00405588  -0.00892590    -0.00020572  -0.00673370    -0.00320105   0.00273987
    1    3
 -0.00110106   0.00045607    -0.00539407   0.00112767    -0.00461157   0.00301680
  0.00405588  -0.00892590    -0.00320105   0.00273987    -0.00020572  -0.00673370
  0.00917951   0.00344363     0.00461598   0.00490691    -0.00420087   0.00032610
    1    4
 -0.00320105  -0.00273987     0.00405588   0.00892590     0.00020572  -0.00673370
 -0.00539407  -0.00112767    -0.00110106  -0.00045607     0.00461157   0.00301680
 -0.00461598   0.00490691    -0.00917951   0.00344363    -0.00420087  -0.00032610
    1    5
 -0.00032610   0.00420087    -0.00344363  -0.00917951     0.00490692   0.00461598
 -0.00301680   0.00461157    -0.00045607   0.00110106     0.00112767  -0.00539407
 -0.00673370  -0.00020572    -0.00892590   0.00405588    -0.00273987   0.00320105
    1    6
 -0.00032610   0.00420087     0.00490692   0.00461598    -0.00344363  -0.00917951
 -0.00673370  -0.00020572    -0.00273987   0.00320105    -0.00892590   0.00405588
 -0.00301680   0.00461157     0.00112767  -0.00539407    -0.00045607   0.00110106
    1    7
 -0.00320105  -0.00273987     0.00020572  -0.00673370     0.00405588   0.00892590
 -0.00461598   0.00490691    -0.00420087  -0.00032610    -0.00917951   0.00344363
 -0.00539407  -0.00112767     0.00461157   0.00301680    -0.00110106  -0.00045607
    2    1
 -0.00110106  -0.00045607     0.00917951  -0.00344363     0.00405588   0.00892590
 -0.00461157  -0.00301680    -0.00420087  -0.00032610    -0.00020572   0.00673370
 -0.00539407  -0.00112767     0.00461598  -0.00490691    -0.00320105  -0.00273987
    2    2
  0.04360965   0.00000000    -0.00476501   0.00048523    -0.00476501  -0.00048523
 -0.00476501  -0.00048523     0.03558290   0.00000000     0.01013035   0.00082380
 -0.00476501   0.00048523     0.01013035  -0.00082380     0.03558290   0.00000000
    2    3
  0.02572425  -0.00000000    -0.00595672  -0.00005214    -0.00595672   0.00005214
 -0.00595672  -0.00005214    -0.01905368  -0.00903589    -0.01064184   0.00000000
 -0.00595672   0.00005214    -0.01064184   0.00000000    -0.01905368   0.00903589
    2    4
 -0.01512115  -0.00235273     0.00628462   0.00628463     0.00112874  -0.00595823
 -0.01599555  -0.01599555    -0.00235273  -0.01512115     0.00141704   0.00925956
 -0.00925956  -0.00141704     0.00595823  -0.00112874    -0.00485851  -0.00485851
    2    5
 -0.01283190  -0.00068501     0.01797621  -0.00609844     0.00240960   0.00367201
  0.02758996  -0.00567814    -0.01283190  -0.00068501    -0.01287162   0.00501850
  0.01287162  -0.00501850    -0.00240960  -0.00367201    -0.00285254  -0.01782434
    2    6
 -0.01512115   0.00235273     0.00112874   0.00595823     0.00628462  -0.00628463
 -0.00925956   0.00141704    -0.00485851   0.00485851     0.00595823   0.00112874
 -0.01599555   0.01599555     0.00141704  -0.00925956    -0.00235273   0.01512115
    2    7
 -0.01283190   0.00068501     0.00240960  -0.00367201     0.01797621   0.00609844
  0.01287162   0.00501850    -0.00285254   0.01782434    -0.00240960   0.00367201
  0.02758996   0.00567814    -0.01287162  -0.00501850    -0.01283190   0.00068501
    3    1
 -0.00110106  -0.00045607     0.00405588   0.00892590     0.00917951  -0.00344363
 -0.00539407  -0.00112767    -0.00320105  -0.00273987     0.00461598  -0.00490691
 -0.00461157  -0.00301680    -0.00020572   0.00673370    -0.00420087  -0.00032610
    3    2
  0.02572425   0.00000000    -0.00595672   0.00005214    -0.00595672  -0.00005214
 -0.00595672   0.00005214    -0.01905368   0.00903589    -0.01064184  -0.00000000
 -0.00595672  -0.00005214    -0.01064184  -0.00000000    -0.01905368  -0.00903589
    3    3
  0.04360965   0.00000000    -0.00476501  -0.00048523    -0.00476501   0.00048523
 -0.00476501   0.00048523     0.03558290  -0.00000000     0.01013035  -0.00082380
 -0.00476501  -0.00048523     0.01013035   0.00082380     0.03558290  -0.00000000
    3    4
 -0.01283190   0.00068501     0.01797621   0.00609844     0.00240960  -0.00367201
  0.02758996   0.00567814    -0.01283190   0.00068501    -0.01287162  -0.00501850
  0.01287162   0.00501850    -0.00240960   0.00367201    -0.00285254   0.01782434
    3    5
 -0.01512115   0.00235273     0.00628462  -0.00628463     0.00112874   0.00595823
 -0.01599555   0.01599555    -0.00235273   0.01512115     0.00141704  -0.00925956
 -0.00925956   0.00141704     0.00595823   0.00112874    -0.00485851   0.00485851
    3    6
 -0.01283190  -0.00068501     0.00240960   0.00367201     0.01797621  -0.00609844
  0.01287162  -0.00501850    -0.00285254  -0.01782434    -0.00240960  -0.00367201
  0.02758996  -0.00567814    -0.01287162   0.00501850    -0.01283190  -0.00068501
    3    7
 -0.01512115  -0.00235273     0.00112874  -0.00595823     0.00628462   0.00628463
 -0.00925956  -0.00141704    -0.00485851  -0.00485851     0.00595823  -0.00112874
 -0.01599555  -0.01599555     0.00141704   0.00925956    -0.00235273  -0.01512115
    4    1
 -0.00320105   0.00273987    -0.00539407   0.00112767    -0.00461598  -0.00490691
  0.00405588  -0.00892590    -0.00110106   0.00045607    -0.00917951  -0.00344363
  0.00020572   0.00673370     0.00461157  -0.00301680    -0.00420087   0.00032610
    4    2
 -0.01512115   0.00235273    -0.01599555   0.01599555    -0.00925956   0.00141704
  0.00628462  -0.00628463    -0.00235273   0.01512115     0.00595823   0.00112874
  0.00112874   0.00595823     0.00141704  -0.00925956    -0.00485851   0.00485851
    4    3
 -0.01283190  -0.00068501     0.02758996  -0.00567814     0.01287162  -0.00501850
  0.01797621  -0.00609844    -0.01283190  -0.00068501    -0.00240960  -0.00367201
  0.00240960   0.00367201    -0.01287162   0.00501850    -0.00285254  -0.01782434
    4    4
  0.03558290   0.00000000    -0.00476501  -0.00048523    -0.01013035  -0.00082380
 -0.00476501   0.00048523     0.04360965   0.00000000     0.00476501   0.00048523
 -0.01013035   0.00082380     0.00476501  -0.00048523     0.03558290   0.00000000
    4    5
 -0.00903588   0.01905368    -0.00005214   0.00595672    -0.00000000  -0.01064184
 -0.00005214   0.00595672    -0.00000001  -0.02572425    -0.00005214  -0.00595672
 -0.00000000  -0.01064184    -0.00005214  -0.00595672     0.00903589   0.01905368
    4    6
  0.01462076  -0.01058667    -0.00555300  -0.01265022    -0.00430035   0.00089266
 -0.00430035   0.00089266     0.00955790   0.00858915     0.00839886   0.01702334
 -0.00555300  -0.01265022     0.01549401   0.02352409     0.00955790   0.00858915
    4    7
 -0.00687097   0.00000000    -0.00754950  -0.00554550    -0.00341496  -0.00501124
 -0.00341496   0.00501124    -0.01235590  -0.00902864    -0.00888780   0.00000000
 -0.00754950   0.00554550     0.02262112  -0.00000000    -0.01235590   0.00902864
    5    1
 -0.00032610  -0.00420087    -0.00301680  -0.00461157    -0.00673370   0.00020572
 -0.00344363   0.00917951    -0.00045607  -0.00110106    -0.00892590  -0.00405588
  0.00490692  -0.00461598     0.00112767   0.00539407    -0.00273987  -0.00320105
    5    2
 -0.01283190   0.00068501     0.02758996   0.00567814     0.01287162   0.00501850
  0.01797621   0.00609844    -0.01283190   0.00068501    -0.00240960   0.00367201
  0.00240960  -0.00367201    -0.01287162  -0.00501850    -0.00285254   0.01782434
    5    3
 -0.01512115  -0.00235273    -0.01599555  -0.01599555    -0.00925956  -0.00141704
  0.00628462   0.00628463    -0.00235273  -0.01512115     0.00595823  -0.00112874
  0.00112874  -0.00595823     0.00141704   0.00925956    -0.00485851  -0.00485851
    5    4
 -0.00903588  -0.01905368    -0.00005214  -0.00595672    -0.00000000   0.01064184
 -0.00005214  -0.00595672    -0.00000001   0.02572425    -0.00005214   0.00595672
 -0.00000000   0.01064184    -0.00005214   0.00595672     0.00903589  -0.01905368
    5    5
  0.03558290  -0.00000000    -0.00476501   0.00048523    -0.01013035   0.00082380
 -0.00476501  -0.00048523     0.04360965   0.00000000     0.00476501  -0.00048523
 -0.01013035  -0.00082380     0.00476501   0.00048523     0.03558290   0.00000000
    5    6
 -0.00687097  -0.00000000    -0.00754950   0.00554550    -0.00341496   0.00501124
 -0.00341496  -0.00501124    -0.01235590   0.00902864    -0.00888780  -0.00000000
 -0.00754950  -0.00554550     0.02262112   0.00000000    -0.01235590  -0.00902864
    5    7
  0.01462076   0.01058667    -0.00555300   0.01265022    -0.00430035  -0.00089266
 -0.00430035  -0.00089266     0.00955790  -0.00858915     0.00839886  -0.01702334
 -0.00555300   0.01265022     0.01549401  -0.02352409     0.00955790  -0.00858915
    6    1
 -0.00032610  -0.00420087    -0.00673370   0.00020572    -0.00301680  -0.00461157
  0.00490692  -0.00461598    -0.00273987  -0.00320105     0.00112767   0.00539407
 -0.00344363   0.00917951    -0.00892590  -0.00405588    -0.00045607  -0.00110106
    6    2
 -0.01512115  -0.00235273    -0.00925956  -0.00141704    -0.01599555  -0.01599555
  0.00112874  -0.00595823    -0.00485851  -0.00485851     0.00141704   0.00925956
  0.00628462   0.00628463     0.00595823  -0.00112874    -0.00235273  -0.01512115
    6    3
 -0.01283190   0.00068501     0.01287162   0.00501850     0.02758996   0.00567814
  0.00240960  -0.00367201    -0.00285254   0.01782434    -0.01287162  -0.00501850
  0.01797621   0.00609844    -0.00240960   0.00367201    -0.01283190   0.00068501
    6    4
  0.01462076   0.01058667    -0.00430035  -0.00089266    -0.00555300   0.01265022
 -0.00555300   0.01265022     0.00955790  -0.00858915     0.01549401  -0.02352409
 -0.00430035  -0.00089266     0.00839886  -0.01702334     0.00955790  -0.00858915
    6    5
 -0.00687097   0.00000000    -0.00341496   0.00501124    -0.00754950   0.00554550
 -0.00754950  -0.00554550    -0.01235590  -0.00902864     0.02262112  -0.00000000
 -0.00341496  -0.00501124    -0.00888780   0.00000000    -0.01235590   0.00902864
    6    6
  0.03558290  -0.00000000    -0.01013035   0.00082380    -0.00476501   0.00048523
 -0.01013035  -0.00082380     0.03558290   0.00000000     0.00476501   0.00048523
 -0.00476501  -0.00048523     0.00476501  -0.00048523     0.04360965   0.00000000
    6    7
 -0.00903588  -0.01905368    -0.00000000   0.01064184    -0.00005214  -0.00595672
 -0.00000000   0.01064184     0.00903589  -0.01905368    -0.00005214   0.00595672
 -0.00005214  -0.00595672    -0.00005214   0.00595672    -0.00000001   0.02572425
    7    1
 -0.00320105   0.00273987    -0.00461598  -0.00490691    -0.00539407   0.00112767
  0.00020572   0.00673370    -0.00420087   0.00032610     0.00461157  -0.00301680
  0.00405588  -0.00892590    -0.00917951  -0.00344363    -0.00110106   0.00045607
    7    2
 -0.01283190  -0.00068501     0.01287162  -0.00501850     0.02758996  -0.00567814
  0.00240960   0.00367201    -0.00285254  -0.01782434    -0.01287162   0.00501850
  0.01797621  -0.00609844    -0.00240960  -0.00367201    -0.01283190  -0.00068501
    7    3
 -0.01512115   0.00235273    -0.00925956   0.00141704    -0.01599555   0.01599555
  0.00112874   0.00595823    -0.00485851   0.00485851     0.00141704  -0.00925956
  0.00628462  -0.00628463     0.00595823   0.00112874    -0.00235273   0.01512115
    7    4
 -0.00687097  -0.00000000    -0.00341496  -0.00501124    -0.00754950  -0.00554550
 -0.00754950   0.00554550    -0.01235590   0.00902864     0.02262112   0.00000000
 -0.00341496   0.00501124    -0.00888780   0.00000000    -0.01235590  -0.00902864
    7    5
  0.01462076  -0.01058667    -0.00430035   0.00089266    -0.00555300  -0.01265022
 -0.00555300  -0.01265022     0.00955790   0.00858915     0.01549401   0.02352409
 -0.00430035   0.00089266     0.00839886   0.01702334     0.00955790   0.00858915
    7    6
 -0.00903588   0.01905368    -0.00000000  -0.01064184    -0.00005214   0.00595672
 -0.00000000  -0.01064184     0.00903589   0.01905368    -0.00005214  -0.00595672
 -0.00005214   0.00595672    -0.00005214  -0.00595672    -0.00000001  -0.02572425
    7    7
  0.03558290   0.00000000    -0.01013035  -0.00082380    -0.00476501  -0.00048523
 -0.01013035   0.00082380     0.03558290  -0.00000000     0.00476501  -0.00048523
 -0.00476501   0.00048523     0.00476501   0.00048523     0.04360965   0.00000000

     Dynamical  Matrix in cartesian axes

     q = (   -0.216506400  -0.216506400  -0.216506400 ) 

    1    1
  0.04473848   0.00000000    -0.00007742   0.00000000    -0.00007742  -0.00000000
 -0.00007742  -0.00000000     0.04473848  -0.00000000    -0.00007742  -0.00000000
 -0.00007742   0.00000000    -0.00007742   0.00000000     0.04473848   0.00000000
    1    2
 -0.00045607  -0.00110106     0.00301680   0.00461157     0.00112767   0.00539407
  0.00344363  -0.00917951    -0.00032610  -0.00420087    -0.00490692   0.00461598
 -0.00892590  -0.00405588     0.00673370  -0.00020572    -0.00273987  -0.00320105
    1    3
 -0.00045607  -0.00110106     0.00112767   0.00539407     0.00301680   0.00461157
 -0.00892590  -0.00405588    -0.00273987  -0.00320105     0.00673370  -0.00020572
  0.00344363  -0.00917951    -0.00490692   0.00461598    -0.00032610  -0.00420087
    1    4
 -0.00273987  -0.00320105    -0.00892590  -0.00405588     0.00673370  -0.00020572
  0.00112767   0.00539407    -0.00045607  -0.00110106     0.00301680   0.00461157
 -0.00490692   0.00461598     0.00344363  -0.00917951    -0.00032610  -0.00420087
    1    5
 -0.00032610  -0.00420087     0.00344363  -0.00917951    -0.00490692   0.00461598
  0.00301680   0.00461157    -0.00045607  -0.00110106     0.00112767   0.00539407
  0.00673370  -0.00020572    -0.00892590  -0.00405588    -0.00273987  -0.00320105
    1    6
 -0.00032610  -0.00420087    -0.00490692   0.00461598     0.00344363  -0.00917951
  0.00673370  -0.00020572    -0.00273987  -0.00320105    -0.00892590  -0.00405588
  0.00301680   0.00461157     0.00112767   0.00539407    -0.00045607  -0.00110106
    1    7
 -0.00273987  -0.00320105     0.00673370  -0.00020572    -0.00892590  -0.00405588
 -0.00490692   0.00461598    -0.00032610  -0.00420087     0.00344363  -0.00917951
