  1.000000000000000E-002   1.26045764302382        2.13065582614097     
          24

     Dynamical  Matrix in cartesian axes

     q = (    0.216506400   0.108253200   0.108253200 ) 

    1    1
  0.05295712   0.00000000     0.00700797   0.00000000     0.00700797   0.00000000
  0.00700797   0.00000000     0.01498404   0.00000000    -0.00220205   0.00000000
  0.00700797   0.00000000    -0.00220205   0.00000000     0.01498404   0.00000000
    1    2
  0.00489877  -0.00489877     0.00508119  -0.00633973     0.00633973  -0.00508120
 -0.00188841   0.00218655     0.00238531   0.00480452     0.00238186  -0.00083545
 -0.00218655   0.00188841     0.00083544  -0.00238186    -0.00480452  -0.00238531
    1    3
  0.00489877  -0.00489877     0.00633973  -0.00508120     0.00508119  -0.00633973
 -0.00218655   0.00188841    -0.00480452  -0.00238531     0.00083544  -0.00238186
 -0.00188841   0.00218655     0.00238186  -0.00083545     0.00238531   0.00480452
    1    4
  0.00403659   0.00097730    -0.00804829   0.00941616     0.02786010   0.02010367
 -0.00459695  -0.00289561    -0.00013442  -0.00051962     0.00492419   0.00495432
  0.00324751  -0.00021326    -0.00139999   0.00394746     0.00481786   0.00428837
    1    5
 -0.00097730  -0.00403659    -0.00941615   0.00804829    -0.02010368  -0.02786010
  0.00289561   0.00459695     0.00051962   0.00013442    -0.00495432  -0.00492419
  0.00021326  -0.00324751    -0.00394746   0.00139999    -0.00428837  -0.00481786
    1    6
 -0.00097730  -0.00403659    -0.02010368  -0.02786010    -0.00941615   0.00804829
  0.00021326  -0.00324751    -0.00428837  -0.00481786    -0.00394746   0.00139999
  0.00289561   0.00459695    -0.00495432  -0.00492419     0.00051962   0.00013442
    1    7
  0.00403659   0.00097730     0.02786010   0.02010367    -0.00804829   0.00941616
  0.00324751  -0.00021326     0.00481786   0.00428837    -0.00139999   0.00394746
 -0.00459695  -0.00289561     0.00492419   0.00495432    -0.00013442  -0.00051962
    2    1
  0.00489877   0.00489877    -0.00188841  -0.00218655    -0.00218655  -0.00188841
  0.00508119   0.00633973     0.00238531  -0.00480452     0.00083544   0.00238186
  0.00633973   0.00508120     0.00238186   0.00083545    -0.00480452   0.00238531
    2    2
  0.01335696  -0.00000000     0.00175277   0.00002460     0.00175277  -0.00002460
  0.00175277  -0.00002460     0.02497445   0.00000000     0.00601245  -0.00165056
  0.00175277   0.00002460     0.00601245   0.00165056     0.02497445  -0.00000000
    2    3
  0.00449970   0.00000000     0.00075905   0.00237759     0.00075905  -0.00237759
  0.00075905   0.00237759    -0.01547337   0.01307373    -0.00486246   0.00000000
  0.00075905  -0.00237759    -0.00486246   0.00000000    -0.01547337  -0.01307373
    2    4
 -0.00211834   0.00328298    -0.00385444   0.00040121     0.00049350   0.00211155
 -0.01731106   0.01376680    -0.00263442   0.00115223    -0.00965014   0.01148289
 -0.00594130   0.00263732    -0.00221174  -0.00043053     0.01171424   0.01039880
    2    5
 -0.00190024  -0.00234399    -0.00015672   0.00017701     0.00172324  -0.00335281
  0.02252416  -0.00050205    -0.00301704  -0.00142085     0.01166631  -0.00977918
  0.00571751   0.00469526    -0.00020417   0.00146361    -0.00972069  -0.01025517
    2    6
 -0.00211834  -0.00328298     0.00049350  -0.00211155    -0.00385444  -0.00040121
 -0.00594130  -0.00263732     0.01171424  -0.01039880    -0.00221174   0.00043053
 -0.01731106  -0.01376680    -0.00965014  -0.01148289    -0.00263442  -0.00115223
    2    7
 -0.00190024   0.00234399     0.00172324   0.00335281    -0.00015672  -0.00017701
  0.00571751  -0.00469526    -0.00972069   0.01025517    -0.00020417  -0.00146361
  0.02252416   0.00050205     0.01166631   0.00977918    -0.00301704   0.00142085
    3    1
  0.00489877   0.00489877    -0.00218655  -0.00188841    -0.00188841  -0.00218655
  0.00633973   0.00508120    -0.00480452   0.00238531     0.00238186   0.00083545
  0.00508119   0.00633973     0.00083544   0.00238186     0.00238531  -0.00480452
    3    2
  0.00449970  -0.00000000     0.00075905  -0.00237759     0.00075905   0.00237759
  0.00075905  -0.00237759    -0.01547337  -0.01307373    -0.00486246  -0.00000000
  0.00075905   0.00237759    -0.00486246  -0.00000000    -0.01547337   0.01307373
    3    3
  0.01335696   0.00000000     0.00175277  -0.00002460     0.00175277   0.00002460
  0.00175277   0.00002460     0.02497445  -0.00000000     0.00601245   0.00165056
  0.00175277  -0.00002460     0.00601245  -0.00165056     0.02497445   0.00000000
    3    4
 -0.00190024   0.00234399    -0.00015672  -0.00017701     0.00172324   0.00335281
  0.02252416   0.00050205    -0.00301704   0.00142085     0.01166631   0.00977918
  0.00571751  -0.00469526    -0.00020417  -0.00146361    -0.00972069   0.01025517
    3    5
 -0.00211834  -0.00328298    -0.00385444  -0.00040121     0.00049350  -0.00211155
 -0.01731106  -0.01376680    -0.00263442  -0.00115223    -0.00965014  -0.01148289
 -0.00594130  -0.00263732    -0.00221174   0.00043053     0.01171424  -0.01039880
    3    6
 -0.00190024  -0.00234399     0.00172324  -0.00335281    -0.00015672   0.00017701
  0.00571751   0.00469526    -0.00972069  -0.01025517    -0.00020417   0.00146361
  0.02252416  -0.00050205     0.01166631  -0.00977918    -0.00301704  -0.00142085
    3    7
 -0.00211834   0.00328298     0.00049350   0.00211155    -0.00385444   0.00040121
 -0.00594130   0.00263732     0.01171424   0.01039880    -0.00221174  -0.00043053
 -0.01731106   0.01376680    -0.00965014   0.01148289    -0.00263442   0.00115223
    4    1
  0.00403659  -0.00097730    -0.00459695   0.00289561     0.00324751   0.00021326
 -0.00804829  -0.00941616    -0.00013442   0.00051962    -0.00139999  -0.00394746
  0.02786010  -0.02010367     0.00492419  -0.00495432     0.00481786  -0.00428837
    4    2
 -0.00211834  -0.00328298    -0.01731106  -0.01376680    -0.00594130  -0.00263732
 -0.00385444  -0.00040121    -0.00263442  -0.00115223    -0.00221174   0.00043053
  0.00049350  -0.00211155    -0.00965014  -0.01148289     0.01171424  -0.01039880
    4    3
 -0.00190024  -0.00234399     0.02252416  -0.00050205     0.00571751   0.00469526
 -0.00015672   0.00017701    -0.00301704  -0.00142085    -0.00020417   0.00146361
  0.00172324  -0.00335281     0.01166631  -0.00977918    -0.00972069  -0.01025517
    4    4
  0.02582259  -0.00000000    -0.00016567   0.00271332     0.01166483   0.00442294
 -0.00016567  -0.00271332     0.00869556   0.00000000     0.00057081  -0.00840904
  0.01166483  -0.00442294     0.00057081   0.00840904     0.05555901   0.00000000
    4    5
 -0.01626390  -0.01256756    -0.00087030   0.00113812    -0.01043066  -0.00668424
 -0.00087030   0.00113812     0.00361708   0.00198909    -0.00269178   0.00827963
 -0.01043066  -0.00668424    -0.00269178   0.00827963    -0.05290545  -0.00810189
    4    6
  0.00593692   0.00790051    -0.01075526  -0.00582185     0.00033905  -0.00016593
  0.00033905  -0.00016593    -0.00292150   0.00836058     0.00098124  -0.00003790
 -0.01075526  -0.00582185    -0.05333964  -0.00838393    -0.00292150   0.00836058
    4    7
 -0.00632597   0.00000000     0.01144760   0.00535259    -0.00148729   0.00112713
 -0.00148729  -0.00112713    -0.00061540  -0.00922131    -0.00015608  -0.00000000
  0.01144760  -0.00535259     0.05421596  -0.00000000    -0.00061540   0.00922131
    5    1
 -0.00097730   0.00403659     0.00289561  -0.00459695     0.00021326   0.00324751
 -0.00941615  -0.00804829     0.00051962  -0.00013442    -0.00394746  -0.00139999
 -0.02010368   0.02786010    -0.00495432   0.00492419    -0.00428837   0.00481786
    5    2
 -0.00190024   0.00234399     0.02252416   0.00050205     0.00571751  -0.00469526
 -0.00015672  -0.00017701    -0.00301704   0.00142085    -0.00020417  -0.00146361
  0.00172324   0.00335281     0.01166631   0.00977918    -0.00972069   0.01025517
    5    3
 -0.00211834   0.00328298    -0.01731106   0.01376680    -0.00594130   0.00263732
 -0.00385444   0.00040121    -0.00263442   0.00115223    -0.00221174  -0.00043053
  0.00049350   0.00211155    -0.00965014   0.01148289     0.01171424   0.01039880
    5    4
 -0.01626390   0.01256756    -0.00087030  -0.00113812    -0.01043066   0.00668424
 -0.00087030  -0.00113812     0.00361708  -0.00198909    -0.00269178  -0.00827963
 -0.01043066   0.00668424    -0.00269178  -0.00827963    -0.05290545   0.00810189
    5    5
  0.02582259   0.00000000    -0.00016567  -0.00271332     0.01166483  -0.00442294
 -0.00016567   0.00271332     0.00869556  -0.00000000     0.00057081   0.00840904
  0.01166483   0.00442294     0.00057081  -0.00840904     0.05555901  -0.00000000
    5    6
 -0.00632597  -0.00000000     0.01144760  -0.00535259    -0.00148729  -0.00112713
 -0.00148729   0.00112713    -0.00061540   0.00922131    -0.00015608   0.00000000
  0.01144760   0.00535259     0.05421596   0.00000000    -0.00061540  -0.00922131
    5    7
  0.00593692  -0.00790051    -0.01075526   0.00582185     0.00033905   0.00016593
  0.00033905   0.00016593    -0.00292150  -0.00836058     0.00098124   0.00003790
 -0.01075526   0.00582185    -0.05333964   0.00838393    -0.00292150  -0.00836058
    6    1
 -0.00097730   0.00403659     0.00021326   0.00324751     0.00289561  -0.00459695
 -0.02010368   0.02786010    -0.00428837   0.00481786    -0.00495432   0.00492419
 -0.00941615  -0.00804829    -0.00394746  -0.00139999     0.00051962  -0.00013442
    6    2
 -0.00211834   0.00328298    -0.00594130   0.00263732    -0.01731106   0.01376680
  0.00049350   0.00211155     0.01171424   0.01039880    -0.00965014   0.01148289
 -0.00385444   0.00040121    -0.00221174  -0.00043053    -0.00263442   0.00115223
    6    3
 -0.00190024   0.00234399     0.00571751  -0.00469526     0.02252416   0.00050205
  0.00172324   0.00335281    -0.00972069   0.01025517     0.01166631   0.00977918
 -0.00015672  -0.00017701    -0.00020417  -0.00146361    -0.00301704   0.00142085
    6    4
  0.00593692  -0.00790051     0.00033905   0.00016593    -0.01075526   0.00582185
 -0.01075526   0.00582185    -0.00292150  -0.00836058    -0.05333964   0.00838393
  0.00033905   0.00016593     0.00098124   0.00003790    -0.00292150  -0.00836058
    6    5
 -0.00632597   0.00000000    -0.00148729  -0.00112713     0.01144760  -0.00535259
  0.01144760   0.00535259    -0.00061540  -0.00922131     0.05421596  -0.00000000
 -0.00148729   0.00112713    -0.00015608  -0.00000000    -0.00061540   0.00922131
    6    6
  0.02582259   0.00000000     0.01166483  -0.00442294    -0.00016567  -0.00271332
  0.01166483   0.00442294     0.05555901  -0.00000000     0.00057081  -0.00840904
 -0.00016567   0.00271332     0.00057081   0.00840904     0.00869556  -0.00000000
    6    7
 -0.01626390   0.01256756    -0.01043066   0.00668424    -0.00087030  -0.00113812
 -0.01043066   0.00668424    -0.05290545   0.00810189    -0.00269178  -0.00827963
 -0.00087030  -0.00113812    -0.00269178  -0.00827963     0.00361708  -0.00198909
    7    1
  0.00403659  -0.00097730     0.00324751   0.00021326    -0.00459695   0.00289561
  0.02786010  -0.02010367     0.00481786  -0.00428837     0.00492419  -0.00495432
 -0.00804829  -0.00941616    -0.00139999  -0.00394746    -0.00013442   0.00051962
    7    2
 -0.00190024  -0.00234399     0.00571751   0.00469526     0.02252416  -0.00050205
  0.00172324  -0.00335281    -0.00972069  -0.01025517     0.01166631  -0.00977918
 -0.00015672   0.00017701    -0.00020417   0.00146361    -0.00301704  -0.00142085
    7    3
 -0.00211834  -0.00328298    -0.00594130  -0.00263732    -0.01731106  -0.01376680
  0.00049350  -0.00211155     0.01171424  -0.01039880    -0.00965014  -0.01148289
 -0.00385444  -0.00040121    -0.00221174   0.00043053    -0.00263442  -0.00115223
    7    4
 -0.00632597  -0.00000000    -0.00148729   0.00112713     0.01144760   0.00535259
  0.01144760  -0.00535259    -0.00061540   0.00922131     0.05421596  -0.00000000
 -0.00148729  -0.00112713    -0.00015608   0.00000000    -0.00061540  -0.00922131
    7    5
  0.00593692   0.00790051     0.00033905  -0.00016593    -0.01075526  -0.00582185
 -0.01075526  -0.00582185    -0.00292150   0.00836058    -0.05333964  -0.00838393
  0.00033905  -0.00016593     0.00098124  -0.00003790    -0.00292150   0.00836058
    7    6
 -0.01626390  -0.01256756    -0.01043066  -0.00668424    -0.00087030   0.00113812
 -0.01043066  -0.00668424    -0.05290545  -0.00810189    -0.00269178   0.00827963
 -0.00087030   0.00113812    -0.00269178   0.00827963     0.00361708   0.00198909
    7    7
  0.02582259  -0.00000000     0.01166483   0.00442294    -0.00016567   0.00271332
  0.01166483  -0.00442294     0.05555901   0.00000000     0.00057081   0.00840904
 -0.00016567  -0.00271332     0.00057081  -0.00840904     0.00869556   0.00000000

     Dynamical  Matrix in cartesian axes

     q = (   -0.216506400   0.108253200  -0.108253200 ) 

    1    1
  0.05295712  -0.00000000    -0.00700797   0.00000000     0.00700797  -0.00000000
 -0.00700797   0.00000000     0.01498404  -0.00000000     0.00220205   0.00000000
  0.00700797  -0.00000000     0.00220205   0.00000000     0.01498404  -0.00000000
    1    2
  0.00489877   0.00489877    -0.00508119  -0.00633973     0.00633973   0.00508120
  0.00188841   0.00218655     0.00238531  -0.00480452    -0.00238186  -0.00083545
 -0.00218655  -0.00188841    -0.00083544  -0.00238186    -0.00480452   0.00238531
    1    3
  0.00692790  -0.00000000    -0.00807581   0.00088992     0.00807581   0.00088992
  0.00288143  -0.00021082    -0.00171064   0.00508398    -0.00227498  -0.00109348
 -0.00288143  -0.00021082    -0.00227498   0.00109348    -0.00171064  -0.00508398
    1    4
 -0.00097730   0.00403659     0.00941615   0.00804829    -0.02010368   0.02786010
 -0.00289561   0.00459695     0.00051962  -0.00013442     0.00495432  -0.00492419
  0.00021326   0.00324751     0.00394746   0.00139999    -0.00428837   0.00481786
    1    5
  0.00216325  -0.00354536     0.01234923   0.00096723     0.00548462  -0.03391551
  0.00120303  -0.00529804     0.00027238   0.00046247     0.00002131   0.00698516
  0.00244713  -0.00214553     0.00378122   0.00180133     0.00037441  -0.00643908
    1    6
  0.00216325   0.00354536    -0.00548462  -0.03391551    -0.01234923   0.00096723
 -0.00244713  -0.00214553     0.00037441   0.00643908     0.00378122  -0.00180133
 -0.00120303  -0.00529804     0.00002131  -0.00698516     0.00027238  -0.00046247
    1    7
  0.00403659  -0.00097730    -0.02786010   0.02010367    -0.00804829  -0.00941616
 -0.00324751  -0.00021326     0.00481786  -0.00428837     0.00139999   0.00394746
 -0.00459695   0.00289561    -0.00492419   0.00495432    -0.00013442   0.00051962
    2    1
  0.00489877  -0.00489877     0.00188841  -0.00218655    -0.00218655   0.00188841
 -0.00508119   0.00633973     0.00238531   0.00480452    -0.00083544   0.00238186
  0.00633973  -0.00508120    -0.00238186   0.00083545    -0.00480452  -0.00238531
    2    2
  0.01335696  -0.00000000    -0.00175277   0.00002460     0.00175277   0.00002460
 -0.00175277  -0.00002460     0.02497445   0.00000000    -0.00601245  -0.00165056
  0.00175277  -0.00002460    -0.00601245   0.00165056     0.02497445  -0.00000000
    2    3
  0.00318177  -0.00318177     0.00114448   0.00221793     0.00221794   0.00114448
  0.00114448   0.00221793    -0.02018585   0.00169681     0.00343828  -0.00343828
  0.00221794   0.00114448     0.00343828  -0.00343828    -0.00169680   0.02018585
    2    4
 -0.00190024   0.00234399     0.00015672   0.00017701     0.00172324   0.00335281
 -0.02252416  -0.00050205    -0.00301704   0.00142085    -0.01166631  -0.00977918
  0.00571751  -0.00469526     0.00020417   0.00146361    -0.00972069   0.01025517
    2    5
 -0.00381931  -0.00082352     0.00300920  -0.00244180    -0.00114414  -0.00184205
  0.02197537  -0.00250618    -0.00267756   0.00104807     0.01494331   0.00129595
 -0.00606600   0.00233627     0.00125951  -0.00186837     0.00093015  -0.01563628
    2    6
  0.00082353   0.00381931    -0.00184205  -0.00114414    -0.00244180   0.00300920
  0.00233626  -0.00606600     0.01563628  -0.00093016     0.00186837  -0.00125951
 -0.00250617   0.02197537    -0.00129595  -0.01494331    -0.00104807   0.00267756
    2    7
 -0.00190024  -0.00234399    -0.00172324   0.00335281    -0.00015672   0.00017701
 -0.00571751  -0.00469526    -0.00972069  -0.01025517     0.00020417  -0.00146361
  0.02252416  -0.00050205    -0.01166631   0.00977918    -0.00301704  -0.00142085
    3    1
  0.00692790   0.00000000     0.00288143   0.00021082    -0.00288143   0.00021082
 -0.00807581  -0.00088992    -0.00171064  -0.00508398    -0.00227498  -0.00109348
  0.00807581  -0.00088992    -0.00227498   0.00109348    -0.00171064   0.00508398
    3    2
  0.00318177   0.00318177     0.00114448  -0.00221793     0.00221794  -0.00114448
  0.00114448  -0.00221793    -0.02018585  -0.00169681     0.00343828   0.00343828
  0.00221794  -0.00114448     0.00343828   0.00343828    -0.00169680  -0.02018585
    3    3
  0.01335696  -0.00000000    -0.00175277  -0.00002460     0.00175277  -0.00002460
 -0.00175277   0.00002460     0.02497445   0.00000000    -0.00601245   0.00165056
  0.00175277   0.00002460    -0.00601245  -0.00165056     0.02497445   0.00000000
    3    4
 -0.00381931   0.00082352     0.00300920   0.00244180    -0.00114414   0.00184205
  0.02197537   0.00250618    -0.00267756  -0.00104807     0.01494331  -0.00129595
 -0.00606600  -0.00233627     0.00125951   0.00186837     0.00093015   0.01563628
    3    5
 -0.00190024  -0.00234399     0.00015672  -0.00017701     0.00172324  -0.00335281
 -0.02252416   0.00050205    -0.00301704  -0.00142085    -0.01166631   0.00977918
  0.00571751   0.00469526     0.00020417  -0.00146361    -0.00972069  -0.01025517
    3    6
 -0.00190024   0.00234399    -0.00172324  -0.00335281    -0.00015672  -0.00017701
 -0.00571751   0.00469526    -0.00972069   0.01025517     0.00020417   0.00146361
  0.02252416   0.00050205    -0.01166631  -0.00977918    -0.00301704   0.00142085
    3    7
  0.00082353  -0.00381931    -0.00184205   0.00114414    -0.00244180  -0.00300920
  0.00233626   0.00606600     0.01563628   0.00093016     0.00186837   0.00125951
 -0.00250617  -0.02197537    -0.00129595   0.01494331    -0.00104807  -0.00267756
    4    1
 -0.00097730  -0.00403659    -0.00289561  -0.00459695     0.00021326  -0.00324751
  0.00941615  -0.00804829     0.00051962   0.00013442     0.00394746  -0.00139999
 -0.02010368  -0.02786010     0.00495432   0.00492419    -0.00428837  -0.00481786
    4    2
 -0.00190024  -0.00234399    -0.02252416   0.00050205     0.00571751   0.00469526
  0.00015672  -0.00017701    -0.00301704  -0.00142085     0.00020417  -0.00146361
  0.00172324  -0.00335281    -0.01166631   0.00977918    -0.00972069  -0.01025517
    4    3
 -0.00381931  -0.00082352     0.02197537  -0.00250618    -0.00606600   0.00233627
  0.00300920  -0.00244180    -0.00267756   0.00104807     0.00125951  -0.00186837
 -0.00114414  -0.00184205     0.01494331   0.00129595     0.00093015  -0.01563628
    4    4
  0.02582259   0.00000000     0.00016567  -0.00271332     0.01166483   0.00442294
  0.00016567   0.00271332     0.00869556   0.00000000    -0.00057081   0.00840904
  0.01166483  -0.00442294    -0.00057081  -0.00840904     0.05555901   0.00000000
    4    5
 -0.02038692   0.00261371    -0.00018938  -0.00142017    -0.01210206   0.00264913
 -0.00018938  -0.00142017     0.00396416  -0.00115116    -0.00395120  -0.00775796
 -0.01210206   0.00264913    -0.00395120  -0.00775796    -0.04313869   0.03168091
    4    6
 -0.00447313   0.00447313    -0.01187953   0.00430983    -0.00025467   0.00184868
  0.00184868  -0.00025467    -0.00695561  -0.00608530     0.00011037  -0.00011037
  0.00430982  -0.01187953    -0.03833646   0.03833648     0.00608530   0.00695561
    4    7
  0.00593692   0.00790051     0.01075526   0.00582185     0.00033905  -0.00016593
 -0.00033905   0.00016593    -0.00292150   0.00836058    -0.00098124   0.00003790
 -0.01075526  -0.00582185     0.05333964   0.00838393    -0.00292150   0.00836058
    5    1
  0.00216325   0.00354536     0.00120303   0.00529804     0.00244713   0.00214553
  0.01234923  -0.00096723     0.00027238  -0.00046247     0.00378122  -0.00180133
  0.00548462   0.03391551     0.00002131  -0.00698516     0.00037441   0.00643908
    5    2
 -0.00381931   0.00082352     0.02197537   0.00250618    -0.00606600  -0.00233627
  0.00300920   0.00244180    -0.00267756  -0.00104807     0.00125951   0.00186837
 -0.00114414   0.00184205     0.01494331  -0.00129595     0.00093015   0.01563628
    5    3
 -0.00190024   0.00234399    -0.02252416  -0.00050205     0.00571751  -0.00469526
  0.00015672   0.00017701    -0.00301704   0.00142085     0.00020417   0.00146361
  0.00172324   0.00335281    -0.01166631  -0.00977918    -0.00972069   0.01025517
    5    4
 -0.02038692  -0.00261371    -0.00018938   0.00142017    -0.01210206  -0.00264913
 -0.00018938   0.00142017     0.00396416   0.00115116    -0.00395120   0.00775796
 -0.01210206  -0.00264913    -0.00395120   0.00775796    -0.04313869  -0.03168091
    5    5
  0.02582259   0.00000000     0.00016567   0.00271332     0.01166483  -0.00442294
  0.00016567  -0.00271332     0.00869556  -0.00000000    -0.00057081  -0.00840904
  0.01166483   0.00442294    -0.00057081   0.00840904     0.05555901   0.00000000
    5    6
  0.00593692  -0.00790051     0.01075526  -0.00582185     0.00033905   0.00016593
 -0.00033905  -0.00016593    -0.00292150  -0.00836058    -0.00098124  -0.00003790
 -0.01075526   0.00582185     0.05333964  -0.00838393    -0.00292150  -0.00836058
    5    7
 -0.00447313  -0.00447313    -0.01187953  -0.00430983    -0.00025467  -0.00184868
  0.00184868   0.00025467    -0.00695561   0.00608530     0.00011037   0.00011037
  0.00430982   0.01187953    -0.03833646  -0.03833648     0.00608530  -0.00695561
    6    1
  0.00216325  -0.00354536    -0.00244713   0.00214553    -0.00120303   0.00529804
 -0.00548462   0.03391551     0.00037441  -0.00643908     0.00002131   0.00698516
 -0.01234923  -0.00096723     0.00378122   0.00180133     0.00027238   0.00046247
    6    2
  0.00082353  -0.00381931     0.00233626   0.00606600    -0.00250617  -0.02197537
 -0.00184205   0.00114414     0.01563628   0.00093016    -0.00129595   0.01494331
 -0.00244180  -0.00300920     0.00186837   0.00125951    -0.00104807  -0.00267756
    6    3
 -0.00190024  -0.00234399    -0.00571751  -0.00469526     0.02252416  -0.00050205
 -0.00172324   0.00335281    -0.00972069  -0.01025517    -0.01166631   0.00977918
 -0.00015672   0.00017701     0.00020417  -0.00146361    -0.00301704  -0.00142085
    6    4
 -0.00447313  -0.00447313     0.00184868   0.00025467     0.00430982   0.01187953
 -0.01187953  -0.00430983    -0.00695561   0.00608530    -0.03833646  -0.03833648
 -0.00025467  -0.00184868     0.00011037   0.00011037     0.00608530  -0.00695561
    6    5
  0.00593692   0.00790051    -0.00033905   0.00016593    -0.01075526  -0.00582185
  0.01075526   0.00582185    -0.00292150   0.00836058     0.05333964   0.00838393
  0.00033905  -0.00016593    -0.00098124   0.00003790    -0.00292150   0.00836058
    6    6
  0.02582259   0.00000000    -0.01166483  -0.00442294    -0.00016567   0.00271332
 -0.01166483   0.00442294     0.05555901  -0.00000000    -0.00057081  -0.00840904
 -0.00016567  -0.00271332    -0.00057081   0.00840904     0.00869556   0.00000000
    6    7
 -0.00261371  -0.02038692     0.00264912   0.01210206    -0.00142017   0.00018937
  0.00264912   0.01210206    -0.03168089  -0.04313871     0.00775796  -0.00395120
 -0.00142017   0.00018937     0.00775796  -0.00395120     0.00115116   0.00396416
    7    1
  0.00403659   0.00097730    -0.00324751   0.00021326    -0.00459695  -0.00289561
 -0.02786010  -0.02010367     0.00481786   0.00428837    -0.00492419  -0.00495432
 -0.00804829   0.00941616     0.00139999  -0.00394746    -0.00013442  -0.00051962
    7    2
 -0.00190024   0.00234399    -0.00571751   0.00469526     0.02252416   0.00050205
 -0.00172324  -0.00335281    -0.00972069   0.01025517    -0.01166631  -0.00977918
 -0.00015672  -0.00017701     0.00020417   0.00146361    -0.00301704   0.00142085
    7    3
  0.00082353   0.00381931     0.00233626  -0.00606600    -0.00250617   0.02197537
 -0.00184205  -0.00114414     0.01563628  -0.00093016    -0.00129595  -0.01494331
 -0.00244180   0.00300920     0.00186837  -0.00125951    -0.00104807   0.00267756
    7    4
  0.00593692  -0.00790051    -0.00033905  -0.00016593    -0.01075526   0.00582185
  0.01075526  -0.00582185    -0.00292150  -0.00836058     0.05333964  -0.00838393
  0.00033905   0.00016593    -0.00098124  -0.00003790    -0.00292150  -0.00836058
    7    5
 -0.00447313   0.00447313     0.00184868  -0.00025467     0.00430982  -0.01187953
 -0.01187953   0.00430983    -0.00695561  -0.00608530    -0.03833646   0.03833648
 -0.00025467   0.00184868     0.00011037  -0.00011037     0.00608530   0.00695561
    7    6
 -0.00261371   0.02038692     0.00264912  -0.01210206    -0.00142017  -0.00018937
  0.00264912  -0.01210206    -0.03168089   0.04313871     0.00775796   0.00395120
 -0.00142017  -0.00018937     0.00775796   0.00395120     0.00115116  -0.00396416
    7    7
  0.02582259   0.00000000    -0.01166483   0.00442294    -0.00016567  -0.00271332
 -0.01166483  -0.00442294     0.05555901   0.00000000    -0.00057081   0.00840904
 -0.00016567   0.00271332    -0.00057081  -0.00840904     0.00869556  -0.00000000

     Dynamical  Matrix in cartesian axes

     q = (    0.216506400  -0.108253200  -0.108253200 ) 

    1    1
  0.05295712  -0.00000000    -0.00700797   0.00000000    -0.00700797   0.00000000
 -0.00700797   0.00000000     0.01498404  -0.00000000    -0.00220205  -0.00000000
 -0.00700797   0.00000000    -0.00220205  -0.00000000     0.01498404  -0.00000000
    1    2
  0.00692790  -0.00000000    -0.00807581   0.00088992    -0.00807581  -0.00088992
  0.00288143  -0.00021082    -0.00171064   0.00508398     0.00227498   0.00109348
  0.00288143   0.00021082     0.00227498  -0.00109348    -0.00171064  -0.00508398
    1    3
  0.00692790  -0.00000000    -0.00807581  -0.00088992    -0.00807581   0.00088992
  0.00288143   0.00021082    -0.00171064  -0.00508398     0.00227498  -0.00109348
  0.00288143  -0.00021082     0.00227498   0.00109348    -0.00171064   0.00508398
    1    4
 -0.00097730  -0.00403659     0.00941615  -0.00804829     0.02010368   0.02786010
 -0.00289561  -0.00459695     0.00051962   0.00013442    -0.00495432  -0.00492419
 -0.00021326   0.00324751    -0.00394746   0.00139999    -0.00428837  -0.00481786
    1    5
 -0.00097730   0.00403659     0.00941615   0.00804829     0.02010368  -0.02786010
 -0.00289561   0.00459695     0.00051962  -0.00013442    -0.00495432   0.00492419
 -0.00021326  -0.00324751    -0.00394746  -0.00139999    -0.00428837   0.00481786
    1    6
 -0.00097730   0.00403659     0.02010368  -0.02786010     0.00941615   0.00804829
 -0.00021326  -0.00324751    -0.00428837   0.00481786    -0.00394746  -0.00139999
 -0.00289561   0.00459695    -0.00495432   0.00492419     0.00051962  -0.00013442
    1    7
 -0.00097730  -0.00403659     0.02010368   0.02786010     0.00941615  -0.00804829
 -0.00021326   0.00324751    -0.00428837  -0.00481786    -0.00394746   0.00139999
 -0.00289561  -0.00459695    -0.00495432  -0.00492419     0.00051962   0.00013442
    2    1
  0.00692790   0.00000000     0.00288143   0.00021082     0.00288143  -0.00021082
 -0.00807581  -0.00088992    -0.00171064  -0.00508398     0.00227498   0.00109348
 -0.00807581   0.00088992     0.00227498  -0.00109348    -0.00171064   0.00508398
    2    2
  0.01335696   0.00000000    -0.00175277  -0.00002460    -0.00175277   0.00002460
 -0.00175277   0.00002460     0.02497445  -0.00000000     0.00601245  -0.00165056
 -0.00175277  -0.00002460     0.00601245   0.00165056     0.02497445   0.00000000
    2    3
  0.00449970   0.00000000    -0.00075905  -0.00237759    -0.00075905   0.00237759
 -0.00075905  -0.00237759    -0.01547337   0.01307373    -0.00486246   0.00000000
 -0.00075905   0.00237759    -0.00486246   0.00000000    -0.01547337  -0.01307373
    2    4
 -0.00300112  -0.00031378    -0.00001434  -0.00023598     0.00115228   0.00358931
 -0.01557198   0.01628200    -0.00313806   0.00112868     0.00133440  -0.01516425
 -0.00736293   0.00072284     0.00089056   0.00117930    -0.01412507  -0.00037793
    2    5
 -0.00381931   0.00082352     0.00300920   0.00244180     0.00114414  -0.00184205
  0.02197537   0.00250618    -0.00267756  -0.00104807    -0.01494331   0.00129595
  0.00606600   0.00233627    -0.00125951  -0.00186837     0.00093015   0.01563628
    2    6
 -0.00300112   0.00031378     0.00115228  -0.00358931    -0.00001434   0.00023598
 -0.00736293  -0.00072284    -0.01412507   0.00037793     0.00089056  -0.00117930
 -0.01557198  -0.01628200     0.00133440   0.01516425    -0.00313806  -0.00112868
    2    7
 -0.00381931  -0.00082352     0.00114414   0.00184205     0.00300920  -0.00244180
  0.00606600  -0.00233627     0.00093015  -0.01563628    -0.00125951   0.00186837
  0.02197537  -0.00250618    -0.01494331  -0.00129595    -0.00267756   0.00104807
    3    1
  0.00692790   0.00000000     0.00288143  -0.00021082     0.00288143   0.00021082
 -0.00807581   0.00088992    -0.00171064   0.00508398     0.00227498  -0.00109348
 -0.00807581  -0.00088992     0.00227498   0.00109348    -0.00171064  -0.00508398
    3    2
  0.00449970  -0.00000000    -0.00075905   0.00237759    -0.00075905  -0.00237759
 -0.00075905   0.00237759    -0.01547337  -0.01307373    -0.00486246  -0.00000000
 -0.00075905  -0.00237759    -0.00486246  -0.00000000    -0.01547337   0.01307373
    3    3
  0.01335696  -0.00000000    -0.00175277   0.00002460    -0.00175277  -0.00002460
 -0.00175277  -0.00002460     0.02497445   0.00000000     0.00601245   0.00165056
 -0.00175277   0.00002460     0.00601245  -0.00165056     0.02497445  -0.00000000
    3    4
 -0.00381931  -0.00082352     0.00300920  -0.00244180     0.00114414   0.00184205
  0.02197537  -0.00250618    -0.00267756   0.00104807    -0.01494331  -0.00129595
  0.00606600  -0.00233627    -0.00125951   0.00186837     0.00093015  -0.01563628
    3    5
 -0.00300112   0.00031378    -0.00001434   0.00023598     0.00115228  -0.00358931
 -0.01557198  -0.01628200    -0.00313806  -0.00112868     0.00133440   0.01516425
 -0.00736293  -0.00072284     0.00089056  -0.00117930    -0.01412507   0.00037793
    3    6
 -0.00381931   0.00082352     0.00114414  -0.00184205     0.00300920   0.00244180
  0.00606600   0.00233627     0.00093015   0.01563628    -0.00125951  -0.00186837
  0.02197537   0.00250618    -0.01494331   0.00129595    -0.00267756  -0.00104807
    3    7
 -0.00300112  -0.00031378     0.00115228   0.00358931    -0.00001434  -0.00023598
 -0.00736293   0.00072284    -0.01412507  -0.00037793     0.00089056   0.00117930
 -0.01557198   0.01628200     0.00133440  -0.01516425    -0.00313806   0.00112868
    4    1
 -0.00097730   0.00403659    -0.00289561   0.00459695    -0.00021326  -0.00324751
  0.00941615   0.00804829     0.00051962  -0.00013442    -0.00394746  -0.00139999
  0.02010368  -0.02786010    -0.00495432   0.00492419    -0.00428837   0.00481786
    4    2
 -0.00300112   0.00031378    -0.01557198  -0.01628200    -0.00736293  -0.00072284
 -0.00001434   0.00023598    -0.00313806  -0.00112868     0.00089056  -0.00117930
  0.00115228  -0.00358931     0.00133440   0.01516425    -0.01412507   0.00037793
    4    3
 -0.00381931   0.00082352     0.02197537   0.00250618     0.00606600   0.00233627
  0.00300920   0.00244180    -0.00267756  -0.00104807    -0.00125951  -0.00186837
  0.00114414  -0.00184205    -0.01494331   0.00129595     0.00093015   0.01563628
    4    4
  0.02582259   0.00000000     0.00016567   0.00271332    -0.01166483   0.00442294
  0.00016567  -0.00271332     0.00869556  -0.00000000     0.00057081   0.00840904
 -0.01166483  -0.00442294     0.00057081  -0.00840904     0.05555901   0.00000000
    4    5
 -0.01256755  -0.01626390    -0.00113812   0.00087030     0.00668423   0.01043066
 -0.00113812   0.00087030     0.00198909   0.00361708     0.00827963  -0.00269178
  0.00668423   0.01043066     0.00827963  -0.00269178    -0.00810187  -0.05290545
    4    6
  0.00790051   0.00593692     0.00582185   0.01075526     0.00016593  -0.00033905
  0.00016593  -0.00033905     0.00836058  -0.00292149    -0.00003790   0.00098124
  0.00582185   0.01075526    -0.00838391  -0.05333964     0.00836058  -0.00292149
    4    7
 -0.00632597   0.00000000    -0.01144760   0.00535259     0.00148729   0.00112713
  0.00148729  -0.00112713    -0.00061540   0.00922131    -0.00015608   0.00000000
 -0.01144760  -0.00535259     0.05421596  -0.00000000    -0.00061540  -0.00922131
    5    1
 -0.00097730  -0.00403659    -0.00289561  -0.00459695    -0.00021326   0.00324751
  0.00941615  -0.00804829     0.00051962   0.00013442    -0.00394746   0.00139999
  0.02010368   0.02786010    -0.00495432  -0.00492419    -0.00428837  -0.00481786
    5    2
 -0.00381931  -0.00082352     0.02197537  -0.00250618     0.00606600  -0.00233627
  0.00300920  -0.00244180    -0.00267756   0.00104807    -0.00125951   0.00186837
  0.00114414   0.00184205    -0.01494331  -0.00129595     0.00093015  -0.01563628
    5    3
 -0.00300112  -0.00031378    -0.01557198   0.01628200    -0.00736293   0.00072284
 -0.00001434  -0.00023598    -0.00313806   0.00112868     0.00089056   0.00117930
  0.00115228   0.00358931     0.00133440  -0.01516425    -0.01412507  -0.00037793
    5    4
 -0.01256755   0.01626390    -0.00113812  -0.00087030     0.00668423  -0.01043066
 -0.00113812  -0.00087030     0.00198909  -0.00361708     0.00827963   0.00269178
  0.00668423  -0.01043066     0.00827963   0.00269178    -0.00810187   0.05290545
    5    5
  0.02582259  -0.00000000     0.00016567  -0.00271332    -0.01166483  -0.00442294
  0.00016567   0.00271332     0.00869556   0.00000000     0.00057081  -0.00840904
 -0.01166483   0.00442294     0.00057081   0.00840904     0.05555901  -0.00000000
    5    6
 -0.00632597   0.00000000    -0.01144760  -0.00535259     0.00148729  -0.00112713
  0.00148729   0.00112713    -0.00061540  -0.00922131    -0.00015608  -0.00000000
 -0.01144760   0.00535259     0.05421596  -0.00000000    -0.00061540   0.00922131
    5    7
  0.00790051  -0.00593692     0.00582185  -0.01075526     0.00016593   0.00033905
  0.00016593   0.00033905     0.00836058   0.00292149    -0.00003790  -0.00098124
  0.00582185  -0.01075526    -0.00838391   0.05333964     0.00836058   0.00292149
    6    1
 -0.00097730  -0.00403659    -0.00021326   0.00324751    -0.00289561  -0.00459695
  0.02010368   0.02786010    -0.00428837  -0.00481786    -0.00495432  -0.00492419
  0.00941615  -0.00804829    -0.00394746   0.00139999     0.00051962   0.00013442
    6    2
 -0.00300112  -0.00031378    -0.00736293   0.00072284    -0.01557198   0.01628200
  0.00115228   0.00358931    -0.01412507  -0.00037793     0.00133440  -0.01516425
 -0.00001434  -0.00023598     0.00089056   0.00117930    -0.00313806   0.00112868
    6    3
 -0.00381931  -0.00082352     0.00606600  -0.00233627     0.02197537  -0.00250618
  0.00114414   0.00184205     0.00093015  -0.01563628    -0.01494331  -0.00129595
  0.00300920  -0.00244180    -0.00125951   0.00186837    -0.00267756   0.00104807
    6    4
  0.00790051  -0.00593692     0.00016593   0.00033905     0.00582185  -0.01075526
  0.00582185  -0.01075526     0.00836058   0.00292149    -0.00838391   0.05333964
  0.00016593   0.00033905    -0.00003790  -0.00098124     0.00836058   0.00292149
    6    5
 -0.00632597   0.00000000     0.00148729  -0.00112713    -0.01144760  -0.00535259
 -0.01144760   0.00535259    -0.00061540   0.00922131     0.05421596   0.00000000
  0.00148729   0.00112713    -0.00015608   0.00000000    -0.00061540  -0.00922131
    6    6
  0.02582259  -0.00000000    -0.01166483  -0.00442294     0.00016567  -0.00271332
 -0.01166483   0.00442294     0.05555901  -0.00000000     0.00057081   0.00840904
  0.00016567   0.00271332     0.00057081  -0.00840904     0.00869556   0.00000000
    6    7
 -0.01256755   0.01626390     0.00668423  -0.01043066    -0.00113812  -0.00087030
  0.00668423  -0.01043066    -0.00810187   0.05290545     0.00827963   0.00269178
 -0.00113812  -0.00087030     0.00827963   0.00269178     0.00198909  -0.00361708
    7    1
 -0.00097730   0.00403659    -0.00021326  -0.00324751    -0.00289561   0.00459695
  0.02010368  -0.02786010    -0.00428837   0.00481786    -0.00495432   0.00492419
  0.00941615   0.00804829    -0.00394746  -0.00139999     0.00051962  -0.00013442
    7    2
 -0.00381931   0.00082352     0.00606600   0.00233627     0.02197537   0.00250618
  0.00114414  -0.00184205     0.00093015   0.01563628    -0.01494331   0.00129595
  0.00300920   0.00244180    -0.00125951  -0.00186837    -0.00267756  -0.00104807
    7    3
 -0.00300112   0.00031378    -0.00736293  -0.00072284    -0.01557198  -0.01628200
  0.00115228  -0.00358931    -0.01412507   0.00037793     0.00133440   0.01516425
 -0.00001434   0.00023598     0.00089056  -0.00117930    -0.00313806  -0.00112868
    7    4
 -0.00632597  -0.00000000     0.00148729   0.00112713    -0.01144760   0.00535259
 -0.01144760  -0.00535259    -0.00061540  -0.00922131     0.05421596   0.00000000
  0.00148729  -0.00112713    -0.00015608  -0.00000000    -0.00061540   0.00922131
    7    5
  0.00790051   0.00593692     0.00016593  -0.00033905     0.00582185   0.01075526
  0.00582185   0.01075526     0.00836058  -0.00292149    -0.00838391  -0.05333964
  0.00016593  -0.00033905    -0.00003790   0.00098124     0.00836058  -0.00292149
    7    6
 -0.01256755  -0.01626390     0.00668423   0.01043066    -0.00113812   0.00087030
  0.00668423   0.01043066    -0.00810187  -0.05290545     0.00827963  -0.00269178
 -0.00113812   0.00087030     0.00827963  -0.00269178     0.00198909   0.00361708
    7    7
  0.02582259   0.00000000    -0.01166483   0.00442294     0.00016567   0.00271332
 -0.01166483  -0.00442294     0.05555901   0.00000000     0.00057081  -0.00840904
  0.00016567  -0.00271332     0.00057081   0.00840904     0.00869556  -0.00000000

     Dynamical  Matrix in cartesian axes

     q = (    0.108253200   0.216506400  -0.108253200 ) 

    1    1
  0.01498404  -0.00000000     0.00700797  -0.00000000     0.00220205   0.00000000
  0.00700797  -0.00000000     0.05295712  -0.00000000    -0.00700797   0.00000000
  0.00220205   0.00000000    -0.00700797   0.00000000     0.01498404   0.00000000
    1    2
  0.00027238   0.00046247    -0.00120303   0.00529804     0.00002131   0.00698516
 -0.01234923  -0.00096723     0.00216325  -0.00354536    -0.00548462   0.03391551
  0.00378122   0.00180133    -0.00244713   0.00214553     0.00037441  -0.00643908
    1    3
 -0.00013442  -0.00051962    -0.00459695  -0.00289561    -0.00492419  -0.00495432
 -0.00804829   0.00941616     0.00403659   0.00097730    -0.02786010  -0.02010367
  0.00139999  -0.00394746    -0.00324751   0.00021326     0.00481786   0.00428837
    1    4
 -0.00480452  -0.00238531    -0.00218655   0.00188841    -0.00083544   0.00238186
  0.00633973  -0.00508120     0.00489877  -0.00489877    -0.00508119   0.00633973
 -0.00238186   0.00083545     0.00188841  -0.00218655     0.00238531   0.00480452
    1    5
 -0.00171064   0.00508398    -0.00288143   0.00021082    -0.00227498  -0.00109348
  0.00807581  -0.00088992     0.00692790  -0.00000000    -0.00807581  -0.00088992
 -0.00227498   0.00109348     0.00288143   0.00021082    -0.00171064  -0.00508398
    1    6
 -0.00428837  -0.00481786     0.00021326  -0.00324751     0.00394746  -0.00139999
 -0.02010368  -0.02786010    -0.00097730  -0.00403659     0.00941615  -0.00804829
  0.00495432   0.00492419    -0.00289561  -0.00459695     0.00051962   0.00013442
    1    7
  0.00037441   0.00643908     0.00244713   0.00214553     0.00378122  -0.00180133
  0.00548462   0.03391551     0.00216325   0.00354536     0.01234923  -0.00096723
