  1.500000000000000E-002   1.26023585003145        2.23508645248256     
           6

     Dynamical  Matrix in cartesian axes

     q = (   -0.433012700  -0.433012700   0.000000000 ) 

    1    1
  0.11863321   0.00000000     0.06328448   0.00000000     0.00000000   0.00000000
  0.06328448   0.00000000     0.11863321   0.00000000     0.00000000   0.00000000
  0.00000000   0.00000000     0.00000000   0.00000000     0.04502630   0.00000000
    1    2
 -0.02397684   0.00000000     0.01613642  -0.00000000     0.00000000   0.00000000
 -0.00603049   0.00000000     0.02097202  -0.00000000     0.00000000   0.00000000
  0.00000000   0.00000000     0.00000000   0.00000000    -0.01316049   0.00000000
    1    3
  0.02397684  -0.00000000    -0.01613642   0.00000000    -0.00000000  -0.00000000
  0.00603049  -0.00000000    -0.02097202   0.00000000    -0.00000000  -0.00000000
 -0.00000000   0.00000000    -0.00000000   0.00000000     0.01316049  -0.00000000
    1    4
 -0.02097202   0.00000000     0.00603049  -0.00000000    -0.00000000   0.00000000
 -0.01613642   0.00000000     0.02397684  -0.00000000     0.00000000   0.00000000
 -0.00000000  -0.00000000    -0.00000000   0.00000000     0.01316049  -0.00000000
    1    5
  0.02097202  -0.00000000    -0.00603049   0.00000000     0.00000000   0.00000000
  0.01613642  -0.00000000    -0.02397684   0.00000000     0.00000000   0.00000000
  0.00000000   0.00000000     0.00000000   0.00000000    -0.01316049   0.00000000
    1    6
 -0.00000000   0.00000000     0.00000000   0.00000000     0.00539396  -0.00000000
 -0.00000000   0.00000000     0.00000000   0.00000000    -0.00539396   0.00000000
  0.01944810  -0.00000000    -0.01944810   0.00000000     0.00000000   0.00000000
    1    7
  0.00000000   0.00000000    -0.00000000   0.00000000    -0.00539396   0.00000000
  0.00000000   0.00000000    -0.00000000   0.00000000     0.00539396  -0.00000000
 -0.01944810   0.00000000     0.01944810  -0.00000000     0.00000000   0.00000000
    2    1
 -0.02397684  -0.00000000    -0.00603049  -0.00000000     0.00000000  -0.00000000
  0.01613642   0.00000000     0.02097202   0.00000000     0.00000000  -0.00000000
  0.00000000  -0.00000000     0.00000000  -0.00000000    -0.01316049  -0.00000000
    2    2
  0.05667431   0.00000000     0.00943087   0.00000000    -0.00000000   0.00000000
  0.00943087   0.00000000     0.07933580   0.00000000     0.00000000   0.00000000
 -0.00000000   0.00000000    -0.00000000   0.00000000     0.03108830   0.00000000
    2    3
  0.01075676   0.00000000     0.01806187   0.00000000     0.00000000   0.00000000
  0.01806187   0.00000000     0.04070280   0.00000000     0.00000000   0.00000000
  0.00000000   0.00000000     0.00000000   0.00000000    -0.02329653   0.00000000
    2    4
  0.03116516   0.00000000     0.02911071   0.00000000    -0.00000000   0.00000000
  0.05110391   0.00000000     0.03116516   0.00000000    -0.00000000   0.00000000
 -0.00000000   0.00000000    -0.00000000   0.00000000     0.01316273   0.00000000
    2    5
 -0.00776356   0.00000000     0.03071984   0.00000000     0.00000000   0.00000000
  0.06515564   0.00000000    -0.00776356   0.00000000    -0.00000000   0.00000000
 -0.00000000   0.00000000     0.00000000   0.00000000    -0.01262408   0.00000000
    2    6
 -0.01860924   0.00000000    -0.01353601   0.00000000    -0.00683360   0.00000000
 -0.00482072   0.00000000    -0.00205503   0.00000000    -0.00461216   0.00000000
 -0.02615311   0.00000000    -0.01081907   0.00000000    -0.00331938   0.00000000
    2    7
 -0.01860924   0.00000000    -0.01353601   0.00000000     0.00683360   0.00000000
 -0.00482072   0.00000000    -0.00205503   0.00000000     0.00461216   0.00000000
  0.02615311   0.00000000     0.01081907   0.00000000    -0.00331938   0.00000000
    3    1
  0.02397684   0.00000000     0.00603049   0.00000000    -0.00000000  -0.00000000
 -0.01613642  -0.00000000    -0.02097202  -0.00000000    -0.00000000  -0.00000000
 -0.00000000  -0.00000000    -0.00000000  -0.00000000     0.01316049   0.00000000
    3    2
  0.01075676   0.00000000     0.01806187   0.00000000     0.00000000   0.00000000
  0.01806187   0.00000000     0.04070280   0.00000000     0.00000000   0.00000000
  0.00000000   0.00000000     0.00000000   0.00000000    -0.02329653   0.00000000
    3    3
  0.05667431   0.00000000     0.00943087   0.00000000    -0.00000000   0.00000000
  0.00943087   0.00000000     0.07933580   0.00000000    -0.00000000   0.00000000
 -0.00000000   0.00000000    -0.00000000   0.00000000     0.03108830   0.00000000
    3    4
 -0.00776356   0.00000000     0.03071984   0.00000000     0.00000000   0.00000000
  0.06515564   0.00000000    -0.00776356   0.00000000     0.00000000   0.00000000
 -0.00000000   0.00000000     0.00000000   0.00000000    -0.01262408   0.00000000
    3    5
  0.03116516   0.00000000     0.02911071   0.00000000    -0.00000000   0.00000000
  0.05110391   0.00000000     0.03116516   0.00000000    -0.00000000   0.00000000
 -0.00000000   0.00000000    -0.00000000   0.00000000     0.01316273   0.00000000
    3    6
 -0.01860924   0.00000000    -0.01353601   0.00000000     0.00683360   0.00000000
 -0.00482072   0.00000000    -0.00205503   0.00000000     0.00461216   0.00000000
  0.02615311   0.00000000     0.01081907   0.00000000    -0.00331938   0.00000000
    3    7
 -0.01860924   0.00000000    -0.01353601   0.00000000    -0.00683360   0.00000000
 -0.00482072   0.00000000    -0.00205503   0.00000000    -0.00461216   0.00000000
 -0.02615311   0.00000000    -0.01081907   0.00000000    -0.00331938   0.00000000
    4    1
 -0.02097202  -0.00000000    -0.01613642  -0.00000000    -0.00000000   0.00000000
  0.00603049   0.00000000     0.02397684   0.00000000    -0.00000000  -0.00000000
 -0.00000000  -0.00000000    -0.00000000  -0.00000000     0.01316049   0.00000000
    4    2
  0.03116516   0.00000000     0.05110391   0.00000000    -0.00000000   0.00000000
  0.02911071   0.00000000     0.03116516   0.00000000    -0.00000000   0.00000000
 -0.00000000   0.00000000    -0.00000000   0.00000000     0.01316273   0.00000000
    4    3
 -0.00776356   0.00000000     0.06515564   0.00000000    -0.00000000   0.00000000
  0.03071984   0.00000000    -0.00776356   0.00000000    -0.00000000   0.00000000
 -0.00000000   0.00000000     0.00000000   0.00000000    -0.01262408   0.00000000
    4    4
  0.07933580   0.00000000     0.00943087   0.00000000    -0.00000000   0.00000000
  0.00943087   0.00000000     0.05667431   0.00000000    -0.00000000   0.00000000
 -0.00000000   0.00000000    -0.00000000   0.00000000     0.03108830   0.00000000
    4    5
  0.04070280   0.00000000     0.01806187   0.00000000     0.00000000   0.00000000
  0.01806187   0.00000000     0.01075676   0.00000000     0.00000000   0.00000000
  0.00000000   0.00000000     0.00000000   0.00000000    -0.02329653   0.00000000
    4    6
 -0.00205503   0.00000000    -0.00482072   0.00000000    -0.00461216   0.00000000
 -0.01353601   0.00000000    -0.01860924   0.00000000    -0.00683360   0.00000000
 -0.01081907   0.00000000    -0.02615311   0.00000000    -0.00331938   0.00000000
    4    7
 -0.00205503   0.00000000    -0.00482072   0.00000000     0.00461216   0.00000000
 -0.01353601   0.00000000    -0.01860924   0.00000000     0.00683360   0.00000000
  0.01081907   0.00000000     0.02615311   0.00000000    -0.00331938   0.00000000
    5    1
  0.02097202   0.00000000     0.01613642   0.00000000     0.00000000  -0.00000000
 -0.00603049  -0.00000000    -0.02397684  -0.00000000     0.00000000  -0.00000000
  0.00000000  -0.00000000     0.00000000  -0.00000000    -0.01316049  -0.00000000
    5    2
 -0.00776356   0.00000000     0.06515564   0.00000000     0.00000000   0.00000000
  0.03071984   0.00000000    -0.00776356   0.00000000    -0.00000000   0.00000000
  0.00000000   0.00000000    -0.00000000   0.00000000    -0.01262408   0.00000000
    5    3
  0.03116516   0.00000000     0.05110391   0.00000000    -0.00000000   0.00000000
  0.02911071   0.00000000     0.03116516   0.00000000    -0.00000000   0.00000000
 -0.00000000   0.00000000    -0.00000000   0.00000000     0.01316273   0.00000000
    5    4
  0.04070280   0.00000000     0.01806187   0.00000000     0.00000000   0.00000000
  0.01806187   0.00000000     0.01075676   0.00000000     0.00000000   0.00000000
  0.00000000   0.00000000     0.00000000   0.00000000    -0.02329653   0.00000000
    5    5
  0.07933580   0.00000000     0.00943087   0.00000000    -0.00000000   0.00000000
  0.00943087   0.00000000     0.05667431   0.00000000    -0.00000000   0.00000000
 -0.00000000   0.00000000    -0.00000000   0.00000000     0.03108830   0.00000000
    5    6
 -0.00205503   0.00000000    -0.00482072   0.00000000     0.00461216   0.00000000
 -0.01353601   0.00000000    -0.01860924   0.00000000     0.00683360   0.00000000
  0.01081907   0.00000000     0.02615311   0.00000000    -0.00331938   0.00000000
    5    7
 -0.00205503   0.00000000    -0.00482072   0.00000000    -0.00461216   0.00000000
 -0.01353601   0.00000000    -0.01860924   0.00000000    -0.00683360   0.00000000
 -0.01081907   0.00000000    -0.02615311   0.00000000    -0.00331938   0.00000000
    6    1
 -0.00000000  -0.00000000     0.00000000  -0.00000000     0.01944810   0.00000000
 -0.00000000  -0.00000000     0.00000000  -0.00000000    -0.01944810  -0.00000000
  0.00539396   0.00000000    -0.00539396  -0.00000000     0.00000000  -0.00000000
    6    2
 -0.01860924   0.00000000    -0.00482072   0.00000000    -0.02615311   0.00000000
 -0.01353601   0.00000000    -0.00205503   0.00000000    -0.01081907   0.00000000
 -0.00683360   0.00000000    -0.00461216   0.00000000    -0.00331938   0.00000000
    6    3
 -0.01860924   0.00000000    -0.00482072   0.00000000     0.02615311   0.00000000
 -0.01353601   0.00000000    -0.00205503   0.00000000     0.01081907   0.00000000
  0.00683360   0.00000000     0.00461216   0.00000000    -0.00331938   0.00000000
    6    4
 -0.00205503   0.00000000    -0.01353601   0.00000000    -0.01081907   0.00000000
 -0.00482072   0.00000000    -0.01860924   0.00000000    -0.02615311   0.00000000
 -0.00461216   0.00000000    -0.00683360   0.00000000    -0.00331938   0.00000000
    6    5
 -0.00205503   0.00000000    -0.01353601   0.00000000     0.01081907   0.00000000
 -0.00482072   0.00000000    -0.01860924   0.00000000     0.02615311   0.00000000
  0.00461216   0.00000000     0.00683360   0.00000000    -0.00331938   0.00000000
    6    6
  0.04687301   0.00000000     0.01753734   0.00000000    -0.00000000   0.00000000
  0.01753734   0.00000000     0.04687301   0.00000000     0.00000000   0.00000000
 -0.00000000   0.00000000     0.00000000   0.00000000     0.01367941   0.00000000
    6    7
 -0.01269077   0.00000000     0.00046554   0.00000000     0.00000000   0.00000000
  0.00046554   0.00000000    -0.01269077   0.00000000    -0.00000000   0.00000000
  0.00000000   0.00000000     0.00000000   0.00000000     0.00366739   0.00000000
    7    1
  0.00000000  -0.00000000     0.00000000  -0.00000000    -0.01944810  -0.00000000
 -0.00000000  -0.00000000    -0.00000000  -0.00000000     0.01944810   0.00000000
 -0.00539396  -0.00000000     0.00539396   0.00000000     0.00000000  -0.00000000
    7    2
 -0.01860924   0.00000000    -0.00482072   0.00000000     0.02615311   0.00000000
 -0.01353601   0.00000000    -0.00205503   0.00000000     0.01081907   0.00000000
  0.00683360   0.00000000     0.00461216   0.00000000    -0.00331938   0.00000000
    7    3
 -0.01860924   0.00000000    -0.00482072   0.00000000    -0.02615311   0.00000000
 -0.01353601   0.00000000    -0.00205503   0.00000000    -0.01081907   0.00000000
 -0.00683360   0.00000000    -0.00461216   0.00000000    -0.00331938   0.00000000
    7    4
 -0.00205503   0.00000000    -0.01353601   0.00000000     0.01081907   0.00000000
 -0.00482072   0.00000000    -0.01860924   0.00000000     0.02615311   0.00000000
  0.00461216   0.00000000     0.00683360   0.00000000    -0.00331938   0.00000000
    7    5
 -0.00205503   0.00000000    -0.01353601   0.00000000    -0.01081907   0.00000000
 -0.00482072   0.00000000    -0.01860924   0.00000000    -0.02615311   0.00000000
 -0.00461216   0.00000000    -0.00683360   0.00000000    -0.00331938   0.00000000
    7    6
 -0.01269077   0.00000000     0.00046554   0.00000000     0.00000000   0.00000000
  0.00046554   0.00000000    -0.01269077   0.00000000    -0.00000000   0.00000000
  0.00000000   0.00000000     0.00000000   0.00000000     0.00366739   0.00000000
    7    7
  0.04687301   0.00000000     0.01753734   0.00000000    -0.00000000   0.00000000
  0.01753734   0.00000000     0.04687301   0.00000000    -0.00000000   0.00000000
 -0.00000000   0.00000000     0.00000000   0.00000000     0.01367941   0.00000000

     Dynamical  Matrix in cartesian axes

     q = (    0.000000000   0.433012700  -0.433012700 ) 

    1    1
  0.04502630   0.00000000     0.00000000   0.00000000    -0.00000000   0.00000000
  0.00000000   0.00000000     0.11863321   0.00000000    -0.06328448   0.00000000
 -0.00000000   0.00000000    -0.06328448   0.00000000     0.11863321   0.00000000
    1    2
  0.00000000   0.00000000    -0.01944810   0.00000000    -0.01944810   0.00000000
 -0.00539396   0.00000000     0.00000000   0.00000000     0.00000000  -0.00000000
 -0.00539396   0.00000000    -0.00000000  -0.00000000     0.00000000   0.00000000
    1    3
  0.00000000  -0.00000000    -0.01944810  -0.00000000    -0.01944810  -0.00000000
 -0.00539396  -0.00000000     0.00000000  -0.00000000     0.00000000   0.00000000
 -0.00539396  -0.00000000     0.00000000   0.00000000     0.00000000  -0.00000000
    1    4
 -0.01316049  -0.00000000     0.00000000   0.00000000    -0.00000000   0.00000000
  0.00000000   0.00000000    -0.02397684  -0.00000000    -0.01613642  -0.00000000
 -0.00000000  -0.00000000     0.00603049   0.00000000     0.02097202   0.00000000
    1    5
 -0.01316049   0.00000000    -0.00000000   0.00000000    -0.00000000   0.00000000
  0.00000000   0.00000000    -0.02397684   0.00000000    -0.01613642   0.00000000
  0.00000000  -0.00000000     0.00603049  -0.00000000     0.02097202  -0.00000000
    1    6
 -0.01316049  -0.00000000    -0.00000000  -0.00000000     0.00000000  -0.00000000
 -0.00000000   0.00000000     0.02097202   0.00000000     0.00603049   0.00000000
  0.00000000  -0.00000000    -0.01613642  -0.00000000    -0.02397684  -0.00000000
    1    7
 -0.01316049   0.00000000     0.00000000   0.00000000     0.00000000   0.00000000
 -0.00000000  -0.00000000     0.02097202  -0.00000000     0.00603049  -0.00000000
  0.00000000   0.00000000    -0.01613642   0.00000000    -0.02397684   0.00000000
    2    1
  0.00000000  -0.00000000    -0.00539396  -0.00000000    -0.00539396  -0.00000000
 -0.01944810  -0.00000000     0.00000000  -0.00000000    -0.00000000   0.00000000
 -0.01944810  -0.00000000     0.00000000   0.00000000     0.00000000  -0.00000000
    2    2
  0.01367941   0.00000000     0.00000000   0.00000000     0.00000000   0.00000000
  0.00000000   0.00000000     0.04687301   0.00000000    -0.01753734   0.00000000
  0.00000000   0.00000000    -0.01753734   0.00000000     0.04687301   0.00000000
    2    3
 -0.00366739  -0.00000000     0.00000000   0.00000000    -0.00000000  -0.00000000
  0.00000000   0.00000000     0.01269077   0.00000000     0.00046554   0.00000000
 -0.00000000  -0.00000000     0.00046554   0.00000000     0.01269077   0.00000000
    2    4
  0.00331938   0.00000000     0.00683360   0.00000000    -0.00461216  -0.00000000
  0.02615311   0.00000000     0.01860924   0.00000000    -0.00482072  -0.00000000
 -0.01081907  -0.00000000    -0.01353601  -0.00000000     0.00205503   0.00000000
    2    5
 -0.00331938   0.00000000     0.00683360  -0.00000000    -0.00461216   0.00000000
  0.02615311  -0.00000000    -0.01860924   0.00000000     0.00482072  -0.00000000
 -0.01081907   0.00000000     0.01353601  -0.00000000    -0.00205503   0.00000000
    2    6
  0.00331938   0.00000000    -0.00461216  -0.00000000     0.00683360   0.00000000
 -0.01081907  -0.00000000     0.00205503   0.00000000    -0.01353601  -0.00000000
  0.02615311   0.00000000    -0.00482072  -0.00000000     0.01860924   0.00000000
    2    7
 -0.00331938   0.00000000    -0.00461216   0.00000000     0.00683360  -0.00000000
 -0.01081907   0.00000000    -0.00205503   0.00000000     0.01353601  -0.00000000
  0.02615311  -0.00000000     0.00482072  -0.00000000    -0.01860924   0.00000000
    3    1
  0.00000000   0.00000000    -0.00539396   0.00000000    -0.00539396   0.00000000
 -0.01944810   0.00000000     0.00000000   0.00000000    -0.00000000  -0.00000000
 -0.01944810   0.00000000     0.00000000  -0.00000000     0.00000000   0.00000000
    3    2
 -0.00366739   0.00000000     0.00000000  -0.00000000    -0.00000000   0.00000000
  0.00000000  -0.00000000     0.01269077  -0.00000000     0.00046554  -0.00000000
 -0.00000000   0.00000000     0.00046554  -0.00000000     0.01269077  -0.00000000
    3    3
  0.01367941   0.00000000     0.00000000   0.00000000    -0.00000000   0.00000000
  0.00000000   0.00000000     0.04687301   0.00000000    -0.01753734   0.00000000
 -0.00000000   0.00000000    -0.01753734   0.00000000     0.04687301   0.00000000
    3    4
 -0.00331938   0.00000000     0.00683360  -0.00000000    -0.00461216   0.00000000
  0.02615311  -0.00000000    -0.01860924   0.00000000     0.00482072  -0.00000000
 -0.01081907   0.00000000     0.01353601  -0.00000000    -0.00205503   0.00000000
    3    5
  0.00331938  -0.00000000     0.00683360  -0.00000000    -0.00461216   0.00000000
  0.02615311  -0.00000000     0.01860924  -0.00000000    -0.00482072   0.00000000
 -0.01081907   0.00000000    -0.01353601   0.00000000     0.00205503  -0.00000000
    3    6
 -0.00331938   0.00000000    -0.00461216   0.00000000     0.00683360  -0.00000000
 -0.01081907   0.00000000    -0.00205503   0.00000000     0.01353601  -0.00000000
  0.02615311  -0.00000000     0.00482072  -0.00000000    -0.01860924   0.00000000
    3    7
  0.00331938  -0.00000000    -0.00461216   0.00000000     0.00683360  -0.00000000
 -0.01081907   0.00000000     0.00205503  -0.00000000    -0.01353601   0.00000000
  0.02615311  -0.00000000    -0.00482072   0.00000000     0.01860924  -0.00000000
    4    1
 -0.01316049   0.00000000     0.00000000  -0.00000000    -0.00000000   0.00000000
  0.00000000  -0.00000000    -0.02397684   0.00000000     0.00603049  -0.00000000
 -0.00000000  -0.00000000    -0.01613642   0.00000000     0.02097202  -0.00000000
    4    2
  0.00331938  -0.00000000     0.02615311  -0.00000000    -0.01081907   0.00000000
  0.00683360  -0.00000000     0.01860924  -0.00000000    -0.01353601   0.00000000
 -0.00461216   0.00000000    -0.00482072   0.00000000     0.00205503  -0.00000000
    4    3
 -0.00331938  -0.00000000     0.02615311   0.00000000    -0.01081907  -0.00000000
  0.00683360   0.00000000    -0.01860924  -0.00000000     0.01353601   0.00000000
 -0.00461216  -0.00000000     0.00482072   0.00000000    -0.00205503  -0.00000000
    4    4
  0.03108830   0.00000000    -0.00000000   0.00000000    -0.00000000   0.00000000
 -0.00000000   0.00000000     0.05667431   0.00000000    -0.00943087   0.00000000
 -0.00000000   0.00000000    -0.00943087   0.00000000     0.07933580   0.00000000
    4    5
  0.02329653  -0.00000000     0.00000000   0.00000000     0.00000000  -0.00000000
 -0.00000000   0.00000000    -0.01075676   0.00000000     0.01806187  -0.00000000
  0.00000000  -0.00000000     0.01806187  -0.00000000    -0.04070280   0.00000000
    4    6
 -0.01262408  -0.00000000     0.00000000   0.00000000     0.00000000   0.00000000
  0.00000000   0.00000000    -0.00776356  -0.00000000    -0.03071984  -0.00000000
  0.00000000   0.00000000    -0.06515564  -0.00000000    -0.00776356  -0.00000000
    4    7
 -0.01316273   0.00000000     0.00000000   0.00000000     0.00000000  -0.00000000
 -0.00000000  -0.00000000    -0.03116516   0.00000000     0.02911071  -0.00000000
  0.00000000   0.00000000     0.05110391  -0.00000000    -0.03116516   0.00000000
    5    1
 -0.01316049  -0.00000000     0.00000000  -0.00000000    -0.00000000   0.00000000
  0.00000000  -0.00000000    -0.02397684  -0.00000000     0.00603049   0.00000000
 -0.00000000  -0.00000000    -0.01613642  -0.00000000     0.02097202   0.00000000
    5    2
 -0.00331938  -0.00000000     0.02615311   0.00000000    -0.01081907  -0.00000000
  0.00683360   0.00000000    -0.01860924  -0.00000000     0.01353601   0.00000000
 -0.00461216  -0.00000000     0.00482072   0.00000000    -0.00205503  -0.00000000
    5    3
  0.00331938   0.00000000     0.02615311   0.00000000    -0.01081907  -0.00000000
  0.00683360   0.00000000     0.01860924   0.00000000    -0.01353601  -0.00000000
 -0.00461216  -0.00000000    -0.00482072  -0.00000000     0.00205503   0.00000000
    5    4
  0.02329653   0.00000000     0.00000000  -0.00000000     0.00000000   0.00000000
 -0.00000000  -0.00000000    -0.01075676  -0.00000000     0.01806187   0.00000000
  0.00000000   0.00000000     0.01806187   0.00000000    -0.04070280  -0.00000000
    5    5
  0.03108830   0.00000000     0.00000000   0.00000000    -0.00000000   0.00000000
 -0.00000000   0.00000000     0.05667431   0.00000000    -0.00943087   0.00000000
 -0.00000000   0.00000000    -0.00943087   0.00000000     0.07933580   0.00000000
    5    6
 -0.01316273  -0.00000000    -0.00000000   0.00000000     0.00000000  -0.00000000
 -0.00000000   0.00000000    -0.03116516  -0.00000000     0.02911071   0.00000000
  0.00000000  -0.00000000     0.05110391   0.00000000    -0.03116516  -0.00000000
    5    7
 -0.01262408   0.00000000     0.00000000  -0.00000000     0.00000000   0.00000000
  0.00000000  -0.00000000    -0.00776356   0.00000000    -0.03071984   0.00000000
  0.00000000   0.00000000    -0.06515564   0.00000000    -0.00776356   0.00000000
    6    1
 -0.01316049   0.00000000    -0.00000000  -0.00000000     0.00000000   0.00000000
 -0.00000000   0.00000000     0.02097202  -0.00000000    -0.01613642   0.00000000
  0.00000000   0.00000000     0.00603049  -0.00000000    -0.02397684   0.00000000
    6    2
  0.00331938  -0.00000000    -0.01081907   0.00000000     0.02615311  -0.00000000
 -0.00461216   0.00000000     0.00205503  -0.00000000    -0.00482072   0.00000000
  0.00683360  -0.00000000    -0.01353601   0.00000000     0.01860924  -0.00000000
    6    3
 -0.00331938  -0.00000000    -0.01081907  -0.00000000     0.02615311   0.00000000
 -0.00461216  -0.00000000    -0.00205503  -0.00000000     0.00482072   0.00000000
  0.00683360   0.00000000     0.01353601   0.00000000    -0.01860924  -0.00000000
    6    4
 -0.01262408   0.00000000     0.00000000  -0.00000000    -0.00000000  -0.00000000
  0.00000000  -0.00000000    -0.00776356   0.00000000    -0.06515564   0.00000000
  0.00000000  -0.00000000    -0.03071984   0.00000000    -0.00776356   0.00000000
    6    5
 -0.01316273   0.00000000    -0.00000000  -0.00000000     0.00000000   0.00000000
 -0.00000000  -0.00000000    -0.03116516   0.00000000     0.05110391  -0.00000000
  0.00000000   0.00000000     0.02911071  -0.00000000    -0.03116516   0.00000000
    6    6
  0.03108830   0.00000000    -0.00000000   0.00000000    -0.00000000   0.00000000
 -0.00000000   0.00000000     0.07933580   0.00000000    -0.00943087   0.00000000
 -0.00000000   0.00000000    -0.00943087   0.00000000     0.05667431   0.00000000
    6    7
  0.02329653  -0.00000000    -0.00000000  -0.00000000     0.00000000   0.00000000
 -0.00000000  -0.00000000    -0.04070280   0.00000000     0.01806187  -0.00000000
  0.00000000   0.00000000     0.01806187  -0.00000000    -0.01075676   0.00000000
    7    1
 -0.01316049  -0.00000000    -0.00000000   0.00000000     0.00000000  -0.00000000
  0.00000000  -0.00000000     0.02097202   0.00000000    -0.01613642  -0.00000000
  0.00000000  -0.00000000     0.00603049   0.00000000    -0.02397684  -0.00000000
    7    2
 -0.00331938  -0.00000000    -0.01081907  -0.00000000     0.02615311   0.00000000
 -0.00461216  -0.00000000    -0.00205503  -0.00000000     0.00482072   0.00000000
  0.00683360   0.00000000     0.01353601   0.00000000    -0.01860924  -0.00000000
    7    3
  0.00331938   0.00000000    -0.01081907  -0.00000000     0.02615311   0.00000000
 -0.00461216  -0.00000000     0.00205503   0.00000000    -0.00482072  -0.00000000
  0.00683360   0.00000000    -0.01353601  -0.00000000     0.01860924   0.00000000
    7    4
 -0.01316273  -0.00000000     0.00000000   0.00000000    -0.00000000  -0.00000000
 -0.00000000  -0.00000000    -0.03116516  -0.00000000     0.05110391   0.00000000
  0.00000000   0.00000000     0.02911071   0.00000000    -0.03116516  -0.00000000
    7    5
 -0.01262408  -0.00000000     0.00000000   0.00000000     0.00000000  -0.00000000
  0.00000000   0.00000000    -0.00776356  -0.00000000    -0.06515564  -0.00000000
  0.00000000  -0.00000000    -0.03071984  -0.00000000    -0.00776356  -0.00000000
    7    6
  0.02329653   0.00000000    -0.00000000   0.00000000     0.00000000  -0.00000000
 -0.00000000   0.00000000    -0.04070280  -0.00000000     0.01806187   0.00000000
  0.00000000  -0.00000000     0.01806187   0.00000000    -0.01075676  -0.00000000
    7    7
  0.03108830   0.00000000     0.00000000   0.00000000    -0.00000000   0.00000000
  0.00000000   0.00000000     0.07933580   0.00000000    -0.00943087   0.00000000
 -0.00000000   0.00000000    -0.00943087   0.00000000     0.05667431   0.00000000

     Dynamical  Matrix in cartesian axes

     q = (   -0.000000000   0.433012700   0.433012700 ) 

    1    1
  0.04502630   0.00000000    -0.00000000   0.00000000    -0.00000000   0.00000000
  0.00000000   0.00000000     0.11863321   0.00000000     0.06328448   0.00000000
 -0.00000000   0.00000000     0.06328448   0.00000000     0.11863321   0.00000000
    1    2
  0.00000000  -0.00000000     0.01944810   0.00000000    -0.01944810  -0.00000000
  0.00539396   0.00000000     0.00000000  -0.00000000     0.00000000  -0.00000000
 -0.00539396  -0.00000000     0.00000000  -0.00000000     0.00000000  -0.00000000
    1    3
 -0.00000000  -0.00000000    -0.01944810  -0.00000000     0.01944810   0.00000000
 -0.00539396  -0.00000000     0.00000000  -0.00000000    -0.00000000  -0.00000000
  0.00539396   0.00000000     0.00000000  -0.00000000     0.00000000  -0.00000000
    1    4
 -0.01316049  -0.00000000     0.00000000   0.00000000    -0.00000000  -0.00000000
 -0.00000000   0.00000000    -0.02397684  -0.00000000     0.01613642   0.00000000
 -0.00000000   0.00000000    -0.00603049  -0.00000000     0.02097202   0.00000000
    1    5
  0.01316049   0.00000000    -0.00000000  -0.00000000     0.00000000   0.00000000
 -0.00000000  -0.00000000     0.02397684   0.00000000    -0.01613642  -0.00000000
 -0.00000000  -0.00000000     0.00603049   0.00000000    -0.02097202  -0.00000000
    1    6
  0.01316049   0.00000000     0.00000000   0.00000000    -0.00000000  -0.00000000
  0.00000000   0.00000000    -0.02097202  -0.00000000     0.00603049   0.00000000
 -0.00000000  -0.00000000    -0.01613642  -0.00000000     0.02397684   0.00000000
    1    7
 -0.01316049  -0.00000000    -0.00000000  -0.00000000     0.00000000   0.00000000
 -0.00000000   0.00000000     0.02097202   0.00000000    -0.00603049  -0.00000000
  0.00000000   0.00000000     0.01613642   0.00000000    -0.02397684  -0.00000000
    2    1
 -0.00000000   0.00000000     0.00539396  -0.00000000    -0.00539396   0.00000000
  0.01944810  -0.00000000    -0.00000000   0.00000000     0.00000000   0.00000000
 -0.01944810   0.00000000    -0.00000000   0.00000000     0.00000000   0.00000000
    2    2
  0.01367941   0.00000000    -0.00000000   0.00000000    -0.00000000   0.00000000
 -0.00000000   0.00000000     0.04687301   0.00000000     0.01753734   0.00000000
 -0.00000000   0.00000000     0.01753734   0.00000000     0.04687301   0.00000000
    2    3
  0.00366739   0.00000000     0.00000000  -0.00000000     0.00000000  -0.00000000
  0.00000000  -0.00000000    -0.01269077  -0.00000000     0.00046554   0.00000000
  0.00000000  -0.00000000     0.00046554   0.00000000    -0.01269077  -0.00000000
    2    4
 -0.00331938   0.00000000    -0.00683360   0.00000000    -0.00461216   0.00000000
 -0.02615311   0.00000000    -0.01860924   0.00000000    -0.00482072   0.00000000
 -0.01081907   0.00000000    -0.01353601   0.00000000    -0.00205503   0.00000000
    2    5
 -0.00331938  -0.00000000     0.00683360   0.00000000     0.00461216   0.00000000
  0.02615311   0.00000000    -0.01860924  -0.00000000    -0.00482072  -0.00000000
  0.01081907   0.00000000    -0.01353601  -0.00000000    -0.00205503  -0.00000000
    2    6
 -0.00331938  -0.00000000    -0.00461216  -0.00000000    -0.00683360  -0.00000000
 -0.01081907  -0.00000000    -0.00205503  -0.00000000    -0.01353601  -0.00000000
 -0.02615311  -0.00000000    -0.00482072  -0.00000000    -0.01860924  -0.00000000
    2    7
 -0.00331938  -0.00000000     0.00461216   0.00000000     0.00683360   0.00000000
  0.01081907   0.00000000    -0.00205503  -0.00000000    -0.01353601  -0.00000000
  0.02615311   0.00000000    -0.00482072  -0.00000000    -0.01860924  -0.00000000
    3    1
  0.00000000   0.00000000    -0.00539396   0.00000000     0.00539396  -0.00000000
 -0.01944810   0.00000000     0.00000000   0.00000000    -0.00000000   0.00000000
  0.01944810  -0.00000000     0.00000000   0.00000000     0.00000000   0.00000000
    3    2
  0.00366739  -0.00000000     0.00000000   0.00000000     0.00000000   0.00000000
  0.00000000   0.00000000    -0.01269077   0.00000000     0.00046554  -0.00000000
  0.00000000   0.00000000     0.00046554  -0.00000000    -0.01269077   0.00000000
    3    3
  0.01367941   0.00000000    -0.00000000   0.00000000    -0.00000000   0.00000000
 -0.00000000   0.00000000     0.04687301   0.00000000     0.01753734   0.00000000
 -0.00000000   0.00000000     0.01753734   0.00000000     0.04687301   0.00000000
    3    4
 -0.00331938   0.00000000     0.00683360  -0.00000000     0.00461216  -0.00000000
  0.02615311  -0.00000000    -0.01860924   0.00000000    -0.00482072   0.00000000
  0.01081907  -0.00000000    -0.01353601   0.00000000    -0.00205503   0.00000000
    3    5
 -0.00331938   0.00000000    -0.00683360   0.00000000    -0.00461216   0.00000000
 -0.02615311   0.00000000    -0.01860924   0.00000000    -0.00482072   0.00000000
 -0.01081907   0.00000000    -0.01353601   0.00000000    -0.00205503   0.00000000
    3    6
 -0.00331938   0.00000000     0.00461216  -0.00000000     0.00683360  -0.00000000
  0.01081907  -0.00000000    -0.00205503   0.00000000    -0.01353601   0.00000000
  0.02615311  -0.00000000    -0.00482072   0.00000000    -0.01860924   0.00000000
    3    7
 -0.00331938   0.00000000    -0.00461216   0.00000000    -0.00683360   0.00000000
 -0.01081907   0.00000000    -0.00205503   0.00000000    -0.01353601   0.00000000
 -0.02615311   0.00000000    -0.00482072   0.00000000    -0.01860924   0.00000000
    4    1
 -0.01316049   0.00000000     0.00000000  -0.00000000     0.00000000  -0.00000000
  0.00000000  -0.00000000    -0.02397684   0.00000000    -0.00603049   0.00000000
 -0.00000000   0.00000000     0.01613642  -0.00000000     0.02097202  -0.00000000
    4    2
 -0.00331938  -0.00000000    -0.02615311  -0.00000000    -0.01081907  -0.00000000
 -0.00683360  -0.00000000    -0.01860924  -0.00000000    -0.01353601  -0.00000000
 -0.00461216  -0.00000000    -0.00482072  -0.00000000    -0.00205503  -0.00000000
    4    3
 -0.00331938  -0.00000000     0.02615311   0.00000000     0.01081907   0.00000000
  0.00683360   0.00000000    -0.01860924  -0.00000000    -0.01353601  -0.00000000
  0.00461216   0.00000000    -0.00482072  -0.00000000    -0.00205503  -0.00000000
    4    4
  0.03108830   0.00000000     0.00000000   0.00000000    -0.00000000   0.00000000
 -0.00000000   0.00000000     0.05667431   0.00000000     0.00943087   0.00000000
 -0.00000000   0.00000000     0.00943087   0.00000000     0.07933580   0.00000000
    4    5
 -0.02329653   0.00000000    -0.00000000   0.00000000    -0.00000000   0.00000000
 -0.00000000   0.00000000     0.01075676  -0.00000000     0.01806187  -0.00000000
 -0.00000000   0.00000000     0.01806187  -0.00000000     0.04070280  -0.00000000
    4    6
  0.01316273   0.00000000    -0.00000000  -0.00000000    -0.00000000  -0.00000000
 -0.00000000  -0.00000000     0.03116516   0.00000000     0.02911071   0.00000000
 -0.00000000  -0.00000000     0.05110391   0.00000000     0.03116516   0.00000000
    4    7
 -0.01262408  -0.00000000    -0.00000000  -0.00000000    -0.00000000  -0.00000000
 -0.00000000  -0.00000000    -0.00776356  -0.00000000     0.03071984   0.00000000
 -0.00000000  -0.00000000     0.06515564   0.00000000    -0.00776356  -0.00000000
    5    1
  0.01316049  -0.00000000    -0.00000000   0.00000000    -0.00000000   0.00000000
 -0.00000000   0.00000000     0.02397684  -0.00000000     0.00603049  -0.00000000
  0.00000000  -0.00000000    -0.01613642   0.00000000    -0.02097202   0.00000000
    5    2
 -0.00331938   0.00000000     0.02615311  -0.00000000     0.01081907  -0.00000000
  0.00683360  -0.00000000    -0.01860924   0.00000000    -0.01353601   0.00000000
  0.00461216  -0.00000000    -0.00482072   0.00000000    -0.00205503   0.00000000
    5    3
 -0.00331938  -0.00000000    -0.02615311  -0.00000000    -0.01081907  -0.00000000
 -0.00683360  -0.00000000    -0.01860924  -0.00000000    -0.01353601  -0.00000000
 -0.00461216  -0.00000000    -0.00482072  -0.00000000    -0.00205503  -0.00000000
    5    4
 -0.02329653  -0.00000000     0.00000000  -0.00000000    -0.00000000  -0.00000000
 -0.00000000  -0.00000000     0.01075676   0.00000000     0.01806187   0.00000000
 -0.00000000  -0.00000000     0.01806187   0.00000000     0.04070280   0.00000000
    5    5
  0.03108830   0.00000000     0.00000000   0.00000000    -0.00000000   0.00000000
 -0.00000000   0.00000000     0.05667431   0.00000000     0.00943087   0.00000000
 -0.00000000   0.00000000     0.00943087   0.00000000     0.07933580   0.00000000
    5    6
 -0.01262408  -0.00000000    -0.00000000  -0.00000000     0.00000000  -0.00000000
 -0.00000000  -0.00000000    -0.00776356  -0.00000000     0.03071984   0.00000000
 -0.00000000  -0.00000000     0.06515564   0.00000000    -0.00776356  -0.00000000
    5    7
  0.01316273   0.00000000    -0.00000000  -0.00000000    -0.00000000  -0.00000000
 -0.00000000  -0.00000000     0.03116516   0.00000000     0.02911071   0.00000000
 -0.00000000  -0.00000000     0.05110391   0.00000000     0.03116516   0.00000000
    6    1
  0.01316049  -0.00000000     0.00000000  -0.00000000    -0.00000000   0.00000000
  0.00000000  -0.00000000    -0.02097202   0.00000000    -0.01613642   0.00000000
 -0.00000000   0.00000000     0.00603049  -0.00000000     0.02397684  -0.00000000
    6    2
 -0.00331938   0.00000000    -0.01081907   0.00000000    -0.02615311   0.00000000
 -0.00461216   0.00000000    -0.00205503   0.00000000    -0.00482072   0.00000000
 -0.00683360   0.00000000    -0.01353601   0.00000000    -0.01860924   0.00000000
    6    3
 -0.00331938  -0.00000000     0.01081907   0.00000000     0.02615311   0.00000000
  0.00461216   0.00000000    -0.00205503  -0.00000000    -0.00482072  -0.00000000
  0.00683360   0.00000000    -0.01353601  -0.00000000    -0.01860924  -0.00000000
    6    4
  0.01316273  -0.00000000    -0.00000000   0.00000000    -0.00000000   0.00000000
 -0.00000000   0.00000000     0.03116516  -0.00000000     0.05110391  -0.00000000
 -0.00000000   0.00000000     0.02911071  -0.00000000     0.03116516  -0.00000000
    6    5
 -0.01262408   0.00000000    -0.00000000   0.00000000     0.00000000   0.00000000
 -0.00000000   0.00000000    -0.00776356   0.00000000     0.06515564  -0.00000000
  0.00000000   0.00000000     0.03071984  -0.00000000    -0.00776356   0.00000000
    6    6
  0.03108830   0.00000000     0.00000000   0.00000000    -0.00000000   0.00000000
  0.00000000   0.00000000     0.07933580   0.00000000     0.00943087   0.00000000
 -0.00000000   0.00000000     0.00943087   0.00000000     0.05667431   0.00000000
    6    7
 -0.02329653   0.00000000    -0.00000000  -0.00000000    -0.00000000  -0.00000000
 -0.00000000  -0.00000000     0.04070280  -0.00000000     0.01806187  -0.00000000
 -0.00000000  -0.00000000     0.01806187  -0.00000000     0.01075676  -0.00000000
    7    1
 -0.01316049   0.00000000    -0.00000000  -0.00000000     0.00000000  -0.00000000
 -0.00000000   0.00000000     0.02097202  -0.00000000     0.01613642  -0.00000000
  0.00000000  -0.00000000    -0.00603049   0.00000000    -0.02397684   0.00000000
    7    2
 -0.00331938   0.00000000     0.01081907  -0.00000000     0.02615311  -0.00000000
  0.00461216  -0.00000000    -0.00205503   0.00000000    -0.00482072   0.00000000
  0.00683360  -0.00000000    -0.01353601   0.00000000    -0.01860924   0.00000000
    7    3
 -0.00331938  -0.00000000    -0.01081907  -0.00000000    -0.02615311  -0.00000000
 -0.00461216  -0.00000000    -0.00205503  -0.00000000    -0.00482072  -0.00000000
 -0.00683360  -0.00000000    -0.01353601  -0.00000000    -0.01860924  -0.00000000
    7    4
 -0.01262408   0.00000000    -0.00000000   0.00000000     0.00000000   0.00000000
 -0.00000000   0.00000000    -0.00776356   0.00000000     0.06515564  -0.00000000
 -0.00000000   0.00000000     0.03071984  -0.00000000    -0.00776356   0.00000000
    7    5
  0.01316273  -0.00000000    -0.00000000   0.00000000    -0.00000000   0.00000000
 -0.00000000   0.00000000     0.03116516  -0.00000000     0.05110391  -0.00000000
 -0.00000000   0.00000000     0.02911071  -0.00000000     0.03116516  -0.00000000
    7    6
 -0.02329653  -0.00000000    -0.00000000   0.00000000     0.00000000   0.00000000
 -0.00000000   0.00000000     0.04070280   0.00000000     0.01806187   0.00000000
 -0.00000000   0.00000000     0.01806187   0.00000000     0.01075676   0.00000000
    7    7
  0.03108830   0.00000000     0.00000000   0.00000000    -0.00000000   0.00000000
 -0.00000000   0.00000000     0.07933580   0.00000000     0.00943087   0.00000000
 -0.00000000   0.00000000     0.00943087   0.00000000     0.05667431   0.00000000

     Dynamical  Matrix in cartesian axes

     q = (    0.433012700   0.000000000  -0.433012700 ) 

    1    1
  0.11863321   0.00000000     0.00000000   0.00000000    -0.06328448   0.00000000
  0.00000000   0.00000000     0.04502630   0.00000000    -0.00000000   0.00000000
 -0.06328448   0.00000000    -0.00000000   0.00000000     0.11863321   0.00000000
    1    2
 -0.02397684   0.00000000     0.00000000   0.00000000    -0.01613642   0.00000000
  0.00000000   0.00000000    -0.01316049   0.00000000    -0.00000000   0.00000000
  0.00603049  -0.00000000    -0.00000000  -0.00000000     0.02097202  -0.00000000
    1    3
 -0.02397684  -0.00000000     0.00000000   0.00000000    -0.01613642  -0.00000000
  0.00000000  -0.00000000    -0.01316049  -0.00000000     0.00000000  -0.00000000
  0.00603049   0.00000000    -0.00000000   0.00000000     0.02097202   0.00000000
    1    4
  0.00000000  -0.00000000    -0.00539396  -0.00000000     0.00000000   0.00000000
 -0.01944810  -0.00000000     0.00000000  -0.00000000    -0.01944810  -0.00000000
 -0.00000000   0.00000000    -0.00539396  -0.00000000     0.00000000  -0.00000000
    1    5
  0.00000000   0.00000000    -0.00539396   0.00000000     0.00000000  -0.00000000
 -0.01944810   0.00000000     0.00000000   0.00000000    -0.01944810   0.00000000
 -0.00000000  -0.00000000    -0.00539396   0.00000000     0.00000000   0.00000000
    1    6
  0.02097202  -0.00000000     0.00000000  -0.00000000     0.00603049  -0.00000000
  0.00000000   0.00000000    -0.01316049   0.00000000     0.00000000   0.00000000
 -0.01613642   0.00000000     0.00000000   0.00000000    -0.02397684   0.00000000
    1    7
  0.02097202   0.00000000    -0.00000000   0.00000000     0.00603049   0.00000000
 -0.00000000  -0.00000000    -0.01316049  -0.00000000     0.00000000  -0.00000000
