  2.500000000000000E-002   1.26011648066226        2.33218954087644     
          24

     Dynamical  Matrix in cartesian axes

     q = (    0.324759526   0.324759526   0.216506351 ) 

    1    1
  0.06483036   0.00000000     0.00694821   0.00000000     0.00421620   0.00000000
  0.00694821   0.00000000     0.06483036   0.00000000     0.00421620   0.00000000
  0.00421620   0.00000000     0.00421620   0.00000000     0.04056632   0.00000000
    1    2
 -0.01158948  -0.00387321     0.01035764  -0.00441034    -0.00669126  -0.00896685
 -0.00212676  -0.00502595     0.00783283   0.00372386    -0.00391029  -0.00741810
 -0.00668033   0.00457854     0.00527131  -0.00402869    -0.00597106   0.00228946
    1    3
  0.01158948  -0.00387321    -0.01035764  -0.00441034     0.00669126  -0.00896685
  0.00212676  -0.00502595    -0.00783283   0.00372386     0.00391029  -0.00741810
  0.00668033   0.00457854    -0.00527131  -0.00402869     0.00597106   0.00228946
    1    4
 -0.00783283   0.00372386     0.00212676  -0.00502595     0.00391029  -0.00741810
 -0.01035764  -0.00441034     0.01158948  -0.00387321     0.00669126  -0.00896685
 -0.00527131  -0.00402869     0.00668033   0.00457854     0.00597106   0.00228946
    1    5
  0.00783283   0.00372386    -0.00212676  -0.00502595    -0.00391029  -0.00741810
  0.01035764  -0.00441034    -0.01158948  -0.00387321    -0.00669126  -0.00896685
  0.00527131  -0.00402869    -0.00668033   0.00457854    -0.00597106   0.00228946
    1    6
  0.00388784   0.00757599     0.00038591  -0.00073151     0.00704430   0.01679421
 -0.00038591  -0.00073151    -0.00388784   0.00757599    -0.00704430   0.01679421
  0.00496996  -0.00423086    -0.00496996  -0.00423086    -0.00000000   0.00805824
    1    7
 -0.00388784   0.00757599    -0.00038591  -0.00073151    -0.00704430   0.01679421
  0.00038591  -0.00073151     0.00388784   0.00757599     0.00704430   0.01679421
 -0.00496996  -0.00423086     0.00496996  -0.00423086    -0.00000000   0.00805824
    2    1
 -0.01158948   0.00387321    -0.00212676   0.00502595    -0.00668033  -0.00457854
  0.01035764   0.00441034     0.00783283  -0.00372386     0.00527131   0.00402869
 -0.00669126   0.00896685    -0.00391029   0.00741810    -0.00597106  -0.00228946
    2    2
  0.06035224  -0.00000000    -0.00110237   0.00158756     0.00711233   0.00069418
 -0.00110237  -0.00158756     0.04868690  -0.00000000     0.00707467  -0.00249955
  0.00711233  -0.00069418     0.00707467   0.00249955     0.03927300  -0.00000000
    2    3
  0.01321774  -0.00967981     0.00588790  -0.00900127     0.00729899   0.00378072
  0.00588790  -0.00900127    -0.01279158   0.01585877    -0.00915674   0.00463769
  0.00729899   0.00378072    -0.00915674   0.00463769    -0.01974378  -0.00348374
    2    4
  0.00412506   0.01235035    -0.00256176   0.02892838     0.00882191   0.00463291
 -0.00928749   0.03175798     0.00412506   0.01235035    -0.00637942   0.00679127
 -0.00637942   0.00679127     0.00882191   0.00463291     0.01706121   0.01346475
    2    5
 -0.02480199  -0.00418422     0.00868051   0.00000000     0.00781028  -0.00394235
  0.02798239   0.00000000    -0.02480199   0.00418422     0.00505106  -0.00712759
  0.00505106   0.00712759     0.00781028   0.00394235    -0.00840389   0.00000000
    2    6
 -0.00873110  -0.00953747    -0.00543823  -0.00234365    -0.02702973  -0.01765183
 -0.01302516   0.00303509     0.01222886  -0.01251621    -0.00532339  -0.00267513
 -0.02601722  -0.01619532    -0.01472728  -0.00054555    -0.01302583  -0.00845646
    2    7
 -0.02055650   0.00782374     0.00391322  -0.00513892    -0.00784642   0.00329648
  0.00699087  -0.00944562    -0.00974894   0.00421630     0.00462627   0.00447987
  0.02254723  -0.00230886     0.00725749   0.00574670    -0.01422873  -0.00998938
    3    1
  0.01158948   0.00387321     0.00212676   0.00502595     0.00668033  -0.00457854
 -0.01035764   0.00441034    -0.00783283  -0.00372386    -0.00527131   0.00402869
  0.00669126   0.00896685     0.00391029   0.00741810     0.00597106  -0.00228946
    3    2
  0.01321774   0.00967981     0.00588790   0.00900127     0.00729899  -0.00378072
  0.00588790   0.00900127    -0.01279158  -0.01585877    -0.00915674  -0.00463769
  0.00729899  -0.00378072    -0.00915674  -0.00463769    -0.01974378   0.00348374
    3    3
  0.06035224   0.00000000    -0.00110237  -0.00158756     0.00711233  -0.00069418
 -0.00110237   0.00158756     0.04868690   0.00000000     0.00707467   0.00249955
  0.00711233   0.00069418     0.00707467  -0.00249955     0.03927300   0.00000000
    3    4
 -0.02480199   0.00418422     0.00868051  -0.00000000     0.00781028   0.00394235
  0.02798239  -0.00000000    -0.02480199  -0.00418422     0.00505106   0.00712759
  0.00505106  -0.00712759     0.00781028  -0.00394235    -0.00840389   0.00000000
    3    5
  0.00412506  -0.01235035    -0.00256176  -0.02892838     0.00882191  -0.00463291
 -0.00928749  -0.03175798     0.00412506  -0.01235035    -0.00637942  -0.00679127
 -0.00637942  -0.00679127     0.00882191  -0.00463291     0.01706121  -0.01346475
    3    6
 -0.02055650  -0.00782374     0.00391322   0.00513892    -0.00784642  -0.00329648
  0.00699087   0.00944562    -0.00974894  -0.00421630     0.00462627  -0.00447987
  0.02254723   0.00230886     0.00725749  -0.00574670    -0.01422873   0.00998938
    3    7
 -0.00873110   0.00953747    -0.00543823   0.00234365    -0.02702973   0.01765183
 -0.01302516  -0.00303509     0.01222886   0.01251621    -0.00532339   0.00267513
 -0.02601722   0.01619532    -0.01472728   0.00054555    -0.01302583   0.00845646
    4    1
 -0.00783283  -0.00372386    -0.01035764   0.00441034    -0.00527131   0.00402869
  0.00212676   0.00502595     0.01158948   0.00387321     0.00668033  -0.00457854
  0.00391029   0.00741810     0.00669126   0.00896685     0.00597106  -0.00228946
    4    2
  0.00412506  -0.01235035    -0.00928749  -0.03175798    -0.00637942  -0.00679127
 -0.00256176  -0.02892838     0.00412506  -0.01235035     0.00882191  -0.00463291
  0.00882191  -0.00463291    -0.00637942  -0.00679127     0.01706121  -0.01346475
    4    3
 -0.02480199  -0.00418422     0.02798239   0.00000000     0.00505106   0.00712759
  0.00868051   0.00000000    -0.02480199   0.00418422     0.00781028   0.00394235
  0.00781028  -0.00394235     0.00505106  -0.00712759    -0.00840389  -0.00000000
    4    4
  0.04868690   0.00000000    -0.00110237   0.00158756     0.00707467   0.00249955
 -0.00110237  -0.00158756     0.06035224  -0.00000000     0.00711233  -0.00069418
  0.00707467  -0.00249955     0.00711233   0.00069418     0.03927300   0.00000000
    4    5
 -0.01279158  -0.01585877     0.00588790   0.00900127    -0.00915674  -0.00463769
  0.00588790   0.00900127     0.01321774   0.00967981     0.00729899  -0.00378072
 -0.00915674  -0.00463769     0.00729899  -0.00378072    -0.01974378   0.00348374
    4    6
  0.01222886   0.01251621    -0.01302516  -0.00303509    -0.00532339   0.00267513
 -0.00543823   0.00234365    -0.00873110   0.00953747    -0.02702973   0.01765183
 -0.01472728   0.00054555    -0.02601722   0.01619532    -0.01302583   0.00845646
    4    7
 -0.00974894  -0.00421630     0.00699087   0.00944562     0.00462627  -0.00447987
  0.00391322   0.00513892    -0.02055650  -0.00782374    -0.00784642  -0.00329648
  0.00725749  -0.00574670     0.02254723   0.00230886    -0.01422873   0.00998938
    5    1
  0.00783283  -0.00372386     0.01035764   0.00441034     0.00527131   0.00402869
 -0.00212676   0.00502595    -0.01158948   0.00387321    -0.00668033  -0.00457854
 -0.00391029   0.00741810    -0.00669126   0.00896685    -0.00597106  -0.00228946
    5    2
 -0.02480199   0.00418422     0.02798239   0.00000000     0.00505106  -0.00712759
  0.00868051   0.00000000    -0.02480199  -0.00418422     0.00781028  -0.00394235
  0.00781028   0.00394235     0.00505106   0.00712759    -0.00840389   0.00000000
    5    3
  0.00412506   0.01235035    -0.00928749   0.03175798    -0.00637942   0.00679127
 -0.00256176   0.02892838     0.00412506   0.01235035     0.00882191   0.00463291
  0.00882191   0.00463291    -0.00637942   0.00679127     0.01706121   0.01346475
    5    4
 -0.01279158   0.01585877     0.00588790  -0.00900127    -0.00915674   0.00463769
  0.00588790  -0.00900127     0.01321774  -0.00967981     0.00729899   0.00378072
 -0.00915674   0.00463769     0.00729899   0.00378072    -0.01974378  -0.00348374
    5    5
  0.04868690  -0.00000000    -0.00110237  -0.00158756     0.00707467  -0.00249955
 -0.00110237   0.00158756     0.06035224   0.00000000     0.00711233   0.00069418
  0.00707467   0.00249955     0.00711233  -0.00069418     0.03927300  -0.00000000
    5    6
 -0.00974894   0.00421630     0.00699087  -0.00944562     0.00462627   0.00447987
  0.00391322  -0.00513892    -0.02055650   0.00782374    -0.00784642   0.00329648
  0.00725749   0.00574670     0.02254723  -0.00230886    -0.01422873  -0.00998938
    5    7
  0.01222886  -0.01251621    -0.01302516   0.00303509    -0.00532339  -0.00267513
 -0.00543823  -0.00234365    -0.00873110  -0.00953747    -0.02702973  -0.01765183
 -0.01472728  -0.00054555    -0.02601722  -0.01619532    -0.01302583  -0.00845646
    6    1
  0.00388784  -0.00757599    -0.00038591   0.00073151     0.00496996   0.00423086
  0.00038591   0.00073151    -0.00388784  -0.00757599    -0.00496996   0.00423086
  0.00704430  -0.01679421    -0.00704430  -0.01679421    -0.00000000  -0.00805824
    6    2
 -0.00873110   0.00953747    -0.01302516  -0.00303509    -0.02601722   0.01619532
 -0.00543823   0.00234365     0.01222886   0.01251621    -0.01472728   0.00054555
 -0.02702973   0.01765183    -0.00532339   0.00267513    -0.01302583   0.00845646
    6    3
 -0.02055650   0.00782374     0.00699087  -0.00944562     0.02254723  -0.00230886
  0.00391322  -0.00513892    -0.00974894   0.00421630     0.00725749   0.00574670
 -0.00784642   0.00329648     0.00462627   0.00447987    -0.01422873  -0.00998938
    6    4
  0.01222886  -0.01251621    -0.00543823  -0.00234365    -0.01472728  -0.00054555
 -0.01302516   0.00303509    -0.00873110  -0.00953747    -0.02601722  -0.01619532
 -0.00532339  -0.00267513    -0.02702973  -0.01765183    -0.01302583  -0.00845646
    6    5
 -0.00974894  -0.00421630     0.00391322   0.00513892     0.00725749  -0.00574670
  0.00699087   0.00944562    -0.02055650  -0.00782374     0.02254723   0.00230886
  0.00462627  -0.00447987    -0.00784642  -0.00329648    -0.01422873   0.00998938
    6    6
  0.04514781  -0.00000000     0.00541742  -0.00168421     0.00575978  -0.00058811
  0.00541742   0.00168421     0.04514781   0.00000000     0.00575978   0.00058811
  0.00575978   0.00058811     0.00575978  -0.00058811     0.04743025  -0.00000000
    6    7
 -0.01754563   0.00488957    -0.01001636   0.00000000     0.00635881  -0.00472425
 -0.01001636   0.00000000    -0.01754563  -0.00488957     0.00635881   0.00472425
  0.00635881  -0.00472425     0.00635881   0.00472425     0.02316767   0.00000000
    7    1
 -0.00388784  -0.00757599     0.00038591   0.00073151    -0.00496996   0.00423086
 -0.00038591   0.00073151     0.00388784  -0.00757599     0.00496996   0.00423086
 -0.00704430  -0.01679421     0.00704430  -0.01679421    -0.00000000  -0.00805824
    7    2
 -0.02055650  -0.00782374     0.00699087   0.00944562     0.02254723   0.00230886
  0.00391322   0.00513892    -0.00974894  -0.00421630     0.00725749  -0.00574670
 -0.00784642  -0.00329648     0.00462627  -0.00447987    -0.01422873   0.00998938
    7    3
 -0.00873110  -0.00953747    -0.01302516   0.00303509    -0.02601722  -0.01619532
 -0.00543823  -0.00234365     0.01222886  -0.01251621    -0.01472728  -0.00054555
 -0.02702973  -0.01765183    -0.00532339  -0.00267513    -0.01302583  -0.00845646
    7    4
 -0.00974894   0.00421630     0.00391322  -0.00513892     0.00725749   0.00574670
  0.00699087  -0.00944562    -0.02055650   0.00782374     0.02254723  -0.00230886
  0.00462627   0.00447987    -0.00784642   0.00329648    -0.01422873  -0.00998938
    7    5
  0.01222886   0.01251621    -0.00543823   0.00234365    -0.01472728   0.00054555
 -0.01302516  -0.00303509    -0.00873110   0.00953747    -0.02601722   0.01619532
 -0.00532339   0.00267513    -0.02702973   0.01765183    -0.01302583   0.00845646
    7    6
 -0.01754563  -0.00488957    -0.01001636  -0.00000000     0.00635881   0.00472425
 -0.01001636   0.00000000    -0.01754563   0.00488957     0.00635881  -0.00472425
  0.00635881   0.00472425     0.00635881  -0.00472425     0.02316767   0.00000000
    7    7
  0.04514781   0.00000000     0.00541742   0.00168421     0.00575978   0.00058811
  0.00541742  -0.00168421     0.04514781  -0.00000000     0.00575978  -0.00058811
  0.00575978  -0.00058811     0.00575978   0.00058811     0.04743025   0.00000000

     Dynamical  Matrix in cartesian axes

     q = (   -0.324759526   0.216506351   0.324759526 ) 

    1    1
  0.06483036   0.00000000    -0.00421620   0.00000000    -0.00694821   0.00000000
 -0.00421620   0.00000000     0.04056632   0.00000000     0.00421620   0.00000000
 -0.00694821   0.00000000     0.00421620   0.00000000     0.06483036   0.00000000
    1    2
 -0.00545623  -0.01093377    -0.00160909   0.01107196    -0.01044254  -0.00420538
  0.00796122   0.00148619    -0.00584107  -0.00260329     0.00657609   0.00087867
 -0.00205003   0.00505773     0.00248039  -0.00801038     0.00290548   0.00817182
    1    3
  0.00387321   0.01158948    -0.00896685  -0.00669126    -0.00441034   0.01035764
  0.00457854  -0.00668033    -0.00228946   0.00597106     0.00402869  -0.00527131
 -0.00502595  -0.00212676     0.00741810   0.00391029    -0.00372386  -0.00783283
    1    4
 -0.00260792  -0.00810615     0.00689423   0.01685637    -0.00079014  -0.00024438
 -0.00650596   0.00052262    -0.00569803  -0.00569803    -0.00052262   0.00650596
 -0.00024438  -0.00079014    -0.01685637  -0.00689423    -0.00810615  -0.00260792
    1    5
  0.00388784   0.00757599    -0.00704430  -0.01679421    -0.00038591   0.00073151
 -0.00496996   0.00423086     0.00000000   0.00805824    -0.00496996  -0.00423086
  0.00038591   0.00073151    -0.00704430   0.01679421    -0.00388784   0.00757599
    1    6
  0.00783283   0.00372386     0.00391029   0.00741810     0.00212676   0.00502595
 -0.00527131   0.00402869    -0.00597106   0.00228946    -0.00668033   0.00457854
 -0.01035764   0.00441034    -0.00669126  -0.00896685    -0.01158948  -0.00387321
    1    7
  0.00290548  -0.00817182    -0.00248039  -0.00801038    -0.00205003  -0.00505773
 -0.00657609   0.00087867    -0.00584107   0.00260329    -0.00796122   0.00148619
 -0.01044254   0.00420538     0.00160909   0.01107196    -0.00545623   0.01093377
    2    1
 -0.00545623   0.01093377     0.00796122  -0.00148619    -0.00205003  -0.00505773
 -0.00160909  -0.01107196    -0.00584107   0.00260329     0.00248039   0.00801038
 -0.01044254   0.00420538     0.00657609  -0.00087867     0.00290548  -0.00817182
    2    2
  0.06035224   0.00000000    -0.00711233  -0.00069418     0.00110237  -0.00158756
 -0.00711233   0.00069418     0.03927300  -0.00000000     0.00707467   0.00249955
  0.00110237   0.00158756     0.00707467  -0.00249955     0.04868690  -0.00000000
    2    3
  0.01619102   0.00250169    -0.00248779  -0.00783453    -0.01052823   0.00220149
 -0.00248779  -0.00783453    -0.01149759  -0.01642433    -0.00975413  -0.00319545
 -0.01052823   0.00220149    -0.00975413  -0.00319545    -0.02025886   0.00216883
    2    4
 -0.00782374  -0.02055650     0.00329648   0.00784642    -0.00513892  -0.00391322
 -0.00230886  -0.02254723     0.00998938  -0.01422873    -0.00574670   0.00725749
 -0.00944562  -0.00699087    -0.00447987   0.00462627    -0.00421630  -0.00974894
    2    5
 -0.01291783  -0.00057019     0.03159463  -0.00663118     0.00550263  -0.00218820
  0.02984877  -0.00694513    -0.01519027   0.00323104    -0.01079952   0.01002800
  0.00706405  -0.01135631    -0.00565581   0.00187260    -0.00020318  -0.01749741
    2    6
 -0.02049635   0.01457897    -0.00273504   0.00831036    -0.00613805   0.00613805
 -0.00861160  -0.00146833    -0.00594245   0.00594245     0.00831036  -0.00273504
 -0.01978654   0.01978654    -0.00146833  -0.00861160    -0.01457897   0.02049635
    2    7
 -0.01235035   0.00412506     0.00463291  -0.00882191     0.02892838   0.00256176
  0.00679127   0.00637942    -0.01346475   0.01706121    -0.00463291   0.00882191
  0.03175798   0.00928749    -0.00679127  -0.00637942    -0.01235035   0.00412506
    3    1
  0.00387321  -0.01158948     0.00457854   0.00668033    -0.00502595   0.00212676
 -0.00896685   0.00669126    -0.00228946  -0.00597106     0.00741810  -0.00391029
 -0.00441034  -0.01035764     0.00402869   0.00527131    -0.00372386   0.00783283
    3    2
  0.01619102  -0.00250169    -0.00248779   0.00783453    -0.01052823  -0.00220149
 -0.00248779   0.00783453    -0.01149759   0.01642433    -0.00975413   0.00319545
 -0.01052823  -0.00220149    -0.00975413   0.00319545    -0.02025886  -0.00216883
    3    3
  0.06035224  -0.00000000    -0.00711233   0.00069418     0.00110237   0.00158756
 -0.00711233  -0.00069418     0.03927300   0.00000000     0.00707467  -0.00249955
  0.00110237  -0.00158756     0.00707467   0.00249955     0.04868690   0.00000000
    3    4
 -0.01291783   0.00057019     0.03159463   0.00663118     0.00550263   0.00218820
  0.02984877   0.00694513    -0.01519027  -0.00323104    -0.01079952  -0.01002800
  0.00706405   0.01135631    -0.00565581  -0.00187260    -0.00020318   0.01749741
    3    5
 -0.00782374   0.02055650     0.00329648  -0.00784642    -0.00513892   0.00391322
 -0.00230886   0.02254723     0.00998938   0.01422873    -0.00574670  -0.00725749
 -0.00944562   0.00699087    -0.00447987  -0.00462627    -0.00421630   0.00974894
    3    6
 -0.01235035  -0.00412506     0.00463291   0.00882191     0.02892838  -0.00256176
  0.00679127  -0.00637942    -0.01346475  -0.01706121    -0.00463291  -0.00882191
  0.03175798  -0.00928749    -0.00679127   0.00637942    -0.01235035  -0.00412506
    3    7
 -0.02049635  -0.01457897    -0.00273504  -0.00831036    -0.00613805  -0.00613805
 -0.00861160   0.00146833    -0.00594245  -0.00594245     0.00831036   0.00273504
 -0.01978654  -0.01978654    -0.00146833   0.00861160    -0.01457897  -0.02049635
    4    1
 -0.00260792   0.00810615    -0.00650596  -0.00052262    -0.00024438   0.00079014
  0.00689423  -0.01685637    -0.00569803   0.00569803    -0.01685637   0.00689423
 -0.00079014   0.00024438    -0.00052262  -0.00650596    -0.00810615   0.00260792
    4    2
 -0.00782374   0.02055650    -0.00230886   0.02254723    -0.00944562   0.00699087
  0.00329648  -0.00784642     0.00998938   0.01422873    -0.00447987  -0.00462627
 -0.00513892   0.00391322    -0.00574670  -0.00725749    -0.00421630   0.00974894
    4    3
 -0.01291783  -0.00057019     0.02984877  -0.00694513     0.00706405  -0.01135631
  0.03159463  -0.00663118    -0.01519027   0.00323104    -0.00565581   0.00187260
  0.00550263  -0.00218820    -0.01079952   0.01002800    -0.00020318  -0.01749741
    4    4
  0.04514781   0.00000000    -0.00575978  -0.00058811    -0.00541742  -0.00168421
 -0.00575978   0.00058811     0.04743025  -0.00000000     0.00575978   0.00058811
 -0.00541742   0.00168421     0.00575978  -0.00058811     0.04514781  -0.00000000
    4    5
  0.00894919   0.01586409     0.00115581   0.00783691    -0.00708263  -0.00708263
  0.00115581   0.00783691    -0.01638202  -0.01638202    -0.00783691  -0.00115581
 -0.00708263  -0.00708263    -0.00783691  -0.00115581     0.01586409   0.00894919
    4    6
  0.00020318  -0.01749741    -0.01079952  -0.01002800    -0.00550263  -0.00218820
 -0.00565581  -0.00187260     0.01519027   0.00323104     0.03159463   0.00663118
 -0.00706405  -0.01135631     0.02984877   0.00694513     0.01291783  -0.00057019
    4    7
 -0.00974894   0.00421630    -0.00725749  -0.00574670    -0.00391322   0.00513892
 -0.00462627  -0.00447987    -0.01422873  -0.00998938    -0.00784642   0.00329648
 -0.00699087   0.00944562     0.02254723  -0.00230886    -0.02055650   0.00782374
    5    1
  0.00388784  -0.00757599    -0.00496996  -0.00423086     0.00038591  -0.00073151
 -0.00704430   0.01679421     0.00000000  -0.00805824    -0.00704430  -0.01679421
 -0.00038591  -0.00073151    -0.00496996   0.00423086    -0.00388784  -0.00757599
    5    2
 -0.01291783   0.00057019     0.02984877   0.00694513     0.00706405   0.01135631
  0.03159463   0.00663118    -0.01519027  -0.00323104    -0.00565581  -0.00187260
  0.00550263   0.00218820    -0.01079952  -0.01002800    -0.00020318   0.01749741
    5    3
 -0.00782374  -0.02055650    -0.00230886  -0.02254723    -0.00944562  -0.00699087
  0.00329648   0.00784642     0.00998938  -0.01422873    -0.00447987   0.00462627
 -0.00513892  -0.00391322    -0.00574670   0.00725749    -0.00421630  -0.00974894
    5    4
  0.00894919  -0.01586409     0.00115581  -0.00783691    -0.00708263   0.00708263
  0.00115581  -0.00783691    -0.01638202   0.01638202    -0.00783691   0.00115581
 -0.00708263   0.00708263    -0.00783691   0.00115581     0.01586409  -0.00894919
    5    5
  0.04514781  -0.00000000    -0.00575978   0.00058811    -0.00541742   0.00168421
 -0.00575978  -0.00058811     0.04743025   0.00000000     0.00575978  -0.00058811
 -0.00541742  -0.00168421     0.00575978   0.00058811     0.04514781   0.00000000
    5    6
 -0.00974894  -0.00421630    -0.00725749   0.00574670    -0.00391322  -0.00513892
 -0.00462627   0.00447987    -0.01422873   0.00998938    -0.00784642  -0.00329648
 -0.00699087  -0.00944562     0.02254723   0.00230886    -0.02055650  -0.00782374
    5    7
  0.00020318   0.01749741    -0.01079952   0.01002800    -0.00550263   0.00218820
 -0.00565581   0.00187260     0.01519027  -0.00323104     0.03159463  -0.00663118
 -0.00706405   0.01135631     0.02984877  -0.00694513     0.01291783   0.00057019
    6    1
  0.00783283  -0.00372386    -0.00527131  -0.00402869    -0.01035764  -0.00441034
  0.00391029  -0.00741810    -0.00597106  -0.00228946    -0.00669126   0.00896685
  0.00212676  -0.00502595    -0.00668033  -0.00457854    -0.01158948   0.00387321
    6    2
 -0.02049635  -0.01457897    -0.00861160   0.00146833    -0.01978654  -0.01978654
 -0.00273504  -0.00831036    -0.00594245  -0.00594245    -0.00146833   0.00861160
 -0.00613805  -0.00613805     0.00831036   0.00273504    -0.01457897  -0.02049635
    6    3
 -0.01235035   0.00412506     0.00679127   0.00637942     0.03175798   0.00928749
  0.00463291  -0.00882191    -0.01346475   0.01706121    -0.00679127  -0.00637942
  0.02892838   0.00256176    -0.00463291   0.00882191    -0.01235035   0.00412506
    6    4
  0.00020318   0.01749741    -0.00565581   0.00187260    -0.00706405   0.01135631
 -0.01079952   0.01002800     0.01519027  -0.00323104     0.02984877  -0.00694513
 -0.00550263   0.00218820     0.03159463  -0.00663118     0.01291783   0.00057019
    6    5
 -0.00974894   0.00421630    -0.00462627  -0.00447987    -0.00699087   0.00944562
 -0.00725749  -0.00574670    -0.01422873  -0.00998938     0.02254723  -0.00230886
 -0.00391322   0.00513892    -0.00784642   0.00329648    -0.02055650   0.00782374
    6    6
  0.04868690  -0.00000000    -0.00707467   0.00249955     0.00110237   0.00158756
 -0.00707467  -0.00249955     0.03927300  -0.00000000     0.00711233  -0.00069418
  0.00110237  -0.00158756     0.00711233   0.00069418     0.06035224  -0.00000000
    6    7
 -0.00216883  -0.02025886    -0.00319545   0.00975413    -0.00220149  -0.01052823
 -0.00319545   0.00975413     0.01642433  -0.01149759    -0.00783453   0.00248779
 -0.00220149  -0.01052823    -0.00783453   0.00248779    -0.00250169   0.01619102
    7    1
  0.00290548   0.00817182    -0.00657609  -0.00087867    -0.01044254  -0.00420538
 -0.00248039   0.00801038    -0.00584107  -0.00260329     0.00160909  -0.01107196
 -0.00205003   0.00505773    -0.00796122  -0.00148619    -0.00545623  -0.01093377
    7    2
 -0.01235035  -0.00412506     0.00679127  -0.00637942     0.03175798  -0.00928749
  0.00463291   0.00882191    -0.01346475  -0.01706121    -0.00679127   0.00637942
  0.02892838  -0.00256176    -0.00463291  -0.00882191    -0.01235035  -0.00412506
    7    3
 -0.02049635   0.01457897    -0.00861160  -0.00146833    -0.01978654   0.01978654
 -0.00273504   0.00831036    -0.00594245   0.00594245    -0.00146833  -0.00861160
 -0.00613805   0.00613805     0.00831036  -0.00273504    -0.01457897   0.02049635
    7    4
 -0.00974894  -0.00421630    -0.00462627   0.00447987    -0.00699087  -0.00944562
 -0.00725749   0.00574670    -0.01422873   0.00998938     0.02254723   0.00230886
 -0.00391322  -0.00513892    -0.00784642  -0.00329648    -0.02055650  -0.00782374
    7    5
  0.00020318  -0.01749741    -0.00565581  -0.00187260    -0.00706405  -0.01135631
 -0.01079952  -0.01002800     0.01519027   0.00323104     0.02984877   0.00694513
 -0.00550263  -0.00218820     0.03159463   0.00663118     0.01291783  -0.00057019
    7    6
 -0.00216883   0.02025886    -0.00319545  -0.00975413    -0.00220149   0.01052823
 -0.00319545  -0.00975413     0.01642433   0.01149759    -0.00783453  -0.00248779
 -0.00220149   0.01052823    -0.00783453  -0.00248779    -0.00250169  -0.01619102
    7    7
  0.04868690   0.00000000    -0.00707467  -0.00249955     0.00110237  -0.00158756
 -0.00707467   0.00249955     0.03927300   0.00000000     0.00711233   0.00069418
  0.00110237   0.00158756     0.00711233  -0.00069418     0.06035224   0.00000000

     Dynamical  Matrix in cartesian axes

     q = (    0.324759526   0.216506351   0.324759526 ) 

    1    1
  0.06483036   0.00000000     0.00421620   0.00000000     0.00694821   0.00000000
  0.00421620   0.00000000     0.04056632   0.00000000     0.00421620   0.00000000
  0.00694821   0.00000000     0.00421620   0.00000000     0.06483036   0.00000000
    1    2
  0.01158948  -0.00387321     0.00669126  -0.00896685    -0.01035764  -0.00441034
  0.00668033   0.00457854     0.00597106   0.00228946    -0.00527131  -0.00402869
  0.00212676  -0.00502595     0.00391029  -0.00741810    -0.00783283   0.00372386
    1    3
 -0.01158948  -0.00387321    -0.00669126  -0.00896685     0.01035764  -0.00441034
 -0.00668033   0.00457854    -0.00597106   0.00228946     0.00527131  -0.00402869
 -0.00212676  -0.00502595    -0.00391029  -0.00741810     0.00783283   0.00372386
    1    4
 -0.00388784   0.00757599    -0.00704430   0.01679421    -0.00038591  -0.00073151
 -0.00496996  -0.00423086    -0.00000000   0.00805824     0.00496996  -0.00423086
  0.00038591  -0.00073151     0.00704430   0.01679421     0.00388784   0.00757599
    1    5
  0.00388784   0.00757599     0.00704430   0.01679421     0.00038591  -0.00073151
  0.00496996  -0.00423086    -0.00000000   0.00805824    -0.00496996  -0.00423086
 -0.00038591  -0.00073151    -0.00704430   0.01679421    -0.00388784   0.00757599
    1    6
  0.00783283   0.00372386    -0.00391029  -0.00741810    -0.00212676  -0.00502595
  0.00527131  -0.00402869    -0.00597106   0.00228946    -0.00668033   0.00457854
  0.01035764  -0.00441034    -0.00669126  -0.00896685    -0.01158948  -0.00387321
    1    7
 -0.00783283   0.00372386     0.00391029  -0.00741810     0.00212676  -0.00502595
 -0.00527131  -0.00402869     0.00597106   0.00228946     0.00668033   0.00457854
 -0.01035764  -0.00441034     0.00669126  -0.00896685     0.01158948  -0.00387321
    2    1
  0.01158948   0.00387321     0.00668033  -0.00457854     0.00212676   0.00502595
  0.00669126   0.00896685     0.00597106  -0.00228946     0.00391029   0.00741810
 -0.01035764   0.00441034    -0.00527131   0.00402869    -0.00783283  -0.00372386
    2    2
  0.06035224   0.00000000     0.00711233  -0.00069418    -0.00110237  -0.00158756
  0.00711233   0.00069418     0.03927300   0.00000000     0.00707467  -0.00249955
 -0.00110237   0.00158756     0.00707467   0.00249955     0.04868690   0.00000000
    2    3
  0.01321774   0.00967981     0.00729899  -0.00378072     0.00588790   0.00900127
  0.00729899  -0.00378072    -0.01974378   0.00348374    -0.00915674  -0.00463769
  0.00588790   0.00900127    -0.00915674  -0.00463769    -0.01279158  -0.01585877
    2    4
 -0.00873110   0.00953747    -0.02702973   0.01765183    -0.00543823   0.00234365
 -0.02601722   0.01619532    -0.01302583   0.00845646    -0.01472728   0.00054555
 -0.01302516  -0.00303509    -0.00532339   0.00267513     0.01222886   0.01251621
    2    5
 -0.02055650  -0.00782374    -0.00784642  -0.00329648     0.00391322   0.00513892
  0.02254723   0.00230886    -0.01422873   0.00998938     0.00725749  -0.00574670
  0.00699087   0.00944562     0.00462627  -0.00447987    -0.00974894  -0.00421630
    2    6
  0.00412506  -0.01235035     0.00882191  -0.00463291    -0.00256176  -0.02892838
 -0.00637942  -0.00679127     0.01706121  -0.01346475     0.00882191  -0.00463291
 -0.00928749  -0.03175798    -0.00637942  -0.00679127     0.00412506  -0.01235035
    2    7
 -0.02480199   0.00418422     0.00781028   0.00394235     0.00868051   0.00000000
  0.00505106  -0.00712759    -0.00840389  -0.00000000     0.00781028  -0.00394235
  0.02798239   0.00000000     0.00505106   0.00712759    -0.02480199  -0.00418422
    3    1
 -0.01158948   0.00387321    -0.00668033  -0.00457854    -0.00212676   0.00502595
 -0.00669126   0.00896685    -0.00597106  -0.00228946    -0.00391029   0.00741810
  0.01035764   0.00441034     0.00527131   0.00402869     0.00783283  -0.00372386
    3    2
  0.01321774  -0.00967981     0.00729899   0.00378072     0.00588790  -0.00900127
  0.00729899   0.00378072    -0.01974378  -0.00348374    -0.00915674   0.00463769
  0.00588790  -0.00900127    -0.00915674   0.00463769    -0.01279158   0.01585877
    3    3
  0.06035224  -0.00000000     0.00711233   0.00069418    -0.00110237   0.00158756
  0.00711233  -0.00069418     0.03927300  -0.00000000     0.00707467   0.00249955
 -0.00110237  -0.00158756     0.00707467  -0.00249955     0.04868690  -0.00000000
    3    4
 -0.02055650   0.00782374    -0.00784642   0.00329648     0.00391322  -0.00513892
  0.02254723  -0.00230886    -0.01422873  -0.00998938     0.00725749   0.00574670
  0.00699087  -0.00944562     0.00462627   0.00447987    -0.00974894   0.00421630
    3    5
 -0.00873110  -0.00953747    -0.02702973  -0.01765183    -0.00543823  -0.00234365
 -0.02601722  -0.01619532    -0.01302583  -0.00845646    -0.01472728  -0.00054555
 -0.01302516   0.00303509    -0.00532339  -0.00267513     0.01222886  -0.01251621
    3    6
 -0.02480199  -0.00418422     0.00781028  -0.00394235     0.00868051  -0.00000000
  0.00505106   0.00712759    -0.00840389   0.00000000     0.00781028   0.00394235
  0.02798239  -0.00000000     0.00505106  -0.00712759    -0.02480199   0.00418422
    3    7
  0.00412506   0.01235035     0.00882191   0.00463291    -0.00256176   0.02892838
 -0.00637942   0.00679127     0.01706121   0.01346475     0.00882191   0.00463291
 -0.00928749   0.03175798    -0.00637942   0.00679127     0.00412506   0.01235035
    4    1
 -0.00388784  -0.00757599    -0.00496996   0.00423086     0.00038591   0.00073151
 -0.00704430  -0.01679421    -0.00000000  -0.00805824     0.00704430  -0.01679421
 -0.00038591   0.00073151     0.00496996   0.00423086     0.00388784  -0.00757599
    4    2
 -0.00873110  -0.00953747    -0.02601722  -0.01619532    -0.01302516   0.00303509
 -0.02702973  -0.01765183    -0.01302583  -0.00845646    -0.00532339  -0.00267513
 -0.00543823  -0.00234365    -0.01472728  -0.00054555     0.01222886  -0.01251621
    4    3
 -0.02055650  -0.00782374     0.02254723   0.00230886     0.00699087   0.00944562
 -0.00784642  -0.00329648    -0.01422873   0.00998938     0.00462627  -0.00447987
  0.00391322   0.00513892     0.00725749  -0.00574670    -0.00974894  -0.00421630
    4    4
  0.04514781   0.00000000     0.00575978   0.00058811     0.00541742   0.00168421
  0.00575978  -0.00058811     0.04743025   0.00000000     0.00575978   0.00058811
  0.00541742  -0.00168421     0.00575978  -0.00058811     0.04514781  -0.00000000
    4    5
 -0.01754563  -0.00488957     0.00635881   0.00472425    -0.01001636   0.00000000
  0.00635881   0.00472425     0.02316767   0.00000000     0.00635881  -0.00472425
 -0.01001636  -0.00000000     0.00635881  -0.00472425    -0.01754563   0.00488957
    4    6
  0.01222886   0.01251621    -0.01472728   0.00054555    -0.00543823   0.00234365
 -0.00532339   0.00267513    -0.01302583   0.00845646    -0.02702973   0.01765183
 -0.01302516  -0.00303509    -0.02601722   0.01619532    -0.00873110   0.00953747
    4    7
 -0.00974894   0.00421630     0.00725749   0.00574670     0.00391322  -0.00513892
  0.00462627   0.00447987    -0.01422873  -0.00998938    -0.00784642   0.00329648
  0.00699087  -0.00944562     0.02254723  -0.00230886    -0.02055650   0.00782374
    5    1
  0.00388784  -0.00757599     0.00496996   0.00423086    -0.00038591   0.00073151
  0.00704430  -0.01679421    -0.00000000  -0.00805824    -0.00704430  -0.01679421
  0.00038591   0.00073151    -0.00496996   0.00423086    -0.00388784  -0.00757599
    5    2
 -0.02055650   0.00782374     0.02254723  -0.00230886     0.00699087  -0.00944562
 -0.00784642   0.00329648    -0.01422873  -0.00998938     0.00462627   0.00447987
  0.00391322  -0.00513892     0.00725749   0.00574670    -0.00974894   0.00421630
    5    3
 -0.00873110   0.00953747    -0.02601722   0.01619532    -0.01302516  -0.00303509
 -0.02702973   0.01765183    -0.01302583   0.00845646    -0.00532339   0.00267513
 -0.00543823   0.00234365    -0.01472728   0.00054555     0.01222886   0.01251621
    5    4
 -0.01754563   0.00488957     0.00635881  -0.00472425    -0.01001636   0.00000000
  0.00635881  -0.00472425     0.02316767   0.00000000     0.00635881   0.00472425
 -0.01001636   0.00000000     0.00635881   0.00472425    -0.01754563  -0.00488957
    5    5
  0.04514781  -0.00000000     0.00575978  -0.00058811     0.00541742  -0.00168421
  0.00575978   0.00058811     0.04743025  -0.00000000     0.00575978  -0.00058811
  0.00541742   0.00168421     0.00575978   0.00058811     0.04514781   0.00000000
    5    6
 -0.00974894  -0.00421630     0.00725749  -0.00574670     0.00391322   0.00513892
  0.00462627  -0.00447987    -0.01422873   0.00998938    -0.00784642  -0.00329648
  0.00699087   0.00944562     0.02254723   0.00230886    -0.02055650  -0.00782374
    5    7
  0.01222886  -0.01251621    -0.01472728  -0.00054555    -0.00543823  -0.00234365
 -0.00532339  -0.00267513    -0.01302583  -0.00845646    -0.02702973  -0.01765183
 -0.01302516   0.00303509    -0.02601722  -0.01619532    -0.00873110  -0.00953747
    6    1
  0.00783283  -0.00372386     0.00527131   0.00402869     0.01035764   0.00441034
 -0.00391029   0.00741810    -0.00597106  -0.00228946    -0.00669126   0.00896685
 -0.00212676   0.00502595    -0.00668033  -0.00457854    -0.01158948   0.00387321
    6    2
  0.00412506   0.01235035    -0.00637942   0.00679127    -0.00928749   0.03175798
  0.00882191   0.00463291     0.01706121   0.01346475    -0.00637942   0.00679127
 -0.00256176   0.02892838     0.00882191   0.00463291     0.00412506   0.01235035
    6    3
 -0.02480199   0.00418422     0.00505106  -0.00712759     0.02798239   0.00000000
  0.00781028   0.00394235    -0.00840389  -0.00000000     0.00505106   0.00712759
  0.00868051   0.00000000     0.00781028  -0.00394235    -0.02480199  -0.00418422
    6    4
  0.01222886  -0.01251621    -0.00532339  -0.00267513    -0.01302516   0.00303509
 -0.01472728  -0.00054555    -0.01302583  -0.00845646    -0.02601722  -0.01619532
 -0.00543823  -0.00234365    -0.02702973  -0.01765183    -0.00873110  -0.00953747
    6    5
 -0.00974894   0.00421630     0.00462627   0.00447987     0.00699087  -0.00944562
  0.00725749   0.00574670    -0.01422873  -0.00998938     0.02254723  -0.00230886
  0.00391322  -0.00513892    -0.00784642   0.00329648    -0.02055650   0.00782374
    6    6
  0.04868690  -0.00000000     0.00707467  -0.00249955    -0.00110237  -0.00158756
  0.00707467   0.00249955     0.03927300  -0.00000000     0.00711233  -0.00069418
 -0.00110237   0.00158756     0.00711233   0.00069418     0.06035224  -0.00000000
    6    7
 -0.01279158   0.01585877    -0.00915674   0.00463769     0.00588790  -0.00900127
 -0.00915674   0.00463769    -0.01974378  -0.00348374     0.00729899   0.00378072
  0.00588790  -0.00900127     0.00729899   0.00378072     0.01321774  -0.00967981
    7    1
 -0.00783283  -0.00372386    -0.00527131   0.00402869    -0.01035764   0.00441034
  0.00391029   0.00741810     0.00597106  -0.00228946     0.00669126   0.00896685
  0.00212676   0.00502595     0.00668033  -0.00457854     0.01158948   0.00387321
    7    2
 -0.02480199  -0.00418422     0.00505106   0.00712759     0.02798239  -0.00000000
  0.00781028  -0.00394235    -0.00840389   0.00000000     0.00505106  -0.00712759
  0.00868051  -0.00000000     0.00781028   0.00394235    -0.02480199   0.00418422
    7    3
  0.00412506  -0.01235035    -0.00637942  -0.00679127    -0.00928749  -0.03175798
  0.00882191  -0.00463291     0.01706121  -0.01346475    -0.00637942  -0.00679127
 -0.00256176  -0.02892838     0.00882191  -0.00463291     0.00412506  -0.01235035
    7    4
 -0.00974894  -0.00421630     0.00462627  -0.00447987     0.00699087   0.00944562
  0.00725749  -0.00574670    -0.01422873   0.00998938     0.02254723   0.00230886
  0.00391322   0.00513892    -0.00784642  -0.00329648    -0.02055650  -0.00782374
    7    5
  0.01222886   0.01251621    -0.00532339   0.00267513    -0.01302516  -0.00303509
 -0.01472728   0.00054555    -0.01302583   0.00845646    -0.02601722   0.01619532
 -0.00543823   0.00234365    -0.02702973   0.01765183    -0.00873110   0.00953747
    7    6
 -0.01279158  -0.01585877    -0.00915674  -0.00463769     0.00588790   0.00900127
 -0.00915674  -0.00463769    -0.01974378   0.00348374     0.00729899  -0.00378072
  0.00588790   0.00900127     0.00729899  -0.00378072     0.01321774   0.00967981
    7    7
  0.04868690   0.00000000     0.00707467   0.00249955    -0.00110237   0.00158756
  0.00707467  -0.00249955     0.03927300   0.00000000     0.00711233   0.00069418
 -0.00110237  -0.00158756     0.00711233  -0.00069418     0.06035224   0.00000000

     Dynamical  Matrix in cartesian axes

     q = (    0.324759526  -0.324759526   0.216506351 ) 

    1    1
  0.06483036   0.00000000    -0.00694821   0.00000000     0.00421620   0.00000000
 -0.00694821   0.00000000     0.06483036   0.00000000    -0.00421620   0.00000000
  0.00421620   0.00000000    -0.00421620   0.00000000     0.04056632   0.00000000
    1    2
 -0.01158948  -0.00387321    -0.01035764   0.00441034    -0.00669126  -0.00896685
  0.00212676   0.00502595     0.00783283   0.00372386     0.00391029   0.00741810
 -0.00668033   0.00457854    -0.00527131   0.00402869    -0.00597106   0.00228946
    1    3
 -0.00545623   0.01093377    -0.01044254   0.00420538     0.00160909   0.01107196
 -0.00205003  -0.00505773     0.00290548  -0.00817182    -0.00248039  -0.00801038
 -0.00796122   0.00148619    -0.00657609   0.00087867    -0.00584107   0.00260329
    1    4
  0.00290548   0.00817182    -0.00205003   0.00505773     0.00248039  -0.00801038
 -0.01044254  -0.00420538    -0.00545623  -0.01093377    -0.00160909   0.01107196
  0.00657609   0.00087867     0.00796122   0.00148619    -0.00584107  -0.00260329
    1    5
 -0.00372386  -0.00783283    -0.00502595  -0.00212676     0.00741810   0.00391029
 -0.00441034   0.01035764     0.00387321   0.01158948    -0.00896685  -0.00669126
  0.00402869  -0.00527131     0.00457854  -0.00668033    -0.00228946   0.00597106
    1    6
 -0.00810615  -0.00260792    -0.00024438  -0.00079014    -0.01685637  -0.00689423
 -0.00079014  -0.00024438    -0.00260792  -0.00810615     0.00689423   0.01685637
 -0.00052262   0.00650596    -0.00650596   0.00052262    -0.00569803  -0.00569803
    1    7
 -0.00388784   0.00757599     0.00038591   0.00073151    -0.00704430   0.01679421
 -0.00038591   0.00073151     0.00388784   0.00757599    -0.00704430  -0.01679421
