  1.000000000000000E-002   1.26045764302382        2.13065582614097     
          24

     Dynamical  Matrix in cartesian axes

     q = (    0.433012700   0.324759500   0.324759500 ) 

    1    1
  0.05171672   0.00000000    -0.00815485   0.00000000    -0.00815485   0.00000000
 -0.00815485   0.00000000     0.04013640   0.00000000     0.00303340   0.00000000
 -0.00815485   0.00000000     0.00303340   0.00000000     0.04013640   0.00000000
    1    2
  0.00097748   0.00235986     0.00132880  -0.00736467    -0.00614721  -0.00426800
 -0.00940636   0.00102897    -0.00079205  -0.00814909     0.00369562  -0.00067244
  0.00737889  -0.00592371    -0.00308868   0.00213771    -0.00520221  -0.00632234
    1    3
  0.00097748   0.00235986    -0.00614721  -0.00426800     0.00132880  -0.00736467
  0.00737889  -0.00592371    -0.00520221  -0.00632234    -0.00308868   0.00213771
 -0.00940636   0.00102897     0.00369562  -0.00067244    -0.00079205  -0.00814909
    1    4
 -0.00342794  -0.00243239     0.00015889  -0.00501234    -0.00260723   0.00687988
 -0.00652499  -0.00913744     0.01127033  -0.00230625     0.00293242  -0.00067395
  0.00315849  -0.00048306     0.00534912   0.00178616     0.00648970   0.00165680
    1    5
  0.00070396  -0.00414388    -0.00365661  -0.00343191     0.00670840   0.00302122
 -0.00184728  -0.01107501    -0.00960009   0.00633856    -0.00255009   0.00159698
 -0.00257497   0.00189181    -0.00251939   0.00504540    -0.00341738   0.00576044
    1    6
  0.00070396  -0.00414388     0.00670840   0.00302122    -0.00365661  -0.00343191
 -0.00257497   0.00189181    -0.00341738   0.00576044    -0.00251939   0.00504540
 -0.00184728  -0.01107501    -0.00255009   0.00159698    -0.00960009   0.00633856
    1    7
 -0.00342794  -0.00243239    -0.00260723   0.00687988     0.00015889  -0.00501234
  0.00315849  -0.00048306     0.00648970   0.00165680     0.00534912   0.00178616
 -0.00652499  -0.00913744     0.00293242  -0.00067395     0.01127033  -0.00230625
    2    1
  0.00097748  -0.00235986    -0.00940636  -0.00102897     0.00737889   0.00592371
  0.00132880   0.00736467    -0.00079205   0.00814909    -0.00308868  -0.00213771
 -0.00614721   0.00426800     0.00369562   0.00067244    -0.00520221   0.00632234
    2    2
  0.05092374   0.00000000     0.00526915   0.01114716     0.00526915  -0.01114716
  0.00526915  -0.01114716     0.03384030   0.00000000     0.00678370  -0.00344746
  0.00526915   0.01114716     0.00678370   0.00344746     0.03384030   0.00000000
    2    3
 -0.00189283   0.00000000     0.00094641   0.00588152     0.00094641  -0.00588152
  0.00094641   0.00588152    -0.00717518   0.01407216    -0.00838647   0.00000000
  0.00094641  -0.00588152    -0.00838647   0.00000000    -0.00717518  -0.01407216
    2    4
 -0.00308007   0.02161234    -0.00451909   0.02494720     0.00139088   0.00160429
  0.00032587   0.02076637     0.00881422   0.01241450    -0.01175048   0.00250372
 -0.01149727   0.00620726    -0.00465373   0.00588999     0.00533397   0.00770980
    2    5
 -0.00983348   0.00678083     0.00737121  -0.00453228     0.00024946   0.00200538
  0.02749855   0.00681158    -0.00180333   0.00017284     0.00490843  -0.00613245
  0.00212653   0.00352211     0.00095530   0.00283559    -0.01435056  -0.00249707
    2    6
 -0.00308007  -0.02161234     0.00139088  -0.00160429    -0.00451909  -0.02494720
 -0.01149727  -0.00620726     0.00533397  -0.00770980    -0.00465373  -0.00588999
  0.00032587  -0.02076637    -0.01175048  -0.00250372     0.00881422  -0.01241450
    2    7
 -0.00983348  -0.00678083     0.00024946  -0.00200538     0.00737121   0.00453228
  0.00212653  -0.00352211    -0.01435056   0.00249707     0.00095530  -0.00283559
  0.02749855  -0.00681158     0.00490843   0.00613245    -0.00180333  -0.00017284
    3    1
  0.00097748  -0.00235986     0.00737889   0.00592371    -0.00940636  -0.00102897
 -0.00614721   0.00426800    -0.00520221   0.00632234     0.00369562   0.00067244
  0.00132880   0.00736467    -0.00308868  -0.00213771    -0.00079205   0.00814909
    3    2
 -0.00189283   0.00000000     0.00094641  -0.00588152     0.00094641   0.00588152
  0.00094641  -0.00588152    -0.00717518  -0.01407216    -0.00838647  -0.00000000
  0.00094641   0.00588152    -0.00838647  -0.00000000    -0.00717518   0.01407216
    3    3
  0.05092374  -0.00000000     0.00526915  -0.01114716     0.00526915   0.01114716
  0.00526915   0.01114716     0.03384030  -0.00000000     0.00678370   0.00344746
  0.00526915  -0.01114716     0.00678370  -0.00344746     0.03384030  -0.00000000
    3    4
 -0.00983348  -0.00678083     0.00737121   0.00453228     0.00024946  -0.00200538
  0.02749855  -0.00681158    -0.00180333  -0.00017284     0.00490843   0.00613245
  0.00212653  -0.00352211     0.00095530  -0.00283559    -0.01435056   0.00249707
    3    5
 -0.00308007  -0.02161234    -0.00451909  -0.02494720     0.00139088  -0.00160429
  0.00032587  -0.02076637     0.00881422  -0.01241450    -0.01175048  -0.00250372
 -0.01149727  -0.00620726    -0.00465373  -0.00588999     0.00533397  -0.00770980
    3    6
 -0.00983348   0.00678083     0.00024946   0.00200538     0.00737121  -0.00453228
  0.00212653   0.00352211    -0.01435056  -0.00249707     0.00095530   0.00283559
  0.02749855   0.00681158     0.00490843  -0.00613245    -0.00180333   0.00017284
    3    7
 -0.00308007   0.02161234     0.00139088   0.00160429    -0.00451909   0.02494720
 -0.01149727   0.00620726     0.00533397   0.00770980    -0.00465373   0.00588999
  0.00032587   0.02076637    -0.01175048   0.00250372     0.00881422   0.01241450
    4    1
 -0.00342794   0.00243239    -0.00652499   0.00913744     0.00315849   0.00048306
  0.00015889   0.00501234     0.01127033   0.00230625     0.00534912  -0.00178616
 -0.00260723  -0.00687988     0.00293242   0.00067395     0.00648970  -0.00165680
    4    2
 -0.00308007  -0.02161234     0.00032587  -0.02076637    -0.01149727  -0.00620726
 -0.00451909  -0.02494720     0.00881422  -0.01241450    -0.00465373  -0.00588999
  0.00139088  -0.00160429    -0.01175048  -0.00250372     0.00533397  -0.00770980
    4    3
 -0.00983348   0.00678083     0.02749855   0.00681158     0.00212653   0.00352211
  0.00737121  -0.00453228    -0.00180333   0.00017284     0.00095530   0.00283559
  0.00024946   0.00200538     0.00490843  -0.00613245    -0.01435056  -0.00249707
    4    4
  0.04014494   0.00000000     0.00732758  -0.00372799     0.00357165   0.00415230
  0.00732758   0.00372799     0.02959917   0.00000000     0.00033018   0.00212467
  0.00357165  -0.00415230     0.00033018  -0.00212467     0.03233730   0.00000000
    4    5
  0.00608582  -0.01143052     0.00316738  -0.00463302    -0.01148103  -0.00503421
  0.00316738  -0.00463302    -0.00445863  -0.00194154     0.00449651  -0.00281813
 -0.01148103  -0.00503421     0.00449651  -0.00281813    -0.01461091   0.00884424
    4    6
 -0.00415265   0.00595175    -0.00997991  -0.00429463    -0.00980258   0.00686700
 -0.00980258   0.00686700    -0.00221929   0.00226852    -0.01880954   0.00680540
 -0.00997991  -0.00429463    -0.01983224   0.01578287    -0.00221929   0.00226852
    4    7
 -0.01116090  -0.00000000     0.00207973   0.01177687    -0.00123202  -0.00149822
 -0.00123202   0.00149822    -0.00850829   0.00170836     0.00569884   0.00000000
  0.00207973  -0.01177687     0.02151052   0.00000000    -0.00850829  -0.00170836
    5    1
  0.00070396   0.00414388    -0.00184728   0.01107501    -0.00257497  -0.00189181
 -0.00365661   0.00343191    -0.00960009  -0.00633856    -0.00251939  -0.00504540
  0.00670840  -0.00302122    -0.00255009  -0.00159698    -0.00341738  -0.00576044
    5    2
 -0.00983348  -0.00678083     0.02749855  -0.00681158     0.00212653  -0.00352211
  0.00737121   0.00453228    -0.00180333  -0.00017284     0.00095530  -0.00283559
  0.00024946  -0.00200538     0.00490843   0.00613245    -0.01435056   0.00249707
    5    3
 -0.00308007   0.02161234     0.00032587   0.02076637    -0.01149727   0.00620726
 -0.00451909   0.02494720     0.00881422   0.01241450    -0.00465373   0.00588999
  0.00139088   0.00160429    -0.01175048   0.00250372     0.00533397   0.00770980
    5    4
  0.00608582   0.01143052     0.00316738   0.00463302    -0.01148103   0.00503421
  0.00316738   0.00463302    -0.00445863   0.00194154     0.00449651   0.00281813
 -0.01148103   0.00503421     0.00449651   0.00281813    -0.01461091  -0.00884424
    5    5
  0.04014494  -0.00000000     0.00732758   0.00372799     0.00357165  -0.00415230
  0.00732758  -0.00372799     0.02959917  -0.00000000     0.00033018  -0.00212467
  0.00357165   0.00415230     0.00033018   0.00212467     0.03233730  -0.00000000
    5    6
 -0.01116090  -0.00000000     0.00207973  -0.01177687    -0.00123202   0.00149822
 -0.00123202  -0.00149822    -0.00850829  -0.00170836     0.00569884   0.00000000
  0.00207973   0.01177687     0.02151052   0.00000000    -0.00850829   0.00170836
    5    7
 -0.00415265  -0.00595175    -0.00997991   0.00429463    -0.00980258  -0.00686700
 -0.00980258  -0.00686700    -0.00221929  -0.00226852    -0.01880954  -0.00680540
 -0.00997991   0.00429463    -0.01983224  -0.01578287    -0.00221929  -0.00226852
    6    1
  0.00070396   0.00414388    -0.00257497  -0.00189181    -0.00184728   0.01107501
  0.00670840  -0.00302122    -0.00341738  -0.00576044    -0.00255009  -0.00159698
 -0.00365661   0.00343191    -0.00251939  -0.00504540    -0.00960009  -0.00633856
    6    2
 -0.00308007   0.02161234    -0.01149727   0.00620726     0.00032587   0.02076637
  0.00139088   0.00160429     0.00533397   0.00770980    -0.01175048   0.00250372
 -0.00451909   0.02494720    -0.00465373   0.00588999     0.00881422   0.01241450
    6    3
 -0.00983348  -0.00678083     0.00212653  -0.00352211     0.02749855  -0.00681158
  0.00024946  -0.00200538    -0.01435056   0.00249707     0.00490843   0.00613245
  0.00737121   0.00453228     0.00095530  -0.00283559    -0.00180333  -0.00017284
    6    4
 -0.00415265  -0.00595175    -0.00980258  -0.00686700    -0.00997991   0.00429463
 -0.00997991   0.00429463    -0.00221929  -0.00226852    -0.01983224  -0.01578287
 -0.00980258  -0.00686700    -0.01880954  -0.00680540    -0.00221929  -0.00226852
    6    5
 -0.01116090   0.00000000    -0.00123202   0.00149822     0.00207973  -0.01177687
  0.00207973   0.01177687    -0.00850829   0.00170836     0.02151052  -0.00000000
 -0.00123202  -0.00149822     0.00569884  -0.00000000    -0.00850829  -0.00170836
    6    6
  0.04014494  -0.00000000     0.00357165  -0.00415230     0.00732758   0.00372799
  0.00357165   0.00415230     0.03233730  -0.00000000     0.00033018   0.00212467
  0.00732758  -0.00372799     0.00033018  -0.00212467     0.02959917  -0.00000000
    6    7
  0.00608582   0.01143052    -0.01148103   0.00503421     0.00316738   0.00463302
 -0.01148103   0.00503421    -0.01461091  -0.00884424     0.00449651   0.00281813
  0.00316738   0.00463302     0.00449651   0.00281813    -0.00445863   0.00194154
    7    1
 -0.00342794   0.00243239     0.00315849   0.00048306    -0.00652499   0.00913744
 -0.00260723  -0.00687988     0.00648970  -0.00165680     0.00293242   0.00067395
  0.00015889   0.00501234     0.00534912  -0.00178616     0.01127033   0.00230625
    7    2
 -0.00983348   0.00678083     0.00212653   0.00352211     0.02749855   0.00681158
  0.00024946   0.00200538    -0.01435056  -0.00249707     0.00490843  -0.00613245
  0.00737121  -0.00453228     0.00095530   0.00283559    -0.00180333   0.00017284
    7    3
 -0.00308007  -0.02161234    -0.01149727  -0.00620726     0.00032587  -0.02076637
  0.00139088  -0.00160429     0.00533397  -0.00770980    -0.01175048  -0.00250372
 -0.00451909  -0.02494720    -0.00465373  -0.00588999     0.00881422  -0.01241450
    7    4
 -0.01116090  -0.00000000    -0.00123202  -0.00149822     0.00207973   0.01177687
  0.00207973  -0.01177687    -0.00850829  -0.00170836     0.02151052  -0.00000000
 -0.00123202   0.00149822     0.00569884  -0.00000000    -0.00850829   0.00170836
    7    5
 -0.00415265   0.00595175    -0.00980258   0.00686700    -0.00997991  -0.00429463
 -0.00997991  -0.00429463    -0.00221929   0.00226852    -0.01983224   0.01578287
 -0.00980258   0.00686700    -0.01880954   0.00680540    -0.00221929   0.00226852
    7    6
  0.00608582  -0.01143052    -0.01148103  -0.00503421     0.00316738  -0.00463302
 -0.01148103  -0.00503421    -0.01461091   0.00884424     0.00449651  -0.00281813
  0.00316738  -0.00463302     0.00449651  -0.00281813    -0.00445863  -0.00194154
    7    7
  0.04014494   0.00000000     0.00357165   0.00415230     0.00732758  -0.00372799
  0.00357165  -0.00415230     0.03233730   0.00000000     0.00033018  -0.00212467
  0.00732758   0.00372799     0.00033018   0.00212467     0.02959917   0.00000000

     Dynamical  Matrix in cartesian axes

     q = (   -0.433012700   0.324759500  -0.324759500 ) 

    1    1
  0.05171672   0.00000000     0.00815485   0.00000000    -0.00815485   0.00000000
  0.00815485   0.00000000     0.04013640   0.00000000    -0.00303340   0.00000000
 -0.00815485   0.00000000    -0.00303340   0.00000000     0.04013640   0.00000000
    1    2
  0.00097748  -0.00235986    -0.00132880  -0.00736467    -0.00614721   0.00426800
  0.00940636   0.00102897    -0.00079205   0.00814909    -0.00369562  -0.00067244
  0.00737889   0.00592371     0.00308868   0.00213771    -0.00520221   0.00632234
    1    3
 -0.00235986   0.00097748    -0.00736467  -0.00132880     0.00426800  -0.00614721
  0.00102897   0.00940636     0.00814909  -0.00079205    -0.00067244  -0.00369562
  0.00592371   0.00737889     0.00213771   0.00308868     0.00632234  -0.00520221
    1    4
  0.00342794   0.00243239     0.00015889  -0.00501234     0.00260723  -0.00687988
 -0.00652499  -0.00913744    -0.01127033   0.00230625     0.00293242  -0.00067395
 -0.00315849   0.00048306     0.00534912   0.00178616    -0.00648970  -0.00165680
    1    5
  0.00243239   0.00342794    -0.00501234   0.00015889    -0.00687988   0.00260723
 -0.00913744  -0.00652499     0.00230625  -0.01127033    -0.00067395   0.00293242
  0.00048306  -0.00315849     0.00178616   0.00534912    -0.00165680  -0.00648970
    1    6
  0.00243239  -0.00342794     0.00687988   0.00260723     0.00501234   0.00015889
 -0.00048306  -0.00315849    -0.00165680   0.00648970     0.00178616  -0.00534912
  0.00913744  -0.00652499    -0.00067395  -0.00293242     0.00230625   0.01127033
    1    7
 -0.00342794   0.00243239     0.00260723   0.00687988     0.00015889   0.00501234
 -0.00315849  -0.00048306     0.00648970  -0.00165680    -0.00534912   0.00178616
 -0.00652499   0.00913744    -0.00293242  -0.00067395     0.01127033   0.00230625
    2    1
  0.00097748   0.00235986     0.00940636  -0.00102897     0.00737889  -0.00592371
 -0.00132880   0.00736467    -0.00079205  -0.00814909     0.00308868  -0.00213771
 -0.00614721  -0.00426800    -0.00369562   0.00067244    -0.00520221  -0.00632234
    2    2
  0.05092374  -0.00000000    -0.00526915   0.01114716     0.00526915   0.01114716
 -0.00526915  -0.01114716     0.03384030   0.00000000    -0.00678370  -0.00344746
  0.00526915  -0.01114716    -0.00678370   0.00344746     0.03384030   0.00000000
    2    3
  0.00133843   0.00133843     0.00482808  -0.00348965     0.00348965  -0.00482808
  0.00482808  -0.00348965    -0.00487690   0.01502413    -0.00593013  -0.00593013
  0.00348965  -0.00482808    -0.00593013  -0.00593013     0.01502414  -0.00487690
    2    4
 -0.01174809   0.00215855    -0.00841704   0.00200743    -0.00124163  -0.00159441
 -0.01462790   0.02426092    -0.00139736   0.00115293    -0.00780708  -0.00086551
 -0.00098682  -0.00399419     0.00132956   0.00268057    -0.00838168   0.01191307
    2    5
 -0.02161234   0.00308007     0.02494720  -0.00451909    -0.00160429  -0.00139088
  0.02076637   0.00032587    -0.01241450  -0.00881422     0.00250372  -0.01175048
 -0.00620726   0.01149727     0.00588999  -0.00465373    -0.00770980  -0.00533397
    2    6
  0.01746017  -0.01310429    -0.00015090   0.00211791     0.02083582  -0.01444485
 -0.01251899  -0.00374060     0.00167997  -0.00922334    -0.00745553   0.00087416
  0.01445362  -0.01491446    -0.01007924  -0.00653845     0.00254578  -0.01501097
    2    7
 -0.00983348   0.00678083    -0.00024946  -0.00200538     0.00737121  -0.00453228
 -0.00212653  -0.00352211    -0.01435056  -0.00249707    -0.00095530  -0.00283559
  0.02749855   0.00681158    -0.00490843   0.00613245    -0.00180333   0.00017284
    3    1
 -0.00235986  -0.00097748     0.00102897  -0.00940636     0.00592371  -0.00737889
 -0.00736467   0.00132880     0.00814909   0.00079205     0.00213771  -0.00308868
  0.00426800   0.00614721    -0.00067244   0.00369562     0.00632234   0.00520221
    3    2
  0.00133843  -0.00133843     0.00482808   0.00348965     0.00348965   0.00482808
  0.00482808   0.00348965    -0.00487690  -0.01502413    -0.00593013   0.00593013
  0.00348965   0.00482808    -0.00593013   0.00593013     0.01502414   0.00487690
    3    3
  0.05092374  -0.00000000    -0.00526915  -0.01114716     0.00526915  -0.01114716
 -0.00526915   0.01114716     0.03384030   0.00000000    -0.00678370   0.00344746
  0.00526915   0.01114716    -0.00678370  -0.00344746     0.03384030  -0.00000000
    3    4
 -0.02161234  -0.00308007     0.02494720   0.00451909    -0.00160429   0.00139088
  0.02076637  -0.00032587    -0.01241450   0.00881422     0.00250372   0.01175048
 -0.00620726  -0.01149727     0.00588999   0.00465373    -0.00770980   0.00533397
    3    5
 -0.01174809  -0.00215855    -0.00841704  -0.00200743    -0.00124163   0.00159441
 -0.01462790  -0.02426092    -0.00139736  -0.00115293    -0.00780708   0.00086551
 -0.00098682   0.00399419     0.00132956  -0.00268057    -0.00838168  -0.01191307
    3    6
 -0.00983348  -0.00678083    -0.00024946   0.00200538     0.00737121   0.00453228
 -0.00212653   0.00352211    -0.01435056   0.00249707    -0.00095530   0.00283559
  0.02749855  -0.00681158    -0.00490843  -0.00613245    -0.00180333  -0.00017284
    3    7
  0.01746017   0.01310429    -0.00015090  -0.00211791     0.02083582   0.01444485
 -0.01251899   0.00374060     0.00167997   0.00922334    -0.00745553  -0.00087416
  0.01445362   0.01491446    -0.01007924   0.00653845     0.00254578   0.01501097
    4    1
  0.00342794  -0.00243239    -0.00652499   0.00913744    -0.00315849  -0.00048306
  0.00015889   0.00501234    -0.01127033  -0.00230625     0.00534912  -0.00178616
  0.00260723   0.00687988     0.00293242   0.00067395    -0.00648970   0.00165680
    4    2
 -0.01174809  -0.00215855    -0.01462790  -0.02426092    -0.00098682   0.00399419
 -0.00841704  -0.00200743    -0.00139736  -0.00115293     0.00132956  -0.00268057
 -0.00124163   0.00159441    -0.00780708   0.00086551    -0.00838168  -0.01191307
    4    3
 -0.02161234   0.00308007     0.02076637   0.00032587    -0.00620726   0.01149727
  0.02494720  -0.00451909    -0.01241450  -0.00881422     0.00588999  -0.00465373
 -0.00160429  -0.00139088     0.00250372  -0.01175048    -0.00770980  -0.00533397
    4    4
  0.04014494   0.00000000    -0.00732758   0.00372799     0.00357165   0.00415230
 -0.00732758  -0.00372799     0.02959917   0.00000000    -0.00033018  -0.00212467
  0.00357165  -0.00415230    -0.00033018   0.00212467     0.03233730   0.00000000
    4    5
 -0.00377927  -0.01238593     0.00103636   0.00551571    -0.01167804   0.00455859
  0.00103636   0.00551571    -0.00452561   0.00177985    -0.00118679   0.00517223
 -0.01167804   0.00455859    -0.00118679   0.00517223    -0.00407765   0.01658530
    4    6
 -0.00000000   0.01116090    -0.01177687   0.00207973    -0.00149822   0.00123202
 -0.00149822  -0.00123202     0.00170836   0.00850829    -0.00000000   0.00569884
 -0.01177687  -0.00207973    -0.00000000   0.02151052    -0.00170836   0.00850829
    4    7
 -0.00714489   0.00127216     0.00402011   0.01009362    -0.01178717  -0.00207577
  0.01178717   0.00207577    -0.00317336   0.00003482     0.01811250   0.00848821
 -0.00402011  -0.01009362     0.02518368   0.00286333    -0.00317336   0.00003482
    5    1
  0.00243239  -0.00342794    -0.00913744   0.00652499     0.00048306   0.00315849
 -0.00501234  -0.00015889     0.00230625   0.01127033     0.00178616  -0.00534912
 -0.00687988  -0.00260723    -0.00067395  -0.00293242    -0.00165680   0.00648970
    5    2
 -0.02161234  -0.00308007     0.02076637  -0.00032587    -0.00620726  -0.01149727
  0.02494720   0.00451909    -0.01241450   0.00881422     0.00588999   0.00465373
 -0.00160429   0.00139088     0.00250372   0.01175048    -0.00770980   0.00533397
    5    3
 -0.01174809   0.00215855    -0.01462790   0.02426092    -0.00098682  -0.00399419
 -0.00841704   0.00200743    -0.00139736   0.00115293     0.00132956   0.00268057
 -0.00124163  -0.00159441    -0.00780708  -0.00086551    -0.00838168   0.01191307
    5    4
 -0.00377927   0.01238593     0.00103636  -0.00551571    -0.01167804  -0.00455859
  0.00103636  -0.00551571    -0.00452561  -0.00177985    -0.00118679  -0.00517223
 -0.01167804  -0.00455859    -0.00118679  -0.00517223    -0.00407765  -0.01658530
    5    5
  0.04014494   0.00000000    -0.00732758  -0.00372799     0.00357165  -0.00415230
 -0.00732758   0.00372799     0.02959917  -0.00000000    -0.00033018   0.00212467
  0.00357165   0.00415230    -0.00033018  -0.00212467     0.03233730  -0.00000000
    5    6
 -0.00714489  -0.00127216     0.00402011  -0.01009362    -0.01178717   0.00207577
  0.01178717  -0.00207577    -0.00317336  -0.00003482     0.01811250  -0.00848821
 -0.00402011   0.01009362     0.02518368  -0.00286333    -0.00317336  -0.00003482
    5    7
 -0.00000000  -0.01116090    -0.01177687  -0.00207973    -0.00149822  -0.00123202
 -0.00149822   0.00123202     0.00170836  -0.00850829    -0.00000000  -0.00569884
 -0.01177687   0.00207973    -0.00000000  -0.02151052    -0.00170836  -0.00850829
    6    1
  0.00243239   0.00342794    -0.00048306   0.00315849     0.00913744   0.00652499
  0.00687988  -0.00260723    -0.00165680  -0.00648970    -0.00067395   0.00293242
  0.00501234  -0.00015889     0.00178616   0.00534912     0.00230625  -0.01127033
    6    2
  0.01746017   0.01310429    -0.01251899   0.00374060     0.01445362   0.01491446
 -0.00015090  -0.00211791     0.00167997   0.00922334    -0.01007924   0.00653845
  0.02083582   0.01444485    -0.00745553  -0.00087416     0.00254578   0.01501097
    6    3
 -0.00983348   0.00678083    -0.00212653  -0.00352211     0.02749855   0.00681158
 -0.00024946  -0.00200538    -0.01435056  -0.00249707    -0.00490843   0.00613245
  0.00737121  -0.00453228    -0.00095530  -0.00283559    -0.00180333   0.00017284
    6    4
 -0.00000000  -0.01116090    -0.00149822   0.00123202    -0.01177687   0.00207973
 -0.01177687  -0.00207973     0.00170836  -0.00850829    -0.00000000  -0.02151052
 -0.00149822  -0.00123202    -0.00000000  -0.00569884    -0.00170836  -0.00850829
    6    5
 -0.00714489   0.00127216     0.01178717   0.00207577    -0.00402011  -0.01009362
  0.00402011   0.01009362    -0.00317336   0.00003482     0.02518368   0.00286333
 -0.01178717  -0.00207577     0.01811250   0.00848821    -0.00317336   0.00003482
    6    6
  0.04014494   0.00000000    -0.00357165  -0.00415230     0.00732758  -0.00372799
 -0.00357165   0.00415230     0.03233730  -0.00000000    -0.00033018   0.00212467
  0.00732758   0.00372799    -0.00033018  -0.00212467     0.02959917   0.00000000
    6    7
  0.00377927   0.01238593    -0.01167804   0.00455859     0.00103636   0.00551571
 -0.01167804   0.00455859     0.00407765  -0.01658530     0.00118679  -0.00517223
  0.00103636   0.00551571     0.00118679  -0.00517223     0.00452561  -0.00177985
    7    1
 -0.00342794  -0.00243239    -0.00315849   0.00048306    -0.00652499  -0.00913744
  0.00260723  -0.00687988     0.00648970   0.00165680    -0.00293242   0.00067395
  0.00015889  -0.00501234    -0.00534912  -0.00178616     0.01127033  -0.00230625
    7    2
 -0.00983348  -0.00678083    -0.00212653   0.00352211     0.02749855  -0.00681158
 -0.00024946   0.00200538    -0.01435056   0.00249707    -0.00490843  -0.00613245
  0.00737121   0.00453228    -0.00095530   0.00283559    -0.00180333  -0.00017284
    7    3
  0.01746017  -0.01310429    -0.01251899  -0.00374060     0.01445362  -0.01491446
 -0.00015090   0.00211791     0.00167997  -0.00922334    -0.01007924  -0.00653845
  0.02083582  -0.01444485    -0.00745553   0.00087416     0.00254578  -0.01501097
    7    4
 -0.00714489  -0.00127216     0.01178717  -0.00207577    -0.00402011   0.01009362
  0.00402011  -0.01009362    -0.00317336  -0.00003482     0.02518368  -0.00286333
 -0.01178717   0.00207577     0.01811250  -0.00848821    -0.00317336  -0.00003482
    7    5
 -0.00000000   0.01116090    -0.00149822  -0.00123202    -0.01177687  -0.00207973
 -0.01177687   0.00207973     0.00170836   0.00850829    -0.00000000   0.02151052
 -0.00149822   0.00123202    -0.00000000   0.00569884    -0.00170836   0.00850829
    7    6
  0.00377927  -0.01238593    -0.01167804  -0.00455859     0.00103636  -0.00551571
 -0.01167804  -0.00455859     0.00407765   0.01658530     0.00118679   0.00517223
  0.00103636  -0.00551571     0.00118679   0.00517223     0.00452561   0.00177985
    7    7
  0.04014494   0.00000000    -0.00357165   0.00415230     0.00732758   0.00372799
 -0.00357165  -0.00415230     0.03233730   0.00000000    -0.00033018  -0.00212467
  0.00732758  -0.00372799    -0.00033018   0.00212467     0.02959917  -0.00000000

     Dynamical  Matrix in cartesian axes

     q = (    0.433012700  -0.324759500  -0.324759500 ) 

    1    1
  0.05171672   0.00000000     0.00815485   0.00000000     0.00815485   0.00000000
  0.00815485   0.00000000     0.04013640   0.00000000     0.00303340   0.00000000
  0.00815485   0.00000000     0.00303340   0.00000000     0.04013640   0.00000000
    1    2
 -0.00235986  -0.00097748    -0.00426800  -0.00614721    -0.00736467   0.00132880
 -0.00592371   0.00737889     0.00632234   0.00520221    -0.00213771   0.00308868
  0.00102897  -0.00940636     0.00067244  -0.00369562     0.00814909   0.00079205
    1    3
 -0.00235986  -0.00097748    -0.00736467   0.00132880    -0.00426800  -0.00614721
  0.00102897  -0.00940636     0.00814909   0.00079205     0.00067244  -0.00369562
 -0.00592371   0.00737889    -0.00213771   0.00308868     0.00632234   0.00520221
    1    4
  0.00342794  -0.00243239     0.00015889   0.00501234    -0.00260723  -0.00687988
 -0.00652499   0.00913744    -0.01127033  -0.00230625    -0.00293242  -0.00067395
  0.00315849   0.00048306    -0.00534912   0.00178616    -0.00648970   0.00165680
    1    5
  0.00070396   0.00414388     0.00365661  -0.00343191    -0.00670840   0.00302122
  0.00184728  -0.01107501    -0.00960009  -0.00633856    -0.00255009  -0.00159698
  0.00257497   0.00189181    -0.00251939  -0.00504540    -0.00341738  -0.00576044
    1    6
  0.00070396   0.00414388    -0.00670840   0.00302122     0.00365661  -0.00343191
  0.00257497   0.00189181    -0.00341738  -0.00576044    -0.00251939  -0.00504540
  0.00184728  -0.01107501    -0.00255009  -0.00159698    -0.00960009  -0.00633856
    1    7
  0.00342794  -0.00243239    -0.00260723  -0.00687988     0.00015889   0.00501234
  0.00315849   0.00048306    -0.00648970   0.00165680    -0.00534912   0.00178616
 -0.00652499   0.00913744    -0.00293242  -0.00067395    -0.01127033  -0.00230625
    2    1
 -0.00235986   0.00097748    -0.00592371  -0.00737889     0.00102897   0.00940636
 -0.00426800   0.00614721     0.00632234  -0.00520221     0.00067244   0.00369562
 -0.00736467  -0.00132880    -0.00213771  -0.00308868     0.00814909  -0.00079205
    2    2
  0.05092374   0.00000000    -0.00526915  -0.01114716    -0.00526915   0.01114716
 -0.00526915   0.01114716     0.03384030   0.00000000     0.00678370  -0.00344746
 -0.00526915  -0.01114716     0.00678370   0.00344746     0.03384030  -0.00000000
    2    3
 -0.00189283  -0.00000000    -0.00094641  -0.00588152    -0.00094641   0.00588152
 -0.00094641  -0.00588152    -0.00717518   0.01407216    -0.00838647  -0.00000000
 -0.00094641   0.00588152    -0.00838647  -0.00000000    -0.00717518  -0.01407216
    2    4
  0.00678083   0.00983348     0.00453228   0.00737121    -0.00200538   0.00024946
 -0.00681158   0.02749855     0.00017284   0.00180333    -0.00613245  -0.00490843
 -0.00352211   0.00212653     0.00283559  -0.00095530    -0.00249707   0.01435056
    2    5
 -0.02161234  -0.00308007     0.02494720   0.00451909     0.00160429  -0.00139088
  0.02076637  -0.00032587    -0.01241450   0.00881422    -0.00250372  -0.01175048
  0.00620726   0.01149727    -0.00588999  -0.00465373    -0.00770980   0.00533397
    2    6
  0.00678083  -0.00983348    -0.00200538  -0.00024946     0.00453228  -0.00737121
 -0.00352211  -0.00212653    -0.00249707  -0.01435056     0.00283559   0.00095530
 -0.00681158  -0.02749855    -0.00613245   0.00490843     0.00017284  -0.00180333
    2    7
 -0.02161234   0.00308007     0.00160429   0.00139088     0.02494720  -0.00451909
  0.00620726  -0.01149727    -0.00770980  -0.00533397    -0.00588999   0.00465373
  0.02076637   0.00032587    -0.00250372   0.01175048    -0.01241450  -0.00881422
    3    1
 -0.00235986   0.00097748     0.00102897   0.00940636    -0.00592371  -0.00737889
 -0.00736467  -0.00132880     0.00814909  -0.00079205    -0.00213771  -0.00308868
 -0.00426800   0.00614721     0.00067244   0.00369562     0.00632234  -0.00520221
    3    2
 -0.00189283   0.00000000    -0.00094641   0.00588152    -0.00094641  -0.00588152
 -0.00094641   0.00588152    -0.00717518  -0.01407216    -0.00838647   0.00000000
 -0.00094641  -0.00588152    -0.00838647   0.00000000    -0.00717518   0.01407216
    3    3
  0.05092374  -0.00000000    -0.00526915   0.01114716    -0.00526915  -0.01114716
 -0.00526915  -0.01114716     0.03384030  -0.00000000     0.00678370   0.00344746
 -0.00526915   0.01114716     0.00678370  -0.00344746     0.03384030   0.00000000
    3    4
 -0.02161234   0.00308007     0.02494720  -0.00451909     0.00160429   0.00139088
  0.02076637   0.00032587    -0.01241450  -0.00881422    -0.00250372   0.01175048
  0.00620726  -0.01149727    -0.00588999   0.00465373    -0.00770980  -0.00533397
    3    5
  0.00678083  -0.00983348     0.00453228  -0.00737121    -0.00200538  -0.00024946
 -0.00681158  -0.02749855     0.00017284  -0.00180333    -0.00613245   0.00490843
 -0.00352211  -0.00212653     0.00283559   0.00095530    -0.00249707  -0.01435056
    3    6
 -0.02161234  -0.00308007     0.00160429  -0.00139088     0.02494720   0.00451909
  0.00620726   0.01149727    -0.00770980   0.00533397    -0.00588999  -0.00465373
  0.02076637  -0.00032587    -0.00250372  -0.01175048    -0.01241450   0.00881422
    3    7
  0.00678083   0.00983348    -0.00200538   0.00024946     0.00453228   0.00737121
 -0.00352211   0.00212653    -0.00249707   0.01435056     0.00283559  -0.00095530
 -0.00681158   0.02749855    -0.00613245  -0.00490843     0.00017284   0.00180333
    4    1
  0.00342794   0.00243239    -0.00652499  -0.00913744     0.00315849  -0.00048306
  0.00015889  -0.00501234    -0.01127033   0.00230625    -0.00534912  -0.00178616
 -0.00260723   0.00687988    -0.00293242   0.00067395    -0.00648970  -0.00165680
    4    2
  0.00678083  -0.00983348    -0.00681158  -0.02749855    -0.00352211  -0.00212653
  0.00453228  -0.00737121     0.00017284  -0.00180333     0.00283559   0.00095530
 -0.00200538  -0.00024946    -0.00613245   0.00490843    -0.00249707  -0.01435056
    4    3
 -0.02161234  -0.00308007     0.02076637  -0.00032587     0.00620726   0.01149727
  0.02494720   0.00451909    -0.01241450   0.00881422    -0.00588999  -0.00465373
  0.00160429  -0.00139088    -0.00250372  -0.01175048    -0.00770980   0.00533397
    4    4
  0.04014494  -0.00000000    -0.00732758  -0.00372799    -0.00357165   0.00415230
 -0.00732758   0.00372799     0.02959917   0.00000000     0.00033018  -0.00212467
 -0.00357165  -0.00415230     0.00033018   0.00212467     0.03233730  -0.00000000
    4    5
 -0.00608582  -0.01143052     0.00316738   0.00463302    -0.01148103   0.00503421
  0.00316738   0.00463302     0.00445863  -0.00194154    -0.00449651  -0.00281813
 -0.01148103   0.00503421    -0.00449651  -0.00281813     0.01461091   0.00884424
    4    6
  0.00415265   0.00595175    -0.00997991   0.00429463    -0.00980258  -0.00686700
 -0.00980258  -0.00686700     0.00221929   0.00226852     0.01880954   0.00680540
 -0.00997991   0.00429463     0.01983224   0.01578287     0.00221929   0.00226852
    4    7
 -0.01116090   0.00000000    -0.00207973   0.01177687     0.00123202  -0.00149822
  0.00123202   0.00149822    -0.00850829  -0.00170836     0.00569884  -0.00000000
 -0.00207973  -0.01177687     0.02151052  -0.00000000    -0.00850829   0.00170836
    5    1
  0.00070396  -0.00414388     0.00184728   0.01107501     0.00257497  -0.00189181
  0.00365661   0.00343191    -0.00960009   0.00633856    -0.00251939   0.00504540
 -0.00670840  -0.00302122    -0.00255009   0.00159698    -0.00341738   0.00576044
    5    2
 -0.02161234   0.00308007     0.02076637   0.00032587     0.00620726  -0.01149727
  0.02494720  -0.00451909    -0.01241450  -0.00881422    -0.00588999   0.00465373
  0.00160429   0.00139088    -0.00250372   0.01175048    -0.00770980  -0.00533397
    5    3
  0.00678083   0.00983348    -0.00681158   0.02749855    -0.00352211   0.00212653
  0.00453228   0.00737121     0.00017284   0.00180333     0.00283559  -0.00095530
 -0.00200538   0.00024946    -0.00613245  -0.00490843    -0.00249707   0.01435056
    5    4
 -0.00608582   0.01143052     0.00316738  -0.00463302    -0.01148103  -0.00503421
  0.00316738  -0.00463302     0.00445863   0.00194154    -0.00449651   0.00281813
 -0.01148103  -0.00503421    -0.00449651   0.00281813     0.01461091  -0.00884424
    5    5
  0.04014494   0.00000000    -0.00732758   0.00372799    -0.00357165  -0.00415230
 -0.00732758  -0.00372799     0.02959917   0.00000000     0.00033018   0.00212467
 -0.00357165   0.00415230     0.00033018  -0.00212467     0.03233730   0.00000000
    5    6
 -0.01116090   0.00000000    -0.00207973  -0.01177687     0.00123202   0.00149822
  0.00123202  -0.00149822    -0.00850829   0.00170836     0.00569884  -0.00000000
 -0.00207973   0.01177687     0.02151052  -0.00000000    -0.00850829  -0.00170836
    5    7
  0.00415265  -0.00595175    -0.00997991  -0.00429463    -0.00980258   0.00686700
 -0.00980258   0.00686700     0.00221929  -0.00226852     0.01880954  -0.00680540
 -0.00997991  -0.00429463     0.01983224  -0.01578287     0.00221929  -0.00226852
    6    1
  0.00070396  -0.00414388     0.00257497  -0.00189181     0.00184728   0.01107501
 -0.00670840  -0.00302122    -0.00341738   0.00576044    -0.00255009   0.00159698
  0.00365661   0.00343191    -0.00251939   0.00504540    -0.00960009   0.00633856
    6    2
  0.00678083   0.00983348    -0.00352211   0.00212653    -0.00681158   0.02749855
 -0.00200538   0.00024946    -0.00249707   0.01435056    -0.00613245  -0.00490843
  0.00453228   0.00737121     0.00283559  -0.00095530     0.00017284   0.00180333
    6    3
 -0.02161234   0.00308007     0.00620726  -0.01149727     0.02076637   0.00032587
  0.00160429   0.00139088    -0.00770980  -0.00533397    -0.00250372   0.01175048
  0.02494720  -0.00451909    -0.00588999   0.00465373    -0.01241450  -0.00881422
    6    4
  0.00415265  -0.00595175    -0.00980258   0.00686700    -0.00997991  -0.00429463
 -0.00997991  -0.00429463     0.00221929  -0.00226852     0.01983224  -0.01578287
 -0.00980258   0.00686700     0.01880954  -0.00680540     0.00221929  -0.00226852
    6    5
 -0.01116090  -0.00000000     0.00123202   0.00149822    -0.00207973  -0.01177687
 -0.00207973   0.01177687    -0.00850829  -0.00170836     0.02151052   0.00000000
  0.00123202  -0.00149822     0.00569884   0.00000000    -0.00850829   0.00170836
    6    6
  0.04014494   0.00000000    -0.00357165  -0.00415230    -0.00732758   0.00372799
 -0.00357165   0.00415230     0.03233730   0.00000000     0.00033018  -0.00212467
 -0.00732758  -0.00372799     0.00033018   0.00212467     0.02959917   0.00000000
    6    7
 -0.00608582   0.01143052    -0.01148103  -0.00503421     0.00316738  -0.00463302
 -0.01148103  -0.00503421     0.01461091  -0.00884424    -0.00449651   0.00281813
  0.00316738  -0.00463302    -0.00449651   0.00281813     0.00445863   0.00194154
    7    1
  0.00342794   0.00243239     0.00315849  -0.00048306    -0.00652499  -0.00913744
 -0.00260723   0.00687988    -0.00648970  -0.00165680    -0.00293242   0.00067395
  0.00015889  -0.00501234    -0.00534912  -0.00178616    -0.01127033   0.00230625
    7    2
 -0.02161234  -0.00308007     0.00620726   0.01149727     0.02076637  -0.00032587
  0.00160429  -0.00139088    -0.00770980   0.00533397    -0.00250372  -0.01175048
  0.02494720   0.00451909    -0.00588999  -0.00465373    -0.01241450   0.00881422
    7    3
  0.00678083  -0.00983348    -0.00352211  -0.00212653    -0.00681158  -0.02749855
 -0.00200538  -0.00024946    -0.00249707  -0.01435056    -0.00613245   0.00490843
  0.00453228  -0.00737121     0.00283559   0.00095530     0.00017284  -0.00180333
    7    4
 -0.01116090  -0.00000000     0.00123202  -0.00149822    -0.00207973   0.01177687
 -0.00207973  -0.01177687    -0.00850829   0.00170836     0.02151052   0.00000000
  0.00123202   0.00149822     0.00569884   0.00000000    -0.00850829  -0.00170836
    7    5
  0.00415265   0.00595175    -0.00980258  -0.00686700    -0.00997991   0.00429463
 -0.00997991   0.00429463     0.00221929   0.00226852     0.01983224   0.01578287
 -0.00980258  -0.00686700     0.01880954   0.00680540     0.00221929   0.00226852
    7    6
 -0.00608582  -0.01143052    -0.01148103   0.00503421     0.00316738   0.00463302
 -0.01148103   0.00503421     0.01461091   0.00884424    -0.00449651  -0.00281813
  0.00316738   0.00463302    -0.00449651  -0.00281813     0.00445863  -0.00194154
    7    7
  0.04014494  -0.00000000    -0.00357165   0.00415230    -0.00732758  -0.00372799
 -0.00357165  -0.00415230     0.03233730  -0.00000000     0.00033018   0.00212467
 -0.00732758   0.00372799     0.00033018  -0.00212467     0.02959917  -0.00000000

     Dynamical  Matrix in cartesian axes

     q = (    0.324759500   0.433012700  -0.324759500 ) 

    1    1
  0.04013640   0.00000000    -0.00815485   0.00000000    -0.00303340   0.00000000
 -0.00815485   0.00000000     0.05171672   0.00000000     0.00815485   0.00000000
 -0.00303340   0.00000000     0.00815485   0.00000000     0.04013640   0.00000000
    1    2
  0.00230625  -0.01127033     0.00913744   0.00652499    -0.00067395   0.00293242
  0.00501234  -0.00015889     0.00243239   0.00342794     0.00687988  -0.00260723
  0.00178616   0.00534912    -0.00048306   0.00315849    -0.00165680  -0.00648970
    1    3
  0.01127033  -0.00230625    -0.00652499  -0.00913744    -0.00293242   0.00067395
  0.00015889  -0.00501234    -0.00342794  -0.00243239     0.00260723  -0.00687988
 -0.00534912  -0.00178616    -0.00315849   0.00048306     0.00648970   0.00165680
    1    4
 -0.00520221  -0.00632234     0.00737889  -0.00592371     0.00308868  -0.00213771
 -0.00614721  -0.00426800     0.00097748   0.00235986    -0.00132880   0.00736467
 -0.00369562   0.00067244     0.00940636  -0.00102897    -0.00079205  -0.00814909
    1    5
  0.00632234   0.00520221     0.00592371  -0.00737889     0.00213771  -0.00308868
  0.00426800   0.00614721    -0.00235986  -0.00097748    -0.00736467   0.00132880
 -0.00067244   0.00369562     0.00102897  -0.00940636     0.00814909   0.00079205
    1    6
 -0.00648970   0.00165680    -0.00315849  -0.00048306     0.00534912  -0.00178616
  0.00260723   0.00687988     0.00342794  -0.00243239     0.00015889   0.00501234
  0.00293242   0.00067395    -0.00652499   0.00913744    -0.01127033  -0.00230625
    1    7
 -0.00165680   0.00648970     0.00048306   0.00315849     0.00178616  -0.00534912
 -0.00687988  -0.00260723     0.00243239  -0.00342794    -0.00501234  -0.00015889
