  5.000000000000000E-003   1.26088367795901        1.90067469670089     
          24

     Dynamical  Matrix in cartesian axes

     q = (    0.324759526   0.324759526   0.216506351 ) 

    1    1
  0.03119864   0.00000000    -0.00973323   0.00000000    -0.00048076   0.00000000
 -0.00973323   0.00000000     0.03119864   0.00000000    -0.00048076   0.00000000
 -0.00048076   0.00000000    -0.00048076   0.00000000     0.01533931   0.00000000
    1    2
 -0.00568097  -0.00813916     0.01442433  -0.00273547     0.00059697  -0.00055762
 -0.00835646  -0.00003114     0.00219298   0.01020638     0.00174866  -0.00539361
  0.00329989   0.01382977     0.00385835  -0.00323103     0.00247438   0.00534465
    1    3
  0.00568097  -0.00813916    -0.01442433  -0.00273547    -0.00059697  -0.00055762
  0.00835646  -0.00003114    -0.00219298   0.01020638    -0.00174866  -0.00539361
 -0.00329989   0.01382977    -0.00385835  -0.00323103    -0.00247438   0.00534465
    1    4
 -0.00219298   0.01020638     0.00835646  -0.00003114    -0.00174866  -0.00539361
 -0.01442433  -0.00273547     0.00568097  -0.00813916    -0.00059697  -0.00055762
 -0.00385835  -0.00323103    -0.00329989   0.01382977    -0.00247438   0.00534465
    1    5
  0.00219298   0.01020638    -0.00835646  -0.00003114     0.00174866  -0.00539361
  0.01442433  -0.00273547    -0.00568097  -0.00813916     0.00059697  -0.00055762
  0.00385835  -0.00323103     0.00329989   0.01382977     0.00247438   0.00534465
    1    6
 -0.00192399   0.00414466     0.00991120  -0.00255979    -0.00079979   0.00499330
 -0.00991120  -0.00255979     0.00192399   0.00414466     0.00079979   0.00499330
  0.00329532  -0.00688169    -0.00329532  -0.00688169     0.00000000  -0.00938360
    1    7
  0.00192399   0.00414466    -0.00991120  -0.00255979     0.00079979   0.00499330
  0.00991120  -0.00255979    -0.00192399   0.00414466    -0.00079979   0.00499330
 -0.00329532  -0.00688169     0.00329532  -0.00688169     0.00000000  -0.00938360
    2    1
 -0.00568097   0.00813916    -0.00835646   0.00003114     0.00329989  -0.01382977
  0.01442433   0.00273547     0.00219298  -0.01020638     0.00385835   0.00323103
  0.00059697   0.00055762     0.00174866   0.00539361     0.00247438  -0.00534465
    2    2
  0.04561623  -0.00000000    -0.00667921  -0.00837743     0.01261816   0.00926857
 -0.00667921   0.00837743     0.05818641   0.00000000     0.01548420   0.00279874
  0.01261816  -0.00926857     0.01548420  -0.00279874     0.02834913  -0.00000000
    2    3
  0.02120755   0.00855504     0.00753388  -0.01062150     0.00995243  -0.00240904
  0.00753388  -0.01062150    -0.02327169   0.02888383    -0.01676229   0.00646851
  0.00995243  -0.00240904    -0.01676229   0.00646851    -0.01505569   0.00076986
    2    4
  0.00231539   0.00393430     0.00623934   0.02410245     0.01401231   0.01758535
 -0.02252449   0.04544124     0.00231539   0.00393430    -0.00994099   0.01459304
 -0.00994099   0.01459304     0.01401231   0.01758535     0.01299361   0.01158459
    2    5
 -0.02426636  -0.01260610     0.01913379  -0.00000000     0.00440585  -0.01031118
  0.03972528   0.00000000    -0.02426636   0.01260610     0.00919512  -0.00685206
  0.00919512   0.00685206     0.00440585   0.01031118    -0.00413294   0.00000000
    2    6
 -0.00601543  -0.01931697    -0.01770506  -0.00557395    -0.02287955  -0.01092097
 -0.02278836   0.00238320     0.01747524  -0.02417456    -0.00303664  -0.01205178
 -0.02722497  -0.00837357    -0.01412275  -0.00798290    -0.01371168  -0.00749097
    2    7
 -0.01994979   0.01514628     0.00456126   0.00016278    -0.01678062  -0.00213198
  0.01642012  -0.01610177    -0.01663908   0.00727893     0.00310763  -0.00662423
  0.01741567   0.00210049     0.00382537  -0.00451512    -0.00755220  -0.00691511
    3    1
  0.00568097   0.00813916     0.00835646   0.00003114    -0.00329989  -0.01382977
 -0.01442433   0.00273547    -0.00219298  -0.01020638    -0.00385835   0.00323103
 -0.00059697   0.00055762    -0.00174866   0.00539361    -0.00247438  -0.00534465
    3    2
  0.02120755  -0.00855504     0.00753388   0.01062150     0.00995243   0.00240904
  0.00753388   0.01062150    -0.02327169  -0.02888383    -0.01676229  -0.00646851
  0.00995243   0.00240904    -0.01676229  -0.00646851    -0.01505569  -0.00076986
    3    3
  0.04561623   0.00000000    -0.00667921   0.00837743     0.01261816  -0.00926857
 -0.00667921  -0.00837743     0.05818641  -0.00000000     0.01548420  -0.00279874
  0.01261816   0.00926857     0.01548420   0.00279874     0.02834913   0.00000000
    3    4
 -0.02426636   0.01260610     0.01913379  -0.00000000     0.00440585   0.01031118
  0.03972528  -0.00000000    -0.02426636  -0.01260610     0.00919512   0.00685206
  0.00919512  -0.00685206     0.00440585  -0.01031118    -0.00413294   0.00000000
    3    5
  0.00231539  -0.00393430     0.00623934  -0.02410245     0.01401231  -0.01758535
 -0.02252449  -0.04544124     0.00231539  -0.00393430    -0.00994099  -0.01459304
 -0.00994099  -0.01459304     0.01401231  -0.01758535     0.01299361  -0.01158459
    3    6
 -0.01994979  -0.01514628     0.00456126  -0.00016278    -0.01678062   0.00213198
  0.01642012   0.01610177    -0.01663908  -0.00727893     0.00310763   0.00662423
  0.01741567  -0.00210049     0.00382537   0.00451512    -0.00755220   0.00691511
    3    7
 -0.00601543   0.01931697    -0.01770506   0.00557395    -0.02287955   0.01092097
 -0.02278836  -0.00238320     0.01747524   0.02417456    -0.00303664   0.01205178
 -0.02722497   0.00837357    -0.01412275   0.00798290    -0.01371168   0.00749097
    4    1
 -0.00219298  -0.01020638    -0.01442433   0.00273547    -0.00385835   0.00323103
  0.00835646   0.00003114     0.00568097   0.00813916    -0.00329989  -0.01382977
 -0.00174866   0.00539361    -0.00059697   0.00055762    -0.00247438  -0.00534465
    4    2
  0.00231539  -0.00393430    -0.02252449  -0.04544124    -0.00994099  -0.01459304
  0.00623934  -0.02410245     0.00231539  -0.00393430     0.01401231  -0.01758535
  0.01401231  -0.01758535    -0.00994099  -0.01459304     0.01299361  -0.01158459
    4    3
 -0.02426636  -0.01260610     0.03972528   0.00000000     0.00919512   0.00685206
  0.01913379   0.00000000    -0.02426636   0.01260610     0.00440585   0.01031118
  0.00440585  -0.01031118     0.00919512  -0.00685206    -0.00413294  -0.00000000
    4    4
  0.05818641  -0.00000000    -0.00667921  -0.00837743     0.01548420  -0.00279874
 -0.00667921   0.00837743     0.04561623  -0.00000000     0.01261816  -0.00926857
  0.01548420   0.00279874     0.01261816   0.00926857     0.02834913   0.00000000
    4    5
 -0.02327169  -0.02888383     0.00753388   0.01062150    -0.01676229  -0.00646851
  0.00753388   0.01062150     0.02120755  -0.00855504     0.00995243   0.00240904
 -0.01676229  -0.00646851     0.00995243   0.00240904    -0.01505569  -0.00076986
    4    6
  0.01747524   0.02417456    -0.02278836  -0.00238320    -0.00303664   0.01205178
 -0.01770506   0.00557395    -0.00601543   0.01931697    -0.02287955   0.01092097
 -0.01412275   0.00798290    -0.02722497   0.00837357    -0.01371168   0.00749097
    4    7
 -0.01663908  -0.00727893     0.01642012   0.01610177     0.00310763   0.00662423
  0.00456126  -0.00016278    -0.01994979  -0.01514628    -0.01678062   0.00213198
  0.00382537   0.00451512     0.01741567  -0.00210049    -0.00755220   0.00691511
    5    1
  0.00219298  -0.01020638     0.01442433   0.00273547     0.00385835   0.00323103
 -0.00835646   0.00003114    -0.00568097   0.00813916     0.00329989  -0.01382977
  0.00174866   0.00539361     0.00059697   0.00055762     0.00247438  -0.00534465
    5    2
 -0.02426636   0.01260610     0.03972528   0.00000000     0.00919512  -0.00685206
  0.01913379  -0.00000000    -0.02426636  -0.01260610     0.00440585  -0.01031118
  0.00440585   0.01031118     0.00919512   0.00685206    -0.00413294   0.00000000
    5    3
  0.00231539   0.00393430    -0.02252449   0.04544124    -0.00994099   0.01459304
  0.00623934   0.02410245     0.00231539   0.00393430     0.01401231   0.01758535
  0.01401231   0.01758535    -0.00994099   0.01459304     0.01299361   0.01158459
    5    4
 -0.02327169   0.02888383     0.00753388  -0.01062150    -0.01676229   0.00646851
  0.00753388  -0.01062150     0.02120755   0.00855504     0.00995243  -0.00240904
 -0.01676229   0.00646851     0.00995243  -0.00240904    -0.01505569   0.00076986
    5    5
  0.05818641   0.00000000    -0.00667921   0.00837743     0.01548420   0.00279874
 -0.00667921  -0.00837743     0.04561623   0.00000000     0.01261816   0.00926857
  0.01548420  -0.00279874     0.01261816  -0.00926857     0.02834913  -0.00000000
    5    6
 -0.01663908   0.00727893     0.01642012  -0.01610177     0.00310763  -0.00662423
  0.00456126   0.00016278    -0.01994979   0.01514628    -0.01678062  -0.00213198
  0.00382537  -0.00451512     0.01741567   0.00210049    -0.00755220  -0.00691511
    5    7
  0.01747524  -0.02417456    -0.02278836   0.00238320    -0.00303664  -0.01205178
 -0.01770506  -0.00557395    -0.00601543  -0.01931697    -0.02287955  -0.01092097
 -0.01412275  -0.00798290    -0.02722497  -0.00837357    -0.01371168  -0.00749097
    6    1
 -0.00192399  -0.00414466    -0.00991120   0.00255979     0.00329532   0.00688169
  0.00991120   0.00255979     0.00192399  -0.00414466    -0.00329532   0.00688169
 -0.00079979  -0.00499330     0.00079979  -0.00499330     0.00000000   0.00938360
    6    2
 -0.00601543   0.01931697    -0.02278836  -0.00238320    -0.02722497   0.00837357
 -0.01770506   0.00557395     0.01747524   0.02417456    -0.01412275   0.00798290
 -0.02287955   0.01092097    -0.00303664   0.01205178    -0.01371168   0.00749097
    6    3
 -0.01994979   0.01514628     0.01642012  -0.01610177     0.01741567   0.00210049
  0.00456126   0.00016278    -0.01663908   0.00727893     0.00382537  -0.00451512
 -0.01678062  -0.00213198     0.00310763  -0.00662423    -0.00755220  -0.00691511
    6    4
  0.01747524  -0.02417456    -0.01770506  -0.00557395    -0.01412275  -0.00798290
 -0.02278836   0.00238320    -0.00601543  -0.01931697    -0.02722497  -0.00837357
 -0.00303664  -0.01205178    -0.02287955  -0.01092097    -0.01371168  -0.00749097
    6    5
 -0.01663908  -0.00727893     0.00456126  -0.00016278     0.00382537   0.00451512
  0.01642012   0.01610177    -0.01994979  -0.01514628     0.01741567  -0.00210049
  0.00310763   0.00662423    -0.01678062   0.00213198    -0.00755220   0.00691511
    6    6
  0.04113177   0.00000000     0.00776810   0.00621980     0.01245983  -0.00141070
  0.00776810  -0.00621980     0.04113177   0.00000000     0.01245983   0.00141070
  0.01245983   0.00141070     0.01245983  -0.00141070     0.02532683  -0.00000000
    6    7
 -0.02386528  -0.00277549     0.00011714   0.00000000     0.00759724  -0.00261615
  0.00011714  -0.00000000    -0.02386528   0.00277549     0.00759724   0.00261615
  0.00759724  -0.00261615     0.00759724   0.00261615     0.01794946   0.00000000
    7    1
  0.00192399  -0.00414466     0.00991120   0.00255979    -0.00329532   0.00688169
 -0.00991120   0.00255979    -0.00192399  -0.00414466     0.00329532   0.00688169
  0.00079979  -0.00499330    -0.00079979  -0.00499330     0.00000000   0.00938360
    7    2
 -0.01994979  -0.01514628     0.01642012   0.01610177     0.01741567  -0.00210049
  0.00456126  -0.00016278    -0.01663908  -0.00727893     0.00382537   0.00451512
 -0.01678062   0.00213198     0.00310763   0.00662423    -0.00755220   0.00691511
    7    3
 -0.00601543  -0.01931697    -0.02278836   0.00238320    -0.02722497  -0.00837357
 -0.01770506  -0.00557395     0.01747524  -0.02417456    -0.01412275  -0.00798290
 -0.02287955  -0.01092097    -0.00303664  -0.01205178    -0.01371168  -0.00749097
    7    4
 -0.01663908   0.00727893     0.00456126   0.00016278     0.00382537  -0.00451512
  0.01642012  -0.01610177    -0.01994979   0.01514628     0.01741567   0.00210049
  0.00310763  -0.00662423    -0.01678062  -0.00213198    -0.00755220  -0.00691511
    7    5
  0.01747524   0.02417456    -0.01770506   0.00557395    -0.01412275   0.00798290
 -0.02278836  -0.00238320    -0.00601543   0.01931697    -0.02722497   0.00837357
 -0.00303664   0.01205178    -0.02287955   0.01092097    -0.01371168   0.00749097
    7    6
 -0.02386528   0.00277549     0.00011714  -0.00000000     0.00759724   0.00261615
  0.00011714   0.00000000    -0.02386528  -0.00277549     0.00759724  -0.00261615
  0.00759724   0.00261615     0.00759724  -0.00261615     0.01794946   0.00000000
    7    7
  0.04113177   0.00000000     0.00776810  -0.00621980     0.01245983   0.00141070
  0.00776810   0.00621980     0.04113177  -0.00000000     0.01245983  -0.00141070
  0.01245983  -0.00141070     0.01245983   0.00141070     0.02532683   0.00000000

     Dynamical  Matrix in cartesian axes

     q = (   -0.324759526   0.216506351   0.324759526 ) 

    1    1
  0.03119864   0.00000000     0.00048076   0.00000000     0.00973323   0.00000000
  0.00048076   0.00000000     0.01533931   0.00000000    -0.00048076   0.00000000
  0.00973323   0.00000000    -0.00048076   0.00000000     0.03119864   0.00000000
    1    2
  0.00173820  -0.00977231    -0.00081642  -0.00002783    -0.01213381  -0.00826528
  0.00744575  -0.01211250    -0.00202959   0.00552888     0.00501295   0.00044359
  0.00588689   0.00593093     0.00505034  -0.00257737    -0.00566633   0.00876767
    1    3
  0.00813916   0.00568097    -0.00055762   0.00059697    -0.00273547   0.01442433
  0.01382977   0.00329989    -0.00534465  -0.00247438     0.00323103  -0.00385835
 -0.00003114  -0.00835646     0.00539361  -0.00174866    -0.01020638  -0.00219298
    1    4
 -0.00429118  -0.00157025     0.00409633   0.00296526    -0.00881832   0.00519823
 -0.00719624  -0.00253594     0.00663521   0.00663521     0.00253594   0.00719624
  0.00519823  -0.00881832    -0.00296526  -0.00409633    -0.00157025  -0.00429118
    1    5
 -0.00192399   0.00414466     0.00079979  -0.00499330    -0.00991120   0.00255979
 -0.00329532   0.00688169     0.00000000  -0.00938360    -0.00329532  -0.00688169
  0.00991120   0.00255979     0.00079979   0.00499330     0.00192399   0.00414466
    1    6
  0.00219298   0.01020638    -0.00174866   0.00539361     0.00835646   0.00003114
 -0.00385835   0.00323103     0.00247438   0.00534465     0.00329989   0.01382977
 -0.01442433   0.00273547     0.00059697  -0.00055762    -0.00568097  -0.00813916
    1    7
 -0.00566633  -0.00876767    -0.00505034  -0.00257737     0.00588689  -0.00593093
 -0.00501295   0.00044359    -0.00202959  -0.00552888    -0.00744575  -0.01211250
 -0.01213381   0.00826528     0.00081642  -0.00002783     0.00173820   0.00977231
    2    1
  0.00173820   0.00977231     0.00744575   0.01211250     0.00588689  -0.00593093
 -0.00081642   0.00002783    -0.00202959  -0.00552888     0.00505034   0.00257737
 -0.01213381   0.00826528     0.00501295  -0.00044359    -0.00566633  -0.00876767
    2    2
  0.04561623  -0.00000000    -0.01261816  -0.00926857     0.00667921   0.00837743
 -0.01261816   0.00926857     0.02834913  -0.00000000     0.01548420  -0.00279874
  0.00667921  -0.00837743     0.01548420   0.00279874     0.05818641   0.00000000
    2    3
  0.00894667   0.02104533    -0.00874088  -0.00533398    -0.01283779   0.00218328
 -0.00874088  -0.00533398    -0.01119036  -0.01010161    -0.01642665  -0.00727880
 -0.01283779   0.00218328    -0.01642665  -0.00727880    -0.03687952   0.00396838
    2    4
 -0.01514628  -0.01994979    -0.00213198   0.01678062     0.00016278  -0.00456126
  0.00210049  -0.01741567     0.00691511  -0.00755220     0.00451512   0.00382537
 -0.01610177  -0.01642012     0.00662423   0.00310763    -0.00727893  -0.01663908
    2    5
 -0.01791271  -0.00940561     0.02390058  -0.00845600     0.01646074  -0.00857798
  0.02517196  -0.01332995    -0.01499254   0.00439870    -0.01563105   0.00434153
  0.01442863  -0.01779898    -0.01066912  -0.00637467    -0.00473713  -0.02945085
    2    6
 -0.02607276   0.00824505     0.00417570   0.01040651    -0.01352963   0.01352963
 -0.01134707   0.00165679    -0.00292243   0.00292243     0.01040651   0.00417570
 -0.02809002   0.02809002     0.00165679  -0.01134707    -0.00824505   0.02607276
    2    7
 -0.00393430   0.00231539     0.01758535  -0.01401231     0.02410245  -0.00623934
  0.01459304   0.00994099    -0.01158459   0.01299361    -0.01758535   0.01401231
  0.04544124   0.02252449    -0.01459304  -0.00994099    -0.00393430   0.00231539
    3    1
  0.00813916  -0.00568097     0.01382977  -0.00329989    -0.00003114   0.00835646
 -0.00055762  -0.00059697    -0.00534465   0.00247438     0.00539361   0.00174866
 -0.00273547  -0.01442433     0.00323103   0.00385835    -0.01020638   0.00219298
    3    2
  0.00894667  -0.02104533    -0.00874088   0.00533398    -0.01283779  -0.00218328
 -0.00874088   0.00533398    -0.01119036   0.01010161    -0.01642665   0.00727880
 -0.01283779  -0.00218328    -0.01642665   0.00727880    -0.03687952  -0.00396838
    3    3
  0.04561623   0.00000000    -0.01261816   0.00926857     0.00667921  -0.00837743
 -0.01261816  -0.00926857     0.02834913   0.00000000     0.01548420   0.00279874
  0.00667921   0.00837743     0.01548420  -0.00279874     0.05818641  -0.00000000
    3    4
 -0.01791271   0.00940561     0.02390058   0.00845600     0.01646074   0.00857798
  0.02517196   0.01332995    -0.01499254  -0.00439870    -0.01563105  -0.00434153
  0.01442863   0.01779898    -0.01066912   0.00637467    -0.00473713   0.02945085
    3    5
 -0.01514628   0.01994979    -0.00213198  -0.01678062     0.00016278   0.00456126
  0.00210049   0.01741567     0.00691511   0.00755220     0.00451512  -0.00382537
 -0.01610177   0.01642012     0.00662423  -0.00310763    -0.00727893   0.01663908
    3    6
 -0.00393430  -0.00231539     0.01758535   0.01401231     0.02410245   0.00623934
  0.01459304  -0.00994099    -0.01158459  -0.01299361    -0.01758535  -0.01401231
  0.04544124  -0.02252449    -0.01459304   0.00994099    -0.00393430  -0.00231539
    3    7
 -0.02607276  -0.00824505     0.00417570  -0.01040651    -0.01352963  -0.01352963
 -0.01134707  -0.00165679    -0.00292243  -0.00292243     0.01040651  -0.00417570
 -0.02809002  -0.02809002     0.00165679   0.01134707    -0.00824505  -0.02607276
    4    1
 -0.00429118   0.00157025    -0.00719624   0.00253594     0.00519823   0.00881832
  0.00409633  -0.00296526     0.00663521  -0.00663521    -0.00296526   0.00409633
 -0.00881832  -0.00519823     0.00253594  -0.00719624    -0.00157025   0.00429118
    4    2
 -0.01514628   0.01994979     0.00210049   0.01741567    -0.01610177   0.01642012
 -0.00213198  -0.01678062     0.00691511   0.00755220     0.00662423  -0.00310763
  0.00016278   0.00456126     0.00451512  -0.00382537    -0.00727893   0.01663908
    4    3
 -0.01791271  -0.00940561     0.02517196  -0.01332995     0.01442863  -0.01779898
  0.02390058  -0.00845600    -0.01499254   0.00439870    -0.01066912  -0.00637467
  0.01646074  -0.00857798    -0.01563105   0.00434153    -0.00473713  -0.02945085
    4    4
  0.04113177   0.00000000    -0.01245983  -0.00141070    -0.00776810   0.00621980
 -0.01245983   0.00141070     0.02532683  -0.00000000     0.01245983   0.00141070
 -0.00776810  -0.00621980     0.01245983  -0.00141070     0.04113177   0.00000000
    4    5
  0.01883787   0.01491273     0.00352216   0.00722196     0.00008283   0.00008283
  0.00352216   0.00722196    -0.01269218  -0.01269218    -0.00722196  -0.00352216
  0.00008283   0.00008283    -0.00722196  -0.00352216     0.01491273   0.01883787
    4    6
  0.00473713  -0.02945085    -0.01563105  -0.00434153    -0.01646074  -0.00857798
 -0.01066912   0.00637467     0.01499254   0.00439870     0.02390058   0.00845600
 -0.01442863  -0.01779898     0.02517196   0.01332995     0.01791271  -0.00940561
    4    7
 -0.01663908   0.00727893    -0.00382537   0.00451512    -0.00456126  -0.00016278
 -0.00310763   0.00662423    -0.00755220  -0.00691511    -0.01678062  -0.00213198
 -0.01642012   0.01610177     0.01741567   0.00210049    -0.01994979   0.01514628
    5    1
 -0.00192399  -0.00414466    -0.00329532  -0.00688169     0.00991120  -0.00255979
  0.00079979   0.00499330     0.00000000   0.00938360     0.00079979  -0.00499330
 -0.00991120  -0.00255979    -0.00329532   0.00688169     0.00192399  -0.00414466
    5    2
 -0.01791271   0.00940561     0.02517196   0.01332995     0.01442863   0.01779898
  0.02390058   0.00845600    -0.01499254  -0.00439870    -0.01066912   0.00637467
  0.01646074   0.00857798    -0.01563105  -0.00434153    -0.00473713   0.02945085
    5    3
 -0.01514628  -0.01994979     0.00210049  -0.01741567    -0.01610177  -0.01642012
 -0.00213198   0.01678062     0.00691511  -0.00755220     0.00662423   0.00310763
  0.00016278  -0.00456126     0.00451512   0.00382537    -0.00727893  -0.01663908
    5    4
  0.01883787  -0.01491273     0.00352216  -0.00722196     0.00008283  -0.00008283
  0.00352216  -0.00722196    -0.01269218   0.01269218    -0.00722196   0.00352216
  0.00008283  -0.00008283    -0.00722196   0.00352216     0.01491273  -0.01883787
    5    5
  0.04113177  -0.00000000    -0.01245983   0.00141070    -0.00776810  -0.00621980
 -0.01245983  -0.00141070     0.02532683   0.00000000     0.01245983  -0.00141070
 -0.00776810   0.00621980     0.01245983   0.00141070     0.04113177  -0.00000000
    5    6
 -0.01663908  -0.00727893    -0.00382537  -0.00451512    -0.00456126   0.00016278
 -0.00310763  -0.00662423    -0.00755220   0.00691511    -0.01678062   0.00213198
 -0.01642012  -0.01610177     0.01741567  -0.00210049    -0.01994979  -0.01514628
    5    7
  0.00473713   0.02945085    -0.01563105   0.00434153    -0.01646074   0.00857798
 -0.01066912  -0.00637467     0.01499254  -0.00439870     0.02390058  -0.00845600
 -0.01442863   0.01779898     0.02517196  -0.01332995     0.01791271   0.00940561
    6    1
  0.00219298  -0.01020638    -0.00385835  -0.00323103    -0.01442433  -0.00273547
 -0.00174866  -0.00539361     0.00247438  -0.00534465     0.00059697   0.00055762
  0.00835646  -0.00003114     0.00329989  -0.01382977    -0.00568097   0.00813916
    6    2
 -0.02607276  -0.00824505    -0.01134707  -0.00165679    -0.02809002  -0.02809002
  0.00417570  -0.01040651    -0.00292243  -0.00292243     0.00165679   0.01134707
 -0.01352963  -0.01352963     0.01040651  -0.00417570    -0.00824505  -0.02607276
    6    3
 -0.00393430   0.00231539     0.01459304   0.00994099     0.04544124   0.02252449
  0.01758535  -0.01401231    -0.01158459   0.01299361    -0.01459304  -0.00994099
  0.02410245  -0.00623934    -0.01758535   0.01401231    -0.00393430   0.00231539
    6    4
  0.00473713   0.02945085    -0.01066912  -0.00637467    -0.01442863   0.01779898
 -0.01563105   0.00434153     0.01499254  -0.00439870     0.02517196  -0.01332995
 -0.01646074   0.00857798     0.02390058  -0.00845600     0.01791271   0.00940561
    6    5
 -0.01663908   0.00727893    -0.00310763   0.00662423    -0.01642012   0.01610177
 -0.00382537   0.00451512    -0.00755220  -0.00691511     0.01741567   0.00210049
 -0.00456126  -0.00016278    -0.01678062  -0.00213198    -0.01994979   0.01514628
    6    6
  0.05818641   0.00000000    -0.01548420  -0.00279874     0.00667921  -0.00837743
 -0.01548420   0.00279874     0.02834913  -0.00000000     0.01261816  -0.00926857
  0.00667921   0.00837743     0.01261816   0.00926857     0.04561623  -0.00000000
    6    7
 -0.00396838  -0.03687952    -0.00727880   0.01642665    -0.00218328  -0.01283779
 -0.00727880   0.01642665     0.01010161  -0.01119036    -0.00533398   0.00874088
 -0.00218328  -0.01283779    -0.00533398   0.00874088    -0.02104533   0.00894667
    7    1
 -0.00566633   0.00876767    -0.00501295  -0.00044359    -0.01213381  -0.00826528
 -0.00505034   0.00257737    -0.00202959   0.00552888     0.00081642   0.00002783
  0.00588689   0.00593093    -0.00744575   0.01211250     0.00173820  -0.00977231
    7    2
 -0.00393430  -0.00231539     0.01459304  -0.00994099     0.04544124  -0.02252449
  0.01758535   0.01401231    -0.01158459  -0.01299361    -0.01459304   0.00994099
  0.02410245   0.00623934    -0.01758535  -0.01401231    -0.00393430  -0.00231539
    7    3
 -0.02607276   0.00824505    -0.01134707   0.00165679    -0.02809002   0.02809002
  0.00417570   0.01040651    -0.00292243   0.00292243     0.00165679  -0.01134707
 -0.01352963   0.01352963     0.01040651   0.00417570    -0.00824505   0.02607276
    7    4
 -0.01663908  -0.00727893    -0.00310763  -0.00662423    -0.01642012  -0.01610177
 -0.00382537  -0.00451512    -0.00755220   0.00691511     0.01741567  -0.00210049
 -0.00456126   0.00016278    -0.01678062   0.00213198    -0.01994979  -0.01514628
    7    5
  0.00473713  -0.02945085    -0.01066912   0.00637467    -0.01442863  -0.01779898
 -0.01563105  -0.00434153     0.01499254   0.00439870     0.02517196   0.01332995
 -0.01646074  -0.00857798     0.02390058   0.00845600     0.01791271  -0.00940561
    7    6
 -0.00396838   0.03687952    -0.00727880  -0.01642665    -0.00218328   0.01283779
 -0.00727880  -0.01642665     0.01010161   0.01119036    -0.00533398  -0.00874088
 -0.00218328   0.01283779    -0.00533398  -0.00874088    -0.02104533  -0.00894667
    7    7
  0.05818641  -0.00000000    -0.01548420   0.00279874     0.00667921   0.00837743
 -0.01548420  -0.00279874     0.02834913   0.00000000     0.01261816   0.00926857
  0.00667921  -0.00837743     0.01261816  -0.00926857     0.04561623   0.00000000

     Dynamical  Matrix in cartesian axes

     q = (    0.324759526   0.216506351   0.324759526 ) 

    1    1
  0.03119864   0.00000000    -0.00048076   0.00000000    -0.00973323   0.00000000
 -0.00048076   0.00000000     0.01533931   0.00000000    -0.00048076   0.00000000
 -0.00973323   0.00000000    -0.00048076   0.00000000     0.03119864   0.00000000
    1    2
  0.00568097  -0.00813916    -0.00059697  -0.00055762    -0.01442433  -0.00273547
 -0.00329989   0.01382977    -0.00247438   0.00534465    -0.00385835  -0.00323103
  0.00835646  -0.00003114    -0.00174866  -0.00539361    -0.00219298   0.01020638
    1    3
 -0.00568097  -0.00813916     0.00059697  -0.00055762     0.01442433  -0.00273547
  0.00329989   0.01382977     0.00247438   0.00534465     0.00385835  -0.00323103
 -0.00835646  -0.00003114     0.00174866  -0.00539361     0.00219298   0.01020638
    1    4
  0.00192399   0.00414466     0.00079979   0.00499330    -0.00991120  -0.00255979
 -0.00329532  -0.00688169     0.00000000  -0.00938360     0.00329532  -0.00688169
  0.00991120  -0.00255979    -0.00079979   0.00499330    -0.00192399   0.00414466
    1    5
 -0.00192399   0.00414466    -0.00079979   0.00499330     0.00991120  -0.00255979
  0.00329532  -0.00688169     0.00000000  -0.00938360    -0.00329532  -0.00688169
 -0.00991120  -0.00255979     0.00079979   0.00499330     0.00192399   0.00414466
    1    6
  0.00219298   0.01020638     0.00174866  -0.00539361    -0.00835646  -0.00003114
  0.00385835  -0.00323103     0.00247438   0.00534465     0.00329989   0.01382977
  0.01442433  -0.00273547     0.00059697  -0.00055762    -0.00568097  -0.00813916
    1    7
 -0.00219298   0.01020638    -0.00174866  -0.00539361     0.00835646  -0.00003114
 -0.00385835  -0.00323103    -0.00247438   0.00534465    -0.00329989   0.01382977
 -0.01442433  -0.00273547    -0.00059697  -0.00055762     0.00568097  -0.00813916
    2    1
  0.00568097   0.00813916    -0.00329989  -0.01382977     0.00835646   0.00003114
 -0.00059697   0.00055762    -0.00247438  -0.00534465    -0.00174866   0.00539361
 -0.01442433   0.00273547    -0.00385835   0.00323103    -0.00219298  -0.01020638
    2    2
  0.04561623   0.00000000     0.01261816  -0.00926857    -0.00667921   0.00837743
  0.01261816   0.00926857     0.02834913   0.00000000     0.01548420   0.00279874
 -0.00667921  -0.00837743     0.01548420  -0.00279874     0.05818641  -0.00000000
    2    3
  0.02120755  -0.00855504     0.00995243   0.00240904     0.00753388   0.01062150
  0.00995243   0.00240904    -0.01505569  -0.00076986    -0.01676229  -0.00646851
  0.00753388   0.01062150    -0.01676229  -0.00646851    -0.02327169  -0.02888383
    2    4
 -0.00601543   0.01931697    -0.02287955   0.01092097    -0.01770506   0.00557395
 -0.02722497   0.00837357    -0.01371168   0.00749097    -0.01412275   0.00798290
 -0.02278836  -0.00238320    -0.00303664   0.01205178     0.01747524   0.02417456
    2    5
 -0.01994979  -0.01514628    -0.01678062   0.00213198     0.00456126  -0.00016278
  0.01741567  -0.00210049    -0.00755220   0.00691511     0.00382537   0.00451512
  0.01642012   0.01610177     0.00310763   0.00662423    -0.01663908  -0.00727893
    2    6
  0.00231539  -0.00393430     0.01401231  -0.01758535     0.00623934  -0.02410245
 -0.00994099  -0.01459304     0.01299361  -0.01158459     0.01401231  -0.01758535
 -0.02252449  -0.04544124    -0.00994099  -0.01459304     0.00231539  -0.00393430
    2    7
 -0.02426636   0.01260610     0.00440585   0.01031118     0.01913379   0.00000000
  0.00919512  -0.00685206    -0.00413294  -0.00000000     0.00440585  -0.01031118
  0.03972528   0.00000000     0.00919512   0.00685206    -0.02426636  -0.01260610
    3    1
 -0.00568097   0.00813916     0.00329989  -0.01382977    -0.00835646   0.00003114
  0.00059697   0.00055762     0.00247438  -0.00534465     0.00174866   0.00539361
  0.01442433   0.00273547     0.00385835   0.00323103     0.00219298  -0.01020638
    3    2
  0.02120755   0.00855504     0.00995243  -0.00240904     0.00753388  -0.01062150
  0.00995243  -0.00240904    -0.01505569   0.00076986    -0.01676229   0.00646851
  0.00753388  -0.01062150    -0.01676229   0.00646851    -0.02327169   0.02888383
    3    3
  0.04561623  -0.00000000     0.01261816   0.00926857    -0.00667921  -0.00837743
  0.01261816  -0.00926857     0.02834913  -0.00000000     0.01548420  -0.00279874
 -0.00667921   0.00837743     0.01548420   0.00279874     0.05818641   0.00000000
    3    4
 -0.01994979   0.01514628    -0.01678062  -0.00213198     0.00456126   0.00016278
  0.01741567   0.00210049    -0.00755220  -0.00691511     0.00382537  -0.00451512
  0.01642012  -0.01610177     0.00310763  -0.00662423    -0.01663908   0.00727893
    3    5
 -0.00601543  -0.01931697    -0.02287955  -0.01092097    -0.01770506  -0.00557395
 -0.02722497  -0.00837357    -0.01371168  -0.00749097    -0.01412275  -0.00798290
 -0.02278836   0.00238320    -0.00303664  -0.01205178     0.01747524  -0.02417456
    3    6
 -0.02426636  -0.01260610     0.00440585  -0.01031118     0.01913379  -0.00000000
  0.00919512   0.00685206    -0.00413294   0.00000000     0.00440585   0.01031118
  0.03972528  -0.00000000     0.00919512  -0.00685206    -0.02426636   0.01260610
    3    7
  0.00231539   0.00393430     0.01401231   0.01758535     0.00623934   0.02410245
 -0.00994099   0.01459304     0.01299361   0.01158459     0.01401231   0.01758535
 -0.02252449   0.04544124    -0.00994099   0.01459304     0.00231539   0.00393430
    4    1
  0.00192399  -0.00414466    -0.00329532   0.00688169     0.00991120   0.00255979
  0.00079979  -0.00499330     0.00000000   0.00938360    -0.00079979  -0.00499330
 -0.00991120   0.00255979     0.00329532   0.00688169    -0.00192399  -0.00414466
    4    2
 -0.00601543  -0.01931697    -0.02722497  -0.00837357    -0.02278836   0.00238320
 -0.02287955  -0.01092097    -0.01371168  -0.00749097    -0.00303664  -0.01205178
 -0.01770506  -0.00557395    -0.01412275  -0.00798290     0.01747524  -0.02417456
    4    3
 -0.01994979  -0.01514628     0.01741567  -0.00210049     0.01642012   0.01610177
 -0.01678062   0.00213198    -0.00755220   0.00691511     0.00310763   0.00662423
  0.00456126  -0.00016278     0.00382537   0.00451512    -0.01663908  -0.00727893
    4    4
  0.04113177   0.00000000     0.01245983   0.00141070     0.00776810  -0.00621980
  0.01245983  -0.00141070     0.02532683   0.00000000     0.01245983   0.00141070
  0.00776810   0.00621980     0.01245983  -0.00141070     0.04113177   0.00000000
    4    5
 -0.02386528   0.00277549     0.00759724   0.00261615     0.00011714   0.00000000
  0.00759724   0.00261615     0.01794946  -0.00000000     0.00759724  -0.00261615
  0.00011714   0.00000000     0.00759724  -0.00261615    -0.02386528  -0.00277549
    4    6
  0.01747524   0.02417456    -0.01412275   0.00798290    -0.01770506   0.00557395
 -0.00303664   0.01205178    -0.01371168   0.00749097    -0.02287955   0.01092097
 -0.02278836  -0.00238320    -0.02722497   0.00837357    -0.00601543   0.01931697
    4    7
 -0.01663908   0.00727893     0.00382537  -0.00451512     0.00456126   0.00016278
  0.00310763  -0.00662423    -0.00755220  -0.00691511    -0.01678062  -0.00213198
  0.01642012  -0.01610177     0.01741567   0.00210049    -0.01994979   0.01514628
    5    1
 -0.00192399  -0.00414466     0.00329532   0.00688169    -0.00991120   0.00255979
 -0.00079979  -0.00499330     0.00000000   0.00938360     0.00079979  -0.00499330
  0.00991120   0.00255979    -0.00329532   0.00688169     0.00192399  -0.00414466
    5    2
 -0.01994979   0.01514628     0.01741567   0.00210049     0.01642012  -0.01610177
 -0.01678062  -0.00213198    -0.00755220  -0.00691511     0.00310763  -0.00662423
  0.00456126   0.00016278     0.00382537  -0.00451512    -0.01663908   0.00727893
    5    3
 -0.00601543   0.01931697    -0.02722497   0.00837357    -0.02278836  -0.00238320
 -0.02287955   0.01092097    -0.01371168   0.00749097    -0.00303664   0.01205178
 -0.01770506   0.00557395    -0.01412275   0.00798290     0.01747524   0.02417456
    5    4
 -0.02386528  -0.00277549     0.00759724  -0.00261615     0.00011714  -0.00000000
  0.00759724  -0.00261615     0.01794946   0.00000000     0.00759724   0.00261615
  0.00011714  -0.00000000     0.00759724   0.00261615    -0.02386528   0.00277549
    5    5
  0.04113177  -0.00000000     0.01245983  -0.00141070     0.00776810   0.00621980
  0.01245983   0.00141070     0.02532683  -0.00000000     0.01245983  -0.00141070
  0.00776810  -0.00621980     0.01245983   0.00141070     0.04113177   0.00000000
    5    6
 -0.01663908  -0.00727893     0.00382537   0.00451512     0.00456126  -0.00016278
  0.00310763   0.00662423    -0.00755220   0.00691511    -0.01678062   0.00213198
  0.01642012   0.01610177     0.01741567  -0.00210049    -0.01994979  -0.01514628
    5    7
  0.01747524  -0.02417456    -0.01412275  -0.00798290    -0.01770506  -0.00557395
 -0.00303664  -0.01205178    -0.01371168  -0.00749097    -0.02287955  -0.01092097
 -0.02278836   0.00238320    -0.02722497  -0.00837357    -0.00601543  -0.01931697
    6    1
  0.00219298  -0.01020638     0.00385835   0.00323103     0.01442433   0.00273547
  0.00174866   0.00539361     0.00247438  -0.00534465     0.00059697   0.00055762
 -0.00835646   0.00003114     0.00329989  -0.01382977    -0.00568097   0.00813916
    6    2
  0.00231539   0.00393430    -0.00994099   0.01459304    -0.02252449   0.04544124
  0.01401231   0.01758535     0.01299361   0.01158459    -0.00994099   0.01459304
  0.00623934   0.02410245     0.01401231   0.01758535     0.00231539   0.00393430
    6    3
 -0.02426636   0.01260610     0.00919512  -0.00685206     0.03972528   0.00000000
  0.00440585   0.01031118    -0.00413294   0.00000000     0.00919512   0.00685206
  0.01913379   0.00000000     0.00440585  -0.01031118    -0.02426636  -0.01260610
    6    4
  0.01747524  -0.02417456    -0.00303664  -0.01205178    -0.02278836   0.00238320
 -0.01412275  -0.00798290    -0.01371168  -0.00749097    -0.02722497  -0.00837357
 -0.01770506  -0.00557395    -0.02287955  -0.01092097    -0.00601543  -0.01931697
    6    5
 -0.01663908   0.00727893     0.00310763  -0.00662423     0.01642012  -0.01610177
  0.00382537  -0.00451512    -0.00755220  -0.00691511     0.01741567   0.00210049
  0.00456126   0.00016278    -0.01678062  -0.00213198    -0.01994979   0.01514628
    6    6
  0.05818641   0.00000000     0.01548420   0.00279874    -0.00667921   0.00837743
  0.01548420  -0.00279874     0.02834913  -0.00000000     0.01261816  -0.00926857
 -0.00667921  -0.00837743     0.01261816   0.00926857     0.04561623  -0.00000000
    6    7
 -0.02327169   0.02888383    -0.01676229   0.00646851     0.00753388  -0.01062150
 -0.01676229   0.00646851    -0.01505569   0.00076986     0.00995243  -0.00240904
  0.00753388  -0.01062150     0.00995243  -0.00240904     0.02120755   0.00855504
    7    1
 -0.00219298  -0.01020638    -0.00385835   0.00323103    -0.01442433   0.00273547
 -0.00174866   0.00539361    -0.00247438  -0.00534465    -0.00059697   0.00055762
  0.00835646   0.00003114    -0.00329989  -0.01382977     0.00568097   0.00813916
    7    2
 -0.02426636  -0.01260610     0.00919512   0.00685206     0.03972528  -0.00000000
  0.00440585  -0.01031118    -0.00413294   0.00000000     0.00919512  -0.00685206
  0.01913379  -0.00000000     0.00440585   0.01031118    -0.02426636   0.01260610
    7    3
  0.00231539  -0.00393430    -0.00994099  -0.01459304    -0.02252449  -0.04544124
  0.01401231  -0.01758535     0.01299361  -0.01158459    -0.00994099  -0.01459304
  0.00623934  -0.02410245     0.01401231  -0.01758535     0.00231539  -0.00393430
    7    4
 -0.01663908  -0.00727893     0.00310763   0.00662423     0.01642012   0.01610177
  0.00382537   0.00451512    -0.00755220   0.00691511     0.01741567  -0.00210049
  0.00456126  -0.00016278    -0.01678062   0.00213198    -0.01994979  -0.01514628
    7    5
  0.01747524   0.02417456    -0.00303664   0.01205178    -0.02278836  -0.00238320
 -0.01412275   0.00798290    -0.01371168   0.00749097    -0.02722497   0.00837357
 -0.01770506   0.00557395    -0.02287955   0.01092097    -0.00601543   0.01931697
    7    6
 -0.02327169  -0.02888383    -0.01676229  -0.00646851     0.00753388   0.01062150
 -0.01676229  -0.00646851    -0.01505569  -0.00076986     0.00995243   0.00240904
  0.00753388   0.01062150     0.00995243   0.00240904     0.02120755  -0.00855504
    7    7
  0.05818641  -0.00000000     0.01548420  -0.00279874    -0.00667921  -0.00837743
  0.01548420   0.00279874     0.02834913   0.00000000     0.01261816   0.00926857
 -0.00667921   0.00837743     0.01261816  -0.00926857     0.04561623   0.00000000

     Dynamical  Matrix in cartesian axes

     q = (    0.324759526  -0.324759526   0.216506351 ) 

    1    1
  0.03119864   0.00000000     0.00973323   0.00000000    -0.00048076   0.00000000
  0.00973323   0.00000000     0.03119864   0.00000000     0.00048076   0.00000000
 -0.00048076   0.00000000     0.00048076   0.00000000     0.01533931   0.00000000
    1    2
 -0.00568097  -0.00813916    -0.01442433   0.00273547     0.00059697  -0.00055762
  0.00835646   0.00003114     0.00219298   0.01020638    -0.00174866   0.00539361
  0.00329989   0.01382977    -0.00385835   0.00323103     0.00247438   0.00534465
    1    3
  0.00173820   0.00977231    -0.01213381   0.00826528     0.00081642  -0.00002783
  0.00588689  -0.00593093    -0.00566633  -0.00876767    -0.00505034  -0.00257737
 -0.00744575  -0.01211250    -0.00501295   0.00044359    -0.00202959  -0.00552888
    1    4
 -0.00566633   0.00876767     0.00588689   0.00593093     0.00505034  -0.00257737
 -0.01213381  -0.00826528     0.00173820  -0.00977231    -0.00081642  -0.00002783
  0.00501295   0.00044359     0.00744575  -0.01211250    -0.00202959   0.00552888
    1    5
 -0.01020638  -0.00219298    -0.00003114  -0.00835646     0.00539361  -0.00174866
 -0.00273547   0.01442433     0.00813916   0.00568097    -0.00055762   0.00059697
  0.00323103  -0.00385835     0.01382977   0.00329989    -0.00534465  -0.00247438
    1    6
 -0.00157025  -0.00429118     0.00519823  -0.00881832    -0.00296526  -0.00409633
 -0.00881832   0.00519823    -0.00429118  -0.00157025     0.00409633   0.00296526
  0.00253594   0.00719624    -0.00719624  -0.00253594     0.00663521   0.00663521
    1    7
  0.00192399   0.00414466     0.00991120   0.00255979     0.00079979   0.00499330
 -0.00991120   0.00255979    -0.00192399   0.00414466     0.00079979  -0.00499330
