  2.000000000000000E-002   1.26015754758087        2.29045391948694     
          12

     Dynamical  Matrix in cartesian axes

     q = (    0.108253200   0.108253200   0.000000000 ) 

    1    1
  0.05047738   0.00000000     0.04509116   0.00000000    -0.00000000   0.00000000
  0.04509116   0.00000000     0.05047738   0.00000000    -0.00000000   0.00000000
 -0.00000000   0.00000000    -0.00000000   0.00000000     0.00841022   0.00000000
    1    2
 -0.00793249   0.01582266    -0.00114714   0.00912313     0.00000000   0.00000000
 -0.00860708   0.01523796    -0.00122898   0.00854790     0.00000000   0.00000000
  0.00000000   0.00000000     0.00000000   0.00000000    -0.00271413  -0.00720211
    1    3
 -0.01679743  -0.00557919    -0.00726218  -0.00563987     0.00000000  -0.00000000
 -0.01686099  -0.00468874    -0.00691330  -0.00517526    -0.00000000  -0.00000000
 -0.00000000  -0.00000000    -0.00000000  -0.00000000     0.00317348   0.00701184
    1    4
 -0.00691330  -0.00517526    -0.01686099  -0.00468874     0.00000000  -0.00000000
 -0.00726218  -0.00563987    -0.01679743  -0.00557919     0.00000000  -0.00000000
 -0.00000000  -0.00000000    -0.00000000  -0.00000000     0.00317348   0.00701184
    1    5
 -0.00122898   0.00854790    -0.00860708   0.01523796     0.00000000   0.00000000
 -0.00114714   0.00912313    -0.00793249   0.01582266     0.00000000   0.00000000
  0.00000000   0.00000000     0.00000000   0.00000000    -0.00271413  -0.00720211
    1    6
  0.00397350  -0.00164588     0.00382524  -0.00158447    -0.00007255  -0.00017515
  0.00382524  -0.00158447     0.00397350  -0.00164588     0.00007255   0.00017515
  0.00269133   0.00649745    -0.00269133  -0.00649745    -0.00283025   0.00117233
    1    7
  0.00397350  -0.00164588     0.00382524  -0.00158447     0.00007255   0.00017515
  0.00382524  -0.00158447     0.00397350  -0.00164588    -0.00007255  -0.00017515
 -0.00269133  -0.00649745     0.00269133   0.00649745    -0.00283025   0.00117233
    2    1
 -0.00793249  -0.01582266    -0.00860708  -0.01523796     0.00000000  -0.00000000
 -0.00114714  -0.00912313    -0.00122898  -0.00854790     0.00000000  -0.00000000
  0.00000000  -0.00000000    -0.00000000   0.00000000    -0.00271413   0.00720211
    2    2
  0.03949487   0.00000000     0.00524027  -0.01583869    -0.00000000   0.00000000
  0.00524027   0.01583869     0.09533235  -0.00000000    -0.00000000   0.00000000
 -0.00000000   0.00000000     0.00000000   0.00000000     0.02984313  -0.00000000
    2    3
 -0.01217987   0.01111601     0.00449213   0.01917209     0.00000000  -0.00000000
  0.00449213   0.01917209    -0.07061441   0.05501683     0.00000000  -0.00000000
  0.00000000   0.00000000     0.00000000   0.00000000    -0.02616793   0.00387333
    2    4
  0.00326757   0.01841638    -0.01515850   0.00710506     0.00000000   0.00000000
 -0.07076793   0.05490431     0.00326757   0.01841638     0.00000000   0.00000000
  0.00000000   0.00000000     0.00000000   0.00000000     0.00346128   0.00221745
    2    5
  0.00378829  -0.01696433     0.03051675  -0.00000000    -0.00000000   0.00000000
  0.09368690  -0.00000000     0.00378829   0.01696433     0.00000000   0.00000000
 -0.00000000  -0.00000000     0.00000000  -0.00000000    -0.00437090   0.00000000
    2    6
 -0.00525771  -0.00089656    -0.00271119   0.00116861    -0.00283181   0.00301627
 -0.00043305  -0.00513672     0.00036460  -0.00490511     0.00007525   0.00114414
 -0.02836656   0.00235074    -0.00428936  -0.00130557    -0.00121185  -0.00436609
    2    7
 -0.00525771  -0.00089656    -0.00271119   0.00116861     0.00283181  -0.00301627
 -0.00043305  -0.00513672     0.00036460  -0.00490511    -0.00007525  -0.00114414
  0.02836656  -0.00235074     0.00428936   0.00130557    -0.00121185  -0.00436609
    3    1
 -0.01679743   0.00557919    -0.01686099   0.00468874    -0.00000000   0.00000000
 -0.00726218   0.00563987    -0.00691330   0.00517526    -0.00000000   0.00000000
  0.00000000   0.00000000     0.00000000   0.00000000     0.00317348  -0.00701184
    3    2
 -0.01217987  -0.01111601     0.00449213  -0.01917209     0.00000000   0.00000000
  0.00449213  -0.01917209    -0.07061441  -0.05501683     0.00000000   0.00000000
  0.00000000   0.00000000     0.00000000   0.00000000    -0.02616793  -0.00387333
    3    3
  0.03949487   0.00000000     0.00524027   0.01583869     0.00000000   0.00000000
  0.00524027  -0.01583869     0.09533235   0.00000000     0.00000000   0.00000000
  0.00000000   0.00000000     0.00000000   0.00000000     0.02984313   0.00000000
    3    4
  0.00378829   0.01696433     0.03051675  -0.00000000     0.00000000  -0.00000000
  0.09368690  -0.00000000     0.00378829  -0.01696433     0.00000000  -0.00000000
  0.00000000  -0.00000000     0.00000000  -0.00000000    -0.00437090  -0.00000000
    3    5
  0.00326757  -0.01841638    -0.01515850  -0.00710506     0.00000000  -0.00000000
 -0.07076793  -0.05490431     0.00326757  -0.01841638     0.00000000   0.00000000
  0.00000000  -0.00000000     0.00000000  -0.00000000     0.00346128  -0.00221745
    3    6
 -0.00525771   0.00089656    -0.00271119  -0.00116861     0.00283181   0.00301627
 -0.00043305   0.00513672     0.00036460   0.00490511    -0.00007525   0.00114414
  0.02836656   0.00235074     0.00428936  -0.00130557    -0.00121185   0.00436609
    3    7
 -0.00525771   0.00089656    -0.00271119  -0.00116861    -0.00283181  -0.00301627
 -0.00043305   0.00513672     0.00036460   0.00490511     0.00007525  -0.00114414
 -0.02836656  -0.00235074    -0.00428936   0.00130557    -0.00121185   0.00436609
    4    1
 -0.00691330   0.00517526    -0.00726218   0.00563987    -0.00000000   0.00000000
 -0.01686099   0.00468874    -0.01679743   0.00557919    -0.00000000   0.00000000
 -0.00000000   0.00000000     0.00000000   0.00000000     0.00317348  -0.00701184
    4    2
  0.00326757  -0.01841638    -0.07076793  -0.05490431     0.00000000  -0.00000000
 -0.01515850  -0.00710506     0.00326757  -0.01841638     0.00000000   0.00000000
  0.00000000   0.00000000     0.00000000   0.00000000     0.00346128  -0.00221745
    4    3
  0.00378829  -0.01696433     0.09368690  -0.00000000     0.00000000   0.00000000
  0.03051675   0.00000000     0.00378829   0.01696433     0.00000000   0.00000000
  0.00000000   0.00000000    -0.00000000   0.00000000    -0.00437090  -0.00000000
    4    4
  0.09533235   0.00000000     0.00524027  -0.01583869    -0.00000000   0.00000000
  0.00524027   0.01583869     0.03949487   0.00000000    -0.00000000   0.00000000
  0.00000000   0.00000000     0.00000000   0.00000000     0.02984313   0.00000000
    4    5
 -0.07061441  -0.05501683     0.00449213  -0.01917209     0.00000000   0.00000000
  0.00449213  -0.01917209    -0.01217987  -0.01111601     0.00000000   0.00000000
  0.00000000   0.00000000    -0.00000000   0.00000000    -0.02616793  -0.00387333
    4    6
  0.00036460   0.00490511    -0.00043305   0.00513672     0.00007525  -0.00114414
 -0.00271119  -0.00116861    -0.00525771   0.00089656    -0.00283181  -0.00301627
 -0.00428936   0.00130557    -0.02836656  -0.00235074    -0.00121185   0.00436609
    4    7
  0.00036460   0.00490511    -0.00043305   0.00513672    -0.00007525   0.00114414
 -0.00271119  -0.00116861    -0.00525771   0.00089656     0.00283181   0.00301627
  0.00428936  -0.00130557     0.02836656   0.00235074    -0.00121185   0.00436609
    5    1
 -0.00122898  -0.00854790    -0.00114714  -0.00912313     0.00000000  -0.00000000
 -0.00860708  -0.01523796    -0.00793249  -0.01582266     0.00000000  -0.00000000
  0.00000000  -0.00000000     0.00000000  -0.00000000    -0.00271413   0.00720211
    5    2
  0.00378829   0.01696433     0.09368690   0.00000000     0.00000000   0.00000000
  0.03051675   0.00000000     0.00378829  -0.01696433     0.00000000   0.00000000
  0.00000000   0.00000000     0.00000000   0.00000000    -0.00437090   0.00000000
    5    3
  0.00326757   0.01841638    -0.07076793   0.05490431     0.00000000   0.00000000
 -0.01515850   0.00710506     0.00326757   0.01841638     0.00000000   0.00000000
  0.00000000   0.00000000     0.00000000  -0.00000000     0.00346128   0.00221745
    5    4
 -0.07061441   0.05501683     0.00449213   0.01917209     0.00000000  -0.00000000
  0.00449213   0.01917209    -0.01217987   0.01111601    -0.00000000  -0.00000000
 -0.00000000   0.00000000     0.00000000   0.00000000    -0.02616793   0.00387333
    5    5
  0.09533235  -0.00000000     0.00524027   0.01583869    -0.00000000   0.00000000
  0.00524027  -0.01583869     0.03949487  -0.00000000    -0.00000000   0.00000000
  0.00000000   0.00000000     0.00000000   0.00000000     0.02984313  -0.00000000
    5    6
  0.00036460  -0.00490511    -0.00043305  -0.00513672    -0.00007525  -0.00114414
 -0.00271119   0.00116861    -0.00525771  -0.00089656     0.00283181  -0.00301627
  0.00428936   0.00130557     0.02836656  -0.00235074    -0.00121185  -0.00436609
    5    7
  0.00036460  -0.00490511    -0.00043305  -0.00513672     0.00007525   0.00114414
 -0.00271119   0.00116861    -0.00525771  -0.00089656    -0.00283181   0.00301627
 -0.00428936  -0.00130557    -0.02836656   0.00235074    -0.00121185  -0.00436609
    6    1
  0.00397350   0.00164588     0.00382524   0.00158447     0.00269133  -0.00649745
  0.00382524   0.00158447     0.00397350   0.00164588    -0.00269133   0.00649745
 -0.00007255   0.00017515     0.00007255  -0.00017515    -0.00283025  -0.00117233
    6    2
 -0.00525771   0.00089656    -0.00043305   0.00513672    -0.02836656  -0.00235074
 -0.00271119  -0.00116861     0.00036460   0.00490511    -0.00428936   0.00130557
 -0.00283181  -0.00301627     0.00007525  -0.00114414    -0.00121185   0.00436609
    6    3
 -0.00525771  -0.00089656    -0.00043305  -0.00513672     0.02836656  -0.00235074
 -0.00271119   0.00116861     0.00036460  -0.00490511     0.00428936   0.00130557
  0.00283181  -0.00301627    -0.00007525  -0.00114414    -0.00121185  -0.00436609
    6    4
  0.00036460  -0.00490511    -0.00271119   0.00116861    -0.00428936  -0.00130557
 -0.00043305  -0.00513672    -0.00525771  -0.00089656    -0.02836656   0.00235074
  0.00007525   0.00114414    -0.00283181   0.00301627    -0.00121185  -0.00436609
    6    5
  0.00036460   0.00490511    -0.00271119  -0.00116861     0.00428936  -0.00130557
 -0.00043305   0.00513672    -0.00525771   0.00089656     0.02836656   0.00235074
 -0.00007525   0.00114414     0.00283181   0.00301627    -0.00121185   0.00436609
    6    6
  0.03412019   0.00000000     0.00690952   0.00000000    -0.00000000   0.00242075
  0.00690952   0.00000000     0.03412019   0.00000000    -0.00000000  -0.00242075
 -0.00000000  -0.00242075    -0.00000000   0.00242075     0.01064910  -0.00000000
    6    7
 -0.02607832  -0.00000000    -0.00324994  -0.00000000    -0.00000000   0.00681695
 -0.00324994  -0.00000000    -0.02607832   0.00000000    -0.00000000  -0.00681695
 -0.00000000   0.00681695    -0.00000000  -0.00681695    -0.00202319   0.00000000
    7    1
  0.00397350   0.00164588     0.00382524   0.00158447    -0.00269133   0.00649745
  0.00382524   0.00158447     0.00397350   0.00164588     0.00269133  -0.00649745
  0.00007255  -0.00017515    -0.00007255   0.00017515    -0.00283025  -0.00117233
    7    2
 -0.00525771   0.00089656    -0.00043305   0.00513672     0.02836656   0.00235074
 -0.00271119  -0.00116861     0.00036460   0.00490511     0.00428936  -0.00130557
  0.00283181   0.00301627    -0.00007525   0.00114414    -0.00121185   0.00436609
    7    3
 -0.00525771  -0.00089656    -0.00043305  -0.00513672    -0.02836656   0.00235074
 -0.00271119   0.00116861     0.00036460  -0.00490511    -0.00428936  -0.00130557
 -0.00283181   0.00301627     0.00007525   0.00114414    -0.00121185  -0.00436609
    7    4
  0.00036460  -0.00490511    -0.00271119   0.00116861     0.00428936   0.00130557
 -0.00043305  -0.00513672    -0.00525771  -0.00089656     0.02836656  -0.00235074
 -0.00007525  -0.00114414     0.00283181  -0.00301627    -0.00121185  -0.00436609
    7    5
  0.00036460   0.00490511    -0.00271119  -0.00116861    -0.00428936   0.00130557
 -0.00043305   0.00513672    -0.00525771   0.00089656    -0.02836656  -0.00235074
  0.00007525  -0.00114414    -0.00283181  -0.00301627    -0.00121185   0.00436609
    7    6
 -0.02607832   0.00000000    -0.00324994  -0.00000000    -0.00000000  -0.00681695
 -0.00324994  -0.00000000    -0.02607832  -0.00000000    -0.00000000   0.00681695
 -0.00000000  -0.00681695    -0.00000000   0.00681695    -0.00202319   0.00000000
    7    7
  0.03412019   0.00000000     0.00690952   0.00000000    -0.00000000  -0.00242075
  0.00690952  -0.00000000     0.03412019  -0.00000000    -0.00000000   0.00242075
 -0.00000000   0.00242075     0.00000000  -0.00242075     0.01064910   0.00000000

     Dynamical  Matrix in cartesian axes

     q = (   -0.108253200  -0.108253200   0.000000000 ) 

    1    1
  0.05047738   0.00000000     0.04509116   0.00000000    -0.00000000   0.00000000
  0.04509116   0.00000000     0.05047738   0.00000000    -0.00000000   0.00000000
 -0.00000000   0.00000000    -0.00000000   0.00000000     0.00841022   0.00000000
    1    2
 -0.00793249  -0.01582266    -0.00114714  -0.00912313     0.00000000  -0.00000000
 -0.00860708  -0.01523796    -0.00122898  -0.00854790     0.00000000  -0.00000000
  0.00000000  -0.00000000     0.00000000  -0.00000000    -0.00271413   0.00720211
    1    3
 -0.01679743   0.00557919    -0.00726218   0.00563987    -0.00000000   0.00000000
 -0.01686099   0.00468874    -0.00691330   0.00517526    -0.00000000   0.00000000
 -0.00000000   0.00000000    -0.00000000   0.00000000     0.00317348  -0.00701184
    1    4
 -0.00691330   0.00517526    -0.01686099   0.00468874     0.00000000   0.00000000
 -0.00726218   0.00563987    -0.01679743   0.00557919     0.00000000   0.00000000
 -0.00000000   0.00000000    -0.00000000   0.00000000     0.00317348  -0.00701184
    1    5
 -0.00122898  -0.00854790    -0.00860708  -0.01523796     0.00000000  -0.00000000
 -0.00114714  -0.00912313    -0.00793249  -0.01582266     0.00000000  -0.00000000
  0.00000000  -0.00000000     0.00000000  -0.00000000    -0.00271413   0.00720211
    1    6
  0.00397350   0.00164588     0.00382524   0.00158447    -0.00007255   0.00017515
  0.00382524   0.00158447     0.00397350   0.00164588     0.00007255  -0.00017515
  0.00269133  -0.00649745    -0.00269133   0.00649745    -0.00283025  -0.00117233
    1    7
  0.00397350   0.00164588     0.00382524   0.00158447     0.00007255  -0.00017515
  0.00382524   0.00158447     0.00397350   0.00164588    -0.00007255   0.00017515
 -0.00269133   0.00649745     0.00269133  -0.00649745    -0.00283025  -0.00117233
    2    1
 -0.00793249   0.01582266    -0.00860708   0.01523796     0.00000000   0.00000000
 -0.00114714   0.00912313    -0.00122898   0.00854790     0.00000000   0.00000000
  0.00000000   0.00000000     0.00000000   0.00000000    -0.00271413  -0.00720211
    2    2
  0.03949487  -0.00000000     0.00524027   0.01583869     0.00000000   0.00000000
  0.00524027  -0.01583869     0.09533235  -0.00000000     0.00000000   0.00000000
  0.00000000   0.00000000     0.00000000   0.00000000     0.02984313   0.00000000
    2    3
 -0.01217987  -0.01111601     0.00449213  -0.01917209     0.00000000   0.00000000
  0.00449213  -0.01917209    -0.07061441  -0.05501683     0.00000000   0.00000000
  0.00000000   0.00000000     0.00000000   0.00000000    -0.02616793  -0.00387333
    2    4
  0.00326757  -0.01841638    -0.01515850  -0.00710506     0.00000000  -0.00000000
 -0.07076793  -0.05490431     0.00326757  -0.01841638     0.00000000   0.00000000
  0.00000000  -0.00000000     0.00000000  -0.00000000     0.00346128  -0.00221745
    2    5
  0.00378829   0.01696433     0.03051675   0.00000000    -0.00000000   0.00000000
  0.09368690  -0.00000000     0.00378829  -0.01696433     0.00000000   0.00000000
 -0.00000000   0.00000000     0.00000000   0.00000000    -0.00437090  -0.00000000
    2    6
 -0.00525771   0.00089656    -0.00271119  -0.00116861    -0.00283181  -0.00301627
 -0.00043305   0.00513672     0.00036460   0.00490511     0.00007525  -0.00114414
 -0.02836656  -0.00235074    -0.00428936   0.00130557    -0.00121185   0.00436609
    2    7
 -0.00525771   0.00089656    -0.00271119  -0.00116861     0.00283181   0.00301627
 -0.00043305   0.00513672     0.00036460   0.00490511    -0.00007525   0.00114414
  0.02836656   0.00235074     0.00428936  -0.00130557    -0.00121185   0.00436609
    3    1
 -0.01679743  -0.00557919    -0.01686099  -0.00468874    -0.00000000  -0.00000000
 -0.00726218  -0.00563987    -0.00691330  -0.00517526    -0.00000000  -0.00000000
 -0.00000000  -0.00000000    -0.00000000  -0.00000000     0.00317348   0.00701184
    3    2
 -0.01217987   0.01111601     0.00449213   0.01917209     0.00000000  -0.00000000
  0.00449213   0.01917209    -0.07061441   0.05501683     0.00000000  -0.00000000
  0.00000000   0.00000000     0.00000000   0.00000000    -0.02616793   0.00387333
    3    3
  0.03949487   0.00000000     0.00524027  -0.01583869     0.00000000   0.00000000
  0.00524027   0.01583869     0.09533235  -0.00000000     0.00000000   0.00000000
 -0.00000000   0.00000000     0.00000000   0.00000000     0.02984313  -0.00000000
    3    4
  0.00378829  -0.01696433     0.03051675   0.00000000     0.00000000   0.00000000
  0.09368690   0.00000000     0.00378829   0.01696433     0.00000000   0.00000000
  0.00000000   0.00000000     0.00000000   0.00000000    -0.00437090   0.00000000
    3    5
  0.00326757   0.01841638    -0.01515850   0.00710506     0.00000000   0.00000000
 -0.07076793   0.05490431     0.00326757   0.01841638     0.00000000   0.00000000
  0.00000000   0.00000000     0.00000000   0.00000000     0.00346128   0.00221745
    3    6
 -0.00525771  -0.00089656    -0.00271119   0.00116861     0.00283181  -0.00301627
 -0.00043305  -0.00513672     0.00036460  -0.00490511    -0.00007525  -0.00114414
  0.02836656  -0.00235074     0.00428936   0.00130557    -0.00121185  -0.00436609
    3    7
 -0.00525771  -0.00089656    -0.00271119   0.00116861    -0.00283181   0.00301627
 -0.00043305  -0.00513672     0.00036460  -0.00490511     0.00007525   0.00114414
 -0.02836656   0.00235074    -0.00428936  -0.00130557    -0.00121185  -0.00436609
    4    1
 -0.00691330  -0.00517526    -0.00726218  -0.00563987    -0.00000000  -0.00000000
 -0.01686099  -0.00468874    -0.01679743  -0.00557919    -0.00000000  -0.00000000
 -0.00000000  -0.00000000    -0.00000000  -0.00000000     0.00317348   0.00701184
    4    2
  0.00326757   0.01841638    -0.07076793   0.05490431     0.00000000   0.00000000
 -0.01515850   0.00710506     0.00326757   0.01841638     0.00000000   0.00000000
  0.00000000   0.00000000     0.00000000   0.00000000     0.00346128   0.00221745
    4    3
  0.00378829   0.01696433     0.09368690   0.00000000     0.00000000   0.00000000
  0.03051675  -0.00000000     0.00378829  -0.01696433     0.00000000   0.00000000
  0.00000000   0.00000000    -0.00000000   0.00000000    -0.00437090   0.00000000
    4    4
  0.09533235  -0.00000000     0.00524027   0.01583869    -0.00000000   0.00000000
  0.00524027  -0.01583869     0.03949487  -0.00000000    -0.00000000   0.00000000
  0.00000000   0.00000000     0.00000000   0.00000000     0.02984313  -0.00000000
    4    5
 -0.07061441   0.05501683     0.00449213   0.01917209     0.00000000  -0.00000000
  0.00449213   0.01917209    -0.01217987   0.01111601     0.00000000  -0.00000000
  0.00000000  -0.00000000    -0.00000000   0.00000000    -0.02616793   0.00387333
    4    6
  0.00036460  -0.00490511    -0.00043305  -0.00513672     0.00007525   0.00114414
 -0.00271119   0.00116861    -0.00525771  -0.00089656    -0.00283181   0.00301627
 -0.00428936  -0.00130557    -0.02836656   0.00235074    -0.00121185  -0.00436609
    4    7
  0.00036460  -0.00490511    -0.00043305  -0.00513672    -0.00007525  -0.00114414
 -0.00271119   0.00116861    -0.00525771  -0.00089656     0.00283181  -0.00301627
  0.00428936   0.00130557     0.02836656  -0.00235074    -0.00121185  -0.00436609
    5    1
 -0.00122898   0.00854790    -0.00114714   0.00912313     0.00000000   0.00000000
 -0.00860708   0.01523796    -0.00793249   0.01582266     0.00000000   0.00000000
  0.00000000   0.00000000     0.00000000   0.00000000    -0.00271413  -0.00720211
    5    2
  0.00378829  -0.01696433     0.09368690  -0.00000000    -0.00000000  -0.00000000
  0.03051675  -0.00000000     0.00378829   0.01696433     0.00000000  -0.00000000
  0.00000000  -0.00000000     0.00000000  -0.00000000    -0.00437090  -0.00000000
    5    3
  0.00326757  -0.01841638    -0.07076793  -0.05490431     0.00000000   0.00000000
 -0.01515850  -0.00710506     0.00326757  -0.01841638     0.00000000  -0.00000000
  0.00000000  -0.00000000     0.00000000   0.00000000     0.00346128  -0.00221745
    5    4
 -0.07061441  -0.05501683     0.00449213  -0.01917209     0.00000000   0.00000000
  0.00449213  -0.01917209    -0.01217987  -0.01111601    -0.00000000   0.00000000
  0.00000000   0.00000000     0.00000000   0.00000000    -0.02616793  -0.00387333
    5    5
  0.09533235   0.00000000     0.00524027  -0.01583869    -0.00000000   0.00000000
  0.00524027   0.01583869     0.03949487   0.00000000    -0.00000000   0.00000000
  0.00000000   0.00000000     0.00000000   0.00000000     0.02984313   0.00000000
    5    6
  0.00036460   0.00490511    -0.00043305   0.00513672    -0.00007525   0.00114414
 -0.00271119  -0.00116861    -0.00525771   0.00089656     0.00283181   0.00301627
  0.00428936  -0.00130557     0.02836656   0.00235074    -0.00121185   0.00436609
    5    7
  0.00036460   0.00490511    -0.00043305   0.00513672     0.00007525  -0.00114414
 -0.00271119  -0.00116861    -0.00525771   0.00089656    -0.00283181  -0.00301627
 -0.00428936   0.00130557    -0.02836656  -0.00235074    -0.00121185   0.00436609
    6    1
  0.00397350  -0.00164588     0.00382524  -0.00158447     0.00269133   0.00649745
  0.00382524  -0.00158447     0.00397350  -0.00164588    -0.00269133  -0.00649745
 -0.00007255  -0.00017515     0.00007255   0.00017515    -0.00283025   0.00117233
    6    2
 -0.00525771  -0.00089656    -0.00043305  -0.00513672    -0.02836656   0.00235074
 -0.00271119   0.00116861     0.00036460  -0.00490511    -0.00428936  -0.00130557
 -0.00283181   0.00301627     0.00007525   0.00114414    -0.00121185  -0.00436609
    6    3
 -0.00525771   0.00089656    -0.00043305   0.00513672     0.02836656   0.00235074
 -0.00271119  -0.00116861     0.00036460   0.00490511     0.00428936  -0.00130557
  0.00283181   0.00301627    -0.00007525   0.00114414    -0.00121185   0.00436609
    6    4
  0.00036460   0.00490511    -0.00271119  -0.00116861    -0.00428936   0.00130557
 -0.00043305   0.00513672    -0.00525771   0.00089656    -0.02836656  -0.00235074
  0.00007525  -0.00114414    -0.00283181  -0.00301627    -0.00121185   0.00436609
    6    5
  0.00036460  -0.00490511    -0.00271119   0.00116861     0.00428936   0.00130557
 -0.00043305  -0.00513672    -0.00525771  -0.00089656     0.02836656  -0.00235074
 -0.00007525  -0.00114414     0.00283181  -0.00301627    -0.00121185  -0.00436609
    6    6
  0.03412019  -0.00000000     0.00690952  -0.00000000    -0.00000000  -0.00242075
  0.00690952  -0.00000000     0.03412019  -0.00000000    -0.00000000   0.00242075
 -0.00000000   0.00242075    -0.00000000  -0.00242075     0.01064910   0.00000000
    6    7
 -0.02607832   0.00000000    -0.00324994  -0.00000000    -0.00000000  -0.00681695
 -0.00324994  -0.00000000    -0.02607832  -0.00000000    -0.00000000   0.00681695
 -0.00000000  -0.00681695    -0.00000000   0.00681695    -0.00202319   0.00000000
    7    1
  0.00397350  -0.00164588     0.00382524  -0.00158447    -0.00269133  -0.00649745
  0.00382524  -0.00158447     0.00397350  -0.00164588     0.00269133   0.00649745
  0.00007255   0.00017515    -0.00007255  -0.00017515    -0.00283025   0.00117233
    7    2
 -0.00525771  -0.00089656    -0.00043305  -0.00513672     0.02836656  -0.00235074
 -0.00271119   0.00116861     0.00036460  -0.00490511     0.00428936   0.00130557
  0.00283181  -0.00301627    -0.00007525  -0.00114414    -0.00121185  -0.00436609
    7    3
 -0.00525771   0.00089656    -0.00043305   0.00513672    -0.02836656  -0.00235074
 -0.00271119  -0.00116861     0.00036460   0.00490511    -0.00428936   0.00130557
 -0.00283181  -0.00301627     0.00007525  -0.00114414    -0.00121185   0.00436609
    7    4
  0.00036460   0.00490511    -0.00271119  -0.00116861     0.00428936  -0.00130557
 -0.00043305   0.00513672    -0.00525771   0.00089656     0.02836656   0.00235074
 -0.00007525   0.00114414     0.00283181   0.00301627    -0.00121185   0.00436609
    7    5
  0.00036460  -0.00490511    -0.00271119   0.00116861    -0.00428936  -0.00130557
 -0.00043305  -0.00513672    -0.00525771  -0.00089656    -0.02836656   0.00235074
  0.00007525   0.00114414    -0.00283181   0.00301627    -0.00121185  -0.00436609
    7    6
 -0.02607832  -0.00000000    -0.00324994  -0.00000000    -0.00000000   0.00681695
 -0.00324994  -0.00000000    -0.02607832   0.00000000    -0.00000000  -0.00681695
 -0.00000000   0.00681695    -0.00000000  -0.00681695    -0.00202319   0.00000000
    7    7
  0.03412019  -0.00000000     0.00690952  -0.00000000    -0.00000000   0.00242075
  0.00690952   0.00000000     0.03412019   0.00000000    -0.00000000  -0.00242075
 -0.00000000  -0.00242075     0.00000000   0.00242075     0.01064910  -0.00000000

     Dynamical  Matrix in cartesian axes

     q = (    0.108253200  -0.108253200   0.000000000 ) 

    1    1
  0.05047738   0.00000000    -0.04509116  -0.00000000     0.00000000  -0.00000000
 -0.04509116  -0.00000000     0.05047738   0.00000000     0.00000000  -0.00000000
  0.00000000  -0.00000000    -0.00000000  -0.00000000     0.00841022  -0.00000000
    1    2
 -0.00793249   0.01582266     0.00114714  -0.00912313     0.00000000   0.00000000
  0.00860708  -0.01523796    -0.00122898   0.00854790     0.00000000   0.00000000
 -0.00000000   0.00000000     0.00000000   0.00000000    -0.00271413  -0.00720211
    1    3
 -0.00793249  -0.01582266     0.00114714   0.00912313     0.00000000   0.00000000
  0.00860708   0.01523796    -0.00122898  -0.00854790     0.00000000  -0.00000000
  0.00000000  -0.00000000     0.00000000  -0.00000000    -0.00271413   0.00720211
    1    4
 -0.00122898   0.00854790     0.00860708  -0.01523796    -0.00000000   0.00000000
  0.00114714  -0.00912313    -0.00793249   0.01582266    -0.00000000   0.00000000
  0.00000000   0.00000000     0.00000000   0.00000000    -0.00271413  -0.00720211
    1    5
 -0.00122898  -0.00854790     0.00860708   0.01523796     0.00000000   0.00000000
  0.00114714   0.00912313    -0.00793249  -0.01582266     0.00000000   0.00000000
  0.00000000  -0.00000000     0.00000000  -0.00000000    -0.00271413   0.00720211
    1    6
  0.00397350   0.00164588    -0.00382524  -0.00158447     0.00007255  -0.00017515
 -0.00382524  -0.00158447     0.00397350   0.00164588     0.00007255  -0.00017515
 -0.00269133   0.00649745    -0.00269133   0.00649745    -0.00283025  -0.00117233
    1    7
  0.00397350  -0.00164588    -0.00382524   0.00158447     0.00007255   0.00017515
 -0.00382524   0.00158447     0.00397350  -0.00164588     0.00007255   0.00017515
 -0.00269133  -0.00649745    -0.00269133  -0.00649745    -0.00283025   0.00117233
    2    1
 -0.00793249  -0.01582266     0.00860708   0.01523796     0.00000000   0.00000000
  0.00114714   0.00912313    -0.00122898  -0.00854790    -0.00000000  -0.00000000
 -0.00000000  -0.00000000     0.00000000  -0.00000000    -0.00271413   0.00720211
    2    2
  0.03949487  -0.00000000    -0.00524027   0.01583869    -0.00000000   0.00000000
 -0.00524027  -0.01583869     0.09533235  -0.00000000     0.00000000   0.00000000
 -0.00000000   0.00000000     0.00000000   0.00000000     0.02984313  -0.00000000
    2    3
 -0.01647268  -0.00075227     0.01038030  -0.01673313     0.00000000   0.00000000
  0.01038030  -0.01673313    -0.08883470  -0.01102917     0.00000000   0.00000000
  0.00000000   0.00000000     0.00000000   0.00000000    -0.02124238  -0.01576467
    2    4
  0.00378829  -0.01696433    -0.03051675  -0.00000000     0.00000000   0.00000000
 -0.09368690  -0.00000000     0.00378829   0.01696433    -0.00000000   0.00000000
 -0.00000000  -0.00000000    -0.00000000  -0.00000000    -0.00437090  -0.00000000
    2    5
 -0.01071183   0.01533286     0.01574271   0.00569465     0.00000000   0.00000000
  0.08886369   0.01121729    -0.01071183   0.01533286     0.00000000   0.00000000
  0.00000000   0.00000000     0.00000000  -0.00000000     0.00087952   0.00401546
    2    6
 -0.00308380  -0.00435172     0.00274343   0.00109077    -0.00413521   0.00013043
 -0.00332600   0.00393842     0.00372625  -0.00321063     0.00075582  -0.00086224
 -0.02172040  -0.01839597     0.00210985   0.00395621     0.00223038  -0.00394420
    2    7
 -0.00525771  -0.00089656     0.00271119  -0.00116861     0.00283181  -0.00301627
  0.00043305   0.00513672     0.00036460  -0.00490511     0.00007525   0.00114414
  0.02836656  -0.00235074    -0.00428936  -0.00130557    -0.00121185  -0.00436609
    3    1
 -0.00793249   0.01582266     0.00860708  -0.01523796     0.00000000   0.00000000
  0.00114714  -0.00912313    -0.00122898   0.00854790     0.00000000   0.00000000
  0.00000000   0.00000000    -0.00000000   0.00000000    -0.00271413  -0.00720211
    3    2
 -0.01647268   0.00075227     0.01038030   0.01673313     0.00000000  -0.00000000
  0.01038030   0.01673313    -0.08883470   0.01102917     0.00000000  -0.00000000
  0.00000000  -0.00000000     0.00000000  -0.00000000    -0.02124238   0.01576467
    3    3
  0.03949487   0.00000000    -0.00524027  -0.01583869     0.00000000   0.00000000
 -0.00524027   0.01583869     0.09533235  -0.00000000     0.00000000   0.00000000
  0.00000000   0.00000000     0.00000000   0.00000000     0.02984313   0.00000000
    3    4
 -0.01071183  -0.01533286     0.01574271  -0.00569465     0.00000000   0.00000000
  0.08886369  -0.01121729    -0.01071183  -0.01533286     0.00000000   0.00000000
  0.00000000   0.00000000    -0.00000000   0.00000000     0.00087952  -0.00401546
    3    5
  0.00378829   0.01696433    -0.03051675  -0.00000000     0.00000000   0.00000000
 -0.09368690  -0.00000000     0.00378829  -0.01696433     0.00000000   0.00000000
  0.00000000   0.00000000    -0.00000000   0.00000000    -0.00437090   0.00000000
    3    6
 -0.00525771   0.00089656     0.00271119   0.00116861     0.00283181   0.00301627
  0.00043305  -0.00513672     0.00036460   0.00490511     0.00007525  -0.00114414
  0.02836656   0.00235074    -0.00428936   0.00130557    -0.00121185   0.00436609
    3    7
 -0.00308380   0.00435172     0.00274343  -0.00109077    -0.00413521  -0.00013043
 -0.00332600  -0.00393842     0.00372625   0.00321063     0.00075582   0.00086224
 -0.02172040   0.01839597     0.00210985  -0.00395621     0.00223038   0.00394420
    4    1
 -0.00122898  -0.00854790     0.00114714   0.00912313     0.00000000  -0.00000000
  0.00860708   0.01523796    -0.00793249  -0.01582266     0.00000000  -0.00000000
  0.00000000  -0.00000000     0.00000000  -0.00000000    -0.00271413   0.00720211
    4    2
  0.00378829   0.01696433    -0.09368690   0.00000000     0.00000000   0.00000000
 -0.03051675   0.00000000     0.00378829  -0.01696433     0.00000000   0.00000000
  0.00000000   0.00000000     0.00000000   0.00000000    -0.00437090  -0.00000000
    4    3
 -0.01071183   0.01533286     0.08886369   0.01121729     0.00000000   0.00000000
  0.01574271   0.00569465    -0.01071183   0.01533286     0.00000000   0.00000000
  0.00000000  -0.00000000     0.00000000  -0.00000000     0.00087952   0.00401546
    4    4
  0.09533235   0.00000000    -0.00524027  -0.01583869    -0.00000000   0.00000000
 -0.00524027   0.01583869     0.03949487  -0.00000000    -0.00000000   0.00000000
 -0.00000000   0.00000000     0.00000000   0.00000000     0.02984313  -0.00000000
    4    5
 -0.08883470  -0.01102917     0.01038030  -0.01673313     0.00000000   0.00000000
  0.01038030  -0.01673313    -0.01647268  -0.00075227     0.00000000   0.00000000
  0.00000000   0.00000000     0.00000000   0.00000000    -0.02124238  -0.01576467
    4    6
  0.00372625  -0.00321063    -0.00332600   0.00393842     0.00075582  -0.00086224
  0.00274343   0.00109077    -0.00308380  -0.00435172    -0.00413521   0.00013043
  0.00210985   0.00395621    -0.02172040  -0.01839597     0.00223038  -0.00394420
    4    7
  0.00036460  -0.00490511     0.00043305   0.00513672     0.00007525   0.00114414
  0.00271119  -0.00116861    -0.00525771  -0.00089656     0.00283181  -0.00301627
 -0.00428936  -0.00130557     0.02836656  -0.00235074    -0.00121185  -0.00436609
    5    1
 -0.00122898   0.00854790     0.00114714  -0.00912313     0.00000000   0.00000000
  0.00860708  -0.01523796    -0.00793249   0.01582266     0.00000000   0.00000000
  0.00000000   0.00000000     0.00000000   0.00000000    -0.00271413  -0.00720211
    5    2
 -0.01071183  -0.01533286     0.08886369  -0.01121729    -0.00000000  -0.00000000
  0.01574271  -0.00569465    -0.01071183  -0.01533286    -0.00000000   0.00000000
  0.00000000   0.00000000     0.00000000   0.00000000     0.00087952  -0.00401546
    5    3
  0.00378829  -0.01696433    -0.09368690   0.00000000     0.00000000   0.00000000
 -0.03051675   0.00000000     0.00378829   0.01696433     0.00000000   0.00000000
  0.00000000   0.00000000     0.00000000   0.00000000    -0.00437090   0.00000000
    5    4
 -0.08883470   0.01102917     0.01038030   0.01673313     0.00000000  -0.00000000
  0.01038030   0.01673313    -0.01647268   0.00075227     0.00000000  -0.00000000
  0.00000000  -0.00000000     0.00000000  -0.00000000    -0.02124238   0.01576467
    5    5
  0.09533235  -0.00000000    -0.00524027   0.01583869    -0.00000000   0.00000000
 -0.00524027  -0.01583869     0.03949487   0.00000000     0.00000000   0.00000000
 -0.00000000   0.00000000     0.00000000   0.00000000     0.02984313   0.00000000
    5    6
  0.00036460   0.00490511     0.00043305  -0.00513672     0.00007525  -0.00114414
  0.00271119   0.00116861    -0.00525771   0.00089656     0.00283181   0.00301627
 -0.00428936   0.00130557     0.02836656   0.00235074    -0.00121185   0.00436609
    5    7
  0.00372625   0.00321063    -0.00332600  -0.00393842     0.00075582   0.00086224
  0.00274343  -0.00109077    -0.00308380   0.00435172    -0.00413521  -0.00013043
  0.00210985  -0.00395621    -0.02172040   0.01839597     0.00223038   0.00394420
    6    1
  0.00397350  -0.00164588    -0.00382524   0.00158447    -0.00269133  -0.00649745
 -0.00382524   0.00158447     0.00397350  -0.00164588    -0.00269133  -0.00649745
  0.00007255   0.00017515     0.00007255   0.00017515    -0.00283025   0.00117233
    6    2
 -0.00308380   0.00435172    -0.00332600  -0.00393842    -0.02172040   0.01839597
  0.00274343  -0.00109077     0.00372625   0.00321063     0.00210985  -0.00395621
 -0.00413521  -0.00013043     0.00075582   0.00086224     0.00223038   0.00394420
    6    3
 -0.00525771  -0.00089656     0.00043305   0.00513672     0.02836656  -0.00235074
  0.00271119  -0.00116861     0.00036460  -0.00490511    -0.00428936  -0.00130557
  0.00283181  -0.00301627     0.00007525   0.00114414    -0.00121185  -0.00436609
    6    4
  0.00372625   0.00321063     0.00274343  -0.00109077     0.00210985  -0.00395621
 -0.00332600  -0.00393842    -0.00308380   0.00435172    -0.02172040   0.01839597
  0.00075582   0.00086224    -0.00413521  -0.00013043     0.00223038   0.00394420
    6    5
  0.00036460  -0.00490511     0.00271119  -0.00116861    -0.00428936  -0.00130557
  0.00043305   0.00513672    -0.00525771  -0.00089656     0.02836656  -0.00235074
  0.00007525   0.00114414     0.00283181  -0.00301627    -0.00121185  -0.00436609
    6    6
  0.03412019   0.00000000    -0.00690952   0.00000000    -0.00000000   0.00242075
 -0.00690952   0.00000000     0.03412019   0.00000000    -0.00000000   0.00242075
 -0.00000000  -0.00242075    -0.00000000  -0.00242075     0.01064910  -0.00000000
    6    7
 -0.01844015   0.01844016     0.00229805  -0.00229805     0.00482031   0.00482031
  0.00229805  -0.00229805    -0.01844015   0.01844016     0.00482031   0.00482031
  0.00482031   0.00482031     0.00482031   0.00482031    -0.00143061   0.00143061
    7    1
  0.00397350   0.00164588    -0.00382524  -0.00158447    -0.00269133   0.00649745
 -0.00382524  -0.00158447     0.00397350   0.00164588    -0.00269133   0.00649745
  0.00007255  -0.00017515     0.00007255  -0.00017515    -0.00283025  -0.00117233
    7    2
 -0.00525771   0.00089656     0.00043305  -0.00513672     0.02836656   0.00235074
  0.00271119   0.00116861     0.00036460   0.00490511    -0.00428936   0.00130557
  0.00283181   0.00301627     0.00007525  -0.00114414    -0.00121185   0.00436609
    7    3
 -0.00308380  -0.00435172    -0.00332600   0.00393842    -0.02172040  -0.01839597
  0.00274343   0.00109077     0.00372625  -0.00321063     0.00210985   0.00395621
 -0.00413521   0.00013043     0.00075582  -0.00086224     0.00223038  -0.00394420
    7    4
  0.00036460   0.00490511     0.00271119   0.00116861    -0.00428936   0.00130557
  0.00043305  -0.00513672    -0.00525771   0.00089656     0.02836656   0.00235074
  0.00007525  -0.00114414     0.00283181   0.00301627    -0.00121185   0.00436609
    7    5
  0.00372625  -0.00321063     0.00274343   0.00109077     0.00210985   0.00395621
 -0.00332600   0.00393842    -0.00308380  -0.00435172    -0.02172040  -0.01839597
  0.00075582  -0.00086224    -0.00413521   0.00013043     0.00223038  -0.00394420
    7    6
 -0.01844015  -0.01844016     0.00229805   0.00229805     0.00482031  -0.00482031
  0.00229805   0.00229805    -0.01844015  -0.01844016     0.00482031  -0.00482031
  0.00482031  -0.00482031     0.00482031  -0.00482031    -0.00143061  -0.00143061
    7    7
  0.03412019   0.00000000    -0.00690952  -0.00000000    -0.00000000  -0.00242075
 -0.00690952   0.00000000     0.03412019  -0.00000000    -0.00000000  -0.00242075
 -0.00000000   0.00242075    -0.00000000   0.00242075     0.01064910  -0.00000000

     Dynamical  Matrix in cartesian axes

     q = (   -0.108253200   0.108253200   0.000000000 ) 

    1    1
  0.05047738   0.00000000    -0.04509116  -0.00000000     0.00000000  -0.00000000
 -0.04509116  -0.00000000     0.05047738   0.00000000     0.00000000  -0.00000000
  0.00000000  -0.00000000    -0.00000000  -0.00000000     0.00841022  -0.00000000
    1    2
 -0.00793249  -0.01582266     0.00114714   0.00912313     0.00000000  -0.00000000
  0.00860708   0.01523796    -0.00122898  -0.00854790     0.00000000   0.00000000
  0.00000000  -0.00000000     0.00000000  -0.00000000    -0.00271413   0.00720211
    1    3
 -0.00793249   0.01582266     0.00114714  -0.00912313     0.00000000   0.00000000
  0.00860708  -0.01523796    -0.00122898   0.00854790    -0.00000000   0.00000000
  0.00000000   0.00000000     0.00000000   0.00000000    -0.00271413  -0.00720211
    1    4
 -0.00122898  -0.00854790     0.00860708   0.01523796     0.00000000   0.00000000
  0.00114714   0.00912313    -0.00793249  -0.01582266     0.00000000  -0.00000000
  0.00000000   0.00000000     0.00000000  -0.00000000    -0.00271413   0.00720211
    1    5
 -0.00122898   0.00854790     0.00860708  -0.01523796     0.00000000   0.00000000
  0.00114714  -0.00912313    -0.00793249   0.01582266     0.00000000   0.00000000
  0.00000000   0.00000000     0.00000000   0.00000000    -0.00271413  -0.00720211
    1    6
  0.00397350  -0.00164588    -0.00382524   0.00158447     0.00007255   0.00017515
 -0.00382524   0.00158447     0.00397350  -0.00164588     0.00007255   0.00017515
 -0.00269133  -0.00649745    -0.00269133  -0.00649745    -0.00283025   0.00117233
    1    7
  0.00397350   0.00164588    -0.00382524  -0.00158447     0.00007255  -0.00017515
 -0.00382524  -0.00158447     0.00397350   0.00164588     0.00007255  -0.00017515
