  3.500000000000000E-002   1.26001304832687        2.38111420361614     
          24

     Dynamical  Matrix in cartesian axes

     q = (    0.324759526   0.324759526   0.216506351 ) 

    1    1
  0.06582614   0.00000000     0.00681375   0.00000000     0.00397686   0.00000000
  0.00681375   0.00000000     0.06582614   0.00000000     0.00397686   0.00000000
  0.00397686   0.00000000     0.00397686   0.00000000     0.04356420   0.00000000
    1    2
 -0.01131851  -0.00361334     0.01014298  -0.00364236    -0.00733340  -0.00880608
 -0.00112309  -0.00504481     0.00837093   0.00444798    -0.00330179  -0.00732299
 -0.00741445   0.00313216     0.00582633  -0.00272708    -0.00649999   0.00307570
    1    3
  0.01131851  -0.00361334    -0.01014298  -0.00364236     0.00733340  -0.00880608
  0.00112309  -0.00504481    -0.00837093   0.00444798     0.00330179  -0.00732299
  0.00741445   0.00313216    -0.00582633  -0.00272708     0.00649999   0.00307570
    1    4
 -0.00837093   0.00444798     0.00112309  -0.00504481     0.00330179  -0.00732299
 -0.01014298  -0.00364236     0.01131851  -0.00361334     0.00733340  -0.00880608
 -0.00582633  -0.00272708     0.00741445   0.00313216     0.00649999   0.00307570
    1    5
  0.00837093   0.00444798    -0.00112309  -0.00504481    -0.00330179  -0.00732299
  0.01014298  -0.00364236    -0.01131851  -0.00361334    -0.00733340  -0.00880608
  0.00582633  -0.00272708    -0.00741445   0.00313216    -0.00649999   0.00307570
    1    6
  0.00476061   0.00838502     0.00066261  -0.00102350     0.00757214   0.01660070
 -0.00066261  -0.00102350    -0.00476061   0.00838502    -0.00757214   0.01660070
  0.00536667  -0.00374263    -0.00536667  -0.00374263    -0.00000000   0.00758586
    1    7
 -0.00476061   0.00838502    -0.00066261  -0.00102350    -0.00757214   0.01660070
  0.00066261  -0.00102350     0.00476061   0.00838502     0.00757214   0.01660070
 -0.00536667  -0.00374263     0.00536667  -0.00374263    -0.00000000   0.00758586
    2    1
 -0.01131851   0.00361334    -0.00112309   0.00504481    -0.00741445  -0.00313216
  0.01014298   0.00364236     0.00837093  -0.00444798     0.00582633   0.00272708
 -0.00733340   0.00880608    -0.00330179   0.00732299    -0.00649999  -0.00307570
    2    2
  0.06086512  -0.00000000     0.00014034   0.00139172     0.00665817  -0.00089728
  0.00014034  -0.00139172     0.04824434  -0.00000000     0.00689921  -0.00209495
  0.00665817   0.00089728     0.00689921   0.00209495     0.03994071  -0.00000000
    2    3
  0.01394358  -0.01042502     0.00547509  -0.00789007     0.00695386   0.00428740
  0.00547509  -0.00789007    -0.01175743   0.01511156    -0.00815396   0.00423149
  0.00695386   0.00428740    -0.00815396   0.00423149    -0.01983607  -0.00408598
    2    4
  0.00349883   0.01373770    -0.00238011   0.02924977     0.00745499   0.00465604
 -0.00859373   0.03104118     0.00349883   0.01373770    -0.00596265   0.00630507
 -0.00596265   0.00630507     0.00745499   0.00465604     0.01692722   0.01282266
    2    5
 -0.02394526  -0.00450757     0.00778976  -0.00000000     0.00728914  -0.00401918
  0.02733603  -0.00000000    -0.02394526   0.00450757     0.00495299  -0.00580870
  0.00495299   0.00580870     0.00728914   0.00401918    -0.00864607   0.00000000
    2    6
 -0.01037851  -0.00790265    -0.00511368  -0.00370882    -0.02645029  -0.01747626
 -0.01189498   0.00177276     0.01155108  -0.01107925    -0.00562537  -0.00303944
 -0.02612867  -0.01700638    -0.01469192  -0.00066266    -0.01241001  -0.00862745
    2    7
 -0.02080923   0.00635757     0.00323444  -0.00407697    -0.00670717   0.00389428
  0.00599193  -0.00792004    -0.00791941   0.00248563     0.00436894   0.00402108
  0.02296107  -0.00264355     0.00772196   0.00582917    -0.01408510  -0.00943331
    3    1
  0.01131851   0.00361334     0.00112309   0.00504481     0.00741445  -0.00313216
 -0.01014298   0.00364236    -0.00837093  -0.00444798    -0.00582633   0.00272708
  0.00733340   0.00880608     0.00330179   0.00732299     0.00649999  -0.00307570
    3    2
  0.01394358   0.01042502     0.00547509   0.00789007     0.00695386  -0.00428740
  0.00547509   0.00789007    -0.01175743  -0.01511156    -0.00815396  -0.00423149
  0.00695386  -0.00428740    -0.00815396  -0.00423149    -0.01983607   0.00408598
    3    3
  0.06086512   0.00000000     0.00014034  -0.00139172     0.00665817   0.00089728
  0.00014034   0.00139172     0.04824434   0.00000000     0.00689921   0.00209495
  0.00665817  -0.00089728     0.00689921  -0.00209495     0.03994071   0.00000000
    3    4
 -0.02394526   0.00450757     0.00778976  -0.00000000     0.00728914   0.00401918
  0.02733603  -0.00000000    -0.02394526  -0.00450757     0.00495299   0.00580870
  0.00495299  -0.00580870     0.00728914  -0.00401918    -0.00864607   0.00000000
    3    5
  0.00349883  -0.01373770    -0.00238011  -0.02924977     0.00745499  -0.00465604
 -0.00859373  -0.03104118     0.00349883  -0.01373770    -0.00596265  -0.00630507
 -0.00596265  -0.00630507     0.00745499  -0.00465604     0.01692722  -0.01282266
    3    6
 -0.02080923  -0.00635757     0.00323444   0.00407697    -0.00670717  -0.00389428
  0.00599193   0.00792004    -0.00791941  -0.00248563     0.00436894  -0.00402108
  0.02296107   0.00264355     0.00772196  -0.00582917    -0.01408510   0.00943331
    3    7
 -0.01037851   0.00790265    -0.00511368   0.00370882    -0.02645029   0.01747626
 -0.01189498  -0.00177276     0.01155108   0.01107925    -0.00562537   0.00303944
 -0.02612867   0.01700638    -0.01469192   0.00066266    -0.01241001   0.00862745
    4    1
 -0.00837093  -0.00444798    -0.01014298   0.00364236    -0.00582633   0.00272708
  0.00112309   0.00504481     0.01131851   0.00361334     0.00741445  -0.00313216
  0.00330179   0.00732299     0.00733340   0.00880608     0.00649999  -0.00307570
    4    2
  0.00349883  -0.01373770    -0.00859373  -0.03104118    -0.00596265  -0.00630507
 -0.00238011  -0.02924977     0.00349883  -0.01373770     0.00745499  -0.00465604
  0.00745499  -0.00465604    -0.00596265  -0.00630507     0.01692722  -0.01282266
    4    3
 -0.02394526  -0.00450757     0.02733603   0.00000000     0.00495299   0.00580870
  0.00778976   0.00000000    -0.02394526   0.00450757     0.00728914   0.00401918
  0.00728914  -0.00401918     0.00495299  -0.00580870    -0.00864607  -0.00000000
    4    4
  0.04824434   0.00000000     0.00014034   0.00139172     0.00689921   0.00209495
  0.00014034  -0.00139172     0.06086512   0.00000000     0.00665817   0.00089728
  0.00689921  -0.00209495     0.00665817  -0.00089728     0.03994071   0.00000000
    4    5
 -0.01175743  -0.01511156     0.00547509   0.00789007    -0.00815396  -0.00423149
  0.00547509   0.00789007     0.01394358   0.01042502     0.00695386  -0.00428740
 -0.00815396  -0.00423149     0.00695386  -0.00428740    -0.01983607   0.00408598
    4    6
  0.01155108   0.01107925    -0.01189498  -0.00177276    -0.00562537   0.00303944
 -0.00511368   0.00370882    -0.01037851   0.00790265    -0.02645029   0.01747626
 -0.01469192   0.00066266    -0.02612867   0.01700638    -0.01241001   0.00862745
    4    7
 -0.00791941  -0.00248563     0.00599193   0.00792004     0.00436894  -0.00402108
  0.00323444   0.00407697    -0.02080923  -0.00635757    -0.00670717  -0.00389428
  0.00772196  -0.00582917     0.02296107   0.00264355    -0.01408510   0.00943331
    5    1
  0.00837093  -0.00444798     0.01014298   0.00364236     0.00582633   0.00272708
 -0.00112309   0.00504481    -0.01131851   0.00361334    -0.00741445  -0.00313216
 -0.00330179   0.00732299    -0.00733340   0.00880608    -0.00649999  -0.00307570
    5    2
 -0.02394526   0.00450757     0.02733603  -0.00000000     0.00495299  -0.00580870
  0.00778976  -0.00000000    -0.02394526  -0.00450757     0.00728914  -0.00401918
  0.00728914   0.00401918     0.00495299   0.00580870    -0.00864607   0.00000000
    5    3
  0.00349883   0.01373770    -0.00859373   0.03104118    -0.00596265   0.00630507
 -0.00238011   0.02924977     0.00349883   0.01373770     0.00745499   0.00465604
  0.00745499   0.00465604    -0.00596265   0.00630507     0.01692722   0.01282266
    5    4
 -0.01175743   0.01511156     0.00547509  -0.00789007    -0.00815396   0.00423149
  0.00547509  -0.00789007     0.01394358  -0.01042502     0.00695386   0.00428740
 -0.00815396   0.00423149     0.00695386   0.00428740    -0.01983607  -0.00408598
    5    5
  0.04824434  -0.00000000     0.00014034  -0.00139172     0.00689921  -0.00209495
  0.00014034   0.00139172     0.06086512  -0.00000000     0.00665817  -0.00089728
  0.00689921   0.00209495     0.00665817   0.00089728     0.03994071  -0.00000000
    5    6
 -0.00791941   0.00248563     0.00599193  -0.00792004     0.00436894   0.00402108
  0.00323444  -0.00407697    -0.02080923   0.00635757    -0.00670717   0.00389428
  0.00772196   0.00582917     0.02296107  -0.00264355    -0.01408510  -0.00943331
    5    7
  0.01155108  -0.01107925    -0.01189498   0.00177276    -0.00562537  -0.00303944
 -0.00511368  -0.00370882    -0.01037851  -0.00790265    -0.02645029  -0.01747626
 -0.01469192  -0.00066266    -0.02612867  -0.01700638    -0.01241001  -0.00862745
    6    1
  0.00476061  -0.00838502    -0.00066261   0.00102350     0.00536667   0.00374263
  0.00066261   0.00102350    -0.00476061  -0.00838502    -0.00536667   0.00374263
  0.00757214  -0.01660070    -0.00757214  -0.01660070    -0.00000000  -0.00758586
    6    2
 -0.01037851   0.00790265    -0.01189498  -0.00177276    -0.02612867   0.01700638
 -0.00511368   0.00370882     0.01155108   0.01107925    -0.01469192   0.00066266
 -0.02645029   0.01747626    -0.00562537   0.00303944    -0.01241001   0.00862745
    6    3
 -0.02080923   0.00635757     0.00599193  -0.00792004     0.02296107  -0.00264355
  0.00323444  -0.00407697    -0.00791941   0.00248563     0.00772196   0.00582917
 -0.00670717   0.00389428     0.00436894   0.00402108    -0.01408510  -0.00943331
    6    4
  0.01155108  -0.01107925    -0.00511368  -0.00370882    -0.01469192  -0.00066266
 -0.01189498   0.00177276    -0.01037851  -0.00790265    -0.02612867  -0.01700638
 -0.00562537  -0.00303944    -0.02645029  -0.01747626    -0.01241001  -0.00862745
    6    5
 -0.00791941  -0.00248563     0.00323444   0.00407697     0.00772196  -0.00582917
  0.00599193   0.00792004    -0.02080923  -0.00635757     0.02296107   0.00264355
  0.00436894  -0.00402108    -0.00670717  -0.00389428    -0.01408510   0.00943331
    6    6
  0.04610152   0.00000000     0.00640554  -0.00128665     0.00587188  -0.00022141
  0.00640554   0.00128665     0.04610152  -0.00000000     0.00587188   0.00022141
  0.00587188   0.00022141     0.00587188  -0.00022141     0.04695077  -0.00000000
    6    7
 -0.01646994   0.00652684    -0.01066578  -0.00000000     0.00605056  -0.00433392
 -0.01066578   0.00000000    -0.01646994  -0.00652684     0.00605056   0.00433392
  0.00605056  -0.00433392     0.00605056   0.00433392     0.02166666   0.00000000
    7    1
 -0.00476061  -0.00838502     0.00066261   0.00102350    -0.00536667   0.00374263
 -0.00066261   0.00102350     0.00476061  -0.00838502     0.00536667   0.00374263
 -0.00757214  -0.01660070     0.00757214  -0.01660070    -0.00000000  -0.00758586
    7    2
 -0.02080923  -0.00635757     0.00599193   0.00792004     0.02296107   0.00264355
  0.00323444   0.00407697    -0.00791941  -0.00248563     0.00772196  -0.00582917
 -0.00670717  -0.00389428     0.00436894  -0.00402108    -0.01408510   0.00943331
    7    3
 -0.01037851  -0.00790265    -0.01189498   0.00177276    -0.02612867  -0.01700638
 -0.00511368  -0.00370882     0.01155108  -0.01107925    -0.01469192  -0.00066266
 -0.02645029  -0.01747626    -0.00562537  -0.00303944    -0.01241001  -0.00862745
    7    4
 -0.00791941   0.00248563     0.00323444  -0.00407697     0.00772196   0.00582917
  0.00599193  -0.00792004    -0.02080923   0.00635757     0.02296107  -0.00264355
  0.00436894   0.00402108    -0.00670717   0.00389428    -0.01408510  -0.00943331
    7    5
  0.01155108   0.01107925    -0.00511368   0.00370882    -0.01469192   0.00066266
 -0.01189498  -0.00177276    -0.01037851   0.00790265    -0.02612867   0.01700638
 -0.00562537   0.00303944    -0.02645029   0.01747626    -0.01241001   0.00862745
    7    6
 -0.01646994  -0.00652684    -0.01066578   0.00000000     0.00605056   0.00433392
 -0.01066578  -0.00000000    -0.01646994   0.00652684     0.00605056  -0.00433392
  0.00605056   0.00433392     0.00605056  -0.00433392     0.02166666   0.00000000
    7    7
  0.04610152  -0.00000000     0.00640554   0.00128665     0.00587188   0.00022141
  0.00640554  -0.00128665     0.04610152   0.00000000     0.00587188  -0.00022141
  0.00587188  -0.00022141     0.00587188   0.00022141     0.04695077   0.00000000

     Dynamical  Matrix in cartesian axes

     q = (   -0.324759526   0.216506351   0.324759526 ) 

    1    1
  0.06582614   0.00000000    -0.00397686   0.00000000    -0.00681375   0.00000000
 -0.00397686   0.00000000     0.04356420   0.00000000     0.00397686   0.00000000
 -0.00681375   0.00000000     0.00397686   0.00000000     0.06582614   0.00000000
    1    2
 -0.00544838  -0.01055841    -0.00104134   0.01141233    -0.00974771  -0.00459663
  0.00745759   0.00302804    -0.00677104  -0.00242134     0.00604817   0.00219150
 -0.00277308   0.00436137     0.00284342  -0.00751286     0.00277394   0.00906434
    1    3
  0.00361334   0.01131851    -0.00880608  -0.00733340    -0.00364236   0.01014298
  0.00313216  -0.00741445    -0.00307570   0.00649999     0.00272708  -0.00582633
 -0.00504481  -0.00112309     0.00732299   0.00330179    -0.00444798  -0.00837093
    1    4
 -0.00256285  -0.00929536     0.00638416   0.01709278    -0.00119226  -0.00025519
 -0.00644125   0.00114837    -0.00536401  -0.00536401    -0.00114837   0.00644125
 -0.00025519  -0.00119226    -0.01709278  -0.00638416    -0.00929536  -0.00256285
    1    5
  0.00476061   0.00838502    -0.00757214  -0.01660070    -0.00066261   0.00102350
 -0.00536667   0.00374263     0.00000000   0.00758586    -0.00536667  -0.00374263
  0.00066261   0.00102350    -0.00757214   0.01660070    -0.00476061   0.00838502
    1    6
  0.00837093   0.00444798     0.00330179   0.00732299     0.00112309   0.00504481
 -0.00582633   0.00272708    -0.00649999   0.00307570    -0.00741445   0.00313216
 -0.01014298   0.00364236    -0.00733340  -0.00880608    -0.01131851  -0.00361334
    1    7
  0.00277394  -0.00906434    -0.00284342  -0.00751286    -0.00277308  -0.00436137
 -0.00604817   0.00219150    -0.00677104   0.00242134    -0.00745759   0.00302804
 -0.00974771   0.00459663     0.00104134   0.01141233    -0.00544838   0.01055841
    2    1
 -0.00544838   0.01055841     0.00745759  -0.00302804    -0.00277308  -0.00436137
 -0.00104134  -0.01141233    -0.00677104   0.00242134     0.00284342   0.00751286
 -0.00974771   0.00459663     0.00604817  -0.00219150     0.00277394  -0.00906434
    2    2
  0.06086512   0.00000000    -0.00665817   0.00089728    -0.00014034  -0.00139172
 -0.00665817  -0.00089728     0.03994071  -0.00000000     0.00689921   0.00209495
 -0.00014034   0.00139172     0.00689921  -0.00209495     0.04824434  -0.00000000
    2    3
  0.01723120   0.00248799    -0.00188547  -0.00794877    -0.00945060   0.00170764
 -0.00188547  -0.00794877    -0.01113700  -0.01691544    -0.00875784  -0.00277361
 -0.00945060   0.00170764    -0.00875784  -0.00277361    -0.01899925   0.00237173
    2    4
 -0.00635757  -0.02080923     0.00389428   0.00670717    -0.00407697  -0.00323444
 -0.00264355  -0.02296107     0.00943331  -0.01408510    -0.00582917   0.00772196
 -0.00792004  -0.00599193    -0.00402108   0.00436894    -0.00248563  -0.00791941
    2    5
 -0.01292673   0.00175069     0.03106076  -0.00634560     0.00623845  -0.00099339
  0.03050108  -0.00645043    -0.01487572   0.00267467    -0.01085733   0.00992019
  0.00715749  -0.00966455    -0.00612695   0.00182853     0.00033364  -0.01600205
    2    6
 -0.02011919   0.01374452    -0.00231221   0.00799619    -0.00550819   0.00550819
 -0.00760966  -0.00060508    -0.00611370   0.00611370     0.00799619  -0.00231221
 -0.01932949   0.01932949    -0.00060508  -0.00760966    -0.01374452   0.02011919
    2    7
 -0.01373770   0.00349883     0.00465604  -0.00745499     0.02924977   0.00238011
  0.00630507   0.00596265    -0.01282266   0.01692722    -0.00465604   0.00745499
  0.03104118   0.00859373    -0.00630507  -0.00596265    -0.01373770   0.00349883
    3    1
  0.00361334  -0.01131851     0.00313216   0.00741445    -0.00504481   0.00112309
 -0.00880608   0.00733340    -0.00307570  -0.00649999     0.00732299  -0.00330179
 -0.00364236  -0.01014298     0.00272708   0.00582633    -0.00444798   0.00837093
    3    2
  0.01723120  -0.00248799    -0.00188547   0.00794877    -0.00945060  -0.00170764
 -0.00188547   0.00794877    -0.01113700   0.01691544    -0.00875784   0.00277361
 -0.00945060  -0.00170764    -0.00875784   0.00277361    -0.01899925  -0.00237173
    3    3
  0.06086512  -0.00000000    -0.00665817  -0.00089728    -0.00014034   0.00139172
 -0.00665817   0.00089728     0.03994071   0.00000000     0.00689921  -0.00209495
 -0.00014034  -0.00139172     0.00689921   0.00209495     0.04824434   0.00000000
    3    4
 -0.01292673  -0.00175069     0.03106076   0.00634560     0.00623845   0.00099339
  0.03050108   0.00645043    -0.01487572  -0.00267467    -0.01085733  -0.00992019
  0.00715749   0.00966455    -0.00612695  -0.00182853     0.00033364   0.01600205
    3    5
 -0.00635757   0.02080923     0.00389428  -0.00670717    -0.00407697   0.00323444
 -0.00264355   0.02296107     0.00943331   0.01408510    -0.00582917  -0.00772196
 -0.00792004   0.00599193    -0.00402108  -0.00436894    -0.00248563   0.00791941
    3    6
 -0.01373770  -0.00349883     0.00465604   0.00745499     0.02924977  -0.00238011
  0.00630507  -0.00596265    -0.01282266  -0.01692722    -0.00465604  -0.00745499
  0.03104118  -0.00859373    -0.00630507   0.00596265    -0.01373770  -0.00349883
    3    7
 -0.02011919  -0.01374452    -0.00231221  -0.00799619    -0.00550819  -0.00550819
 -0.00760966   0.00060508    -0.00611370  -0.00611370     0.00799619   0.00231221
 -0.01932949  -0.01932949    -0.00060508   0.00760966    -0.01374452  -0.02011919
    4    1
 -0.00256285   0.00929536    -0.00644125  -0.00114837    -0.00025519   0.00119226
  0.00638416  -0.01709278    -0.00536401   0.00536401    -0.01709278   0.00638416
 -0.00119226   0.00025519    -0.00114837  -0.00644125    -0.00929536   0.00256285
    4    2
 -0.00635757   0.02080923    -0.00264355   0.02296107    -0.00792004   0.00599193
  0.00389428  -0.00670717     0.00943331   0.01408510    -0.00402108  -0.00436894
 -0.00407697   0.00323444    -0.00582917  -0.00772196    -0.00248563   0.00791941
    4    3
 -0.01292673   0.00175069     0.03050108  -0.00645043     0.00715749  -0.00966455
  0.03106076  -0.00634560    -0.01487572   0.00267467    -0.00612695   0.00182853
  0.00623845  -0.00099339    -0.01085733   0.00992019     0.00033364  -0.01600205
    4    4
  0.04610152   0.00000000    -0.00587188  -0.00022141    -0.00640554  -0.00128665
 -0.00587188   0.00022141     0.04695077  -0.00000000     0.00587188   0.00022141
 -0.00640554   0.00128665     0.00587188  -0.00022141     0.04610152  -0.00000000
    4    5
  0.00703083   0.01626118     0.00121384   0.00734294    -0.00754185  -0.00754185
  0.00121384   0.00734294    -0.01532064  -0.01532064    -0.00734294  -0.00121384
 -0.00754185  -0.00754185    -0.00734294  -0.00121384     0.01626118   0.00703083
    4    6
 -0.00033364  -0.01600205    -0.01085733  -0.00992019    -0.00623845  -0.00099339
 -0.00612695  -0.00182853     0.01487572   0.00267467     0.03106076   0.00634560
 -0.00715749  -0.00966455     0.03050108   0.00645043     0.01292673   0.00175069
    4    7
 -0.00791941   0.00248563    -0.00772196  -0.00582917    -0.00323444   0.00407697
 -0.00436894  -0.00402108    -0.01408510  -0.00943331    -0.00670717   0.00389428
 -0.00599193   0.00792004     0.02296107  -0.00264355    -0.02080923   0.00635757
    5    1
  0.00476061  -0.00838502    -0.00536667  -0.00374263     0.00066261  -0.00102350
 -0.00757214   0.01660070     0.00000000  -0.00758586    -0.00757214  -0.01660070
 -0.00066261  -0.00102350    -0.00536667   0.00374263    -0.00476061  -0.00838502
    5    2
 -0.01292673  -0.00175069     0.03050108   0.00645043     0.00715749   0.00966455
  0.03106076   0.00634560    -0.01487572  -0.00267467    -0.00612695  -0.00182853
  0.00623845   0.00099339    -0.01085733  -0.00992019     0.00033364   0.01600205
    5    3
 -0.00635757  -0.02080923    -0.00264355  -0.02296107    -0.00792004  -0.00599193
  0.00389428   0.00670717     0.00943331  -0.01408510    -0.00402108   0.00436894
 -0.00407697  -0.00323444    -0.00582917   0.00772196    -0.00248563  -0.00791941
    5    4
  0.00703083  -0.01626118     0.00121384  -0.00734294    -0.00754185   0.00754185
  0.00121384  -0.00734294    -0.01532064   0.01532064    -0.00734294   0.00121384
 -0.00754185   0.00754185    -0.00734294   0.00121384     0.01626118  -0.00703083
    5    5
  0.04610152   0.00000000    -0.00587188   0.00022141    -0.00640554   0.00128665
 -0.00587188  -0.00022141     0.04695077   0.00000000     0.00587188  -0.00022141
 -0.00640554  -0.00128665     0.00587188   0.00022141     0.04610152   0.00000000
    5    6
 -0.00791941  -0.00248563    -0.00772196   0.00582917    -0.00323444  -0.00407697
 -0.00436894   0.00402108    -0.01408510   0.00943331    -0.00670717  -0.00389428
 -0.00599193  -0.00792004     0.02296107   0.00264355    -0.02080923  -0.00635757
    5    7
 -0.00033364   0.01600205    -0.01085733   0.00992019    -0.00623845   0.00099339
 -0.00612695   0.00182853     0.01487572  -0.00267467     0.03106076  -0.00634560
 -0.00715749   0.00966455     0.03050108  -0.00645043     0.01292673  -0.00175069
    6    1
  0.00837093  -0.00444798    -0.00582633  -0.00272708    -0.01014298  -0.00364236
  0.00330179  -0.00732299    -0.00649999  -0.00307570    -0.00733340   0.00880608
  0.00112309  -0.00504481    -0.00741445  -0.00313216    -0.01131851   0.00361334
    6    2
 -0.02011919  -0.01374452    -0.00760966   0.00060508    -0.01932949  -0.01932949
 -0.00231221  -0.00799619    -0.00611370  -0.00611370    -0.00060508   0.00760966
 -0.00550819  -0.00550819     0.00799619   0.00231221    -0.01374452  -0.02011919
    6    3
 -0.01373770   0.00349883     0.00630507   0.00596265     0.03104118   0.00859373
  0.00465604  -0.00745499    -0.01282266   0.01692722    -0.00630507  -0.00596265
  0.02924977   0.00238011    -0.00465604   0.00745499    -0.01373770   0.00349883
    6    4
 -0.00033364   0.01600205    -0.00612695   0.00182853    -0.00715749   0.00966455
 -0.01085733   0.00992019     0.01487572  -0.00267467     0.03050108  -0.00645043
 -0.00623845   0.00099339     0.03106076  -0.00634560     0.01292673  -0.00175069
    6    5
 -0.00791941   0.00248563    -0.00436894  -0.00402108    -0.00599193   0.00792004
 -0.00772196  -0.00582917    -0.01408510  -0.00943331     0.02296107  -0.00264355
 -0.00323444   0.00407697    -0.00670717   0.00389428    -0.02080923   0.00635757
    6    6
  0.04824434  -0.00000000    -0.00689921   0.00209495    -0.00014034   0.00139172
 -0.00689921  -0.00209495     0.03994071  -0.00000000     0.00665817   0.00089728
 -0.00014034  -0.00139172     0.00665817  -0.00089728     0.06086512  -0.00000000
    6    7
 -0.00237173  -0.01899925    -0.00277361   0.00875784    -0.00170764  -0.00945060
 -0.00277361   0.00875784     0.01691544  -0.01113700    -0.00794877   0.00188547
 -0.00170764  -0.00945060    -0.00794877   0.00188547    -0.00248799   0.01723120
    7    1
  0.00277394   0.00906434    -0.00604817  -0.00219150    -0.00974771  -0.00459663
 -0.00284342   0.00751286    -0.00677104  -0.00242134     0.00104134  -0.01141233
 -0.00277308   0.00436137    -0.00745759  -0.00302804    -0.00544838  -0.01055841
    7    2
 -0.01373770  -0.00349883     0.00630507  -0.00596265     0.03104118  -0.00859373
  0.00465604   0.00745499    -0.01282266  -0.01692722    -0.00630507   0.00596265
  0.02924977  -0.00238011    -0.00465604  -0.00745499    -0.01373770  -0.00349883
    7    3
 -0.02011919   0.01374452    -0.00760966  -0.00060508    -0.01932949   0.01932949
 -0.00231221   0.00799619    -0.00611370   0.00611370    -0.00060508  -0.00760966
 -0.00550819   0.00550819     0.00799619  -0.00231221    -0.01374452   0.02011919
    7    4
 -0.00791941  -0.00248563    -0.00436894   0.00402108    -0.00599193  -0.00792004
 -0.00772196   0.00582917    -0.01408510   0.00943331     0.02296107   0.00264355
 -0.00323444  -0.00407697    -0.00670717  -0.00389428    -0.02080923  -0.00635757
    7    5
 -0.00033364  -0.01600205    -0.00612695  -0.00182853    -0.00715749  -0.00966455
 -0.01085733  -0.00992019     0.01487572   0.00267467     0.03050108   0.00645043
 -0.00623845  -0.00099339     0.03106076   0.00634560     0.01292673   0.00175069
    7    6
 -0.00237173   0.01899925    -0.00277361  -0.00875784    -0.00170764   0.00945060
 -0.00277361  -0.00875784     0.01691544   0.01113700    -0.00794877  -0.00188547
 -0.00170764   0.00945060    -0.00794877  -0.00188547    -0.00248799  -0.01723120
    7    7
  0.04824434   0.00000000    -0.00689921  -0.00209495    -0.00014034  -0.00139172
 -0.00689921   0.00209495     0.03994071   0.00000000     0.00665817  -0.00089728
 -0.00014034   0.00139172     0.00665817   0.00089728     0.06086512   0.00000000

     Dynamical  Matrix in cartesian axes

     q = (    0.324759526   0.216506351   0.324759526 ) 

    1    1
  0.06582614   0.00000000     0.00397686   0.00000000     0.00681375   0.00000000
  0.00397686   0.00000000     0.04356420   0.00000000     0.00397686   0.00000000
  0.00681375   0.00000000     0.00397686   0.00000000     0.06582614   0.00000000
    1    2
  0.01131851  -0.00361334     0.00733340  -0.00880608    -0.01014298  -0.00364236
  0.00741445   0.00313216     0.00649999   0.00307570    -0.00582633  -0.00272708
  0.00112309  -0.00504481     0.00330179  -0.00732299    -0.00837093   0.00444798
    1    3
 -0.01131851  -0.00361334    -0.00733340  -0.00880608     0.01014298  -0.00364236
 -0.00741445   0.00313216    -0.00649999   0.00307570     0.00582633  -0.00272708
 -0.00112309  -0.00504481    -0.00330179  -0.00732299     0.00837093   0.00444798
    1    4
 -0.00476061   0.00838502    -0.00757214   0.01660070    -0.00066261  -0.00102350
 -0.00536667  -0.00374263    -0.00000000   0.00758586     0.00536667  -0.00374263
  0.00066261  -0.00102350     0.00757214   0.01660070     0.00476061   0.00838502
    1    5
  0.00476061   0.00838502     0.00757214   0.01660070     0.00066261  -0.00102350
  0.00536667  -0.00374263    -0.00000000   0.00758586    -0.00536667  -0.00374263
 -0.00066261  -0.00102350    -0.00757214   0.01660070    -0.00476061   0.00838502
    1    6
  0.00837093   0.00444798    -0.00330179  -0.00732299    -0.00112309  -0.00504481
  0.00582633  -0.00272708    -0.00649999   0.00307570    -0.00741445   0.00313216
  0.01014298  -0.00364236    -0.00733340  -0.00880608    -0.01131851  -0.00361334
    1    7
 -0.00837093   0.00444798     0.00330179  -0.00732299     0.00112309  -0.00504481
 -0.00582633  -0.00272708     0.00649999   0.00307570     0.00741445   0.00313216
 -0.01014298  -0.00364236     0.00733340  -0.00880608     0.01131851  -0.00361334
    2    1
  0.01131851   0.00361334     0.00741445  -0.00313216     0.00112309   0.00504481
  0.00733340   0.00880608     0.00649999  -0.00307570     0.00330179   0.00732299
 -0.01014298   0.00364236    -0.00582633   0.00272708    -0.00837093  -0.00444798
    2    2
  0.06086512  -0.00000000     0.00665817   0.00089728     0.00014034  -0.00139172
  0.00665817  -0.00089728     0.03994071   0.00000000     0.00689921  -0.00209495
  0.00014034   0.00139172     0.00689921   0.00209495     0.04824434   0.00000000
    2    3
  0.01394358   0.01042502     0.00695386  -0.00428740     0.00547509   0.00789007
  0.00695386  -0.00428740    -0.01983607   0.00408598    -0.00815396  -0.00423149
  0.00547509   0.00789007    -0.00815396  -0.00423149    -0.01175743  -0.01511156
    2    4
 -0.01037851   0.00790265    -0.02645029   0.01747626    -0.00511368   0.00370882
 -0.02612867   0.01700638    -0.01241001   0.00862745    -0.01469192   0.00066266
 -0.01189498  -0.00177276    -0.00562537   0.00303944     0.01155108   0.01107925
    2    5
 -0.02080923  -0.00635757    -0.00670717  -0.00389428     0.00323444   0.00407697
  0.02296107   0.00264355    -0.01408510   0.00943331     0.00772196  -0.00582917
  0.00599193   0.00792004     0.00436894  -0.00402108    -0.00791941  -0.00248563
    2    6
  0.00349883  -0.01373770     0.00745499  -0.00465604    -0.00238011  -0.02924977
 -0.00596265  -0.00630507     0.01692722  -0.01282266     0.00745499  -0.00465604
 -0.00859373  -0.03104118    -0.00596265  -0.00630507     0.00349883  -0.01373770
    2    7
 -0.02394526   0.00450757     0.00728914   0.00401918     0.00778976   0.00000000
  0.00495299  -0.00580870    -0.00864607  -0.00000000     0.00728914  -0.00401918
  0.02733603   0.00000000     0.00495299   0.00580870    -0.02394526  -0.00450757
    3    1
 -0.01131851   0.00361334    -0.00741445  -0.00313216    -0.00112309   0.00504481
 -0.00733340   0.00880608    -0.00649999  -0.00307570    -0.00330179   0.00732299
  0.01014298   0.00364236     0.00582633   0.00272708     0.00837093  -0.00444798
    3    2
  0.01394358  -0.01042502     0.00695386   0.00428740     0.00547509  -0.00789007
  0.00695386   0.00428740    -0.01983607  -0.00408598    -0.00815396   0.00423149
  0.00547509  -0.00789007    -0.00815396   0.00423149    -0.01175743   0.01511156
    3    3
  0.06086512   0.00000000     0.00665817  -0.00089728     0.00014034   0.00139172
  0.00665817   0.00089728     0.03994071  -0.00000000     0.00689921   0.00209495
  0.00014034  -0.00139172     0.00689921  -0.00209495     0.04824434  -0.00000000
    3    4
 -0.02080923   0.00635757    -0.00670717   0.00389428     0.00323444  -0.00407697
  0.02296107  -0.00264355    -0.01408510  -0.00943331     0.00772196   0.00582917
  0.00599193  -0.00792004     0.00436894   0.00402108    -0.00791941   0.00248563
    3    5
 -0.01037851  -0.00790265    -0.02645029  -0.01747626    -0.00511368  -0.00370882
 -0.02612867  -0.01700638    -0.01241001  -0.00862745    -0.01469192  -0.00066266
 -0.01189498   0.00177276    -0.00562537  -0.00303944     0.01155108  -0.01107925
    3    6
 -0.02394526  -0.00450757     0.00728914  -0.00401918     0.00778976  -0.00000000
  0.00495299   0.00580870    -0.00864607   0.00000000     0.00728914   0.00401918
  0.02733603  -0.00000000     0.00495299  -0.00580870    -0.02394526   0.00450757
    3    7
  0.00349883   0.01373770     0.00745499   0.00465604    -0.00238011   0.02924977
 -0.00596265   0.00630507     0.01692722   0.01282266     0.00745499   0.00465604
 -0.00859373   0.03104118    -0.00596265   0.00630507     0.00349883   0.01373770
    4    1
 -0.00476061  -0.00838502    -0.00536667   0.00374263     0.00066261   0.00102350
 -0.00757214  -0.01660070    -0.00000000  -0.00758586     0.00757214  -0.01660070
 -0.00066261   0.00102350     0.00536667   0.00374263     0.00476061  -0.00838502
    4    2
 -0.01037851  -0.00790265    -0.02612867  -0.01700638    -0.01189498   0.00177276
 -0.02645029  -0.01747626    -0.01241001  -0.00862745    -0.00562537  -0.00303944
 -0.00511368  -0.00370882    -0.01469192  -0.00066266     0.01155108  -0.01107925
    4    3
 -0.02080923  -0.00635757     0.02296107   0.00264355     0.00599193   0.00792004
 -0.00670717  -0.00389428    -0.01408510   0.00943331     0.00436894  -0.00402108
  0.00323444   0.00407697     0.00772196  -0.00582917    -0.00791941  -0.00248563
    4    4
  0.04610152  -0.00000000     0.00587188   0.00022141     0.00640554   0.00128665
  0.00587188  -0.00022141     0.04695077  -0.00000000     0.00587188   0.00022141
  0.00640554  -0.00128665     0.00587188  -0.00022141     0.04610152   0.00000000
    4    5
 -0.01646994  -0.00652684     0.00605056   0.00433392    -0.01066578   0.00000000
  0.00605056   0.00433392     0.02166666   0.00000000     0.00605056  -0.00433392
 -0.01066578  -0.00000000     0.00605056  -0.00433392    -0.01646994   0.00652684
    4    6
  0.01155108   0.01107925    -0.01469192   0.00066266    -0.00511368   0.00370882
 -0.00562537   0.00303944    -0.01241001   0.00862745    -0.02645029   0.01747626
 -0.01189498  -0.00177276    -0.02612867   0.01700638    -0.01037851   0.00790265
    4    7
 -0.00791941   0.00248563     0.00772196   0.00582917     0.00323444  -0.00407697
  0.00436894   0.00402108    -0.01408510  -0.00943331    -0.00670717   0.00389428
  0.00599193  -0.00792004     0.02296107  -0.00264355    -0.02080923   0.00635757
    5    1
  0.00476061  -0.00838502     0.00536667   0.00374263    -0.00066261   0.00102350
  0.00757214  -0.01660070    -0.00000000  -0.00758586    -0.00757214  -0.01660070
  0.00066261   0.00102350    -0.00536667   0.00374263    -0.00476061  -0.00838502
    5    2
 -0.02080923   0.00635757     0.02296107  -0.00264355     0.00599193  -0.00792004
 -0.00670717   0.00389428    -0.01408510  -0.00943331     0.00436894   0.00402108
  0.00323444  -0.00407697     0.00772196   0.00582917    -0.00791941   0.00248563
    5    3
 -0.01037851   0.00790265    -0.02612867   0.01700638    -0.01189498  -0.00177276
 -0.02645029   0.01747626    -0.01241001   0.00862745    -0.00562537   0.00303944
 -0.00511368   0.00370882    -0.01469192   0.00066266     0.01155108   0.01107925
    5    4
 -0.01646994   0.00652684     0.00605056  -0.00433392    -0.01066578   0.00000000
  0.00605056  -0.00433392     0.02166666   0.00000000     0.00605056   0.00433392
 -0.01066578   0.00000000     0.00605056   0.00433392    -0.01646994  -0.00652684
    5    5
  0.04610152   0.00000000     0.00587188  -0.00022141     0.00640554  -0.00128665
  0.00587188   0.00022141     0.04695077   0.00000000     0.00587188  -0.00022141
  0.00640554   0.00128665     0.00587188   0.00022141     0.04610152  -0.00000000
    5    6
 -0.00791941  -0.00248563     0.00772196  -0.00582917     0.00323444   0.00407697
  0.00436894  -0.00402108    -0.01408510   0.00943331    -0.00670717  -0.00389428
  0.00599193   0.00792004     0.02296107   0.00264355    -0.02080923  -0.00635757
    5    7
  0.01155108  -0.01107925    -0.01469192  -0.00066266    -0.00511368  -0.00370882
 -0.00562537  -0.00303944    -0.01241001  -0.00862745    -0.02645029  -0.01747626
 -0.01189498   0.00177276    -0.02612867  -0.01700638    -0.01037851  -0.00790265
    6    1
  0.00837093  -0.00444798     0.00582633   0.00272708     0.01014298   0.00364236
 -0.00330179   0.00732299    -0.00649999  -0.00307570    -0.00733340   0.00880608
 -0.00112309   0.00504481    -0.00741445  -0.00313216    -0.01131851   0.00361334
    6    2
  0.00349883   0.01373770    -0.00596265   0.00630507    -0.00859373   0.03104118
  0.00745499   0.00465604     0.01692722   0.01282266    -0.00596265   0.00630507
 -0.00238011   0.02924977     0.00745499   0.00465604     0.00349883   0.01373770
    6    3
 -0.02394526   0.00450757     0.00495299  -0.00580870     0.02733603   0.00000000
  0.00728914   0.00401918    -0.00864607  -0.00000000     0.00495299   0.00580870
  0.00778976   0.00000000     0.00728914  -0.00401918    -0.02394526  -0.00450757
    6    4
  0.01155108  -0.01107925    -0.00562537  -0.00303944    -0.01189498   0.00177276
 -0.01469192  -0.00066266    -0.01241001  -0.00862745    -0.02612867  -0.01700638
 -0.00511368  -0.00370882    -0.02645029  -0.01747626    -0.01037851  -0.00790265
    6    5
 -0.00791941   0.00248563     0.00436894   0.00402108     0.00599193  -0.00792004
  0.00772196   0.00582917    -0.01408510  -0.00943331     0.02296107  -0.00264355
  0.00323444  -0.00407697    -0.00670717   0.00389428    -0.02080923   0.00635757
    6    6
  0.04824434  -0.00000000     0.00689921  -0.00209495     0.00014034  -0.00139172
  0.00689921   0.00209495     0.03994071  -0.00000000     0.00665817   0.00089728
  0.00014034   0.00139172     0.00665817  -0.00089728     0.06086512   0.00000000
    6    7
 -0.01175743   0.01511156    -0.00815396   0.00423149     0.00547509  -0.00789007
 -0.00815396   0.00423149    -0.01983607  -0.00408598     0.00695386   0.00428740
  0.00547509  -0.00789007     0.00695386   0.00428740     0.01394358  -0.01042502
    7    1
 -0.00837093  -0.00444798    -0.00582633   0.00272708    -0.01014298   0.00364236
  0.00330179   0.00732299     0.00649999  -0.00307570     0.00733340   0.00880608
  0.00112309   0.00504481     0.00741445  -0.00313216     0.01131851   0.00361334
    7    2
 -0.02394526  -0.00450757     0.00495299   0.00580870     0.02733603  -0.00000000
  0.00728914  -0.00401918    -0.00864607   0.00000000     0.00495299  -0.00580870
  0.00778976  -0.00000000     0.00728914   0.00401918    -0.02394526   0.00450757
    7    3
  0.00349883  -0.01373770    -0.00596265  -0.00630507    -0.00859373  -0.03104118
  0.00745499  -0.00465604     0.01692722  -0.01282266    -0.00596265  -0.00630507
 -0.00238011  -0.02924977     0.00745499  -0.00465604     0.00349883  -0.01373770
    7    4
 -0.00791941  -0.00248563     0.00436894  -0.00402108     0.00599193   0.00792004
  0.00772196  -0.00582917    -0.01408510   0.00943331     0.02296107   0.00264355
  0.00323444   0.00407697    -0.00670717  -0.00389428    -0.02080923  -0.00635757
    7    5
  0.01155108   0.01107925    -0.00562537   0.00303944    -0.01189498  -0.00177276
 -0.01469192   0.00066266    -0.01241001   0.00862745    -0.02612867   0.01700638
 -0.00511368   0.00370882    -0.02645029   0.01747626    -0.01037851   0.00790265
    7    6
 -0.01175743  -0.01511156    -0.00815396  -0.00423149     0.00547509   0.00789007
 -0.00815396  -0.00423149    -0.01983607   0.00408598     0.00695386  -0.00428740
  0.00547509   0.00789007     0.00695386  -0.00428740     0.01394358   0.01042502
    7    7
  0.04824434   0.00000000     0.00689921   0.00209495     0.00014034   0.00139172
  0.00689921  -0.00209495     0.03994071   0.00000000     0.00665817  -0.00089728
  0.00014034  -0.00139172     0.00665817   0.00089728     0.06086512  -0.00000000

     Dynamical  Matrix in cartesian axes

     q = (    0.324759526  -0.324759526   0.216506351 ) 

    1    1
  0.06582614   0.00000000    -0.00681375   0.00000000     0.00397686   0.00000000
 -0.00681375   0.00000000     0.06582614   0.00000000    -0.00397686   0.00000000
  0.00397686   0.00000000    -0.00397686   0.00000000     0.04356420   0.00000000
    1    2
 -0.01131851  -0.00361334    -0.01014298   0.00364236    -0.00733340  -0.00880608
  0.00112309   0.00504481     0.00837093   0.00444798     0.00330179   0.00732299
 -0.00741445   0.00313216    -0.00582633   0.00272708    -0.00649999   0.00307570
    1    3
 -0.00544838   0.01055841    -0.00974771   0.00459663     0.00104134   0.01141233
 -0.00277308  -0.00436137     0.00277394  -0.00906434    -0.00284342  -0.00751286
 -0.00745759   0.00302804    -0.00604817   0.00219150    -0.00677104   0.00242134
    1    4
  0.00277394   0.00906434    -0.00277308   0.00436137     0.00284342  -0.00751286
 -0.00974771  -0.00459663    -0.00544838  -0.01055841    -0.00104134   0.01141233
  0.00604817   0.00219150     0.00745759   0.00302804    -0.00677104  -0.00242134
    1    5
 -0.00444798  -0.00837093    -0.00504481  -0.00112309     0.00732299   0.00330179
 -0.00364236   0.01014298     0.00361334   0.01131851    -0.00880608  -0.00733340
  0.00272708  -0.00582633     0.00313216  -0.00741445    -0.00307570   0.00649999
    1    6
 -0.00929536  -0.00256285    -0.00025519  -0.00119226    -0.01709278  -0.00638416
 -0.00119226  -0.00025519    -0.00256285  -0.00929536     0.00638416   0.01709278
 -0.00114837   0.00644125    -0.00644125   0.00114837    -0.00536401  -0.00536401
    1    7
 -0.00476061   0.00838502     0.00066261   0.00102350    -0.00757214   0.01660070
 -0.00066261   0.00102350     0.00476061   0.00838502    -0.00757214  -0.01660070
