  2.500000000000000E-002   1.26011648066226        2.33218954087644     
          12

     Dynamical  Matrix in cartesian axes

     q = (    0.433012700   0.433012700   0.216506400 ) 

    1    1
  0.11553797   0.00000000     0.03899548   0.00000000    -0.00000000   0.00000000
  0.03899548   0.00000000     0.11553797   0.00000000    -0.00000000   0.00000000
 -0.00000000   0.00000000    -0.00000000   0.00000000     0.06352425   0.00000000
    1    2
 -0.01600769   0.01600770     0.01808898  -0.01808898    -0.00940748  -0.00940748
 -0.00588525   0.00588525     0.01314798  -0.01314799    -0.00747741  -0.00747741
 -0.00483880  -0.00483880    -0.00306062  -0.00306062    -0.01158587   0.01158588
    1    3
  0.02263830   0.00000000    -0.02558168  -0.00000000     0.00000000  -0.01330419
  0.00832300   0.00000000    -0.01859406  -0.00000000     0.00000000  -0.01057466
  0.00000000  -0.00684310     0.00000000  -0.00432837     0.01638490   0.00000000
    1    4
 -0.01859406  -0.00000000     0.00832300   0.00000000     0.00000000  -0.01057466
 -0.02558168  -0.00000000     0.02263830   0.00000000     0.00000000  -0.01330419
  0.00000000  -0.00432837     0.00000000  -0.00684310     0.01638490   0.00000000
    1    5
  0.01314798  -0.01314799    -0.00588525   0.00588525    -0.00747741  -0.00747741
  0.01808898  -0.01808898    -0.01600769   0.01600770    -0.00940748  -0.00940748
 -0.00306062  -0.00306062    -0.00483880  -0.00483880    -0.01158587   0.01158588
    1    6
  0.00000000   0.00000000     0.00000000   0.00000000     0.01479912   0.01745134
  0.00000000   0.00000000     0.00000000   0.00000000     0.00187541   0.02280452
  0.01951088  -0.00400724    -0.01662982   0.01096273    -0.00000000  -0.00000000
    1    7
  0.00000000  -0.00000000     0.00000000   0.00000000     0.00187541   0.02280452
  0.00000000   0.00000000    -0.00000000  -0.00000000     0.01479912   0.01745134
 -0.01662982   0.01096273     0.01951088  -0.00400724    -0.00000000  -0.00000000
    2    1
 -0.01600769  -0.01600770    -0.00588525  -0.00588525    -0.00483880   0.00483880
  0.01808898   0.01808898     0.01314798   0.01314799    -0.00306062   0.00306062
 -0.00940748   0.00940748    -0.00747741   0.00747741    -0.01158587  -0.01158588
    2    2
  0.07354408   0.00000000     0.00067989   0.00000000    -0.00000000  -0.00833567
  0.00067989  -0.00000000     0.07222407   0.00000000    -0.00000000  -0.00522985
 -0.00000000   0.00833567     0.00000000   0.00522985     0.03826065   0.00000000
    2    3
  0.00295000   0.00295000     0.00552681   0.00552682    -0.00229189   0.00229189
  0.00552681   0.00552682     0.01762203   0.01762204    -0.00804045   0.00804045
 -0.00229189   0.00229189    -0.00804045   0.00804045    -0.01133668  -0.01133668
    2    4
  0.01879372   0.01879373     0.02383853   0.02383854     0.00390095  -0.00390095
  0.02845273   0.02845274     0.01879372   0.01879373    -0.00594518   0.00594518
 -0.00594518   0.00594518     0.00390095  -0.00390095     0.01219751   0.01219752
    2    5
 -0.01985769  -0.00000000     0.03188052  -0.00000000     0.00000000  -0.00607407
  0.05369793  -0.00000000    -0.01985769  -0.00000000    -0.00000000  -0.00623699
  0.00000000   0.00623699    -0.00000000   0.00607407    -0.00097210   0.00000000
    2    6
 -0.01701448  -0.00909782    -0.00937909  -0.00188316    -0.01313084  -0.00371157
 -0.00938143   0.00440345    -0.00120833  -0.00861155    -0.00688552  -0.00091237
 -0.01632235  -0.02159960    -0.00663592   0.00418775    -0.01454063  -0.00453843
    2    7
 -0.01846419  -0.00559792    -0.00796361  -0.00530042     0.01190938   0.00666043
 -0.00351997  -0.00974738    -0.00694370   0.00523486     0.00551394   0.00422366
  0.02681487  -0.00373158     0.00173112   0.00765349    -0.01349093  -0.00707263
    3    1
  0.02263830  -0.00000000     0.00832300  -0.00000000     0.00000000   0.00684310
 -0.02558168   0.00000000    -0.01859406   0.00000000     0.00000000   0.00432837
  0.00000000   0.01330419     0.00000000   0.01057466     0.01638490  -0.00000000
    3    2
  0.00295000  -0.00295000     0.00552681  -0.00552682    -0.00229189  -0.00229189
  0.00552681  -0.00552682     0.01762203  -0.01762204    -0.00804045  -0.00804045
 -0.00229189  -0.00229189    -0.00804045  -0.00804045    -0.01133668   0.01133668
    3    3
  0.07354408  -0.00000000     0.00067989  -0.00000000    -0.00000000   0.00833567
  0.00067989   0.00000000     0.07222407  -0.00000000    -0.00000000   0.00522985
  0.00000000  -0.00833567    -0.00000000  -0.00522985     0.03826065  -0.00000000
    3    4
 -0.01985769   0.00000000     0.03188052  -0.00000000    -0.00000000   0.00607407
  0.05369793  -0.00000000    -0.01985769   0.00000000     0.00000000   0.00623699
 -0.00000000  -0.00623699     0.00000000  -0.00607407    -0.00097210   0.00000000
    3    5
  0.01879372  -0.01879373     0.02383853  -0.02383854     0.00390095   0.00390095
  0.02845273  -0.02845274     0.01879372  -0.01879373    -0.00594518  -0.00594518
 -0.00594518  -0.00594518     0.00390095   0.00390095     0.01219751  -0.01219752
    3    6
 -0.01846419   0.00559792    -0.00796361   0.00530042     0.01190938  -0.00666043
 -0.00351997   0.00974738    -0.00694370  -0.00523486     0.00551394  -0.00422366
  0.02681487   0.00373158     0.00173112  -0.00765349    -0.01349093   0.00707263
    3    7
 -0.01701448   0.00909782    -0.00937909   0.00188316    -0.01313084   0.00371157
 -0.00938143  -0.00440345    -0.00120833   0.00861155    -0.00688552   0.00091237
 -0.01632235   0.02159960    -0.00663592  -0.00418775    -0.01454063   0.00453843
    4    1
 -0.01859406   0.00000000    -0.02558168   0.00000000     0.00000000   0.00432837
  0.00832300  -0.00000000     0.02263830  -0.00000000     0.00000000   0.00684310
  0.00000000   0.01057466     0.00000000   0.01330419     0.01638490  -0.00000000
    4    2
  0.01879372  -0.01879373     0.02845273  -0.02845274    -0.00594518  -0.00594518
  0.02383853  -0.02383854     0.01879372  -0.01879373     0.00390095   0.00390095
  0.00390095   0.00390095    -0.00594518  -0.00594518     0.01219751  -0.01219752
    4    3
 -0.01985769  -0.00000000     0.05369793   0.00000000    -0.00000000   0.00623699
  0.03188052   0.00000000    -0.01985769  -0.00000000     0.00000000   0.00607407
 -0.00000000  -0.00607407    -0.00000000  -0.00623699    -0.00097210  -0.00000000
    4    4
  0.07222407  -0.00000000     0.00067989   0.00000000    -0.00000000   0.00522985
  0.00067989  -0.00000000     0.07354408   0.00000000    -0.00000000   0.00833567
 -0.00000000  -0.00522985    -0.00000000  -0.00833567     0.03826065   0.00000000
    4    5
  0.01762203  -0.01762204     0.00552681  -0.00552682    -0.00804045  -0.00804045
  0.00552681  -0.00552682     0.00295000  -0.00295000    -0.00229189  -0.00229189
 -0.00804045  -0.00804045    -0.00229189  -0.00229189    -0.01133668   0.01133668
    4    6
 -0.00120833   0.00861155    -0.00938143  -0.00440345    -0.00688552   0.00091237
 -0.00937909   0.00188316    -0.01701448   0.00909782    -0.01313084   0.00371157
 -0.00663592  -0.00418775    -0.01632235   0.02159960    -0.01454063   0.00453843
    4    7
 -0.00694370  -0.00523486    -0.00351997   0.00974738     0.00551394  -0.00422366
 -0.00796361   0.00530042    -0.01846419   0.00559792     0.01190938  -0.00666043
  0.00173112  -0.00765349     0.02681487   0.00373158    -0.01349093   0.00707263
    5    1
  0.01314798   0.01314799     0.01808898   0.01808898    -0.00306062   0.00306062
 -0.00588525  -0.00588525    -0.01600769  -0.01600770    -0.00483880   0.00483880
 -0.00747741   0.00747741    -0.00940748   0.00940748    -0.01158587  -0.01158588
    5    2
 -0.01985769   0.00000000     0.05369793  -0.00000000     0.00000000  -0.00623699
  0.03188052  -0.00000000    -0.01985769  -0.00000000    -0.00000000  -0.00607407
  0.00000000   0.00607407    -0.00000000   0.00623699    -0.00097210   0.00000000
    5    3
  0.01879372   0.01879373     0.02845273   0.02845274    -0.00594518   0.00594518
  0.02383853   0.02383854     0.01879372   0.01879373     0.00390095  -0.00390095
  0.00390095  -0.00390095    -0.00594518   0.00594518     0.01219751   0.01219752
    5    4
  0.01762203   0.01762204     0.00552681   0.00552682    -0.00804045   0.00804045
  0.00552681   0.00552682     0.00295000   0.00295000    -0.00229189   0.00229189
 -0.00804045   0.00804045    -0.00229189   0.00229189    -0.01133668  -0.01133668
    5    5
  0.07222407   0.00000000     0.00067989  -0.00000000    -0.00000000  -0.00522985
  0.00067989   0.00000000     0.07354408  -0.00000000    -0.00000000  -0.00833567
 -0.00000000   0.00522985    -0.00000000   0.00833567     0.03826065  -0.00000000
    5    6
 -0.00694370   0.00523486    -0.00351997  -0.00974738     0.00551394   0.00422366
 -0.00796361  -0.00530042    -0.01846419  -0.00559792     0.01190938   0.00666043
  0.00173112   0.00765349     0.02681487  -0.00373158    -0.01349093  -0.00707263
    5    7
 -0.00120833  -0.00861155    -0.00938143   0.00440345    -0.00688552  -0.00091237
 -0.00937909  -0.00188316    -0.01701448  -0.00909782    -0.01313084  -0.00371157
 -0.00663592   0.00418775    -0.01632235  -0.02159960    -0.01454063  -0.00453843
    6    1
 -0.00000000  -0.00000000     0.00000000  -0.00000000     0.01951088   0.00400724
  0.00000000  -0.00000000     0.00000000  -0.00000000    -0.01662982  -0.01096273
  0.01479912  -0.01745134     0.00187541  -0.02280452    -0.00000000   0.00000000
    6    2
 -0.01701448   0.00909782    -0.00938143  -0.00440345    -0.01632235   0.02159960
 -0.00937909   0.00188316    -0.00120833   0.00861155    -0.00663592  -0.00418775
 -0.01313084   0.00371157    -0.00688552   0.00091237    -0.01454063   0.00453843
    6    3
 -0.01846419  -0.00559792    -0.00351997  -0.00974738     0.02681487  -0.00373158
 -0.00796361  -0.00530042    -0.00694370   0.00523486     0.00173112   0.00765349
  0.01190938   0.00666043     0.00551394   0.00422366    -0.01349093  -0.00707263
    6    4
 -0.00120833  -0.00861155    -0.00937909  -0.00188316    -0.00663592   0.00418775
 -0.00938143   0.00440345    -0.01701448  -0.00909782    -0.01632235  -0.02159960
 -0.00688552  -0.00091237    -0.01313084  -0.00371157    -0.01454063  -0.00453843
    6    5
 -0.00694370  -0.00523486    -0.00796361   0.00530042     0.00173112  -0.00765349
 -0.00351997   0.00974738    -0.01846419   0.00559792     0.02681487   0.00373158
  0.00551394  -0.00422366     0.01190938  -0.00666043    -0.01349093   0.00707263
    6    6
  0.04652747   0.00000000    -0.00206327  -0.00442619    -0.00000000   0.00000000
 -0.00206327   0.00442619     0.04652747  -0.00000000    -0.00000000   0.00000000
 -0.00000000   0.00000000    -0.00000000   0.00000000     0.04316278   0.00000000
    6    7
 -0.00691060   0.01335874    -0.00347255  -0.00000000    -0.00000000   0.00000000
 -0.00347255   0.00000000    -0.00691060  -0.01335874    -0.00000000   0.00000000
 -0.00000000   0.00000000    -0.00000000   0.00000000     0.01946307   0.00000000
    7    1
  0.00000000  -0.00000000     0.00000000  -0.00000000    -0.01662982  -0.01096273
  0.00000000  -0.00000000     0.00000000  -0.00000000     0.01951088   0.00400724
  0.00187541  -0.02280452     0.01479912  -0.01745134     0.00000000   0.00000000
    7    2
 -0.01846419   0.00559792    -0.00351997   0.00974738     0.02681487   0.00373158
 -0.00796361   0.00530042    -0.00694370  -0.00523486     0.00173112  -0.00765349
  0.01190938  -0.00666043     0.00551394  -0.00422366    -0.01349093   0.00707263
    7    3
 -0.01701448  -0.00909782    -0.00938143   0.00440345    -0.01632235  -0.02159960
 -0.00937909  -0.00188316    -0.00120833  -0.00861155    -0.00663592   0.00418775
 -0.01313084  -0.00371157    -0.00688552  -0.00091237    -0.01454063  -0.00453843
    7    4
 -0.00694370   0.00523486    -0.00796361  -0.00530042     0.00173112   0.00765349
 -0.00351997  -0.00974738    -0.01846419  -0.00559792     0.02681487  -0.00373158
  0.00551394   0.00422366     0.01190938   0.00666043    -0.01349093  -0.00707263
    7    5
 -0.00120833   0.00861155    -0.00937909   0.00188316    -0.00663592  -0.00418775
 -0.00938143  -0.00440345    -0.01701448   0.00909782    -0.01632235   0.02159960
 -0.00688552   0.00091237    -0.01313084   0.00371157    -0.01454063   0.00453843
    7    6
 -0.00691060  -0.01335874    -0.00347255   0.00000000    -0.00000000   0.00000000
 -0.00347255  -0.00000000    -0.00691060   0.01335874    -0.00000000   0.00000000
 -0.00000000   0.00000000    -0.00000000   0.00000000     0.01946307   0.00000000
    7    7
  0.04652747  -0.00000000    -0.00206327   0.00442619    -0.00000000   0.00000000
 -0.00206327  -0.00442619     0.04652747   0.00000000    -0.00000000   0.00000000
 -0.00000000   0.00000000    -0.00000000   0.00000000     0.04316278   0.00000000

     Dynamical  Matrix in cartesian axes

     q = (    0.433012700   0.433012700  -0.216506400 ) 

    1    1
  0.11553797   0.00000000     0.03899548   0.00000000    -0.00000000   0.00000000
  0.03899548   0.00000000     0.11553797   0.00000000    -0.00000000   0.00000000
 -0.00000000   0.00000000    -0.00000000   0.00000000     0.06352425   0.00000000
    1    2
 -0.01600769  -0.01600770     0.01808898   0.01808898    -0.00940748   0.00940748
 -0.00588525  -0.00588525     0.01314798   0.01314799    -0.00747741   0.00747741
 -0.00483880   0.00483880    -0.00306062   0.00306062    -0.01158587  -0.01158588
    1    3
  0.02263830   0.00000000    -0.02558168  -0.00000000    -0.00000000   0.01330419
  0.00832300   0.00000000    -0.01859406  -0.00000000    -0.00000000   0.01057466
 -0.00000000   0.00684310    -0.00000000   0.00432837     0.01638490   0.00000000
    1    4
 -0.01859406  -0.00000000     0.00832300   0.00000000    -0.00000000   0.01057466
 -0.02558168  -0.00000000     0.02263830   0.00000000    -0.00000000   0.01330419
 -0.00000000   0.00432837    -0.00000000   0.00684310     0.01638490   0.00000000
    1    5
  0.01314798   0.01314799    -0.00588525  -0.00588525    -0.00747741   0.00747741
  0.01808898   0.01808898    -0.01600769  -0.01600770    -0.00940748   0.00940748
 -0.00306062   0.00306062    -0.00483880   0.00483880    -0.01158587  -0.01158588
    1    6
 -0.00000000   0.00000000    -0.00000000   0.00000000     0.01479912  -0.01745134
 -0.00000000   0.00000000     0.00000000   0.00000000     0.00187541  -0.02280452
  0.01951088   0.00400724    -0.01662982  -0.01096273     0.00000000  -0.00000000
    1    7
 -0.00000000   0.00000000    -0.00000000   0.00000000     0.00187541  -0.02280452
 -0.00000000   0.00000000    -0.00000000   0.00000000     0.01479912  -0.01745134
 -0.01662982  -0.01096273     0.01951088   0.00400724     0.00000000  -0.00000000
    2    1
 -0.01600769   0.01600770    -0.00588525   0.00588525    -0.00483880  -0.00483880
  0.01808898  -0.01808898     0.01314798  -0.01314799    -0.00306062  -0.00306062
 -0.00940748  -0.00940748    -0.00747741  -0.00747741    -0.01158587   0.01158588
    2    2
  0.07354408  -0.00000000     0.00067989  -0.00000000    -0.00000000   0.00833567
  0.00067989   0.00000000     0.07222407  -0.00000000    -0.00000000   0.00522985
 -0.00000000  -0.00833567     0.00000000  -0.00522985     0.03826065  -0.00000000
    2    3
  0.00295000  -0.00295000     0.00552681  -0.00552682    -0.00229189  -0.00229189
  0.00552681  -0.00552682     0.01762203  -0.01762204    -0.00804045  -0.00804045
 -0.00229189  -0.00229189    -0.00804045  -0.00804045    -0.01133668   0.01133668
    2    4
  0.01879372  -0.01879373     0.02383853  -0.02383854     0.00390095   0.00390095
  0.02845273  -0.02845274     0.01879372  -0.01879373    -0.00594518  -0.00594518
 -0.00594518  -0.00594518     0.00390095   0.00390095     0.01219751  -0.01219752
    2    5
 -0.01985769   0.00000000     0.03188052  -0.00000000     0.00000000   0.00607407
  0.05369793   0.00000000    -0.01985769  -0.00000000    -0.00000000   0.00623699
  0.00000000  -0.00623699    -0.00000000  -0.00607407    -0.00097210   0.00000000
    2    6
 -0.01701448   0.00909782    -0.00937909   0.00188316    -0.01313084   0.00371157
 -0.00938143  -0.00440345    -0.00120833   0.00861155    -0.00688552   0.00091237
 -0.01632235   0.02159960    -0.00663592  -0.00418775    -0.01454063   0.00453843
    2    7
 -0.01846419   0.00559792    -0.00796361   0.00530042     0.01190938  -0.00666043
 -0.00351997   0.00974738    -0.00694370  -0.00523486     0.00551394  -0.00422366
  0.02681487   0.00373158     0.00173112  -0.00765349    -0.01349093   0.00707263
    3    1
  0.02263830  -0.00000000     0.00832300  -0.00000000    -0.00000000  -0.00684310
 -0.02558168   0.00000000    -0.01859406   0.00000000    -0.00000000  -0.00432837
 -0.00000000  -0.01330419    -0.00000000  -0.01057466     0.01638490  -0.00000000
    3    2
  0.00295000   0.00295000     0.00552681   0.00552682    -0.00229189   0.00229189
  0.00552681   0.00552682     0.01762203   0.01762204    -0.00804045   0.00804045
 -0.00229189   0.00229189    -0.00804045   0.00804045    -0.01133668  -0.01133668
    3    3
  0.07354408   0.00000000     0.00067989   0.00000000    -0.00000000  -0.00833567
  0.00067989  -0.00000000     0.07222407   0.00000000    -0.00000000  -0.00522985
  0.00000000   0.00833567    -0.00000000   0.00522985     0.03826065   0.00000000
    3    4
 -0.01985769  -0.00000000     0.03188052   0.00000000    -0.00000000  -0.00607407
  0.05369793   0.00000000    -0.01985769  -0.00000000     0.00000000  -0.00623699
 -0.00000000   0.00623699     0.00000000   0.00607407    -0.00097210  -0.00000000
    3    5
  0.01879372   0.01879373     0.02383853   0.02383854     0.00390095  -0.00390095
  0.02845273   0.02845274     0.01879372   0.01879373    -0.00594518   0.00594518
 -0.00594518   0.00594518     0.00390095  -0.00390095     0.01219751   0.01219752
    3    6
 -0.01846419  -0.00559792    -0.00796361  -0.00530042     0.01190938   0.00666043
 -0.00351997  -0.00974738    -0.00694370   0.00523486     0.00551394   0.00422366
  0.02681487  -0.00373158     0.00173112   0.00765349    -0.01349093  -0.00707263
    3    7
 -0.01701448  -0.00909782    -0.00937909  -0.00188316    -0.01313084  -0.00371157
 -0.00938143   0.00440345    -0.00120833  -0.00861155    -0.00688552  -0.00091237
 -0.01632235  -0.02159960    -0.00663592   0.00418775    -0.01454063  -0.00453843
    4    1
 -0.01859406   0.00000000    -0.02558168   0.00000000    -0.00000000  -0.00432837
  0.00832300  -0.00000000     0.02263830  -0.00000000    -0.00000000  -0.00684310
 -0.00000000  -0.01057466    -0.00000000  -0.01330419     0.01638490  -0.00000000
    4    2
  0.01879372   0.01879373     0.02845273   0.02845274    -0.00594518   0.00594518
  0.02383853   0.02383854     0.01879372   0.01879373     0.00390095  -0.00390095
  0.00390095  -0.00390095    -0.00594518   0.00594518     0.01219751   0.01219752
    4    3
 -0.01985769   0.00000000     0.05369793  -0.00000000    -0.00000000  -0.00623699
  0.03188052  -0.00000000    -0.01985769   0.00000000     0.00000000  -0.00607407
  0.00000000   0.00607407    -0.00000000   0.00623699    -0.00097210   0.00000000
    4    4
  0.07222407   0.00000000     0.00067989  -0.00000000    -0.00000000  -0.00522985
  0.00067989   0.00000000     0.07354408  -0.00000000    -0.00000000  -0.00833567
 -0.00000000   0.00522985    -0.00000000   0.00833567     0.03826065  -0.00000000
    4    5
  0.01762203   0.01762204     0.00552681   0.00552682    -0.00804045   0.00804045
  0.00552681   0.00552682     0.00295000   0.00295000    -0.00229189   0.00229189
 -0.00804045   0.00804045    -0.00229189   0.00229189    -0.01133668  -0.01133668
    4    6
 -0.00120833  -0.00861155    -0.00938143   0.00440345    -0.00688552  -0.00091237
 -0.00937909  -0.00188316    -0.01701448  -0.00909782    -0.01313084  -0.00371157
 -0.00663592   0.00418775    -0.01632235  -0.02159960    -0.01454063  -0.00453843
    4    7
 -0.00694370   0.00523486    -0.00351997  -0.00974738     0.00551394   0.00422366
 -0.00796361  -0.00530042    -0.01846419  -0.00559792     0.01190938   0.00666043
  0.00173112   0.00765349     0.02681487  -0.00373158    -0.01349093  -0.00707263
    5    1
  0.01314798  -0.01314799     0.01808898  -0.01808898    -0.00306062  -0.00306062
 -0.00588525   0.00588525    -0.01600769   0.01600770    -0.00483880  -0.00483880
 -0.00747741  -0.00747741    -0.00940748  -0.00940748    -0.01158587   0.01158588
    5    2
 -0.01985769  -0.00000000     0.05369793  -0.00000000     0.00000000   0.00623699
  0.03188052   0.00000000    -0.01985769  -0.00000000    -0.00000000   0.00607407
  0.00000000  -0.00607407    -0.00000000  -0.00623699    -0.00097210   0.00000000
    5    3
  0.01879372  -0.01879373     0.02845273  -0.02845274    -0.00594518  -0.00594518
  0.02383853  -0.02383854     0.01879372  -0.01879373     0.00390095   0.00390095
  0.00390095   0.00390095    -0.00594518  -0.00594518     0.01219751  -0.01219752
    5    4
  0.01762203  -0.01762204     0.00552681  -0.00552682    -0.00804045  -0.00804045
  0.00552681  -0.00552682     0.00295000  -0.00295000    -0.00229189  -0.00229189
 -0.00804045  -0.00804045    -0.00229189  -0.00229189    -0.01133668   0.01133668
    5    5
  0.07222407  -0.00000000     0.00067989   0.00000000    -0.00000000   0.00522985
  0.00067989  -0.00000000     0.07354408   0.00000000    -0.00000000   0.00833567
 -0.00000000  -0.00522985    -0.00000000  -0.00833567     0.03826065   0.00000000
    5    6
 -0.00694370  -0.00523486    -0.00351997   0.00974738     0.00551394  -0.00422366
 -0.00796361   0.00530042    -0.01846419   0.00559792     0.01190938  -0.00666043
  0.00173112  -0.00765349     0.02681487   0.00373158    -0.01349093   0.00707263
    5    7
 -0.00120833   0.00861155    -0.00938143  -0.00440345    -0.00688552   0.00091237
 -0.00937909   0.00188316    -0.01701448   0.00909782    -0.01313084   0.00371157
 -0.00663592  -0.00418775    -0.01632235   0.02159960    -0.01454063   0.00453843
    6    1
 -0.00000000  -0.00000000    -0.00000000  -0.00000000     0.01951088  -0.00400724
 -0.00000000  -0.00000000     0.00000000  -0.00000000    -0.01662982   0.01096273
  0.01479912   0.01745134     0.00187541   0.02280452     0.00000000   0.00000000
    6    2
 -0.01701448  -0.00909782    -0.00938143   0.00440345    -0.01632235  -0.02159960
 -0.00937909  -0.00188316    -0.00120833  -0.00861155    -0.00663592   0.00418775
 -0.01313084  -0.00371157    -0.00688552  -0.00091237    -0.01454063  -0.00453843
    6    3
 -0.01846419   0.00559792    -0.00351997   0.00974738     0.02681487   0.00373158
 -0.00796361   0.00530042    -0.00694370  -0.00523486     0.00173112  -0.00765349
  0.01190938  -0.00666043     0.00551394  -0.00422366    -0.01349093   0.00707263
    6    4
 -0.00120833   0.00861155    -0.00937909   0.00188316    -0.00663592  -0.00418775
 -0.00938143  -0.00440345    -0.01701448   0.00909782    -0.01632235   0.02159960
 -0.00688552   0.00091237    -0.01313084   0.00371157    -0.01454063   0.00453843
    6    5
 -0.00694370   0.00523486    -0.00796361  -0.00530042     0.00173112   0.00765349
 -0.00351997  -0.00974738    -0.01846419  -0.00559792     0.02681487  -0.00373158
  0.00551394   0.00422366     0.01190938   0.00666043    -0.01349093  -0.00707263
    6    6
  0.04652747  -0.00000000    -0.00206327   0.00442619    -0.00000000   0.00000000
 -0.00206327  -0.00442619     0.04652747   0.00000000    -0.00000000   0.00000000
 -0.00000000   0.00000000    -0.00000000   0.00000000     0.04316278   0.00000000
    6    7
 -0.00691060  -0.01335874    -0.00347255   0.00000000    -0.00000000   0.00000000
 -0.00347255  -0.00000000    -0.00691060   0.01335874    -0.00000000   0.00000000
 -0.00000000   0.00000000    -0.00000000   0.00000000     0.01946307   0.00000000
    7    1
  0.00000000  -0.00000000    -0.00000000  -0.00000000    -0.01662982   0.01096273
 -0.00000000  -0.00000000    -0.00000000  -0.00000000     0.01951088  -0.00400724
  0.00187541   0.02280452     0.01479912   0.01745134     0.00000000   0.00000000
    7    2
 -0.01846419  -0.00559792    -0.00351997  -0.00974738     0.02681487  -0.00373158
 -0.00796361  -0.00530042    -0.00694370   0.00523486     0.00173112   0.00765349
  0.01190938   0.00666043     0.00551394   0.00422366    -0.01349093  -0.00707263
    7    3
 -0.01701448   0.00909782    -0.00938143  -0.00440345    -0.01632235   0.02159960
 -0.00937909   0.00188316    -0.00120833   0.00861155    -0.00663592  -0.00418775
 -0.01313084   0.00371157    -0.00688552   0.00091237    -0.01454063   0.00453843
    7    4
 -0.00694370  -0.00523486    -0.00796361   0.00530042     0.00173112  -0.00765349
 -0.00351997   0.00974738    -0.01846419   0.00559792     0.02681487   0.00373158
  0.00551394  -0.00422366     0.01190938  -0.00666043    -0.01349093   0.00707263
    7    5
 -0.00120833  -0.00861155    -0.00937909  -0.00188316    -0.00663592   0.00418775
 -0.00938143   0.00440345    -0.01701448  -0.00909782    -0.01632235  -0.02159960
 -0.00688552  -0.00091237    -0.01313084  -0.00371157    -0.01454063  -0.00453843
    7    6
 -0.00691060   0.01335874    -0.00347255  -0.00000000    -0.00000000   0.00000000
 -0.00347255   0.00000000    -0.00691060  -0.01335874    -0.00000000   0.00000000
 -0.00000000   0.00000000    -0.00000000   0.00000000     0.01946307   0.00000000
    7    7
  0.04652747   0.00000000    -0.00206327  -0.00442619    -0.00000000   0.00000000
 -0.00206327   0.00442619     0.04652747  -0.00000000    -0.00000000   0.00000000
 -0.00000000   0.00000000    -0.00000000   0.00000000     0.04316278   0.00000000

     Dynamical  Matrix in cartesian axes

     q = (    0.433012700  -0.433012700   0.216506400 ) 

    1    1
  0.11553797   0.00000000    -0.03899548   0.00000000    -0.00000000   0.00000000
 -0.03899548   0.00000000     0.11553797   0.00000000    -0.00000000   0.00000000
 -0.00000000   0.00000000    -0.00000000   0.00000000     0.06352425   0.00000000
    1    2
 -0.01600769   0.01600770    -0.01808898   0.01808898    -0.00940748  -0.00940748
  0.00588525  -0.00588525     0.01314798  -0.01314799     0.00747741   0.00747741
 -0.00483880  -0.00483880     0.00306062   0.00306062    -0.01158587   0.01158588
    1    3
 -0.02263830   0.00000000    -0.02558168   0.00000000     0.00000000   0.01330419
  0.00832300  -0.00000000     0.01859406  -0.00000000    -0.00000000  -0.01057466
  0.00000000   0.00684310    -0.00000000  -0.00432837    -0.01638490   0.00000000
    1    4
  0.01859406   0.00000000     0.00832300   0.00000000     0.00000000  -0.01057466
 -0.02558168  -0.00000000    -0.02263830  -0.00000000    -0.00000000   0.01330419
  0.00000000  -0.00432837    -0.00000000   0.00684310    -0.01638490  -0.00000000
    1    5
  0.01314798  -0.01314799     0.00588525  -0.00588525     0.00747741   0.00747741
 -0.01808898   0.01808898    -0.01600769   0.01600770    -0.00940748  -0.00940748
  0.00306062   0.00306062    -0.00483880  -0.00483880    -0.01158587   0.01158588
    1    6
 -0.00000000  -0.00000000     0.00000000   0.00000000    -0.01479912  -0.01745134
  0.00000000   0.00000000     0.00000000  -0.00000000     0.00187541   0.02280452
 -0.01951088   0.00400724    -0.01662982   0.01096273     0.00000000   0.00000000
    1    7
  0.00000000   0.00000000    -0.00000000  -0.00000000     0.00187541   0.02280452
  0.00000000  -0.00000000     0.00000000   0.00000000    -0.01479912  -0.01745134
 -0.01662982   0.01096273    -0.01951088   0.00400724    -0.00000000  -0.00000000
    2    1
 -0.01600769  -0.01600770     0.00588525   0.00588525    -0.00483880   0.00483880
 -0.01808898  -0.01808898     0.01314798   0.01314799     0.00306062  -0.00306062
 -0.00940748   0.00940748     0.00747741  -0.00747741    -0.01158587  -0.01158588
    2    2
  0.07354408  -0.00000000    -0.00067989   0.00000000    -0.00000000  -0.00833567
 -0.00067989  -0.00000000     0.07222407  -0.00000000    -0.00000000   0.00522985
 -0.00000000   0.00833567    -0.00000000  -0.00522985     0.03826065  -0.00000000
    2    3
 -0.00295000  -0.00295000     0.00552681   0.00552682     0.00229189  -0.00229189
  0.00552681   0.00552682    -0.01762204  -0.01762204    -0.00804045   0.00804045
  0.00229189  -0.00229189    -0.00804045   0.00804045     0.01133668   0.01133668
    2    4
 -0.01404151  -0.01404151    -0.02254293  -0.02254293     0.00429502  -0.00429501
 -0.03797017  -0.03797018    -0.01404151  -0.01404151    -0.00441022   0.00441022
 -0.00441022   0.00441022     0.00429502  -0.00429501    -0.00068738  -0.00068738
    2    5
 -0.02657834   0.00000000     0.03371278  -0.00000000     0.00000000   0.00551678
  0.04023824  -0.00000000    -0.02657834   0.00000000     0.00000000   0.00840776
 -0.00000000  -0.00840776    -0.00000000  -0.00551678    -0.01724989   0.00000000
    2    6
  0.01701448   0.00909782    -0.00937909  -0.00188316     0.01313084   0.00371157
 -0.00938143   0.00440345     0.00120833   0.00861155    -0.00688552  -0.00091237
  0.01632235   0.02159960    -0.00663592   0.00418775     0.01454063   0.00453843
    2    7
 -0.01846419  -0.00559792     0.00796361   0.00530042     0.01190938   0.00666043
  0.00351997   0.00974738    -0.00694370   0.00523486    -0.00551394  -0.00422366
  0.02681487  -0.00373158    -0.00173112  -0.00765349    -0.01349093  -0.00707263
    3    1
 -0.02263830  -0.00000000     0.00832300   0.00000000     0.00000000  -0.00684310
 -0.02558168  -0.00000000     0.01859406   0.00000000    -0.00000000   0.00432837
  0.00000000  -0.01330419    -0.00000000   0.01057466    -0.01638490  -0.00000000
    3    2
 -0.00295000   0.00295000     0.00552681  -0.00552682     0.00229189   0.00229189
  0.00552681  -0.00552682    -0.01762204   0.01762204    -0.00804045  -0.00804045
  0.00229189   0.00229189    -0.00804045  -0.00804045     0.01133668  -0.01133668
    3    3
  0.07354408  -0.00000000    -0.00067989  -0.00000000    -0.00000000   0.00833567
 -0.00067989   0.00000000     0.07222407  -0.00000000    -0.00000000  -0.00522985
 -0.00000000  -0.00833567    -0.00000000   0.00522985     0.03826065   0.00000000
    3    4
 -0.02657834  -0.00000000     0.03371278   0.00000000     0.00000000  -0.00551678
  0.04023824   0.00000000    -0.02657834  -0.00000000     0.00000000  -0.00840776
 -0.00000000   0.00840776    -0.00000000   0.00551678    -0.01724989  -0.00000000
    3    5
 -0.01404151   0.01404151    -0.02254293   0.02254293     0.00429502   0.00429501
 -0.03797017   0.03797018    -0.01404151   0.01404151    -0.00441022  -0.00441022
 -0.00441022  -0.00441022     0.00429502   0.00429501    -0.00068738   0.00068738
    3    6
 -0.01846419   0.00559792     0.00796361  -0.00530042     0.01190938  -0.00666043
  0.00351997  -0.00974738    -0.00694370  -0.00523486    -0.00551394   0.00422366
  0.02681487   0.00373158    -0.00173112   0.00765349    -0.01349093   0.00707263
    3    7
  0.01701448  -0.00909782    -0.00937909   0.00188316     0.01313084  -0.00371157
 -0.00938143  -0.00440345     0.00120833  -0.00861155    -0.00688552   0.00091237
  0.01632235  -0.02159960    -0.00663592  -0.00418775     0.01454063  -0.00453843
    4    1
  0.01859406  -0.00000000    -0.02558168   0.00000000     0.00000000   0.00432837
  0.00832300  -0.00000000    -0.02263830   0.00000000    -0.00000000  -0.00684310
  0.00000000   0.01057466    -0.00000000  -0.01330419    -0.01638490   0.00000000
    4    2
 -0.01404151   0.01404151    -0.03797017   0.03797018    -0.00441022  -0.00441022
 -0.02254293   0.02254293    -0.01404151   0.01404151     0.00429502   0.00429501
  0.00429502   0.00429501    -0.00441022  -0.00441022    -0.00068738   0.00068738
    4    3
 -0.02657834   0.00000000     0.04023824  -0.00000000    -0.00000000  -0.00840776
  0.03371278  -0.00000000    -0.02657834   0.00000000    -0.00000000  -0.00551678
  0.00000000   0.00551678     0.00000000   0.00840776    -0.01724989   0.00000000
    4    4
  0.07222407  -0.00000000    -0.00067989   0.00000000    -0.00000000  -0.00522985
 -0.00067989  -0.00000000     0.07354408  -0.00000000    -0.00000000   0.00833567
  0.00000000   0.00522985    -0.00000000  -0.00833567     0.03826065  -0.00000000
    4    5
 -0.01762203   0.01762204     0.00552681  -0.00552682    -0.00804045  -0.00804045
  0.00552681  -0.00552682    -0.00295000   0.00295000     0.00229189   0.00229189
 -0.00804045  -0.00804045     0.00229189   0.00229189     0.01133668  -0.01133668
    4    6
  0.00120833  -0.00861155    -0.00938143  -0.00440345    -0.00688552   0.00091237
 -0.00937909   0.00188316     0.01701448  -0.00909782     0.01313084  -0.00371157
 -0.00663592  -0.00418775     0.01632235  -0.02159960     0.01454063  -0.00453843
    4    7
 -0.00694370  -0.00523486     0.00351997  -0.00974738    -0.00551394   0.00422366
  0.00796361  -0.00530042    -0.01846419   0.00559792     0.01190938  -0.00666043
 -0.00173112   0.00765349     0.02681487   0.00373158    -0.01349093   0.00707263
    5    1
  0.01314798   0.01314799    -0.01808898  -0.01808898     0.00306062  -0.00306062
  0.00588525   0.00588525    -0.01600769  -0.01600770    -0.00483880   0.00483880
  0.00747741  -0.00747741    -0.00940748   0.00940748    -0.01158587  -0.01158588
    5    2
 -0.02657834  -0.00000000     0.04023824   0.00000000    -0.00000000   0.00840776
  0.03371278   0.00000000    -0.02657834  -0.00000000    -0.00000000   0.00551678
  0.00000000  -0.00551678     0.00000000  -0.00840776    -0.01724989  -0.00000000
    5    3
 -0.01404151  -0.01404151    -0.03797017  -0.03797018    -0.00441022   0.00441022
 -0.02254293  -0.02254293    -0.01404151  -0.01404151     0.00429502  -0.00429501
  0.00429502  -0.00429501    -0.00441022   0.00441022    -0.00068738  -0.00068738
    5    4
 -0.01762203  -0.01762204     0.00552681   0.00552682    -0.00804045   0.00804045
  0.00552681   0.00552682    -0.00295000  -0.00295000     0.00229189  -0.00229189
 -0.00804045   0.00804045     0.00229189  -0.00229189     0.01133668   0.01133668
    5    5
  0.07222407   0.00000000    -0.00067989  -0.00000000    -0.00000000   0.00522985
 -0.00067989   0.00000000     0.07354408   0.00000000    -0.00000000  -0.00833567
 -0.00000000  -0.00522985     0.00000000   0.00833567     0.03826065   0.00000000
    5    6
 -0.00694370   0.00523486     0.00351997   0.00974738    -0.00551394  -0.00422366
  0.00796361   0.00530042    -0.01846419  -0.00559792     0.01190938   0.00666043
 -0.00173112  -0.00765349     0.02681487  -0.00373158    -0.01349093  -0.00707263
    5    7
  0.00120833   0.00861155    -0.00938143   0.00440345    -0.00688552  -0.00091237
 -0.00937909  -0.00188316     0.01701448   0.00909782     0.01313084   0.00371157
 -0.00663592   0.00418775     0.01632235   0.02159960     0.01454063   0.00453843
    6    1
  0.00000000   0.00000000     0.00000000  -0.00000000    -0.01951088  -0.00400724
  0.00000000  -0.00000000     0.00000000   0.00000000    -0.01662982  -0.01096273
 -0.01479912   0.01745134     0.00187541  -0.02280452     0.00000000  -0.00000000
    6    2
  0.01701448  -0.00909782    -0.00938143  -0.00440345     0.01632235  -0.02159960
 -0.00937909   0.00188316     0.00120833  -0.00861155    -0.00663592  -0.00418775
  0.01313084  -0.00371157    -0.00688552   0.00091237     0.01454063  -0.00453843
    6    3
 -0.01846419  -0.00559792     0.00351997   0.00974738     0.02681487  -0.00373158
  0.00796361   0.00530042    -0.00694370   0.00523486    -0.00173112  -0.00765349
  0.01190938   0.00666043    -0.00551394  -0.00422366    -0.01349093  -0.00707263
    6    4
  0.00120833   0.00861155    -0.00937909  -0.00188316    -0.00663592   0.00418775
 -0.00938143   0.00440345     0.01701448   0.00909782     0.01632235   0.02159960
 -0.00688552  -0.00091237     0.01313084   0.00371157     0.01454063   0.00453843
    6    5
 -0.00694370  -0.00523486     0.00796361  -0.00530042    -0.00173112   0.00765349
  0.00351997  -0.00974738    -0.01846419   0.00559792     0.02681487   0.00373158
 -0.00551394   0.00422366     0.01190938  -0.00666043    -0.01349093   0.00707263
    6    6
  0.04652747   0.00000000     0.00206327   0.00442619    -0.00000000   0.00000000
  0.00206327  -0.00442619     0.04652747  -0.00000000    -0.00000000   0.00000000
 -0.00000000   0.00000000    -0.00000000   0.00000000     0.04316278   0.00000000
    6    7
  0.00691060  -0.01335874    -0.00347255  -0.00000000     0.00000000  -0.00000000
 -0.00347255  -0.00000000     0.00691060   0.01335874     0.00000000  -0.00000000
  0.00000000   0.00000000     0.00000000   0.00000000    -0.01946307  -0.00000000
    7    1
  0.00000000  -0.00000000     0.00000000   0.00000000    -0.01662982  -0.01096273
 -0.00000000   0.00000000     0.00000000  -0.00000000    -0.01951088  -0.00400724
  0.00187541  -0.02280452    -0.01479912   0.01745134    -0.00000000   0.00000000
    7    2
 -0.01846419   0.00559792     0.00351997  -0.00974738     0.02681487   0.00373158
  0.00796361  -0.00530042    -0.00694370  -0.00523486    -0.00173112   0.00765349
  0.01190938  -0.00666043    -0.00551394   0.00422366    -0.01349093   0.00707263
    7    3
  0.01701448   0.00909782    -0.00938143   0.00440345     0.01632235   0.02159960
 -0.00937909  -0.00188316     0.00120833   0.00861155    -0.00663592   0.00418775
  0.01313084   0.00371157    -0.00688552  -0.00091237     0.01454063   0.00453843
    7    4
 -0.00694370   0.00523486     0.00796361   0.00530042    -0.00173112  -0.00765349
  0.00351997   0.00974738    -0.01846419  -0.00559792     0.02681487  -0.00373158
 -0.00551394  -0.00422366     0.01190938   0.00666043    -0.01349093  -0.00707263
    7    5
  0.00120833  -0.00861155    -0.00937909   0.00188316    -0.00663592  -0.00418775
 -0.00938143  -0.00440345     0.01701448  -0.00909782     0.01632235  -0.02159960
 -0.00688552   0.00091237     0.01313084  -0.00371157     0.01454063  -0.00453843
    7    6
  0.00691060   0.01335874    -0.00347255   0.00000000     0.00000000  -0.00000000
 -0.00347255   0.00000000     0.00691060  -0.01335874     0.00000000  -0.00000000
  0.00000000   0.00000000     0.00000000   0.00000000    -0.01946307   0.00000000
    7    7
  0.04652747  -0.00000000     0.00206327  -0.00442619    -0.00000000   0.00000000
  0.00206327   0.00442619     0.04652747   0.00000000    -0.00000000   0.00000000
 -0.00000000   0.00000000    -0.00000000   0.00000000     0.04316278   0.00000000

     Dynamical  Matrix in cartesian axes

     q = (    0.216506400  -0.433012700   0.433012700 ) 

    1    1
  0.06352425   0.00000000     0.00000000   0.00000000    -0.00000000   0.00000000
  0.00000000   0.00000000     0.11553797   0.00000000    -0.03899548   0.00000000
 -0.00000000   0.00000000    -0.03899548   0.00000000     0.11553797   0.00000000
    1    2
  0.00000000  -0.00000000    -0.01951088   0.00400724    -0.01662982   0.01096273
 -0.01479912  -0.01745134     0.00000000   0.00000000    -0.00000000  -0.00000000
  0.00187541   0.02280452    -0.00000000  -0.00000000     0.00000000   0.00000000
    1    3
  0.00000000   0.00000000    -0.01662982   0.01096273    -0.01951088   0.00400724
  0.00187541   0.02280452    -0.00000000  -0.00000000     0.00000000   0.00000000
 -0.01479912  -0.01745134     0.00000000   0.00000000    -0.00000000  -0.00000000
    1    4
 -0.01158587   0.01158588    -0.00483880  -0.00483880     0.00306062   0.00306062
 -0.00940748  -0.00940748    -0.01600769   0.01600770    -0.01808898   0.01808898
  0.00747741   0.00747741     0.00588525  -0.00588525     0.01314798  -0.01314799
    1    5
 -0.01638490  -0.00000000    -0.00000000   0.00684310     0.00000000  -0.00432837
 -0.00000000   0.01330419    -0.02263830  -0.00000000    -0.02558168  -0.00000000
  0.00000000  -0.01057466     0.00832300   0.00000000     0.01859406   0.00000000
    1    6
 -0.01638490   0.00000000    -0.00000000  -0.00432837     0.00000000   0.00684310
 -0.00000000  -0.01057466     0.01859406  -0.00000000     0.00832300  -0.00000000
  0.00000000   0.01330419    -0.02558168   0.00000000    -0.02263830   0.00000000
    1    7
 -0.01158587   0.01158588     0.00306062   0.00306062    -0.00483880  -0.00483880
  0.00747741   0.00747741     0.01314798  -0.01314799     0.00588525  -0.00588525
