  2.000000000000000E-002   1.26015754758087        2.29045391948694     
           6

     Dynamical  Matrix in cartesian axes

     q = (    0.000000000   0.000000000   0.649519100 ) 

    1    1
  0.02204021   0.00000000    -0.00000000   0.00000000    -0.00000000   0.00000000
 -0.00000000   0.00000000     0.02204021   0.00000000    -0.00000000   0.00000000
 -0.00000000   0.00000000    -0.00000000   0.00000000     0.18076594   0.00000000
    1    2
  0.00056090   0.00056090     0.00000000  -0.00000000    -0.00428195   0.00428195
  0.00000000  -0.00000000    -0.00066811  -0.00066811     0.00000000   0.00000000
 -0.02766299   0.02766300     0.00000000   0.00000000    -0.01599925  -0.01599924
    1    3
 -0.00079324  -0.00000000    -0.00000000  -0.00000000     0.00000000   0.00605559
 -0.00000000  -0.00000000     0.00094485  -0.00000000    -0.00000000   0.00000000
  0.00000000   0.03912139    -0.00000000   0.00000000     0.02262635  -0.00000000
    1    4
  0.00094485   0.00000000     0.00000000  -0.00000000    -0.00000000   0.00000000
  0.00000000   0.00000000    -0.00079324  -0.00000000     0.00000000   0.00605559
 -0.00000000   0.00000000     0.00000000   0.03912139     0.02262635  -0.00000000
    1    5
 -0.00066811  -0.00066811     0.00000000  -0.00000000     0.00000000   0.00000000
  0.00000000  -0.00000000     0.00056090   0.00056090    -0.00428195   0.00428195
  0.00000000   0.00000000    -0.02766299   0.02766300    -0.01599925  -0.01599924
    1    6
  0.00020344   0.00503723     0.00000000  -0.00000000    -0.00000000   0.00000000
  0.00000000  -0.00000000    -0.00370571   0.00341801    -0.00000000   0.00000000
 -0.00000000   0.00000000    -0.00000000   0.00000000     0.01111261  -0.02682823
    1    7
 -0.00370571   0.00341801     0.00000000  -0.00000000    -0.00000000   0.00000000
  0.00000000  -0.00000000     0.00020344   0.00503723    -0.00000000   0.00000000
 -0.00000000   0.00000000    -0.00000000   0.00000000     0.01111261  -0.02682823
    2    1
  0.00056090  -0.00056090     0.00000000   0.00000000    -0.02766299  -0.02766300
  0.00000000   0.00000000    -0.00066811   0.00066811     0.00000000  -0.00000000
 -0.00428195  -0.00428195     0.00000000  -0.00000000    -0.01599925   0.01599924
    2    2
  0.02000696  -0.00000000    -0.00000000  -0.00000000    -0.00000000   0.00797425
 -0.00000000   0.00000000     0.06284441   0.00000000    -0.00000000   0.00000000
 -0.00000000  -0.00797425    -0.00000000  -0.00000000     0.02766443  -0.00000000
    2    3
  0.00500494  -0.00500494    -0.00000000   0.00000000    -0.00332491  -0.00332492
  0.00000000  -0.00000000     0.04149300  -0.04149298    -0.00000000   0.00000000
 -0.00332491  -0.00332492    -0.00000000   0.00000000     0.00603769  -0.00603769
    2    4
  0.00102586  -0.00102586     0.00557727  -0.00557727    -0.00218295  -0.00218295
  0.04212263  -0.04212262     0.00102586  -0.00102586     0.00026530   0.00026530
  0.00026530   0.00026530    -0.00218295  -0.00218295    -0.00233963   0.00233963
    2    5
 -0.00145078  -0.00000000     0.00788745  -0.00000000    -0.00000000   0.00308716
  0.05957039   0.00000000    -0.00145078   0.00000000    -0.00000000   0.00037520
 -0.00000000  -0.00037520    -0.00000000  -0.00308716     0.00330874   0.00000000
    2    6
  0.00449825  -0.00062352     0.00000000   0.00000000    -0.00338340   0.00240205
 -0.00000000   0.00000000    -0.00032581   0.00053578    -0.00000000  -0.00000000
  0.01355028  -0.01546067     0.00000000   0.00000000     0.00444805   0.00058633
    2    7
 -0.00362164   0.00273985    -0.00000000   0.00000000    -0.00409093   0.00069392
 -0.00000000  -0.00000000     0.00060923   0.00014847     0.00000000  -0.00000000
  0.02051384   0.00135085    -0.00000000  -0.00000000    -0.00273065   0.00355985
    3    1
 -0.00079324   0.00000000     0.00000000   0.00000000     0.00000000  -0.03912139
  0.00000000   0.00000000     0.00094485   0.00000000    -0.00000000   0.00000000
  0.00000000  -0.00605559    -0.00000000   0.00000000     0.02262635   0.00000000
    3    2
  0.00500494   0.00500494    -0.00000000  -0.00000000    -0.00332491   0.00332492
  0.00000000   0.00000000     0.04149300   0.04149298    -0.00000000   0.00000000
 -0.00332491   0.00332492    -0.00000000   0.00000000     0.00603769   0.00603769
    3    3
  0.02000696   0.00000000    -0.00000000   0.00000000    -0.00000000  -0.00797425
 -0.00000000  -0.00000000     0.06284441  -0.00000000    -0.00000000   0.00000000
 -0.00000000   0.00797425    -0.00000000   0.00000000     0.02766443   0.00000000
    3    4
 -0.00145078   0.00000000     0.00788745  -0.00000000    -0.00000000  -0.00308716
  0.05957039  -0.00000000    -0.00145078   0.00000000    -0.00000000  -0.00037520
  0.00000000   0.00037520    -0.00000000   0.00308716     0.00330874  -0.00000000
    3    5
  0.00102586   0.00102586     0.00557727   0.00557727    -0.00218295   0.00218295
  0.04212263   0.04212262     0.00102586   0.00102586     0.00026530  -0.00026530
  0.00026530  -0.00026530    -0.00218295   0.00218295    -0.00233963  -0.00233963
    3    6
 -0.00362164  -0.00273985    -0.00000000   0.00000000    -0.00409093  -0.00069392
 -0.00000000   0.00000000     0.00060923  -0.00014847     0.00000000   0.00000000
  0.02051384  -0.00135085     0.00000000   0.00000000    -0.00273065  -0.00355985
    3    7
  0.00449825   0.00062352    -0.00000000   0.00000000    -0.00338340  -0.00240205
 -0.00000000  -0.00000000    -0.00032581  -0.00053578     0.00000000  -0.00000000
  0.01355028   0.01546067    -0.00000000   0.00000000     0.00444805  -0.00058633
    4    1
  0.00094485   0.00000000    -0.00000000  -0.00000000    -0.00000000  -0.00000000
  0.00000000   0.00000000    -0.00079324   0.00000000     0.00000000  -0.03912139
 -0.00000000   0.00000000     0.00000000  -0.00605559     0.02262635   0.00000000
    4    2
  0.00102586   0.00102586     0.04212263   0.04212262     0.00026530  -0.00026530
  0.00557727   0.00557727     0.00102586   0.00102586    -0.00218295   0.00218295
 -0.00218295   0.00218295     0.00026530  -0.00026530    -0.00233963  -0.00233963
    4    3
 -0.00145078  -0.00000000     0.05957039   0.00000000    -0.00000000  -0.00037520
  0.00788745   0.00000000    -0.00145078  -0.00000000    -0.00000000  -0.00308716
 -0.00000000   0.00308716     0.00000000   0.00037520     0.00330874   0.00000000
    4    4
  0.06284441  -0.00000000     0.00000000  -0.00000000    -0.00000000   0.00000000
 -0.00000000   0.00000000     0.02000696  -0.00000000    -0.00000000  -0.00797425
 -0.00000000   0.00000000    -0.00000000   0.00797425     0.02766443  -0.00000000
    4    5
  0.04149300   0.04149298    -0.00000000  -0.00000000    -0.00000000   0.00000000
  0.00000000   0.00000000     0.00500494   0.00500494    -0.00332491   0.00332492
 -0.00000000   0.00000000    -0.00332491   0.00332492     0.00603769   0.00603769
    4    6
 -0.00032581  -0.00053578    -0.00000000  -0.00000000     0.00000000  -0.00000000
 -0.00000000  -0.00000000     0.00449825   0.00062352    -0.00338340  -0.00240205
 -0.00000000  -0.00000000     0.01355028   0.01546067     0.00444805  -0.00058633
    4    7
  0.00060923  -0.00014847    -0.00000000   0.00000000     0.00000000   0.00000000
 -0.00000000   0.00000000    -0.00362164  -0.00273985    -0.00409093  -0.00069392
 -0.00000000   0.00000000     0.02051384  -0.00135085    -0.00273065  -0.00355985
    5    1
 -0.00066811   0.00066811     0.00000000   0.00000000     0.00000000   0.00000000
  0.00000000   0.00000000     0.00056090  -0.00056090    -0.02766299  -0.02766300
  0.00000000  -0.00000000    -0.00428195  -0.00428195    -0.01599925   0.01599924
    5    2
 -0.00145078   0.00000000     0.05957039   0.00000000    -0.00000000   0.00037520
  0.00788745  -0.00000000    -0.00145078  -0.00000000    -0.00000000   0.00308716
 -0.00000000  -0.00308716     0.00000000  -0.00037520     0.00330874   0.00000000
    5    3
  0.00102586  -0.00102586     0.04212263  -0.04212262     0.00026530   0.00026530
  0.00557727  -0.00557727     0.00102586  -0.00102586    -0.00218295  -0.00218295
 -0.00218295  -0.00218295     0.00026530   0.00026530    -0.00233963   0.00233963
    5    4
  0.04149300  -0.04149298    -0.00000000   0.00000000    -0.00000000   0.00000000
  0.00000000  -0.00000000     0.00500494  -0.00500494    -0.00332491  -0.00332492
 -0.00000000   0.00000000    -0.00332491  -0.00332492     0.00603769  -0.00603769
    5    5
  0.06284441   0.00000000     0.00000000   0.00000000    -0.00000000  -0.00000000
 -0.00000000  -0.00000000     0.02000696   0.00000000    -0.00000000   0.00797425
 -0.00000000  -0.00000000    -0.00000000  -0.00797425     0.02766443   0.00000000
    5    6
  0.00060923   0.00014847    -0.00000000  -0.00000000     0.00000000  -0.00000000
 -0.00000000  -0.00000000    -0.00362164   0.00273985    -0.00409093   0.00069392
 -0.00000000  -0.00000000     0.02051384   0.00135085    -0.00273065   0.00355985
    5    7
 -0.00032581   0.00053578    -0.00000000   0.00000000    -0.00000000  -0.00000000
 -0.00000000   0.00000000     0.00449825  -0.00062352    -0.00338340   0.00240205
 -0.00000000   0.00000000     0.01355028  -0.01546067     0.00444805   0.00058633
    6    1
  0.00020344  -0.00503723    -0.00000000   0.00000000    -0.00000000  -0.00000000
  0.00000000   0.00000000    -0.00370571  -0.00341801    -0.00000000  -0.00000000
 -0.00000000  -0.00000000    -0.00000000  -0.00000000     0.01111261   0.02682823
    6    2
  0.00449825   0.00062352    -0.00000000  -0.00000000     0.01355028   0.01546067
  0.00000000   0.00000000    -0.00032581  -0.00053578     0.00000000   0.00000000
 -0.00338340  -0.00240205     0.00000000   0.00000000     0.00444805  -0.00058633
    6    3
 -0.00362164   0.00273985    -0.00000000   0.00000000     0.02051384   0.00135085
  0.00000000   0.00000000     0.00060923   0.00014847    -0.00000000  -0.00000000
 -0.00409093   0.00069392    -0.00000000  -0.00000000    -0.00273065   0.00355985
    6    4
 -0.00032581   0.00053578    -0.00000000   0.00000000    -0.00000000   0.00000000
 -0.00000000   0.00000000     0.00449825  -0.00062352     0.01355028  -0.01546067
 -0.00000000   0.00000000    -0.00338340   0.00240205     0.00444805   0.00058633
    6    5
  0.00060923  -0.00014847     0.00000000   0.00000000    -0.00000000   0.00000000
 -0.00000000   0.00000000    -0.00362164  -0.00273985     0.02051384  -0.00135085
 -0.00000000   0.00000000    -0.00409093  -0.00069392    -0.00273065  -0.00355985
    6    6
  0.02967252   0.00000000    -0.00000000  -0.00000000    -0.00000000  -0.00000000
  0.00000000   0.00000000     0.02967252  -0.00000000    -0.00000000  -0.00000000
 -0.00000000  -0.00000000    -0.00000000  -0.00000000     0.03784823  -0.00000000
    6    7
  0.01345759   0.01585442     0.00000000   0.00000000    -0.00000000   0.00000000
  0.00000000  -0.00000000     0.01345759  -0.01585442    -0.00000000   0.00000000
 -0.00000000   0.00000000    -0.00000000   0.00000000     0.02308960  -0.00000000
    7    1
 -0.00370571  -0.00341801     0.00000000   0.00000000    -0.00000000  -0.00000000
  0.00000000   0.00000000     0.00020344  -0.00503723    -0.00000000  -0.00000000
 -0.00000000  -0.00000000    -0.00000000  -0.00000000     0.01111261   0.02682823
    7    2
 -0.00362164  -0.00273985    -0.00000000   0.00000000     0.02051384  -0.00135085
  0.00000000   0.00000000     0.00060923  -0.00014847     0.00000000  -0.00000000
 -0.00409093  -0.00069392    -0.00000000   0.00000000    -0.00273065  -0.00355985
    7    3
  0.00449825  -0.00062352    -0.00000000   0.00000000     0.01355028  -0.01546067
  0.00000000   0.00000000    -0.00032581   0.00053578    -0.00000000   0.00000000
 -0.00338340   0.00240205    -0.00000000   0.00000000     0.00444805   0.00058633
    7    4
  0.00060923   0.00014847     0.00000000   0.00000000    -0.00000000  -0.00000000
 -0.00000000  -0.00000000    -0.00362164   0.00273985     0.02051384   0.00135085
  0.00000000  -0.00000000    -0.00409093   0.00069392    -0.00273065   0.00355985
    7    5
 -0.00032581  -0.00053578     0.00000000  -0.00000000    -0.00000000   0.00000000
 -0.00000000  -0.00000000     0.00449825   0.00062352     0.01355028   0.01546067
 -0.00000000  -0.00000000    -0.00338340  -0.00240205     0.00444805  -0.00058633
    7    6
  0.01345759  -0.01585442     0.00000000  -0.00000000    -0.00000000   0.00000000
  0.00000000   0.00000000     0.01345759   0.01585442    -0.00000000   0.00000000
 -0.00000000   0.00000000    -0.00000000   0.00000000     0.02308960   0.00000000
    7    7
  0.02967252  -0.00000000    -0.00000000   0.00000000    -0.00000000   0.00000000
  0.00000000  -0.00000000     0.02967252   0.00000000    -0.00000000   0.00000000
 -0.00000000   0.00000000    -0.00000000   0.00000000     0.03784823   0.00000000

     Dynamical  Matrix in cartesian axes

     q = (    0.649519100  -0.000000000   0.000000000 ) 

    1    1
  0.18076594   0.00000000    -0.00000000   0.00000000     0.00000000   0.00000000
 -0.00000000   0.00000000     0.02204021   0.00000000     0.00000000   0.00000000
  0.00000000   0.00000000     0.00000000   0.00000000     0.02204021   0.00000000
    1    2
  0.01111261  -0.02682823     0.00000000   0.00000000     0.00000000   0.00000000
 -0.00000000   0.00000000     0.00020344   0.00503723     0.00000000   0.00000000
  0.00000000  -0.00000000     0.00000000   0.00000000    -0.00370571   0.00341801
    1    3
  0.01111261  -0.02682823     0.00000000  -0.00000000    -0.00000000  -0.00000000
  0.00000000   0.00000000    -0.00370571   0.00341801    -0.00000000  -0.00000000
  0.00000000  -0.00000000     0.00000000  -0.00000000     0.00020344   0.00503723
    1    4
 -0.01599925  -0.01599924    -0.02766299   0.02766300    -0.00000000   0.00000000
 -0.00428195   0.00428195     0.00056090   0.00056090    -0.00000000   0.00000000
 -0.00000000   0.00000000    -0.00000000   0.00000000    -0.00066811  -0.00066811
    1    5
  0.02262635  -0.00000000     0.00000000   0.03912139    -0.00000000   0.00000000
  0.00000000   0.00605559    -0.00079324   0.00000000    -0.00000000   0.00000000
  0.00000000   0.00000000    -0.00000000  -0.00000000     0.00094485   0.00000000
    1    6
  0.02262635  -0.00000000    -0.00000000  -0.00000000     0.00000000   0.03912139
 -0.00000000  -0.00000000     0.00094485  -0.00000000    -0.00000000  -0.00000000
  0.00000000   0.00605559    -0.00000000   0.00000000    -0.00079324   0.00000000
    1    7
 -0.01599925  -0.01599924     0.00000000   0.00000000    -0.02766299   0.02766300
  0.00000000   0.00000000    -0.00066811  -0.00066811     0.00000000  -0.00000000
 -0.00428195   0.00428195    -0.00000000   0.00000000     0.00056090   0.00056090
    2    1
  0.01111261   0.02682823    -0.00000000  -0.00000000     0.00000000  -0.00000000
 -0.00000000   0.00000000     0.00020344  -0.00503723     0.00000000  -0.00000000
  0.00000000   0.00000000     0.00000000   0.00000000    -0.00370571  -0.00341801
    2    2
  0.03784823   0.00000000     0.00000000   0.00000000    -0.00000000   0.00000000
 -0.00000000  -0.00000000     0.02967252   0.00000000    -0.00000000   0.00000000
 -0.00000000  -0.00000000    -0.00000000  -0.00000000     0.02967252  -0.00000000
    2    3
  0.02308960   0.00000000     0.00000000  -0.00000000    -0.00000000   0.00000000
  0.00000000  -0.00000000     0.01345759   0.01585442    -0.00000000   0.00000000
 -0.00000000   0.00000000    -0.00000000   0.00000000     0.01345759  -0.01585442
    2    4
  0.00444805  -0.00058633    -0.00338340  -0.00240205     0.00000000  -0.00000000
  0.01355028   0.01546067     0.00449825   0.00062352     0.00000000   0.00000000
  0.00000000  -0.00000000     0.00000000  -0.00000000    -0.00032581  -0.00053578
    2    5
 -0.00273065   0.00355985    -0.00409093   0.00069392     0.00000000  -0.00000000
  0.02051384   0.00135085    -0.00362164   0.00273985     0.00000000  -0.00000000
 -0.00000000   0.00000000    -0.00000000   0.00000000     0.00060923   0.00014847
    2    6
  0.00444805   0.00058633     0.00000000   0.00000000    -0.00338340   0.00240205
 -0.00000000  -0.00000000    -0.00032581   0.00053578    -0.00000000   0.00000000
  0.01355028  -0.01546067    -0.00000000   0.00000000     0.00449825  -0.00062352
    2    7
 -0.00273065  -0.00355985    -0.00000000   0.00000000    -0.00409093  -0.00069392
 -0.00000000   0.00000000     0.00060923  -0.00014847     0.00000000   0.00000000
  0.02051384  -0.00135085    -0.00000000   0.00000000    -0.00362164  -0.00273985
    3    1
  0.01111261   0.02682823    -0.00000000  -0.00000000     0.00000000  -0.00000000
  0.00000000  -0.00000000    -0.00370571  -0.00341801     0.00000000   0.00000000
 -0.00000000   0.00000000    -0.00000000   0.00000000     0.00020344  -0.00503723
    3    2
  0.02308960  -0.00000000     0.00000000   0.00000000    -0.00000000  -0.00000000
  0.00000000   0.00000000     0.01345759  -0.01585442    -0.00000000  -0.00000000
 -0.00000000  -0.00000000    -0.00000000  -0.00000000     0.01345759   0.01585442
    3    3
  0.03784823  -0.00000000     0.00000000  -0.00000000    -0.00000000  -0.00000000
 -0.00000000   0.00000000     0.02967252  -0.00000000    -0.00000000  -0.00000000
 -0.00000000   0.00000000    -0.00000000   0.00000000     0.02967252   0.00000000
    3    4
 -0.00273065  -0.00355985    -0.00409093  -0.00069392     0.00000000   0.00000000
  0.02051384  -0.00135085    -0.00362164  -0.00273985     0.00000000   0.00000000
 -0.00000000   0.00000000    -0.00000000   0.00000000     0.00060923  -0.00014847
    3    5
  0.00444805   0.00058633    -0.00338340   0.00240205     0.00000000   0.00000000
  0.01355028  -0.01546067     0.00449825  -0.00062352     0.00000000   0.00000000
  0.00000000  -0.00000000     0.00000000  -0.00000000    -0.00032581   0.00053578
    3    6
 -0.00273065   0.00355985    -0.00000000  -0.00000000    -0.00409093   0.00069392
 -0.00000000  -0.00000000     0.00060923   0.00014847     0.00000000  -0.00000000
  0.02051384   0.00135085    -0.00000000  -0.00000000    -0.00362164   0.00273985
    3    7
  0.00444805  -0.00058633     0.00000000  -0.00000000    -0.00338340  -0.00240205
 -0.00000000   0.00000000    -0.00032581  -0.00053578     0.00000000  -0.00000000
  0.01355028   0.01546067    -0.00000000  -0.00000000     0.00449825   0.00062352
    4    1
 -0.01599925   0.01599924    -0.00428195  -0.00428195     0.00000000  -0.00000000
 -0.02766299  -0.02766300     0.00056090  -0.00056090     0.00000000   0.00000000
 -0.00000000   0.00000000     0.00000000   0.00000000    -0.00066811   0.00066811
    4    2
  0.00444805   0.00058633     0.01355028  -0.01546067     0.00000000   0.00000000
 -0.00338340   0.00240205     0.00449825  -0.00062352     0.00000000   0.00000000
  0.00000000   0.00000000     0.00000000  -0.00000000    -0.00032581   0.00053578
    4    3
 -0.00273065   0.00355985     0.02051384   0.00135085     0.00000000  -0.00000000
 -0.00409093   0.00069392    -0.00362164   0.00273985     0.00000000  -0.00000000
  0.00000000  -0.00000000     0.00000000  -0.00000000     0.00060923   0.00014847
    4    4
  0.02766443   0.00000000     0.00000000  -0.00797425    -0.00000000   0.00000000
  0.00000000   0.00797425     0.02000696  -0.00000000    -0.00000000   0.00000000
 -0.00000000   0.00000000    -0.00000000   0.00000000     0.06284441   0.00000000
    4    5
  0.00603769  -0.00603769    -0.00332491  -0.00332492    -0.00000000   0.00000000
 -0.00332491  -0.00332492     0.00500494  -0.00500494    -0.00000000   0.00000000
 -0.00000000   0.00000000    -0.00000000   0.00000000     0.04149300  -0.04149298
    4    6
 -0.00233963   0.00233963     0.00026530   0.00026530    -0.00218295  -0.00218295
 -0.00218295  -0.00218295     0.00102586  -0.00102586     0.00557727  -0.00557727
  0.00026530   0.00026530     0.04212263  -0.04212262     0.00102586  -0.00102586
    4    7
  0.00330874  -0.00000000    -0.00000000  -0.00037520    -0.00000000  -0.00308716
 -0.00000000   0.00308716    -0.00145078   0.00000000     0.00788745  -0.00000000
 -0.00000000   0.00037520     0.05957039  -0.00000000    -0.00145078  -0.00000000
    5    1
  0.02262635   0.00000000     0.00000000  -0.00605559     0.00000000   0.00000000
  0.00000000  -0.03912139    -0.00079324  -0.00000000    -0.00000000   0.00000000
  0.00000000  -0.00000000     0.00000000  -0.00000000     0.00094485   0.00000000
    5    2
 -0.00273065  -0.00355985     0.02051384  -0.00135085     0.00000000   0.00000000
 -0.00409093  -0.00069392    -0.00362164  -0.00273985     0.00000000   0.00000000
  0.00000000   0.00000000     0.00000000   0.00000000     0.00060923  -0.00014847
    5    3
  0.00444805  -0.00058633     0.01355028   0.01546067    -0.00000000   0.00000000
 -0.00338340  -0.00240205     0.00449825   0.00062352    -0.00000000   0.00000000
 -0.00000000   0.00000000    -0.00000000   0.00000000    -0.00032581  -0.00053578
    5    4
  0.00603769   0.00603769    -0.00332491   0.00332492    -0.00000000  -0.00000000
 -0.00332491   0.00332492     0.00500494   0.00500494    -0.00000000  -0.00000000
 -0.00000000  -0.00000000    -0.00000000  -0.00000000     0.04149300   0.04149298
    5    5
  0.02766443  -0.00000000     0.00000000   0.00797425    -0.00000000   0.00000000
  0.00000000  -0.00797425     0.02000696   0.00000000    -0.00000000   0.00000000
 -0.00000000   0.00000000    -0.00000000   0.00000000     0.06284441  -0.00000000
    5    6
  0.00330874   0.00000000    -0.00000000   0.00037520    -0.00000000   0.00308716
 -0.00000000  -0.00308716    -0.00145078  -0.00000000     0.00788745   0.00000000
 -0.00000000  -0.00037520     0.05957039   0.00000000    -0.00145078   0.00000000
    5    7
 -0.00233963  -0.00233963     0.00026530  -0.00026530    -0.00218295   0.00218295
 -0.00218295   0.00218295     0.00102586   0.00102586     0.00557727   0.00557727
  0.00026530  -0.00026530     0.04212263   0.04212262     0.00102586   0.00102586
    6    1
  0.02262635   0.00000000    -0.00000000   0.00000000     0.00000000  -0.00605559
  0.00000000   0.00000000     0.00094485   0.00000000     0.00000000   0.00000000
  0.00000000  -0.03912139    -0.00000000   0.00000000    -0.00079324  -0.00000000
    6    2
  0.00444805  -0.00058633    -0.00000000  -0.00000000     0.01355028   0.01546067
  0.00000000   0.00000000    -0.00032581  -0.00053578    -0.00000000   0.00000000
 -0.00338340  -0.00240205    -0.00000000   0.00000000     0.00449825   0.00062352
    6    3
 -0.00273065  -0.00355985    -0.00000000   0.00000000     0.02051384  -0.00135085
  0.00000000   0.00000000     0.00060923  -0.00014847     0.00000000   0.00000000
 -0.00409093  -0.00069392     0.00000000   0.00000000    -0.00362164  -0.00273985
    6    4
 -0.00233963  -0.00233963    -0.00218295   0.00218295     0.00026530  -0.00026530
  0.00026530  -0.00026530     0.00102586   0.00102586     0.04212263   0.04212262
 -0.00218295   0.00218295     0.00557727   0.00557727     0.00102586   0.00102586
    6    5
  0.00330874  -0.00000000     0.00000000   0.00308716    -0.00000000   0.00037520
 -0.00000000  -0.00037520    -0.00145078   0.00000000     0.05957039  -0.00000000
 -0.00000000  -0.00308716     0.00788745  -0.00000000    -0.00145078   0.00000000
    6    6
  0.02766443  -0.00000000    -0.00000000  -0.00000000     0.00000000   0.00797425
  0.00000000   0.00000000     0.06284441  -0.00000000    -0.00000000   0.00000000
  0.00000000  -0.00797425    -0.00000000  -0.00000000     0.02000696   0.00000000
    6    7
  0.00603769   0.00603769     0.00000000  -0.00000000    -0.00332491   0.00332492
  0.00000000  -0.00000000     0.04149300   0.04149298     0.00000000  -0.00000000
 -0.00332491   0.00332492     0.00000000  -0.00000000     0.00500494   0.00500494
    7    1
 -0.01599925   0.01599924     0.00000000   0.00000000    -0.00428195  -0.00428195
  0.00000000   0.00000000    -0.00066811   0.00066811     0.00000000  -0.00000000
 -0.02766299  -0.02766300    -0.00000000  -0.00000000     0.00056090  -0.00056090
    7    2
 -0.00273065   0.00355985    -0.00000000  -0.00000000     0.02051384   0.00135085
  0.00000000  -0.00000000     0.00060923   0.00014847     0.00000000  -0.00000000
 -0.00409093   0.00069392     0.00000000  -0.00000000    -0.00362164   0.00273985
    7    3
  0.00444805   0.00058633    -0.00000000   0.00000000     0.01355028  -0.01546067
  0.00000000  -0.00000000    -0.00032581   0.00053578    -0.00000000   0.00000000
 -0.00338340   0.00240205     0.00000000   0.00000000     0.00449825  -0.00062352
    7    4
  0.00330874   0.00000000     0.00000000  -0.00308716    -0.00000000  -0.00037520
 -0.00000000   0.00037520    -0.00145078  -0.00000000     0.05957039   0.00000000
 -0.00000000   0.00308716     0.00788745   0.00000000    -0.00145078  -0.00000000
    7    5
 -0.00233963   0.00233963    -0.00218295  -0.00218295     0.00026530   0.00026530
  0.00026530   0.00026530     0.00102586  -0.00102586     0.04212263  -0.04212262
 -0.00218295  -0.00218295     0.00557727  -0.00557727     0.00102586  -0.00102586
    7    6
  0.00603769  -0.00603769     0.00000000   0.00000000    -0.00332491  -0.00332492
  0.00000000   0.00000000     0.04149300  -0.04149298     0.00000000   0.00000000
 -0.00332491  -0.00332492     0.00000000   0.00000000     0.00500494  -0.00500494
    7    7
  0.02766443   0.00000000    -0.00000000   0.00000000     0.00000000  -0.00797425
  0.00000000  -0.00000000     0.06284441   0.00000000    -0.00000000   0.00000000
  0.00000000   0.00797425    -0.00000000   0.00000000     0.02000696  -0.00000000

     Dynamical  Matrix in cartesian axes

     q = (   -0.649519100  -0.000000000  -0.000000000 ) 

    1    1
  0.18076594   0.00000000    -0.00000000   0.00000000    -0.00000000   0.00000000
  0.00000000   0.00000000     0.02204021   0.00000000    -0.00000000   0.00000000
 -0.00000000   0.00000000    -0.00000000   0.00000000     0.02204021   0.00000000
    1    2
  0.01111261   0.02682823     0.00000000  -0.00000000     0.00000000   0.00000000
 -0.00000000   0.00000000     0.00020344  -0.00503723     0.00000000   0.00000000
  0.00000000   0.00000000     0.00000000   0.00000000    -0.00370571  -0.00341801
    1    3
  0.01111261   0.02682823    -0.00000000  -0.00000000     0.00000000   0.00000000
  0.00000000   0.00000000    -0.00370571  -0.00341801     0.00000000   0.00000000
 -0.00000000   0.00000000    -0.00000000   0.00000000     0.00020344  -0.00503723
    1    4
 -0.01599925   0.01599924    -0.02766299  -0.02766300    -0.00000000  -0.00000000
 -0.00428195  -0.00428195     0.00056090  -0.00056090     0.00000000   0.00000000
  0.00000000  -0.00000000     0.00000000   0.00000000    -0.00066811   0.00066811
    1    5
  0.02262635   0.00000000     0.00000000  -0.03912139     0.00000000  -0.00000000
  0.00000000  -0.00605559    -0.00079324   0.00000000     0.00000000   0.00000000
  0.00000000  -0.00000000     0.00000000  -0.00000000     0.00094485   0.00000000
    1    6
  0.02262635   0.00000000    -0.00000000   0.00000000     0.00000000  -0.03912139
  0.00000000   0.00000000     0.00094485   0.00000000    -0.00000000   0.00000000
  0.00000000  -0.00605559    -0.00000000  -0.00000000    -0.00079324   0.00000000
    1    7
 -0.01599925   0.01599924     0.00000000  -0.00000000    -0.02766299  -0.02766300
  0.00000000   0.00000000    -0.00066811   0.00066811    -0.00000000  -0.00000000
 -0.00428195  -0.00428195     0.00000000  -0.00000000     0.00056090  -0.00056090
    2    1
  0.01111261  -0.02682823    -0.00000000   0.00000000     0.00000000   0.00000000
 -0.00000000   0.00000000     0.00020344   0.00503723     0.00000000   0.00000000
  0.00000000  -0.00000000    -0.00000000   0.00000000    -0.00370571   0.00341801
    2    2
  0.03784823  -0.00000000     0.00000000  -0.00000000    -0.00000000  -0.00000000
 -0.00000000   0.00000000     0.02967252  -0.00000000    -0.00000000  -0.00000000
 -0.00000000  -0.00000000    -0.00000000  -0.00000000     0.02967252   0.00000000
    2    3
  0.02308960   0.00000000     0.00000000   0.00000000    -0.00000000  -0.00000000
  0.00000000   0.00000000     0.01345759  -0.01585442    -0.00000000  -0.00000000
 -0.00000000  -0.00000000    -0.00000000  -0.00000000     0.01345759   0.01585442
    2    4
  0.00444805   0.00058633    -0.00338340   0.00240205     0.00000000  -0.00000000
  0.01355028  -0.01546067     0.00449825  -0.00062352     0.00000000   0.00000000
  0.00000000   0.00000000     0.00000000   0.00000000    -0.00032581   0.00053578
    2    5
 -0.00273065  -0.00355985    -0.00409093  -0.00069392     0.00000000  -0.00000000
  0.02051384  -0.00135085    -0.00362164  -0.00273985     0.00000000  -0.00000000
  0.00000000  -0.00000000     0.00000000  -0.00000000     0.00060923  -0.00014847
    2    6
  0.00444805  -0.00058633    -0.00000000   0.00000000    -0.00338340  -0.00240205
 -0.00000000   0.00000000    -0.00032581  -0.00053578     0.00000000   0.00000000
  0.01355028   0.01546067    -0.00000000   0.00000000     0.00449825   0.00062352
    2    7
 -0.00273065   0.00355985    -0.00000000   0.00000000    -0.00409093   0.00069392
 -0.00000000   0.00000000     0.00060923   0.00014847     0.00000000  -0.00000000
  0.02051384   0.00135085    -0.00000000  -0.00000000    -0.00362164   0.00273985
    3    1
  0.01111261  -0.02682823    -0.00000000   0.00000000    -0.00000000  -0.00000000
 -0.00000000   0.00000000    -0.00370571   0.00341801    -0.00000000   0.00000000
 -0.00000000   0.00000000    -0.00000000   0.00000000     0.00020344   0.00503723
    3    2
  0.02308960  -0.00000000     0.00000000  -0.00000000    -0.00000000   0.00000000
  0.00000000  -0.00000000     0.01345759   0.01585442    -0.00000000   0.00000000
 -0.00000000   0.00000000    -0.00000000   0.00000000     0.01345759  -0.01585442
    3    3
  0.03784823   0.00000000     0.00000000   0.00000000    -0.00000000   0.00000000
 -0.00000000  -0.00000000     0.02967252   0.00000000    -0.00000000   0.00000000
 -0.00000000   0.00000000    -0.00000000   0.00000000     0.02967252  -0.00000000
    3    4
 -0.00273065   0.00355985    -0.00409093   0.00069392     0.00000000   0.00000000
  0.02051384   0.00135085    -0.00362164   0.00273985     0.00000000   0.00000000
 -0.00000000   0.00000000    -0.00000000   0.00000000     0.00060923   0.00014847
    3    5
  0.00444805  -0.00058633    -0.00338340  -0.00240205     0.00000000   0.00000000
  0.01355028   0.01546067     0.00449825   0.00062352     0.00000000   0.00000000
 -0.00000000   0.00000000    -0.00000000   0.00000000    -0.00032581  -0.00053578
    3    6
 -0.00273065  -0.00355985    -0.00000000  -0.00000000    -0.00409093  -0.00069392
 -0.00000000  -0.00000000     0.00060923  -0.00014847     0.00000000   0.00000000
  0.02051384  -0.00135085    -0.00000000   0.00000000    -0.00362164  -0.00273985
    3    7
  0.00444805   0.00058633    -0.00000000   0.00000000    -0.00338340   0.00240205
 -0.00000000  -0.00000000    -0.00032581   0.00053578    -0.00000000   0.00000000
  0.01355028  -0.01546067    -0.00000000   0.00000000     0.00449825  -0.00062352
    4    1
 -0.01599925  -0.01599924    -0.00428195   0.00428195    -0.00000000   0.00000000
 -0.02766299   0.02766300     0.00056090   0.00056090    -0.00000000   0.00000000
 -0.00000000  -0.00000000     0.00000000   0.00000000    -0.00066811  -0.00066811
    4    2
  0.00444805  -0.00058633     0.01355028   0.01546067     0.00000000  -0.00000000
 -0.00338340  -0.00240205     0.00449825   0.00062352     0.00000000  -0.00000000
  0.00000000   0.00000000     0.00000000   0.00000000    -0.00032581  -0.00053578
    4    3
 -0.00273065  -0.00355985     0.02051384  -0.00135085    -0.00000000  -0.00000000
 -0.00409093  -0.00069392    -0.00362164  -0.00273985    -0.00000000   0.00000000
  0.00000000  -0.00000000     0.00000000   0.00000000     0.00060923  -0.00014847
    4    4
  0.02766443  -0.00000000    -0.00000000   0.00797425    -0.00000000   0.00000000
 -0.00000000  -0.00797425     0.02000696   0.00000000    -0.00000000   0.00000000
 -0.00000000  -0.00000000    -0.00000000  -0.00000000     0.06284441  -0.00000000
    4    5
  0.00603769   0.00603769    -0.00332491   0.00332492    -0.00000000  -0.00000000
 -0.00332491   0.00332492     0.00500494   0.00500494    -0.00000000  -0.00000000
 -0.00000000  -0.00000000    -0.00000000  -0.00000000     0.04149300   0.04149298
    4    6
 -0.00233963  -0.00233963     0.00026530  -0.00026530    -0.00218295   0.00218295
 -0.00218295   0.00218295     0.00102586   0.00102586     0.00557727   0.00557727
  0.00026530  -0.00026530     0.04212263   0.04212262     0.00102586   0.00102586
    4    7
  0.00330874  -0.00000000    -0.00000000   0.00037520     0.00000000   0.00308716
 -0.00000000  -0.00308716    -0.00145078   0.00000000     0.00788745  -0.00000000
 -0.00000000  -0.00037520     0.05957039  -0.00000000    -0.00145078   0.00000000
    5    1
  0.02262635  -0.00000000     0.00000000   0.00605559     0.00000000   0.00000000
  0.00000000   0.03912139    -0.00079324   0.00000000     0.00000000  -0.00000000
  0.00000000   0.00000000     0.00000000  -0.00000000     0.00094485  -0.00000000
    5    2
 -0.00273065   0.00355985     0.02051384   0.00135085    -0.00000000   0.00000000
 -0.00409093   0.00069392    -0.00362164   0.00273985     0.00000000  -0.00000000
  0.00000000  -0.00000000     0.00000000   0.00000000     0.00060923   0.00014847
    5    3
  0.00444805   0.00058633     0.01355028  -0.01546067     0.00000000   0.00000000
 -0.00338340   0.00240205     0.00449825  -0.00062352     0.00000000   0.00000000
  0.00000000  -0.00000000     0.00000000  -0.00000000    -0.00032581   0.00053578
    5    4
  0.00603769  -0.00603769    -0.00332491  -0.00332492    -0.00000000   0.00000000
 -0.00332491  -0.00332492     0.00500494  -0.00500494    -0.00000000   0.00000000
 -0.00000000   0.00000000    -0.00000000   0.00000000     0.04149300  -0.04149298
    5    5
  0.02766443   0.00000000    -0.00000000  -0.00797425    -0.00000000  -0.00000000
 -0.00000000   0.00797425     0.02000696  -0.00000000    -0.00000000  -0.00000000
 -0.00000000   0.00000000    -0.00000000   0.00000000     0.06284441   0.00000000
    5    6
  0.00330874   0.00000000    -0.00000000  -0.00037520     0.00000000  -0.00308716
 -0.00000000   0.00308716    -0.00145078   0.00000000     0.00788745   0.00000000
 -0.00000000   0.00037520     0.05957039   0.00000000    -0.00145078  -0.00000000
    5    7
 -0.00233963   0.00233963     0.00026530   0.00026530    -0.00218295  -0.00218295
 -0.00218295  -0.00218295     0.00102586  -0.00102586     0.00557727  -0.00557727
  0.00026530   0.00026530     0.04212263  -0.04212262     0.00102586  -0.00102586
    6    1
  0.02262635  -0.00000000     0.00000000  -0.00000000     0.00000000   0.00605559
 -0.00000000  -0.00000000     0.00094485  -0.00000000    -0.00000000   0.00000000
  0.00000000   0.03912139     0.00000000  -0.00000000    -0.00079324   0.00000000
    6    2
  0.00444805   0.00058633    -0.00000000   0.00000000     0.01355028  -0.01546067
 -0.00000000  -0.00000000    -0.00032581   0.00053578    -0.00000000   0.00000000
 -0.00338340   0.00240205    -0.00000000   0.00000000     0.00449825  -0.00062352
    6    3
 -0.00273065   0.00355985    -0.00000000  -0.00000000     0.02051384   0.00135085
  0.00000000  -0.00000000     0.00060923   0.00014847    -0.00000000  -0.00000000
 -0.00409093   0.00069392    -0.00000000  -0.00000000    -0.00362164   0.00273985
    6    4
 -0.00233963   0.00233963    -0.00218295  -0.00218295     0.00026530   0.00026530
  0.00026530   0.00026530     0.00102586  -0.00102586     0.04212263  -0.04212262
 -0.00218295  -0.00218295     0.00557727  -0.00557727     0.00102586  -0.00102586
    6    5
  0.00330874  -0.00000000    -0.00000000  -0.00308716    -0.00000000  -0.00037520
 -0.00000000   0.00037520    -0.00145078   0.00000000     0.05957039  -0.00000000
 -0.00000000   0.00308716     0.00788745  -0.00000000    -0.00145078   0.00000000
    6    6
  0.02766443   0.00000000    -0.00000000  -0.00000000     0.00000000  -0.00797425
  0.00000000  -0.00000000     0.06284441   0.00000000     0.00000000   0.00000000
  0.00000000   0.00797425     0.00000000  -0.00000000     0.02000696  -0.00000000
    6    7
  0.00603769  -0.00603769     0.00000000   0.00000000    -0.00332491  -0.00332492
  0.00000000  -0.00000000     0.04149300  -0.04149298     0.00000000   0.00000000
 -0.00332491  -0.00332492     0.00000000  -0.00000000     0.00500494  -0.00500494
    7    1
 -0.01599925  -0.01599924     0.00000000   0.00000000    -0.00428195   0.00428195
  0.00000000  -0.00000000    -0.00066811  -0.00066811     0.00000000   0.00000000
 -0.02766299   0.02766300     0.00000000   0.00000000     0.00056090   0.00056090
    7    2
 -0.00273065  -0.00355985    -0.00000000   0.00000000     0.02051384  -0.00135085
  0.00000000   0.00000000     0.00060923  -0.00014847     0.00000000   0.00000000
 -0.00409093  -0.00069392     0.00000000   0.00000000    -0.00362164  -0.00273985
    7    3
  0.00444805  -0.00058633    -0.00000000  -0.00000000     0.01355028   0.01546067
  0.00000000   0.00000000    -0.00032581  -0.00053578    -0.00000000   0.00000000
 -0.00338340  -0.00240205    -0.00000000   0.00000000     0.00449825   0.00062352
    7    4
  0.00330874   0.00000000    -0.00000000   0.00308716    -0.00000000   0.00037520
 -0.00000000  -0.00037520    -0.00145078   0.00000000     0.05957039   0.00000000
 -0.00000000  -0.00308716     0.00788745   0.00000000    -0.00145078  -0.00000000
    7    5
 -0.00233963  -0.00233963    -0.00218295   0.00218295     0.00026530  -0.00026530
  0.00026530  -0.00026530     0.00102586   0.00102586     0.04212263   0.04212262
 -0.00218295   0.00218295     0.00557727   0.00557727     0.00102586   0.00102586
    7    6
  0.00603769   0.00603769     0.00000000  -0.00000000    -0.00332491   0.00332492
  0.00000000   0.00000000     0.04149300   0.04149298     0.00000000   0.00000000
 -0.00332491   0.00332492     0.00000000   0.00000000     0.00500494   0.00500494
    7    7
  0.02766443  -0.00000000    -0.00000000   0.00000000     0.00000000   0.00797425
  0.00000000   0.00000000     0.06284441  -0.00000000     0.00000000  -0.00000000
  0.00000000  -0.00797425     0.00000000   0.00000000     0.02000696   0.00000000

     Dynamical  Matrix in cartesian axes

     q = (   -0.000000000   0.649519100   0.000000000 ) 

    1    1
  0.02204021   0.00000000    -0.00000000   0.00000000     0.00000000   0.00000000
  0.00000000   0.00000000     0.18076594   0.00000000    -0.00000000   0.00000000
  0.00000000   0.00000000    -0.00000000   0.00000000     0.02204021   0.00000000
    1    2
 -0.00079324   0.00000000     0.00000000   0.00605559     0.00000000   0.00000000
  0.00000000   0.03912139     0.02262635  -0.00000000     0.00000000   0.00000000
  0.00000000  -0.00000000    -0.00000000   0.00000000     0.00094485  -0.00000000
    1    3
  0.00056090   0.00056090    -0.00428195   0.00428195    -0.00000000  -0.00000000
 -0.02766299   0.02766300    -0.01599925  -0.01599924    -0.00000000   0.00000000
 -0.00000000  -0.00000000     0.00000000   0.00000000    -0.00066811  -0.00066811
    1    4
 -0.00370571   0.00341801     0.00000000   0.00000000     0.00000000  -0.00000000
 -0.00000000   0.00000000     0.01111261  -0.02682823    -0.00000000  -0.00000000
  0.00000000   0.00000000     0.00000000   0.00000000     0.00020344   0.00503723
    1    5
  0.00020344   0.00503723     0.00000000   0.00000000     0.00000000   0.00000000
  0.00000000   0.00000000     0.01111261  -0.02682823     0.00000000   0.00000000
  0.00000000   0.00000000     0.00000000   0.00000000    -0.00370571   0.00341801
    1    6
 -0.00066811  -0.00066811     0.00000000   0.00000000    -0.00000000  -0.00000000
  0.00000000   0.00000000    -0.01599925  -0.01599924    -0.02766299   0.02766300
 -0.00000000   0.00000000    -0.00428195   0.00428195     0.00056090   0.00056090
    1    7
  0.00094485  -0.00000000    -0.00000000   0.00000000    -0.00000000   0.00000000
  0.00000000  -0.00000000     0.02262635  -0.00000000     0.00000000   0.03912139
