  2.000000000000000E-002   1.26015754758087        2.29045391948694     
          12

     Dynamical  Matrix in cartesian axes

     q = (   -0.866025400  -0.108253200  -0.108253200 ) 

    1    1
  0.01487879  -0.00000000     0.00000000   0.00000000    -0.00000000   0.00000000
  0.00000000   0.00000000     0.04277936  -0.00000000    -0.00555338  -0.00000000
 -0.00000000  -0.00000000    -0.00555338  -0.00000000     0.04277936   0.00000000
    1    2
 -0.00000000  -0.00000000    -0.00284160   0.00686022    -0.00284160   0.00686022
 -0.00474095   0.01144566     0.00628242   0.00260226    -0.00409368  -0.00169566
 -0.00474095   0.01144566     0.00409368   0.00169566    -0.00628242  -0.00260226
    1    3
 -0.00000000  -0.00000000    -0.00284160   0.00686022    -0.00284160   0.00686022
 -0.00474095   0.01144566    -0.00628242  -0.00260226     0.00409368   0.00169566
 -0.00474095   0.01144566    -0.00409368  -0.00169566     0.00628242   0.00260226
    1    4
 -0.00307028   0.00617445    -0.00000000   0.00000000    -0.00000000  -0.00000000
 -0.00000000  -0.00000000     0.00138459  -0.00578830    -0.00429161   0.00227091
  0.00000000  -0.00000000     0.00223307   0.02207671     0.00904479   0.00130486
    1    5
 -0.00219498   0.00653701     0.00000000  -0.00000000     0.00000000   0.00000000
  0.00000000  -0.00000000     0.00311389  -0.00507200     0.00142885   0.00464040
  0.00000000  -0.00000000    -0.01718961   0.01403157    -0.00731831  -0.00547296
    1    6
 -0.00219498   0.00653701     0.00000000  -0.00000000    -0.00000000   0.00000000
  0.00000000  -0.00000000    -0.00731831  -0.00547296    -0.01718961   0.01403157
 -0.00000000   0.00000000     0.00142885   0.00464040     0.00311389  -0.00507200
    1    7
 -0.00307028   0.00617445    -0.00000000  -0.00000000    -0.00000000   0.00000000
  0.00000000  -0.00000000     0.00904479   0.00130486     0.00223307   0.02207671
 -0.00000000  -0.00000000    -0.00429161   0.00227091     0.00138459  -0.00578830
    2    1
 -0.00000000   0.00000000    -0.00474095  -0.01144566    -0.00474095  -0.01144566
 -0.00284160  -0.00686022     0.00628242  -0.00260226     0.00409368  -0.00169566
 -0.00284160  -0.00686022    -0.00409368   0.00169566    -0.00628242   0.00260226
    2    2
  0.01717539  -0.00000000     0.00000000  -0.00071679    -0.00000000   0.00071679
 -0.00000000   0.00071679     0.03400117   0.00000000    -0.00255093   0.00000000
 -0.00000000  -0.00071679    -0.00255093   0.00000000     0.03400117   0.00000000
    2    3
  0.00541613   0.00000000     0.00000000   0.00756626    -0.00000000  -0.00756626
  0.00000000   0.00756626     0.02450174  -0.00000000    -0.00043318   0.00000000
 -0.00000000  -0.00756626    -0.00043318   0.00000000     0.02450174  -0.00000000
    2    4
  0.00182498   0.00234727     0.00611072  -0.00471413     0.00007168  -0.00106306
  0.02739699   0.00026791     0.00308326   0.00233158     0.00036435   0.00007881
 -0.00116091   0.00128841    -0.00123663  -0.00173423    -0.00222139   0.00074773
    2    5
 -0.00182498   0.00234727     0.00611072   0.00471413     0.00007168   0.00106306
  0.02739699  -0.00026791    -0.00308326   0.00233158    -0.00036435   0.00007881
 -0.00116091  -0.00128841     0.00123663  -0.00173423     0.00222139   0.00074773
    2    6
  0.00182498  -0.00234727     0.00007168   0.00106306     0.00611072   0.00471413
 -0.00116091  -0.00128841    -0.00222139  -0.00074773    -0.00123663   0.00173423
  0.02739699  -0.00026791     0.00036435  -0.00007881     0.00308326  -0.00233158
    2    7
 -0.00182498  -0.00234727     0.00007168  -0.00106306     0.00611072  -0.00471413
 -0.00116091   0.00128841     0.00222139  -0.00074773     0.00123663   0.00173423
  0.02739699   0.00026791    -0.00036435  -0.00007881    -0.00308326  -0.00233158
    3    1
 -0.00000000   0.00000000    -0.00474095  -0.01144566    -0.00474095  -0.01144566
 -0.00284160  -0.00686022    -0.00628242   0.00260226    -0.00409368   0.00169566
 -0.00284160  -0.00686022     0.00409368  -0.00169566     0.00628242  -0.00260226
    3    2
  0.00541613   0.00000000     0.00000000  -0.00756626    -0.00000000   0.00756626
  0.00000000  -0.00756626     0.02450174   0.00000000    -0.00043318  -0.00000000
 -0.00000000   0.00756626    -0.00043318  -0.00000000     0.02450174   0.00000000
    3    3
  0.01717539   0.00000000     0.00000000   0.00071679    -0.00000000  -0.00071679
  0.00000000  -0.00071679     0.03400117   0.00000000    -0.00255093   0.00000000
 -0.00000000   0.00071679    -0.00255093   0.00000000     0.03400117  -0.00000000
    3    4
 -0.00182498  -0.00234727     0.00611072  -0.00471413     0.00007168  -0.00106306
  0.02739699   0.00026791    -0.00308326  -0.00233158    -0.00036435  -0.00007881
 -0.00116091   0.00128841     0.00123663   0.00173423     0.00222139  -0.00074773
    3    5
  0.00182498  -0.00234727     0.00611072   0.00471413     0.00007168   0.00106306
  0.02739699  -0.00026791     0.00308326  -0.00233158     0.00036435  -0.00007881
 -0.00116091  -0.00128841    -0.00123663   0.00173423    -0.00222139  -0.00074773
    3    6
 -0.00182498   0.00234727     0.00007168   0.00106306     0.00611072   0.00471413
 -0.00116091  -0.00128841     0.00222139   0.00074773     0.00123663  -0.00173423
  0.02739699  -0.00026791    -0.00036435   0.00007881    -0.00308326   0.00233158
    3    7
  0.00182498   0.00234727     0.00007168  -0.00106306     0.00611072  -0.00471413
 -0.00116091   0.00128841    -0.00222139   0.00074773    -0.00123663  -0.00173423
  0.02739699   0.00026791     0.00036435   0.00007881     0.00308326   0.00233158
    4    1
 -0.00307028  -0.00617445    -0.00000000   0.00000000     0.00000000   0.00000000
 -0.00000000  -0.00000000     0.00138459   0.00578830     0.00223307  -0.02207671
 -0.00000000   0.00000000    -0.00429161  -0.00227091     0.00904479  -0.00130486
    4    2
  0.00182498  -0.00234727     0.02739699  -0.00026791    -0.00116091  -0.00128841
  0.00611072   0.00471413     0.00308326  -0.00233158    -0.00123663   0.00173423
  0.00007168   0.00106306     0.00036435  -0.00007881    -0.00222139  -0.00074773
    4    3
 -0.00182498   0.00234727     0.02739699  -0.00026791    -0.00116091  -0.00128841
  0.00611072   0.00471413    -0.00308326   0.00233158     0.00123663  -0.00173423
  0.00007168   0.00106306    -0.00036435   0.00007881     0.00222139   0.00074773
    4    4
  0.03009929   0.00000000     0.00000000  -0.00000000    -0.00000000   0.00000000
  0.00000000   0.00000000     0.02722662   0.00000000    -0.00332368  -0.00406910
 -0.00000000  -0.00000000    -0.00332368   0.00406910     0.02981621  -0.00000000
    4    5
  0.02468558  -0.00078756    -0.00000000  -0.00000000    -0.00000000  -0.00000000
 -0.00000000  -0.00000000     0.00917957   0.00812038    -0.00667550   0.00205649
 -0.00000000  -0.00000000    -0.00667550   0.00205649     0.00932735   0.01197595
    4    6
 -0.00246628  -0.00230927     0.00000000  -0.00000000    -0.00000000  -0.00000000
 -0.00000000  -0.00000000     0.00181828  -0.00118337    -0.00238933  -0.00376491
  0.00000000  -0.00000000     0.01489100   0.01742340     0.00181828  -0.00118337
    4    7
 -0.00043588   0.00000000    -0.00000000   0.00000000     0.00000000   0.00000000
  0.00000000  -0.00000000    -0.00678063   0.00145982    -0.00272569   0.00000000
  0.00000000   0.00000000     0.01923287  -0.00000000    -0.00678063  -0.00145982
    5    1
 -0.00219498  -0.00653701    -0.00000000   0.00000000     0.00000000   0.00000000
  0.00000000   0.00000000     0.00311389   0.00507200    -0.01718961  -0.01403157
  0.00000000  -0.00000000     0.00142885  -0.00464040    -0.00731831   0.00547296
    5    2
 -0.00182498  -0.00234727     0.02739699   0.00026791    -0.00116091   0.00128841
  0.00611072  -0.00471413    -0.00308326  -0.00233158     0.00123663   0.00173423
  0.00007168  -0.00106306    -0.00036435  -0.00007881     0.00222139  -0.00074773
    5    3
  0.00182498   0.00234727     0.02739699   0.00026791    -0.00116091   0.00128841
  0.00611072  -0.00471413     0.00308326   0.00233158    -0.00123663  -0.00173423
  0.00007168  -0.00106306     0.00036435   0.00007881    -0.00222139   0.00074773
    5    4
  0.02468558   0.00078756    -0.00000000   0.00000000    -0.00000000   0.00000000
 -0.00000000   0.00000000     0.00917957  -0.00812038    -0.00667550  -0.00205649
 -0.00000000   0.00000000    -0.00667550  -0.00205649     0.00932735  -0.01197595
    5    5
  0.03009929  -0.00000000    -0.00000000   0.00000000    -0.00000000  -0.00000000
  0.00000000  -0.00000000     0.02722662  -0.00000000    -0.00332368   0.00406910
 -0.00000000  -0.00000000    -0.00332368  -0.00406910     0.02981621  -0.00000000
    5    6
 -0.00043588  -0.00000000    -0.00000000  -0.00000000     0.00000000  -0.00000000
 -0.00000000   0.00000000    -0.00678063  -0.00145982    -0.00272569  -0.00000000
  0.00000000  -0.00000000     0.01923287   0.00000000    -0.00678063   0.00145982
    5    7
 -0.00246628   0.00230927     0.00000000   0.00000000    -0.00000000   0.00000000
 -0.00000000   0.00000000     0.00181828   0.00118337    -0.00238933   0.00376491
  0.00000000   0.00000000     0.01489100  -0.01742340     0.00181828   0.00118337
    6    1
 -0.00219498  -0.00653701     0.00000000   0.00000000    -0.00000000   0.00000000
  0.00000000   0.00000000    -0.00731831   0.00547296     0.00142885  -0.00464040
 -0.00000000   0.00000000    -0.01718961  -0.01403157     0.00311389   0.00507200
    6    2
  0.00182498   0.00234727    -0.00116091   0.00128841     0.02739699   0.00026791
  0.00007168  -0.00106306    -0.00222139   0.00074773     0.00036435   0.00007881
  0.00611072  -0.00471413    -0.00123663  -0.00173423     0.00308326   0.00233158
    6    3
 -0.00182498  -0.00234727    -0.00116091   0.00128841     0.02739699   0.00026791
  0.00007168  -0.00106306     0.00222139  -0.00074773    -0.00036435  -0.00007881
  0.00611072  -0.00471413     0.00123663   0.00173423    -0.00308326  -0.00233158
    6    4
 -0.00246628   0.00230927    -0.00000000   0.00000000     0.00000000   0.00000000
  0.00000000   0.00000000     0.00181828   0.00118337     0.01489100  -0.01742340
 -0.00000000   0.00000000    -0.00238933   0.00376491     0.00181828   0.00118337
    6    5
 -0.00043588  -0.00000000     0.00000000  -0.00000000     0.00000000   0.00000000
 -0.00000000  -0.00000000    -0.00678063   0.00145982     0.01923287  -0.00000000
  0.00000000   0.00000000    -0.00272569   0.00000000    -0.00678063  -0.00145982
    6    6
  0.03009929  -0.00000000    -0.00000000  -0.00000000    -0.00000000   0.00000000
  0.00000000   0.00000000     0.02981621  -0.00000000    -0.00332368  -0.00406910
 -0.00000000  -0.00000000    -0.00332368   0.00406910     0.02722662  -0.00000000
    6    7
  0.02468558   0.00078756    -0.00000000   0.00000000    -0.00000000   0.00000000
 -0.00000000   0.00000000     0.00932735  -0.01197595    -0.00667550  -0.00205649
 -0.00000000   0.00000000    -0.00667550  -0.00205649     0.00917957  -0.00812038
    7    1
 -0.00307028  -0.00617445     0.00000000   0.00000000    -0.00000000   0.00000000
 -0.00000000   0.00000000     0.00904479  -0.00130486    -0.00429161  -0.00227091
 -0.00000000  -0.00000000     0.00223307  -0.02207671     0.00138459   0.00578830
    7    2
 -0.00182498   0.00234727    -0.00116091  -0.00128841     0.02739699  -0.00026791
  0.00007168   0.00106306     0.00222139   0.00074773    -0.00036435   0.00007881
  0.00611072   0.00471413     0.00123663  -0.00173423    -0.00308326   0.00233158
    7    3
  0.00182498  -0.00234727    -0.00116091  -0.00128841     0.02739699  -0.00026791
  0.00007168   0.00106306    -0.00222139  -0.00074773     0.00036435  -0.00007881
  0.00611072   0.00471413    -0.00123663   0.00173423     0.00308326  -0.00233158
    7    4
 -0.00043588  -0.00000000    -0.00000000   0.00000000     0.00000000  -0.00000000
 -0.00000000   0.00000000    -0.00678063  -0.00145982     0.01923287   0.00000000
  0.00000000  -0.00000000    -0.00272569  -0.00000000    -0.00678063   0.00145982
    7    5
 -0.00246628  -0.00230927    -0.00000000  -0.00000000     0.00000000  -0.00000000
  0.00000000  -0.00000000     0.00181828  -0.00118337     0.01489100   0.01742340
 -0.00000000  -0.00000000    -0.00238933  -0.00376491     0.00181828  -0.00118337
    7    6
  0.02468558  -0.00078756    -0.00000000  -0.00000000    -0.00000000  -0.00000000
 -0.00000000  -0.00000000     0.00932735   0.01197595    -0.00667550   0.00205649
 -0.00000000  -0.00000000    -0.00667550   0.00205649     0.00917957   0.00812038
    7    7
  0.03009929   0.00000000    -0.00000000   0.00000000    -0.00000000  -0.00000000
  0.00000000  -0.00000000     0.02981621   0.00000000    -0.00332368   0.00406910
 -0.00000000   0.00000000    -0.00332368  -0.00406910     0.02722662   0.00000000

     Dynamical  Matrix in cartesian axes

     q = (   -0.108253200  -0.866025400   0.108253200 ) 

    1    1
  0.04277936  -0.00000000     0.00000000  -0.00000000     0.00555338   0.00000000
  0.00000000   0.00000000     0.01487879  -0.00000000    -0.00000000   0.00000000
  0.00555338   0.00000000    -0.00000000  -0.00000000     0.04277936   0.00000000
    1    2
 -0.00138459  -0.00578830     0.00000000   0.00000000    -0.00429161  -0.00227091
  0.00000000   0.00000000     0.00307028   0.00617445     0.00000000  -0.00000000
  0.00223307  -0.02207671     0.00000000   0.00000000    -0.00904479   0.00130486
    1    3
  0.00138459  -0.00578830    -0.00000000  -0.00000000     0.00429161  -0.00227091
 -0.00000000   0.00000000    -0.00307028   0.00617445     0.00000000   0.00000000
 -0.00223307  -0.02207671    -0.00000000   0.00000000     0.00904479   0.00130486
    1    4
 -0.00628242  -0.00260226    -0.00474095   0.01144566    -0.00409368  -0.00169566
 -0.00284160   0.00686022    -0.00000000  -0.00000000     0.00284160  -0.00686022
  0.00409368   0.00169566     0.00474095  -0.01144566     0.00628242   0.00260226
    1    5
  0.00628242  -0.00260226     0.00474095   0.01144566     0.00409368  -0.00169566
  0.00284160   0.00686022    -0.00000000   0.00000000    -0.00284160  -0.00686022
 -0.00409368   0.00169566    -0.00474095  -0.01144566    -0.00628242   0.00260226
    1    6
  0.00904479  -0.00130486    -0.00000000  -0.00000000    -0.00223307   0.02207671
 -0.00000000   0.00000000    -0.00307028  -0.00617445    -0.00000000  -0.00000000
  0.00429161   0.00227091    -0.00000000   0.00000000     0.00138459   0.00578830
    1    7
 -0.00904479  -0.00130486    -0.00000000   0.00000000     0.00223307   0.02207671
  0.00000000   0.00000000     0.00307028  -0.00617445    -0.00000000   0.00000000
 -0.00429161   0.00227091    -0.00000000  -0.00000000    -0.00138459   0.00578830
    2    1
 -0.00138459   0.00578830     0.00000000  -0.00000000     0.00223307   0.02207671
 -0.00000000  -0.00000000     0.00307028  -0.00617445     0.00000000   0.00000000
 -0.00429161   0.00227091     0.00000000   0.00000000    -0.00904479  -0.00130486
    2    2
  0.02722662  -0.00000000    -0.00000000   0.00000000     0.00332368  -0.00406910
 -0.00000000  -0.00000000     0.03009929  -0.00000000    -0.00000000   0.00000000
  0.00332368   0.00406910    -0.00000000  -0.00000000     0.02981621  -0.00000000
    2    3
  0.01223292   0.00074897    -0.00000000  -0.00000000     0.00326613   0.00617445
 -0.00000000  -0.00000000     0.01689845   0.01801223     0.00000000  -0.00000000
  0.00326613   0.00617445     0.00000000  -0.00000000     0.01506371  -0.00187284
    2    4
  0.00053152   0.00382887     0.00765432   0.00098753    -0.00035186   0.00210071
  0.01918315   0.01956204    -0.00036931   0.00295023     0.00173193  -0.00009015
 -0.00020191  -0.00031336    -0.00080238   0.00070101    -0.00209949  -0.00104203
    2    5
 -0.00308326  -0.00233158     0.00611072  -0.00471413    -0.00123663  -0.00173423
  0.02739699   0.00026791    -0.00182498  -0.00234727     0.00116091  -0.00128841
  0.00036435   0.00007881    -0.00007168   0.00106306     0.00222139  -0.00074773
    2    6
  0.00678063   0.00145982    -0.00000000  -0.00000000    -0.00272569   0.00000000
 -0.00000000   0.00000000     0.00043588  -0.00000000    -0.00000000   0.00000000
  0.01923287  -0.00000000    -0.00000000   0.00000000     0.00678063  -0.00145982
    2    7
 -0.00044895  -0.00212249     0.00000000  -0.00000000    -0.00435171   0.00097268
 -0.00000000  -0.00000000     0.00337682   0.00011102    -0.00000000   0.00000000
  0.02284973  -0.00179068     0.00000000   0.00000000    -0.00044895  -0.00212249
    3    1
  0.00138459   0.00578830    -0.00000000  -0.00000000    -0.00223307   0.02207671
 -0.00000000   0.00000000    -0.00307028  -0.00617445    -0.00000000  -0.00000000
  0.00429161   0.00227091     0.00000000  -0.00000000     0.00904479  -0.00130486
    3    2
  0.01223292  -0.00074897    -0.00000000   0.00000000     0.00326613  -0.00617445
 -0.00000000   0.00000000     0.01689845  -0.01801223     0.00000000   0.00000000
  0.00326613  -0.00617445     0.00000000   0.00000000     0.01506371   0.00187284
    3    3
  0.02722662   0.00000000    -0.00000000  -0.00000000     0.00332368   0.00406910
 -0.00000000   0.00000000     0.03009929   0.00000000    -0.00000000   0.00000000
  0.00332368  -0.00406910    -0.00000000   0.00000000     0.02981621  -0.00000000
    3    4
 -0.00308326   0.00233158     0.00611072   0.00471413    -0.00123663   0.00173423
  0.02739699  -0.00026791    -0.00182498   0.00234727     0.00116091   0.00128841
  0.00036435  -0.00007881    -0.00007168  -0.00106306     0.00222139   0.00074773
    3    5
  0.00053152  -0.00382887     0.00765432  -0.00098753    -0.00035186  -0.00210071
  0.01918315  -0.01956204    -0.00036931  -0.00295023     0.00173193   0.00009015
 -0.00020191   0.00031336    -0.00080238  -0.00070101    -0.00209949   0.00104203
    3    6
 -0.00044895   0.00212249     0.00000000   0.00000000    -0.00435171  -0.00097268
 -0.00000000   0.00000000     0.00337682  -0.00011102    -0.00000000  -0.00000000
  0.02284973   0.00179068     0.00000000  -0.00000000    -0.00044895   0.00212249
    3    7
  0.00678063  -0.00145982     0.00000000   0.00000000    -0.00272569  -0.00000000
 -0.00000000   0.00000000     0.00043588   0.00000000     0.00000000  -0.00000000
  0.01923287   0.00000000     0.00000000  -0.00000000     0.00678063   0.00145982
    4    1
 -0.00628242   0.00260226    -0.00284160  -0.00686022     0.00409368  -0.00169566
 -0.00474095  -0.01144566    -0.00000000   0.00000000     0.00474095   0.01144566
 -0.00409368   0.00169566     0.00284160   0.00686022     0.00628242  -0.00260226
    4    2
  0.00053152  -0.00382887     0.01918315  -0.01956204    -0.00020191   0.00031336
  0.00765432  -0.00098753    -0.00036931  -0.00295023    -0.00080238  -0.00070101
 -0.00035186  -0.00210071     0.00173193   0.00009015    -0.00209949   0.00104203
    4    3
 -0.00308326  -0.00233158     0.02739699   0.00026791     0.00036435   0.00007881
  0.00611072  -0.00471413    -0.00182498  -0.00234727    -0.00007168   0.00106306
 -0.00123663  -0.00173423     0.00116091  -0.00128841     0.00222139  -0.00074773
    4    4
  0.03400117  -0.00000000    -0.00000000  -0.00071679     0.00255093  -0.00000000
  0.00000000   0.00071679     0.01717539  -0.00000000    -0.00000000   0.00071679
  0.00255093   0.00000000    -0.00000000  -0.00071679     0.03400117  -0.00000000
    4    5
  0.01732534  -0.01732535    -0.00535015  -0.00535015     0.00030630  -0.00030630
 -0.00535015  -0.00535015     0.00382978  -0.00382979    -0.00535015  -0.00535015
  0.00030630  -0.00030630    -0.00535015  -0.00535015     0.01732534  -0.01732535
    4    6
 -0.00209949   0.00104203     0.00173193   0.00009015    -0.00035186  -0.00210071
 -0.00080238  -0.00070101    -0.00036931  -0.00295023     0.00765432  -0.00098753
 -0.00020191   0.00031336     0.01918315  -0.01956204     0.00053152  -0.00382887
    4    7
  0.00222139  -0.00074773     0.00116091  -0.00128841    -0.00123663  -0.00173423
 -0.00007168   0.00106306    -0.00182498  -0.00234727     0.00611072  -0.00471413
  0.00036435   0.00007881     0.02739699   0.00026791    -0.00308326  -0.00233158
    5    1
  0.00628242   0.00260226     0.00284160  -0.00686022    -0.00409368  -0.00169566
  0.00474095  -0.01144566    -0.00000000  -0.00000000    -0.00474095   0.01144566
  0.00409368   0.00169566    -0.00284160   0.00686022    -0.00628242  -0.00260226
    5    2
 -0.00308326   0.00233158     0.02739699  -0.00026791     0.00036435  -0.00007881
  0.00611072   0.00471413    -0.00182498   0.00234727    -0.00007168  -0.00106306
 -0.00123663   0.00173423     0.00116091   0.00128841     0.00222139   0.00074773
    5    3
  0.00053152   0.00382887     0.01918315   0.01956204    -0.00020191  -0.00031336
  0.00765432   0.00098753    -0.00036931   0.00295023    -0.00080238   0.00070101
 -0.00035186   0.00210071     0.00173193  -0.00009015    -0.00209949  -0.00104203
    5    4
  0.01732534   0.01732535    -0.00535015   0.00535015     0.00030630   0.00030630
 -0.00535015   0.00535015     0.00382978   0.00382979    -0.00535015   0.00535015
  0.00030630   0.00030630    -0.00535015   0.00535015     0.01732534   0.01732535
    5    5
  0.03400117   0.00000000     0.00000000   0.00071679     0.00255093   0.00000000
  0.00000000  -0.00071679     0.01717539  -0.00000000    -0.00000000  -0.00071679
  0.00255093   0.00000000    -0.00000000   0.00071679     0.03400117   0.00000000
    5    6
  0.00222139   0.00074773     0.00116091   0.00128841    -0.00123663   0.00173423
 -0.00007168  -0.00106306    -0.00182498   0.00234727     0.00611072   0.00471413
  0.00036435  -0.00007881     0.02739699  -0.00026791    -0.00308326   0.00233158
    5    7
 -0.00209949  -0.00104203     0.00173193  -0.00009015    -0.00035186   0.00210071
 -0.00080238   0.00070101    -0.00036931   0.00295023     0.00765432   0.00098753
 -0.00020191  -0.00031336     0.01918315   0.01956204     0.00053152   0.00382887
    6    1
  0.00904479   0.00130486    -0.00000000   0.00000000     0.00429161  -0.00227091
  0.00000000   0.00000000    -0.00307028   0.00617445    -0.00000000   0.00000000
 -0.00223307  -0.02207671    -0.00000000   0.00000000     0.00138459  -0.00578830
    6    2
  0.00678063  -0.00145982    -0.00000000   0.00000000     0.01923287   0.00000000
 -0.00000000   0.00000000     0.00043588   0.00000000    -0.00000000  -0.00000000
 -0.00272569  -0.00000000    -0.00000000  -0.00000000     0.00678063   0.00145982
    6    3
 -0.00044895  -0.00212249    -0.00000000  -0.00000000     0.02284973  -0.00179068
  0.00000000  -0.00000000     0.00337682   0.00011102     0.00000000   0.00000000
 -0.00435171   0.00097268    -0.00000000   0.00000000    -0.00044895  -0.00212249
    6    4
 -0.00209949  -0.00104203    -0.00080238   0.00070101    -0.00020191  -0.00031336
  0.00173193  -0.00009015    -0.00036931   0.00295023     0.01918315   0.01956204
 -0.00035186   0.00210071     0.00765432   0.00098753     0.00053152   0.00382887
    6    5
  0.00222139  -0.00074773    -0.00007168   0.00106306     0.00036435   0.00007881
  0.00116091  -0.00128841    -0.00182498  -0.00234727     0.02739699   0.00026791
 -0.00123663  -0.00173423     0.00611072  -0.00471413    -0.00308326  -0.00233158
    6    6
  0.02981621  -0.00000000     0.00000000  -0.00000000     0.00332368   0.00406910
  0.00000000   0.00000000     0.03009929  -0.00000000    -0.00000000   0.00000000
  0.00332368  -0.00406910    -0.00000000   0.00000000     0.02722662  -0.00000000
    6    7
  0.01506371  -0.00187284    -0.00000000   0.00000000     0.00326613   0.00617445
 -0.00000000   0.00000000     0.01689845   0.01801223     0.00000000   0.00000000
  0.00326613   0.00617445     0.00000000   0.00000000     0.01223292   0.00074897
    7    1
 -0.00904479   0.00130486     0.00000000  -0.00000000    -0.00429161  -0.00227091
 -0.00000000  -0.00000000     0.00307028   0.00617445    -0.00000000   0.00000000
  0.00223307  -0.02207671    -0.00000000  -0.00000000    -0.00138459  -0.00578830
    7    2
 -0.00044895   0.00212249    -0.00000000   0.00000000     0.02284973   0.00179068
  0.00000000   0.00000000     0.00337682  -0.00011102     0.00000000  -0.00000000
 -0.00435171  -0.00097268    -0.00000000  -0.00000000    -0.00044895   0.00212249
    7    3
  0.00678063   0.00145982    -0.00000000  -0.00000000     0.01923287  -0.00000000
 -0.00000000  -0.00000000     0.00043588  -0.00000000    -0.00000000   0.00000000
 -0.00272569   0.00000000     0.00000000   0.00000000     0.00678063  -0.00145982
    7    4
  0.00222139   0.00074773    -0.00007168  -0.00106306     0.00036435  -0.00007881
  0.00116091   0.00128841    -0.00182498   0.00234727     0.02739699  -0.00026791
 -0.00123663   0.00173423     0.00611072   0.00471413    -0.00308326   0.00233158
    7    5
 -0.00209949   0.00104203    -0.00080238  -0.00070101    -0.00020191   0.00031336
  0.00173193   0.00009015    -0.00036931  -0.00295023     0.01918315  -0.01956204
 -0.00035186  -0.00210071     0.00765432  -0.00098753     0.00053152  -0.00382887
    7    6
  0.01506371   0.00187284    -0.00000000  -0.00000000     0.00326613  -0.00617445
 -0.00000000  -0.00000000     0.01689845  -0.01801223     0.00000000  -0.00000000
  0.00326613  -0.00617445     0.00000000  -0.00000000     0.01223292  -0.00074897
    7    7
  0.02981621   0.00000000     0.00000000   0.00000000     0.00332368  -0.00406910
  0.00000000  -0.00000000     0.03009929   0.00000000    -0.00000000   0.00000000
  0.00332368   0.00406910     0.00000000  -0.00000000     0.02722662   0.00000000

     Dynamical  Matrix in cartesian axes

     q = (    0.108253200   0.866025400   0.108253200 ) 

    1    1
  0.04277936  -0.00000000     0.00000000   0.00000000    -0.00555338  -0.00000000
  0.00000000   0.00000000     0.01487879  -0.00000000    -0.00000000   0.00000000
 -0.00555338  -0.00000000    -0.00000000   0.00000000     0.04277936   0.00000000
    1    2
  0.00311389   0.00507200     0.00000000  -0.00000000     0.00142885  -0.00464040
  0.00000000  -0.00000000    -0.00219498  -0.00653701     0.00000000  -0.00000000
 -0.01718961  -0.01403157     0.00000000   0.00000000    -0.00731831   0.00547296
    1    3
  0.00138459   0.00578830     0.00000000   0.00000000    -0.00429161  -0.00227091
  0.00000000   0.00000000    -0.00307028  -0.00617445    -0.00000000   0.00000000
  0.00223307  -0.02207671    -0.00000000   0.00000000     0.00904479  -0.00130486
    1    4
 -0.00628242   0.00260226    -0.00474095  -0.01144566     0.00409368  -0.00169566
 -0.00284160  -0.00686022     0.00000000  -0.00000000    -0.00284160  -0.00686022
 -0.00409368   0.00169566    -0.00474095  -0.01144566     0.00628242  -0.00260226
    1    5
  0.00628242  -0.00260226    -0.00474095  -0.01144566    -0.00409368   0.00169566
 -0.00284160  -0.00686022     0.00000000  -0.00000000    -0.00284160  -0.00686022
  0.00409368  -0.00169566    -0.00474095  -0.01144566    -0.00628242   0.00260226
    1    6
  0.00904479  -0.00130486     0.00000000   0.00000000     0.00223307  -0.02207671
 -0.00000000   0.00000000    -0.00307028  -0.00617445     0.00000000   0.00000000
 -0.00429161  -0.00227091     0.00000000  -0.00000000     0.00138459   0.00578830
    1    7
 -0.00731831   0.00547296     0.00000000   0.00000000    -0.01718961  -0.01403157
  0.00000000  -0.00000000    -0.00219498  -0.00653701     0.00000000  -0.00000000
  0.00142885  -0.00464040     0.00000000  -0.00000000     0.00311389   0.00507200
    2    1
  0.00311389  -0.00507200     0.00000000   0.00000000    -0.01718961   0.01403157
  0.00000000   0.00000000    -0.00219498   0.00653701     0.00000000  -0.00000000
  0.00142885   0.00464040     0.00000000   0.00000000    -0.00731831  -0.00547296
    2    2
  0.02722662   0.00000000    -0.00000000   0.00000000    -0.00332368  -0.00406910
  0.00000000  -0.00000000     0.03009929   0.00000000    -0.00000000   0.00000000
 -0.00332368   0.00406910    -0.00000000  -0.00000000     0.02981621  -0.00000000
    2    3
  0.00917957   0.00812038    -0.00000000  -0.00000000    -0.00667550   0.00205649
 -0.00000000  -0.00000000     0.02468558  -0.00078756    -0.00000000  -0.00000000
 -0.00667550   0.00205649    -0.00000000  -0.00000000     0.00932735   0.01197595
    2    4
  0.00308326  -0.00233158     0.00611072   0.00471413    -0.00123663   0.00173423
  0.02739699  -0.00026791     0.00182498  -0.00234727    -0.00116091  -0.00128841
  0.00036435  -0.00007881     0.00007168   0.00106306    -0.00222139  -0.00074773
    2    5
 -0.00308326   0.00233158     0.00611072   0.00471413     0.00123663  -0.00173423
  0.02739699  -0.00026791    -0.00182498   0.00234727    -0.00116091  -0.00128841
 -0.00036435   0.00007881     0.00007168   0.00106306     0.00222139   0.00074773
    2    6
  0.00181828  -0.00118337    -0.00000000  -0.00000000    -0.00238933  -0.00376491
  0.00000000  -0.00000000    -0.00246628  -0.00230927    -0.00000000  -0.00000000
  0.01489100   0.01742340     0.00000000  -0.00000000     0.00181828  -0.00118337
    2    7
 -0.00678063   0.00145982     0.00000000  -0.00000000    -0.00272569   0.00000000
 -0.00000000  -0.00000000    -0.00043588   0.00000000     0.00000000   0.00000000
  0.01923287  -0.00000000     0.00000000   0.00000000    -0.00678063  -0.00145982
    3    1
  0.00138459  -0.00578830     0.00000000  -0.00000000     0.00223307   0.02207671
  0.00000000  -0.00000000    -0.00307028   0.00617445    -0.00000000   0.00000000
 -0.00429161   0.00227091    -0.00000000  -0.00000000     0.00904479   0.00130486
    3    2
  0.00917957  -0.00812038    -0.00000000   0.00000000    -0.00667550  -0.00205649
 -0.00000000   0.00000000     0.02468558   0.00078756    -0.00000000   0.00000000
 -0.00667550  -0.00205649    -0.00000000   0.00000000     0.00932735  -0.01197595
    3    3
  0.02722662  -0.00000000    -0.00000000  -0.00000000    -0.00332368   0.00406910
  0.00000000   0.00000000     0.03009929  -0.00000000    -0.00000000   0.00000000
 -0.00332368  -0.00406910    -0.00000000   0.00000000     0.02981621  -0.00000000
    3    4
 -0.00308326  -0.00233158     0.00611072  -0.00471413     0.00123663   0.00173423
  0.02739699   0.00026791    -0.00182498  -0.00234727    -0.00116091   0.00128841
 -0.00036435  -0.00007881     0.00007168  -0.00106306     0.00222139  -0.00074773
    3    5
  0.00308326   0.00233158     0.00611072  -0.00471413    -0.00123663  -0.00173423
  0.02739699   0.00026791     0.00182498   0.00234727    -0.00116091   0.00128841
  0.00036435   0.00007881     0.00007168  -0.00106306    -0.00222139   0.00074773
    3    6
 -0.00678063  -0.00145982    -0.00000000   0.00000000    -0.00272569   0.00000000
 -0.00000000   0.00000000    -0.00043588   0.00000000     0.00000000  -0.00000000
  0.01923287  -0.00000000     0.00000000  -0.00000000    -0.00678063   0.00145982
    3    7
  0.00181828   0.00118337    -0.00000000   0.00000000    -0.00238933   0.00376491
  0.00000000   0.00000000    -0.00246628   0.00230927    -0.00000000   0.00000000
  0.01489100  -0.01742340     0.00000000   0.00000000     0.00181828   0.00118337
    4    1
 -0.00628242  -0.00260226    -0.00284160   0.00686022    -0.00409368  -0.00169566
 -0.00474095   0.01144566     0.00000000   0.00000000    -0.00474095   0.01144566
  0.00409368   0.00169566    -0.00284160   0.00686022     0.00628242   0.00260226
    4    2
  0.00308326   0.00233158     0.02739699   0.00026791     0.00036435   0.00007881
  0.00611072  -0.00471413     0.00182498   0.00234727     0.00007168  -0.00106306
 -0.00123663  -0.00173423    -0.00116091   0.00128841    -0.00222139   0.00074773
    4    3
 -0.00308326   0.00233158     0.02739699  -0.00026791    -0.00036435   0.00007881
  0.00611072   0.00471413    -0.00182498   0.00234727     0.00007168   0.00106306
  0.00123663  -0.00173423    -0.00116091  -0.00128841     0.00222139   0.00074773
    4    4
  0.03400117   0.00000000    -0.00000000   0.00071679    -0.00255093   0.00000000
 -0.00000000  -0.00071679     0.01717539  -0.00000000    -0.00000000   0.00071679
 -0.00255093   0.00000000    -0.00000000  -0.00071679     0.03400117   0.00000000
    4    5
  0.02450174   0.00000000     0.00000000   0.00756626    -0.00043318   0.00000000
  0.00000000   0.00756626     0.00541613   0.00000000    -0.00000000  -0.00756626
 -0.00043318   0.00000000    -0.00000000  -0.00756626     0.02450174   0.00000000
    4    6
 -0.00222139  -0.00074773    -0.00116091  -0.00128841    -0.00123663   0.00173423
  0.00007168   0.00106306     0.00182498  -0.00234727     0.00611072   0.00471413
  0.00036435  -0.00007881     0.02739699  -0.00026791     0.00308326  -0.00233158
    4    7
  0.00222139  -0.00074773    -0.00116091   0.00128841     0.00123663   0.00173423
  0.00007168  -0.00106306    -0.00182498  -0.00234727     0.00611072  -0.00471413
 -0.00036435  -0.00007881     0.02739699   0.00026791    -0.00308326  -0.00233158
    5    1
  0.00628242   0.00260226    -0.00284160   0.00686022     0.00409368   0.00169566
 -0.00474095   0.01144566     0.00000000   0.00000000    -0.00474095   0.01144566
 -0.00409368  -0.00169566    -0.00284160   0.00686022    -0.00628242  -0.00260226
    5    2
 -0.00308326  -0.00233158     0.02739699   0.00026791    -0.00036435  -0.00007881
  0.00611072  -0.00471413    -0.00182498  -0.00234727     0.00007168  -0.00106306
  0.00123663   0.00173423    -0.00116091   0.00128841     0.00222139  -0.00074773
    5    3
  0.00308326  -0.00233158     0.02739699  -0.00026791     0.00036435  -0.00007881
  0.00611072   0.00471413     0.00182498  -0.00234727     0.00007168   0.00106306
 -0.00123663   0.00173423    -0.00116091  -0.00128841    -0.00222139  -0.00074773
    5    4
  0.02450174   0.00000000    -0.00000000  -0.00756626    -0.00043318   0.00000000
 -0.00000000  -0.00756626     0.00541613  -0.00000000    -0.00000000   0.00756626
 -0.00043318  -0.00000000    -0.00000000   0.00756626     0.02450174   0.00000000
    5    5
  0.03400117   0.00000000     0.00000000  -0.00071679    -0.00255093  -0.00000000
  0.00000000   0.00071679     0.01717539   0.00000000    -0.00000000  -0.00071679
 -0.00255093   0.00000000    -0.00000000   0.00071679     0.03400117  -0.00000000
    5    6
  0.00222139   0.00074773    -0.00116091  -0.00128841     0.00123663  -0.00173423
  0.00007168   0.00106306    -0.00182498   0.00234727     0.00611072   0.00471413
 -0.00036435   0.00007881     0.02739699  -0.00026791    -0.00308326   0.00233158
    5    7
 -0.00222139   0.00074773    -0.00116091   0.00128841    -0.00123663  -0.00173423
  0.00007168  -0.00106306     0.00182498   0.00234727     0.00611072  -0.00471413
  0.00036435   0.00007881     0.02739699   0.00026791     0.00308326   0.00233158
    6    1
  0.00904479   0.00130486    -0.00000000  -0.00000000    -0.00429161   0.00227091
 -0.00000000  -0.00000000    -0.00307028   0.00617445    -0.00000000   0.00000000
  0.00223307   0.02207671     0.00000000   0.00000000     0.00138459  -0.00578830
    6    2
  0.00181828   0.00118337     0.00000000   0.00000000     0.01489100  -0.01742340
 -0.00000000   0.00000000    -0.00246628   0.00230927     0.00000000   0.00000000
 -0.00238933   0.00376491    -0.00000000   0.00000000     0.00181828   0.00118337
    6    3
 -0.00678063   0.00145982    -0.00000000  -0.00000000     0.01923287   0.00000000
 -0.00000000  -0.00000000    -0.00043588  -0.00000000     0.00000000   0.00000000
 -0.00272569  -0.00000000     0.00000000   0.00000000    -0.00678063  -0.00145982
    6    4
 -0.00222139   0.00074773     0.00007168  -0.00106306     0.00036435   0.00007881
 -0.00116091   0.00128841     0.00182498   0.00234727     0.02739699   0.00026791
 -0.00123663  -0.00173423     0.00611072  -0.00471413     0.00308326   0.00233158
    6    5
  0.00222139  -0.00074773     0.00007168  -0.00106306    -0.00036435  -0.00007881
 -0.00116091   0.00128841    -0.00182498  -0.00234727     0.02739699   0.00026791
  0.00123663   0.00173423     0.00611072  -0.00471413    -0.00308326  -0.00233158
    6    6
  0.02981621  -0.00000000    -0.00000000   0.00000000    -0.00332368  -0.00406910
 -0.00000000  -0.00000000     0.03009929  -0.00000000    -0.00000000   0.00000000
 -0.00332368   0.00406910    -0.00000000   0.00000000     0.02722662  -0.00000000
    6    7
  0.00932735  -0.01197595    -0.00000000   0.00000000    -0.00667550  -0.00205649
 -0.00000000   0.00000000     0.02468558   0.00078756    -0.00000000   0.00000000
 -0.00667550  -0.00205649    -0.00000000   0.00000000     0.00917957  -0.00812038
    7    1
 -0.00731831  -0.00547296     0.00000000   0.00000000     0.00142885   0.00464040
  0.00000000  -0.00000000    -0.00219498   0.00653701     0.00000000   0.00000000
 -0.01718961   0.01403157     0.00000000   0.00000000     0.00311389  -0.00507200
    7    2
 -0.00678063  -0.00145982    -0.00000000   0.00000000     0.01923287   0.00000000
 -0.00000000   0.00000000    -0.00043588   0.00000000     0.00000000  -0.00000000
 -0.00272569  -0.00000000     0.00000000  -0.00000000    -0.00678063   0.00145982
    7    3
  0.00181828  -0.00118337     0.00000000  -0.00000000     0.01489100   0.01742340
 -0.00000000  -0.00000000    -0.00246628  -0.00230927     0.00000000  -0.00000000
 -0.00238933  -0.00376491    -0.00000000  -0.00000000     0.00181828  -0.00118337
    7    4
  0.00222139   0.00074773     0.00007168   0.00106306    -0.00036435   0.00007881
 -0.00116091  -0.00128841    -0.00182498   0.00234727     0.02739699  -0.00026791
  0.00123663  -0.00173423     0.00611072   0.00471413    -0.00308326   0.00233158
    7    5
 -0.00222139  -0.00074773     0.00007168   0.00106306     0.00036435  -0.00007881
 -0.00116091  -0.00128841     0.00182498  -0.00234727     0.02739699  -0.00026791
 -0.00123663   0.00173423     0.00611072   0.00471413     0.00308326  -0.00233158
    7    6
  0.00932735   0.01197595    -0.00000000  -0.00000000    -0.00667550   0.00205649
 -0.00000000  -0.00000000     0.02468558  -0.00078756    -0.00000000  -0.00000000
 -0.00667550   0.00205649    -0.00000000  -0.00000000     0.00917957   0.00812038
    7    7
  0.02981621   0.00000000    -0.00000000  -0.00000000    -0.00332368   0.00406910
 -0.00000000   0.00000000     0.03009929   0.00000000    -0.00000000  -0.00000000
 -0.00332368  -0.00406910    -0.00000000   0.00000000     0.02722662   0.00000000

     Dynamical  Matrix in cartesian axes

     q = (   -0.108253200   0.866025400  -0.108253200 ) 

    1    1
  0.04277936   0.00000000     0.00000000   0.00000000    -0.00555338  -0.00000000
  0.00000000   0.00000000     0.01487879  -0.00000000    -0.00000000   0.00000000
 -0.00555338  -0.00000000    -0.00000000   0.00000000     0.04277936  -0.00000000
    1    2
  0.00311389  -0.00507200    -0.00000000  -0.00000000     0.00142885   0.00464040
  0.00000000  -0.00000000    -0.00219498   0.00653701     0.00000000   0.00000000
 -0.01718961   0.01403157     0.00000000   0.00000000    -0.00731831  -0.00547296
    1    3
  0.00138459  -0.00578830     0.00000000   0.00000000    -0.00429161   0.00227091
  0.00000000  -0.00000000    -0.00307028   0.00617445     0.00000000   0.00000000
  0.00223307   0.02207671    -0.00000000   0.00000000     0.00904479   0.00130486
    1    4
 -0.00628242  -0.00260226    -0.00474095   0.01144566     0.00409368   0.00169566
 -0.00284160   0.00686022     0.00000000   0.00000000    -0.00284160   0.00686022
 -0.00409368  -0.00169566    -0.00474095   0.01144566     0.00628242   0.00260226
    1    5
  0.00628242   0.00260226    -0.00474095   0.01144566    -0.00409368  -0.00169566
 -0.00284160   0.00686022     0.00000000   0.00000000    -0.00284160   0.00686022
  0.00409368   0.00169566    -0.00474095   0.01144566    -0.00628242  -0.00260226
    1    6
  0.00904479   0.00130486    -0.00000000   0.00000000     0.00223307   0.02207671
  0.00000000   0.00000000    -0.00307028   0.00617445     0.00000000  -0.00000000
 -0.00429161   0.00227091     0.00000000   0.00000000     0.00138459  -0.00578830
    1    7
 -0.00731831  -0.00547296     0.00000000  -0.00000000    -0.01718961   0.01403157
  0.00000000  -0.00000000    -0.00219498   0.00653701    -0.00000000   0.00000000
