  2.000000000000000E-002   1.26015754758087        2.29045391948694     
          24

     Dynamical  Matrix in cartesian axes

     q = (    0.216506400   0.108253200   0.108253200 ) 

    1    1
  0.06345385   0.00000000     0.01484181   0.00000000     0.01484181   0.00000000
  0.01484181   0.00000000     0.02192764   0.00000000    -0.00027825   0.00000000
  0.01484181   0.00000000    -0.00027825   0.00000000     0.02192764   0.00000000
    1    2
 -0.00088491   0.00088491     0.00717533   0.00000189    -0.00000189  -0.00717533
 -0.00220345   0.00320293     0.00361040   0.00674683     0.00109271  -0.00198749
 -0.00320293   0.00220345     0.00198749  -0.00109271    -0.00674683  -0.00361040
    1    3
 -0.00088491   0.00088491    -0.00000189  -0.00717533     0.00717533   0.00000189
 -0.00320293   0.00220345    -0.00674683  -0.00361040     0.00198749  -0.00109271
 -0.00220345   0.00320293     0.00109271  -0.00198749     0.00361040   0.00674683
    1    4
 -0.00141731  -0.00260258    -0.01037689   0.00964443     0.02076101   0.01257486
 -0.00644963  -0.00353988    -0.00195407   0.00146556     0.00490495   0.00367426
  0.00206155  -0.00105669    -0.00278355   0.00485760     0.00480584   0.00382396
    1    5
  0.00260258   0.00141731    -0.00964442   0.01037689    -0.01257486  -0.02076101
  0.00353988   0.00644963    -0.00146556   0.00195408    -0.00367427  -0.00490494
  0.00105669  -0.00206155    -0.00485760   0.00278355    -0.00382396  -0.00480584
    1    6
  0.00260258   0.00141731    -0.01257486  -0.02076101    -0.00964442   0.01037689
  0.00105669  -0.00206155    -0.00382396  -0.00480584    -0.00485760   0.00278355
  0.00353988   0.00644963    -0.00367427  -0.00490494    -0.00146556   0.00195408
    1    7
 -0.00141731  -0.00260258     0.02076101   0.01257486    -0.01037689   0.00964443
  0.00206155  -0.00105669     0.00480584   0.00382396    -0.00278355   0.00485760
 -0.00644963  -0.00353988     0.00490495   0.00367426    -0.00195407   0.00146556
    2    1
 -0.00088491  -0.00088491    -0.00220345  -0.00320293    -0.00320293  -0.00220345
  0.00717533  -0.00000189     0.00361040  -0.00674683     0.00198749   0.00109271
 -0.00000189   0.00717533     0.00109271   0.00198749    -0.00674683   0.00361040
    2    2
  0.02020899   0.00000000     0.00333438   0.00019213     0.00333438  -0.00019213
  0.00333438  -0.00019213     0.02948329   0.00000000     0.00740422  -0.00299823
  0.00333438   0.00019213     0.00740422   0.00299823     0.02948329  -0.00000000
    2    3
  0.00674211   0.00000000    -0.00154013   0.00418172    -0.00154013  -0.00418172
 -0.00154013   0.00418172    -0.01904457   0.01432443    -0.00719457   0.00000000
 -0.00154013  -0.00418172    -0.00719457   0.00000000    -0.01904457  -0.01432443
    2    4
 -0.00475061   0.00572540    -0.00372221   0.00155501    -0.00002545   0.00025758
 -0.02008310   0.01558155    -0.00216494   0.00421782    -0.00938689   0.00926693
 -0.00776888   0.00387517    -0.00201155  -0.00074709     0.01006202   0.00919936
    2    5
 -0.00133165  -0.00297215     0.00198733  -0.00048112     0.00121016  -0.00183013
  0.02653358   0.00022945    -0.00224614   0.00085526     0.01036558  -0.00931086
  0.00695534   0.00685559     0.00059697   0.00144858    -0.00820965  -0.00848974
    2    6
 -0.00475061  -0.00572540    -0.00002545  -0.00025758    -0.00372221  -0.00155501
 -0.00776888  -0.00387517     0.01006202  -0.00919936    -0.00201155   0.00074709
 -0.02008310  -0.01558155    -0.00938689  -0.00926693    -0.00216494  -0.00421782
    2    7
 -0.00133165   0.00297215     0.00121016   0.00183013     0.00198733   0.00048112
  0.00695534  -0.00685559    -0.00820965   0.00848974     0.00059697  -0.00144858
  0.02653358  -0.00022945     0.01036558   0.00931086    -0.00224614  -0.00085526
    3    1
 -0.00088491  -0.00088491    -0.00320293  -0.00220345    -0.00220345  -0.00320293
 -0.00000189   0.00717533    -0.00674683   0.00361040     0.00109271   0.00198749
  0.00717533  -0.00000189     0.00198749   0.00109271     0.00361040  -0.00674683
    3    2
  0.00674211  -0.00000000    -0.00154013  -0.00418172    -0.00154013   0.00418172
 -0.00154013  -0.00418172    -0.01904457  -0.01432443    -0.00719457  -0.00000000
 -0.00154013   0.00418172    -0.00719457  -0.00000000    -0.01904457   0.01432443
    3    3
  0.02020899  -0.00000000     0.00333438  -0.00019213     0.00333438   0.00019213
  0.00333438   0.00019213     0.02948329  -0.00000000     0.00740422   0.00299823
  0.00333438  -0.00019213     0.00740422  -0.00299823     0.02948329   0.00000000
    3    4
 -0.00133165   0.00297215     0.00198733   0.00048112     0.00121016   0.00183013
  0.02653358  -0.00022945    -0.00224614  -0.00085526     0.01036558   0.00931086
  0.00695534  -0.00685559     0.00059697  -0.00144858    -0.00820965   0.00848974
    3    5
 -0.00475061  -0.00572540    -0.00372221  -0.00155501    -0.00002545  -0.00025758
 -0.02008310  -0.01558155    -0.00216494  -0.00421782    -0.00938689  -0.00926693
 -0.00776888  -0.00387517    -0.00201155   0.00074709     0.01006202  -0.00919936
    3    6
 -0.00133165  -0.00297215     0.00121016  -0.00183013     0.00198733  -0.00048112
  0.00695534   0.00685559    -0.00820965  -0.00848974     0.00059697   0.00144858
  0.02653358   0.00022945     0.01036558  -0.00931086    -0.00224614   0.00085526
    3    7
 -0.00475061   0.00572540    -0.00002545   0.00025758    -0.00372221   0.00155501
 -0.00776888   0.00387517     0.01006202   0.00919936    -0.00201155  -0.00074709
 -0.02008310   0.01558155    -0.00938689   0.00926693    -0.00216494   0.00421782
    4    1
 -0.00141731   0.00260258    -0.00644963   0.00353988     0.00206155   0.00105669
 -0.01037689  -0.00964443    -0.00195407  -0.00146556    -0.00278355  -0.00485760
  0.02076101  -0.01257486     0.00490495  -0.00367426     0.00480584  -0.00382396
    4    2
 -0.00475061  -0.00572540    -0.02008310  -0.01558155    -0.00776888  -0.00387517
 -0.00372221  -0.00155501    -0.00216494  -0.00421782    -0.00201155   0.00074709
 -0.00002545  -0.00025758    -0.00938689  -0.00926693     0.01006202  -0.00919936
    4    3
 -0.00133165  -0.00297215     0.02653358   0.00022945     0.00695534   0.00685559
  0.00198733  -0.00048112    -0.00224614   0.00085526     0.00059697   0.00144858
  0.00121016  -0.00183013     0.01036558  -0.00931086    -0.00820965  -0.00848974
    4    4
  0.03113130  -0.00000000     0.00076607   0.00109991     0.01066903   0.00494145
  0.00076607  -0.00109991     0.01227906   0.00000000     0.00060438  -0.00573138
  0.01066903  -0.00494145     0.00060438   0.00573138     0.04872083  -0.00000000
    4    5
 -0.01787816  -0.01469592    -0.00050849  -0.00164796    -0.00995838  -0.00529064
 -0.00050849  -0.00164796     0.00457952   0.00193424    -0.00232155   0.00604726
 -0.00995838  -0.00529064    -0.00232155   0.00604726    -0.04519037  -0.00552415
    4    6
  0.00710865   0.01129780    -0.00931694  -0.00486356     0.00011869  -0.00063314
  0.00011869  -0.00063314    -0.00334396   0.00643764    -0.00046057  -0.00024210
 -0.00931694  -0.00486356    -0.04611290  -0.00567565    -0.00334396   0.00643764
    4    7
 -0.00699056  -0.00000000     0.01015843   0.00481877    -0.00135321   0.00124126
 -0.00135321  -0.00124126    -0.00114167  -0.00737009    -0.00069823  -0.00000000
  0.01015843  -0.00481877     0.04658378  -0.00000000    -0.00114167   0.00737009
    5    1
  0.00260258  -0.00141731     0.00353988  -0.00644963     0.00105669   0.00206155
 -0.00964442  -0.01037689    -0.00146556  -0.00195408    -0.00485760  -0.00278355
 -0.01257486   0.02076101    -0.00367427   0.00490494    -0.00382396   0.00480584
    5    2
 -0.00133165   0.00297215     0.02653358  -0.00022945     0.00695534  -0.00685559
  0.00198733   0.00048112    -0.00224614  -0.00085526     0.00059697  -0.00144858
  0.00121016   0.00183013     0.01036558   0.00931086    -0.00820965   0.00848974
    5    3
 -0.00475061   0.00572540    -0.02008310   0.01558155    -0.00776888   0.00387517
 -0.00372221   0.00155501    -0.00216494   0.00421782    -0.00201155  -0.00074709
 -0.00002545   0.00025758    -0.00938689   0.00926693     0.01006202   0.00919936
    5    4
 -0.01787816   0.01469592    -0.00050849   0.00164796    -0.00995838   0.00529064
 -0.00050849   0.00164796     0.00457952  -0.00193424    -0.00232155  -0.00604726
 -0.00995838   0.00529064    -0.00232155  -0.00604726    -0.04519037   0.00552415
    5    5
  0.03113130   0.00000000     0.00076607  -0.00109991     0.01066903  -0.00494145
  0.00076607   0.00109991     0.01227906  -0.00000000     0.00060438   0.00573138
  0.01066903   0.00494145     0.00060438  -0.00573138     0.04872083   0.00000000
    5    6
 -0.00699056  -0.00000000     0.01015843  -0.00481877    -0.00135321  -0.00124126
 -0.00135321   0.00124126    -0.00114167   0.00737009    -0.00069823   0.00000000
  0.01015843   0.00481877     0.04658378   0.00000000    -0.00114167  -0.00737009
    5    7
  0.00710865  -0.01129780    -0.00931694   0.00486356     0.00011869   0.00063314
  0.00011869   0.00063314    -0.00334396  -0.00643764    -0.00046057   0.00024210
 -0.00931694   0.00486356    -0.04611290   0.00567565    -0.00334396  -0.00643764
    6    1
  0.00260258  -0.00141731     0.00105669   0.00206155     0.00353988  -0.00644963
 -0.01257486   0.02076101    -0.00382396   0.00480584    -0.00367427   0.00490494
 -0.00964442  -0.01037689    -0.00485760  -0.00278355    -0.00146556  -0.00195408
    6    2
 -0.00475061   0.00572540    -0.00776888   0.00387517    -0.02008310   0.01558155
 -0.00002545   0.00025758     0.01006202   0.00919936    -0.00938689   0.00926693
 -0.00372221   0.00155501    -0.00201155  -0.00074709    -0.00216494   0.00421782
    6    3
 -0.00133165   0.00297215     0.00695534  -0.00685559     0.02653358  -0.00022945
  0.00121016   0.00183013    -0.00820965   0.00848974     0.01036558   0.00931086
  0.00198733   0.00048112     0.00059697  -0.00144858    -0.00224614  -0.00085526
    6    4
  0.00710865  -0.01129780     0.00011869   0.00063314    -0.00931694   0.00486356
 -0.00931694   0.00486356    -0.00334396  -0.00643764    -0.04611290   0.00567565
  0.00011869   0.00063314    -0.00046057   0.00024210    -0.00334396  -0.00643764
    6    5
 -0.00699056   0.00000000    -0.00135321  -0.00124126     0.01015843  -0.00481877
  0.01015843   0.00481877    -0.00114167  -0.00737009     0.04658378  -0.00000000
 -0.00135321   0.00124126    -0.00069823  -0.00000000    -0.00114167   0.00737009
    6    6
  0.03113130   0.00000000     0.01066903  -0.00494145     0.00076607  -0.00109991
  0.01066903   0.00494145     0.04872083  -0.00000000     0.00060438  -0.00573138
  0.00076607   0.00109991     0.00060438   0.00573138     0.01227906  -0.00000000
    6    7
 -0.01787816   0.01469592    -0.00995838   0.00529064    -0.00050849   0.00164796
 -0.00995838   0.00529064    -0.04519037   0.00552415    -0.00232155  -0.00604726
 -0.00050849   0.00164796    -0.00232155  -0.00604726     0.00457952  -0.00193424
    7    1
 -0.00141731   0.00260258     0.00206155   0.00105669    -0.00644963   0.00353988
  0.02076101  -0.01257486     0.00480584  -0.00382396     0.00490495  -0.00367426
 -0.01037689  -0.00964443    -0.00278355  -0.00485760    -0.00195407  -0.00146556
    7    2
 -0.00133165  -0.00297215     0.00695534   0.00685559     0.02653358   0.00022945
  0.00121016  -0.00183013    -0.00820965  -0.00848974     0.01036558  -0.00931086
  0.00198733  -0.00048112     0.00059697   0.00144858    -0.00224614   0.00085526
    7    3
 -0.00475061  -0.00572540    -0.00776888  -0.00387517    -0.02008310  -0.01558155
 -0.00002545  -0.00025758     0.01006202  -0.00919936    -0.00938689  -0.00926693
 -0.00372221  -0.00155501    -0.00201155   0.00074709    -0.00216494  -0.00421782
    7    4
 -0.00699056  -0.00000000    -0.00135321   0.00124126     0.01015843   0.00481877
  0.01015843  -0.00481877    -0.00114167   0.00737009     0.04658378  -0.00000000
 -0.00135321  -0.00124126    -0.00069823   0.00000000    -0.00114167  -0.00737009
    7    5
  0.00710865   0.01129780     0.00011869  -0.00063314    -0.00931694  -0.00486356
 -0.00931694  -0.00486356    -0.00334396   0.00643764    -0.04611290  -0.00567565
  0.00011869  -0.00063314    -0.00046057  -0.00024210    -0.00334396   0.00643764
    7    6
 -0.01787816  -0.01469592    -0.00995838  -0.00529064    -0.00050849  -0.00164796
 -0.00995838  -0.00529064    -0.04519037  -0.00552415    -0.00232155   0.00604726
 -0.00050849  -0.00164796    -0.00232155   0.00604726     0.00457952   0.00193424
    7    7
  0.03113130  -0.00000000     0.01066903   0.00494145     0.00076607   0.00109991
  0.01066903  -0.00494145     0.04872083   0.00000000     0.00060438   0.00573138
  0.00076607  -0.00109991     0.00060438  -0.00573138     0.01227906   0.00000000

     Dynamical  Matrix in cartesian axes

     q = (   -0.216506400   0.108253200  -0.108253200 ) 

    1    1
  0.06345385   0.00000000    -0.01484181  -0.00000000     0.01484181   0.00000000
 -0.01484181  -0.00000000     0.02192764   0.00000000     0.00027825  -0.00000000
  0.01484181   0.00000000     0.00027825  -0.00000000     0.02192764   0.00000000
    1    2
 -0.00088491  -0.00088491    -0.00717533   0.00000189    -0.00000189   0.00717533
  0.00220345   0.00320293     0.00361040  -0.00674683    -0.00109271  -0.00198749
 -0.00320293  -0.00220345    -0.00198749  -0.00109271    -0.00674683   0.00361040
    1    3
 -0.00125145   0.00000000    -0.00507239  -0.00507506     0.00507239  -0.00507506
  0.00382289  -0.00070674    -0.00221779   0.00732366    -0.00217803   0.00063270
 -0.00382289  -0.00070674    -0.00217803  -0.00063270    -0.00221779  -0.00732366
    1    4
  0.00260258  -0.00141731     0.00964442   0.01037689    -0.01257486   0.02076101
 -0.00353988   0.00644963    -0.00146556  -0.00195408     0.00367427  -0.00490494
  0.00105669   0.00206155     0.00485760   0.00278355    -0.00382396   0.00480584
    1    5
  0.00083811   0.00284249     0.01415721  -0.00051793     0.00578848  -0.02357202
  0.00205751  -0.00706365    -0.00241805   0.00034543    -0.00087022   0.00606642
  0.00220493  -0.00071054     0.00540311   0.00146658     0.00069429  -0.00610219
    1    6
  0.00083811  -0.00284249    -0.00578848  -0.02357202    -0.01415721  -0.00051793
 -0.00220493  -0.00071054     0.00069429   0.00610219     0.00540311  -0.00146658
 -0.00205751  -0.00706365    -0.00087022  -0.00606642    -0.00241805  -0.00034543
    1    7
 -0.00141731   0.00260258    -0.02076101   0.01257486    -0.01037689  -0.00964443
 -0.00206155  -0.00105669     0.00480584  -0.00382396     0.00278355   0.00485760
 -0.00644963   0.00353988    -0.00490495   0.00367426    -0.00195407  -0.00146556
    2    1
 -0.00088491   0.00088491     0.00220345  -0.00320293    -0.00320293   0.00220345
 -0.00717533  -0.00000189     0.00361040   0.00674683    -0.00198749   0.00109271
 -0.00000189  -0.00717533    -0.00109271   0.00198749    -0.00674683  -0.00361040
    2    2
  0.02020899  -0.00000000    -0.00333438   0.00019213     0.00333438   0.00019213
 -0.00333438  -0.00019213     0.02948329   0.00000000    -0.00740422  -0.00299823
  0.00333438  -0.00019213    -0.00740422   0.00299823     0.02948329   0.00000000
    2    3
  0.00476739  -0.00476739     0.00404596   0.00186788     0.00186789   0.00404596
  0.00404596   0.00186788    -0.02359545   0.00333765     0.00508732  -0.00508733
  0.00186789   0.00404596     0.00508732  -0.00508733    -0.00333764   0.02359545
    2    4
 -0.00133165   0.00297215    -0.00198733  -0.00048112     0.00121016   0.00183013
 -0.02653358   0.00022945    -0.00224614  -0.00085526    -0.01036558  -0.00931086
  0.00695534  -0.00685559    -0.00059697   0.00144858    -0.00820965   0.00848974
    2    5
 -0.00740765  -0.00068928     0.00373156  -0.00153245    -0.00020014  -0.00016414
  0.02521872  -0.00318308    -0.00451330  -0.00145160     0.01319025  -0.00008483
 -0.00823359   0.00275327     0.00089411  -0.00195065     0.00060999  -0.01361985
    2    6
  0.00068928   0.00740765    -0.00016414  -0.00020014    -0.00153244   0.00373156
  0.00275326  -0.00823359     0.01361985  -0.00060999     0.00195065  -0.00089411
 -0.00318308   0.02521872     0.00008482  -0.01319025     0.00145160   0.00451330
    2    7
 -0.00133165  -0.00297215    -0.00121016   0.00183013     0.00198733  -0.00048112
 -0.00695534  -0.00685559    -0.00820965  -0.00848974    -0.00059697  -0.00144858
  0.02653358   0.00022945    -0.01036558   0.00931086    -0.00224614   0.00085526
    3    1
 -0.00125145  -0.00000000     0.00382289   0.00070674    -0.00382289   0.00070674
 -0.00507239   0.00507506    -0.00221779  -0.00732366    -0.00217803   0.00063270
  0.00507239   0.00507506    -0.00217803  -0.00063270    -0.00221779   0.00732366
    3    2
  0.00476739   0.00476739     0.00404596  -0.00186788     0.00186789  -0.00404596
  0.00404596  -0.00186788    -0.02359545  -0.00333765     0.00508732   0.00508733
  0.00186789  -0.00404596     0.00508732   0.00508733    -0.00333764  -0.02359545
    3    3
  0.02020899  -0.00000000    -0.00333438  -0.00019213     0.00333438  -0.00019213
 -0.00333438   0.00019213     0.02948329   0.00000000    -0.00740422   0.00299823
  0.00333438   0.00019213    -0.00740422  -0.00299823     0.02948329   0.00000000
    3    4
 -0.00740765   0.00068928     0.00373156   0.00153245    -0.00020014   0.00016414
  0.02521872   0.00318308    -0.00451330   0.00145160     0.01319025   0.00008483
 -0.00823359  -0.00275327     0.00089411   0.00195065     0.00060999   0.01361985
    3    5
 -0.00133165  -0.00297215    -0.00198733   0.00048112     0.00121016  -0.00183013
 -0.02653358  -0.00022945    -0.00224614   0.00085526    -0.01036558   0.00931086
  0.00695534   0.00685559    -0.00059697  -0.00144858    -0.00820965  -0.00848974
    3    6
 -0.00133165   0.00297215    -0.00121016  -0.00183013     0.00198733   0.00048112
 -0.00695534   0.00685559    -0.00820965   0.00848974    -0.00059697   0.00144858
  0.02653358  -0.00022945    -0.01036558  -0.00931086    -0.00224614  -0.00085526
    3    7
  0.00068928  -0.00740765    -0.00016414   0.00020014    -0.00153244  -0.00373156
  0.00275326   0.00823359     0.01361985   0.00060999     0.00195065   0.00089411
 -0.00318308  -0.02521872     0.00008482   0.01319025     0.00145160  -0.00451330
    4    1
  0.00260258   0.00141731    -0.00353988  -0.00644963     0.00105669  -0.00206155
  0.00964442  -0.01037689    -0.00146556   0.00195408     0.00485760  -0.00278355
 -0.01257486  -0.02076101     0.00367427   0.00490494    -0.00382396  -0.00480584
    4    2
 -0.00133165  -0.00297215    -0.02653358  -0.00022945     0.00695534   0.00685559
 -0.00198733   0.00048112    -0.00224614   0.00085526    -0.00059697  -0.00144858
  0.00121016  -0.00183013    -0.01036558   0.00931086    -0.00820965  -0.00848974
    4    3
 -0.00740765  -0.00068928     0.02521872  -0.00318308    -0.00823359   0.00275327
  0.00373156  -0.00153245    -0.00451330  -0.00145160     0.00089411  -0.00195065
 -0.00020014  -0.00016414     0.01319025  -0.00008483     0.00060999  -0.01361985
    4    4
  0.03113130   0.00000000    -0.00076607  -0.00109991     0.01066903   0.00494145
 -0.00076607   0.00109991     0.01227906  -0.00000000    -0.00060438   0.00573138
  0.01066903  -0.00494145    -0.00060438  -0.00573138     0.04872083   0.00000000
    4    5
 -0.02303335   0.00225019     0.00152485   0.00080573    -0.01078269   0.00330060
  0.00152485   0.00080573     0.00460593  -0.00187050    -0.00263447  -0.00591764
 -0.01078269   0.00330060    -0.00263447  -0.00591764    -0.03586058   0.02804827
    4    6
 -0.00494307   0.00494308    -0.01059048   0.00377571    -0.00007916   0.00183457
  0.00183457  -0.00007916    -0.00601872  -0.00440416     0.00049373  -0.00049373
  0.00377571  -0.01059048    -0.03293970   0.03293971     0.00440416   0.00601872
    4    7
  0.00710865   0.01129780     0.00931694   0.00486356     0.00011869  -0.00063314
 -0.00011869   0.00063314    -0.00334396   0.00643764     0.00046057   0.00024210
 -0.00931694  -0.00486356     0.04611290   0.00567565    -0.00334396   0.00643764
    5    1
  0.00083811  -0.00284249     0.00205751   0.00706365     0.00220493   0.00071054
  0.01415721   0.00051793    -0.00241805  -0.00034543     0.00540311  -0.00146658
  0.00578848   0.02357202    -0.00087022  -0.00606642     0.00069429   0.00610219
    5    2
 -0.00740765   0.00068928     0.02521872   0.00318308    -0.00823359  -0.00275327
  0.00373156   0.00153245    -0.00451330   0.00145160     0.00089411   0.00195065
 -0.00020014   0.00016414     0.01319025   0.00008483     0.00060999   0.01361985
    5    3
 -0.00133165   0.00297215    -0.02653358   0.00022945     0.00695534  -0.00685559
 -0.00198733  -0.00048112    -0.00224614  -0.00085526    -0.00059697   0.00144858
  0.00121016   0.00183013    -0.01036558  -0.00931086    -0.00820965   0.00848974
    5    4
 -0.02303335  -0.00225019     0.00152485  -0.00080573    -0.01078269  -0.00330060
  0.00152485  -0.00080573     0.00460593   0.00187050    -0.00263447   0.00591764
 -0.01078269  -0.00330060    -0.00263447   0.00591764    -0.03586058  -0.02804827
    5    5
  0.03113130  -0.00000000    -0.00076607   0.00109991     0.01066903  -0.00494145
 -0.00076607  -0.00109991     0.01227906   0.00000000    -0.00060438  -0.00573138
  0.01066903   0.00494145    -0.00060438   0.00573138     0.04872083  -0.00000000
    5    6
  0.00710865  -0.01129780     0.00931694  -0.00486356     0.00011869   0.00063314
 -0.00011869  -0.00063314    -0.00334396  -0.00643764     0.00046057  -0.00024210
 -0.00931694   0.00486356     0.04611290  -0.00567565    -0.00334396  -0.00643764
    5    7
 -0.00494307  -0.00494308    -0.01059048  -0.00377571    -0.00007916  -0.00183457
  0.00183457   0.00007916    -0.00601872   0.00440416     0.00049373   0.00049373
  0.00377571   0.01059048    -0.03293970  -0.03293971     0.00440416  -0.00601872
    6    1
  0.00083811   0.00284249    -0.00220493   0.00071054    -0.00205751   0.00706365
 -0.00578848   0.02357202     0.00069429  -0.00610219    -0.00087022   0.00606642
 -0.01415721   0.00051793     0.00540311   0.00146658    -0.00241805   0.00034543
    6    2
  0.00068928  -0.00740765     0.00275326   0.00823359    -0.00318308  -0.02521872
 -0.00016414   0.00020014     0.01361985   0.00060999     0.00008482   0.01319025
 -0.00153244  -0.00373156     0.00195065   0.00089411     0.00145160  -0.00451330
    6    3
 -0.00133165  -0.00297215    -0.00695534  -0.00685559     0.02653358   0.00022945
 -0.00121016   0.00183013    -0.00820965  -0.00848974    -0.01036558   0.00931086
  0.00198733  -0.00048112    -0.00059697  -0.00144858    -0.00224614   0.00085526
    6    4
 -0.00494307  -0.00494308     0.00183457   0.00007916     0.00377571   0.01059048
 -0.01059048  -0.00377571    -0.00601872   0.00440416    -0.03293970  -0.03293971
 -0.00007916  -0.00183457     0.00049373   0.00049373     0.00440416  -0.00601872
    6    5
  0.00710865   0.01129780    -0.00011869   0.00063314    -0.00931694  -0.00486356
  0.00931694   0.00486356    -0.00334396   0.00643764     0.04611290   0.00567565
  0.00011869  -0.00063314     0.00046057   0.00024210    -0.00334396   0.00643764
    6    6
  0.03113130   0.00000000    -0.01066903  -0.00494145     0.00076607   0.00109991
 -0.01066903   0.00494145     0.04872083  -0.00000000    -0.00060438  -0.00573138
  0.00076607  -0.00109991    -0.00060438   0.00573138     0.01227906   0.00000000
    6    7
 -0.00225018  -0.02303335     0.00330059   0.01078269     0.00080573  -0.00152484
  0.00330059   0.01078269    -0.02804825  -0.03586059     0.00591764  -0.00263447
  0.00080573  -0.00152484     0.00591764  -0.00263447     0.00187049   0.00460593
    7    1
 -0.00141731  -0.00260258    -0.00206155   0.00105669    -0.00644963  -0.00353988
 -0.02076101  -0.01257486     0.00480584   0.00382396    -0.00490495  -0.00367426
 -0.01037689   0.00964443     0.00278355  -0.00485760    -0.00195407   0.00146556
    7    2
 -0.00133165   0.00297215    -0.00695534   0.00685559     0.02653358  -0.00022945
 -0.00121016  -0.00183013    -0.00820965   0.00848974    -0.01036558  -0.00931086
  0.00198733   0.00048112    -0.00059697   0.00144858    -0.00224614  -0.00085526
    7    3
  0.00068928   0.00740765     0.00275326  -0.00823359    -0.00318308   0.02521872
 -0.00016414  -0.00020014     0.01361985  -0.00060999     0.00008482  -0.01319025
 -0.00153244   0.00373156     0.00195065  -0.00089411     0.00145160   0.00451330
    7    4
  0.00710865  -0.01129780    -0.00011869  -0.00063314    -0.00931694   0.00486356
  0.00931694  -0.00486356    -0.00334396  -0.00643764     0.04611290  -0.00567565
  0.00011869   0.00063314     0.00046057  -0.00024210    -0.00334396  -0.00643764
    7    5
 -0.00494307   0.00494308     0.00183457  -0.00007916     0.00377571  -0.01059048
 -0.01059048   0.00377571    -0.00601872  -0.00440416    -0.03293970   0.03293971
 -0.00007916   0.00183457     0.00049373  -0.00049373     0.00440416   0.00601872
    7    6
 -0.00225018   0.02303335     0.00330059  -0.01078269     0.00080573   0.00152484
  0.00330059  -0.01078269    -0.02804825   0.03586059     0.00591764   0.00263447
  0.00080573   0.00152484     0.00591764   0.00263447     0.00187049  -0.00460593
    7    7
  0.03113130  -0.00000000    -0.01066903   0.00494145     0.00076607  -0.00109991
 -0.01066903  -0.00494145     0.04872083   0.00000000    -0.00060438   0.00573138
  0.00076607   0.00109991    -0.00060438  -0.00573138     0.01227906   0.00000000

     Dynamical  Matrix in cartesian axes

     q = (    0.216506400  -0.108253200  -0.108253200 ) 

    1    1
  0.06345385   0.00000000    -0.01484181  -0.00000000    -0.01484181  -0.00000000
 -0.01484181  -0.00000000     0.02192764   0.00000000    -0.00027825   0.00000000
 -0.01484181  -0.00000000    -0.00027825   0.00000000     0.02192764   0.00000000
    1    2
 -0.00125145   0.00000000    -0.00507239  -0.00507506    -0.00507239   0.00507506
  0.00382289  -0.00070674    -0.00221779   0.00732366     0.00217803  -0.00063270
  0.00382289   0.00070674     0.00217803   0.00063270    -0.00221779  -0.00732366
    1    3
 -0.00125145   0.00000000    -0.00507239   0.00507506    -0.00507239  -0.00507506
  0.00382289   0.00070674    -0.00221779  -0.00732366     0.00217803   0.00063270
  0.00382289  -0.00070674     0.00217803  -0.00063270    -0.00221779   0.00732366
    1    4
  0.00260258   0.00141731     0.00964442  -0.01037689     0.01257486   0.02076101
 -0.00353988  -0.00644963    -0.00146556   0.00195408    -0.00367427  -0.00490494
 -0.00105669   0.00206155    -0.00485760   0.00278355    -0.00382396  -0.00480584
    1    5
  0.00260258  -0.00141731     0.00964442   0.01037689     0.01257486  -0.02076101
 -0.00353988   0.00644963    -0.00146556  -0.00195408    -0.00367427   0.00490494
 -0.00105669  -0.00206155    -0.00485760  -0.00278355    -0.00382396   0.00480584
    1    6
  0.00260258  -0.00141731     0.01257486  -0.02076101     0.00964442   0.01037689
 -0.00105669  -0.00206155    -0.00382396   0.00480584    -0.00485760  -0.00278355
 -0.00353988   0.00644963    -0.00367427   0.00490494    -0.00146556  -0.00195408
    1    7
  0.00260258   0.00141731     0.01257486   0.02076101     0.00964442  -0.01037689
 -0.00105669   0.00206155    -0.00382396  -0.00480584    -0.00485760   0.00278355
 -0.00353988  -0.00644963    -0.00367427  -0.00490494    -0.00146556   0.00195408
    2    1
 -0.00125145  -0.00000000     0.00382289   0.00070674     0.00382289  -0.00070674
 -0.00507239   0.00507506    -0.00221779  -0.00732366     0.00217803  -0.00063270
 -0.00507239  -0.00507506     0.00217803   0.00063270    -0.00221779   0.00732366
    2    2
  0.02020899   0.00000000    -0.00333438  -0.00019213    -0.00333438   0.00019213
 -0.00333438   0.00019213     0.02948329  -0.00000000     0.00740422  -0.00299823
 -0.00333438  -0.00019213     0.00740422   0.00299823     0.02948329   0.00000000
    2    3
  0.00674211   0.00000000     0.00154013  -0.00418172     0.00154013   0.00418172
  0.00154013  -0.00418172    -0.01904457   0.01432443    -0.00719457   0.00000000
  0.00154013   0.00418172    -0.00719457   0.00000000    -0.01904457  -0.01432443
    2    4
 -0.00304324  -0.00116001    -0.00106505   0.00174546     0.00043839   0.00214981
 -0.01892432   0.01859983    -0.00098350   0.00219302     0.00074580  -0.01391335
 -0.00976580   0.00007053     0.00144643   0.00060218    -0.01180825  -0.00019805
    2    5
 -0.00740765   0.00068928     0.00373156   0.00153245     0.00020014  -0.00016414
  0.02521872   0.00318308    -0.00451330   0.00145160    -0.01319025  -0.00008483
  0.00823359   0.00275327    -0.00089411  -0.00195065     0.00060999   0.01361985
    2    6
 -0.00304324   0.00116001     0.00043839  -0.00214981    -0.00106505  -0.00174546
 -0.00976580  -0.00007053    -0.01180825   0.00019805     0.00144643  -0.00060218
 -0.01892432  -0.01859983     0.00074580   0.01391335    -0.00098350  -0.00219302
    2    7
 -0.00740765  -0.00068928     0.00020014   0.00016414     0.00373156  -0.00153245
  0.00823359  -0.00275327     0.00060999  -0.01361985    -0.00089411   0.00195065
  0.02521872  -0.00318308    -0.01319025   0.00008483    -0.00451330  -0.00145160
    3    1
 -0.00125145   0.00000000     0.00382289  -0.00070674     0.00382289   0.00070674
 -0.00507239  -0.00507506    -0.00221779   0.00732366     0.00217803   0.00063270
 -0.00507239   0.00507506     0.00217803  -0.00063270    -0.00221779  -0.00732366
    3    2
  0.00674211   0.00000000     0.00154013   0.00418172     0.00154013  -0.00418172
  0.00154013   0.00418172    -0.01904457  -0.01432443    -0.00719457  -0.00000000
  0.00154013  -0.00418172    -0.00719457  -0.00000000    -0.01904457   0.01432443
    3    3
  0.02020899  -0.00000000    -0.00333438   0.00019213    -0.00333438  -0.00019213
 -0.00333438  -0.00019213     0.02948329   0.00000000     0.00740422   0.00299823
 -0.00333438   0.00019213     0.00740422  -0.00299823     0.02948329  -0.00000000
    3    4
 -0.00740765  -0.00068928     0.00373156  -0.00153245     0.00020014   0.00016414
  0.02521872  -0.00318308    -0.00451330  -0.00145160    -0.01319025   0.00008483
  0.00823359  -0.00275327    -0.00089411   0.00195065     0.00060999  -0.01361985
    3    5
 -0.00304324   0.00116001    -0.00106505  -0.00174546     0.00043839  -0.00214981
 -0.01892432  -0.01859983    -0.00098350  -0.00219302     0.00074580   0.01391335
 -0.00976580  -0.00007053     0.00144643  -0.00060218    -0.01180825   0.00019805
    3    6
 -0.00740765   0.00068928     0.00020014  -0.00016414     0.00373156   0.00153245
  0.00823359   0.00275327     0.00060999   0.01361985    -0.00089411  -0.00195065
  0.02521872   0.00318308    -0.01319025  -0.00008483    -0.00451330   0.00145160
    3    7
 -0.00304324  -0.00116001     0.00043839   0.00214981    -0.00106505   0.00174546
 -0.00976580   0.00007053    -0.01180825  -0.00019805     0.00144643   0.00060218
 -0.01892432   0.01859983     0.00074580  -0.01391335    -0.00098350   0.00219302
    4    1
  0.00260258  -0.00141731    -0.00353988   0.00644963    -0.00105669  -0.00206155
  0.00964442   0.01037689    -0.00146556  -0.00195408    -0.00485760  -0.00278355
  0.01257486  -0.02076101    -0.00367427   0.00490494    -0.00382396   0.00480584
    4    2
 -0.00304324   0.00116001    -0.01892432  -0.01859983    -0.00976580  -0.00007053
 -0.00106505  -0.00174546    -0.00098350  -0.00219302     0.00144643  -0.00060218
  0.00043839  -0.00214981     0.00074580   0.01391335    -0.01180825   0.00019805
    4    3
 -0.00740765   0.00068928     0.02521872   0.00318308     0.00823359   0.00275327
  0.00373156   0.00153245    -0.00451330   0.00145160    -0.00089411  -0.00195065
  0.00020014  -0.00016414    -0.01319025  -0.00008483     0.00060999   0.01361985
    4    4
  0.03113130   0.00000000    -0.00076607   0.00109991    -0.01066903   0.00494145
 -0.00076607  -0.00109991     0.01227906   0.00000000     0.00060438   0.00573138
 -0.01066903  -0.00494145     0.00060438  -0.00573138     0.04872083  -0.00000000
    4    5
 -0.01469591  -0.01787816     0.00164796   0.00050849     0.00529063   0.00995838
  0.00164796   0.00050849     0.00193424   0.00457952     0.00604726  -0.00232155
  0.00529063   0.00995838     0.00604726  -0.00232155    -0.00552413  -0.04519038
    4    6
  0.01129780   0.00710865     0.00486356   0.00931694     0.00063314  -0.00011869
  0.00063314  -0.00011869     0.00643764  -0.00334396    -0.00024210  -0.00046057
  0.00486356   0.00931694    -0.00567563  -0.04611290     0.00643764  -0.00334396
    4    7
 -0.00699056   0.00000000    -0.01015843   0.00481877     0.00135321   0.00124126
  0.00135321  -0.00124126    -0.00114167   0.00737009    -0.00069823   0.00000000
 -0.01015843  -0.00481877     0.04658378  -0.00000000    -0.00114167  -0.00737009
    5    1
  0.00260258   0.00141731    -0.00353988  -0.00644963    -0.00105669   0.00206155
  0.00964442  -0.01037689    -0.00146556   0.00195408    -0.00485760   0.00278355
  0.01257486   0.02076101    -0.00367427  -0.00490494    -0.00382396  -0.00480584
    5    2
 -0.00740765  -0.00068928     0.02521872  -0.00318308     0.00823359  -0.00275327
  0.00373156  -0.00153245    -0.00451330  -0.00145160    -0.00089411   0.00195065
  0.00020014   0.00016414    -0.01319025   0.00008483     0.00060999  -0.01361985
    5    3
 -0.00304324  -0.00116001    -0.01892432   0.01859983    -0.00976580   0.00007053
 -0.00106505   0.00174546    -0.00098350   0.00219302     0.00144643   0.00060218
  0.00043839   0.00214981     0.00074580  -0.01391335    -0.01180825  -0.00019805
    5    4
 -0.01469591   0.01787816     0.00164796  -0.00050849     0.00529063  -0.00995838
  0.00164796  -0.00050849     0.00193424  -0.00457952     0.00604726   0.00232155
  0.00529063  -0.00995838     0.00604726   0.00232155    -0.00552413   0.04519038
    5    5
  0.03113130  -0.00000000    -0.00076607  -0.00109991    -0.01066903  -0.00494145
 -0.00076607   0.00109991     0.01227906   0.00000000     0.00060438  -0.00573138
 -0.01066903   0.00494145     0.00060438   0.00573138     0.04872083   0.00000000
    5    6
 -0.00699056   0.00000000    -0.01015843  -0.00481877     0.00135321  -0.00124126
  0.00135321   0.00124126    -0.00114167  -0.00737009    -0.00069823   0.00000000
 -0.01015843   0.00481877     0.04658378  -0.00000000    -0.00114167   0.00737009
    5    7
  0.01129780  -0.00710865     0.00486356  -0.00931694     0.00063314   0.00011869
  0.00063314   0.00011869     0.00643764   0.00334396    -0.00024210   0.00046057
  0.00486356  -0.00931694    -0.00567563   0.04611290     0.00643764   0.00334396
    6    1
  0.00260258   0.00141731    -0.00105669   0.00206155    -0.00353988  -0.00644963
  0.01257486   0.02076101    -0.00382396  -0.00480584    -0.00367427  -0.00490494
  0.00964442  -0.01037689    -0.00485760   0.00278355    -0.00146556   0.00195408
    6    2
 -0.00304324  -0.00116001    -0.00976580   0.00007053    -0.01892432   0.01859983
  0.00043839   0.00214981    -0.01180825  -0.00019805     0.00074580  -0.01391335
 -0.00106505   0.00174546     0.00144643   0.00060218    -0.00098350   0.00219302
    6    3
 -0.00740765  -0.00068928     0.00823359  -0.00275327     0.02521872  -0.00318308
  0.00020014   0.00016414     0.00060999  -0.01361985    -0.01319025   0.00008483
  0.00373156  -0.00153245    -0.00089411   0.00195065    -0.00451330  -0.00145160
    6    4
  0.01129780  -0.00710865     0.00063314   0.00011869     0.00486356  -0.00931694
  0.00486356  -0.00931694     0.00643764   0.00334396    -0.00567563   0.04611290
  0.00063314   0.00011869    -0.00024210   0.00046057     0.00643764   0.00334396
    6    5
 -0.00699056  -0.00000000     0.00135321  -0.00124126    -0.01015843  -0.00481877
 -0.01015843   0.00481877    -0.00114167   0.00737009     0.04658378   0.00000000
  0.00135321   0.00124126    -0.00069823   0.00000000    -0.00114167  -0.00737009
    6    6
  0.03113130  -0.00000000    -0.01066903  -0.00494145    -0.00076607  -0.00109991
 -0.01066903   0.00494145     0.04872083   0.00000000     0.00060438   0.00573138
 -0.00076607   0.00109991     0.00060438  -0.00573138     0.01227906   0.00000000
    6    7
 -0.01469591   0.01787816     0.00529063  -0.00995838     0.00164796  -0.00050849
  0.00529063  -0.00995838    -0.00552413   0.04519038     0.00604726   0.00232155
  0.00164796  -0.00050849     0.00604726   0.00232155     0.00193424  -0.00457952
    7    1
  0.00260258  -0.00141731    -0.00105669  -0.00206155    -0.00353988   0.00644963
  0.01257486  -0.02076101    -0.00382396   0.00480584    -0.00367427   0.00490494
  0.00964442   0.01037689    -0.00485760  -0.00278355    -0.00146556  -0.00195408
    7    2
 -0.00740765   0.00068928     0.00823359   0.00275327     0.02521872   0.00318308
  0.00020014  -0.00016414     0.00060999   0.01361985    -0.01319025  -0.00008483
  0.00373156   0.00153245    -0.00089411  -0.00195065    -0.00451330   0.00145160
    7    3
 -0.00304324   0.00116001    -0.00976580  -0.00007053    -0.01892432  -0.01859983
  0.00043839  -0.00214981    -0.01180825   0.00019805     0.00074580   0.01391335
 -0.00106505  -0.00174546     0.00144643  -0.00060218    -0.00098350  -0.00219302
    7    4
 -0.00699056  -0.00000000     0.00135321   0.00124126    -0.01015843   0.00481877
 -0.01015843  -0.00481877    -0.00114167  -0.00737009     0.04658378   0.00000000
  0.00135321  -0.00124126    -0.00069823  -0.00000000    -0.00114167   0.00737009
    7    5
  0.01129780   0.00710865     0.00063314  -0.00011869     0.00486356   0.00931694
  0.00486356   0.00931694     0.00643764  -0.00334396    -0.00567563  -0.04611290
  0.00063314  -0.00011869    -0.00024210  -0.00046057     0.00643764  -0.00334396
    7    6
 -0.01469591  -0.01787816     0.00529063   0.00995838     0.00164796   0.00050849
  0.00529063   0.00995838    -0.00552413  -0.04519038     0.00604726  -0.00232155
  0.00164796   0.00050849     0.00604726  -0.00232155     0.00193424   0.00457952
    7    7
  0.03113130   0.00000000    -0.01066903   0.00494145    -0.00076607   0.00109991
 -0.01066903  -0.00494145     0.04872083  -0.00000000     0.00060438  -0.00573138
 -0.00076607  -0.00109991     0.00060438   0.00573138     0.01227906   0.00000000

     Dynamical  Matrix in cartesian axes

     q = (    0.108253200   0.216506400  -0.108253200 ) 

    1    1
  0.02192764   0.00000000     0.01484181   0.00000000     0.00027825   0.00000000
  0.01484181   0.00000000     0.06345385   0.00000000    -0.01484181   0.00000000
  0.00027825   0.00000000    -0.01484181   0.00000000     0.02192764   0.00000000
    1    2
 -0.00241805   0.00034543    -0.00205751   0.00706365    -0.00087022   0.00606642
 -0.01415721   0.00051793     0.00083811   0.00284249    -0.00578848   0.02357202
  0.00540311   0.00146658    -0.00220493   0.00071054     0.00069429  -0.00610219
    1    3
 -0.00195407   0.00146556    -0.00644963  -0.00353988    -0.00490495  -0.00367426
 -0.01037689   0.00964443    -0.00141731  -0.00260258    -0.02076101  -0.01257486
  0.00278355  -0.00485760    -0.00206155   0.00105669     0.00480584   0.00382396
    1    4
 -0.00674683  -0.00361040    -0.00320293   0.00220345    -0.00198749   0.00109271
 -0.00000189  -0.00717533    -0.00088491   0.00088491    -0.00717533  -0.00000189
 -0.00109271   0.00198749     0.00220345  -0.00320293     0.00361040   0.00674683
    1    5
 -0.00221779   0.00732366    -0.00382289   0.00070674    -0.00217803   0.00063270
  0.00507239   0.00507506    -0.00125145  -0.00000000    -0.00507239   0.00507506
 -0.00217803  -0.00063270     0.00382289   0.00070674    -0.00221779  -0.00732366
    1    6
 -0.00382396  -0.00480584     0.00105669  -0.00206155     0.00485760  -0.00278355
 -0.01257486  -0.02076101     0.00260258   0.00141731     0.00964442  -0.01037689
  0.00367427   0.00490494    -0.00353988  -0.00644963    -0.00146556   0.00195408
    1    7
  0.00069429   0.00610219     0.00220493   0.00071054     0.00540311  -0.00146658
  0.00578848   0.02357202     0.00083811  -0.00284249     0.01415721   0.00051793
