  3.500000000000000E-002   1.26001304832687        2.38111420361614     
          12

     Dynamical  Matrix in cartesian axes

     q = (    0.216506351   0.216506351   0.000000000 ) 

    1    1
  0.07057361   0.00000000     0.04571321   0.00000000    -0.00000000   0.00000000
  0.04571321   0.00000000     0.07057361   0.00000000    -0.00000000   0.00000000
 -0.00000000   0.00000000    -0.00000000   0.00000000     0.01394908   0.00000000
    1    2
 -0.00505713   0.00927541     0.00210811   0.01024695     0.00000000   0.00000000
  0.00023109   0.00995377     0.00057031   0.01188948     0.00000000   0.00000000
  0.00000000   0.00000000     0.00000000   0.00000000    -0.00460105  -0.00678205
    1    3
 -0.00927541   0.00505713    -0.01024695  -0.00210811    -0.00000000  -0.00000000
 -0.00995377  -0.00023109    -0.01188948  -0.00057031    -0.00000000  -0.00000000
 -0.00000000  -0.00000000    -0.00000000  -0.00000000     0.00678205   0.00460105
    1    4
 -0.01188948  -0.00057031    -0.00995377  -0.00023109    -0.00000000  -0.00000000
 -0.01024695  -0.00210811    -0.00927541   0.00505713    -0.00000000  -0.00000000
 -0.00000000  -0.00000000    -0.00000000  -0.00000000     0.00678205   0.00460105
    1    5
  0.00057031   0.01188948     0.00023109   0.00995377     0.00000000   0.00000000
  0.00210811   0.01024695    -0.00505713   0.00927541     0.00000000   0.00000000
  0.00000000   0.00000000     0.00000000   0.00000000    -0.00460105  -0.00678205
    1    6
  0.00590507  -0.00590507     0.00439739  -0.00439739     0.00353781   0.00353781
  0.00439739  -0.00439739     0.00590507  -0.00590507    -0.00353781  -0.00353781
  0.00513311   0.00513311    -0.00513311  -0.00513311    -0.00279517   0.00279517
    1    7
  0.00590507  -0.00590507     0.00439739  -0.00439739    -0.00353781  -0.00353781
  0.00439739  -0.00439739     0.00590507  -0.00590507     0.00353781   0.00353781
 -0.00513311  -0.00513311     0.00513311   0.00513311    -0.00279517   0.00279517
    2    1
 -0.00505713  -0.00927541     0.00023109  -0.00995377     0.00000000  -0.00000000
  0.00210811  -0.01024695     0.00057031  -0.01188948     0.00000000  -0.00000000
  0.00000000  -0.00000000     0.00000000  -0.00000000    -0.00460105   0.00678205
    2    2
  0.02773012  -0.00000000     0.00764570  -0.01184916    -0.00000000   0.00000000
  0.00764570   0.01184916     0.07205171  -0.00000000    -0.00000000   0.00000000
 -0.00000000   0.00000000    -0.00000000   0.00000000     0.02801587   0.00000000
    2    3
  0.00894051  -0.01205084     0.01169578   0.00823089     0.00000000  -0.00000000
  0.01169578   0.00823089    -0.01805706   0.06018279     0.00000000  -0.00000000
  0.00000000   0.00000000     0.00000000   0.00000000    -0.02090335   0.00885407
    2    4
  0.01216225   0.01605956     0.00264118   0.00900750     0.00000000  -0.00000000
 -0.01773795   0.06290150     0.01216225   0.01605956     0.00000000  -0.00000000
  0.00000000  -0.00000000    -0.00000000  -0.00000000     0.00803338   0.00401775
    2    5
 -0.00026832  -0.01522100     0.00260685  -0.00000000     0.00000000   0.00000000
  0.06669963  -0.00000000    -0.00026832   0.01522100    -0.00000000   0.00000000
  0.00000000   0.00000000     0.00000000   0.00000000    -0.00764822  -0.00000000
    2    6
 -0.00787765   0.00287988    -0.00076216  -0.00019358    -0.00273693  -0.00227233
 -0.00233835  -0.00490251    -0.00052928  -0.00692744    -0.00062282   0.00064071
 -0.02522003   0.00493785    -0.00920196  -0.00164037    -0.00251845  -0.00488434
    2    7
 -0.00787765   0.00287988    -0.00076216  -0.00019358     0.00273693   0.00227233
 -0.00233835  -0.00490251    -0.00052928  -0.00692744     0.00062282  -0.00064071
  0.02522003  -0.00493785     0.00920196   0.00164037    -0.00251845  -0.00488434
    3    1
 -0.00927541  -0.00505713    -0.00995377   0.00023109    -0.00000000   0.00000000
 -0.01024695   0.00210811    -0.01188948   0.00057031    -0.00000000   0.00000000
 -0.00000000   0.00000000    -0.00000000   0.00000000     0.00678205  -0.00460105
    3    2
  0.00894051   0.01205084     0.01169578  -0.00823089     0.00000000   0.00000000
  0.01169578  -0.00823089    -0.01805706  -0.06018279     0.00000000   0.00000000
  0.00000000   0.00000000     0.00000000   0.00000000    -0.02090335  -0.00885407
    3    3
  0.02773012  -0.00000000     0.00764570   0.01184916    -0.00000000   0.00000000
  0.00764570  -0.01184916     0.07205171  -0.00000000    -0.00000000   0.00000000
 -0.00000000   0.00000000    -0.00000000   0.00000000     0.02801587  -0.00000000
    3    4
 -0.00026832   0.01522100     0.00260685  -0.00000000     0.00000000  -0.00000000
  0.06669963   0.00000000    -0.00026832  -0.01522100     0.00000000  -0.00000000
  0.00000000   0.00000000     0.00000000   0.00000000    -0.00764822   0.00000000
    3    5
  0.01216225  -0.01605956     0.00264118  -0.00900750    -0.00000000  -0.00000000
 -0.01773795  -0.06290150     0.01216225  -0.01605956     0.00000000   0.00000000
  0.00000000   0.00000000    -0.00000000   0.00000000     0.00803338  -0.00401775
    3    6
 -0.00787765  -0.00287988    -0.00076216   0.00019358     0.00273693  -0.00227233
 -0.00233835   0.00490251    -0.00052928   0.00692744     0.00062282   0.00064071
  0.02522003   0.00493785     0.00920196  -0.00164037    -0.00251845   0.00488434
    3    7
 -0.00787765  -0.00287988    -0.00076216   0.00019358    -0.00273693   0.00227233
 -0.00233835   0.00490251    -0.00052928   0.00692744    -0.00062282  -0.00064071
 -0.02522003  -0.00493785    -0.00920196   0.00164037    -0.00251845   0.00488434
    4    1
 -0.01188948   0.00057031    -0.01024695   0.00210811    -0.00000000   0.00000000
 -0.00995377   0.00023109    -0.00927541  -0.00505713    -0.00000000   0.00000000
 -0.00000000   0.00000000    -0.00000000   0.00000000     0.00678205  -0.00460105
    4    2
  0.01216225  -0.01605956    -0.01773795  -0.06290150     0.00000000   0.00000000
  0.00264118  -0.00900750     0.01216225  -0.01605956     0.00000000   0.00000000
  0.00000000   0.00000000    -0.00000000   0.00000000     0.00803338  -0.00401775
    4    3
 -0.00026832  -0.01522100     0.06669963   0.00000000     0.00000000   0.00000000
  0.00260685  -0.00000000    -0.00026832   0.01522100    -0.00000000   0.00000000
  0.00000000   0.00000000     0.00000000   0.00000000    -0.00764822   0.00000000
    4    4
  0.07205171  -0.00000000     0.00764570  -0.01184916    -0.00000000   0.00000000
  0.00764570   0.01184916     0.02773012  -0.00000000    -0.00000000   0.00000000
 -0.00000000   0.00000000    -0.00000000   0.00000000     0.02801587  -0.00000000
    4    5
 -0.01805706  -0.06018279     0.01169578  -0.00823089     0.00000000   0.00000000
  0.01169578  -0.00823089     0.00894051   0.01205084     0.00000000   0.00000000
  0.00000000   0.00000000     0.00000000   0.00000000    -0.02090335  -0.00885407
    4    6
 -0.00052928   0.00692744    -0.00233835   0.00490251    -0.00062282  -0.00064071
 -0.00076216   0.00019358    -0.00787765  -0.00287988    -0.00273693   0.00227233
 -0.00920196   0.00164037    -0.02522003  -0.00493785    -0.00251845   0.00488434
    4    7
 -0.00052928   0.00692744    -0.00233835   0.00490251     0.00062282   0.00064071
 -0.00076216   0.00019358    -0.00787765  -0.00287988     0.00273693  -0.00227233
  0.00920196  -0.00164037     0.02522003   0.00493785    -0.00251845   0.00488434
    5    1
  0.00057031  -0.01188948     0.00210811  -0.01024695     0.00000000  -0.00000000
  0.00023109  -0.00995377    -0.00505713  -0.00927541     0.00000000  -0.00000000
  0.00000000  -0.00000000     0.00000000  -0.00000000    -0.00460105   0.00678205
    5    2
 -0.00026832   0.01522100     0.06669963  -0.00000000     0.00000000   0.00000000
  0.00260685  -0.00000000    -0.00026832  -0.01522100     0.00000000   0.00000000
  0.00000000   0.00000000     0.00000000   0.00000000    -0.00764822  -0.00000000
    5    3
  0.01216225   0.01605956    -0.01773795   0.06290150    -0.00000000  -0.00000000
  0.00264118   0.00900750     0.01216225   0.01605956     0.00000000  -0.00000000
  0.00000000   0.00000000    -0.00000000   0.00000000     0.00803338   0.00401775
    5    4
 -0.01805706   0.06018279     0.01169578   0.00823089     0.00000000   0.00000000
  0.01169578   0.00823089     0.00894051  -0.01205084     0.00000000   0.00000000
  0.00000000   0.00000000     0.00000000   0.00000000    -0.02090335   0.00885407
    5    5
  0.07205171  -0.00000000     0.00764570   0.01184916    -0.00000000   0.00000000
  0.00764570  -0.01184916     0.02773012  -0.00000000    -0.00000000   0.00000000
 -0.00000000   0.00000000    -0.00000000   0.00000000     0.02801587   0.00000000
    5    6
 -0.00052928  -0.00692744    -0.00233835  -0.00490251     0.00062282  -0.00064071
 -0.00076216  -0.00019358    -0.00787765   0.00287988     0.00273693   0.00227233
  0.00920196   0.00164037     0.02522003  -0.00493785    -0.00251845  -0.00488434
    5    7
 -0.00052928  -0.00692744    -0.00233835  -0.00490251    -0.00062282   0.00064071
 -0.00076216  -0.00019358    -0.00787765   0.00287988    -0.00273693  -0.00227233
 -0.00920196  -0.00164037    -0.02522003   0.00493785    -0.00251845  -0.00488434
    6    1
  0.00590507   0.00590507     0.00439739   0.00439739     0.00513311  -0.00513311
  0.00439739   0.00439739     0.00590507   0.00590507    -0.00513311   0.00513311
  0.00353781  -0.00353781    -0.00353781   0.00353781    -0.00279517  -0.00279517
    6    2
 -0.00787765  -0.00287988    -0.00233835   0.00490251    -0.02522003  -0.00493785
 -0.00076216   0.00019358    -0.00052928   0.00692744    -0.00920196   0.00164037
 -0.00273693   0.00227233    -0.00062282  -0.00064071    -0.00251845   0.00488434
    6    3
 -0.00787765   0.00287988    -0.00233835  -0.00490251     0.02522003  -0.00493785
 -0.00076216  -0.00019358    -0.00052928  -0.00692744     0.00920196   0.00164037
  0.00273693   0.00227233     0.00062282  -0.00064071    -0.00251845  -0.00488434
    6    4
 -0.00052928  -0.00692744    -0.00076216  -0.00019358    -0.00920196  -0.00164037
 -0.00233835  -0.00490251    -0.00787765   0.00287988    -0.02522003   0.00493785
 -0.00062282   0.00064071    -0.00273693  -0.00227233    -0.00251845  -0.00488434
    6    5
 -0.00052928   0.00692744    -0.00076216   0.00019358     0.00920196  -0.00164037
 -0.00233835   0.00490251    -0.00787765  -0.00287988     0.02522003   0.00493785
  0.00062282   0.00064071     0.00273693  -0.00227233    -0.00251845   0.00488434
    6    6
  0.03448431   0.00000000     0.01341881  -0.00000000     0.00000000   0.00476181
  0.01341881   0.00000000     0.03448431   0.00000000     0.00000000  -0.00476181
  0.00000000  -0.00476181    -0.00000000   0.00476181     0.00944942   0.00000000
    6    7
 -0.01981651  -0.00000000    -0.00887272  -0.00000000     0.00000000   0.00413024
 -0.00887272   0.00000000    -0.01981651   0.00000000     0.00000000  -0.00413024
  0.00000000   0.00413024     0.00000000  -0.00413024     0.00122669   0.00000000
    7    1
  0.00590507   0.00590507     0.00439739   0.00439739    -0.00513311   0.00513311
  0.00439739   0.00439739     0.00590507   0.00590507     0.00513311  -0.00513311
 -0.00353781   0.00353781     0.00353781  -0.00353781    -0.00279517  -0.00279517
    7    2
 -0.00787765  -0.00287988    -0.00233835   0.00490251     0.02522003   0.00493785
 -0.00076216   0.00019358    -0.00052928   0.00692744     0.00920196  -0.00164037
  0.00273693  -0.00227233     0.00062282   0.00064071    -0.00251845   0.00488434
    7    3
 -0.00787765   0.00287988    -0.00233835  -0.00490251    -0.02522003   0.00493785
 -0.00076216  -0.00019358    -0.00052928  -0.00692744    -0.00920196  -0.00164037
 -0.00273693  -0.00227233    -0.00062282   0.00064071    -0.00251845  -0.00488434
    7    4
 -0.00052928  -0.00692744    -0.00076216  -0.00019358     0.00920196   0.00164037
 -0.00233835  -0.00490251    -0.00787765   0.00287988     0.02522003  -0.00493785
  0.00062282  -0.00064071     0.00273693   0.00227233    -0.00251845  -0.00488434
    7    5
 -0.00052928   0.00692744    -0.00076216   0.00019358    -0.00920196   0.00164037
 -0.00233835   0.00490251    -0.00787765  -0.00287988    -0.02522003  -0.00493785
 -0.00062282  -0.00064071    -0.00273693   0.00227233    -0.00251845   0.00488434
    7    6
 -0.01981651   0.00000000    -0.00887272   0.00000000     0.00000000  -0.00413024
 -0.00887272   0.00000000    -0.01981651  -0.00000000     0.00000000   0.00413024
  0.00000000  -0.00413024     0.00000000   0.00413024     0.00122669  -0.00000000
    7    7
  0.03448431   0.00000000     0.01341881   0.00000000    -0.00000000  -0.00476181
  0.01341881  -0.00000000     0.03448431   0.00000000    -0.00000000   0.00476181
  0.00000000   0.00476181    -0.00000000  -0.00476181     0.00944942  -0.00000000

     Dynamical  Matrix in cartesian axes

     q = (    0.216506351  -0.216506351   0.000000000 ) 

    1    1
  0.07057361   0.00000000    -0.04571321  -0.00000000     0.00000000   0.00000000
 -0.04571321  -0.00000000     0.07057361   0.00000000     0.00000000   0.00000000
  0.00000000   0.00000000     0.00000000  -0.00000000     0.01394908   0.00000000
    1    2
 -0.00505713   0.00927541    -0.00210811  -0.01024695     0.00000000  -0.00000000
 -0.00023109  -0.00995377     0.00057031   0.01188948     0.00000000  -0.00000000
  0.00000000  -0.00000000     0.00000000  -0.00000000    -0.00460105  -0.00678205
    1    3
 -0.00505713  -0.00927541    -0.00210811   0.01024695     0.00000000   0.00000000
 -0.00023109   0.00995377     0.00057031  -0.01188948     0.00000000   0.00000000
  0.00000000   0.00000000     0.00000000   0.00000000    -0.00460105   0.00678205
    1    4
  0.00057031   0.01188948    -0.00023109  -0.00995377     0.00000000  -0.00000000
 -0.00210811  -0.01024695    -0.00505713   0.00927541     0.00000000   0.00000000
  0.00000000  -0.00000000     0.00000000  -0.00000000    -0.00460105  -0.00678205
    1    5
  0.00057031  -0.01188948    -0.00023109   0.00995377     0.00000000   0.00000000
 -0.00210811   0.01024695    -0.00505713  -0.00927541     0.00000000   0.00000000
  0.00000000   0.00000000     0.00000000  -0.00000000    -0.00460105   0.00678205
    1    6
  0.00590507   0.00590507    -0.00439739  -0.00439739    -0.00353781   0.00353781
 -0.00439739  -0.00439739     0.00590507   0.00590507    -0.00353781   0.00353781
 -0.00513311   0.00513311    -0.00513311   0.00513311    -0.00279517  -0.00279517
    1    7
  0.00590507  -0.00590507    -0.00439739   0.00439739    -0.00353781  -0.00353781
 -0.00439739   0.00439739     0.00590507  -0.00590507    -0.00353781  -0.00353781
 -0.00513311  -0.00513311    -0.00513311  -0.00513311    -0.00279517   0.00279517
    2    1
 -0.00505713  -0.00927541    -0.00023109   0.00995377     0.00000000   0.00000000
 -0.00210811   0.01024695     0.00057031  -0.01188948    -0.00000000   0.00000000
  0.00000000   0.00000000     0.00000000   0.00000000    -0.00460105   0.00678205
    2    2
  0.02773012  -0.00000000    -0.00764570   0.01184916    -0.00000000   0.00000000
 -0.00764570  -0.01184916     0.07205171  -0.00000000    -0.00000000   0.00000000
 -0.00000000   0.00000000    -0.00000000   0.00000000     0.02801587  -0.00000000
    2    3
  0.01205084   0.00894051     0.00823089  -0.01169578    -0.00000000   0.00000000
  0.00823089  -0.01169578    -0.06018279  -0.01805706     0.00000000   0.00000000
 -0.00000000   0.00000000     0.00000000   0.00000000    -0.00885407  -0.02090335
    2    4
 -0.00026832  -0.01522100    -0.00260685  -0.00000000     0.00000000  -0.00000000
 -0.06669963  -0.00000000    -0.00026832   0.01522100     0.00000000  -0.00000000
 -0.00000000  -0.00000000     0.00000000  -0.00000000    -0.00764822  -0.00000000
    2    5
 -0.01605956   0.01216225     0.00900750  -0.00264118     0.00000000  -0.00000000
  0.06290150   0.01773795    -0.01605956   0.01216225     0.00000000  -0.00000000
  0.00000000   0.00000000     0.00000000   0.00000000    -0.00401775   0.00803338
    2    6
 -0.00287988  -0.00787765    -0.00019358   0.00076216     0.00227233  -0.00273693
 -0.00490251   0.00233835     0.00692744  -0.00052928     0.00064071   0.00062282
 -0.00493785  -0.02522003    -0.00164037   0.00920196     0.00488434  -0.00251845
    2    7
 -0.00787765   0.00287988     0.00076216   0.00019358     0.00273693   0.00227233
  0.00233835   0.00490251    -0.00052928  -0.00692744    -0.00062282   0.00064071
  0.02522003  -0.00493785    -0.00920196  -0.00164037    -0.00251845  -0.00488434
    3    1
 -0.00505713   0.00927541    -0.00023109  -0.00995377     0.00000000  -0.00000000
 -0.00210811  -0.01024695     0.00057031   0.01188948     0.00000000   0.00000000
  0.00000000  -0.00000000     0.00000000   0.00000000    -0.00460105  -0.00678205
    3    2
  0.01205084  -0.00894051     0.00823089   0.01169578    -0.00000000  -0.00000000
  0.00823089   0.01169578    -0.06018279   0.01805706    -0.00000000  -0.00000000
  0.00000000  -0.00000000    -0.00000000  -0.00000000    -0.00885407   0.02090335
    3    3
  0.02773012  -0.00000000    -0.00764570  -0.01184916    -0.00000000   0.00000000
 -0.00764570   0.01184916     0.07205171   0.00000000    -0.00000000   0.00000000
 -0.00000000   0.00000000    -0.00000000   0.00000000     0.02801587   0.00000000
    3    4
 -0.01605956  -0.01216225     0.00900750   0.00264118    -0.00000000   0.00000000
  0.06290150  -0.01773795    -0.01605956  -0.01216225     0.00000000   0.00000000
  0.00000000   0.00000000     0.00000000   0.00000000    -0.00401775  -0.00803338
    3    5
 -0.00026832   0.01522100    -0.00260685   0.00000000    -0.00000000   0.00000000
 -0.06669963  -0.00000000    -0.00026832  -0.01522100    -0.00000000   0.00000000
 -0.00000000   0.00000000     0.00000000   0.00000000    -0.00764822  -0.00000000
    3    6
 -0.00787765  -0.00287988     0.00076216  -0.00019358     0.00273693  -0.00227233
  0.00233835  -0.00490251    -0.00052928   0.00692744    -0.00062282  -0.00064071
  0.02522003   0.00493785    -0.00920196   0.00164037    -0.00251845   0.00488434
    3    7
 -0.00287988   0.00787765    -0.00019358  -0.00076216     0.00227233   0.00273693
 -0.00490251  -0.00233835     0.00692744   0.00052928     0.00064071  -0.00062282
 -0.00493785   0.02522003    -0.00164037  -0.00920196     0.00488434   0.00251845
    4    1
  0.00057031  -0.01188948    -0.00210811   0.01024695     0.00000000  -0.00000000
 -0.00023109   0.00995377    -0.00505713  -0.00927541     0.00000000  -0.00000000
  0.00000000  -0.00000000     0.00000000  -0.00000000    -0.00460105   0.00678205
    4    2
 -0.00026832   0.01522100    -0.06669963   0.00000000     0.00000000   0.00000000
 -0.00260685   0.00000000    -0.00026832  -0.01522100     0.00000000   0.00000000
 -0.00000000   0.00000000     0.00000000   0.00000000    -0.00764822   0.00000000
    4    3
 -0.01605956   0.01216225     0.06290150   0.01773795    -0.00000000  -0.00000000
  0.00900750  -0.00264118    -0.01605956   0.01216225    -0.00000000  -0.00000000
 -0.00000000  -0.00000000     0.00000000  -0.00000000    -0.00401775   0.00803338
    4    4
  0.07205171  -0.00000000    -0.00764570  -0.01184916    -0.00000000   0.00000000
 -0.00764570   0.01184916     0.02773012  -0.00000000    -0.00000000   0.00000000
 -0.00000000   0.00000000    -0.00000000   0.00000000     0.02801587  -0.00000000
    4    5
 -0.06018279  -0.01805706     0.00823089  -0.01169578    -0.00000000   0.00000000
  0.00823089  -0.01169578     0.01205084   0.00894051     0.00000000   0.00000000
 -0.00000000   0.00000000     0.00000000   0.00000000    -0.00885407  -0.02090335
    4    6
  0.00692744  -0.00052928    -0.00490251   0.00233835     0.00064071   0.00062282
 -0.00019358   0.00076216    -0.00287988  -0.00787765     0.00227233  -0.00273693
 -0.00164037   0.00920196    -0.00493785  -0.02522003     0.00488434  -0.00251845
    4    7
 -0.00052928  -0.00692744     0.00233835   0.00490251    -0.00062282   0.00064071
  0.00076216   0.00019358    -0.00787765   0.00287988     0.00273693   0.00227233
 -0.00920196  -0.00164037     0.02522003  -0.00493785    -0.00251845  -0.00488434
    5    1
  0.00057031   0.01188948    -0.00210811  -0.01024695     0.00000000  -0.00000000
 -0.00023109  -0.00995377    -0.00505713   0.00927541     0.00000000   0.00000000
  0.00000000  -0.00000000     0.00000000   0.00000000    -0.00460105  -0.00678205
    5    2
 -0.01605956  -0.01216225     0.06290150  -0.01773795     0.00000000   0.00000000
  0.00900750   0.00264118    -0.01605956  -0.01216225    -0.00000000   0.00000000
  0.00000000   0.00000000     0.00000000   0.00000000    -0.00401775  -0.00803338
    5    3
 -0.00026832  -0.01522100    -0.06669963   0.00000000    -0.00000000   0.00000000
 -0.00260685   0.00000000    -0.00026832   0.01522100     0.00000000   0.00000000
 -0.00000000   0.00000000    -0.00000000   0.00000000    -0.00764822   0.00000000
    5    4
 -0.06018279   0.01805706     0.00823089   0.01169578     0.00000000  -0.00000000
  0.00823089   0.01169578     0.01205084  -0.00894051     0.00000000  -0.00000000
  0.00000000  -0.00000000     0.00000000  -0.00000000    -0.00885407   0.02090335
    5    5
  0.07205171   0.00000000    -0.00764570   0.01184916    -0.00000000   0.00000000
 -0.00764570  -0.01184916     0.02773012   0.00000000    -0.00000000   0.00000000
 -0.00000000   0.00000000    -0.00000000   0.00000000     0.02801587   0.00000000
    5    6
 -0.00052928   0.00692744     0.00233835  -0.00490251    -0.00062282  -0.00064071
  0.00076216  -0.00019358    -0.00787765  -0.00287988     0.00273693  -0.00227233
 -0.00920196   0.00164037     0.02522003   0.00493785    -0.00251845   0.00488434
    5    7
  0.00692744   0.00052928    -0.00490251  -0.00233835     0.00064071  -0.00062282
 -0.00019358  -0.00076216    -0.00287988   0.00787765     0.00227233   0.00273693
 -0.00164037  -0.00920196    -0.00493785   0.02522003     0.00488434   0.00251845
    6    1
  0.00590507  -0.00590507    -0.00439739   0.00439739    -0.00513311  -0.00513311
 -0.00439739   0.00439739     0.00590507  -0.00590507    -0.00513311  -0.00513311
 -0.00353781  -0.00353781    -0.00353781  -0.00353781    -0.00279517   0.00279517
    6    2
 -0.00287988   0.00787765    -0.00490251  -0.00233835    -0.00493785   0.02522003
 -0.00019358  -0.00076216     0.00692744   0.00052928    -0.00164037  -0.00920196
  0.00227233   0.00273693     0.00064071  -0.00062282     0.00488434   0.00251845
    6    3
 -0.00787765   0.00287988     0.00233835   0.00490251     0.02522003  -0.00493785
  0.00076216   0.00019358    -0.00052928  -0.00692744    -0.00920196  -0.00164037
  0.00273693   0.00227233    -0.00062282   0.00064071    -0.00251845  -0.00488434
    6    4
  0.00692744   0.00052928    -0.00019358  -0.00076216    -0.00164037  -0.00920196
 -0.00490251  -0.00233835    -0.00287988   0.00787765    -0.00493785   0.02522003
  0.00064071  -0.00062282     0.00227233   0.00273693     0.00488434   0.00251845
    6    5
 -0.00052928  -0.00692744     0.00076216   0.00019358    -0.00920196  -0.00164037
  0.00233835   0.00490251    -0.00787765   0.00287988     0.02522003  -0.00493785
 -0.00062282   0.00064071     0.00273693   0.00227233    -0.00251845  -0.00488434
    6    6
  0.03448431  -0.00000000    -0.01341881  -0.00000000     0.00000000   0.00476181
 -0.01341881  -0.00000000     0.03448431  -0.00000000    -0.00000000   0.00476181
  0.00000000  -0.00476181    -0.00000000  -0.00476181     0.00944942   0.00000000
    6    7
 -0.00000000   0.01981651     0.00000000  -0.00887272     0.00413024  -0.00000000
  0.00000000  -0.00887272    -0.00000000   0.01981651     0.00413024   0.00000000
  0.00413024  -0.00000000     0.00413024  -0.00000000     0.00000000  -0.00122669
    7    1
  0.00590507   0.00590507    -0.00439739  -0.00439739    -0.00513311   0.00513311
 -0.00439739  -0.00439739     0.00590507   0.00590507    -0.00513311   0.00513311
 -0.00353781   0.00353781    -0.00353781   0.00353781    -0.00279517  -0.00279517
    7    2
 -0.00787765  -0.00287988     0.00233835  -0.00490251     0.02522003   0.00493785
  0.00076216  -0.00019358    -0.00052928   0.00692744    -0.00920196   0.00164037
  0.00273693  -0.00227233    -0.00062282  -0.00064071    -0.00251845   0.00488434
    7    3
 -0.00287988  -0.00787765    -0.00490251   0.00233835    -0.00493785  -0.02522003
 -0.00019358   0.00076216     0.00692744  -0.00052928    -0.00164037   0.00920196
  0.00227233  -0.00273693     0.00064071   0.00062282     0.00488434  -0.00251845
    7    4
 -0.00052928   0.00692744     0.00076216  -0.00019358    -0.00920196   0.00164037
  0.00233835  -0.00490251    -0.00787765  -0.00287988     0.02522003   0.00493785
 -0.00062282  -0.00064071     0.00273693  -0.00227233    -0.00251845   0.00488434
    7    5
  0.00692744  -0.00052928    -0.00019358   0.00076216    -0.00164037   0.00920196
 -0.00490251   0.00233835    -0.00287988  -0.00787765    -0.00493785  -0.02522003
  0.00064071   0.00062282     0.00227233  -0.00273693     0.00488434  -0.00251845
    7    6
 -0.00000000  -0.01981651     0.00000000   0.00887272     0.00413024   0.00000000
  0.00000000   0.00887272    -0.00000000  -0.01981651     0.00413024  -0.00000000
  0.00413024   0.00000000     0.00413024   0.00000000     0.00000000   0.00122669
    7    7
  0.03448431   0.00000000    -0.01341881   0.00000000     0.00000000  -0.00476181
 -0.01341881   0.00000000     0.03448431   0.00000000    -0.00000000  -0.00476181
  0.00000000   0.00476181    -0.00000000   0.00476181     0.00944942   0.00000000

     Dynamical  Matrix in cartesian axes

     q = (   -0.216506351  -0.216506351   0.000000000 ) 

    1    1
  0.07057361   0.00000000     0.04571321   0.00000000    -0.00000000   0.00000000
  0.04571321   0.00000000     0.07057361   0.00000000    -0.00000000   0.00000000
 -0.00000000   0.00000000    -0.00000000   0.00000000     0.01394908   0.00000000
    1    2
 -0.00505713  -0.00927541     0.00210811  -0.01024695     0.00000000  -0.00000000
  0.00023109  -0.00995377     0.00057031  -0.01188948     0.00000000  -0.00000000
  0.00000000  -0.00000000     0.00000000  -0.00000000    -0.00460105   0.00678205
    1    3
 -0.00927541  -0.00505713    -0.01024695   0.00210811    -0.00000000   0.00000000
 -0.00995377   0.00023109    -0.01188948   0.00057031    -0.00000000   0.00000000
 -0.00000000   0.00000000    -0.00000000   0.00000000     0.00678205  -0.00460105
    1    4
 -0.01188948   0.00057031    -0.00995377   0.00023109    -0.00000000   0.00000000
 -0.01024695   0.00210811    -0.00927541  -0.00505713    -0.00000000   0.00000000
 -0.00000000   0.00000000    -0.00000000   0.00000000     0.00678205  -0.00460105
    1    5
  0.00057031  -0.01188948     0.00023109  -0.00995377     0.00000000  -0.00000000
  0.00210811  -0.01024695    -0.00505713  -0.00927541     0.00000000  -0.00000000
  0.00000000  -0.00000000     0.00000000  -0.00000000    -0.00460105   0.00678205
    1    6
  0.00590507   0.00590507     0.00439739   0.00439739     0.00353781  -0.00353781
  0.00439739   0.00439739     0.00590507   0.00590507    -0.00353781   0.00353781
  0.00513311  -0.00513311    -0.00513311   0.00513311    -0.00279517  -0.00279517
    1    7
  0.00590507   0.00590507     0.00439739   0.00439739    -0.00353781   0.00353781
  0.00439739   0.00439739     0.00590507   0.00590507     0.00353781  -0.00353781
 -0.00513311   0.00513311     0.00513311  -0.00513311    -0.00279517  -0.00279517
    2    1
 -0.00505713   0.00927541     0.00023109   0.00995377     0.00000000   0.00000000
  0.00210811   0.01024695     0.00057031   0.01188948     0.00000000   0.00000000
  0.00000000   0.00000000     0.00000000   0.00000000    -0.00460105  -0.00678205
    2    2
  0.02773012  -0.00000000     0.00764570   0.01184916    -0.00000000   0.00000000
  0.00764570  -0.01184916     0.07205171  -0.00000000    -0.00000000   0.00000000
 -0.00000000   0.00000000    -0.00000000   0.00000000     0.02801587  -0.00000000
    2    3
  0.00894051   0.01205084     0.01169578  -0.00823089     0.00000000   0.00000000
  0.01169578  -0.00823089    -0.01805706  -0.06018279     0.00000000   0.00000000
  0.00000000   0.00000000     0.00000000   0.00000000    -0.02090335  -0.00885407
    2    4
  0.01216225  -0.01605956     0.00264118  -0.00900750     0.00000000   0.00000000
 -0.01773795  -0.06290150     0.01216225  -0.01605956    -0.00000000   0.00000000
 -0.00000000   0.00000000    -0.00000000   0.00000000     0.00803338  -0.00401775
    2    5
 -0.00026832   0.01522100     0.00260685  -0.00000000     0.00000000   0.00000000
  0.06669963   0.00000000    -0.00026832  -0.01522100     0.00000000   0.00000000
  0.00000000   0.00000000     0.00000000   0.00000000    -0.00764822   0.00000000
    2    6
 -0.00787765  -0.00287988    -0.00076216   0.00019358    -0.00273693   0.00227233
 -0.00233835   0.00490251    -0.00052928   0.00692744    -0.00062282  -0.00064071
 -0.02522003  -0.00493785    -0.00920196   0.00164037    -0.00251845   0.00488434
    2    7
 -0.00787765  -0.00287988    -0.00076216   0.00019358     0.00273693  -0.00227233
 -0.00233835   0.00490251    -0.00052928   0.00692744     0.00062282   0.00064071
  0.02522003   0.00493785     0.00920196  -0.00164037    -0.00251845   0.00488434
    3    1
 -0.00927541   0.00505713    -0.00995377  -0.00023109    -0.00000000  -0.00000000
 -0.01024695  -0.00210811    -0.01188948  -0.00057031    -0.00000000  -0.00000000
 -0.00000000  -0.00000000    -0.00000000  -0.00000000     0.00678205   0.00460105
    3    2
  0.00894051  -0.01205084     0.01169578   0.00823089     0.00000000   0.00000000
  0.01169578   0.00823089    -0.01805706   0.06018279     0.00000000   0.00000000
  0.00000000  -0.00000000     0.00000000   0.00000000    -0.02090335   0.00885407
    3    3
  0.02773012  -0.00000000     0.00764570  -0.01184916    -0.00000000   0.00000000
  0.00764570   0.01184916     0.07205171  -0.00000000    -0.00000000   0.00000000
 -0.00000000   0.00000000    -0.00000000   0.00000000     0.02801587   0.00000000
    3    4
 -0.00026832  -0.01522100     0.00260685  -0.00000000    -0.00000000   0.00000000
  0.06669963  -0.00000000    -0.00026832   0.01522100     0.00000000   0.00000000
  0.00000000  -0.00000000     0.00000000  -0.00000000    -0.00764822  -0.00000000
    3    5
  0.01216225   0.01605956     0.00264118   0.00900750     0.00000000  -0.00000000
 -0.01773795   0.06290150     0.01216225   0.01605956     0.00000000  -0.00000000
  0.00000000  -0.00000000    -0.00000000  -0.00000000     0.00803338   0.00401775
    3    6
 -0.00787765   0.00287988    -0.00076216  -0.00019358     0.00273693   0.00227233
 -0.00233835  -0.00490251    -0.00052928  -0.00692744     0.00062282  -0.00064071
  0.02522003  -0.00493785     0.00920196   0.00164037    -0.00251845  -0.00488434
    3    7
 -0.00787765   0.00287988    -0.00076216  -0.00019358    -0.00273693  -0.00227233
 -0.00233835  -0.00490251    -0.00052928  -0.00692744    -0.00062282   0.00064071
 -0.02522003   0.00493785    -0.00920196  -0.00164037    -0.00251845  -0.00488434
    4    1
 -0.01188948  -0.00057031    -0.01024695  -0.00210811    -0.00000000  -0.00000000
 -0.00995377  -0.00023109    -0.00927541   0.00505713    -0.00000000  -0.00000000
 -0.00000000  -0.00000000    -0.00000000  -0.00000000     0.00678205   0.00460105
    4    2
  0.01216225   0.01605956    -0.01773795   0.06290150     0.00000000  -0.00000000
  0.00264118   0.00900750     0.01216225   0.01605956    -0.00000000  -0.00000000
 -0.00000000  -0.00000000    -0.00000000  -0.00000000     0.00803338   0.00401775
    4    3
 -0.00026832   0.01522100     0.06669963  -0.00000000     0.00000000   0.00000000
  0.00260685  -0.00000000    -0.00026832  -0.01522100     0.00000000   0.00000000
  0.00000000  -0.00000000     0.00000000  -0.00000000    -0.00764822  -0.00000000
    4    4
  0.07205171  -0.00000000     0.00764570   0.01184916    -0.00000000   0.00000000
  0.00764570  -0.01184916     0.02773012  -0.00000000    -0.00000000   0.00000000
 -0.00000000   0.00000000    -0.00000000   0.00000000     0.02801587   0.00000000
    4    5
 -0.01805706   0.06018279     0.01169578   0.00823089     0.00000000   0.00000000
  0.01169578   0.00823089     0.00894051  -0.01205084     0.00000000   0.00000000
  0.00000000  -0.00000000     0.00000000  -0.00000000    -0.02090335   0.00885407
    4    6
 -0.00052928  -0.00692744    -0.00233835  -0.00490251    -0.00062282   0.00064071
 -0.00076216  -0.00019358    -0.00787765   0.00287988    -0.00273693  -0.00227233
 -0.00920196  -0.00164037    -0.02522003   0.00493785    -0.00251845  -0.00488434
    4    7
 -0.00052928  -0.00692744    -0.00233835  -0.00490251     0.00062282  -0.00064071
 -0.00076216  -0.00019358    -0.00787765   0.00287988     0.00273693   0.00227233
  0.00920196   0.00164037     0.02522003  -0.00493785    -0.00251845  -0.00488434
    5    1
  0.00057031   0.01188948     0.00210811   0.01024695     0.00000000   0.00000000
  0.00023109   0.00995377    -0.00505713   0.00927541     0.00000000   0.00000000
  0.00000000   0.00000000     0.00000000   0.00000000    -0.00460105  -0.00678205
    5    2
 -0.00026832  -0.01522100     0.06669963   0.00000000    -0.00000000   0.00000000
  0.00260685  -0.00000000    -0.00026832   0.01522100     0.00000000   0.00000000
  0.00000000   0.00000000     0.00000000   0.00000000    -0.00764822   0.00000000
    5    3
  0.01216225  -0.01605956    -0.01773795  -0.06290150     0.00000000   0.00000000
  0.00264118  -0.00900750     0.01216225  -0.01605956     0.00000000   0.00000000
  0.00000000   0.00000000    -0.00000000   0.00000000     0.00803338  -0.00401775
    5    4
 -0.01805706  -0.06018279     0.01169578  -0.00823089     0.00000000   0.00000000
  0.01169578  -0.00823089     0.00894051   0.01205084     0.00000000   0.00000000
  0.00000000   0.00000000     0.00000000   0.00000000    -0.02090335  -0.00885407
    5    5
  0.07205171  -0.00000000     0.00764570  -0.01184916    -0.00000000   0.00000000
  0.00764570   0.01184916     0.02773012  -0.00000000    -0.00000000   0.00000000
 -0.00000000   0.00000000    -0.00000000   0.00000000     0.02801587  -0.00000000
    5    6
 -0.00052928   0.00692744    -0.00233835   0.00490251     0.00062282   0.00064071
 -0.00076216   0.00019358    -0.00787765  -0.00287988     0.00273693  -0.00227233
  0.00920196  -0.00164037     0.02522003   0.00493785    -0.00251845   0.00488434
    5    7
 -0.00052928   0.00692744    -0.00233835   0.00490251    -0.00062282  -0.00064071
 -0.00076216   0.00019358    -0.00787765  -0.00287988    -0.00273693   0.00227233
 -0.00920196   0.00164037    -0.02522003  -0.00493785    -0.00251845   0.00488434
    6    1
  0.00590507  -0.00590507     0.00439739  -0.00439739     0.00513311   0.00513311
  0.00439739  -0.00439739     0.00590507  -0.00590507    -0.00513311  -0.00513311
  0.00353781   0.00353781    -0.00353781  -0.00353781    -0.00279517   0.00279517
    6    2
 -0.00787765   0.00287988    -0.00233835  -0.00490251    -0.02522003   0.00493785
 -0.00076216  -0.00019358    -0.00052928  -0.00692744    -0.00920196  -0.00164037
 -0.00273693  -0.00227233    -0.00062282   0.00064071    -0.00251845  -0.00488434
    6    3
 -0.00787765  -0.00287988    -0.00233835   0.00490251     0.02522003   0.00493785
 -0.00076216   0.00019358    -0.00052928   0.00692744     0.00920196  -0.00164037
  0.00273693  -0.00227233     0.00062282   0.00064071    -0.00251845   0.00488434
    6    4
 -0.00052928   0.00692744    -0.00076216   0.00019358    -0.00920196   0.00164037
 -0.00233835   0.00490251    -0.00787765  -0.00287988    -0.02522003  -0.00493785
 -0.00062282  -0.00064071    -0.00273693   0.00227233    -0.00251845   0.00488434
    6    5
 -0.00052928  -0.00692744    -0.00076216  -0.00019358     0.00920196   0.00164037
 -0.00233835  -0.00490251    -0.00787765   0.00287988     0.02522003  -0.00493785
  0.00062282  -0.00064071     0.00273693   0.00227233    -0.00251845  -0.00488434
    6    6
  0.03448431   0.00000000     0.01341881   0.00000000     0.00000000  -0.00476181
  0.01341881  -0.00000000     0.03448431   0.00000000     0.00000000   0.00476181
  0.00000000   0.00476181    -0.00000000  -0.00476181     0.00944942  -0.00000000
    6    7
 -0.01981651   0.00000000    -0.00887272   0.00000000     0.00000000  -0.00413024
 -0.00887272   0.00000000    -0.01981651  -0.00000000     0.00000000   0.00413024
  0.00000000  -0.00413024     0.00000000   0.00413024     0.00122669   0.00000000
    7    1
  0.00590507  -0.00590507     0.00439739  -0.00439739    -0.00513311  -0.00513311
  0.00439739  -0.00439739     0.00590507  -0.00590507     0.00513311   0.00513311
 -0.00353781  -0.00353781     0.00353781   0.00353781    -0.00279517   0.00279517
    7    2
 -0.00787765   0.00287988    -0.00233835  -0.00490251     0.02522003  -0.00493785
 -0.00076216  -0.00019358    -0.00052928  -0.00692744     0.00920196   0.00164037
  0.00273693   0.00227233     0.00062282  -0.00064071    -0.00251845  -0.00488434
    7    3
 -0.00787765  -0.00287988    -0.00233835   0.00490251    -0.02522003  -0.00493785
 -0.00076216   0.00019358    -0.00052928   0.00692744    -0.00920196   0.00164037
 -0.00273693   0.00227233    -0.00062282  -0.00064071    -0.00251845   0.00488434
    7    4
 -0.00052928   0.00692744    -0.00076216   0.00019358     0.00920196  -0.00164037
 -0.00233835   0.00490251    -0.00787765  -0.00287988     0.02522003   0.00493785
  0.00062282   0.00064071     0.00273693  -0.00227233    -0.00251845   0.00488434
    7    5
 -0.00052928  -0.00692744    -0.00076216  -0.00019358    -0.00920196  -0.00164037
 -0.00233835  -0.00490251    -0.00787765   0.00287988    -0.02522003   0.00493785
 -0.00062282   0.00064071    -0.00273693  -0.00227233    -0.00251845  -0.00488434
    7    6
 -0.01981651  -0.00000000    -0.00887272  -0.00000000     0.00000000   0.00413024
 -0.00887272   0.00000000    -0.01981651   0.00000000     0.00000000  -0.00413024
  0.00000000   0.00413024     0.00000000  -0.00413024     0.00122669  -0.00000000
    7    7
  0.03448431   0.00000000     0.01341881  -0.00000000     0.00000000   0.00476181
  0.01341881   0.00000000     0.03448431   0.00000000     0.00000000  -0.00476181
  0.00000000  -0.00476181    -0.00000000   0.00476181     0.00944942   0.00000000

     Dynamical  Matrix in cartesian axes

     q = (   -0.216506351   0.216506351   0.000000000 ) 

    1    1
  0.07057361   0.00000000    -0.04571321  -0.00000000     0.00000000   0.00000000
 -0.04571321  -0.00000000     0.07057361   0.00000000     0.00000000   0.00000000
  0.00000000   0.00000000     0.00000000  -0.00000000     0.01394908   0.00000000
    1    2
 -0.00505713  -0.00927541    -0.00210811   0.01024695     0.00000000  -0.00000000
 -0.00023109   0.00995377     0.00057031  -0.01188948     0.00000000  -0.00000000
  0.00000000  -0.00000000     0.00000000  -0.00000000    -0.00460105   0.00678205
    1    3
 -0.00505713   0.00927541    -0.00210811  -0.01024695     0.00000000  -0.00000000
 -0.00023109  -0.00995377     0.00057031   0.01188948     0.00000000   0.00000000
  0.00000000  -0.00000000     0.00000000  -0.00000000    -0.00460105  -0.00678205
    1    4
  0.00057031  -0.01188948    -0.00023109   0.00995377     0.00000000   0.00000000
 -0.00210811   0.01024695    -0.00505713  -0.00927541     0.00000000  -0.00000000
  0.00000000   0.00000000     0.00000000  -0.00000000    -0.00460105   0.00678205
    1    5
  0.00057031   0.01188948    -0.00023109  -0.00995377     0.00000000  -0.00000000
 -0.00210811  -0.01024695    -0.00505713   0.00927541     0.00000000  -0.00000000
  0.00000000  -0.00000000     0.00000000  -0.00000000    -0.00460105  -0.00678205
    1    6
  0.00590507  -0.00590507    -0.00439739   0.00439739    -0.00353781  -0.00353781
 -0.00439739   0.00439739     0.00590507  -0.00590507    -0.00353781  -0.00353781
 -0.00513311  -0.00513311    -0.00513311  -0.00513311    -0.00279517   0.00279517
    1    7
  0.00590507   0.00590507    -0.00439739  -0.00439739    -0.00353781   0.00353781
 -0.00439739  -0.00439739     0.00590507   0.00590507    -0.00353781   0.00353781
