  3.000000000000000E-002   1.26007061404212        2.36059544634539     
           8

     Dynamical  Matrix in cartesian axes

     q = (   -0.649519100  -0.216506400  -0.216506400 ) 

    1    1
  0.13337958   0.00000000    -0.00470112   0.00000000    -0.00470112   0.00000000
 -0.00470112   0.00000000     0.13337958   0.00000000     0.00470112  -0.00000000
 -0.00470112   0.00000000     0.00470112   0.00000000     0.13337958   0.00000000
    1    2
  0.00894236  -0.02158874     0.01065413   0.01112117    -0.01539747   0.00033024
 -0.03877860   0.01329058     0.00905533   0.00859867    -0.01710389  -0.00482398
  0.01802273   0.03681848     0.01550534   0.00868322    -0.01248327  -0.00032291
    1    3
  0.00894236  -0.02158874    -0.01539747   0.00033024     0.01065413   0.01112117
  0.01802273   0.03681848    -0.01248327  -0.00032291     0.01550534   0.00868322
 -0.03877860   0.01329058    -0.01710389  -0.00482398     0.00905533   0.00859867
    1    4
 -0.01248327   0.00032291     0.01802275  -0.03681847    -0.01550534   0.00868321
 -0.01539747  -0.00033025     0.00894234   0.02158874    -0.01065414   0.01112117
  0.01710389  -0.00482397     0.03877860   0.01329060     0.00905534  -0.00859867
    1    5
  0.00859867   0.00905534     0.01329061  -0.03877859     0.00482397   0.01710389
  0.01112117   0.01065414    -0.02158874   0.00894234    -0.00033025   0.01539747
 -0.00868321  -0.01550534    -0.03681847  -0.01802276    -0.00032290  -0.01248327
    1    6
  0.00859867   0.00905534     0.00482397   0.01710389     0.01329061  -0.03877859
 -0.00868321  -0.01550534    -0.00032290  -0.01248327    -0.03681847  -0.01802276
  0.01112117   0.01065414    -0.00033025   0.01539747    -0.02158874   0.00894234
    1    7
 -0.01248327   0.00032291    -0.01550534   0.00868321     0.01802275  -0.03681847
  0.01710389  -0.00482397     0.00905534  -0.00859867     0.03877860   0.01329060
 -0.01539747  -0.00033025    -0.01065414   0.01112117     0.00894234   0.02158874
    2    1
  0.00894236   0.02158874    -0.03877860  -0.01329058     0.01802273  -0.03681848
  0.01065413  -0.01112117     0.00905533  -0.00859867     0.01550534  -0.00868322
 -0.01539747  -0.00033024    -0.01710389   0.00482398    -0.01248327   0.00032291
    2    2
  0.06163194  -0.00000000    -0.00313106  -0.00698592    -0.00313106   0.00698592
 -0.00313106   0.00698592     0.04443251   0.00000000    -0.00004682   0.00463281
 -0.00313106  -0.00698592    -0.00004682  -0.00463281     0.04443251  -0.00000000
    2    3
 -0.02275299   0.00000000     0.00930706  -0.00142270     0.00930706   0.00142270
  0.00930706  -0.00142270     0.00874100  -0.00990117    -0.00395709  -0.00000000
  0.00930706   0.00142270    -0.00395709  -0.00000000     0.00874100   0.00990117
    2    4
  0.01711594  -0.01519740     0.00370197  -0.00370197    -0.00492497   0.00265517
  0.01567022  -0.01567022     0.01519740  -0.01711594    -0.00244414  -0.00745711
 -0.00745711  -0.00244414     0.00265517  -0.00492497     0.00906711  -0.00906711
    2    5
 -0.01758210  -0.00564056     0.01916449   0.02120425     0.00040485   0.00155512
  0.03104953   0.00156836    -0.01758210  -0.00564056     0.00312088   0.00092939
 -0.00312088  -0.00092939    -0.00040485  -0.00155512    -0.00347999   0.00051874
    2    6
  0.01711594   0.01519740    -0.00492497  -0.00265517     0.00370197   0.00370197
 -0.00745711   0.00244414     0.00906711   0.00906711     0.00265517   0.00492497
  0.01567022   0.01567022    -0.00244414   0.00745711     0.01519740   0.01711594
    2    7
 -0.01758210   0.00564056     0.00040485  -0.00155512     0.01916449  -0.02120425
 -0.00312088   0.00092939    -0.00347999  -0.00051874    -0.00040485   0.00155512
  0.03104953  -0.00156836     0.00312088  -0.00092939    -0.01758210   0.00564056
    3    1
  0.00894236   0.02158874     0.01802273  -0.03681848    -0.03877860  -0.01329058
 -0.01539747  -0.00033024    -0.01248327   0.00032291    -0.01710389   0.00482398
  0.01065413  -0.01112117     0.01550534  -0.00868322     0.00905533  -0.00859867
    3    2
 -0.02275299  -0.00000000     0.00930706   0.00142270     0.00930706  -0.00142270
  0.00930706   0.00142270     0.00874100   0.00990117    -0.00395709   0.00000000
  0.00930706  -0.00142270    -0.00395709  -0.00000000     0.00874100  -0.00990117
    3    3
  0.06163194  -0.00000000    -0.00313106   0.00698592    -0.00313106  -0.00698592
 -0.00313106  -0.00698592     0.04443251  -0.00000000    -0.00004682  -0.00463281
 -0.00313106   0.00698592    -0.00004682   0.00463281     0.04443251   0.00000000
    3    4
 -0.01758210   0.00564056     0.01916449  -0.02120425     0.00040485  -0.00155512
  0.03104953  -0.00156836    -0.01758210   0.00564056     0.00312088  -0.00092939
 -0.00312088   0.00092939    -0.00040485   0.00155512    -0.00347999  -0.00051874
    3    5
  0.01711594   0.01519740     0.00370197   0.00370197    -0.00492497  -0.00265517
  0.01567022   0.01567022     0.01519740   0.01711594    -0.00244414   0.00745711
 -0.00745711   0.00244414     0.00265517   0.00492497     0.00906711   0.00906711
    3    6
 -0.01758210  -0.00564056     0.00040485   0.00155512     0.01916449   0.02120425
 -0.00312088  -0.00092939    -0.00347999   0.00051874    -0.00040485  -0.00155512
  0.03104953   0.00156836     0.00312088   0.00092939    -0.01758210  -0.00564056
    3    7
  0.01711594  -0.01519740    -0.00492497   0.00265517     0.00370197  -0.00370197
 -0.00745711  -0.00244414     0.00906711  -0.00906711     0.00265517  -0.00492497
  0.01567022  -0.01567022    -0.00244414  -0.00745711     0.01519740  -0.01711594
    4    1
 -0.01248327  -0.00032291    -0.01539747   0.00033025     0.01710389   0.00482397
  0.01802275   0.03681847     0.00894234  -0.02158874     0.03877860  -0.01329060
 -0.01550534  -0.00868321    -0.01065414  -0.01112117     0.00905534   0.00859867
    4    2
  0.01711594   0.01519740     0.01567022   0.01567022    -0.00745711   0.00244414
  0.00370197   0.00370197     0.01519740   0.01711594     0.00265517   0.00492497
 -0.00492497  -0.00265517    -0.00244414   0.00745711     0.00906711   0.00906711
    4    3
 -0.01758210  -0.00564056     0.03104953   0.00156836    -0.00312088  -0.00092939
  0.01916449   0.02120425    -0.01758210  -0.00564056    -0.00040485  -0.00155512
  0.00040485   0.00155512     0.00312088   0.00092939    -0.00347999   0.00051874
    4    4
  0.04443251  -0.00000000    -0.00313106   0.00698592     0.00004682  -0.00463281
 -0.00313106  -0.00698592     0.06163194  -0.00000000     0.00313106  -0.00698592
  0.00004682   0.00463281     0.00313106   0.00698592     0.04443251  -0.00000000
    4    5
  0.00990117   0.00874100     0.00142270   0.00930706    -0.00000000   0.00395709
  0.00142270   0.00930706     0.00000000  -0.02275299     0.00142270  -0.00930706
 -0.00000000   0.00395709     0.00142270  -0.00930706    -0.00990117   0.00874100
    4    6
 -0.00282754   0.00209392    -0.00154962   0.00286397    -0.00081336  -0.00138591
 -0.00081336  -0.00138591    -0.00844395   0.01642090     0.00144232   0.02854501
 -0.00154962   0.00286397    -0.02084634   0.02306432    -0.00844395   0.01642090
    4    7
 -0.01282283  -0.00000000     0.00354471  -0.00700124     0.00535997   0.00160499
  0.00535997  -0.00160499    -0.02284898   0.00135661     0.00523537  -0.00000000
  0.00354471   0.00700124     0.02216104   0.00000000    -0.02284898  -0.00135661
    5    1
  0.00859867  -0.00905534     0.01112117  -0.01065414    -0.00868321   0.01550534
  0.01329061   0.03877859    -0.02158874  -0.00894234    -0.03681847   0.01802276
  0.00482397  -0.01710389    -0.00033025  -0.01539747    -0.00032290   0.01248327
    5    2
 -0.01758210   0.00564056     0.03104953  -0.00156836    -0.00312088   0.00092939
  0.01916449  -0.02120425    -0.01758210   0.00564056    -0.00040485   0.00155512
  0.00040485  -0.00155512     0.00312088  -0.00092939    -0.00347999  -0.00051874
    5    3
  0.01711594  -0.01519740     0.01567022  -0.01567022    -0.00745711  -0.00244414
  0.00370197  -0.00370197     0.01519740  -0.01711594     0.00265517  -0.00492497
 -0.00492497   0.00265517    -0.00244414  -0.00745711     0.00906711  -0.00906711
    5    4
  0.00990117  -0.00874100     0.00142270  -0.00930706    -0.00000000  -0.00395709
  0.00142270  -0.00930706     0.00000000   0.02275299     0.00142270   0.00930706
 -0.00000000  -0.00395709     0.00142270   0.00930706    -0.00990117  -0.00874100
    5    5
  0.04443251  -0.00000000    -0.00313106  -0.00698592     0.00004682   0.00463281
 -0.00313106   0.00698592     0.06163194  -0.00000000     0.00313106   0.00698592
  0.00004682  -0.00463281     0.00313106  -0.00698592     0.04443251   0.00000000
    5    6
 -0.01282283   0.00000000     0.00354471   0.00700124     0.00535997  -0.00160499
  0.00535997   0.00160499    -0.02284898  -0.00135661     0.00523537  -0.00000000
  0.00354471  -0.00700124     0.02216104  -0.00000000    -0.02284898   0.00135661
    5    7
 -0.00282754  -0.00209392    -0.00154962  -0.00286397    -0.00081336   0.00138591
 -0.00081336   0.00138591    -0.00844395  -0.01642090     0.00144232  -0.02854501
 -0.00154962  -0.00286397    -0.02084634  -0.02306432    -0.00844395  -0.01642090
    6    1
  0.00859867  -0.00905534    -0.00868321   0.01550534     0.01112117  -0.01065414
  0.00482397  -0.01710389    -0.00032290   0.01248327    -0.00033025  -0.01539747
  0.01329061   0.03877859    -0.03681847   0.01802276    -0.02158874  -0.00894234
    6    2
  0.01711594  -0.01519740    -0.00745711  -0.00244414     0.01567022  -0.01567022
 -0.00492497   0.00265517     0.00906711  -0.00906711    -0.00244414  -0.00745711
  0.00370197  -0.00370197     0.00265517  -0.00492497     0.01519740  -0.01711594
    6    3
 -0.01758210   0.00564056    -0.00312088   0.00092939     0.03104953  -0.00156836
  0.00040485  -0.00155512    -0.00347999  -0.00051874     0.00312088  -0.00092939
  0.01916449  -0.02120425    -0.00040485   0.00155512    -0.01758210   0.00564056
    6    4
 -0.00282754  -0.00209392    -0.00081336   0.00138591    -0.00154962  -0.00286397
 -0.00154962  -0.00286397    -0.00844395  -0.01642090    -0.02084634  -0.02306432
 -0.00081336   0.00138591     0.00144232  -0.02854501    -0.00844395  -0.01642090
    6    5
 -0.01282283  -0.00000000     0.00535997  -0.00160499     0.00354471   0.00700124
  0.00354471  -0.00700124    -0.02284898   0.00135661     0.02216104   0.00000000
  0.00535997   0.00160499     0.00523537   0.00000000    -0.02284898  -0.00135661
    6    6
  0.04443251   0.00000000     0.00004682   0.00463281    -0.00313106  -0.00698592
  0.00004682  -0.00463281     0.04443251   0.00000000     0.00313106  -0.00698592
 -0.00313106   0.00698592     0.00313106   0.00698592     0.06163194  -0.00000000
    6    7
  0.00990117  -0.00874100    -0.00000000  -0.00395709     0.00142270  -0.00930706
 -0.00000000  -0.00395709    -0.00990117  -0.00874100     0.00142270   0.00930706
  0.00142270  -0.00930706     0.00142270   0.00930706     0.00000000   0.02275299
    7    1
 -0.01248327  -0.00032291     0.01710389   0.00482397    -0.01539747   0.00033025
 -0.01550534  -0.00868321     0.00905534   0.00859867    -0.01065414  -0.01112117
  0.01802275   0.03681847     0.03877860  -0.01329060     0.00894234  -0.02158874
    7    2
 -0.01758210  -0.00564056    -0.00312088  -0.00092939     0.03104953   0.00156836
  0.00040485   0.00155512    -0.00347999   0.00051874     0.00312088   0.00092939
  0.01916449   0.02120425    -0.00040485  -0.00155512    -0.01758210  -0.00564056
    7    3
  0.01711594   0.01519740    -0.00745711   0.00244414     0.01567022   0.01567022
 -0.00492497  -0.00265517     0.00906711   0.00906711    -0.00244414   0.00745711
  0.00370197   0.00370197     0.00265517   0.00492497     0.01519740   0.01711594
    7    4
 -0.01282283   0.00000000     0.00535997   0.00160499     0.00354471  -0.00700124
  0.00354471   0.00700124    -0.02284898  -0.00135661     0.02216104  -0.00000000
  0.00535997  -0.00160499     0.00523537  -0.00000000    -0.02284898   0.00135661
    7    5
 -0.00282754   0.00209392    -0.00081336  -0.00138591    -0.00154962   0.00286397
 -0.00154962   0.00286397    -0.00844395   0.01642090    -0.02084634   0.02306432
 -0.00081336  -0.00138591     0.00144232   0.02854501    -0.00844395   0.01642090
    7    6
  0.00990117   0.00874100    -0.00000000   0.00395709     0.00142270   0.00930706
 -0.00000000   0.00395709    -0.00990117   0.00874100     0.00142270  -0.00930706
  0.00142270   0.00930706     0.00142270  -0.00930706     0.00000000  -0.02275299
    7    7
  0.04443251   0.00000000     0.00004682  -0.00463281    -0.00313106   0.00698592
  0.00004682   0.00463281     0.04443251  -0.00000000     0.00313106   0.00698592
 -0.00313106  -0.00698592     0.00313106  -0.00698592     0.06163194  -0.00000000

     Dynamical  Matrix in cartesian axes

     q = (   -0.216506400   0.649519100  -0.216506400 ) 

    1    1
  0.13337958   0.00000000     0.00470112   0.00000000     0.00470112   0.00000000
  0.00470112   0.00000000     0.13337958   0.00000000     0.00470112   0.00000000
  0.00470112   0.00000000     0.00470112   0.00000000     0.13337958   0.00000000
    1    2
 -0.02158874   0.00894234    -0.01112117  -0.01065414    -0.00033025   0.01539747
 -0.01329061   0.03877859     0.00859867   0.00905534    -0.00482397  -0.01710389
 -0.03681847  -0.01802276     0.00868321   0.01550534    -0.00032290  -0.01248327
    1    3
 -0.02158874   0.00894235    -0.00033024   0.01539747    -0.01112117  -0.01065414
 -0.03681848  -0.01802274    -0.00032291  -0.01248327     0.00868321   0.01550534
 -0.01329059   0.03877860    -0.00482397  -0.01710389     0.00859867   0.00905533
    1    4
 -0.00032291  -0.01248327    -0.03681848  -0.01802275     0.00868321   0.01550534
 -0.00033025   0.01539747    -0.02158874   0.00894235    -0.01112117  -0.01065414
 -0.00482397  -0.01710389    -0.01329060   0.03877860     0.00859867   0.00905533
    1    5
  0.00859867   0.00905533    -0.01329060   0.03877860    -0.00482397  -0.01710389
 -0.01112117  -0.01065414    -0.02158874   0.00894235    -0.00033025   0.01539747
  0.00868321   0.01550534    -0.03681848  -0.01802275    -0.00032291  -0.01248327
    1    6
  0.00859867   0.00905533    -0.00482397  -0.01710389    -0.01329059   0.03877860
  0.00868321   0.01550534    -0.00032291  -0.01248327    -0.03681848  -0.01802274
 -0.01112117  -0.01065414    -0.00033024   0.01539747    -0.02158874   0.00894235
    1    7
 -0.00032290  -0.01248327     0.00868321   0.01550534    -0.03681847  -0.01802276
 -0.00482397  -0.01710389     0.00859867   0.00905534    -0.01329061   0.03877859
 -0.00033025   0.01539747    -0.01112117  -0.01065414    -0.02158874   0.00894234
    2    1
 -0.02158874  -0.00894234    -0.01329061  -0.03877859    -0.03681847   0.01802276
 -0.01112117   0.01065414     0.00859867  -0.00905534     0.00868321  -0.01550534
 -0.00033025  -0.01539747    -0.00482397   0.01710389    -0.00032290   0.01248327
    2    2
  0.06163194  -0.00000000     0.00313106  -0.00698592     0.00313106   0.00698592
  0.00313106   0.00698592     0.04443251  -0.00000000    -0.00004682  -0.00463281
  0.00313106  -0.00698592    -0.00004682   0.00463281     0.04443251  -0.00000000
    2    3
 -0.02275299   0.00000001    -0.00930706  -0.00142270    -0.00930706   0.00142271
 -0.00930706  -0.00142270     0.00874100   0.00990117    -0.00395709   0.00000000
 -0.00930706   0.00142271    -0.00395709   0.00000000     0.00874099  -0.00990117
    2    4
  0.01642090   0.00844395     0.02854501  -0.00144233     0.00138591  -0.00081336
  0.02306433   0.02084633     0.01642090   0.00844395    -0.00286397  -0.00154962
 -0.00286397  -0.00154962     0.00138591  -0.00081336     0.00209392   0.00282753
    2    5
 -0.02284898   0.00135662     0.00523537  -0.00000000    -0.00535997   0.00160499
  0.02216104  -0.00000001    -0.02284898  -0.00135661    -0.00354471  -0.00700124
 -0.00354471   0.00700124    -0.00535997  -0.00160498    -0.01282283   0.00000000
    2    6
  0.01642090  -0.00844396     0.00138591   0.00081336     0.02854501   0.00144231
 -0.00286397   0.00154962     0.00209392  -0.00282754     0.00138591   0.00081336
  0.02306432  -0.02084635    -0.00286397   0.00154962     0.01642090  -0.00844396
    2    7
 -0.02284898  -0.00135661    -0.00535997  -0.00160499     0.00523537  -0.00000000
 -0.00354471  -0.00700124    -0.01282283   0.00000000    -0.00535997   0.00160499
  0.02216104  -0.00000000    -0.00354471   0.00700124    -0.02284898   0.00135661
    3    1
 -0.02158874  -0.00894235    -0.03681848   0.01802274    -0.01329059  -0.03877860
 -0.00033024  -0.01539747    -0.00032291   0.01248327    -0.00482397   0.01710389
 -0.01112117   0.01065414     0.00868321  -0.01550534     0.00859867  -0.00905533
    3    2
 -0.02275299  -0.00000001    -0.00930706   0.00142270    -0.00930706  -0.00142271
 -0.00930706   0.00142270     0.00874100  -0.00990117    -0.00395709  -0.00000000
 -0.00930706  -0.00142271    -0.00395709  -0.00000000     0.00874099   0.00990117
    3    3
  0.06163194  -0.00000000     0.00313106   0.00698592     0.00313106  -0.00698592
  0.00313106  -0.00698592     0.04443251  -0.00000000    -0.00004682   0.00463281
  0.00313106   0.00698592    -0.00004682  -0.00463281     0.04443251   0.00000000
    3    4
 -0.02284898  -0.00135662     0.00523537   0.00000000    -0.00535997  -0.00160499
  0.02216104   0.00000001    -0.02284898   0.00135661    -0.00354471   0.00700124
 -0.00354471  -0.00700124    -0.00535997   0.00160498    -0.01282283  -0.00000000
    3    5
  0.01642090  -0.00844395     0.02854501   0.00144233     0.00138591   0.00081336
  0.02306433  -0.02084633     0.01642090  -0.00844395    -0.00286397   0.00154962
 -0.00286397   0.00154962     0.00138591   0.00081336     0.00209392  -0.00282753
    3    6
 -0.02284898   0.00135661    -0.00535997   0.00160499     0.00523537  -0.00000000
 -0.00354471   0.00700124    -0.01282283   0.00000000    -0.00535997  -0.00160499
  0.02216104   0.00000000    -0.00354471  -0.00700124    -0.02284898  -0.00135661
    3    7
  0.01642090   0.00844396     0.00138591  -0.00081336     0.02854501  -0.00144231
 -0.00286397  -0.00154962     0.00209392   0.00282754     0.00138591  -0.00081336
  0.02306432   0.02084635    -0.00286397  -0.00154962     0.01642090   0.00844396
    4    1
 -0.00032291   0.01248327    -0.00033025  -0.01539747    -0.00482397   0.01710389
 -0.03681848   0.01802275    -0.02158874  -0.00894235    -0.01329060  -0.03877860
  0.00868321  -0.01550534    -0.01112117   0.01065414     0.00859867  -0.00905533
    4    2
  0.01642090  -0.00844395     0.02306433  -0.02084633    -0.00286397   0.00154962
  0.02854501   0.00144233     0.01642090  -0.00844395     0.00138591   0.00081336
  0.00138591   0.00081336    -0.00286397   0.00154962     0.00209392  -0.00282753
    4    3
 -0.02284898   0.00135662     0.02216104  -0.00000001    -0.00354471   0.00700124
  0.00523537  -0.00000000    -0.02284898  -0.00135661    -0.00535997  -0.00160498
 -0.00535997   0.00160499    -0.00354471  -0.00700124    -0.01282283   0.00000000
    4    4
  0.04443251  -0.00000000     0.00313106  -0.00698592    -0.00004682   0.00463281
  0.00313106   0.00698592     0.06163194  -0.00000000     0.00313106  -0.00698592
 -0.00004682  -0.00463281     0.00313106   0.00698592     0.04443251  -0.00000000
    4    5
  0.00874100  -0.00990117    -0.00930706   0.00142270    -0.00395709  -0.00000000
 -0.00930706   0.00142270    -0.02275299   0.00000000    -0.00930706  -0.00142270
 -0.00395709  -0.00000000    -0.00930706  -0.00142270     0.00874100   0.00990117
    4    6
  0.00209392   0.00282753    -0.00286397  -0.00154962     0.00138591  -0.00081336
  0.00138591  -0.00081336     0.01642090   0.00844395     0.02854501  -0.00144233
 -0.00286397  -0.00154962     0.02306433   0.02084633     0.01642090   0.00844395
    4    7
 -0.01282283  -0.00000000    -0.00354471   0.00700124    -0.00535997  -0.00160499
 -0.00535997   0.00160498    -0.02284898   0.00135661     0.00523537   0.00000000
 -0.00354471  -0.00700124     0.02216104   0.00000001    -0.02284898  -0.00135662
    5    1
  0.00859867  -0.00905533    -0.01112117   0.01065414     0.00868321  -0.01550534
 -0.01329060  -0.03877860    -0.02158874  -0.00894235    -0.03681848   0.01802275
 -0.00482397   0.01710389    -0.00033025  -0.01539747    -0.00032291   0.01248327
    5    2
 -0.02284898  -0.00135662     0.02216104   0.00000001    -0.00354471  -0.00700124
  0.00523537   0.00000000    -0.02284898   0.00135661    -0.00535997   0.00160498
 -0.00535997  -0.00160499    -0.00354471   0.00700124    -0.01282283  -0.00000000
    5    3
  0.01642090   0.00844395     0.02306433   0.02084633    -0.00286397  -0.00154962
  0.02854501  -0.00144233     0.01642090   0.00844395     0.00138591  -0.00081336
  0.00138591  -0.00081336    -0.00286397  -0.00154962     0.00209392   0.00282753
    5    4
  0.00874100   0.00990117    -0.00930706  -0.00142270    -0.00395709   0.00000000
 -0.00930706  -0.00142270    -0.02275299  -0.00000000    -0.00930706   0.00142270
 -0.00395709   0.00000000    -0.00930706   0.00142270     0.00874100  -0.00990117
    5    5
  0.04443251   0.00000000     0.00313106   0.00698592    -0.00004682  -0.00463281
  0.00313106  -0.00698592     0.06163194   0.00000000     0.00313106   0.00698592
 -0.00004682   0.00463281     0.00313106  -0.00698592     0.04443251  -0.00000000
    5    6
 -0.01282283   0.00000000    -0.00354471  -0.00700124    -0.00535997   0.00160499
 -0.00535997  -0.00160498    -0.02284898  -0.00135661     0.00523537  -0.00000000
 -0.00354471   0.00700124     0.02216104  -0.00000001    -0.02284898   0.00135662
    5    7
  0.00209392  -0.00282753    -0.00286397   0.00154962     0.00138591   0.00081336
  0.00138591   0.00081336     0.01642090  -0.00844395     0.02854501   0.00144233
 -0.00286397   0.00154962     0.02306433  -0.02084633     0.01642090  -0.00844395
    6    1
  0.00859867  -0.00905533     0.00868321  -0.01550534    -0.01112117   0.01065414
 -0.00482397   0.01710389    -0.00032291   0.01248327    -0.00033024  -0.01539747
 -0.01329059  -0.03877860    -0.03681848   0.01802274    -0.02158874  -0.00894235
    6    2
  0.01642090   0.00844396    -0.00286397  -0.00154962     0.02306432   0.02084635
  0.00138591  -0.00081336     0.00209392   0.00282754    -0.00286397  -0.00154962
  0.02854501  -0.00144231     0.00138591  -0.00081336     0.01642090   0.00844396
    6    3
 -0.02284898  -0.00135661    -0.00354471  -0.00700124     0.02216104  -0.00000000
 -0.00535997  -0.00160499    -0.01282283   0.00000000    -0.00354471   0.00700124
  0.00523537  -0.00000000    -0.00535997   0.00160499    -0.02284898   0.00135661
    6    4
  0.00209392  -0.00282753     0.00138591   0.00081336    -0.00286397   0.00154962
 -0.00286397   0.00154962     0.01642090  -0.00844395     0.02306433  -0.02084633
  0.00138591   0.00081336     0.02854501   0.00144233     0.01642090  -0.00844395
    6    5
 -0.01282283  -0.00000000    -0.00535997   0.00160498    -0.00354471  -0.00700124
 -0.00354471   0.00700124    -0.02284898   0.00135661     0.02216104   0.00000001
 -0.00535997  -0.00160499     0.00523537   0.00000000    -0.02284898  -0.00135662
    6    6
  0.04443251  -0.00000000    -0.00004682  -0.00463281     0.00313106   0.00698592
 -0.00004682   0.00463281     0.04443251   0.00000000     0.00313106  -0.00698592
  0.00313106  -0.00698592     0.00313106   0.00698592     0.06163194  -0.00000000
    6    7
  0.00874099   0.00990117    -0.00395709  -0.00000000    -0.00930706  -0.00142271
 -0.00395709  -0.00000000     0.00874100  -0.00990117    -0.00930706   0.00142270
 -0.00930706  -0.00142271    -0.00930706   0.00142270    -0.02275299  -0.00000001
    7    1
 -0.00032290   0.01248327    -0.00482397   0.01710389    -0.00033025  -0.01539747
  0.00868321  -0.01550534     0.00859867  -0.00905534    -0.01112117   0.01065414
 -0.03681847   0.01802276    -0.01329061  -0.03877859    -0.02158874  -0.00894234
    7    2
 -0.02284898   0.00135661    -0.00354471   0.00700124     0.02216104   0.00000000
 -0.00535997   0.00160499    -0.01282283  -0.00000000    -0.00354471  -0.00700124
  0.00523537   0.00000000    -0.00535997  -0.00160499    -0.02284898  -0.00135661
    7    3
  0.01642090  -0.00844396    -0.00286397   0.00154962     0.02306432  -0.02084635
  0.00138591   0.00081336     0.00209392  -0.00282754    -0.00286397   0.00154962
  0.02854501   0.00144231     0.00138591   0.00081336     0.01642090  -0.00844396
    7    4
 -0.01282283   0.00000000    -0.00535997  -0.00160498    -0.00354471   0.00700124
 -0.00354471  -0.00700124    -0.02284898  -0.00135661     0.02216104  -0.00000001
 -0.00535997   0.00160499     0.00523537  -0.00000000    -0.02284898   0.00135662
    7    5
  0.00209392   0.00282753     0.00138591  -0.00081336    -0.00286397  -0.00154962
 -0.00286397  -0.00154962     0.01642090   0.00844395     0.02306433   0.02084633
  0.00138591  -0.00081336     0.02854501  -0.00144233     0.01642090   0.00844395
    7    6
  0.00874099  -0.00990117    -0.00395709   0.00000000    -0.00930706   0.00142271
 -0.00395709   0.00000000     0.00874100   0.00990117    -0.00930706  -0.00142270
 -0.00930706   0.00142271    -0.00930706  -0.00142270    -0.02275299   0.00000001
    7    7
  0.04443251  -0.00000000    -0.00004682   0.00463281     0.00313106  -0.00698592
 -0.00004682  -0.00463281     0.04443251   0.00000000     0.00313106   0.00698592
  0.00313106   0.00698592     0.00313106  -0.00698592     0.06163194  -0.00000000

     Dynamical  Matrix in cartesian axes

     q = (    0.216506400  -0.649519100  -0.216506400 ) 

    1    1
  0.13337958   0.00000000     0.00470112  -0.00000000    -0.00470112   0.00000000
  0.00470112  -0.00000000     0.13337958   0.00000000    -0.00470112   0.00000000
 -0.00470112   0.00000000    -0.00470112   0.00000000     0.13337958   0.00000000
    1    2
  0.00894235  -0.02158874    -0.01065414  -0.01112117    -0.01539747   0.00033024
  0.03877860  -0.01329059     0.00905533   0.00859867     0.01710389   0.00482397
  0.01802274   0.03681848    -0.01550534  -0.00868321    -0.01248327  -0.00032291
    1    3
 -0.02158874  -0.00894235    -0.00033024  -0.01539747     0.01112117  -0.01065413
 -0.03681848   0.01802274    -0.00032291   0.01248327    -0.00868322   0.01550534
  0.01329058   0.03877860     0.00482398  -0.01710389     0.00859867  -0.00905533
    1    4
 -0.00032291   0.01248327    -0.03681848   0.01802275    -0.00868321   0.01550534
 -0.00033024  -0.01539747    -0.02158874  -0.00894235     0.01112117  -0.01065414
  0.00482397  -0.01710389     0.01329059   0.03877860     0.00859867  -0.00905533
    1    5
  0.00905533   0.00859867     0.03877860  -0.01329058     0.01710389   0.00482398
 -0.01065413  -0.01112117     0.00894236  -0.02158874    -0.01539747   0.00033024
 -0.01550534  -0.00868322     0.01802273   0.03681848    -0.01248327  -0.00032291
    1    6
  0.00905534  -0.00859867    -0.01710389   0.00482397    -0.03877860  -0.01329060
  0.01550534  -0.00868321    -0.01248327   0.00032291     0.01802275  -0.03681847
  0.01065414  -0.01112117    -0.01539747  -0.00033025     0.00894234   0.02158874
    1    7
 -0.01248327   0.00032291     0.01550534  -0.00868321     0.01802275  -0.03681848
 -0.01710389   0.00482397     0.00905533  -0.00859867    -0.03877860  -0.01329059
 -0.01539747  -0.00033024     0.01065414  -0.01112117     0.00894235   0.02158874
    2    1
  0.00894235   0.02158874     0.03877860   0.01329059     0.01802274  -0.03681848
 -0.01065414   0.01112117     0.00905533  -0.00859867    -0.01550534   0.00868321
 -0.01539747  -0.00033024     0.01710389  -0.00482397    -0.01248327   0.00032291
    2    2
  0.06163194  -0.00000000     0.00313106   0.00698592    -0.00313106   0.00698592
  0.00313106  -0.00698592     0.04443251   0.00000000     0.00004682  -0.00463281
 -0.00313106  -0.00698592     0.00004682   0.00463281     0.04443251  -0.00000000
    2    3
 -0.00000000   0.02275299     0.00142270   0.00930706     0.00142270  -0.00930706
  0.00142270   0.00930706    -0.00990117  -0.00874100     0.00000000  -0.00395709
  0.00142270  -0.00930706     0.00000000  -0.00395709     0.00990117  -0.00874100
    2    4
 -0.00844395  -0.01642090     0.00144232  -0.02854501    -0.00081336   0.00138591
 -0.02084634  -0.02306432    -0.00844395  -0.01642090    -0.00154962  -0.00286397
 -0.00154962  -0.00286397    -0.00081336   0.00138591    -0.00282754  -0.00209392
    2    5
 -0.02284898  -0.00135662     0.00523537   0.00000000     0.00535997   0.00160499
  0.02216104   0.00000001    -0.02284898   0.00135661     0.00354471  -0.00700124
  0.00354471   0.00700124     0.00535997  -0.00160498    -0.01282283  -0.00000000
    2    6
  0.01519740  -0.01711594     0.00265518  -0.00492497     0.00370197  -0.00370197
 -0.00244414  -0.00745711     0.00906711  -0.00906711    -0.00492497   0.00265517
  0.01567022  -0.01567022    -0.00745711  -0.00244414     0.01711594  -0.01519740
    2    7
 -0.01758210   0.00564056    -0.00040485   0.00155512     0.01916449  -0.02120425
  0.00312088  -0.00092939    -0.00347999  -0.00051874     0.00040485  -0.00155512
  0.03104953  -0.00156836    -0.00312088   0.00092939    -0.01758210   0.00564056
    3    1
 -0.02158874   0.00894235    -0.03681848  -0.01802274     0.01329058  -0.03877860
 -0.00033024   0.01539747    -0.00032291  -0.01248327     0.00482398   0.01710389
  0.01112117   0.01065413    -0.00868322  -0.01550534     0.00859867   0.00905533
    3    2
 -0.00000000  -0.02275299     0.00142270  -0.00930706     0.00142270   0.00930706
  0.00142270  -0.00930706    -0.00990117   0.00874100     0.00000000   0.00395709
  0.00142270   0.00930706     0.00000000   0.00395709     0.00990117   0.00874100
    3    3
  0.06163194  -0.00000000     0.00313106  -0.00698592    -0.00313106  -0.00698592
  0.00313106   0.00698592     0.04443251  -0.00000000     0.00004682   0.00463281
 -0.00313106   0.00698592     0.00004682  -0.00463281     0.04443251  -0.00000000
    3    4
 -0.02284898   0.00135662     0.00523537  -0.00000000     0.00535997  -0.00160499
  0.02216104  -0.00000001    -0.02284898  -0.00135661     0.00354471   0.00700124
  0.00354471  -0.00700124     0.00535997   0.00160498    -0.01282283   0.00000000
    3    5
 -0.00844395   0.01642090     0.00144232   0.02854501    -0.00081336  -0.00138591
 -0.02084634   0.02306432    -0.00844395   0.01642090    -0.00154962   0.00286397
 -0.00154962   0.00286397    -0.00081336  -0.00138591    -0.00282754   0.00209392
    3    6
 -0.01758210  -0.00564056    -0.00040485  -0.00155512     0.01916449   0.02120425
  0.00312088   0.00092939    -0.00347999   0.00051874     0.00040485   0.00155512
  0.03104953   0.00156836    -0.00312088  -0.00092939    -0.01758210  -0.00564056
    3    7
  0.01519740   0.01711594     0.00265518   0.00492497     0.00370197   0.00370197
 -0.00244414   0.00745711     0.00906711   0.00906711    -0.00492497  -0.00265517
  0.01567022   0.01567022    -0.00745711   0.00244414     0.01711594   0.01519739
    4    1
 -0.00032291  -0.01248327    -0.00033024   0.01539747     0.00482397   0.01710389
 -0.03681848  -0.01802275    -0.02158874   0.00894235     0.01329059  -0.03877860
 -0.00868321  -0.01550534     0.01112117   0.01065414     0.00859867   0.00905533
    4    2
 -0.00844395   0.01642090    -0.02084634   0.02306432    -0.00154962   0.00286397
  0.00144232   0.02854501    -0.00844395   0.01642090    -0.00081336  -0.00138591
 -0.00081336  -0.00138591    -0.00154962   0.00286397    -0.00282754   0.00209392
    4    3
 -0.02284898  -0.00135662     0.02216104   0.00000001     0.00354471   0.00700124
  0.00523537   0.00000000    -0.02284898   0.00135661     0.00535997  -0.00160498
  0.00535997   0.00160499     0.00354471  -0.00700124    -0.01282283  -0.00000000
    4    4
  0.04443251  -0.00000000     0.00313106   0.00698592     0.00004682   0.00463281
  0.00313106  -0.00698592     0.06163194  -0.00000000    -0.00313106  -0.00698592
  0.00004682  -0.00463281    -0.00313106   0.00698592     0.04443251  -0.00000000
    4    5
 -0.00990117   0.00874099     0.00142270  -0.00930706    -0.00000000   0.00395709
  0.00142270  -0.00930706     0.00000001  -0.02275299     0.00142270   0.00930706
 -0.00000000   0.00395709     0.00142270   0.00930706     0.00990117   0.00874100
    4    6
  0.00906711   0.00906711    -0.00244414   0.00745711    -0.00492497  -0.00265518
  0.00265517   0.00492497     0.01519739   0.01711594     0.00370197   0.00370197
 -0.00745711   0.00244414     0.01567021   0.01567022     0.01711594   0.01519740
    4    7
 -0.00347999   0.00051874     0.00312088   0.00092939     0.00040485   0.00155512
 -0.00040485  -0.00155512    -0.01758210  -0.00564056     0.01916449   0.02120425
 -0.00312088  -0.00092939     0.03104953   0.00156836    -0.01758210  -0.00564056
    5    1
  0.00905533  -0.00859867    -0.01065413   0.01112117    -0.01550534   0.00868322
  0.03877860   0.01329058     0.00894236   0.02158874     0.01802273  -0.03681848
  0.01710389  -0.00482398    -0.01539747  -0.00033024    -0.01248327   0.00032291
    5    2
 -0.02284898   0.00135662     0.02216104  -0.00000001     0.00354471  -0.00700124
  0.00523537  -0.00000000    -0.02284898  -0.00135661     0.00535997   0.00160498
  0.00535997  -0.00160499     0.00354471   0.00700124    -0.01282283   0.00000000
    5    3
 -0.00844395  -0.01642090    -0.02084634  -0.02306432    -0.00154962  -0.00286397
  0.00144232  -0.02854501    -0.00844395  -0.01642090    -0.00081336   0.00138591
 -0.00081336   0.00138591    -0.00154962  -0.00286397    -0.00282754  -0.00209392
    5    4
 -0.00990117  -0.00874099     0.00142270   0.00930706    -0.00000000  -0.00395709
  0.00142270   0.00930706     0.00000001   0.02275299     0.00142270  -0.00930706
 -0.00000000  -0.00395709     0.00142270  -0.00930706     0.00990117  -0.00874100
    5    5
  0.04443251   0.00000000     0.00313106  -0.00698592     0.00004682  -0.00463281
  0.00313106   0.00698592     0.06163194  -0.00000000    -0.00313106   0.00698592
  0.00004682   0.00463281    -0.00313106  -0.00698592     0.04443251   0.00000000
    5    6
 -0.00347999  -0.00051874     0.00312088  -0.00092939     0.00040485  -0.00155512
 -0.00040485   0.00155512    -0.01758210   0.00564056     0.01916449  -0.02120425
 -0.00312088   0.00092939     0.03104953  -0.00156836    -0.01758210   0.00564056
    5    7
  0.00906711  -0.00906711    -0.00244414  -0.00745711    -0.00492497   0.00265518
  0.00265517  -0.00492497     0.01519739  -0.01711594     0.00370197  -0.00370197
 -0.00745711  -0.00244414     0.01567021  -0.01567022     0.01711594  -0.01519740
    6    1
  0.00905534   0.00859867     0.01550534   0.00868321     0.01065414   0.01112117
 -0.01710389  -0.00482397    -0.01248327  -0.00032291    -0.01539747   0.00033025
 -0.03877860   0.01329060     0.01802275   0.03681847     0.00894234  -0.02158874
    6    2
  0.01519740   0.01711594    -0.00244414   0.00745711     0.01567022   0.01567022
  0.00265518   0.00492497     0.00906711   0.00906711    -0.00745711   0.00244414
  0.00370197   0.00370197    -0.00492497  -0.00265517     0.01711594   0.01519740
    6    3
 -0.01758210   0.00564056     0.00312088  -0.00092939     0.03104953  -0.00156836
 -0.00040485   0.00155512    -0.00347999  -0.00051874    -0.00312088   0.00092939
  0.01916449  -0.02120425     0.00040485  -0.00155512    -0.01758210   0.00564056
    6    4
  0.00906711  -0.00906711     0.00265517  -0.00492497    -0.00745711  -0.00244414
 -0.00244414  -0.00745711     0.01519739  -0.01711594     0.01567021  -0.01567022
 -0.00492497   0.00265518     0.00370197  -0.00370197     0.01711594  -0.01519740
    6    5
 -0.00347999   0.00051874    -0.00040485  -0.00155512    -0.00312088  -0.00092939
  0.00312088   0.00092939    -0.01758210  -0.00564056     0.03104953   0.00156836
  0.00040485   0.00155512     0.01916449   0.02120425    -0.01758210  -0.00564056
    6    6
  0.04443251  -0.00000000    -0.00004682  -0.00463281    -0.00313106  -0.00698592
 -0.00004682   0.00463281     0.04443251   0.00000000    -0.00313106   0.00698592
 -0.00313106   0.00698592    -0.00313106  -0.00698592     0.06163194  -0.00000000
    6    7
  0.00874100   0.00990117    -0.00395709   0.00000000     0.00930706   0.00142270
 -0.00395709   0.00000000     0.00874100  -0.00990117     0.00930706  -0.00142270
  0.00930706   0.00142270     0.00930706  -0.00142270    -0.02275299   0.00000001
    7    1
 -0.01248327  -0.00032291    -0.01710389  -0.00482397    -0.01539747   0.00033024
  0.01550534   0.00868321     0.00905533   0.00859867     0.01065414   0.01112117
  0.01802275   0.03681848    -0.03877860   0.01329059     0.00894235  -0.02158874
    7    2
 -0.01758210  -0.00564056     0.00312088   0.00092939     0.03104953   0.00156836
 -0.00040485  -0.00155512    -0.00347999   0.00051874    -0.00312088  -0.00092939
  0.01916449   0.02120425     0.00040485   0.00155512    -0.01758210  -0.00564056
    7    3
  0.01519740  -0.01711594    -0.00244414  -0.00745711     0.01567022  -0.01567022
  0.00265518  -0.00492497     0.00906711  -0.00906711    -0.00745711  -0.00244414
  0.00370197  -0.00370197    -0.00492497   0.00265517     0.01711594  -0.01519739
    7    4
 -0.00347999  -0.00051874    -0.00040485   0.00155512    -0.00312088   0.00092939
  0.00312088  -0.00092939    -0.01758210   0.00564056     0.03104953  -0.00156836
  0.00040485  -0.00155512     0.01916449  -0.02120425    -0.01758210   0.00564056
    7    5
  0.00906711   0.00906711     0.00265517   0.00492497    -0.00745711   0.00244414
 -0.00244414   0.00745711     0.01519739   0.01711594     0.01567021   0.01567022
 -0.00492497  -0.00265518     0.00370197   0.00370197     0.01711594   0.01519740
    7    6
  0.00874100  -0.00990117    -0.00395709  -0.00000000     0.00930706  -0.00142270
 -0.00395709  -0.00000000     0.00874100   0.00990117     0.00930706   0.00142270
  0.00930706  -0.00142270     0.00930706   0.00142270    -0.02275299  -0.00000001
    7    7
  0.04443251   0.00000000    -0.00004682   0.00463281    -0.00313106   0.00698592
 -0.00004682  -0.00463281     0.04443251   0.00000000    -0.00313106  -0.00698592
 -0.00313106  -0.00698592    -0.00313106   0.00698592     0.06163194   0.00000000

     Dynamical  Matrix in cartesian axes

     q = (   -0.216506400   0.216506400  -0.649519100 ) 

    1    1
  0.13337958   0.00000000    -0.00470112   0.00000000    -0.00470112   0.00000000
 -0.00470112   0.00000000     0.13337958   0.00000000     0.00470112  -0.00000000
 -0.00470112   0.00000000     0.00470112  -0.00000000     0.13337958   0.00000000
    1    2
  0.00894234   0.02158874     0.01065414  -0.01112117    -0.01539747  -0.00033025
 -0.03877860  -0.01329060     0.00905534  -0.00859867    -0.01710389   0.00482397
  0.01802275  -0.03681847     0.01550534  -0.00868321    -0.01248327   0.00032291
    1    3
  0.00894235   0.02158874    -0.01539747  -0.00033024     0.01065414  -0.01112117
  0.01802275  -0.03681848    -0.01248327   0.00032291     0.01550534  -0.00868321
 -0.03877860  -0.01329059    -0.01710389   0.00482397     0.00905533  -0.00859867
    1    4
 -0.01248327  -0.00032291     0.01802274   0.03681848    -0.01550534  -0.00868321
 -0.01539747   0.00033024     0.00894235  -0.02158874    -0.01065414  -0.01112117
  0.01710389   0.00482397     0.03877860  -0.01329059     0.00905533   0.00859867
    1    5
  0.00859867  -0.00905533     0.01329058   0.03877860     0.00482398  -0.01710389
  0.01112117  -0.01065413    -0.02158874  -0.00894235    -0.00033024  -0.01539747
 -0.00868322   0.01550534    -0.03681848   0.01802274    -0.00032291   0.01248327
    1    6
  0.00859867  -0.00905533     0.00482397  -0.01710389     0.01329059   0.03877860
 -0.00868321   0.01550534    -0.00032291   0.01248327    -0.03681848   0.01802275
  0.01112117  -0.01065414    -0.00033024  -0.01539747    -0.02158874  -0.00894235
    1    7
 -0.01248327  -0.00032291    -0.01550534  -0.00868322     0.01802273   0.03681848
  0.01710389   0.00482398     0.00905533   0.00859867     0.03877860  -0.01329058
