  2.000000000000000E-002   1.26015754758087        2.29045391948694     
           6

     Dynamical  Matrix in cartesian axes

     q = (    0.000000000   0.000000000   0.216506400 ) 

    1    1
  0.01767053   0.00000000     0.00000000   0.00000000    -0.00000000   0.00000000
  0.00000000   0.00000000     0.01767053   0.00000000    -0.00000000   0.00000000
 -0.00000000   0.00000000    -0.00000000   0.00000000     0.27676380   0.00000000
    1    2
 -0.00368419   0.00368419     0.00000000   0.00000000    -0.01367665  -0.01367665
  0.00000000   0.00000000    -0.00023331   0.00023331    -0.00000000   0.00000000
 -0.02888666  -0.02888665    -0.00000000   0.00000000     0.00326472  -0.00326472
    1    3
 -0.00521023  -0.00000000     0.00000000  -0.00000000     0.00000000   0.01934170
  0.00000000  -0.00000000    -0.00032994  -0.00000000    -0.00000000  -0.00000000
  0.00000000   0.04085190    -0.00000000  -0.00000000     0.00461701  -0.00000000
    1    4
 -0.00032994  -0.00000000    -0.00000000  -0.00000000    -0.00000000  -0.00000000
 -0.00000000  -0.00000000    -0.00521023  -0.00000000     0.00000000   0.01934170
 -0.00000000  -0.00000000     0.00000000   0.04085190     0.00461701  -0.00000000
    1    5
 -0.00023331   0.00023331     0.00000000   0.00000000     0.00000000   0.00000000
  0.00000000   0.00000000    -0.00368419   0.00368419    -0.01367665  -0.01367665
  0.00000000   0.00000000    -0.02888666  -0.02888665     0.00326472  -0.00326472
    1    6
 -0.00341490   0.01769638    -0.00000000   0.00000000     0.00000000  -0.00000000
 -0.00000000   0.00000000    -0.01492793  -0.01009853     0.00000000  -0.00000000
  0.00000000  -0.00000000     0.00000000  -0.00000000    -0.02536536   0.01050668
    1    7
 -0.01492793  -0.01009853    -0.00000000   0.00000000     0.00000000  -0.00000000
 -0.00000000   0.00000000    -0.00341490   0.01769638     0.00000000  -0.00000000
  0.00000000  -0.00000000     0.00000000  -0.00000000    -0.02536536   0.01050668
    2    1
 -0.00368419  -0.00368419     0.00000000  -0.00000000    -0.02888666   0.02888665
  0.00000000   0.00000000    -0.00023331  -0.00023331     0.00000000  -0.00000000
 -0.01367665   0.01367665    -0.00000000  -0.00000000     0.00326472   0.00326472
    2    2
  0.02184805   0.00000000     0.00000000  -0.00000000    -0.00000000   0.00497351
 -0.00000000   0.00000000     0.09193377   0.00000000    -0.00000000   0.00000000
  0.00000000  -0.00497351    -0.00000000  -0.00000000     0.04018933  -0.00000000
    2    3
 -0.00990803  -0.00990804     0.00000000   0.00000000     0.00518230  -0.00518230
  0.00000000   0.00000000    -0.06352540  -0.06352543     0.00000000   0.00000000
  0.00518230  -0.00518230    -0.00000000   0.00000000    -0.02055635  -0.02055636
    2    4
 -0.00062608  -0.00062608    -0.00960873  -0.00960874     0.00051378  -0.00051378
 -0.06354061  -0.06354063    -0.00062608  -0.00062608     0.00046390  -0.00046390
  0.00046390  -0.00046390     0.00051378  -0.00051378     0.00216556   0.00216557
    2    5
 -0.00088541   0.00000000     0.01358881  -0.00000000    -0.00000000  -0.00072660
  0.08986001   0.00000000    -0.00088541  -0.00000000    -0.00000000   0.00065605
 -0.00000000  -0.00065605     0.00000000   0.00072660     0.00306257   0.00000000
    2    6
  0.00411127  -0.00337006     0.00000000   0.00000000    -0.00346620  -0.00323275
  0.00000000   0.00000000     0.00039812   0.00056243     0.00000000  -0.00000000
 -0.02148621  -0.02454047     0.00000000  -0.00000000    -0.00162849  -0.00087415
    2    7
  0.00052411   0.00529010    -0.00000000   0.00000000     0.00473687   0.00016508
  0.00000000   0.00000000     0.00067920  -0.00011619    -0.00000000   0.00000000
  0.03254578  -0.00215968    -0.00000000   0.00000000    -0.00176964  -0.00053340
    3    1
 -0.00521023   0.00000000     0.00000000   0.00000000     0.00000000  -0.04085190
  0.00000000   0.00000000    -0.00032994   0.00000000     0.00000000   0.00000000
  0.00000000  -0.01934170    -0.00000000   0.00000000     0.00461701   0.00000000
    3    2
 -0.00990803   0.00990804     0.00000000  -0.00000000     0.00518230   0.00518230
  0.00000000  -0.00000000    -0.06352540   0.06352543     0.00000000   0.00000000
  0.00518230   0.00518230    -0.00000000  -0.00000000    -0.02055635   0.02055636
    3    3
  0.02184805  -0.00000000     0.00000000   0.00000000    -0.00000000  -0.00497351
 -0.00000000  -0.00000000     0.09193377  -0.00000000    -0.00000000   0.00000000
  0.00000000   0.00497351    -0.00000000   0.00000000     0.04018933   0.00000000
    3    4
 -0.00088541  -0.00000000     0.01358881  -0.00000000    -0.00000000   0.00072660
  0.08986001  -0.00000000    -0.00088541   0.00000000    -0.00000000  -0.00065605
 -0.00000000   0.00065605     0.00000000  -0.00072660     0.00306257  -0.00000000
    3    5
 -0.00062608   0.00062608    -0.00960873   0.00960874     0.00051378   0.00051378
 -0.06354061   0.06354063    -0.00062608   0.00062608     0.00046390   0.00046390
  0.00046390   0.00046390     0.00051378   0.00051378     0.00216556  -0.00216557
    3    6
  0.00052411  -0.00529010     0.00000000  -0.00000000     0.00473687  -0.00016508
  0.00000000   0.00000000     0.00067920   0.00011619    -0.00000000  -0.00000000
  0.03254578   0.00215968    -0.00000000  -0.00000000    -0.00176964   0.00053340
    3    7
  0.00411127   0.00337006     0.00000000   0.00000000    -0.00346620   0.00323275
  0.00000000  -0.00000000     0.00039812  -0.00056243     0.00000000   0.00000000
 -0.02148621   0.02454047    -0.00000000   0.00000000    -0.00162849   0.00087415
    4    1
 -0.00032994   0.00000000     0.00000000   0.00000000    -0.00000000   0.00000000
  0.00000000   0.00000000    -0.00521023   0.00000000     0.00000000  -0.04085190
 -0.00000000   0.00000000     0.00000000  -0.01934170     0.00461701   0.00000000
    4    2
 -0.00062608   0.00062608    -0.06354061   0.06354063     0.00046390   0.00046390
 -0.00960873   0.00960874    -0.00062608   0.00062608     0.00051378   0.00051378
  0.00051378   0.00051378     0.00046390   0.00046390     0.00216556  -0.00216557
    4    3
 -0.00088541   0.00000000     0.08986001   0.00000000    -0.00000000  -0.00065605
  0.01358881   0.00000000    -0.00088541  -0.00000000     0.00000000   0.00072660
  0.00000000  -0.00072660    -0.00000000   0.00065605     0.00306257   0.00000000
    4    4
  0.09193377  -0.00000000    -0.00000000  -0.00000000    -0.00000000   0.00000000
  0.00000000  -0.00000000     0.02184805  -0.00000000    -0.00000000  -0.00497351
 -0.00000000  -0.00000000    -0.00000000   0.00497351     0.04018933  -0.00000000
    4    5
 -0.06352540   0.06352543    -0.00000000  -0.00000000     0.00000000   0.00000000
  0.00000000  -0.00000000    -0.00990803   0.00990804     0.00518230   0.00518230
  0.00000000  -0.00000000     0.00518230   0.00518230    -0.02055635   0.02055636
    4    6
  0.00039812  -0.00056243     0.00000000  -0.00000000    -0.00000000   0.00000000
  0.00000000  -0.00000000     0.00411127   0.00337006    -0.00346620   0.00323275
  0.00000000   0.00000000    -0.02148621   0.02454047    -0.00162849   0.00087415
    4    7
  0.00067920   0.00011619    -0.00000000   0.00000000     0.00000000  -0.00000000
 -0.00000000   0.00000000     0.00052411  -0.00529010     0.00473687  -0.00016508
  0.00000000   0.00000000     0.03254578   0.00215968    -0.00176964   0.00053340
    5    1
 -0.00023331  -0.00023331     0.00000000  -0.00000000     0.00000000   0.00000000
  0.00000000  -0.00000000    -0.00368419  -0.00368419    -0.02888666   0.02888665
  0.00000000  -0.00000000    -0.01367665   0.01367665     0.00326472   0.00326472
    5    2
 -0.00088541  -0.00000000     0.08986001   0.00000000    -0.00000000   0.00065605
  0.01358881  -0.00000000    -0.00088541   0.00000000     0.00000000  -0.00072660
  0.00000000   0.00072660    -0.00000000  -0.00065605     0.00306257   0.00000000
    5    3
 -0.00062608  -0.00062608    -0.06354061  -0.06354063     0.00046390  -0.00046390
 -0.00960873  -0.00960874    -0.00062608  -0.00062608     0.00051378  -0.00051378
  0.00051378  -0.00051378     0.00046390  -0.00046390     0.00216556   0.00216557
    5    4
 -0.06352540  -0.06352543    -0.00000000   0.00000000     0.00000000  -0.00000000
  0.00000000   0.00000000    -0.00990803  -0.00990804     0.00518230  -0.00518230
  0.00000000   0.00000000     0.00518230  -0.00518230    -0.02055635  -0.02055636
    5    5
  0.09193377   0.00000000    -0.00000000   0.00000000    -0.00000000  -0.00000000
  0.00000000   0.00000000     0.02184805   0.00000000    -0.00000000   0.00497351
 -0.00000000   0.00000000    -0.00000000  -0.00497351     0.04018933   0.00000000
    5    6
  0.00067920  -0.00011619    -0.00000000   0.00000000    -0.00000000   0.00000000
 -0.00000000   0.00000000     0.00052411   0.00529010     0.00473687   0.00016508
 -0.00000000   0.00000000     0.03254578  -0.00215968    -0.00176964  -0.00053340
    5    7
  0.00039812   0.00056243     0.00000000   0.00000000     0.00000000  -0.00000000
  0.00000000   0.00000000     0.00411127  -0.00337006    -0.00346620  -0.00323275
  0.00000000   0.00000000    -0.02148621  -0.02454047    -0.00162849  -0.00087415
    6    1
 -0.00341490  -0.01769638    -0.00000000   0.00000000     0.00000000   0.00000000
  0.00000000  -0.00000000    -0.01492793   0.01009853     0.00000000   0.00000000
  0.00000000   0.00000000     0.00000000   0.00000000    -0.02536536  -0.01050668
    6    2
  0.00411127   0.00337006     0.00000000  -0.00000000    -0.02148621   0.02454047
  0.00000000  -0.00000000     0.00039812  -0.00056243     0.00000000   0.00000000
 -0.00346620   0.00323275     0.00000000  -0.00000000    -0.00162849   0.00087415
    6    3
  0.00052411   0.00529010    -0.00000000   0.00000000     0.03254578  -0.00215968
  0.00000000  -0.00000000     0.00067920  -0.00011619     0.00000000  -0.00000000
  0.00473687   0.00016508    -0.00000000   0.00000000    -0.00176964  -0.00053340
    6    4
  0.00039812   0.00056243    -0.00000000   0.00000000     0.00000000  -0.00000000
  0.00000000   0.00000000     0.00411127  -0.00337006    -0.02148621  -0.02454047
 -0.00000000   0.00000000    -0.00346620  -0.00323275    -0.00162849  -0.00087415
    6    5
  0.00067920   0.00011619    -0.00000000   0.00000000     0.00000000  -0.00000000
 -0.00000000   0.00000000     0.00052411  -0.00529010     0.03254578   0.00215968
  0.00000000  -0.00000000     0.00473687  -0.00016508    -0.00176964   0.00053340
    6    6
  0.03351319  -0.00000000    -0.00000000  -0.00000000    -0.00000000   0.00000000
 -0.00000000   0.00000000     0.03351319   0.00000000    -0.00000000   0.00000000
  0.00000000   0.00000000     0.00000000   0.00000000     0.02016537   0.00000000
    6    7
 -0.01770938   0.02387282    -0.00000000   0.00000000    -0.00000000   0.00000000
 -0.00000000  -0.00000000    -0.01770938  -0.02387282    -0.00000000   0.00000000
 -0.00000000   0.00000000    -0.00000000   0.00000000    -0.00030909  -0.00000000
    7    1
 -0.01492793   0.01009853     0.00000000   0.00000000     0.00000000   0.00000000
 -0.00000000   0.00000000    -0.00341490  -0.01769638     0.00000000   0.00000000
  0.00000000   0.00000000     0.00000000   0.00000000    -0.02536536  -0.01050668
    7    2
  0.00052411  -0.00529010    -0.00000000  -0.00000000     0.03254578   0.00215968
  0.00000000   0.00000000     0.00067920   0.00011619     0.00000000   0.00000000
  0.00473687  -0.00016508    -0.00000000  -0.00000000    -0.00176964   0.00053340
    7    3
  0.00411127  -0.00337006     0.00000000   0.00000000    -0.02148621  -0.02454047
  0.00000000   0.00000000     0.00039812   0.00056243     0.00000000   0.00000000
 -0.00346620  -0.00323275     0.00000000   0.00000000    -0.00162849  -0.00087415
    7    4
  0.00067920  -0.00011619    -0.00000000  -0.00000000     0.00000000  -0.00000000
 -0.00000000   0.00000000     0.00052411   0.00529010     0.03254578  -0.00215968
  0.00000000   0.00000000     0.00473687   0.00016508    -0.00176964  -0.00053340
    7    5
  0.00039812  -0.00056243    -0.00000000  -0.00000000     0.00000000   0.00000000
  0.00000000  -0.00000000     0.00411127   0.00337006    -0.02148621   0.02454047
  0.00000000   0.00000000    -0.00346620   0.00323275    -0.00162849   0.00087415
    7    6
 -0.01770938  -0.02387282    -0.00000000  -0.00000000    -0.00000000   0.00000000
 -0.00000000   0.00000000    -0.01770938   0.02387282    -0.00000000   0.00000000
 -0.00000000   0.00000000    -0.00000000   0.00000000    -0.00030909   0.00000000
    7    7
  0.03351319   0.00000000    -0.00000000   0.00000000    -0.00000000   0.00000000
 -0.00000000   0.00000000     0.03351319  -0.00000000    -0.00000000   0.00000000
  0.00000000   0.00000000     0.00000000   0.00000000     0.02016537   0.00000000

     Dynamical  Matrix in cartesian axes

     q = (    0.216506400  -0.000000000   0.000000000 ) 

    1    1
  0.27676380   0.00000000    -0.00000000   0.00000000    -0.00000000   0.00000000
  0.00000000   0.00000000     0.01767053   0.00000000    -0.00000000   0.00000000
 -0.00000000   0.00000000     0.00000000   0.00000000     0.01767053   0.00000000
    1    2
 -0.02536536   0.01050668    -0.00000000   0.00000000     0.00000000   0.00000000
 -0.00000000  -0.00000000    -0.00341490   0.01769638    -0.00000000   0.00000000
  0.00000000   0.00000000     0.00000000   0.00000000    -0.01492793  -0.01009853
    1    3
 -0.02536536   0.01050668     0.00000000   0.00000000     0.00000000  -0.00000000
  0.00000000  -0.00000000    -0.01492793  -0.01009853     0.00000000  -0.00000000
  0.00000000  -0.00000000     0.00000000  -0.00000000    -0.00341490   0.01769638
    1    4
  0.00326472  -0.00326472    -0.02888666  -0.02888665     0.00000000   0.00000000
 -0.01367665  -0.01367665    -0.00368419   0.00368419    -0.00000000   0.00000000
 -0.00000000   0.00000000     0.00000000  -0.00000000    -0.00023331   0.00023331
    1    5
  0.00461701  -0.00000000     0.00000000   0.04085190    -0.00000000   0.00000000
  0.00000000   0.01934170    -0.00521023  -0.00000000    -0.00000000   0.00000000
  0.00000000   0.00000000     0.00000000   0.00000000    -0.00032994   0.00000000
    1    6
  0.00461701  -0.00000000    -0.00000000  -0.00000000     0.00000000   0.04085190
 -0.00000000  -0.00000000    -0.00032994   0.00000000     0.00000000   0.00000000
  0.00000000   0.01934170     0.00000000   0.00000000    -0.00521023  -0.00000000
    1    7
  0.00326472  -0.00326472     0.00000000   0.00000000    -0.02888666  -0.02888665
  0.00000000   0.00000000    -0.00023331   0.00023331     0.00000000   0.00000000
 -0.01367665  -0.01367665    -0.00000000  -0.00000000    -0.00368419   0.00368419
    2    1
 -0.02536536  -0.01050668     0.00000000   0.00000000     0.00000000   0.00000000
  0.00000000   0.00000000    -0.00341490  -0.01769638     0.00000000  -0.00000000
  0.00000000  -0.00000000     0.00000000  -0.00000000    -0.01492793   0.01009853
    2    2
  0.02016537  -0.00000000     0.00000000  -0.00000000    -0.00000000  -0.00000000
 -0.00000000  -0.00000000     0.03351319  -0.00000000    -0.00000000  -0.00000000
 -0.00000000  -0.00000000    -0.00000000  -0.00000000     0.03351319   0.00000000
    2    3
 -0.00030909  -0.00000000    -0.00000000  -0.00000000     0.00000000   0.00000000
 -0.00000000  -0.00000000    -0.01770938   0.02387282     0.00000000   0.00000000
  0.00000000   0.00000000     0.00000000   0.00000000    -0.01770938  -0.02387282
    2    4
 -0.00162849   0.00087415    -0.00346620   0.00323275    -0.00000000   0.00000000
 -0.02148621   0.02454047     0.00411127   0.00337006     0.00000000   0.00000000
 -0.00000000   0.00000000     0.00000000   0.00000000     0.00039812  -0.00056243
    2    5
 -0.00176964  -0.00053340     0.00473687   0.00016508     0.00000000   0.00000000
  0.03254578  -0.00215968     0.00052411   0.00529010     0.00000000   0.00000000
  0.00000000   0.00000000     0.00000000   0.00000000     0.00067920  -0.00011619
    2    6
 -0.00162849  -0.00087415     0.00000000   0.00000000    -0.00346620  -0.00323275
  0.00000000   0.00000000     0.00039812   0.00056243     0.00000000   0.00000000
 -0.02148621  -0.02454047    -0.00000000  -0.00000000     0.00411127  -0.00337006
    2    7
 -0.00176964   0.00053340     0.00000000  -0.00000000     0.00473687  -0.00016508
  0.00000000  -0.00000000     0.00067920   0.00011619    -0.00000000   0.00000000
  0.03254578   0.00215968    -0.00000000  -0.00000000     0.00052411  -0.00529010
    3    1
 -0.02536536  -0.01050668     0.00000000   0.00000000     0.00000000   0.00000000
  0.00000000   0.00000000    -0.01492793   0.01009853     0.00000000   0.00000000
 -0.00000000   0.00000000     0.00000000   0.00000000    -0.00341490  -0.01769638
    3    2
 -0.00030909   0.00000000    -0.00000000   0.00000000     0.00000000  -0.00000000
 -0.00000000   0.00000000    -0.01770938  -0.02387282     0.00000000  -0.00000000
  0.00000000  -0.00000000     0.00000000  -0.00000000    -0.01770938   0.02387282
    3    3
  0.02016537   0.00000000     0.00000000   0.00000000    -0.00000000   0.00000000
 -0.00000000   0.00000000     0.03351319   0.00000000    -0.00000000   0.00000000
 -0.00000000   0.00000000    -0.00000000   0.00000000     0.03351319  -0.00000000
    3    4
 -0.00176964   0.00053340     0.00473687  -0.00016508     0.00000000  -0.00000000
  0.03254578   0.00215968     0.00052411  -0.00529010     0.00000000   0.00000000
 -0.00000000   0.00000000    -0.00000000   0.00000000     0.00067920   0.00011619
    3    5
 -0.00162849  -0.00087415    -0.00346620  -0.00323275     0.00000000   0.00000000
 -0.02148621  -0.02454047     0.00411127  -0.00337006     0.00000000   0.00000000
  0.00000000   0.00000000    -0.00000000   0.00000000     0.00039812   0.00056243
    3    6
 -0.00176964  -0.00053340     0.00000000   0.00000000     0.00473687   0.00016508
  0.00000000   0.00000000     0.00067920  -0.00011619    -0.00000000  -0.00000000
  0.03254578  -0.00215968    -0.00000000  -0.00000000     0.00052411   0.00529010
    3    7
 -0.00162849   0.00087415     0.00000000  -0.00000000    -0.00346620   0.00323275
  0.00000000  -0.00000000     0.00039812  -0.00056243     0.00000000   0.00000000
 -0.02148621   0.02454047    -0.00000000   0.00000000     0.00411127   0.00337006
    4    1
  0.00326472   0.00326472    -0.01367665   0.01367665     0.00000000  -0.00000000
 -0.02888666   0.02888665    -0.00368419  -0.00368419     0.00000000  -0.00000000
 -0.00000000  -0.00000000    -0.00000000  -0.00000000    -0.00023331  -0.00023331
    4    2
 -0.00162849  -0.00087415    -0.02148621  -0.02454047    -0.00000000  -0.00000000
 -0.00346620  -0.00323275     0.00411127  -0.00337006     0.00000000   0.00000000
  0.00000000  -0.00000000     0.00000000  -0.00000000     0.00039812   0.00056243
    4    3
 -0.00176964  -0.00053340     0.03254578  -0.00215968     0.00000000   0.00000000
  0.00473687   0.00016508     0.00052411   0.00529010     0.00000000   0.00000000
 -0.00000000   0.00000000     0.00000000   0.00000000     0.00067920  -0.00011619
    4    4
  0.04018933  -0.00000000    -0.00000000  -0.00497351    -0.00000000   0.00000000
  0.00000000   0.00497351     0.02184805  -0.00000000    -0.00000000   0.00000000
 -0.00000000  -0.00000000    -0.00000000  -0.00000000     0.09193377   0.00000000
    4    5
 -0.02055635  -0.02055636     0.00518230  -0.00518230     0.00000000   0.00000000
  0.00518230  -0.00518230    -0.00990803  -0.00990804     0.00000000   0.00000000
  0.00000000   0.00000000     0.00000000   0.00000000    -0.06352540  -0.06352543
    4    6
  0.00216556   0.00216557     0.00046390  -0.00046390     0.00051378  -0.00051378
  0.00051378  -0.00051378    -0.00062608  -0.00062608    -0.00960873  -0.00960874
  0.00046390  -0.00046390    -0.06354061  -0.06354063    -0.00062608  -0.00062608
    4    7
  0.00306257  -0.00000000    -0.00000000  -0.00065605     0.00000000   0.00072660
  0.00000000  -0.00072660    -0.00088541   0.00000000     0.01358881  -0.00000000
  0.00000000   0.00065605     0.08986001  -0.00000000    -0.00088541   0.00000000
    5    1
  0.00461701   0.00000000     0.00000000  -0.01934170     0.00000000   0.00000000
  0.00000000  -0.04085190    -0.00521023   0.00000000     0.00000000   0.00000000
  0.00000000  -0.00000000     0.00000000   0.00000000    -0.00032994   0.00000000
    5    2
 -0.00176964   0.00053340     0.03254578   0.00215968    -0.00000000   0.00000000
  0.00473687  -0.00016508     0.00052411  -0.00529010    -0.00000000  -0.00000000
  0.00000000  -0.00000000     0.00000000  -0.00000000     0.00067920   0.00011619
    5    3
 -0.00162849   0.00087415    -0.02148621   0.02454047     0.00000000  -0.00000000
 -0.00346620   0.00323275     0.00411127   0.00337006     0.00000000   0.00000000
  0.00000000  -0.00000000    -0.00000000   0.00000000     0.00039812  -0.00056243
    5    4
 -0.02055635   0.02055636     0.00518230   0.00518230     0.00000000  -0.00000000
  0.00518230   0.00518230    -0.00990803   0.00990804     0.00000000  -0.00000000
  0.00000000  -0.00000000     0.00000000  -0.00000000    -0.06352540   0.06352543
    5    5
  0.04018933   0.00000000    -0.00000000   0.00497351    -0.00000000   0.00000000
  0.00000000  -0.00497351     0.02184805   0.00000000    -0.00000000   0.00000000
 -0.00000000   0.00000000    -0.00000000   0.00000000     0.09193377  -0.00000000
    5    6
  0.00306257   0.00000000    -0.00000000   0.00065605     0.00000000  -0.00072660
  0.00000000   0.00072660    -0.00088541   0.00000000     0.01358881   0.00000000
  0.00000000  -0.00065605     0.08986001   0.00000000    -0.00088541  -0.00000000
    5    7
  0.00216556  -0.00216557     0.00046390   0.00046390     0.00051378   0.00051378
  0.00051378   0.00051378    -0.00062608   0.00062608    -0.00960873   0.00960874
  0.00046390   0.00046390    -0.06354061   0.06354063    -0.00062608   0.00062608
    6    1
  0.00461701   0.00000000     0.00000000   0.00000000     0.00000000  -0.01934170
  0.00000000   0.00000000    -0.00032994   0.00000000     0.00000000   0.00000000
  0.00000000  -0.04085190     0.00000000   0.00000000    -0.00521023   0.00000000
    6    2
 -0.00162849   0.00087415     0.00000000  -0.00000000    -0.02148621   0.02454047
  0.00000000   0.00000000     0.00039812  -0.00056243    -0.00000000  -0.00000000
 -0.00346620   0.00323275    -0.00000000   0.00000000     0.00411127   0.00337006
    6    3
 -0.00176964   0.00053340    -0.00000000  -0.00000000     0.03254578   0.00215968
 -0.00000000  -0.00000000     0.00067920   0.00011619    -0.00000000   0.00000000
  0.00473687  -0.00016508    -0.00000000   0.00000000     0.00052411  -0.00529010
    6    4
  0.00216556  -0.00216557     0.00051378   0.00051378     0.00046390   0.00046390
  0.00046390   0.00046390    -0.00062608   0.00062608    -0.06354061   0.06354063
  0.00051378   0.00051378    -0.00960873   0.00960874    -0.00062608   0.00062608
    6    5
  0.00306257  -0.00000000    -0.00000000  -0.00072660    -0.00000000   0.00065605
 -0.00000000  -0.00065605    -0.00088541   0.00000000     0.08986001  -0.00000000
  0.00000000   0.00072660     0.01358881  -0.00000000    -0.00088541   0.00000000
    6    6
  0.04018933  -0.00000000    -0.00000000  -0.00000000    -0.00000000   0.00497351
 -0.00000000   0.00000000     0.09193377  -0.00000000    -0.00000000   0.00000000
 -0.00000000  -0.00497351    -0.00000000   0.00000000     0.02184805   0.00000000
    6    7
 -0.02055635   0.02055636     0.00000000  -0.00000000     0.00518230   0.00518230
  0.00000000  -0.00000000    -0.06352540   0.06352543    -0.00000000   0.00000000
  0.00518230   0.00518230    -0.00000000  -0.00000000    -0.00990803   0.00990804
    7    1
  0.00326472   0.00326472     0.00000000  -0.00000000    -0.01367665   0.01367665
  0.00000000  -0.00000000    -0.00023331  -0.00023331    -0.00000000   0.00000000
 -0.02888666   0.02888665     0.00000000   0.00000000    -0.00368419  -0.00368419
    7    2
 -0.00176964  -0.00053340    -0.00000000   0.00000000     0.03254578  -0.00215968
 -0.00000000   0.00000000     0.00067920  -0.00011619    -0.00000000   0.00000000
  0.00473687   0.00016508    -0.00000000  -0.00000000     0.00052411   0.00529010
    7    3
 -0.00162849  -0.00087415     0.00000000   0.00000000    -0.02148621  -0.02454047
  0.00000000   0.00000000     0.00039812   0.00056243    -0.00000000   0.00000000
 -0.00346620  -0.00323275    -0.00000000  -0.00000000     0.00411127  -0.00337006
    7    4
  0.00306257   0.00000000     0.00000000   0.00072660    -0.00000000  -0.00065605
 -0.00000000   0.00065605    -0.00088541  -0.00000000     0.08986001   0.00000000
  0.00000000  -0.00072660     0.01358881   0.00000000    -0.00088541   0.00000000
    7    5
  0.00216556   0.00216557     0.00051378  -0.00051378     0.00046390  -0.00046390
  0.00046390  -0.00046390    -0.00062608  -0.00062608    -0.06354061  -0.06354063
  0.00051378  -0.00051378    -0.00960873  -0.00960874    -0.00062608  -0.00062608
    7    6
 -0.02055635  -0.02055636     0.00000000   0.00000000     0.00518230  -0.00518230
  0.00000000   0.00000000    -0.06352540  -0.06352543    -0.00000000  -0.00000000
  0.00518230  -0.00518230    -0.00000000   0.00000000    -0.00990803  -0.00990804
    7    7
  0.04018933   0.00000000    -0.00000000   0.00000000    -0.00000000  -0.00497351
 -0.00000000  -0.00000000     0.09193377   0.00000000    -0.00000000   0.00000000
 -0.00000000   0.00497351    -0.00000000   0.00000000     0.02184805  -0.00000000

     Dynamical  Matrix in cartesian axes

     q = (   -0.216506400  -0.000000000  -0.000000000 ) 

    1    1
  0.27676380   0.00000000    -0.00000000   0.00000000    -0.00000000   0.00000000
  0.00000000   0.00000000     0.01767053   0.00000000     0.00000000   0.00000000
 -0.00000000   0.00000000    -0.00000000   0.00000000     0.01767053   0.00000000
    1    2
 -0.02536536  -0.01050668    -0.00000000   0.00000000     0.00000000  -0.00000000
 -0.00000000   0.00000000    -0.00341490  -0.01769638     0.00000000  -0.00000000
  0.00000000  -0.00000000     0.00000000  -0.00000000    -0.01492793   0.01009853
    1    3
 -0.02536536  -0.01050668     0.00000000   0.00000000     0.00000000   0.00000000
  0.00000000   0.00000000    -0.01492793   0.01009853     0.00000000   0.00000000
  0.00000000   0.00000000     0.00000000   0.00000000    -0.00341490  -0.01769638
    1    4
  0.00326472   0.00326472    -0.02888666   0.02888665     0.00000000   0.00000000
 -0.01367665   0.01367665    -0.00368419  -0.00368419    -0.00000000  -0.00000000
  0.00000000   0.00000000    -0.00000000  -0.00000000    -0.00023331  -0.00023331
    1    5
  0.00461701   0.00000000     0.00000000  -0.04085190    -0.00000000   0.00000000
  0.00000000  -0.01934170    -0.00521023   0.00000000    -0.00000000   0.00000000
  0.00000000   0.00000000     0.00000000   0.00000000    -0.00032994   0.00000000
    1    6
  0.00461701   0.00000000    -0.00000000   0.00000000     0.00000000  -0.04085190
 -0.00000000   0.00000000    -0.00032994   0.00000000     0.00000000   0.00000000
  0.00000000  -0.01934170     0.00000000  -0.00000000    -0.00521023   0.00000000
    1    7
  0.00326472   0.00326472     0.00000000  -0.00000000    -0.02888666   0.02888665
  0.00000000  -0.00000000    -0.00023331  -0.00023331    -0.00000000   0.00000000
 -0.01367665   0.01367665    -0.00000000   0.00000000    -0.00368419  -0.00368419
    2    1
 -0.02536536   0.01050668     0.00000000   0.00000000     0.00000000   0.00000000
 -0.00000000   0.00000000    -0.00341490   0.01769638     0.00000000   0.00000000
  0.00000000   0.00000000     0.00000000   0.00000000    -0.01492793  -0.01009853
    2    2
  0.02016537   0.00000000     0.00000000  -0.00000000    -0.00000000   0.00000000
 -0.00000000  -0.00000000     0.03351319   0.00000000    -0.00000000   0.00000000
 -0.00000000   0.00000000    -0.00000000   0.00000000     0.03351319  -0.00000000
    2    3
 -0.00030909  -0.00000000    -0.00000000   0.00000000     0.00000000  -0.00000000
 -0.00000000   0.00000000    -0.01770938  -0.02387282     0.00000000  -0.00000000
  0.00000000  -0.00000000     0.00000000  -0.00000000    -0.01770938   0.02387282
    2    4
 -0.00162849  -0.00087415    -0.00346620  -0.00323275     0.00000000  -0.00000000
 -0.02148621  -0.02454047     0.00411127  -0.00337006    -0.00000000  -0.00000000
  0.00000000   0.00000000    -0.00000000  -0.00000000     0.00039812   0.00056243
    2    5
 -0.00176964   0.00053340     0.00473687  -0.00016508     0.00000000   0.00000000
  0.03254578   0.00215968     0.00052411  -0.00529010     0.00000000  -0.00000000
  0.00000000   0.00000000     0.00000000  -0.00000000     0.00067920   0.00011619
    2    6
 -0.00162849   0.00087415     0.00000000  -0.00000000    -0.00346620   0.00323275
  0.00000000  -0.00000000     0.00039812  -0.00056243    -0.00000000   0.00000000
 -0.02148621   0.02454047     0.00000000   0.00000000     0.00411127   0.00337006
    2    7
 -0.00176964  -0.00053340    -0.00000000   0.00000000     0.00473687   0.00016508
  0.00000000   0.00000000     0.00067920  -0.00011619    -0.00000000  -0.00000000
  0.03254578  -0.00215968    -0.00000000  -0.00000000     0.00052411   0.00529010
    3    1
 -0.02536536   0.01050668     0.00000000   0.00000000    -0.00000000  -0.00000000
  0.00000000  -0.00000000    -0.01492793  -0.01009853     0.00000000  -0.00000000
  0.00000000  -0.00000000    -0.00000000  -0.00000000    -0.00341490   0.01769638
    3    2
 -0.00030909   0.00000000    -0.00000000  -0.00000000     0.00000000   0.00000000
 -0.00000000  -0.00000000    -0.01770938   0.02387282     0.00000000   0.00000000
  0.00000000   0.00000000     0.00000000   0.00000000    -0.01770938  -0.02387282
    3    3
  0.02016537   0.00000000     0.00000000   0.00000000    -0.00000000  -0.00000000
 -0.00000000   0.00000000     0.03351319  -0.00000000    -0.00000000  -0.00000000
 -0.00000000  -0.00000000    -0.00000000  -0.00000000     0.03351319   0.00000000
    3    4
 -0.00176964  -0.00053340     0.00473687   0.00016508     0.00000000   0.00000000
  0.03254578  -0.00215968     0.00052411   0.00529010     0.00000000   0.00000000
  0.00000000  -0.00000000     0.00000000  -0.00000000     0.00067920  -0.00011619
    3    5
 -0.00162849   0.00087415    -0.00346620   0.00323275     0.00000000  -0.00000000
 -0.02148621   0.02454047     0.00411127   0.00337006     0.00000000   0.00000000
  0.00000000  -0.00000000     0.00000000   0.00000000     0.00039812  -0.00056243
    3    6
 -0.00176964   0.00053340    -0.00000000  -0.00000000     0.00473687  -0.00016508
  0.00000000  -0.00000000     0.00067920   0.00011619    -0.00000000   0.00000000
  0.03254578   0.00215968    -0.00000000   0.00000000     0.00052411  -0.00529010
    3    7
 -0.00162849  -0.00087415    -0.00000000   0.00000000    -0.00346620  -0.00323275
  0.00000000   0.00000000     0.00039812   0.00056243    -0.00000000   0.00000000
 -0.02148621  -0.02454047    -0.00000000   0.00000000     0.00411127  -0.00337006
    4    1
  0.00326472  -0.00326472    -0.01367665  -0.01367665     0.00000000   0.00000000
 -0.02888666  -0.02888665    -0.00368419   0.00368419     0.00000000   0.00000000
  0.00000000   0.00000000     0.00000000  -0.00000000    -0.00023331   0.00023331
    4    2
 -0.00162849   0.00087415    -0.02148621   0.02454047    -0.00000000   0.00000000
 -0.00346620   0.00323275     0.00411127   0.00337006    -0.00000000   0.00000000
  0.00000000   0.00000000    -0.00000000   0.00000000     0.00039812  -0.00056243
    4    3
 -0.00176964   0.00053340     0.03254578   0.00215968    -0.00000000  -0.00000000
  0.00473687  -0.00016508     0.00052411  -0.00529010    -0.00000000  -0.00000000
  0.00000000  -0.00000000    -0.00000000   0.00000000     0.00067920   0.00011619
    4    4
  0.04018933   0.00000000    -0.00000000   0.00497351    -0.00000000  -0.00000000
 -0.00000000  -0.00497351     0.02184805  -0.00000000    -0.00000000  -0.00000000
 -0.00000000   0.00000000    -0.00000000   0.00000000     0.09193377  -0.00000000
    4    5
 -0.02055635   0.02055636     0.00518230   0.00518230     0.00000000  -0.00000000
  0.00518230   0.00518230    -0.00990803   0.00990804     0.00000000  -0.00000000
  0.00000000  -0.00000000     0.00000000  -0.00000000    -0.06352540   0.06352543
    4    6
  0.00216556  -0.00216557     0.00046390   0.00046390     0.00051378   0.00051378
  0.00051378   0.00051378    -0.00062608   0.00062608    -0.00960873   0.00960874
  0.00046390   0.00046390    -0.06354061   0.06354063    -0.00062608   0.00062608
    4    7
  0.00306257  -0.00000000    -0.00000000   0.00065605    -0.00000000  -0.00072660
 -0.00000000   0.00072660    -0.00088541  -0.00000000     0.01358881  -0.00000000
  0.00000000  -0.00065605     0.08986001  -0.00000000    -0.00088541   0.00000000
    5    1
  0.00461701  -0.00000000     0.00000000   0.01934170    -0.00000000   0.00000000
  0.00000000   0.04085190    -0.00521023   0.00000000     0.00000000   0.00000000
 -0.00000000  -0.00000000    -0.00000000   0.00000000    -0.00032994   0.00000000
    5    2
 -0.00176964  -0.00053340     0.03254578  -0.00215968    -0.00000000   0.00000000
  0.00473687   0.00016508     0.00052411   0.00529010     0.00000000   0.00000000
 -0.00000000   0.00000000    -0.00000000  -0.00000000     0.00067920  -0.00011619
    5    3
 -0.00162849  -0.00087415    -0.02148621  -0.02454047     0.00000000   0.00000000
 -0.00346620  -0.00323275     0.00411127  -0.00337006     0.00000000  -0.00000000
  0.00000000  -0.00000000     0.00000000   0.00000000     0.00039812   0.00056243
    5    4
 -0.02055635  -0.02055636     0.00518230  -0.00518230     0.00000000   0.00000000
  0.00518230  -0.00518230    -0.00990803  -0.00990804     0.00000000   0.00000000
  0.00000000   0.00000000     0.00000000   0.00000000    -0.06352540  -0.06352543
    5    5
  0.04018933  -0.00000000    -0.00000000  -0.00497351    -0.00000000   0.00000000
 -0.00000000   0.00497351     0.02184805   0.00000000    -0.00000000   0.00000000
 -0.00000000   0.00000000    -0.00000000   0.00000000     0.09193377   0.00000000
    5    6
  0.00306257  -0.00000000    -0.00000000  -0.00065605    -0.00000000   0.00072660
 -0.00000000  -0.00072660    -0.00088541   0.00000000     0.01358881   0.00000000
  0.00000000   0.00065605     0.08986001   0.00000000    -0.00088541  -0.00000000
    5    7
  0.00216556   0.00216557     0.00046390  -0.00046390     0.00051378  -0.00051378
  0.00051378  -0.00051378    -0.00062608  -0.00062608    -0.00960873  -0.00960874
  0.00046390  -0.00046390    -0.06354061  -0.06354063    -0.00062608  -0.00062608
    6    1
  0.00461701  -0.00000000    -0.00000000  -0.00000000     0.00000000   0.01934170
 -0.00000000  -0.00000000    -0.00032994   0.00000000     0.00000000  -0.00000000
  0.00000000   0.04085190     0.00000000   0.00000000    -0.00521023   0.00000000
    6    2
 -0.00162849  -0.00087415     0.00000000   0.00000000    -0.02148621  -0.02454047
  0.00000000   0.00000000     0.00039812   0.00056243    -0.00000000   0.00000000
 -0.00346620  -0.00323275    -0.00000000   0.00000000     0.00411127  -0.00337006
    6    3
 -0.00176964  -0.00053340    -0.00000000   0.00000000     0.03254578  -0.00215968
 -0.00000000   0.00000000     0.00067920  -0.00011619     0.00000000  -0.00000000
  0.00473687   0.00016508    -0.00000000  -0.00000000     0.00052411   0.00529010
    6    4
  0.00216556   0.00216557     0.00051378  -0.00051378     0.00046390  -0.00046390
  0.00046390  -0.00046390    -0.00062608  -0.00062608    -0.06354061  -0.06354063
  0.00051378  -0.00051378    -0.00960873  -0.00960874    -0.00062608  -0.00062608
    6    5
  0.00306257   0.00000000    -0.00000000   0.00072660     0.00000000  -0.00065605
 -0.00000000   0.00065605    -0.00088541  -0.00000000     0.08986001  -0.00000000
 -0.00000000  -0.00072660     0.01358881  -0.00000000    -0.00088541   0.00000000
    6    6
  0.04018933  -0.00000000     0.00000000  -0.00000000     0.00000000  -0.00497351
 -0.00000000  -0.00000000     0.09193377   0.00000000    -0.00000000   0.00000000
 -0.00000000   0.00497351     0.00000000  -0.00000000     0.02184805  -0.00000000
    6    7
 -0.02055635  -0.02055636     0.00000000   0.00000000     0.00518230  -0.00518230
  0.00000000   0.00000000    -0.06352540  -0.06352543     0.00000000   0.00000000
  0.00518230  -0.00518230     0.00000000   0.00000000    -0.00990803  -0.00990804
    7    1
  0.00326472  -0.00326472     0.00000000   0.00000000    -0.01367665  -0.01367665
  0.00000000   0.00000000    -0.00023331   0.00023331     0.00000000  -0.00000000
 -0.02888666  -0.02888665     0.00000000  -0.00000000    -0.00368419   0.00368419
    7    2
 -0.00176964   0.00053340    -0.00000000  -0.00000000     0.03254578   0.00215968
  0.00000000  -0.00000000     0.00067920   0.00011619     0.00000000   0.00000000
  0.00473687  -0.00016508     0.00000000   0.00000000     0.00052411  -0.00529010
    7    3
 -0.00162849   0.00087415     0.00000000  -0.00000000    -0.02148621   0.02454047
  0.00000000   0.00000000     0.00039812  -0.00056243     0.00000000   0.00000000
 -0.00346620   0.00323275     0.00000000   0.00000000     0.00411127   0.00337006
    7    4
  0.00306257   0.00000000    -0.00000000  -0.00072660     0.00000000   0.00065605
 -0.00000000  -0.00065605    -0.00088541   0.00000000     0.08986001   0.00000000
 -0.00000000   0.00072660     0.01358881   0.00000000    -0.00088541  -0.00000000
    7    5
  0.00216556  -0.00216557     0.00051378   0.00051378     0.00046390   0.00046390
  0.00046390   0.00046390    -0.00062608   0.00062608    -0.06354061   0.06354063
  0.00051378   0.00051378    -0.00960873   0.00960874    -0.00062608   0.00062608
    7    6
 -0.02055635   0.02055636     0.00000000  -0.00000000     0.00518230   0.00518230
  0.00000000  -0.00000000    -0.06352540   0.06352543     0.00000000  -0.00000000
  0.00518230   0.00518230     0.00000000  -0.00000000    -0.00990803   0.00990804
    7    7
  0.04018933   0.00000000     0.00000000   0.00000000     0.00000000   0.00497351
 -0.00000000   0.00000000     0.09193377  -0.00000000    -0.00000000   0.00000000
 -0.00000000  -0.00497351     0.00000000   0.00000000     0.02184805   0.00000000

     Dynamical  Matrix in cartesian axes

     q = (   -0.000000000   0.216506400   0.000000000 ) 

    1    1
  0.01767053   0.00000000    -0.00000000   0.00000000     0.00000000   0.00000000
 -0.00000000   0.00000000     0.27676380   0.00000000    -0.00000000   0.00000000
 -0.00000000   0.00000000    -0.00000000   0.00000000     0.01767053   0.00000000
    1    2
 -0.00521023  -0.00000000     0.00000000   0.01934170     0.00000000   0.00000000
  0.00000000   0.04085190     0.00461701  -0.00000000     0.00000000   0.00000000
 -0.00000000   0.00000000    -0.00000000   0.00000000    -0.00032994   0.00000000
    1    3
 -0.00368419   0.00368419    -0.01367665  -0.01367665    -0.00000000   0.00000000
 -0.02888666  -0.02888665     0.00326472  -0.00326472     0.00000000   0.00000000
  0.00000000   0.00000000     0.00000000  -0.00000000    -0.00023331   0.00023331
    1    4
 -0.01492793  -0.01009853     0.00000000   0.00000000    -0.00000000  -0.00000000
  0.00000000   0.00000000    -0.02536536   0.01050668     0.00000000  -0.00000000
 -0.00000000  -0.00000000     0.00000000  -0.00000000    -0.00341490   0.01769638
    1    5
 -0.00341490   0.01769638    -0.00000000  -0.00000000     0.00000000   0.00000000
  0.00000000   0.00000000    -0.02536536   0.01050668     0.00000000   0.00000000
  0.00000000   0.00000000     0.00000000   0.00000000    -0.01492793  -0.01009853
    1    6
 -0.00023331   0.00023331     0.00000000   0.00000000     0.00000000   0.00000000
  0.00000000   0.00000000     0.00326472  -0.00326472    -0.02888666  -0.02888665
  0.00000000  -0.00000000    -0.01367665  -0.01367665    -0.00368419   0.00368419
    1    7
 -0.00032994   0.00000000    -0.00000000   0.00000000     0.00000000   0.00000000
 -0.00000000   0.00000000     0.00461701  -0.00000000     0.00000000   0.04085190
