  4.500000000000000E-002   1.25986529217407        2.41685017272211     
           6

     Dynamical  Matrix in cartesian axes

     q = (    0.000000000   0.000000000   0.649519100 ) 

    1    1
  0.03123766   0.00000000     0.00000000   0.00000000    -0.00000000   0.00000000
  0.00000000   0.00000000     0.03123766   0.00000000    -0.00000000   0.00000000
 -0.00000000   0.00000000    -0.00000000   0.00000000     0.20320497   0.00000000
    1    2
 -0.00062831  -0.00062831     0.00000000   0.00000000    -0.00483181   0.00483181
  0.00000000  -0.00000000    -0.00066363  -0.00066363     0.00000000   0.00000000
 -0.03578335   0.03578336     0.00000000   0.00000000    -0.01302951  -0.01302951
    1    3
  0.00088857  -0.00000000     0.00000000  -0.00000000     0.00000000   0.00683321
  0.00000000  -0.00000000     0.00093851  -0.00000000    -0.00000000   0.00000000
  0.00000000   0.05060531    -0.00000000  -0.00000000     0.01842651  -0.00000000
    1    4
  0.00093851  -0.00000000     0.00000000  -0.00000000    -0.00000000  -0.00000000
  0.00000000  -0.00000000     0.00088857  -0.00000000     0.00000000   0.00683321
 -0.00000000   0.00000000     0.00000000   0.05060531     0.01842651  -0.00000000
    1    5
 -0.00066363  -0.00066363     0.00000000   0.00000000     0.00000000   0.00000000
  0.00000000   0.00000000    -0.00062831  -0.00062831    -0.00483181   0.00483181
  0.00000000   0.00000000    -0.03578335   0.03578336    -0.01302951  -0.01302951
    1    6
 -0.00069339   0.00471437     0.00000000   0.00000000    -0.00000000   0.00000000
  0.00000000   0.00000000    -0.00284326   0.00382387    -0.00000000   0.00000000
 -0.00000000   0.00000000    -0.00000000   0.00000000     0.00921900  -0.02225664
    1    7
 -0.00284326   0.00382387     0.00000000  -0.00000000    -0.00000000   0.00000000
 -0.00000000  -0.00000000    -0.00069339   0.00471437    -0.00000000   0.00000000
 -0.00000000   0.00000000    -0.00000000   0.00000000     0.00921900  -0.02225664
    2    1
 -0.00062831   0.00062831     0.00000000   0.00000000    -0.03578335  -0.03578336
  0.00000000   0.00000000    -0.00066363   0.00066363     0.00000000  -0.00000000
 -0.00483181  -0.00483181    -0.00000000  -0.00000000    -0.01302951   0.01302951
    2    2
  0.02726947  -0.00000000    -0.00000000  -0.00000000    -0.00000000   0.00608432
 -0.00000000   0.00000000     0.06134760  -0.00000000    -0.00000000   0.00000000
 -0.00000000  -0.00608432    -0.00000000   0.00000000     0.03170593   0.00000000
    2    3
  0.00890534  -0.00890534    -0.00000000   0.00000000    -0.00306752  -0.00306752
 -0.00000000   0.00000000     0.03917039  -0.03917037    -0.00000000   0.00000000
 -0.00306752  -0.00306752    -0.00000000   0.00000000     0.00670882  -0.00670882
    2    4
  0.00134781  -0.00134781     0.00939010  -0.00939010    -0.00126216  -0.00126216
  0.04035352  -0.04035350     0.00134781  -0.00134781    -0.00007814  -0.00007814
 -0.00007814  -0.00007814    -0.00126216  -0.00126216    -0.00104645   0.00104645
    2    5
 -0.00190610   0.00000000     0.01327961   0.00000000     0.00000000   0.00178497
  0.05706848   0.00000000    -0.00190610   0.00000000     0.00000000  -0.00011051
  0.00000000   0.00011051     0.00000000  -0.00178497     0.00147991   0.00000000
    2    6
  0.00386030  -0.00093425     0.00000000  -0.00000000    -0.00267739   0.00218967
 -0.00000000   0.00000000    -0.00096522   0.00069030    -0.00000000   0.00000000
  0.01506485  -0.01593652    -0.00000000   0.00000000     0.00787115  -0.00255695
    2    7
 -0.00339026   0.00206903     0.00000000   0.00000000    -0.00344153   0.00034487
 -0.00000000  -0.00000000     0.00117063  -0.00019440     0.00000000  -0.00000000
  0.02192128   0.00061637     0.00000000  -0.00000000    -0.00737378   0.00375771
    3    1
  0.00088857   0.00000000     0.00000000   0.00000000     0.00000000  -0.05060531
  0.00000000   0.00000000     0.00093851   0.00000000    -0.00000000   0.00000000
  0.00000000  -0.00683321    -0.00000000   0.00000000     0.01842651   0.00000000
    3    2
  0.00890534   0.00890534    -0.00000000  -0.00000000    -0.00306752   0.00306752
 -0.00000000  -0.00000000     0.03917039   0.03917037    -0.00000000  -0.00000000
 -0.00306752   0.00306752    -0.00000000  -0.00000000     0.00670882   0.00670882
    3    3
  0.02726947   0.00000000    -0.00000000   0.00000000    -0.00000000  -0.00608432
 -0.00000000  -0.00000000     0.06134760   0.00000000    -0.00000000   0.00000000
 -0.00000000   0.00608432    -0.00000000   0.00000000     0.03170593  -0.00000000
    3    4
 -0.00190610   0.00000000     0.01327961  -0.00000000     0.00000000  -0.00178497
  0.05706848  -0.00000000    -0.00190610   0.00000000     0.00000000   0.00011051
 -0.00000000  -0.00011051     0.00000000   0.00178497     0.00147991  -0.00000000
    3    5
  0.00134781   0.00134781     0.00939010   0.00939010    -0.00126216   0.00126216
  0.04035352   0.04035350     0.00134781   0.00134781    -0.00007814   0.00007814
 -0.00007814   0.00007814    -0.00126216   0.00126216    -0.00104645  -0.00104645
    3    6
 -0.00339026  -0.00206903     0.00000000   0.00000000    -0.00344153  -0.00034487
 -0.00000000   0.00000000     0.00117063   0.00019440    -0.00000000   0.00000000
  0.02192128  -0.00061637     0.00000000   0.00000000    -0.00737378  -0.00375771
    3    7
  0.00386030   0.00093425    -0.00000000  -0.00000000    -0.00267739  -0.00218967
 -0.00000000  -0.00000000    -0.00096522  -0.00069030    -0.00000000  -0.00000000
  0.01506485   0.01593652    -0.00000000  -0.00000000     0.00787115   0.00255695
    4    1
  0.00093851   0.00000000     0.00000000   0.00000000    -0.00000000   0.00000000
  0.00000000   0.00000000     0.00088857   0.00000000     0.00000000  -0.05060531
 -0.00000000   0.00000000     0.00000000  -0.00683321     0.01842651   0.00000000
    4    2
  0.00134781   0.00134781     0.04035352   0.04035350    -0.00007814   0.00007814
  0.00939010   0.00939010     0.00134781   0.00134781    -0.00126216   0.00126216
 -0.00126216   0.00126216    -0.00007814   0.00007814    -0.00104645  -0.00104645
    4    3
 -0.00190610  -0.00000000     0.05706848   0.00000000    -0.00000000   0.00011051
  0.01327961   0.00000000    -0.00190610  -0.00000000    -0.00000000  -0.00178497
  0.00000000   0.00178497     0.00000000  -0.00011051     0.00147991   0.00000000
    4    4
  0.06134760   0.00000000    -0.00000000  -0.00000000    -0.00000000  -0.00000000
  0.00000000   0.00000000     0.02726947   0.00000000    -0.00000000  -0.00608432
 -0.00000000   0.00000000    -0.00000000   0.00608432     0.03170593   0.00000000
    4    5
  0.03917039   0.03917037     0.00000000  -0.00000000    -0.00000000   0.00000000
 -0.00000000  -0.00000000     0.00890534   0.00890534    -0.00306752   0.00306752
 -0.00000000  -0.00000000    -0.00306752   0.00306752     0.00670882   0.00670882
    4    6
 -0.00096522  -0.00069030    -0.00000000  -0.00000000    -0.00000000  -0.00000000
 -0.00000000  -0.00000000     0.00386030   0.00093425    -0.00267739  -0.00218967
 -0.00000000  -0.00000000     0.01506485   0.01593652     0.00787115   0.00255695
    4    7
  0.00117063   0.00019440    -0.00000000   0.00000000     0.00000000   0.00000000
 -0.00000000   0.00000000    -0.00339026  -0.00206903    -0.00344153  -0.00034487
 -0.00000000   0.00000000     0.02192128  -0.00061637    -0.00737378  -0.00375771
    5    1
 -0.00066363   0.00066363     0.00000000   0.00000000     0.00000000   0.00000000
  0.00000000   0.00000000    -0.00062831   0.00062831    -0.03578335  -0.03578336
  0.00000000  -0.00000000    -0.00483181  -0.00483181    -0.01302951   0.01302951
    5    2
 -0.00190610   0.00000000     0.05706848   0.00000000    -0.00000000  -0.00011051
  0.01327961   0.00000000    -0.00190610   0.00000000     0.00000000   0.00178497
  0.00000000  -0.00178497     0.00000000   0.00011051     0.00147991   0.00000000
    5    3
  0.00134781  -0.00134781     0.04035352  -0.04035350    -0.00007814  -0.00007814
  0.00939010  -0.00939010     0.00134781  -0.00134781    -0.00126216  -0.00126216
 -0.00126216  -0.00126216    -0.00007814  -0.00007814    -0.00104645   0.00104645
    5    4
  0.03917039  -0.03917037     0.00000000   0.00000000    -0.00000000  -0.00000000
 -0.00000000   0.00000000     0.00890534  -0.00890534    -0.00306752  -0.00306752
 -0.00000000   0.00000000    -0.00306752  -0.00306752     0.00670882  -0.00670882
    5    5
  0.06134760  -0.00000000    -0.00000000   0.00000000    -0.00000000   0.00000000
  0.00000000  -0.00000000     0.02726947  -0.00000000    -0.00000000   0.00608432
 -0.00000000  -0.00000000    -0.00000000  -0.00608432     0.03170593  -0.00000000
    5    6
  0.00117063  -0.00019440    -0.00000000  -0.00000000     0.00000000  -0.00000000
 -0.00000000   0.00000000    -0.00339026   0.00206903    -0.00344153   0.00034487
  0.00000000  -0.00000000     0.02192128   0.00061637    -0.00737378   0.00375771
    5    7
 -0.00096522   0.00069030    -0.00000000   0.00000000    -0.00000000  -0.00000000
  0.00000000   0.00000000     0.00386030  -0.00093425    -0.00267739   0.00218967
 -0.00000000   0.00000000     0.01506485  -0.01593652     0.00787115  -0.00255695
    6    1
 -0.00069339  -0.00471437     0.00000000  -0.00000000    -0.00000000  -0.00000000
  0.00000000  -0.00000000    -0.00284326  -0.00382387    -0.00000000  -0.00000000
 -0.00000000  -0.00000000    -0.00000000  -0.00000000     0.00921900   0.02225664
    6    2
  0.00386030   0.00093425    -0.00000000  -0.00000000     0.01506485   0.01593652
  0.00000000   0.00000000    -0.00096522  -0.00069030    -0.00000000   0.00000000
 -0.00267739  -0.00218967    -0.00000000   0.00000000     0.00787115   0.00255695
    6    3
 -0.00339026   0.00206903    -0.00000000   0.00000000     0.02192128   0.00061637
 -0.00000000   0.00000000     0.00117063  -0.00019440     0.00000000   0.00000000
 -0.00344153   0.00034487     0.00000000  -0.00000000    -0.00737378   0.00375771
    6    4
 -0.00096522   0.00069030    -0.00000000   0.00000000    -0.00000000   0.00000000
  0.00000000   0.00000000     0.00386030  -0.00093425     0.01506485  -0.01593652
  0.00000000   0.00000000    -0.00267739   0.00218967     0.00787115  -0.00255695
    6    5
  0.00117063   0.00019440    -0.00000000  -0.00000000     0.00000000   0.00000000
 -0.00000000   0.00000000    -0.00339026  -0.00206903     0.02192128  -0.00061637
  0.00000000   0.00000000    -0.00344153  -0.00034487    -0.00737378  -0.00375771
    6    6
  0.03220941   0.00000000    -0.00000000  -0.00000000    -0.00000000   0.00000000
  0.00000000  -0.00000000     0.03220941  -0.00000000    -0.00000000   0.00000000
 -0.00000000   0.00000000    -0.00000000   0.00000000     0.05167534   0.00000000
    6    7
  0.01327456   0.01702010     0.00000000   0.00000000    -0.00000000   0.00000000
  0.00000000  -0.00000000     0.01327456  -0.01702010    -0.00000000   0.00000000
 -0.00000000   0.00000000    -0.00000000   0.00000000     0.01277758  -0.00000000
    7    1
 -0.00284326  -0.00382387     0.00000000  -0.00000000    -0.00000000  -0.00000000
  0.00000000  -0.00000000    -0.00069339  -0.00471437    -0.00000000  -0.00000000
 -0.00000000  -0.00000000    -0.00000000  -0.00000000     0.00921900   0.02225664
    7    2
 -0.00339026  -0.00206903    -0.00000000   0.00000000     0.02192128  -0.00061637
 -0.00000000  -0.00000000     0.00117063   0.00019440     0.00000000   0.00000000
 -0.00344153  -0.00034487     0.00000000   0.00000000    -0.00737378  -0.00375771
    7    3
  0.00386030  -0.00093425    -0.00000000   0.00000000     0.01506485  -0.01593652
  0.00000000   0.00000000    -0.00096522   0.00069030    -0.00000000   0.00000000
 -0.00267739   0.00218967    -0.00000000   0.00000000     0.00787115  -0.00255695
    7    4
  0.00117063  -0.00019440    -0.00000000   0.00000000     0.00000000  -0.00000000
 -0.00000000  -0.00000000    -0.00339026   0.00206903     0.02192128   0.00061637
 -0.00000000  -0.00000000    -0.00344153   0.00034487    -0.00737378   0.00375771
    7    5
 -0.00096522  -0.00069030    -0.00000000   0.00000000    -0.00000000   0.00000000
 -0.00000000  -0.00000000     0.00386030   0.00093425     0.01506485   0.01593652
 -0.00000000  -0.00000000    -0.00267739  -0.00218967     0.00787115   0.00255695
    7    6
  0.01327456  -0.01702010     0.00000000  -0.00000000    -0.00000000  -0.00000000
  0.00000000   0.00000000     0.01327456   0.01702010    -0.00000000  -0.00000000
 -0.00000000   0.00000000    -0.00000000   0.00000000     0.01277758   0.00000000
    7    7
  0.03220941  -0.00000000    -0.00000000   0.00000000    -0.00000000   0.00000000
  0.00000000   0.00000000     0.03220941   0.00000000    -0.00000000   0.00000000
 -0.00000000   0.00000000    -0.00000000   0.00000000     0.05167534   0.00000000

     Dynamical  Matrix in cartesian axes

     q = (    0.649519100  -0.000000000   0.000000000 ) 

    1    1
  0.20320497   0.00000000     0.00000000   0.00000000     0.00000000   0.00000000
  0.00000000   0.00000000     0.03123766   0.00000000     0.00000000   0.00000000
  0.00000000   0.00000000     0.00000000   0.00000000     0.03123766   0.00000000
    1    2
  0.00921900  -0.02225664    -0.00000000   0.00000000     0.00000000   0.00000000
 -0.00000000   0.00000000    -0.00069339   0.00471437     0.00000000   0.00000000
  0.00000000   0.00000000     0.00000000   0.00000000    -0.00284326   0.00382387
    1    3
  0.00921900  -0.02225664     0.00000000   0.00000000     0.00000000   0.00000000
  0.00000000   0.00000000    -0.00284326   0.00382387     0.00000000   0.00000000
  0.00000000   0.00000000     0.00000000   0.00000000    -0.00069339   0.00471437
    1    4
 -0.01302951  -0.01302951    -0.03578335   0.03578336    -0.00000000   0.00000000
 -0.00483181   0.00483181    -0.00062831  -0.00062831    -0.00000000   0.00000000
 -0.00000000  -0.00000000    -0.00000000   0.00000000    -0.00066363  -0.00066363
    1    5
  0.01842651  -0.00000000     0.00000000   0.05060531     0.00000000   0.00000000
  0.00000000   0.00683321     0.00088857  -0.00000000     0.00000000   0.00000000
 -0.00000000   0.00000000     0.00000000  -0.00000000     0.00093851  -0.00000000
    1    6
  0.01842651  -0.00000000    -0.00000000  -0.00000000     0.00000000   0.05060531
  0.00000000  -0.00000000     0.00093851  -0.00000000     0.00000000  -0.00000000
  0.00000000   0.00683321     0.00000000  -0.00000000     0.00088857  -0.00000000
    1    7
 -0.01302951  -0.01302951     0.00000000  -0.00000000    -0.03578335   0.03578336
 -0.00000000   0.00000000    -0.00066363  -0.00066363    -0.00000000  -0.00000000
 -0.00483181   0.00483181     0.00000000   0.00000000    -0.00062831  -0.00062831
    2    1
  0.00921900   0.02225664     0.00000000  -0.00000000     0.00000000  -0.00000000
 -0.00000000   0.00000000    -0.00069339  -0.00471437     0.00000000   0.00000000
  0.00000000   0.00000000     0.00000000  -0.00000000    -0.00284326  -0.00382387
    2    2
  0.05167534   0.00000000    -0.00000000  -0.00000000    -0.00000000   0.00000000
 -0.00000000  -0.00000000     0.03220941   0.00000000     0.00000000   0.00000000
 -0.00000000   0.00000000     0.00000000   0.00000000     0.03220941  -0.00000000
    2    3
  0.01277758   0.00000000     0.00000000  -0.00000000    -0.00000000   0.00000000
  0.00000000   0.00000000     0.01327456   0.01702010    -0.00000000   0.00000000
 -0.00000000   0.00000000    -0.00000000   0.00000000     0.01327456  -0.01702010
    2    4
  0.00787115   0.00255695    -0.00267739  -0.00218967     0.00000000   0.00000000
  0.01506485   0.01593652     0.00386030   0.00093425     0.00000000   0.00000000
 -0.00000000   0.00000000    -0.00000000   0.00000000    -0.00096522  -0.00069030
    2    5
 -0.00737378   0.00375771    -0.00344153   0.00034487    -0.00000000   0.00000000
  0.02192128   0.00061637    -0.00339026   0.00206903    -0.00000000   0.00000000
 -0.00000000   0.00000000    -0.00000000   0.00000000     0.00117063  -0.00019440
    2    6
  0.00787115  -0.00255695    -0.00000000   0.00000000    -0.00267739   0.00218967
 -0.00000000   0.00000000    -0.00096522   0.00069030    -0.00000000  -0.00000000
  0.01506485  -0.01593652    -0.00000000   0.00000000     0.00386030  -0.00093425
    2    7
 -0.00737378  -0.00375771     0.00000000   0.00000000    -0.00344153  -0.00034487
 -0.00000000  -0.00000000     0.00117063   0.00019440    -0.00000000   0.00000000
  0.02192128  -0.00061637    -0.00000000   0.00000000    -0.00339026  -0.00206903
    3    1
  0.00921900   0.02225664    -0.00000000  -0.00000000    -0.00000000  -0.00000000
  0.00000000  -0.00000000    -0.00284326  -0.00382387     0.00000000  -0.00000000
 -0.00000000   0.00000000    -0.00000000   0.00000000    -0.00069339  -0.00471437
    3    2
  0.01277758  -0.00000000     0.00000000   0.00000000    -0.00000000  -0.00000000
  0.00000000  -0.00000000     0.01327456  -0.01702010    -0.00000000  -0.00000000
 -0.00000000  -0.00000000    -0.00000000  -0.00000000     0.01327456   0.01702010
    3    3
  0.05167534  -0.00000000    -0.00000000   0.00000000    -0.00000000  -0.00000000
 -0.00000000   0.00000000     0.03220941  -0.00000000     0.00000000  -0.00000000
 -0.00000000  -0.00000000     0.00000000  -0.00000000     0.03220941   0.00000000
    3    4
 -0.00737378  -0.00375771    -0.00344153  -0.00034487    -0.00000000   0.00000000
  0.02192128  -0.00061637    -0.00339026  -0.00206903    -0.00000000   0.00000000
 -0.00000000  -0.00000000    -0.00000000   0.00000000     0.00117063   0.00019440
    3    5
  0.00787115  -0.00255695    -0.00267739   0.00218967     0.00000000   0.00000000
  0.01506485  -0.01593652     0.00386030  -0.00093425     0.00000000  -0.00000000
  0.00000000   0.00000000     0.00000000  -0.00000000    -0.00096522   0.00069030
    3    6
 -0.00737378   0.00375771     0.00000000   0.00000000    -0.00344153   0.00034487
 -0.00000000   0.00000000     0.00117063  -0.00019440    -0.00000000  -0.00000000
  0.02192128   0.00061637     0.00000000   0.00000000    -0.00339026   0.00206903
    3    7
  0.00787115   0.00255695    -0.00000000  -0.00000000    -0.00267739  -0.00218967
 -0.00000000  -0.00000000    -0.00096522  -0.00069030    -0.00000000   0.00000000
  0.01506485   0.01593652    -0.00000000  -0.00000000     0.00386030   0.00093425
    4    1
 -0.01302951   0.01302951    -0.00483181  -0.00483181     0.00000000  -0.00000000
 -0.03578335  -0.03578336    -0.00062831   0.00062831     0.00000000  -0.00000000
 -0.00000000   0.00000000     0.00000000   0.00000000    -0.00066363   0.00066363
    4    2
  0.00787115  -0.00255695     0.01506485  -0.01593652     0.00000000   0.00000000
 -0.00267739   0.00218967     0.00386030  -0.00093425     0.00000000  -0.00000000
 -0.00000000   0.00000000    -0.00000000   0.00000000    -0.00096522   0.00069030
    4    3
 -0.00737378   0.00375771     0.02192128   0.00061637     0.00000000   0.00000000
 -0.00344153   0.00034487    -0.00339026   0.00206903    -0.00000000   0.00000000
 -0.00000000   0.00000000     0.00000000   0.00000000     0.00117063  -0.00019440
    4    4
  0.03170593  -0.00000000     0.00000000  -0.00608432    -0.00000000   0.00000000
  0.00000000   0.00608432     0.02726947   0.00000000    -0.00000000   0.00000000
 -0.00000000   0.00000000    -0.00000000   0.00000000     0.06134760  -0.00000000
    4    5
  0.00670882  -0.00670882    -0.00306752  -0.00306752    -0.00000000   0.00000000
 -0.00306752  -0.00306752     0.00890534  -0.00890534    -0.00000000   0.00000000
 -0.00000000   0.00000000    -0.00000000   0.00000000     0.03917039  -0.03917037
    4    6
 -0.00104645   0.00104645    -0.00007814  -0.00007814    -0.00126216  -0.00126216
 -0.00126216  -0.00126216     0.00134781  -0.00134781     0.00939010  -0.00939010
 -0.00007814  -0.00007814     0.04035352  -0.04035350     0.00134781  -0.00134781
    4    7
  0.00147991  -0.00000000    -0.00000000   0.00011051     0.00000000  -0.00178497
 -0.00000000   0.00178497    -0.00190610   0.00000000     0.01327961  -0.00000000
  0.00000000  -0.00011051     0.05706848  -0.00000000    -0.00190610   0.00000000
    5    1
  0.01842651   0.00000000     0.00000000  -0.00683321     0.00000000  -0.00000000
  0.00000000  -0.05060531     0.00088857   0.00000000    -0.00000000  -0.00000000
  0.00000000   0.00000000     0.00000000  -0.00000000     0.00093851   0.00000000
    5    2
 -0.00737378  -0.00375771     0.02192128  -0.00061637     0.00000000   0.00000000
 -0.00344153  -0.00034487    -0.00339026  -0.00206903    -0.00000000   0.00000000
 -0.00000000   0.00000000     0.00000000   0.00000000     0.00117063   0.00019440
    5    3
  0.00787115   0.00255695     0.01506485   0.01593652     0.00000000   0.00000000
 -0.00267739  -0.00218967     0.00386030   0.00093425     0.00000000   0.00000000
  0.00000000   0.00000000     0.00000000   0.00000000    -0.00096522  -0.00069030
    5    4
  0.00670882   0.00670882    -0.00306752   0.00306752    -0.00000000  -0.00000000
 -0.00306752   0.00306752     0.00890534   0.00890534    -0.00000000  -0.00000000
 -0.00000000  -0.00000000    -0.00000000  -0.00000000     0.03917039   0.03917037
    5    5
  0.03170593   0.00000000     0.00000000   0.00608432    -0.00000000   0.00000000
  0.00000000  -0.00608432     0.02726947  -0.00000000    -0.00000000   0.00000000
 -0.00000000   0.00000000    -0.00000000   0.00000000     0.06134760   0.00000000
    5    6
  0.00147991   0.00000000    -0.00000000  -0.00011051     0.00000000   0.00178497
 -0.00000000  -0.00178497    -0.00190610  -0.00000000     0.01327961   0.00000000
  0.00000000   0.00011051     0.05706848   0.00000000    -0.00190610  -0.00000000
    5    7
 -0.00104645  -0.00104645    -0.00007814   0.00007814    -0.00126216   0.00126216
 -0.00126216   0.00126216     0.00134781   0.00134781     0.00939010   0.00939010
 -0.00007814   0.00007814     0.04035352   0.04035350     0.00134781   0.00134781
    6    1
  0.01842651   0.00000000    -0.00000000   0.00000000     0.00000000  -0.00683321
  0.00000000   0.00000000     0.00093851   0.00000000     0.00000000   0.00000000
  0.00000000  -0.05060531     0.00000000   0.00000000     0.00088857   0.00000000
    6    2
  0.00787115   0.00255695    -0.00000000  -0.00000000     0.01506485   0.01593652
  0.00000000   0.00000000    -0.00096522  -0.00069030     0.00000000  -0.00000000
 -0.00267739  -0.00218967    -0.00000000   0.00000000     0.00386030   0.00093425
    6    3
 -0.00737378  -0.00375771    -0.00000000   0.00000000     0.02192128  -0.00061637
 -0.00000000   0.00000000     0.00117063   0.00019440     0.00000000   0.00000000
 -0.00344153  -0.00034487     0.00000000   0.00000000    -0.00339026  -0.00206903
    6    4
 -0.00104645  -0.00104645    -0.00126216   0.00126216    -0.00007814   0.00007814
 -0.00007814   0.00007814     0.00134781   0.00134781     0.04035352   0.04035350
 -0.00126216   0.00126216     0.00939010   0.00939010     0.00134781   0.00134781
    6    5
  0.00147991  -0.00000000     0.00000000   0.00178497     0.00000000  -0.00011051
 -0.00000000   0.00011051    -0.00190610   0.00000000     0.05706848  -0.00000000
  0.00000000  -0.00178497     0.01327961  -0.00000000    -0.00190610   0.00000000
    6    6
  0.03170593   0.00000000    -0.00000000  -0.00000000    -0.00000000   0.00608432
  0.00000000   0.00000000     0.06134760   0.00000000    -0.00000000  -0.00000000
  0.00000000  -0.00608432    -0.00000000   0.00000000     0.02726947  -0.00000000
    6    7
  0.00670882   0.00670882     0.00000000  -0.00000000    -0.00306752   0.00306752
 -0.00000000  -0.00000000     0.03917039   0.03917037    -0.00000000  -0.00000000
 -0.00306752   0.00306752    -0.00000000   0.00000000     0.00890534   0.00890534
    7    1
 -0.01302951   0.01302951     0.00000000   0.00000000    -0.00483181  -0.00483181
  0.00000000   0.00000000    -0.00066363   0.00066363     0.00000000  -0.00000000
 -0.03578335  -0.03578336     0.00000000  -0.00000000    -0.00062831   0.00062831
    7    2
 -0.00737378   0.00375771    -0.00000000   0.00000000     0.02192128   0.00061637
  0.00000000   0.00000000     0.00117063  -0.00019440     0.00000000  -0.00000000
 -0.00344153   0.00034487     0.00000000  -0.00000000    -0.00339026   0.00206903
    7    3
  0.00787115  -0.00255695    -0.00000000   0.00000000     0.01506485  -0.01593652
 -0.00000000  -0.00000000    -0.00096522   0.00069030    -0.00000000   0.00000000
 -0.00267739   0.00218967    -0.00000000   0.00000000     0.00386030  -0.00093425
    7    4
  0.00147991   0.00000000     0.00000000  -0.00178497     0.00000000   0.00011051
 -0.00000000  -0.00011051    -0.00190610  -0.00000000     0.05706848   0.00000000
  0.00000000   0.00178497     0.01327961   0.00000000    -0.00190610  -0.00000000
    7    5
 -0.00104645   0.00104645    -0.00126216  -0.00126216    -0.00007814  -0.00007814
 -0.00007814  -0.00007814     0.00134781  -0.00134781     0.04035352  -0.04035350
 -0.00126216  -0.00126216     0.00939010  -0.00939010     0.00134781  -0.00134781
    7    6
  0.00670882  -0.00670882     0.00000000   0.00000000    -0.00306752  -0.00306752
 -0.00000000   0.00000000     0.03917039  -0.03917037    -0.00000000   0.00000000
 -0.00306752  -0.00306752    -0.00000000  -0.00000000     0.00890534  -0.00890534
    7    7
  0.03170593  -0.00000000    -0.00000000   0.00000000    -0.00000000  -0.00608432
  0.00000000  -0.00000000     0.06134760  -0.00000000    -0.00000000   0.00000000
  0.00000000   0.00608432    -0.00000000  -0.00000000     0.02726947   0.00000000

     Dynamical  Matrix in cartesian axes

     q = (   -0.649519100  -0.000000000  -0.000000000 ) 

    1    1
  0.20320497   0.00000000     0.00000000   0.00000000     0.00000000   0.00000000
  0.00000000   0.00000000     0.03123766   0.00000000     0.00000000   0.00000000
  0.00000000   0.00000000     0.00000000   0.00000000     0.03123766   0.00000000
    1    2
  0.00921900   0.02225664    -0.00000000  -0.00000000     0.00000000   0.00000000
 -0.00000000   0.00000000    -0.00069339  -0.00471437    -0.00000000   0.00000000
  0.00000000  -0.00000000     0.00000000   0.00000000    -0.00284326  -0.00382387
    1    3
  0.00921900   0.02225664    -0.00000000  -0.00000000    -0.00000000   0.00000000
 -0.00000000  -0.00000000    -0.00284326  -0.00382387    -0.00000000  -0.00000000
 -0.00000000   0.00000000    -0.00000000   0.00000000    -0.00069339  -0.00471437
    1    4
 -0.01302951   0.01302951    -0.03578335  -0.03578336     0.00000000  -0.00000000
 -0.00483181  -0.00483181    -0.00062831   0.00062831     0.00000000   0.00000000
  0.00000000   0.00000000     0.00000000  -0.00000000    -0.00066363   0.00066363
    1    5
  0.01842651   0.00000000     0.00000000  -0.05060531     0.00000000   0.00000000
  0.00000000  -0.00683321     0.00088857   0.00000000     0.00000000   0.00000000
  0.00000000   0.00000000     0.00000000   0.00000000     0.00093851   0.00000000
    1    6
  0.01842651   0.00000000     0.00000000   0.00000000     0.00000000  -0.05060531
  0.00000000   0.00000000     0.00093851  -0.00000000     0.00000000   0.00000000
  0.00000000  -0.00683321     0.00000000  -0.00000000     0.00088857  -0.00000000
    1    7
 -0.01302951   0.01302951     0.00000000   0.00000000    -0.03578335  -0.03578336
  0.00000000   0.00000000    -0.00066363   0.00066363     0.00000000  -0.00000000
 -0.00483181  -0.00483181     0.00000000  -0.00000000    -0.00062831   0.00062831
    2    1
  0.00921900  -0.02225664    -0.00000000   0.00000000    -0.00000000   0.00000000
 -0.00000000   0.00000000    -0.00069339   0.00471437    -0.00000000   0.00000000
  0.00000000   0.00000000    -0.00000000   0.00000000    -0.00284326   0.00382387
    2    2
  0.05167534  -0.00000000    -0.00000000   0.00000000     0.00000000  -0.00000000
  0.00000000   0.00000000     0.03220941  -0.00000000    -0.00000000  -0.00000000
  0.00000000  -0.00000000    -0.00000000  -0.00000000     0.03220941   0.00000000
    2    3
  0.01277758   0.00000000    -0.00000000   0.00000000    -0.00000000  -0.00000000
 -0.00000000   0.00000000     0.01327456  -0.01702010    -0.00000000  -0.00000000
 -0.00000000  -0.00000000    -0.00000000  -0.00000000     0.01327456   0.01702010
    2    4
  0.00787115  -0.00255695    -0.00267739   0.00218967    -0.00000000   0.00000000
  0.01506485  -0.01593652     0.00386030  -0.00093425    -0.00000000   0.00000000
  0.00000000  -0.00000000     0.00000000  -0.00000000    -0.00096522   0.00069030
    2    5
 -0.00737378  -0.00375771    -0.00344153  -0.00034487    -0.00000000  -0.00000000
  0.02192128  -0.00061637    -0.00339026  -0.00206903     0.00000000   0.00000000
  0.00000000   0.00000000     0.00000000  -0.00000000     0.00117063   0.00019440
    2    6
  0.00787115   0.00255695    -0.00000000  -0.00000000    -0.00267739  -0.00218967
 -0.00000000  -0.00000000    -0.00096522  -0.00069030     0.00000000  -0.00000000
  0.01506485   0.01593652    -0.00000000   0.00000000     0.00386030   0.00093425
    2    7
 -0.00737378   0.00375771     0.00000000   0.00000000    -0.00344153   0.00034487
  0.00000000   0.00000000     0.00117063  -0.00019440     0.00000000   0.00000000
  0.02192128   0.00061637     0.00000000  -0.00000000    -0.00339026   0.00206903
    3    1
  0.00921900  -0.02225664     0.00000000   0.00000000     0.00000000   0.00000000
  0.00000000   0.00000000    -0.00284326   0.00382387     0.00000000   0.00000000
  0.00000000   0.00000000     0.00000000   0.00000000    -0.00069339   0.00471437
    3    2
  0.01277758  -0.00000000    -0.00000000  -0.00000000    -0.00000000   0.00000000
 -0.00000000  -0.00000000     0.01327456   0.01702010    -0.00000000   0.00000000
 -0.00000000   0.00000000    -0.00000000   0.00000000     0.01327456  -0.01702010
    3    3
  0.05167534   0.00000000    -0.00000000  -0.00000000     0.00000000   0.00000000
  0.00000000  -0.00000000     0.03220941   0.00000000    -0.00000000   0.00000000
  0.00000000   0.00000000    -0.00000000   0.00000000     0.03220941  -0.00000000
    3    4
 -0.00737378   0.00375771    -0.00344153   0.00034487    -0.00000000  -0.00000000
  0.02192128   0.00061637    -0.00339026   0.00206903    -0.00000000  -0.00000000
  0.00000000   0.00000000     0.00000000   0.00000000     0.00117063  -0.00019440
    3    5
  0.00787115   0.00255695    -0.00267739  -0.00218967     0.00000000  -0.00000000
  0.01506485   0.01593652     0.00386030   0.00093425     0.00000000  -0.00000000
 -0.00000000   0.00000000    -0.00000000   0.00000000    -0.00096522  -0.00069030
    3    6
 -0.00737378  -0.00375771     0.00000000   0.00000000    -0.00344153  -0.00034487
  0.00000000  -0.00000000     0.00117063   0.00019440    -0.00000000  -0.00000000
  0.02192128  -0.00061637     0.00000000   0.00000000    -0.00339026  -0.00206903
    3    7
  0.00787115  -0.00255695    -0.00000000   0.00000000    -0.00267739   0.00218967
 -0.00000000   0.00000000    -0.00096522   0.00069030    -0.00000000  -0.00000000
  0.01506485  -0.01593652    -0.00000000   0.00000000     0.00386030  -0.00093425
    4    1
 -0.01302951  -0.01302951    -0.00483181   0.00483181     0.00000000  -0.00000000
 -0.03578335   0.03578336    -0.00062831  -0.00062831     0.00000000   0.00000000
  0.00000000   0.00000000     0.00000000   0.00000000    -0.00066363  -0.00066363
    4    2
  0.00787115   0.00255695     0.01506485   0.01593652     0.00000000   0.00000000
 -0.00267739  -0.00218967     0.00386030   0.00093425     0.00000000   0.00000000
  0.00000000   0.00000000     0.00000000   0.00000000    -0.00096522  -0.00069030
    4    3
 -0.00737378  -0.00375771     0.02192128  -0.00061637    -0.00000000   0.00000000
 -0.00344153  -0.00034487    -0.00339026  -0.00206903    -0.00000000   0.00000000
 -0.00000000   0.00000000    -0.00000000   0.00000000     0.00117063   0.00019440
    4    4
  0.03170593   0.00000000    -0.00000000   0.00608432    -0.00000000   0.00000000
 -0.00000000  -0.00608432     0.02726947  -0.00000000    -0.00000000   0.00000000
 -0.00000000  -0.00000000    -0.00000000  -0.00000000     0.06134760   0.00000000
    4    5
  0.00670882   0.00670882    -0.00306752   0.00306752    -0.00000000  -0.00000000
 -0.00306752   0.00306752     0.00890534   0.00890534    -0.00000000  -0.00000000
 -0.00000000  -0.00000000    -0.00000000  -0.00000000     0.03917039   0.03917037
    4    6
 -0.00104645  -0.00104645    -0.00007814   0.00007814    -0.00126216   0.00126216
 -0.00126216   0.00126216     0.00134781   0.00134781     0.00939010   0.00939010
 -0.00007814   0.00007814     0.04035352   0.04035350     0.00134781   0.00134781
    4    7
  0.00147991  -0.00000000    -0.00000000  -0.00011051     0.00000000   0.00178497
 -0.00000000  -0.00178497    -0.00190610   0.00000000     0.01327961  -0.00000000
 -0.00000000   0.00011051     0.05706848  -0.00000000    -0.00190610   0.00000000
    5    1
  0.01842651  -0.00000000     0.00000000   0.00683321    -0.00000000   0.00000000
  0.00000000   0.05060531     0.00088857  -0.00000000    -0.00000000   0.00000000
 -0.00000000   0.00000000    -0.00000000   0.00000000     0.00093851   0.00000000
    5    2
 -0.00737378   0.00375771     0.02192128   0.00061637    -0.00000000  -0.00000000
 -0.00344153   0.00034487    -0.00339026   0.00206903    -0.00000000  -0.00000000
 -0.00000000  -0.00000000     0.00000000  -0.00000000     0.00117063  -0.00019440
    5    3
  0.00787115  -0.00255695     0.01506485  -0.01593652    -0.00000000   0.00000000
 -0.00267739   0.00218967     0.00386030  -0.00093425    -0.00000000   0.00000000
 -0.00000000   0.00000000    -0.00000000   0.00000000    -0.00096522   0.00069030
    5    4
  0.00670882  -0.00670882    -0.00306752  -0.00306752    -0.00000000   0.00000000
 -0.00306752  -0.00306752     0.00890534  -0.00890534    -0.00000000   0.00000000
 -0.00000000   0.00000000    -0.00000000   0.00000000     0.03917039  -0.03917037
    5    5
  0.03170593  -0.00000000    -0.00000000  -0.00608432    -0.00000000  -0.00000000
 -0.00000000   0.00608432     0.02726947   0.00000000    -0.00000000  -0.00000000
 -0.00000000   0.00000000    -0.00000000   0.00000000     0.06134760  -0.00000000
    5    6
  0.00147991   0.00000000    -0.00000000   0.00011051     0.00000000  -0.00178497
 -0.00000000   0.00178497    -0.00190610   0.00000000     0.01327961   0.00000000
 -0.00000000  -0.00011051     0.05706848   0.00000000    -0.00190610  -0.00000000
    5    7
 -0.00104645   0.00104645    -0.00007814  -0.00007814    -0.00126216  -0.00126216
 -0.00126216  -0.00126216     0.00134781  -0.00134781     0.00939010  -0.00939010
 -0.00007814  -0.00007814     0.04035352  -0.04035350     0.00134781  -0.00134781
    6    1
  0.01842651  -0.00000000    -0.00000000   0.00000000     0.00000000   0.00683321
  0.00000000  -0.00000000     0.00093851  -0.00000000     0.00000000  -0.00000000
  0.00000000   0.05060531     0.00000000  -0.00000000     0.00088857   0.00000000
    6    2
  0.00787115  -0.00255695    -0.00000000   0.00000000     0.01506485  -0.01593652
 -0.00000000   0.00000000    -0.00096522   0.00069030    -0.00000000   0.00000000
 -0.00267739   0.00218967     0.00000000   0.00000000     0.00386030  -0.00093425
    6    3
 -0.00737378   0.00375771    -0.00000000  -0.00000000     0.02192128   0.00061637
  0.00000000   0.00000000     0.00117063  -0.00019440    -0.00000000  -0.00000000
 -0.00344153   0.00034487     0.00000000  -0.00000000    -0.00339026   0.00206903
    6    4
 -0.00104645   0.00104645    -0.00126216  -0.00126216    -0.00007814  -0.00007814
 -0.00007814  -0.00007814     0.00134781  -0.00134781     0.04035352  -0.04035350
 -0.00126216  -0.00126216     0.00939010  -0.00939010     0.00134781  -0.00134781
    6    5
  0.00147991  -0.00000000    -0.00000000  -0.00178497     0.00000000   0.00011051
 -0.00000000  -0.00011051    -0.00190610   0.00000000     0.05706848  -0.00000000
  0.00000000   0.00178497     0.01327961  -0.00000000    -0.00190610   0.00000000
    6    6
  0.03170593  -0.00000000     0.00000000   0.00000000    -0.00000000  -0.00608432
 -0.00000000  -0.00000000     0.06134760  -0.00000000    -0.00000000  -0.00000000
 -0.00000000   0.00608432    -0.00000000   0.00000000     0.02726947   0.00000000
    6    7
  0.00670882  -0.00670882    -0.00000000   0.00000000    -0.00306752  -0.00306752
  0.00000000   0.00000000     0.03917039  -0.03917037     0.00000000   0.00000000
 -0.00306752  -0.00306752    -0.00000000   0.00000000     0.00890534  -0.00890534
    7    1
 -0.01302951  -0.01302951     0.00000000   0.00000000    -0.00483181   0.00483181
  0.00000000  -0.00000000    -0.00066363  -0.00066363     0.00000000   0.00000000
 -0.03578335   0.03578336    -0.00000000   0.00000000    -0.00062831  -0.00062831
    7    2
 -0.00737378  -0.00375771     0.00000000   0.00000000     0.02192128  -0.00061637
  0.00000000   0.00000000     0.00117063   0.00019440    -0.00000000   0.00000000
 -0.00344153  -0.00034487     0.00000000   0.00000000    -0.00339026  -0.00206903
    7    3
  0.00787115   0.00255695    -0.00000000  -0.00000000     0.01506485   0.01593652
 -0.00000000   0.00000000    -0.00096522  -0.00069030    -0.00000000  -0.00000000
 -0.00267739  -0.00218967    -0.00000000  -0.00000000     0.00386030   0.00093425
    7    4
  0.00147991   0.00000000    -0.00000000   0.00178497     0.00000000  -0.00011051
 -0.00000000   0.00011051    -0.00190610   0.00000000     0.05706848   0.00000000
  0.00000000  -0.00178497     0.01327961   0.00000000    -0.00190610  -0.00000000
    7    5
 -0.00104645  -0.00104645    -0.00126216   0.00126216    -0.00007814   0.00007814
 -0.00007814   0.00007814     0.00134781   0.00134781     0.04035352   0.04035350
 -0.00126216   0.00126216     0.00939010   0.00939010     0.00134781   0.00134781
    7    6
  0.00670882   0.00670882    -0.00000000  -0.00000000    -0.00306752   0.00306752
  0.00000000   0.00000000     0.03917039   0.03917037     0.00000000  -0.00000000
 -0.00306752   0.00306752    -0.00000000  -0.00000000     0.00890534   0.00890534
    7    7
  0.03170593   0.00000000     0.00000000  -0.00000000    -0.00000000   0.00608432
 -0.00000000   0.00000000     0.06134760   0.00000000    -0.00000000   0.00000000
 -0.00000000  -0.00608432    -0.00000000  -0.00000000     0.02726947  -0.00000000

     Dynamical  Matrix in cartesian axes

     q = (   -0.000000000   0.649519100   0.000000000 ) 

    1    1
  0.03123766   0.00000000     0.00000000   0.00000000     0.00000000   0.00000000
  0.00000000   0.00000000     0.20320497   0.00000000     0.00000000   0.00000000
 -0.00000000   0.00000000     0.00000000   0.00000000     0.03123766   0.00000000
    1    2
  0.00088857   0.00000000     0.00000000   0.00683321    -0.00000000   0.00000000
  0.00000000   0.05060531     0.01842651  -0.00000000     0.00000000   0.00000000
  0.00000000   0.00000000     0.00000000  -0.00000000     0.00093851  -0.00000000
    1    3
 -0.00062831  -0.00062831    -0.00483181   0.00483181     0.00000000   0.00000000
 -0.03578335   0.03578336    -0.01302951  -0.01302951     0.00000000   0.00000000
  0.00000000   0.00000000     0.00000000   0.00000000    -0.00066363  -0.00066363
    1    4
 -0.00284326   0.00382387    -0.00000000   0.00000000    -0.00000000   0.00000000
 -0.00000000   0.00000000     0.00921900  -0.02225664     0.00000000   0.00000000
  0.00000000   0.00000000     0.00000000   0.00000000    -0.00069339   0.00471437
    1    5
 -0.00069339   0.00471437    -0.00000000   0.00000000    -0.00000000   0.00000000
 -0.00000000   0.00000000     0.00921900  -0.02225664    -0.00000000   0.00000000
  0.00000000   0.00000000     0.00000000   0.00000000    -0.00284326   0.00382387
    1    6
 -0.00066363  -0.00066363     0.00000000   0.00000000     0.00000000  -0.00000000
  0.00000000  -0.00000000    -0.01302951  -0.01302951    -0.03578335   0.03578336
  0.00000000  -0.00000000    -0.00483181   0.00483181    -0.00062831  -0.00062831
    1    7
  0.00093851  -0.00000000    -0.00000000  -0.00000000     0.00000000  -0.00000000
  0.00000000  -0.00000000     0.01842651  -0.00000000     0.00000000   0.05060531
