  2.000000000000000E-002   1.26015754758087        2.29045391948694     
          12

     Dynamical  Matrix in cartesian axes

     q = (    0.216506351   0.216506351   0.000000000 ) 

    1    1
  0.06296480  -0.00000000     0.04908875  -0.00000000    -0.00000000  -0.00000000
  0.04908875  -0.00000000     0.06296480  -0.00000000    -0.00000000  -0.00000000
 -0.00000000  -0.00000000    -0.00000000  -0.00000000     0.00796806   0.00000000
    1    2
 -0.00459939   0.00939820     0.00090858   0.01003150     0.00000000   0.00000000
 -0.00109500   0.00889992     0.00065494   0.01068114     0.00000000   0.00000000
  0.00000000   0.00000000     0.00000000   0.00000000    -0.00290220  -0.00512144
    1    3
 -0.00939820   0.00459939    -0.01003150  -0.00090858    -0.00000000  -0.00000000
 -0.00889992   0.00109500    -0.01068114  -0.00065494    -0.00000000  -0.00000000
 -0.00000000  -0.00000000    -0.00000000  -0.00000000     0.00512144   0.00290220
    1    4
 -0.01068114  -0.00065494    -0.00889992   0.00109500    -0.00000000   0.00000000
 -0.01003150  -0.00090858    -0.00939820   0.00459939    -0.00000000  -0.00000000
 -0.00000000  -0.00000000    -0.00000000  -0.00000000     0.00512144   0.00290220
    1    5
  0.00065494   0.01068114    -0.00109500   0.00889992     0.00000000   0.00000000
  0.00090858   0.01003150    -0.00459939   0.00939820     0.00000000   0.00000000
  0.00000000   0.00000000     0.00000000   0.00000000    -0.00290220  -0.00512144
    1    6
  0.00626856  -0.00626856     0.00442120  -0.00442120     0.00174985   0.00174985
  0.00442120  -0.00442120     0.00626856  -0.00626856    -0.00174985  -0.00174985
  0.00375383   0.00375383    -0.00375383  -0.00375383    -0.00205357   0.00205357
    1    7
  0.00626856  -0.00626856     0.00442120  -0.00442120    -0.00174985  -0.00174985
  0.00442120  -0.00442120     0.00626856  -0.00626856     0.00174985   0.00174985
 -0.00375383  -0.00375383     0.00375383   0.00375383    -0.00205357   0.00205357
    2    1
 -0.00459939  -0.00939820    -0.00109500  -0.00889992     0.00000000  -0.00000000
  0.00090858  -0.01003150     0.00065494  -0.01068114     0.00000000  -0.00000000
  0.00000000  -0.00000000     0.00000000  -0.00000000    -0.00290220   0.00512144
    2    2
  0.02155611  -0.00000000     0.00685924  -0.01754210    -0.00000000   0.00000000
  0.00685924   0.01754210     0.07830945  -0.00000000    -0.00000000   0.00000000
 -0.00000000   0.00000000    -0.00000000   0.00000000     0.02308065   0.00000000
    2    3
  0.00933926  -0.00909374     0.01539004   0.01283422     0.00000000  -0.00000000
  0.01539004   0.01283422    -0.02180342   0.06751326     0.00000000  -0.00000000
  0.00000000   0.00000000     0.00000000   0.00000000    -0.01653117   0.00915253
    2    4
  0.01552176   0.01681339     0.00593172   0.00133579     0.00000000  -0.00000000
 -0.02185017   0.06899516     0.01552176   0.01681339     0.00000000  -0.00000000
  0.00000000   0.00000000     0.00000000  -0.00000000     0.00647045   0.00224329
    2    5
  0.00287831  -0.01920770     0.00783748  -0.00000000     0.00000000   0.00000000
  0.07546157  -0.00000000     0.00287831   0.01920770     0.00000000   0.00000000
  0.00000000   0.00000000     0.00000000   0.00000000    -0.00668815   0.00000000
    2    6
 -0.00771002   0.00200549    -0.00318140   0.00087208    -0.00169942  -0.00134872
 -0.00282375  -0.00682582    -0.00177687  -0.00800063    -0.00027242   0.00039308
 -0.02085809   0.00519512    -0.00780051  -0.00065469    -0.00218894  -0.00416855
    2    7
 -0.00771002   0.00200549    -0.00318140   0.00087208     0.00169942   0.00134872
 -0.00282375  -0.00682582    -0.00177687  -0.00800063     0.00027242  -0.00039308
  0.02085809  -0.00519512     0.00780051   0.00065469    -0.00218894  -0.00416855
    3    1
 -0.00939820  -0.00459939    -0.00889992  -0.00109500    -0.00000000   0.00000000
 -0.01003150   0.00090858    -0.01068114   0.00065494    -0.00000000   0.00000000
 -0.00000000   0.00000000    -0.00000000   0.00000000     0.00512144  -0.00290220
    3    2
  0.00933926   0.00909374     0.01539004  -0.01283422     0.00000000   0.00000000
  0.01539004  -0.01283422    -0.02180342  -0.06751326     0.00000000   0.00000000
  0.00000000   0.00000000     0.00000000   0.00000000    -0.01653117  -0.00915253
    3    3
  0.02155611   0.00000000     0.00685924   0.01754210    -0.00000000   0.00000000
  0.00685924  -0.01754210     0.07830945   0.00000000    -0.00000000   0.00000000
 -0.00000000   0.00000000     0.00000000   0.00000000     0.02308065  -0.00000000
    3    4
  0.00287831   0.01920770     0.00783748   0.00000000     0.00000000   0.00000000
  0.07546157   0.00000000     0.00287831  -0.01920770     0.00000000   0.00000000
  0.00000000   0.00000000     0.00000000   0.00000000    -0.00668815  -0.00000000
    3    5
  0.01552176  -0.01681339     0.00593172  -0.00133579     0.00000000  -0.00000000
 -0.02185017  -0.06899516     0.01552176  -0.01681339     0.00000000  -0.00000000
  0.00000000   0.00000000     0.00000000   0.00000000     0.00647045  -0.00224329
    3    6
 -0.00771002  -0.00200549    -0.00318140  -0.00087208     0.00169942  -0.00134872
 -0.00282375   0.00682582    -0.00177687   0.00800063     0.00027242   0.00039308
  0.02085809   0.00519512     0.00780051  -0.00065469    -0.00218894   0.00416855
    3    7
 -0.00771002  -0.00200549    -0.00318140  -0.00087208    -0.00169942   0.00134872
 -0.00282375   0.00682582    -0.00177687   0.00800063    -0.00027242  -0.00039308
 -0.02085809  -0.00519512    -0.00780051   0.00065469    -0.00218894   0.00416855
    4    1
 -0.01068114   0.00065494    -0.01003150   0.00090858    -0.00000000   0.00000000
 -0.00889992  -0.00109500    -0.00939820  -0.00459939    -0.00000000   0.00000000
 -0.00000000   0.00000000    -0.00000000   0.00000000     0.00512144  -0.00290220
    4    2
  0.01552176  -0.01681339    -0.02185017  -0.06899516     0.00000000   0.00000000
  0.00593172  -0.00133579     0.01552176  -0.01681339     0.00000000   0.00000000
  0.00000000   0.00000000     0.00000000   0.00000000     0.00647045  -0.00224329
    4    3
  0.00287831  -0.01920770     0.07546157   0.00000000     0.00000000   0.00000000
  0.00783748   0.00000000     0.00287831   0.01920770     0.00000000   0.00000000
  0.00000000   0.00000000     0.00000000   0.00000000    -0.00668815  -0.00000000
    4    4
  0.07830945   0.00000000     0.00685924  -0.01754210    -0.00000000   0.00000000
  0.00685924   0.01754210     0.02155611   0.00000000    -0.00000000   0.00000000
 -0.00000000   0.00000000    -0.00000000   0.00000000     0.02308065  -0.00000000
    4    5
 -0.02180342  -0.06751326     0.01539004  -0.01283422     0.00000000   0.00000000
  0.01539004  -0.01283422     0.00933926   0.00909374     0.00000000   0.00000000
  0.00000000   0.00000000     0.00000000   0.00000000    -0.01653117  -0.00915253
    4    6
 -0.00177687   0.00800063    -0.00282375   0.00682582    -0.00027242  -0.00039308
 -0.00318140  -0.00087208    -0.00771002  -0.00200549    -0.00169942   0.00134872
 -0.00780051   0.00065469    -0.02085809  -0.00519512    -0.00218894   0.00416855
    4    7
 -0.00177687   0.00800063    -0.00282375   0.00682582     0.00027242   0.00039308
 -0.00318140  -0.00087208    -0.00771002  -0.00200549     0.00169942  -0.00134872
  0.00780051  -0.00065469     0.02085809   0.00519512    -0.00218894   0.00416855
    5    1
  0.00065494  -0.01068114     0.00090858  -0.01003150     0.00000000  -0.00000000
 -0.00109500  -0.00889992    -0.00459939  -0.00939820     0.00000000  -0.00000000
  0.00000000  -0.00000000     0.00000000  -0.00000000    -0.00290220   0.00512144
    5    2
  0.00287831   0.01920770     0.07546157  -0.00000000     0.00000000   0.00000000
  0.00783748  -0.00000000     0.00287831  -0.01920770     0.00000000   0.00000000
  0.00000000   0.00000000     0.00000000   0.00000000    -0.00668815   0.00000000
    5    3
  0.01552176   0.01681339    -0.02185017   0.06899516     0.00000000   0.00000000
  0.00593172   0.00133579     0.01552176   0.01681339     0.00000000   0.00000000
  0.00000000  -0.00000000     0.00000000  -0.00000000     0.00647045   0.00224329
    5    4
 -0.02180342   0.06751326     0.01539004   0.01283422     0.00000000  -0.00000000
  0.01539004   0.01283422     0.00933926  -0.00909374     0.00000000  -0.00000000
  0.00000000  -0.00000000     0.00000000  -0.00000000    -0.01653117   0.00915253
    5    5
  0.07830945  -0.00000000     0.00685924   0.01754210    -0.00000000   0.00000000
  0.00685924  -0.01754210     0.02155611   0.00000000    -0.00000000   0.00000000
 -0.00000000   0.00000000    -0.00000000   0.00000000     0.02308065   0.00000000
    5    6
 -0.00177687  -0.00800063    -0.00282375  -0.00682582     0.00027242  -0.00039308
 -0.00318140   0.00087208    -0.00771002   0.00200549     0.00169942   0.00134872
  0.00780051   0.00065469     0.02085809  -0.00519512    -0.00218894  -0.00416855
    5    7
 -0.00177687  -0.00800063    -0.00282375  -0.00682582    -0.00027242   0.00039308
 -0.00318140   0.00087208    -0.00771002   0.00200549    -0.00169942  -0.00134872
 -0.00780051  -0.00065469    -0.02085809   0.00519512    -0.00218894  -0.00416855
    6    1
  0.00626856   0.00626856     0.00442120   0.00442120     0.00375383  -0.00375383
  0.00442120   0.00442120     0.00626856   0.00626856    -0.00375383   0.00375383
  0.00174985  -0.00174985    -0.00174985   0.00174985    -0.00205357  -0.00205357
    6    2
 -0.00771002  -0.00200549    -0.00282375   0.00682582    -0.02085809  -0.00519512
 -0.00318140  -0.00087208    -0.00177687   0.00800063    -0.00780051   0.00065469
 -0.00169942   0.00134872    -0.00027242  -0.00039308    -0.00218894   0.00416855
    6    3
 -0.00771002   0.00200549    -0.00282375  -0.00682582     0.02085809  -0.00519512
 -0.00318140   0.00087208    -0.00177687  -0.00800063     0.00780051   0.00065469
  0.00169942   0.00134872     0.00027242  -0.00039308    -0.00218894  -0.00416855
    6    4
 -0.00177687  -0.00800063    -0.00318140   0.00087208    -0.00780051  -0.00065469
 -0.00282375  -0.00682582    -0.00771002   0.00200549    -0.02085809   0.00519512
 -0.00027242   0.00039308    -0.00169942  -0.00134872    -0.00218894  -0.00416855
    6    5
 -0.00177687   0.00800063    -0.00318140  -0.00087208     0.00780051  -0.00065469
 -0.00282375   0.00682582    -0.00771002  -0.00200549     0.02085809   0.00519512
  0.00027242   0.00039308     0.00169942  -0.00134872    -0.00218894   0.00416855
    6    6
  0.03034183   0.00000000     0.01305025  -0.00000000    -0.00000000   0.00397788
  0.01305025   0.00000000     0.03034183  -0.00000000    -0.00000000  -0.00397788
  0.00000000  -0.00397788    -0.00000000   0.00397788     0.00678406   0.00000000
    6    7
 -0.01542260  -0.00000000    -0.00629583   0.00000000    -0.00000000   0.00391996
 -0.00629583  -0.00000000    -0.01542260   0.00000000    -0.00000000  -0.00391996
 -0.00000000   0.00391996    -0.00000000  -0.00391996     0.00149304  -0.00000000
    7    1
  0.00626856   0.00626856     0.00442120   0.00442120    -0.00375383   0.00375383
  0.00442120   0.00442120     0.00626856   0.00626856     0.00375383  -0.00375383
 -0.00174985   0.00174985     0.00174985  -0.00174985    -0.00205357  -0.00205357
    7    2
 -0.00771002  -0.00200549    -0.00282375   0.00682582     0.02085809   0.00519512
 -0.00318140  -0.00087208    -0.00177687   0.00800063     0.00780051  -0.00065469
  0.00169942  -0.00134872     0.00027242   0.00039308    -0.00218894   0.00416855
    7    3
 -0.00771002   0.00200549    -0.00282375  -0.00682582    -0.02085809   0.00519512
 -0.00318140   0.00087208    -0.00177687  -0.00800063    -0.00780051  -0.00065469
 -0.00169942  -0.00134872    -0.00027242   0.00039308    -0.00218894  -0.00416855
    7    4
 -0.00177687  -0.00800063    -0.00318140   0.00087208     0.00780051   0.00065469
 -0.00282375  -0.00682582    -0.00771002   0.00200549     0.02085809  -0.00519512
  0.00027242  -0.00039308     0.00169942   0.00134872    -0.00218894  -0.00416855
    7    5
 -0.00177687   0.00800063    -0.00318140  -0.00087208    -0.00780051   0.00065469
 -0.00282375   0.00682582    -0.00771002  -0.00200549    -0.02085809  -0.00519512
 -0.00027242  -0.00039308    -0.00169942   0.00134872    -0.00218894   0.00416855
    7    6
 -0.01542260   0.00000000    -0.00629583  -0.00000000    -0.00000000  -0.00391996
 -0.00629583  -0.00000000    -0.01542260  -0.00000000    -0.00000000   0.00391996
 -0.00000000  -0.00391996    -0.00000000   0.00391996     0.00149304   0.00000000
    7    7
  0.03034183   0.00000000     0.01305025   0.00000000    -0.00000000  -0.00397788
  0.01305025  -0.00000000     0.03034183   0.00000000    -0.00000000   0.00397788
  0.00000000   0.00397788    -0.00000000  -0.00397788     0.00678406  -0.00000000

     Dynamical  Matrix in cartesian axes

     q = (    0.216506351  -0.216506351   0.000000000 ) 

    1    1
  0.06296480  -0.00000000    -0.04908875   0.00000000     0.00000000  -0.00000000
 -0.04908875   0.00000000     0.06296480  -0.00000000     0.00000000  -0.00000000
  0.00000000  -0.00000000    -0.00000000  -0.00000000     0.00796806  -0.00000000
    1    2
 -0.00459939   0.00939820    -0.00090858  -0.01003150     0.00000000   0.00000000
  0.00109500  -0.00889992     0.00065494   0.01068114     0.00000000   0.00000000
  0.00000000   0.00000000     0.00000000   0.00000000    -0.00290220  -0.00512144
    1    3
 -0.00459939  -0.00939820    -0.00090858   0.01003150     0.00000000   0.00000000
  0.00109500   0.00889992     0.00065494  -0.01068114     0.00000000  -0.00000000
  0.00000000   0.00000000     0.00000000   0.00000000    -0.00290220   0.00512144
    1    4
  0.00065494   0.01068114     0.00109500  -0.00889992     0.00000000   0.00000000
 -0.00090858  -0.01003150    -0.00459939   0.00939820     0.00000000   0.00000000
  0.00000000  -0.00000000     0.00000000   0.00000000    -0.00290220  -0.00512144
    1    5
  0.00065494  -0.01068114     0.00109500   0.00889992     0.00000000  -0.00000000
 -0.00090858   0.01003150    -0.00459939  -0.00939820     0.00000000   0.00000000
  0.00000000   0.00000000     0.00000000   0.00000000    -0.00290220   0.00512144
    1    6
  0.00626856   0.00626856    -0.00442120  -0.00442120    -0.00174985   0.00174985
 -0.00442120  -0.00442120     0.00626856   0.00626856    -0.00174985   0.00174985
 -0.00375383   0.00375383    -0.00375383   0.00375383    -0.00205357  -0.00205357
    1    7
  0.00626856  -0.00626856    -0.00442120   0.00442120    -0.00174985  -0.00174985
 -0.00442120   0.00442120     0.00626856  -0.00626856    -0.00174985  -0.00174985
 -0.00375383  -0.00375383    -0.00375383  -0.00375383    -0.00205357   0.00205357
    2    1
 -0.00459939  -0.00939820     0.00109500   0.00889992     0.00000000  -0.00000000
 -0.00090858   0.01003150     0.00065494  -0.01068114     0.00000000   0.00000000
  0.00000000  -0.00000000     0.00000000  -0.00000000    -0.00290220   0.00512144
    2    2
  0.02155611   0.00000000    -0.00685924   0.01754210    -0.00000000   0.00000000
 -0.00685924  -0.01754210     0.07830945  -0.00000000    -0.00000000   0.00000000
 -0.00000000   0.00000000     0.00000000   0.00000000     0.02308065   0.00000000
    2    3
  0.00909374   0.00933926     0.01283422  -0.01539004    -0.00000000   0.00000000
  0.01283422  -0.01539004    -0.06751326  -0.02180342    -0.00000000   0.00000000
  0.00000000   0.00000000     0.00000000   0.00000000    -0.00915253  -0.01653117
    2    4
  0.00287831  -0.01920770    -0.00783748  -0.00000000     0.00000000  -0.00000000
 -0.07546157  -0.00000000     0.00287831   0.01920770    -0.00000000  -0.00000000
  0.00000000   0.00000000    -0.00000000   0.00000000    -0.00668815  -0.00000000
    2    5
 -0.01681339   0.01552176     0.00133579  -0.00593172     0.00000000  -0.00000000
  0.06899516   0.02185017    -0.01681339   0.01552176     0.00000000  -0.00000000
  0.00000000  -0.00000000     0.00000000  -0.00000000    -0.00224329   0.00647045
    2    6
 -0.00200549  -0.00771002     0.00087208   0.00318140     0.00134872  -0.00169942
 -0.00682582   0.00282375     0.00800063  -0.00177687     0.00039308   0.00027242
 -0.00519512  -0.02085809    -0.00065469   0.00780051     0.00416855  -0.00218894
    2    7
 -0.00771002   0.00200549     0.00318140  -0.00087208     0.00169942   0.00134872
  0.00282375   0.00682582    -0.00177687  -0.00800063    -0.00027242   0.00039308
  0.02085809  -0.00519512    -0.00780051  -0.00065469    -0.00218894  -0.00416855
    3    1
 -0.00459939   0.00939820     0.00109500  -0.00889992     0.00000000  -0.00000000
 -0.00090858  -0.01003150     0.00065494   0.01068114     0.00000000  -0.00000000
  0.00000000  -0.00000000     0.00000000  -0.00000000    -0.00290220  -0.00512144
    3    2
  0.00909374  -0.00933926     0.01283422   0.01539004     0.00000000  -0.00000000
  0.01283422   0.01539004    -0.06751326   0.02180342     0.00000000  -0.00000000
  0.00000000  -0.00000000     0.00000000  -0.00000000    -0.00915253   0.01653117
    3    3
  0.02155611   0.00000000    -0.00685924  -0.01754210     0.00000000   0.00000000
 -0.00685924   0.01754210     0.07830945   0.00000000     0.00000000   0.00000000
 -0.00000000   0.00000000     0.00000000   0.00000000     0.02308065   0.00000000
    3    4
 -0.01681339  -0.01552176     0.00133579   0.00593172     0.00000000   0.00000000
  0.06899516  -0.02185017    -0.01681339  -0.01552176     0.00000000   0.00000000
  0.00000000   0.00000000     0.00000000   0.00000000    -0.00224329  -0.00647045
    3    5
  0.00287831   0.01920770    -0.00783748  -0.00000000     0.00000000   0.00000000
 -0.07546157  -0.00000000     0.00287831  -0.01920770     0.00000000   0.00000000
  0.00000000   0.00000000     0.00000000   0.00000000    -0.00668815  -0.00000000
    3    6
 -0.00771002  -0.00200549     0.00318140   0.00087208     0.00169942  -0.00134872
  0.00282375  -0.00682582    -0.00177687   0.00800063    -0.00027242  -0.00039308
  0.02085809   0.00519512    -0.00780051   0.00065469    -0.00218894   0.00416855
    3    7
 -0.00200549   0.00771002     0.00087208  -0.00318140     0.00134872   0.00169942
 -0.00682582  -0.00282375     0.00800063   0.00177687     0.00039308  -0.00027242
 -0.00519512   0.02085809    -0.00065469  -0.00780051     0.00416855   0.00218894
    4    1
  0.00065494  -0.01068114    -0.00090858   0.01003150     0.00000000   0.00000000
  0.00109500   0.00889992    -0.00459939  -0.00939820     0.00000000  -0.00000000
  0.00000000  -0.00000000     0.00000000   0.00000000    -0.00290220   0.00512144
    4    2
  0.00287831   0.01920770    -0.07546157   0.00000000    -0.00000000   0.00000000
 -0.00783748   0.00000000     0.00287831  -0.01920770     0.00000000   0.00000000
  0.00000000   0.00000000    -0.00000000   0.00000000    -0.00668815   0.00000000
    4    3
 -0.01681339   0.01552176     0.06899516   0.02185017     0.00000000  -0.00000000
  0.00133579  -0.00593172    -0.01681339   0.01552176     0.00000000  -0.00000000
  0.00000000  -0.00000000     0.00000000  -0.00000000    -0.00224329   0.00647045
    4    4
  0.07830945  -0.00000000    -0.00685924  -0.01754210     0.00000000   0.00000000
 -0.00685924   0.01754210     0.02155611   0.00000000     0.00000000   0.00000000
  0.00000000   0.00000000     0.00000000   0.00000000     0.02308065   0.00000000
    4    5
 -0.06751326  -0.02180342     0.01283422  -0.01539004     0.00000000   0.00000000
  0.01283422  -0.01539004     0.00909374   0.00933926     0.00000000   0.00000000
  0.00000000   0.00000000     0.00000000   0.00000000    -0.00915253  -0.01653117
    4    6
  0.00800063  -0.00177687    -0.00682582   0.00282375     0.00039308   0.00027242
  0.00087208   0.00318140    -0.00200549  -0.00771002     0.00134872  -0.00169942
 -0.00065469   0.00780051    -0.00519512  -0.02085809     0.00416855  -0.00218894
    4    7
 -0.00177687  -0.00800063     0.00282375   0.00682582    -0.00027242   0.00039308
  0.00318140  -0.00087208    -0.00771002   0.00200549     0.00169942   0.00134872
 -0.00780051  -0.00065469     0.02085809  -0.00519512    -0.00218894  -0.00416855
    5    1
  0.00065494   0.01068114    -0.00090858  -0.01003150     0.00000000   0.00000000
  0.00109500  -0.00889992    -0.00459939   0.00939820     0.00000000   0.00000000
  0.00000000  -0.00000000     0.00000000   0.00000000    -0.00290220  -0.00512144
    5    2
 -0.01681339  -0.01552176     0.06899516  -0.02185017     0.00000000   0.00000000
  0.00133579   0.00593172    -0.01681339  -0.01552176     0.00000000   0.00000000
  0.00000000   0.00000000     0.00000000   0.00000000    -0.00224329  -0.00647045
    5    3
  0.00287831  -0.01920770    -0.07546157   0.00000000     0.00000000   0.00000000
 -0.00783748   0.00000000     0.00287831   0.01920770     0.00000000   0.00000000
 -0.00000000   0.00000000     0.00000000   0.00000000    -0.00668815   0.00000000
    5    4
 -0.06751326   0.02180342     0.01283422   0.01539004     0.00000000  -0.00000000
  0.01283422   0.01539004     0.00909374  -0.00933926     0.00000000  -0.00000000
  0.00000000  -0.00000000     0.00000000  -0.00000000    -0.00915253   0.01653117
    5    5
  0.07830945  -0.00000000    -0.00685924   0.01754210    -0.00000000  -0.00000000
 -0.00685924  -0.01754210     0.02155611  -0.00000000    -0.00000000  -0.00000000
 -0.00000000  -0.00000000     0.00000000  -0.00000000     0.02308065   0.00000000
    5    6
 -0.00177687   0.00800063     0.00282375  -0.00682582    -0.00027242  -0.00039308
  0.00318140   0.00087208    -0.00771002  -0.00200549     0.00169942  -0.00134872
 -0.00780051   0.00065469     0.02085809   0.00519512    -0.00218894   0.00416855
    5    7
  0.00800063   0.00177687    -0.00682582  -0.00282375     0.00039308  -0.00027242
  0.00087208  -0.00318140    -0.00200549   0.00771002     0.00134872   0.00169942
 -0.00065469  -0.00780051    -0.00519512   0.02085809     0.00416855   0.00218894
    6    1
  0.00626856  -0.00626856    -0.00442120   0.00442120    -0.00375383  -0.00375383
 -0.00442120   0.00442120     0.00626856  -0.00626856    -0.00375383  -0.00375383
 -0.00174985  -0.00174985    -0.00174985  -0.00174985    -0.00205357   0.00205357
    6    2
 -0.00200549   0.00771002    -0.00682582  -0.00282375    -0.00519512   0.02085809
  0.00087208  -0.00318140     0.00800063   0.00177687    -0.00065469  -0.00780051
  0.00134872   0.00169942     0.00039308  -0.00027242     0.00416855   0.00218894
    6    3
 -0.00771002   0.00200549     0.00282375   0.00682582     0.02085809  -0.00519512
  0.00318140  -0.00087208    -0.00177687  -0.00800063    -0.00780051  -0.00065469
  0.00169942   0.00134872    -0.00027242   0.00039308    -0.00218894  -0.00416855
    6    4
  0.00800063   0.00177687     0.00087208  -0.00318140    -0.00065469  -0.00780051
 -0.00682582  -0.00282375    -0.00200549   0.00771002    -0.00519512   0.02085809
  0.00039308  -0.00027242     0.00134872   0.00169942     0.00416855   0.00218894
    6    5
 -0.00177687  -0.00800063     0.00318140  -0.00087208    -0.00780051  -0.00065469
  0.00282375   0.00682582    -0.00771002   0.00200549     0.02085809  -0.00519512
 -0.00027242   0.00039308     0.00169942   0.00134872    -0.00218894  -0.00416855
    6    6
  0.03034183  -0.00000000    -0.01305025  -0.00000000    -0.00000000   0.00397788
 -0.01305025  -0.00000000     0.03034183   0.00000000     0.00000000   0.00397788
 -0.00000000  -0.00397788    -0.00000000  -0.00397788     0.00678406   0.00000000
    6    7
 -0.00000000   0.01542260    -0.00000000  -0.00629583     0.00391996  -0.00000000
 -0.00000000  -0.00629583    -0.00000000   0.01542260     0.00391996  -0.00000000
  0.00391996  -0.00000000     0.00391996  -0.00000000     0.00000000  -0.00149304
    7    1
  0.00626856   0.00626856    -0.00442120  -0.00442120    -0.00375383   0.00375383
 -0.00442120  -0.00442120     0.00626856   0.00626856    -0.00375383   0.00375383
 -0.00174985   0.00174985    -0.00174985   0.00174985    -0.00205357  -0.00205357
    7    2
 -0.00771002  -0.00200549     0.00282375  -0.00682582     0.02085809   0.00519512
  0.00318140   0.00087208    -0.00177687   0.00800063    -0.00780051   0.00065469
  0.00169942  -0.00134872    -0.00027242  -0.00039308    -0.00218894   0.00416855
    7    3
 -0.00200549  -0.00771002    -0.00682582   0.00282375    -0.00519512  -0.02085809
  0.00087208   0.00318140     0.00800063  -0.00177687    -0.00065469   0.00780051
  0.00134872  -0.00169942     0.00039308   0.00027242     0.00416855  -0.00218894
    7    4
 -0.00177687   0.00800063     0.00318140   0.00087208    -0.00780051   0.00065469
  0.00282375  -0.00682582    -0.00771002  -0.00200549     0.02085809   0.00519512
 -0.00027242  -0.00039308     0.00169942  -0.00134872    -0.00218894   0.00416855
    7    5
  0.00800063  -0.00177687     0.00087208   0.00318140    -0.00065469   0.00780051
 -0.00682582   0.00282375    -0.00200549  -0.00771002    -0.00519512  -0.02085809
  0.00039308   0.00027242     0.00134872  -0.00169942     0.00416855  -0.00218894
    7    6
 -0.00000000  -0.01542260    -0.00000000   0.00629583     0.00391996   0.00000000
 -0.00000000   0.00629583    -0.00000000  -0.01542260     0.00391996   0.00000000
  0.00391996   0.00000000     0.00391996   0.00000000     0.00000000   0.00149304
    7    7
  0.03034183   0.00000000    -0.01305025  -0.00000000     0.00000000  -0.00397788
 -0.01305025  -0.00000000     0.03034183   0.00000000    -0.00000000  -0.00397788
  0.00000000   0.00397788    -0.00000000   0.00397788     0.00678406   0.00000000

     Dynamical  Matrix in cartesian axes

     q = (   -0.216506351  -0.216506351   0.000000000 ) 

    1    1
  0.06296480  -0.00000000     0.04908875  -0.00000000    -0.00000000   0.00000000
  0.04908875  -0.00000000     0.06296480  -0.00000000    -0.00000000   0.00000000
 -0.00000000   0.00000000    -0.00000000   0.00000000     0.00796806   0.00000000
    1    2
 -0.00459939  -0.00939820     0.00090858  -0.01003150     0.00000000  -0.00000000
 -0.00109500  -0.00889992     0.00065494  -0.01068114     0.00000000  -0.00000000
  0.00000000  -0.00000000     0.00000000  -0.00000000    -0.00290220   0.00512144
    1    3
 -0.00939820  -0.00459939    -0.01003150   0.00090858    -0.00000000   0.00000000
 -0.00889992  -0.00109500    -0.01068114   0.00065494    -0.00000000   0.00000000
 -0.00000000   0.00000000    -0.00000000   0.00000000     0.00512144  -0.00290220
    1    4
 -0.01068114   0.00065494    -0.00889992  -0.00109500    -0.00000000   0.00000000
 -0.01003150   0.00090858    -0.00939820  -0.00459939    -0.00000000   0.00000000
 -0.00000000   0.00000000    -0.00000000   0.00000000     0.00512144  -0.00290220
    1    5
  0.00065494  -0.01068114    -0.00109500  -0.00889992     0.00000000  -0.00000000
  0.00090858  -0.01003150    -0.00459939  -0.00939820     0.00000000  -0.00000000
  0.00000000  -0.00000000     0.00000000  -0.00000000    -0.00290220   0.00512144
    1    6
  0.00626856   0.00626856     0.00442120   0.00442120     0.00174985  -0.00174985
  0.00442120   0.00442120     0.00626856   0.00626856    -0.00174985   0.00174985
  0.00375383  -0.00375383    -0.00375383   0.00375383    -0.00205357  -0.00205357
    1    7
  0.00626856   0.00626856     0.00442120   0.00442120    -0.00174985   0.00174985
  0.00442120   0.00442120     0.00626856   0.00626856     0.00174985  -0.00174985
 -0.00375383   0.00375383     0.00375383  -0.00375383    -0.00205357  -0.00205357
    2    1
 -0.00459939   0.00939820    -0.00109500   0.00889992     0.00000000   0.00000000
  0.00090858   0.01003150     0.00065494   0.01068114     0.00000000   0.00000000
  0.00000000   0.00000000     0.00000000   0.00000000    -0.00290220  -0.00512144
    2    2
  0.02155611   0.00000000     0.00685924   0.01754210    -0.00000000   0.00000000
  0.00685924  -0.01754210     0.07830945   0.00000000    -0.00000000   0.00000000
 -0.00000000   0.00000000    -0.00000000   0.00000000     0.02308065  -0.00000000
    2    3
  0.00933926   0.00909374     0.01539004  -0.01283422     0.00000000   0.00000000
  0.01539004  -0.01283422    -0.02180342  -0.06751326     0.00000000   0.00000000
  0.00000000   0.00000000     0.00000000   0.00000000    -0.01653117  -0.00915253
    2    4
  0.01552176  -0.01681339     0.00593172  -0.00133579     0.00000000  -0.00000000
 -0.02185017  -0.06899516     0.01552176  -0.01681339     0.00000000  -0.00000000
  0.00000000   0.00000000     0.00000000   0.00000000     0.00647045  -0.00224329
    2    5
  0.00287831   0.01920770     0.00783748   0.00000000     0.00000000   0.00000000
  0.07546157   0.00000000     0.00287831  -0.01920770     0.00000000   0.00000000
  0.00000000   0.00000000     0.00000000   0.00000000    -0.00668815  -0.00000000
    2    6
 -0.00771002  -0.00200549    -0.00318140  -0.00087208    -0.00169942   0.00134872
 -0.00282375   0.00682582    -0.00177687   0.00800063    -0.00027242  -0.00039308
 -0.02085809  -0.00519512    -0.00780051   0.00065469    -0.00218894   0.00416855
    2    7
 -0.00771002  -0.00200549    -0.00318140  -0.00087208     0.00169942  -0.00134872
 -0.00282375   0.00682582    -0.00177687   0.00800063     0.00027242   0.00039308
  0.02085809   0.00519512     0.00780051  -0.00065469    -0.00218894   0.00416855
    3    1
 -0.00939820   0.00459939    -0.00889992   0.00109500    -0.00000000  -0.00000000
 -0.01003150  -0.00090858    -0.01068114  -0.00065494    -0.00000000  -0.00000000
 -0.00000000   0.00000000    -0.00000000   0.00000000     0.00512144   0.00290220
    3    2
  0.00933926  -0.00909374     0.01539004   0.01283422     0.00000000  -0.00000000
  0.01539004   0.01283422    -0.02180342   0.06751326     0.00000000  -0.00000000
  0.00000000   0.00000000     0.00000000   0.00000000    -0.01653117   0.00915253
    3    3
  0.02155611  -0.00000000     0.00685924  -0.01754210    -0.00000000  -0.00000000
  0.00685924   0.01754210     0.07830945  -0.00000000    -0.00000000  -0.00000000
 -0.00000000   0.00000000     0.00000000   0.00000000     0.02308065   0.00000000
    3    4
  0.00287831  -0.01920770     0.00783748  -0.00000000     0.00000000  -0.00000000
  0.07546157  -0.00000000     0.00287831   0.01920770     0.00000000  -0.00000000
  0.00000000   0.00000000     0.00000000   0.00000000    -0.00668815   0.00000000
    3    5
  0.01552176   0.01681339     0.00593172   0.00133579     0.00000000  -0.00000000
 -0.02185017   0.06899516     0.01552176   0.01681339     0.00000000  -0.00000000
  0.00000000   0.00000000     0.00000000  -0.00000000     0.00647045   0.00224329
    3    6
 -0.00771002   0.00200549    -0.00318140   0.00087208     0.00169942   0.00134872
 -0.00282375  -0.00682582    -0.00177687  -0.00800063     0.00027242  -0.00039308
  0.02085809  -0.00519512     0.00780051   0.00065469    -0.00218894  -0.00416855
    3    7
 -0.00771002   0.00200549    -0.00318140   0.00087208    -0.00169942  -0.00134872
 -0.00282375  -0.00682582    -0.00177687  -0.00800063    -0.00027242   0.00039308
 -0.02085809   0.00519512    -0.00780051  -0.00065469    -0.00218894  -0.00416855
    4    1
 -0.01068114  -0.00065494    -0.01003150  -0.00090858    -0.00000000  -0.00000000
 -0.00889992   0.00109500    -0.00939820   0.00459939    -0.00000000  -0.00000000
 -0.00000000   0.00000000    -0.00000000   0.00000000     0.00512144   0.00290220
    4    2
  0.01552176   0.01681339    -0.02185017   0.06899516     0.00000000   0.00000000
  0.00593172   0.00133579     0.01552176   0.01681339     0.00000000   0.00000000
  0.00000000  -0.00000000     0.00000000  -0.00000000     0.00647045   0.00224329
    4    3
  0.00287831   0.01920770     0.07546157  -0.00000000     0.00000000  -0.00000000
  0.00783748  -0.00000000     0.00287831  -0.01920770     0.00000000  -0.00000000
  0.00000000  -0.00000000     0.00000000  -0.00000000    -0.00668815   0.00000000
    4    4
  0.07830945   0.00000000     0.00685924   0.01754210    -0.00000000   0.00000000
  0.00685924  -0.01754210     0.02155611  -0.00000000    -0.00000000   0.00000000
 -0.00000000   0.00000000    -0.00000000   0.00000000     0.02308065   0.00000000
    4    5
 -0.02180342   0.06751326     0.01539004   0.01283422     0.00000000  -0.00000000
  0.01539004   0.01283422     0.00933926  -0.00909374     0.00000000  -0.00000000
  0.00000000  -0.00000000     0.00000000  -0.00000000    -0.01653117   0.00915253
    4    6
 -0.00177687  -0.00800063    -0.00282375  -0.00682582    -0.00027242   0.00039308
 -0.00318140   0.00087208    -0.00771002   0.00200549    -0.00169942  -0.00134872
 -0.00780051  -0.00065469    -0.02085809   0.00519512    -0.00218894  -0.00416855
    4    7
 -0.00177687  -0.00800063    -0.00282375  -0.00682582     0.00027242  -0.00039308
 -0.00318140   0.00087208    -0.00771002   0.00200549     0.00169942   0.00134872
  0.00780051   0.00065469     0.02085809  -0.00519512    -0.00218894  -0.00416855
    5    1
  0.00065494   0.01068114     0.00090858   0.01003150     0.00000000   0.00000000
 -0.00109500   0.00889992    -0.00459939   0.00939820     0.00000000   0.00000000
  0.00000000   0.00000000     0.00000000   0.00000000    -0.00290220  -0.00512144
    5    2
  0.00287831  -0.01920770     0.07546157  -0.00000000     0.00000000  -0.00000000
  0.00783748   0.00000000     0.00287831   0.01920770     0.00000000  -0.00000000
  0.00000000  -0.00000000     0.00000000  -0.00000000    -0.00668815  -0.00000000
    5    3
  0.01552176  -0.01681339    -0.02185017  -0.06899516     0.00000000   0.00000000
  0.00593172  -0.00133579     0.01552176  -0.01681339     0.00000000   0.00000000
  0.00000000   0.00000000     0.00000000   0.00000000     0.00647045  -0.00224329
    5    4
 -0.02180342  -0.06751326     0.01539004  -0.01283422     0.00000000   0.00000000
  0.01539004  -0.01283422     0.00933926   0.00909374     0.00000000   0.00000000
  0.00000000   0.00000000     0.00000000   0.00000000    -0.01653117  -0.00915253
    5    5
  0.07830945   0.00000000     0.00685924  -0.01754210    -0.00000000   0.00000000
  0.00685924   0.01754210     0.02155611   0.00000000    -0.00000000   0.00000000
 -0.00000000   0.00000000    -0.00000000   0.00000000     0.02308065  -0.00000000
    5    6
 -0.00177687   0.00800063    -0.00282375   0.00682582     0.00027242   0.00039308
 -0.00318140  -0.00087208    -0.00771002  -0.00200549     0.00169942  -0.00134872
  0.00780051  -0.00065469     0.02085809   0.00519512    -0.00218894   0.00416855
    5    7
 -0.00177687   0.00800063    -0.00282375   0.00682582    -0.00027242  -0.00039308
 -0.00318140  -0.00087208    -0.00771002  -0.00200549    -0.00169942   0.00134872
 -0.00780051   0.00065469    -0.02085809  -0.00519512    -0.00218894   0.00416855
    6    1
  0.00626856  -0.00626856     0.00442120  -0.00442120     0.00375383   0.00375383
  0.00442120  -0.00442120     0.00626856  -0.00626856    -0.00375383  -0.00375383
  0.00174985   0.00174985    -0.00174985  -0.00174985    -0.00205357   0.00205357
    6    2
 -0.00771002   0.00200549    -0.00282375  -0.00682582    -0.02085809   0.00519512
 -0.00318140   0.00087208    -0.00177687  -0.00800063    -0.00780051  -0.00065469
 -0.00169942  -0.00134872    -0.00027242   0.00039308    -0.00218894  -0.00416855
    6    3
 -0.00771002  -0.00200549    -0.00282375   0.00682582     0.02085809   0.00519512
 -0.00318140  -0.00087208    -0.00177687   0.00800063     0.00780051  -0.00065469
  0.00169942  -0.00134872     0.00027242   0.00039308    -0.00218894   0.00416855
    6    4
 -0.00177687   0.00800063    -0.00318140  -0.00087208    -0.00780051   0.00065469
 -0.00282375   0.00682582    -0.00771002  -0.00200549    -0.02085809  -0.00519512
 -0.00027242  -0.00039308    -0.00169942   0.00134872    -0.00218894   0.00416855
    6    5
 -0.00177687  -0.00800063    -0.00318140   0.00087208     0.00780051   0.00065469
 -0.00282375  -0.00682582    -0.00771002   0.00200549     0.02085809  -0.00519512
  0.00027242  -0.00039308     0.00169942   0.00134872    -0.00218894  -0.00416855
    6    6
  0.03034183   0.00000000     0.01305025   0.00000000    -0.00000000  -0.00397788
  0.01305025  -0.00000000     0.03034183   0.00000000    -0.00000000   0.00397788
  0.00000000   0.00397788    -0.00000000  -0.00397788     0.00678406  -0.00000000
    6    7
 -0.01542260  -0.00000000    -0.00629583  -0.00000000    -0.00000000  -0.00391996
 -0.00629583  -0.00000000    -0.01542260  -0.00000000    -0.00000000   0.00391996
 -0.00000000  -0.00391996    -0.00000000   0.00391996     0.00149304  -0.00000000
    7    1
  0.00626856  -0.00626856     0.00442120  -0.00442120    -0.00375383  -0.00375383
  0.00442120  -0.00442120     0.00626856  -0.00626856     0.00375383   0.00375383
 -0.00174985  -0.00174985     0.00174985   0.00174985    -0.00205357   0.00205357
    7    2
 -0.00771002   0.00200549    -0.00282375  -0.00682582     0.02085809  -0.00519512
 -0.00318140   0.00087208    -0.00177687  -0.00800063     0.00780051   0.00065469
  0.00169942   0.00134872     0.00027242  -0.00039308    -0.00218894  -0.00416855
    7    3
 -0.00771002  -0.00200549    -0.00282375   0.00682582    -0.02085809  -0.00519512
 -0.00318140  -0.00087208    -0.00177687   0.00800063    -0.00780051   0.00065469
 -0.00169942   0.00134872    -0.00027242  -0.00039308    -0.00218894   0.00416855
    7    4
 -0.00177687   0.00800063    -0.00318140  -0.00087208     0.00780051  -0.00065469
 -0.00282375   0.00682582    -0.00771002  -0.00200549     0.02085809   0.00519512
  0.00027242   0.00039308     0.00169942  -0.00134872    -0.00218894   0.00416855
    7    5
 -0.00177687  -0.00800063    -0.00318140   0.00087208    -0.00780051  -0.00065469
 -0.00282375  -0.00682582    -0.00771002   0.00200549    -0.02085809   0.00519512
 -0.00027242   0.00039308    -0.00169942  -0.00134872    -0.00218894  -0.00416855
    7    6
 -0.01542260   0.00000000    -0.00629583  -0.00000000    -0.00000000   0.00391996
 -0.00629583  -0.00000000    -0.01542260   0.00000000    -0.00000000  -0.00391996
 -0.00000000   0.00391996    -0.00000000  -0.00391996     0.00149304   0.00000000
    7    7
  0.03034183   0.00000000     0.01305025  -0.00000000    -0.00000000   0.00397788
  0.01305025   0.00000000     0.03034183  -0.00000000    -0.00000000  -0.00397788
  0.00000000  -0.00397788    -0.00000000   0.00397788     0.00678406   0.00000000

     Dynamical  Matrix in cartesian axes

     q = (   -0.216506351   0.216506351   0.000000000 ) 

    1    1
  0.06296480  -0.00000000    -0.04908875  -0.00000000     0.00000000  -0.00000000
 -0.04908875   0.00000000     0.06296480  -0.00000000     0.00000000  -0.00000000
  0.00000000  -0.00000000    -0.00000000  -0.00000000     0.00796806  -0.00000000
    1    2
 -0.00459939  -0.00939820    -0.00090858   0.01003150     0.00000000   0.00000000
  0.00109500   0.00889992     0.00065494  -0.01068114     0.00000000   0.00000000
  0.00000000   0.00000000     0.00000000   0.00000000    -0.00290220   0.00512144
    1    3
 -0.00459939   0.00939820    -0.00090858  -0.01003150     0.00000000  -0.00000000
  0.00109500  -0.00889992     0.00065494   0.01068114     0.00000000   0.00000000
  0.00000000   0.00000000     0.00000000  -0.00000000    -0.00290220  -0.00512144
    1    4
  0.00065494  -0.01068114     0.00109500   0.00889992     0.00000000  -0.00000000
 -0.00090858   0.01003150    -0.00459939  -0.00939820     0.00000000  -0.00000000
  0.00000000  -0.00000000     0.00000000   0.00000000    -0.00290220   0.00512144
    1    5
  0.00065494   0.01068114     0.00109500  -0.00889992     0.00000000   0.00000000
 -0.00090858  -0.01003150    -0.00459939   0.00939820     0.00000000   0.00000000
  0.00000000  -0.00000000     0.00000000  -0.00000000    -0.00290220  -0.00512144
    1    6
  0.00626856  -0.00626856    -0.00442120   0.00442120    -0.00174985  -0.00174985
 -0.00442120   0.00442120     0.00626856  -0.00626856    -0.00174985  -0.00174985
 -0.00375383  -0.00375383    -0.00375383  -0.00375383    -0.00205357   0.00205357
    1    7
  0.00626856   0.00626856    -0.00442120  -0.00442120    -0.00174985   0.00174985
 -0.00442120  -0.00442120     0.00626856   0.00626856    -0.00174985   0.00174985
