  5.000000000000000E-002   1.25977579764806        2.43615232611498     
          12

     Dynamical  Matrix in cartesian axes

     q = (   -0.866025400  -0.108253200  -0.108253200 ) 

    1    1
  0.02226824   0.00000000     0.00000000  -0.00000000    -0.00000000  -0.00000000
  0.00000000  -0.00000000     0.05959421   0.00000000     0.00350197   0.00000000
 -0.00000000  -0.00000000     0.00350197   0.00000000     0.05959421   0.00000000
    1    2
 -0.00000000  -0.00000000    -0.00274735   0.00663269    -0.00274735   0.00663269
 -0.00725262   0.01750938     0.00577599   0.00239249    -0.00674385  -0.00279339
 -0.00725262   0.01750938     0.00674385   0.00279339    -0.00577599  -0.00239249
    1    3
 -0.00000000  -0.00000000    -0.00274735   0.00663269    -0.00274735   0.00663269
 -0.00725262   0.01750938    -0.00577599  -0.00239249     0.00674385   0.00279339
 -0.00725262   0.01750938    -0.00674385  -0.00279339     0.00577599   0.00239249
    1    4
 -0.00324703   0.00576838    -0.00000000  -0.00000000    -0.00000000  -0.00000000
 -0.00000000   0.00000000     0.00193639  -0.00417882    -0.00598466   0.00368938
  0.00000000  -0.00000000     0.00804244   0.02669648     0.00680608   0.00181155
    1    5
 -0.00178286   0.00637486     0.00000000  -0.00000000    -0.00000000   0.00000000
  0.00000000  -0.00000000     0.00158564  -0.00432410     0.00162301   0.00684058
  0.00000000   0.00000000    -0.02456413   0.01319039    -0.00609359  -0.00353167
    1    6
 -0.00178286   0.00637486     0.00000000  -0.00000000    -0.00000000   0.00000000
  0.00000000  -0.00000000    -0.00609359  -0.00353167    -0.02456413   0.01319039
  0.00000000   0.00000000     0.00162301   0.00684058     0.00158564  -0.00432410
    1    7
 -0.00324703   0.00576838    -0.00000000  -0.00000000    -0.00000000  -0.00000000
  0.00000000  -0.00000000     0.00680608   0.00181155     0.00804244   0.02669648
 -0.00000000   0.00000000    -0.00598466   0.00368938     0.00193639  -0.00417882
    2    1
 -0.00000000   0.00000000    -0.00725262  -0.01750938    -0.00725262  -0.01750938
 -0.00274735  -0.00663269     0.00577599  -0.00239249     0.00674385  -0.00279339
 -0.00274735  -0.00663269    -0.00674385   0.00279339    -0.00577599   0.00239249
    2    2
  0.02399839   0.00000000    -0.00000000  -0.00193318    -0.00000000   0.00193318
 -0.00000000   0.00193318     0.03915338  -0.00000000    -0.00285239   0.00000000
 -0.00000000  -0.00193318    -0.00285239   0.00000000     0.03915338   0.00000000
    2    3
  0.00882969   0.00000000     0.00000000   0.00761212    -0.00000000  -0.00761212
  0.00000000   0.00761212     0.02580902  -0.00000000    -0.00167443  -0.00000000
 -0.00000000  -0.00761212    -0.00167443   0.00000000     0.02580902  -0.00000000
    2    4
  0.00240961   0.00170631     0.00776687  -0.00694027    -0.00015366   0.00008757
  0.03077114   0.00027935     0.00534627   0.00248493    -0.00013137   0.00026929
 -0.00242155   0.00104488    -0.00058765  -0.00081807    -0.00255826   0.00000013
    2    5
 -0.00240961   0.00170631     0.00776687   0.00694027    -0.00015366  -0.00008757
  0.03077114  -0.00027935    -0.00534627   0.00248493     0.00013137   0.00026929
 -0.00242155  -0.00104488     0.00058765  -0.00081807     0.00255826   0.00000013
    2    6
  0.00240961  -0.00170631    -0.00015366  -0.00008757     0.00776687   0.00694027
 -0.00242155  -0.00104488    -0.00255826  -0.00000013    -0.00058765   0.00081807
  0.03077114  -0.00027935    -0.00013137  -0.00026929     0.00534627  -0.00248493
    2    7
 -0.00240961  -0.00170631    -0.00015366   0.00008757     0.00776687  -0.00694027
 -0.00242155   0.00104488     0.00255826  -0.00000013     0.00058765   0.00081807
  0.03077114   0.00027935     0.00013137  -0.00026929    -0.00534627  -0.00248493
    3    1
 -0.00000000   0.00000000    -0.00725262  -0.01750938    -0.00725262  -0.01750938
 -0.00274735  -0.00663269    -0.00577599   0.00239249    -0.00674385   0.00279339
 -0.00274735  -0.00663269     0.00674385  -0.00279339     0.00577599  -0.00239249
    3    2
  0.00882969  -0.00000000     0.00000000  -0.00761212    -0.00000000   0.00761212
  0.00000000  -0.00761212     0.02580902   0.00000000    -0.00167443  -0.00000000
 -0.00000000   0.00761212    -0.00167443  -0.00000000     0.02580902   0.00000000
    3    3
  0.02399839  -0.00000000    -0.00000000   0.00193318    -0.00000000  -0.00193318
 -0.00000000  -0.00193318     0.03915338  -0.00000000    -0.00285239   0.00000000
 -0.00000000   0.00193318    -0.00285239  -0.00000000     0.03915338   0.00000000
    3    4
 -0.00240961  -0.00170631     0.00776687  -0.00694027    -0.00015366   0.00008757
  0.03077114   0.00027935    -0.00534627  -0.00248493     0.00013137  -0.00026929
 -0.00242155   0.00104488     0.00058765   0.00081807     0.00255826  -0.00000013
    3    5
  0.00240961  -0.00170631     0.00776687   0.00694027    -0.00015366  -0.00008757
  0.03077114  -0.00027935     0.00534627  -0.00248493    -0.00013137  -0.00026929
 -0.00242155  -0.00104488    -0.00058765   0.00081807    -0.00255826  -0.00000013
    3    6
 -0.00240961   0.00170631    -0.00015366  -0.00008757     0.00776687   0.00694027
 -0.00242155  -0.00104488     0.00255826   0.00000013     0.00058765  -0.00081807
  0.03077114  -0.00027935     0.00013137   0.00026929    -0.00534627   0.00248493
    3    7
  0.00240961   0.00170631    -0.00015366   0.00008757     0.00776687  -0.00694027
 -0.00242155   0.00104488    -0.00255826   0.00000013    -0.00058765  -0.00081807
  0.03077114   0.00027935    -0.00013137   0.00026929     0.00534627   0.00248493
    4    1
 -0.00324703  -0.00576838    -0.00000000  -0.00000000     0.00000000   0.00000000
 -0.00000000   0.00000000     0.00193639   0.00417882     0.00804244  -0.02669648
 -0.00000000   0.00000000    -0.00598466  -0.00368938     0.00680608  -0.00181155
    4    2
  0.00240961  -0.00170631     0.03077114  -0.00027935    -0.00242155  -0.00104488
  0.00776687   0.00694027     0.00534627  -0.00248493    -0.00058765   0.00081807
 -0.00015366  -0.00008757    -0.00013137  -0.00026929    -0.00255826  -0.00000013
    4    3
 -0.00240961   0.00170631     0.03077114  -0.00027935    -0.00242155  -0.00104488
  0.00776687   0.00694027    -0.00534627   0.00248493     0.00058765  -0.00081807
 -0.00015366  -0.00008757     0.00013137   0.00026929     0.00255826   0.00000013
    4    4
  0.03616576   0.00000000     0.00000000  -0.00000000    -0.00000000   0.00000000
  0.00000000  -0.00000000     0.03547542  -0.00000000    -0.00349833  -0.00395692
 -0.00000000  -0.00000000    -0.00349833   0.00395692     0.03573002   0.00000000
    4    5
  0.02708442  -0.00153747    -0.00000000  -0.00000000     0.00000000  -0.00000000
 -0.00000000  -0.00000000     0.00751983   0.01061956    -0.00486724   0.00269533
  0.00000000  -0.00000000    -0.00486724   0.00269533     0.01144972   0.01550496
    4    6
 -0.00529095  -0.00237381     0.00000000   0.00000000     0.00000000  -0.00000000
  0.00000000  -0.00000000     0.00276499   0.00078500     0.00042481  -0.00433414
  0.00000000   0.00000000     0.01775869   0.02072977     0.00276499   0.00078500
    4    7
 -0.00119075   0.00000000    -0.00000000  -0.00000000     0.00000000   0.00000000
  0.00000000  -0.00000000    -0.00658047   0.00226185    -0.00044374   0.00000000
  0.00000000   0.00000000     0.02393327  -0.00000000    -0.00658047  -0.00226185
    5    1
 -0.00178286  -0.00637486     0.00000000   0.00000000     0.00000000  -0.00000000
  0.00000000   0.00000000     0.00158564   0.00432410    -0.02456413  -0.01319039
  0.00000000   0.00000000     0.00162301  -0.00684058    -0.00609359   0.00353167
    5    2
 -0.00240961  -0.00170631     0.03077114   0.00027935    -0.00242155   0.00104488
  0.00776687  -0.00694027    -0.00534627  -0.00248493     0.00058765   0.00081807
 -0.00015366   0.00008757     0.00013137  -0.00026929     0.00255826  -0.00000013
    5    3
  0.00240961   0.00170631     0.03077114   0.00027935    -0.00242155   0.00104488
  0.00776687  -0.00694027     0.00534627   0.00248493    -0.00058765  -0.00081807
 -0.00015366   0.00008757    -0.00013137   0.00026929    -0.00255826   0.00000013
    5    4
  0.02708442   0.00153747    -0.00000000   0.00000000     0.00000000   0.00000000
 -0.00000000   0.00000000     0.00751983  -0.01061956    -0.00486724  -0.00269533
  0.00000000   0.00000000    -0.00486724  -0.00269533     0.01144972  -0.01550496
    5    5
  0.03616576  -0.00000000     0.00000000   0.00000000    -0.00000000   0.00000000
  0.00000000  -0.00000000     0.03547542   0.00000000    -0.00349833   0.00395692
 -0.00000000   0.00000000    -0.00349833  -0.00395692     0.03573002  -0.00000000
    5    6
 -0.00119075  -0.00000000    -0.00000000   0.00000000     0.00000000  -0.00000000
  0.00000000   0.00000000    -0.00658047  -0.00226185    -0.00044374  -0.00000000
  0.00000000  -0.00000000     0.02393327   0.00000000    -0.00658047   0.00226185
    5    7
 -0.00529095   0.00237381     0.00000000  -0.00000000     0.00000000   0.00000000
  0.00000000   0.00000000     0.00276499  -0.00078500     0.00042481   0.00433414
  0.00000000  -0.00000000     0.01775869  -0.02072977     0.00276499  -0.00078500
    6    1
 -0.00178286  -0.00637486     0.00000000   0.00000000     0.00000000  -0.00000000
  0.00000000   0.00000000    -0.00609359   0.00353167     0.00162301  -0.00684058
  0.00000000   0.00000000    -0.02456413  -0.01319039     0.00158564   0.00432410
    6    2
  0.00240961   0.00170631    -0.00242155   0.00104488     0.03077114   0.00027935
 -0.00015366   0.00008757    -0.00255826   0.00000013    -0.00013137   0.00026929
  0.00776687  -0.00694027    -0.00058765  -0.00081807     0.00534627   0.00248493
    6    3
 -0.00240961  -0.00170631    -0.00242155   0.00104488     0.03077114   0.00027935
 -0.00015366   0.00008757     0.00255826  -0.00000013     0.00013137  -0.00026929
  0.00776687  -0.00694027     0.00058765   0.00081807    -0.00534627  -0.00248493
    6    4
 -0.00529095   0.00237381     0.00000000   0.00000000     0.00000000  -0.00000000
  0.00000000  -0.00000000     0.00276499  -0.00078500     0.01775869  -0.02072977
  0.00000000   0.00000000     0.00042481   0.00433414     0.00276499  -0.00078500
    6    5
 -0.00119075   0.00000000     0.00000000  -0.00000000    -0.00000000   0.00000000
  0.00000000  -0.00000000    -0.00658047   0.00226185     0.02393327  -0.00000000
  0.00000000   0.00000000    -0.00044374   0.00000000    -0.00658047  -0.00226185
    6    6
  0.03616576  -0.00000000     0.00000000  -0.00000000    -0.00000000  -0.00000000
  0.00000000   0.00000000     0.03573002  -0.00000000    -0.00349833  -0.00395692
 -0.00000000   0.00000000    -0.00349833   0.00395692     0.03547542   0.00000000
    6    7
  0.02708442   0.00153747     0.00000000   0.00000000    -0.00000000   0.00000000
  0.00000000   0.00000000     0.01144972  -0.01550496    -0.00486724  -0.00269533
 -0.00000000   0.00000000    -0.00486724  -0.00269533     0.00751983  -0.01061956
    7    1
 -0.00324703  -0.00576838     0.00000000   0.00000000    -0.00000000  -0.00000000
 -0.00000000   0.00000000     0.00680608  -0.00181155    -0.00598466  -0.00368938
 -0.00000000   0.00000000     0.00804244  -0.02669648     0.00193639   0.00417882
    7    2
 -0.00240961   0.00170631    -0.00242155  -0.00104488     0.03077114  -0.00027935
 -0.00015366  -0.00008757     0.00255826   0.00000013     0.00013137   0.00026929
  0.00776687   0.00694027     0.00058765  -0.00081807    -0.00534627   0.00248493
    7    3
  0.00240961  -0.00170631    -0.00242155  -0.00104488     0.03077114  -0.00027935
 -0.00015366  -0.00008757    -0.00255826  -0.00000013    -0.00013137  -0.00026929
  0.00776687   0.00694027    -0.00058765   0.00081807     0.00534627  -0.00248493
    7    4
 -0.00119075  -0.00000000     0.00000000   0.00000000     0.00000000  -0.00000000
 -0.00000000   0.00000000    -0.00658047  -0.00226185     0.02393327   0.00000000
  0.00000000  -0.00000000    -0.00044374  -0.00000000    -0.00658047   0.00226185
    7    5
 -0.00529095  -0.00237381     0.00000000  -0.00000000     0.00000000   0.00000000
  0.00000000   0.00000000     0.00276499   0.00078500     0.01775869   0.02072977
  0.00000000  -0.00000000     0.00042481  -0.00433414     0.00276499   0.00078500
    7    6
  0.02708442  -0.00153747     0.00000000  -0.00000000    -0.00000000  -0.00000000
  0.00000000  -0.00000000     0.01144972   0.01550496    -0.00486724   0.00269533
 -0.00000000  -0.00000000    -0.00486724   0.00269533     0.00751983   0.01061956
    7    7
  0.03616576   0.00000000     0.00000000   0.00000000    -0.00000000  -0.00000000
  0.00000000  -0.00000000     0.03573002   0.00000000    -0.00349833   0.00395692
 -0.00000000  -0.00000000    -0.00349833  -0.00395692     0.03547542  -0.00000000

     Dynamical  Matrix in cartesian axes

     q = (   -0.108253200  -0.866025400   0.108253200 ) 

    1    1
  0.05959421  -0.00000000     0.00000000   0.00000000    -0.00350197  -0.00000000
  0.00000000   0.00000000     0.02226824   0.00000000    -0.00000000   0.00000000
 -0.00350197  -0.00000000    -0.00000000   0.00000000     0.05959421   0.00000000
    1    2
 -0.00193639  -0.00417882    -0.00000000   0.00000000    -0.00598466  -0.00368938
 -0.00000000   0.00000000     0.00324703   0.00576838     0.00000000  -0.00000000
  0.00804244  -0.02669648     0.00000000   0.00000000    -0.00680608   0.00181155
    1    3
  0.00193639  -0.00417882    -0.00000000   0.00000000     0.00598466  -0.00368938
 -0.00000000  -0.00000000    -0.00324703   0.00576838     0.00000000   0.00000000
 -0.00804244  -0.02669648    -0.00000000   0.00000000     0.00680608   0.00181155
    1    4
 -0.00577599  -0.00239249    -0.00725262   0.01750938    -0.00674385  -0.00279339
 -0.00274735   0.00663269    -0.00000000  -0.00000000     0.00274735  -0.00663269
  0.00674385   0.00279339     0.00725262  -0.01750938     0.00577599   0.00239249
    1    5
  0.00577599  -0.00239249     0.00725262   0.01750938     0.00674385  -0.00279339
  0.00274735   0.00663269    -0.00000000   0.00000000    -0.00274735  -0.00663269
 -0.00674385   0.00279339    -0.00725262  -0.01750938    -0.00577599   0.00239249
    1    6
  0.00680608  -0.00181155     0.00000000  -0.00000000    -0.00804244   0.02669648
 -0.00000000   0.00000000    -0.00324703  -0.00576838     0.00000000   0.00000000
  0.00598466   0.00368938     0.00000000   0.00000000     0.00193639   0.00417882
    1    7
 -0.00680608  -0.00181155    -0.00000000   0.00000000     0.00804244   0.02669648
  0.00000000   0.00000000     0.00324703  -0.00576838    -0.00000000  -0.00000000
 -0.00598466   0.00368938    -0.00000000   0.00000000    -0.00193639   0.00417882
    2    1
 -0.00193639   0.00417882    -0.00000000  -0.00000000     0.00804244   0.02669648
 -0.00000000  -0.00000000     0.00324703  -0.00576838     0.00000000  -0.00000000
 -0.00598466   0.00368938     0.00000000   0.00000000    -0.00680608  -0.00181155
    2    2
  0.03547542  -0.00000000     0.00000000   0.00000000     0.00349833  -0.00395692
  0.00000000  -0.00000000     0.03616576  -0.00000000    -0.00000000   0.00000000
  0.00349833   0.00395692    -0.00000000   0.00000000     0.03573002  -0.00000000
    2    3
  0.01282649  -0.00219184    -0.00000000  -0.00000000     0.00153577   0.00534755
 -0.00000000  -0.00000000     0.01806442   0.02023873     0.00000000  -0.00000000
  0.00153577   0.00534755     0.00000000  -0.00000000     0.01905984  -0.00286748
    2    4
  0.00202327   0.00553749     0.01039952   0.00058449    -0.00016293   0.00099400
  0.02156094   0.02195602     0.00049730   0.00291039     0.00245114   0.00097345
  0.00028331  -0.00009753     0.00017058   0.00004673    -0.00180906  -0.00180887
    2    5
 -0.00534627  -0.00248493     0.00776687  -0.00694027    -0.00058765  -0.00081807
  0.03077114   0.00027935    -0.00240961  -0.00170631     0.00242155  -0.00104488
 -0.00013137   0.00026929     0.00015366  -0.00008757     0.00255826  -0.00000013
    2    6
  0.00658047   0.00226185     0.00000000  -0.00000000    -0.00044374   0.00000000
 -0.00000000  -0.00000000     0.00119075  -0.00000000     0.00000000   0.00000000
  0.02393327  -0.00000000    -0.00000000   0.00000000     0.00658047  -0.00226185
    2    7
 -0.00251022  -0.00140007     0.00000000  -0.00000000    -0.00276431   0.00336508
 -0.00000000  -0.00000000     0.00541980   0.00206273    -0.00000000   0.00000000
  0.02721545  -0.00210087     0.00000000   0.00000000    -0.00251022  -0.00140007
    3    1
  0.00193639   0.00417882    -0.00000000   0.00000000    -0.00804244   0.02669648
 -0.00000000  -0.00000000    -0.00324703  -0.00576838    -0.00000000  -0.00000000
  0.00598466   0.00368938     0.00000000  -0.00000000     0.00680608  -0.00181155
    3    2
  0.01282649   0.00219184    -0.00000000   0.00000000     0.00153577  -0.00534755
 -0.00000000   0.00000000     0.01806442  -0.02023873     0.00000000   0.00000000
  0.00153577  -0.00534755     0.00000000   0.00000000     0.01905984   0.00286748
    3    3
  0.03547542  -0.00000000     0.00000000  -0.00000000     0.00349833   0.00395692
  0.00000000   0.00000000     0.03616576   0.00000000    -0.00000000  -0.00000000
  0.00349833  -0.00395692    -0.00000000   0.00000000     0.03573002   0.00000000
    3    4
 -0.00534627   0.00248493     0.00776687   0.00694027    -0.00058765   0.00081807
  0.03077114  -0.00027935    -0.00240961   0.00170631     0.00242155   0.00104488
 -0.00013137  -0.00026929     0.00015366   0.00008757     0.00255826   0.00000013
    3    5
  0.00202327  -0.00553749     0.01039952  -0.00058449    -0.00016293  -0.00099400
  0.02156094  -0.02195602     0.00049730  -0.00291039     0.00245114  -0.00097345
  0.00028331   0.00009753     0.00017058  -0.00004673    -0.00180906   0.00180887
    3    6
 -0.00251022   0.00140007     0.00000000   0.00000000    -0.00276431  -0.00336508
 -0.00000000   0.00000000     0.00541980  -0.00206273    -0.00000000  -0.00000000
  0.02721545   0.00210087     0.00000000  -0.00000000    -0.00251022   0.00140007
    3    7
  0.00658047  -0.00226185     0.00000000   0.00000000    -0.00044374  -0.00000000
 -0.00000000   0.00000000     0.00119075   0.00000000     0.00000000  -0.00000000
  0.02393327   0.00000000     0.00000000  -0.00000000     0.00658047   0.00226185
    4    1
 -0.00577599   0.00239249    -0.00274735  -0.00663269     0.00674385  -0.00279339
 -0.00725262  -0.01750938    -0.00000000   0.00000000     0.00725262   0.01750938
 -0.00674385   0.00279339     0.00274735   0.00663269     0.00577599  -0.00239249
    4    2
  0.00202327  -0.00553749     0.02156094  -0.02195602     0.00028331   0.00009753
  0.01039952  -0.00058449     0.00049730  -0.00291039     0.00017058  -0.00004673
 -0.00016293  -0.00099400     0.00245114  -0.00097345    -0.00180906   0.00180887
    4    3
 -0.00534627  -0.00248493     0.03077114   0.00027935    -0.00013137   0.00026929
  0.00776687  -0.00694027    -0.00240961  -0.00170631     0.00015366  -0.00008757
 -0.00058765  -0.00081807     0.00242155  -0.00104488     0.00255826  -0.00000013
    4    4
  0.03915338   0.00000000    -0.00000000  -0.00193318     0.00285239   0.00000000
 -0.00000000   0.00193318     0.02399839  -0.00000000    -0.00000000   0.00193318
  0.00285239   0.00000000    -0.00000000  -0.00193318     0.03915338   0.00000000
    4    5
  0.01824973  -0.01824974    -0.00538258  -0.00538258     0.00118400  -0.00118400
 -0.00538258  -0.00538258     0.00624354  -0.00624354    -0.00538258  -0.00538258
  0.00118400  -0.00118400    -0.00538258  -0.00538258     0.01824973  -0.01824974
    4    6
 -0.00180905   0.00180887     0.00245114  -0.00097345    -0.00016293  -0.00099400
  0.00017058  -0.00004673     0.00049730  -0.00291039     0.01039952  -0.00058449
  0.00028331   0.00009753     0.02156094  -0.02195602     0.00202327  -0.00553749
    4    7
  0.00255826  -0.00000013     0.00242155  -0.00104488    -0.00058765  -0.00081807
  0.00015366  -0.00008757    -0.00240961  -0.00170631     0.00776687  -0.00694027
 -0.00013137   0.00026929     0.03077114   0.00027935    -0.00534627  -0.00248493
    5    1
  0.00577599   0.00239249     0.00274735  -0.00663269    -0.00674385  -0.00279339
  0.00725262  -0.01750938    -0.00000000  -0.00000000    -0.00725262   0.01750938
  0.00674385   0.00279339    -0.00274735   0.00663269    -0.00577599  -0.00239249
    5    2
 -0.00534627   0.00248493     0.03077114  -0.00027935    -0.00013137  -0.00026929
  0.00776687   0.00694027    -0.00240961   0.00170631     0.00015366   0.00008757
 -0.00058765   0.00081807     0.00242155   0.00104488     0.00255826   0.00000013
    5    3
  0.00202327   0.00553749     0.02156094   0.02195602     0.00028331  -0.00009753
  0.01039952   0.00058449     0.00049730   0.00291039     0.00017058   0.00004673
 -0.00016293   0.00099400     0.00245114   0.00097345    -0.00180906  -0.00180887
    5    4
  0.01824973   0.01824974    -0.00538258   0.00538258     0.00118400   0.00118400
 -0.00538258   0.00538258     0.00624354   0.00624354    -0.00538258   0.00538258
  0.00118400   0.00118400    -0.00538258   0.00538258     0.01824973   0.01824974
    5    5
  0.03915338  -0.00000000     0.00000000   0.00193318     0.00285239  -0.00000000
  0.00000000  -0.00193318     0.02399839  -0.00000000    -0.00000000  -0.00193318
  0.00285239   0.00000000    -0.00000000   0.00193318     0.03915338   0.00000000
    5    6
  0.00255826   0.00000013     0.00242155   0.00104488    -0.00058765   0.00081807
  0.00015366   0.00008757    -0.00240961   0.00170631     0.00776687   0.00694027
 -0.00013137  -0.00026929     0.03077114  -0.00027935    -0.00534627   0.00248493
    5    7
 -0.00180905  -0.00180887     0.00245114   0.00097345    -0.00016293   0.00099400
  0.00017058   0.00004673     0.00049730   0.00291039     0.01039952   0.00058449
  0.00028331  -0.00009753     0.02156094   0.02195602     0.00202327   0.00553749
    6    1
  0.00680608   0.00181155     0.00000000   0.00000000     0.00598466  -0.00368938
  0.00000000   0.00000000    -0.00324703   0.00576838     0.00000000  -0.00000000
 -0.00804244  -0.02669648    -0.00000000  -0.00000000     0.00193639  -0.00417882
    6    2
  0.00658047  -0.00226185    -0.00000000   0.00000000     0.02393327   0.00000000
 -0.00000000   0.00000000     0.00119075   0.00000000    -0.00000000  -0.00000000
 -0.00044374  -0.00000000    -0.00000000  -0.00000000     0.00658047   0.00226185
    6    3
 -0.00251022  -0.00140007    -0.00000000  -0.00000000     0.02721545  -0.00210087
  0.00000000  -0.00000000     0.00541980   0.00206273     0.00000000   0.00000000
 -0.00276431   0.00336508    -0.00000000   0.00000000    -0.00251022  -0.00140007
    6    4
 -0.00180905  -0.00180887     0.00017058   0.00004673     0.00028331  -0.00009753
  0.00245114   0.00097345     0.00049730   0.00291039     0.02156094   0.02195602
 -0.00016293   0.00099400     0.01039952   0.00058449     0.00202327   0.00553749
    6    5
  0.00255826  -0.00000013     0.00015366  -0.00008757    -0.00013137   0.00026929
  0.00242155  -0.00104488    -0.00240961  -0.00170631     0.03077114   0.00027935
 -0.00058765  -0.00081807     0.00776687  -0.00694027    -0.00534627  -0.00248493
    6    6
  0.03573002  -0.00000000     0.00000000  -0.00000000     0.00349833   0.00395692
  0.00000000   0.00000000     0.03616576  -0.00000000    -0.00000000   0.00000000
  0.00349833  -0.00395692    -0.00000000   0.00000000     0.03547542   0.00000000
    6    7
  0.01905984  -0.00286748    -0.00000000   0.00000000     0.00153577   0.00534755
 -0.00000000   0.00000000     0.01806442   0.02023874     0.00000000   0.00000000
  0.00153577   0.00534755     0.00000000   0.00000000     0.01282649  -0.00219184
    7    1
 -0.00680608   0.00181155     0.00000000  -0.00000000    -0.00598466  -0.00368938
 -0.00000000  -0.00000000     0.00324703   0.00576838    -0.00000000  -0.00000000
  0.00804244  -0.02669648    -0.00000000   0.00000000    -0.00193639  -0.00417882
    7    2
 -0.00251022   0.00140007    -0.00000000   0.00000000     0.02721545   0.00210087
  0.00000000   0.00000000     0.00541980  -0.00206273     0.00000000  -0.00000000
 -0.00276431  -0.00336508    -0.00000000  -0.00000000    -0.00251022   0.00140007
    7    3
  0.00658047   0.00226185    -0.00000000  -0.00000000     0.02393327  -0.00000000
 -0.00000000  -0.00000000     0.00119075  -0.00000000    -0.00000000   0.00000000
 -0.00044374   0.00000000    -0.00000000   0.00000000     0.00658047  -0.00226185
    7    4
  0.00255826   0.00000013     0.00015366   0.00008757    -0.00013137  -0.00026929
  0.00242155   0.00104488    -0.00240961   0.00170631     0.03077114  -0.00027935
 -0.00058765   0.00081807     0.00776687   0.00694027    -0.00534627   0.00248493
    7    5
 -0.00180905   0.00180887     0.00017058  -0.00004673     0.00028331   0.00009753
  0.00245114  -0.00097345     0.00049730  -0.00291039     0.02156094  -0.02195602
 -0.00016293  -0.00099400     0.01039952  -0.00058449     0.00202327  -0.00553749
    7    6
  0.01905984   0.00286748    -0.00000000  -0.00000000     0.00153577  -0.00534755
 -0.00000000  -0.00000000     0.01806442  -0.02023874     0.00000000  -0.00000000
  0.00153577  -0.00534755     0.00000000  -0.00000000     0.01282649   0.00219184
    7    7
  0.03573002   0.00000000     0.00000000   0.00000000     0.00349833  -0.00395692
  0.00000000  -0.00000000     0.03616576   0.00000000    -0.00000000   0.00000000
  0.00349833   0.00395692    -0.00000000   0.00000000     0.03547542  -0.00000000

     Dynamical  Matrix in cartesian axes

     q = (    0.108253200   0.866025400   0.108253200 ) 

    1    1
  0.05959421   0.00000000     0.00000000  -0.00000000     0.00350197   0.00000000
 -0.00000000  -0.00000000     0.02226824   0.00000000    -0.00000000  -0.00000000
  0.00350197   0.00000000    -0.00000000  -0.00000000     0.05959421   0.00000000
    1    2
  0.00158564   0.00432410     0.00000000  -0.00000000     0.00162301  -0.00684058
  0.00000000  -0.00000000    -0.00178286  -0.00637486     0.00000000  -0.00000000
 -0.02456413  -0.01319039     0.00000000   0.00000000    -0.00609359   0.00353167
    1    3
  0.00193639   0.00417882     0.00000000   0.00000000    -0.00598466  -0.00368938
 -0.00000000   0.00000000    -0.00324703  -0.00576838    -0.00000000   0.00000000
  0.00804244  -0.02669648    -0.00000000   0.00000000     0.00680608  -0.00181155
    1    4
 -0.00577599   0.00239249    -0.00725262  -0.01750938     0.00674385  -0.00279339
 -0.00274735  -0.00663269     0.00000000  -0.00000000    -0.00274735  -0.00663269
 -0.00674385   0.00279339    -0.00725262  -0.01750938     0.00577599  -0.00239249
    1    5
  0.00577599  -0.00239249    -0.00725262  -0.01750938    -0.00674385   0.00279339
 -0.00274735  -0.00663269     0.00000000  -0.00000000    -0.00274735  -0.00663269
  0.00674385  -0.00279339    -0.00725262  -0.01750938    -0.00577599   0.00239249
    1    6
  0.00680608  -0.00181155    -0.00000000   0.00000000     0.00804244  -0.02669648
  0.00000000   0.00000000    -0.00324703  -0.00576838     0.00000000   0.00000000
 -0.00598466  -0.00368938    -0.00000000   0.00000000     0.00193639   0.00417882
    1    7
 -0.00609359   0.00353167     0.00000000   0.00000000    -0.02456413  -0.01319039
  0.00000000  -0.00000000    -0.00178286  -0.00637486     0.00000000  -0.00000000
  0.00162301  -0.00684058     0.00000000  -0.00000000     0.00158564   0.00432410
    2    1
  0.00158564  -0.00432410     0.00000000   0.00000000    -0.02456413   0.01319039
  0.00000000   0.00000000    -0.00178286   0.00637486     0.00000000  -0.00000000
  0.00162301   0.00684058     0.00000000   0.00000000    -0.00609359  -0.00353167
    2    2
  0.03547542  -0.00000000    -0.00000000  -0.00000000    -0.00349833  -0.00395692
  0.00000000  -0.00000000     0.03616576   0.00000000    -0.00000000   0.00000000
 -0.00349833   0.00395692    -0.00000000  -0.00000000     0.03573002   0.00000000
    2    3
  0.00751983   0.01061956    -0.00000000  -0.00000000    -0.00486724   0.00269533
 -0.00000000  -0.00000000     0.02708442  -0.00153747     0.00000000  -0.00000000
 -0.00486724   0.00269533     0.00000000  -0.00000000     0.01144972   0.01550496
    2    4
  0.00534627  -0.00248493     0.00776687   0.00694027    -0.00058765   0.00081807
  0.03077114  -0.00027935     0.00240961  -0.00170631    -0.00242155  -0.00104488
 -0.00013137  -0.00026929    -0.00015366  -0.00008757    -0.00255826  -0.00000013
    2    5
 -0.00534627   0.00248493     0.00776687   0.00694027     0.00058765  -0.00081807
  0.03077114  -0.00027935    -0.00240961   0.00170631    -0.00242155  -0.00104488
  0.00013137   0.00026929    -0.00015366  -0.00008757     0.00255826   0.00000013
    2    6
  0.00276499   0.00078500     0.00000000  -0.00000000     0.00042481  -0.00433414
  0.00000000   0.00000000    -0.00529095  -0.00237381     0.00000000  -0.00000000
  0.01775869   0.02072977     0.00000000   0.00000000     0.00276499   0.00078500
    2    7
 -0.00658047   0.00226185     0.00000000  -0.00000000    -0.00044374   0.00000000
 -0.00000000  -0.00000000    -0.00119075   0.00000000     0.00000000   0.00000000
  0.02393327  -0.00000000     0.00000000   0.00000000    -0.00658047  -0.00226185
    3    1
  0.00193639  -0.00417882    -0.00000000  -0.00000000     0.00804244   0.02669648
 -0.00000000  -0.00000000    -0.00324703   0.00576838    -0.00000000  -0.00000000
 -0.00598466   0.00368938    -0.00000000  -0.00000000     0.00680608   0.00181155
    3    2
  0.00751983  -0.01061956    -0.00000000   0.00000000    -0.00486724  -0.00269533
 -0.00000000   0.00000000     0.02708442   0.00153747     0.00000000   0.00000000
 -0.00486724  -0.00269533     0.00000000   0.00000000     0.01144972  -0.01550496
    3    3
  0.03547542   0.00000000    -0.00000000  -0.00000000    -0.00349833   0.00395692
  0.00000000   0.00000000     0.03616576  -0.00000000    -0.00000000   0.00000000
 -0.00349833  -0.00395692    -0.00000000   0.00000000     0.03573002  -0.00000000
    3    4
 -0.00534627  -0.00248493     0.00776687  -0.00694027     0.00058765   0.00081807
  0.03077114   0.00027935    -0.00240961  -0.00170631    -0.00242155   0.00104488
  0.00013137  -0.00026929    -0.00015366   0.00008757     0.00255826  -0.00000013
    3    5
  0.00534627   0.00248493     0.00776687  -0.00694027    -0.00058765  -0.00081807
  0.03077114   0.00027935     0.00240961   0.00170631    -0.00242155   0.00104488
 -0.00013137   0.00026929    -0.00015366   0.00008757    -0.00255826   0.00000013
    3    6
 -0.00658047  -0.00226185     0.00000000   0.00000000    -0.00044374  -0.00000000
 -0.00000000   0.00000000    -0.00119075   0.00000000     0.00000000  -0.00000000
  0.02393327  -0.00000000     0.00000000  -0.00000000    -0.00658047   0.00226185
    3    7
  0.00276499  -0.00078500     0.00000000   0.00000000     0.00042481   0.00433414
  0.00000000  -0.00000000    -0.00529095   0.00237381     0.00000000   0.00000000
  0.01775869  -0.02072977     0.00000000  -0.00000000     0.00276499  -0.00078500
    4    1
 -0.00577599  -0.00239249    -0.00274735   0.00663269    -0.00674385  -0.00279339
 -0.00725262   0.01750938     0.00000000   0.00000000    -0.00725262   0.01750938
  0.00674385   0.00279339    -0.00274735   0.00663269     0.00577599   0.00239249
    4    2
  0.00534627   0.00248493     0.03077114   0.00027935    -0.00013137   0.00026929
  0.00776687  -0.00694027     0.00240961   0.00170631    -0.00015366   0.00008757
 -0.00058765  -0.00081807    -0.00242155   0.00104488    -0.00255826   0.00000013
    4    3
 -0.00534627   0.00248493     0.03077114  -0.00027935     0.00013137   0.00026929
  0.00776687   0.00694027    -0.00240961   0.00170631    -0.00015366  -0.00008757
  0.00058765  -0.00081807    -0.00242155  -0.00104488     0.00255826   0.00000013
    4    4
  0.03915338  -0.00000000    -0.00000000   0.00193318    -0.00285239   0.00000000
 -0.00000000  -0.00193318     0.02399839   0.00000000    -0.00000000   0.00193318
 -0.00285239   0.00000000    -0.00000000  -0.00193318     0.03915338   0.00000000
    4    5
  0.02580902   0.00000000     0.00000000   0.00761212    -0.00167443  -0.00000000
  0.00000000   0.00761212     0.00882969   0.00000000    -0.00000000  -0.00761212
 -0.00167443   0.00000000    -0.00000000  -0.00761212     0.02580902  -0.00000000
    4    6
 -0.00255826  -0.00000013    -0.00242155  -0.00104488    -0.00058765   0.00081807
 -0.00015366  -0.00008757     0.00240961  -0.00170631     0.00776687   0.00694027
 -0.00013137  -0.00026929     0.03077114  -0.00027935     0.00534627  -0.00248493
    4    7
  0.00255826  -0.00000013    -0.00242155   0.00104488     0.00058765   0.00081807
 -0.00015366   0.00008757    -0.00240961  -0.00170631     0.00776687  -0.00694027
  0.00013137  -0.00026929     0.03077114   0.00027935    -0.00534627  -0.00248493
    5    1
  0.00577599   0.00239249    -0.00274735   0.00663269     0.00674385   0.00279339
 -0.00725262   0.01750938     0.00000000   0.00000000    -0.00725262   0.01750938
 -0.00674385  -0.00279339    -0.00274735   0.00663269    -0.00577599  -0.00239249
    5    2
 -0.00534627  -0.00248493     0.03077114   0.00027935     0.00013137  -0.00026929
  0.00776687  -0.00694027    -0.00240961  -0.00170631    -0.00015366   0.00008757
  0.00058765   0.00081807    -0.00242155   0.00104488     0.00255826  -0.00000013
    5    3
  0.00534627  -0.00248493     0.03077114  -0.00027935    -0.00013137  -0.00026929
  0.00776687   0.00694027     0.00240961  -0.00170631    -0.00015366  -0.00008757
 -0.00058765   0.00081807    -0.00242155  -0.00104488    -0.00255826  -0.00000013
    5    4
  0.02580902   0.00000000     0.00000000  -0.00761212    -0.00167443   0.00000000
  0.00000000  -0.00761212     0.00882969  -0.00000000    -0.00000000   0.00761212
 -0.00167443  -0.00000000    -0.00000000   0.00761212     0.02580902   0.00000000
    5    5
  0.03915338  -0.00000000    -0.00000000  -0.00193318    -0.00285239   0.00000000
 -0.00000000   0.00193318     0.02399839  -0.00000000    -0.00000000  -0.00193318
 -0.00285239   0.00000000    -0.00000000   0.00193318     0.03915338   0.00000000
    5    6
  0.00255826   0.00000013    -0.00242155  -0.00104488     0.00058765  -0.00081807
 -0.00015366  -0.00008757    -0.00240961   0.00170631     0.00776687   0.00694027
  0.00013137   0.00026929     0.03077114  -0.00027935    -0.00534627   0.00248493
    5    7
 -0.00255826   0.00000013    -0.00242155   0.00104488    -0.00058765  -0.00081807
 -0.00015366   0.00008757     0.00240961   0.00170631     0.00776687  -0.00694027
 -0.00013137   0.00026929     0.03077114   0.00027935     0.00534627   0.00248493
    6    1
  0.00680608   0.00181155     0.00000000  -0.00000000    -0.00598466   0.00368938
 -0.00000000  -0.00000000    -0.00324703   0.00576838     0.00000000   0.00000000
  0.00804244   0.02669648     0.00000000  -0.00000000     0.00193639  -0.00417882
    6    2
  0.00276499  -0.00078500     0.00000000  -0.00000000     0.01775869  -0.02072977
  0.00000000   0.00000000    -0.00529095   0.00237381     0.00000000  -0.00000000
  0.00042481   0.00433414     0.00000000   0.00000000     0.00276499  -0.00078500
    6    3
 -0.00658047   0.00226185    -0.00000000  -0.00000000     0.02393327   0.00000000
  0.00000000  -0.00000000    -0.00119075  -0.00000000     0.00000000   0.00000000
 -0.00044374   0.00000000     0.00000000   0.00000000    -0.00658047  -0.00226185
    6    4
 -0.00255826   0.00000013    -0.00015366   0.00008757    -0.00013137   0.00026929
 -0.00242155   0.00104488     0.00240961   0.00170631     0.03077114   0.00027935
 -0.00058765  -0.00081807     0.00776687  -0.00694027     0.00534627   0.00248493
    6    5
  0.00255826  -0.00000013    -0.00015366   0.00008757     0.00013137  -0.00026929
 -0.00242155   0.00104488    -0.00240961  -0.00170631     0.03077114   0.00027935
  0.00058765   0.00081807     0.00776687  -0.00694027    -0.00534627  -0.00248493
    6    6
  0.03573002  -0.00000000    -0.00000000   0.00000000    -0.00349833  -0.00395692
 -0.00000000  -0.00000000     0.03616576  -0.00000000    -0.00000000   0.00000000
 -0.00349833   0.00395692    -0.00000000   0.00000000     0.03547542   0.00000000
    6    7
  0.01144972  -0.01550496     0.00000000   0.00000000    -0.00486724  -0.00269533
  0.00000000   0.00000000     0.02708442   0.00153747    -0.00000000   0.00000000
 -0.00486724  -0.00269533    -0.00000000   0.00000000     0.00751983  -0.01061956
    7    1
 -0.00609359  -0.00353167     0.00000000   0.00000000     0.00162301   0.00684058
  0.00000000  -0.00000000    -0.00178286   0.00637486     0.00000000   0.00000000
 -0.02456413   0.01319039     0.00000000   0.00000000     0.00158564  -0.00432410
    7    2
 -0.00658047  -0.00226185    -0.00000000   0.00000000     0.02393327   0.00000000
 -0.00000000   0.00000000    -0.00119075  -0.00000000     0.00000000  -0.00000000
 -0.00044374  -0.00000000     0.00000000  -0.00000000    -0.00658047   0.00226185
    7    3
  0.00276499   0.00078500     0.00000000   0.00000000     0.01775869   0.02072977
  0.00000000  -0.00000000    -0.00529095  -0.00237381     0.00000000   0.00000000
  0.00042481  -0.00433414     0.00000000  -0.00000000     0.00276499   0.00078500
    7    4
  0.00255826   0.00000013    -0.00015366  -0.00008757     0.00013137   0.00026929
 -0.00242155  -0.00104488    -0.00240961   0.00170631     0.03077114  -0.00027935
  0.00058765  -0.00081807     0.00776687   0.00694027    -0.00534627   0.00248493
    7    5
 -0.00255826  -0.00000013    -0.00015366  -0.00008757    -0.00013137  -0.00026929
 -0.00242155  -0.00104488     0.00240961  -0.00170631     0.03077114  -0.00027935
 -0.00058765   0.00081807     0.00776687   0.00694027     0.00534627  -0.00248493
    7    6
  0.01144972   0.01550496     0.00000000  -0.00000000    -0.00486724   0.00269533
  0.00000000  -0.00000000     0.02708442  -0.00153747    -0.00000000  -0.00000000
 -0.00486724   0.00269533    -0.00000000  -0.00000000     0.00751983   0.01061956
    7    7
  0.03573002   0.00000000    -0.00000000  -0.00000000    -0.00349833   0.00395692
 -0.00000000   0.00000000     0.03616576   0.00000000    -0.00000000  -0.00000000
 -0.00349833  -0.00395692    -0.00000000   0.00000000     0.03547542  -0.00000000

     Dynamical  Matrix in cartesian axes

     q = (   -0.108253200   0.866025400  -0.108253200 ) 

    1    1
  0.05959421  -0.00000000     0.00000000  -0.00000000     0.00350197  -0.00000000
 -0.00000000  -0.00000000     0.02226824   0.00000000    -0.00000000  -0.00000000
  0.00350197  -0.00000000    -0.00000000  -0.00000000     0.05959421  -0.00000000
    1    2
  0.00158564  -0.00432410     0.00000000  -0.00000000     0.00162301   0.00684058
  0.00000000  -0.00000000    -0.00178286   0.00637486     0.00000000   0.00000000
 -0.02456413   0.01319039     0.00000000   0.00000000    -0.00609359  -0.00353167
    1    3
  0.00193639  -0.00417882     0.00000000  -0.00000000    -0.00598466   0.00368938
  0.00000000   0.00000000    -0.00324703   0.00576838     0.00000000   0.00000000
  0.00804244   0.02669648    -0.00000000   0.00000000     0.00680608   0.00181155
    1    4
 -0.00577599  -0.00239249    -0.00725262   0.01750938     0.00674385   0.00279339
 -0.00274735   0.00663269     0.00000000   0.00000000    -0.00274735   0.00663269
 -0.00674385  -0.00279339    -0.00725262   0.01750938     0.00577599   0.00239249
    1    5
  0.00577599   0.00239249    -0.00725262   0.01750938    -0.00674385  -0.00279339
 -0.00274735   0.00663269     0.00000000   0.00000000    -0.00274735   0.00663269
  0.00674385   0.00279339    -0.00725262   0.01750938    -0.00577599  -0.00239249
    1    6
  0.00680608   0.00181155    -0.00000000   0.00000000     0.00804244   0.02669648
  0.00000000   0.00000000    -0.00324703   0.00576838     0.00000000   0.00000000
 -0.00598466   0.00368938     0.00000000  -0.00000000     0.00193639  -0.00417882
    1    7
 -0.00609359  -0.00353167     0.00000000  -0.00000000    -0.02456413   0.01319039
  0.00000000  -0.00000000    -0.00178286   0.00637486    -0.00000000   0.00000000
