  1.500000000000000E-002   1.26023585003145        2.23508645248256     
          24

     Dynamical  Matrix in cartesian axes

     q = (    0.324759526   0.324759526   0.216506351 ) 

    1    1
  0.06299739   0.00000000     0.00849396   0.00000000     0.00384298   0.00000000
  0.00849396   0.00000000     0.06299739   0.00000000     0.00384298   0.00000000
  0.00384298   0.00000000     0.00384298   0.00000000     0.03602052   0.00000000
    1    2
 -0.01151915  -0.00415046     0.00979010  -0.00650588    -0.00522796  -0.00965592
 -0.00338710  -0.00512249     0.00578446   0.00182880    -0.00581278  -0.00726987
 -0.00536324   0.00673723     0.00481936  -0.00519642    -0.00436393   0.00151972
    1    3
  0.01151915  -0.00415046    -0.00979010  -0.00650588     0.00522796  -0.00965592
  0.00338710  -0.00512249    -0.00578446   0.00182880     0.00581278  -0.00726987
  0.00536324   0.00673723    -0.00481936  -0.00519642     0.00436393   0.00151972
    1    4
 -0.00578446   0.00182880     0.00338710  -0.00512249     0.00581278  -0.00726987
 -0.00979010  -0.00650588     0.01151915  -0.00415046     0.00522796  -0.00965592
 -0.00481936  -0.00519642     0.00536324   0.00673723     0.00436393   0.00151972
    1    5
  0.00578446   0.00182880    -0.00338710  -0.00512249    -0.00581278  -0.00726987
  0.00979010  -0.00650588    -0.01151915  -0.00415046    -0.00522796  -0.00965592
  0.00481936  -0.00519642    -0.00536324   0.00673723    -0.00436393   0.00151972
    1    6
  0.00233227   0.00600210    -0.00145947   0.00012286     0.00625956   0.01671351
  0.00145947   0.00012286    -0.00233227   0.00600210    -0.00625956   0.01671351
  0.00413670  -0.00556750    -0.00413670  -0.00556750    -0.00000000   0.00712873
    1    7
 -0.00233227   0.00600210     0.00145947   0.00012286    -0.00625956   0.01671351
 -0.00145947   0.00012286     0.00233227   0.00600210     0.00625956   0.01671351
 -0.00413670  -0.00556750     0.00413670  -0.00556750    -0.00000000   0.00712873
    2    1
 -0.01151915   0.00415046    -0.00338710   0.00512249    -0.00536324  -0.00673723
  0.00979010   0.00650588     0.00578446  -0.00182880     0.00481936   0.00519642
 -0.00522796   0.00965592    -0.00581278   0.00726987    -0.00436393  -0.00151972
    2    2
  0.05966611   0.00000000    -0.00312717   0.00118596     0.00753012   0.00303781
 -0.00312717  -0.00118596     0.05066040  -0.00000000     0.00767518  -0.00286233
  0.00753012  -0.00303781     0.00767518   0.00286233     0.03970106   0.00000000
    2    3
  0.01377367  -0.00929606     0.00673995  -0.01012376     0.00899173   0.00270641
  0.00673995  -0.01012376    -0.01471034   0.01837503    -0.01087828   0.00600780
  0.00899173   0.00270641    -0.01087828   0.00600780    -0.02009380  -0.00227989
    2    4
  0.00451401   0.01044236    -0.00289580   0.02774023     0.01075223   0.00459427
 -0.01119334   0.03392891     0.00451401   0.01044236    -0.00792547   0.00797387
 -0.00792547   0.00797387     0.01075223   0.00459427     0.01822898   0.01403483
    2    5
 -0.02583429  -0.00482241     0.00946222  -0.00000000     0.00880276  -0.00404093
  0.03054613   0.00000000    -0.02583429   0.00482241     0.00620696  -0.00899408
  0.00620696   0.00899408     0.00880276   0.00404093    -0.00860482   0.00000000
    2    6
 -0.00692050  -0.01171443    -0.00523299  -0.00106013    -0.02821750  -0.01763420
 -0.01542370   0.00494998     0.01391900  -0.01624762    -0.00466950  -0.00294838
 -0.02717973  -0.01483057    -0.01478845  -0.00061732    -0.01367014  -0.00802205
    2    7
 -0.02037674   0.01141478     0.00527525  -0.00583351    -0.00984947   0.00331801
  0.00848710  -0.01203620    -0.01278143   0.00643319     0.00489736   0.00411514
  0.02269560  -0.00170175     0.00693697   0.00535851    -0.01565081  -0.01025717
    3    1
  0.01151915   0.00415046     0.00338710   0.00512249     0.00536324  -0.00673723
 -0.00979010   0.00650588    -0.00578446  -0.00182880    -0.00481936   0.00519642
  0.00522796   0.00965592     0.00581278   0.00726987     0.00436393  -0.00151972
    3    2
  0.01377367   0.00929606     0.00673995   0.01012376     0.00899173  -0.00270641
  0.00673995   0.01012376    -0.01471034  -0.01837503    -0.01087828  -0.00600780
  0.00899173  -0.00270641    -0.01087828  -0.00600780    -0.02009380   0.00227989
    3    3
  0.05966611  -0.00000000    -0.00312717  -0.00118596     0.00753012  -0.00303781
 -0.00312717   0.00118596     0.05066040   0.00000000     0.00767518   0.00286233
  0.00753012   0.00303781     0.00767518  -0.00286233     0.03970106  -0.00000000
    3    4
 -0.02583429   0.00482241     0.00946222  -0.00000000     0.00880276   0.00404093
  0.03054613  -0.00000000    -0.02583429  -0.00482241     0.00620696   0.00899408
  0.00620696  -0.00899408     0.00880276  -0.00404093    -0.00860482   0.00000000
    3    5
  0.00451401  -0.01044236    -0.00289580  -0.02774023     0.01075223  -0.00459427
 -0.01119334  -0.03392891     0.00451401  -0.01044236    -0.00792547  -0.00797387
 -0.00792547  -0.00797387     0.01075223  -0.00459427     0.01822898  -0.01403483
    3    6
 -0.02037674  -0.01141478     0.00527525   0.00583351    -0.00984947  -0.00331801
  0.00848710   0.01203620    -0.01278143  -0.00643319     0.00489736  -0.00411514
  0.02269560   0.00170175     0.00693697  -0.00535851    -0.01565081   0.01025717
    3    7
 -0.00692050   0.01171443    -0.00523299   0.00106013    -0.02821750   0.01763420
 -0.01542370  -0.00494998     0.01391900   0.01624762    -0.00466950   0.00294838
 -0.02717973   0.01483057    -0.01478845   0.00061732    -0.01367014   0.00802205
    4    1
 -0.00578446  -0.00182880    -0.00979010   0.00650588    -0.00481936   0.00519642
  0.00338710   0.00512249     0.01151915   0.00415046     0.00536324  -0.00673723
  0.00581278   0.00726987     0.00522796   0.00965592     0.00436393  -0.00151972
    4    2
  0.00451401  -0.01044236    -0.01119334  -0.03392891    -0.00792547  -0.00797387
 -0.00289580  -0.02774023     0.00451401  -0.01044236     0.01075223  -0.00459427
  0.01075223  -0.00459427    -0.00792547  -0.00797387     0.01822898  -0.01403483
    4    3
 -0.02583429  -0.00482241     0.03054613   0.00000000     0.00620696   0.00899408
  0.00946222   0.00000000    -0.02583429   0.00482241     0.00880276   0.00404093
  0.00880276  -0.00404093     0.00620696  -0.00899408    -0.00860482  -0.00000000
    4    4
  0.05066040  -0.00000000    -0.00312717   0.00118596     0.00767518   0.00286233
 -0.00312717  -0.00118596     0.05966611  -0.00000000     0.00753012  -0.00303781
  0.00767518  -0.00286233     0.00753012   0.00303781     0.03970106  -0.00000000
    4    5
 -0.01471034  -0.01837503     0.00673995   0.01012376    -0.01087828  -0.00600780
  0.00673995   0.01012376     0.01377367   0.00929606     0.00899173  -0.00270641
 -0.01087828  -0.00600780     0.00899173  -0.00270641    -0.02009380   0.00227989
    4    6
  0.01391900   0.01624762    -0.01542370  -0.00494998    -0.00466950   0.00294838
 -0.00523299   0.00106013    -0.00692050   0.01171443    -0.02821750   0.01763420
 -0.01478845   0.00061732    -0.02717973   0.01483057    -0.01367014   0.00802205
    4    7
 -0.01278143  -0.00643319     0.00848710   0.01203620     0.00489736  -0.00411514
  0.00527525   0.00583351    -0.02037674  -0.01141478    -0.00984947  -0.00331801
  0.00693697  -0.00535851     0.02269560   0.00170175    -0.01565081   0.01025717
    5    1
  0.00578446  -0.00182880     0.00979010   0.00650588     0.00481936   0.00519642
 -0.00338710   0.00512249    -0.01151915   0.00415046    -0.00536324  -0.00673723
 -0.00581278   0.00726987    -0.00522796   0.00965592    -0.00436393  -0.00151972
    5    2
 -0.02583429   0.00482241     0.03054613  -0.00000000     0.00620696  -0.00899408
  0.00946222  -0.00000000    -0.02583429  -0.00482241     0.00880276  -0.00404093
  0.00880276   0.00404093     0.00620696   0.00899408    -0.00860482   0.00000000
    5    3
  0.00451401   0.01044236    -0.01119334   0.03392891    -0.00792547   0.00797387
 -0.00289580   0.02774023     0.00451401   0.01044236     0.01075223   0.00459427
  0.01075223   0.00459427    -0.00792547   0.00797387     0.01822898   0.01403483
    5    4
 -0.01471034   0.01837503     0.00673995  -0.01012376    -0.01087828   0.00600780
  0.00673995  -0.01012376     0.01377367  -0.00929606     0.00899173   0.00270641
 -0.01087828   0.00600780     0.00899173   0.00270641    -0.02009380  -0.00227989
    5    5
  0.05066040   0.00000000    -0.00312717  -0.00118596     0.00767518  -0.00286233
 -0.00312717   0.00118596     0.05966611   0.00000000     0.00753012   0.00303781
  0.00767518   0.00286233     0.00753012  -0.00303781     0.03970106   0.00000000
    5    6
 -0.01278143   0.00643319     0.00848710  -0.01203620     0.00489736   0.00411514
  0.00527525  -0.00583351    -0.02037674   0.01141478    -0.00984947   0.00331801
  0.00693697   0.00535851     0.02269560  -0.00170175    -0.01565081  -0.01025717
    5    7
  0.01391900  -0.01624762    -0.01542370   0.00494998    -0.00466950  -0.00294838
 -0.00523299  -0.00106013    -0.00692050  -0.01171443    -0.02821750  -0.01763420
 -0.01478845  -0.00061732    -0.02717973  -0.01483057    -0.01367014  -0.00802205
    6    1
  0.00233227  -0.00600210     0.00145947  -0.00012286     0.00413670   0.00556750
 -0.00145947  -0.00012286    -0.00233227  -0.00600210    -0.00413670   0.00556750
  0.00625956  -0.01671351    -0.00625956  -0.01671351    -0.00000000  -0.00712873
    6    2
 -0.00692050   0.01171443    -0.01542370  -0.00494998    -0.02717973   0.01483057
 -0.00523299   0.00106013     0.01391900   0.01624762    -0.01478845   0.00061732
 -0.02821750   0.01763420    -0.00466950   0.00294838    -0.01367014   0.00802205
    6    3
 -0.02037674   0.01141478     0.00848710  -0.01203620     0.02269560  -0.00170175
  0.00527525  -0.00583351    -0.01278143   0.00643319     0.00693697   0.00535851
 -0.00984947   0.00331801     0.00489736   0.00411514    -0.01565081  -0.01025717
    6    4
  0.01391900  -0.01624762    -0.00523299  -0.00106013    -0.01478845  -0.00061732
 -0.01542370   0.00494998    -0.00692050  -0.01171443    -0.02717973  -0.01483057
 -0.00466950  -0.00294838    -0.02821750  -0.01763420    -0.01367014  -0.00802205
    6    5
 -0.01278143  -0.00643319     0.00527525   0.00583351     0.00693697  -0.00535851
  0.00848710   0.01203620    -0.02037674  -0.01141478     0.02269560   0.00170175
  0.00489736  -0.00411514    -0.00984947  -0.00331801    -0.01565081   0.01025717
    6    6
  0.04494132  -0.00000000     0.00414037  -0.00070575     0.00538940  -0.00058367
  0.00414037   0.00070575     0.04494132   0.00000000     0.00538940   0.00058367
  0.00538940   0.00058367     0.00538940  -0.00058367     0.04883400   0.00000000
    6    7
 -0.02016768   0.00230611    -0.00918542   0.00000000     0.00667245  -0.00576877
 -0.00918542   0.00000000    -0.02016768  -0.00230611     0.00667245   0.00576877
  0.00667245  -0.00576877     0.00667245   0.00576877     0.02509267   0.00000000
    7    1
 -0.00233227  -0.00600210    -0.00145947  -0.00012286    -0.00413670   0.00556750
  0.00145947  -0.00012286     0.00233227  -0.00600210     0.00413670   0.00556750
 -0.00625956  -0.01671351     0.00625956  -0.01671351    -0.00000000  -0.00712873
    7    2
 -0.02037674  -0.01141478     0.00848710   0.01203620     0.02269560   0.00170175
  0.00527525   0.00583351    -0.01278143  -0.00643319     0.00693697  -0.00535851
 -0.00984947  -0.00331801     0.00489736  -0.00411514    -0.01565081   0.01025717
    7    3
 -0.00692050  -0.01171443    -0.01542370   0.00494998    -0.02717973  -0.01483057
 -0.00523299  -0.00106013     0.01391900  -0.01624762    -0.01478845  -0.00061732
 -0.02821750  -0.01763420    -0.00466950  -0.00294838    -0.01367014  -0.00802205
    7    4
 -0.01278143   0.00643319     0.00527525  -0.00583351     0.00693697   0.00535851
  0.00848710  -0.01203620    -0.02037674   0.01141478     0.02269560  -0.00170175
  0.00489736   0.00411514    -0.00984947   0.00331801    -0.01565081  -0.01025717
    7    5
  0.01391900   0.01624762    -0.00523299   0.00106013    -0.01478845   0.00061732
 -0.01542370  -0.00494998    -0.00692050   0.01171443    -0.02717973   0.01483057
 -0.00466950   0.00294838    -0.02821750   0.01763420    -0.01367014   0.00802205
    7    6
 -0.02016768  -0.00230611    -0.00918542  -0.00000000     0.00667245   0.00576877
 -0.00918542   0.00000000    -0.02016768   0.00230611     0.00667245  -0.00576877
  0.00667245   0.00576877     0.00667245  -0.00576877     0.02509267   0.00000000
    7    7
  0.04494132   0.00000000     0.00414037   0.00070575     0.00538940   0.00058367
  0.00414037  -0.00070575     0.04494132  -0.00000000     0.00538940  -0.00058367
  0.00538940  -0.00058367     0.00538940   0.00058367     0.04883400  -0.00000000

     Dynamical  Matrix in cartesian axes

     q = (   -0.324759526   0.216506351   0.324759526 ) 

    1    1
  0.06299739   0.00000000    -0.00384298   0.00000000    -0.00849396   0.00000000
 -0.00384298   0.00000000     0.03602052   0.00000000     0.00384298   0.00000000
 -0.00849396   0.00000000     0.00384298   0.00000000     0.06299739   0.00000000
    1    2
 -0.00521045  -0.01108008    -0.00313104   0.01052449    -0.01152300  -0.00232229
  0.00855632  -0.00097156    -0.00416037  -0.00201116     0.00708223  -0.00026662
 -0.00122710   0.00601719     0.00103032  -0.00925083     0.00279708   0.00538339
    1    3
  0.00415046   0.01151915    -0.00965592  -0.00522796    -0.00650588   0.00979010
  0.00673723  -0.00536324    -0.00151972   0.00436393     0.00519642  -0.00481936
 -0.00512249  -0.00338710     0.00726987   0.00581278    -0.00182880  -0.00578446
    1    4
 -0.00259496  -0.00589329     0.00739206   0.01624442     0.00111887  -0.00094512
 -0.00686190  -0.00101173    -0.00504078  -0.00504078     0.00101173   0.00686190
 -0.00094512   0.00111887    -0.01624442  -0.00739206    -0.00589329  -0.00259496
    1    5
  0.00233227   0.00600210    -0.00625956  -0.01671351     0.00145947  -0.00012286
 -0.00413670   0.00556750     0.00000000   0.00712873    -0.00413670  -0.00556750
 -0.00145947  -0.00012286    -0.00625956   0.01671351    -0.00233227   0.00600210
    1    6
  0.00578446   0.00182880     0.00581278   0.00726987     0.00338710   0.00512249
 -0.00481936   0.00519642    -0.00436393   0.00151972    -0.00536324   0.00673723
 -0.00979010   0.00650588    -0.00522796  -0.00965592    -0.01151915  -0.00415046
    1    7
  0.00279708  -0.00538339    -0.00103032  -0.00925083    -0.00122710  -0.00601719
 -0.00708223  -0.00026662    -0.00416037   0.00201116    -0.00855632  -0.00097156
 -0.01152300   0.00232229     0.00313104   0.01052449    -0.00521045   0.01108008
    2    1
 -0.00521045   0.01108008     0.00855632   0.00097156    -0.00122710  -0.00601719
 -0.00313104  -0.01052449    -0.00416037   0.00201116     0.00103032   0.00925083
 -0.01152300   0.00232229     0.00708223   0.00026662     0.00279708  -0.00538339
    2    2
  0.05966611   0.00000000    -0.00753012  -0.00303781     0.00312717  -0.00118596
 -0.00753012   0.00303781     0.03970106  -0.00000000     0.00767518   0.00286233
  0.00312717   0.00118596     0.00767518  -0.00286233     0.05066040  -0.00000000
    2    3
  0.01631277   0.00316615    -0.00444439  -0.00827184    -0.01192444   0.00239272
 -0.00444439  -0.00827184    -0.01259634  -0.01582059    -0.01194027  -0.00344395
 -0.01192444   0.00239272    -0.01194027  -0.00344395    -0.02339489   0.00259133
    2    4
 -0.01141478  -0.02037674     0.00331801   0.00984947    -0.00583351  -0.00527525
 -0.00170175  -0.02269560     0.01025717  -0.01565081    -0.00535851   0.00693697
 -0.01203620  -0.00848710    -0.00411514   0.00489736    -0.00643319  -0.01278143
    2    5
 -0.01317688  -0.00338982     0.03242204  -0.00748352     0.00444991  -0.00295066
  0.02970577  -0.00873217    -0.01533869   0.00399380    -0.01089353   0.01002050
  0.00740604  -0.01440636    -0.00538665   0.00121701    -0.00164658  -0.02133102
    2    6
 -0.02167756   0.01485764    -0.00336712   0.00908186    -0.00669080   0.00669080
 -0.01074875  -0.00197079    -0.00608453   0.00608453     0.00908186  -0.00336712
 -0.02159938   0.02159938    -0.00197079  -0.01074875    -0.01485764   0.02167756
    2    7
 -0.01044236   0.00451401     0.00459427  -0.01075223     0.02774023   0.00289580
  0.00797387   0.00792547    -0.01403483   0.01822898    -0.00459427   0.01075223
  0.03392891   0.01119334    -0.00797387  -0.00792547    -0.01044236   0.00451401
    3    1
  0.00415046  -0.01151915     0.00673723   0.00536324    -0.00512249   0.00338710
 -0.00965592   0.00522796    -0.00151972  -0.00436393     0.00726987  -0.00581278
 -0.00650588  -0.00979010     0.00519642   0.00481936    -0.00182880   0.00578446
    3    2
  0.01631277  -0.00316615    -0.00444439   0.00827184    -0.01192444  -0.00239272
 -0.00444439   0.00827184    -0.01259634   0.01582059    -0.01194027   0.00344395
 -0.01192444  -0.00239272    -0.01194027   0.00344395    -0.02339489  -0.00259133
    3    3
  0.05966611  -0.00000000    -0.00753012   0.00303781     0.00312717   0.00118596
 -0.00753012  -0.00303781     0.03970106   0.00000000     0.00767518  -0.00286233
  0.00312717  -0.00118596     0.00767518   0.00286233     0.05066040   0.00000000
    3    4
 -0.01317688   0.00338982     0.03242204   0.00748352     0.00444991   0.00295066
  0.02970577   0.00873217    -0.01533869  -0.00399380    -0.01089353  -0.01002050
  0.00740604   0.01440636    -0.00538665  -0.00121701    -0.00164658   0.02133102
    3    5
 -0.01141478   0.02037674     0.00331801  -0.00984947    -0.00583351   0.00527525
 -0.00170175   0.02269560     0.01025717   0.01565081    -0.00535851  -0.00693697
 -0.01203620   0.00848710    -0.00411514  -0.00489736    -0.00643319   0.01278143
    3    6
 -0.01044236  -0.00451401     0.00459427   0.01075223     0.02774023  -0.00289580
  0.00797387  -0.00792547    -0.01403483  -0.01822898    -0.00459427  -0.01075223
  0.03392891  -0.01119334    -0.00797387   0.00792547    -0.01044236  -0.00451401
    3    7
 -0.02167756  -0.01485764    -0.00336712  -0.00908186    -0.00669080  -0.00669080
 -0.01074875   0.00197079    -0.00608453  -0.00608453     0.00908186   0.00336712
 -0.02159938  -0.02159938    -0.00197079   0.01074875    -0.01485764  -0.02167756
    4    1
 -0.00259496   0.00589329    -0.00686190   0.00101173    -0.00094512  -0.00111887
  0.00739206  -0.01624442    -0.00504078   0.00504078    -0.01624442   0.00739206
  0.00111887   0.00094512     0.00101173  -0.00686190    -0.00589329   0.00259496
    4    2
 -0.01141478   0.02037674    -0.00170175   0.02269560    -0.01203620   0.00848710
  0.00331801  -0.00984947     0.01025717   0.01565081    -0.00411514  -0.00489736
 -0.00583351   0.00527525    -0.00535851  -0.00693697    -0.00643319   0.01278143
    4    3
 -0.01317688  -0.00338982     0.02970577  -0.00873217     0.00740604  -0.01440636
  0.03242204  -0.00748352    -0.01533869   0.00399380    -0.00538665   0.00121701
  0.00444991  -0.00295066    -0.01089353   0.01002050    -0.00164658  -0.02133102
    4    4
  0.04494132   0.00000000    -0.00538940  -0.00058367    -0.00414037  -0.00070575
 -0.00538940   0.00058367     0.04883400  -0.00000000     0.00538940   0.00058367
 -0.00414037   0.00070575     0.00538940  -0.00058367     0.04494132  -0.00000000
    4    5
  0.01263004   0.01589137     0.00063900   0.00879727    -0.00649507  -0.00649507
  0.00063900   0.00879727    -0.01774320  -0.01774320    -0.00879727  -0.00063900
 -0.00649507  -0.00649507    -0.00879727  -0.00063900     0.01589137   0.01263004
    4    6
  0.00164658  -0.02133102    -0.01089353  -0.01002050    -0.00444991  -0.00295066
 -0.00538665  -0.00121701     0.01533869   0.00399380     0.03242204   0.00748352
 -0.00740604  -0.01440636     0.02970577   0.00873217     0.01317688  -0.00338982
    4    7
 -0.01278143   0.00643319    -0.00693697  -0.00535851    -0.00527525   0.00583351
 -0.00489736  -0.00411514    -0.01565081  -0.01025717    -0.00984947   0.00331801
 -0.00848710   0.01203620     0.02269560  -0.00170175    -0.02037674   0.01141478
    5    1
  0.00233227  -0.00600210    -0.00413670  -0.00556750    -0.00145947   0.00012286
 -0.00625956   0.01671351     0.00000000  -0.00712873    -0.00625956  -0.01671351
  0.00145947   0.00012286    -0.00413670   0.00556750    -0.00233227  -0.00600210
    5    2
 -0.01317688   0.00338982     0.02970577   0.00873217     0.00740604   0.01440636
  0.03242204   0.00748352    -0.01533869  -0.00399380    -0.00538665  -0.00121701
  0.00444991   0.00295066    -0.01089353  -0.01002050    -0.00164658   0.02133102
    5    3
 -0.01141478  -0.02037674    -0.00170175  -0.02269560    -0.01203620  -0.00848710
  0.00331801   0.00984947     0.01025717  -0.01565081    -0.00411514   0.00489736
 -0.00583351  -0.00527525    -0.00535851   0.00693697    -0.00643319  -0.01278143
    5    4
  0.01263004  -0.01589137     0.00063900  -0.00879727    -0.00649507   0.00649507
  0.00063900  -0.00879727    -0.01774320   0.01774320    -0.00879727   0.00063900
 -0.00649507   0.00649507    -0.00879727   0.00063900     0.01589137  -0.01263004
    5    5
  0.04494132  -0.00000000    -0.00538940   0.00058367    -0.00414037   0.00070575
 -0.00538940  -0.00058367     0.04883400   0.00000000     0.00538940  -0.00058367
 -0.00414037  -0.00070575     0.00538940   0.00058367     0.04494132   0.00000000
    5    6
 -0.01278143  -0.00643319    -0.00693697   0.00535851    -0.00527525  -0.00583351
 -0.00489736   0.00411514    -0.01565081   0.01025717    -0.00984947  -0.00331801
 -0.00848710  -0.01203620     0.02269560   0.00170175    -0.02037674  -0.01141478
    5    7
  0.00164658   0.02133102    -0.01089353   0.01002050    -0.00444991   0.00295066
 -0.00538665   0.00121701     0.01533869  -0.00399380     0.03242204  -0.00748352
 -0.00740604   0.01440636     0.02970577  -0.00873217     0.01317688   0.00338982
    6    1
  0.00578446  -0.00182880    -0.00481936  -0.00519642    -0.00979010  -0.00650588
  0.00581278  -0.00726987    -0.00436393  -0.00151972    -0.00522796   0.00965592
  0.00338710  -0.00512249    -0.00536324  -0.00673723    -0.01151915   0.00415046
    6    2
 -0.02167756  -0.01485764    -0.01074875   0.00197079    -0.02159938  -0.02159938
 -0.00336712  -0.00908186    -0.00608453  -0.00608453    -0.00197079   0.01074875
 -0.00669080  -0.00669080     0.00908186   0.00336712    -0.01485764  -0.02167756
    6    3
 -0.01044236   0.00451401     0.00797387   0.00792547     0.03392891   0.01119334
  0.00459427  -0.01075223    -0.01403483   0.01822898    -0.00797387  -0.00792547
  0.02774023   0.00289580    -0.00459427   0.01075223    -0.01044236   0.00451401
    6    4
  0.00164658   0.02133102    -0.00538665   0.00121701    -0.00740604   0.01440636
 -0.01089353   0.01002050     0.01533869  -0.00399380     0.02970577  -0.00873217
 -0.00444991   0.00295066     0.03242204  -0.00748352     0.01317688   0.00338982
    6    5
 -0.01278143   0.00643319    -0.00489736  -0.00411514    -0.00848710   0.01203620
 -0.00693697  -0.00535851    -0.01565081  -0.01025717     0.02269560  -0.00170175
 -0.00527525   0.00583351    -0.00984947   0.00331801    -0.02037674   0.01141478
    6    6
  0.05066040  -0.00000000    -0.00767518   0.00286233     0.00312717   0.00118596
 -0.00767518  -0.00286233     0.03970106  -0.00000000     0.00753012  -0.00303781
  0.00312717  -0.00118596     0.00753012   0.00303781     0.05966611   0.00000000
    6    7
 -0.00259133  -0.02339489    -0.00344395   0.01194027    -0.00239272  -0.01192444
 -0.00344395   0.01194027     0.01582059  -0.01259634    -0.00827184   0.00444439
 -0.00239272  -0.01192444    -0.00827184   0.00444439    -0.00316615   0.01631277
    7    1
  0.00279708   0.00538339    -0.00708223   0.00026662    -0.01152300  -0.00232229
 -0.00103032   0.00925083    -0.00416037  -0.00201116     0.00313104  -0.01052449
 -0.00122710   0.00601719    -0.00855632   0.00097156    -0.00521045  -0.01108008
    7    2
 -0.01044236  -0.00451401     0.00797387  -0.00792547     0.03392891  -0.01119334
  0.00459427   0.01075223    -0.01403483  -0.01822898    -0.00797387   0.00792547
  0.02774023  -0.00289580    -0.00459427  -0.01075223    -0.01044236  -0.00451401
    7    3
 -0.02167756   0.01485764    -0.01074875  -0.00197079    -0.02159938   0.02159938
 -0.00336712   0.00908186    -0.00608453   0.00608453    -0.00197079  -0.01074875
 -0.00669080   0.00669080     0.00908186  -0.00336712    -0.01485764   0.02167756
    7    4
 -0.01278143  -0.00643319    -0.00489736   0.00411514    -0.00848710  -0.01203620
 -0.00693697   0.00535851    -0.01565081   0.01025717     0.02269560   0.00170175
 -0.00527525  -0.00583351    -0.00984947  -0.00331801    -0.02037674  -0.01141478
    7    5
  0.00164658  -0.02133102    -0.00538665  -0.00121701    -0.00740604  -0.01440636
 -0.01089353  -0.01002050     0.01533869   0.00399380     0.02970577   0.00873217
 -0.00444991  -0.00295066     0.03242204   0.00748352     0.01317688  -0.00338982
    7    6
 -0.00259133   0.02339489    -0.00344395  -0.01194027    -0.00239272   0.01192444
 -0.00344395  -0.01194027     0.01582059   0.01259634    -0.00827184  -0.00444439
 -0.00239272   0.01192444    -0.00827184  -0.00444439    -0.00316615  -0.01631277
    7    7
  0.05066040   0.00000000    -0.00767518  -0.00286233     0.00312717  -0.00118596
 -0.00767518   0.00286233     0.03970106   0.00000000     0.00753012   0.00303781
  0.00312717   0.00118596     0.00753012  -0.00303781     0.05966611  -0.00000000

     Dynamical  Matrix in cartesian axes

     q = (    0.324759526   0.216506351   0.324759526 ) 

    1    1
  0.06299739   0.00000000     0.00384298   0.00000000     0.00849396   0.00000000
  0.00384298   0.00000000     0.03602052   0.00000000     0.00384298   0.00000000
  0.00849396   0.00000000     0.00384298   0.00000000     0.06299739   0.00000000
    1    2
  0.01151915  -0.00415046     0.00522796  -0.00965592    -0.00979010  -0.00650588
  0.00536324   0.00673723     0.00436393   0.00151972    -0.00481936  -0.00519642
  0.00338710  -0.00512249     0.00581278  -0.00726987    -0.00578446   0.00182880
    1    3
 -0.01151915  -0.00415046    -0.00522796  -0.00965592     0.00979010  -0.00650588
 -0.00536324   0.00673723    -0.00436393   0.00151972     0.00481936  -0.00519642
 -0.00338710  -0.00512249    -0.00581278  -0.00726987     0.00578446   0.00182880
    1    4
 -0.00233227   0.00600210    -0.00625956   0.01671351     0.00145947   0.00012286
 -0.00413670  -0.00556750    -0.00000000   0.00712873     0.00413670  -0.00556750
 -0.00145947   0.00012286     0.00625956   0.01671351     0.00233227   0.00600210
    1    5
  0.00233227   0.00600210     0.00625956   0.01671351    -0.00145947   0.00012286
  0.00413670  -0.00556750    -0.00000000   0.00712873    -0.00413670  -0.00556750
  0.00145947   0.00012286    -0.00625956   0.01671351    -0.00233227   0.00600210
    1    6
  0.00578446   0.00182880    -0.00581278  -0.00726987    -0.00338710  -0.00512249
  0.00481936  -0.00519642    -0.00436393   0.00151972    -0.00536324   0.00673723
  0.00979010  -0.00650588    -0.00522796  -0.00965592    -0.01151915  -0.00415046
    1    7
 -0.00578446   0.00182880     0.00581278  -0.00726987     0.00338710  -0.00512249
 -0.00481936  -0.00519642     0.00436393   0.00151972     0.00536324   0.00673723
 -0.00979010  -0.00650588     0.00522796  -0.00965592     0.01151915  -0.00415046
    2    1
  0.01151915   0.00415046     0.00536324  -0.00673723     0.00338710   0.00512249
  0.00522796   0.00965592     0.00436393  -0.00151972     0.00581278   0.00726987
 -0.00979010   0.00650588    -0.00481936   0.00519642    -0.00578446  -0.00182880
    2    2
  0.05966611  -0.00000000     0.00753012  -0.00303781    -0.00312717  -0.00118596
  0.00753012   0.00303781     0.03970106  -0.00000000     0.00767518  -0.00286233
 -0.00312717   0.00118596     0.00767518   0.00286233     0.05066040   0.00000000
    2    3
  0.01377367   0.00929606     0.00899173  -0.00270641     0.00673995   0.01012376
  0.00899173  -0.00270641    -0.02009380   0.00227989    -0.01087828  -0.00600780
  0.00673995   0.01012376    -0.01087828  -0.00600780    -0.01471034  -0.01837503
    2    4
 -0.00692050   0.01171443    -0.02821750   0.01763420    -0.00523299   0.00106013
 -0.02717973   0.01483057    -0.01367014   0.00802205    -0.01478845   0.00061732
 -0.01542370  -0.00494998    -0.00466950   0.00294838     0.01391900   0.01624762
    2    5
 -0.02037674  -0.01141478    -0.00984947  -0.00331801     0.00527525   0.00583351
  0.02269560   0.00170175    -0.01565081   0.01025717     0.00693697  -0.00535851
  0.00848710   0.01203620     0.00489736  -0.00411514    -0.01278143  -0.00643319
    2    6
  0.00451401  -0.01044236     0.01075223  -0.00459427    -0.00289580  -0.02774023
 -0.00792547  -0.00797387     0.01822898  -0.01403483     0.01075223  -0.00459427
 -0.01119334  -0.03392891    -0.00792547  -0.00797387     0.00451401  -0.01044236
    2    7
 -0.02583429   0.00482241     0.00880276   0.00404093     0.00946222   0.00000000
  0.00620696  -0.00899408    -0.00860482  -0.00000000     0.00880276  -0.00404093
  0.03054613   0.00000000     0.00620696   0.00899408    -0.02583429  -0.00482241
    3    1
 -0.01151915   0.00415046    -0.00536324  -0.00673723    -0.00338710   0.00512249
 -0.00522796   0.00965592    -0.00436393  -0.00151972    -0.00581278   0.00726987
  0.00979010   0.00650588     0.00481936   0.00519642     0.00578446  -0.00182880
    3    2
  0.01377367  -0.00929606     0.00899173   0.00270641     0.00673995  -0.01012376
  0.00899173   0.00270641    -0.02009380  -0.00227989    -0.01087828   0.00600780
  0.00673995  -0.01012376    -0.01087828   0.00600780    -0.01471034   0.01837503
    3    3
  0.05966611   0.00000000     0.00753012   0.00303781    -0.00312717   0.00118596
  0.00753012  -0.00303781     0.03970106   0.00000000     0.00767518   0.00286233
 -0.00312717  -0.00118596     0.00767518  -0.00286233     0.05066040  -0.00000000
    3    4
 -0.02037674   0.01141478    -0.00984947   0.00331801     0.00527525  -0.00583351
  0.02269560  -0.00170175    -0.01565081  -0.01025717     0.00693697   0.00535851
  0.00848710  -0.01203620     0.00489736   0.00411514    -0.01278143   0.00643319
    3    5
 -0.00692050  -0.01171443    -0.02821750  -0.01763420    -0.00523299  -0.00106013
 -0.02717973  -0.01483057    -0.01367014  -0.00802205    -0.01478845  -0.00061732
 -0.01542370   0.00494998    -0.00466950  -0.00294838     0.01391900  -0.01624762
    3    6
 -0.02583429  -0.00482241     0.00880276  -0.00404093     0.00946222  -0.00000000
  0.00620696   0.00899408    -0.00860482   0.00000000     0.00880276   0.00404093
  0.03054613  -0.00000000     0.00620696  -0.00899408    -0.02583429   0.00482241
    3    7
  0.00451401   0.01044236     0.01075223   0.00459427    -0.00289580   0.02774023
 -0.00792547   0.00797387     0.01822898   0.01403483     0.01075223   0.00459427
 -0.01119334   0.03392891    -0.00792547   0.00797387     0.00451401   0.01044236
    4    1
 -0.00233227  -0.00600210    -0.00413670   0.00556750    -0.00145947  -0.00012286
 -0.00625956  -0.01671351    -0.00000000  -0.00712873     0.00625956  -0.01671351
  0.00145947  -0.00012286     0.00413670   0.00556750     0.00233227  -0.00600210
    4    2
 -0.00692050  -0.01171443    -0.02717973  -0.01483057    -0.01542370   0.00494998
 -0.02821750  -0.01763420    -0.01367014  -0.00802205    -0.00466950  -0.00294838
 -0.00523299  -0.00106013    -0.01478845  -0.00061732     0.01391900  -0.01624762
    4    3
 -0.02037674  -0.01141478     0.02269560   0.00170175     0.00848710   0.01203620
 -0.00984947  -0.00331801    -0.01565081   0.01025717     0.00489736  -0.00411514
  0.00527525   0.00583351     0.00693697  -0.00535851    -0.01278143  -0.00643319
    4    4
  0.04494132   0.00000000     0.00538940   0.00058367     0.00414037   0.00070575
  0.00538940  -0.00058367     0.04883400  -0.00000000     0.00538940   0.00058367
  0.00414037  -0.00070575     0.00538940  -0.00058367     0.04494132  -0.00000000
    4    5
 -0.02016768  -0.00230611     0.00667245   0.00576877    -0.00918542   0.00000000
  0.00667245   0.00576877     0.02509267   0.00000000     0.00667245  -0.00576877
 -0.00918542  -0.00000000     0.00667245  -0.00576877    -0.02016768   0.00230611
    4    6
  0.01391900   0.01624762    -0.01478845   0.00061732    -0.00523299   0.00106013
 -0.00466950   0.00294838    -0.01367014   0.00802205    -0.02821750   0.01763420
 -0.01542370  -0.00494998    -0.02717973   0.01483057    -0.00692050   0.01171443
    4    7
 -0.01278143   0.00643319     0.00693697   0.00535851     0.00527525  -0.00583351
  0.00489736   0.00411514    -0.01565081  -0.01025717    -0.00984947   0.00331801
  0.00848710  -0.01203620     0.02269560  -0.00170175    -0.02037674   0.01141478
    5    1
  0.00233227  -0.00600210     0.00413670   0.00556750     0.00145947  -0.00012286
  0.00625956  -0.01671351    -0.00000000  -0.00712873    -0.00625956  -0.01671351
 -0.00145947  -0.00012286    -0.00413670   0.00556750    -0.00233227  -0.00600210
    5    2
 -0.02037674   0.01141478     0.02269560  -0.00170175     0.00848710  -0.01203620
 -0.00984947   0.00331801    -0.01565081  -0.01025717     0.00489736   0.00411514
  0.00527525  -0.00583351     0.00693697   0.00535851    -0.01278143   0.00643319
    5    3
 -0.00692050   0.01171443    -0.02717973   0.01483057    -0.01542370  -0.00494998
 -0.02821750   0.01763420    -0.01367014   0.00802205    -0.00466950   0.00294838
 -0.00523299   0.00106013    -0.01478845   0.00061732     0.01391900   0.01624762
    5    4
 -0.02016768   0.00230611     0.00667245  -0.00576877    -0.00918542   0.00000000
  0.00667245  -0.00576877     0.02509267   0.00000000     0.00667245   0.00576877
 -0.00918542   0.00000000     0.00667245   0.00576877    -0.02016768  -0.00230611
    5    5
  0.04494132  -0.00000000     0.00538940  -0.00058367     0.00414037  -0.00070575
  0.00538940   0.00058367     0.04883400   0.00000000     0.00538940  -0.00058367
  0.00414037   0.00070575     0.00538940   0.00058367     0.04494132   0.00000000
    5    6
 -0.01278143  -0.00643319     0.00693697  -0.00535851     0.00527525   0.00583351
  0.00489736  -0.00411514    -0.01565081   0.01025717    -0.00984947  -0.00331801
  0.00848710   0.01203620     0.02269560   0.00170175    -0.02037674  -0.01141478
    5    7
  0.01391900  -0.01624762    -0.01478845  -0.00061732    -0.00523299  -0.00106013
 -0.00466950  -0.00294838    -0.01367014  -0.00802205    -0.02821750  -0.01763420
 -0.01542370   0.00494998    -0.02717973  -0.01483057    -0.00692050  -0.01171443
    6    1
  0.00578446  -0.00182880     0.00481936   0.00519642     0.00979010   0.00650588
 -0.00581278   0.00726987    -0.00436393  -0.00151972    -0.00522796   0.00965592
 -0.00338710   0.00512249    -0.00536324  -0.00673723    -0.01151915   0.00415046
    6    2
  0.00451401   0.01044236    -0.00792547   0.00797387    -0.01119334   0.03392891
  0.01075223   0.00459427     0.01822898   0.01403483    -0.00792547   0.00797387
 -0.00289580   0.02774023     0.01075223   0.00459427     0.00451401   0.01044236
    6    3
 -0.02583429   0.00482241     0.00620696  -0.00899408     0.03054613   0.00000000
  0.00880276   0.00404093    -0.00860482  -0.00000000     0.00620696   0.00899408
  0.00946222   0.00000000     0.00880276  -0.00404093    -0.02583429  -0.00482241
    6    4
  0.01391900  -0.01624762    -0.00466950  -0.00294838    -0.01542370   0.00494998
 -0.01478845  -0.00061732    -0.01367014  -0.00802205    -0.02717973  -0.01483057
 -0.00523299  -0.00106013    -0.02821750  -0.01763420    -0.00692050  -0.01171443
    6    5
 -0.01278143   0.00643319     0.00489736   0.00411514     0.00848710  -0.01203620
  0.00693697   0.00535851    -0.01565081  -0.01025717     0.02269560  -0.00170175
  0.00527525  -0.00583351    -0.00984947   0.00331801    -0.02037674   0.01141478
    6    6
  0.05066040   0.00000000     0.00767518  -0.00286233    -0.00312717  -0.00118596
  0.00767518   0.00286233     0.03970106   0.00000000     0.00753012  -0.00303781
 -0.00312717   0.00118596     0.00753012   0.00303781     0.05966611   0.00000000
    6    7
 -0.01471034   0.01837503    -0.01087828   0.00600780     0.00673995  -0.01012376
 -0.01087828   0.00600780    -0.02009380  -0.00227989     0.00899173   0.00270641
  0.00673995  -0.01012376     0.00899173   0.00270641     0.01377367  -0.00929606
    7    1
 -0.00578446  -0.00182880    -0.00481936   0.00519642    -0.00979010   0.00650588
  0.00581278   0.00726987     0.00436393  -0.00151972     0.00522796   0.00965592
  0.00338710   0.00512249     0.00536324  -0.00673723     0.01151915   0.00415046
    7    2
 -0.02583429  -0.00482241     0.00620696   0.00899408     0.03054613  -0.00000000
  0.00880276  -0.00404093    -0.00860482   0.00000000     0.00620696  -0.00899408
  0.00946222  -0.00000000     0.00880276   0.00404093    -0.02583429   0.00482241
    7    3
  0.00451401  -0.01044236    -0.00792547  -0.00797387    -0.01119334  -0.03392891
  0.01075223  -0.00459427     0.01822898  -0.01403483    -0.00792547  -0.00797387
 -0.00289580  -0.02774023     0.01075223  -0.00459427     0.00451401  -0.01044236
    7    4
 -0.01278143  -0.00643319     0.00489736  -0.00411514     0.00848710   0.01203620
  0.00693697  -0.00535851    -0.01565081   0.01025717     0.02269560   0.00170175
  0.00527525   0.00583351    -0.00984947  -0.00331801    -0.02037674  -0.01141478
    7    5
  0.01391900   0.01624762    -0.00466950   0.00294838    -0.01542370  -0.00494998
 -0.01478845   0.00061732    -0.01367014   0.00802205    -0.02717973   0.01483057
 -0.00523299   0.00106013    -0.02821750   0.01763420    -0.00692050   0.01171443
    7    6
 -0.01471034  -0.01837503    -0.01087828  -0.00600780     0.00673995   0.01012376
 -0.01087828  -0.00600780    -0.02009380   0.00227989     0.00899173  -0.00270641
  0.00673995   0.01012376     0.00899173  -0.00270641     0.01377367   0.00929606
    7    7
  0.05066040  -0.00000000     0.00767518   0.00286233    -0.00312717   0.00118596
  0.00767518  -0.00286233     0.03970106  -0.00000000     0.00753012   0.00303781
 -0.00312717  -0.00118596     0.00753012  -0.00303781     0.05966611  -0.00000000

     Dynamical  Matrix in cartesian axes

     q = (    0.324759526  -0.324759526   0.216506351 ) 

    1    1
  0.06299739   0.00000000    -0.00849396   0.00000000     0.00384298   0.00000000
 -0.00849396   0.00000000     0.06299739   0.00000000    -0.00384298   0.00000000
  0.00384298   0.00000000    -0.00384298   0.00000000     0.03602052   0.00000000
    1    2
 -0.01151915  -0.00415046    -0.00979010   0.00650588    -0.00522796  -0.00965592
  0.00338710   0.00512249     0.00578446   0.00182880     0.00581278   0.00726987
 -0.00536324   0.00673723    -0.00481936   0.00519642    -0.00436393   0.00151972
    1    3
 -0.00521045   0.01108008    -0.01152300   0.00232229     0.00313104   0.01052449
 -0.00122710  -0.00601719     0.00279708  -0.00538339    -0.00103032  -0.00925083
 -0.00855632  -0.00097156    -0.00708223  -0.00026662    -0.00416037   0.00201116
    1    4
  0.00279708   0.00538339    -0.00122710   0.00601719     0.00103032  -0.00925083
 -0.01152300  -0.00232229    -0.00521045  -0.01108008    -0.00313104   0.01052449
  0.00708223  -0.00026662     0.00855632  -0.00097156    -0.00416037  -0.00201116
    1    5
 -0.00182880  -0.00578446    -0.00512249  -0.00338710     0.00726987   0.00581278
 -0.00650588   0.00979010     0.00415046   0.01151915    -0.00965592  -0.00522796
  0.00519642  -0.00481936     0.00673723  -0.00536324    -0.00151972   0.00436393
    1    6
 -0.00589329  -0.00259496    -0.00094512   0.00111887    -0.01624442  -0.00739206
  0.00111887  -0.00094512    -0.00259496  -0.00589329     0.00739206   0.01624442
  0.00101173   0.00686190    -0.00686190  -0.00101173    -0.00504078  -0.00504078
    1    7
 -0.00233227   0.00600210    -0.00145947  -0.00012286    -0.00625956   0.01671351
  0.00145947  -0.00012286     0.00233227   0.00600210    -0.00625956  -0.01671351
