  1.000000000000000E-002   1.26045764302382        2.13065582614097     
          12

     Dynamical  Matrix in cartesian axes

     q = (   -0.866025400  -0.108253200  -0.108253200 ) 

    1    1
  0.00842452   0.00000000     0.00000000  -0.00000000    -0.00000000  -0.00000000
  0.00000000  -0.00000000     0.03069515   0.00000000    -0.00582987   0.00000000
 -0.00000000  -0.00000000    -0.00582987   0.00000000     0.03069515   0.00000000
    1    2
 -0.00000000  -0.00000000    -0.00197549   0.00476925    -0.00197549   0.00476925
 -0.00344739   0.00832273     0.00547169   0.00226645    -0.00143223  -0.00059325
 -0.00344739   0.00832273     0.00143223   0.00059325    -0.00547169  -0.00226645
    1    3
 -0.00000000  -0.00000000    -0.00197549   0.00476925    -0.00197549   0.00476925
 -0.00344739   0.00832273    -0.00547169  -0.00226645     0.00143223   0.00059325
 -0.00344739   0.00832273    -0.00143223  -0.00059325     0.00547169   0.00226645
    1    4
 -0.00222424   0.00418971     0.00000000   0.00000000    -0.00000000  -0.00000000
 -0.00000000   0.00000000    -0.00029876  -0.00264498    -0.00318878  -0.00170726
 -0.00000000  -0.00000000     0.00020455   0.01635958     0.00822783  -0.00192141
    1    5
 -0.00138979   0.00453535     0.00000000  -0.00000000     0.00000000   0.00000000
 -0.00000000   0.00000000     0.00208154  -0.00165903     0.00346202   0.00104759
  0.00000000   0.00000000    -0.01171261   0.01142333    -0.00445931  -0.00717659
    1    6
 -0.00138979   0.00453535     0.00000000  -0.00000000    -0.00000000  -0.00000000
  0.00000000  -0.00000000    -0.00445931  -0.00717659    -0.01171261   0.01142333
 -0.00000000  -0.00000000     0.00346202   0.00104759     0.00208154  -0.00165903
    1    7
 -0.00222424   0.00418971    -0.00000000  -0.00000000     0.00000000   0.00000000
 -0.00000000  -0.00000000     0.00822783  -0.00192141     0.00020455   0.01635958
 -0.00000000   0.00000000    -0.00318878  -0.00170726    -0.00029876  -0.00264498
    2    1
 -0.00000000   0.00000000    -0.00344739  -0.00832273    -0.00344739  -0.00832273
 -0.00197549  -0.00476925     0.00547169  -0.00226645     0.00143223  -0.00059325
 -0.00197549  -0.00476925    -0.00143223   0.00059325    -0.00547169   0.00226645
    2    2
  0.01044020  -0.00000000    -0.00000000  -0.00063767    -0.00000000   0.00063767
 -0.00000000   0.00063767     0.01905239   0.00000000    -0.00032523   0.00000000
 -0.00000000  -0.00063767    -0.00032523   0.00000000     0.01905239  -0.00000000
    2    3
  0.00578011   0.00000000    -0.00000000   0.00488451    -0.00000000  -0.00488451
  0.00000000   0.00488451     0.01385561  -0.00000000     0.00082913   0.00000000
 -0.00000000  -0.00488451     0.00082913   0.00000000     0.01385561  -0.00000000
    2    4
  0.00077184   0.00167424     0.00567892  -0.00261364    -0.00170937  -0.00094478
  0.01463702   0.00050550     0.00095963   0.00145888    -0.00028095  -0.00050497
  0.00050569   0.00118731    -0.00094446  -0.00196956    -0.00174821   0.00139898
    2    5
 -0.00077184   0.00167424     0.00567892   0.00261364    -0.00170937   0.00094478
  0.01463702  -0.00050550    -0.00095963   0.00145888     0.00028095  -0.00050497
  0.00050569  -0.00118731     0.00094446  -0.00196956     0.00174821   0.00139898
    2    6
  0.00077184  -0.00167424    -0.00170937   0.00094478     0.00567892   0.00261364
  0.00050569  -0.00118731    -0.00174821  -0.00139898    -0.00094446   0.00196956
  0.01463702  -0.00050550    -0.00028095   0.00050497     0.00095963  -0.00145888
    2    7
 -0.00077184  -0.00167424    -0.00170937  -0.00094478     0.00567892  -0.00261364
  0.00050569   0.00118731     0.00174821  -0.00139898     0.00094446   0.00196956
  0.01463702   0.00050550     0.00028095   0.00050497    -0.00095963  -0.00145888
    3    1
 -0.00000000   0.00000000    -0.00344739  -0.00832273    -0.00344739  -0.00832273
 -0.00197549  -0.00476925    -0.00547169   0.00226645    -0.00143223   0.00059325
 -0.00197549  -0.00476925     0.00143223  -0.00059325     0.00547169  -0.00226645
    3    2
  0.00578011  -0.00000000    -0.00000000  -0.00488451    -0.00000000   0.00488451
  0.00000000  -0.00488451     0.01385561   0.00000000     0.00082913   0.00000000
 -0.00000000   0.00488451     0.00082913   0.00000000     0.01385561   0.00000000
    3    3
  0.01044020   0.00000000    -0.00000000   0.00063767    -0.00000000  -0.00063767
 -0.00000000  -0.00063767     0.01905239  -0.00000000    -0.00032523  -0.00000000
 -0.00000000   0.00063767    -0.00032523  -0.00000000     0.01905239  -0.00000000
    3    4
 -0.00077184  -0.00167424     0.00567892  -0.00261364    -0.00170937  -0.00094478
  0.01463702   0.00050550    -0.00095963  -0.00145888     0.00028095   0.00050497
  0.00050569   0.00118731     0.00094446   0.00196956     0.00174821  -0.00139898
    3    5
  0.00077184  -0.00167424     0.00567892   0.00261364    -0.00170937   0.00094478
  0.01463702  -0.00050550     0.00095963  -0.00145888    -0.00028095   0.00050497
  0.00050569  -0.00118731    -0.00094446   0.00196956    -0.00174821  -0.00139898
    3    6
 -0.00077184   0.00167424    -0.00170937   0.00094478     0.00567892   0.00261364
  0.00050569  -0.00118731     0.00174821   0.00139898     0.00094446  -0.00196956
  0.01463702  -0.00050550     0.00028095  -0.00050497    -0.00095963   0.00145888
    3    7
  0.00077184   0.00167424    -0.00170937  -0.00094478     0.00567892  -0.00261364
  0.00050569   0.00118731    -0.00174821   0.00139898    -0.00094446  -0.00196956
  0.01463702   0.00050550    -0.00028095  -0.00050497     0.00095963   0.00145888
    4    1
 -0.00222424  -0.00418971    -0.00000000  -0.00000000    -0.00000000   0.00000000
  0.00000000  -0.00000000    -0.00029876   0.00264498     0.00020455  -0.01635958
 -0.00000000   0.00000000    -0.00318878   0.00170726     0.00822783   0.00192141
    4    2
  0.00077184  -0.00167424     0.01463702  -0.00050550     0.00050569  -0.00118731
  0.00567892   0.00261364     0.00095963  -0.00145888    -0.00094446   0.00196956
 -0.00170937   0.00094478    -0.00028095   0.00050497    -0.00174821  -0.00139898
    4    3
 -0.00077184   0.00167424     0.01463702  -0.00050550     0.00050569  -0.00118731
  0.00567892   0.00261364    -0.00095963   0.00145888     0.00094446  -0.00196956
 -0.00170937   0.00094478     0.00028095  -0.00050497     0.00174821   0.00139898
    4    4
  0.01512929   0.00000000     0.00000000  -0.00000000    -0.00000000   0.00000000
 -0.00000000   0.00000000     0.01736322   0.00000000    -0.00254564  -0.00427125
 -0.00000000   0.00000000    -0.00254564   0.00427125     0.01750927   0.00000000
    4    5
  0.01214096  -0.00108227    -0.00000000  -0.00000000    -0.00000000  -0.00000000
 -0.00000000  -0.00000000     0.00783874   0.00579530    -0.00467522   0.00124106
 -0.00000000  -0.00000000    -0.00467522   0.00124106     0.00411426   0.00557987
    4    6
 -0.00009891  -0.00211938     0.00000000  -0.00000000    -0.00000000  -0.00000000
 -0.00000000  -0.00000000     0.00135555  -0.00145770     0.00032022  -0.00189368
  0.00000000  -0.00000000     0.00840425   0.00990346     0.00135555  -0.00145770
    4    7
  0.00135412  -0.00000000    -0.00000000   0.00000000     0.00000000   0.00000000
 -0.00000000   0.00000000    -0.00470227   0.00020087    -0.00042153   0.00000000
  0.00000000   0.00000000     0.00976274  -0.00000000    -0.00470227  -0.00020087
    5    1
 -0.00138979  -0.00453535     0.00000000   0.00000000     0.00000000   0.00000000
  0.00000000   0.00000000     0.00208154   0.00165903    -0.01171261  -0.01142333
  0.00000000   0.00000000     0.00346202  -0.00104759    -0.00445931   0.00717659
    5    2
 -0.00077184  -0.00167424     0.01463702   0.00050550     0.00050569   0.00118731
  0.00567892  -0.00261364    -0.00095963  -0.00145888     0.00094446   0.00196956
 -0.00170937  -0.00094478     0.00028095   0.00050497     0.00174821  -0.00139898
    5    3
  0.00077184   0.00167424     0.01463702   0.00050550     0.00050569   0.00118731
  0.00567892  -0.00261364     0.00095963   0.00145888    -0.00094446  -0.00196956
 -0.00170937  -0.00094478    -0.00028095  -0.00050497    -0.00174821   0.00139898
    5    4
  0.01214096   0.00108227    -0.00000000   0.00000000    -0.00000000   0.00000000
 -0.00000000   0.00000000     0.00783874  -0.00579530    -0.00467522  -0.00124106
 -0.00000000   0.00000000    -0.00467522  -0.00124106     0.00411426  -0.00557987
    5    5
  0.01512929  -0.00000000    -0.00000000   0.00000000    -0.00000000  -0.00000000
  0.00000000  -0.00000000     0.01736322  -0.00000000    -0.00254564   0.00427125
 -0.00000000  -0.00000000    -0.00254564  -0.00427125     0.01750927  -0.00000000
    5    6
  0.00135412   0.00000000    -0.00000000   0.00000000     0.00000000  -0.00000000
  0.00000000  -0.00000000    -0.00470227  -0.00020087    -0.00042153  -0.00000000
  0.00000000  -0.00000000     0.00976274   0.00000000    -0.00470227   0.00020087
    5    7
 -0.00009891   0.00211938     0.00000000   0.00000000    -0.00000000   0.00000000
 -0.00000000   0.00000000     0.00135555   0.00145770     0.00032022   0.00189368
  0.00000000   0.00000000     0.00840425  -0.00990346     0.00135555   0.00145770
    6    1
 -0.00138979  -0.00453535     0.00000000   0.00000000    -0.00000000   0.00000000
  0.00000000   0.00000000    -0.00445931   0.00717659     0.00346202  -0.00104759
  0.00000000   0.00000000    -0.01171261  -0.01142333     0.00208154   0.00165903
    6    2
  0.00077184   0.00167424     0.00050569   0.00118731     0.01463702   0.00050550
 -0.00170937  -0.00094478    -0.00174821   0.00139898    -0.00028095  -0.00050497
  0.00567892  -0.00261364    -0.00094446  -0.00196956     0.00095963   0.00145888
    6    3
 -0.00077184  -0.00167424     0.00050569   0.00118731     0.01463702   0.00050550
 -0.00170937  -0.00094478     0.00174821  -0.00139898     0.00028095   0.00050497
  0.00567892  -0.00261364     0.00094446   0.00196956    -0.00095963  -0.00145888
    6    4
 -0.00009891   0.00211938    -0.00000000   0.00000000     0.00000000   0.00000000
  0.00000000   0.00000000     0.00135555   0.00145770     0.00840425  -0.00990346
 -0.00000000   0.00000000     0.00032022   0.00189368     0.00135555   0.00145770
    6    5
  0.00135412  -0.00000000     0.00000000  -0.00000000     0.00000000   0.00000000
  0.00000000  -0.00000000    -0.00470227   0.00020087     0.00976274  -0.00000000
  0.00000000   0.00000000    -0.00042153  -0.00000000    -0.00470227  -0.00020087
    6    6
  0.01512929  -0.00000000    -0.00000000  -0.00000000    -0.00000000  -0.00000000
  0.00000000  -0.00000000     0.01750927  -0.00000000    -0.00254564  -0.00427125
 -0.00000000  -0.00000000    -0.00254564   0.00427125     0.01736322  -0.00000000
    6    7
  0.01214096   0.00108227    -0.00000000   0.00000000    -0.00000000   0.00000000
 -0.00000000   0.00000000     0.00411426  -0.00557987    -0.00467522  -0.00124106
 -0.00000000   0.00000000    -0.00467522  -0.00124106     0.00783874  -0.00579530
    7    1
 -0.00222424  -0.00418971    -0.00000000   0.00000000    -0.00000000  -0.00000000
 -0.00000000   0.00000000     0.00822783   0.00192141    -0.00318878   0.00170726
  0.00000000  -0.00000000     0.00020455  -0.01635958    -0.00029876   0.00264498
    7    2
 -0.00077184   0.00167424     0.00050569  -0.00118731     0.01463702  -0.00050550
 -0.00170937   0.00094478     0.00174821   0.00139898     0.00028095  -0.00050497
  0.00567892   0.00261364     0.00094446  -0.00196956    -0.00095963   0.00145888
    7    3
  0.00077184  -0.00167424     0.00050569  -0.00118731     0.01463702  -0.00050550
 -0.00170937   0.00094478    -0.00174821  -0.00139898    -0.00028095   0.00050497
  0.00567892   0.00261364    -0.00094446   0.00196956     0.00095963  -0.00145888
    7    4
  0.00135412   0.00000000     0.00000000  -0.00000000     0.00000000  -0.00000000
 -0.00000000  -0.00000000    -0.00470227  -0.00020087     0.00976274   0.00000000
  0.00000000  -0.00000000    -0.00042153  -0.00000000    -0.00470227   0.00020087
    7    5
 -0.00009891  -0.00211938    -0.00000000  -0.00000000     0.00000000  -0.00000000
  0.00000000  -0.00000000     0.00135555  -0.00145770     0.00840425   0.00990346
 -0.00000000  -0.00000000     0.00032022  -0.00189368     0.00135555  -0.00145770
    7    6
  0.01214096  -0.00108227    -0.00000000  -0.00000000    -0.00000000  -0.00000000
 -0.00000000  -0.00000000     0.00411426   0.00557987    -0.00467522   0.00124106
 -0.00000000  -0.00000000    -0.00467522   0.00124106     0.00783874   0.00579530
    7    7
  0.01512929   0.00000000    -0.00000000   0.00000000    -0.00000000   0.00000000
 -0.00000000  -0.00000000     0.01750927   0.00000000    -0.00254564   0.00427125
 -0.00000000  -0.00000000    -0.00254564  -0.00427125     0.01736322   0.00000000

     Dynamical  Matrix in cartesian axes

     q = (   -0.108253200  -0.866025400   0.108253200 ) 

    1    1
  0.03069515   0.00000000    -0.00000000   0.00000000     0.00582987  -0.00000000
 -0.00000000   0.00000000     0.00842452   0.00000000    -0.00000000   0.00000000
  0.00582987  -0.00000000    -0.00000000   0.00000000     0.03069515   0.00000000
    1    2
  0.00029876  -0.00264498     0.00000000  -0.00000000    -0.00318878   0.00170726
 -0.00000000   0.00000000     0.00222424   0.00418971     0.00000000   0.00000000
  0.00020455  -0.01635958     0.00000000   0.00000000    -0.00822783  -0.00192141
    1    3
 -0.00029876  -0.00264498    -0.00000000   0.00000000     0.00318878   0.00170726
  0.00000000   0.00000000    -0.00222424   0.00418971     0.00000000   0.00000000
 -0.00020455  -0.01635958     0.00000000   0.00000000     0.00822783  -0.00192141
    1    4
 -0.00547169  -0.00226645    -0.00344739   0.00832273    -0.00143223  -0.00059325
 -0.00197549   0.00476925    -0.00000000  -0.00000000     0.00197549  -0.00476925
  0.00143223   0.00059325     0.00344739  -0.00832273     0.00547169   0.00226645
    1    5
  0.00547169  -0.00226645     0.00344739   0.00832273     0.00143223  -0.00059325
  0.00197549   0.00476925    -0.00000000   0.00000000    -0.00197549  -0.00476925
 -0.00143223   0.00059325    -0.00344739  -0.00832273    -0.00547169   0.00226645
    1    6
  0.00822783   0.00192141    -0.00000000  -0.00000000    -0.00020455   0.01635958
 -0.00000000   0.00000000    -0.00222424  -0.00418971     0.00000000  -0.00000000
  0.00318878  -0.00170726    -0.00000000   0.00000000    -0.00029876   0.00264498
    1    7
 -0.00822783   0.00192141     0.00000000   0.00000000     0.00020455   0.01635958
  0.00000000   0.00000000     0.00222424  -0.00418971     0.00000000   0.00000000
 -0.00318878  -0.00170726    -0.00000000   0.00000000     0.00029876   0.00264498
    2    1
  0.00029876   0.00264498    -0.00000000  -0.00000000     0.00020455   0.01635958
 -0.00000000  -0.00000000     0.00222424  -0.00418971     0.00000000  -0.00000000
 -0.00318878  -0.00170726     0.00000000   0.00000000    -0.00822783   0.00192141
    2    2
  0.01736322   0.00000000    -0.00000000   0.00000000     0.00254564  -0.00427125
 -0.00000000  -0.00000000     0.01512929  -0.00000000    -0.00000000   0.00000000
  0.00254564   0.00427125    -0.00000000   0.00000000     0.01750927  -0.00000000
    2    3
  0.00964073   0.00144493    -0.00000000  -0.00000000     0.00242831   0.00418344
 -0.00000000  -0.00000000     0.00781967   0.00935024     0.00000000  -0.00000000
  0.00242831   0.00418344     0.00000000  -0.00000000     0.00685479  -0.00103634
    2    4
 -0.00035302   0.00171015     0.00586373   0.00216748    -0.00072486   0.00206052
  0.00999249   0.01070738    -0.00063809   0.00172964     0.00048198  -0.00119713
 -0.00015840   0.00055573     0.00054065   0.00187677    -0.00222540  -0.00024694
    2    5
 -0.00095963  -0.00145888     0.00567892  -0.00261364    -0.00094446  -0.00196956
  0.01463702   0.00050550    -0.00077184  -0.00167424    -0.00050569  -0.00118731
 -0.00028095  -0.00050497     0.00170937   0.00094478     0.00174821  -0.00139898
    2    6
  0.00470227   0.00020087    -0.00000000  -0.00000000    -0.00042153   0.00000000
 -0.00000000  -0.00000000    -0.00135412   0.00000000    -0.00000000   0.00000000
  0.00976274  -0.00000000    -0.00000000   0.00000000     0.00470227  -0.00020087
    2    7
  0.00007223  -0.00198927     0.00000000  -0.00000000    -0.00111260   0.00156546
 -0.00000000  -0.00000000     0.00156857  -0.00142869    -0.00000000   0.00000000
  0.01294551  -0.00106011     0.00000000   0.00000000     0.00007223  -0.00198927
    3    1
 -0.00029876   0.00264498     0.00000000  -0.00000000    -0.00020455   0.01635958
 -0.00000000  -0.00000000    -0.00222424  -0.00418971     0.00000000  -0.00000000
  0.00318878  -0.00170726     0.00000000  -0.00000000     0.00822783   0.00192141
    3    2
  0.00964073  -0.00144493    -0.00000000   0.00000000     0.00242831  -0.00418344
 -0.00000000   0.00000000     0.00781967  -0.00935024     0.00000000   0.00000000
  0.00242831  -0.00418344     0.00000000   0.00000000     0.00685479   0.00103634
    3    3
  0.01736322   0.00000000    -0.00000000  -0.00000000     0.00254564   0.00427125
 -0.00000000   0.00000000     0.01512929   0.00000000    -0.00000000   0.00000000
  0.00254564  -0.00427125    -0.00000000   0.00000000     0.01750927   0.00000000
    3    4
 -0.00095963   0.00145888     0.00567892   0.00261364    -0.00094446   0.00196956
  0.01463702  -0.00050550    -0.00077184   0.00167424    -0.00050569   0.00118731
 -0.00028095   0.00050497     0.00170937  -0.00094478     0.00174821   0.00139898
    3    5
 -0.00035302  -0.00171015     0.00586373  -0.00216748    -0.00072486  -0.00206052
  0.00999249  -0.01070738    -0.00063809  -0.00172964     0.00048198   0.00119713
 -0.00015840  -0.00055573     0.00054065  -0.00187677    -0.00222540   0.00024694
    3    6
  0.00007223   0.00198927     0.00000000   0.00000000    -0.00111260  -0.00156546
 -0.00000000   0.00000000     0.00156857   0.00142869    -0.00000000  -0.00000000
  0.01294551   0.00106011     0.00000000  -0.00000000     0.00007223   0.00198927
    3    7
  0.00470227  -0.00020087    -0.00000000   0.00000000    -0.00042153  -0.00000000
 -0.00000000   0.00000000    -0.00135412  -0.00000000    -0.00000000  -0.00000000
  0.00976274   0.00000000    -0.00000000  -0.00000000     0.00470227   0.00020087
    4    1
 -0.00547169   0.00226645    -0.00197549  -0.00476925     0.00143223  -0.00059325
 -0.00344739  -0.00832273    -0.00000000   0.00000000     0.00344739   0.00832273
 -0.00143223   0.00059325     0.00197549   0.00476925     0.00547169  -0.00226645
    4    2
 -0.00035302  -0.00171015     0.00999249  -0.01070738    -0.00015840  -0.00055573
  0.00586373  -0.00216748    -0.00063809  -0.00172964     0.00054065  -0.00187677
 -0.00072486  -0.00206052     0.00048198   0.00119713    -0.00222540   0.00024694
    4    3
 -0.00095963  -0.00145888     0.01463702   0.00050550    -0.00028095  -0.00050497
  0.00567892  -0.00261364    -0.00077184  -0.00167424     0.00170937   0.00094478
 -0.00094446  -0.00196956    -0.00050569  -0.00118731     0.00174821  -0.00139898
    4    4
  0.01905239  -0.00000000    -0.00000000  -0.00063767     0.00032523  -0.00000000
 -0.00000000   0.00063767     0.01044020   0.00000000    -0.00000000   0.00063767
  0.00032523  -0.00000000    -0.00000000  -0.00063767     0.01905239  -0.00000000
    4    5
  0.00979740  -0.00979740    -0.00345387  -0.00345387    -0.00058628   0.00058628
 -0.00345387  -0.00345387     0.00408716  -0.00408716    -0.00345387  -0.00345387
 -0.00058628   0.00058628    -0.00345387  -0.00345387     0.00979740  -0.00979740
    4    6
 -0.00222540   0.00024694     0.00048198   0.00119713    -0.00072486  -0.00206052
  0.00054065  -0.00187677    -0.00063809  -0.00172964     0.00586373  -0.00216748
 -0.00015840  -0.00055573     0.00999249  -0.01070738    -0.00035302  -0.00171015
    4    7
  0.00174821  -0.00139898    -0.00050569  -0.00118731    -0.00094446  -0.00196956
  0.00170937   0.00094478    -0.00077184  -0.00167424     0.00567892  -0.00261364
 -0.00028095  -0.00050497     0.01463702   0.00050550    -0.00095963  -0.00145888
    5    1
  0.00547169   0.00226645     0.00197549  -0.00476925    -0.00143223  -0.00059325
  0.00344739  -0.00832273    -0.00000000  -0.00000000    -0.00344739   0.00832273
  0.00143223   0.00059325    -0.00197549   0.00476925    -0.00547169  -0.00226645
    5    2
 -0.00095963   0.00145888     0.01463702  -0.00050550    -0.00028095   0.00050497
  0.00567892   0.00261364    -0.00077184   0.00167424     0.00170937  -0.00094478
 -0.00094446   0.00196956    -0.00050569   0.00118731     0.00174821   0.00139898
    5    3
 -0.00035302   0.00171015     0.00999249   0.01070738    -0.00015840   0.00055573
  0.00586373   0.00216748    -0.00063809   0.00172964     0.00054065   0.00187677
 -0.00072486   0.00206052     0.00048198  -0.00119713    -0.00222540  -0.00024694
    5    4
  0.00979740   0.00979740    -0.00345387   0.00345387    -0.00058628  -0.00058628
 -0.00345387   0.00345387     0.00408716   0.00408716    -0.00345387   0.00345387
 -0.00058628  -0.00058628    -0.00345387   0.00345387     0.00979740   0.00979740
    5    5
  0.01905239  -0.00000000    -0.00000000   0.00063767     0.00032523  -0.00000000
 -0.00000000  -0.00063767     0.01044020   0.00000000    -0.00000000  -0.00063767
  0.00032523  -0.00000000    -0.00000000   0.00063767     0.01905239  -0.00000000
    5    6
  0.00174821   0.00139898    -0.00050569   0.00118731    -0.00094446   0.00196956
  0.00170937  -0.00094478    -0.00077184   0.00167424     0.00567892   0.00261364
 -0.00028095   0.00050497     0.01463702  -0.00050550    -0.00095963   0.00145888
    5    7
 -0.00222540  -0.00024694     0.00048198  -0.00119713    -0.00072486   0.00206052
  0.00054065   0.00187677    -0.00063809   0.00172964     0.00586373   0.00216748
 -0.00015840   0.00055573     0.00999249   0.01070738    -0.00035302   0.00171015
    6    1
  0.00822783  -0.00192141    -0.00000000   0.00000000     0.00318878   0.00170726
  0.00000000   0.00000000    -0.00222424   0.00418971     0.00000000   0.00000000
 -0.00020455  -0.01635958     0.00000000   0.00000000    -0.00029876  -0.00264498
    6    2
  0.00470227  -0.00020087    -0.00000000   0.00000000     0.00976274   0.00000000
 -0.00000000   0.00000000    -0.00135412  -0.00000000    -0.00000000  -0.00000000
 -0.00042153  -0.00000000    -0.00000000  -0.00000000     0.00470227   0.00020087
    6    3
  0.00007223  -0.00198927    -0.00000000  -0.00000000     0.01294551  -0.00106011
  0.00000000  -0.00000000     0.00156857  -0.00142869     0.00000000   0.00000000
 -0.00111260   0.00156546    -0.00000000   0.00000000     0.00007223  -0.00198927
    6    4
 -0.00222540  -0.00024694     0.00054065   0.00187677    -0.00015840   0.00055573
  0.00048198  -0.00119713    -0.00063809   0.00172964     0.00999249   0.01070738
 -0.00072486   0.00206052     0.00586373   0.00216748    -0.00035302   0.00171015
    6    5
  0.00174821  -0.00139898     0.00170937   0.00094478    -0.00028095  -0.00050497
 -0.00050569  -0.00118731    -0.00077184  -0.00167424     0.01463702   0.00050550
 -0.00094446  -0.00196956     0.00567892  -0.00261364    -0.00095963  -0.00145888
    6    6
  0.01750927   0.00000000    -0.00000000  -0.00000000     0.00254564   0.00427125
 -0.00000000   0.00000000     0.01512929  -0.00000000    -0.00000000  -0.00000000
  0.00254564  -0.00427125    -0.00000000   0.00000000     0.01736322  -0.00000000
    6    7
  0.00685479  -0.00103634    -0.00000000   0.00000000     0.00242831   0.00418344
 -0.00000000   0.00000000     0.00781967   0.00935024     0.00000000   0.00000000
  0.00242831   0.00418344     0.00000000   0.00000000     0.00964073   0.00144493
    7    1
 -0.00822783  -0.00192141     0.00000000  -0.00000000    -0.00318878   0.00170726
  0.00000000  -0.00000000     0.00222424   0.00418971    -0.00000000  -0.00000000
  0.00020455  -0.01635958     0.00000000  -0.00000000     0.00029876  -0.00264498
    7    2
  0.00007223   0.00198927    -0.00000000   0.00000000     0.01294551   0.00106011
  0.00000000   0.00000000     0.00156857   0.00142869     0.00000000  -0.00000000
 -0.00111260  -0.00156546    -0.00000000  -0.00000000     0.00007223   0.00198927
    7    3
  0.00470227   0.00020087    -0.00000000  -0.00000000     0.00976274  -0.00000000
 -0.00000000  -0.00000000    -0.00135412   0.00000000    -0.00000000   0.00000000
 -0.00042153   0.00000000    -0.00000000   0.00000000     0.00470227  -0.00020087
    7    4
  0.00174821   0.00139898     0.00170937  -0.00094478    -0.00028095   0.00050497
 -0.00050569   0.00118731    -0.00077184   0.00167424     0.01463702  -0.00050550
 -0.00094446   0.00196956     0.00567892   0.00261364    -0.00095963   0.00145888
    7    5
 -0.00222540   0.00024694     0.00054065  -0.00187677    -0.00015840  -0.00055573
  0.00048198   0.00119713    -0.00063809  -0.00172964     0.00999249  -0.01070738
 -0.00072486  -0.00206052     0.00586373  -0.00216748    -0.00035302  -0.00171015
    7    6
  0.00685479   0.00103634    -0.00000000  -0.00000000     0.00242831  -0.00418344
 -0.00000000  -0.00000000     0.00781967  -0.00935024     0.00000000  -0.00000000
  0.00242831  -0.00418344     0.00000000  -0.00000000     0.00964073  -0.00144493
    7    7
  0.01750927  -0.00000000    -0.00000000   0.00000000     0.00254564  -0.00427125
 -0.00000000  -0.00000000     0.01512929   0.00000000    -0.00000000   0.00000000
  0.00254564   0.00427125    -0.00000000   0.00000000     0.01736322   0.00000000

     Dynamical  Matrix in cartesian axes

     q = (    0.108253200   0.866025400   0.108253200 ) 

    1    1
  0.03069515   0.00000000     0.00000000  -0.00000000    -0.00582987   0.00000000
  0.00000000  -0.00000000     0.00842452   0.00000000    -0.00000000  -0.00000000
 -0.00582987   0.00000000    -0.00000000  -0.00000000     0.03069515   0.00000000
    1    2
  0.00208154   0.00165903     0.00000000  -0.00000000     0.00346202  -0.00104759
 -0.00000000  -0.00000000    -0.00138979  -0.00453535     0.00000000  -0.00000000
 -0.01171261  -0.01142333     0.00000000  -0.00000000    -0.00445931   0.00717659
    1    3
 -0.00029876   0.00264498     0.00000000   0.00000000    -0.00318878   0.00170726
  0.00000000   0.00000000    -0.00222424  -0.00418971    -0.00000000  -0.00000000
  0.00020455  -0.01635958    -0.00000000   0.00000000     0.00822783   0.00192141
    1    4
 -0.00547169   0.00226645    -0.00344739  -0.00832273     0.00143223  -0.00059325
 -0.00197549  -0.00476925     0.00000000  -0.00000000    -0.00197549  -0.00476925
 -0.00143223   0.00059325    -0.00344739  -0.00832273     0.00547169  -0.00226645
    1    5
  0.00547169  -0.00226645    -0.00344739  -0.00832273    -0.00143223   0.00059325
 -0.00197549  -0.00476925     0.00000000  -0.00000000    -0.00197549  -0.00476925
  0.00143223  -0.00059325    -0.00344739  -0.00832273    -0.00547169   0.00226645
    1    6
  0.00822783   0.00192141    -0.00000000   0.00000000     0.00020455  -0.01635958
  0.00000000   0.00000000    -0.00222424  -0.00418971    -0.00000000  -0.00000000
 -0.00318878   0.00170726    -0.00000000   0.00000000    -0.00029876   0.00264498
    1    7
 -0.00445931   0.00717659     0.00000000  -0.00000000    -0.01171261  -0.01142333
  0.00000000  -0.00000000    -0.00138979  -0.00453535    -0.00000000  -0.00000000
  0.00346202  -0.00104759     0.00000000  -0.00000000     0.00208154   0.00165903
    2    1
  0.00208154  -0.00165903    -0.00000000   0.00000000    -0.01171261   0.01142333
  0.00000000   0.00000000    -0.00138979   0.00453535     0.00000000   0.00000000
  0.00346202   0.00104759     0.00000000   0.00000000    -0.00445931  -0.00717659
    2    2
  0.01736322   0.00000000    -0.00000000   0.00000000    -0.00254564  -0.00427125
  0.00000000  -0.00000000     0.01512929   0.00000000    -0.00000000   0.00000000
 -0.00254564   0.00427125    -0.00000000   0.00000000     0.01750927  -0.00000000
    2    3
  0.00783874   0.00579530    -0.00000000  -0.00000000    -0.00467522   0.00124106
 -0.00000000  -0.00000000     0.01214096  -0.00108227    -0.00000000  -0.00000000
 -0.00467522   0.00124106    -0.00000000  -0.00000000     0.00411426   0.00557987
    2    4
  0.00095963  -0.00145888     0.00567892   0.00261364    -0.00094446   0.00196956
  0.01463702  -0.00050550     0.00077184  -0.00167424     0.00050569  -0.00118731
 -0.00028095   0.00050497    -0.00170937   0.00094478    -0.00174821  -0.00139898
    2    5
 -0.00095963   0.00145888     0.00567892   0.00261364     0.00094446  -0.00196956
  0.01463702  -0.00050550    -0.00077184   0.00167424     0.00050569  -0.00118731
  0.00028095  -0.00050497    -0.00170937   0.00094478     0.00174821   0.00139898
    2    6
  0.00135555  -0.00145770    -0.00000000  -0.00000000     0.00032022  -0.00189368
  0.00000000  -0.00000000    -0.00009891  -0.00211938    -0.00000000  -0.00000000
  0.00840425   0.00990346     0.00000000  -0.00000000     0.00135555  -0.00145770
    2    7
 -0.00470227   0.00020087     0.00000000  -0.00000000    -0.00042153   0.00000000
 -0.00000000  -0.00000000     0.00135412  -0.00000000     0.00000000   0.00000000
  0.00976274  -0.00000000     0.00000000   0.00000000    -0.00470227  -0.00020087
    3    1
 -0.00029876  -0.00264498     0.00000000  -0.00000000     0.00020455   0.01635958
  0.00000000   0.00000000    -0.00222424   0.00418971    -0.00000000   0.00000000
 -0.00318878  -0.00170726    -0.00000000   0.00000000     0.00822783  -0.00192141
    3    2
  0.00783874  -0.00579530    -0.00000000   0.00000000    -0.00467522  -0.00124106
 -0.00000000   0.00000000     0.01214096   0.00108227    -0.00000000   0.00000000
 -0.00467522  -0.00124106    -0.00000000   0.00000000     0.00411426  -0.00557987
    3    3
  0.01736322  -0.00000000     0.00000000  -0.00000000    -0.00254564   0.00427125
 -0.00000000   0.00000000     0.01512929  -0.00000000    -0.00000000   0.00000000
 -0.00254564  -0.00427125    -0.00000000   0.00000000     0.01750927   0.00000000
    3    4
 -0.00095963  -0.00145888     0.00567892  -0.00261364     0.00094446   0.00196956
  0.01463702   0.00050550    -0.00077184  -0.00167424     0.00050569   0.00118731
  0.00028095   0.00050497    -0.00170937  -0.00094478     0.00174821  -0.00139898
    3    5
  0.00095963   0.00145888     0.00567892  -0.00261364    -0.00094446  -0.00196956
  0.01463702   0.00050550     0.00077184   0.00167424     0.00050569   0.00118731
 -0.00028095  -0.00050497    -0.00170937  -0.00094478    -0.00174821   0.00139898
    3    6
 -0.00470227  -0.00020087     0.00000000   0.00000000    -0.00042153   0.00000000
  0.00000000   0.00000000     0.00135412  -0.00000000     0.00000000  -0.00000000
  0.00976274  -0.00000000     0.00000000   0.00000000    -0.00470227   0.00020087
    3    7
  0.00135555   0.00145770    -0.00000000   0.00000000     0.00032022   0.00189368
  0.00000000   0.00000000    -0.00009891   0.00211938    -0.00000000   0.00000000
  0.00840425  -0.00990346     0.00000000   0.00000000     0.00135555   0.00145770
    4    1
 -0.00547169  -0.00226645    -0.00197549   0.00476925    -0.00143223  -0.00059325
 -0.00344739   0.00832273     0.00000000   0.00000000    -0.00344739   0.00832273
  0.00143223   0.00059325    -0.00197549   0.00476925     0.00547169   0.00226645
    4    2
  0.00095963   0.00145888     0.01463702   0.00050550    -0.00028095  -0.00050497
  0.00567892  -0.00261364     0.00077184   0.00167424    -0.00170937  -0.00094478
 -0.00094446  -0.00196956     0.00050569   0.00118731    -0.00174821   0.00139898
    4    3
 -0.00095963   0.00145888     0.01463702  -0.00050550     0.00028095  -0.00050497
  0.00567892   0.00261364    -0.00077184   0.00167424    -0.00170937   0.00094478
  0.00094446  -0.00196956     0.00050569  -0.00118731     0.00174821   0.00139898
    4    4
  0.01905239   0.00000000    -0.00000000   0.00063767    -0.00032523   0.00000000
 -0.00000000  -0.00063767     0.01044020  -0.00000000    -0.00000000   0.00063767
 -0.00032523   0.00000000    -0.00000000  -0.00063767     0.01905239  -0.00000000
    4    5
  0.01385561   0.00000000    -0.00000000   0.00488451     0.00082913   0.00000000
 -0.00000000   0.00488451     0.00578011   0.00000000    -0.00000000  -0.00488451
  0.00082913   0.00000000    -0.00000000  -0.00488451     0.01385561   0.00000000
    4    6
 -0.00174821  -0.00139898     0.00050569  -0.00118731    -0.00094446   0.00196956
 -0.00170937   0.00094478     0.00077184  -0.00167424     0.00567892   0.00261364
 -0.00028095   0.00050497     0.01463702  -0.00050550     0.00095963  -0.00145888
    4    7
  0.00174821  -0.00139898     0.00050569   0.00118731     0.00094446   0.00196956
 -0.00170937  -0.00094478    -0.00077184  -0.00167424     0.00567892  -0.00261364
  0.00028095   0.00050497     0.01463702   0.00050550    -0.00095963  -0.00145888
    5    1
  0.00547169   0.00226645    -0.00197549   0.00476925     0.00143223   0.00059325
 -0.00344739   0.00832273     0.00000000   0.00000000    -0.00344739   0.00832273
 -0.00143223  -0.00059325    -0.00197549   0.00476925    -0.00547169  -0.00226645
    5    2
 -0.00095963  -0.00145888     0.01463702   0.00050550     0.00028095   0.00050497
  0.00567892  -0.00261364    -0.00077184  -0.00167424    -0.00170937  -0.00094478
  0.00094446   0.00196956     0.00050569   0.00118731     0.00174821  -0.00139898
    5    3
  0.00095963  -0.00145888     0.01463702  -0.00050550    -0.00028095   0.00050497
  0.00567892   0.00261364     0.00077184  -0.00167424    -0.00170937   0.00094478
 -0.00094446   0.00196956     0.00050569  -0.00118731    -0.00174821  -0.00139898
    5    4
  0.01385561   0.00000000    -0.00000000  -0.00488451     0.00082913  -0.00000000
 -0.00000000  -0.00488451     0.00578011  -0.00000000    -0.00000000   0.00488451
  0.00082913  -0.00000000    -0.00000000   0.00488451     0.01385561  -0.00000000
    5    5
  0.01905239  -0.00000000    -0.00000000  -0.00063767    -0.00032523  -0.00000000
 -0.00000000   0.00063767     0.01044020   0.00000000    -0.00000000  -0.00063767
 -0.00032523  -0.00000000    -0.00000000   0.00063767     0.01905239  -0.00000000
    5    6
  0.00174821   0.00139898     0.00050569  -0.00118731     0.00094446  -0.00196956
 -0.00170937   0.00094478    -0.00077184   0.00167424     0.00567892   0.00261364
  0.00028095  -0.00050497     0.01463702  -0.00050550    -0.00095963   0.00145888
    5    7
 -0.00174821   0.00139898     0.00050569   0.00118731    -0.00094446  -0.00196956
 -0.00170937  -0.00094478     0.00077184   0.00167424     0.00567892  -0.00261364
 -0.00028095  -0.00050497     0.01463702   0.00050550     0.00095963   0.00145888
    6    1
  0.00822783  -0.00192141     0.00000000   0.00000000    -0.00318878  -0.00170726
 -0.00000000  -0.00000000    -0.00222424   0.00418971     0.00000000   0.00000000
  0.00020455   0.01635958     0.00000000   0.00000000    -0.00029876  -0.00264498
    6    2
  0.00135555   0.00145770     0.00000000   0.00000000     0.00840425  -0.00990346
 -0.00000000   0.00000000    -0.00009891   0.00211938     0.00000000   0.00000000
  0.00032022   0.00189368    -0.00000000   0.00000000     0.00135555   0.00145770
    6    3
 -0.00470227   0.00020087     0.00000000  -0.00000000     0.00976274   0.00000000
  0.00000000  -0.00000000     0.00135412   0.00000000     0.00000000   0.00000000
 -0.00042153  -0.00000000     0.00000000   0.00000000    -0.00470227  -0.00020087
    6    4
 -0.00174821   0.00139898    -0.00170937  -0.00094478    -0.00028095  -0.00050497
  0.00050569   0.00118731     0.00077184   0.00167424     0.01463702   0.00050550
 -0.00094446  -0.00196956     0.00567892  -0.00261364     0.00095963   0.00145888
    6    5
  0.00174821  -0.00139898    -0.00170937  -0.00094478     0.00028095   0.00050497
  0.00050569   0.00118731    -0.00077184  -0.00167424     0.01463702   0.00050550
  0.00094446   0.00196956     0.00567892  -0.00261364    -0.00095963  -0.00145888
    6    6
  0.01750927  -0.00000000     0.00000000  -0.00000000    -0.00254564  -0.00427125
 -0.00000000  -0.00000000     0.01512929  -0.00000000    -0.00000000   0.00000000
 -0.00254564   0.00427125    -0.00000000  -0.00000000     0.01736322   0.00000000
    6    7
  0.00411426  -0.00557987    -0.00000000   0.00000000    -0.00467522  -0.00124106
 -0.00000000   0.00000000     0.01214096   0.00108227    -0.00000000   0.00000000
 -0.00467522  -0.00124106    -0.00000000   0.00000000     0.00783874  -0.00579530
    7    1
 -0.00445931  -0.00717659     0.00000000   0.00000000     0.00346202   0.00104759
  0.00000000   0.00000000    -0.00138979   0.00453535     0.00000000   0.00000000
 -0.01171261   0.01142333    -0.00000000   0.00000000     0.00208154  -0.00165903
    7    2
 -0.00470227  -0.00020087    -0.00000000   0.00000000     0.00976274   0.00000000
  0.00000000   0.00000000     0.00135412   0.00000000     0.00000000  -0.00000000
 -0.00042153  -0.00000000     0.00000000   0.00000000    -0.00470227   0.00020087
    7    3
  0.00135555  -0.00145770     0.00000000  -0.00000000     0.00840425   0.00990346
 -0.00000000  -0.00000000    -0.00009891  -0.00211938     0.00000000  -0.00000000
  0.00032022  -0.00189368    -0.00000000  -0.00000000     0.00135555  -0.00145770
    7    4
  0.00174821   0.00139898    -0.00170937   0.00094478     0.00028095  -0.00050497
  0.00050569  -0.00118731    -0.00077184   0.00167424     0.01463702  -0.00050550
  0.00094446  -0.00196956     0.00567892   0.00261364    -0.00095963   0.00145888
    7    5
 -0.00174821  -0.00139898    -0.00170937   0.00094478    -0.00028095   0.00050497
  0.00050569  -0.00118731     0.00077184  -0.00167424     0.01463702  -0.00050550
 -0.00094446   0.00196956     0.00567892   0.00261364     0.00095963  -0.00145888
    7    6
  0.00411426   0.00557987    -0.00000000  -0.00000000    -0.00467522   0.00124106
 -0.00000000  -0.00000000     0.01214096  -0.00108227    -0.00000000  -0.00000000
 -0.00467522   0.00124106    -0.00000000  -0.00000000     0.00783874   0.00579530
    7    7
  0.01750927   0.00000000    -0.00000000  -0.00000000    -0.00254564   0.00427125
  0.00000000   0.00000000     0.01512929   0.00000000    -0.00000000   0.00000000
 -0.00254564  -0.00427125    -0.00000000   0.00000000     0.01736322  -0.00000000

     Dynamical  Matrix in cartesian axes

     q = (   -0.108253200   0.866025400  -0.108253200 ) 

    1    1
  0.03069515   0.00000000     0.00000000  -0.00000000    -0.00582987   0.00000000
 -0.00000000  -0.00000000     0.00842452   0.00000000    -0.00000000  -0.00000000
 -0.00582987   0.00000000    -0.00000000  -0.00000000     0.03069515   0.00000000
    1    2
  0.00208154  -0.00165903    -0.00000000  -0.00000000     0.00346202   0.00104759
  0.00000000  -0.00000000    -0.00138979   0.00453535     0.00000000   0.00000000
 -0.01171261   0.01142333     0.00000000   0.00000000    -0.00445931  -0.00717659
    1    3
 -0.00029876  -0.00264498     0.00000000  -0.00000000    -0.00318878  -0.00170726
 -0.00000000  -0.00000000    -0.00222424   0.00418971     0.00000000   0.00000000
  0.00020455   0.01635958     0.00000000   0.00000000     0.00822783  -0.00192141
    1    4
 -0.00547169  -0.00226645    -0.00344739   0.00832273     0.00143223   0.00059325
 -0.00197549   0.00476925     0.00000000   0.00000000    -0.00197549   0.00476925
 -0.00143223  -0.00059325    -0.00344739   0.00832273     0.00547169   0.00226645
    1    5
  0.00547169   0.00226645    -0.00344739   0.00832273    -0.00143223  -0.00059325
 -0.00197549   0.00476925     0.00000000   0.00000000    -0.00197549   0.00476925
  0.00143223   0.00059325    -0.00344739   0.00832273    -0.00547169  -0.00226645
    1    6
  0.00822783  -0.00192141     0.00000000   0.00000000     0.00020455   0.01635958
  0.00000000   0.00000000    -0.00222424   0.00418971    -0.00000000  -0.00000000
 -0.00318878  -0.00170726     0.00000000  -0.00000000    -0.00029876  -0.00264498
    1    7
 -0.00445931  -0.00717659     0.00000000  -0.00000000    -0.01171261   0.01142333
  0.00000000   0.00000000    -0.00138979   0.00453535    -0.00000000  -0.00000000
