  1.500000000000000E-002   1.26023585003145        2.23508645248256     
          24

     Dynamical  Matrix in cartesian axes

     q = (    0.216506400   0.108253200   0.108253200 ) 

    1    1
  0.05965248   0.00000000     0.01217832   0.00000000     0.01217832   0.00000000
  0.01217832   0.00000000     0.01965525   0.00000000    -0.00132168   0.00000000
  0.01217832   0.00000000    -0.00132168   0.00000000     0.01965525   0.00000000
    1    2
  0.00094140  -0.00094140     0.00612179  -0.00251802     0.00251801  -0.00612180
 -0.00217187   0.00311740     0.00318060   0.00620820     0.00201329  -0.00134457
 -0.00311740   0.00217187     0.00134457  -0.00201329    -0.00620820  -0.00318060
    1    3
  0.00094140  -0.00094140     0.00251801  -0.00612180     0.00612179  -0.00251802
 -0.00311740   0.00217187    -0.00620820  -0.00318060     0.00134457  -0.00201329
 -0.00217187   0.00311740     0.00201329  -0.00134457     0.00318060   0.00620820
    1    4
  0.00095104  -0.00133189    -0.00944023   0.00958415     0.02348262   0.01555611
 -0.00598327  -0.00321209    -0.00114746   0.00048987     0.00491827   0.00435221
  0.00304269  -0.00052723    -0.00244557   0.00467807     0.00483432   0.00405572
    1    5
  0.00133189  -0.00095104    -0.00958414   0.00944023    -0.01555612  -0.02348261
  0.00321209   0.00598327    -0.00048987   0.00114746    -0.00435221  -0.00491827
  0.00052723  -0.00304269    -0.00467807   0.00244557    -0.00405572  -0.00483432
    1    6
  0.00133189  -0.00095104    -0.01555612  -0.02348261    -0.00958414   0.00944023
  0.00052723  -0.00304269    -0.00405572  -0.00483432    -0.00467807   0.00244557
  0.00321209   0.00598327    -0.00435221  -0.00491827    -0.00048987   0.00114746
    1    7
  0.00095104  -0.00133189     0.02348262   0.01555611    -0.00944023   0.00958415
  0.00304269  -0.00052723     0.00483432   0.00405572    -0.00244557   0.00467807
 -0.00598327  -0.00321209     0.00491827   0.00435221    -0.00114746   0.00048987
    2    1
  0.00094140   0.00094140    -0.00217187  -0.00311740    -0.00311740  -0.00217187
  0.00612179   0.00251802     0.00318060  -0.00620820     0.00134457   0.00201329
  0.00251801   0.00612180     0.00201329   0.00134457    -0.00620820   0.00318060
    2    2
  0.01740036   0.00000000     0.00263080   0.00052896     0.00263080  -0.00052896
  0.00263080  -0.00052896     0.02820729   0.00000000     0.00756524  -0.00264437
  0.00263080   0.00052896     0.00756524   0.00264437     0.02820729   0.00000000
    2    3
  0.00530656   0.00000000    -0.00116715   0.00331692    -0.00116715  -0.00331692
 -0.00116715   0.00331692    -0.01803951   0.01428181    -0.00704918   0.00000000
 -0.00116715  -0.00331692    -0.00704918   0.00000000    -0.01803951  -0.01428181
    2    4
 -0.00394405   0.00452310    -0.00357566   0.00110399     0.00000757   0.00050842
 -0.01916230   0.01534262    -0.00216661   0.00290391    -0.01010155   0.01033685
 -0.00791388   0.00357602    -0.00218205  -0.00073617     0.01115556   0.00982212
    2    5
 -0.00144310  -0.00228449     0.00145889  -0.00014226     0.00135424  -0.00209378
  0.02555094   0.00013696    -0.00250416  -0.00013387     0.01136060  -0.00986677
  0.00733614   0.00658432     0.00046350   0.00138065    -0.00928562  -0.00945067
    2    6
 -0.00394405  -0.00452310     0.00000757  -0.00050842    -0.00357566  -0.00110399
 -0.00791388  -0.00357602     0.01115556  -0.00982212    -0.00218205   0.00073617
 -0.01916230  -0.01534262    -0.01010155  -0.01033685    -0.00216661  -0.00290391
    2    7
 -0.00144310   0.00228449     0.00135424   0.00209378     0.00145889   0.00014226
  0.00733614  -0.00658432    -0.00928562   0.00945067     0.00046350  -0.00138065
  0.02555094  -0.00013696     0.01136060   0.00986677    -0.00250416   0.00013387
    3    1
  0.00094140   0.00094140    -0.00311740  -0.00217187    -0.00217187  -0.00311740
  0.00251801   0.00612180    -0.00620820   0.00318060     0.00201329   0.00134457
  0.00612179   0.00251802     0.00134457   0.00201329     0.00318060  -0.00620820
    3    2
  0.00530656  -0.00000000    -0.00116715  -0.00331692    -0.00116715   0.00331692
 -0.00116715  -0.00331692    -0.01803951  -0.01428181    -0.00704918  -0.00000000
 -0.00116715   0.00331692    -0.00704918  -0.00000000    -0.01803951   0.01428181
    3    3
  0.01740036  -0.00000000     0.00263080  -0.00052896     0.00263080   0.00052896
  0.00263080   0.00052896     0.02820729  -0.00000000     0.00756524   0.00264437
  0.00263080  -0.00052896     0.00756524  -0.00264437     0.02820729  -0.00000000
    3    4
 -0.00144310   0.00228449     0.00145889   0.00014226     0.00135424   0.00209378
  0.02555094  -0.00013696    -0.00250416   0.00013387     0.01136060   0.00986677
  0.00733614  -0.00658432     0.00046350  -0.00138065    -0.00928562   0.00945067
    3    5
 -0.00394405  -0.00452310    -0.00357566  -0.00110399     0.00000757  -0.00050842
 -0.01916230  -0.01534262    -0.00216661  -0.00290391    -0.01010155  -0.01033685
 -0.00791388  -0.00357602    -0.00218205   0.00073617     0.01115556  -0.00982212
    3    6
 -0.00144310  -0.00228449     0.00135424  -0.00209378     0.00145889  -0.00014226
  0.00733614   0.00658432    -0.00928562  -0.00945067     0.00046350   0.00138065
  0.02555094   0.00013696     0.01136060  -0.00986677    -0.00250416  -0.00013387
    3    7
 -0.00394405   0.00452310     0.00000757   0.00050842    -0.00357566   0.00110399
 -0.00791388   0.00357602     0.01115556   0.00982212    -0.00218205  -0.00073617
 -0.01916230   0.01534262    -0.01010155   0.01033685    -0.00216661   0.00290391
    4    1
  0.00095104   0.00133189    -0.00598327   0.00321209     0.00304269   0.00052723
 -0.00944023  -0.00958415    -0.00114746  -0.00048987    -0.00244557  -0.00467807
  0.02348262  -0.01555611     0.00491827  -0.00435221     0.00483432  -0.00405572
    4    2
 -0.00394405  -0.00452310    -0.01916230  -0.01534262    -0.00791388  -0.00357602
 -0.00357566  -0.00110399    -0.00216661  -0.00290391    -0.00218205   0.00073617
  0.00000757  -0.00050842    -0.01010155  -0.01033685     0.01115556  -0.00982212
    4    3
 -0.00144310  -0.00228449     0.02555094   0.00013696     0.00733614   0.00658432
  0.00145889  -0.00014226    -0.00250416  -0.00013387     0.00046350   0.00138065
  0.00135424  -0.00209378     0.01136060  -0.00986677    -0.00928562  -0.00945067
    4    4
  0.02968509  -0.00000000     0.00018740   0.00189406     0.01145123   0.00491793
  0.00018740  -0.00189406     0.01085828   0.00000000     0.00054752  -0.00674584
  0.01145123  -0.00491793     0.00054752   0.00674584     0.05221070  -0.00000000
    4    5
 -0.01730333  -0.01454125    -0.00075875  -0.00049919    -0.01049025  -0.00584018
 -0.00075875  -0.00049919     0.00412101   0.00178265    -0.00236704   0.00689236
 -0.01049025  -0.00584018    -0.00236704   0.00689236    -0.04905135  -0.00642586
    4    6
  0.00755581   0.01074472    -0.01007966  -0.00531281     0.00027548  -0.00064892
  0.00027548  -0.00064892    -0.00299638   0.00708609     0.00001992   0.00010720
 -0.01007966  -0.00531281    -0.04976295  -0.00658606    -0.00299638   0.00708609
    4    7
 -0.00783196  -0.00000000     0.01103004   0.00508874    -0.00145936   0.00108173
 -0.00145936  -0.00108173    -0.00106266  -0.00804401    -0.00047574  -0.00000000
  0.01103004  -0.00508874     0.05045443   0.00000000    -0.00106266   0.00804401
    5    1
  0.00133189   0.00095104     0.00321209  -0.00598327     0.00052723   0.00304269
 -0.00958414  -0.00944023    -0.00048987  -0.00114746    -0.00467807  -0.00244557
 -0.01555612   0.02348261    -0.00435221   0.00491827    -0.00405572   0.00483432
    5    2
 -0.00144310   0.00228449     0.02555094  -0.00013696     0.00733614  -0.00658432
  0.00145889   0.00014226    -0.00250416   0.00013387     0.00046350  -0.00138065
  0.00135424   0.00209378     0.01136060   0.00986677    -0.00928562   0.00945067
    5    3
 -0.00394405   0.00452310    -0.01916230   0.01534262    -0.00791388   0.00357602
 -0.00357566   0.00110399    -0.00216661   0.00290391    -0.00218205  -0.00073617
  0.00000757   0.00050842    -0.01010155   0.01033685     0.01115556   0.00982212
    5    4
 -0.01730333   0.01454125    -0.00075875   0.00049919    -0.01049025   0.00584018
 -0.00075875   0.00049919     0.00412101  -0.00178265    -0.00236704  -0.00689236
 -0.01049025   0.00584018    -0.00236704  -0.00689236    -0.04905135   0.00642586
    5    5
  0.02968509   0.00000000     0.00018740  -0.00189406     0.01145123  -0.00491793
  0.00018740   0.00189406     0.01085828  -0.00000000     0.00054752   0.00674584
  0.01145123   0.00491793     0.00054752  -0.00674584     0.05221070   0.00000000
    5    6
 -0.00783196  -0.00000000     0.01103004  -0.00508874    -0.00145936  -0.00108173
 -0.00145936   0.00108173    -0.00106266   0.00804401    -0.00047574   0.00000000
  0.01103004   0.00508874     0.05045443   0.00000000    -0.00106266  -0.00804401
    5    7
  0.00755581  -0.01074472    -0.01007966   0.00531281     0.00027548   0.00064892
  0.00027548   0.00064892    -0.00299638  -0.00708609     0.00001992  -0.00010720
 -0.01007966   0.00531281    -0.04976295   0.00658606    -0.00299638  -0.00708609
    6    1
  0.00133189   0.00095104     0.00052723   0.00304269     0.00321209  -0.00598327
 -0.01555612   0.02348261    -0.00405572   0.00483432    -0.00435221   0.00491827
 -0.00958414  -0.00944023    -0.00467807  -0.00244557    -0.00048987  -0.00114746
    6    2
 -0.00394405   0.00452310    -0.00791388   0.00357602    -0.01916230   0.01534262
  0.00000757   0.00050842     0.01115556   0.00982212    -0.01010155   0.01033685
 -0.00357566   0.00110399    -0.00218205  -0.00073617    -0.00216661   0.00290391
    6    3
 -0.00144310   0.00228449     0.00733614  -0.00658432     0.02555094  -0.00013696
  0.00135424   0.00209378    -0.00928562   0.00945067     0.01136060   0.00986677
  0.00145889   0.00014226     0.00046350  -0.00138065    -0.00250416   0.00013387
    6    4
  0.00755581  -0.01074472     0.00027548   0.00064892    -0.01007966   0.00531281
 -0.01007966   0.00531281    -0.00299638  -0.00708609    -0.04976295   0.00658606
  0.00027548   0.00064892     0.00001992  -0.00010720    -0.00299638  -0.00708609
    6    5
 -0.00783196   0.00000000    -0.00145936  -0.00108173     0.01103004  -0.00508874
  0.01103004   0.00508874    -0.00106266  -0.00804401     0.05045443  -0.00000000
 -0.00145936   0.00108173    -0.00047574  -0.00000000    -0.00106266   0.00804401
    6    6
  0.02968509   0.00000000     0.01145123  -0.00491793     0.00018740  -0.00189406
  0.01145123   0.00491793     0.05221070   0.00000000     0.00054752  -0.00674584
  0.00018740   0.00189406     0.00054752   0.00674584     0.01085828  -0.00000000
    6    7
 -0.01730333   0.01454125    -0.01049025   0.00584018    -0.00075875   0.00049919
 -0.01049025   0.00584018    -0.04905135   0.00642586    -0.00236704  -0.00689236
 -0.00075875   0.00049919    -0.00236704  -0.00689236     0.00412101  -0.00178265
    7    1
  0.00095104   0.00133189     0.00304269   0.00052723    -0.00598327   0.00321209
  0.02348262  -0.01555611     0.00483432  -0.00405572     0.00491827  -0.00435221
 -0.00944023  -0.00958415    -0.00244557  -0.00467807    -0.00114746  -0.00048987
    7    2
 -0.00144310  -0.00228449     0.00733614   0.00658432     0.02555094   0.00013696
  0.00135424  -0.00209378    -0.00928562  -0.00945067     0.01136060  -0.00986677
  0.00145889  -0.00014226     0.00046350   0.00138065    -0.00250416  -0.00013387
    7    3
 -0.00394405  -0.00452310    -0.00791388  -0.00357602    -0.01916230  -0.01534262
  0.00000757  -0.00050842     0.01115556  -0.00982212    -0.01010155  -0.01033685
 -0.00357566  -0.00110399    -0.00218205   0.00073617    -0.00216661  -0.00290391
    7    4
 -0.00783196   0.00000000    -0.00145936   0.00108173     0.01103004   0.00508874
  0.01103004  -0.00508874    -0.00106266   0.00804401     0.05045443  -0.00000000
 -0.00145936  -0.00108173    -0.00047574   0.00000000    -0.00106266  -0.00804401
    7    5
  0.00755581   0.01074472     0.00027548  -0.00064892    -0.01007966  -0.00531281
 -0.01007966  -0.00531281    -0.00299638   0.00708609    -0.04976295  -0.00658606
  0.00027548  -0.00064892     0.00001992   0.00010720    -0.00299638   0.00708609
    7    6
 -0.01730333  -0.01454125    -0.01049025  -0.00584018    -0.00075875  -0.00049919
 -0.01049025  -0.00584018    -0.04905135  -0.00642586    -0.00236704   0.00689236
 -0.00075875  -0.00049919    -0.00236704   0.00689236     0.00412101   0.00178265
    7    7
  0.02968509  -0.00000000     0.01145123   0.00491793     0.00018740   0.00189406
  0.01145123  -0.00491793     0.05221070  -0.00000000     0.00054752   0.00674584
  0.00018740  -0.00189406     0.00054752  -0.00674584     0.01085828   0.00000000

     Dynamical  Matrix in cartesian axes

     q = (   -0.216506400   0.108253200  -0.108253200 ) 

    1    1
  0.05965248   0.00000000    -0.01217832  -0.00000000     0.01217832   0.00000000
 -0.01217832  -0.00000000     0.01965525   0.00000000     0.00132168  -0.00000000
  0.01217832   0.00000000     0.00132168  -0.00000000     0.01965525   0.00000000
    1    2
  0.00094140   0.00094140    -0.00612179  -0.00251802     0.00251801   0.00612180
  0.00217187   0.00311740     0.00318060  -0.00620820    -0.00201329  -0.00134457
 -0.00311740  -0.00217187    -0.00134457  -0.00201329    -0.00620820   0.00318060
    1    3
  0.00133134  -0.00000000    -0.00610927  -0.00254826     0.00610927  -0.00254826
  0.00374008  -0.00066859    -0.00214084   0.00663889    -0.00237437  -0.00047286
 -0.00374008  -0.00066859    -0.00237437   0.00047286    -0.00214084  -0.00663889
    1    4
  0.00133189   0.00095104     0.00958414   0.00944023    -0.01555612   0.02348261
 -0.00321209   0.00598327    -0.00048987  -0.00114746     0.00435221  -0.00491827
  0.00052723   0.00304269     0.00467807   0.00244557    -0.00405572   0.00483432
    1    5
  0.00161427   0.00026930     0.01345227   0.00010176     0.00560489  -0.02760455
  0.00195952  -0.00650210    -0.00115777   0.00046499    -0.00040026   0.00655522
  0.00252431  -0.00177870     0.00503717   0.00157862     0.00055056  -0.00628621
    1    6
  0.00161427  -0.00026930    -0.00560489  -0.02760455    -0.01345227   0.00010176
 -0.00252431  -0.00177870     0.00055056   0.00628621     0.00503717  -0.00157862
 -0.00195952  -0.00650210    -0.00040026  -0.00655522    -0.00115777  -0.00046499
    1    7
  0.00095104   0.00133189    -0.02348262   0.01555611    -0.00944023  -0.00958415
 -0.00304269  -0.00052723     0.00483432  -0.00405572     0.00244557   0.00467807
 -0.00598327   0.00321209    -0.00491827   0.00435221    -0.00114746  -0.00048987
    2    1
  0.00094140  -0.00094140     0.00217187  -0.00311740    -0.00311740   0.00217187
 -0.00612179   0.00251802     0.00318060   0.00620820    -0.00134457   0.00201329
  0.00251801  -0.00612180    -0.00201329   0.00134457    -0.00620820  -0.00318060
    2    2
  0.01740036  -0.00000000    -0.00263080   0.00052896     0.00263080   0.00052896
 -0.00263080  -0.00052896     0.02820729   0.00000000    -0.00756524  -0.00264437
  0.00263080  -0.00052896    -0.00756524   0.00264437     0.02820729   0.00000000
    2    3
  0.00375231  -0.00375231     0.00317072   0.00152012     0.00152012   0.00317072
  0.00317072   0.00152012    -0.02285462   0.00265710     0.00498452  -0.00498452
  0.00152012   0.00317072     0.00498452  -0.00498452    -0.00265709   0.02285462
    2    4
 -0.00144310   0.00228449    -0.00145889  -0.00014226     0.00135424   0.00209378
 -0.02555094   0.00013696    -0.00250416   0.00013387    -0.01136060  -0.00986677
  0.00733614  -0.00658432    -0.00046350   0.00138065    -0.00928562   0.00945067
    2    5
 -0.00598718  -0.00040945     0.00330901  -0.00174773    -0.00035416  -0.00036486
  0.02439866  -0.00270093    -0.00358540  -0.00052135     0.01445213   0.00016638
 -0.00812458   0.00306734     0.00102239  -0.00206349     0.00094288  -0.01483346
    2    6
  0.00040945   0.00598718    -0.00036486  -0.00035416    -0.00174773   0.00330901
  0.00306733  -0.00812459     0.01483346  -0.00094288     0.00206349  -0.00102239
 -0.00270092   0.02439866    -0.00016638  -0.01445213     0.00052135   0.00358540
    2    7
 -0.00144310  -0.00228449    -0.00135424   0.00209378     0.00145889  -0.00014226
 -0.00733614  -0.00658432    -0.00928562  -0.00945067    -0.00046350  -0.00138065
  0.02555094   0.00013696    -0.01136060   0.00986677    -0.00250416  -0.00013387
    3    1
  0.00133134  -0.00000000     0.00374008   0.00066859    -0.00374008   0.00066859
 -0.00610927   0.00254826    -0.00214084  -0.00663889    -0.00237437  -0.00047286
  0.00610927   0.00254826    -0.00237437   0.00047286    -0.00214084   0.00663889
    3    2
  0.00375231   0.00375231     0.00317072  -0.00152012     0.00152012  -0.00317072
  0.00317072  -0.00152012    -0.02285462  -0.00265710     0.00498452   0.00498452
  0.00152012  -0.00317072     0.00498452   0.00498452    -0.00265709  -0.02285462
    3    3
  0.01740036   0.00000000    -0.00263080  -0.00052896     0.00263080  -0.00052896
 -0.00263080   0.00052896     0.02820729   0.00000000    -0.00756524   0.00264437
  0.00263080   0.00052896    -0.00756524  -0.00264437     0.02820729   0.00000000
    3    4
 -0.00598718   0.00040945     0.00330901   0.00174773    -0.00035416   0.00036486
  0.02439866   0.00270093    -0.00358540   0.00052135     0.01445213  -0.00016638
 -0.00812458  -0.00306734     0.00102239   0.00206349     0.00094288   0.01483346
    3    5
 -0.00144310  -0.00228449    -0.00145889   0.00014226     0.00135424  -0.00209378
 -0.02555094  -0.00013696    -0.00250416  -0.00013387    -0.01136060   0.00986677
  0.00733614   0.00658432    -0.00046350  -0.00138065    -0.00928562  -0.00945067
    3    6
 -0.00144310   0.00228449    -0.00135424  -0.00209378     0.00145889   0.00014226
 -0.00733614   0.00658432    -0.00928562   0.00945067    -0.00046350   0.00138065
  0.02555094  -0.00013696    -0.01136060  -0.00986677    -0.00250416   0.00013387
    3    7
  0.00040945  -0.00598718    -0.00036486   0.00035416    -0.00174773  -0.00330901
  0.00306733   0.00812459     0.01483346   0.00094288     0.00206349   0.00102239
 -0.00270092  -0.02439866    -0.00016638   0.01445213     0.00052135  -0.00358540
    4    1
  0.00133189  -0.00095104    -0.00321209  -0.00598327     0.00052723  -0.00304269
  0.00958414  -0.00944023    -0.00048987   0.00114746     0.00467807  -0.00244557
 -0.01555612  -0.02348261     0.00435221   0.00491827    -0.00405572  -0.00483432
    4    2
 -0.00144310  -0.00228449    -0.02555094  -0.00013696     0.00733614   0.00658432
 -0.00145889   0.00014226    -0.00250416  -0.00013387    -0.00046350  -0.00138065
  0.00135424  -0.00209378    -0.01136060   0.00986677    -0.00928562  -0.00945067
    4    3
 -0.00598718  -0.00040945     0.02439866  -0.00270093    -0.00812458   0.00306734
  0.00330901  -0.00174773    -0.00358540  -0.00052135     0.00102239  -0.00206349
 -0.00035416  -0.00036486     0.01445213   0.00016638     0.00094288  -0.01483346
    4    4
  0.02968509  -0.00000000    -0.00018740  -0.00189406     0.01145123   0.00491793
 -0.00018740   0.00189406     0.01085828  -0.00000000    -0.00054752   0.00674584
  0.01145123  -0.00491793    -0.00054752  -0.00674584     0.05221070  -0.00000000
    4    5
 -0.02251752   0.00195309     0.00088949  -0.00018354    -0.01154736   0.00328810
  0.00088949  -0.00018354     0.00417452  -0.00165347    -0.00319989  -0.00654738
 -0.01154736   0.00328810    -0.00319989  -0.00654738    -0.03922830   0.03014078
    4    6
 -0.00553803   0.00553804    -0.01139770   0.00420113    -0.00026703   0.00179683
  0.00179683  -0.00026703    -0.00643939  -0.00493656     0.00033640  -0.00033640
  0.00420113  -0.01139770    -0.03567666   0.03567668     0.00493656   0.00643939
    4    7
  0.00755581   0.01074472     0.01007966   0.00531281     0.00027548  -0.00064892
 -0.00027548   0.00064892    -0.00299638   0.00708609    -0.00001992  -0.00010720
 -0.01007966  -0.00531281     0.04976295   0.00658606    -0.00299638   0.00708609
    5    1
  0.00161427  -0.00026930     0.00195952   0.00650210     0.00252431   0.00177870
  0.01345227  -0.00010176    -0.00115777  -0.00046499     0.00503717  -0.00157862
  0.00560489   0.02760455    -0.00040026  -0.00655522     0.00055056   0.00628621
    5    2
 -0.00598718   0.00040945     0.02439866   0.00270093    -0.00812458  -0.00306734
  0.00330901   0.00174773    -0.00358540   0.00052135     0.00102239   0.00206349
 -0.00035416   0.00036486     0.01445213  -0.00016638     0.00094288   0.01483346
    5    3
 -0.00144310   0.00228449    -0.02555094   0.00013696     0.00733614  -0.00658432
 -0.00145889  -0.00014226    -0.00250416   0.00013387    -0.00046350   0.00138065
  0.00135424   0.00209378    -0.01136060  -0.00986677    -0.00928562   0.00945067
    5    4
 -0.02251752  -0.00195309     0.00088949   0.00018354    -0.01154736  -0.00328810
  0.00088949   0.00018354     0.00417452   0.00165347    -0.00319989   0.00654738
 -0.01154736  -0.00328810    -0.00319989   0.00654738    -0.03922830  -0.03014078
    5    5
  0.02968509   0.00000000    -0.00018740   0.00189406     0.01145123  -0.00491793
 -0.00018740  -0.00189406     0.01085828   0.00000000    -0.00054752  -0.00674584
  0.01145123   0.00491793    -0.00054752   0.00674584     0.05221070   0.00000000
    5    6
  0.00755581  -0.01074472     0.01007966  -0.00531281     0.00027548   0.00064892
 -0.00027548  -0.00064892    -0.00299638  -0.00708609    -0.00001992   0.00010720
 -0.01007966   0.00531281     0.04976295  -0.00658606    -0.00299638  -0.00708609
    5    7
 -0.00553803  -0.00553804    -0.01139770  -0.00420113    -0.00026703  -0.00179683
  0.00179683   0.00026703    -0.00643939   0.00493656     0.00033640   0.00033640
  0.00420113   0.01139770    -0.03567666  -0.03567668     0.00493656  -0.00643939
    6    1
  0.00161427   0.00026930    -0.00252431   0.00177870    -0.00195952   0.00650210
 -0.00560489   0.02760455     0.00055056  -0.00628621    -0.00040026   0.00655522
 -0.01345227  -0.00010176     0.00503717   0.00157862    -0.00115777   0.00046499
    6    2
  0.00040945  -0.00598718     0.00306733   0.00812459    -0.00270092  -0.02439866
 -0.00036486   0.00035416     0.01483346   0.00094288    -0.00016638   0.01445213
 -0.00174773  -0.00330901     0.00206349   0.00102239     0.00052135  -0.00358540
    6    3
 -0.00144310  -0.00228449    -0.00733614  -0.00658432     0.02555094   0.00013696
 -0.00135424   0.00209378    -0.00928562  -0.00945067    -0.01136060   0.00986677
  0.00145889  -0.00014226    -0.00046350  -0.00138065    -0.00250416  -0.00013387
    6    4
 -0.00553803  -0.00553804     0.00179683   0.00026703     0.00420113   0.01139770
 -0.01139770  -0.00420113    -0.00643939   0.00493656    -0.03567666  -0.03567668
 -0.00026703  -0.00179683     0.00033640   0.00033640     0.00493656  -0.00643939
    6    5
  0.00755581   0.01074472    -0.00027548   0.00064892    -0.01007966  -0.00531281
  0.01007966   0.00531281    -0.00299638   0.00708609     0.04976295   0.00658606
  0.00027548  -0.00064892    -0.00001992  -0.00010720    -0.00299638   0.00708609
    6    6
  0.02968509  -0.00000000    -0.01145123  -0.00491793     0.00018740   0.00189406
 -0.01145123   0.00491793     0.05221070  -0.00000000    -0.00054752  -0.00674584
  0.00018740  -0.00189406    -0.00054752   0.00674584     0.01085828  -0.00000000
    6    7
 -0.00195308  -0.02251752     0.00328810   0.01154736    -0.00018354  -0.00088949
  0.00328810   0.01154736    -0.03014077  -0.03922831     0.00654739  -0.00319989
 -0.00018354  -0.00088949     0.00654739  -0.00319989     0.00165347   0.00417452
    7    1
  0.00095104  -0.00133189    -0.00304269   0.00052723    -0.00598327  -0.00321209
 -0.02348262  -0.01555611     0.00483432   0.00405572    -0.00491827  -0.00435221
 -0.00944023   0.00958415     0.00244557  -0.00467807    -0.00114746   0.00048987
    7    2
 -0.00144310   0.00228449    -0.00733614   0.00658432     0.02555094  -0.00013696
 -0.00135424  -0.00209378    -0.00928562   0.00945067    -0.01136060  -0.00986677
  0.00145889   0.00014226    -0.00046350   0.00138065    -0.00250416   0.00013387
    7    3
  0.00040945   0.00598718     0.00306733  -0.00812459    -0.00270092   0.02439866
 -0.00036486  -0.00035416     0.01483346  -0.00094288    -0.00016638  -0.01445213
 -0.00174773   0.00330901     0.00206349  -0.00102239     0.00052135   0.00358540
    7    4
  0.00755581  -0.01074472    -0.00027548  -0.00064892    -0.01007966   0.00531281
  0.01007966  -0.00531281    -0.00299638  -0.00708609     0.04976295  -0.00658606
  0.00027548   0.00064892    -0.00001992   0.00010720    -0.00299638  -0.00708609
    7    5
 -0.00553803   0.00553804     0.00179683  -0.00026703     0.00420113  -0.01139770
 -0.01139770   0.00420113    -0.00643939  -0.00493656    -0.03567666   0.03567668
 -0.00026703   0.00179683     0.00033640  -0.00033640     0.00493656   0.00643939
    7    6
 -0.00195308   0.02251752     0.00328810  -0.01154736    -0.00018354   0.00088949
  0.00328810  -0.01154736    -0.03014077   0.03922831     0.00654739   0.00319989
 -0.00018354   0.00088949     0.00654739   0.00319989     0.00165347  -0.00417452
    7    7
  0.02968509   0.00000000    -0.01145123   0.00491793     0.00018740  -0.00189406
 -0.01145123  -0.00491793     0.05221070   0.00000000    -0.00054752   0.00674584
  0.00018740   0.00189406    -0.00054752  -0.00674584     0.01085828   0.00000000

     Dynamical  Matrix in cartesian axes

     q = (    0.216506400  -0.108253200  -0.108253200 ) 

    1    1
  0.05965248   0.00000000    -0.01217832  -0.00000000    -0.01217832  -0.00000000
 -0.01217832  -0.00000000     0.01965525   0.00000000    -0.00132168   0.00000000
 -0.01217832  -0.00000000    -0.00132168   0.00000000     0.01965525   0.00000000
    1    2
  0.00133134  -0.00000000    -0.00610927  -0.00254826    -0.00610927   0.00254826
  0.00374008  -0.00066859    -0.00214084   0.00663889     0.00237437   0.00047286
  0.00374008   0.00066859     0.00237437  -0.00047286    -0.00214084  -0.00663889
    1    3
  0.00133134   0.00000000    -0.00610927   0.00254826    -0.00610927  -0.00254826
  0.00374008   0.00066859    -0.00214084  -0.00663889     0.00237437  -0.00047286
  0.00374008  -0.00066859     0.00237437   0.00047286    -0.00214084   0.00663889
    1    4
  0.00133189  -0.00095104     0.00958414  -0.00944023     0.01555612   0.02348261
 -0.00321209  -0.00598327    -0.00048987   0.00114746    -0.00435221  -0.00491827
 -0.00052723   0.00304269    -0.00467807   0.00244557    -0.00405572  -0.00483432
    1    5
  0.00133189   0.00095104     0.00958414   0.00944023     0.01555612  -0.02348261
 -0.00321209   0.00598327    -0.00048987  -0.00114746    -0.00435221   0.00491827
 -0.00052723  -0.00304269    -0.00467807  -0.00244557    -0.00405572   0.00483432
    1    6
  0.00133189   0.00095104     0.01555612  -0.02348261     0.00958414   0.00944023
 -0.00052723  -0.00304269    -0.00405572   0.00483432    -0.00467807  -0.00244557
 -0.00321209   0.00598327    -0.00435221   0.00491827    -0.00048987  -0.00114746
    1    7
  0.00133189  -0.00095104     0.01555612   0.02348261     0.00958414  -0.00944023
 -0.00052723   0.00304269    -0.00405572  -0.00483432    -0.00467807   0.00244557
 -0.00321209  -0.00598327    -0.00435221  -0.00491827    -0.00048987   0.00114746
    2    1
  0.00133134   0.00000000     0.00374008   0.00066859     0.00374008  -0.00066859
 -0.00610927   0.00254826    -0.00214084  -0.00663889     0.00237437   0.00047286
 -0.00610927  -0.00254826     0.00237437  -0.00047286    -0.00214084   0.00663889
    2    2
  0.01740036  -0.00000000    -0.00263080  -0.00052896    -0.00263080   0.00052896
 -0.00263080   0.00052896     0.02820729  -0.00000000     0.00756524  -0.00264437
 -0.00263080  -0.00052896     0.00756524   0.00264437     0.02820729   0.00000000
    2    3
  0.00530656   0.00000000     0.00116715  -0.00331692     0.00116715   0.00331692
  0.00116715  -0.00331692    -0.01803951   0.01428181    -0.00704918   0.00000000
  0.00116715   0.00331692    -0.00704918   0.00000000    -0.01803951  -0.01428181
    2    4
 -0.00263580  -0.00059495    -0.00093100   0.00113219     0.00052294   0.00243812
 -0.01816408   0.01797040    -0.00186537   0.00167605     0.00105630  -0.01501001
 -0.00984325   0.00053162     0.00130401   0.00064852    -0.01324856  -0.00011670
    2    5
 -0.00598718   0.00040945     0.00330901   0.00174773     0.00035416  -0.00036486
  0.02439866   0.00270093    -0.00358540   0.00052135    -0.01445213   0.00016638
  0.00812458   0.00306734    -0.00102239  -0.00206349     0.00094288   0.01483346
    2    6
 -0.00263580   0.00059495     0.00052294  -0.00243812    -0.00093100  -0.00113219
 -0.00984325  -0.00053162    -0.01324856   0.00011670     0.00130401  -0.00064852
 -0.01816408  -0.01797040     0.00105630   0.01501001    -0.00186537  -0.00167605
    2    7
 -0.00598718  -0.00040945     0.00035416   0.00036486     0.00330901  -0.00174773
  0.00812458  -0.00306734     0.00094288  -0.01483346    -0.00102239   0.00206349
  0.02439866  -0.00270093    -0.01445213  -0.00016638    -0.00358540  -0.00052135
    3    1
  0.00133134  -0.00000000     0.00374008  -0.00066859     0.00374008   0.00066859
 -0.00610927  -0.00254826    -0.00214084   0.00663889     0.00237437  -0.00047286
 -0.00610927   0.00254826     0.00237437   0.00047286    -0.00214084  -0.00663889
    3    2
  0.00530656   0.00000000     0.00116715   0.00331692     0.00116715  -0.00331692
  0.00116715   0.00331692    -0.01803951  -0.01428181    -0.00704918  -0.00000000
  0.00116715  -0.00331692    -0.00704918  -0.00000000    -0.01803951   0.01428181
    3    3
  0.01740036   0.00000000    -0.00263080   0.00052896    -0.00263080  -0.00052896
 -0.00263080  -0.00052896     0.02820729   0.00000000     0.00756524   0.00264437
 -0.00263080   0.00052896     0.00756524  -0.00264437     0.02820729  -0.00000000
    3    4
 -0.00598718  -0.00040945     0.00330901  -0.00174773     0.00035416   0.00036486
  0.02439866  -0.00270093    -0.00358540  -0.00052135    -0.01445213  -0.00016638
  0.00812458  -0.00306734    -0.00102239   0.00206349     0.00094288  -0.01483346
    3    5
 -0.00263580   0.00059495    -0.00093100  -0.00113219     0.00052294  -0.00243812
 -0.01816408  -0.01797040    -0.00186537  -0.00167605     0.00105630   0.01501001
 -0.00984325  -0.00053162     0.00130401  -0.00064852    -0.01324856   0.00011670
    3    6
 -0.00598718   0.00040945     0.00035416  -0.00036486     0.00330901   0.00174773
  0.00812458   0.00306734     0.00094288   0.01483346    -0.00102239  -0.00206349
  0.02439866   0.00270093    -0.01445213   0.00016638    -0.00358540   0.00052135
    3    7
 -0.00263580  -0.00059495     0.00052294   0.00243812    -0.00093100   0.00113219
 -0.00984325   0.00053162    -0.01324856  -0.00011670     0.00130401   0.00064852
 -0.01816408   0.01797040     0.00105630  -0.01501001    -0.00186537   0.00167605
    4    1
  0.00133189   0.00095104    -0.00321209   0.00598327    -0.00052723  -0.00304269
  0.00958414   0.00944023    -0.00048987  -0.00114746    -0.00467807  -0.00244557
  0.01555612  -0.02348261    -0.00435221   0.00491827    -0.00405572   0.00483432
    4    2
 -0.00263580   0.00059495    -0.01816408  -0.01797040    -0.00984325  -0.00053162
 -0.00093100  -0.00113219    -0.00186537  -0.00167605     0.00130401  -0.00064852
  0.00052294  -0.00243812     0.00105630   0.01501001    -0.01324856   0.00011670
    4    3
 -0.00598718   0.00040945     0.02439866   0.00270093     0.00812458   0.00306734
  0.00330901   0.00174773    -0.00358540   0.00052135    -0.00102239  -0.00206349
  0.00035416  -0.00036486    -0.01445213   0.00016638     0.00094288   0.01483346
    4    4
  0.02968509   0.00000000    -0.00018740   0.00189406    -0.01145123   0.00491793
 -0.00018740  -0.00189406     0.01085828  -0.00000000     0.00054752   0.00674584
 -0.01145123  -0.00491793     0.00054752  -0.00674584     0.05221070   0.00000000
    4    5
 -0.01454125  -0.01730333     0.00049919   0.00075875     0.00584018   0.01049025
  0.00049919   0.00075875     0.00178265   0.00412101     0.00689236  -0.00236703
  0.00584018   0.01049025     0.00689236  -0.00236703    -0.00642584  -0.04905135
    4    6
  0.01074471   0.00755581     0.00531281   0.01007966     0.00064892  -0.00027548
  0.00064892  -0.00027548     0.00708609  -0.00299638     0.00010720   0.00001992
  0.00531281   0.01007966    -0.00658604  -0.04976296     0.00708609  -0.00299638
    4    7
 -0.00783196   0.00000000    -0.01103004   0.00508874     0.00145936   0.00108173
  0.00145936  -0.00108173    -0.00106266   0.00804401    -0.00047574   0.00000000
 -0.01103004  -0.00508874     0.05045443  -0.00000000    -0.00106266  -0.00804401
    5    1
  0.00133189  -0.00095104    -0.00321209  -0.00598327    -0.00052723   0.00304269
  0.00958414  -0.00944023    -0.00048987   0.00114746    -0.00467807   0.00244557
  0.01555612   0.02348261    -0.00435221  -0.00491827    -0.00405572  -0.00483432
    5    2
 -0.00598718  -0.00040945     0.02439866  -0.00270093     0.00812458  -0.00306734
  0.00330901  -0.00174773    -0.00358540  -0.00052135    -0.00102239   0.00206349
  0.00035416   0.00036486    -0.01445213  -0.00016638     0.00094288  -0.01483346
    5    3
 -0.00263580  -0.00059495    -0.01816408   0.01797040    -0.00984325   0.00053162
 -0.00093100   0.00113219    -0.00186537   0.00167605     0.00130401   0.00064852
  0.00052294   0.00243812     0.00105630  -0.01501001    -0.01324856  -0.00011670
    5    4
 -0.01454125   0.01730333     0.00049919  -0.00075875     0.00584018  -0.01049025
  0.00049919  -0.00075875     0.00178265  -0.00412101     0.00689236   0.00236703
  0.00584018  -0.01049025     0.00689236   0.00236703    -0.00642584   0.04905135
    5    5
  0.02968509  -0.00000000    -0.00018740  -0.00189406    -0.01145123  -0.00491793
 -0.00018740   0.00189406     0.01085828   0.00000000     0.00054752  -0.00674584
 -0.01145123   0.00491793     0.00054752   0.00674584     0.05221070  -0.00000000
    5    6
 -0.00783196   0.00000000    -0.01103004  -0.00508874     0.00145936  -0.00108173
  0.00145936   0.00108173    -0.00106266  -0.00804401    -0.00047574  -0.00000000
 -0.01103004   0.00508874     0.05045443  -0.00000000    -0.00106266   0.00804401
    5    7
  0.01074471  -0.00755581     0.00531281  -0.01007966     0.00064892   0.00027548
  0.00064892   0.00027548     0.00708609   0.00299638     0.00010720  -0.00001992
  0.00531281  -0.01007966    -0.00658604   0.04976296     0.00708609   0.00299638
    6    1
  0.00133189  -0.00095104    -0.00052723   0.00304269    -0.00321209  -0.00598327
  0.01555612   0.02348261    -0.00405572  -0.00483432    -0.00435221  -0.00491827
  0.00958414  -0.00944023    -0.00467807   0.00244557    -0.00048987   0.00114746
    6    2
 -0.00263580  -0.00059495    -0.00984325   0.00053162    -0.01816408   0.01797040
  0.00052294   0.00243812    -0.01324856  -0.00011670     0.00105630  -0.01501001
 -0.00093100   0.00113219     0.00130401   0.00064852    -0.00186537   0.00167605
    6    3
 -0.00598718  -0.00040945     0.00812458  -0.00306734     0.02439866  -0.00270093
  0.00035416   0.00036486     0.00094288  -0.01483346    -0.01445213  -0.00016638
  0.00330901  -0.00174773    -0.00102239   0.00206349    -0.00358540  -0.00052135
    6    4
  0.01074471  -0.00755581     0.00064892   0.00027548     0.00531281  -0.01007966
  0.00531281  -0.01007966     0.00708609   0.00299638    -0.00658604   0.04976296
  0.00064892   0.00027548     0.00010720  -0.00001992     0.00708609   0.00299638
    6    5
 -0.00783196  -0.00000000     0.00145936  -0.00108173    -0.01103004  -0.00508874
 -0.01103004   0.00508874    -0.00106266   0.00804401     0.05045443   0.00000000
  0.00145936   0.00108173    -0.00047574   0.00000000    -0.00106266  -0.00804401
    6    6
  0.02968509  -0.00000000    -0.01145123  -0.00491793    -0.00018740  -0.00189406
 -0.01145123   0.00491793     0.05221070  -0.00000000     0.00054752   0.00674584
 -0.00018740   0.00189406     0.00054752  -0.00674584     0.01085828  -0.00000000
    6    7
 -0.01454125   0.01730333     0.00584018  -0.01049025     0.00049919  -0.00075875
  0.00584018  -0.01049025    -0.00642584   0.04905135     0.00689236   0.00236703
  0.00049919  -0.00075875     0.00689236   0.00236703     0.00178265  -0.00412101
    7    1
  0.00133189   0.00095104    -0.00052723  -0.00304269    -0.00321209   0.00598327
  0.01555612  -0.02348261    -0.00405572   0.00483432    -0.00435221   0.00491827
  0.00958414   0.00944023    -0.00467807  -0.00244557    -0.00048987  -0.00114746
    7    2
 -0.00598718   0.00040945     0.00812458   0.00306734     0.02439866   0.00270093
  0.00035416  -0.00036486     0.00094288   0.01483346    -0.01445213   0.00016638
  0.00330901   0.00174773    -0.00102239  -0.00206349    -0.00358540   0.00052135
    7    3
 -0.00263580   0.00059495    -0.00984325  -0.00053162    -0.01816408  -0.01797040
  0.00052294  -0.00243812    -0.01324856   0.00011670     0.00105630   0.01501001
 -0.00093100  -0.00113219     0.00130401  -0.00064852    -0.00186537  -0.00167605
    7    4
 -0.00783196  -0.00000000     0.00145936   0.00108173    -0.01103004   0.00508874
 -0.01103004  -0.00508874    -0.00106266  -0.00804401     0.05045443   0.00000000
  0.00145936  -0.00108173    -0.00047574  -0.00000000    -0.00106266   0.00804401
    7    5
  0.01074471   0.00755581     0.00064892  -0.00027548     0.00531281   0.01007966
  0.00531281   0.01007966     0.00708609  -0.00299638    -0.00658604  -0.04976296
  0.00064892  -0.00027548     0.00010720   0.00001992     0.00708609  -0.00299638
    7    6
 -0.01454125  -0.01730333     0.00584018   0.01049025     0.00049919   0.00075875
  0.00584018   0.01049025    -0.00642584  -0.04905135     0.00689236  -0.00236703
  0.00049919   0.00075875     0.00689236  -0.00236703     0.00178265   0.00412101
    7    7
  0.02968509   0.00000000    -0.01145123   0.00491793    -0.00018740   0.00189406
 -0.01145123  -0.00491793     0.05221070   0.00000000     0.00054752  -0.00674584
 -0.00018740  -0.00189406     0.00054752   0.00674584     0.01085828   0.00000000

     Dynamical  Matrix in cartesian axes

     q = (    0.108253200   0.216506400  -0.108253200 ) 

    1    1
  0.01965525   0.00000000     0.01217832   0.00000000     0.00132168  -0.00000000
  0.01217832   0.00000000     0.05965248   0.00000000    -0.01217832  -0.00000000
  0.00132168  -0.00000000    -0.01217832  -0.00000000     0.01965525   0.00000000
    1    2
 -0.00115777   0.00046499    -0.00195952   0.00650210    -0.00040026   0.00655522
 -0.01345227  -0.00010176     0.00161427   0.00026930    -0.00560489   0.02760455
  0.00503717   0.00157862    -0.00252431   0.00177870     0.00055056  -0.00628621
    1    3
 -0.00114746   0.00048987    -0.00598327  -0.00321209    -0.00491827  -0.00435221
 -0.00944023   0.00958415     0.00095104  -0.00133189    -0.02348262  -0.01555611
  0.00244557  -0.00467807    -0.00304269   0.00052723     0.00483432   0.00405572
    1    4
 -0.00620820  -0.00318060    -0.00311740   0.00217187    -0.00134457   0.00201329
  0.00251801  -0.00612180     0.00094140  -0.00094140    -0.00612179   0.00251802
 -0.00201329   0.00134457     0.00217187  -0.00311740     0.00318060   0.00620820
    1    5
 -0.00214084   0.00663889    -0.00374008   0.00066859    -0.00237437  -0.00047286
  0.00610927   0.00254826     0.00133134  -0.00000000    -0.00610927   0.00254826
 -0.00237437   0.00047286     0.00374008   0.00066859    -0.00214084  -0.00663889
    1    6
 -0.00405572  -0.00483432     0.00052723  -0.00304269     0.00467807  -0.00244557
 -0.01555612  -0.02348261     0.00133189  -0.00095104     0.00958414  -0.00944023
  0.00435221   0.00491827    -0.00321209  -0.00598327    -0.00048987   0.00114746
    1    7
  0.00055056   0.00628621     0.00252431   0.00177870     0.00503717  -0.00157862
  0.00560489   0.02760455     0.00161427  -0.00026930     0.01345227  -0.00010176
