  5.000000000000000E-003   1.26088367795901        1.90067469670089     
           8

     Dynamical  Matrix in cartesian axes

     q = (    0.216506400   0.216506400   0.216506400 ) 

    1    1
  0.01820216   0.00000000    -0.00369529   0.00000000    -0.00369529  -0.00000000
 -0.00369529  -0.00000000     0.01820216   0.00000000    -0.00369529  -0.00000000
 -0.00369529   0.00000000    -0.00369529   0.00000000     0.01820216  -0.00000000
    1    2
 -0.00598168   0.01444107    -0.00116621   0.00269282    -0.00107947   0.00272875
  0.01182233  -0.00757090     0.00161091  -0.00175262    -0.00259205   0.00524169
 -0.00300622  -0.01371308    -0.00187357   0.00553929     0.00010021  -0.00237838
    1    3
 -0.00598168   0.01444107    -0.00107947   0.00272875    -0.00116621   0.00269282
 -0.00300622  -0.01371308     0.00010021  -0.00237838    -0.00187357   0.00553929
  0.01182233  -0.00757090    -0.00259205   0.00524169     0.00161091  -0.00175262
    1    4
  0.00010021  -0.00237838    -0.00300622  -0.01371308    -0.00187357   0.00553929
 -0.00107947   0.00272875    -0.00598168   0.01444107    -0.00116621   0.00269282
 -0.00259205   0.00524169     0.01182233  -0.00757090     0.00161091  -0.00175262
    1    5
  0.00161091  -0.00175262     0.01182233  -0.00757090    -0.00259205   0.00524169
 -0.00116621   0.00269282    -0.00598168   0.01444107    -0.00107947   0.00272875
 -0.00187357   0.00553929    -0.00300622  -0.01371308     0.00010021  -0.00237838
    1    6
  0.00161091  -0.00175262    -0.00259205   0.00524169     0.01182233  -0.00757090
 -0.00187357   0.00553929     0.00010021  -0.00237838    -0.00300622  -0.01371308
 -0.00116621   0.00269282    -0.00107947   0.00272875    -0.00598168   0.01444107
    1    7
  0.00010021  -0.00237838    -0.00187357   0.00553929    -0.00300622  -0.01371308
 -0.00259205   0.00524169     0.00161091  -0.00175262     0.01182233  -0.00757090
 -0.00107947   0.00272875    -0.00116621   0.00269282    -0.00598168   0.01444107
    2    1
 -0.00598168  -0.01444107     0.01182233   0.00757090    -0.00300622   0.01371308
 -0.00116621  -0.00269282     0.00161091   0.00175262    -0.00187357  -0.00553929
 -0.00107947  -0.00272875    -0.00259205  -0.00524169     0.00010021   0.00237838
    2    2
  0.06238026   0.00000000     0.00124084  -0.00124161     0.00124084   0.00124161
  0.00124084   0.00124161     0.01509592  -0.00000000     0.00080249   0.00363816
  0.00124084  -0.00124161     0.00080249  -0.00363816     0.01509592   0.00000000
    2    3
  0.04110998   0.00000000     0.00587383  -0.00297307     0.00587383   0.00297307
  0.00587383  -0.00297307    -0.00273570  -0.00043845    -0.00214948  -0.00000000
  0.00587383   0.00297307    -0.00214948  -0.00000000    -0.00273570   0.00043845
    2    4
 -0.01416287   0.00676996    -0.02714505   0.01139091     0.00754828   0.00535438
 -0.00446544   0.00490522    -0.01416287   0.00676996     0.00048088   0.00228591
  0.00048088   0.00228591     0.00754828   0.00535438     0.00167298   0.00476310
    2    5
 -0.01595600  -0.00958837    -0.01655744  -0.00000000     0.00508124  -0.00400593
  0.00654450  -0.00000000    -0.01595600   0.00958837    -0.00168255   0.00207541
 -0.00168255  -0.00207541     0.00508124   0.00400593     0.00744375   0.00000000
    2    6
 -0.01416287  -0.00676996     0.00754828  -0.00535438    -0.02714505  -0.01139091
  0.00048088  -0.00228591     0.00167298  -0.00476310     0.00754828  -0.00535438
 -0.00446544  -0.00490522     0.00048088  -0.00228591    -0.01416287  -0.00676996
    2    7
 -0.01595600   0.00958837     0.00508124   0.00400593    -0.01655744   0.00000000
 -0.00168255   0.00207541     0.00744375   0.00000000     0.00508124  -0.00400593
  0.00654450   0.00000000    -0.00168255  -0.00207541    -0.01595600  -0.00958837
    3    1
 -0.00598168  -0.01444107    -0.00300622   0.01371308     0.01182233   0.00757090
 -0.00107947  -0.00272875     0.00010021   0.00237838    -0.00259205  -0.00524169
 -0.00116621  -0.00269282    -0.00187357  -0.00553929     0.00161091   0.00175262
    3    2
  0.04110998  -0.00000000     0.00587383   0.00297307     0.00587383  -0.00297307
  0.00587383   0.00297307    -0.00273570   0.00043845    -0.00214948   0.00000000
  0.00587383  -0.00297307    -0.00214948   0.00000000    -0.00273570  -0.00043845
    3    3
  0.06238026  -0.00000000     0.00124084   0.00124161     0.00124084  -0.00124161
  0.00124084  -0.00124161     0.01509592   0.00000000     0.00080249  -0.00363816
  0.00124084   0.00124161     0.00080249   0.00363816     0.01509592  -0.00000000
    3    4
 -0.01595600   0.00958837    -0.01655744   0.00000000     0.00508124   0.00400593
  0.00654450  -0.00000000    -0.01595600  -0.00958837    -0.00168255  -0.00207541
 -0.00168255   0.00207541     0.00508124  -0.00400593     0.00744375  -0.00000000
    3    5
 -0.01416287  -0.00676996    -0.02714505  -0.01139091     0.00754828  -0.00535438
 -0.00446544  -0.00490522    -0.01416287  -0.00676996     0.00048088  -0.00228591
  0.00048088  -0.00228591     0.00754828  -0.00535438     0.00167298  -0.00476310
    3    6
 -0.01595600  -0.00958837     0.00508124  -0.00400593    -0.01655744  -0.00000000
 -0.00168255  -0.00207541     0.00744375  -0.00000000     0.00508124   0.00400593
  0.00654450  -0.00000000    -0.00168255   0.00207541    -0.01595600   0.00958837
    3    7
 -0.01416287   0.00676996     0.00754828   0.00535438    -0.02714505   0.01139091
  0.00048088   0.00228591     0.00167298   0.00476310     0.00754828   0.00535438
 -0.00446544   0.00490522     0.00048088   0.00228591    -0.01416287   0.00676996
    4    1
  0.00010021   0.00237838    -0.00107947  -0.00272875    -0.00259205  -0.00524169
 -0.00300622   0.01371308    -0.00598168  -0.01444107     0.01182233   0.00757090
 -0.00187357  -0.00553929    -0.00116621  -0.00269282     0.00161091   0.00175262
    4    2
 -0.01416287  -0.00676996    -0.00446544  -0.00490522     0.00048088  -0.00228591
 -0.02714505  -0.01139091    -0.01416287  -0.00676996     0.00754828  -0.00535438
  0.00754828  -0.00535438     0.00048088  -0.00228591     0.00167298  -0.00476310
    4    3
 -0.01595600  -0.00958837     0.00654450   0.00000000    -0.00168255  -0.00207541
 -0.01655744  -0.00000000    -0.01595600   0.00958837     0.00508124   0.00400593
  0.00508124  -0.00400593    -0.00168255   0.00207541     0.00744375   0.00000000
    4    4
  0.01509592   0.00000000     0.00124084  -0.00124161     0.00080249  -0.00363816
  0.00124084   0.00124161     0.06238026  -0.00000000     0.00124084  -0.00124161
  0.00080249   0.00363816     0.00124084   0.00124161     0.01509592  -0.00000000
    4    5
 -0.00273570   0.00043845     0.00587383   0.00297307    -0.00214948  -0.00000000
  0.00587383   0.00297307     0.04110998  -0.00000000     0.00587383  -0.00297307
 -0.00214948   0.00000000     0.00587383  -0.00297307    -0.00273570  -0.00043845
    4    6
  0.00167298   0.00476310     0.00048088   0.00228591     0.00754828   0.00535438
  0.00754828   0.00535438    -0.01416287   0.00676996    -0.02714505   0.01139091
  0.00048088   0.00228591    -0.00446544   0.00490522    -0.01416287   0.00676996
    4    7
  0.00744375  -0.00000000    -0.00168255  -0.00207541     0.00508124   0.00400593
  0.00508124  -0.00400593    -0.01595600  -0.00958837    -0.01655744  -0.00000000
 -0.00168255   0.00207541     0.00654450  -0.00000000    -0.01595600   0.00958837
    5    1
  0.00161091   0.00175262    -0.00116621  -0.00269282    -0.00187357  -0.00553929
  0.01182233   0.00757090    -0.00598168  -0.01444107    -0.00300622   0.01371308
 -0.00259205  -0.00524169    -0.00107947  -0.00272875     0.00010021   0.00237838
    5    2
 -0.01595600   0.00958837     0.00654450  -0.00000000    -0.00168255   0.00207541
 -0.01655744  -0.00000000    -0.01595600  -0.00958837     0.00508124  -0.00400593
  0.00508124   0.00400593    -0.00168255  -0.00207541     0.00744375   0.00000000
    5    3
 -0.01416287   0.00676996    -0.00446544   0.00490522     0.00048088   0.00228591
 -0.02714505   0.01139091    -0.01416287   0.00676996     0.00754828   0.00535438
  0.00754828   0.00535438     0.00048088   0.00228591     0.00167298   0.00476310
    5    4
 -0.00273570  -0.00043845     0.00587383  -0.00297307    -0.00214948   0.00000000
  0.00587383  -0.00297307     0.04110998   0.00000000     0.00587383   0.00297307
 -0.00214948   0.00000000     0.00587383   0.00297307    -0.00273570   0.00043845
    5    5
  0.01509592  -0.00000000     0.00124084   0.00124161     0.00080249   0.00363816
  0.00124084  -0.00124161     0.06238026   0.00000000     0.00124084   0.00124161
  0.00080249  -0.00363816     0.00124084  -0.00124161     0.01509592   0.00000000
    5    6
  0.00744375   0.00000000    -0.00168255   0.00207541     0.00508124  -0.00400593
  0.00508124   0.00400593    -0.01595600   0.00958837    -0.01655744   0.00000000
 -0.00168255  -0.00207541     0.00654450   0.00000000    -0.01595600  -0.00958837
    5    7
  0.00167298  -0.00476310     0.00048088  -0.00228591     0.00754828  -0.00535438
  0.00754828  -0.00535438    -0.01416287  -0.00676996    -0.02714505  -0.01139091
  0.00048088  -0.00228591    -0.00446544  -0.00490522    -0.01416287  -0.00676996
    6    1
  0.00161091   0.00175262    -0.00187357  -0.00553929    -0.00116621  -0.00269282
 -0.00259205  -0.00524169     0.00010021   0.00237838    -0.00107947  -0.00272875
  0.01182233   0.00757090    -0.00300622   0.01371308    -0.00598168  -0.01444107
    6    2
 -0.01416287   0.00676996     0.00048088   0.00228591    -0.00446544   0.00490522
  0.00754828   0.00535438     0.00167298   0.00476310     0.00048088   0.00228591
 -0.02714505   0.01139091     0.00754828   0.00535438    -0.01416287   0.00676996
    6    3
 -0.01595600   0.00958837    -0.00168255   0.00207541     0.00654450   0.00000000
  0.00508124   0.00400593     0.00744375   0.00000000    -0.00168255  -0.00207541
 -0.01655744  -0.00000000     0.00508124  -0.00400593    -0.01595600  -0.00958837
    6    4
  0.00167298  -0.00476310     0.00754828  -0.00535438     0.00048088  -0.00228591
  0.00048088  -0.00228591    -0.01416287  -0.00676996    -0.00446544  -0.00490522
  0.00754828  -0.00535438    -0.02714505  -0.01139091    -0.01416287  -0.00676996
    6    5
  0.00744375  -0.00000000     0.00508124  -0.00400593    -0.00168255   0.00207541
 -0.00168255  -0.00207541    -0.01595600  -0.00958837     0.00654450  -0.00000000
  0.00508124   0.00400593    -0.01655744   0.00000000    -0.01595600   0.00958837
    6    6
  0.01509592  -0.00000000     0.00080249   0.00363816     0.00124084   0.00124161
  0.00080249  -0.00363816     0.01509592   0.00000000     0.00124084  -0.00124161
  0.00124084  -0.00124161     0.00124084   0.00124161     0.06238026   0.00000000
    6    7
 -0.00273570  -0.00043845    -0.00214948   0.00000000     0.00587383  -0.00297307
 -0.00214948  -0.00000000    -0.00273570   0.00043845     0.00587383   0.00297307
  0.00587383  -0.00297307     0.00587383   0.00297307     0.04110998   0.00000000
    7    1
  0.00010021   0.00237838    -0.00259205  -0.00524169    -0.00107947  -0.00272875
 -0.00187357  -0.00553929     0.00161091   0.00175262    -0.00116621  -0.00269282
 -0.00300622   0.01371308     0.01182233   0.00757090    -0.00598168  -0.01444107
    7    2
 -0.01595600  -0.00958837    -0.00168255  -0.00207541     0.00654450  -0.00000000
  0.00508124  -0.00400593     0.00744375  -0.00000000    -0.00168255   0.00207541
 -0.01655744   0.00000000     0.00508124   0.00400593    -0.01595600   0.00958837
    7    3
 -0.01416287  -0.00676996     0.00048088  -0.00228591    -0.00446544  -0.00490522
  0.00754828  -0.00535438     0.00167298  -0.00476310     0.00048088  -0.00228591
 -0.02714505  -0.01139091     0.00754828  -0.00535438    -0.01416287  -0.00676996
    7    4
  0.00744375   0.00000000     0.00508124   0.00400593    -0.00168255  -0.00207541
 -0.00168255   0.00207541    -0.01595600   0.00958837     0.00654450   0.00000000
  0.00508124  -0.00400593    -0.01655744   0.00000000    -0.01595600  -0.00958837
    7    5
  0.00167298   0.00476310     0.00754828   0.00535438     0.00048088   0.00228591
  0.00048088   0.00228591    -0.01416287   0.00676996    -0.00446544   0.00490522
  0.00754828   0.00535438    -0.02714505   0.01139091    -0.01416287   0.00676996
    7    6
 -0.00273570   0.00043845    -0.00214948  -0.00000000     0.00587383   0.00297307
 -0.00214948   0.00000000    -0.00273570  -0.00043845     0.00587383  -0.00297307
  0.00587383   0.00297307     0.00587383  -0.00297307     0.04110998   0.00000000
    7    7
  0.01509592  -0.00000000     0.00080249  -0.00363816     0.00124084  -0.00124161
  0.00080249   0.00363816     0.01509592   0.00000000     0.00124084   0.00124161
  0.00124084   0.00124161     0.00124084  -0.00124161     0.06238026  -0.00000000

     Dynamical  Matrix in cartesian axes

     q = (    0.216506400  -0.216506400   0.216506400 ) 

    1    1
  0.01820216  -0.00000000     0.00369529   0.00000000    -0.00369529   0.00000000
  0.00369529   0.00000000     0.01820216  -0.00000000     0.00369529   0.00000000
 -0.00369529  -0.00000000     0.00369529   0.00000000     0.01820216  -0.00000000
    1    2
 -0.00598168   0.01444107     0.00116621  -0.00269282    -0.00107947   0.00272875
 -0.01182233   0.00757090     0.00161091  -0.00175262     0.00259205  -0.00524169
 -0.00300622  -0.01371308     0.00187357  -0.00553929     0.00010021  -0.00237838
    1    3
 -0.01444107  -0.00598169     0.00272874   0.00107948    -0.00269282  -0.00116621
 -0.01371308   0.00300621     0.00237838   0.00010021     0.00553929   0.00187358
  0.00757090   0.01182233     0.00524169   0.00259205     0.00175262   0.00161091
    1    4
  0.00237838  -0.00010021    -0.01371308  -0.00300621    -0.00553929   0.00187358
  0.00272874  -0.00107948    -0.01444107   0.00598169     0.00269282  -0.00116621
 -0.00524169   0.00259205    -0.00757090   0.01182233     0.00175262  -0.00161091
    1    5
  0.00175262  -0.00161091    -0.00757090   0.01182233    -0.00524169   0.00259205
  0.00269282  -0.00116621    -0.01444107   0.00598169     0.00272874  -0.00107948
 -0.00553929   0.00187358    -0.01371308  -0.00300621     0.00237838  -0.00010021
    1    6
  0.00175262   0.00161091     0.00524169   0.00259205     0.00757090   0.01182233
  0.00553929   0.00187358     0.00237838   0.00010021    -0.01371308   0.00300621
 -0.00269282  -0.00116621     0.00272874   0.00107948    -0.01444107  -0.00598169
    1    7
  0.00010021  -0.00237838     0.00187357  -0.00553929    -0.00300622  -0.01371308
  0.00259205  -0.00524169     0.00161091  -0.00175262    -0.01182233   0.00757090
 -0.00107947   0.00272875     0.00116621  -0.00269282    -0.00598168   0.01444107
    2    1
 -0.00598168  -0.01444107    -0.01182233  -0.00757090    -0.00300622   0.01371308
  0.00116621   0.00269282     0.00161091   0.00175262     0.00187357   0.00553929
 -0.00107947  -0.00272875     0.00259205   0.00524169     0.00010021   0.00237838
    2    2
  0.06238026  -0.00000000    -0.00124084   0.00124161     0.00124084   0.00124161
 -0.00124084  -0.00124161     0.01509592  -0.00000000    -0.00080249  -0.00363816
  0.00124084  -0.00124161    -0.00080249   0.00363816     0.01509592  -0.00000000
    2    3
 -0.00000001   0.04110998    -0.00297307  -0.00587383    -0.00297307   0.00587383
 -0.00297307  -0.00587383     0.00043845  -0.00273570    -0.00000000   0.00214948
 -0.00297307   0.00587383    -0.00000000   0.00214948    -0.00043845  -0.00273570
    2    4
 -0.00450259  -0.01806259     0.01170787   0.01170788     0.00642560   0.00076036
 -0.00462766  -0.00462766    -0.01806259  -0.00450260     0.00265728  -0.00027779
  0.00027779  -0.00265728    -0.00076035  -0.00642560     0.00526353   0.00526353
    2    5
 -0.01480174  -0.00522758     0.02724903   0.01113987     0.00155132   0.00912356
  0.00662606  -0.00031097    -0.01480174  -0.00522758     0.00127635  -0.00195642
 -0.00127635   0.00195642    -0.00155132  -0.00912356    -0.00218505   0.00455099
    2    6
  0.00676996  -0.01416286    -0.00535438  -0.00754828     0.01139092  -0.02714504
 -0.00228591  -0.00048088     0.00476310   0.00167298    -0.00535438  -0.00754828
  0.00490522  -0.00446544    -0.00228591  -0.00048088     0.00676996  -0.01416286
    2    7
 -0.01595600   0.00958837    -0.00508124  -0.00400593    -0.01655744   0.00000000
  0.00168255  -0.00207541     0.00744375   0.00000000    -0.00508124   0.00400593
  0.00654450   0.00000000     0.00168255   0.00207541    -0.01595600  -0.00958837
    3    1
 -0.01444107   0.00598169    -0.01371308  -0.00300621     0.00757090  -0.01182233
  0.00272874  -0.00107948     0.00237838  -0.00010021     0.00524169  -0.00259205
 -0.00269282   0.00116621     0.00553929  -0.00187358     0.00175262  -0.00161091
    3    2
 -0.00000001  -0.04110998    -0.00297307   0.00587383    -0.00297307  -0.00587383
 -0.00297307   0.00587383     0.00043845   0.00273570    -0.00000000  -0.00214948
 -0.00297307  -0.00587383    -0.00000000  -0.00214948    -0.00043845   0.00273570
    3    3
  0.06238026  -0.00000000    -0.00124084  -0.00124161     0.00124084  -0.00124161
 -0.00124084   0.00124161     0.01509592   0.00000000    -0.00080249   0.00363816
  0.00124084   0.00124161    -0.00080249  -0.00363816     0.01509592  -0.00000000
    3    4
 -0.01480174   0.00522758     0.02724903  -0.01113987     0.00155132  -0.00912356
  0.00662606   0.00031097    -0.01480174   0.00522758     0.00127635   0.00195642
 -0.00127635  -0.00195642    -0.00155132   0.00912356    -0.00218505  -0.00455099
    3    5
 -0.00450259   0.01806259     0.01170787  -0.01170788     0.00642560  -0.00076036
 -0.00462766   0.00462766    -0.01806259   0.00450260     0.00265728   0.00027779
  0.00027779   0.00265728    -0.00076035   0.00642560     0.00526353  -0.00526353
    3    6
 -0.01595600  -0.00958837    -0.00508124   0.00400593    -0.01655744  -0.00000000
  0.00168255   0.00207541     0.00744375   0.00000000    -0.00508124  -0.00400593
  0.00654450  -0.00000000     0.00168255  -0.00207541    -0.01595600   0.00958837
    3    7
  0.00676996   0.01416286    -0.00535438   0.00754828     0.01139092   0.02714504
 -0.00228591   0.00048088     0.00476310  -0.00167298    -0.00535438   0.00754828
  0.00490522   0.00446544    -0.00228591   0.00048088     0.00676996   0.01416286
    4    1
  0.00237838   0.00010021     0.00272874   0.00107948    -0.00524169  -0.00259205
 -0.01371308   0.00300621    -0.01444107  -0.00598169    -0.00757090  -0.01182233
 -0.00553929  -0.00187358     0.00269282   0.00116621     0.00175262   0.00161091
    4    2
 -0.00450259   0.01806259    -0.00462766   0.00462766     0.00027779   0.00265728
  0.01170787  -0.01170788    -0.01806259   0.00450260    -0.00076035   0.00642560
  0.00642560  -0.00076036     0.00265728   0.00027779     0.00526353  -0.00526353
    4    3
 -0.01480174  -0.00522758     0.00662606  -0.00031097    -0.00127635   0.00195642
  0.02724903   0.01113987    -0.01480174  -0.00522758    -0.00155132  -0.00912356
  0.00155132   0.00912356     0.00127635  -0.00195642    -0.00218505   0.00455099
    4    4
  0.01509592   0.00000000    -0.00124084  -0.00124161     0.00080249   0.00363816
 -0.00124084   0.00124161     0.06238026  -0.00000000    -0.00124084  -0.00124161
  0.00080249  -0.00363816    -0.00124084   0.00124161     0.01509592   0.00000000
    4    5
 -0.00273570  -0.00043845    -0.00587383   0.00297307    -0.00214948  -0.00000000
 -0.00587383   0.00297307     0.04110998   0.00000000    -0.00587383  -0.00297307
 -0.00214948  -0.00000000    -0.00587383  -0.00297307    -0.00273570   0.00043845
    4    6
  0.00526353   0.00526353     0.00265728  -0.00027779     0.00642560   0.00076036
 -0.00076035  -0.00642560    -0.01806259  -0.00450260     0.01170787   0.01170788
  0.00027779  -0.00265728    -0.00462766  -0.00462766    -0.00450259  -0.01806259
    4    7
 -0.00218505  -0.00455099     0.00127635   0.00195642     0.00155132  -0.00912356
 -0.00155132   0.00912356    -0.01480174   0.00522758     0.02724903  -0.01113987
 -0.00127635  -0.00195642     0.00662606   0.00031097    -0.01480174   0.00522758
    5    1
  0.00175262   0.00161091     0.00269282   0.00116621    -0.00553929  -0.00187358
 -0.00757090  -0.01182233    -0.01444107  -0.00598169    -0.01371308   0.00300621
 -0.00524169  -0.00259205     0.00272874   0.00107948     0.00237838   0.00010021
    5    2
 -0.01480174   0.00522758     0.00662606   0.00031097    -0.00127635  -0.00195642
  0.02724903  -0.01113987    -0.01480174   0.00522758    -0.00155132   0.00912356
  0.00155132  -0.00912356     0.00127635   0.00195642    -0.00218505  -0.00455099
    5    3
 -0.00450259  -0.01806259    -0.00462766  -0.00462766     0.00027779  -0.00265728
  0.01170787   0.01170788    -0.01806259  -0.00450260    -0.00076035  -0.00642560
  0.00642560   0.00076036     0.00265728  -0.00027779     0.00526353   0.00526353
    5    4
 -0.00273570   0.00043845    -0.00587383  -0.00297307    -0.00214948   0.00000000
 -0.00587383  -0.00297307     0.04110998  -0.00000000    -0.00587383   0.00297307
 -0.00214948   0.00000000    -0.00587383   0.00297307    -0.00273570  -0.00043845
    5    5
  0.01509592  -0.00000000    -0.00124084   0.00124161     0.00080249  -0.00363816
 -0.00124084  -0.00124161     0.06238026   0.00000000    -0.00124084   0.00124161
  0.00080249   0.00363816    -0.00124084  -0.00124161     0.01509592   0.00000000
    5    6
 -0.00218505   0.00455099     0.00127635  -0.00195642     0.00155132   0.00912356
 -0.00155132  -0.00912356    -0.01480174  -0.00522758     0.02724903   0.01113987
 -0.00127635   0.00195642     0.00662606  -0.00031097    -0.01480174  -0.00522758
    5    7
  0.00526353  -0.00526353     0.00265728   0.00027779     0.00642560  -0.00076036
 -0.00076035   0.00642560    -0.01806259   0.00450260     0.01170787  -0.01170788
  0.00027779   0.00265728    -0.00462766   0.00462766    -0.00450259   0.01806259
    6    1
  0.00175262  -0.00161091     0.00553929  -0.00187358    -0.00269282   0.00116621
  0.00524169  -0.00259205     0.00237838  -0.00010021     0.00272874  -0.00107948
  0.00757090  -0.01182233    -0.01371308  -0.00300621    -0.01444107   0.00598169
    6    2
  0.00676996   0.01416286    -0.00228591   0.00048088     0.00490522   0.00446544
 -0.00535438   0.00754828     0.00476310  -0.00167298    -0.00228591   0.00048088
  0.01139092   0.02714504    -0.00535438   0.00754828     0.00676996   0.01416286
    6    3
 -0.01595600   0.00958837     0.00168255  -0.00207541     0.00654450   0.00000000
 -0.00508124  -0.00400593     0.00744375   0.00000000     0.00168255   0.00207541
 -0.01655744  -0.00000000    -0.00508124   0.00400593    -0.01595600  -0.00958837
    6    4
  0.00526353  -0.00526353    -0.00076035   0.00642560     0.00027779   0.00265728
  0.00265728   0.00027779    -0.01806259   0.00450260    -0.00462766   0.00462766
  0.00642560  -0.00076036     0.01170787  -0.01170788    -0.00450259   0.01806259
    6    5
 -0.00218505  -0.00455099    -0.00155132   0.00912356    -0.00127635  -0.00195642
  0.00127635   0.00195642    -0.01480174   0.00522758     0.00662606   0.00031097
  0.00155132  -0.00912356     0.02724903  -0.01113987    -0.01480174   0.00522758
    6    6
  0.01509592   0.00000000    -0.00080249  -0.00363816     0.00124084   0.00124161
 -0.00080249   0.00363816     0.01509592  -0.00000000    -0.00124084   0.00124161
  0.00124084  -0.00124161    -0.00124084  -0.00124161     0.06238026  -0.00000000
    6    7
 -0.00043845   0.00273570    -0.00000000  -0.00214948    -0.00297307  -0.00587383
 -0.00000000  -0.00214948     0.00043845   0.00273570    -0.00297307   0.00587383
 -0.00297307  -0.00587383    -0.00297307   0.00587383    -0.00000001  -0.04110998
    7    1
  0.00010021   0.00237838     0.00259205   0.00524169    -0.00107947  -0.00272875
  0.00187357   0.00553929     0.00161091   0.00175262     0.00116621   0.00269282
 -0.00300622   0.01371308    -0.01182233  -0.00757090    -0.00598168  -0.01444107
    7    2
 -0.01595600  -0.00958837     0.00168255   0.00207541     0.00654450  -0.00000000
 -0.00508124   0.00400593     0.00744375  -0.00000000     0.00168255  -0.00207541
 -0.01655744   0.00000000    -0.00508124  -0.00400593    -0.01595600   0.00958837
    7    3
  0.00676996  -0.01416286    -0.00228591  -0.00048088     0.00490522  -0.00446544
 -0.00535438  -0.00754828     0.00476310   0.00167298    -0.00228591  -0.00048088
  0.01139092  -0.02714504    -0.00535438  -0.00754828     0.00676996  -0.01416286
    7    4
 -0.00218505   0.00455099    -0.00155132  -0.00912356    -0.00127635   0.00195642
  0.00127635  -0.00195642    -0.01480174  -0.00522758     0.00662606  -0.00031097
  0.00155132   0.00912356     0.02724903   0.01113987    -0.01480174  -0.00522758
    7    5
  0.00526353   0.00526353    -0.00076035  -0.00642560     0.00027779  -0.00265728
  0.00265728  -0.00027779    -0.01806259  -0.00450260    -0.00462766  -0.00462766
  0.00642560   0.00076036     0.01170787   0.01170788    -0.00450259  -0.01806259
    7    6
 -0.00043845  -0.00273570    -0.00000000   0.00214948    -0.00297307   0.00587383
 -0.00000000   0.00214948     0.00043845  -0.00273570    -0.00297307  -0.00587383
 -0.00297307   0.00587383    -0.00297307  -0.00587383    -0.00000001   0.04110998
    7    7
  0.01509592  -0.00000000    -0.00080249   0.00363816     0.00124084  -0.00124161
 -0.00080249  -0.00363816     0.01509592  -0.00000000    -0.00124084  -0.00124161
  0.00124084   0.00124161    -0.00124084   0.00124161     0.06238026  -0.00000000

     Dynamical  Matrix in cartesian axes

     q = (   -0.216506400   0.216506400   0.216506400 ) 

    1    1
  0.01820216   0.00000000     0.00369529   0.00000000     0.00369529   0.00000000
  0.00369529   0.00000000     0.01820216  -0.00000000    -0.00369529   0.00000000
  0.00369529   0.00000000    -0.00369529  -0.00000000     0.01820216  -0.00000000
    1    2
 -0.01444107   0.00598169     0.00269282  -0.00116621     0.00272874  -0.00107948
 -0.00757090   0.01182233     0.00175262  -0.00161091    -0.00524169   0.00259205
 -0.01371308  -0.00300621    -0.00553929   0.00187358     0.00237838  -0.00010021
    1    3
 -0.01444107   0.00598169     0.00272874  -0.00107948     0.00269282  -0.00116621
 -0.01371308  -0.00300621     0.00237838  -0.00010021    -0.00553929   0.00187358
 -0.00757090   0.01182233    -0.00524169   0.00259205     0.00175262  -0.00161091
    1    4
  0.00237838   0.00010021    -0.01371308   0.00300621     0.00553929   0.00187358
  0.00272874   0.00107948    -0.01444107  -0.00598169    -0.00269282  -0.00116621
  0.00524169   0.00259205     0.00757090   0.01182233     0.00175262   0.00161091
    1    5
  0.00161091  -0.00175262    -0.01182233   0.00757090     0.00259205  -0.00524169
  0.00116621  -0.00269282    -0.00598168   0.01444107    -0.00107947   0.00272875
  0.00187357  -0.00553929    -0.00300622  -0.01371308     0.00010021  -0.00237838
    1    6
  0.00161091  -0.00175262     0.00259205  -0.00524169    -0.01182233   0.00757090
  0.00187357  -0.00553929     0.00010021  -0.00237838    -0.00300622  -0.01371308
  0.00116621  -0.00269282    -0.00107947   0.00272875    -0.00598168   0.01444107
    1    7
  0.00237838   0.00010021     0.00553929   0.00187358    -0.01371308   0.00300621
  0.00524169   0.00259205     0.00175262   0.00161091     0.00757090   0.01182233
  0.00272874   0.00107948    -0.00269282  -0.00116621    -0.01444107  -0.00598169
    2    1
 -0.01444107  -0.00598169    -0.00757090  -0.01182233    -0.01371308   0.00300621
  0.00269282   0.00116621     0.00175262   0.00161091    -0.00553929  -0.00187358
  0.00272874   0.00107948    -0.00524169  -0.00259205     0.00237838   0.00010021
    2    2
  0.06238026   0.00000000    -0.00124084  -0.00124161    -0.00124084   0.00124161
 -0.00124084   0.00124161     0.01509592  -0.00000000     0.00080249  -0.00363816
 -0.00124084  -0.00124161     0.00080249   0.00363816     0.01509592  -0.00000000
    2    3
  0.04110998  -0.00000000    -0.00587383  -0.00297307    -0.00587383   0.00297307
 -0.00587383  -0.00297307    -0.00273570   0.00043845    -0.00214948   0.00000000
 -0.00587383   0.00297307    -0.00214948   0.00000000    -0.00273570  -0.00043845
    2    4
 -0.01806259  -0.00450260     0.01170787   0.01170788    -0.00076035  -0.00642560
 -0.00462766  -0.00462766    -0.00450259  -0.01806259     0.00027779  -0.00265728
  0.00265728  -0.00027779     0.00642560   0.00076036     0.00526353   0.00526353
    2    5
 -0.01480174   0.00522758     0.02724903  -0.01113987    -0.00155132   0.00912356
  0.00662606   0.00031097    -0.01480174   0.00522758    -0.00127635  -0.00195642
  0.00127635   0.00195642     0.00155132  -0.00912356    -0.00218505  -0.00455099
    2    6
 -0.01806259   0.00450260    -0.00076035   0.00642560     0.01170787  -0.01170788
  0.00265728   0.00027779     0.00526353  -0.00526353     0.00642560  -0.00076036
 -0.00462766   0.00462766     0.00027779   0.00265728    -0.00450259   0.01806259
    2    7
 -0.01480174  -0.00522758    -0.00155132  -0.00912356     0.02724903   0.01113987
  0.00127635  -0.00195642    -0.00218505   0.00455099     0.00155132   0.00912356
  0.00662606  -0.00031097    -0.00127635   0.00195642    -0.01480174  -0.00522758
    3    1
 -0.01444107  -0.00598169    -0.01371308   0.00300621    -0.00757090  -0.01182233
  0.00272874   0.00107948     0.00237838   0.00010021    -0.00524169  -0.00259205
  0.00269282   0.00116621    -0.00553929  -0.00187358     0.00175262   0.00161091
    3    2
  0.04110998   0.00000000    -0.00587383   0.00297307    -0.00587383  -0.00297307
 -0.00587383   0.00297307    -0.00273570  -0.00043845    -0.00214948  -0.00000000
 -0.00587383  -0.00297307    -0.00214948  -0.00000000    -0.00273570   0.00043845
    3    3
  0.06238026  -0.00000000    -0.00124084   0.00124161    -0.00124084  -0.00124161
 -0.00124084  -0.00124161     0.01509592   0.00000000     0.00080249   0.00363816
 -0.00124084   0.00124161     0.00080249  -0.00363816     0.01509592  -0.00000000
    3    4
 -0.01480174  -0.00522758     0.02724903   0.01113987    -0.00155132  -0.00912356
  0.00662606  -0.00031097    -0.01480174  -0.00522758    -0.00127635   0.00195642
  0.00127635  -0.00195642     0.00155132   0.00912356    -0.00218505   0.00455099
    3    5
 -0.01806259   0.00450260     0.01170787  -0.01170788    -0.00076035   0.00642560
 -0.00462766   0.00462766    -0.00450259   0.01806259     0.00027779   0.00265728
  0.00265728   0.00027779     0.00642560  -0.00076036     0.00526353  -0.00526353
    3    6
 -0.01480174   0.00522758    -0.00155132   0.00912356     0.02724903  -0.01113987
  0.00127635   0.00195642    -0.00218505  -0.00455099     0.00155132  -0.00912356
  0.00662606   0.00031097    -0.00127635  -0.00195642    -0.01480174   0.00522758
    3    7
 -0.01806259  -0.00450260    -0.00076035  -0.00642560     0.01170787   0.01170788
  0.00265728  -0.00027779     0.00526353   0.00526353     0.00642560   0.00076036
 -0.00462766  -0.00462766     0.00027779  -0.00265728    -0.00450259  -0.01806259
    4    1
  0.00237838  -0.00010021     0.00272874  -0.00107948     0.00524169  -0.00259205
 -0.01371308  -0.00300621    -0.01444107   0.00598169     0.00757090  -0.01182233
  0.00553929  -0.00187358    -0.00269282   0.00116621     0.00175262  -0.00161091
    4    2
 -0.01806259   0.00450260    -0.00462766   0.00462766     0.00265728   0.00027779
  0.01170787  -0.01170788    -0.00450259   0.01806259     0.00642560  -0.00076036
 -0.00076035   0.00642560     0.00027779   0.00265728     0.00526353  -0.00526353
    4    3
 -0.01480174   0.00522758     0.00662606   0.00031097     0.00127635   0.00195642
  0.02724903  -0.01113987    -0.01480174   0.00522758     0.00155132  -0.00912356
 -0.00155132   0.00912356    -0.00127635  -0.00195642    -0.00218505  -0.00455099
    4    4
  0.01509592   0.00000000    -0.00124084   0.00124161    -0.00080249   0.00363816
 -0.00124084  -0.00124161     0.06238026  -0.00000000     0.00124084  -0.00124161
 -0.00080249  -0.00363816     0.00124084   0.00124161     0.01509592   0.00000000
    4    5
  0.00043845   0.00273570    -0.00297307   0.00587383    -0.00000000  -0.00214948
 -0.00297307   0.00587383    -0.00000001  -0.04110998    -0.00297307  -0.00587383
 -0.00000000  -0.00214948    -0.00297307  -0.00587383    -0.00043845   0.00273570
    4    6
  0.00476310  -0.00167298    -0.00228591   0.00048088    -0.00535438   0.00754828
 -0.00535438   0.00754828     0.00676996   0.01416286     0.01139092   0.02714504
 -0.00228591   0.00048088     0.00490522   0.00446544     0.00676996   0.01416286
    4    7
  0.00744375  -0.00000000     0.00168255   0.00207541    -0.00508124  -0.00400593
 -0.00508124   0.00400593    -0.01595600  -0.00958837    -0.01655744   0.00000000
  0.00168255  -0.00207541     0.00654450  -0.00000000    -0.01595600   0.00958837
    5    1
  0.00161091   0.00175262     0.00116621   0.00269282     0.00187357   0.00553929
 -0.01182233  -0.00757090    -0.00598168  -0.01444107    -0.00300622   0.01371308
  0.00259205   0.00524169    -0.00107947  -0.00272875     0.00010021   0.00237838
    5    2
 -0.01480174  -0.00522758     0.00662606  -0.00031097     0.00127635  -0.00195642
  0.02724903   0.01113987    -0.01480174  -0.00522758     0.00155132   0.00912356
 -0.00155132  -0.00912356    -0.00127635   0.00195642    -0.00218505   0.00455099
    5    3
 -0.01806259  -0.00450260    -0.00462766  -0.00462766     0.00265728  -0.00027779
  0.01170787   0.01170788    -0.00450259  -0.01806259     0.00642560   0.00076036
 -0.00076035  -0.00642560     0.00027779  -0.00265728     0.00526353   0.00526353
    5    4
  0.00043845  -0.00273570    -0.00297307  -0.00587383    -0.00000000   0.00214948
 -0.00297307  -0.00587383    -0.00000001   0.04110998    -0.00297307   0.00587383
 -0.00000000   0.00214948    -0.00297307   0.00587383    -0.00043845  -0.00273570
    5    5
  0.01509592  -0.00000000    -0.00124084  -0.00124161    -0.00080249  -0.00363816
 -0.00124084   0.00124161     0.06238026  -0.00000000     0.00124084   0.00124161
 -0.00080249   0.00363816     0.00124084  -0.00124161     0.01509592   0.00000000
    5    6
  0.00744375   0.00000000     0.00168255  -0.00207541    -0.00508124   0.00400593
 -0.00508124  -0.00400593    -0.01595600   0.00958837    -0.01655744  -0.00000000
  0.00168255   0.00207541     0.00654450   0.00000000    -0.01595600  -0.00958837
    5    7
  0.00476310   0.00167298    -0.00228591  -0.00048088    -0.00535438  -0.00754828
 -0.00535438  -0.00754828     0.00676996  -0.01416286     0.01139092  -0.02714504
 -0.00228591  -0.00048088     0.00490522  -0.00446544     0.00676996  -0.01416286
    6    1
  0.00161091   0.00175262     0.00187357   0.00553929     0.00116621   0.00269282
  0.00259205   0.00524169     0.00010021   0.00237838    -0.00107947  -0.00272875
 -0.01182233  -0.00757090    -0.00300622   0.01371308    -0.00598168  -0.01444107
    6    2
 -0.01806259  -0.00450260     0.00265728  -0.00027779    -0.00462766  -0.00462766
 -0.00076035  -0.00642560     0.00526353   0.00526353     0.00027779  -0.00265728
  0.01170787   0.01170788     0.00642560   0.00076036    -0.00450259  -0.01806259
    6    3
 -0.01480174  -0.00522758     0.00127635  -0.00195642     0.00662606  -0.00031097
 -0.00155132  -0.00912356    -0.00218505   0.00455099    -0.00127635   0.00195642
  0.02724903   0.01113987     0.00155132   0.00912356    -0.01480174  -0.00522758
    6    4
  0.00476310   0.00167298    -0.00535438  -0.00754828    -0.00228591  -0.00048088
 -0.00228591  -0.00048088     0.00676996  -0.01416286     0.00490522  -0.00446544
 -0.00535438  -0.00754828     0.01139092  -0.02714504     0.00676996  -0.01416286
    6    5
  0.00744375  -0.00000000    -0.00508124   0.00400593     0.00168255  -0.00207541
  0.00168255   0.00207541    -0.01595600  -0.00958837     0.00654450  -0.00000000
 -0.00508124  -0.00400593    -0.01655744   0.00000000    -0.01595600   0.00958837
    6    6
  0.01509592   0.00000000    -0.00080249  -0.00363816    -0.00124084  -0.00124161
 -0.00080249   0.00363816     0.01509592  -0.00000000     0.00124084  -0.00124161
 -0.00124084   0.00124161     0.00124084   0.00124161     0.06238026  -0.00000000
    6    7
  0.00043845  -0.00273570    -0.00000000   0.00214948    -0.00297307  -0.00587383
 -0.00000000   0.00214948    -0.00043845  -0.00273570    -0.00297307   0.00587383
 -0.00297307  -0.00587383    -0.00297307   0.00587383    -0.00000001   0.04110998
    7    1
  0.00237838  -0.00010021     0.00524169  -0.00259205     0.00272874  -0.00107948
  0.00553929  -0.00187358     0.00175262  -0.00161091    -0.00269282   0.00116621
 -0.01371308  -0.00300621     0.00757090  -0.01182233    -0.01444107   0.00598169
    7    2
 -0.01480174   0.00522758     0.00127635   0.00195642     0.00662606   0.00031097
 -0.00155132   0.00912356    -0.00218505  -0.00455099    -0.00127635  -0.00195642
  0.02724903  -0.01113987     0.00155132  -0.00912356    -0.01480174   0.00522758
    7    3
 -0.01806259   0.00450260     0.00265728   0.00027779    -0.00462766   0.00462766
 -0.00076035   0.00642560     0.00526353  -0.00526353     0.00027779   0.00265728
  0.01170787  -0.01170788     0.00642560  -0.00076036    -0.00450259   0.01806259
    7    4
  0.00744375   0.00000000    -0.00508124  -0.00400593     0.00168255   0.00207541
  0.00168255  -0.00207541    -0.01595600   0.00958837     0.00654450   0.00000000
 -0.00508124   0.00400593    -0.01655744  -0.00000000    -0.01595600  -0.00958837
    7    5
  0.00476310  -0.00167298    -0.00535438   0.00754828    -0.00228591   0.00048088
 -0.00228591   0.00048088     0.00676996   0.01416286     0.00490522   0.00446544
 -0.00535438   0.00754828     0.01139092   0.02714504     0.00676996   0.01416286
    7    6
  0.00043845   0.00273570    -0.00000000  -0.00214948    -0.00297307   0.00587383
 -0.00000000  -0.00214948    -0.00043845   0.00273570    -0.00297307  -0.00587383
 -0.00297307   0.00587383    -0.00297307  -0.00587383    -0.00000001  -0.04110998
    7    7
  0.01509592   0.00000000    -0.00080249   0.00363816    -0.00124084   0.00124161
 -0.00080249  -0.00363816     0.01509592   0.00000000     0.00124084   0.00124161
 -0.00124084  -0.00124161     0.00124084  -0.00124161     0.06238026  -0.00000000

     Dynamical  Matrix in cartesian axes

     q = (   -0.216506400  -0.216506400  -0.216506400 ) 

    1    1
  0.01820216  -0.00000000    -0.00369529  -0.00000000    -0.00369529  -0.00000000
 -0.00369529  -0.00000000     0.01820216  -0.00000000    -0.00369529  -0.00000000
 -0.00369529  -0.00000000    -0.00369529  -0.00000000     0.01820216  -0.00000000
    1    2
 -0.00598168  -0.01444107    -0.00116621  -0.00269282    -0.00107947  -0.00272875
  0.01182233   0.00757090     0.00161091   0.00175262    -0.00259205  -0.00524169
 -0.00300622   0.01371308    -0.00187357  -0.00553929     0.00010021   0.00237838
    1    3
 -0.00598168  -0.01444107    -0.00107947  -0.00272875    -0.00116621  -0.00269282
 -0.00300622   0.01371308     0.00010021   0.00237838    -0.00187357  -0.00553929
  0.01182233   0.00757090    -0.00259205  -0.00524169     0.00161091   0.00175262
    1    4
  0.00010021   0.00237838    -0.00300622   0.01371308    -0.00187357  -0.00553929
 -0.00107947  -0.00272875    -0.00598168  -0.01444107    -0.00116621  -0.00269282
 -0.00259205  -0.00524169     0.01182233   0.00757090     0.00161091   0.00175262
    1    5
  0.00161091   0.00175262     0.01182233   0.00757090    -0.00259205  -0.00524169
 -0.00116621  -0.00269282    -0.00598168  -0.01444107    -0.00107947  -0.00272875
 -0.00187357  -0.00553929    -0.00300622   0.01371308     0.00010021   0.00237838
    1    6
  0.00161091   0.00175262    -0.00259205  -0.00524169     0.01182233   0.00757090
 -0.00187357  -0.00553929     0.00010021   0.00237838    -0.00300622   0.01371308
 -0.00116621  -0.00269282    -0.00107947  -0.00272875    -0.00598168  -0.01444107
    1    7
  0.00010021   0.00237838    -0.00187357  -0.00553929    -0.00300622   0.01371308
 -0.00259205  -0.00524169     0.00161091   0.00175262     0.01182233   0.00757090
